data/validation/pwv_sim_epoch_fit_seasonal/19867367.ecsv
# %ECSV 0.9
# ---
# datatype:
# - {name: time, datatype: float64}
# - {name: band, datatype: string}
# - {name: flux, datatype: float64}
# - {name: fluxerr, datatype: float64}
# - {name: zp, datatype: float64}
# - {name: zpsys, datatype: string}
# - {name: pwv, datatype: float64}
# - {name: airmass, datatype: float64}
# meta: {SNID: '19867367', alt: 1024.0, c: 0.04011670500040054, dec: -44.003082, lat: -30.244573, lon: -70.7499537, ra: 116.265305, t0: 61000.15625,
#   x0: 1.474963366861167e-05, x1: 0.6073603630065918, z: 0.39075854420661926}
# schema: astropy-2.0
time band flux fluxerr zp zpsys pwv airmass
[from data line 133]
61429.186 lsst_hardware_r 20.9502708480018 77.05999755859375 31.65999984741211 AB 11.724647006112198 1.0307381983395338
61429.1988 lsst_hardware_z -24.33537654819939 57.599998474121094 30.979999542236328 AB 11.813654051394288 1.0356797824132924
61431.1794 lsst_hardware_y -57.882563878427966 49.06999969482422 30.059999465942383 AB 14.416813343937653 1.0305084591806777
61431.1932 lsst_hardware_r -50.05998736819707 53.31999969482422 31.639999389648438 AB 14.47014096610734 1.0356033899117807
61433.1803 lsst_hardware_i 16.61125323156012 36.68000030517578 31.280000686645508 AB 11.05142454655027 1.032232436864493
61433.1917 lsst_hardware_z -37.808052090746045 43.72999954223633 30.959999084472656 AB 11.104553099329268 1.0380027200719075
61435.1727 lsst_hardware_r 41.71255853941939 22.559999465942383 31.5 AB 12.63991520791554 1.0315350885800416
61435.1848 lsst_hardware_g 13.797932722974924 15.649999618530273 31.479999542236328 AB 12.777903283502722 1.0370832954713678
61437.1753 lsst_hardware_r 8.916630232451059 21.469999313354492 31.489999771118164 AB 11.871728416282904 1.0347987288108873
61437.1873 lsst_hardware_i 34.63411351369821 29.670000076293945 31.25 AB 11.869031004509951 1.0428812059142387
61439.1737 lsst_hardware_z 18.86641197764527 40.68000030517578 30.950000762939453 AB 9.535417759037188 1.0369750610217614
61439.1872 lsst_hardware_i -38.62309473507488 29.780000686645508 31.25 AB 9.55129196587111 1.0477694815838132
61441.1574 lsst_hardware_r -0.7189285801744804 21.510000228881836 31.5 AB 6.546565316192191 1.031876002131898
61441.1708 lsst_hardware_u -0.3509186894615355 2.6700000762939453 28.479999542236328 AB 7.20920118499878 1.0386401361473534
61444.1594 lsst_hardware_g -14.942172057387413 12.710000038146973 31.3799991607666 AB 8.97958245594641 1.0365840914206261
61444.1715 lsst_hardware_r 7.7765639039687 21.520000457763672 31.479999542236328 AB 9.440526757930872 1.0458099875851194
61446.1579 lsst_hardware_i 0.38549130747949273 29.729999542236328 31.260000228881836 AB 3.620276342278769 1.0391646200867155
61446.1703 lsst_hardware_z -19.064043027237542 40.880001068115234 30.950000762939453 AB 3.4145070939893736 1.0500252454480161
61449.1543 lsst_hardware_r 2.057533848421027 21.450000762939453 31.479999542236328 AB 3.8305844449182382 1.042690560032203
61449.167 lsst_hardware_g 12.620654878184801 12.800000190734863 31.389999389648438 AB 4.294837966919305 1.0555020808354254
61451.1513 lsst_hardware_r 28.588800011839037 28.030000686645508 31.559999465942383 AB 2.9289777034544096 1.0448196326234034
61451.1636 lsst_hardware_i 6.046810426172916 33.0 31.270000457763672 AB 2.8786897048684654 1.0580176556943823
61453.1404 lsst_hardware_z 21.592085705012824 47.4900016784668 30.959999084472656 AB 3.1817080473725254 1.0403405059529134
61453.1531 lsst_hardware_i 15.842122570739802 44.560001373291016 31.299999237060547 AB 3.304434571846734 1.0520884813521043
61455.1491 lsst_hardware_z 26.77569198685163 79.97000122070312 31.729999542236328 AB 3.1942160289347505 1.0537330203215582
61457.1407 lsst_hardware_r 12.816890621272645 90.58999633789062 31.65999984741211 AB 5.327733113268094 1.0504896049822072
61457.152 lsst_hardware_i 64.83886424960846 70.13999938964844 31.329999923706055 AB 5.447643919956285 1.0643394177706842
61459.1513 lsst_hardware_z -25.192972048099698 76.68000030517578 31.729999542236328 AB 8.374469899441909 1.0713150696483724
61463.0796 lsst_hardware_u -0.030451241725536322 2.6500000953674316 28.469999313354492 AB 8.056760238538038 1.030210375108737
61463.091 lsst_hardware_r -5.107559455388207 21.350000381469727 31.479999542236328 AB 6.800772320542007 1.0303419923554287
61465.0847 lsst_hardware_i 59.58857088211681 29.459999084472656 31.25 AB 4.156411126716333 1.0302171586854214
61465.0986 lsst_hardware_z 96.54687118835413 40.41999816894531 30.950000762939453 AB 4.1643447340522215 1.0346840757940794
61467.0799 lsst_hardware_r -5.55924924250484 21.3700008392334 31.479999542236328 AB 6.480596274854834 1.0303151247136026
61467.091 lsst_hardware_u 0.01626003159082926 2.559999942779541 28.389999389648438 AB 6.029367793996662 1.0336649741122341
61469.0725 lsst_hardware_g -20.00552157392045 12.630000114440918 31.3799991607666 AB 11.021668029489936 1.0300624326626109
61469.0873 lsst_hardware_r -22.094299307807276 21.389999389648438 31.479999542236328 AB 10.699105931769427 1.0344963352985554
61471.0709 lsst_hardware_i -42.66551737836309 29.5 31.25 AB 6.68385742935469 1.0306642142412783
61471.0832 lsst_hardware_z -39.167203664587625 40.540000915527344 30.950000762939453 AB 6.685983046010065 1.035195558321129
61473.0708 lsst_hardware_r -6.692013765240107 21.190000534057617 31.469999313354492 AB 11.214893355966845 1.0321482990758446
61473.0851 lsst_hardware_g -8.571786603086395 12.550000190734863 31.360000610351562 AB 10.652094770773047 1.0398374434569628
61475.0707 lsst_hardware_r 86.43553995559762 30.260000228881836 32.2400016784668 AB 7.4200325378165335 1.0343911530413383
61475.085 lsst_hardware_i 3.861368285556316 41.88999938964844 32.0 AB 7.9327301515789035 1.0441466503482235
61478.0736 lsst_hardware_z -7.2490709467217345 57.56999969482422 31.690000534057617 AB 13.536301627202784 1.0414742831908892
61478.0884 lsst_hardware_i 0.04486186151124813 42.04999923706055 31.989999771118164 AB 13.631246566235047 1.0562149868263992
61480.0459 lsst_hardware_r 10.89335832319503 31.760000228881836 31.579999923706055 AB 8.016633573688054 1.0305812082517185
61480.0611 lsst_hardware_z 25.51001343329127 42.68000030517578 30.950000762939453 AB 8.082596857803404 1.0365958328645875
61482.0599 lsst_hardware_r -50.47559870238853 48.61000061035156 31.6299991607666 AB 7.13280906199305 1.039389298651082
61482.0743 lsst_hardware_i 9.465158795219061 44.060001373291016 31.299999237060547 AB 7.258752887046216 1.0525270625746708
61486.0353 lsst_hardware_i 50.657666219461525 66.83000183105469 31.34000015258789 AB 5.248141085559188 1.0321504691672718
61486.0495 lsst_hardware_z 4.083755071598408 60.689998626708984 30.989999771118164 AB 4.078656653727735 1.039766312133175
61488.0391 lsst_hardware_r 39.88823796977624 68.87999725341797 31.65999984741211 AB 4.9306539865533345 1.0365049372615798
61488.0554 lsst_hardware_g -113.26097748022521 77.66999816894531 31.729999542236328 AB 4.3925917535556 1.049812807063644
61491.0229 lsst_hardware_r -13.239080732992091 30.40999984741211 32.25 AB 5.661614166664419 1.032607380611804
61491.0363 lsst_hardware_i 75.55613008178958 42.060001373291016 32.0099983215332 AB 5.710841330255826 1.0400998051704442
61493.0297 lsst_hardware_z 52.110793413520405 40.65999984741211 30.959999084472656 AB 6.75529086817411 1.0392755181806324
61493.0426 lsst_hardware_i -21.35423532696342 29.81999969482422 31.260000228881836 AB 7.116839577882857 1.0507145046086734
61495.0165 lsst_hardware_u -0.695921345940598 2.6700000762939453 28.479999542236328 AB 6.170524293227323 1.0345995741054614
61495.0303 lsst_hardware_g 4.814648607777588 12.859999656677246 31.40999984741211 AB 6.208938567205763 1.0440747569640678
61498.0176 lsst_hardware_r -20.523687447431506 21.43000030517578 31.479999542236328 AB 6.486956115916365 1.040409962456514
61498.0311 lsst_hardware_i 36.808862787050046 29.770000457763672 31.25 AB 6.716810299086716 1.053080437280871
61502.016 lsst_hardware_g 4.746648435158438 12.720000267028809 31.3799991607666 AB 11.196740526022468 1.0486130421149256
61502.0305 lsst_hardware_r 32.503886226727175 21.540000915527344 31.479999542236328 AB 11.394290152989754 1.0662986963727448
61504.0138 lsst_hardware_i -23.586035911511214 29.670000076293945 31.25 AB 8.499932701627433 1.0520586725341323
61504.0262 lsst_hardware_z 18.406320039841145 40.90999984741211 30.950000762939453 AB 8.607783372273886 1.0679852816154864
