data/validation/pwv_sim_epoch_fit_seasonal/19908697.ecsv
# %ECSV 0.9
# ---
# datatype:
# - {name: time, datatype: float64}
# - {name: band, datatype: string}
# - {name: flux, datatype: float64}
# - {name: fluxerr, datatype: float64}
# - {name: zp, datatype: float64}
# - {name: zpsys, datatype: string}
# - {name: pwv, datatype: float64}
# - {name: airmass, datatype: float64}
# meta: {SNID: '19908697', alt: 1024.0, c: -0.0992884635925293, dec: -52.029728, lat: -30.244573, lon: -70.7499537, ra: 323.161774, t0: 59827.375,
#   x0: 8.838046880293361e-06, x1: 0.7971869111061096, z: 0.48407331109046936}
# schema: astropy-2.0
time band flux fluxerr zp zpsys pwv airmass
59842.144 lsst_hardware_u 4.301819646436922 2.989426685493903 28.40999984741211 AB 7.8036971908821195 1.102333890014072
59842.1553 lsst_hardware_g 478.8976499595931 25.98719674791944 31.389999389648438 AB 7.836049826702897 1.1172145605811632
59844.1458 lsst_hardware_r 1778.715672416683 47.75751110821603 31.479999542236328 AB 3.7735941336663235 1.1114879262658226
59844.1574 lsst_hardware_z 1101.2117066490466 53.25081614559998 30.940000534057617 AB 3.8267639740550563 1.129199785788494
59846.1434 lsst_hardware_r 1552.71474727088 45.33554581923542 31.469999313354492 AB 3.9297095020498802 1.1157871903224703
59846.1551 lsst_hardware_u 10.581511491950788 3.3947878012907697 28.260000228881836 AB 3.992297490916682 1.1347126928233109
59853.0564 lsst_hardware_g 188.4034558235926 22.732448601107023 31.5 AB 6.2020473154022575 1.0778671038237806
59853.0696 lsst_hardware_r 992.012089382096 39.78910733376582 31.510000228881836 AB 6.161455948710767 1.0762055163536608
59855.055 lsst_hardware_i 1108.7206355726303 50.83977237007209 31.290000915527344 AB 3.22854922899636 1.0769010103392358
59855.067 lsst_hardware_z 720.1444376288374 53.33759911154451 30.959999084472656 AB 3.080682512104542 1.076408983963851
59860.0541 lsst_hardware_i 972.5531515542459 75.89676804879808 31.31999969482422 AB 5.213478289601235 1.0764976852357127
59860.0662 lsst_hardware_r 776.1264280426859 92.00779156609865 31.649999618530273 AB 5.73969852566554 1.0798040684151722
59862.1314 lsst_hardware_z 773.2174940984348 67.32867205883451 30.969999313354492 AB 3.743686027612779 1.176889666020993
59862.1421 lsst_hardware_r 547.6546282497402 90.37636996873901 31.6200008392334 AB 3.783705993574748 1.2050978560633006
59864.1366 lsst_hardware_i 725.2201882782992 59.93684079305852 31.290000915527344 AB 7.248812091817988 1.2049889884996934
59864.1481 lsst_hardware_z 693.859701027215 60.18887925026485 30.950000762939453 AB 7.50010062147787 1.2401985318690576
59867.0786 lsst_hardware_i 568.9460938375762 39.15897692805066 31.229999542236328 AB 6.527245561707456 1.105781781919551
59867.0893 lsst_hardware_z 661.6592627565971 48.88922074266586 30.940000534057617 AB 6.947964298773503 1.1206394030279843
59869.081 lsst_hardware_i 524.3531806370564 38.93274852135768 31.239999771118164 AB 7.283653036084163 1.1163827266260915
59869.0921 lsst_hardware_u -0.29700853605251104 2.7810879490579103 28.3799991607666 AB 7.812126915204885 1.1343706269582556
59871.0803 lsst_hardware_g 70.79337647806508 16.225304614402514 31.40999984741211 AB 4.240022367677532 1.1236560237656363
59871.092 lsst_hardware_r 322.7186848791633 29.16677654022719 31.479999542236328 AB 4.832741099721107 1.1443857683450687
59875.0792 lsst_hardware_u 1.7875106522989943 3.4103504128622766 28.399999618530273 AB 4.989197657445436 1.140779160270969
59875.0903 lsst_hardware_g 63.895440329828716 16.017091032576936 31.3799991607666 AB 6.2274224441819 1.1637504178245506
60083.415 lsst_hardware_i -22.72640911280661 99.6500015258789 31.34000015258789 AB 10.38682886784961 1.0822995590131927
60083.4275 lsst_hardware_y -122.2990367541369 134.16000366210938 30.06999969482422 AB 9.586037697036698 1.077324982809249
60094.4176 lsst_hardware_r -64.4277797690391 88.83999633789062 31.649999618530273 AB 13.731379303563948 1.077393432998348
60094.4306 lsst_hardware_y -354.83250239011 133.91000366210938 30.06999969482422 AB 13.783013771557311 1.082740334378691
60101.3926 lsst_hardware_i 14.117003871906407 99.58000183105469 31.329999923706055 AB 4.775376502504915 1.0763433138628657
60101.4077 lsst_hardware_z -126.45003102653027 123.45999908447266 31.0 AB 4.772393470258333 1.0807458321022834
60119.1596 lsst_hardware_r 52.936767731791065 117.41999816894531 32.2599983215332 AB 5.768429619687086 1.6045329370261476
60119.1753 lsst_hardware_i 378.6935977831481 135.1999969482422 32.0 AB 5.595478363378551 1.4931229788868303
60124.3047 lsst_hardware_z -145.49265458972894 123.5199966430664 31.0 AB 2.0660682790876734 1.081428044536949
60124.3178 lsst_hardware_r 27.298592125539617 88.79000091552734 31.649999618530273 AB 2.131874335087173 1.076840174308544
60126.3427 lsst_hardware_i 28.02051414001671 99.51000213623047 31.329999923706055 AB 9.327498971194352 1.0824322346317645
60126.3563 lsst_hardware_z -164.0239947588702 123.33999633789062 31.0 AB 9.414242068769433 1.092392906564102
60127.3385 lsst_hardware_r 115.00221030226972 88.68000030517578 31.649999618530273 AB 7.488890561329097 1.0816364972311054
60127.3503 lsst_hardware_z -45.240602621927394 123.4000015258789 31.0 AB 7.575200533715167 1.0895649814764712
60131.388 lsst_hardware_z 188.15954882446508 173.72000122070312 31.739999771118164 AB 5.726602909461075 1.162290016127679
60133.2959 lsst_hardware_r -32.76175905940619 88.62999725341797 31.639999389648438 AB 1.4222263070574768 1.0764248303178632
60133.3085 lsst_hardware_z -172.090381297662 123.41999816894531 31.0 AB 1.4122480446227723 1.0768189436697124
60138.2988 lsst_hardware_r -63.985159324576294 88.8499984741211 31.649999618530273 AB 6.574246134379888 1.0777452679311292
60138.3113 lsst_hardware_i 4.675402489212886 99.62999725341797 31.34000015258789 AB 6.607633201226408 1.0832185575780997
60142.2403 lsst_hardware_z -53.00134218128157 123.43000030517578 31.0 AB 1.9126273726339695 1.0922017926909506
60142.2515 lsst_hardware_r 70.71690766050332 88.70999908447266 31.649999618530273 AB 2.022398838974762 1.0837182311198155
60144.2416 lsst_hardware_u -22.232038629876335 33.90999984741211 29.5 AB 2.7256190417557393 1.0866977374267017
60144.2525 lsst_hardware_g -77.05693289049687 98.61000061035156 31.719999313354492 AB 2.479222506710044 1.0802712447538318
60147.2338 lsst_hardware_z -228.98898378158586 123.51000213623047 31.0 AB 5.508132715250353 1.0864167091223578
60147.2462 lsst_hardware_r -140.53995731865996 88.79000091552734 31.649999618530273 AB 5.441290475020607 1.0794604919943673
60158.219 lsst_hardware_y -207.44923601432228 189.60000610351562 30.81999969482422 AB 1.9225409365235295 1.0784130901829427
60162.2194 lsst_hardware_z -89.37900032273697 123.47000122070312 31.0 AB 2.4558667244643138 1.0761905015181041
60162.2315 lsst_hardware_r 31.707396174664957 88.69000244140625 31.649999618530273 AB 2.4220125396898875 1.077287908235393
60164.2108 lsst_hardware_u -13.906331370394664 33.7599983215332 29.489999771118164 AB 3.3371269724009456 1.0764925717422404
60164.2223 lsst_hardware_r -40.40033329768761 88.73999786376953 31.649999618530273 AB 3.3373548839731617 1.0765660916042457
60165.2119 lsst_hardware_i 107.50299837972874 99.66999816894531 31.34000015258789 AB 3.643869309750324 1.0761575043562681
60165.2235 lsst_hardware_z -16.295974131959554 123.55999755859375 31.0 AB 3.622538639315892 1.0773349113207114
60168.2201 lsst_hardware_r -186.3014692686454 88.87999725341797 31.649999618530273 AB 2.9335809367087786 1.0787868117340444
60168.2317 lsst_hardware_u 47.6200844465615 33.869998931884766 29.5 AB 2.9562481432655163 1.0846626832748179
60176.2368 lsst_hardware_u -17.773994833054594 33.43000030517578 29.469999313354492 AB 1.983168809941816 1.1116936384968372
60176.2467 lsst_hardware_g -41.299073056711244 97.61000061035156 31.700000762939453 AB 1.9999352107828872 1.1266182766592172
60178.1495 lsst_hardware_g -10.032147437839825 98.19000244140625 31.709999084472656 AB 2.196992911222228 1.0861863437156698
60178.1608 lsst_hardware_r 44.271183846796 88.76000213623047 31.649999618530273 AB 2.1641642918983255 1.0797875973048898
60179.2315 lsst_hardware_z -167.7617690422968 123.12999725341797 30.989999771118164 AB 2.3046081680697186 1.1157628506753567
60179.2428 lsst_hardware_r -60.97057842980717 88.04000091552734 31.6299991607666 AB 2.3210681897781953 1.1339800617758466
60181.2394 lsst_hardware_z -96.26839617013628 122.9000015258789 30.989999771118164 AB 3.861778232722442 1.1377133161315256
60181.2505 lsst_hardware_r -32.122940970122215 87.73999786376953 31.6200008392334 AB 3.7970440005288983 1.1601112131160705
60183.2283 lsst_hardware_i -211.3793180251023 99.1500015258789 31.31999969482422 AB 3.260295864973613 1.1278048538392436
60183.2391 lsst_hardware_z 97.99080571083289 122.98999786376953 30.989999771118164 AB 3.31170217106687 1.1476385021601723
60185.1441 lsst_hardware_z 170.86531642671534 123.4800033569336 31.0 AB 5.609953155557956 1.0788371452996068
60185.1551 lsst_hardware_r 56.070644929099736 88.77999877929688 31.649999618530273 AB 5.596827257977436 1.07631293422643
60193.0232 lsst_hardware_z 122.25683875318458 122.18000030517578 30.979999542236328 AB 1.0929423015932653 1.2533741990748455
60193.0292 lsst_hardware_u 16.880364247487833 31.579999923706055 29.34000015258789 AB 1.0495802399236136 1.233349283106479
60197.1231 lsst_hardware_r -14.672118149417814 88.81999969482422 31.649999618530273 AB 3.7924457973186194 1.0762527981039005
60197.1345 lsst_hardware_i -153.0723264145382 99.73999786376953 31.34000015258789 AB 3.9273970024055513 1.0769827246084693
60198.116 lsst_hardware_z 157.81843249287292 123.55000305175781 31.0 AB 2.8357993242274957 1.076817666310042
60198.1276 lsst_hardware_r 41.441081644131025 88.87999725341797 31.649999618530273 AB 2.906136252291666 1.0763467601080243
60202.1147 lsst_hardware_r -13.344016370979276 88.72000122070312 31.649999618530273 AB 1.081576895726931 1.0761959161464216
60202.1262 lsst_hardware_z 221.2503987388103 123.5 31.0 AB 1.466483068916922 1.078428534563247
60204.1142 lsst_hardware_r -76.19224074662914 88.87999725341797 31.649999618530273 AB 1.1288050524141742 1.0767615762286742
60204.1267 lsst_hardware_u -12.792731224916034 33.91999816894531 29.5 AB 0.7580507065659415 1.080870779324061
60208.1425 lsst_hardware_z 69.32236954879939 123.37000274658203 31.0 AB 5.071172489477044 1.1029083274199747
60208.1548 lsst_hardware_g -8.081564165459854 97.7699966430664 31.709999084472656 AB 5.005095962858787 1.1194578311023904
60210.1387 lsst_hardware_r -23.9124352616135 88.36000061035156 31.639999389648438 AB 1.5251286527068464 1.1048988065975704
60210.1508 lsst_hardware_i 134.19864091716454 99.08000183105469 31.31999969482422 AB 1.4742992788005205 1.121708809637728
60212.1489 lsst_hardware_z -142.16143622654087 123.12000274658203 30.989999771118164 AB 6.211526666640429 1.1274552274878926
60212.1601 lsst_hardware_r 24.125492694695485 88.04000091552734 31.6299991607666 AB 6.2850180909739235 1.1480184043425334
60216.0746 lsst_hardware_z 36.55885657202134 123.30000305175781 31.0 AB 3.6449931543780174 1.0761451064715515
60216.0862 lsst_hardware_r 32.92477857198976 88.48999786376953 31.639999389648438 AB 4.008718069062777 1.077877990292261
60225.0516 lsst_hardware_i -45.22525303857083 99.5199966430664 31.329999923706055 AB 5.166786356352128 1.0761896180695956
60225.0639 lsst_hardware_z 96.46110301605009 123.36000061035156 31.0 AB 6.061782662823737 1.0786090147364857
60228.1369 lsst_hardware_u 24.47310512137326 31.809999465942383 29.360000610351562 AB 5.36076859621616 1.1962441080516955
60228.148 lsst_hardware_g 32.40398489586668 95.2300033569336 31.649999618530273 AB 5.501135181607684 1.228754787046726
60236.9991 lsst_hardware_z -103.18337389297487 174.85000610351562 31.75 AB 2.4184517040798856 1.0800677502403657
60239.0797 lsst_hardware_g -96.63449207703312 97.08999633789062 31.690000534057617 AB 4.435667657005671 1.1353129401088906
60239.0909 lsst_hardware_r -15.08485940743092 87.69000244140625 31.6200008392334 AB 5.040533089028092 1.1574571753288345
60241.0794 lsst_hardware_i 96.2838212173263 99.06999969482422 31.31999969482422 AB 4.213694042610753 1.1450255550572699
60241.0911 lsst_hardware_z -43.321820634851086 122.83999633789062 30.989999771118164 AB 3.6276253729576284 1.1702017332121382
60243.0796 lsst_hardware_i -87.08074671236317 99.04000091552734 31.31999969482422 AB 2.5292976149245323 1.1566469029036388
60243.0913 lsst_hardware_z 88.84248819295298 122.81999969482422 30.989999771118164 AB 2.711861472548177 1.1840466333349096
