data/validation/pwv_sim_epoch_fit_seasonal/19918285.ecsv
# %ECSV 0.9
# ---
# datatype:
# - {name: time, datatype: float64}
# - {name: band, datatype: string}
# - {name: flux, datatype: float64}
# - {name: fluxerr, datatype: float64}
# - {name: zp, datatype: float64}
# - {name: zpsys, datatype: string}
# - {name: pwv, datatype: float64}
# - {name: airmass, datatype: float64}
# meta: {SNID: '19918285', alt: 1024.0, c: -0.028689652681350708, dec: -36.238361, lat: -30.244573, lon: -70.7499537, ra: 145.546875,
#   t0: 60292.1796875, x0: 2.1148516303977112e-05, x1: -0.8104829788208008, z: 0.33505716919898987}
# schema: astropy-2.0
time band flux fluxerr zp zpsys pwv airmass
[from data line 132]
60712.1234 lsst_hardware_r -82.61826607318505 32.7400016784668 31.559999465942383 AB 5.079755367894866 1.157383314626308
60712.1423 lsst_hardware_z 95.81484520583678 43.45000076293945 30.950000762939453 AB 4.341686796490122 1.1011125530028207
60715.1208 lsst_hardware_r 45.93092889278342 56.95000076293945 31.6200008392334 AB 6.742645525369912 1.1390245270628727
60715.14 lsst_hardware_y -97.63686604825484 49.880001068115234 30.040000915527344 AB 6.085660173603425 1.0867250310006116
60719.1273 lsst_hardware_i 50.044122780843814 78.61000061035156 31.329999923706055 AB 4.0391411157884445 1.0909226511244954
60719.1459 lsst_hardware_z 20.966085590460175 68.2300033569336 30.989999771118164 AB 3.9022841811349145 1.052892865061697
60721.1116 lsst_hardware_r 93.31742249593188 79.94000244140625 31.639999389648438 AB 1.6676415683801709 1.1175973874992768
60721.1306 lsst_hardware_z 84.51981606710184 60.5099983215332 30.979999542236328 AB 3.143739425027446 1.0714249673481309
60721.1917 lsst_hardware_i -35.084218420619564 63.38999938964844 31.34000015258789 AB 3.8255356399091065 1.0061903313806035
60721.2038 lsst_hardware_z 162.12826547382267 58.72999954223633 30.989999771118164 AB 3.8854967342459665 1.0062577868385618
60723.1181 lsst_hardware_g 32.36168398821153 53.0099983215332 31.690000534057617 AB 2.532108038516641 1.0868582631255213
60723.1373 lsst_hardware_i 2.8509752112319804 50.0099983215332 31.309999465942383 AB 3.264178252154005 1.0490128287586955
60725.1134 lsst_hardware_z -69.20970554711353 43.75 30.959999084472656 AB 3.572237166261218 1.0850992531359225
60725.1313 lsst_hardware_r -2.819616056276295 31.649999618530273 31.579999923706055 AB 3.1874908968245346 1.0498981873598598
60728.1126 lsst_hardware_u 0.02079833166819999 3.759999990463257 29.18000030517578 AB 6.57958711647338 1.0691561775224863
60728.1326 lsst_hardware_g -6.951193210328378 18.959999084472656 32.16999816894531 AB 6.7287637813142664 1.035725569212047
60730.1129 lsst_hardware_r 5.1200815901197245 22.34000015258789 31.5 AB 8.234820291248734 1.0581201787663006
60730.1333 lsst_hardware_i -20.866893974402956 30.059999465942383 31.260000228881836 AB 9.498711055955772 1.0280732075859484
60734.1084 lsst_hardware_u -0.6185815998131925 2.640000104904175 28.420000076293945 AB 5.5409110778199375 1.0471837614590007
60734.1282 lsst_hardware_r 31.91763995005614 22.06999969482422 31.489999771118164 AB 6.190103307865255 1.021918881994044
60734.1713 lsst_hardware_i 52.682138739130984 29.65999984741211 31.25 AB 6.1924894133952675 1.0069088477065475
60734.1831 lsst_hardware_z -48.811234276880725 40.400001525878906 30.950000762939453 AB 6.150419396657174 1.011928878588964
60739.0215 lsst_hardware_y -54.67089344081554 50.86000061035156 29.959999084472656 AB 14.53728511791509 1.2762640022751495
60739.0414 lsst_hardware_r -22.868148163626145 24.81999969482422 31.479999542236328 AB 13.459000233326444 1.1874889918234026
60741.0193 lsst_hardware_y 63.711633240221715 50.79999923706055 29.979999542236328 AB 8.12320245113819 1.2599484200454754
60741.0397 lsst_hardware_r 26.69961767367492 32.279998779296875 31.540000915527344 AB 7.518328766480774 1.173363834019629
60750.011 lsst_hardware_y -37.96447587046606 55.310001373291016 30.0 AB 9.689525057571691 1.1888987800701614
60750.0323 lsst_hardware_i 54.975836959982686 68.44000244140625 31.31999969482422 AB 9.07385718037604 1.1179290160627566
60752.0064 lsst_hardware_y -48.81262751100707 50.15999984741211 30.010000228881836 AB 9.055458145592832 1.1855797519759947
60752.0236 lsst_hardware_r 2.2278799874572672 22.690000534057617 31.489999771118164 AB 8.77448578517945 1.127318787843422
60754.0047 lsst_hardware_y -73.71044353293148 50.150001525878906 30.010000228881836 AB 5.707818192775969 1.17155545828735
60754.0216 lsst_hardware_g -12.105113359221429 13.65999984741211 31.399999618530273 AB 5.413703506705937 1.1173025949448612
60756.0036 lsst_hardware_y -21.173640596955824 50.119998931884766 30.020000457763672 AB 6.114890296289306 1.1562253175890531
60756.0221 lsst_hardware_z -23.069998705596017 42.04999923706055 30.950000762939453 AB 5.717061999229996 1.1012704506029272
60756.123 lsst_hardware_g -16.34221191893168 13.399999618530273 31.440000534057617 AB 5.339871793766908 1.011914306190412
60756.1349 lsst_hardware_r -26.51465991901036 22.0 31.5 AB 5.094485691785035 1.0210242722575382
60758.0009 lsst_hardware_y 68.1940214939719 49.540000915527344 30.020000457763672 AB 5.357133917678492 1.1470150771177205
60758.0192 lsst_hardware_u -3.518002059618993 2.799999952316284 28.530000686645508 AB 5.087712020343172 1.0948379643518404
60759.9986 lsst_hardware_z 74.3711520002846 44.2400016784668 30.950000762939453 AB 9.423966354058917 1.1369244002966339
60760.0154 lsst_hardware_r 9.737578249263008 22.549999237060547 31.5 AB 8.11197233750895 1.0908075756399307
60761.9975 lsst_hardware_y -94.3674262200715 49.2599983215332 30.030000686645508 AB 6.968869281600498 1.123769503590706
60762.016 lsst_hardware_z -3.409728597424692 41.58000183105469 30.950000762939453 AB 7.479535997242533 1.0770187190039167
60768.9893 lsst_hardware_y 12.368547684748066 50.0099983215332 30.040000915527344 AB 6.844751945231523 1.0945036090715872
60769.0521 lsst_hardware_r 32.494938833450206 34.709999084472656 32.2599983215332 AB 4.940197684696849 1.0086152888314905
60769.109 lsst_hardware_z -15.777406980529262 40.91999816894531 30.940000534057617 AB 6.18871419348185 1.0314523655803083
60772.9873 lsst_hardware_z -44.73957001516213 53.77000045776367 30.969999313354492 AB 9.38446543952504 1.0741676231357091
60773.006 lsst_hardware_i 102.58842831380726 49.72999954223633 31.309999465942383 AB 7.951937938218194 1.0409431139807823
60778.0404 lsst_hardware_i 43.89802925134756 72.70999908447266 31.34000015258789 AB 6.617000491031311 1.0057505496184387
60778.0523 lsst_hardware_z 98.22763281749887 63.959999084472656 30.989999771118164 AB 7.673060574568175 1.0072276942200555
60779.9793 lsst_hardware_y 71.42728113795293 52.68000030517578 30.059999465942383 AB 11.945094237218006 1.0529646505690553
60779.9981 lsst_hardware_z 1.885512993340656 51.5099983215332 30.979999542236328 AB 11.673545794694547 1.0265842185067207
60781.9782 lsst_hardware_y 45.2522260711041 50.720001220703125 30.049999237060547 AB 14.969856301798908 1.0458192190721607
60781.9967 lsst_hardware_u 0.4411753370136105 2.7100000381469727 28.5 AB 14.569459858972868 1.0223464921039132
