data/validation/pwv_sim_epoch_fit_seasonal/19996989.ecsv
# %ECSV 0.9
# ---
# datatype:
# - {name: time, datatype: float64}
# - {name: band, datatype: string}
# - {name: flux, datatype: float64}
# - {name: fluxerr, datatype: float64}
# - {name: zp, datatype: float64}
# - {name: zpsys, datatype: string}
# - {name: pwv, datatype: float64}
# - {name: airmass, datatype: float64}
# meta: {SNID: '19996989', alt: 1024.0, c: -0.027905289083719254, dec: -28.801123, lat: -30.244573, lon: -70.7499537, ra: 195.46875, t0: 61464.08984375,
#   x0: 8.311024777629019e-06, x1: 0.7434234023094177, z: 0.4970175325870514}
# schema: astropy-2.0
time band flux fluxerr zp zpsys pwv airmass
[from data line 132]
61833.2131 lsst_hardware_r 23.59632019848157 23.059999465942383 31.479999542236328 AB 6.107205420798613 1.1002982471486558
61833.2331 lsst_hardware_u -2.2772154559929425 2.569999933242798 28.329999923706055 AB 5.851102868305759 1.0540312009437822
61835.2109 lsst_hardware_g 10.505609251667778 14.119999885559082 31.399999618530273 AB 8.611634684309964 1.0916002895563541
61835.231 lsst_hardware_r -42.69831310282339 22.8799991607666 31.489999771118164 AB 8.224015984263993 1.0478233225512605
61839.2172 lsst_hardware_r -93.79554142046362 75.05999755859375 31.649999618530273 AB 10.632784520744144 1.0531158837957824
61839.2376 lsst_hardware_z 27.848335869226016 56.16999816894531 30.979999542236328 AB 10.30399310604828 1.0220187567990757
61841.2146 lsst_hardware_r 136.05363936885362 120.80000305175781 31.65999984741211 AB 7.754137634231359 1.0478564370582917
61841.2345 lsst_hardware_i 50.96753811964262 93.5 31.34000015258789 AB 7.543141522114388 1.0193434489343767
61844.0874 lsst_hardware_i 252.15187664194187 99.69999694824219 31.209999084472656 AB 15.162158989835197 1.7009059351035583
61844.1077 lsst_hardware_z 29.879716269918696 81.56999969482422 30.93000030517578 AB 13.233553796205351 1.4904049324680322
61848.1724 lsst_hardware_g 14.043919285903225 18.149999618530273 31.5 AB 6.874820282265006 1.0996047102589812
61848.19 lsst_hardware_r -7.76522783960331 27.649999618530273 31.540000915527344 AB 6.5662586140553 1.0582205663263982
61850.1715 lsst_hardware_i 63.80474517874288 31.260000228881836 31.239999771118164 AB 5.764393778418406 1.0876214676261144
61850.1898 lsst_hardware_z -71.0561300562823 41.4900016784668 30.950000762939453 AB 5.555799654545805 1.0482640857633594
61852.1701 lsst_hardware_r -18.484620667387848 23.399999618530273 31.489999771118164 AB 7.373720692424521 1.077714219880825
61852.1872 lsst_hardware_g 20.254371980855755 14.4399995803833 31.43000030517578 AB 7.1887467253120265 1.0432837566667306
61854.1697 lsst_hardware_r -22.373791617951305 23.40999984741211 31.5 AB 7.449201176906019 1.0663296447915094
61854.1867 lsst_hardware_i 5.742324591118486 30.809999465942383 31.25 AB 7.113710299560325 1.0353489823495925
61856.1561 lsst_hardware_z -22.292360844683547 41.7599983215332 30.940000534057617 AB 7.487613730132882 1.0851614101641858
61856.1739 lsst_hardware_i -26.214571755693928 30.790000915527344 31.25 AB 7.007832441261815 1.0474042110295658
61858.1602 lsst_hardware_u 2.5475847821730535 2.740000009536743 28.440000534057617 AB 6.9494958466920185 1.0633185872431472
61858.1777 lsst_hardware_g -20.496367794336823 14.670000076293945 31.450000762939453 AB 6.795463320335818 1.032509810884413
61860.0679 lsst_hardware_r -37.64613799552282 24.639999389648438 31.420000076293945 AB 6.9715934706423734 1.4575267717988247
61860.0865 lsst_hardware_u -4.334493385362663 2.4700000286102295 28.1299991607666 AB 6.773351539486075 1.324968921245918
61862.0642 lsst_hardware_g 19.200531294049238 16.43000030517578 31.350000381469727 AB 12.519245772758211 1.4432793666355894
61862.0824 lsst_hardware_r -22.477489469882883 25.309999465942383 31.459999084472656 AB 11.513730342288142 1.3166699776762536
61864.0708 lsst_hardware_i -40.37824411775791 37.369998931884766 31.219999313354492 AB 6.559739128819268 1.3555047104599671
61864.0878 lsst_hardware_z -63.67648604309716 45.7599983215332 30.93000030517578 AB 7.536971018772789 1.2561618364621314
61866.062 lsst_hardware_r 5.161735251025723 72.83000183105469 32.29999923706055 AB 10.856524770743246 1.3781979651417458
61866.0793 lsst_hardware_z 144.05952644990478 72.33999633789062 31.690000534057617 AB 10.03095782337299 1.272116651136365
61868.0612 lsst_hardware_z 110.22696002023692 66.3499984741211 30.940000534057617 AB 10.152687804456429 1.3468377993486162
61868.0799 lsst_hardware_i -21.882832076196994 69.87000274658203 31.290000915527344 AB 9.332534631537792 1.2410010369722912
61872.075 lsst_hardware_r -92.72577768523274 122.66999816894531 31.6200008392334 AB 7.519056350414069 1.2127510242603337
61872.0932 lsst_hardware_z 127.19604517071527 84.12999725341797 30.989999771118164 AB 7.766426617972845 1.1413942024160355
61878.057 lsst_hardware_z -5.128385398838299 43.77000045776367 30.940000534057617 AB 13.923292164023168 1.2200927849297358
61878.0751 lsst_hardware_r 15.38600326304 23.899999618530273 31.489999771118164 AB 13.067900267433837 1.1473134563154994
61880.056 lsst_hardware_u -1.6048523951515976 2.6500000953674316 28.309999465942383 AB 8.100224083288378 1.2002702879514537
61880.0743 lsst_hardware_r -5.887415075238384 23.940000534057617 31.489999771118164 AB 7.654611031592959 1.1316135167190104
61883.0513 lsst_hardware_i -28.28869886750221 32.13999938964844 31.229999542236328 AB 6.067394478755884 1.1856555130450528
61883.0706 lsst_hardware_z 8.175376795655435 42.439998626708984 30.940000534057617 AB 5.59290210164005 1.1175373854349373
61885.0587 lsst_hardware_r -10.6012266759741 23.860000610351562 31.489999771118164 AB 15.52366950715782 1.1380363621617449
61885.0776 lsst_hardware_u -1.4268277923400416 2.7799999713897705 28.459999084472656 AB 14.781926724559932 1.083480665877014
61889.0428 lsst_hardware_r -53.86441166002288 33.90999984741211 32.22999954223633 AB 9.789885822158237 1.1553646194067677
61889.0678 lsst_hardware_i 27.50514059352517 44.27000045776367 31.989999771118164 AB 9.157674602104548 1.0807534861503647
61891.0526 lsst_hardware_r -16.703907843862957 24.770000457763672 31.5 AB 11.047239312942237 1.1062727130925876
61891.0719 lsst_hardware_g 4.61071784597796 15.6899995803833 31.469999313354492 AB 10.66819676386565 1.0596142991523618
61895.0498 lsst_hardware_r -139.92766241350196 53.900001525878906 31.6299991607666 AB 9.785282779984815 1.084702582443301
61895.0686 lsst_hardware_i 49.44450288117613 48.15999984741211 31.31999969482422 AB 9.410458613321698 1.0453258232498714
61897.0706 lsst_hardware_i 63.534533882528116 82.83999633789062 31.34000015258789 AB 6.558500133633537 1.033404259612942
61897.0889 lsst_hardware_z -10.220791661341826 72.63999938964844 31.0 AB 6.700870739614439 1.0122161238088276
61899.0593 lsst_hardware_z -154.79289114792448 128.4199981689453 31.75 AB 9.294548761746231 1.0425644286457854
61902.9551 lsst_hardware_y 30.96751870918878 83.9800033569336 29.940000534057617 AB 11.45844193915171 1.4210552218873556
61902.9746 lsst_hardware_u -0.8107936177116617 2.690000057220459 28.25 AB 10.047310503601421 1.2923971062623933
61909.9541 lsst_hardware_y -55.555544714801634 73.68000030517578 29.969999313354492 AB 9.545605945828518 1.3003436411617915
61909.9739 lsst_hardware_z 43.48430330655188 43.900001525878906 30.93000030517578 AB 8.99682056414212 1.2010707410300088
61911.9551 lsst_hardware_y -50.25792196265853 96.4800033569336 30.75 AB 7.370948851732352 1.2646752390733231
61911.9751 lsst_hardware_u -4.072226488965274 3.819999933242798 29.110000610351562 AB 6.436904815630422 1.1737609072994935
61927.967 lsst_hardware_y 21.180182915208647 87.9800033569336 30.809999465942383 AB 4.779151462453136 1.0677282087695428
