data/validation/pwv_sim_epoch_fit_seasonal/20190869.ecsv
# %ECSV 0.9
# ---
# datatype:
# - {name: time, datatype: float64}
# - {name: band, datatype: string}
# - {name: flux, datatype: float64}
# - {name: fluxerr, datatype: float64}
# - {name: zp, datatype: float64}
# - {name: zpsys, datatype: string}
# - {name: pwv, datatype: float64}
# - {name: airmass, datatype: float64}
# meta: {SNID: '20190869', alt: 1024.0, c: 0.09269899129867554, dec: 1.64151, lat: -30.244573, lon: -70.7499537, ra: 116.71875, t0: 62551.484375,
#   x0: 5.3069585823062906e-06, x1: 0.03214550390839577, z: 0.598783016204834}
# schema: astropy-2.0
time band flux fluxerr zp zpsys pwv airmass
62459.3456 lsst_hardware_z 76.0174702953092 81.36000061035156 31.709999084472656 AB 6.878379134039261 1.1809558841153278
62462.3424 lsst_hardware_r 41.37727769966478 95.73999786376953 31.6299991607666 AB 5.5978353194354655 1.1783882788041908
62464.3405 lsst_hardware_z -80.60317338713485 73.36000061035156 30.969999313354492 AB 9.874871042213734 1.1772850806383026
62472.3341 lsst_hardware_r 17.11573422642237 24.40999984741211 31.5 AB 7.878320450552065 1.1794775732542404
62472.3539 lsst_hardware_y 48.85954367386262 73.87999725341797 30.010000228881836 AB 7.935078749415805 1.1991958212809135
62474.2107 lsst_hardware_r 66.6723585683662 34.79999923706055 32.15999984741211 AB 6.601905228556805 1.514893352123987
62476.3002 lsst_hardware_u -1.460911749917127 2.630000114440918 28.309999465942383 AB 5.164227872617248 1.1803274950271676
62476.3192 lsst_hardware_g 2.688397732160469 14.460000038146973 31.389999389648438 AB 5.092315358312098 1.1778224490141005
62478.2962 lsst_hardware_r -26.450737287357352 23.899999618530273 31.479999542236328 AB 6.533966389681399 1.1795227709506992
62478.3157 lsst_hardware_i 41.36111592030015 32.189998626708984 31.239999771118164 AB 6.515755885310547 1.178540193894303
62480.2997 lsst_hardware_z -7.2756732268447495 43.43000030517578 30.93000030517578 AB 11.779428579937594 1.176824874363078
62480.3193 lsst_hardware_r 8.890446380395618 23.780000686645508 31.469999313354492 AB 11.898588411193407 1.184263197511064
62484.2955 lsst_hardware_r -17.356788774465446 23.729999542236328 31.469999313354492 AB 8.491707908038325 1.1773054381826364
62484.3145 lsst_hardware_z -31.841913624115744 43.59000015258789 30.93000030517578 AB 8.627217948179117 1.1903989441880853
62486.2981 lsst_hardware_r -20.698580142438495 23.579999923706055 31.479999542236328 AB 12.499363265054106 1.1807214000383286
62486.3171 lsst_hardware_u 2.233686841425479 2.700000047683716 28.3799991607666 AB 12.711804582153784 1.2013652925391707
62488.2543 lsst_hardware_z -110.59222216773765 56.5 30.959999084472656 AB 6.340261072711558 1.1922266026159378
62488.2753 lsst_hardware_r 174.21442364882057 58.70000076293945 31.610000610351562 AB 6.368650414578058 1.1771997069460365
62490.2243 lsst_hardware_r 20.21694168827077 113.66000366210938 31.610000610351562 AB 6.132934381919774 1.2385387755681878
62490.243 lsst_hardware_i -103.6861643222492 88.98999786376953 31.309999465942383 AB 5.975972592599952 1.2002957755661465
62492.2271 lsst_hardware_z -38.43472532120985 94.05999755859375 30.979999542236328 AB 5.822387104900778 1.2192204177364727
62492.2458 lsst_hardware_r -8.80140204277603 136.6300048828125 31.6200008392334 AB 5.697365025273906 1.1893876396660505
62494.2542 lsst_hardware_z -58.52439005502289 107.54000091552734 31.729999542236328 AB 6.627318964777867 1.178713911031971
62496.2466 lsst_hardware_r 72.55756768724463 60.09000015258789 31.610000610351562 AB 8.628312740264791 1.1797519812586075
62496.2653 lsst_hardware_z 36.50180578910119 54.790000915527344 30.959999084472656 AB 9.42437934126811 1.1780474176585138
62500.2439 lsst_hardware_g -2.8443205502438738 15.930000305175781 31.43000030517578 AB 10.560785807740727 1.176951499803937
62500.264 lsst_hardware_r -23.575109740715778 25.420000076293945 31.489999771118164 AB 10.297930465516558 1.1836701684501791
62502.2508 lsst_hardware_i -8.378572501963953 32.29999923706055 31.229999542236328 AB 8.334828668370355 1.178793259790352
62502.2724 lsst_hardware_z -70.64748775244867 43.91999816894531 30.93000030517578 AB 8.484743328173298 1.1997869487474393
62506.2081 lsst_hardware_u 6.023858196452772 3.7699999809265137 29.079999923706055 AB 13.691954541549954 1.1888043072346914
62506.229 lsst_hardware_g -13.813026435414105 20.81999969482422 32.150001525878906 AB 13.696311378164634 1.1767854261123087
62508.2077 lsst_hardware_r 29.232135004014832 24.170000076293945 31.469999313354492 AB 9.400069437212721 1.1839499684760184
62508.2311 lsst_hardware_z -21.1594348361657 43.4900016784668 30.93000030517578 AB 10.149965066080338 1.1775812204440024
62513.1873 lsst_hardware_g -2.691465227815624 14.739999771118164 31.399999618530273 AB 7.451020910987808 1.1907027503842447
62513.2072 lsst_hardware_r 45.56977979164193 24.100000381469727 31.479999542236328 AB 7.4093928840226075 1.17715292337382
62515.1919 lsst_hardware_i -0.0867469506019743 42.209999084472656 31.270000457763672 AB 9.345267252627941 1.181449715882167
62515.2103 lsst_hardware_z -8.397097499707954 47.58000183105469 30.950000762939453 AB 9.267911000516458 1.1771640929135927
62520.1554 lsst_hardware_r 66.48216593510354 154.83062145395485 31.610000610351562 AB 5.083840615645685 1.2098621170027586
62520.1741 lsst_hardware_z 30.955568333940477 103.445619054768 30.979999542236328 AB 6.871017317689693 1.184658158222361
62522.1603 lsst_hardware_r 107.58645550502283 131.2050198037883 31.6200008392334 AB 14.236971390502239 1.1936841505979245
62522.1803 lsst_hardware_y 28.6211892768306 66.82693710277842 30.010000228881836 AB 13.544086968061723 1.1777466928749325
62524.151 lsst_hardware_g -70.51675450232467 68.12069437701139 31.65999984741211 AB 9.226075868574672 1.1990221627847786
62524.1698 lsst_hardware_r -109.49443234844371 68.93641069881605 31.610000610351562 AB 10.270292716051205 1.1799283158699327
62526.157 lsst_hardware_i 69.25701952410054 41.037549339348416 31.260000228881836 AB 9.271787770725043 1.1852969409031886
62526.1759 lsst_hardware_z 173.3979960942704 48.32388456019038 30.940000534057617 AB 9.13692122623612 1.1767180174810647
62528.1417 lsst_hardware_r 109.01608136244228 26.39726900774842 31.469999313354492 AB 13.163399039364473 1.1966726399422247
62528.1602 lsst_hardware_u -0.09250123606741127 2.7381603687614824 28.260000228881836 AB 12.9715997672225 1.1792363424747727
62530.1447 lsst_hardware_g 50.63152939415201 16.14398090561688 31.389999389648438 AB 11.862605335382995 1.1865967359468177
62530.1624 lsst_hardware_i 248.16076832549564 36.064559428357285 31.229999542236328 AB 11.755366107043567 1.1768802156171865
62532.1402 lsst_hardware_z 277.8938451620258 47.00601884998838 30.940000534057617 AB 10.778703820983175 1.1856781696761185
62532.1589 lsst_hardware_r 336.15944418505376 31.576825837388647 31.489999771118164 AB 10.675252316479346 1.1767253435272649
62534.1404 lsst_hardware_u 1.6451418665136628 3.3379199269000015 28.3799991607666 AB 8.46716534713344 1.1811902367542537
62534.1588 lsst_hardware_g 166.15023711005077 18.265813902029173 31.40999984741211 AB 8.45255258667694 1.1772357363059849
62536.1417 lsst_hardware_r 796.9997074904376 36.66032566230509 31.469999313354492 AB 12.045396717809007 1.1778611174702007
62536.158 lsst_hardware_i 770.8114546408358 41.75393415460426 31.229999542236328 AB 12.118853572985152 1.1787908054359022
62538.1049 lsst_hardware_i 874.5037798367047 44.208743904422036 31.229999542236328 AB 5.26217332907348 1.212389216436545
62538.1222 lsst_hardware_z 633.387241353723 50.73772243870576 30.940000534057617 AB 5.123368214409067 1.1872473847695826
62540.1014 lsst_hardware_r 1190.234547782828 42.16990795283426 31.469999313354492 AB 10.508040740993094 1.2087470177522532
62540.1223 lsst_hardware_u 5.0170565769243005 3.0559599719342905 28.270000457763672 AB 10.194324608745204 1.1823847915654293
62542.1066 lsst_hardware_g 342.4453911862188 28.475190826659258 31.520000457763672 AB 4.099299043053117 1.1925233579790662
62542.1261 lsst_hardware_i 1190.2652152167711 49.28917266513005 31.239999771118164 AB 4.119198896005185 1.177614931555979
62544.0938 lsst_hardware_z 1012.9449012995757 59.379108267730096 30.950000762939453 AB 5.424553392707712 1.2030502090724544
62544.1107 lsst_hardware_r 1737.8207696602183 61.499491999199606 31.59000015258789 AB 5.339587505929411 1.1828948839010693
62545.0982 lsst_hardware_y 686.8327189363824 78.76130719818872 30.760000228881836 AB 4.0721613695253955 1.192783060786588
62547.0928 lsst_hardware_r 1867.4159144061298 113.93280046920691 31.6200008392334 AB 1.7573528365062816 1.1927059576989638
62547.1097 lsst_hardware_i 1781.674217200398 95.64088792055828 31.309999465942383 AB 1.763380006162636 1.1785986450903316
62549.0933 lsst_hardware_z 1356.7910793905749 102.11248081357917 30.979999542236328 AB 2.8327691143953744 1.1861275471141717
62549.1103 lsst_hardware_r 2029.823451967558 146.5147923562931 31.6200008392334 AB 2.7295314053854463 1.176902621703349
62551.0898 lsst_hardware_z 1316.2908174882482 81.34365752803328 30.979999542236328 AB 3.9053913849509105 1.1843491690525885
62551.1073 lsst_hardware_r 1872.400447292273 113.69965291225455 31.6299991607666 AB 3.878248547083505 1.1767125806574477
62558.0876 lsst_hardware_g 162.48851400838865 19.513179720685734 31.3799991607666 AB 6.7285388567813085 1.1767294258099525
62558.1053 lsst_hardware_r 1456.0640063209325 43.972081404030924 31.469999313354492 AB 6.776678502665663 1.1833720227591782
62560.0544 lsst_hardware_r 1242.6841144874588 42.96491109317251 31.479999542236328 AB 6.67080293317394 1.196556579941514
62560.0724 lsst_hardware_i 1285.750101448386 48.86328889530711 31.239999771118164 AB 6.543426256079834 1.179438453968577
62562.0531 lsst_hardware_z 1215.5859837651806 55.23045107342039 30.940000534057617 AB 3.3970075651418687 1.1911662317135885
62562.0711 lsst_hardware_r 1171.721634815579 41.70757652315982 31.489999771118164 AB 3.411287764614329 1.1777275210130602
62564.0478 lsst_hardware_u 1.0340143924327272 2.5220797225655054 28.209999084472656 AB 5.32733124608123 1.190975184026208
62564.0657 lsst_hardware_r 1043.663848052136 39.83252029723714 31.459999084472656 AB 5.282807758981231 1.177708499438478
62565.0499 lsst_hardware_i 1137.926797493111 45.941197975144505 31.229999542236328 AB 12.68860530816708 1.185850963380101
62565.0678 lsst_hardware_z 1155.2057498619213 53.55406061535988 30.93000030517578 AB 12.591457935281179 1.1767717696524467
62567.048 lsst_hardware_r 840.0746834773844 37.94212602466942 31.479999542236328 AB 7.5971995590276435 1.1828117015456396
62567.0663 lsst_hardware_u 0.911945979649864 2.649345287722742 28.31999969482422 AB 7.577219012310808 1.1768304533512144
62569.0464 lsst_hardware_g 56.80664269740246 16.993004216115164 31.3799991607666 AB 12.633011918627197 1.1802141179584251
62569.0644 lsst_hardware_r 810.7847203794422 36.47896377063081 31.469999313354492 AB 12.788250860462426 1.1775191854574114
62576.0376 lsst_hardware_r 536.0397570401789 99.27569647258956 31.6200008392334 AB 9.56489722932708 1.1767836158128941
62576.0582 lsst_hardware_z 794.1831028423354 78.91671937467929 30.969999313354492 AB 9.22651069933482 1.1851144073473396
62577.0046 lsst_hardware_y 230.14264108544947 63.16641659384995 30.0 AB 9.508483743829316 1.201590211838286
62577.0248 lsst_hardware_r 590.4314526555208 100.64276027335178 31.6200008392334 AB 9.347554558433044 1.1800729553853195
62579.0023 lsst_hardware_y 241.36326684486303 64.90256710215515 30.010000228881836 AB 8.11114417772422 1.196863535151897
62579.0214 lsst_hardware_z 822.7285639585033 75.22046338953395 30.969999313354492 AB 7.937064380723325 1.1790054041478226
62582.9983 lsst_hardware_y 164.08768897547725 53.995710390982595 30.0 AB 6.699944789340039 1.1883021840713548
62583.0179 lsst_hardware_r 266.34576489118973 28.896653905338507 31.479999542236328 AB 7.217181569018107 1.1768423038946798
62585.0041 lsst_hardware_z 1149.3569160812372 72.41025345402008 31.690000534057617 AB 9.787108894954402 1.1794539521516512
62592.9898 lsst_hardware_y 104.47722657916172 54.565405830955086 30.0 AB 9.056617422958245 1.176948333067998
62593.0126 lsst_hardware_i 311.94560018179976 36.21601930895949 31.229999542236328 AB 9.301961992095398 1.1858697083242162
62596.9845 lsst_hardware_y 205.33169568356575 57.04069043004379 30.0 AB 9.756015849749373 1.176841477653658
62597.002 lsst_hardware_i 210.31917859532706 35.858682919799385 31.229999542236328 AB 9.608023666838127 1.1861757613380404
62598.9831 lsst_hardware_z 474.23382053173447 52.151925228491166 30.940000534057617 AB 10.277478563277043 1.1776982912627314
62599.0011 lsst_hardware_u 0.5592383344471766 3.1223597622380472 28.350000381469727 AB 9.158768087969758 1.1910616857830967
62824.2485 lsst_hardware_r 12.03220682569724 29.329999923706055 31.43000030517578 AB 8.212971788244104 1.545971160140097
62824.2693 lsst_hardware_y 45.99164328829023 51.59000015258789 29.920000076293945 AB 7.416717432865598 1.4008343437274016
62828.3422 lsst_hardware_g -13.243436290477158 16.309999465942383 31.43000030517578 AB 7.776969822875625 1.1777042209246045
62832.3337 lsst_hardware_r 6.089803524732063 23.979999542236328 31.489999771118164 AB 4.637176487822499 1.1770977250470218
62832.3545 lsst_hardware_y 52.31902609459114 70.05999755859375 30.020000457763672 AB 4.669741997169078 1.1834115552887288
62834.2894 lsst_hardware_g -13.061589653834332 14.350000381469727 31.3799991607666 AB 6.021108704404291 1.2217332508091223
62834.309 lsst_hardware_y 32.81503742407444 48.83000183105469 30.0 AB 5.331876112360008 1.189686196766917
62837.3293 lsst_hardware_z -17.00530345817585 43.310001373291016 30.93000030517578 AB 7.687531189387557 1.1773537314323543
62837.349 lsst_hardware_y -37.56316523219242 58.90999984741211 30.010000228881836 AB 7.920827454383187 1.1915946375392557
62841.2961 lsst_hardware_g 33.27369218479695 25.200000762939453 31.559999465942383 AB 5.201851480435071 1.1836512840173095
62841.3156 lsst_hardware_r -6.388567401526102 23.940000534057617 31.469999313354492 AB 5.093096980328963 1.1768463936985647
62845.2358 lsst_hardware_r 32.85866158329435 119.58999633789062 31.600000381469727 AB 12.017879745145562 1.2898872754262205
62850.2948 lsst_hardware_z 37.326771549424926 60.709999084472656 30.959999084472656 AB 9.731711871049836 1.177614565633122
62850.3135 lsst_hardware_i 8.937918497937993 62.9900016784668 31.299999237060547 AB 9.84190783834048 1.1915766197075257
62852.2756 lsst_hardware_z 57.39313285477896 47.66999816894531 30.950000762939453 AB 8.276664159004136 1.1780470638727734
62852.2989 lsst_hardware_r 31.71871569789751 41.66999816894531 31.579999923706055 AB 7.902287012755361 1.182623018969619
62854.2825 lsst_hardware_y -103.37322037606144 49.040000915527344 30.010000228881836 AB 5.175194754109307 1.1772508539830089
62854.3028 lsst_hardware_g -8.566847960651419 20.440000534057617 31.520000457763672 AB 5.842807410692499 1.1918421317792547
62859.2493 lsst_hardware_i -22.905865995164202 32.02000045776367 31.239999771118164 AB 8.361435944981215 1.1818562432539585
62859.2681 lsst_hardware_z -3.104849552875616 43.310001373291016 30.940000534057617 AB 6.6118048838448225 1.1770886225969168
62862.2521 lsst_hardware_r 19.950334082079085 23.790000915527344 31.479999542236328 AB 7.400824044298009 1.1770226304000457
62862.2732 lsst_hardware_u 0.20648738442121925 2.700000047683716 28.3700008392334 AB 7.441918951670193 1.1838878383185163
62864.247 lsst_hardware_g -18.444335469340782 14.819999694824219 31.420000076293945 AB 8.391731444368595 1.1769609318889522
62864.2694 lsst_hardware_i 11.433366699984646 32.41999816894531 31.239999771118164 AB 8.52731719301494 1.1853373913003808
62867.2472 lsst_hardware_z 118.82329895940711 61.290000915527344 31.690000534057617 AB 8.281855123471553 1.1772878582384658
62867.2703 lsst_hardware_r -38.13598288752557 34.04999923706055 32.22999954223633 AB 8.459234920377888 1.1957081954237958
62869.2146 lsst_hardware_r -22.319433320858174 37.849998474121094 31.559999465942383 AB 4.1278930147506365 1.1883958585722272
62869.2345 lsst_hardware_y 2.035910280163299 49.70000076293945 30.0 AB 4.165890251208032 1.1768051557084838
62871.2069 lsst_hardware_z -33.44150374732634 57.560001373291016 30.959999084472656 AB 13.431085742444433 1.1909102449409854
62871.227 lsst_hardware_r 76.28270035538203 67.41999816894531 31.610000610351562 AB 13.639260006403067 1.1771174597741492
62873.2098 lsst_hardware_i -178.7956808028677 93.38999938964844 31.309999465942383 AB 10.362781413120693 1.1827858864465866
62873.232 lsst_hardware_z -52.953771003061405 81.05999755859375 30.979999542236328 AB 10.337748567240181 1.1775989406789393
