data/validation/pwv_sim_epoch_fit_seasonal/20215254.ecsv
# %ECSV 0.9
# ---
# datatype:
# - {name: time, datatype: float64}
# - {name: band, datatype: string}
# - {name: flux, datatype: float64}
# - {name: fluxerr, datatype: float64}
# - {name: zp, datatype: float64}
# - {name: zpsys, datatype: string}
# - {name: pwv, datatype: float64}
# - {name: airmass, datatype: float64}
# meta: {SNID: '20215254', alt: 1024.0, c: -0.05045324191451073, dec: -8.536388, lat: -30.244573, lon: -70.7499537, ra: 352.617188, t0: 62688.5078125,
#   x0: 3.1827302921390267e-06, x1: -1.2896653413772583, z: 0.737826406955719}
# schema: astropy-2.0
time band flux fluxerr zp zpsys pwv airmass
62677.4308 lsst_hardware_g 216.22217300326116 24.772867242001528 31.540000915527344 AB 4.354864632494514 1.081304715386914
62679.3906 lsst_hardware_i 1746.5762118744908 62.12297813392442 32.0 AB 7.796169612041085 1.0864353606913522
62679.417 lsst_hardware_y 333.50895324321294 49.69088068433395 30.030000686645508 AB 7.704661523722831 1.0781782149066375
62681.3792 lsst_hardware_z 508.9126351117484 48.90452406267214 30.940000534057617 AB 2.5654962694505588 1.0921652913795483
62681.4012 lsst_hardware_u 2.163504476227328 2.9948328198420517 28.459999084472656 AB 2.5229780646549997 1.0781189650259952
62683.3792 lsst_hardware_g 334.73420802916814 28.521121361387795 32.20000076293945 AB 10.54240270792285 1.0868456399920465
62683.3986 lsst_hardware_r 1712.5768945413947 54.27926199269335 32.25 AB 10.453834397946773 1.0777148863862653
62687.3787 lsst_hardware_i 1249.3042768312737 46.57848929661558 31.25 AB 4.4849183208368135 1.0800742509390469
62687.4007 lsst_hardware_z 724.9937427940542 49.43093115082332 30.940000534057617 AB 4.399000203921077 1.0799509502261238
62689.3731 lsst_hardware_i 1180.7719551342875 46.53762155738098 31.25 AB 1.6769124035990477 1.08013681391243
62689.3936 lsst_hardware_u 1.4759818580903572 2.877116967637883 28.440000534057617 AB 1.529279621149038 1.0793010323936045
62708.3266 lsst_hardware_i 1449.8845515910548 66.17096309766131 32.43000030517578 AB 9.257732086232174 1.078319469587534
62708.3563 lsst_hardware_u 0.22492594663955492 4.681681047276336 29.530000686645508 AB 7.770224174142547 1.0888767060177338
62712.2707 lsst_hardware_r 178.19331268231076 27.740296949995173 31.479999542236328 AB 4.99167520537775 1.1307026288231086
62712.2913 lsst_hardware_i 381.732381537688 36.85132566795637 31.239999771118164 AB 4.832802115555796 1.0959563343160772
62717.2724 lsst_hardware_z 344.3169243155601 45.45520535148791 30.940000534057617 AB 1.038650648933566 1.1029918395754683
62717.2952 lsst_hardware_u 4.5276088711183595 2.695849264030031 28.34000015258789 AB 1.9626207490505279 1.0808374937405385
62721.2643 lsst_hardware_g 72.74882652638692 27.31592557656003 31.600000381469727 AB 3.398397937308957 1.0990641489747333
62721.2842 lsst_hardware_r 95.98763204467477 26.955640388190126 31.520000457763672 AB 3.270918686189789 1.0808785656847901
62724.2585 lsst_hardware_i 200.92346533434196 87.48287981547905 32.060001373291016 AB 7.339402531189343 1.0960057539295667
62724.2823 lsst_hardware_z 429.8123387115462 83.13807810425756 31.719999313354492 AB 7.131415981119998 1.0784750065965971
62730.232 lsst_hardware_z 155.250604502132 67.32977655564946 30.979999542236328 AB 4.67665949926236 1.1106696087545187
62730.2533 lsst_hardware_i 207.9534222126872 73.17588164185369 31.329999923706055 AB 3.7334007633646342 1.0848966983987314
62732.268 lsst_hardware_z 247.89271685658736 71.1190770632611 31.709999084472656 AB 2.6092766379486174 1.0776568458228672
62734.2458 lsst_hardware_r 35.37153536837804 28.562366821940856 31.540000915527344 AB 1.5971764322629174 1.0825256812852306
62734.2654 lsst_hardware_i 99.88339632958741 35.84468888385695 31.260000228881836 AB 1.1291347002595136 1.0779328880759078
62739.2192 lsst_hardware_g 101.51222140771142 17.836303680213824 31.469999313354492 AB 2.679292822530504 1.094035452237854
62739.2357 lsst_hardware_r 28.666896128742874 25.513863555210442 31.520000457763672 AB 2.67115264534886 1.0805633678595712
62743.1893 lsst_hardware_z 70.76382118075256 43.48418559182385 30.940000534057617 AB 3.924903089531951 1.1239431350527005
62743.2066 lsst_hardware_i 57.810682297889954 33.11697702456256 31.25 AB 3.888201546702475 1.0960399004092123
62745.1859 lsst_hardware_u 5.937281758021556 3.2699345976670453 28.40999984741211 AB 1.8293558445633091 1.119899506925809
62750.1761 lsst_hardware_r 27.28676763498778 40.52646854537893 31.59000015258789 AB 0.7720595026072604 1.1128785623162738
62750.1966 lsst_hardware_z 88.2713513142653 46.5932441238701 30.959999084472656 AB 0.7383353701311433 1.086586269508673
62752.1729 lsst_hardware_r 152.02877087826624 112.8434654529217 32.81999969482422 AB 2.826481299215223 1.1090764368119375
62752.1921 lsst_hardware_i 202.4012805339498 78.75985238435564 32.060001373291016 AB 2.7798953197380563 1.0857905750368348
62759.1567 lsst_hardware_r 122.6378140085516 73.5055481413284 31.639999389648438 AB 1.4899949036577211 1.1045180901836331
62759.1745 lsst_hardware_i 35.867328954700724 62.14498457431424 31.31999969482422 AB 1.0701522368633947 1.084613753577196
62761.1669 lsst_hardware_z 127.72754672396675 67.04453390475382 31.709999084472656 AB 0.8744760925403727 1.0863057050190965
62763.1475 lsst_hardware_r -2.905278210935764 25.489097220625577 31.510000228881836 AB 8.15701417689383 1.1020013748843325
62763.1673 lsst_hardware_g 19.22035455582777 16.688181956544266 31.459999084472656 AB 6.624157321129613 1.0821134233651069
62766.1451 lsst_hardware_r 4.316002302671249 25.398884530458908 31.510000228881836 AB 3.7000776402012647 1.0944816525935845
62766.1646 lsst_hardware_i 87.24715536677923 33.00971877402662 31.260000228881836 AB 3.656871946932542 1.0794397304796488
62768.1101 lsst_hardware_z 131.99652251841712 43.50036068574708 30.940000534057617 AB 4.229603007274824 1.1489323634393764
62768.1293 lsst_hardware_i -3.9281920537972677 32.755934049084246 31.25 AB 3.897637123444188 1.1089372283787433
62773.1383 lsst_hardware_z 39.93421431956853 60.64938870821821 31.690000534057617 AB 4.328851311344924 1.0831831794344744
62773.1573 lsst_hardware_u 0.5311598250258349 3.872924050665803 29.1299991607666 AB 4.288501925136188 1.0777387036991468
62775.1364 lsst_hardware_g -13.653809268760149 15.689840042673874 31.450000762939453 AB 6.299033125593025 1.0810697583971645
62775.1552 lsst_hardware_r 32.375747283253176 24.969135902298774 31.5 AB 6.484838090547632 1.0782604556822084
62782.1259 lsst_hardware_r -112.46323014514417 145.25 32.400001525878906 AB 5.343709835922342 1.0780491246270822
62782.1548 lsst_hardware_i -24.45049147511136 120.08000183105469 32.08000183105469 AB 5.400182145863717 1.0894053148807175
62784.1129 lsst_hardware_z 83.30737049144203 135.9199981689453 31.75 AB 3.4220436009226134 1.080531607490563
62786.0976 lsst_hardware_z 80.6401950746669 78.83000183105469 30.989999771118164 AB 6.285433180644181 1.0871943924084722
62786.1149 lsst_hardware_r 172.08248287287864 115.30999755859375 31.649999618530273 AB 6.2411742313429075 1.0780626560163937
62788.0996 lsst_hardware_i -29.608209250806112 56.060001373291016 31.309999465942383 AB 7.802814914763251 1.0817835939825584
62788.118 lsst_hardware_z 23.078750098641656 56.150001525878906 30.969999313354492 AB 7.768795889105176 1.0779389566891613
62790.1023 lsst_hardware_i 20.528984146426325 31.860000610351562 31.260000228881836 AB 8.392305821586024 1.0784253176029903
62790.1197 lsst_hardware_u -0.4784258001380349 3.5199999809265137 28.670000076293945 AB 8.328685961895678 1.0800578320086616
62792.0722 lsst_hardware_u -0.3378431443474398 2.799999952316284 28.450000762939453 AB 6.209343142164072 1.0967987179988352
62792.0895 lsst_hardware_g 22.659242690786204 15.3100004196167 31.459999084472656 AB 9.18297116598074 1.081324861558969
62795.074 lsst_hardware_r -28.02595142796627 24.3700008392334 31.510000228881836 AB 3.1957948201240858 1.086358398954393
62795.0912 lsst_hardware_i -7.3560023454337395 31.75 31.25 AB 2.9072313690461637 1.0779167751754661
62798.0761 lsst_hardware_g 50.937397302231794 15.1899995803833 31.440000534057617 AB 3.9865826143577663 1.0798869384264829
62798.0977 lsst_hardware_r -11.882323714403716 24.290000915527344 31.510000228881836 AB 3.347965434671042 1.0799888498938846
62800.0698 lsst_hardware_i 36.454273087956736 31.709999084472656 31.260000228881836 AB 2.3540552634816274 1.0802548054217793
62800.0873 lsst_hardware_z -51.54047061966586 42.119998931884766 30.950000762939453 AB 2.45735787119086 1.0783403223246173
62802.0721 lsst_hardware_i -14.586214169066862 31.989999771118164 31.260000228881836 AB 2.89042504443556 1.0779134978316465
62802.0895 lsst_hardware_u -4.337418674544526 2.940000057220459 28.549999237060547 AB 4.006618588231589 1.0813112418759827
62804.044 lsst_hardware_u 1.053688963711501 3.0299999713897705 28.579999923706055 AB 5.6420004491988855 1.0915071482296161
62804.0614 lsst_hardware_g -32.27230075340621 15.859999656677246 31.489999771118164 AB 5.622078172961376 1.0792317967035314
62808.0428 lsst_hardware_r 23.63058443170958 46.56999969482422 31.6200008392334 AB 3.285059684410692 1.08313549149393
62808.0634 lsst_hardware_i -87.01139803593132 44.4900016784668 31.299999237060547 AB 3.242348017837095 1.0779381137012092
62814.0283 lsst_hardware_z 113.5664597445838 100.05000305175781 31.739999771118164 AB 9.805244411950648 1.0819580040769423
62818.0219 lsst_hardware_y -2.1472670931652047 51.31999969482422 30.040000915527344 AB 5.732561013185212 1.0797139025336284
62818.0398 lsst_hardware_i -26.130569864758844 32.11000061035156 31.25 AB 5.449460433628669 1.0787806460708247
62821.0158 lsst_hardware_y -141.65373344239524 90.05000305175781 30.809999465942383 AB 7.096353265049123 1.0789513991838173
62821.0371 lsst_hardware_g 13.658748071853502 22.170000076293945 32.209999084472656 AB 7.065001265112639 1.0810330274957178
63033.4048 lsst_hardware_r 23.59283054677982 26.09000015258789 31.530000686645508 AB 7.742886859540666 1.1061266942200951
63033.426 lsst_hardware_y 2.3931890681466683 48.400001525878906 30.040000915527344 AB 7.625107747728854 1.082983701890672
63037.4353 lsst_hardware_g -1.9705868164801623 19.729999542236328 31.549999237060547 AB 3.9386308404212187 1.0779448543779888
63045.4021 lsst_hardware_i -81.60943123350998 32.45000076293945 31.25 AB 5.596469296846204 1.0787854651527655
63045.4212 lsst_hardware_y 48.39278653395387 48.08000183105469 30.030000686645508 AB 5.424164203764818 1.0802955992361716
63047.3714 lsst_hardware_u -3.5939035227460736 3.930000066757202 29.149999618530273 AB 3.970272557435513 1.09918952309947
63047.3917 lsst_hardware_g -8.000979759167052 15.9399995803833 31.459999084472656 AB 4.378087800027846 1.0807424833443215
63065.3482 lsst_hardware_u 1.9496715313706274 2.7899999618530273 28.450000762939453 AB 1.6955490735869585 1.078593558261424
63065.37 lsst_hardware_g 2.5850383997931874 15.319999694824219 31.440000534057617 AB 1.7284573095560338 1.0820893006402548
63069.3484 lsst_hardware_z -8.352682800369998 42.04999923706055 30.950000762939453 AB 4.731475874963041 1.078030502383822
63069.37 lsst_hardware_u -0.1319576859400439 2.7699999809265137 28.43000030517578 AB 4.697088869567015 1.090993079026095
63073.3025 lsst_hardware_i -43.64065333859772 45.11000061035156 32.0 AB 9.522114480436425 1.0965124919894549
63077.3819 lsst_hardware_i -38.09129873392597 32.5 31.239999771118164 AB 5.493223083904772 1.1516190951582332
63077.4077 lsst_hardware_z -8.00764904469859 44.650001525878906 30.93000030517578 AB 5.898022608505149 1.2389719265131167
63079.1432 lsst_hardware_z -26.551303271734078 99.41999816894531 31.59000015258789 AB 8.797543914104443 2.1480126753734297
63083.2316 lsst_hardware_z 193.1588045552164 187.0800018310547 32.4900016784668 AB 1.2754741073880054 1.1962242507742136
63085.2935 lsst_hardware_z -134.21340036813126 61.779998779296875 30.979999542236328 AB 4.474856650633447 1.0786252572634052
63085.317 lsst_hardware_r 15.671581735254058 76.08999633789062 31.639999389648438 AB 4.540344000622876 1.0830973283928615
63088.241 lsst_hardware_i -23.442232464918 34.5099983215332 31.260000228881836 AB 5.204541560509234 1.1315450724011815
63088.2605 lsst_hardware_z -20.840824924560195 43.970001220703125 30.950000762939453 AB 4.557972991166118 1.0978437986791398
63091.3034 lsst_hardware_i 26.234983964231382 32.060001373291016 31.260000228881836 AB 4.004324084147665 1.0850846583364642
63091.3211 lsst_hardware_u 4.861843607006956 2.859999895095825 28.489999771118164 AB 3.986703508038605 1.1052685079120057
63099.2621 lsst_hardware_z -41.02202333328312 42.11000061035156 30.950000762939453 AB 1.1194374596321162 1.0776774581295943
63099.28 lsst_hardware_u 2.8727692604970763 2.7300000190734863 28.399999618530273 AB 1.0850184003653764 1.0839344658994772
63102.2142 lsst_hardware_i -25.109961574602263 32.029998779296875 31.25 AB 2.829346239737839 1.109692602851813
63102.2311 lsst_hardware_z -15.759124004713977 42.25 30.940000534057617 AB 2.8238487336204003 1.0881184510771564
63110.1946 lsst_hardware_z -40.63182901906758 144.57000732421875 31.75 AB 1.7426847114672954 1.1061153357456652
63113.197 lsst_hardware_r 141.94967074535091 91.6500015258789 31.639999389648438 AB 1.6382945923653462 1.092196394910231
63113.2154 lsst_hardware_i -18.567469736718348 75.30999755859375 31.329999923706055 AB 1.7949635121808198 1.079136380068629
63118.1647 lsst_hardware_r -39.15825008096534 24.84000015258789 31.5 AB 3.6989596289771405 1.1200483357992856
63118.1823 lsst_hardware_g -16.009487162897184 15.65999984741211 31.440000534057617 AB 3.539753083460691 1.0933600257792593
63121.1643 lsst_hardware_r -27.33755751334602 24.8799991607666 31.5 AB 3.8216772728293456 1.1065297930740052
63121.1827 lsst_hardware_i -75.5155002392988 32.209999084472656 31.25 AB 2.9213907731744038 1.0851784330008618
63123.1643 lsst_hardware_z 39.57659128239747 42.83000183105469 30.940000534057617 AB 1.8508237746105383 1.0986834180225802
63123.1819 lsst_hardware_i -20.057716438088168 32.27000045776367 31.260000228881836 AB 0.9673127555525911 1.0820053194100572
63125.1603 lsst_hardware_u -2.0315807410271622 2.809999942779541 28.440000534057617 AB 3.4802534213485457 1.096804923081753
63125.18 lsst_hardware_g 2.3502203161271225 15.819999694824219 31.469999313354492 AB 3.2401495971742342 1.0801698846008487
63128.1445 lsst_hardware_g -11.889922488903844 15.789999961853027 31.459999084472656 AB 8.270532355987061 1.1076111364653891
63128.1643 lsst_hardware_r -5.015948328410378 24.860000610351562 31.510000228881836 AB 8.076471500653106 1.084636092080323
63132.1419 lsst_hardware_r 13.1545926582929 27.920000076293945 31.540000915527344 AB 1.4466166822839872 1.0959217290033643
63132.1569 lsst_hardware_g 4.203599458836738 19.360000610351562 31.540000915527344 AB 1.4329110713867377 1.0822591173615843
63135.1349 lsst_hardware_r -64.70081967835999 54.7599983215332 31.6299991607666 AB 3.1101874509204914 1.0944941176259795
63135.1543 lsst_hardware_i -8.613287021653967 49.0099983215332 31.309999465942383 AB 3.0863147189848257 1.079508471138449
63136.1355 lsst_hardware_z 36.236235941759496 60.439998626708984 30.979999542236328 AB 4.247929322658965 1.0908209084314253
63136.1552 lsst_hardware_i -35.702899258706054 63.619998931884766 31.31999969482422 AB 4.196458630588787 1.0783884096851357
63144.0778 lsst_hardware_r 39.850164632503656 24.920000076293945 31.5 AB 3.298266220613376 1.1568128440802161
63144.0956 lsst_hardware_g 1.8353977118348273 15.520000457763672 31.440000534057617 AB 3.9376553715501066 1.1165110573615256
63146.1118 lsst_hardware_r -44.29834102900146 24.5 31.510000228881836 AB 8.626718349094077 1.0873672068015598
63146.1314 lsst_hardware_i -14.70948966987283 31.889999389648438 31.25 AB 4.220667764503223 1.0778007570232948
63148.0997 lsst_hardware_z 47.798468229564605 42.29999923706055 30.940000534057617 AB 6.488664928644028 1.0941484338110328
63148.1199 lsst_hardware_i 26.457455470370817 31.700000762939453 31.25 AB 6.211563009186914 1.0791145164641252
63152.1032 lsst_hardware_r 12.544923377236172 24.15999984741211 31.5 AB 5.655983245546704 1.0817257259110105
63152.1206 lsst_hardware_i 22.52836191312495 31.59000015258789 31.25 AB 5.657534998304762 1.077865239571648
63154.0707 lsst_hardware_i -22.606504976180847 31.950000762939453 31.239999771118164 AB 6.594904128228964 1.112250527585315
63154.0881 lsst_hardware_z -62.96703214906301 42.34000015258789 30.950000762939453 AB 6.752279937572676 1.0890774092859155
63160.0742 lsst_hardware_z 6.339586526597934 42.459999084472656 30.950000762939453 AB 3.116456801415012 1.086820157424943
63160.0915 lsst_hardware_i -10.683326101281487 32.11000061035156 31.260000228881836 AB 2.8994216654586866 1.0780188996283266
63162.0699 lsst_hardware_z 10.085284213679184 44.630001068115234 30.959999084472656 AB 4.70526754003269 1.0858518525430918
63162.0882 lsst_hardware_g 0.09501343227585637 29.329999923706055 31.639999389648438 AB 5.740845430337102 1.0777557128292852
63164.0647 lsst_hardware_r -33.88566040803099 63.66999816894531 31.639999389648438 AB 4.128151846157374 1.0856415111524982
63164.0809 lsst_hardware_i -5.604374798376794 56.09000015258789 31.31999969482422 AB 4.119902367720637 1.0779676081513705
63167.078 lsst_hardware_z -18.736318360779997 117.97000122070312 31.739999771118164 AB 2.841399435161528 1.0777164555891745
63169.0438 lsst_hardware_r -105.05130804629138 108.02999877929688 31.649999618530273 AB 5.61117087406265 1.0925176935479357
63169.0607 lsst_hardware_z 99.768591059133 73.94000244140625 30.989999771118164 AB 5.567484888599688 1.0798069993405137
63171.0484 lsst_hardware_r -64.55502419140511 54.47999954223633 31.6200008392334 AB 4.575297878178932 1.0835518953647865
63171.0676 lsst_hardware_i -113.7925674964057 55.97999954223633 31.309999465942383 AB 4.508591276004813 1.0777509026306324
63180.0192 lsst_hardware_y -86.31741512739158 50.16999816894531 30.040000915527344 AB 13.130650020750355 1.0871543319051462
63180.0369 lsst_hardware_z -27.470480140513978 42.540000915527344 30.950000762939453 AB 14.008433797080187 1.0780140927361441
63185.0148 lsst_hardware_y -117.67402512723582 63.630001068115234 30.049999237060547 AB 6.030381576404713 1.080810390967757
63185.0318 lsst_hardware_r -8.814471184896643 24.75 31.510000228881836 AB 6.020116592373018 1.0780528436895072
