data/validation/pwv_sim_epoch_fit_seasonal/20238417.ecsv
# %ECSV 0.9
# ---
# datatype:
# - {name: time, datatype: float64}
# - {name: band, datatype: string}
# - {name: flux, datatype: float64}
# - {name: fluxerr, datatype: float64}
# - {name: zp, datatype: float64}
# - {name: zpsys, datatype: string}
# - {name: pwv, datatype: float64}
# - {name: airmass, datatype: float64}
# meta: {SNID: '20238417', alt: 1024.0, c: -0.09669756889343262, dec: -40.228184, lat: -30.244573, lon: -70.7499537, ra: 33.925781, t0: 60309.08203125,
#   x0: 2.7122168839475694e-06, x1: -0.5137616395950317, z: 0.7869380116462708}
# schema: astropy-2.0
time band flux fluxerr zp zpsys pwv airmass
60160.3184 lsst_hardware_i -75.3899364101959 169.50999450683594 32.81999969482422 AB 2.175771153884138 1.1800259353977065
60160.336 lsst_hardware_z -99.01886122026042 209.49000549316406 32.5 AB 2.1093218398688984 1.124971647930079
60164.4343 lsst_hardware_i -1.5811160035282632 86.11000061035156 31.34000015258789 AB 1.901010434298276 1.021865490574239
60176.4137 lsst_hardware_r -56.960972645020384 80.4000015258789 31.65999984741211 AB 1.7123827765515478 1.031400558079535
60176.4236 lsst_hardware_i 117.54190409329928 85.94000244140625 31.34000015258789 AB 2.695717935799215 1.04232689639409
60178.4115 lsst_hardware_z -96.82735120402144 105.44000244140625 31.010000228881836 AB 1.3325796697226882 1.0346784882993099
60178.4224 lsst_hardware_u -2.096494940832352 28.989999771118164 29.520000457763672 AB 1.7487447693635167 1.047936940442557
60179.4077 lsst_hardware_g 176.29106261054747 88.02999877929688 31.729999542236328 AB 2.3608426812854084 1.0335684850574571
60179.419 lsst_hardware_r 35.08585126361784 80.06999969482422 31.649999618530273 AB 1.6210451393328797 1.0470176905104986
60181.4186 lsst_hardware_i -99.6428624866535 85.76000213623047 31.34000015258789 AB 2.206405466264986 1.0543091464651706
60183.4001 lsst_hardware_i -105.266167317806 85.81999969482422 31.34000015258789 AB 3.366502328836359 1.037123329894134
60183.4125 lsst_hardware_u -20.291528310436014 28.700000762939453 29.5 AB 3.4760302279970254 1.053342493332432
60185.3992 lsst_hardware_z 7.489742056666763 105.19000244140625 31.0 AB 7.711326963957753 1.0425408243295746
60185.4107 lsst_hardware_r 29.679576021422662 79.9000015258789 31.649999618530273 AB 7.8835609543597 1.0590490266469237
60198.3858 lsst_hardware_r 49.96437075683995 79.80000305175781 31.639999389648438 AB 2.6905617645531064 1.0780574034070345
60198.3975 lsst_hardware_i -28.66574225394355 85.37999725341797 31.329999923706055 AB 2.7583853347985947 1.1036484401701498
60202.3688 lsst_hardware_u 25.83343333930336 28.399999618530273 29.479999542236328 AB 1.405890371527481 1.0666846521452815
60202.381 lsst_hardware_g -63.639480109405795 86.94000244140625 31.709999084472656 AB 1.2957083000164462 1.0908165848320472
60204.3768 lsst_hardware_r -65.88886916229855 79.79000091552734 31.639999389648438 AB 0.7655290369553698 1.0936129099362426
60204.3884 lsst_hardware_i 120.42465179835877 85.37000274658203 31.329999923706055 AB 0.7855471486152802 1.1222102123075433
60208.3499 lsst_hardware_i -86.29020039326738 85.5999984741211 31.329999923706055 AB 2.342989295236827 1.062339285983599
60208.3622 lsst_hardware_z -136.98224383792564 104.81999969482422 30.989999771118164 AB 2.233106020889137 1.085613038837694
60210.3579 lsst_hardware_r 0.11253462561202708 79.69999694824219 31.639999389648438 AB 1.9233676568163949 1.088082777757719
60210.3695 lsst_hardware_g 60.71753402198878 86.58000183105469 31.700000762939453 AB 1.9581594798591229 1.115548507325744
60214.339 lsst_hardware_z -34.61398558927261 105.0999984741211 31.0 AB 5.291013346337489 1.0720680831428115
60214.352 lsst_hardware_i 22.431303236537758 85.44000244140625 31.329999923706055 AB 5.484972456546508 1.099339749441626
60216.3242 lsst_hardware_z -48.64878368263148 105.2300033569336 31.0 AB 6.421891514408634 1.056087408152589
60216.3362 lsst_hardware_r 52.96072736594733 79.91000366210938 31.649999618530273 AB 7.473506760000142 1.0771587249273549
60222.3367 lsst_hardware_r 73.62631808826869 79.44999694824219 31.6299991607666 AB 8.477433148803044 1.1154517301056637
60222.3487 lsst_hardware_i 89.96232229707688 84.93000030517578 31.309999465942383 AB 8.73675011550463 1.1495723836190304
60225.3196 lsst_hardware_u 24.00572058743854 28.1200008392334 29.459999084472656 AB 3.8844942526646786 1.0939155879089493
60225.3307 lsst_hardware_r 6.128652579489437 79.36000061035156 31.6299991607666 AB 3.9960554440161924 1.1212276778945545
60228.3204 lsst_hardware_i -33.307387277443446 85.22000122070312 31.31999969482422 AB 5.038521117303217 1.1156632359234828
60228.3307 lsst_hardware_z -110.21435800240641 104.5 30.989999771118164 AB 5.166370698255212 1.1446061660708688
60234.2156 lsst_hardware_r 163.26130749030418 80.37000274658203 31.65999984741211 AB 5.353360428466784 1.0153844048493716
60234.2274 lsst_hardware_u -6.853440488611444 29.209999084472656 29.540000915527344 AB 5.314012340134922 1.0156266119040416
60239.3029 lsst_hardware_z -162.49512626769695 104.54000091552734 30.989999771118164 AB 2.8912010890926036 1.15149064285102
60239.3135 lsst_hardware_r -29.633256762245754 78.80999755859375 31.6200008392334 AB 2.948030520750326 1.187365451064104
60241.29 lsst_hardware_z -118.30573617140028 104.55000305175781 30.989999771118164 AB 3.385990659788321 1.1294164975945813
60241.3011 lsst_hardware_r 83.25776852796025 78.83999633789062 31.6200008392334 AB 3.6230977055681124 1.163268828543608
60243.2902 lsst_hardware_i -28.809196799507664 85.26000213623047 31.31999969482422 AB 1.6043863094415045 1.1459902210296462
60243.3013 lsst_hardware_z -99.62914077118715 104.45999908447266 30.989999771118164 AB 1.5864552896531847 1.1827449972559854
60245.2869 lsst_hardware_r -1.44557877115489 79.13999938964844 31.6200008392334 AB 2.5520579865202957 1.1526910508223367
60245.2985 lsst_hardware_z 28.52660402920474 104.25 30.979999542236328 AB 3.4133986338384794 1.1924536712099492
60247.2898 lsst_hardware_y 102.90997705045898 111.29000091552734 30.030000686645508 AB 4.159543488187384 1.1806822277002889
60247.3009 lsst_hardware_r 6.653772191849605 78.37000274658203 31.600000381469727 AB 5.425823312389431 1.2233410320476705
60251.2772 lsst_hardware_z -151.3760277810342 104.37999725341797 30.989999771118164 AB 6.2293339161214565 1.1747918747989545
60251.2887 lsst_hardware_r -54.87008210993232 78.51000213623047 31.610000610351562 AB 6.480315579713749 1.2180853519926849
60268.1868 lsst_hardware_r -31.02134757533943 80.0199966430664 31.649999618530273 AB 5.410810883170938 1.0635674719988943
60268.2 lsst_hardware_i 3.6166216371952036 85.47000122070312 31.329999923706055 AB 5.663218559075889 1.0890804921299786
60272.1772 lsst_hardware_z 122.64250003645834 105.12999725341797 31.0 AB 8.398929475954661 1.06585399441049
60272.1895 lsst_hardware_r 67.62744978846787 79.79000091552734 31.639999389648438 AB 8.404614034163995 1.089998361684765
60274.1761 lsst_hardware_i -63.77505819989928 85.71003293828605 31.329999923706055 AB 4.948485242735076 1.073812349237268
60274.1882 lsst_hardware_z -51.17229448675068 104.96025107773696 31.0 AB 5.115862498990747 1.0993973851699315
60276.168 lsst_hardware_z -32.86864624196263 105.05250904447271 31.0 AB 3.4735456804991784 1.0689203273748134
60276.1802 lsst_hardware_i 27.431095203752786 85.29250916572686 31.31999969482422 AB 3.5651826584042046 1.0935863577321885
60280.1673 lsst_hardware_r -135.34246145978727 79.83999082944202 31.639999389648438 AB 6.908961730477667 1.0892261911520482
60280.1789 lsst_hardware_i -6.789786175833011 85.30746037839222 31.31999969482422 AB 7.098426171043441 1.116924289999456
60282.1797 lsst_hardware_z -68.21636992254163 104.5784854408172 30.989999771118164 AB 4.110563788374631 1.134105059559611
60282.1911 lsst_hardware_u -4.016787689439154 27.046431460640736 29.3700008392334 AB 4.222882243053741 1.1698004782346059
60284.177 lsst_hardware_g 37.71698596137292 86.50488723498584 31.690000534057617 AB 5.939501383887633 1.1422118045937755
60284.1892 lsst_hardware_r -18.799557680669235 79.00897593181368 31.610000610351562 AB 6.147485073478918 1.182208667976715
60286.1774 lsst_hardware_i 241.35458635137346 86.06217427568455 31.31999969482422 AB 5.143851190896002 1.160550779151817
60286.1896 lsst_hardware_z -33.4370148024062 104.76872991422843 30.979999542236328 AB 5.342019502320081 1.2040388803335957
60287.0902 lsst_hardware_z 119.8645118771466 105.90394819823469 31.010000228881836 AB 6.264803997298923 1.017757127333207
60287.1026 lsst_hardware_i 244.93741675487937 87.18745688797253 31.34000015258789 AB 6.367142285585457 1.024644719276707
60293.0832 lsst_hardware_g 139.82317304308557 18.4599720653804 31.399999618530273 AB 7.854126639903298 1.0225771460875406
60293.0957 lsst_hardware_r 359.46558754726084 28.806420706103616 31.489999771118164 AB 8.032775151222738 1.0328327215080289
60297.0806 lsst_hardware_r 595.4750563760401 38.09773304214163 31.559999465942383 AB 4.176856254636584 1.0289090416643882
60297.0924 lsst_hardware_g 226.24389417485574 28.066504320458662 31.610000610351562 AB 3.2070705377113446 1.041313016194966
60301.0766 lsst_hardware_r 757.5405349715771 66.12406623601616 31.639999389648438 AB 5.06745425904031 1.0356891219893674
60301.0881 lsst_hardware_i 975.3469960628229 60.156816756198346 31.31999969482422 AB 4.463477929696615 1.0501065591569498
60303.0741 lsst_hardware_z 609.6267510468675 59.7942709318506 30.979999542236328 AB 7.448384341692327 1.0390194841011007
60303.0866 lsst_hardware_i 1004.6287143636985 66.65688944327542 31.329999923706055 AB 6.360941940845355 1.0560209082502456
60524.3944 lsst_hardware_r -15.130924936752763 30.479999542236328 32.22999954223633 AB 2.8559414505425837 1.0287973525009309
60524.4129 lsst_hardware_y 24.419162795941524 65.81999969482422 30.799999237060547 AB 2.7815604422848015 1.0173959189044628
60530.3638 lsst_hardware_i -20.78729819684903 42.06999969482422 31.989999771118164 AB 5.1382637702476766 1.0442210615596146
60530.3843 lsst_hardware_y 37.027774323942275 46.5099983215332 30.049999237060547 AB 3.9718703415447205 1.0238538429828288
60534.4293 lsst_hardware_g 23.990484452426973 24.190000534057617 31.6200008392334 AB 4.799485463968102 1.0276170568393324
60538.4105 lsst_hardware_z -61.705757733007346 40.52000045776367 30.950000762939453 AB 3.9125961854612514 1.021899101654914
60538.4218 lsst_hardware_u 0.5277416159132606 4.389999866485596 28.850000381469727 AB 4.132382217495345 1.030647765929753
60540.4199 lsst_hardware_z 4.698335913159615 52.13999938964844 30.979999542236328 AB 2.378831066939651 1.034161968020297
60542.4147 lsst_hardware_i -24.415620977214065 70.98999786376953 31.34000015258789 AB 1.1378763851375802 1.0344330773978
60542.4246 lsst_hardware_z 32.99840496556869 73.0199966430664 30.989999771118164 AB 1.5829037374983035 1.0462596998060942
60547.2315 lsst_hardware_y 125.13735628872695 114.83999633789062 31.709999084472656 AB 3.2023232863767115 1.2988534927507525
60547.2537 lsst_hardware_r 122.33160231804223 81.18000030517578 33.08000183105469 AB 2.662462457582272 1.1996226294817431
60548.4012 lsst_hardware_z 31.99208607516096 42.66999816894531 30.950000762939453 AB 3.3614701025227434 1.03757083186133
60548.4125 lsst_hardware_g -25.010446639134944 28.56999969482422 31.639999389648438 AB 3.4725953731036525 1.052301628213228
60550.4052 lsst_hardware_r 19.251071613402864 23.610000610351562 31.5 AB 7.836220764959888 1.049634428489515
60550.4164 lsst_hardware_i 12.144543890282192 35.41999816894531 31.270000457763672 AB 7.888536935184881 1.0675573261257056
60554.391 lsst_hardware_i -36.974433948075045 29.940000534057617 31.25 AB 2.230332974900052 1.0451419751171753
60554.4013 lsst_hardware_z -9.248049214953717 41.54999923706055 30.950000762939453 AB 2.2522712973915318 1.0603913829526985
60558.3718 lsst_hardware_u 1.7795489749156912 2.5 28.329999923706055 AB 0.916118755982136 1.035259918239536
60558.3843 lsst_hardware_g -0.07519261066610969 12.989999771118164 31.3799991607666 AB 0.7673939738876462 1.050984670925788
60560.3915 lsst_hardware_r 9.336951861410599 22.06999969482422 31.479999542236328 AB 2.4270466637319728 1.0719381657999143
60560.4037 lsst_hardware_i -17.375946359473232 32.27000045776367 31.239999771118164 AB 2.4812405435601295 1.097327578783871
60579.3526 lsst_hardware_r -27.875773800636363 24.209999084472656 31.489999771118164 AB 5.442843025409727 1.099120158604549
60579.3647 lsst_hardware_i -4.607487274162388 31.59000015258789 31.229999542236328 AB 5.447713088830924 1.130230931292917
60581.3465 lsst_hardware_i 18.247728140758397 30.399999618530273 31.239999771118164 AB 7.61375047742567 1.097635764063385
60581.3584 lsst_hardware_z 41.495322199320164 41.97999954223633 30.940000534057617 AB 7.830302745141875 1.1278794015328928
60583.3331 lsst_hardware_z 79.26654633020696 41.529998779296875 30.950000762939453 AB 4.756590126162635 1.080470233852344
60583.3451 lsst_hardware_r 15.812353676823678 22.350000381469727 31.479999542236328 AB 4.629356139454153 1.1073248619329021
60585.3356 lsst_hardware_u 2.790350894415264 2.680000066757202 28.43000030517578 AB 3.1832835269312496 1.0976839748038791
60585.3476 lsst_hardware_r 2.6078167462608848 22.549999237060547 31.479999542236328 AB 3.271826205045182 1.1282159327742007
60587.3409 lsst_hardware_i 42.65228491585864 30.899999618530273 31.229999542236328 AB 8.548422993560928 1.1247924991527538
60587.3524 lsst_hardware_z 52.86867935842087 42.849998474121094 30.940000534057617 AB 8.809312338620202 1.1591200445552898
60589.3333 lsst_hardware_r 8.990970096973438 22.350000381469727 31.479999542236328 AB 5.327346232910399 1.119033657662176
60589.3444 lsst_hardware_u -0.9803926175138618 2.609999895095825 28.360000610351562 AB 4.143715267804265 1.151032018834518
60591.2459 lsst_hardware_u 3.0062659973250065 2.6600000858306885 28.459999084472656 AB 3.15316352169227 1.0151029446093507
60591.2579 lsst_hardware_g 1.1287009646051849 13.260000228881836 31.420000076293945 AB 2.6301012236126406 1.0179066852658503
60597.3107 lsst_hardware_z -49.177217470351614 51.93000030517578 30.959999084472656 AB 6.317973850008167 1.1170392238345417
60597.3217 lsst_hardware_r -45.44159548121165 46.63999938964844 31.59000015258789 AB 6.544926170044854 1.1483669733380009
60598.3041 lsst_hardware_i 80.28418790061268 63.0 31.309999465942383 AB 7.768569951229412 1.1072122121567556
60598.3167 lsst_hardware_z -55.37016565229406 59.709999084472656 30.969999313354492 AB 8.046254789225454 1.1414746473578121
60600.3007 lsst_hardware_r -149.84240116222048 99.69999694824219 31.639999389648438 AB 6.837373920464815 1.1123710282751869
60600.3119 lsst_hardware_z -12.000473503070584 69.66999816894531 30.979999542236328 AB 7.068089408375043 1.1434570872047631
60602.2986 lsst_hardware_y -22.022817497145187 52.880001068115234 30.040000915527344 AB 1.4389948727206388 1.1211491022371132
60602.3093 lsst_hardware_r 126.3969342314661 77.01000213623047 31.6299991607666 AB 1.3936670213600766 1.1522670701618785
60604.2965 lsst_hardware_i 26.848301792314302 44.83000183105469 31.290000915527344 AB 2.8573478482086005 1.1303917904095664
60604.3076 lsst_hardware_z 65.96869305592422 49.220001220703125 30.950000762939453 AB 2.952195087109727 1.1644208863169407
60606.261 lsst_hardware_z 96.4391555443865 43.099998474121094 30.950000762939453 AB 3.162992476539278 1.063190748416564
60606.2726 lsst_hardware_r 40.28551891789777 33.29999923706055 31.56999969482422 AB 3.2150922345355935 1.0852021493706998
60608.2929 lsst_hardware_r 15.957415706612926 24.899999618530273 31.5 AB 1.5754565873863968 1.1522110585461551
60608.304 lsst_hardware_i 44.254481913014324 32.709999084472656 31.239999771118164 AB 1.6323422806301868 1.1900429749426689
60610.2906 lsst_hardware_z -14.84645539868192 42.790000915527344 30.940000534057617 AB 2.6412143465346127 1.1623784119417373
60610.3018 lsst_hardware_i -27.981864390421418 31.6200008392334 31.239999771118164 AB 3.459216217094935 1.2023343839285086
60612.2394 lsst_hardware_z 100.61797614481647 41.22999954223633 30.959999084472656 AB 5.51852909584793 1.0547647354446903
60612.251 lsst_hardware_r 1.9676672114308418 22.25 31.5 AB 3.730376412432324 1.0747267105828266
60614.2808 lsst_hardware_g 6.725977544341494 13.329999923706055 31.3700008392334 AB 5.8396300438833215 1.1660991201551363
60614.2923 lsst_hardware_r -1.8716582462258304 22.770000457763672 31.469999313354492 AB 6.539411780792754 1.20787066508926
60616.2859 lsst_hardware_i 40.71043360806052 31.350000381469727 31.229999542236328 AB 6.4090568694186745 1.204200642476147
60616.2978 lsst_hardware_z -1.1520320856882187 43.83000183105469 30.93000030517578 AB 6.021256035169467 1.2544283406603056
