data/validation/pwv_sim_epoch_fit_seasonal/20275250.ecsv
# %ECSV 0.9
# ---
# datatype:
# - {name: time, datatype: float64}
# - {name: band, datatype: string}
# - {name: flux, datatype: float64}
# - {name: fluxerr, datatype: float64}
# - {name: zp, datatype: float64}
# - {name: zpsys, datatype: string}
# - {name: pwv, datatype: float64}
# - {name: airmass, datatype: float64}
# meta: {SNID: '20275250', alt: 1024.0, c: 0.0026240432634949684, dec: -21.702768, lat: -30.244573, lon: -70.7499537, ra: 56.777344, t0: 59834.9453125,
#   x0: 8.372199380331932e-06, x1: 0.41498956084251404, z: 0.4956516921520233}
# schema: astropy-2.0
time band flux fluxerr zp zpsys pwv airmass
59843.348 lsst_hardware_i 1991.21121874087 53.70874505169135 31.260000228881836 AB 2.1289026474545625 1.0120763715020502
59843.3684 lsst_hardware_z 1641.359506472672 57.054569016163676 30.959999084472656 AB 2.4295225297919067 1.0146262392114875
59854.2695 lsst_hardware_u 8.389062578765046 4.493037580230405 29.270000457763672 AB 3.8597816192653362 1.062422686282779
59854.2997 lsst_hardware_g 247.12718850876774 20.37670799085591 31.420000076293945 AB 3.2652281792093687 1.0213945610373205
59857.3265 lsst_hardware_r 1068.6203334029424 39.11238325460243 31.5 AB 7.00793387352927 1.013158638631736
59857.3464 lsst_hardware_i 1257.764212950758 46.017855749541475 31.25 AB 7.801411798574278 1.026501552443984
59863.2989 lsst_hardware_z 923.7998026910387 74.78050873076987 31.0 AB 4.5790536287366015 1.0114240087033934
59863.3172 lsst_hardware_r 824.3053034694225 100.35723319507267 31.670000076293945 AB 4.577270714583086 1.0163807515450163
59866.2973 lsst_hardware_i 898.6343530693812 59.30133791086284 31.31999969482422 AB 5.1005340363379315 1.0119437939960183
59866.3154 lsst_hardware_r 563.9445295367319 64.8948346904054 31.649999618530273 AB 5.1359505613955925 1.0207255173359486
59868.2759 lsst_hardware_z 886.9620843503797 52.24839364575051 30.969999313354492 AB 7.3738944050152515 1.0131179269779715
59868.2934 lsst_hardware_g 29.730104243127307 37.8021744470264 31.700000762939453 AB 7.13029238572389 1.012274431875212
59872.2761 lsst_hardware_z 680.0959098835555 48.73819588533134 30.959999084472656 AB 1.3064223014285679 1.0114237172350202
59872.2938 lsst_hardware_r 439.55162050658083 29.624636121204627 31.510000228881836 AB 1.2672738501430791 1.0170737160061882
59876.2784 lsst_hardware_r 315.5817282194807 28.400500597984998 31.510000228881836 AB 2.99817326361274 1.014667470340977
59876.2959 lsst_hardware_z 615.2716423805936 48.125225691295014 30.950000762939453 AB 3.3394525380828064 1.0279192114144844
59878.2593 lsst_hardware_i 492.63509679462135 37.41255263021875 31.260000228881836 AB 1.4159789661846778 1.0114135472747698
59878.2762 lsst_hardware_r 276.52522365788366 28.07925927213809 31.510000228881836 AB 1.4228929380520465 1.0163520986086048
59882.2086 lsst_hardware_r 234.4930448350081 27.32367263140674 31.520000457763672 AB 5.474861199224719 1.0371019509800021
59882.2248 lsst_hardware_i 437.61416162102836 36.45455087211497 31.270000457763672 AB 5.1477826907581585 1.0201709652708861
59884.2457 lsst_hardware_i 343.40218557720755 35.88332613864569 31.260000228881836 AB 4.971589475879157 1.011582231934196
59884.2645 lsst_hardware_z 570.4167747168302 46.490509884437934 30.959999084472656 AB 5.145211291185148 1.0193920138393504
59886.2457 lsst_hardware_i 342.3234184767384 44.307673298958406 31.309999465942383 AB 4.613631218966298 1.0126495212831397
59886.2651 lsst_hardware_z 423.21377793579825 49.503143930926676 30.969999313354492 AB 5.448953856788971 1.0244320091725834
59895.2298 lsst_hardware_g 63.775867080229794 62.41947290369749 31.729999542236328 AB 7.020492755993904 1.0163579813237646
59895.2472 lsst_hardware_r 170.8330387403022 62.2973904150183 31.639999389648438 AB 7.033652076289438 1.0314533168212106
59902.2115 lsst_hardware_g 29.329482703749804 14.317998545630864 31.399999618530273 AB 5.407090142451571 1.0168322344019074
59902.2331 lsst_hardware_r 180.2762314306313 25.476196426532738 31.489999771118164 AB 5.525531785311031 1.0377722352015661
59904.2123 lsst_hardware_i 266.89452116714006 33.78722821350548 31.25 AB 3.3484741343417217 1.0212395062293345
59904.2326 lsst_hardware_z 302.97786377389514 44.51452533509472 30.950000762939453 AB 3.4280893736414884 1.0449368137496917
59906.1911 lsst_hardware_z 326.2515111104248 43.825692868881674 30.950000762939453 AB 6.26981080768957 1.0126481155922749
59906.2101 lsst_hardware_i 189.72708837539938 33.70293320150858 31.25 AB 6.310958030279849 1.0240628564928358
59908.1909 lsst_hardware_u -0.8809251132057402 2.7559692539512564 28.43000030517578 AB 6.031981001054872 1.0146025064149933
59908.2103 lsst_hardware_g 9.555818560692229 14.183349203444788 31.40999984741211 AB 6.412734829338823 1.0298411192278933
59916.184 lsst_hardware_i -67.21210073898874 48.540000915527344 31.31999969482422 AB 6.5452525182278904 1.0251965841199633
59916.2035 lsst_hardware_z 44.819316552653355 50.79999923706055 30.969999313354492 AB 6.71191884514907 1.0508260149712048
59918.1668 lsst_hardware_i -5.926767233700632 62.880001068115234 31.34000015258789 AB 2.4422783598569917 1.0162398251771525
59918.1828 lsst_hardware_z -208.06521752938676 58.790000915527344 30.989999771118164 AB 2.5549176820088793 1.0296205858248497
59920.1693 lsst_hardware_z 11.450581945279335 98.41000366210938 31.75 AB 4.15157694544252 1.0218008726168097
59924.1723 lsst_hardware_z 30.592626279678573 72.05999755859375 31.729999542236328 AB 10.471573616580208 1.0367894669881395
59927.1479 lsst_hardware_g 44.38051960865566 89.87999725341797 31.739999771118164 AB 7.294407892132885 1.019982925558678
59927.1654 lsst_hardware_r -15.61276748104089 83.3499984741211 31.65999984741211 AB 7.422901478827107 1.0385311617806376
59933.0885 lsst_hardware_u -25.249952450863344 29.06999969482422 29.559999465942383 AB 3.4011623150576535 1.018058063873423
59933.1066 lsst_hardware_g 115.88512323180242 89.44000244140625 31.75 AB 3.401069022552955 1.0114703412796893
59937.0946 lsst_hardware_z 79.35003082867982 150.55999755859375 31.760000228881836 AB 6.246219891305276 1.0115608882245242
59937.1165 lsst_hardware_u 55.808399204770225 41.209999084472656 30.299999237060547 AB 6.270007328783153 1.0171703115505994
59939.0758 lsst_hardware_g -70.59506484502157 89.95999908447266 31.739999771118164 AB 9.820876351869051 1.0158388820427764
59939.0958 lsst_hardware_r 67.32785419493777 83.58999633789062 31.65999984741211 AB 7.6633219274777735 1.0116040166077445
59944.0783 lsst_hardware_i -70.80882419197538 88.29000091552734 31.350000381469727 AB 7.590149496608053 1.011401853970314
59944.0991 lsst_hardware_z -79.27314460765675 106.52999877929688 31.010000228881836 AB 7.613148299748489 1.0182770413627351
59946.0541 lsst_hardware_y -299.9322428044149 114.5999984741211 30.09000015258789 AB 7.191973265822877 1.0173481609519357
59946.0752 lsst_hardware_z 22.17831139965965 106.47000122070312 31.010000228881836 AB 7.149055701407456 1.011467982655271
59948.0564 lsst_hardware_y -151.47590673968935 113.16000366210938 30.09000015258789 AB 2.2489189584177867 1.013483081756551
59948.0791 lsst_hardware_i -35.86772881723739 86.97000122070312 31.34000015258789 AB 2.3062731973679695 1.0135237079182464
59952.0364 lsst_hardware_y 36.183986697068335 114.54000091552734 30.09000015258789 AB 10.312352932684533 1.0182023037800685
59952.0582 lsst_hardware_r 46.13787625821349 83.75 31.670000076293945 AB 8.285654277353157 1.0114324069034615
59954.0363 lsst_hardware_y 46.132759020137186 114.55000305175781 30.09000015258789 AB 11.727601237336726 1.0150837770343373
59954.0586 lsst_hardware_z 45.02543434996175 106.45999908447266 31.010000228881836 AB 9.204531316755283 1.0122656237496186
59956.0355 lsst_hardware_y -184.93737202466934 114.58000183105469 30.09000015258789 AB 5.239241470760221 1.0131479759749036
59956.054 lsst_hardware_u 9.216723882168328 29.18000030517578 29.549999237060547 AB 3.9170416785053406 1.0124825017138326
59958.0346 lsst_hardware_y -97.54253620171592 113.37999725341797 30.09000015258789 AB 6.375255661920808 1.011945343162033
59958.0548 lsst_hardware_r 70.05135775831076 82.48999786376953 31.65999984741211 AB 6.748882427187408 1.0147932376794908
60184.4119 lsst_hardware_r -24.095196478229322 83.68000030517578 31.65999984741211 AB 3.6502846156998716 1.0126552475586845
60187.3949 lsst_hardware_z 5.150628907527728 106.33999633789062 31.010000228881836 AB 4.924211802009991 1.0164365979895054
60187.4124 lsst_hardware_y 105.8292365855089 114.58999633789062 30.09000015258789 AB 4.898234836808006 1.011422490608209
60195.3496 lsst_hardware_i 60.604628817399 87.94000244140625 31.34000015258789 AB 3.0644392550305435 1.0393801882523042
60196.3712 lsst_hardware_u 19.345669216105225 29.110000610351562 29.540000915527344 AB 4.4313135222517515 1.0159485349347743
60196.3898 lsst_hardware_z 135.61579476391296 106.4800033569336 31.010000228881836 AB 3.620613640180742 1.011485861204286
60199.3758 lsst_hardware_r 147.27243576065592 83.55000305175781 31.65999984741211 AB 3.132531181068159 1.0116633251559035
60199.3944 lsst_hardware_y -11.442200223213488 114.5999984741211 30.09000015258789 AB 3.140362239181257 1.0149845634069996
60206.3209 lsst_hardware_z -43.09247414097006 106.4000015258789 31.010000228881836 AB 5.744171171538807 1.0375563190858084
60206.3405 lsst_hardware_i 19.397238629363187 88.2699966430664 31.350000381469727 AB 5.112047637594506 1.0179982019765812
60209.3717 lsst_hardware_r 24.754077050875782 117.2699966430664 32.40999984741211 AB 1.6021536007025856 1.0175634174037915
60209.3932 lsst_hardware_i 135.40020179252363 123.44999694824219 32.09000015258789 AB 1.4549352752715248 1.0392394823368034
60223.33 lsst_hardware_g 119.31784379312562 89.13999938964844 31.739999771118164 AB 5.788961353777822 1.015547866284612
60223.3506 lsst_hardware_r 100.58506587814466 82.33999633789062 31.65999984741211 AB 6.3831486844920695 1.033499078646763
60226.2662 lsst_hardware_i 97.65219516727208 88.01000213623047 31.34000015258789 AB 2.677836862172057 1.0376866453342166
60226.2841 lsst_hardware_r -101.53354659877361 83.62999725341797 31.65999984741211 AB 2.6430538066416904 1.0192379227360462
60227.3219 lsst_hardware_z -179.58987763155537 106.44000244140625 31.010000228881836 AB 2.842596673656495 1.0171505273102917
60227.3414 lsst_hardware_u 37.12884109840424 28.950000762939453 29.530000686645508 AB 3.1070128670431068 1.0356709556810355
60232.2617 lsst_hardware_i -130.3737772284051 86.81999969482422 31.34000015258789 AB 6.448993065768101 1.0241915932929753
60232.2837 lsst_hardware_z -70.37874194930967 105.02999877929688 31.010000228881836 AB 6.396717344807775 1.0119786971693332
60236.2905 lsst_hardware_i 17.211338871817265 88.18000030517578 31.350000381469727 AB 3.7261100418263493 1.013723598937182
60236.3085 lsst_hardware_u 5.768460046512498 28.950000762939453 29.530000686645508 AB 3.8993334761569716 1.026140388462361
60238.2765 lsst_hardware_g -20.96518647807684 90.08000183105469 31.75 AB 2.0060904271436755 1.0116016777629686
60238.2952 lsst_hardware_r -61.53749945241062 83.55999755859375 31.65999984741211 AB 2.3526586147429804 1.0193862927212314
60242.262 lsst_hardware_z 5.512326623891873 148.66000366210938 31.760000228881836 AB 3.8433998280300745 1.0114210073763354
60248.2566 lsst_hardware_i 138.60660233220918 87.01000213623047 31.350000381469727 AB 3.850545531668417 1.013301455702215
60248.2737 lsst_hardware_z -128.46011678100498 104.91000366210938 31.0 AB 3.8918846010645227 1.0241801581748744
60250.2023 lsst_hardware_z 37.1772468099303 106.12999725341797 31.0 AB 3.6880726957857743 1.0355391536672116
60250.2205 lsst_hardware_g -125.7287158523702 89.81999969482422 31.739999771118164 AB 4.521813118494506 1.0179105449926407
60260.2309 lsst_hardware_r -70.13823126829286 83.44000244140625 31.65999984741211 AB 7.024313310143996 1.016604471105686
60260.2484 lsst_hardware_i -68.70660202095499 87.87999725341797 31.34000015258789 AB 7.132853093610849 1.0320641119350116
60264.2107 lsst_hardware_r 49.20004652129243 83.61000061035156 31.65999984741211 AB 7.626916477468974 1.012601762807716
60264.2273 lsst_hardware_g 27.214674639328198 89.88999938964844 31.739999771118164 AB 7.616424076190885 1.0217901899905575
60271.1975 lsst_hardware_r 36.237714465373635 83.45999908447266 31.65999984741211 AB 6.287834986702697 1.0148216569889166
60271.2162 lsst_hardware_z 69.47264779111653 106.13999938964844 31.0 AB 6.343358603040803 1.0295710124772046
60273.1908 lsst_hardware_y -12.147739494280243 114.70999908447266 30.09000015258789 AB 5.993432970019112 1.0142602685126123
60273.2094 lsst_hardware_r 20.25218019085299 83.52999877929688 31.65999984741211 AB 6.379788423369293 1.0281137338906423
60275.196 lsst_hardware_i -61.64582914801981 88.06999969482422 31.34000015258789 AB 3.6313595573858555 1.0207616464891995
60275.2156 lsst_hardware_z 112.25354586039062 106.12999725341797 31.0 AB 3.938155219146497 1.0429666665877309
60279.1795 lsst_hardware_r 111.31279952703093 83.55000305175781 31.65999984741211 AB 7.900173851553108 1.0168842645840015
60279.1974 lsst_hardware_i 32.62697384396566 88.04000091552734 31.34000015258789 AB 7.987285736944926 1.033116991035722
60281.1787 lsst_hardware_z -36.720797415148795 105.08000183105469 31.010000228881836 AB 6.511914071504304 1.0200507957515852
60281.1971 lsst_hardware_i 5.37479720598176 86.73999786376953 31.34000015258789 AB 6.64109655129928 1.039898584916668
60283.1804 lsst_hardware_u -18.50725157095528 28.75 29.530000686645508 AB 2.4815622200391196 1.026357849329689
60283.1999 lsst_hardware_g -130.14248435378366 88.52999877929688 31.729999542236328 AB 2.505640366950955 1.0528269338352994
60285.1611 lsst_hardware_g -44.37742060453646 89.08999633789062 31.739999771118164 AB 4.655637574263725 1.0157385348017292
60285.1789 lsst_hardware_r -41.73312455581107 82.30000305175781 31.65999984741211 AB 4.236504799456347 1.030612585011982
60291.1449 lsst_hardware_i -25.371674122897325 88.20999908447266 31.350000381469727 AB 10.485623644997489 1.0158355298465265
60291.1637 lsst_hardware_z 58.93266914417861 106.30000305175781 31.010000228881836 AB 10.670947192877522 1.0319898640780312
60294.1448 lsst_hardware_r 0.3233234714895777 22.06999969482422 31.489999771118164 AB 10.415221301644568 1.0213018499484445
60294.164 lsst_hardware_i -14.465325176279553 30.139999389648438 31.25 AB 10.638386475648606 1.0433788670197388
60296.1003 lsst_hardware_z 28.485318914234792 40.869998931884766 30.950000762939453 AB 3.8944939833800993 1.0148518523466057
60296.1185 lsst_hardware_i -5.257669842929388 30.739999771118164 31.260000228881836 AB 4.024619133111802 1.0116344699901354
60300.0874 lsst_hardware_r -41.832485463256646 56.560001373291016 31.649999618530273 AB 4.072231433893425 1.015856835330141
60300.1066 lsst_hardware_z 69.70146277315685 50.529998779296875 30.979999542236328 AB 4.086587550720172 1.0115315719604387
60302.0874 lsst_hardware_y 55.74791144300401 51.86000061035156 30.059999465942383 AB 6.259909571071621 1.0133949606461896
60302.1077 lsst_hardware_r 108.67778144015492 74.51000213623047 31.65999984741211 AB 6.263421522438065 1.0128157696975715
60305.0693 lsst_hardware_i -50.53339186163693 65.08999633789062 31.329999923706055 AB 6.47647459071543 1.0185938883680854
60305.0876 lsst_hardware_z -20.39392935363015 60.43000030517578 30.989999771118164 AB 5.112239140901231 1.011523375722506
60311.0517 lsst_hardware_y -7.9665534289871545 48.20000076293945 30.059999465942383 AB 6.929596712328489 1.0194581275493069
60311.0699 lsst_hardware_z 10.173757777547321 40.34000015258789 30.950000762939453 AB 7.104579168934606 1.0116640168408875
60313.055 lsst_hardware_y 45.503213771570024 47.380001068115234 30.059999465942383 AB 2.3319633247564733 1.014338114291637
60313.0772 lsst_hardware_u -1.4851959462742812 2.609999895095825 28.420000076293945 AB 2.3215625832428106 1.0126772445988268
60315.0543 lsst_hardware_y 40.773053878091616 47.540000915527344 30.059999465942383 AB 9.90548298770268 1.0126234908712628
60315.0758 lsst_hardware_r 6.826630585786559 21.899999618530273 31.5 AB 10.010691267309053 1.0141174377634632
60317.0641 lsst_hardware_z -57.382944844065086 57.66999816894531 31.700000762939453 AB 8.450756555402918 1.012127259764407
60319.0354 lsst_hardware_y 252.48662244254913 113.97000122070312 30.829999923706055 AB 11.697463721000144 1.0159192636028207
60319.0593 lsst_hardware_g -19.29197549309714 19.1200008392334 32.16999816894531 AB 9.150650411447504 1.0122774156253003
60321.0349 lsst_hardware_y -19.325912609982776 80.44999694824219 30.09000015258789 AB 5.2180432100745575 1.013622315190522
60321.0559 lsst_hardware_i -13.571055975147548 30.149999618530273 31.260000228881836 AB 3.979187225607705 1.0128379829736442
60323.0346 lsst_hardware_y -60.048622794594905 79.52999877929688 30.09000015258789 AB 6.3761902466665985 1.0120936899470792
60323.0533 lsst_hardware_i -27.795421815683543 30.309999465942383 31.260000228881836 AB 6.622536169592432 1.0138474712650345
