data/validation/pwv_sim_epoch_fit_seasonal/20307532.ecsv
# %ECSV 0.9
# ---
# datatype:
# - {name: time, datatype: float64}
# - {name: band, datatype: string}
# - {name: flux, datatype: float64}
# - {name: fluxerr, datatype: float64}
# - {name: zp, datatype: float64}
# - {name: zpsys, datatype: string}
# - {name: pwv, datatype: float64}
# - {name: airmass, datatype: float64}
# meta: {SNID: '20307532', alt: 1024.0, c: -0.037874821573495865, dec: -3.882372, lat: -30.244573, lon: -70.7499537, ra: 68.378906, t0: 61669.97265625,
#   x0: 1.1793938748729591e-05, x1: 0.26097413897514343, z: 0.42930448055267334}
# schema: astropy-2.0
time band flux fluxerr zp zpsys pwv airmass
[from data line 132]
62097.228 lsst_hardware_g -6.279165944075788 14.470000267028809 31.420000076293945 AB 6.928574725100092 1.1197093315000388
62097.2466 lsst_hardware_r 14.527806406893898 23.59000015258789 31.489999771118164 AB 7.0330173619333 1.1368636287407292
62099.2209 lsst_hardware_i 28.715424077592278 31.649999618530273 31.25 AB 6.961125132792846 1.118927085841746
62099.2402 lsst_hardware_z 105.83074694968734 42.91999816894531 30.940000534057617 AB 7.051361867402158 1.135622155236506
62102.0956 lsst_hardware_z 9.537517173203902 54.75 30.920000076293945 AB 5.507849107393684 1.413114454988695
62102.1106 lsst_hardware_i -22.64837252553796 50.529998779296875 31.260000228881836 AB 5.156604896547908 1.3239036961613493
62104.2231 lsst_hardware_z 1.0612805792347813 61.130001068115234 30.969999313354492 AB 6.169034319257998 1.1314139054117862
62104.2417 lsst_hardware_r -85.0735035296725 77.94999694824219 31.6299991607666 AB 6.327474291508757 1.1607914678974056
62106.1867 lsst_hardware_r -18.739330888266622 124.81999969482422 31.639999389648438 AB 7.095693579426947 1.1171388474563184
62106.2055 lsst_hardware_y 162.307727146837 63.7400016784668 30.040000915527344 AB 7.077297069683672 1.120860034792151
62108.1836 lsst_hardware_z -7.304455862564327 80.33000183105469 30.989999771118164 AB 4.0340728156439 1.1167756427832791
62108.2015 lsst_hardware_r -38.68135833676459 117.1500015258789 31.639999389648438 AB 4.171263997332821 1.121784988413171
62111.1927 lsst_hardware_i 33.61326929457369 48.5 31.299999237060547 AB 4.524048321588653 1.1213868433251728
62111.212 lsst_hardware_z 46.050910322905395 51.220001220703125 30.959999084472656 AB 4.84830853918203 1.1420324762521596
62113.1938 lsst_hardware_r 23.259038670513767 31.670000076293945 31.549999237060547 AB 6.841374917239724 1.1265231215610199
62113.2123 lsst_hardware_u -1.6224069939122567 5.820000171661377 28.889999389648438 AB 6.3713323828178385 1.1515496670456637
62115.1858 lsst_hardware_g -13.166929747668657 14.380000114440918 31.420000076293945 AB 11.355522420819193 1.1243091505761578
62115.204 lsst_hardware_i -0.4716158022343877 31.610000610351562 31.239999771118164 AB 11.581230719362665 1.1466565068675907
62117.1913 lsst_hardware_z -32.69337418562663 42.91999816894531 30.950000762939453 AB 12.586923825491414 1.135935607859763
62117.2108 lsst_hardware_r 20.93675312758482 23.850000381469727 31.489999771118164 AB 12.658404571662604 1.1706924299242067
62119.1858 lsst_hardware_u -1.5875558813186956 2.640000104904175 28.350000381469727 AB 9.048208161509946 1.135883168959307
62119.2049 lsst_hardware_g -5.819930918015128 14.319999694824219 31.389999389648438 AB 9.320854611406512 1.1696961700527286
62123.1167 lsst_hardware_i 6.939202964424847 31.899999618530273 31.25 AB 3.4599041193757887 1.134022982424054
62123.1352 lsst_hardware_z 73.85681907626642 42.86000061035156 30.950000762939453 AB 3.7295407218199843 1.1187223762484433
62125.1148 lsst_hardware_r -21.251708846665323 23.229999542236328 31.489999771118164 AB 3.50266658927881 1.1298924481544548
62125.1343 lsst_hardware_u 0.7624405110134715 2.7300000190734863 28.440000534057617 AB 4.631255751236909 1.1172440145315503
62127.113 lsst_hardware_g 0.8765353457553797 16.639999389648438 31.469999313354492 AB 4.82764262086002 1.1262434668984067
62127.133 lsst_hardware_i 37.834346825995254 31.8799991607666 31.25 AB 5.320009927574319 1.116671665749376
62130.1142 lsst_hardware_z -63.331116446574114 46.939998626708984 30.950000762939453 AB 8.368023167247125 1.119592797490897
62130.1323 lsst_hardware_r -44.27342814438737 40.790000915527344 31.59000015258789 AB 7.75268507130981 1.1175041544230357
62132.1226 lsst_hardware_y -136.84892390719648 74.44999694824219 30.780000686645508 AB 6.002089316215795 1.1167370347709864
62134.0856 lsst_hardware_z 99.91201686114155 72.22000122070312 30.979999542236328 AB 8.476931141509786 1.1353666353940208
62134.1071 lsst_hardware_r 16.760339343783357 96.72000122070312 31.639999389648438 AB 8.259744150658651 1.117981995870755
62136.0878 lsst_hardware_i -58.96171257475262 90.3499984741211 31.31999969482422 AB 7.752438469327722 1.1268207125284722
62136.1068 lsst_hardware_z 48.21874133493452 77.80999755859375 30.989999771118164 AB 7.681319782264258 1.1168031596993848
62138.0905 lsst_hardware_r -41.796599276291694 80.43000030517578 31.639999389648438 AB 5.694602228167451 1.1205986575820241
62138.1096 lsst_hardware_z 4.214668759585057 62.06999969482422 30.979999542236328 AB 5.652621280689033 1.1172844355762284
62140.0828 lsst_hardware_g 3.5226369001752404 14.0 31.389999389648438 AB 2.493396307223418 1.1220143130716247
62140.1032 lsst_hardware_i -64.11500029580807 41.31999969482422 31.280000686645508 AB 2.569289584242131 1.1170824279313614
62142.0822 lsst_hardware_z -58.73863033249003 42.400001525878906 30.950000762939453 AB 11.054867945955401 1.1192158422606033
62142.1024 lsst_hardware_r 26.569411369163067 23.200000762939453 31.489999771118164 AB 9.606678818527163 1.1184537437526165
62144.0837 lsst_hardware_u -1.5212792810573097 2.680000066757202 28.40999984741211 AB 6.543283659110918 1.1169825297219096
62144.1062 lsst_hardware_g -11.33573678057814 13.9399995803833 31.399999618530273 AB 6.590161769747555 1.1239616435044153
62146.0808 lsst_hardware_r 7.486691678645496 22.979999542236328 31.479999542236328 AB 10.14431292273205 1.1166821549259205
62146.1009 lsst_hardware_i -12.458305984893062 31.149999618530273 31.229999542236328 AB 9.530500107009722 1.1240896126843325
62148.0774 lsst_hardware_z -6.340813820117169 42.279998779296875 30.940000534057617 AB 4.199976179198836 1.1166437166364611
62148.098 lsst_hardware_r -23.514340423804608 23.09000015258789 31.489999771118164 AB 6.265850237164539 1.126293126709125
62152.046 lsst_hardware_y 57.82363199246942 52.43000030517578 30.030000686645508 AB 3.786575370101312 1.125115248878714
62152.0654 lsst_hardware_i 9.807109688204777 31.290000915527344 31.25 AB 3.7435355321327033 1.1166399797562128
62156.0403 lsst_hardware_y -14.086979112919606 59.31999969482422 30.030000686645508 AB 10.03631981363742 1.1212303588326384
62156.0611 lsst_hardware_g 8.55101595878961 15.779999732971191 31.450000762939453 AB 9.259389702813372 1.1174403020441541
62158.0386 lsst_hardware_z -1.1977551787743554 56.11000061035156 30.969999313354492 AB 10.196097555395042 1.1191691805601651
62158.0581 lsst_hardware_i 14.09074317353841 35.349998474121094 31.260000228881836 AB 12.076726772742235 1.1182154419205772
62160.0374 lsst_hardware_y 9.688546166455064 62.619998931884766 30.040000915527344 AB 16.390023042978978 1.117571419325911
62160.0562 lsst_hardware_r -29.418564757440823 49.790000915527344 31.610000610351562 AB 14.488791277838041 1.1197983791199353
62163.0349 lsst_hardware_y 18.296488090432824 66.05999755859375 30.040000915527344 AB 12.229650390661964 1.1166505968266582
62163.0512 lsst_hardware_z 31.087284297973703 63.72999954223633 30.979999542236328 AB 12.787187523816103 1.1216831161242196
62165.0348 lsst_hardware_y -54.98264763086952 66.87999725341797 30.040000915527344 AB 14.207181620607182 1.117048521492879
62165.0533 lsst_hardware_z 132.7498633331976 66.0 30.979999542236328 AB 14.232621871223948 1.1279319934928502
