data/validation/pwv_sim_epoch_fit_seasonal/20327846.ecsv
# %ECSV 0.9
# ---
# datatype:
# - {name: time, datatype: float64}
# - {name: band, datatype: string}
# - {name: flux, datatype: float64}
# - {name: fluxerr, datatype: float64}
# - {name: zp, datatype: float64}
# - {name: zpsys, datatype: string}
# - {name: pwv, datatype: float64}
# - {name: airmass, datatype: float64}
# meta: {SNID: '20327846', alt: 1024.0, c: 0.0002384954714216292, dec: -42.809296, lat: -30.244573, lon: -70.7499537, ra: 103.446213,
#   t0: 60715.484375, x0: 0.00012079833460282797, x1: 0.31686052680015564, z: 0.15493255853652954}
# schema: astropy-2.0
time band flux fluxerr zp zpsys pwv airmass
60619.3277 lsst_hardware_z 26.731381304384506 40.63999938964844 30.950000762939453 AB 3.4250305335774796 1.0378880404780242
60619.3397 lsst_hardware_y 25.74290063691692 46.7400016784668 30.049999237060547 AB 3.5962003337806316 1.0296922931368109
60621.2584 lsst_hardware_u 1.2760431440189308 3.7100000381469727 29.1299991607666 AB 5.952355050154467 1.1560776985005035
60621.2673 lsst_hardware_y 163.09958083461524 68.33000183105469 30.770000457763672 AB 5.824744481147158 1.1309085489073212
60625.305 lsst_hardware_r -10.658145590625706 30.260000228881836 32.22999954223633 AB 3.861762637230206 1.0438136689513418
60625.3126 lsst_hardware_y 14.596803153467341 66.11000061035156 30.799999237060547 AB 3.8175922435424017 1.0368257043841393
60634.3493 lsst_hardware_z 43.756437913595306 51.380001068115234 30.969999313354492 AB 3.805247268903139 1.0374646073257978
60636.357 lsst_hardware_z -29.537656962098467 70.87999725341797 30.989999771118164 AB 6.959421241754585 1.0509016824514903
60641.346 lsst_hardware_u -0.23459506697761373 4.949999809265137 28.8799991607666 AB 4.030273858127823 1.054217593023234
60643.3408 lsst_hardware_r -10.996668617838827 22.309999465942383 31.489999771118164 AB 6.442452585914362 1.0545550543033007
60643.3526 lsst_hardware_i -10.238132036908658 42.470001220703125 31.290000915527344 AB 6.579926989065175 1.0719985319428438
60645.338 lsst_hardware_z 33.393623683220106 41.93000030517578 30.950000762939453 AB 7.067940670137824 1.0581145507148955
60645.3492 lsst_hardware_r 4.81934428387459 26.899999618530273 31.540000915527344 AB 7.122460032681417 1.075494153670278
60649.3316 lsst_hardware_g -9.995122781817622 13.1899995803833 31.399999618530273 AB 4.660541349653 1.0646582180818573
60649.3446 lsst_hardware_i 43.09998774474824 33.72999954223633 31.270000457763672 AB 4.606805184612103 1.0870875310276538
60651.3145 lsst_hardware_r -0.25443502477440305 21.469999313354492 31.479999542236328 AB 5.819526910419664 1.0490674637218478
60651.3266 lsst_hardware_z -0.15649870745204486 41.16999816894531 30.950000762939453 AB 5.8747533220953265 1.0653605734320244
60653.2913 lsst_hardware_r 24.810255904021936 21.440000534057617 31.489999771118164 AB 9.57582307676751 1.0328792014634354
60653.3021 lsst_hardware_u 0.22270296099333073 2.640000104904175 28.459999084472656 AB 10.455039661105106 1.0416758075178825
60655.2817 lsst_hardware_g -14.66209940416118 12.609999656677246 31.3799991607666 AB 12.53793781490572 1.030360177088854
60655.2946 lsst_hardware_r -7.8515910746801785 21.360000610351562 31.479999542236328 AB 10.943707136432064 1.0397656857150699
60657.2913 lsst_hardware_i -4.979687278955288 45.5 31.309999465942383 AB 8.273930634123637 1.0417943382175316
60657.3038 lsst_hardware_z -117.85205605637283 47.959999084472656 30.969999313354492 AB 7.6248382892766235 1.056169307776797
60659.2835 lsst_hardware_r 74.85906606360753 79.70999908447266 31.65999984741211 AB 10.898788020437948 1.0396053168007888
60659.2964 lsst_hardware_z -10.573272449885854 58.43000030517578 30.979999542236328 AB 11.156203445748519 1.0536386062560612
60661.2834 lsst_hardware_z -39.52397458406988 54.7400016784668 30.979999542236328 AB 5.610866863558442 1.0448541645360228
60661.2962 lsst_hardware_i -16.49959345887159 57.529998779296875 31.31999969482422 AB 7.404438677879131 1.0607698403179158
60664.2898 lsst_hardware_z -1.4505127823876354 46.939998626708984 30.969999313354492 AB 5.698711379588578 1.0633908153738305
60664.3017 lsst_hardware_r 12.385592954501918 46.470001220703125 31.6200008392334 AB 6.664600426006275 1.0833812667579963
60666.2263 lsst_hardware_i -6.77829779349253 48.38999938964844 32.029998779296875 AB 6.937785539034115 1.0249350774167698
60666.2394 lsst_hardware_r -18.931796103569123 32.02000045776367 31.579999923706055 AB 6.9566862144927475 1.0256061056306103
60667.2282 lsst_hardware_u 4.583497853831691 3.5399999618530273 28.68000030517578 AB 7.2743651487099905 1.0246546833566519
60667.2399 lsst_hardware_g -5.9315937287793385 20.700000762939453 31.579999923706055 AB 7.338746189529574 1.0264698495740365
60669.2288 lsst_hardware_r 22.23725880248121 21.200000762939453 31.469999313354492 AB 7.503367117811242 1.0251435173255472
60669.2417 lsst_hardware_i 6.389334318235511 29.75 31.239999771118164 AB 7.565257940392496 1.0294268526864194
60671.2284 lsst_hardware_z 10.139924959823707 40.38999938964844 30.959999084472656 AB 6.144522261178305 1.026296431681165
60671.2402 lsst_hardware_r 10.342188371866046 21.459999084472656 31.5 AB 6.245278596181607 1.0316380088674084
60673.2205 lsst_hardware_u -1.2584435648357568 2.640000104904175 28.459999084472656 AB 9.224333668483169 1.0256572187744666
60673.2342 lsst_hardware_g -4.827605670591654 12.710000038146973 31.389999389648438 AB 9.256205191485384 1.0313129031756687
60679.2051 lsst_hardware_u 2.2302640450156175 2.559999942779541 28.399999618530273 AB 2.5921025803195326 1.0258981188599732
60679.2178 lsst_hardware_g 8.878783533304242 12.680000305175781 31.389999389648438 AB 2.708807192691625 1.031304492918541
60681.212 lsst_hardware_r 11.276970521312746 21.329999923706055 31.479999542236328 AB 7.241102117397604 1.031104345556902
60681.2252 lsst_hardware_i -55.805655596220625 29.56999969482422 31.239999771118164 AB 7.29736413978016 1.0412533998901525
60683.208 lsst_hardware_z -64.36764278592564 40.5 30.950000762939453 AB 6.890612076623703 1.0319922235470576
60683.2214 lsst_hardware_r 6.899555194961071 21.440000534057617 31.479999542236328 AB 8.43060944773596 1.0428759831439833
60685.1865 lsst_hardware_z -17.789792584740592 66.68000030517578 31.719999313354492 AB 7.865142795107517 1.0253977830308354
60687.1751 lsst_hardware_r 20.13226026325377 71.7300033569336 31.65999984741211 AB 6.418678562742118 1.0246932571427392
60687.1887 lsst_hardware_z -22.944468369069885 54.560001373291016 30.979999542236328 AB 6.433164670738033 1.0276894492512612
60689.1761 lsst_hardware_r -162.91978137572008 83.66000366210938 31.65999984741211 AB 8.105769326508986 1.0255058715667666
60689.1881 lsst_hardware_y 11.542914570734979 52.779998779296875 30.059999465942383 AB 8.187641869337003 1.0299568361956102
60693.1681 lsst_hardware_r 98.2371243662462 69.81874115104443 32.380001068115234 AB 6.410732729168986 1.0262371968467734
60693.1806 lsst_hardware_i -13.212359360260473 63.41035593763396 32.060001373291016 AB 6.4463329791869235 1.0319361243062228
60696.1671 lsst_hardware_z 27.542839008109386 42.09661046158281 30.950000762939453 AB 11.83354443467107 1.029003863884441
60696.1807 lsst_hardware_r 879.9656245023089 41.56914797246361 31.549999237060547 AB 11.937682624831085 1.0380593586809639
60698.1639 lsst_hardware_u 23.715673695552294 6.389869472554455 28.43000030517578 AB 8.048989144094062 1.0301607266331922
60698.1766 lsst_hardware_g 1904.981597513358 44.95610101037613 31.3799991607666 AB 8.974766073333742 1.0392472534980692
60700.1538 lsst_hardware_r 5979.05776234772 80.51608845007239 31.5 AB 8.02785182318318 1.0279378321545751
60700.1673 lsst_hardware_z 2405.3305521258585 63.620196336984876 30.950000762939453 AB 8.044272067220207 1.0360322064808047
60702.1553 lsst_hardware_r 9555.740709212683 101.81605354616458 31.489999771118164 AB 11.34642795197826 1.0314934501798418
60702.1663 lsst_hardware_u 218.01316683764855 14.702741807667978 28.459999084472656 AB 11.437895846276852 1.0398087132978957
60704.1482 lsst_hardware_g 27353.947846683008 167.39603305725262 32.16999816894531 AB 10.290965799513673 1.0305393350203957
60704.1614 lsst_hardware_r 14333.066621015914 121.77253669556511 31.5 AB 10.374801860704665 1.040323737619961
60706.1513 lsst_hardware_i 13948.11202153187 120.88315178452996 31.25 AB 9.419955104927523 1.0363366942235714
60706.1633 lsst_hardware_z 8431.45940154524 98.43854919603142 30.950000762939453 AB 9.532165613638123 1.04790336271295
60712.0934 lsst_hardware_g 36492.92421741347 192.88772043413258 31.670000076293945 AB 4.504139856681227 1.0265455876353173
60712.1059 lsst_hardware_r 32800.17310663099 183.06542450819612 31.59000015258789 AB 4.495933239013197 1.0246752045156569
60715.094 lsst_hardware_i 21907.603380162553 154.1160090655079 31.31999969482422 AB 6.117030685814481 1.0247999138573343
60715.1062 lsst_hardware_r 36429.18214326421 199.50558655425297 31.649999618530273 AB 6.135760830093337 1.0257610749668435
60717.0896 lsst_hardware_z 19300.846034751878 159.3820040440367 31.729999542236328 AB 1.6772233484218995 1.0247278743985944
60721.0848 lsst_hardware_z 17691.299036467655 150.84500537925103 31.729999542236328 AB 1.5166679213009497 1.024891038158092
60721.0976 lsst_hardware_r 69697.43616582139 277.12385824894955 32.400001525878906 AB 1.523458960675291 1.0284376422200434
60723.0928 lsst_hardware_u 501.5536950218928 22.918219984800952 29.010000228881836 AB 2.386933976972642 1.0287399965403046
60723.1042 lsst_hardware_g 28124.800931955044 172.07228463089118 31.690000534057617 AB 2.4098056526410008 1.0358072867573613
60725.0784 lsst_hardware_r 26270.33923932152 163.35821035239883 31.5 AB 2.9975419006240576 1.025648051309877
60725.0923 lsst_hardware_z 7276.125859360795 92.95060915845676 30.959999084472656 AB 3.395823446385941 1.031381456761106
60728.0798 lsst_hardware_r 22777.579008839377 151.79857986415107 31.489999771118164 AB 5.653092174154694 1.0290510920459988
60728.092 lsst_hardware_u 149.29270559942583 13.22156613490076 28.479999542236328 AB 6.3970409031487945 1.0369656189250762
60732.0587 lsst_hardware_r 17921.002295527094 136.7827050107455 31.489999771118164 AB 6.584872139346358 1.02552128007263
60732.0698 lsst_hardware_i 11530.969795520497 110.55286055989762 31.25 AB 6.6060161072906896 1.0295090037336139
60734.0614 lsst_hardware_z 5667.792027564796 84.01764706115658 30.940000534057617 AB 5.617033645615648 1.028133065091333
60734.0745 lsst_hardware_r 16536.84889727235 129.41257079132856 31.469999313354492 AB 5.684587157759804 1.0360729935163677
60737.0572 lsst_hardware_u 63.5439974925622 8.513794493364047 28.40999984741211 AB 6.486457308289232 1.0300596524822114
60737.0692 lsst_hardware_g 6479.147194599116 81.72085497401358 31.3700008392334 AB 6.515823871114701 1.0384610520542994
60739.0545 lsst_hardware_r 13737.452728833203 119.62439375515913 31.5 AB 11.038592586825247 1.0316441669930139
60739.0683 lsst_hardware_z 6301.848813133137 86.76948080491032 30.950000762939453 AB 11.156936393856324 1.0427043358744228
60741.0476 lsst_hardware_r 26933.377368014306 170.75432708100493 32.31999969482422 AB 6.674044634240532 1.030793549357545
60741.0559 lsst_hardware_y 2931.043019141106 69.02175732328264 30.040000915527344 AB 6.72435175397203 1.036482313205352
60743.0503 lsst_hardware_z 6892.182406784937 92.09898782538896 30.959999084472656 AB 11.106022449932144 1.0363720937764744
60743.063 lsst_hardware_r 13363.37493512848 124.20280278791991 31.6299991607666 AB 11.381853178631163 1.0487529131907731
60750.0377 lsst_hardware_i 9100.601417318429 108.83771953759467 31.31999969482422 AB 8.511246045783555 1.0421508565915816
60750.05 lsst_hardware_z 6613.297581642757 95.82990849874392 30.969999313354492 AB 8.239769760757161 1.0563807385586104
60752.0292 lsst_hardware_r 8763.080826584483 100.04129247362745 31.600000381469727 AB 7.9538221201677315 1.0393077381638012
60752.0422 lsst_hardware_u 38.24221682844489 8.419750675760692 29.040000915527344 AB 7.184782892746793 1.0533327800537742
60754.0261 lsst_hardware_g 2217.0027254216784 48.17843924138099 31.399999618530273 AB 5.085967558888323 1.0414950632535374
60754.0385 lsst_hardware_i 6749.675637998538 87.70730461130697 31.25 AB 5.072575554288912 1.0556136697327092
60979.3122 lsst_hardware_g -23.400169936965153 12.829999923706055 31.3799991607666 AB 3.6658951633963643 1.076199773968923
60979.3209 lsst_hardware_y 8.510167346727375 47.16999816894531 30.040000915527344 AB 3.65678796403542 1.0622477745927146
61001.344 lsst_hardware_i 41.786480856487515 31.75 31.260000228881836 AB 4.963533198426761 1.0370401041373303
61001.3566 lsst_hardware_z 43.84464440830322 67.13999938964844 30.989999771118164 AB 4.972550496673297 1.0496148805642844
61004.3548 lsst_hardware_r -44.91801426727208 33.060001373291016 31.56999969482422 AB 5.8779616563184085 1.0577580810362441
61006.3519 lsst_hardware_r -48.6940165191157 29.040000915527344 31.559999465942383 AB 4.151355998191709 1.06136594465449
61009.3357 lsst_hardware_z 79.00611313713796 41.16999816894531 30.950000762939453 AB 6.438936399576271 1.0507402740823253
61009.3475 lsst_hardware_i 4.155607275256925 34.36000061035156 31.270000457763672 AB 6.5106017845408095 1.0670785267494771
61011.3375 lsst_hardware_z 56.874962344541025 41.869998931884766 30.959999084472656 AB 7.103950299055521 1.0602910894112718
61011.3494 lsst_hardware_g -8.658550985414305 23.979999542236328 31.610000610351562 AB 7.2173502321269085 1.0794720658280845
61013.3326 lsst_hardware_y -36.00134294480313 50.65999984741211 30.040000915527344 AB 3.81640617642311 1.0610953224529827
61013.3448 lsst_hardware_r 94.57358516508786 54.81999969482422 31.6200008392334 AB 4.666474773203507 1.0810366269968474
61015.3327 lsst_hardware_i -39.83604387173308 59.869998931884766 31.31999969482422 AB 4.680821442877144 1.0695964451019653
61015.3451 lsst_hardware_z 28.331040787477697 60.810001373291016 30.979999542236328 AB 4.650368564113845 1.0921485589745996
61017.2936 lsst_hardware_z 39.338919260406186 49.56999969482422 30.969999313354492 AB 5.681883623863283 1.032162697725626
61017.3063 lsst_hardware_r -72.28281955916243 55.83000183105469 31.639999389648438 AB 5.75224957034451 1.0424518974889987
61020.2892 lsst_hardware_z 23.635670837228343 42.93000030517578 30.950000762939453 AB 9.724734160948326 1.0347663503882025
61020.303 lsst_hardware_r 15.38682327729967 33.189998626708984 31.579999923706055 AB 8.688944173245542 1.047628583991759
61026.2843 lsst_hardware_g 1.9029612971325491 12.710000038146973 31.3799991607666 AB 7.372857659182708 1.0450912731397581
61026.2972 lsst_hardware_r -13.906889443095652 21.530000686645508 31.479999542236328 AB 7.016349560219749 1.0612341465960446
61028.2819 lsst_hardware_i 30.61459024111229 29.579999923706055 31.25 AB 4.5944276167151825 1.0484773201084394
61028.2946 lsst_hardware_z -29.265040601185703 40.83000183105469 30.950000762939453 AB 5.16800818098754 1.065495467181817
61030.229 lsst_hardware_i -68.42958619117778 29.3700008392334 31.25 AB 6.047703237781419 1.0250344470815964
61030.2412 lsst_hardware_z 31.12566246410188 40.2599983215332 30.950000762939453 AB 6.04918043686112 1.0252848198069695
61032.2289 lsst_hardware_r 4.320699996962173 21.3799991607666 31.489999771118164 AB 6.882648134478726 1.0246610293998402
61032.2416 lsst_hardware_u 2.326923891240491 2.640000104904175 28.459999084472656 AB 6.957123694778253 1.0268059471298432
61034.2239 lsst_hardware_g 4.332683785284743 12.720000267028809 31.399999618530273 AB 6.725217636133924 1.0246649521788609
61034.236 lsst_hardware_i -8.985204070884521 29.610000610351562 31.25 AB 6.815118611800837 1.0267598661846034
61036.2179 lsst_hardware_z 111.52229888203081 40.310001373291016 30.950000762939453 AB 5.17505746187792 1.0246624021141673
61036.2304 lsst_hardware_r 12.95249530313949 21.270000457763672 31.479999542236328 AB 5.185420735998155 1.026714332441904
61038.2177 lsst_hardware_y -5.252633447837352 46.630001068115234 30.049999237060547 AB 7.353770362231619 1.025022875176028
61038.2303 lsst_hardware_g 9.649557646996904 12.680000305175781 31.389999389648438 AB 7.325792756909403 1.0288673511336544
61040.2214 lsst_hardware_r 11.130603658388544 65.05999755859375 32.380001068115234 AB 6.784943516853917 1.027399078869348
61040.2356 lsst_hardware_i 30.78894041178559 41.59000015258789 31.299999237060547 AB 6.8694538129596605 1.0355310062873806
61043.2214 lsst_hardware_z -13.622697689299446 59.2599983215332 30.979999542236328 AB 3.680117971765387 1.031423198364737
61043.2343 lsst_hardware_r -7.610493122800193 83.23999786376953 31.65999984741211 AB 3.6352719750329596 1.041475999149967
