data/validation/pwv_sim_epoch_fit_seasonal/20369892.ecsv
# %ECSV 0.9
# ---
# datatype:
# - {name: time, datatype: float64}
# - {name: band, datatype: string}
# - {name: flux, datatype: float64}
# - {name: fluxerr, datatype: float64}
# - {name: zp, datatype: float64}
# - {name: zpsys, datatype: string}
# - {name: pwv, datatype: float64}
# - {name: airmass, datatype: float64}
# meta: {SNID: '20369892', alt: 1024.0, c: -0.07533881813287735, dec: -21.702768, lat: -30.244573, lon: -70.7499537, ra: 128.847656, t0: 60369.4375,
#   x0: 2.5577774389412336e-06, x1: 0.2692582309246063, z: 0.8059685826301575}
# schema: astropy-2.0
time band flux fluxerr zp zpsys pwv airmass
60279.3448 lsst_hardware_z -26.33328284738896 73.20999908447266 31.0 AB 7.326538109823847 1.0152246803450475
60281.3407 lsst_hardware_i 27.808993030281872 66.5 31.34000015258789 AB 6.147553323504026 1.0145388537116238
60283.3439 lsst_hardware_r 166.14392000808817 70.81999969482422 31.65999984741211 AB 4.092947061150807 1.0116033270268925
60285.3443 lsst_hardware_g -34.549437098921025 73.97000122070312 31.739999771118164 AB 4.395103469773774 1.0110077565757145
60292.3289 lsst_hardware_r 11.254342746009954 21.979999542236328 31.5 AB 7.336647877853943 1.0112075546063217
60292.3481 lsst_hardware_y -4.213264420384127 56.83000183105469 30.06999969482422 AB 8.617014483764233 1.0194634112705143
60294.3243 lsst_hardware_r 7.746384381010008 21.84000015258789 31.5 AB 10.702273252388784 1.0113178738632833
60294.343 lsst_hardware_y -32.22112276826624 49.54999923706055 30.059999465942383 AB 10.885524406090113 1.019735252257488
60296.2724 lsst_hardware_i -1.0742369404535779 42.290000915527344 32.0 AB 5.497079203274933 1.0404566315346877
60296.2924 lsst_hardware_z 30.73080090748267 40.36000061035156 30.950000762939453 AB 7.122532242853359 1.0189724116195986
60300.2794 lsst_hardware_r -16.172844931212992 21.84000015258789 31.489999771118164 AB 4.7098677982074015 1.020556402645226
60300.2974 lsst_hardware_u 2.689113306052137 2.680000066757202 28.479999542236328 AB 6.042306572356501 1.0116174240429439
60302.2609 lsst_hardware_g 28.284920927440805 49.7400016784668 31.719999313354492 AB 5.801472702660717 1.0339002366069443
60302.2869 lsst_hardware_r -79.33185920966463 41.91999816894531 31.6200008392334 AB 5.595356875753274 1.0130398688751596
60305.2597 lsst_hardware_i 47.13266275206608 124.26000213623047 32.529998779296875 AB 6.459907127680485 1.026006373351041
60305.2817 lsst_hardware_z 82.35591031891977 63.459999084472656 30.989999771118164 AB 6.350386912164391 1.0120944955238491
60307.2822 lsst_hardware_r -76.28761209366904 82.87999725341797 31.65999984741211 AB 7.276934722607395 1.0110832581257525
60307.3026 lsst_hardware_z 25.10863510083073 60.58000183105469 30.989999771118164 AB 7.0761829511603604 1.0164008835335494
60309.2601 lsst_hardware_z 48.589450655054094 53.279998779296875 30.979999542236328 AB 5.713175127981943 1.0168204428064684
60309.2801 lsst_hardware_r -200.21471389227693 65.69999694824219 31.649999618530273 AB 5.680265665960629 1.0110232570680444
60311.25 lsst_hardware_i -27.00798380034087 42.279998779296875 31.299999237060547 AB 4.896271664269306 1.0200565967227722
60311.2718 lsst_hardware_z 105.98530540363566 46.81999969482422 30.969999313354492 AB 4.914036309742008 1.0110492373106115
60313.2597 lsst_hardware_r 58.24060797860022 30.3799991607666 31.56999969482422 AB 2.658711641689992 1.0121356417828788
60313.2794 lsst_hardware_z -28.381488171368137 42.150001525878906 30.950000762939453 AB 2.669528045771664 1.0131036226837433
60315.2384 lsst_hardware_g -9.125576018326898 14.399999618530273 31.440000534057617 AB 7.166161433025291 1.0205905267841242
60315.2638 lsst_hardware_r 15.86545998170528 23.31999969482422 31.510000228881836 AB 7.600213626697795 1.0110252252613243
60317.2449 lsst_hardware_i -32.930806286968895 29.850000381469727 31.25 AB 8.141190489755335 1.0134367148732248
60317.2654 lsst_hardware_z 8.959851678003053 40.5 30.950000762939453 AB 9.007836687310956 1.012116481720332
60319.248 lsst_hardware_r -47.40401282233911 31.059999465942383 32.2400016784668 AB 7.341193758419407 1.0112185348558018
60319.2679 lsst_hardware_g 8.217484723244208 13.390000343322754 31.399999618530273 AB 6.752287627043519 1.0153052593103555
60321.2426 lsst_hardware_r -15.013526344384935 22.1200008392334 31.5 AB 5.212792418250057 1.011210944374403
60321.2635 lsst_hardware_i -4.158816965557911 29.969999313354492 31.25 AB 5.928213374126909 1.0158878200885801
60323.1963 lsst_hardware_i -8.573332343717263 30.190000534057617 31.25 AB 8.26826105966256 1.043972356018
60323.2166 lsst_hardware_z -14.562802924560204 40.63999938964844 30.950000762939453 AB 8.054049996184531 1.0205550036347106
60325.2045 lsst_hardware_r 20.421393875381632 22.299999237060547 31.489999771118164 AB 5.2675187069702485 1.0266066472364546
60325.225 lsst_hardware_u -2.588952975355447 2.700000047683716 28.479999542236328 AB 5.164879464084909 1.0127214635460606
60327.2072 lsst_hardware_g 10.764155075351953 13.430000305175781 31.40999984741211 AB 6.325934361362694 1.0193803020942171
60327.2264 lsst_hardware_r 0.39332388288944264 22.0 31.489999771118164 AB 6.78170819409166 1.0111890945464703
60329.2028 lsst_hardware_i 74.76998495034567 35.4900016784668 31.270000457763672 AB 9.17222267152747 1.018607685443933
60329.2225 lsst_hardware_z 35.352069293479005 40.209999084472656 30.940000534057617 AB 9.915074694750206 1.0110545235979136
60331.1856 lsst_hardware_r 58.66240555688668 57.79999923706055 31.639999389648438 AB 10.013817491541985 1.0293015538010541
60331.2046 lsst_hardware_g 82.90466856963499 58.54999923706055 31.729999542236328 AB 9.900151443294115 1.0143337971152515
60333.1858 lsst_hardware_r 62.19274511153225 86.16999816894531 31.65999984741211 AB 11.727333423822792 1.0235508115926562
60333.2062 lsst_hardware_i -4.070504630170754 68.68000030517578 31.34000015258789 AB 11.429695159587537 1.0118505489859921
60335.1634 lsst_hardware_i -44.805706334034184 81.90164004185056 31.34000015258789 AB 13.777134480364412 1.0441771590173303
60335.1839 lsst_hardware_z -91.48427062803415 69.14775108886715 30.989999771118164 AB 14.229874625343408 1.0205016225863028
60337.1766 lsst_hardware_z -85.57906108867736 85.57485882353986 31.739999771118164 AB 10.86273027091127 1.0220219159735875
60339.1701 lsst_hardware_r -41.156002091506586 57.021824662451884 31.639999389648438 AB 12.598430585471453 1.022932005965529
60339.1865 lsst_hardware_i 9.896021657876428 50.93668332813347 31.309999465942383 AB 12.463162313294548 1.0128123451541626
60341.177 lsst_hardware_z 12.1237612357467 63.40213687245456 31.709999084472656 AB 11.59135883778217 1.0144721545407116
60351.133 lsst_hardware_z 262.0019922335941 43.96097032422583 30.950000762939453 AB 2.100395213445105 1.0271299792714152
60351.15 lsst_hardware_i 436.5920217467615 36.592889385077456 31.260000228881836 AB 2.0286531673550883 1.0143265836775441
60353.1345 lsst_hardware_u 1.2479882297999731 3.0408691416520455 28.389999389648438 AB 3.7936040867576337 1.0207006511455516
60353.1523 lsst_hardware_g 105.46986875479432 16.974612488037213 31.40999984741211 AB 3.7457760435318765 1.0116883304610065
60355.132 lsst_hardware_r 466.7594908109872 30.94606985626873 31.489999771118164 AB 2.9773230425588024 1.01846854363471
60355.1497 lsst_hardware_i 612.9546612650879 38.978363400101955 31.25 AB 2.7622962644143194 1.0112127874609598
60357.1279 lsst_hardware_z 929.7444201403734 66.75785866411346 31.709999084472656 AB 3.1119815938173914 1.0175416655534135
60360.1183 lsst_hardware_z 472.27506273897654 56.07351791678336 30.979999542236328 AB 3.255214725736959 1.0185012048299695
60360.1348 lsst_hardware_r 709.6135333622519 63.940433416240495 31.649999618530273 AB 3.924010330282735 1.011386313058826
60364.1144 lsst_hardware_i 968.9602183652946 86.1877000921001 31.34000015258789 AB 7.839415528301774 1.01437337006277
60364.1328 lsst_hardware_z 546.9403134454834 75.43105153625731 30.989999771118164 AB 9.513196401231255 1.0112532493690656
60366.1069 lsst_hardware_z 1270.1303061712356 95.36082991051012 31.739999771118164 AB 5.793886067897742 1.0154023953553655
60368.0933 lsst_hardware_r 816.5475240890642 62.47963523929646 31.639999389648438 AB 5.242549509004277 1.020894700161441
60368.1113 lsst_hardware_i 983.8125903839223 59.718439181524886 31.31999969482422 AB 5.244628556459977 1.0116953233911539
60370.1061 lsst_hardware_z 1290.300161659229 71.10782413385422 31.709999084472656 AB 2.9435359579991003 1.0116402650930219
60371.0951 lsst_hardware_g 83.76652657707679 16.588335241129325 31.420000076293945 AB 5.867642106140779 1.014460945045086
60371.1127 lsst_hardware_r 628.4910487398886 37.864883095293344 31.559999465942383 AB 5.915672276997708 1.0111396080673216
60373.0791 lsst_hardware_i 942.0603909141885 42.10552422417075 31.25 AB 10.928377920072164 1.021343730847866
60373.0976 lsst_hardware_z 544.9235860467298 46.742771741095986 30.950000762939453 AB 10.458329651913683 1.0117047902663823
60380.0698 lsst_hardware_g 42.72164321967109 15.1684558347655 31.440000534057617 AB 7.898640757644303 1.0148146583697042
60380.0901 lsst_hardware_r 375.4210441545411 29.406311025053768 31.5 AB 8.014303336191276 1.0113961807409486
60385.0651 lsst_hardware_z 1755.96817127231 91.81702663943491 32.459999084472656 AB 8.237843024569242 1.0116471846456245
60387.0517 lsst_hardware_g 51.85225948222796 35.56171645044017 31.68000030517578 AB 7.58392192790016 1.014322720567998
60387.072 lsst_hardware_r 277.4130833317718 40.57118537083115 31.600000381469727 AB 7.542992495340869 1.0115769998222381
60391.0516 lsst_hardware_i 456.3274678509159 65.5993489024223 31.329999923706055 AB 6.052618632245865 1.0111853815636105
60391.0724 lsst_hardware_z 416.03780636769653 62.07350069740581 30.989999771118164 AB 6.0742048543035345 1.0158948885246328
60392.0272 lsst_hardware_z 292.8122875303716 63.582291768758125 30.989999771118164 AB 4.887197896687247 1.0213579721394455
60392.0467 lsst_hardware_r 240.97828825850476 87.85590381974605 31.670000076293945 AB 4.272774859903267 1.0115071674657568
60395.023 lsst_hardware_i 425.94494525566995 68.36391667434766 31.34000015258789 AB 5.594845121301876 1.0183091634530372
60395.041 lsst_hardware_r 169.6088566650709 84.60227030342917 31.65999984741211 AB 5.550036505221505 1.011150488304407
60397.021 lsst_hardware_u 2.6929751832873325 7.829745252426096 29.15999984741211 AB 6.604651813726546 1.0161002790348532
60397.04 lsst_hardware_g -4.9801412217757415 53.260524959025354 31.719999313354492 AB 6.571610889647657 1.0110170599457933
60399.0181 lsst_hardware_r 80.5023916880245 24.094278830663637 31.469999313354492 AB 6.040815163300116 1.0147230039978918
60399.037 lsst_hardware_i 289.94772880442986 33.52652334869595 31.239999771118164 AB 6.021481865852069 1.0112206447355692
60401.0166 lsst_hardware_z 202.59419195522167 43.229050516929185 30.950000762939453 AB 7.866441280992826 1.0130204259520295
60401.035 lsst_hardware_r 86.13396937930298 24.04548122180194 31.479999542236328 AB 7.796572634632538 1.011841058310158
60403.0152 lsst_hardware_u -5.678601370585952 2.651733049516564 28.420000076293945 AB 5.160232357433328 1.0118102661633976
60403.0345 lsst_hardware_g 7.729855590365539 13.76389993056027 31.399999618530273 AB 5.1684100101809145 1.0134137274864539
60414.9854 lsst_hardware_y 72.45008999317737 48.656037744748375 30.059999465942383 AB 15.053546984097395 1.0112666618662527
60415.0029 lsst_hardware_i 83.37077797634274 34.781262106124615 31.280000686645508 AB 15.897121744601195 1.013900935079534
60416.9694 lsst_hardware_y 391.14302595218277 78.5733676650857 30.079999923706055 AB 11.445615197429047 1.0145023220554021
60416.987 lsst_hardware_r 48.134728670685995 44.204787433677474 31.6299991607666 AB 11.356983175161897 1.011127419441052
60422.9647 lsst_hardware_y 330.33634737952957 80.31360125094861 30.079999923706055 AB 9.709413865931722 1.011133961565397
60422.9828 lsst_hardware_z 52.05246374103932 59.60553461579791 30.989999771118164 AB 9.767550407865336 1.014713792577192
60425.9636 lsst_hardware_y 94.14472908527806 65.5826734651902 30.06999969482422 AB 6.4404746367472985 1.0112619645529364
60425.9819 lsst_hardware_u -9.349089298236056 7.9900328199281905 29.139999389648438 AB 6.431192133159091 1.0192063602470824
60648.3443 lsst_hardware_z 52.08542319900383 44.38999938964844 30.969999313354492 AB 4.115906884940652 1.0116521776921845
60650.3415 lsst_hardware_u 2.864651060841972 4.079999923706055 28.760000228881836 AB 4.4025890975179856 1.0112177083015759
60652.3427 lsst_hardware_i -4.898897187354063 31.790000915527344 31.270000457763672 AB 7.465088760844935 1.0111414444560491
60654.3429 lsst_hardware_r 28.22843983861666 23.8799991607666 31.520000457763672 AB 8.587780205160405 1.0122125769759216
60658.3244 lsst_hardware_i -49.115704539815624 50.5 31.31999969482422 AB 8.347035381015235 1.0110140125085223
60658.3427 lsst_hardware_z 5.119931515563451 50.790000915527344 30.969999313354492 AB 8.497772542514381 1.0171248417163492
60660.3275 lsst_hardware_r 21.80436029458211 82.72000122070312 31.65999984741211 AB 6.685559429956457 1.0125033212109864
60660.3473 lsst_hardware_y 93.0546215193111 56.810001373291016 30.059999465942383 AB 7.401540825274507 1.025238825183408
60662.275 lsst_hardware_z 12.63786901656269 57.33000183105469 30.989999771118164 AB 4.550458052745952 1.0341950119877164
60662.2951 lsst_hardware_r -11.296355458602724 72.05999755859375 31.65999984741211 AB 4.954856463166909 1.0158945728198103
60663.2906 lsst_hardware_i -9.24856527770379 55.72999954223633 31.329999923706055 AB 4.3484015975029875 1.0169519044656283
60663.31 lsst_hardware_z -151.95004346509106 54.45000076293945 30.979999542236328 AB 4.351327871488224 1.0109962526690512
60665.291 lsst_hardware_r -63.486674886514685 65.47000122070312 32.38999938964844 AB 4.697665935632216 1.013848264947063
60665.311 lsst_hardware_z -43.43610914350973 47.310001373291016 30.979999542236328 AB 6.057799422125021 1.0117410308350765
60668.2777 lsst_hardware_g -36.0025227197548 27.459999084472656 32.310001373291016 AB 6.413286688521449 1.0164895492366683
60668.2917 lsst_hardware_r 17.97028507661805 25.90999984741211 31.540000915527344 AB 6.750933401755488 1.0113000377133687
60670.2703 lsst_hardware_i 10.4641629740559 42.560001373291016 32.0099983215332 AB 6.385258016473216 1.0177196695092057
60670.2914 lsst_hardware_z 60.16566633873342 40.63999938964844 30.959999084472656 AB 6.341356401475163 1.0110043686254877
60672.2711 lsst_hardware_r 6.535916507850939 22.0 31.5 AB 7.300451723289707 1.014198134725746
60672.2929 lsst_hardware_g -3.459961676135928 13.399999618530273 31.43000030517578 AB 7.049785978448862 1.0119794217593112
60674.2526 lsst_hardware_u -3.3928875920853443 3.7100000381469727 29.18000030517578 AB 5.748335829870806 1.0230175885158936
60674.2717 lsst_hardware_r 16.78906290418398 21.969999313354492 31.5 AB 5.692462922216306 1.0120233942723402
60676.258 lsst_hardware_i 43.21134095028755 29.670000076293945 31.25 AB 7.179166025072028 1.015274877310995
60676.2771 lsst_hardware_z 64.99925893438207 40.34000015258789 30.950000762939453 AB 7.1509131974694045 1.0111292302003978
60678.2621 lsst_hardware_r -18.148634994506423 31.079999923706055 32.2400016784668 AB 4.425381574674882 1.0117084948770922
60678.2842 lsst_hardware_u -4.784987833313128 3.640000104904175 29.1299991607666 AB 4.415132725548777 1.0148952706035042
60680.2582 lsst_hardware_g -0.7699631674682025 13.380000114440918 31.420000076293945 AB 10.560474313578952 1.0114105140064122
60680.2799 lsst_hardware_r 15.292017605311727 21.920000076293945 31.489999771118164 AB 10.62184311656095 1.015504934818918
60682.2427 lsst_hardware_i -13.601187178198849 29.8700008392334 31.25 AB 8.796263024519076 1.0147192599229882
60682.2643 lsst_hardware_z -12.39714307456917 40.5099983215332 30.950000762939453 AB 9.556120240180782 1.011675720177939
60686.2426 lsst_hardware_r 57.7077257929892 53.77000045776367 31.639999389648438 AB 6.472255675994865 1.0112899493741976
60686.2655 lsst_hardware_i -3.11673412973206 44.29999923706055 31.309999465942383 AB 6.2139263539341885 1.016648709503044
60692.2046 lsst_hardware_y -0.8332121359637813 51.209999084472656 30.059999465942383 AB 3.1411446600055317 1.0220089995137611
60692.2248 lsst_hardware_r 23.376786239444062 72.47000122070312 31.65999984741211 AB 3.252373384652624 1.0115198169145627
60694.1909 lsst_hardware_i 90.33592045755984 44.7400016784668 31.309999465942383 AB 5.975474556277175 1.0302542338408922
60694.2094 lsst_hardware_z 68.65162755257944 48.060001373291016 30.969999313354492 AB 6.07909528577109 1.0149869689065711
