data/validation/pwv_sim_epoch_fit_seasonal/20572891.ecsv
# %ECSV 0.9
# ---
# datatype:
# - {name: time, datatype: float64}
# - {name: band, datatype: string}
# - {name: flux, datatype: float64}
# - {name: fluxerr, datatype: float64}
# - {name: zp, datatype: float64}
# - {name: zpsys, datatype: string}
# - {name: pwv, datatype: float64}
# - {name: airmass, datatype: float64}
# meta: {SNID: '20572891', alt: 1024.0, c: 0.01749955490231514, dec: -5.979157, lat: -30.244573, lon: -70.7499537, ra: 83.144531, t0: 61358.87890625,
#   x0: 1.538739361470164e-05, x1: 0.773533046245575, z: 0.3837496042251587}
# schema: astropy-2.0
time band flux fluxerr zp zpsys pwv airmass
61316.3799 lsst_hardware_z -89.89657066622253 73.9800033569336 31.719999313354492 AB 2.8754355697035834 1.1016642775276333
61318.3686 lsst_hardware_g 7.988831915352115 18.049999237060547 31.5 AB 8.405409310345018 1.1059749092559235
61318.3873 lsst_hardware_y 104.07031036907573 65.12999725341797 30.049999237060547 AB 8.830345830067046 1.0971872472074855
61320.3634 lsst_hardware_i 41.64825101550086 31.329999923706055 31.25 AB 3.980707593126238 1.1057521092017328
61320.3825 lsst_hardware_y 69.59272574918232 55.06999969482422 30.040000915527344 AB 4.277388735878126 1.0971414336212704
61322.3613 lsst_hardware_i -63.157715130410686 30.950000762939453 31.239999771118164 AB 3.178492988386418 1.103132689166887
61322.3804 lsst_hardware_y -83.9141580413537 54.43000030517578 30.040000915527344 AB 3.1448987812099496 1.097185294060999
61324.3673 lsst_hardware_g 24.49163862607575 14.699999809265137 31.440000534057617 AB 4.759321438572132 1.0977560693281356
61327.3638 lsst_hardware_i 24.833526548650685 31.200000762939453 31.25 AB 5.924450346629648 1.097120434561046
61327.382 lsst_hardware_y 42.74669734671321 75.31999969482422 30.049999237060547 AB 6.410546874636456 1.1032377595175176
61331.3536 lsst_hardware_r -13.201489641873764 22.904378351378224 31.489999771118164 AB 7.029225306346253 1.0971022133857298
61331.3716 lsst_hardware_y -23.01784719261954 54.29254718756692 30.030000686645508 AB 7.1008404050526694 1.1036146206532689
61333.3518 lsst_hardware_z -15.881082484005482 42.08955315783052 30.950000762939453 AB 0.6840101624795528 1.097342506651689
61333.3701 lsst_hardware_y 105.68821052995308 53.31290090128843 30.040000915527344 AB 0.7246273676924686 1.1068646146015304
61338.32 lsst_hardware_z 230.90371485545077 62.406256031200705 30.979999542236328 AB 4.184464553570035 1.1015613952887071
61338.338 lsst_hardware_r 649.6300481691953 76.22986307820062 31.639999389648438 AB 4.045272993578882 1.0973207632114153
61341.3148 lsst_hardware_i 1225.4764092253522 81.6820982600962 31.31999969482422 AB 3.1925408324986515 1.0999279354000522
61341.3322 lsst_hardware_r 1542.7400368204408 99.1380850109184 31.639999389648438 AB 3.0892770452782568 1.0977590921924514
61351.2615 lsst_hardware_i 3247.072453837438 64.8445360320181 31.239999771118164 AB 5.773533765866965 1.1269646402785363
61351.2907 lsst_hardware_z 2226.782605011843 62.54419884440935 30.940000534057617 AB 5.603174138055729 1.0985897924427936
61357.3027 lsst_hardware_g 2418.859596614199 51.792888812152896 31.389999389648438 AB 4.45160418297167 1.1052334884170245
61357.3207 lsst_hardware_r 5044.045276451879 74.90871107416598 31.469999313354492 AB 4.558268621673486 1.1271683040736489
61359.2749 lsst_hardware_r 5172.450733068882 75.31944774095369 31.489999771118164 AB 5.025173193230929 1.0972193511301442
61359.2928 lsst_hardware_i 4067.4685320467943 70.10516781518776 31.239999771118164 AB 5.84751297938121 1.1019874953289943
61361.2665 lsst_hardware_i 4062.56489175457 70.20972079640872 31.239999771118164 AB 4.430119488174952 1.0976963423105395
61361.2872 lsst_hardware_z 2639.810878775916 66.0190416322539 30.940000534057617 AB 4.414572108067476 1.1018983546220507
61364.2647 lsst_hardware_r 5104.4495950021665 78.64117384687418 31.56999969482422 AB 4.731287212479342 1.0971100782560792
61364.2849 lsst_hardware_g 1771.18119215958 45.80192677304705 31.40999984741211 AB 4.814926755035534 1.106349852760678
61366.1754 lsst_hardware_r 9631.13114879806 139.5166033628742 32.34000015258789 AB 4.643571294480519 1.2546801660311533
61366.1999 lsst_hardware_i 4193.396939038977 85.43513999756429 31.299999237060547 AB 4.369207426250992 1.1708984125021358
61368.259 lsst_hardware_z 2439.523753530156 87.73411065141167 30.989999771118164 AB 9.66212254119906 1.0978749017071343
61368.2789 lsst_hardware_i 4144.855325577683 104.09368364969207 31.329999923706055 AB 9.894534424795614 1.1112044051354415
61370.2659 lsst_hardware_z 4550.961260006434 123.86019205147916 31.729999542236328 AB 5.951930952957518 1.1041860651087703
61372.2561 lsst_hardware_r 3689.273156506337 89.32515661037962 31.6299991607666 AB 4.848131827479765 1.1012432930730691
61372.2757 lsst_hardware_i 3419.2639155793404 80.59089981854267 31.309999465942383 AB 4.947200003558602 1.1209667681779572
61374.2677 lsst_hardware_z 3687.1126909182044 88.34289837599209 31.700000762939453 AB 6.733538992744377 1.117460729825172
61376.2258 lsst_hardware_r 2760.190539057115 57.49873367585974 31.5 AB 6.915101373742563 1.0976351386892957
61376.2446 lsst_hardware_g 950.3443860937061 34.24993853294095 31.469999313354492 AB 6.935728259602773 1.1009092475559958
61379.2288 lsst_hardware_r 2151.4289647183787 52.554517421915854 31.489999771118164 AB 2.9323002688149473 1.0978286292828927
61379.2486 lsst_hardware_i 2444.8497918273965 57.48259715737982 31.239999771118164 AB 2.9902902807203313 1.1109093640643934
61381.2271 lsst_hardware_z 1638.246601295194 57.06906766591891 30.950000762939453 AB 4.642934745335467 1.0990495313849435
61381.246 lsst_hardware_i 2038.6979315091698 55.84683767594311 31.239999771118164 AB 4.705193841011886 1.1141827707818817
61385.2217 lsst_hardware_r 1556.196219340075 45.63141031735005 31.489999771118164 AB 10.522820925777573 1.1019045264173981
61385.2389 lsst_hardware_i 1875.6987907477355 53.56182071188551 31.239999771118164 AB 10.691338791070637 1.119121297041588
61387.2205 lsst_hardware_z 1485.7978791804167 56.05147178540895 30.950000762939453 AB 11.955074238425023 1.104981790644025
61387.2399 lsst_hardware_u 5.152466695168529 2.82910219290071 28.40999984741211 AB 12.229436471041998 1.1289839572611413
61389.1934 lsst_hardware_r 1217.0097884889447 41.306787341770104 31.479999542236328 AB 8.749190480183598 1.0971688935564365
61389.2126 lsst_hardware_g 275.5695836883004 22.25368174262169 31.399999618530273 AB 8.901274559713004 1.1031251667373312
61394.1802 lsst_hardware_z 2771.733565519634 87.74537548346683 31.719999313354492 AB 4.125308818136513 1.097132284692906
61396.1637 lsst_hardware_r 869.4050208171307 95.81135731954141 31.649999618530273 AB 3.8734197777143238 1.100377295342721
61396.1833 lsst_hardware_i 1645.1843368779653 83.49148129576879 31.329999923706055 AB 4.001622694432658 1.0980648129059911
61405.1335 lsst_hardware_i 1090.740059421953 44.6861085279432 31.25 AB 7.434728798765273 1.1039763603482475
61405.1547 lsst_hardware_z 1025.3603689966585 51.68262445116153 30.950000762939453 AB 7.363078716065113 1.0972474057171764
61407.1339 lsst_hardware_r 522.8479691088781 31.893926654487732 31.489999771118164 AB 5.091965119775675 1.100251754489126
61407.1551 lsst_hardware_g 141.1081109747913 18.13295229539127 31.399999618530273 AB 5.073945942106822 1.0986530369051224
61409.1316 lsst_hardware_r 465.1335019906435 31.426057992826802 31.489999771118164 AB 2.6784169702084717 1.0988377313675781
61409.1537 lsst_hardware_i 859.1747088393843 43.03453184540048 31.25 AB 2.747938008015768 1.100459072123785
61411.1227 lsst_hardware_z 780.7546137466169 49.633741214119084 30.940000534057617 AB 9.453578383618739 1.1003942130253737
61411.144 lsst_hardware_i 834.018670334683 42.03245321761837 31.239999771118164 AB 8.690102344468677 1.098587572386296
61413.1261 lsst_hardware_u -6.551508288400872 3.432170958408856 28.479999542236328 AB 8.09084899569584 1.097374263332587
61413.1477 lsst_hardware_g 117.45416708181719 17.850265565349673 31.40999984741211 AB 8.038495258623849 1.103569919613383
61418.0834 lsst_hardware_i 788.3112061383869 40.531366271627505 31.239999771118164 AB 3.6276825476450028 1.1196551072978405
61418.1032 lsst_hardware_z 595.2521639788121 48.44010086890276 30.940000534057617 AB 3.444138219555359 1.1005980676039526
61420.0858 lsst_hardware_r 378.4820516358644 34.162027728153255 31.530000686645508 AB 5.99902466224849 1.1100568371649147
61420.106 lsst_hardware_g 124.8544060499577 22.522411960958618 31.540000915527344 AB 5.940113027870726 1.0975480604571293
61422.0837 lsst_hardware_r 403.95360999829984 47.75541492636464 31.600000381469727 AB 2.193082146695386 1.1067787770352475
61422.1036 lsst_hardware_i 618.9832781693055 48.81673832777513 31.290000915527344 AB 2.2946512082210457 1.0971318231991614
61426.0848 lsst_hardware_z 903.9153678329279 105.38351576739629 31.729999542236328 AB 13.868400351722206 1.0989804283154583
61428.0761 lsst_hardware_r -55.21580076081273 88.5999984741211 31.639999389648438 AB 7.854709142601252 1.1004846434467426
61428.0963 lsst_hardware_i 22.55009664631817 72.20999908447266 31.31999969482422 AB 9.25751336424965 1.0981629139086038
61430.0835 lsst_hardware_z 67.45418772064345 68.8499984741211 31.709999084472656 AB 8.747448582826628 1.0970651010003827
61434.0405 lsst_hardware_y 9.901298095466258 50.79999923706055 30.030000686645508 AB 14.368223229638309 1.1185631443248134
61434.058 lsst_hardware_i 44.08501280344382 30.90999984741211 31.239999771118164 AB 13.906636300983978 1.1014575838358882
61436.069 lsst_hardware_i -33.886272145420776 30.850000381469727 31.25 AB 9.987754953215212 1.0971335149354877
61436.0875 lsst_hardware_u 3.157186831343147 2.7300000190734863 28.459999084472656 AB 9.8400199544542 1.1056202196015956
61438.0385 lsst_hardware_y 73.9381333268174 50.54999923706055 30.030000686645508 AB 7.483219845745479 1.1081873599188685
61438.057 lsst_hardware_g 2.1687717568469105 13.930000305175781 31.420000076293945 AB 7.353337518092701 1.0975130624018956
61440.0385 lsst_hardware_y -73.1021305543699 49.84000015258789 30.030000686645508 AB 10.010219129391176 1.1035408587136122
61440.0576 lsst_hardware_i 99.33019586731233 30.979999542236328 31.25 AB 10.63822087961182 1.0971008126103632
61443.0363 lsst_hardware_y -98.25515880999657 50.869998931884766 30.030000686645508 AB 5.2208240202318645 1.0998927008915294
61443.0548 lsst_hardware_r 16.3106830914875 22.940000534057617 31.489999771118164 AB 6.752164736845367 1.098002233814988
61445.0282 lsst_hardware_y -65.97700981873096 61.75 30.049999237060547 AB 6.120367389519793 1.1013137097264605
61445.0464 lsst_hardware_z 2.976510093069757 41.90999984741211 30.950000762939453 AB 6.47882634036292 1.0973621850208197
61447.0331 lsst_hardware_y -34.796567711816586 50.88999938964844 30.030000686645508 AB 0.6290793457889379 1.0973909215681428
61447.0504 lsst_hardware_u -0.6578216372363298 2.7200000286102295 28.40999984741211 AB 1.1188571540061671 1.1006956753626829
61450.024 lsst_hardware_y 60.74907538253038 64.81999969482422 30.049999237060547 AB 2.8017874487732692 1.097556536587332
61450.0418 lsst_hardware_r -18.266211960872266 33.2400016784668 31.56999969482422 AB 2.7836497107889535 1.100474287720491
61452.0227 lsst_hardware_y 59.37106842658081 66.4800033569336 30.049999237060547 AB 3.020785292259828 1.0970711066859733
61452.0403 lsst_hardware_r -26.497877979340032 56.790000915527344 31.6200008392334 AB 3.1471456230385537 1.1029071747112507
61685.367 lsst_hardware_i -48.56361082018651 31.1200008392334 31.25 AB 3.9724573210393057 1.1034603669553626
61685.3854 lsst_hardware_z -26.256117538033116 57.869998931884766 30.969999313354492 AB 4.259929354451533 1.0971187760960295
61693.2996 lsst_hardware_z 75.12906998858747 62.90999984741211 30.959999084472656 AB 6.692717106985544 1.1842023781159914
61693.3179 lsst_hardware_y 106.24643387003111 54.220001220703125 30.020000457763672 AB 6.458728218723228 1.1396414925401044
61695.3557 lsst_hardware_r 22.00534172863742 85.44999694824219 31.639999389648438 AB 5.361051038972817 1.097152132950277
61695.3741 lsst_hardware_y -50.00419387021957 61.619998931884766 30.040000915527344 AB 5.395828199618635 1.1029526521211395
61701.3463 lsst_hardware_g -38.837925245423584 24.940000534057617 31.600000381469727 AB 3.611452030190849 1.097705784252503
61701.3642 lsst_hardware_y 69.788501813915 51.150001525878906 30.030000686645508 AB 3.6297066056278458 1.1083637657777183
61704.3169 lsst_hardware_r -1.171816323859489 22.639999389648438 31.479999542236328 AB 1.4549486185354714 1.1022338019208116
61704.3341 lsst_hardware_i -3.398164605431297 30.84000015258789 31.239999771118164 AB 2.6256433006228903 1.0971418485783593
61708.2658 lsst_hardware_u -0.7736517858862212 2.509999990463257 28.239999771118164 AB 3.9917913139498875 1.1646364154487558
61708.283 lsst_hardware_g -8.76458507422241 13.6899995803833 31.3700008392334 AB 3.8809347435275914 1.1286708575040254
61712.2624 lsst_hardware_i -36.807953188311906 44.2400016784668 31.989999771118164 AB 6.09256215793945 1.1470691418684904
61712.2823 lsst_hardware_z 46.806721962641475 59.599998474121094 31.690000534057617 AB 5.927577965832972 1.114031880814341
61721.2738 lsst_hardware_z 91.19972037906413 58.150001525878906 30.969999313354492 AB 4.511208579632315 1.100294775520077
61721.2927 lsst_hardware_r 4.627458881789763 70.37000274658203 31.6299991607666 AB 4.052967907282998 1.0979437634015246
61723.2674 lsst_hardware_z 18.452234724853238 73.4800033569336 30.989999771118164 AB 6.187571617808873 1.10079551998023
61723.284 lsst_hardware_r -198.38535727182784 106.62000274658203 31.649999618530273 AB 6.275474045688317 1.097302683281748
61725.2748 lsst_hardware_i -90.14685101098647 76.62999725341797 31.329999923706055 AB 6.4332523943279325 1.0970991698028918
61725.2922 lsst_hardware_z -67.08989580745259 68.66999816894531 30.989999771118164 AB 5.411742748696884 1.1029460675510117
61727.2631 lsst_hardware_z -81.31032337378008 55.130001068115234 30.969999313354492 AB 4.392156805067356 1.098039201266839
61727.2819 lsst_hardware_r -115.37870931926264 64.26000213623047 31.6299991607666 AB 4.400238325667114 1.1000595814167784
61730.2645 lsst_hardware_u 1.4285212667958023 4.329999923706055 28.739999771118164 AB 3.7189544400349916 1.0972524901755483
61730.2842 lsst_hardware_g 24.210890175861536 24.829999923706055 31.579999923706055 AB 3.7642439750700696 1.1075649200870399
61733.2527 lsst_hardware_r -7.0672393064843915 22.969999313354492 31.489999771118164 AB 9.546721544810776 1.0971036337300861
61733.2722 lsst_hardware_i -29.088111454893745 30.979999542236328 31.239999771118164 AB 9.543545039845496 1.1043000451098397
61741.2536 lsst_hardware_r -28.03437473774493 23.299999237060547 31.489999771118164 AB 7.636970013397205 1.1070345380182536
61741.274 lsst_hardware_u -1.7969675573265804 2.680000066757202 28.3799991607666 AB 7.81094945492845 1.1349137713150832
61747.234 lsst_hardware_z -14.709706299910012 43.709999084472656 30.940000534057617 AB 5.65297522310733 1.1043124092805878
61747.2529 lsst_hardware_r 21.721531056706446 23.420000076293945 31.479999542236328 AB 7.199134513691916 1.1267720642272465
61749.2036 lsst_hardware_z -0.18397458244854262 53.189998626708984 30.969999313354492 AB 10.748324565832075 1.0978787615868515
61749.2195 lsst_hardware_r 35.973833773006966 59.220001220703125 31.6200008392334 AB 10.318948423706281 1.0990075713972893
61751.2218 lsst_hardware_i -174.9291571551201 81.8499984741211 31.31999969482422 AB 13.841823362134903 1.1033517356876033
61751.2404 lsst_hardware_z 74.97365405197206 72.44000244140625 30.979999542236328 AB 14.106907147047774 1.1242803065987468
61753.2213 lsst_hardware_r -55.56571638458464 120.63999938964844 31.649999618530273 AB 8.582794650911664 1.1074573743112563
61753.239 lsst_hardware_z -105.80929929043825 82.83999633789062 30.989999771118164 AB 8.803728017830416 1.1309183344641116
61757.1573 lsst_hardware_r -22.59802288314907 36.45000076293945 31.56999969482422 AB 3.354708209955772 1.1166851184318798
61757.1747 lsst_hardware_i -64.94186729839672 41.099998474121094 31.280000686645508 AB 3.6393149295218428 1.100710231733526
61759.1724 lsst_hardware_z 25.6657630273418 41.95000076293945 30.950000762939453 AB 4.147132511295254 1.0991847627949873
61759.193 lsst_hardware_r -63.81227835043835 26.8700008392334 31.530000686645508 AB 4.122055290396372 1.0993368926491145
61763.2038 lsst_hardware_i 26.576435478347648 44.33000183105469 32.0 AB 7.2354065337034035 1.1187043035154465
61763.2302 lsst_hardware_z 12.05207648087502 61.20000076293945 31.690000534057617 AB 8.411104883607598 1.1714902690787992
