data/validation/pwv_sim_epoch_fit_seasonal/20611747.ecsv
# %ECSV 0.9
# ---
# datatype:
# - {name: time, datatype: float64}
# - {name: band, datatype: string}
# - {name: flux, datatype: float64}
# - {name: fluxerr, datatype: float64}
# - {name: zp, datatype: float64}
# - {name: zpsys, datatype: string}
# - {name: pwv, datatype: float64}
# - {name: airmass, datatype: float64}
# meta: {SNID: '20611747', alt: 1024.0, c: -0.04166313260793686, dec: -50.285809, lat: -30.244573, lon: -70.7499537, ra: 308.661957, t0: 60835.23046875,
#   x0: 3.948003192114257e-05, x1: 1.040509581565857, z: 0.2554022967815399}
# schema: astropy-2.0
time band flux fluxerr zp zpsys pwv airmass
[from data line 133]
61263.201 lsst_hardware_u -1.8183683138634443 2.7200000286102295 28.450000762939453 AB 7.995644783966287 1.07799179164995
61266.2295 lsst_hardware_g 1.4253030139251872 13.989999771118164 31.399999618530273 AB 2.862488178149564 1.1278519220444696
61266.2411 lsst_hardware_r -8.294052509621913 23.219999313354492 31.479999542236328 AB 2.7747650820106347 1.152071862989676
61268.1381 lsst_hardware_u -1.626635784647575 2.809999942779541 28.530000686645508 AB 5.6291341470814285 1.0668816199159306
61268.15 lsst_hardware_r -5.80548923366787 22.8799991607666 31.510000228881836 AB 5.745645503078901 1.0640084264960927
61274.1294 lsst_hardware_i 53.389816287255776 47.869998931884766 31.309999465942383 AB 2.1345711129711735 1.064623996494351
61274.1409 lsst_hardware_z 64.50370722308027 50.189998626708984 30.969999313354492 AB 2.152010437041771 1.0639909869597433
61276.1322 lsst_hardware_r -42.0510222208451 83.0 31.649999618530273 AB 2.8814034197558307 1.0638373342277387
61276.1426 lsst_hardware_z -66.17352616315256 63.5099983215332 30.979999542236328 AB 2.934788652665852 1.065259039080164
61278.1302 lsst_hardware_r -135.53923249022296 104.73999786376953 31.649999618530273 AB 2.322561708674892 1.064012388489681
61278.1412 lsst_hardware_i -0.5483612687707833 83.55999755859375 31.34000015258789 AB 2.304986776774332 1.066547440475514
61281.1112 lsst_hardware_r 105.35543836712374 92.69000244140625 31.65999984741211 AB 5.301966802252809 1.0644560343148637
61281.1221 lsst_hardware_z 33.42836556343222 64.56999969482422 30.989999771118164 AB 5.305658266089888 1.0640222469889642
61286.1151 lsst_hardware_g -17.564536345367674 13.5 31.389999389648438 AB 0.6540395648226379 1.0652110176264462
61286.1261 lsst_hardware_r -14.355289489012668 22.420000076293945 31.479999542236328 AB 1.4974474933198934 1.0696053523713525
61299.0591 lsst_hardware_r -19.35475281725385 23.969999313354492 31.520000457763672 AB 2.7837827669182365 1.0650871445931271
61299.0702 lsst_hardware_u 0.41323696810411886 3.119999885559082 28.579999923706055 AB 2.782876814248752 1.0638586100981964
61303.0523 lsst_hardware_z -74.81580999298886 71.27999877929688 31.719999313354492 AB 5.916298703062762 1.064273916722929
61305.0454 lsst_hardware_r -40.67053097665561 70.5999984741211 31.639999389648438 AB 2.712905104811773 1.0645105374971326
61305.0584 lsst_hardware_z 6.398252797137365 57.869998931884766 30.979999542236328 AB 2.728461591291973 1.0642463544776102
61307.0486 lsst_hardware_r -25.97077430800219 84.0 31.649999618530273 AB 3.197455869043431 1.0638681979847648
61307.0605 lsst_hardware_y -26.66425026973584 54.06999969482422 30.040000915527344 AB 3.2103430357656166 1.066027904952813
61309.0381 lsst_hardware_z 11.228491142017528 61.93000030517578 30.979999542236328 AB 3.433313762436505 1.0640160416631301
61309.0497 lsst_hardware_r -14.807969492897676 88.51000213623047 31.649999618530273 AB 3.0975210731005594 1.0646231562468564
61311.0503 lsst_hardware_i 1.8760525761766593 55.130001068115234 31.309999465942383 AB 4.770243970004388 1.066274148087063
61311.0624 lsst_hardware_z 41.09385035368481 54.33000183105469 30.969999313354492 AB 4.813269394095435 1.0723359769999175
61313.0474 lsst_hardware_r -9.748205794374499 22.709999084472656 31.5 AB 3.959936980320246 1.0672485966051197
61313.0594 lsst_hardware_u -0.48965517884452026 2.7300000190734863 28.469999313354492 AB 3.9796268393047622 1.0740266748753406
61315.0521 lsst_hardware_g 30.755223246938872 13.720000267028809 31.399999618530273 AB 5.217048635108298 1.0727494237615376
61315.0645 lsst_hardware_i 4.27376913012754 30.56999969482422 31.239999771118164 AB 5.230166952636622 1.0830745397880763
61317.0329 lsst_hardware_r 36.977987332499254 22.790000915527344 31.489999771118164 AB 2.5927074153470056 1.0659342532602927
61317.0436 lsst_hardware_z -36.98357543898923 41.70000076293945 30.940000534057617 AB 2.5596384642397405 1.0708290883725033
61319.0334 lsst_hardware_r -32.91826109171198 22.899999618530273 31.510000228881836 AB 3.6549375131039987 1.0683047170198023
61319.0446 lsst_hardware_u 1.5594766043966946 2.7799999713897705 28.5 AB 4.072223864185496 1.0751982743344397
61321.0312 lsst_hardware_g 6.961900427276989 13.859999656677246 31.40999984741211 AB 4.856379554648926 1.069981725067238
61321.0421 lsst_hardware_r 9.092145926614572 22.700000762939453 31.489999771118164 AB 5.4486955459236555 1.0775626512258787
61323.0765 lsst_hardware_i 1.0423949885724637 31.31999969482422 31.239999771118164 AB 2.757524461688595 1.132996423346584
61323.0885 lsst_hardware_z 26.137355424817045 42.95000076293945 30.940000534057617 AB 3.68196686237034 1.1591878042932418
61325.0735 lsst_hardware_r 14.667617191772507 23.200000762939453 31.479999542236328 AB 6.102405606739606 1.1379777355225373
61325.0857 lsst_hardware_u -1.9142332857707547 2.680000066757202 28.3799991607666 AB 6.7445551700126485 1.1656680210875436
61326.0759 lsst_hardware_g -34.70513102154862 14.010000228881836 31.399999618530273 AB 5.524309032687488 1.1490026586749258
61326.0861 lsst_hardware_i 38.762433173044634 31.520000457763672 31.239999771118164 AB 6.109263985629686 1.1736171329612306
61328.0791 lsst_hardware_z 23.00900332016482 42.83000183105469 30.93000030517578 AB 6.920134993041901 1.1696661772001227
61328.0903 lsst_hardware_r 6.5836416930242985 23.940000534057617 31.479999542236328 AB 7.442933796287395 1.2004731929495798
