data/validation/pwv_sim_epoch_fit_seasonal/2066269.ecsv
# %ECSV 0.9
# ---
# datatype:
# - {name: time, datatype: float64}
# - {name: band, datatype: string}
# - {name: flux, datatype: float64}
# - {name: fluxerr, datatype: float64}
# - {name: zp, datatype: float64}
# - {name: zpsys, datatype: string}
# - {name: pwv, datatype: float64}
# - {name: airmass, datatype: float64}
# meta: {SNID: '2066269', alt: 1024.0, c: -0.05170156806707382, dec: 3.732834, lat: -30.244573, lon: -70.7499537, ra: 185.976562, t0: 63002.65625,
#   x0: 2.7037631587075735e-06, x1: 0.26236045360565186, z: 0.7881990671157837}
# schema: astropy-2.0
time band flux fluxerr zp zpsys pwv airmass
62888.3598 lsst_hardware_r -27.35405134495894 25.729999542236328 31.489999771118164 AB 10.822410923019337 1.2105153711292649
62890.3603 lsst_hardware_z -46.194690592191506 45.099998474121094 30.93000030517578 AB 8.80184796623209 1.2063798567129063
62892.3584 lsst_hardware_u -2.46205942721335 3.059999942779541 28.450000762939453 AB 16.841063655783444 1.2047617745351655
62892.3786 lsst_hardware_y 196.34506162315972 76.61000061035156 30.010000228881836 AB 14.97496028370539 1.2075201314665975
62894.3592 lsst_hardware_z 91.64117682513778 44.06999969482422 30.940000534057617 AB 14.230577232793058 1.2034484403833505
62894.3762 lsst_hardware_y 31.118719322111794 63.40999984741211 30.010000228881836 AB 14.952384774659608 1.2097154001464054
62896.3583 lsst_hardware_u 1.5504965097983137 2.819999933242798 28.3700008392334 AB 13.631573797407992 1.203715262289973
62896.3763 lsst_hardware_y 146.15899870064487 59.81999969482422 30.0 AB 13.054401360851434 1.21492800007924
62898.3585 lsst_hardware_r -37.88674351904763 24.889999389648438 31.479999542236328 AB 14.159604269468076 1.2054830810035824
62898.3755 lsst_hardware_z -86.89517187926492 49.15999984741211 30.940000534057617 AB 14.156662111037784 1.220533429122775
62909.3327 lsst_hardware_z -72.78230045430942 69.22000122070312 30.969999313354492 AB 7.294885927783112 1.2078458935273866
62909.3501 lsst_hardware_r 162.52783949507153 88.1500015258789 31.610000610351562 AB 7.564735276253416 1.2272445289184648
62911.3092 lsst_hardware_g 33.28033939928474 41.29999923706055 31.6200008392334 AB 3.2490697533842265 1.2039537129635227
62911.3258 lsst_hardware_i 46.92859385343792 43.959999084472656 31.270000457763672 AB 3.0519446926871154 1.2069383176985693
62913.2501 lsst_hardware_z -15.911449247875266 45.720001220703125 30.93000030517578 AB 5.864896946631393 1.2929666989928115
62913.2663 lsst_hardware_r -38.94346060793132 28.049999237060547 31.510000228881836 AB 5.643614291683061 1.248771417248059
62915.2272 lsst_hardware_u 3.498273378225389 3.7799999713897705 29.030000686645508 AB 7.211423820228475 1.3612881208548326
62918.3111 lsst_hardware_r 16.345035279870206 24.889999389648438 31.489999771118164 AB 7.861961749410884 1.2100445187442201
62918.3285 lsst_hardware_i 10.322328294314955 33.150001525878906 31.229999542236328 AB 7.9953105912009645 1.2321645788201678
62920.3072 lsst_hardware_z -43.669544683568155 43.880001068115234 30.93000030517578 AB 13.425733368552121 1.2113807965850512
62920.3245 lsst_hardware_r 35.888306307819136 24.799999237060547 31.479999542236328 AB 13.537952565430748 1.234764006332611
62922.2913 lsst_hardware_u -2.7233062937861527 2.740000009536743 28.360000610351562 AB 10.62537584891544 1.2047822037473095
62922.3098 lsst_hardware_r -32.19057457823463 24.850000381469727 31.479999542236328 AB 10.982608127308563 1.2202897919231737
62924.267 lsst_hardware_g 22.497597242629453 15.380000114440918 31.420000076293945 AB 7.230113372858269 1.2066277324529822
62924.2838 lsst_hardware_i 29.277058213380446 32.61000061035156 31.239999771118164 AB 7.152536992202191 1.2041308067680456
62926.2732 lsst_hardware_z -25.636772181015232 44.20000076293945 30.93000030517578 AB 4.676437143902702 1.2034063674479418
62926.2915 lsst_hardware_r -13.899242853868483 24.809999465942383 31.479999542236328 AB 4.705092778331773 1.2120020036488415
62928.2698 lsst_hardware_y 126.41438536492291 49.58000183105469 29.989999771118164 AB 7.10589175399987 1.2035384763302532
62928.2883 lsst_hardware_g 6.304235461538379 15.399999618530273 31.399999618530273 AB 7.064338529643123 1.2142385211733508
62931.2706 lsst_hardware_r 31.940098821191217 71.27999877929688 31.610000610351562 AB 9.381913590228953 1.2065864627814358
62931.2868 lsst_hardware_i 27.41456628731118 59.90999984741211 31.290000915527344 AB 9.515236419459093 1.2224226988717026
62933.2705 lsst_hardware_z 78.19171789536708 85.7300033569336 30.979999542236328 AB 11.982292531456888 1.2103325789350392
62933.2902 lsst_hardware_r -77.20547231387393 126.22000122070312 31.610000610351562 AB 12.246036122349281 1.2369733456918466
62936.2701 lsst_hardware_z 82.81280532514975 96.08999633789062 30.979999542236328 AB 10.72598372870979 1.2184002720988023
62936.2891 lsst_hardware_r -100.89310060443692 138.77999877929688 31.610000610351562 AB 11.096329063003129 1.2518186401808549
62940.2364 lsst_hardware_z -109.82946411494042 48.290000915527344 30.940000534057617 AB 10.994931761638309 1.2034732663789538
62940.2554 lsst_hardware_r -24.995660666749046 41.459999084472656 31.559999465942383 AB 10.562616024398524 1.2140937959078764
62945.2325 lsst_hardware_r -11.282154540161729 25.440000534057617 31.5 AB 5.917435083585493 1.2066547886593775
62945.2515 lsst_hardware_i -41.19419163028507 33.459999084472656 31.239999771118164 AB 6.112977438428865 1.22674597824551
62947.2313 lsst_hardware_z -45.88870940381683 44.810001373291016 30.940000534057617 AB 6.9488103187616845 1.2095405254589802
62947.2503 lsst_hardware_r 11.339891881568525 25.670000076293945 31.489999771118164 AB 6.442426119316479 1.2338857781788803
62949.2341 lsst_hardware_u 3.8001559059283188 2.7899999618530273 28.3799991607666 AB 7.201538690666746 1.2177789342201815
62949.2523 lsst_hardware_r 46.00971648073277 25.559999465942383 31.489999771118164 AB 7.643653311202119 1.2488609282251593
62951.1685 lsst_hardware_i 22.98905996211923 33.63999938964844 31.229999542236328 AB 9.120596361734204 1.2365792509243283
62951.1865 lsst_hardware_z 21.99767529288623 44.70000076293945 30.940000534057617 AB 8.923477389718283 1.2116333100615468
62953.2158 lsst_hardware_r 26.779318676708915 25.469999313354492 31.5 AB 9.296761371530819 1.2102531618395511
62953.2342 lsst_hardware_u -0.20444814585443727 2.9000000953674316 28.459999084472656 AB 9.382219378646477 1.234394269622815
62955.2113 lsst_hardware_g 18.55739047533329 15.890000343322754 31.440000534057617 AB 7.902661575446323 1.2110740052277773
62955.2295 lsst_hardware_r -12.384579066774538 25.469999313354492 31.5 AB 7.9288106294662555 1.2357871928718829
62957.2099 lsst_hardware_i 43.45226097750051 35.13999938964844 31.239999771118164 AB 5.128598740145431 1.215067816026573
62957.2278 lsst_hardware_z 13.508062644749833 44.810001373291016 30.93000030517578 AB 5.284872282616006 1.2431581015288364
62959.2098 lsst_hardware_r 8.907205852166925 60.31999969482422 31.600000381469727 AB 8.722020342998837 1.221657026822457
62959.2278 lsst_hardware_z -5.952300559422286 55.4900016784668 30.950000762939453 AB 8.942047839721234 1.2553325855081925
62961.1743 lsst_hardware_z 40.80581568712172 78.22000122070312 30.979999542236328 AB 8.887543996849464 1.2036354685543307
62961.1926 lsst_hardware_r -282.0832117259425 109.45999908447266 31.6200008392334 AB 8.925718142857992 1.2091738283393123
62964.1763 lsst_hardware_r -266.1043163406371 147.6699981689453 31.6200008392334 AB 10.12316531642439 1.2046606881901296
62964.1934 lsst_hardware_z -56.12054724862572 99.12999725341797 30.979999542236328 AB 10.377121927275258 1.2180911975672806
62967.1607 lsst_hardware_g 23.957676572711172 63.43074745972175 31.65999984741211 AB 3.574112901778694 1.2034050174339037
62967.178 lsst_hardware_r 0.5855959805653702 61.87065441351849 31.600000381469727 AB 3.987655024084493 1.2106119940550488
62969.1613 lsst_hardware_i -18.777463274485306 39.32637842752174 31.260000228881836 AB 10.17172514197085 1.2042294958923656
62969.1778 lsst_hardware_z -32.817242595317744 47.608416272336626 30.940000534057617 AB 12.10434388666838 1.2158041905081864
62971.1603 lsst_hardware_r 2.0323690945831423 25.029385236332864 31.479999542236328 AB 12.718713438075719 1.2060034551014478
62971.1782 lsst_hardware_g 15.771253461911897 15.448755227619035 31.399999618530273 AB 12.110585791061808 1.2232914940466473
62974.1573 lsst_hardware_r 60.57603402044932 24.973362979022365 31.489999771118164 AB 14.249879475213127 1.2093249908243107
62974.1738 lsst_hardware_i 22.346993129498525 33.80629004449541 31.239999771118164 AB 15.855596738640626 1.2291160262512113
62976.1584 lsst_hardware_z 191.2787518080921 63.56060030445365 31.690000534057617 AB 7.738083237844261 1.21548529163075
62976.1761 lsst_hardware_i 168.70072813050737 48.92467457836853 31.989999771118164 AB 4.1995014832569275 1.243529125208714
62978.1526 lsst_hardware_u 4.820399217135946 3.0045485431801455 28.40999984741211 AB 12.324891871722064 1.215113070267383
62978.1708 lsst_hardware_g 36.86396469066593 16.369578405129385 31.40999984741211 AB 11.531249656431106 1.2438649108927355
62985.1178 lsst_hardware_i 428.57655454693383 41.3394740114576 31.25 AB 10.62973922358025 1.2042869615740612
62985.1349 lsst_hardware_z 255.2273561565959 48.2263437335391 30.940000534057617 AB 9.96939615101581 1.2167073868516625
62994.1359 lsst_hardware_z 1172.4908842157818 102.23280190765806 31.719999313354492 AB 12.349988386100845 1.2645255092510976
63000.0373 lsst_hardware_i 1053.250994169219 45.42222014199493 31.229999542236328 AB 7.24221597114689 1.2319138101914024
63000.0564 lsst_hardware_z 577.4040901808058 50.306012701659796 30.93000030517578 AB 7.669941715092418 1.2086261763461106
63004.0109 lsst_hardware_z 594.7601035032973 50.98586374956563 30.93000030517578 AB 9.253464460356147 1.2656473872943503
63004.0239 lsst_hardware_i 979.352542343879 45.310975772746005 31.229999542236328 AB 9.07088908819861 1.2363774313764575
63008.0392 lsst_hardware_u -0.1854998044733096 2.707187371638715 28.309999465942383 AB 5.577899372576486 1.2058150328034196
63008.06 lsst_hardware_g 84.89124059718499 17.631378161728186 31.40999984741211 AB 6.148602503063833 1.206396828593235
63014.0554 lsst_hardware_z 1040.416065122458 72.0813733036381 31.690000534057617 AB 8.981739478003451 1.216351131204663
63016.0047 lsst_hardware_r 366.53085466370266 57.42056879215545 31.600000381469727 AB 11.58240458481614 1.2160643167427772
63016.0256 lsst_hardware_g 108.97689141255394 49.501143333322545 31.649999618530273 AB 11.641539421887252 1.2034775718488877
63017.9998 lsst_hardware_r 192.17488964282512 93.02065410961673 31.6200008392334 AB 8.335060190614634 1.2154367652672873
63018.0184 lsst_hardware_i 668.9745386625996 81.48256017410753 31.309999465942383 AB 8.185097321784026 1.203690782615298
63021.0003 lsst_hardware_z 513.159273264485 71.47850507062097 30.969999313354492 AB 13.685595981779572 1.2077746040180815
63021.0204 lsst_hardware_i 684.9693942991669 80.36876778119667 31.299999237060547 AB 13.588706326208625 1.204583555547784
63022.9973 lsst_hardware_z 903.1213127827712 90.88237711967258 31.709999084472656 AB 5.187100197871014 1.2063023715979102
63023.0194 lsst_hardware_g 123.9450914401268 128.55701347802193 32.40999984741211 AB 5.316279086703044 1.2065998835004637
63036.9591 lsst_hardware_y 184.64727239422402 53.972530311813934 30.0 AB 4.422062931359242 1.206291320216206
63036.9786 lsst_hardware_g 40.264173607204064 16.93123252390253 31.440000534057617 AB 4.451146461358807 1.2053200391809924
63042.9607 lsst_hardware_y 227.1819611528849 53.887300467519616 30.0 AB 7.543954663779705 1.2047196844106844
63042.9823 lsst_hardware_i 124.53882600315818 38.64212007905045 31.25 AB 7.52449367205871 1.2243243940976885
