data/validation/pwv_sim_epoch_fit_seasonal/20689675.ecsv
# %ECSV 0.9
# ---
# datatype:
# - {name: time, datatype: float64}
# - {name: band, datatype: string}
# - {name: flux, datatype: float64}
# - {name: fluxerr, datatype: float64}
# - {name: zp, datatype: float64}
# - {name: zpsys, datatype: string}
# - {name: pwv, datatype: float64}
# - {name: airmass, datatype: float64}
# meta: {SNID: '20689675', alt: 1024.0, c: 0.010287638753652573, dec: -14.015684, lat: -30.244573, lon: -70.7499537, ra: 97.734375, t0: 60996.1796875,
#   x0: 4.172456228643106e-06, x1: -0.7706145644187927, z: 0.6608611941337585}
# schema: astropy-2.0
time band flux fluxerr zp zpsys pwv airmass
[from data line 133]
61413.1872 lsst_hardware_r 3.9369227703815133 22.649999618530273 31.5 AB 6.947099214083209 1.0465651120944877
61415.1626 lsst_hardware_i -18.80360256922358 42.849998474121094 32.0 AB 8.561013806524713 1.0414858645407192
61415.1837 lsst_hardware_r -15.189556292299388 31.809999465942383 32.25 AB 8.046367830737353 1.047840582203069
61420.1262 lsst_hardware_g -5.865566823134958 17.209999084472656 31.510000228881836 AB 5.811328923646555 1.052761085789145
61420.1459 lsst_hardware_r 52.15405118329485 24.260000228881836 31.520000457763672 AB 5.7525853060211665 1.0418990819146328
61422.126 lsst_hardware_i -37.58025323070183 38.41999816894531 31.299999237060547 AB 1.4994652257244956 1.0484548833873122
61422.1457 lsst_hardware_z -61.12938392101978 44.31999969482422 30.959999084472656 AB 1.5218221011531365 1.0413928611905587
61426.1105 lsst_hardware_z -64.98360954532336 67.41000366210938 30.989999771118164 AB 13.337994779781203 1.0521412621110025
61426.1301 lsst_hardware_r 126.31193993791184 94.58000183105469 31.65999984741211 AB 12.416421811468863 1.041791789523328
61428.1137 lsst_hardware_i -6.473353475026952 78.4000015258789 31.329999923706055 AB 8.637024106822498 1.0458239335022008
61428.1322 lsst_hardware_r 37.09453782745262 99.3499984741211 31.65999984741211 AB 7.939295023156385 1.0415377413621285
61430.1113 lsst_hardware_z 46.557573243304475 51.189998626708984 30.979999542236328 AB 8.351259491532979 1.044255521615485
61430.1296 lsst_hardware_g 10.129368198715074 62.869998931884766 31.729999542236328 AB 8.141246757879312 1.0419795549712738
61432.1042 lsst_hardware_r 6.633822140300665 30.530000686645508 31.56999969482422 AB 11.813266547972448 1.0450518885325946
61432.1229 lsst_hardware_i 81.01729300439641 36.790000915527344 31.280000686645508 AB 11.837071974947762 1.0417512299003546
61434.0992 lsst_hardware_z 119.09159443683981 40.88999938964844 30.950000762939453 AB 11.90046790909989 1.0448172000965663
61434.116 lsst_hardware_r -5.326295371371152 22.200000762939453 31.489999771118164 AB 12.046632718746956 1.0415556561254502
61436.0778 lsst_hardware_i -10.50985282891719 30.270000457763672 31.25 AB 9.679879802635389 1.0575058505091375
61436.0963 lsst_hardware_u -0.26705043831960257 2.7300000190734863 28.5 AB 9.278117985293765 1.0436578161185337
61438.0781 lsst_hardware_g 9.923703245538073 13.699999809265137 31.440000534057617 AB 7.047155914028022 1.0518143155265705
61438.0973 lsst_hardware_r 30.39625546944108 22.3700008392334 31.510000228881836 AB 6.356682718079472 1.0417944908078893
61440.0768 lsst_hardware_i 21.937961260339506 30.280000686645508 31.25 AB 10.146294056826626 1.048486791663469
61440.0943 lsst_hardware_r -43.124162465469745 22.329999923706055 31.510000228881836 AB 10.91915722925922 1.0414819590585147
61442.073 lsst_hardware_u -2.2092309895617137 2.799999952316284 28.549999237060547 AB 5.003138910544321 1.0473391062475028
61442.0929 lsst_hardware_g -0.33428692069619964 13.630000114440918 31.440000534057617 AB 4.548335848752368 1.041444630305076
61443.0746 lsst_hardware_r 61.56644694965072 22.329999923706055 31.489999771118164 AB 6.4879445937392015 1.0448276873766413
61443.094 lsst_hardware_i -1.3632237470378852 30.299999237060547 31.25 AB 5.748727069753094 1.0419551533378186
61445.061 lsst_hardware_z 17.914383259212627 41.060001373291016 30.950000762939453 AB 6.31385671655961 1.0501216992198779
61445.0793 lsst_hardware_r 17.34082827220233 22.229999542236328 31.5 AB 6.246364081931992 1.0416248938061279
61447.0687 lsst_hardware_u -1.739860971614379 2.7100000381469727 28.479999542236328 AB 1.0640653928436445 1.042775395191825
61447.085 lsst_hardware_g 9.746990358826025 13.470000267028809 31.420000076293945 AB 1.6699417539609611 1.0424105829968546
61450.0571 lsst_hardware_r 31.129753085838004 30.010000228881836 31.549999237060547 AB 2.6364421080296943 1.044066573043253
61450.0751 lsst_hardware_z 29.238851224606663 42.72999954223633 30.959999084472656 AB 2.642506342407108 1.0419977690879763
61454.0527 lsst_hardware_z 79.3304260785766 58.0 30.979999542236328 AB 4.681015553741769 1.0419622824133041
61454.0702 lsst_hardware_r -56.534918471711926 75.37000274658203 31.649999618530273 AB 4.675895942378 1.043920954577414
61456.0288 lsst_hardware_y -3.042713771373532 55.880001068115234 30.059999465942383 AB 3.892188938340436 1.0519429563082259
61456.0456 lsst_hardware_i 2.3893123062438306 72.19000244140625 31.34000015258789 AB 3.490640981052 1.04234538826019
61458.0269 lsst_hardware_y 71.13827459680729 52.61000061035156 30.049999237060547 AB 5.110550091631505 1.049035256578482
61458.0444 lsst_hardware_r 54.42745450278284 72.01000213623047 31.649999618530273 AB 5.576462476443977 1.0415507053500144
61460.0247 lsst_hardware_y -65.5095139548614 48.560001373291016 30.049999237060547 AB 8.030436839368843 1.0467883516090521
61460.0415 lsst_hardware_g 25.802257420726924 28.329999923706055 31.639999389648438 AB 7.850767188305062 1.0413884514415601
61464.0238 lsst_hardware_y -39.378588632722995 47.88999938964844 30.049999237060547 AB 5.211661785949855 1.042332357189971
61464.0432 lsst_hardware_u -2.613345702001094 2.630000114440918 28.420000076293945 AB 5.775349731095079 1.0440523768174292
61468.0091 lsst_hardware_y 7.269202650077582 65.29000091552734 30.059999465942383 AB 3.8068072117007006 1.0435803568421531
61468.0268 lsst_hardware_z -82.2057280684076 41.08000183105469 30.950000762939453 AB 3.864342254502724 1.0421869210929922
61470.0074 lsst_hardware_y 80.22845059528866 66.04000091552734 30.059999465942383 AB 5.339019167479513 1.0423360884025992
61470.0256 lsst_hardware_u -0.5160142980018517 2.640000104904175 28.3700008392334 AB 5.3737266826174785 1.0435433891868102
61472.0044 lsst_hardware_y -106.37759446491414 68.36000061035156 30.06999969482422 AB 8.188544415134489 1.0417995439102403
61472.0228 lsst_hardware_i 26.270245331006006 30.40999984741211 31.25 AB 8.486308606564242 1.0447259148792616
61474.0029 lsst_hardware_y -32.78261464338635 66.97000122070312 30.059999465942383 AB 10.759353022305696 1.041395678881016
61474.0222 lsst_hardware_r 45.61781833999183 22.280000686645508 31.479999542236328 AB 10.797871170684047 1.0475572716764965
