data/validation/pwv_sim_epoch_fit_seasonal/21078734.ecsv
# %ECSV 0.9
# ---
# datatype:
# - {name: time, datatype: float64}
# - {name: band, datatype: string}
# - {name: flux, datatype: float64}
# - {name: fluxerr, datatype: float64}
# - {name: zp, datatype: float64}
# - {name: zpsys, datatype: string}
# - {name: pwv, datatype: float64}
# - {name: airmass, datatype: float64}
# meta: {SNID: '21078734', alt: 1024.0, c: -0.052162524312734604, dec: -6.279288, lat: -30.244573, lon: -70.7499537, ra: 139.746094, t0: 60736.3828125,
#   x0: 2.606650882647545e-06, x1: 0.09902734309434891, z: 0.8000202178955078}
# schema: astropy-2.0
time band flux fluxerr zp zpsys pwv airmass
60656.335 lsst_hardware_g -21.742981730805745 14.829999923706055 31.420000076293945 AB 11.602829727114003 1.1053823176037476
60656.354 lsst_hardware_y 51.30660603823332 71.56999969482422 30.049999237060547 AB 11.388879700813705 1.0939888445848667
60658.3366 lsst_hardware_i 33.09855453389618 49.95000076293945 31.299999237060547 AB 9.184670559481523 1.0993895222934615
60658.3547 lsst_hardware_z -72.9389614770288 62.900001525878906 30.979999542236328 AB 9.133053754848039 1.0934853203735149
60660.3391 lsst_hardware_r -2.3898181703481085 91.62999725341797 31.639999389648438 AB 7.963088045726071 1.0951345070678562
60662.3133 lsst_hardware_r -53.62657794212303 87.72000122070312 31.639999389648438 AB 5.350190327863654 1.1113045062376905
60662.3338 lsst_hardware_y 50.124324072710785 56.060001373291016 30.040000915527344 AB 5.7162895536727 1.0950746271404075
60665.3179 lsst_hardware_z -65.3262864232943 53.13999938964844 30.969999313354492 AB 6.614211190147162 1.0991017570242174
60665.3365 lsst_hardware_y 148.23461375574874 51.310001373291016 30.040000915527344 AB 7.140442679277568 1.0935386205437412
60668.3159 lsst_hardware_r 2.6035813747288676 28.260000228881836 31.540000915527344 AB 7.316255406823674 1.0956715406642301
60668.3364 lsst_hardware_y 88.17676454811118 48.54999923706055 30.030000686645508 AB 7.101228175776909 1.0955304189720625
60670.3249 lsst_hardware_z 39.329613073694524 59.810001373291016 31.700000762939453 AB 6.550242371962339 1.0937882980608857
60672.2845 lsst_hardware_r -21.387889008569683 23.540000915527344 31.5 AB 7.989011766361299 1.1131925359537183
60672.3045 lsst_hardware_g 10.141846458681037 14.460000038146973 31.440000534057617 AB 7.620736375744119 1.09587810982803
60674.2878 lsst_hardware_r -39.43875828601073 23.520000457763672 31.5 AB 6.208637786829205 1.1035126037465817
60676.2904 lsst_hardware_z 16.963985894605536 42.33000183105469 30.940000534057617 AB 7.762461735242901 1.0975012527118349
60676.3123 lsst_hardware_i -27.90490898430717 31.40999984741211 31.25 AB 7.783106910672172 1.094699705149951
60680.2862 lsst_hardware_r 65.11430786460254 32.75 32.2400016784668 AB 11.409259819298136 1.094553402765963
60680.3084 lsst_hardware_i 46.576009584700266 44.0099983215332 31.989999771118164 AB 11.14286170943905 1.0979541036520803
60682.2896 lsst_hardware_z 56.12622459607043 42.099998474121094 30.940000534057617 AB 10.363600459817924 1.0934951685378977
60682.3106 lsst_hardware_u -1.3418729052495715 2.7100000381469727 28.40999984741211 AB 9.0888030557368 1.10384734243046
60686.2573 lsst_hardware_r 52.65937994862311 50.310001373291016 31.6200008392334 AB 6.765311787520474 1.1015433032597788
60686.2797 lsst_hardware_i 15.176754548484697 43.9900016784668 31.299999237060547 AB 6.678471932569217 1.0935765404567246
60688.2338 lsst_hardware_z 135.39152367304175 69.11000061035156 30.979999542236328 AB 4.954154270511387 1.1233909910456659
60688.2525 lsst_hardware_i -86.91485779377005 77.51000213623047 31.329999923706055 AB 4.961150662149184 1.1010099117064323
60692.2312 lsst_hardware_r -52.423268491806766 94.51000213623047 31.639999389648438 AB 3.5772690446597077 1.111528444741494
60692.2499 lsst_hardware_i 116.96106342317132 77.94000244140625 31.31999969482422 AB 3.566312558040965 1.09586578655361
60694.2425 lsst_hardware_z 99.4792432911678 75.22000122070312 31.709999084472656 AB 6.580108529252439 1.0968066222778796
60697.1978 lsst_hardware_r -28.551157022513554 27.530000686645508 31.520000457763672 AB 11.128176178058117 1.1449624382599624
60697.2181 lsst_hardware_i 23.06182017260071 34.13999938964844 31.25 AB 10.553075323990281 1.1108500341042402
60699.1072 lsst_hardware_z 50.930725489220066 47.939998626708984 30.899999618530273 AB 20.81613048369809 1.6015898708973562
60699.1212 lsst_hardware_i -48.464079232691745 34.040000915527344 31.200000762939453 AB 19.1208709917416 1.4730741697379934
60701.2087 lsst_hardware_g -27.023895560211944 14.81534222046026 31.440000534057617 AB 15.617103758594348 1.1090511492805701
60701.2289 lsst_hardware_r 9.125162490080859 23.93685763965948 31.510000228881836 AB 15.360666664220934 1.094532326081013
60705.2099 lsst_hardware_u 0.953295732397212 2.798247745822203 28.469999313354492 AB 13.444861292832709 1.098286831272924
60705.2275 lsst_hardware_g 19.842825224303766 14.839253084052855 31.450000762939453 AB 13.34551666769843 1.0935362723450042
60709.1775 lsst_hardware_i 150.38898356898437 32.929190011671864 31.260000228881836 AB 10.213380153512734 1.121733130534081
60709.1956 lsst_hardware_z 63.477411006542376 43.07776002193514 30.959999084472656 AB 10.150374121043571 1.1006595531787182
60714.1721 lsst_hardware_i 212.5689327448018 50.58604368548594 31.299999237060547 AB 10.043778905612028 1.110341479044696
60714.1911 lsst_hardware_r 154.04421167505097 50.84094158574081 31.610000610351562 AB 9.96124812857835 1.0953247218317224
60718.1599 lsst_hardware_r 233.46737275185225 138.71753568349268 31.639999389648438 AB 4.470786074998897 1.111905345077446
60718.1761 lsst_hardware_i 593.208467984779 109.9647133926465 31.329999923706055 AB 6.483038571378749 1.097270280064104
60720.1578 lsst_hardware_z 203.21676840260992 82.47281234026651 30.989999771118164 AB 1.8713165264989762 1.1079434733564097
60720.1745 lsst_hardware_r 218.57248323173263 118.06203155800452 31.649999618530273 AB 1.6621011776383827 1.0954093877230116
60722.1655 lsst_hardware_z 830.2551062356753 85.71478560603794 31.729999542236328 AB 3.7634787357179653 1.0970908497173713
60724.1528 lsst_hardware_r 557.6436431806701 52.04981962122927 31.610000610351562 AB 6.2874120168713965 1.102152392813731
60724.1699 lsst_hardware_z 478.28789259021465 52.30958129706728 30.959999084472656 AB 7.036214575026144 1.0936837763311151
60727.1528 lsst_hardware_r 661.5260962285261 34.549067915842734 31.510000228881836 AB 5.623200695669148 1.0965858186077806
60727.1697 lsst_hardware_y 278.15179251185435 49.758586679931575 30.030000686645508 AB 6.763190925163746 1.0938364750386134
60731.1291 lsst_hardware_r 632.8222533620713 34.95537039814406 31.489999771118164 AB 9.561111043497865 1.1065033515476361
60731.1463 lsst_hardware_i 883.4187193924662 43.82679616928156 31.25 AB 9.469472749762993 1.0947367340766465
60733.1254 lsst_hardware_z 649.4460628174114 48.77527317584974 30.940000534057617 AB 8.562172832477088 1.1047252219182102
60733.1427 lsst_hardware_r 709.902880126016 34.94613942652115 31.5 AB 8.506574016100338 1.0941986707528493
60736.1158 lsst_hardware_u 1.0363622460829962 2.7104471713660603 28.350000381469727 AB 3.2280741064561522 1.1061361872493953
60736.1346 lsst_hardware_g 100.35494937053379 17.46311779236424 31.420000076293945 AB 3.685091743845925 1.0941754528306595
60738.1199 lsst_hardware_r 509.5994040076338 33.519466486456395 31.489999771118164 AB 4.966293939712487 1.0982111686239848
60738.1378 lsst_hardware_z 720.1199424015014 48.647784770345936 30.940000534057617 AB 6.002303796829216 1.0935648001510756
60740.1152 lsst_hardware_r 527.5307091068966 34.399216532408644 31.510000228881836 AB 7.87522118976252 1.0977447992420892
60740.1349 lsst_hardware_y 331.4670915788445 50.04590841074339 30.030000686645508 AB 8.377982768054665 1.093969458287863
60742.1147 lsst_hardware_z 638.2698365385901 53.122218656168315 30.959999084472656 AB 11.284286164868872 1.0952959150564328
60742.1336 lsst_hardware_r 501.9287504232748 48.6757477206371 31.600000381469727 AB 12.590955761436653 1.0951990398326965
60751.0933 lsst_hardware_z 921.0419394352755 84.34411228157535 31.719999313354492 AB 8.333514934607495 1.0942594127816705
60753.0716 lsst_hardware_r 263.8136302967054 41.987105127546236 31.59000015258789 AB 8.031409363132187 1.1039485047030133
60753.0907 lsst_hardware_z 466.011891021727 51.6655000649551 30.959999084472656 AB 8.889788446189336 1.0936791198920652
60755.0749 lsst_hardware_r 232.01443771550973 28.090504582314917 31.510000228881836 AB 4.317285028164432 1.0973590972013552
60755.0941 lsst_hardware_u -0.9456617530241159 2.9105294079546336 28.559999465942383 AB 5.360601589347459 1.094000324356624
60757.072 lsst_hardware_g 22.638704418081065 15.299043848669571 31.43000030517578 AB 6.525076938477818 1.0960375596547192
60757.091 lsst_hardware_r 226.33667579016443 27.449141534914734 31.5 AB 6.677219547749953 1.0946261553688448
60759.0621 lsst_hardware_i 427.684834361747 37.22504019535963 31.25 AB 11.367642575300984 1.098499846220098
60759.0799 lsst_hardware_z 268.9149014619749 46.10569722360416 30.950000762939453 AB 11.32837451698171 1.0935076273671973
60761.0587 lsst_hardware_r 236.2219537609342 26.3785315636706 31.510000228881836 AB 6.954675427880924 1.097254830257709
60761.0755 lsst_hardware_u -3.7450062568207216 2.8693631438257325 28.530000686645508 AB 6.832110431148689 1.0936188612827547
60763.0302 lsst_hardware_u -1.859177977342228 2.857667640926987 28.5 AB 7.289706936302795 1.1214933748158147
60763.0475 lsst_hardware_g 26.08734553887973 15.167596692238279 31.440000534057617 AB 7.380721882745997 1.101162007570999
60768.026 lsst_hardware_r 91.94316429044835 26.593303410914007 31.5 AB 6.977978475623145 1.108759589357773
60768.0449 lsst_hardware_u 0.5049028092874914 2.824895076641572 28.389999389648438 AB 6.6783391868809865 1.0948545738564672
60772.0239 lsst_hardware_i 147.9167067374405 58.224226640912576 31.309999465942383 AB 11.714122281571237 1.1003997634241518
60772.0403 lsst_hardware_z 166.63906434295774 57.68287480076622 30.969999313354492 AB 11.644582081028824 1.0935077784134928
60774.0204 lsst_hardware_r 261.0446139335286 90.70185215951048 31.639999389648438 AB 8.866285018587437 1.0989900035434579
60774.038 lsst_hardware_z 179.139936766057 69.756353731552 30.979999542236328 AB 8.842152342717638 1.0934461562749815
60777.0164 lsst_hardware_z 231.74185293379264 70.07001669315291 30.979999542236328 AB 5.524604780688509 1.0965143461505473
60777.0329 lsst_hardware_i 236.35821653459956 79.63543234790124 31.329999923706055 AB 5.447935327426786 1.0937798883908554
60779.0108 lsst_hardware_z 109.79326892770165 61.25736237806552 30.979999542236328 AB 5.492244340034473 1.096584674060991
60779.0277 lsst_hardware_r 71.72906505095698 81.82692123188815 31.639999389648438 AB 5.489365230712116 1.093825890348135
60781.0086 lsst_hardware_u -9.552302889492768 6.867598762465884 29.049999237060547 AB 17.093800876964398 1.0951422040179002
60781.0248 lsst_hardware_g 74.30466838710328 45.93137932187898 31.68000030517578 AB 17.188853437502996 1.09442479572363
60783.0074 lsst_hardware_r 57.77380152282816 24.464647547939908 31.5 AB 11.704893404736193 1.0939152714706724
60783.0259 lsst_hardware_i 133.18737675547794 33.141624176067154 31.25 AB 11.739899198287095 1.0971868409614107
60785.0044 lsst_hardware_z 97.57878598240015 43.31743620368119 30.950000762939453 AB 7.63840957208225 1.0935446774634574
60785.0241 lsst_hardware_r 22.113884893662924 24.06593024165721 31.489999771118164 AB 7.670676048894695 1.099502049579975
60792.9665 lsst_hardware_y 89.9509613841646 61.574014993793945 30.040000915527344 AB 1.1595931270202546 1.1004442486550459
60792.9852 lsst_hardware_i 65.93343641951653 32.32071371762108 31.239999771118164 AB 1.122671501784405 1.093422451214419
60795.9646 lsst_hardware_y 22.62391855616122 62.45385760391041 30.040000915527344 AB 12.55791112136357 1.0964735109895722
60795.9821 lsst_hardware_r 17.601364225395756 24.680330947565892 31.5 AB 12.525073340207392 1.093988412979945
60798.9633 lsst_hardware_y -143.53494157536147 62.09589555192239 30.049999237060547 AB 12.108134849203879 1.094001477193095
60798.9808 lsst_hardware_g -13.254642448084036 30.591327084228357 31.6299991607666 AB 12.13187525851159 1.0964436845397854
60800.9621 lsst_hardware_z 79.32931151024452 65.5249433732171 30.979999542236328 AB 7.614935898818392 1.09344538453755
60800.9799 lsst_hardware_i 22.956495133713357 53.7028869523538 31.309999465942383 AB 7.735609562114647 1.0991464554121269
60802.9607 lsst_hardware_y 195.96630301085412 64.61650979417267 30.049999237060547 AB 10.732632308936475 1.0936042703216298
60802.9799 lsst_hardware_r 87.52274742489934 71.15658869172614 31.639999389648438 AB 10.825702179474538 1.103528054923883
61023.3383 lsst_hardware_u -3.313241533854115 3.890000104904175 28.639999389648438 AB 9.330796412063586 1.0986670815075754
61025.336 lsst_hardware_i -6.8705494314152755 32.04999923706055 31.25 AB 11.71100090343396 1.096795226894968
61025.3546 lsst_hardware_y -40.09297065677618 73.97000122070312 30.049999237060547 AB 11.682543857672885 1.0940929202715675
61027.3171 lsst_hardware_r -47.325124123106896 23.3700008392334 31.5 AB 7.738909132979159 1.107655080399207
61027.3369 lsst_hardware_y -33.27244523196235 48.349998474121094 30.030000686645508 AB 6.410285556228709 1.0942788590351127
61029.3051 lsst_hardware_g -11.33756114268418 14.210000038146973 31.40999984741211 AB 4.9204543373339265 1.1157492828421602
61029.3268 lsst_hardware_y 92.50827951487344 47.720001220703125 30.030000686645508 AB 4.8139523538992695 1.0959481739097527
61031.307 lsst_hardware_i 41.36627501939646 31.459999084472656 31.239999771118164 AB 6.702963367690031 1.106769227974577
61031.329 lsst_hardware_z -66.22793233904277 42.380001068115234 30.940000534057617 AB 6.5897726006592805 1.0936625573321603
61033.3107 lsst_hardware_r 10.215126250658667 32.90999984741211 32.2400016784668 AB 6.672275644892512 1.0988596253116785
61033.3317 lsst_hardware_y -129.37695723575325 47.880001068115234 30.030000686645508 AB 6.6167782933760995 1.0938631663706937
61035.2901 lsst_hardware_u 3.1308613095973192 2.700000047683716 28.399999618530273 AB 8.911032422396232 1.113879052799529
61035.3109 lsst_hardware_r 9.475324876960489 23.260000228881836 31.489999771118164 AB 9.36247337753501 1.0957309822148498
61037.2909 lsst_hardware_i 53.45372601196688 44.099998474121094 31.989999771118164 AB 6.824434345173818 1.1064706489682885
61037.3133 lsst_hardware_z 46.81731738824629 59.369998931884766 31.690000534057617 AB 6.8738344091398895 1.093572849733238
61039.2918 lsst_hardware_r -15.410145846580944 23.18000030517578 31.489999771118164 AB 10.268771295814933 1.1006775599780194
61039.3121 lsst_hardware_u 2.8573978071709014 2.700000047683716 28.420000076293945 AB 10.197393906897387 1.093456589069508
61041.2971 lsst_hardware_g 31.14740128566144 36.599998474121094 31.65999984741211 AB 7.781900882432625 1.0947402536606283
61041.3183 lsst_hardware_r -4.238102275993103 23.190000534057617 31.489999771118164 AB 7.795566969766599 1.0969312740245443
61044.285 lsst_hardware_i 117.0174787795094 87.62999725341797 31.329999923706055 AB 2.8556019451806454 1.0963406495446553
61044.3068 lsst_hardware_z 6.853982343902752 74.94000244140625 30.989999771118164 AB 3.5457323822899265 1.0953760835001296
61047.2951 lsst_hardware_r -8.950213881961833 83.06999969482422 31.639999389648438 AB 9.043358944947897 1.0942194415924695
61047.3151 lsst_hardware_z 29.385903945302964 65.11000061035156 30.979999542236328 AB 9.15701809894614 1.1076591386169274
61050.2541 lsst_hardware_z -76.50585629916415 45.41999816894531 30.950000762939453 AB 7.33907822932955 1.1078690058615066
61050.2763 lsst_hardware_r -85.52116296917593 37.11000061035156 31.59000015258789 AB 7.252880409762225 1.0937838048201216
61055.2346 lsst_hardware_i 14.717681898730905 31.530000686645508 31.25 AB 6.021376570119817 1.1150697352073735
61055.254 lsst_hardware_z -40.732831323409854 42.2400016784668 30.950000762939453 AB 6.11116564078935 1.0968290112095753
61057.2347 lsst_hardware_r 30.693823767300717 23.170000076293945 31.479999542236328 AB 3.6400182228483424 1.108184967378225
61057.2532 lsst_hardware_u -3.8542679505761663 2.630000114440918 28.360000610351562 AB 2.377549702761487 1.0948041609032173
61059.2291 lsst_hardware_g 12.305186896108358 14.229999542236328 31.399999618530273 AB 6.631937349296801 1.108340039434592
61059.2485 lsst_hardware_r 6.829502741762842 23.200000762939453 31.479999542236328 AB 6.539982039884669 1.0945576635790217
61061.2285 lsst_hardware_i -8.564207263520208 31.56999969482422 31.239999771118164 AB 13.032400074213502 1.1033965095923493
