data/validation/pwv_sim_epoch_fit_seasonal/21256070.ecsv
# %ECSV 0.9
# ---
# datatype:
# - {name: time, datatype: float64}
# - {name: band, datatype: string}
# - {name: flux, datatype: float64}
# - {name: fluxerr, datatype: float64}
# - {name: zp, datatype: float64}
# - {name: zpsys, datatype: string}
# - {name: pwv, datatype: float64}
# - {name: airmass, datatype: float64}
# meta: {SNID: '21256070', alt: 1024.0, c: -0.028424164280295372, dec: 2.238686, lat: -30.244573, lon: -70.7499537, ra: 234.492188, t0: 62228.88671875,
#   x0: 2.7573670787935e-06, x1: -0.8968177437782288, z: 0.7822649478912354}
# schema: astropy-2.0
time band flux fluxerr zp zpsys pwv airmass
62198.3283 lsst_hardware_i -22.79198878605897 72.07764360310938 31.280000686645508 AB 8.042199924149546 1.3213719324953044
62198.3453 lsst_hardware_y 90.31963799949256 56.265505514268256 29.989999771118164 AB 7.436719032026052 1.2612446772614707
62201.3813 lsst_hardware_z 24.163953407270057 54.25859576998875 30.950000762939453 AB 8.740430335471727 1.1870746075610115
62201.4016 lsst_hardware_y 188.36281007444455 66.6389096006669 30.020000457763672 AB 8.71934257752004 1.1862782128550426
62203.3776 lsst_hardware_i -25.323682535815134 36.39967258246399 31.25 AB 10.150469711624668 1.1862182671058286
62203.3969 lsst_hardware_y -29.469991325929872 53.22586550485474 30.010000228881836 AB 10.105373440976301 1.1866338000206915
62205.3788 lsst_hardware_u 8.20163593058149 3.597754358648468 28.440000534057617 AB 10.99141863717129 1.1843350302246198
62205.3968 lsst_hardware_z 128.16071226404952 46.756942406192486 30.940000534057617 AB 11.030575627113688 1.1899432525338844
62209.3821 lsst_hardware_z 142.00121586103015 44.959354235634635 30.940000534057617 AB 13.403385335559605 1.1874626171231626
62209.4008 lsst_hardware_y 65.04478761795123 54.3833378221416 30.0 AB 13.631416695533396 1.2067027180182561
62210.3457 lsst_hardware_i 332.3191811414938 36.4991598565633 31.229999542236328 AB 10.798145210516887 1.1958961765929874
62210.3647 lsst_hardware_u 1.488990307370192 3.849103703989854 28.360000610351562 AB 10.665468300202532 1.1843940366688055
62212.3468 lsst_hardware_g 142.35193415710182 18.01575296508059 31.3799991607666 AB 10.518534886404241 1.1899243809801408
62212.3672 lsst_hardware_r 288.9061225468122 28.646013195288266 31.469999313354492 AB 10.527884534877847 1.1847720610935994
62215.3484 lsst_hardware_i 570.6646237543105 40.54387928402841 31.239999771118164 AB 6.148676841397298 1.1849444674113356
62215.3679 lsst_hardware_r 460.08282745925777 31.383967210282087 31.489999771118164 AB 6.142968900485479 1.1888083280516346
62217.3478 lsst_hardware_u 6.095204670056216 3.392327376265323 28.510000228881836 AB 7.373876532600944 1.1841938679016009
62217.3663 lsst_hardware_g 116.11538624713792 18.479879460825902 31.420000076293945 AB 7.400446294208197 1.1917622461014863
62219.3439 lsst_hardware_r 583.0239639179442 33.79508910515212 31.489999771118164 AB 8.052515869580764 1.1841935102324654
62219.3644 lsst_hardware_i 843.1230729926003 43.027452985083166 31.239999771118164 AB 8.126963164893688 1.1951416418961307
62221.3204 lsst_hardware_z 502.41235554660943 49.18134470404226 30.940000534057617 AB 7.58269802315225 1.191373943095043
62221.3388 lsst_hardware_r 617.8804236337038 34.50899013377598 31.489999771118164 AB 8.881573615080235 1.1842098153440312
62223.324 lsst_hardware_z 1060.9014716500997 87.18343976249136 31.709999084472656 AB 8.823116238129419 1.185796466015064
62227.3143 lsst_hardware_r 654.3058118331237 111.69133872717931 31.6299991607666 AB 6.018127317117145 1.1853512975856502
62227.3334 lsst_hardware_y 178.8874133287647 62.291703662478604 30.020000457763672 AB 7.202021437056008 1.187717408708489
62229.3128 lsst_hardware_z 754.342380741566 65.08219058266566 30.959999084472656 AB 6.807333804810277 1.184399096095742
62229.3301 lsst_hardware_r 763.4898902521606 76.92835837271812 31.6200008392334 AB 6.853157721437426 1.1890961922679273
62231.3163 lsst_hardware_i 1056.8246879044416 51.21908123370887 31.260000228881836 AB 8.126923471055468 1.1850282110025203
62231.3348 lsst_hardware_z 684.7594120509941 53.41463894449884 30.940000534057617 AB 9.23082290287222 1.198678442100041
62233.3163 lsst_hardware_r 481.7717714449094 35.27647108010415 31.510000228881836 AB 9.961922842292122 1.187309543795497
62233.3355 lsst_hardware_z 638.1476691610718 50.26637063951058 30.93000030517578 AB 9.797857054771866 1.20704143087523
62235.3177 lsst_hardware_g 47.821480657379034 16.305368257248283 31.389999389648438 AB 9.377742597877381 1.1922374790707353
62235.3358 lsst_hardware_i 845.6355036555369 43.636937248560734 31.219999313354492 AB 8.754888443517531 1.2166749044251772
62237.2921 lsst_hardware_z 552.458287300968 49.47522475278745 30.93000030517578 AB 4.247663720906415 1.1842653435300523
62237.3088 lsst_hardware_r 430.57065524970375 31.16878729784165 31.469999313354492 AB 4.270226303076977 1.1894780788515256
62241.2437 lsst_hardware_u -1.0652633785935668 2.6784684805740193 28.34000015258789 AB 12.246467036302377 1.2224056266480496
62241.2602 lsst_hardware_g 21.75229319995583 15.213585385523462 31.389999389648438 AB 11.17337478653649 1.196848086535847
62243.2994 lsst_hardware_r 277.236353810038 29.32085423916822 31.489999771118164 AB 16.528509139029126 1.1956963447573516
62243.318 lsst_hardware_i 599.1344006902191 40.716505504977384 31.239999771118164 AB 16.94174259017072 1.2245198679840301
62247.2615 lsst_hardware_r 264.6761789926114 28.09032159969553 31.489999771118164 AB 9.798918485591312 1.184827514278906
62247.2786 lsst_hardware_u -2.1280850284745116 2.854850890085472 28.459999084472656 AB 9.745109201217042 1.1876072471727315
62249.2548 lsst_hardware_g 33.145106924801695 15.317620457906388 31.389999389648438 AB 6.653563813155345 1.1851734615524305
62249.2722 lsst_hardware_i 446.6549581024197 38.11986037713386 31.229999542236328 AB 6.74820022628805 1.187088112986053
62251.2598 lsst_hardware_z 372.16232692793835 56.51736142454561 30.959999084472656 AB 16.062472039390368 1.1845772049010908
62251.2783 lsst_hardware_r 81.60579600530596 57.38943080196753 31.600000381469727 AB 16.261455106973795 1.1965016940565674
62258.2617 lsst_hardware_z 298.99176731650164 59.303250284225385 30.959999084472656 AB 9.66143677831112 1.1994334920311758
62258.2795 lsst_hardware_r 251.29669569676682 68.28992999300787 31.600000381469727 AB 9.884609765735442 1.2297349795640014
62260.2289 lsst_hardware_r 79.43683222174776 40.75027839294454 31.56999969482422 AB 11.316502190790118 1.1843126551444343
62260.2469 lsst_hardware_z 118.14562766827076 49.269837940247996 30.950000762939453 AB 11.319092728126003 1.1901471395057481
62262.2263 lsst_hardware_g 37.17617481203059 18.38582097481089 31.459999084472656 AB 2.7970705882879123 1.1841958460152044
62262.2453 lsst_hardware_i 150.9720106842869 36.24549295939445 31.239999771118164 AB 2.9305328980926406 1.1934566882885933
62265.2181 lsst_hardware_u -4.782046778958135 2.9034149416496184 28.469999313354492 AB 9.864063442433126 1.1841968177235962
62265.2359 lsst_hardware_g 46.175784148142164 15.79880678446316 31.40999984741211 AB 9.93608366892907 1.1923419636911474
62267.2218 lsst_hardware_r 12.063902348463685 25.292958407651014 31.489999771118164 AB 8.916404256766546 1.1864677823621141
62267.2416 lsst_hardware_i 96.5355959323662 34.652418204292644 31.239999771118164 AB 9.05075542079919 1.2054547831204858
62269.1945 lsst_hardware_z 201.07520181986678 44.97306265223997 30.940000534057617 AB 7.113675587748647 1.187724107482521
62269.2173 lsst_hardware_r 63.52509152979694 25.000268866451776 31.479999542236328 AB 7.859334999168921 1.186941780437795
62271.1978 lsst_hardware_u 3.571044024376595 2.7120815392705047 28.329999923706055 AB 7.73088351176815 1.1844618074029247
62271.2197 lsst_hardware_r 48.974499797289305 24.873969735630418 31.479999542236328 AB 7.64556774442932 1.19250822674888
62276.1629 lsst_hardware_g 44.654852755266276 15.77476757135464 31.3700008392334 AB 9.23139866769373 1.1988829438563287
62276.1828 lsst_hardware_i 121.49849887100703 33.384671461158476 31.219999313354492 AB 9.473449123467592 1.1847241389970948
62278.1628 lsst_hardware_z 81.79277677363002 48.069616262420425 30.940000534057617 AB 5.940359648767843 1.1931427865966413
62278.1837 lsst_hardware_r 4.881179563087761 37.528813527342145 31.559999465942383 AB 6.253192206691093 1.1842606328660752
62281.1632 lsst_hardware_y 147.2074094718045 114.47432772224631 31.520000457763672 AB 6.725906846291503 1.1869247375808536
62284.1589 lsst_hardware_r -157.32764808937492 133.76656356154595 31.6299991607666 AB 8.614723292473785 1.1852948943964525
62284.1789 lsst_hardware_i 133.00939521854943 105.6369016272827 31.31999969482422 AB 8.966268965061635 1.1884247987622563
62287.1731 lsst_hardware_z 15.669754551909483 54.60118975537768 30.959999084472656 AB 9.232175931368602 1.1900968006920054
62287.1925 lsst_hardware_r -52.35797568857706 62.222737717430775 31.600000381469727 AB 9.590693293378115 1.214319231878718
62290.1292 lsst_hardware_g 12.68089761517219 15.829541437062103 31.389999389648438 AB 10.862533633503727 1.193947420697266
62290.147 lsst_hardware_i 28.094959727082205 33.11674359003443 31.229999542236328 AB 10.769447891156176 1.1843234484409284
62305.0944 lsst_hardware_g 35.63531333829239 19.610654498878073 31.479999542236328 AB 6.091792998641514 1.1888745118347999
62305.1142 lsst_hardware_r 21.931112517549746 25.84423011323323 31.489999771118164 AB 6.1629866573388625 1.1850378138710798
62307.0962 lsst_hardware_i -63.27181602030414 42.47690722216522 31.270000457763672 AB 4.480623854690066 1.1852718351140972
62307.1187 lsst_hardware_z 105.17128054845392 48.76104467997515 30.950000762939453 AB 4.4987034535227375 1.190264390745736
62309.1003 lsst_hardware_r -60.31920506350085 77.72665961877938 31.6200008392334 AB 3.048376869553266 1.1844106341149163
62309.1227 lsst_hardware_z 6.10116640756211 63.79175300225483 30.959999084472656 AB 3.108686353643594 1.1997631699650684
62311.0922 lsst_hardware_z 53.2295739038921 115.98540674985959 31.729999542236328 AB 4.491710377245865 1.184210487014465
62311.1132 lsst_hardware_i -43.59396661070399 144.45359808749754 32.060001373291016 AB 4.509734978891049 1.1951594467026077
62313.1014 lsst_hardware_z 131.3261532718759 76.0403021763436 30.979999542236328 AB 5.868612512675281 1.1895836174341161
62313.1256 lsst_hardware_r -222.266161369622 112.953162355408 31.6200008392334 AB 7.422585689434738 1.2219756660385626
62320.108 lsst_hardware_g 13.690324895261769 20.06999969482422 32.11000061035156 AB 7.931331163523178 1.2250421402754228
62320.1398 lsst_hardware_r 0.2271823112471198 33.97999954223633 32.18000030517578 AB 8.145954831305968 1.322609974233799
62324.0905 lsst_hardware_i -2.606848477183696 32.290000915527344 31.219999313354492 AB 3.138143067375605 1.2126526955789032
62324.1114 lsst_hardware_z -72.2665307357566 44.72999954223633 30.920000076293945 AB 3.2089529625042004 1.2607201267041124
62326.0727 lsst_hardware_r -7.033719830575721 23.850000381469727 31.489999771118164 AB 3.4353880686449716 1.1956453732341326
62326.0917 lsst_hardware_u -0.615232929504845 2.7799999713897705 28.43000030517578 AB 3.858208882608553 1.2252171745342733
62329.0438 lsst_hardware_g -5.107934760536751 14.279999732971191 31.3799991607666 AB 9.754583239879645 1.1842398008837218
62329.0646 lsst_hardware_i -25.71174371748824 32.060001373291016 31.229999542236328 AB 9.822135656124123 1.1957434526736006
62333.007 lsst_hardware_r -14.009713147484518 24.860000610351562 31.489999771118164 AB 5.2498121368518325 1.199226102989073
62333.0284 lsst_hardware_u -0.4978387173634488 2.950000047683716 28.420000076293945 AB 5.185067986166503 1.1845040993355958
62335.0101 lsst_hardware_g 35.11181846664538 29.020000457763672 31.59000015258789 AB 2.6416128994985835 1.1906308140768855
62335.0289 lsst_hardware_r -25.78843792529118 34.560001373291016 31.549999237060547 AB 2.638374760169252 1.1843669430656525
62345.97 lsst_hardware_y -119.33746231435151 52.470001220703125 29.989999771118164 AB 5.28973888050567 1.201121453339162
62345.9915 lsst_hardware_r -6.6728235687259225 23.969999313354492 31.479999542236328 AB 5.276752354008901 1.1847886284611622
62348.9697 lsst_hardware_y -44.8503062959385 53.7400016784668 30.0 AB 5.580951326974842 1.1924685004753766
62348.9896 lsst_hardware_g -8.948534893869622 14.680000305175781 31.399999618530273 AB 5.464516543900299 1.1842697174841321
62349.971 lsst_hardware_y 30.51933902002959 53.060001373291016 30.0 AB 4.688622411367676 1.189251087220717
62349.9902 lsst_hardware_z 47.69643034265363 43.7400016784668 30.93000030517578 AB 4.684265461497084 1.1847652131514883
62354.9713 lsst_hardware_z 5.105375002000604 49.540000915527344 30.950000762939453 AB 3.742161073824208 1.184228187919053
62354.9918 lsst_hardware_r -12.57783542039385 24.219999313354492 31.489999771118164 AB 3.7500695551995813 1.1939094413242857
62562.3791 lsst_hardware_r 23.66630676335622 23.969999313354492 31.469999313354492 AB 3.626545246836496 1.199056123933376
62562.397 lsst_hardware_y -1.4933368660746735 58.459999084472656 30.010000228881836 AB 3.6388283891287623 1.185286120237382
62565.3782 lsst_hardware_u 4.67492808551927 2.6500000953674316 28.309999465942383 AB 11.626202734787485 1.1915348525677254
62565.3974 lsst_hardware_y 24.587927348954935 55.5 30.010000228881836 AB 11.536253078591857 1.1842175957493781
62567.3834 lsst_hardware_r 12.35973319100329 23.81999969482422 31.469999313354492 AB 10.59926557210031 1.185268724864446
62567.4014 lsst_hardware_y -36.26436884174351 63.970001220703125 30.010000228881836 AB 10.628962059697985 1.187151384180713
62569.3787 lsst_hardware_r 55.09820117987557 23.719999313354492 31.469999313354492 AB 8.979783110603393 1.185032742348576
62569.3979 lsst_hardware_y 67.15471988445736 52.709999084472656 30.0 AB 8.993858221107182 1.1883015354233042
62573.3803 lsst_hardware_g -15.032479326214421 14.430000305175781 31.389999389648438 AB 16.766078761867508 1.1851471185684124
62573.3989 lsst_hardware_z -86.28408801465632 46.9900016784668 30.940000534057617 AB 16.965714814653168 1.1993860034866506
62576.3449 lsst_hardware_r -20.376860261824397 23.600000381469727 31.459999084472656 AB 8.999034762663813 1.1945753509659052
62576.3646 lsst_hardware_i -14.570803095828643 32.02000045776367 31.229999542236328 AB 8.92481485362736 1.1841728667698093
62577.3495 lsst_hardware_z 92.55867047909511 45.529998779296875 30.940000534057617 AB 10.469817933019415 1.1884915165376826
62577.3703 lsst_hardware_r 31.921823434445876 23.59000015258789 31.469999313354492 AB 10.42763463639686 1.1854524199170329
62579.3547 lsst_hardware_z 121.88556265407692 91.79000091552734 31.709999084472656 AB 7.706434243640021 1.184329836121113
62581.3006 lsst_hardware_r -30.49065925300274 108.9800033569336 31.610000610351562 AB 4.970276727963327 1.2506200485533943
62581.3194 lsst_hardware_z 12.00159472604479 75.25 30.969999313354492 AB 4.74141228495542 1.2101613795189943
62583.3499 lsst_hardware_r 43.05500996423866 92.58000183105469 31.6200008392334 AB 7.147063549857497 1.184416215744722
62583.3691 lsst_hardware_y 12.671299599614558 57.70000076293945 30.0 AB 7.20575108708635 1.1964717454688987
62585.266 lsst_hardware_z -17.21066533217261 53.70000076293945 30.93000030517578 AB 8.729342110142634 1.333911948576488
62585.2836 lsst_hardware_r 1.7389809300585322 52.83000183105469 31.56999969482422 AB 8.359419975293768 1.2682601896899077
62593.3412 lsst_hardware_g -15.988371946657308 20.1200008392334 32.119998931884766 AB 10.805337497576854 1.1958208443242453
62593.3604 lsst_hardware_i 109.41268532623246 45.52000045776367 31.969999313354492 AB 11.059081249769992 1.2260395687186358
62595.332 lsst_hardware_z 14.77071817001916 43.4900016784668 30.93000030517578 AB 8.293077075339136 1.1921621173040422
62595.3517 lsst_hardware_r -77.0033987873816 23.600000381469727 31.459999084472656 AB 9.391313801643317 1.219545554710862
62597.3173 lsst_hardware_u 1.0962179572019928 2.75 28.420000076293945 AB 19.918516020258153 1.1860848554653811
62597.3375 lsst_hardware_g 7.887547998967616 14.319999694824219 31.3799991607666 AB 21.688121923651206 1.204895662425067
62599.3179 lsst_hardware_r 16.56058738526447 23.510000228881836 31.459999084472656 AB 11.835916910340027 1.1895991668264763
62599.3354 lsst_hardware_i -15.587419695133615 32.09000015258789 31.219999313354492 AB 11.211859366567314 1.2100434615139022
62601.2931 lsst_hardware_z -27.613876113125503 43.40999984741211 30.940000534057617 AB 6.1471513711891195 1.184593413535505
62601.3103 lsst_hardware_r 0.9431930995738973 23.700000762939453 31.479999542236328 AB 6.128201556259117 1.1881540509445236
