data/validation/pwv_sim_epoch_fit_seasonal/21325858.ecsv
# %ECSV 0.9
# ---
# datatype:
# - {name: time, datatype: float64}
# - {name: band, datatype: string}
# - {name: flux, datatype: float64}
# - {name: fluxerr, datatype: float64}
# - {name: zp, datatype: float64}
# - {name: zpsys, datatype: string}
# - {name: pwv, datatype: float64}
# - {name: airmass, datatype: float64}
# meta: {SNID: '21325858', alt: 1024.0, c: 0.11260084062814713, dec: -30.17244, lat: -30.244573, lon: -70.7499537, ra: 230.625, t0: 60476.2578125,
#   x0: 1.5911052897602183e-05, x1: 1.2172930240631104, z: 0.37832802534103394}
# schema: astropy-2.0
time band flux fluxerr zp zpsys pwv airmass
60352.2901 lsst_hardware_g -8.562350415414468 15.989999771118164 31.329999923706055 AB 8.042824069305658 1.477645428863799
60352.3086 lsst_hardware_i 5.707582657738471 34.33000183105469 31.219999313354492 AB 8.061385351760986 1.341607714043865
60354.2887 lsst_hardware_z 29.210697760487875 46.9900016784668 30.90999984741211 AB 4.85228028368624 1.4443817975401205
60354.3082 lsst_hardware_r -11.524849757875167 25.850000381469727 31.469999313354492 AB 3.4302329405644 1.3105831408168118
60356.3245 lsst_hardware_g 19.315760735729896 16.1299991607666 31.440000534057617 AB 5.890272995167388 1.2007895478052573
60356.3463 lsst_hardware_r 21.522577345527907 25.260000228881836 31.510000228881836 AB 4.003211563883157 1.1213477769980549
60363.26 lsst_hardware_i 21.83919279727992 64.9800033569336 31.25 AB 15.815129663959159 1.4782337048815266
60363.2877 lsst_hardware_z 91.15554817229952 59.130001068115234 30.950000762939453 AB 13.752548940785482 1.2872699902452833
60365.2991 lsst_hardware_i 10.21771851615763 68.69999694824219 31.299999237060547 AB 10.839232868327754 1.2043592075919727
60365.3191 lsst_hardware_z -2.4773954376565013 61.59000015258789 30.969999313354492 AB 10.166222816102245 1.1295803129002495
60369.2958 lsst_hardware_y 81.84817994789779 56.380001068115234 30.010000228881836 AB 4.821547088245122 1.1731733861661355
60369.316 lsst_hardware_r -44.763277115689256 82.12000274658203 31.639999389648438 AB 4.559612420444116 1.1060756255625876
60372.2976 lsst_hardware_i -47.69782854790521 48.65999984741211 31.290000915527344 AB 8.266344338763174 1.1373616316405029
60372.3175 lsst_hardware_z 0.07306550996503665 50.7400016784668 30.959999084472656 AB 7.677141437091917 1.080830837264806
60378.2963 lsst_hardware_r 36.8092706553075 24.3799991607666 31.510000228881836 AB 9.464283661244092 1.0928734019912347
60378.3182 lsst_hardware_i -38.550618987688914 31.420000076293945 31.260000228881836 AB 9.040385152485616 1.0456953831530247
60381.2279 lsst_hardware_r -50.332793367279464 25.010000228881836 31.450000762939453 AB 18.857233172778862 1.3514500601609314
60381.2519 lsst_hardware_z 49.127800490047036 44.11000061035156 30.93000030517578 AB 18.610680360971646 1.2199991496135594
60382.1818 lsst_hardware_g -28.48135531341147 14.739999771118164 31.18000030517578 AB 19.586029623585414 1.7570279327713363
60382.2013 lsst_hardware_r 10.323451759005614 25.639999389648438 31.399999618530273 AB 17.134003204666296 1.5393049325906187
60386.257 lsst_hardware_i -16.363215544364934 32.290000915527344 31.239999771118164 AB 7.2282397698296466 1.1454003438352305
60386.276 lsst_hardware_z 2.7577440945105702 42.33000183105469 30.940000534057617 AB 6.917520192405727 1.0889159710996525
60388.2404 lsst_hardware_r -26.77547739397495 24.389999389648438 31.479999542236328 AB 5.8735439938112295 1.1871741270967617
60388.2567 lsst_hardware_g -23.242246552099036 15.039999961853027 31.43000030517578 AB 5.612894219438562 1.12833334394181
60393.2576 lsst_hardware_z -18.048690089385957 62.540000915527344 30.979999542236328 AB 7.069934375933028 1.087124711829784
60393.2732 lsst_hardware_i 53.62527346910716 68.98999786376953 31.329999923706055 AB 6.876178126457231 1.0530134956289996
60394.2528 lsst_hardware_z 32.04271216259865 69.87999725341797 30.979999542236328 AB 7.756054482824152 1.0924020398343877
60394.2699 lsst_hardware_r 39.49977832045518 102.05000305175781 31.65999984741211 AB 7.484055150920599 1.0540922747775492
60398.2662 lsst_hardware_z -50.58084634036506 112.77999877929688 31.75 AB 7.01416002719379 1.041307423220367
60400.2557 lsst_hardware_r -89.99478506947499 65.44999694824219 31.639999389648438 AB 4.887538609181914 1.050029778540944
60400.2764 lsst_hardware_i -34.22574495902853 56.099998474121094 31.31999969482422 AB 4.800067313125552 1.0198443299841824
60404.26 lsst_hardware_u -4.893005234116926 2.7699999809265137 28.440000534057617 AB 7.179425914887905 1.0264143035009397
60404.2786 lsst_hardware_g 3.8093847934560188 15.84000015258789 31.489999771118164 AB 7.044751853620713 1.008025162685402
60416.16 lsst_hardware_g -24.186048613101544 21.34000015258789 31.530000686645508 AB 17.69225167784286 1.2037729074101557
60416.1789 lsst_hardware_r 43.66428833210971 26.059999465942383 31.520000457763672 AB 15.4551302253162 1.1326865362766552
60419.1585 lsst_hardware_i -43.5771020035632 46.54999923706055 31.280000686645508 AB 7.61451631721562 1.1762595685820068
60419.1771 lsst_hardware_z -26.22898944700518 49.13999938964844 30.959999084472656 AB 3.6340996499214855 1.1129621468253534
60421.1666 lsst_hardware_r 10.014207791674604 75.68000030517578 31.6299991607666 AB 11.481514534505118 1.1283489297336857
60421.1871 lsst_hardware_z -102.39645940165431 57.5 30.979999542236328 AB 9.895521593141378 1.0729760469657228
60425.154 lsst_hardware_r -257.6343687381028 162.44000244140625 31.639999389648438 AB 9.87877044210097 1.133753302459943
60425.1723 lsst_hardware_i 5.117222424016683 126.62999725341797 31.34000015258789 AB 6.946888749467964 1.0820418082813905
60431.1621 lsst_hardware_r 19.620772983763725 26.68000030517578 31.549999237060547 AB 7.957522893793945 1.0678849779191157
60431.1814 lsst_hardware_i -51.78725102222888 34.060001373291016 31.280000686645508 AB 8.097556552588774 1.0331151508788943
60442.0708 lsst_hardware_u -4.769828244389473 3.7300000190734863 29.010000228881836 AB 9.544491200221072 1.2940951856127096
60442.0842 lsst_hardware_r 40.42372759508598 35.150001525878906 32.22999954223633 AB 7.872540134292052 1.2253298608459962
60444.0442 lsst_hardware_z 71.58411815571715 46.97999954223633 30.90999984741211 AB 9.326444329748288 1.4348375891920442
60444.0648 lsst_hardware_g 46.4383622102293 20.309999465942383 31.459999084472656 AB 8.431531156794607 1.2971586395068626
60446.0596 lsst_hardware_z -28.14060430516766 47.18000030517578 30.93000030517578 AB 11.49630540929555 1.2956746709200837
60446.0802 lsst_hardware_r 42.0422742510645 35.45000076293945 31.559999465942383 AB 10.613262976883462 1.1948060465185801
60455.056 lsst_hardware_i 406.30369067092226 101.31211589608677 31.31999969482422 AB 6.2194062135331105 1.1932477626450504
60455.0794 lsst_hardware_z 341.1876838619326 84.3271082951602 30.989999771118164 AB 5.78399937761577 1.1112390735092847
60459.0575 lsst_hardware_z 981.5499496057337 52.82925254250807 30.950000762939453 AB 12.386680654236878 1.146065937660703
60459.0764 lsst_hardware_r 1669.8513336195565 48.20246353391339 31.510000228881836 AB 11.942691894065138 1.089661669166527
60461.0691 lsst_hardware_g 1077.987216747772 36.675398777478925 31.440000534057617 AB 8.02211062481316 1.0944216404929588
60461.0886 lsst_hardware_r 2476.661630263323 54.786861185335745 31.510000228881836 AB 7.865324203625429 1.0510455505958256
60463.046 lsst_hardware_r 2977.193165229607 60.17071210585679 31.489999771118164 AB 10.293029169269175 1.1480708459393227
60463.0643 lsst_hardware_i 2452.5211656124197 57.87830359379157 31.239999771118164 AB 9.783711719469753 1.0926943146133836
60467.0469 lsst_hardware_u 8.319856808664271 4.3294432291245935 28.3799991607666 AB 4.237559372074984 1.110471533562627
60467.0667 lsst_hardware_r 4418.50801662959 70.3781771398508 31.5 AB 4.112830542720103 1.061786638110263
60482.9667 lsst_hardware_y 773.1222042135726 69.28070880162215 29.989999771118164 AB 10.451356344129449 1.2521843100859325
60482.9874 lsst_hardware_z 3173.0360232453727 98.28842536817793 30.989999771118164 AB 10.355924410097984 1.162400667120409
60483.9519 lsst_hardware_y 931.5693612188219 85.70613771414719 29.969999313354492 AB 5.730405399574179 1.3187493248484332
60483.9721 lsst_hardware_r 5145.04136780011 106.53872347444107 31.610000610351562 AB 5.660412242168015 1.2135956209758119
60485.967 lsst_hardware_y 750.8121912881651 55.792456854666675 29.989999771118164 AB 7.404031212150514 1.2119874303734783
60485.9874 lsst_hardware_r 4236.778337644893 69.71554397515526 31.489999771118164 AB 7.150322978957035 1.1339069887735647
60487.9656 lsst_hardware_z 2466.2482327885127 66.26885046333913 30.93000030517578 AB 7.726588362369819 1.1944792181239148
60487.9851 lsst_hardware_g 1283.4015980022698 38.795340492225776 31.40999984741211 AB 7.227054891693112 1.1238422493820297
60491.0109 lsst_hardware_g 1001.7267195602986 36.30380917329406 31.450000762939453 AB 8.487898324269514 1.043604748934273
60491.0177 lsst_hardware_r 3497.137825750566 63.62099454381781 31.510000228881836 AB 8.443471101614021 1.0329352664298281
60491.9649 lsst_hardware_y 629.953184632764 54.374655986546585 30.010000228881836 AB 10.740035812525864 1.154842560486652
60491.9842 lsst_hardware_r 3183.4590652359366 61.840663889888944 31.489999771118164 AB 10.184379041422014 1.0950945205830123
60493.9658 lsst_hardware_y 490.432029702115 53.52642916571928 30.010000228881836 AB 9.296708585429379 1.1331116045416947
60493.9854 lsst_hardware_g 868.3904227829498 32.72278972073578 31.43000030517578 AB 8.861966193600882 1.0784698124172016
60499.9651 lsst_hardware_z 1725.8695309947902 60.461911500613404 30.959999084472656 AB 8.719355125369932 1.0880153637846182
60499.9843 lsst_hardware_r 2039.8988332519818 51.75623752113927 31.530000686645508 AB 8.366852064575928 1.0470999392498095
60504.9641 lsst_hardware_y 650.3641194253664 57.77666205720756 30.049999237060547 AB 6.893559933666794 1.059433918239819
60504.9836 lsst_hardware_z 1715.0093483458663 61.26939093686034 30.959999084472656 AB 6.756398677431868 1.0272376262772236
60506.9642 lsst_hardware_y 417.34441033231286 63.801407640963625 30.049999237060547 AB 1.8608445791492 1.0488555636350587
60506.9827 lsst_hardware_i 2094.2557055391626 81.68359429090394 31.329999923706055 AB 1.9006107138660626 1.021604862996316
60715.3018 lsst_hardware_g -4.89405873729432 16.139999389648438 31.350000381469727 AB 7.803287178513233 1.4327816715195387
60715.3197 lsst_hardware_r 23.62124425158414 26.190000534057617 31.469999313354492 AB 7.092179912841108 1.311302563158197
60717.2852 lsst_hardware_i 53.606018961023615 64.54000091552734 31.239999771118164 AB 5.636959749353156 1.5271830084265654
60717.3031 lsst_hardware_z -77.32816125096129 60.189998626708984 30.940000534057617 AB 5.31690783648445 1.3829907234970609
60719.3364 lsst_hardware_z 30.3644555725107 60.310001373291016 30.959999084472656 AB 6.528372667776859 1.1772732630037617
60719.3565 lsst_hardware_r 11.31117489837225 79.45999908447266 31.6299991607666 AB 6.174138841581267 1.1093592384478117
60723.3246 lsst_hardware_i -106.44086675691618 63.06999969482422 31.299999237060547 AB 5.816174834319108 1.1807494165425358
60723.3439 lsst_hardware_z -105.66849182647411 59.290000915527344 30.969999313354492 AB 4.409099855621328 1.114253185651114
60725.3019 lsst_hardware_z 42.389495308135544 90.44999694824219 31.709999084472656 AB 3.1829325842053726 1.2589054387101013
60728.2978 lsst_hardware_r -34.126356140413804 33.5 31.530000686645508 AB 13.771407335337804 1.238519444687169
60728.316 lsst_hardware_i -0.8716307779836606 37.18000030517578 31.260000228881836 AB 12.968866573414111 1.1614083708784328
60730.3 lsst_hardware_z -28.552554889031228 44.54999923706055 30.940000534057617 AB 11.914686002985881 1.2035036366652405
60730.3189 lsst_hardware_u -0.5247776486437299 3.0399999618530273 28.540000915527344 AB 11.242179048597675 1.1324850456933289
60732.2956 lsst_hardware_g -9.814663549266088 15.579999923706055 31.40999984741211 AB 7.910360966324802 1.198963416307503
60732.3158 lsst_hardware_r 36.345945679211766 24.850000381469727 31.5 AB 7.332962982759845 1.1249751443763505
60737.3272 lsst_hardware_u 4.681276380401032 2.7200000286102295 28.389999389648438 AB 6.463625729839707 1.0609151792925249
60737.3471 lsst_hardware_g 12.044890273052642 15.4399995803833 31.469999313354492 AB 6.110217466582283 1.0276757526347955
60739.3216 lsst_hardware_r 3.6701526596880654 24.389999389648438 31.520000457763672 AB 10.308147134077622 1.0612004187307527
60739.3424 lsst_hardware_z -10.498599080157543 41.43000030517578 30.950000762939453 AB 9.94845118508592 1.0266807783093368
60743.2974 lsst_hardware_u -0.07061315718095533 2.740000009536743 28.399999618530273 AB 7.861271555760436 1.091843271633394
60743.318 lsst_hardware_g 20.083736760167167 15.479999542236328 31.459999084472656 AB 7.540386651757051 1.047275923855146
60752.2549 lsst_hardware_i -103.71570209032905 85.51000213623047 31.31999969482422 AB 7.285945590344734 1.1456489737949684
60752.2723 lsst_hardware_z -25.972530152969586 75.62000274658203 30.989999771118164 AB 6.908405582421868 1.0932174674156527
60756.2477 lsst_hardware_g -5.160072802828693 38.2400016784668 31.65999984741211 AB 6.50972554479469 1.1331936829990286
60756.2653 lsst_hardware_r 0.9546251512111859 42.34000015258789 31.610000610351562 AB 5.658478016679086 1.08332513601286
60758.2534 lsst_hardware_i -0.15288512944257784 32.65999984741211 31.260000228881836 AB 6.734406043642454 1.099928849800735
60758.2711 lsst_hardware_r -22.169650528395753 26.190000534057617 31.540000915527344 AB 6.4583232426337 1.058437864978691
60760.2586 lsst_hardware_g 9.30547746301637 15.130000114440918 31.469999313354492 AB 7.621135234778046 1.0733993288419783
60760.277 lsst_hardware_r 17.931999893766957 23.889999389648438 31.520000457763672 AB 7.371543446451863 1.0382455558382906
60764.2577 lsst_hardware_r -10.401697730953323 23.90999984741211 31.520000457763672 AB 7.006023718731106 1.0526799552341235
60764.2751 lsst_hardware_u -5.247888825278502 2.869999885559082 28.549999237060547 AB 6.897255591220907 1.0254617292924058
60767.2615 lsst_hardware_g -6.031441519047804 15.039999961853027 31.479999542236328 AB 8.15907603646931 1.0327944349961151
60767.2807 lsst_hardware_i -42.04136198053309 30.959999084472656 31.270000457763672 AB 7.987757373206549 1.0111085282539936
60769.1824 lsst_hardware_u 0.4059749917100183 2.630000114440918 28.280000686645508 AB 5.7342300940958575 1.255716652599553
60769.2011 lsst_hardware_g 2.6962094471843647 14.869999885559082 31.399999618530273 AB 5.291317146007015 1.1725910572869134
60771.143 lsst_hardware_y 52.97848508118686 51.93000030517578 29.90999984741211 AB 17.09255153495977 1.4808361737023843
60771.1611 lsst_hardware_r -66.65307274336146 34.9900016784668 31.510000228881836 AB 15.50791692957055 1.3465824625164555
60775.1759 lsst_hardware_z 92.24403816217499 56.95000076293945 30.959999084472656 AB 5.975942042110146 1.2089299117522803
60775.1958 lsst_hardware_r 84.93626991390033 69.94000244140625 31.6299991607666 AB 5.564229967453937 1.1332828610856995
60778.1694 lsst_hardware_i 69.25113321385732 102.91999816894531 31.309999465942383 AB 11.727507011461986 1.201588833141597
60778.1875 lsst_hardware_z -114.7087010347233 86.19999694824219 30.979999542236328 AB 10.996300918445009 1.1336392699427844
60780.1648 lsst_hardware_i -93.02793322082552 120.8499984741211 31.309999465942383 AB 12.648869674202944 1.1979230679233777
60780.1838 lsst_hardware_z -42.172867556022595 98.7699966430664 30.989999771118164 AB 11.16700400351159 1.127980202374908
60782.1559 lsst_hardware_z -41.804400352826455 75.69999694824219 30.969999313354492 AB 17.722767940605465 1.2128636499262357
60782.1732 lsst_hardware_r 42.08912054448877 97.41999816894531 31.6299991607666 AB 15.653711863222025 1.1449467424826028
60784.1464 lsst_hardware_i -96.94823043103536 50.59000015258789 31.280000686645508 AB 11.782143292346785 1.231411297277047
60784.1652 lsst_hardware_r 39.31867112007088 54.15999984741211 31.610000610351562 AB 10.910138405529437 1.153840453231393
60790.1524 lsst_hardware_u -1.4334142380093664 2.859999895095825 28.479999542236328 AB 16.072875449435188 1.1413975854872576
60790.1713 lsst_hardware_g 24.216557935636988 15.3100004196167 31.459999084472656 AB 13.740679200955606 1.086219699680285
60792.1477 lsst_hardware_r -15.968144125119323 24.3799991607666 31.479999542236328 AB 5.1879026409669295 1.1388426176091313
60792.1655 lsst_hardware_i 2.3344778982653396 31.649999618530273 31.239999771118164 AB 4.967445083928859 1.0870674023369438
60795.1593 lsst_hardware_u -3.9483133960318084 2.7699999809265137 28.43000030517578 AB 11.303506035447361 1.0821671128452992
60795.1788 lsst_hardware_g -3.6183247257154987 15.319999694824219 31.459999084472656 AB 11.501502777970568 1.0425267647796388
60800.1562 lsst_hardware_r -0.6198612916704078 31.889999389648438 31.579999923706055 AB 9.108752805847773 1.058900786342197
60800.1747 lsst_hardware_y 23.632633159317102 47.59000015258789 30.059999465942383 AB 9.542804783520323 1.0282086826333716
60802.1564 lsst_hardware_z -106.51923413172207 47.619998931884766 30.969999313354492 AB 6.507227453121562 1.0482002985054062
60802.1755 lsst_hardware_r -5.464639457903705 47.36000061035156 31.639999389648438 AB 6.524313897259889 1.02050035541546
60804.1609 lsst_hardware_i -77.79757230161688 61.959999084472656 31.329999923706055 AB 7.8446656776990835 1.0321928523288268
60804.1774 lsst_hardware_z 30.09073009093463 57.5 30.989999771118164 AB 7.742858662606695 1.013065375193863
60806.0582 lsst_hardware_r 95.29446751928758 140.35000610351562 31.579999923706055 AB 10.716497818260972 1.3965896374797098
60806.078 lsst_hardware_i -70.63043112591957 109.48999786376953 31.299999237060547 AB 9.716287886597426 1.273362689228123
60808.0366 lsst_hardware_i -16.59409471384692 158.35000610351562 31.25 AB 10.841277470716696 1.528627002192564
60808.0566 lsst_hardware_z 164.92297147698503 127.54000091552734 30.959999084472656 AB 10.083687734596102 1.3696010505393206
60810.0579 lsst_hardware_r -18.28150777453243 117.45999908447266 31.59000015258789 AB 8.618808656378086 1.3259705625197054
60810.0769 lsst_hardware_z 3.6131574714845214 82.33999633789062 30.969999313354492 AB 7.958953555583903 1.2244543931667542
60814.0444 lsst_hardware_i 57.21591284013572 34.119998931884766 31.209999084472656 AB 10.887045128824276 1.3420913620345678
60814.0624 lsst_hardware_z -22.411291824765623 44.720001220703125 30.93000030517578 AB 10.084165500372775 1.2414591173489837
60818.0553 lsst_hardware_r 6.898202192678044 25.059999465942383 31.469999313354492 AB 2.316584184673486 1.223332609403221
60818.0764 lsst_hardware_g 21.89175021796593 15.479999542236328 31.43000030517578 AB 2.1581871019148995 1.139887553828292
60823.0548 lsst_hardware_g 13.60202400323483 15.420000076293945 31.420000076293945 AB 8.653856353718409 1.1682560045519284
60823.0675 lsst_hardware_i -32.051393029091116 32.279998779296875 31.239999771118164 AB 8.210837077588366 1.1245154637190182
60824.0656 lsst_hardware_g 31.965115628215457 15.3100004196167 31.420000076293945 AB 10.851731091881701 1.121944851702727
60824.0844 lsst_hardware_r -3.54369766828406 24.329999923706055 31.5 AB 10.270172194342425 1.0721922530285337
60826.0427 lsst_hardware_r -5.157900824603003 25.219999313354492 31.489999771118164 AB 10.800430473422052 1.183511544083725
60826.0628 lsst_hardware_i 24.75952709860352 32.34000015258789 31.25 AB 10.224507599916386 1.113932463561657
60830.0718 lsst_hardware_r 5.128191107837975 39.11000061035156 31.600000381469727 AB 12.219858330482065 1.0639919021744808
60830.092 lsst_hardware_i 3.7725949343003387 38.900001525878906 31.290000915527344 AB 11.8767875631628 1.0292735560415265
60843.968 lsst_hardware_y 103.02958367365274 50.33000183105469 29.959999084472656 AB 8.944329348995844 1.308367796525265
60843.9897 lsst_hardware_r -32.519991230301734 24.389999389648438 31.489999771118164 AB 8.249177756892994 1.199444239460995
60850.9537 lsst_hardware_y -12.262796566773442 71.11000061035156 29.989999771118164 AB 5.93534905040815 1.2811027520848144
60850.9749 lsst_hardware_r 1.4027139565892366 24.229999542236328 31.479999542236328 AB 5.935299974654966 1.1816637305614293
60859.9846 lsst_hardware_z -43.98528158826416 50.7400016784668 30.959999084472656 AB 8.834613428535796 1.0756101289777054
60859.9914 lsst_hardware_r -33.724389812768564 52.06999969482422 31.6299991607666 AB 8.728455316239819 1.0608664242077257
60860.966 lsst_hardware_y 20.354814668003158 56.650001525878906 30.030000686645508 AB 5.476259428462702 1.1176039649923881
60860.9864 lsst_hardware_r 102.19689931187992 72.4800033569336 31.649999618530273 AB 5.2213596686069055 1.0655836058381438
60862.972 lsst_hardware_z -38.71029692920086 111.27999877929688 31.739999771118164 AB 4.420721989344095 1.086172478954323
60864.96 lsst_hardware_y -72.0824831495289 70.45999908447266 30.049999237060547 AB 3.31380768474092 1.103376587594091
60864.9798 lsst_hardware_z 47.779925087014014 76.48999786376953 31.0 AB 3.283916289023347 1.0567711308199754
