data/validation/pwv_sim_epoch_fit_seasonal/21392755.ecsv
# %ECSV 0.9
# ---
# datatype:
# - {name: time, datatype: float64}
# - {name: band, datatype: string}
# - {name: flux, datatype: float64}
# - {name: fluxerr, datatype: float64}
# - {name: zp, datatype: float64}
# - {name: zpsys, datatype: string}
# - {name: pwv, datatype: float64}
# - {name: airmass, datatype: float64}
# meta: {SNID: '21392755', alt: 1024.0, c: 0.0012442282168194652, dec: -20.902014, lat: -30.244573, lon: -70.7499537, ra: 176.484375,
#   t0: 62937.71875, x0: 9.998619306314539e-06, x1: 0.8105481863021851, z: 0.46018195152282715}
# schema: astropy-2.0
time band flux fluxerr zp zpsys pwv airmass
62882.3592 lsst_hardware_g 29.265926188040204 42.810001373291016 31.709999084472656 AB 4.561789326370177 1.0138811660327849
62884.3628 lsst_hardware_i 69.34759884684325 35.58000183105469 31.290000915527344 AB 6.760370709091898 1.0129793158407039
62886.3268 lsst_hardware_u 4.725931240252328 2.809999942779541 28.510000228881836 AB 11.122141070503568 1.0269356584160636
62886.347 lsst_hardware_z 48.75859149175903 41.119998931884766 30.950000762939453 AB 9.949550390817041 1.014225320164836
62888.3514 lsst_hardware_r -7.809422105867779 23.079999923706055 31.510000228881836 AB 9.069355123058953 1.0129585022031593
62888.3709 lsst_hardware_y 60.91199798938679 61.2599983215332 30.06999969482422 AB 9.12039159285944 1.0198928255923347
62892.3263 lsst_hardware_i 21.37813020580875 30.549999237060547 31.25 AB 12.3540214856409 1.0157886437790578
62892.347 lsst_hardware_u -0.9473324036445819 2.7799999713897705 28.489999771118164 AB 14.170596126634782 1.013875229666214
62894.3321 lsst_hardware_r -37.77648120172642 23.190000534057617 31.510000228881836 AB 11.852091928518574 1.0129993101297927
62894.3508 lsst_hardware_z 2.780662443698701 40.95000076293945 30.950000762939453 AB 12.011232480370147 1.017592043125617
62896.3319 lsst_hardware_r -26.25810394568387 22.850000381469727 31.510000228881836 AB 11.328770462389596 1.0131256002852438
62896.3502 lsst_hardware_u 2.0173926060586242 2.700000047683716 28.450000762939453 AB 11.575907754030867 1.0206906429212712
62898.316 lsst_hardware_g 18.655790932007925 14.390000343322754 31.450000762939453 AB 9.96933548178457 1.013761997334205
62898.3346 lsst_hardware_r -31.495189981086263 23.030000686645508 31.510000228881836 AB 11.932095345467033 1.0151231045685591
62907.3053 lsst_hardware_r -110.76142927084666 103.19000244140625 31.670000076293945 AB 2.993613743101934 1.0136961712631503
62907.3242 lsst_hardware_i 37.82274254058255 84.25 31.34000015258789 AB 3.022119937113373 1.023868979259189
62909.2936 lsst_hardware_r -41.00086417394978 77.36990287352543 31.65999984741211 AB 6.089894638679238 1.012942486161908
62909.3107 lsst_hardware_z -32.82585665561273 61.617354357039545 30.989999771118164 AB 6.179715685439792 1.0180750717363851
62911.3007 lsst_hardware_g 87.43691953995405 39.47142836389013 31.700000762939453 AB 2.6477666092802026 1.0157672414118828
62911.3175 lsst_hardware_i 40.65828595681019 41.34374536243804 31.299999237060547 AB 2.57224005436012 1.0277997020618486
62913.2251 lsst_hardware_r 114.32817020152113 26.577787212541192 31.510000228881836 AB 4.233979133792295 1.0686469292761978
62913.2415 lsst_hardware_z 23.304296572774305 42.353999469973346 30.950000762939453 AB 4.122137018187741 1.0406152144367917
62918.2851 lsst_hardware_g 277.72442190505257 21.393251704689803 31.469999313354492 AB 5.277382774882728 1.017490252226747
62918.3018 lsst_hardware_r 803.4980600857773 36.69101279800076 31.520000457763672 AB 6.688414849207681 1.0314332479662298
62924.259 lsst_hardware_g 830.8886230226872 32.55618624335495 31.450000762939453 AB 6.054942163301961 1.0137187616443932
62924.276 lsst_hardware_i 1499.275136038945 48.62899234276817 31.260000228881836 AB 6.080481724681538 1.0223879146981623
62931.2446 lsst_hardware_z 1824.569331401125 68.1404882974221 30.979999542236328 AB 7.969298305315366 1.0151541300134352
62931.2631 lsst_hardware_r 3803.1426017187728 90.27907954054423 31.649999618530273 AB 7.992977124547889 1.0280025882830635
62933.2266 lsst_hardware_i 2629.2781727646643 103.91507436105977 31.350000381469727 AB 10.932569179763219 1.0129470957360487
62933.2452 lsst_hardware_z 1964.0786583160493 86.71915499804116 31.0 AB 10.987267882749327 1.0180859008763492
62936.2271 lsst_hardware_r 4404.543596652668 137.78525471212964 31.670000076293945 AB 8.68046773329234 1.0139252718110487
62936.2458 lsst_hardware_z 2182.6635555967255 94.78288265535406 31.0 AB 8.733786576934035 1.0245411693944964
62938.2286 lsst_hardware_z 2032.6008215629035 71.09395570483669 30.979999542236328 AB 13.949168088647571 1.0165056419049743
62938.247 lsst_hardware_i 2826.8684891240123 77.7343009260519 31.329999923706055 AB 14.5125838457609 1.031211547543469
62940.2281 lsst_hardware_z 2086.3863832960674 62.59033865009746 30.959999084472656 AB 9.332481382038395 1.0193306080539999
62940.2472 lsst_hardware_r 3785.4528991745647 73.2897576261359 31.600000381469727 AB 9.630680883939279 1.0381244889446068
62942.2074 lsst_hardware_r 3561.0491887263993 63.749551422917015 31.530000686645508 AB 8.691555635869078 1.0132576955177972
62942.2257 lsst_hardware_u 3.306066265255919 3.507438699216022 28.56999969482422 AB 8.437490678631292 1.0214879756212218
62945.2041 lsst_hardware_g 897.6106927910431 33.547915311708906 31.489999771118164 AB 5.33472353236753 1.014366699230105
62945.2232 lsst_hardware_r 3168.959257860936 61.294152587625476 31.530000686645508 AB 5.072238457122051 1.0263533907571936
62947.2034 lsst_hardware_i 2182.6312848195976 56.94515882328084 31.270000457763672 AB 4.890914391835019 1.0162059164058561
62947.2223 lsst_hardware_z 1769.3868135117054 58.747289747579046 30.959999084472656 AB 5.981055579027701 1.0310683371402214
62949.204 lsst_hardware_r 2639.792533884932 57.49102500286303 31.530000686645508 AB 6.070694583738091 1.0196421723683413
62949.2231 lsst_hardware_u 2.6329786377599347 3.148625815109923 28.530000686645508 AB 6.177989213545785 1.0387539661279257
62951.141 lsst_hardware_g 578.3438197072967 28.163522859565013 31.459999084472656 AB 8.128738092815503 1.036278095333964
62951.1586 lsst_hardware_i 2102.8683572697673 54.56347864942976 31.260000228881836 AB 8.044189724133238 1.0193809249653865
62953.1891 lsst_hardware_z 1545.3409460232485 55.379550746477015 30.959999084472656 AB 7.251613664438706 1.0172468434169926
62953.2067 lsst_hardware_r 2303.7864149688853 52.90561610667542 31.520000457763672 AB 7.432106892622246 1.0319504155265546
62955.1864 lsst_hardware_y 407.14283805244645 50.68939075848936 30.059999465942383 AB 6.900343205331478 1.0188517381629312
62955.2032 lsst_hardware_g 433.9557708002638 25.299441936263193 31.469999313354492 AB 7.018141508762149 1.034259690832958
62957.1822 lsst_hardware_r 1815.2142408131363 53.415967932051394 31.59000015258789 AB 5.582183373360387 1.0196699923938966
62957.2007 lsst_hardware_i 1679.9886407800343 53.49447630224688 31.280000686645508 AB 5.584500371710519 1.0380112215075763
62959.1656 lsst_hardware_z 1070.609524586063 60.682161530788434 30.969999313354492 AB 6.31669401357977 1.0142818856858173
62959.1846 lsst_hardware_r 1679.135232271088 70.5902287852346 31.639999389648438 AB 6.472672113832306 1.0259968478018027
62961.1652 lsst_hardware_z 1086.2038056835333 75.35562563016339 30.989999771118164 AB 7.1323134921829245 1.016216213177029
62961.1838 lsst_hardware_r 1595.968015987437 103.14834308377364 31.65999984741211 AB 7.617331072677344 1.0307619854773131
62963.1671 lsst_hardware_i 1774.2153876463674 125.82464337748051 31.350000381469727 AB 10.390039195154511 1.0205573454956411
62963.186 lsst_hardware_z 1260.6138381286037 105.00196899657477 31.0 AB 10.597915255324656 1.0402861600318918
62967.1528 lsst_hardware_g 163.15264815174146 62.24696443423425 31.729999542236328 AB 3.083442851797061 1.0183380823328674
62967.1702 lsst_hardware_r 986.2107610659895 66.92117402994226 31.649999618530273 AB 3.4039298114816954 1.033974376351863
62969.1525 lsst_hardware_i 1121.372374752803 48.964272396668385 31.290000915527344 AB 8.588932798218538 1.0218837356595523
62969.1693 lsst_hardware_z 909.9357391283436 53.05266903488818 30.959999084472656 AB 10.250303092901547 1.039848145361557
62971.152 lsst_hardware_r 670.1501528900106 34.640983379659666 31.510000228881836 AB 10.828634831980958 1.0261515097587615
62971.1705 lsst_hardware_g 87.3708728478195 17.950953863955807 31.440000534057617 AB 10.393223579686929 1.0498205636047402
62974.1306 lsst_hardware_u 5.351797623281736 3.2058193564508555 28.59000015258789 AB 11.98998588314429 1.0166461561129665
62974.1482 lsst_hardware_r 566.8592386691729 33.19888627081546 31.520000457763672 AB 12.116271657586168 1.0306457687637094
62976.1312 lsst_hardware_i 1630.2658620557957 59.530466627977795 32.0099983215332 AB 6.504648984993324 1.0202704113446166
62976.1493 lsst_hardware_z 769.1764751278215 49.83602340875062 30.959999084472656 AB 6.6713083228762455 1.038645768186553
62978.1276 lsst_hardware_r 438.99709572834115 31.464964173700558 31.520000457763672 AB 10.362418538573376 1.0216325089789389
62978.1447 lsst_hardware_u 0.15285258114805375 2.8567389171685162 28.510000228881836 AB 10.597245466970849 1.039812144136864
62982.05 lsst_hardware_g 100.27819347768187 16.810765532699563 31.43000030517578 AB 11.496208223692202 1.0451098385174729
62985.1098 lsst_hardware_i 1243.1895391873215 57.854282777744416 32.02000045776367 AB 9.020072926942365 1.0226646805928494
62985.1274 lsst_hardware_z 1258.9364686537178 68.91822433928415 31.709999084472656 AB 8.543954757832504 1.0423588321996529
62992.0916 lsst_hardware_z 672.9551886539447 84.90434946342626 31.0 AB 3.6237517571223523 1.0234177708982872
62992.1108 lsst_hardware_r 379.5380941597983 124.5722803034347 31.65999984741211 AB 3.683557785686995 1.0460937978522586
62994.0982 lsst_hardware_r 147.86511165302952 92.11002284958711 31.65999984741211 AB 10.717444984092918 1.0361025700012487
62994.1191 lsst_hardware_z 454.2961986877607 67.1133909724638 30.989999771118164 AB 11.105568943217921 1.0709323956815737
63000.028 lsst_hardware_i 345.59330363441313 35.89617271700861 31.260000228881836 AB 5.996798594242239 1.0174556128622199
63000.047 lsst_hardware_z 372.6393548514322 45.01974960049216 30.950000762939453 AB 6.436076611235876 1.0130236009290465
63001.0259 lsst_hardware_r 256.00668897865904 27.402675496460542 31.510000228881836 AB 5.979035310526309 1.0171166233299265
63001.0448 lsst_hardware_g 4.305766978723519 15.605948272143559 31.440000534057617 AB 6.5849575501611035 1.0130703923324775
63003.9876 lsst_hardware_i 663.9485596645676 50.47394591198442 32.0099983215332 AB 7.798326912287356 1.0487260506034637
63004.0035 lsst_hardware_z 707.3430206848697 63.41543135632811 31.700000762939453 AB 7.45923781732537 1.0280332354186796
63008.0104 lsst_hardware_r 136.5901487505624 26.84058775817517 31.5 AB 4.65659256263967 1.0154299609608584
63008.0295 lsst_hardware_u 2.5243916040851824 2.816910162313354 28.440000534057617 AB 4.678128855910005 1.0136790587020028
63015.9951 lsst_hardware_r 81.01958317845217 47.11000061035156 31.639999389648438 AB 9.6118261962982 1.013478089023462
63016.0161 lsst_hardware_g -1.9992936368013983 42.88999938964844 31.709999084472656 AB 9.669074390227276 1.016735974576778
63017.9912 lsst_hardware_r -86.38661512752715 77.97000122070312 31.65999984741211 AB 6.951879759559647 1.0132212344197509
63018.0098 lsst_hardware_i 1.6354113451816907 68.93000030517578 31.34000015258789 AB 6.911019888595094 1.0163264542051609
63022.9668 lsst_hardware_y -21.707950441442872 51.45000076293945 30.059999465942383 AB 4.37146615757699 1.0166200366458118
63022.9865 lsst_hardware_z -0.4925725887051102 56.290000915527344 30.979999542236328 AB 4.357163836817822 1.0132939155390284
