data/validation/pwv_sim_epoch_fit_seasonal/21409877.ecsv
# %ECSV 0.9
# ---
# datatype:
# - {name: time, datatype: float64}
# - {name: band, datatype: string}
# - {name: flux, datatype: float64}
# - {name: fluxerr, datatype: float64}
# - {name: zp, datatype: float64}
# - {name: zpsys, datatype: string}
# - {name: pwv, datatype: float64}
# - {name: airmass, datatype: float64}
# meta: {SNID: '21409877', alt: 1024.0, c: 0.04463765397667885, dec: -12.024699, lat: -30.244573, lon: -70.7499537, ra: 158.730469, t0: 60355.02734375,
#   x0: 3.936893992838971e-06, x1: 0.6172706484794617, z: 0.6766564249992371}
# schema: astropy-2.0
time band flux fluxerr zp zpsys pwv airmass
[from data line 133]
60729.2495 lsst_hardware_i 15.793295270600222 31.969999313354492 31.25 AB 12.56481112819046 1.078092706342854
60731.1634 lsst_hardware_i 27.711809650315274 31.530000686645508 31.25 AB 9.474762885300244 1.0880631094655528
60731.1807 lsst_hardware_z -100.56248637946238 41.91999816894531 30.950000762939453 AB 10.014170521107252 1.0648464028398879
60733.1619 lsst_hardware_r 33.09449304554786 23.979999542236328 31.5 AB 8.421717212522493 1.0816487557824934
60733.1809 lsst_hardware_u 5.63388343795724 2.759999990463257 28.440000534057617 AB 7.031373571295297 1.0598596030139373
60736.1613 lsst_hardware_g 0.01939502984510446 14.930000305175781 31.43000030517578 AB 3.5849474403873423 1.0711994343786466
60736.1804 lsst_hardware_i -18.255125924219012 31.420000076293945 31.25 AB 4.096958014674846 1.0550559289260875
60738.208 lsst_hardware_z 31.763999301126113 41.61000061035156 30.940000534057617 AB 6.873872699890604 1.0596109292537477
60738.226 lsst_hardware_r 10.296382093876963 23.670000076293945 31.489999771118164 AB 6.020506371087503 1.0796532436644455
60740.1951 lsst_hardware_y -0.008286696929314387 47.22999954223633 30.040000915527344 AB 8.229159801640948 1.0550204873898652
60740.2139 lsst_hardware_g 12.90001814176329 14.680000305175781 31.440000534057617 AB 8.466041212307307 1.0707472022311235
60742.1941 lsst_hardware_r 2.8065143632129037 30.770000457763672 31.559999465942383 AB 11.397416206692425 1.057519481019942
60742.2122 lsst_hardware_i -8.02975397758847 31.309999465942383 31.25 AB 11.612727715597282 1.0755679333999737
60748.9991 lsst_hardware_r -81.93655072114883 113.38999938964844 31.469999313354492 AB 16.36790523973209 1.7772286097385943
60749.0056 lsst_hardware_z -45.891876212687926 99.55000305175781 30.90999984741211 AB 16.02915511112734 1.690969209863875
60751.1232 lsst_hardware_z -11.94132764154735 61.36000061035156 30.979999542236328 AB 8.175644990238562 1.0678742150259355
60751.1426 lsst_hardware_i 26.709433134279593 66.62000274658203 31.329999923706055 AB 8.631790609062683 1.0537282533952412
60753.1186 lsst_hardware_z 49.856538687812865 49.63999938964844 30.969999313354492 AB 8.735987876274796 1.0669365886244557
60753.1382 lsst_hardware_r 84.35865182151304 52.56999969482422 31.639999389648438 AB 7.499969287166794 1.0533664729166845
60759.1053 lsst_hardware_z 20.042625992619815 41.65999984741211 30.959999084472656 AB 9.376417165616665 1.0638195844393807
60759.1245 lsst_hardware_r 11.788582197493195 23.440000534057617 31.520000457763672 AB 9.306728746718314 1.052638600518563
60761.1434 lsst_hardware_u 4.894973325004435 2.9200000762939453 28.59000015258789 AB 7.302284174832083 1.0583020543234902
60761.1611 lsst_hardware_r 6.901412828094996 23.65999984741211 31.520000457763672 AB 7.428775767933588 1.0766341692657373
60763.1351 lsst_hardware_i 16.57773308626349 31.18000030517578 31.260000228881836 AB 6.946115604209887 1.0564969992207125
60763.1537 lsst_hardware_z 111.43469100155282 42.040000915527344 30.959999084472656 AB 7.06450608693886 1.0740139999400284
60766.1344 lsst_hardware_r -33.34221664333059 23.6299991607666 31.510000228881836 AB 5.1425545227421745 1.0619261817336085
60766.152 lsst_hardware_u -2.1003822084285266 2.7799999713897705 28.469999313354492 AB 5.4054462640746435 1.0834005072303536
60768.1346 lsst_hardware_g -3.968156122591768 14.420000076293945 31.43000030517578 AB 6.6815716673387975 1.0674716087931937
60768.1529 lsst_hardware_r 3.9321506566038074 23.389999389648438 31.489999771118164 AB 6.842385598236229 1.0943439581345429
60772.0596 lsst_hardware_z 7.80629749224968 51.2599983215332 30.969999313354492 AB 11.665417420983266 1.0755832517733594
60772.0792 lsst_hardware_r -18.275634000835332 54.689998626708984 31.6299991607666 AB 11.41337847937747 1.05659863723176
60774.0574 lsst_hardware_z 2.7086855440804043 68.54000091552734 30.979999542236328 AB 8.225779333553527 1.0713672694406227
60774.0767 lsst_hardware_r -25.993863901609597 90.0199966430664 31.649999618530273 AB 8.070564068217061 1.0550216656347198
60777.0506 lsst_hardware_i 190.51920444788314 94.1500015258789 31.34000015258789 AB 6.870414344403899 1.0696997928307812
60777.0679 lsst_hardware_z -63.82300366182821 80.2300033569336 31.0 AB 6.702856349925546 1.0553186412541204
60779.0521 lsst_hardware_r 11.997780134881385 94.94000244140625 31.649999618530273 AB 6.134440869298568 1.0625168215637946
60779.0702 lsst_hardware_z -66.38763860770499 66.54000091552734 30.989999771118164 AB 6.04964513549812 1.052569836537298
60781.0472 lsst_hardware_g -11.354561914830729 60.810001373291016 31.709999084472656 AB 17.71538889405391 1.062020616119533
60781.0646 lsst_hardware_r -44.86486772892166 59.63999938964844 31.639999389648438 AB 17.513933065137877 1.0525990873796336
60783.0845 lsst_hardware_i 32.38299093125007 39.38999938964844 31.299999237060547 AB 11.968210521970276 1.0591336745106439
60783.1021 lsst_hardware_z 71.58307328475821 46.5099983215332 30.959999084472656 AB 12.18304442963614 1.078145524746561
60785.0849 lsst_hardware_r -38.44780497723496 23.290000915527344 31.5 AB 7.258063566890301 1.064102172299144
60785.1023 lsst_hardware_g -0.5967316346708679 14.430000305175781 31.43000030517578 AB 7.43582518639881 1.0869500345561773
60793.0803 lsst_hardware_z -56.39959608582208 41.77000045776367 30.950000762939453 AB 1.7964791224008676 1.0866896596838926
60793.0968 lsst_hardware_i -48.73596496860021 31.34000015258789 31.25 AB 2.6107041503234294 1.120393741645131
60796.0064 lsst_hardware_r -19.682170013975124 23.6200008392334 31.5 AB 11.304796375466008 1.061882056684765
60796.0238 lsst_hardware_u 1.3013935889382244 2.700000047683716 28.40999984741211 AB 11.242794860445322 1.0525647416469843
60801.0402 lsst_hardware_i 15.35061902921349 51.849998474121094 31.309999465942383 AB 3.0831331022685338 1.0631493456098393
60801.0585 lsst_hardware_z -0.8884281579589152 54.040000915527344 30.969999313354492 AB 3.924846932671857 1.086763652961872
60803.0416 lsst_hardware_r 14.818318811816885 86.0999984741211 31.649999618530273 AB 10.472487261170716 1.0704051576952114
60803.0593 lsst_hardware_z 9.988485909343671 67.26000213623047 30.989999771118164 AB 11.266790668407292 1.098092069952954
60805.0379 lsst_hardware_r 97.75330255512718 93.0999984741211 31.649999618530273 AB 8.116147399893466 1.0725713492656739
60805.0548 lsst_hardware_i 41.132765527410264 75.80000305175781 31.329999923706055 AB 8.06180279635844 1.0999867371208134
60806.9971 lsst_hardware_z 2.6889125079047327 63.90999984741211 30.989999771118164 AB 12.252125409563872 1.0520759146089138
60807.0174 lsst_hardware_i 31.40782819177444 71.80000305175781 31.329999923706055 AB 10.759895977752405 1.0580295462280038
60808.9703 lsst_hardware_y -15.072363220034337 51.29999923706055 30.049999237060547 AB 7.6454697045994 1.0624118353697503
60808.9935 lsst_hardware_z 78.29408903591579 55.380001068115234 30.979999542236328 AB 7.628276432935167 1.0519825916523629
60810.9692 lsst_hardware_y 115.86522671745718 67.62000274658203 30.799999237060547 AB 7.5118107684102045 1.058896358670829
60810.9904 lsst_hardware_r 13.340978864926484 33.08000183105469 32.2599983215332 AB 7.585274067095519 1.0520491077802385
60812.9784 lsst_hardware_z -6.537010640286318 59.290000915527344 31.700000762939453 AB 7.83508181322431 1.052371580652889
60815.9555 lsst_hardware_y -18.52935467970435 64.4800033569336 30.059999465942383 AB 5.672338349007775 1.0589306189809982
60815.9755 lsst_hardware_g -7.98156489540072 14.869999885559082 31.450000762939453 AB 7.538812022001046 1.051988421001405
60821.9535 lsst_hardware_y 108.44286757358259 66.30999755859375 30.059999465942383 AB 6.314578115210997 1.0524296858684996
60821.9738 lsst_hardware_i -20.713129296851513 31.40999984741211 31.260000228881836 AB 6.193208818011135 1.0563808536521526
