data/validation/pwv_sim_epoch_fit_seasonal/21475318.ecsv
# %ECSV 0.9
# ---
# datatype:
# - {name: time, datatype: float64}
# - {name: band, datatype: string}
# - {name: flux, datatype: float64}
# - {name: fluxerr, datatype: float64}
# - {name: zp, datatype: float64}
# - {name: zpsys, datatype: string}
# - {name: pwv, datatype: float64}
# - {name: airmass, datatype: float64}
# meta: {SNID: '21475318', alt: 1024.0, c: 0.008105778135359287, dec: -41.810314, lat: -30.244573, lon: -70.7499537, ra: 140.800781, t0: 60777.8046875,
#   x0: 5.8036935664838114e-06, x1: 0.22701755166053772, z: 0.5769680738449097}
# schema: astropy-2.0
time band flux fluxerr zp zpsys pwv airmass
60661.3377 lsst_hardware_z 23.123730804845223 54.2599983215332 30.979999542236328 AB 5.957182085777135 1.022560543411086
60661.3497 lsst_hardware_y -8.500415230960705 58.540000915527344 30.06999969482422 AB 5.995593806462112 1.0211349410648236
60664.3461 lsst_hardware_z 15.036744947667097 51.849998474121094 30.979999542236328 AB 6.629701433092011 1.02160435058038
60666.3316 lsst_hardware_r -26.116651691437305 37.18000030517578 31.610000610351562 AB 6.928960093394006 1.0212174050691551
60666.3436 lsst_hardware_y 34.615881783301916 49.02000045776367 30.059999465942383 AB 6.230509722826262 1.0222049803657625
60667.3382 lsst_hardware_z -28.812354521662442 61.849998474121094 31.709999084472656 AB 6.116299980673393 1.0216536716046694
60669.3321 lsst_hardware_g -2.7264955661735413 16.549999237060547 31.489999771118164 AB 8.708887101992328 1.021550362885456
60669.3457 lsst_hardware_y 60.81360156972094 49.540000915527344 30.059999465942383 AB 9.075012720710168 1.0261208413286393
60671.3326 lsst_hardware_i 39.589414076386255 29.809999465942383 31.25 AB 6.365431231699262 1.0229426663327115
60671.3453 lsst_hardware_y -201.48682762275448 48.7599983215332 30.059999465942383 AB 5.816299264443286 1.0290995720167413
60673.3249 lsst_hardware_z -61.47781364914522 40.41999816894531 30.950000762939453 AB 9.530817267527631 1.0223090906763772
60673.3368 lsst_hardware_i -24.73117199809919 29.770000457763672 31.25 AB 9.026674966464617 1.027227376244207
60675.3217 lsst_hardware_u -1.9662297959091954 2.5999999046325684 28.420000076293945 AB 7.229351871386922 1.0229506205394712
60675.334 lsst_hardware_g -0.4008113243162127 13.020000457763672 31.399999618530273 AB 7.308379874303146 1.02885341781888
60679.3261 lsst_hardware_z -1.1849177552457866 40.5 30.950000762939453 AB 3.3934989540917693 1.0309363911164848
60679.3379 lsst_hardware_u -0.35882460029406055 2.799999952316284 28.510000228881836 AB 2.864703472518699 1.0415209861911285
60681.3175 lsst_hardware_g 3.9034132792917835 13.020000457763672 31.420000076293945 AB 7.307756591804189 1.0287784972037808
60681.3287 lsst_hardware_r 36.40918626419937 21.639999389648438 31.489999771118164 AB 7.569438862959736 1.0377386765168128
60683.3038 lsst_hardware_r 27.01577361242526 21.440000534057617 31.479999542236328 AB 8.951878438956458 1.0243986617664547
60683.3178 lsst_hardware_i -30.80000667141635 29.600000381469727 31.239999771118164 AB 9.096491572837207 1.0329488140547192
60685.2731 lsst_hardware_z -20.24980182340301 40.400001525878906 30.959999084472656 AB 6.820167594171718 1.0223222925496298
60685.2858 lsst_hardware_i 3.2253890028728103 29.610000610351562 31.260000228881836 AB 6.753234010737555 1.0212444158236067
60687.2671 lsst_hardware_z -19.07542750046076 52.5 30.979999542236328 AB 5.97093505152928 1.022464155405502
60687.2795 lsst_hardware_g 34.410916253289116 65.88999938964844 31.729999542236328 AB 5.993328591727237 1.0211839481559444
60689.266 lsst_hardware_r 152.2943302216589 83.66000366210938 31.65999984741211 AB 7.230684352591639 1.0215476256928544
60689.2803 lsst_hardware_i 107.18540126754351 64.83000183105469 31.329999923706055 AB 7.344851561439622 1.0220938473354222
60691.27 lsst_hardware_z 9.744032817605081 81.1500015258789 31.739999771118164 AB 4.510061215937449 1.0213000941887338
60693.2724 lsst_hardware_z 36.40842335069239 50.849998474121094 30.969999313354492 AB 7.509850733321411 1.0229081589087052
60693.2851 lsst_hardware_r -98.81694703438532 59.189998626708984 31.639999389648438 AB 7.58866629521283 1.0290182103434538
60696.2673 lsst_hardware_i 23.71821774422099 36.349998474121094 31.280000686645508 AB 12.127163772940474 1.0239942390391348
60696.2812 lsst_hardware_z 73.91379111586082 43.4900016784668 30.950000762939453 AB 12.220693196780182 1.0320805008189329
60698.2635 lsst_hardware_i 18.61541795088013 31.079999923706055 31.25 AB 9.734499421802315 1.0246841496634016
60698.2761 lsst_hardware_z 31.02958862169878 41.06999969482422 30.940000534057617 AB 9.807436377564674 1.0323617239541762
60700.2537 lsst_hardware_u -4.778837154084105 2.680000066757202 28.479999542236328 AB 9.534140093257095 1.0230404363567565
60700.2645 lsst_hardware_g -13.478619947133108 13.289999961853027 31.40999984741211 AB 9.585453051440469 1.0280776216195846
60702.2531 lsst_hardware_i -7.37088523657766 29.549999237060547 31.25 AB 11.811233463462763 1.0249173944533054
60702.2645 lsst_hardware_r 30.462428872365358 21.520000457763672 31.479999542236328 AB 11.89055849633427 1.031838115443661
60704.2534 lsst_hardware_u 0.5861234697487173 2.740000009536743 28.540000915527344 AB 11.536478837754967 1.0279699865083025
60704.2639 lsst_hardware_g -0.011323967175695093 13.029999732971191 31.40999984741211 AB 11.62952765158717 1.035884292005983
60706.2062 lsst_hardware_r 25.24307937202754 21.649999618530273 31.5 AB 10.590778433945266 1.025989676332794
60706.2189 lsst_hardware_g -28.06514648939605 12.970000267028809 31.40999984741211 AB 10.948152762692656 1.0216641249246599
60708.2441 lsst_hardware_i -12.602567472378412 29.670000076293945 31.25 AB 10.75041127779506 1.0289936614305004
60708.2554 lsst_hardware_z -35.00640260561506 40.61000061035156 30.950000762939453 AB 9.446126778234795 1.0381499921128383
60710.2453 lsst_hardware_i -43.27736993625719 29.770000457763672 31.25 AB 7.835073646265323 1.03395779040814
60710.2565 lsst_hardware_u 2.0791147440659357 2.75 28.530000686645508 AB 8.343048879445067 1.045134681587807
60715.2347 lsst_hardware_i 102.53914052673683 45.5 31.309999465942383 AB 5.5021874267174615 1.0366490158985306
60715.2468 lsst_hardware_r 77.88236449636597 46.72999954223633 31.6200008392334 AB 5.596425702286852 1.049953228908449
60717.1977 lsst_hardware_z -54.363491748646624 83.04000091552734 31.729999542236328 AB 2.757244111721484 1.0212015228598088
60719.1984 lsst_hardware_z -7.092039133593572 64.55999755859375 30.989999771118164 AB 4.1566517401614815 1.0221065322829093
60719.2098 lsst_hardware_r 138.9166526568178 93.83000183105469 31.65999984741211 AB 5.11246475298463 1.0264619367523684
60721.1825 lsst_hardware_i 19.96172830093816 60.959999084472656 31.34000015258789 AB 3.9771137598536495 1.0211692296782735
60721.1946 lsst_hardware_z 42.17809537785702 57.20000076293945 30.989999771118164 AB 3.9363775163783643 1.0225242487778106
60723.1881 lsst_hardware_i -15.660252801166207 48.27000045776367 31.309999465942383 AB 4.34407341612796 1.0222551867579683
60723.1997 lsst_hardware_z 75.31865807322262 49.56999969482422 30.969999313354492 AB 4.31953733423882 1.0269127508294207
60725.1841 lsst_hardware_g 30.419134460328117 36.790000915527344 31.690000534057617 AB 3.311829815104058 1.0226431419188076
60725.1965 lsst_hardware_r -28.752916554642713 38.95000076293945 31.6200008392334 AB 3.224322125777385 1.028245914303559
60728.1743 lsst_hardware_r -5.802161373524987 30.68000030517578 32.2400016784668 AB 8.194207741896752 1.0222208778472586
60728.1855 lsst_hardware_i -41.786432908969374 42.099998474121094 32.0 AB 8.218803444289893 1.0266125527639374
60730.1729 lsst_hardware_z -7.469575948380735 40.650001525878906 30.959999084472656 AB 9.853863611686355 1.0234236051604315
60730.1842 lsst_hardware_u -0.6088569198215577 2.700000047683716 28.489999771118164 AB 9.829731408866476 1.0291116463653611
60732.1699 lsst_hardware_g 16.88577283039006 13.020000457763672 31.389999389648438 AB 7.1365170331973955 1.0243681821792652
60732.1823 lsst_hardware_r -25.221860096599883 21.780000686645508 31.489999771118164 AB 7.156925921984582 1.0316289617275074
60737.1627 lsst_hardware_i -18.94908234720411 29.610000610351562 31.239999771118164 AB 5.008889217743548 1.027622550698784
60737.1736 lsst_hardware_u 1.3014388100825824 2.5399999618530273 28.360000610351562 AB 5.687905843254961 1.0357182761879111
60739.1573 lsst_hardware_g 25.235273113750267 13.09000015258789 31.399999618530273 AB 10.589172926428411 1.0276593216105212
60739.1691 lsst_hardware_r 19.14910196632684 21.75 31.479999542236328 AB 12.200690652249389 1.0365922389336777
60741.1584 lsst_hardware_i -13.561587358361539 32.04999923706055 31.260000228881836 AB 8.8829220394988 1.0321478041538186
60741.1707 lsst_hardware_r -28.90109109958644 21.850000381469727 31.489999771118164 AB 9.827238307400956 1.0438222249753175
60743.1445 lsst_hardware_z -24.40027151716662 65.31999969482422 31.709999084472656 AB 9.763592603727199 1.0265939230050918
60750.1382 lsst_hardware_z 76.88837999957624 60.70026896167417 30.979999542236328 AB 8.873426747516582 1.0358085697490174
60750.1496 lsst_hardware_r -71.28691207287197 84.85888027630207 31.649999618530273 AB 8.981512000292385 1.047915838633985
60756.1133 lsst_hardware_g 75.34296711714795 15.320663118099434 31.43000030517578 AB 5.439903338748442 1.0291801738188386
60756.1253 lsst_hardware_r 303.93744977927446 27.296602955339456 31.5 AB 5.168276276214957 1.0391105858185388
60758.1134 lsst_hardware_i 364.40122129763205 36.16860073373112 31.260000228881836 AB 5.660738687938648 1.0332800574263161
60758.1251 lsst_hardware_r 438.0478335439099 30.744704836881528 31.5 AB 5.641698826723583 1.0447590419858486
60762.1036 lsst_hardware_r 880.6567526837496 37.12449510156102 31.5 AB 8.38005420428764 1.0342128314319305
60762.1159 lsst_hardware_i 771.9129205704345 40.6843807427812 31.260000228881836 AB 8.526237012225296 1.0467848432271103
60764.1017 lsst_hardware_z 650.6638378354855 48.40852896085742 30.959999084472656 AB 6.225126190284971 1.0374057644070234
60764.1141 lsst_hardware_r 1192.2874631766902 40.36894449634431 31.5 AB 6.233299276840815 1.0513829883347825
60767.0512 lsst_hardware_z 928.5826305148076 50.01141529727855 30.950000762939453 AB 8.890040650303444 1.0218926941294249
60767.0638 lsst_hardware_i 1349.2943033720678 45.91853867626333 31.25 AB 8.936216024278751 1.0214763982791635
60769.0461 lsst_hardware_z 1015.47660265091 51.69659809989623 30.950000762939453 AB 4.919052641326918 1.0218223185141084
60769.0594 lsst_hardware_g 619.059526488417 30.050987407269833 31.520000457763672 AB 4.947436653174397 1.0216347714429073
60771.0465 lsst_hardware_r 1946.2136054305377 58.212371029893774 31.610000610351562 AB 8.048525836384195 1.021159747059244
60771.06 lsst_hardware_i 1620.1051599351904 54.193950409998955 31.290000915527344 AB 8.081914590514268 1.0231135020483957
60773.0515 lsst_hardware_z 2392.866993509323 84.6398911239432 31.719999313354492 AB 7.701459683849838 1.0222498087095704
60775.0436 lsst_hardware_z 2449.803927771248 92.989886618306 31.729999542236328 AB 5.81648330526754 1.0217352431193254
60775.0547 lsst_hardware_r 2348.747216135497 87.16958242081654 31.649999618530273 AB 5.833825017483361 1.025366907018782
60778.0319 lsst_hardware_i 2056.4879486818804 82.48499428118392 31.34000015258789 AB 6.668914381252824 1.0212732589973696
60778.0438 lsst_hardware_z 1222.445757139176 72.26106104062542 30.989999771118164 AB 7.849282363381211 1.0241756737188428
60780.032 lsst_hardware_i 1914.0058777347804 71.00770718558164 31.329999923706055 AB 11.58412332305219 1.0221585919925908
60780.043 lsst_hardware_z 1398.3082908502329 65.29072568347405 30.989999771118164 AB 11.187216304236868 1.0263501196547584
60790.0087 lsst_hardware_z 1069.848494258357 51.82490133286858 30.950000762939453 AB 13.445772674248055 1.0233093096577537
60790.0203 lsst_hardware_u -2.2833358520293885 2.702885152480845 28.479999542236328 AB 13.53430094866781 1.0290809353829866
60794.0495 lsst_hardware_i 1052.9244197074527 44.30661780516104 31.229999542236328 AB 9.145184711627575 1.0787808326078454
60794.0615 lsst_hardware_z 1001.0129936756396 51.51565359219818 30.940000534057617 AB 9.361474553832306 1.1036329529319244
60795.005 lsst_hardware_i 1083.9203116541169 43.89260037677056 31.260000228881836 AB 11.102818883511173 1.0280387855102937
60795.0171 lsst_hardware_u 0.5612882948296346 2.7406453640561748 28.479999542236328 AB 11.204536787231946 1.0374571099288838
60796.9965 lsst_hardware_g 92.94107187819776 17.94193253724176 31.450000762939453 AB 9.497474003180475 1.0263101365010239
60797.0072 lsst_hardware_r 866.3889351166448 36.712999043972026 31.5 AB 9.092107287724213 1.0335267742709826
60799.998 lsst_hardware_i 822.7539555950935 46.366356221160146 31.280000686645508 AB 10.722387527770442 1.0327117120002196
60800.0105 lsst_hardware_r 693.9939331140839 44.58661067488457 31.600000381469727 AB 10.523093674678702 1.0448647064345242
60802.002 lsst_hardware_z 1437.902918758457 79.08893509081324 31.719999313354492 AB 6.671134276840479 1.0414968167423728
60803.9944 lsst_hardware_r 616.124743644881 71.05828629811487 31.649999618530273 AB 9.066742402682248 1.0392872997113993
60804.0088 lsst_hardware_i 884.5205195202346 62.405030779350476 31.31999969482422 AB 9.606026445959401 1.0567685859141256
60805.9921 lsst_hardware_z 706.8559011346609 64.573381680133 30.979999542236328 AB 7.833315166245628 1.0426000953309917
60806.0036 lsst_hardware_r 518.6967239119906 85.09965719063737 31.65999984741211 AB 7.815373984270649 1.0571435248971175
61024.3385 lsst_hardware_g -9.198864751873268 15.619999885559082 31.479999542236328 AB 8.560603936319238 1.0244526383270163
61024.3506 lsst_hardware_y -12.7932721240184 61.18000030517578 30.06999969482422 AB 8.540665887814264 1.0213033247406966
61028.3393 lsst_hardware_u -4.164442411900719 3.119999885559082 28.559999465942383 AB 5.342480510076811 1.0213440516316987
61028.3513 lsst_hardware_z -36.76791245163809 49.95000076293945 30.969999313354492 AB 5.335287400798809 1.021955191060939
61030.3369 lsst_hardware_r 7.470672888505432 21.809999465942383 31.489999771118164 AB 6.608795372812417 1.0211364914727723
61030.3489 lsst_hardware_y -25.886009851705893 53.7599983215332 30.059999465942383 AB 6.479992357570016 1.0227260665356717
61032.3354 lsst_hardware_z -47.79568622451021 40.619998931884766 30.950000762939453 AB 6.194486555548624 1.021237548312682
61032.3475 lsst_hardware_y 76.91259516852227 51.099998474121094 30.059999465942383 AB 6.24586469724576 1.0241361003354439
61034.3334 lsst_hardware_u -1.7013257146705394 2.799999952316284 28.540000915527344 AB 6.603804251930687 1.0216676467887842
61034.3444 lsst_hardware_y 57.305312757533486 48.33000183105469 30.059999465942383 AB 6.579477247578252 1.0251600572730215
61036.3315 lsst_hardware_r 16.500562632627613 21.75 31.5 AB 6.117023794925936 1.0224434908572038
61036.3429 lsst_hardware_y 16.948738385646273 47.939998626708984 30.059999465942383 AB 6.592507730209138 1.0272170353766943
61038.3205 lsst_hardware_i -6.599867923640112 29.56999969482422 31.25 AB 7.136580939506881 1.021384100303921
61038.3327 lsst_hardware_r 4.549327796809796 21.56999969482422 31.479999542236328 AB 7.1574201597667 1.024806609201801
61040.325 lsst_hardware_u 1.5092104785057177 2.619999885559082 28.440000534057617 AB 5.1193986633467405 1.023879732669348
61040.3369 lsst_hardware_g -3.2517504702046764 13.170000076293945 31.40999984741211 AB 6.069571713558748 1.0303709337186284
61042.3182 lsst_hardware_r 21.607459107171216 55.060001373291016 31.639999389648438 AB 5.293656886948328 1.0233902990620558
61042.3296 lsst_hardware_i 32.083162380906344 48.029998779296875 31.309999465942383 AB 5.324126957810504 1.029115097672853
61043.3146 lsst_hardware_z 18.09999309875166 56.790000915527344 30.979999542236328 AB 4.7418044462639175 1.023098213768578
61043.3265 lsst_hardware_r -62.80946743180752 76.68000030517578 31.65999984741211 AB 4.821389997391796 1.0288741480750012
61045.3214 lsst_hardware_z 85.4080589939821 79.91000366210938 31.729999542236328 AB 10.492805569327581 1.0291100009148264
61048.3162 lsst_hardware_r -45.89361239313089 52.689998626708984 31.639999389648438 AB 9.051534652896828 1.0312005452736295
61048.3287 lsst_hardware_z -25.778689343008672 49.060001373291016 30.969999313354492 AB 9.152087527127406 1.04265608101554
61060.2631 lsst_hardware_z 58.99885149190329 40.15999984741211 30.940000534057617 AB 12.183684017924364 1.0217996870048738
61060.2757 lsst_hardware_r 7.6788961824538955 21.3700008392334 31.469999313354492 AB 12.178802201400524 1.026303556297797
