data/validation/pwv_sim_epoch_fit_seasonal/21661157.ecsv
# %ECSV 0.9
# ---
# datatype:
# - {name: time, datatype: float64}
# - {name: band, datatype: string}
# - {name: flux, datatype: float64}
# - {name: fluxerr, datatype: float64}
# - {name: zp, datatype: float64}
# - {name: zpsys, datatype: string}
# - {name: pwv, datatype: float64}
# - {name: airmass, datatype: float64}
# meta: {SNID: '21661157', alt: 1024.0, c: -0.1094161793589592, dec: -44.993881, lat: -30.244573, lon: -70.7499537, ra: 208.6875, t0: 60835.85546875,
#   x0: 2.478407534962497e-06, x1: 1.0365372896194458, z: 0.8158300518989563}
# schema: astropy-2.0
time band flux fluxerr zp zpsys pwv airmass
60715.3718 lsst_hardware_i -44.05020515971974 30.889999389648438 31.260000228881836 AB 6.87026960937016 1.0385764265056112
60715.3838 lsst_hardware_y -28.67644950515331 57.08000183105469 30.059999465942383 AB 6.872587535238704 1.0350282432588531
60719.3804 lsst_hardware_i 50.45360427371666 64.16000366210938 31.329999923706055 AB 5.1213174048187815 1.0347140933061403
60719.3914 lsst_hardware_y -78.40776925491603 78.04000091552734 30.06999969482422 AB 5.098412654222449 1.0368949876393023
60721.3778 lsst_hardware_r -15.924270942944935 75.12000274658203 31.65999984741211 AB 2.946068540335126 1.0349792869612247
60721.3888 lsst_hardware_y 9.954803268372647 64.0199966430664 30.06999969482422 AB 3.049583404436129 1.0379793752335635
60723.3696 lsst_hardware_z -101.4659394738082 57.45000076293945 30.979999542236328 AB 4.2286501188209975 1.0347219964081475
60723.3811 lsst_hardware_y -27.025222307551626 54.060001373291016 30.059999465942383 AB 3.422472314693861 1.0371128226345034
60728.3614 lsst_hardware_r -15.918682981354781 27.420000076293945 31.549999237060547 AB 9.648116614074253 1.0354278401024097
60728.3728 lsst_hardware_y -101.40142130298864 47.38999938964844 30.049999237060547 AB 9.686464474158951 1.0394038655641764
60730.3619 lsst_hardware_g -0.302289149952275 14.720000267028809 31.459999084472656 AB 10.395028431302146 1.0370829828369283
60730.3732 lsst_hardware_r -14.523052510039594 23.18000030517578 31.510000228881836 AB 10.500806780528228 1.0427812095857227
60732.3548 lsst_hardware_i -48.00607221300364 30.229999542236328 31.25 AB 6.847876185257996 1.0365361666931048
60732.3661 lsst_hardware_z -21.762277962219695 40.9900016784668 30.950000762939453 AB 7.070583039974495 1.0417448952041688
60734.357 lsst_hardware_r -27.360497118949787 22.450000762939453 31.5 AB 4.920899022703138 1.0396997723860424
60734.368 lsst_hardware_u 0.37622660212796255 2.680000066757202 28.440000534057617 AB 5.003192826609421 1.0469668483618984
60737.3572 lsst_hardware_g -4.1223774250368415 13.640000343322754 31.40999984741211 AB 6.257850669211525 1.044948903909305
60737.3691 lsst_hardware_i 22.378620156053636 30.40999984741211 31.25 AB 6.302374295719473 1.0556740863851897
60739.2975 lsst_hardware_g 1.3786937403441302 13.630000114440918 31.40999984741211 AB 10.124119770204567 1.0435802401942587
60739.3091 lsst_hardware_r 21.133872605473858 22.3799991607666 31.5 AB 10.07707137636274 1.0374116924295056
60741.3397 lsst_hardware_r 11.15067279045539 22.299999237060547 31.489999771118164 AB 8.949808425732817 1.0406753983410253
60741.3518 lsst_hardware_u -1.2189945828104518 2.619999885559082 28.389999389648438 AB 9.025178372189336 1.0494393456034112
60743.3376 lsst_hardware_g 4.19332333031053 13.550000190734863 31.399999618530273 AB 7.221838794936869 1.042714235480345
60743.35 lsst_hardware_r 17.032946187220077 22.350000381469727 31.479999542236328 AB 7.159575622590007 1.0528787680279423
60750.2925 lsst_hardware_r 61.98832193310947 102.94000244140625 31.65999984741211 AB 8.068789900431957 1.0346813293992678
60750.3047 lsst_hardware_i 53.63454718320696 81.1500015258789 31.34000015258789 AB 8.064651413057748 1.036254598529746
60752.2837 lsst_hardware_z -63.96457578573516 66.29000091552734 31.0 AB 6.541754455877422 1.034923976566591
60752.2946 lsst_hardware_r -6.552198794595784 87.9000015258789 31.65999984741211 AB 6.315419807300754 1.0352015857229955
60754.3026 lsst_hardware_z 6.748067876132703 54.400001525878906 30.989999771118164 AB 4.971333427071796 1.039810380061038
60754.3164 lsst_hardware_i -84.82113621021064 54.83000183105469 31.329999923706055 AB 5.008682760436996 1.0495249201167136
60756.2891 lsst_hardware_r -51.66302728275571 36.4900016784668 31.610000610351562 AB 5.471106631291981 1.0364888948170845
60756.3027 lsst_hardware_z 3.5994405434679955 44.38999938964844 30.969999313354492 AB 6.040380141209684 1.04310843003232
60758.2856 lsst_hardware_r 34.858041739259136 24.860000610351562 31.540000915527344 AB 6.351206677534925 1.0371433643657768
60758.2976 lsst_hardware_y -58.98227981991978 47.06999969482422 30.049999237060547 AB 6.299060066700185 1.0433513803058874
60760.2869 lsst_hardware_r -18.920961622623285 22.520000457763672 31.510000228881836 AB 7.385223053544989 1.0401722610626745
60760.2988 lsst_hardware_i -18.67739221651817 30.510000228881836 31.25 AB 6.644446945666026 1.0484610160423813
60762.2359 lsst_hardware_r -22.913886421513183 22.6200008392334 31.520000457763672 AB 7.936665417110758 1.0427887816463868
60762.2463 lsst_hardware_i 2.73339232789385 30.389999389648438 31.260000228881836 AB 7.946656131164603 1.0374224714313962
60764.2355 lsst_hardware_z 35.04248923844168 40.959999084472656 30.959999084472656 AB 6.814983531718683 1.0398204961425799
60764.247 lsst_hardware_r -12.72917873842573 22.59000015258789 31.510000228881836 AB 6.64155387252912 1.0355853231593595
60767.2383 lsst_hardware_u 5.42074270652479 2.7699999809265137 28.520000457763672 AB 8.810878539618095 1.035700707985592
60767.2503 lsst_hardware_g -1.8864863881205713 13.899999618530273 31.440000534057617 AB 8.17487099823492 1.0347937972449266
60769.2264 lsst_hardware_r 1.5221489851765777 22.3799991607666 31.479999542236328 AB 5.707524142052531 1.0377316621913693
60769.2379 lsst_hardware_z 56.08242531804105 40.77000045776367 30.940000534057617 AB 5.691750748703369 1.0348637724915217
60771.2331 lsst_hardware_r 29.494847754873852 22.559999465942383 31.5 AB 15.416168798829698 1.034804251146468
60771.2447 lsst_hardware_u 4.0874360145324635 2.690000057220459 28.450000762939453 AB 15.338436569453807 1.03558783157856
60775.2294 lsst_hardware_i -20.801358905520527 58.56999969482422 31.329999923706055 AB 5.133021939235745 1.0348834554910775
60775.2413 lsst_hardware_z 54.23435591672042 55.7400016784668 30.979999542236328 AB 5.109563536600541 1.0379665905878674
60778.2126 lsst_hardware_r -27.83920435184615 126.61000061035156 31.670000076293945 AB 12.644972865698403 1.0349462158862663
60778.2242 lsst_hardware_z -117.46435835871533 82.79000091552734 31.0 AB 12.657555889430823 1.0353123214039253
60784.1887 lsst_hardware_r 19.62260013598882 45.2599983215332 31.6299991607666 AB 9.307926986114534 1.036575197518184
60784.2003 lsst_hardware_y -66.08013140149338 48.83000183105469 30.059999465942383 AB 9.252619401680384 1.034679273321821
60792.1796 lsst_hardware_i -11.802117872116547 30.290000915527344 31.239999771118164 AB 3.6563137519560582 1.0346837642606461
60792.1921 lsst_hardware_z -43.35428655025632 40.83000183105469 30.940000534057617 AB 3.6642121650591837 1.0369189006180923
60795.1942 lsst_hardware_g 16.650883515252218 14.100000381469727 31.43000030517578 AB 11.378316373743413 1.04182725575639
60795.2066 lsst_hardware_i 29.368359486375923 30.709999084472656 31.25 AB 11.616538197429763 1.0515083229173807
60797.1888 lsst_hardware_z 63.831053000693075 41.130001068115234 30.950000762939453 AB 8.270325959060393 1.041865200183975
60806.1275 lsst_hardware_z 162.61361214942957 79.96859684539969 31.0 AB 7.9876563011865445 1.0369539531593592
60806.1391 lsst_hardware_r 19.182114455897864 119.41081280053574 31.670000076293945 AB 7.989565666560566 1.0347167864483022
60808.1364 lsst_hardware_z 327.51748623224614 122.09459130604115 31.75 AB 7.158048746680191 1.0346991538999988
60812.1243 lsst_hardware_r 147.2810727590869 55.53311808501831 31.639999389648438 AB 8.844735743580054 1.0346837941777431
60812.1379 lsst_hardware_y 20.282249554078632 50.05814500070572 30.049999237060547 AB 8.2472644951658 1.0370656391279465
60814.1272 lsst_hardware_g 8.204046485197734 14.395684195376814 31.440000534057617 AB 7.766845631810603 1.035579417574747
60814.1393 lsst_hardware_r 225.16174723108534 33.08150041491187 31.559999465942383 AB 7.800755557092075 1.04010074094561
60823.0345 lsst_hardware_i 729.2804927917382 40.656904758269874 31.239999771118164 AB 7.6106865969320525 1.082601222892184
60824.1006 lsst_hardware_r 691.7370558600996 33.79172614104673 31.489999771118164 AB 9.840564141804704 1.0357398317866229
60824.1129 lsst_hardware_z 404.595862453175 46.23371911328118 30.940000534057617 AB 9.921039196104294 1.040595678215238
60830.1076 lsst_hardware_i 996.9419475257276 49.59397657234601 31.290000915527344 AB 12.124575052503829 1.0484154366032348
60830.1191 lsst_hardware_z 621.6983175232634 51.128543657879234 30.959999084472656 AB 12.347484556980653 1.0600974077682468
60842.0058 lsst_hardware_i 768.2798116238562 41.88639705771216 31.260000228881836 AB 9.672820923612397 1.0522895498281941
60842.0136 lsst_hardware_u 1.4638667547944793 2.8189464891077227 28.5 AB 9.614622836685756 1.0455412237447013
60844.0836 lsst_hardware_r 439.6108778846024 31.17703976895732 31.489999771118164 AB 5.430895073366496 1.0634217884014638
60844.0953 lsst_hardware_z 578.1788846254123 47.47625734699754 30.950000762939453 AB 5.62086149981533 1.0801732431904851
60847.0836 lsst_hardware_r 404.84570461706676 30.035338219484366 31.479999542236328 AB 3.224148402306662 1.0747161341022207
60847.0967 lsst_hardware_u 1.934624494532457 2.685685977060997 28.3700008392334 AB 3.291231226514924 1.0970770755049746
60851.0245 lsst_hardware_g 41.51767792913727 14.995395413423953 31.40999984741211 AB 5.185970389741637 1.0352615896476518
60851.0372 lsst_hardware_r 319.6721433064265 28.678283429353296 31.489999771118164 AB 5.288546025021643 1.0395517019436695
60861.0017 lsst_hardware_r 219.68435946272083 65.32351113577595 31.649999618530273 AB 3.8857872266444033 1.0363020428423158
60861.0134 lsst_hardware_i 350.019270518322 59.154381142968 31.31999969482422 AB 3.912682521937398 1.0414841902144996
60862.9993 lsst_hardware_z 589.2999235289119 91.46217447976527 31.729999542236328 AB 4.199291781502598 1.0373103888105817
60869.9986 lsst_hardware_i 206.98751250895393 33.736866498714555 31.25 AB 9.08254944406322 1.0486116081583998
60870.0106 lsst_hardware_u -2.8606813061756307 2.631098019230391 28.3700008392334 AB 7.446627343827963 1.0609620436442333
60871.9981 lsst_hardware_g -21.73735852968955 13.720330140031807 31.399999618530273 AB 4.42882192471339 1.0532275683028276
60872.0104 lsst_hardware_r 119.55421491370197 24.55171752687508 31.489999771118164 AB 4.679444441488715 1.067675653075723
61083.3775 lsst_hardware_z -33.13917604820123 43.04999923706055 30.959999084472656 AB 5.377379640695201 1.034907552096844
61083.388 lsst_hardware_y -97.64294520940241 62.29999923706055 30.06999969482422 AB 5.355062605970414 1.0351947817456923
61089.3742 lsst_hardware_r 8.051232238943786 22.8799991607666 31.510000228881836 AB 5.3554582115966625 1.0357050530082184
61089.3868 lsst_hardware_y 32.71045388380769 51.5099983215332 30.059999465942383 AB 4.736943662896462 1.0406862553735206
61091.3706 lsst_hardware_g -0.6832249890580332 14.029999732971191 31.450000762939453 AB 3.8639992864602264 1.0361793880873922
61091.3844 lsst_hardware_y -54.649148407499695 48.630001068115234 30.049999237060547 AB 2.8148288148490086 1.042529190684818
61098.3556 lsst_hardware_u 1.5066589037031062 2.6600000858306885 28.43000030517578 AB 5.39525333749454 1.03754871874895
61098.367 lsst_hardware_r 37.363770363350596 22.399999618530273 31.489999771118164 AB 5.427084401011877 1.0436700771176686
61104.3591 lsst_hardware_y -20.811972884036827 55.36000061035156 30.049999237060547 AB 10.182572222789771 1.0504897494237972
61104.3717 lsst_hardware_r 104.12339819186472 93.58000183105469 31.649999618530273 AB 10.297458836000782 1.0643184960811132
61106.3424 lsst_hardware_r -45.10822324614247 84.66000366210938 31.649999618530273 AB 8.960116590100554 1.0418740221047156
61106.3543 lsst_hardware_i 15.779709745994822 70.4000015258789 31.329999923706055 AB 9.039491723779168 1.0511036888115313
61108.3474 lsst_hardware_z 73.41799395379836 53.47999954223633 30.969999313354492 AB 7.215062680176152 1.0497817782614867
61108.3591 lsst_hardware_r 9.352936589982896 58.810001373291016 31.6299991607666 AB 7.273861156588453 1.0622135210536354
61110.3395 lsst_hardware_z -63.13035602013409 44.66999816894531 30.959999084472656 AB 7.038609570246226 1.047671977709704
61110.3514 lsst_hardware_r -27.977347515966247 37.38999938964844 31.59000015258789 AB 7.134190205256882 1.0595331988005474
61112.3397 lsst_hardware_i 33.39159921943561 31.65999984741211 31.25 AB 13.49189406564723 1.0528204499139597
61112.352 lsst_hardware_z -93.75594036411681 42.09000015258789 30.940000534057617 AB 13.810723543356906 1.0671243658906715
61115.3369 lsst_hardware_r -22.44083339874644 22.3799991607666 31.489999771118164 AB 7.95399022181715 1.0585560582668552
61115.3496 lsst_hardware_u -1.6682920817723084 2.619999885559082 28.3799991607666 AB 8.107121393139234 1.075393320263879
61117.3109 lsst_hardware_g 12.282270060368713 13.470000267028809 31.399999618530273 AB 6.431319098686565 1.041003415132173
61117.3245 lsst_hardware_r -47.78488737608101 22.229999542236328 31.479999542236328 AB 6.498590292340406 1.0513250041534308
61123.2882 lsst_hardware_u -3.2384964162508694 2.559999942779541 28.350000381469727 AB 6.345003138190886 1.0378958241315517
61123.2992 lsst_hardware_r 12.376059637834512 22.219999313354492 31.479999542236328 AB 6.317894950289708 1.0439925558176328
61125.2865 lsst_hardware_z -64.39121038869222 41.09000015258789 30.950000762939453 AB 7.381299749830463 1.039619683074713
61125.2988 lsst_hardware_i 11.479545473066414 30.309999465942383 31.239999771118164 AB 6.640811174337675 1.0478873092264203
61127.2837 lsst_hardware_z -92.3735210193841 40.88999938964844 30.940000534057617 AB 7.933958541912812 1.0410652856466096
61127.2963 lsst_hardware_g -10.818278690707663 13.600000381469727 31.399999618530273 AB 7.752619685778565 1.0504904723277189
61129.2444 lsst_hardware_y 78.59746229490176 70.44000244140625 30.799999237060547 AB 6.790976115069549 1.0364737660362233
61132.2299 lsst_hardware_r -200.81533879754627 117.05999755859375 31.65999984741211 AB 8.851725200370863 1.0389145596178773
61132.2419 lsst_hardware_i -109.71528617956285 90.04000091552734 31.34000015258789 AB 8.809259645163225 1.035165645730115
61134.2312 lsst_hardware_z -61.90734979807441 79.1500015258789 31.0 AB 5.699873550144351 1.036340645480791
61134.2437 lsst_hardware_r -0.9549115272123092 113.23999786376953 31.65999984741211 AB 5.690940717929239 1.0347164941689526
61136.2267 lsst_hardware_z 12.106838600592996 60.66999816894531 30.979999542236328 AB 15.438171074136799 1.036072507324297
61136.2394 lsst_hardware_r 61.52590261277615 78.4800033569336 31.65999984741211 AB 15.338077662245984 1.0347718131406394
61138.2261 lsst_hardware_i 2.456901194004121 45.130001068115234 31.299999237060547 AB 9.617629287498902 1.0350811789236256
61138.2381 lsst_hardware_z -44.87856417237749 48.33000183105469 30.959999084472656 AB 9.525386538095022 1.0352555741870473
61140.2193 lsst_hardware_r 3.8590818310102963 30.479999542236328 31.559999465942383 AB 5.046023166955274 1.0352940432817552
61140.2297 lsst_hardware_z 8.174640716439793 42.75 30.950000762939453 AB 5.145366053368759 1.0348684741288734
61147.2173 lsst_hardware_g -11.277118780772708 13.90999984741211 31.420000076293945 AB 13.70533246820299 1.0360850066679006
61147.2292 lsst_hardware_r 9.810177369822298 22.75 31.5 AB 13.74710897841739 1.0411321552875612
61149.2011 lsst_hardware_r 10.50303496657799 22.799999237060547 31.5 AB 9.402867457813608 1.034703434147302
61149.2125 lsst_hardware_i 2.269788044937228 30.469999313354492 31.260000228881836 AB 9.326415232799935 1.0362683591999928
61151.2155 lsst_hardware_r -1.7175792197068633 22.829999923706055 31.510000228881836 AB 8.304317617826632 1.0396207921831073
61151.2268 lsst_hardware_g 1.4734811587712264 14.0600004196167 31.43000030517578 AB 8.344190372054445 1.0470593377041937
61155.1999 lsst_hardware_i -20.586944879906714 34.470001220703125 31.270000457763672 AB 13.132187279955195 1.037536605717894
61155.2109 lsst_hardware_z 57.36643532911103 42.88999938964844 30.950000762939453 AB 13.250684889424274 1.0433610149152972
61157.1866 lsst_hardware_r 38.50965664627077 54.5 31.639999389648438 AB 3.686628203095917 1.0353273680588397
61157.1991 lsst_hardware_z -56.1148330470632 49.63999938964844 30.969999313354492 AB 3.7018910890230683 1.0396136922134342
61161.1905 lsst_hardware_i -88.12074460988049 101.48999786376953 31.34000015258789 AB 10.064710258023801 1.0408628697917492
61161.2018 lsst_hardware_z -112.9496992778275 86.41000366210938 31.0 AB 10.09445999099396 1.0490021207354623
61163.195 lsst_hardware_r -70.20546948307462 119.83999633789062 31.65999984741211 AB 12.14955221783829 1.047856964509972
61163.2084 lsst_hardware_z 13.262779057252434 77.56999969482422 31.0 AB 12.616796846172113 1.0615731465016502
61166.1882 lsst_hardware_r -93.80558889039966 60.779998779296875 31.649999618530273 AB 3.4338860817104075 1.0490487011335259
61166.1998 lsst_hardware_i 1.0380240738720585 52.349998474121094 31.31999969482422 AB 3.4566452438153186 1.0610800912152138
61168.1365 lsst_hardware_g -3.439919973222534 25.790000915527344 31.6200008392334 AB 10.156340207024058 1.036943203535051
61168.1477 lsst_hardware_i 37.881949495143004 36.849998474121094 31.280000686645508 AB 10.188716374737588 1.0347551286992929
61175.0213 lsst_hardware_g -12.576742342266634 20.059999465942383 32.119998931884766 AB 7.115572159562466 1.2080767673280925
61175.0292 lsst_hardware_r -5.220705722314365 33.2400016784668 32.220001220703125 AB 6.941447816718137 1.1814224860383178
61177.135 lsst_hardware_z -30.92463472050188 40.97999954223633 30.940000534057617 AB 8.484764322122022 1.0359907597218587
61177.1475 lsst_hardware_r 11.301205470857274 22.649999618530273 31.489999771118164 AB 8.527946851955138 1.0412633518870742
61185.1053 lsst_hardware_z -16.584571916239828 46.95000076293945 30.969999313354492 AB 5.953189671621494 1.0347674622593053
61185.1179 lsst_hardware_r 53.23185756109447 45.83000183105469 31.6299991607666 AB 5.9487397645533715 1.0375105687843795
61187.1131 lsst_hardware_y -194.16486072709412 74.38999938964844 30.799999237060547 AB 6.331429057173398 1.0377690636245531
61198.0874 lsst_hardware_g -24.955003014597928 13.600000381469727 31.399999618530273 AB 4.357937546877369 1.0397496930676084
61198.1006 lsst_hardware_i 32.49864434704383 30.350000381469727 31.239999771118164 AB 4.507998345259619 1.048859549851005
61222.0116 lsst_hardware_i 133.81494058002136 63.02000045776367 31.329999923706055 AB 8.469756875942432 1.0358658198425283
61222.0245 lsst_hardware_r -36.81201249070622 79.47000122070312 31.649999618530273 AB 8.467013830140093 1.041196978620277
61224.9992 lsst_hardware_g -8.181057256150362 13.569999694824219 31.40999984741211 AB 8.514296401024042 1.0350679446083326
61225.0118 lsst_hardware_r -6.82907613188453 22.350000381469727 31.489999771118164 AB 8.20680931479787 1.0388366221263126
61232.9935 lsst_hardware_i -11.678430793931305 30.309999465942383 31.25 AB 11.04352731461189 1.0406477453186018
61233.0061 lsst_hardware_u -2.262854856732063 2.690000057220459 28.450000762939453 AB 10.27290606492266 1.049809009751434
61234.9941 lsst_hardware_g -3.8629267612035174 13.720000267028809 31.420000076293945 AB 8.977645528616929 1.0445195495773043
61235.0063 lsst_hardware_r 18.236784924678304 22.540000915527344 31.489999771118164 AB 7.329344809462065 1.0553412252645162
61236.9964 lsst_hardware_i -1.1534924794400463 30.280000686645508 31.239999771118164 AB 4.401288616013601 1.0509285138524442
61237.0085 lsst_hardware_r 16.694607290673872 22.459999084472656 31.479999542236328 AB 4.670562795966439 1.0642731675894812
61237.9948 lsst_hardware_u -1.1226489810896783 2.5999999046325684 28.360000610351562 AB 1.8892174554537247 1.0520004392317726
61238.0062 lsst_hardware_g -3.8187407184924864 13.8100004196167 31.399999618530273 AB 1.5972385472478674 1.0648256981652449
