data/validation/pwv_sim_epoch_fit_seasonal/2171404.ecsv
# %ECSV 0.9
# ---
# datatype:
# - {name: time, datatype: float64}
# - {name: band, datatype: string}
# - {name: flux, datatype: float64}
# - {name: fluxerr, datatype: float64}
# - {name: zp, datatype: float64}
# - {name: zpsys, datatype: string}
# - {name: pwv, datatype: float64}
# - {name: airmass, datatype: float64}
# meta: {SNID: '2171404', alt: 1024.0, c: -0.04045291990041733, dec: -41.41119, lat: -30.244573, lon: -70.7499537, ra: 312.363281, t0: 60951.875,
#   x0: 4.818279259316646e-06, x1: 1.2749128341674805, z: 0.6224683523178101}
# schema: astropy-2.0
time band flux fluxerr zp zpsys pwv airmass
[from data line 133]
61256.2077 lsst_hardware_i -4.701864710498747 39.790000915527344 31.290000915527344 AB 1.240859241297834 1.0205833375993152
61258.1947 lsst_hardware_z 29.760374316309605 40.91999816894531 30.940000534057617 AB 1.6334665483679114 1.019111915379793
61258.2055 lsst_hardware_i 11.143656571308718 30.559999465942383 31.239999771118164 AB 1.6419466823811526 1.0216935539836711
61261.195 lsst_hardware_r 29.178211564172788 23.309999465942383 31.510000228881836 AB 3.877975188079505 1.020877989139919
61261.2068 lsst_hardware_i 7.662460469282253 30.729999542236328 31.25 AB 3.884796001218573 1.026569597996584
61266.228 lsst_hardware_g 4.1282619602556325 14.5600004196167 31.440000534057617 AB 2.5986887883507594 1.066566299343632
61266.2397 lsst_hardware_r 23.93905913866448 23.59000015258789 31.5 AB 2.6287669999043914 1.088516356068071
61274.1355 lsst_hardware_i 63.87906257856491 47.54999923706055 31.31999969482422 AB 2.0476192712911563 1.0208746211098874
61274.1471 lsst_hardware_z -54.07551297402858 49.52000045776367 30.969999313354492 AB 2.0517410131685234 1.0189501369044522
61276.1302 lsst_hardware_r 7.2594509023646 87.41999816894531 31.65999984741211 AB 2.7825095669395266 1.0208234676472627
61276.1406 lsst_hardware_z 127.91468523041502 65.87000274658203 30.989999771118164 AB 2.8248556002239127 1.0189757778785868
61278.1282 lsst_hardware_r 304.4060407240058 117.44999694824219 31.670000076293945 AB 2.2145140078131313 1.0198867091555717
61278.1392 lsst_hardware_i 168.74920222793708 94.33999633789062 31.350000381469727 AB 2.1905981300798483 1.019040842028151
61280.131 lsst_hardware_z -100.86211394917612 77.3499984741211 31.0 AB 3.9739014444224012 1.0189490883134362
61280.1409 lsst_hardware_i 174.1020579892716 91.69999694824219 31.350000381469727 AB 3.9789012432327686 1.0202310880084022
61281.1301 lsst_hardware_z 9.38855379662715 95.37000274658203 31.75 AB 5.298740553632457 1.0189885680062416
61286.1219 lsst_hardware_g 1.746801666831181 14.0 31.420000076293945 AB 0.5424471986151886 1.0196375913819336
61286.1328 lsst_hardware_r 19.27729507249734 22.729999542236328 31.5 AB 1.4326622224232577 1.0233301588737556
61296.0996 lsst_hardware_r -3.202262630886916 22.8700008392334 31.510000228881836 AB 2.6710243709775345 1.0209362144204623
61296.1112 lsst_hardware_i -29.235550774194518 30.5 31.260000228881836 AB 2.742689808138198 1.0265518136570406
61299.0641 lsst_hardware_r -8.434466961493252 24.040000915527344 31.530000686645508 AB 2.671901947786904 1.0220203803851475
61299.0752 lsst_hardware_u 2.80418451084323 3.140000104904175 28.610000610351562 AB 2.6666554656597734 1.0191689148326246
61303.0549 lsst_hardware_z -7.759856488131621 71.58999633789062 31.729999542236328 AB 5.699023111915574 1.0213608133902878
61305.0479 lsst_hardware_r -102.95631234642812 77.91999816894531 31.65999984741211 AB 2.6074976924055377 1.021946969392725
61305.061 lsst_hardware_z 15.737591148042274 61.77000045776367 30.989999771118164 AB 2.5857069474035135 1.0189978117846359
61307.0506 lsst_hardware_r 13.163853876913633 90.7699966430664 31.65999984741211 AB 3.1091751894215607 1.0195688438831154
61307.0624 lsst_hardware_y 61.43718777894246 55.380001068115234 30.059999465942383 AB 3.0811387213288244 1.0192883237565022
61309.0438 lsst_hardware_z 8.441582196646095 63.79999923706055 30.989999771118164 AB 2.9850613598646976 1.0198364741593375
61309.0553 lsst_hardware_r -2.1087687405109823 91.87999725341797 31.65999984741211 AB 3.036677673267724 1.0191048488186618
61313.0454 lsst_hardware_r 7.626780512531117 23.049999237060547 31.510000228881836 AB 3.787559810207049 1.0192115020514716
61313.0574 lsst_hardware_u 1.7284816662059346 2.7899999618530273 28.520000457763672 AB 3.7947941556205924 1.02255697724038
61315.0497 lsst_hardware_g -3.4036062716712783 14.300000190734863 31.440000534057617 AB 4.996321919791259 1.0216382618937891
61315.0622 lsst_hardware_i 21.491339904535817 30.56999969482422 31.25 AB 5.0299833929602284 1.0285212949515483
61317.0467 lsst_hardware_z 33.94227189095433 41.029998779296875 30.950000762939453 AB 2.352790402781791 1.0226559270279114
61317.0594 lsst_hardware_r -2.771434896584426 22.950000762939453 31.5 AB 2.4513212268246307 1.0305442377345702
61319.0481 lsst_hardware_u 1.4195613132268496 2.819999933242798 28.540000915527344 AB 3.8758101903645303 1.0263648302852115
61319.0606 lsst_hardware_g -38.19744522399825 14.369999885559082 31.450000762939453 AB 3.9140273169644617 1.0364852213080336
61321.0337 lsst_hardware_g 17.819059306862517 14.4399995803833 31.450000762939453 AB 4.639678114871869 1.0217867345419924
61321.0445 lsst_hardware_r 13.119759778615185 23.110000610351562 31.5 AB 5.588058606032053 1.0275944475969205
61323.0826 lsst_hardware_i -6.383501573327178 31.219999313354492 31.25 AB 2.6472350840874315 1.0855255948963396
61323.0946 lsst_hardware_z -39.79325429526652 42.380001068115234 30.950000762939453 AB 3.5318430782559354 1.1124499170315623
61325.0716 lsst_hardware_r -4.560125980489918 23.489999771118164 31.5 AB 5.733345674463604 1.0748343710914428
61325.0838 lsst_hardware_u -1.0778749058633594 2.759999990463257 28.450000762939453 AB 6.367931100776508 1.0998153887351285
61326.0744 lsst_hardware_g -18.773479913822797 14.460000038146973 31.43000030517578 AB 5.127223790428706 1.0855096239439745
61326.0847 lsst_hardware_i 19.946884941122622 31.43000030517578 31.25 AB 5.771605579991437 1.1082901324953593
61328.0772 lsst_hardware_z -66.12193374122103 42.29999923706055 30.940000534057617 AB 6.515993493330283 1.1034705323167286
61328.0885 lsst_hardware_r 10.26104341526079 24.110000610351562 31.489999771118164 AB 7.019813633431573 1.1322280053921892
