data/validation/pwv_sim_epoch_fit_seasonal/21779201.ecsv
# %ECSV 0.9
# ---
# datatype:
# - {name: time, datatype: float64}
# - {name: band, datatype: string}
# - {name: flux, datatype: float64}
# - {name: fluxerr, datatype: float64}
# - {name: zp, datatype: float64}
# - {name: zpsys, datatype: string}
# - {name: pwv, datatype: float64}
# - {name: airmass, datatype: float64}
# meta: {SNID: '21779201', alt: 1024.0, c: 0.07118892669677734, dec: 0.74606, lat: -30.244573, lon: -70.7499537, ra: 357.539062, t0: 62302.94921875,
#   x0: 8.065533251846429e-06, x1: 0.8210183382034302, z: 0.5034719109535217}
# schema: astropy-2.0
time band flux fluxerr zp zpsys pwv airmass
62309.4162 lsst_hardware_i 2051.4161827879484 56.840016699244075 31.239999771118164 AB 2.478083759283856 1.1800398853732648
62309.4348 lsst_hardware_y 676.7153503442155 57.69496116466929 30.010000228881836 AB 1.9172769134529313 1.168833720861442
62311.4147 lsst_hardware_i 2089.309850648487 66.20652169248196 31.280000686645508 AB 4.584500754709028 1.1762670313557324
62311.4337 lsst_hardware_y 557.592606370211 55.82493052292394 30.0 AB 4.649755404434417 1.1685738638940482
62313.4177 lsst_hardware_z 1800.336465493494 72.95894301428615 30.959999084472656 AB 6.810364883306262 1.1707357333133992
62313.4376 lsst_hardware_y 583.9781064594379 65.92603563642338 30.010000228881836 AB 6.834103005002867 1.1710251893425272
62318.3863 lsst_hardware_i 1729.767470610915 83.10111612752273 31.299999237060547 AB 11.507553812993084 1.186345753916813
62318.4076 lsst_hardware_y 446.903383627352 59.85355362606019 30.010000228881836 AB 11.343460284706572 1.1694288953305745
62320.4205 lsst_hardware_z 2630.139698649255 91.61840216263803 31.709999084472656 AB 8.204663992238395 1.1720948560340563
62324.3982 lsst_hardware_g 204.7444758265077 21.61059730965036 31.459999084472656 AB 1.7505364780884087 1.1685824286304465
62324.418 lsst_hardware_r 1144.2839164134361 42.51616898918237 31.5 AB 1.9275974517810086 1.178658314465007
62329.3758 lsst_hardware_i 1129.4802301838467 46.57525288399787 31.229999542236328 AB 8.929847799736729 1.170015106912998
62329.3991 lsst_hardware_u 3.068524236467732 2.9465445366417544 28.34000015258789 AB 9.006486610294306 1.1741720370633344
62335.3705 lsst_hardware_u -0.581469191235837 2.905421208700367 28.34000015258789 AB 1.855103113169469 1.168814310513159
62335.395 lsst_hardware_g 70.34360165342346 17.78791400180167 31.420000076293945 AB 2.1409814979849098 1.1867968392377548
62344.3307 lsst_hardware_z 631.0687436299391 84.05645079472716 30.979999542236328 AB 2.9830303448524167 1.1719605859818296
62344.3522 lsst_hardware_r 348.30878410328586 115.32247429451247 31.6299991607666 AB 2.932579655028112 1.1706904810491465
62346.3317 lsst_hardware_i 569.5059760209463 97.75049680240953 31.31999969482422 AB 4.326406151685814 1.1692989599150847
62346.3515 lsst_hardware_z 715.8087751530325 87.04834660635838 30.979999542236328 AB 4.9479228533159185 1.1733508732642535
62350.3077 lsst_hardware_g 140.49612502105947 49.82959959437174 32.369998931884766 AB 1.6288174194004137 1.1767494902350972
62350.3322 lsst_hardware_r 496.94218149191687 60.821457745577234 32.33000183105469 AB 1.6305174507308957 1.1693885613656916
62355.2694 lsst_hardware_z 569.0715965745868 49.624026794340665 30.940000534057617 AB 5.027737036636865 1.213842838396153
62355.2904 lsst_hardware_u 0.005991508196596345 3.031323115849547 28.3799991607666 AB 4.9700327103585815 1.180296705408727
62357.2916 lsst_hardware_g 28.430382466545577 16.218152339626723 31.40999984741211 AB 3.8153529725586517 1.174316088814605
62357.313 lsst_hardware_r 122.78336272848574 28.078312279478926 31.489999771118164 AB 5.184688275537966 1.169368655322913
62363.2834 lsst_hardware_i 836.3786118449952 63.50530471595316 32.439998626708984 AB 5.498444765816574 1.1698818650673561
62363.3054 lsst_hardware_u 3.1357310410024613 5.104120656127081 29.649999618530273 AB 5.555299483486319 1.1735721745270724
62368.2263 lsst_hardware_r 419.8321853103853 83.13411443855057 32.349998474121094 AB 2.204768073385184 1.2319434196601886
62368.2468 lsst_hardware_i 637.4490997452269 74.01430271823072 32.040000915527344 AB 2.1250140093148624 1.190539619579735
62370.2649 lsst_hardware_z 880.1295523152238 97.56831297048046 31.719999313354492 AB 2.0802780413210202 1.169681215249379
62373.2258 lsst_hardware_i 82.3940235401204 130.3691999668921 31.31999969482422 AB 4.0849867186707325 1.2027342695499863
62373.251 lsst_hardware_z 462.4692567890122 108.47567243217043 30.989999771118164 AB 3.8130290733765655 1.1722778458833467
62377.219 lsst_hardware_i 239.94261376871427 60.25588139040744 31.290000915527344 AB 6.357032799776922 1.1955489773429495
62377.2378 lsst_hardware_z 245.55046858753295 60.110274549222666 30.959999084472656 AB 6.2516696780920205 1.1737469473066455
62379.2072 lsst_hardware_g -14.483354674306915 23.219999313354492 31.530000686645508 AB 4.707231425369565 1.206982416761427
62379.2243 lsst_hardware_r 30.264454652053853 34.040000915527344 31.549999237060547 AB 4.955750744987995 1.1809247575331814
62381.2062 lsst_hardware_i -39.90754568624115 33.13999938964844 31.229999542236328 AB 3.0212623680370783 1.1987154378060816
62381.2232 lsst_hardware_r -7.761240913753847 25.049999237060547 31.489999771118164 AB 2.572143301609596 1.176643779327354
62384.2 lsst_hardware_z -10.693111431139702 44.0099983215332 30.940000534057617 AB 2.6298127443226713 1.1953694292375778
62384.219 lsst_hardware_u -0.6913965605329392 2.7699999809265137 28.3799991607666 AB 2.0759821273319363 1.1735342720923974
62386.2031 lsst_hardware_g 4.618052219193773 15.869999885559082 31.440000534057617 AB 2.668953427139397 1.183308990086188
62386.2213 lsst_hardware_r -2.8970641699838517 25.200000762939453 31.5 AB 2.198960468093522 1.1696598234540012
62388.1916 lsst_hardware_i 49.09996022469016 33.08000183105469 31.239999771118164 AB 3.9025246513629197 1.1914286830599665
62388.2103 lsst_hardware_z 57.83161633905734 43.709999084472656 30.940000534057617 AB 3.705702549030051 1.1721342872149456
62391.2021 lsst_hardware_i 0.46187058720187274 33.150001525878906 31.239999771118164 AB 3.1504194600241284 1.1721400651191993
62391.2222 lsst_hardware_u 5.064810523931332 2.7300000190734863 28.34000015258789 AB 3.519053060377755 1.170027616217806
62394.1651 lsst_hardware_z 32.39944889390935 45.59000015258789 30.940000534057617 AB 1.6470469262175378 1.2092855552257988
62394.1826 lsst_hardware_g 3.4885415145152923 26.829999923706055 31.59000015258789 AB 1.1856942263308068 1.181755042855234
62397.1537 lsst_hardware_r -23.537581427074432 62.060001373291016 31.600000381469727 AB 2.749833674885345 1.2161127772766325
62397.171 lsst_hardware_i 8.639174646473473 53.7400016784668 31.290000915527344 AB 1.436696928432124 1.1858827308559647
62402.1529 lsst_hardware_r -260.08933772712436 168.75 31.6299991607666 AB 1.6252975767244033 1.192149811778291
62402.1719 lsst_hardware_i 111.51466565216293 135.10000610351562 31.31999969482422 AB 2.2585142523830024 1.1722392313406589
62405.1417 lsst_hardware_z -53.066949209236604 61.630001068115234 30.959999084472656 AB 3.468810473012156 1.1969670369260388
62405.1606 lsst_hardware_i -14.753271974628117 64.62999725341797 31.309999465942383 AB 3.3995756193877718 1.1742920965071701
62410.1368 lsst_hardware_r -21.3092294960988 25.290000915527344 31.489999771118164 AB 7.033449966643353 1.184248626346779
62410.1558 lsst_hardware_i -36.42173800456429 32.93000030517578 31.239999771118164 AB 7.0890848073024175 1.1696551311372816
62412.1382 lsst_hardware_z -14.967719204648445 44.11000061035156 30.93000030517578 AB 3.7192200941655345 1.1769683842294838
62412.1563 lsst_hardware_u 0.24536221296094965 2.680000066757202 28.299999237060547 AB 3.7080110836040405 1.1686136412242052
62415.106 lsst_hardware_r -3.7121739160401614 25.18000030517578 31.489999771118164 AB 4.153599518510522 1.2129658868424336
62415.1245 lsst_hardware_g 10.807707697146023 15.649999618530273 31.420000076293945 AB 4.074555704754929 1.1826303322626022
62419.1027 lsst_hardware_z -4.016291111296067 44.34000015258789 30.93000030517578 AB 3.8123433441449164 1.1982848795048462
62419.1212 lsst_hardware_i 33.75358809726664 32.90999984741211 31.229999542236328 AB 3.714185002353811 1.1751890531098141
62421.1078 lsst_hardware_u 3.5900173065678587 2.9600000381469727 28.450000762939453 AB 6.830754673582962 1.183002440257408
62421.1253 lsst_hardware_g -9.797011668271212 16.239999771118164 31.440000534057617 AB 7.080257573529772 1.169807116650933
62424.1001 lsst_hardware_r -55.358481835217454 39.77000045776367 31.56999969482422 AB 7.331062391866987 1.1824294180430623
62424.1187 lsst_hardware_i 90.35569267134404 40.33000183105469 31.270000457763672 AB 7.2498549318809635 1.1693314406259618
62426.1136 lsst_hardware_z 5.054563883201517 83.36000061035156 31.709999084472656 AB 8.065319651274667 1.1692399373638727
62430.102 lsst_hardware_i -115.22160490465558 121.13999938964844 31.31999969482422 AB 3.17886270169914 1.1694160766522668
62430.1192 lsst_hardware_z 120.14177406934537 101.48999786376953 30.989999771118164 AB 3.195525869185183 1.1715951857690863
62431.0301 lsst_hardware_z 0.9171209366636695 95.37000274658203 30.969999313354492 AB 5.471617848716954 1.3142396754324148
62431.0414 lsst_hardware_i 48.521216974701 109.6500015258789 31.299999237060547 AB 5.266825112936914 1.2707475742972116
62436.0724 lsst_hardware_r -5.539524579880578 24.709999084472656 31.489999771118164 AB 3.4261721252018846 1.1772101790242697
62436.0899 lsst_hardware_i -8.882763552483697 32.47999954223633 31.229999542236328 AB 4.933503277019025 1.1686612050264182
62439.0749 lsst_hardware_z -84.08531872510045 43.90999984741211 30.940000534057617 AB 6.021791095269474 1.1702645129109912
62439.092 lsst_hardware_u -2.434419342038378 2.759999990463257 28.389999389648438 AB 7.02217791009828 1.1703629850163801
62441.0481 lsst_hardware_r -2.7112522492381226 24.780000686645508 31.479999542236328 AB 5.041163910088739 1.1896552000209413
62441.0669 lsst_hardware_g -15.56331702278826 15.279999732971191 31.40999984741211 AB 4.744254044925586 1.171420751833478
62450.0496 lsst_hardware_r 28.712591095277585 25.459999084472656 31.489999771118164 AB 10.02639111755625 1.1689176470482365
62450.0675 lsst_hardware_i -17.294347146834863 32.95000076293945 31.229999542236328 AB 9.975743727302271 1.1733408288992642
62452.0511 lsst_hardware_z -1.4902738290459256 45.22999954223633 30.940000534057617 AB 5.364528246548528 1.16884864200785
62452.0689 lsst_hardware_i 24.86445910329682 36.189998626708984 31.25 AB 5.264543332141552 1.1790690553509884
62455.0204 lsst_hardware_y -1.742600504200786 62.869998931884766 30.020000457763672 AB 6.57394284093699 1.1773171669887077
62455.0389 lsst_hardware_z -68.43944054398739 64.91000366210938 30.969999313354492 AB 6.513055211972808 1.1686103849233507
62457.0237 lsst_hardware_y 124.10495508594644 64.54000091552734 30.020000457763672 AB 4.099101951764391 1.1711719862183974
62457.0435 lsst_hardware_r -39.522692553968504 106.30999755859375 31.6299991607666 AB 4.437289950478167 1.1706344678744671
62459.0298 lsst_hardware_z -150.37830973192612 108.58999633789062 31.729999542236328 AB 6.577015397642795 1.1686239157147824
62462.0242 lsst_hardware_y -117.91116266367764 60.0099983215332 30.020000457763672 AB 5.558177593628151 1.1689122173771085
62462.0452 lsst_hardware_g 13.75080685414637 68.45999908447266 31.670000076293945 AB 5.267293451784429 1.1829968448703343
62677.4362 lsst_hardware_g 2.5413875995945685 23.209999084472656 31.549999237060547 AB 4.833461920805596 1.169315223870878
62679.3956 lsst_hardware_i 32.653624362379865 47.599998474121094 31.989999771118164 AB 8.536050052821441 1.189596671976222
62679.4204 lsst_hardware_y -29.42921160419272 49.02000045776367 30.0 AB 8.339047360154582 1.1691892358958784
62681.4169 lsst_hardware_u 1.9539996569503486 2.7899999618530273 28.350000381469727 AB 2.34934863783841 1.1688301680788713
62681.4368 lsst_hardware_z -15.787091019623306 47.400001525878906 30.940000534057617 AB 2.3885853015192393 1.1753884859440198
62683.4124 lsst_hardware_r 2.096022989372418 25.56999969482422 31.489999771118164 AB 11.336591997230762 1.1687208244567797
62683.435 lsst_hardware_y 145.93292365043865 51.83000183105469 30.0 AB 10.964570479220479 1.178648109418882
62687.4152 lsst_hardware_z 86.97187206983328 43.810001373291016 30.940000534057617 AB 4.711178774371641 1.1718621415013626
62687.4349 lsst_hardware_y 68.18948385210584 51.369998931884766 30.0 AB 6.281160813300694 1.1921538910178902
62689.3791 lsst_hardware_i 88.35213169532484 46.83000183105469 31.989999771118164 AB 1.7151598161053314 1.177051229169849
62689.3996 lsst_hardware_u 2.840883175562658 4.010000228881836 29.15999984741211 AB 1.7418376108939675 1.1686917154446526
62703.3023 lsst_hardware_z 41.12714347778187 58.2400016784668 30.950000762939453 AB 6.146982108549228 1.2505303852200647
62705.1978 lsst_hardware_i -27.898664551129475 38.310001373291016 31.059999465942383 AB 11.235697391302972 2.1338667198800727
62708.332 lsst_hardware_i 0.8726619121688199 32.369998931884766 31.229999542236328 AB 9.788762430315515 1.173337353801604
62708.3611 lsst_hardware_u 2.3096985399075485 2.640000104904175 28.280000686645508 AB 8.34766543452215 1.1739087940545845
62712.3064 lsst_hardware_i 8.464324544029685 32.619998931884766 31.229999542236328 AB 5.325035587692501 1.188358756458938
62712.3287 lsst_hardware_r 38.01114341317014 24.68000030517578 31.489999771118164 AB 5.2145526887361235 1.1696411571213197
62717.3095 lsst_hardware_u 0.17849132413184637 2.619999885559082 28.280000686645508 AB 2.1644125115258657 1.1720645369273641
62717.3329 lsst_hardware_g 15.511543953081247 15.239999771118164 31.40999984741211 AB 2.146882237331713 1.1716657653256575
62721.27 lsst_hardware_g 15.597965928360356 25.469999313354492 31.559999465942383 AB 3.855676482788141 1.2084234693234874
62721.29 lsst_hardware_r -54.9432535134254 24.799999237060547 31.5 AB 3.7635871473591633 1.1786993884619992
62724.2659 lsst_hardware_i -24.518800190893284 59.540000915527344 31.290000915527344 AB 7.920380608617536 1.200648896595847
62724.2898 lsst_hardware_z -30.815090372143548 57.15999984741211 30.959999084472656 AB 7.756085961843697 1.172411149851666
62730.2668 lsst_hardware_i 75.33785953017568 86.0 31.309999465942383 AB 4.159476719676118 1.1774047752249999
62730.285 lsst_hardware_z 22.865509554891954 76.13999938964844 30.979999542236328 AB 3.980534124530181 1.1686829490693427
62732.2907 lsst_hardware_z -9.311681880033257 52.5099983215332 30.959999084472656 AB 2.860862841090124 1.1710449615596086
62732.311 lsst_hardware_r -40.91161269673538 54.540000915527344 31.600000381469727 AB 3.1997940424236195 1.190621039041301
62734.2434 lsst_hardware_r 22.722687917020053 28.43000030517578 31.510000228881836 AB 1.6582996970515265 1.1926638516402948
62734.263 lsst_hardware_i -9.980393394950545 35.599998474121094 31.25 AB 1.1958577044958194 1.1721222293514524
62737.2482 lsst_hardware_z -30.823193964054703 43.849998474121094 30.940000534057617 AB 3.0271075246953347 1.1769469380619497
62737.268 lsst_hardware_u 3.691369054552032 2.799999952316284 28.40999984741211 AB 3.2971516374877403 1.1686846743421322
62739.2234 lsst_hardware_g -13.01844013475785 15.59000015258789 31.43000030517578 AB 2.955169448268476 1.203489899518927
62739.24 lsst_hardware_r -5.01209108025144 24.989999771118164 31.5 AB 2.9465548065804823 1.1795655750922667
62741.2206 lsst_hardware_i -9.646759160229132 32.90999984741211 31.239999771118164 AB 4.736245074131514 1.1986953408187069
62741.236 lsst_hardware_z 27.066994299457722 43.689998626708984 30.940000534057617 AB 4.683047628158139 1.1781251894737457
62746.1478 lsst_hardware_i -56.87431889949725 34.779998779296875 31.190000534057617 AB 4.309869228982393 1.414850105263041
62746.1687 lsst_hardware_r 15.896146080213402 25.450000762939453 31.459999084472656 AB 3.2978729508096762 1.3084633959238259
62750.2102 lsst_hardware_z 62.07181923617256 46.939998626708984 30.950000762939453 AB 0.4822486607772705 1.1793323679085481
62750.2308 lsst_hardware_r 59.91357081543915 37.29999923706055 31.579999923706055 AB 0.4720468968696024 1.168673976157464
62752.2048 lsst_hardware_i -81.5231025422501 54.72999954223633 31.299999237060547 AB 2.9900442129556932 1.1792720224632984
62752.2233 lsst_hardware_z 61.415881869541074 54.79999923706055 30.959999084472656 AB 2.8101731974742834 1.168835685754045
62754.1989 lsst_hardware_i 140.93445712840258 94.0 31.31999969482422 AB 4.386199781878666 1.1797202210539717
62754.2172 lsst_hardware_z 65.36756277374154 80.97000122070312 30.979999542236328 AB 4.316846497737614 1.1689267527044716
