data/validation/pwv_sim_epoch_fit_seasonal/21790835.ecsv
# %ECSV 0.9
# ---
# datatype:
# - {name: time, datatype: float64}
# - {name: band, datatype: string}
# - {name: flux, datatype: float64}
# - {name: fluxerr, datatype: float64}
# - {name: zp, datatype: float64}
# - {name: zpsys, datatype: string}
# - {name: pwv, datatype: float64}
# - {name: airmass, datatype: float64}
# meta: {SNID: '21790835', alt: 1024.0, c: -0.047851692885160446, dec: -1.492246, lat: -30.244573, lon: -70.7499537, ra: 328.183594, t0: 60927.37890625,
#   x0: 4.347119781328725e-06, x1: -0.41004514694213867, z: 0.6495456695556641}
# schema: astropy-2.0
time band flux fluxerr zp zpsys pwv airmass
60822.407 lsst_hardware_i -25.049165489306628 33.08000183105469 31.25 AB 5.681544493634513 1.151742244807321
60822.4259 lsst_hardware_y -92.4345540249702 50.040000915527344 30.010000228881836 AB 4.836722258061097 1.1420157624842158
60825.4105 lsst_hardware_i 5.329298834565569 32.939998626708984 31.25 AB 14.761861026232802 1.143820469653666
60825.4297 lsst_hardware_y -48.07750923374722 52.290000915527344 30.010000228881836 AB 14.633412741101052 1.144173950592351
60827.4054 lsst_hardware_g 1.3071025570111776 15.899999618530273 31.450000762939453 AB 7.1292957322588535 1.1436761240990811
60827.4259 lsst_hardware_y -45.346403083650145 49.54999923706055 30.010000228881836 AB 7.13925349287217 1.144982718074231
60831.4032 lsst_hardware_i 16.395188725751087 32.63999938964844 31.239999771118164 AB 5.2528946124047815 1.141933611392344
60831.4262 lsst_hardware_y 48.486107534086656 50.099998474121094 30.010000228881836 AB 5.07648506616191 1.1537466059458885
60843.3224 lsst_hardware_z 77.51548666394373 88.1500015258789 31.719999313354492 AB 4.6012843135376915 1.1957858530037593
60843.3548 lsst_hardware_r -142.50041255667117 100.4800033569336 32.380001068115234 AB 3.8361132711295336 1.1475062133201959
60845.3468 lsst_hardware_r 21.91310112607153 35.63999938964844 31.579999923706055 AB 2.9539147465062694 1.1494577131486043
60845.3677 lsst_hardware_i -68.18683638974713 38.060001373291016 31.270000457763672 AB 2.949839279302382 1.1420943199209068
60850.3022 lsst_hardware_u 1.766248788042439 2.7899999618530273 28.399999618530273 AB 4.080399068150323 1.1983550860941108
60850.3231 lsst_hardware_g 32.015757738540316 15.1899995803833 31.40999984741211 AB 3.999550755258229 1.160130748443321
60853.2937 lsst_hardware_r -7.085247837815386 34.779998779296875 32.2400016784668 AB 8.18084992552427 1.1990985599889545
60853.3135 lsst_hardware_i 6.245024105631474 45.86000061035156 32.0 AB 7.867998526867028 1.1620142559248838
60859.327 lsst_hardware_z -64.12373755930822 42.869998931884766 30.940000534057617 AB 7.362535602276759 1.141950512192652
60859.3493 lsst_hardware_u 3.4315726364086685 2.690000057220459 28.350000381469727 AB 7.55205419335641 1.1532935048839357
60862.2965 lsst_hardware_r 27.696573845126302 41.720001220703125 31.59000015258789 AB 5.90150445618869 1.1530316917283623
60862.3192 lsst_hardware_g -12.825924008140884 29.649999618530273 31.610000610351562 AB 5.853105873323544 1.1419580281579444
60869.2884 lsst_hardware_z 81.05677652960377 129.0500030517578 31.739999771118164 AB 7.146848651925359 1.1447473747711217
60871.2824 lsst_hardware_r 42.37350286142186 82.66999816894531 31.6299991607666 AB 6.145063693684523 1.1450251443954949
60871.3037 lsst_hardware_i -31.347601659882613 70.56999969482422 31.309999465942383 AB 5.380224465409708 1.1440186689982546
60876.2491 lsst_hardware_i -14.671252706100008 32.220001220703125 31.239999771118164 AB 3.394676003421792 1.1642880999503118
60876.271 lsst_hardware_z -91.72980698547852 42.97999954223633 30.940000534057617 AB 3.229397134266485 1.1439593107568138
60878.2523 lsst_hardware_r -0.7632945742563111 24.229999542236328 31.479999542236328 AB 5.676129815371283 1.1535676893346778
60878.2729 lsst_hardware_g 9.94529477776796 14.850000381469727 31.399999618530273 AB 5.615692215795875 1.1420585464113904
60882.2477 lsst_hardware_z 50.974486703002356 43.2400016784668 30.940000534057617 AB 11.551449062942385 1.1479796002891007
60882.2671 lsst_hardware_i 22.221598995255338 32.119998931884766 31.239999771118164 AB 12.100127335721407 1.1421679569304708
60885.2438 lsst_hardware_u 3.813166901094665 2.7699999809265137 28.40999984741211 AB 4.71607102802836 1.1452333725178148
60885.2622 lsst_hardware_g 11.291124677176581 15.109999656677246 31.43000030517578 AB 4.796381237774005 1.1428572108591128
60887.2483 lsst_hardware_r 17.56221587138831 34.470001220703125 32.2400016784668 AB 3.6546076913513064 1.1420649035472832
60887.2686 lsst_hardware_i -61.65541560858426 45.52000045776367 31.989999771118164 AB 4.135037020964141 1.1493929779613559
60889.2493 lsst_hardware_z -83.07913807228287 61.400001525878906 31.700000762939453 AB 2.0379228575481028 1.142386802941899
60892.2199 lsst_hardware_r -82.42950006550078 56.97999954223633 31.610000610351562 AB 1.205918121747603 1.1483567401476995
60892.2415 lsst_hardware_z 10.690730460077548 51.68000030517578 30.959999084472656 AB 1.1646030090060575 1.142467697369523
60893.2141 lsst_hardware_r 44.693600269341644 70.80999755859375 31.6200008392334 AB 2.6223508479091935 1.15091105899021
60893.2222 lsst_hardware_i 9.7389509973891 59.04999923706055 31.299999237060547 AB 2.620577505549065 1.1451070594490125
60895.2167 lsst_hardware_z 44.42598257081552 84.93454252284148 30.989999771118164 AB 3.549899651791277 1.14512891993267
60895.2372 lsst_hardware_i -20.591543943577822 99.36108569575242 31.31999969482422 AB 3.5452604924373587 1.143632416915277
60900.2062 lsst_hardware_r 41.47353890701209 69.37588626651097 31.6200008392334 AB 3.4567536702892396 1.1436736708980115
60900.2248 lsst_hardware_i 60.85432317645096 59.666660139697846 31.309999465942383 AB 4.028752098102088 1.1441526287978667
60903.1969 lsst_hardware_z 243.61001421296183 44.16653874122782 30.940000534057617 AB 5.587961617395831 1.1441362852980816
60903.2149 lsst_hardware_u 1.4545198806312158 3.0798282789474762 28.3799991607666 AB 5.068113011287493 1.1434628036070826
60905.2088 lsst_hardware_g 62.61479787711371 17.094721260867775 31.450000762939453 AB 2.800935851603073 1.1432391231032952
60905.2281 lsst_hardware_r 148.10434816071384 27.929896765878834 31.5 AB 2.919269268647053 1.1582486765999218
60907.1488 lsst_hardware_r 280.1912617284526 29.94592092360949 31.479999542236328 AB 2.181207546701932 1.1932207585896781
60907.1675 lsst_hardware_i 267.36606456186144 36.53993275316301 31.239999771118164 AB 2.5511238508325307 1.1601290817792316
60911.1779 lsst_hardware_u 22.9295336359068 4.819379489977143 28.360000610351562 AB 3.41110331086484 1.1430672921077374
60911.1992 lsst_hardware_g 172.97411814102583 20.26354917788069 31.420000076293945 AB 3.4100757586585377 1.1465651191902781
60931.0974 lsst_hardware_r 1232.5607122165025 43.3882285595258 31.479999542236328 AB 3.025824224566732 1.1665828335678967
60931.1172 lsst_hardware_i 1285.159319959386 47.79085625285701 31.239999771118164 AB 2.9006313170474227 1.1458152546108722
60933.0931 lsst_hardware_z 903.2889151981127 52.65435502023073 30.940000534057617 AB 1.2194023009794752 1.1648485600825185
60933.1118 lsst_hardware_r 1184.8173875444847 42.54953373948391 31.5 AB 1.1826361041861984 1.145780175216727
60935.0917 lsst_hardware_u 1.2253002266987418 2.693179107002093 28.329999923706055 AB 1.2230609585484207 1.159299486775754
60935.1097 lsst_hardware_r 1098.8043601762665 41.09768200029027 31.489999771118164 AB 1.4434336616975563 1.1440689524674021
60939.1016 lsst_hardware_r 960.7508839551449 38.43395481217616 31.489999771118164 AB 4.213192494456271 1.143025636043481
60939.1213 lsst_hardware_u 0.35957180517107856 2.715677663103913 28.3700008392334 AB 4.261950176102213 1.1456855312106549
60942.0654 lsst_hardware_u 3.2344316563050084 2.7211221001021446 28.34000015258789 AB 3.546059522361527 1.1696732893989945
60942.0857 lsst_hardware_g 83.95073758134593 17.77069378484281 31.40999984741211 AB 4.226835388733155 1.1467269095857395
60944.0698 lsst_hardware_r 642.8644479025699 35.40664234516586 31.5 AB 3.4248869622742104 1.1560799872655563
60944.0883 lsst_hardware_i 781.6077865371651 42.604380849671536 31.239999771118164 AB 4.318525927762894 1.1429207166237647
60949.0653 lsst_hardware_z 599.5238103871545 55.196204672027385 30.950000762939453 AB 6.600086612258217 1.1476083018966963
60949.0842 lsst_hardware_r 544.8612504966336 53.19342859535198 31.600000381469727 AB 7.252524632770087 1.1421898208992363
60951.0643 lsst_hardware_i 583.5595933187826 81.61333896823163 31.309999465942383 AB 3.3287329404515247 1.1448780534659453
60951.0822 lsst_hardware_z 670.8400614902874 73.67776884316294 30.969999313354492 AB 3.4093673897760253 1.1429324136024221
60954.0335 lsst_hardware_z 502.8703665410099 87.33976660269647 30.979999542236328 AB 3.9856164493991333 1.1682885679024282
60954.0528 lsst_hardware_r 499.3424943462782 124.67387604209068 31.6299991607666 AB 4.328560210211875 1.1468156784170291
60956.035 lsst_hardware_y 253.83038873740398 56.36208257947566 30.010000228881836 AB 5.326773317376187 1.1584978941661999
60956.0544 lsst_hardware_g -67.70948770482501 92.5363341968017 31.690000534057617 AB 5.384845210813123 1.1432792379645695
60958.036 lsst_hardware_r 256.42303323309386 28.33423277182069 31.489999771118164 AB 2.7635882024879836 1.1514950843699931
60958.0546 lsst_hardware_i 410.12284203013064 37.27731930946736 31.239999771118164 AB 2.7712222170406413 1.142065615924435
60960.0318 lsst_hardware_z 380.30121073758227 47.3298691558316 30.940000534057617 AB 7.023505465928258 1.1503571314272332
60960.0494 lsst_hardware_r 198.64823336925446 27.783088396851195 31.489999771118164 AB 6.07948422388138 1.142044625650854
60962.036 lsst_hardware_u -1.0123579942349428 2.8262097176287675 28.350000381469727 AB 8.30873643203147 1.1440600939113899
60962.0522 lsst_hardware_r 222.46094403440878 27.46869445958667 31.489999771118164 AB 8.229191429822295 1.1429432541419855
60964.0349 lsst_hardware_i 246.15043987505973 35.854271478843756 31.239999771118164 AB 8.924205036763649 1.1426029388227663
60964.0518 lsst_hardware_z 284.9511395545433 46.66021706740606 30.940000534057617 AB 9.432943581261965 1.1450063015896141
60966.0344 lsst_hardware_r 178.0209281281186 26.797887181340283 31.479999542236328 AB 6.040323116031046 1.1419819352213976
60966.0531 lsst_hardware_u -3.691824555643426 2.7922598552000237 28.31999969482422 AB 6.880596000744759 1.1495760749740631
60969.0046 lsst_hardware_y 153.49545709458374 53.808627034592014 30.020000457763672 AB 3.834820080639815 1.1528092832225507
60969.0225 lsst_hardware_g 40.802408276822504 16.075351925168547 31.43000030517578 AB 3.771249870885102 1.1423414390807054
60970.9985 lsst_hardware_z 178.4393129233472 64.84973973949177 30.969999313354492 AB 4.397546749397916 1.1534548850880093
60971.005 lsst_hardware_i 159.51916889035027 37.67735765922642 31.260000228881836 AB 4.477457175316562 1.1477716419678448
60973.0039 lsst_hardware_y 123.19017613273671 56.59179296529707 30.020000457763672 AB 4.1538500756893395 1.1450473423750493
60973.0219 lsst_hardware_r 116.78761897888236 26.71302246468567 31.5 AB 4.120413969890806 1.1428663008203048
60975.0045 lsst_hardware_y 35.14716060498565 57.82065145563915 30.020000457763672 AB 4.887289468794996 1.1426910144481828
60975.0219 lsst_hardware_r 103.72833117269427 28.154258604798603 31.510000228881836 AB 4.917724042584435 1.1450770046377916
60977.0056 lsst_hardware_y 228.09658771614377 59.700845497654704 30.030000686645508 AB 3.547426651518334 1.1419980635855331
60977.023 lsst_hardware_z 163.54307920318257 48.765673681655656 30.950000762939453 AB 3.6520334438528956 1.1495226452166734
61186.4061 lsst_hardware_g 1.6350464234891626 16.170000076293945 31.450000762939453 AB 6.4643143929581 1.1563379153821658
61186.4273 lsst_hardware_y -43.28167987265239 51.369998931884766 30.020000457763672 AB 5.732288744161188 1.142345305731604
61188.4077 lsst_hardware_i -33.8699536459809 33.099998474121094 31.25 AB 10.767851936804902 1.1493882159905606
61188.4281 lsst_hardware_y 1.8336948056374998 51.41999816894531 30.020000457763672 AB 10.022983261208516 1.1421010068701483
61195.3602 lsst_hardware_z 59.5961842497946 64.83999633789062 30.959999084472656 AB 14.361455258332555 1.1921682860858278
61195.3729 lsst_hardware_y -33.704335576525814 55.65999984741211 30.010000228881836 AB 14.013338095790127 1.1680701921972265
61197.4005 lsst_hardware_r -5.402508860339303 79.48999786376953 31.6299991607666 AB 5.040246338786905 1.1420066475103443
61197.425 lsst_hardware_i 73.15729549923822 69.16000366210938 31.309999465942383 AB 4.387827916024736 1.1546915568486147
61218.2841 lsst_hardware_i -80.19349879199719 54.63999938964844 31.280000686645508 AB 8.800916517982323 1.2270076007968662
61218.3076 lsst_hardware_z 29.228662415732018 53.91999816894531 30.950000762939453 AB 7.989582689945158 1.1721805589708272
61219.3558 lsst_hardware_r 116.67397569809789 76.62000274658203 31.6200008392334 AB 5.835102721704115 1.1467798794682442
61219.3777 lsst_hardware_z -31.031112298750614 59.040000915527344 30.959999084472656 AB 6.085772259930282 1.1724263853836812
61224.3354 lsst_hardware_z -6.900671679460867 82.13999938964844 30.979999542236328 AB 7.490881931705078 1.143384252721526
61224.3551 lsst_hardware_i -33.538617079003515 93.08000183105469 31.309999465942383 AB 7.598384696610745 1.1591738667598117
61232.2988 lsst_hardware_g -27.427399045888826 14.890000343322754 31.40999984741211 AB 9.748232234384053 1.1430853933377172
61232.3172 lsst_hardware_r 40.51167059288804 24.209999084472656 31.489999771118164 AB 9.744233146390203 1.1449660003983761
61236.2954 lsst_hardware_r 21.282092850889608 24.18000030517578 31.489999771118164 AB 5.389404228510316 1.1420245583987958
61236.3143 lsst_hardware_g -31.642876061128405 14.979999542236328 31.40999984741211 AB 5.4340465916575225 1.1505700767514826
61239.2909 lsst_hardware_r -7.630272166754771 24.139999389648438 31.479999542236328 AB 2.144816009207926 1.1424294070085903
61239.3121 lsst_hardware_i -35.23982065566384 32.27000045776367 31.229999542236328 AB 2.082057872565674 1.1566988180920412
61243.2579 lsst_hardware_i 40.04012446032876 32.189998626708984 31.239999771118164 AB 5.6493147341327346 1.1491300269449911
61243.2786 lsst_hardware_z -58.36100832948468 43.06999969482422 30.940000534057617 AB 5.59844248571636 1.1422090522909416
61245.2482 lsst_hardware_r 20.502727858865672 45.22999954223633 31.59000015258789 AB 7.199048255844698 1.1529545573101694
61245.2684 lsst_hardware_z 56.51688706922309 47.459999084472656 30.950000762939453 AB 6.7633935646312695 1.142095362925506
61247.2482 lsst_hardware_y 3.1690999823913724 51.61000061035156 30.010000228881836 AB 11.59437767102782 1.1481855487252741
61247.2688 lsst_hardware_r -42.625671402015136 64.41000366210938 31.610000610351562 AB 12.141272449089556 1.1423854393196797
61250.2507 lsst_hardware_i -195.8168982349871 104.66000366210938 31.31999969482422 AB 4.784505192154012 1.142795826151436
61250.271 lsst_hardware_z 267.3376452993132 88.72000122070312 30.979999542236328 AB 4.802909870841531 1.1466897148959128
61252.2491 lsst_hardware_r -66.42617999334256 150.14999389648438 31.6299991607666 AB 3.654767724519755 1.1421149139124234
61252.2696 lsst_hardware_z 230.97944131424686 101.94000244140625 30.989999771118164 AB 4.1244689555672895 1.1497044639087428
61257.2414 lsst_hardware_z 97.98012033087967 46.75 30.950000762939453 AB 1.1143838503255488 1.1423719634295733
61257.2613 lsst_hardware_i 19.90462625979356 40.150001525878906 31.270000457763672 AB 0.34953298310283776 1.154844657828759
61259.2059 lsst_hardware_r -46.52644462890174 24.510000228881836 31.489999771118164 AB 3.2661753110835585 1.1574315250569265
61259.224 lsst_hardware_u 0.10999967167638988 2.7200000286102295 28.3700008392334 AB 3.6188621515398784 1.1434605776628937
61262.2178 lsst_hardware_g 3.02171229226073 15.350000381469727 31.43000030517578 AB 5.097911734627983 1.1428373557424163
61262.2375 lsst_hardware_r 10.862546938633745 24.65999984741211 31.5 AB 5.387276042786777 1.1462289452737822
61265.2021 lsst_hardware_i 38.21115723244532 32.540000915527344 31.25 AB 3.4080166053258596 1.14612968062077
61265.2213 lsst_hardware_z 9.394180610185792 43.310001373291016 30.940000534057617 AB 4.011054097264122 1.1427504550610035
61267.2 lsst_hardware_r 50.08878784950602 24.760000228881836 31.5 AB 4.0051983164521925 1.144342376129198
61267.2226 lsst_hardware_g 13.365254594654909 15.470000267028809 31.43000030517578 AB 4.968403138920089 1.1454971884998668
61269.2006 lsst_hardware_r 13.36713322733068 24.799999237060547 31.5 AB 5.054863450744888 1.1424065655110203
