data/validation/pwv_sim_epoch_fit_seasonal/21843647.ecsv
# %ECSV 0.9
# ---
# datatype:
# - {name: time, datatype: float64}
# - {name: band, datatype: string}
# - {name: flux, datatype: float64}
# - {name: fluxerr, datatype: float64}
# - {name: zp, datatype: float64}
# - {name: zpsys, datatype: string}
# - {name: pwv, datatype: float64}
# - {name: airmass, datatype: float64}
# meta: {SNID: '21843647', alt: 1024.0, c: -0.14192329347133636, dec: 1.342993, lat: -30.244573, lon: -70.7499537, ra: 35.15625, t0: 60247.25,
#   x0: 3.3608030787035617e-06, x1: 0.5673817992210388, z: 0.7205661535263062}
# schema: astropy-2.0
time band flux fluxerr zp zpsys pwv airmass
60161.4232 lsst_hardware_r 53.368520712883495 83.43000030517578 31.6200008392334 AB 1.2928430168868692 1.1753118335335173
60163.406 lsst_hardware_z -21.654223159498645 148.66000366210938 31.729999542236328 AB 3.6718197754675437 1.1788174141369394
60166.3999 lsst_hardware_g 50.996870635725436 88.2699966430664 31.68000030517578 AB 6.124113739668496 1.1777141807054798
60166.421 lsst_hardware_y 69.20338067452549 111.26000213623047 30.030000686645508 AB 5.863887641558917 1.1781972355954737
60175.3348 lsst_hardware_z -211.88574537885847 148.32000732421875 31.729999542236328 AB 2.8978418190765063 1.2386586104195367
60175.3597 lsst_hardware_i 35.54049622621133 87.31999969482422 31.309999465942383 AB 2.8450048499609033 1.1911261670340814
60177.3855 lsst_hardware_u -1.929529524394697 26.860000610351562 29.3700008392334 AB 1.2936534611152695 1.1760486010138813
60177.4048 lsst_hardware_g -120.31678676745548 87.7300033569336 31.670000076293945 AB 1.309116113719075 1.1901055579264317
60180.3575 lsst_hardware_r 16.670821092410986 117.77999877929688 32.369998931884766 AB 3.7780180901440636 1.1801389286164297
60180.3781 lsst_hardware_i -19.006440450337646 123.70999908447266 32.060001373291016 AB 4.498165208247922 1.1762727995592641
60182.3093 lsst_hardware_z -83.23190776325512 104.5199966430664 30.969999313354492 AB 3.430865605105665 1.2566506092811176
60182.3265 lsst_hardware_u -9.296634924735216 26.34000015258789 29.329999923706055 AB 3.318392228210644 1.2138238961936147
60184.3206 lsst_hardware_z 203.2462542079431 105.0 30.979999542236328 AB 3.7062676537508943 1.2147050812533657
60184.3397 lsst_hardware_r 135.80217683008317 83.27999877929688 31.6200008392334 AB 3.5638296185839393 1.1859665952026421
60187.3079 lsst_hardware_i 100.81969075316297 87.11000061035156 31.299999237060547 AB 7.286763381945712 1.224357453069934
60187.3248 lsst_hardware_z -120.17225698480883 105.08999633789062 30.979999542236328 AB 7.0876418179671345 1.1939091750976392
60192.3006 lsst_hardware_z 23.789079618410227 104.83999633789062 30.979999542236328 AB 2.0912597490294504 1.2110958442330682
60192.3191 lsst_hardware_i -86.75611357532088 87.23999786376953 31.309999465942383 AB 2.188820047117897 1.1847469808481943
60196.2699 lsst_hardware_i 46.605253126567135 86.62999725341797 31.290000915527344 AB 5.4191158465406355 1.2602594991954967
60196.2866 lsst_hardware_z 90.66249180140359 104.75 30.979999542236328 AB 5.2341551337696695 1.217245379946435
60199.2681 lsst_hardware_r 111.81446821991368 82.77999877929688 31.610000610351562 AB 4.478311709131123 1.2417908427205258
60199.2875 lsst_hardware_g 54.62811091712093 87.87999725341797 31.670000076293945 AB 4.442169371908738 1.2005863167320914
60201.27 lsst_hardware_r -67.14662121427652 82.94999694824219 31.610000610351562 AB 2.563106972897842 1.2236347738213758
60201.2867 lsst_hardware_i 71.00472976259908 87.37999725341797 31.309999465942383 AB 2.3835187430529774 1.1937489531150136
60206.2327 lsst_hardware_i -85.84968306433124 86.55999755859375 31.290000915527344 AB 7.72466947224314 1.294275812160258
60206.2511 lsst_hardware_z -91.68061757551484 104.81999969482422 30.979999542236328 AB 6.915286946874705 1.2362524150837462
60209.2741 lsst_hardware_g -36.73986751745574 88.16000366210938 31.68000030517578 AB 1.8308002366251714 1.1834519952328193
60209.2956 lsst_hardware_r -8.527689380488079 83.38999938964844 31.6200008392334 AB 2.2677190184368974 1.175542279201813
60211.2223 lsst_hardware_i -30.484807132413042 86.72000122070312 31.290000915527344 AB 4.897701256009694 1.2823445425054538
60211.2383 lsst_hardware_z 65.2394833838047 104.98999786376953 30.979999542236328 AB 4.795291266025464 1.2340974348525686
60215.2599 lsst_hardware_r 59.4082014188279 83.34903329617873 31.6200008392334 AB 3.9855724377123884 1.181639759173531
60215.2796 lsst_hardware_z -175.91361929325998 105.33989466871853 30.989999771118164 AB 3.9885236400552055 1.1756019866053218
60221.1712 lsst_hardware_i 113.70743983752996 86.42313774939241 31.270000457763672 AB 3.1116989909932076 1.3894614829172616
60221.1925 lsst_hardware_z 112.1939223141997 104.83568540384042 30.969999313354492 AB 2.8420416493271725 1.2914457661285543
60223.2215 lsst_hardware_r 156.36156511389322 83.7549484568772 31.610000610351562 AB 5.821747032367196 1.201351017822368
60223.241 lsst_hardware_u -36.299986815478874 26.849155819310244 29.360000610351562 AB 5.649304835902701 1.1795597513716662
60232.1645 lsst_hardware_r 1543.898897997631 123.10993194711908 32.349998474121094 AB 7.98438253169323 1.2840068397255262
60232.1847 lsst_hardware_i 1493.0342451869237 128.89922079225616 32.060001373291016 AB 8.170890429457634 1.2251435070158387
60236.1856 lsst_hardware_i 1052.3874594040597 92.40224486233564 31.299999237060547 AB 3.0966810750571905 1.202011091725256
60236.2042 lsst_hardware_z 475.43276930534694 107.63675267160154 30.979999542236328 AB 3.0402012400954974 1.1804314657719355
60240.1713 lsst_hardware_y 287.83092328808056 111.861895250893 30.030000686645508 AB 3.937560710503857 1.2078407087435146
60240.1889 lsst_hardware_r 1331.8946823462704 90.75230486737414 31.6200008392334 AB 3.780776578303554 1.183959262516924
60242.1676 lsst_hardware_i 1164.3431683099939 93.88073932487673 31.309999465942383 AB 5.5196575085263415 1.2047269934942908
60242.1844 lsst_hardware_z 772.943004082587 108.38121006655591 30.989999771118164 AB 5.435974250087869 1.1831052488583582
60244.1714 lsst_hardware_r 1271.0832363322884 90.66545239987454 31.6200008392334 AB 2.8108419286135558 1.1910347155142187
60244.1877 lsst_hardware_z 663.6425847829141 108.51197984879533 30.989999771118164 AB 2.8948918869515943 1.177383583915487
60246.1656 lsst_hardware_r 1215.1466426379272 90.44287488970129 31.6200008392334 AB 3.3978393503052247 1.1914578985349393
60246.183 lsst_hardware_i 1373.4128176212391 94.32488750084845 31.309999465942383 AB 2.399437439757632 1.1770603089318774
60248.1427 lsst_hardware_i 1294.5098549698225 93.94234634363029 31.309999465942383 AB 4.578298198687023 1.2213680668768256
60248.1595 lsst_hardware_z 759.0247655182519 108.42176666300229 30.979999542236328 AB 4.363714631042043 1.19227175711511
60260.1276 lsst_hardware_u 16.002167762585902 26.97596100950861 29.3799991607666 AB 5.060106271511341 1.1911737927286583
60260.1454 lsst_hardware_g 86.97170245717253 89.11583182741654 31.68000030517578 AB 5.0257777566171615 1.1768133991456764
60262.125 lsst_hardware_r 792.1471543851839 87.06023247124796 31.6200008392334 AB 5.939073681304815 1.187814736260963
60262.1426 lsst_hardware_i 784.7679108756007 92.11073241584923 31.309999465942383 AB 5.858340811692089 1.1759800893326375
60264.1219 lsst_hardware_z 631.7117639505947 107.61939692492129 30.979999542236328 AB 6.868713008942066 1.1853508413958715
60264.1408 lsst_hardware_r 490.0937318736646 86.88123804998142 31.6200008392334 AB 6.844160225267225 1.1753835091694311
60267.1032 lsst_hardware_r 469.6111768813437 86.15594236058607 31.6200008392334 AB 5.341601401489061 1.1984746245207676
60267.1229 lsst_hardware_z 675.3811177837729 107.48321593786866 30.989999771118164 AB 5.2419376849253005 1.1783607249466788
60269.1245 lsst_hardware_g 115.96946138089285 125.19074967809121 32.43000030517578 AB 3.8376506004756634 1.1757507967139105
60269.1484 lsst_hardware_i 1031.0647400475984 128.14576780347542 32.060001373291016 AB 3.474787221766865 1.1845192506449174
60271.1051 lsst_hardware_z 302.8316698703416 107.09464362024475 30.979999542236328 AB 8.099026195044155 1.1832032425192338
60271.1248 lsst_hardware_r 452.6979733148108 85.5273044865645 31.6200008392334 AB 8.035451158005456 1.1753749956856712
60275.1035 lsst_hardware_r 273.8304961996238 84.99809211190029 31.6200008392334 AB 4.486452846341822 1.1771862106114024
60275.1231 lsst_hardware_i 534.8519235747501 89.77501919536076 31.309999465942383 AB 4.504568109923939 1.1780498489503919
60277.1038 lsst_hardware_z 454.56342983407063 106.71955047267639 30.979999542236328 AB 5.889107191200434 1.1755487107326947
60277.1229 lsst_hardware_r 342.48390605582495 84.76081505564231 31.6200008392334 AB 5.927271522376282 1.181398170755662
60279.0695 lsst_hardware_r 311.96598590572836 84.32079116217831 31.610000610351562 AB 10.012871067428675 1.1999126468916683
60279.0896 lsst_hardware_u -11.856868732538064 27.024150130248913 29.3799991607666 AB 10.47556702064489 1.1786523046490696
60281.0699 lsst_hardware_g -9.581880801939224 88.4477553861691 31.68000030517578 AB 7.903090194417334 1.1916222707968793
60281.0898 lsst_hardware_i 225.9763898195581 89.29286436474612 31.31999969482422 AB 7.700443979906756 1.1762266748197532
60283.0732 lsst_hardware_z 216.3973074314708 106.44160303627592 30.989999771118164 AB 1.754777410120518 1.1824645620758207
60283.0905 lsst_hardware_r 297.30975819459593 84.39819771579371 31.6200008392334 AB 4.362978105348991 1.1753184857043273
60294.0391 lsst_hardware_y 215.4460104609329 57.55996500145492 30.010000228881836 AB 11.745238432654483 1.1862358584036947
60294.0577 lsst_hardware_u -6.107934266857315 2.90493698966586 28.420000076293945 AB 11.753042562945271 1.1755001729900196
60296.0389 lsst_hardware_y 139.8804680556709 59.608186703483824 30.020000457763672 AB 4.158894610476762 1.1815041507036255
60296.0542 lsst_hardware_i 175.8947753800222 35.68486419148061 31.25 AB 4.787713053699493 1.175331546262214
60300.0409 lsst_hardware_y 10.076052303930062 64.5307143866475 30.020000457763672 AB 5.3696536180035634 1.1755576855134209
60300.0603 lsst_hardware_r 63.23966389885421 86.91326194906968 31.6200008392334 AB 6.371297054795103 1.1815473304312776
60302.0501 lsst_hardware_y 214.6928225069489 91.36620150754854 30.760000228881836 AB 7.584340160297376 1.178424512165534
60527.3721 lsst_hardware_z -25.728875589427737 44.619998931884766 30.93000030517578 AB 3.2300019895982093 1.2358519234505152
60527.3931 lsst_hardware_y 41.584936831691394 49.15999984741211 29.989999771118164 AB 3.437097170576862 1.1948540237817535
60531.4156 lsst_hardware_i 22.634487670376387 32.959999084472656 31.239999771118164 AB 6.114952945004671 1.175952489423975
60537.3859 lsst_hardware_i -9.726396058695961 32.91999816894531 31.239999771118164 AB 5.728383756309937 1.1770450005260056
60537.4062 lsst_hardware_z 0.5560165989725206 44.119998931884766 30.940000534057617 AB 5.7301897109427316 1.178748204873794
60539.3521 lsst_hardware_z -79.24372568312026 74.11000061035156 31.700000762939453 AB 4.911057139629605 1.2080578413703904
60539.3697 lsst_hardware_r 24.49539789035806 50.849998474121094 31.600000381469727 AB 4.936290625998779 1.1840940213486055
60541.3718 lsst_hardware_z 111.44840410263548 62.0 30.969999313354492 AB 3.1109918452440377 1.1785548094118086
60541.3915 lsst_hardware_r 21.628119571225792 84.1500015258789 31.6200008392334 AB 1.9463810241585051 1.1769499768154226
60543.3609 lsst_hardware_i -135.26616040608658 78.8499984741211 31.309999465942383 AB 2.2329975251490426 1.1822620914094795
60543.3802 lsst_hardware_z -69.28095755663227 69.76000213623047 30.969999313354492 AB 1.4610568174849086 1.1755066583854443
60546.3605 lsst_hardware_r -73.48363794959937 111.37999725341797 32.369998931884766 AB 2.33448153384653 1.17739580574784
60546.3791 lsst_hardware_z -95.92205492528255 91.72000122070312 31.719999313354492 AB 2.530387223442782 1.1774719513461063
60549.3136 lsst_hardware_g -12.880752653880265 21.229999542236328 31.510000228881836 AB 3.8139241822512937 1.2319539754242925
60549.3302 lsst_hardware_r -62.14816472877299 30.709999084472656 31.530000686645508 AB 3.6963406093371107 1.1990076042613755
60553.3107 lsst_hardware_i 26.376987308268962 32.380001068115234 31.229999542236328 AB 1.8916118297040367 1.214128260400537
60553.3271 lsst_hardware_z -20.352175310035683 43.290000915527344 30.93000030517578 AB 1.858062077042914 1.1885892064883505
60555.3187 lsst_hardware_z -20.721269279896024 43.900001525878906 30.93000030517578 AB 1.8344075368147619 1.192141372422266
60555.3356 lsst_hardware_r -9.011536044475065 24.520000457763672 31.479999542236328 AB 1.205513105324816 1.1775463788276592
60557.3515 lsst_hardware_u -1.9270170861800067 2.700000047683716 28.34000015258789 AB 1.4742614764315527 1.1787019599692605
60557.3693 lsst_hardware_r 5.421083231594401 24.6299991607666 31.489999771118164 AB 1.492297756460182 1.1964704401364459
60559.2599 lsst_hardware_g 22.68313437921621 15.039999961853027 31.360000610351562 AB 2.562170590132763 1.319572836119878
60559.2785 lsst_hardware_i -7.4506455845353905 33.13999938964844 31.219999313354492 AB 2.4365976133485145 1.252964148105167
60566.2398 lsst_hardware_y -4.403084731619349 51.20000076293945 29.959999084472656 AB 1.6157514601987941 1.3238438838172317
60566.2569 lsst_hardware_g -20.016100799668546 40.709999084472656 31.6200008392334 AB 2.616754252569999 1.2604789270568395
60568.2701 lsst_hardware_r 75.897812013376 59.66999816894531 31.600000381469727 AB 4.8812396518134635 1.2134337881539525
60568.2872 lsst_hardware_i 12.303519440106635 50.9900016784668 31.290000915527344 AB 4.853414420992775 1.1874280919081983
60571.264 lsst_hardware_i 29.892054203340503 97.01000213623047 31.309999465942383 AB 6.7113988547353625 1.20942449064932
60571.2853 lsst_hardware_z -117.53319825494519 82.2699966430664 30.979999542236328 AB 6.521559041759687 1.1816023991955527
60578.247 lsst_hardware_u -0.7624291944520356 2.680000066757202 28.31999969482422 AB 3.729375747919133 1.205617159887812
60578.2651 lsst_hardware_g 14.057289519791706 16.770000457763672 31.440000534057617 AB 3.7389787768322624 1.1824727314460033
60580.2602 lsst_hardware_r -11.692729793919726 24.459999084472656 31.479999542236328 AB 3.974438812181204 1.1820185319627297
60580.2793 lsst_hardware_i 6.969171971429106 32.560001373291016 31.239999771118164 AB 4.000621816437209 1.1755298072246263
60584.2134 lsst_hardware_r -3.7326589454604595 24.34000015258789 31.469999313354492 AB 4.1491183286814 1.244020186996781
60584.232 lsst_hardware_u -1.649372925380421 2.7200000286102295 28.3700008392334 AB 4.010453885973157 1.2032564914410913
60586.2132 lsst_hardware_g 24.95562122669227 14.920000076293945 31.3799991607666 AB 3.215608138439438 1.2304622978722828
60586.2307 lsst_hardware_i 4.919956728977306 32.529998779296875 31.229999542236328 AB 3.127909480141887 1.1967514909355992
60588.2155 lsst_hardware_z -25.41103529248284 43.77000045776367 30.940000534057617 AB 5.762167287343854 1.2134284614648707
60588.2339 lsst_hardware_r -27.019204791847812 24.25 31.479999542236328 AB 5.8401707771482485 1.1860623024267323
60590.2086 lsst_hardware_u -0.7678439315505874 2.690000057220459 28.329999923706055 AB 3.7919081061632807 1.216329785457751
60590.2261 lsst_hardware_g -34.46700005310168 15.1899995803833 31.420000076293945 AB 3.7093508118603564 1.1885770291679316
60592.2074 lsst_hardware_r 4.097861250459909 24.739999771118164 31.489999771118164 AB 4.174701624257483 1.2080741654069593
60592.2253 lsst_hardware_i 6.013470172502792 32.650001525878906 31.239999771118164 AB 3.140123362883916 1.1838353865726357
60596.2092 lsst_hardware_z -6.996688043701345 50.0 30.950000762939453 AB 7.4917840816922014 1.1891720764590796
60596.2267 lsst_hardware_r 94.635777967237 49.529998779296875 31.59000015258789 AB 7.411291676910752 1.176395504271548
60601.1756 lsst_hardware_z 58.211257568912956 109.83999633789062 30.979999542236328 AB 3.1487009100949797 1.2226777633608308
60601.1941 lsst_hardware_r -162.3722497427553 158.1999969482422 31.6200008392334 AB 3.0874173751280742 1.1909035198180125
60605.1717 lsst_hardware_r -42.61575149095552 28.700000762939453 31.520000457763672 AB 3.867848683622754 1.208450953017055
60605.1886 lsst_hardware_i -4.3199601617030154 40.220001220703125 31.270000457763672 AB 3.9004915249844854 1.1849594506281982
60607.1699 lsst_hardware_z -82.01627914949339 44.36000061035156 30.940000534057617 AB 5.516356548259589 1.2021043198125294
60607.1876 lsst_hardware_r -3.1644259288922068 25.079999923706055 31.5 AB 5.412064295149384 1.1811576375271462
60611.1733 lsst_hardware_i -52.17417161203185 32.88999938964844 31.25 AB 2.3980859722461205 1.1839476535404199
