data/validation/pwv_sim_epoch_fit_seasonal/22005845.ecsv
# %ECSV 0.9
# ---
# datatype:
# - {name: time, datatype: float64}
# - {name: band, datatype: string}
# - {name: flux, datatype: float64}
# - {name: fluxerr, datatype: float64}
# - {name: zp, datatype: float64}
# - {name: zpsys, datatype: string}
# - {name: pwv, datatype: float64}
# - {name: airmass, datatype: float64}
# meta: {SNID: '22005845', alt: 1024.0, c: -0.04180874302983284, dec: 3.284369, lat: -30.244573, lon: -70.7499537, ra: 79.980469, t0: 60669.765625,
#   x0: 2.5445802394420713e-06, x1: 1.0051698684692383, z: 0.807763397693634}
# schema: astropy-2.0
time band flux fluxerr zp zpsys pwv airmass
[from data line 133]
61010.2429 lsst_hardware_i 31.78438853514371 45.560001373291016 31.270000457763672 AB 9.224564747412046 1.208563815278087
61012.2223 lsst_hardware_z -146.04104084222934 69.04000091552734 30.969999313354492 AB 7.564155292139478 1.2002837119836094
61012.2423 lsst_hardware_i 107.12294143861494 76.45999908447266 31.299999237060547 AB 7.647909903937053 1.2136787424066962
61014.2327 lsst_hardware_z -139.46025602536727 128.72000122070312 31.729999542236328 AB 3.236237697872786 1.2092434181682525
61016.2255 lsst_hardware_r -17.531195066583102 89.2300033569336 31.610000610351562 AB 5.088400605681255 1.2076422465126986
61016.2444 lsst_hardware_i 138.27546272802726 74.31999969482422 31.299999237060547 AB 5.195715599742752 1.2335507121896374
61019.2362 lsst_hardware_z -16.89465454869022 69.43000030517578 31.690000534057617 AB 11.566015340035408 1.2335328671515597
61021.1888 lsst_hardware_r 12.277262000376053 24.399999618530273 31.469999313354492 AB 15.249202293762023 1.2007245900600019
61021.2067 lsst_hardware_g 5.0743637712968095 14.869999885559082 31.389999389648438 AB 15.288295413937645 1.2038027884990272
61023.1864 lsst_hardware_r -1.0851309214657883 24.229999542236328 31.479999542236328 AB 9.120975373712009 1.200128338646317
61023.2046 lsst_hardware_i -6.508968118626928 32.4900016784668 31.229999542236328 AB 9.166780016993261 1.2061552653938503
61025.1877 lsst_hardware_z 19.377233362593877 44.04999923706055 30.93000030517578 AB 12.35095471573749 1.2004499581123105
61025.2074 lsst_hardware_i 2.3098066266541033 32.7599983215332 31.219999313354492 AB 12.49596127606765 1.2143821588019106
61027.1548 lsst_hardware_u 0.16908834743610807 2.6500000953674316 28.309999465942383 AB 3.6488376748306703 1.2132461096693834
61027.1744 lsst_hardware_g 9.884203901608595 14.819999694824219 31.399999618530273 AB 3.972136079848516 1.2002828605505187
61029.1519 lsst_hardware_r 1.1005774439804 24.209999084472656 31.469999313354492 AB 3.651915770456483 1.21044606246486
61029.1703 lsst_hardware_i -8.975697236037051 32.43000030517578 31.229999542236328 AB 4.658062197919168 1.2000933159076372
61031.1507 lsst_hardware_z 57.47004430111941 44.13999938964844 30.93000030517578 AB 4.238958417120101 1.2065346538292865
61031.1687 lsst_hardware_u 3.3663354720970755 2.5999999046325684 28.260000228881836 AB 4.5407067771568554 1.2000546487365327
61035.1232 lsst_hardware_r -3.6459973254269227 25.489999771118164 31.479999542236328 AB 9.23989444654598 1.2270776157430738
61035.1425 lsst_hardware_i -10.44439354529905 32.81999969482422 31.229999542236328 AB 8.430420523052922 1.2045178629879871
61037.1272 lsst_hardware_z 7.438847743695857 46.029998779296875 30.940000534057617 AB 7.515143786161611 1.213588015528722
61037.148 lsst_hardware_i 24.21841811316377 36.70000076293945 31.25 AB 7.420188716805558 1.20014374134583
61041.1294 lsst_hardware_r -150.30696078532827 99.94999694824219 31.6200008392334 AB 8.373432191237445 1.202578263544995
61041.1497 lsst_hardware_i -115.38721215719374 82.1500015258789 31.309999465942383 AB 8.372230633899056 1.202462687470152
61044.1357 lsst_hardware_z -74.47483059646343 153.1999969482422 32.47999954223633 AB 2.9650267581960263 1.2004156915773387
61047.1306 lsst_hardware_g -47.76879992791912 36.81999969482422 31.6200008392334 AB 9.554105839909033 1.201295815910941
61047.1532 lsst_hardware_r 151.31472276818698 50.0 31.579999923706055 AB 9.74401094212712 1.2223815683859398
61050.0879 lsst_hardware_r -13.310553095219264 23.8799991607666 31.479999542236328 AB 10.336569491487586 1.218432190898519
61050.1094 lsst_hardware_i -66.83019496083406 32.099998474121094 31.239999771118164 AB 10.200161180705502 1.200772388248176
61059.0805 lsst_hardware_r -3.372475557686753 23.850000381469727 31.459999084472656 AB 4.354362273335632 1.2024472967443929
61059.1001 lsst_hardware_i 43.16096947025871 32.2400016784668 31.219999313354492 AB 4.667084987640709 1.2022372456570605
61061.0788 lsst_hardware_z 47.326239383203315 43.900001525878906 30.93000030517578 AB 14.349170921833293 1.2009349355698078
61061.0984 lsst_hardware_u 2.1717450741057873 2.619999885559082 28.290000915527344 AB 15.188338931609369 1.2043722886059265
61063.0792 lsst_hardware_g -18.285433299001244 14.609999656677246 31.3799991607666 AB 9.048997413750884 1.1999731353601306
61063.099 lsst_hardware_r -9.00974413484356 23.739999771118164 31.459999084472656 AB 10.03859496706575 1.2093114312869546
61065.0411 lsst_hardware_y 86.13061156605305 54.709999084472656 29.989999771118164 AB 8.33748730604218 1.227379594829248
61065.0613 lsst_hardware_i -2.1971282940903807 34.0099983215332 31.239999771118164 AB 8.25810581754351 1.2040395340508616
61067.0388 lsst_hardware_y -150.32221559686798 59.459999084472656 29.989999771118164 AB 13.386282726551142 1.2223055297413918
61067.057 lsst_hardware_i -45.04813544545669 45.91999816894531 31.270000457763672 AB 13.718002622463839 1.203333563374021
61069.0391 lsst_hardware_y -77.083463715599 59.75 30.0 AB 15.587953776423152 1.2144407133670798
61069.0581 lsst_hardware_z 35.050853968677686 64.2300033569336 30.959999084472656 AB 15.244956819239594 1.2006108854046356
61071.0361 lsst_hardware_y 53.55427242117185 64.97000122070312 30.010000228881836 AB 10.403216410897251 1.211613499594963
61071.0531 lsst_hardware_i 48.808896475958875 80.86000061035156 31.309999465942383 AB 10.977967234799276 1.2004994515609684
61072.0468 lsst_hardware_z -136.12985417277883 105.9800033569336 31.719999313354492 AB 9.751355435889304 1.2016334318878596
61074.036 lsst_hardware_y 34.867466701286894 59.15999984741211 30.010000228881836 AB 8.416525273565691 1.2045116670576994
61074.0549 lsst_hardware_r 26.387003206650657 67.0199966430664 31.610000610351562 AB 9.354117054393052 1.2006696472602654
61076.0338 lsst_hardware_y -30.497629253384126 55.43000030517578 30.0 AB 6.710419879709277 1.2025842078332094
61076.0517 lsst_hardware_z -17.337734773436075 44.09000015258789 30.93000030517578 AB 7.239386574444677 1.2013917700641146
61078.032 lsst_hardware_y -104.06995625201358 56.560001373291016 30.0 AB 5.779059530118374 1.2010515130138637
61078.0512 lsst_hardware_u -2.4806992358440865 2.559999942779541 28.239999771118164 AB 7.41511347571482 1.2038661900961651
61082.0283 lsst_hardware_y -10.018574039986728 58.72999954223633 30.010000228881836 AB 0.616485667693922 1.1999721025672447
61082.0452 lsst_hardware_r -13.851841299717233 23.860000610351562 31.469999313354492 AB 1.2170993018152503 1.207539613210666
