data/validation/pwv_sim_epoch_fit_seasonal/22167342.ecsv
# %ECSV 0.9
# ---
# datatype:
# - {name: time, datatype: float64}
# - {name: band, datatype: string}
# - {name: flux, datatype: float64}
# - {name: fluxerr, datatype: float64}
# - {name: zp, datatype: float64}
# - {name: zpsys, datatype: string}
# - {name: pwv, datatype: float64}
# - {name: airmass, datatype: float64}
# meta: {SNID: '22167342', alt: 1024.0, c: -0.10673120617866516, dec: -24.624317, lat: -30.244573, lon: -70.7499537, ra: 166.464844, t0: 61898.8359375,
#   x0: 2.763957852505536e-06, x1: -1.0034326314926147, z: 0.7808818817138672}
# schema: astropy-2.0
time band flux fluxerr zp zpsys pwv airmass
[from data line 132]
62152.3612 lsst_hardware_y 23.790302141100845 49.380001068115234 30.059999465942383 AB 4.536279904498937 1.0133918916893894
62153.2079 lsst_hardware_i -17.036627946387565 32.459999084472656 31.209999084472656 AB 4.048653519118502 1.3197827401233897
62153.2266 lsst_hardware_z 8.03585990254179 43.34000015258789 30.93000030517578 AB 3.9892703551180073 1.2194631205781463
62157.2081 lsst_hardware_g -3.9071870321822075 13.930000305175781 31.350000381469727 AB 14.451946660110902 1.2566910139226872
62157.225 lsst_hardware_r -0.6550813479040533 23.239999771118164 31.469999313354492 AB 13.915113397422386 1.1792468980866428
62159.2094 lsst_hardware_i -35.400368607598104 31.959999084472656 31.229999542236328 AB 11.221550542868403 1.2232794923185035
62159.2281 lsst_hardware_r -18.069298184002683 23.030000686645508 31.469999313354492 AB 10.415338906029744 1.1471163955060066
62161.2061 lsst_hardware_z -44.22172469372123 46.720001220703125 30.940000534057617 AB 9.351299496897692 1.213312075889282
62161.2237 lsst_hardware_g 26.708142172790122 19.18000030517578 31.510000228881836 AB 9.85532392307522 1.1434306343182543
62168.216 lsst_hardware_z 12.428355262574815 104.20999908447266 31.739999771118164 AB 13.893172543306893 1.107540493720074
62170.2115 lsst_hardware_r -3.6447186865974572 78.2699966430664 31.639999389648438 AB 9.982223127988865 1.1048189254567005
62170.2295 lsst_hardware_z -7.813212174617669 61.279998779296875 30.989999771118164 AB 9.60274825365975 1.0615463468560413
62172.2027 lsst_hardware_r 39.661725842575706 40.790000915527344 31.600000381469727 AB 7.677614763374026 1.1144744902560642
62172.2215 lsst_hardware_y 57.529220657011976 48.66999816894531 30.049999237060547 AB 5.731958937474637 1.066807916894591
62176.2048 lsst_hardware_i 87.30823710591203 30.670000076293945 31.25 AB 6.061899930891388 1.07978267383173
62176.2236 lsst_hardware_z -74.66733136859803 40.97999954223633 30.950000762939453 AB 5.531131106372613 1.04252777426682
62178.1082 lsst_hardware_r -7.669766953899482 24.579999923706055 31.399999618530273 AB 2.5836905166193147 1.571587905486201
62178.1267 lsst_hardware_i -25.450360541181674 33.540000915527344 31.209999084472656 AB 3.064756811113172 1.4083281662463838
62180.1066 lsst_hardware_z 49.430184013459204 46.88999938964844 30.899999618530273 AB 5.224599183238036 1.5332646172378623
62180.1237 lsst_hardware_i 83.52871330550585 32.97999954223633 31.200000762939453 AB 4.75279670700337 1.3900792240620101
62182.1016 lsst_hardware_u -0.5572643322910104 2.4700000286102295 28.1200008392334 AB 2.2823282795321105 1.5288567240362603
62182.1211 lsst_hardware_g -6.9701789617901895 14.0 31.329999923706055 AB 2.05220973170881 1.369737848629274
62184.1004 lsst_hardware_r 20.165477171211343 24.31999969482422 31.399999618530273 AB 3.501431440233043 1.4896538779974904
62184.1196 lsst_hardware_i 3.56948433084167 33.060001373291016 31.200000762939453 AB 3.1725982895341995 1.3430408676195151
62186.1259 lsst_hardware_u -0.12147471584864283 2.700000047683716 28.360000610351562 AB 3.9282310599756873 1.2727825013421603
62186.1441 lsst_hardware_g 3.9924811967849587 14.170000076293945 31.389999389648438 AB 3.5943267263780965 1.186246444349207
62188.106 lsst_hardware_g 18.88337763248144 19.56999969482422 31.440000534057617 AB 6.227093632837717 1.3609150505218293
62188.1247 lsst_hardware_r -19.929515884432274 26.559999465942383 31.5 AB 5.743492541667104 1.2503067720050438
62190.0991 lsst_hardware_i -12.911649119064283 40.900001525878906 31.229999542236328 AB 9.03675936309064 1.3708329628231448
62190.1187 lsst_hardware_z 2.818521786992969 47.43000030517578 30.93000030517578 AB 8.2446858200658 1.2530711144422724
62192.1024 lsst_hardware_i 72.1535159453425 50.93000030517578 31.260000228881836 AB 10.027033754737644 1.3137716603540952
62192.123 lsst_hardware_z 3.1590533261432223 51.95000076293945 30.950000762939453 AB 9.189521037788905 1.2064092733977239
62194.1043 lsst_hardware_z -27.33789750715761 69.79000091552734 30.959999084472656 AB 8.433283906952669 1.271461144616135
62194.1253 lsst_hardware_r -112.82465777631342 95.04000091552734 31.6200008392334 AB 9.064766513143047 1.174002462443652
62196.1028 lsst_hardware_i -141.9927460089118 110.0999984741211 31.309999465942383 AB 5.290341241538632 1.250597775908902
62196.1223 lsst_hardware_r -38.703437658118055 136.13999938964844 31.639999389648438 AB 4.869430205827426 1.1645175668605587
62199.1025 lsst_hardware_z -17.361231904720555 58.84000015258789 30.959999084472656 AB 5.459229068888931 1.2126230717212196
62199.122 lsst_hardware_g -27.851132389285908 66.58999633789062 31.690000534057617 AB 5.167168347617811 1.1364739767487855
62200.1228 lsst_hardware_g 44.3561629515104 43.36000061035156 31.68000030517578 AB 11.648407905063792 1.1250333601143336
62200.1352 lsst_hardware_r -42.866901146605876 50.130001068115234 31.6200008392334 AB 11.164463999488259 1.0897919062419905
62202.1038 lsst_hardware_z 21.465483962609845 42.75 30.93000030517578 AB 8.488481988356945 1.1726582227422562
62202.1249 lsst_hardware_r -49.1676878558676 23.030000686645508 31.479999542236328 AB 7.989553812136729 1.1026664873906487
62204.0995 lsst_hardware_u -0.17974865590455624 2.6700000762939453 28.3700008392334 AB 11.95263771417669 1.1681624036529124
62204.1195 lsst_hardware_g -17.41217217216924 14.119999885559082 31.399999618530273 AB 11.281859826371072 1.102497784263745
62208.1004 lsst_hardware_r 43.26227284241939 23.459999084472656 31.479999542236328 AB 14.702967171479202 1.1267936675847186
62208.122 lsst_hardware_u -1.4860871971494525 2.7899999618530273 28.489999771118164 AB 14.01984895179118 1.0694011404875423
62213.084 lsst_hardware_i 61.058775336159194 31.780000686645508 31.25 AB 9.126379114122322 1.135722130992418
62213.1037 lsst_hardware_z 30.753326906881675 42.06999969482422 30.950000762939453 AB 8.66696979307503 1.079962592202739
62216.0875 lsst_hardware_r 24.552010202112 23.469999313354492 31.510000228881836 AB 5.391918138773606 1.1003914568925726
62216.1062 lsst_hardware_u -1.6350456154410289 2.9000000953674316 28.59000015258789 AB 5.179352409531239 1.0570106958227017
62218.0797 lsst_hardware_g 16.004879846967697 24.68000030517578 31.59000015258789 AB 6.633756905896051 1.1069175547966044
62218.0966 lsst_hardware_i -46.51049975651817 33.7400016784668 31.270000457763672 AB 6.498549039168299 1.065335908060377
62222.0844 lsst_hardware_y -84.38849672835534 75.13999938964844 30.809999465942383 AB 6.846895388717251 1.068047325611052
62226.0785 lsst_hardware_z 50.4621467643255 74.08999633789062 30.989999771118164 AB 5.065511680998238 1.0577757312494147
62226.095 lsst_hardware_r 118.722958733396 106.69000244140625 31.65999984741211 AB 5.3537620696719594 1.0308912842757045
62231.9777 lsst_hardware_y 45.26757963892884 73.37000274658203 29.940000534057617 AB 11.953920836584995 1.4202537602500567
62231.9961 lsst_hardware_r -14.97151318712615 24.25 31.459999084472656 AB 10.999192190201972 1.2964248095237259
62233.9771 lsst_hardware_y -30.252975091920657 79.54000091552734 29.959999084472656 AB 12.12824877927196 1.383989818762669
62233.9945 lsst_hardware_r -12.086221802366987 24.010000228881836 31.459999084472656 AB 11.131388507802013 1.2746351205544275
62235.9746 lsst_hardware_z 26.335257589408606 68.62000274658203 30.940000534057617 AB 7.467084286537885 1.3632285324579292
62235.9915 lsst_hardware_g 11.85590622267626 14.449999809265137 31.350000381469727 AB 6.947190250779956 1.2614054018665375
62237.974 lsst_hardware_y 71.22436850638205 79.66000366210938 29.969999313354492 AB 7.211697329179811 1.3311650020789978
62237.9921 lsst_hardware_i -24.269433292039164 32.56999969482422 31.229999542236328 AB 6.66302868018322 1.2308739999414804
62241.972 lsst_hardware_y 280.0177085054064 67.91999816894531 29.989999771118164 AB 19.067167528783287 1.2782458678514157
62241.9897 lsst_hardware_r 7.483963645226579 23.479999542236328 31.479999542236328 AB 17.6635671273488 1.1924771056438008
62243.9706 lsst_hardware_y 102.40027682799685 70.41000366210938 29.989999771118164 AB 14.105971432645447 1.2564608130265167
62243.9892 lsst_hardware_g -13.86273404771509 14.880000114440918 31.420000076293945 AB 13.158988201213607 1.1723451557943432
62245.9702 lsst_hardware_y -137.20081412908107 65.44999694824219 30.0 AB 11.19005459606046 1.231141974445086
62245.9885 lsst_hardware_z -36.132044346255746 43.16999816894531 30.940000534057617 AB 10.42958368452997 1.154438661904214
62249.968 lsst_hardware_z 96.18485772308195 70.29000091552734 30.969999313354492 AB 11.45038130571302 1.1918686357163224
62249.9873 lsst_hardware_r 216.02512001788875 63.5 31.6200008392334 AB 10.793364824116674 1.121835344720842
62251.968 lsst_hardware_y -122.62185002314443 97.19999694824219 30.780000686645508 AB 15.927401029588792 1.1698421615562828
62251.9852 lsst_hardware_z 153.97580272400918 104.1500015258789 31.739999771118164 AB 15.1115514953468 1.1117156989146473
62253.9659 lsst_hardware_y 51.65569536626692 74.41000366210938 30.020000457763672 AB 1.2355910764133746 1.15719136166102
62253.9847 lsst_hardware_z -75.16025250618372 75.4000015258789 30.979999542236328 AB 1.1104131391923386 1.097788570630261
62260.9646 lsst_hardware_y 38.44637435147091 55.93000030517578 30.040000915527344 AB 11.404373192270446 1.1004630007256841
62260.9824 lsst_hardware_g 21.272436949368643 13.729999542236328 31.420000076293945 AB 10.97645343446531 1.058813363345823
62263.9637 lsst_hardware_z -4.01303605502307 47.689998626708984 30.959999084472656 AB 10.622747885538502 1.0817370408131466
62263.9817 lsst_hardware_i -19.23445020267754 30.31999969482422 31.25 AB 10.269498878291103 1.0451884258603792
62267.9682 lsst_hardware_y -9.54313698546853 48.61000061035156 30.059999465942383 AB 12.22331012631025 1.0496316229371252
62267.9979 lsst_hardware_r -20.862694165021175 22.459999084472656 31.510000228881836 AB 11.781125662017008 1.0128783454476709
