data/validation/pwv_sim_epoch_fit_seasonal/22270012.ecsv
# %ECSV 0.9
# ---
# datatype:
# - {name: time, datatype: float64}
# - {name: band, datatype: string}
# - {name: flux, datatype: float64}
# - {name: fluxerr, datatype: float64}
# - {name: zp, datatype: float64}
# - {name: zpsys, datatype: string}
# - {name: pwv, datatype: float64}
# - {name: airmass, datatype: float64}
# meta: {SNID: '22270012', alt: 1024.0, c: -0.14156955480575562, dec: -49.896984, lat: -30.244573, lon: -70.7499537, ra: 78.069771, t0: 60954.078125,
#   x0: 5.788616870451285e-06, x1: -1.731081247329712, z: 0.5768690705299377}
# schema: astropy-2.0
time band flux fluxerr zp zpsys pwv airmass
60947.3861 lsst_hardware_z 1027.368308733389 52.8719535704383 30.950000762939453 AB 7.4563242958833635 1.0618519361839025
60959.3832 lsst_hardware_i 1603.733106188507 68.19562562748965 31.309999465942383 AB 4.93919774266787 1.069707856483271
60963.3683 lsst_hardware_z 1168.4229456866296 53.66206195886353 30.959999084472656 AB 6.289081734573684 1.0673631773099723
60963.3795 lsst_hardware_r 1459.8983012876581 50.903857154664514 31.56999969482422 AB 7.615358993420703 1.0750083276992648
60965.3682 lsst_hardware_i 1208.7029774304053 47.06279778911114 31.25 AB 5.231395811733903 1.0706178753804063
60968.3626 lsst_hardware_r 919.3427576318477 37.624136239587806 31.479999542236328 AB 0.6906621638683309 1.072456776194439
60968.3741 lsst_hardware_u -8.746523034570552 9.611567314124189 29.200000762939453 AB 0.6092247601619322 1.0827454268280785
60972.3003 lsst_hardware_i 843.7688572629829 41.281798421522524 31.239999771118164 AB 3.5059242046098333 1.067658684311857
60976.3516 lsst_hardware_r 390.52385448418244 30.139251367653515 31.479999542236328 AB 3.6557524833091617 1.0820637807634044
60976.3634 lsst_hardware_i 636.7473007541059 42.50942426675595 31.260000228881836 AB 3.655884267115114 1.0961350025079901
60982.3443 lsst_hardware_i 377.8319017832874 36.18862622283581 31.239999771118164 AB 5.336290682490995 1.092550684852535
60982.3563 lsst_hardware_z 472.7250367459836 50.106459471254695 30.950000762939453 AB 5.4289323732438675 1.109984128653418
60991.3348 lsst_hardware_z 420.2537484998093 47.40837400447778 30.940000534057617 AB 3.9910654108261223 1.1151342304625398
60991.346 lsst_hardware_r 171.6578565743531 32.494376908852395 31.530000686645508 AB 4.126209265435224 1.1363837139727966
60997.3184 lsst_hardware_z 290.3462748836473 45.30774577684149 30.93000030517578 AB 5.080603683391838 1.1151048798460848
60997.3299 lsst_hardware_r 97.03038294230878 24.422866070892287 31.459999084472656 AB 5.207142124385599 1.1369719693698312
60999.3191 lsst_hardware_u 32.71117691419531 5.981701496076829 28.31999969482422 AB 5.485069532082617 1.1262976451915983
60999.3312 lsst_hardware_g 47.36761371174936 14.987344889062248 31.350000381469727 AB 5.549977553716532 1.151845912220657
61004.3249 lsst_hardware_z 287.0842695067535 44.88458870436016 30.93000030517578 AB 7.951611609187907 1.1698277405110884
61004.3365 lsst_hardware_r 139.49920938894502 24.25471218104332 31.440000534057617 AB 6.690630454003992 1.2023056313163754
61009.2976 lsst_hardware_g 47.74164160104712 14.34694274337384 31.34000015258789 AB 6.621344014451406 1.1379486734276962
61009.3087 lsst_hardware_i 109.2386639185977 32.2065414920445 31.229999542236328 AB 6.770565814141086 1.1633774327318331
61011.2979 lsst_hardware_z 153.72233813957098 48.896541787137835 30.950000762939453 AB 7.518501689077532 1.1506149603240623
61011.3113 lsst_hardware_r 46.73140797488318 23.63344891614993 31.459999084472656 AB 7.7220999639146735 1.1846134123411751
61015.2896 lsst_hardware_z 127.9365887052832 58.3792710256795 30.959999084472656 AB 6.017456812503367 1.1567583261250307
61015.3015 lsst_hardware_r 158.21849886148695 75.21369691159296 31.610000610351562 AB 5.165889715339932 1.1877656412807498
61017.2125 lsst_hardware_r 87.78135581630723 51.99423235229169 31.6299991607666 AB 5.212487081679276 1.063772873812097
61017.2262 lsst_hardware_i 51.346507711929405 46.63231202357388 31.299999237060547 AB 5.504086169490298 1.0706255921983325
61022.1892 lsst_hardware_i 136.91836004703 31.442125193112624 31.25 AB 11.732412309501237 1.0617887999186615
61022.2001 lsst_hardware_u -2.087741346271228 2.936584590621992 28.469999313354492 AB 11.774358337805076 1.064204477386576
61024.1924 lsst_hardware_g 93.80601563496342 15.367656626697185 31.3700008392334 AB 8.474353545659396 1.0634667419766544
61024.2052 lsst_hardware_r 68.42325692378924 22.980604494196147 31.479999542236328 AB 8.520868244484568 1.0694013150518922
61026.1977 lsst_hardware_i 108.84959951977253 31.30431540044939 31.239999771118164 AB 9.138710576052294 1.068178316978855
61026.211 lsst_hardware_r 67.64803402711271 23.159549256588107 31.469999313354492 AB 9.10999327981813 1.0781057135878918
61028.1973 lsst_hardware_u 1.7145739081381892 2.8703843371563 28.450000762939453 AB 5.5056456915777 1.0714152228031333
61028.2085 lsst_hardware_g 54.2171041351757 14.064537704959015 31.3799991607666 AB 5.5501399952074575 1.0809504324096713
61030.1965 lsst_hardware_r 106.15167565440723 23.199638366705262 31.479999542236328 AB 5.2093686333523905 1.0749832095236278
61030.2101 lsst_hardware_i 63.24687555031113 31.24404308425136 31.239999771118164 AB 6.423267154372715 1.0886893481987652
61032.1351 lsst_hardware_r 79.59455072704912 23.257494114966995 31.479999542236328 AB 5.221309580997949 1.0684808146653375
61032.1482 lsst_hardware_i 56.61475795316892 31.097816426369274 31.25 AB 5.144738748943685 1.0629625514346457
61034.1757 lsst_hardware_i -24.335842867812424 29.8700008392334 31.239999771118164 AB 7.149106447679854 1.0680935927808546
61034.1887 lsst_hardware_u 0.8161976976013573 2.569999933242798 28.3799991607666 AB 7.2642801799685115 1.0776931046969493
61036.1753 lsst_hardware_g -8.377071681923796 13.119999885559082 31.3799991607666 AB 5.948448515693976 1.0713099532991903
61036.1897 lsst_hardware_r -4.327868676012509 21.610000610351562 31.479999542236328 AB 5.968101022897667 1.0841237098815018
61038.1759 lsst_hardware_i 55.92678066122031 36.34000015258789 31.270000457763672 AB 7.601923429881005 1.0760357309007402
61038.1903 lsst_hardware_r -18.52519851621607 31.190000534057617 31.559999465942383 AB 7.722075520004082 1.091189531918477
61040.1809 lsst_hardware_z 55.705657632173676 69.77999877929688 31.719999313354492 AB 7.099362161061264 1.086484625023775
61042.1776 lsst_hardware_r -81.42289955458808 74.41000366210938 31.639999389648438 AB 5.174998347791921 1.0890148038282663
61042.1902 lsst_hardware_i 59.18136613950696 60.040000915527344 31.309999465942383 AB 5.171236573712808 1.1063835202637595
61043.1737 lsst_hardware_z -106.49352824762357 81.63999938964844 31.719999313354492 AB 4.1122419441396225 1.0876309389185927
61043.1873 lsst_hardware_r 29.576676031295296 114.04000091552734 32.38999938964844 AB 4.179843412647998 1.1061200756797946
61045.116 lsst_hardware_z 7.938417166339427 52.290000915527344 30.969999313354492 AB 11.106294648250367 1.0622611727587548
61045.1289 lsst_hardware_i -47.07461760766283 53.7599983215332 31.309999465942383 AB 12.089820375503626 1.0620943842136195
61048.114 lsst_hardware_u 0.1274268537310934 2.609999895095825 28.420000076293945 AB 6.195168608018779 1.0616649048358469
61048.1275 lsst_hardware_g -0.2666177483049087 20.020000457763672 31.559999465942383 AB 7.857378638681046 1.0636765451037018
61056.093 lsst_hardware_z -36.303603785792355 40.86000061035156 30.950000762939453 AB 3.9507091556448395 1.061661849014401
61056.1065 lsst_hardware_u 1.3252920775377224 2.549999952316284 28.3700008392334 AB 3.991706249841078 1.0639584859974884
61058.0938 lsst_hardware_g -1.338608517848849 12.579999923706055 31.360000610351562 AB 4.171109561381748 1.062161843998408
61058.1085 lsst_hardware_r -3.496490145030315 21.389999389648438 31.469999313354492 AB 4.1988665815370485 1.0671919129589704
61060.0981 lsst_hardware_i -23.210155225176486 29.59000015258789 31.239999771118164 AB 8.123821934137226 1.0648955509273768
61060.1105 lsst_hardware_z 7.838808687955866 40.79999923706055 30.940000534057617 AB 8.234710139839425 1.0718440844540567
61064.074 lsst_hardware_u -3.2364005125743174 2.7200000286102295 28.389999389648438 AB 13.7470102725989 1.0617706673308154
61064.0859 lsst_hardware_g 5.592586296984308 13.800000190734863 31.399999618530273 AB 13.813561034661438 1.064403385383555
61066.0741 lsst_hardware_r -9.321118075306966 28.950000762939453 31.540000915527344 AB 12.661123636120337 1.0625610794852998
61066.0877 lsst_hardware_i -35.579256635947196 33.290000915527344 31.25 AB 14.610705285584869 1.0677608276818702
61068.0779 lsst_hardware_z 28.71656471160928 64.4000015258789 31.700000762939453 AB 12.428397966472518 1.0655957101862692
61070.0692 lsst_hardware_z -7.046855848875853 49.77000045776367 30.959999084472656 AB 12.005728009323871 1.064290413485561
61070.0822 lsst_hardware_r -17.051989402349676 56.650001525878906 31.6299991607666 AB 11.815995919868133 1.0711465320864941
61073.0706 lsst_hardware_i 25.832702886838554 60.7400016784668 31.31999969482422 AB 7.161848726483394 1.0689326457437902
61073.0837 lsst_hardware_z -34.95504565143759 56.86000061035156 30.979999542236328 AB 6.5798094475709314 1.0790995403970367
61079.0639 lsst_hardware_i 36.34217625975787 29.940000534057617 31.239999771118164 AB 10.60235301030648 1.0760168819661515
61079.0772 lsst_hardware_r -23.309810169364795 21.639999389648438 31.469999313354492 AB 11.080514531926799 1.0897973476200262
61081.0634 lsst_hardware_u -2.1155437388459633 2.569999933242798 28.3799991607666 AB 2.809560246095858 1.0806000946522532
61081.0763 lsst_hardware_g -3.678663796536379 12.670000076293945 31.350000381469727 AB 2.8486744199262093 1.0956440076639267
61083.0607 lsst_hardware_r -2.2633529109967188 21.68000030517578 31.479999542236328 AB 2.179875124883268 1.0834369407969087
61083.0722 lsst_hardware_i 59.78350998679484 30.209999084472656 31.239999771118164 AB 2.1189137402235936 1.0975036637898448
61330.3652 lsst_hardware_g -10.708087833699524 14.3100004196167 31.43000030517578 AB 5.2247907091726145 1.0683005079328332
61330.3774 lsst_hardware_r 21.353598503519862 30.6200008392334 31.559999465942383 AB 5.244125469949638 1.0773202136407247
61334.3661 lsst_hardware_r -1.6171181516937505 23.049999237060547 31.5 AB 2.6939803699946836 1.0769818582782271
61340.3555 lsst_hardware_z -23.63529349802512 56.63999938964844 30.969999313354492 AB 3.340626281270313 1.082568603166183
61340.3654 lsst_hardware_i -20.259635288165423 62.56999969482422 31.31999969482422 AB 3.357513968912136 1.0942468122473012
61345.1754 lsst_hardware_g -10.822161412690772 12.970000267028809 31.34000015258789 AB 5.71106112033102 1.2883061403859133
61345.1907 lsst_hardware_r 6.298999019011203 22.25 31.469999313354492 AB 5.450329373568481 1.2306930694493963
61348.2842 lsst_hardware_r 7.330694728571646 21.56999969482422 31.489999771118164 AB 5.44474773630455 1.062562576608359
61348.3003 lsst_hardware_g -11.70988471169171 13.350000381469727 31.40999984741211 AB 6.05505482715059 1.062290320552735
61355.3315 lsst_hardware_u -3.336266682966242 2.5999999046325684 28.389999389648438 AB 2.1704192517228207 1.1042580777017659
61355.3422 lsst_hardware_r 30.91186352400501 21.979999542236328 31.469999313354492 AB 2.793839642334902 1.1222493040108061
61358.3287 lsst_hardware_i 22.68533015075539 30.209999084472656 31.239999771118164 AB 6.58765678971285 1.1128895228492786
61358.3399 lsst_hardware_z 86.2038846829556 42.22999954223633 30.940000534057617 AB 6.603364460317135 1.133673455567558
61360.328 lsst_hardware_z 20.26434045465447 41.540000915527344 30.940000534057617 AB 5.4863142451948175 1.1212434431800995
61360.3396 lsst_hardware_r -32.78069553199549 22.010000228881836 31.459999084472656 AB 4.564421865291584 1.1446108370112131
61362.3217 lsst_hardware_u -4.639567413352675 2.549999952316284 28.350000381469727 AB 5.095100834306377 1.1197203503713886
61362.3337 lsst_hardware_g 5.340417545766255 12.859999656677246 31.350000381469727 AB 4.186314036510729 1.143645413607565
61363.3148 lsst_hardware_r 32.93682053593406 21.579999923706055 31.459999084472656 AB 6.94017015234297 1.1124741768602981
61363.3265 lsst_hardware_i -37.02255499789651 30.34000015258789 31.229999542236328 AB 7.08782072301145 1.134187418172069
61365.3205 lsst_hardware_z -8.890493633363269 41.58000183105469 30.93000030517578 AB 4.737171800272974 1.1330913831903306
61365.3322 lsst_hardware_r 29.134422515740624 21.770000457763672 31.450000762939453 AB 4.85825998057309 1.1590743124354264
61367.317 lsst_hardware_z 66.37493980823311 52.5099983215332 30.959999084472656 AB 7.2605414931578025 1.1371247444256543
61367.329 lsst_hardware_r -94.08633801169552 51.099998474121094 31.600000381469727 AB 7.465852599396002 1.164643889408635
61369.3172 lsst_hardware_i -33.63142804923264 62.72999954223633 31.299999237060547 AB 7.895253845833322 1.1494873474316651
61369.3292 lsst_hardware_z -53.38071708380745 59.27000045776367 30.959999084472656 AB 7.87786839361725 1.179409894994887
61373.3022 lsst_hardware_y -11.07850965970048 69.8499984741211 30.760000228881836 AB 5.1292821491449185 1.1404740742957018
61375.2961 lsst_hardware_r 39.5984987803813 29.75 31.540000915527344 AB 7.8678506567891 1.139112589661083
61375.3076 lsst_hardware_i 29.54113411357749 34.2400016784668 31.25 AB 8.13389380804234 1.1657596705582634
61378.2907 lsst_hardware_i -12.525806964586085 30.8700008392334 31.229999542236328 AB 5.005884402734878 1.1451619039350798
61378.3018 lsst_hardware_z 52.68082511171917 42.7599983215332 30.93000030517578 AB 4.191953186281695 1.1718913974460818
61380.2849 lsst_hardware_r -49.033857473287405 21.81999969482422 31.459999084472656 AB 5.970025986907174 1.1444139272026532
61380.297 lsst_hardware_u -0.5748322145158181 2.549999952316284 28.31999969482422 AB 5.081791175117519 1.1736238279717133
61384.1945 lsst_hardware_g -30.54043228077557 12.770000457763672 31.399999618530273 AB 10.238054235046308 1.0616350179786016
61384.2061 lsst_hardware_r 3.800977238683193 21.56999969482422 31.489999771118164 AB 10.402088099392827 1.0632729728418437
61393.1929 lsst_hardware_z -25.788880197266256 44.56999969482422 30.959999084472656 AB 5.517424531045605 1.068164274208965
61393.2048 lsst_hardware_r 11.46527557268661 33.43000030517578 31.579999923706055 AB 5.52195213199128 1.0768237386880208
61395.1977 lsst_hardware_z -69.63447541932959 70.2699966430664 31.719999313354492 AB 5.131153951847923 1.0754130121238714
61404.1728 lsst_hardware_g 17.071223467574846 18.209999084472656 31.510000228881836 AB 9.998859180124786 1.0751461484005145
61404.1869 lsst_hardware_r -10.043294748205664 27.399999618530273 31.530000686645508 AB 10.132604597228442 1.0895273760460689
61406.1792 lsst_hardware_i -15.325809588062992 30.139999389648438 31.239999771118164 AB 7.610809845912994 1.0868843506611285
61406.1909 lsst_hardware_r -8.303751113286786 21.719999313354492 31.469999313354492 AB 7.7180904536864485 1.1022591840673357
61408.1735 lsst_hardware_u -1.0201151775095614 2.569999933242798 28.3799991607666 AB 4.115541714940246 1.0866116739116163
61408.1881 lsst_hardware_g 16.783964934738883 12.75 31.3700008392334 AB 4.176581835752217 1.1063060289390685
61410.1765 lsst_hardware_r 30.064421488456446 21.59000015258789 31.469999313354492 AB 12.53090896282787 1.0972854994120955
61410.1906 lsst_hardware_i -73.27565913246457 30.280000686645508 31.229999542236328 AB 12.890914470875408 1.1196752509862324
61412.1174 lsst_hardware_r 8.80973939775465 21.420000076293945 31.479999542236328 AB 9.331894645770554 1.0616590577199878
61412.13 lsst_hardware_i -46.701556809462424 29.739999771118164 31.239999771118164 AB 8.506430894925487 1.0633924779055113
61414.1572 lsst_hardware_u -1.8666910000596122 2.5199999809265137 28.34000015258789 AB 6.954947707485951 1.0867105792946798
61414.1704 lsst_hardware_g -13.069710916542542 12.5600004196167 31.350000381469727 AB 8.299967009691168 1.1042819269163582
61416.1046 lsst_hardware_u -0.0917935175091845 2.6600000858306885 28.459999084472656 AB 6.073692100944787 1.0617414738125701
61416.1195 lsst_hardware_g 0.5017134113701899 12.65999984741211 31.3700008392334 AB 6.025910960716128 1.0635211720289708
61421.1027 lsst_hardware_z -38.59553324728343 60.38999938964844 31.700000762939453 AB 3.961427627208153 1.0626859706815512
61423.0989 lsst_hardware_z -2.9905616582902907 80.06999969482422 32.15999984741211 AB 4.233257973486829 1.0630984363352105
61423.1129 lsst_hardware_r 195.67628663950165 76.41999816894531 32.810001373291016 AB 4.223312144695677 1.0693283060376444
61425.0969 lsst_hardware_i -12.49643945195795 50.29999923706055 31.309999465942383 AB 8.177149737243774 1.0641787789229273
61425.1102 lsst_hardware_z 55.45111609055672 50.75 30.969999313354492 AB 8.2191866042173 1.0711480277870888
61427.0956 lsst_hardware_i 0.21750314107470498 61.619998931884766 31.31999969482422 AB 11.96135521904987 1.0658765278921685
61427.1085 lsst_hardware_z -90.90730002692067 57.349998474121094 30.969999313354492 AB 11.982529495060469 1.0739439386117413
61429.0791 lsst_hardware_u 14.009074134234815 14.5 29.3700008392334 AB 13.784262839312055 1.0623299941668571
61429.0942 lsst_hardware_g 25.94358690871157 72.06999969482422 31.709999084472656 AB 13.856201922115101 1.0679565241138465
61431.0721 lsst_hardware_r -30.477382345148747 21.59000015258789 31.489999771118164 AB 12.667590701390614 1.0620787866403545
61431.0853 lsst_hardware_i 43.71115410480674 37.40999984741211 31.290000915527344 AB 14.549126169973718 1.0661694617516801
61433.0705 lsst_hardware_z 88.08312868201709 41.08000183105469 30.940000534057617 AB 12.356036990592498 1.0628239519390286
61433.0832 lsst_hardware_u -0.14471470146513551 2.609999895095825 28.40999984741211 AB 12.45046049886952 1.0679146127804369
61435.0703 lsst_hardware_g 4.165485917798959 12.84000015258789 31.399999618530273 AB 12.012295484725119 1.064440122408634
61435.0832 lsst_hardware_r -5.655621113815175 21.600000381469727 31.489999771118164 AB 11.957875055570716 1.0713661798683594
61437.0682 lsst_hardware_i -60.90377408354544 52.029998779296875 32.439998626708984 AB 8.647852482006959 1.065837781768246
61437.0833 lsst_hardware_z 39.894931015074434 58.369998931884766 31.700000762939453 AB 8.718257094139663 1.0756751059508713
61439.0631 lsst_hardware_i -20.073832391389875 30.0 31.260000228881836 AB 8.445696700615686 1.0660057051675
61439.0759 lsst_hardware_u 6.731797183528091 2.7699999809265137 28.540000915527344 AB 8.479074923944491 1.0740823921138158
61441.0657 lsst_hardware_g 1.6835047068122404 12.75 31.389999389648438 AB 6.393272369724453 1.0706010108386026
61441.0784 lsst_hardware_r 7.702533027617872 21.639999389648438 31.489999771118164 AB 6.501537154868583 1.0812618094161595
61444.0631 lsst_hardware_i -23.888950549477123 29.850000381469727 31.25 AB 10.616878002070138 1.0747731634722706
61444.0774 lsst_hardware_r 12.284874659159671 21.579999923706055 31.469999313354492 AB 10.957768926980414 1.0892143760821464
61446.0616 lsst_hardware_u -0.6242134143497342 2.6500000953674316 28.450000762939453 AB 2.803384269288003 1.078224718956924
61446.0747 lsst_hardware_g -4.8550059617682475 12.779999732971191 31.3700008392334 AB 2.840882527323661 1.0926471258937156
