data/validation/pwv_sim_epoch_fit_seasonal/22397254.ecsv
# %ECSV 0.9
# ---
# datatype:
# - {name: time, datatype: float64}
# - {name: band, datatype: string}
# - {name: flux, datatype: float64}
# - {name: fluxerr, datatype: float64}
# - {name: zp, datatype: float64}
# - {name: zpsys, datatype: string}
# - {name: pwv, datatype: float64}
# - {name: airmass, datatype: float64}
# meta: {SNID: '22397254', alt: 1024.0, c: -0.013808890245854855, dec: -49.702389, lat: -30.244573, lon: -70.7499537, ra: 209.375, t0: 60384.2578125,
#   x0: 1.7256500054934464e-05, x1: 0.1542745977640152, z: 0.3654782772064209}
# schema: astropy-2.0
time band flux fluxerr zp zpsys pwv airmass
60350.3878 lsst_hardware_r -56.65076071344273 32.400001525878906 31.56999969482422 AB 4.0227487296417745 1.061411274311843
60352.3748 lsst_hardware_i -15.541000413682434 31.030000686645508 31.25 AB 6.543217114221411 1.0626130754433083
60352.3857 lsst_hardware_y -35.248856202405854 56.400001525878906 30.049999237060547 AB 5.459500915952387 1.0613337705972652
60354.3755 lsst_hardware_g -1.8114275208757213 14.350000381469727 31.420000076293945 AB 2.7384729074241005 1.0615264686206578
60354.3865 lsst_hardware_y -47.6449312848878 56.27000045776367 30.049999237060547 AB 2.7050247547526967 1.0619392500746514
60356.3767 lsst_hardware_i -27.106146694717445 31.15999984741211 31.25 AB 3.394410869864207 1.0614167823215157
60356.3884 lsst_hardware_y -70.02683985306568 58.470001220703125 30.049999237060547 AB 3.4481132846570017 1.0639041297923486
60359.3727 lsst_hardware_u 1.0438743631342946 2.930724113959253 28.540000915527344 AB 3.3507856675890753 1.0619154367111818
60359.3837 lsst_hardware_z 90.39064542552109 43.66890538348268 30.959999084472656 AB 2.2805686336909656 1.0653129200938762
60365.364 lsst_hardware_i 566.9620529501574 70.6479458316924 31.31999969482422 AB 9.150140975112885 1.0639698808270797
60365.3753 lsst_hardware_z 605.9213260676397 63.977823882801054 30.979999542236328 AB 8.664543897667093 1.0696967774897645
60369.3629 lsst_hardware_i 1581.7438382541054 72.48236936723454 31.31999969482422 AB 4.507507227123556 1.0687628280079562
60369.3742 lsst_hardware_r 2361.9260826638174 86.26003391669313 31.639999389648438 AB 4.493436114489998 1.077347320157442
60372.3528 lsst_hardware_z 1607.9757437315927 60.97894240427685 30.959999084472656 AB 7.7068473161884725 1.0676398623259604
60372.365 lsst_hardware_g 2545.4016884849207 61.95011928145204 31.670000076293945 AB 8.061497194821488 1.0764450787583772
60375.3648 lsst_hardware_r 4311.7317391463375 68.95529505974237 31.489999771118164 AB 9.32532802365382 1.0843404678667232
60375.3763 lsst_hardware_i 3048.1826419770614 63.293220682264646 31.239999771118164 AB 9.801842405671938 1.0987791352296405
60378.3366 lsst_hardware_i 3905.4857183723834 67.97745621507259 31.25 AB 8.920834363834707 1.0677453406812074
60378.3479 lsst_hardware_z 2508.4239538535717 63.64884014218162 30.940000534057617 AB 9.058592619687316 1.0758210589284667
60381.3511 lsst_hardware_g 3106.4312909094615 57.6133912206581 31.399999618530273 AB 13.932046404216855 1.0873792315486588
60381.3647 lsst_hardware_r 5453.08189481334 77.0220372668473 31.479999542236328 AB 14.172030710157143 1.105893929782077
60386.3183 lsst_hardware_u 16.925428353035336 4.8131746388615655 28.360000610351562 AB 6.453065057301775 1.0699234647897273
60386.3313 lsst_hardware_g 2728.106506474213 53.66866356034274 31.389999389648438 AB 6.562055803311329 1.0807074774886907
60388.2685 lsst_hardware_g 2498.2382096394676 51.55662243020777 31.399999618530273 AB 5.314393950146372 1.0654714371931109
60388.2795 lsst_hardware_r 5201.780993821807 75.45065316050412 31.479999542236328 AB 5.2855020041138925 1.0619855342804632
60390.289 lsst_hardware_i 4377.043733267743 77.2609862618032 31.290000915527344 AB 5.5752320856417805 1.0621006973647404
60390.3014 lsst_hardware_z 2795.126561437286 68.26851695077868 30.950000762939453 AB 6.156913350924094 1.066439956857522
60394.2847 lsst_hardware_r 4801.9030536654 121.33515944084677 31.649999618530273 AB 7.553956915967895 1.0639375937982951
60394.2967 lsst_hardware_z 2483.004637398951 82.87115253352204 30.989999771118164 AB 6.847845703127441 1.0700873585468447
60396.3067 lsst_hardware_r 4277.2497392035775 123.55794175249989 31.649999618530273 AB 8.130712493026492 1.083517123271121
60400.2313 lsst_hardware_z 1807.2883895907944 65.39855967992035 30.959999084472656 AB 4.5037650466195895 1.0677489441962174
60400.2433 lsst_hardware_r 3436.3788848827808 79.19417473529667 31.6299991607666 AB 4.4718931388976735 1.0627543404517912
60402.2311 lsst_hardware_i 2799.4953511505123 62.96241772703119 31.260000228881836 AB 7.6610867597153725 1.0651123366883724
60402.2426 lsst_hardware_z 1644.5700500417859 58.84084534991636 30.940000534057617 AB 7.586400698180425 1.0617775644759166
60404.2333 lsst_hardware_i 2612.322670280707 58.355248651564395 31.239999771118164 AB 7.458559295335376 1.0625232862912037
60404.246 lsst_hardware_u 0.8525616691240534 3.6793845436357033 28.399999618530273 AB 7.479079290646403 1.0614645601258024
60414.2134 lsst_hardware_g 378.6564526792242 23.267850052972943 31.440000534057617 AB 10.628724898509523 1.0614218799483564
60414.2238 lsst_hardware_r 1164.154501286233 41.363767553995345 31.5 AB 10.688329123798509 1.062176605651104
60416.2177 lsst_hardware_i 1641.9548311303683 51.23578726415258 31.25 AB 14.15858824928122 1.062053426710098
60416.2281 lsst_hardware_r 1077.0398829534638 39.61898446536461 31.5 AB 14.070405458988475 1.0653479475282779
60421.2011 lsst_hardware_z 1280.1528664264488 67.44243831980556 30.979999542236328 AB 9.859747542959235 1.0616148094707116
60421.2126 lsst_hardware_r 1125.7706110396857 80.85142166436526 31.649999618530273 AB 8.904028083090926 1.064565767944874
60425.1931 lsst_hardware_i 1460.1415867623373 103.78722022318074 31.34000015258789 AB 6.822003507351754 1.0620521540745584
60425.2039 lsst_hardware_z 1150.1918371110721 87.56050880205143 31.0 AB 6.8488100433313175 1.065520413317116
60434.2 lsst_hardware_u 1.6057626057996182 2.79605087901744 28.440000534057617 AB 10.04847969894512 1.080481688058615
60434.2106 lsst_hardware_g 160.41074592139327 18.307728534094057 31.399999618530273 AB 10.046111284615819 1.0925624018070492
60442.0988 lsst_hardware_r 380.1958643164536 30.35469314552773 31.489999771118164 AB 6.93510499223306 1.0820321914239137
60442.1136 lsst_hardware_i 744.2800883697674 40.36850635601606 31.239999771118164 AB 6.847710514066661 1.0696065885948576
60444.1332 lsst_hardware_z 480.84251895298763 47.078439099205255 30.940000534057617 AB 7.351783519401308 1.0613739440907
60444.1453 lsst_hardware_i 670.2255706207609 39.9277916613905 31.239999771118164 AB 7.303427865054185 1.0630254640141539
60457.1578 lsst_hardware_i 33.927418154696475 71.80000305175781 32.04999923706055 AB 8.030883750902209 1.1068684102959896
60457.1739 lsst_hardware_z 40.48085878089788 74.2699966430664 31.709999084472656 AB 8.573127778685274 1.1362159098805364
60459.1108 lsst_hardware_u -0.23155891317297708 2.700000047683716 28.450000762939453 AB 12.975402284164755 1.0654133046630427
60459.123 lsst_hardware_g -21.93860061372724 21.6200008392334 31.56999969482422 AB 13.057447881159492 1.072810753304695
60461.098 lsst_hardware_r -1.9952640880488814 22.559999465942383 31.489999771118164 AB 7.922016885997723 1.06278734719589
60461.1115 lsst_hardware_i 17.18147343165152 30.56999969482422 31.25 AB 7.864714896678019 1.0686721935880383
60463.0986 lsst_hardware_z -23.394079899112317 41.25 30.940000534057617 AB 9.681436006163043 1.064859461177794
60463.1112 lsst_hardware_u -0.17069951585756496 2.569999933242798 28.34000015258789 AB 9.69519806040982 1.0721515092654321
60465.099 lsst_hardware_g -6.317430825204433 13.65999984741211 31.40999984741211 AB 9.622619306300232 1.067746374549072
60465.111 lsst_hardware_r -13.330833654161413 22.59000015258789 31.489999771118164 AB 9.72807147414567 1.0764117813715819
60467.0889 lsst_hardware_r -5.024981331787279 22.329999923706055 31.479999542236328 AB 4.595383445701004 1.0653902888022944
60467.1015 lsst_hardware_i 22.218598071698924 30.389999389648438 31.239999771118164 AB 4.544839988399604 1.073077283582361
60483.0212 lsst_hardware_z 0.3355469379137806 69.0199966430664 30.989999771118164 AB 3.4398390021377083 1.061842568957465
60483.0322 lsst_hardware_i -113.94001497702713 79.44999694824219 31.34000015258789 AB 3.4033960642377217 1.0616812095989565
60484.023 lsst_hardware_z 118.47836336277885 61.58000183105469 30.979999542236328 AB 4.263953483133563 1.0614110356919693
60484.0351 lsst_hardware_r 71.64606348011493 85.54000091552734 31.649999618530273 AB 4.3105828878337595 1.0627669841798804
60486.0234 lsst_hardware_u 0.7426849067273776 2.5999999046325684 28.3700008392334 AB 4.305368011080192 1.0616121344052034
60486.0365 lsst_hardware_g -24.174520541898772 30.920000076293945 31.639999389648438 AB 4.32971877309128 1.0651651416027037
60488.0153 lsst_hardware_r 9.557845611901863 22.239999771118164 31.479999542236328 AB 7.61256551593481 1.061416210901269
60488.0273 lsst_hardware_i -18.85130467643552 30.34000015258789 31.239999771118164 AB 7.656068178087182 1.0637121470075974
60492.0168 lsst_hardware_u -3.3582016613546326 2.630000114440918 28.399999618530273 AB 9.374193584468781 1.0638590006773854
60492.029 lsst_hardware_r 32.039324209620275 22.290000915527344 31.479999542236328 AB 9.408354468480294 1.0700431582007726
60493.9974 lsst_hardware_g 27.295838178618734 13.390000343322754 31.389999389648438 AB 8.714391113347165 1.0613823228639025
60494.0083 lsst_hardware_i 17.153122080546215 30.389999389648438 31.25 AB 8.39694779424243 1.0629047840813204
60499.9947 lsst_hardware_r -29.902012105078626 22.549999237060547 31.5 AB 8.421875754453499 1.0637710944112035
60500.0065 lsst_hardware_i -2.5521148866089427 30.5 31.25 AB 8.752398069622231 1.0696157244963231
60501.9966 lsst_hardware_z 44.18774639506795 41.560001373291016 30.950000762939453 AB 11.317508029075121 1.0670015897683998
60502.0087 lsst_hardware_r -18.603879020500614 23.770000457763672 31.510000228881836 AB 10.41076884791237 1.0753260184798192
60504.9978 lsst_hardware_z 25.01768575441071 45.41999816894531 30.950000762939453 AB 6.707169583838115 1.073132824976432
60505.0096 lsst_hardware_r -3.608783379653187 38.61000061035156 31.59000015258789 AB 5.848883852571712 1.0841137182135052
60506.9962 lsst_hardware_i -70.27244865253394 51.29999923706055 31.299999237060547 AB 1.9387187235369636 1.0763185141079603
60507.0071 lsst_hardware_z -54.91669566941649 52.970001220703125 30.959999084472656 AB 1.6311878696524331 1.0874585797682887
60715.3708 lsst_hardware_i -52.00422549268575 30.93000030517578 31.25 AB 7.04431181454686 1.06652546429506
60715.3828 lsst_hardware_y -67.74226428105266 54.599998474121094 30.049999237060547 AB 6.9517311956532115 1.0622249515857913
60723.3701 lsst_hardware_z 34.22925391678871 56.209999084472656 30.979999542236328 AB 4.273088731763916 1.0613732567719918
60723.3816 lsst_hardware_y 28.79006733948379 54.09000015258789 30.049999237060547 AB 3.5087519753293184 1.0632581743422178
60725.3727 lsst_hardware_z -30.073979575204245 50.650001525878906 30.969999313354492 AB 3.352152221308943 1.062348518571433
60725.3831 lsst_hardware_y 51.437005917791225 51.650001525878906 30.040000915527344 AB 2.2671395666266663 1.0660113161521882
60728.3609 lsst_hardware_r -54.35768125498953 27.850000381469727 31.549999237060547 AB 9.9092321003521 1.0617129189030723
60728.3723 lsst_hardware_y 119.56305960919421 47.5099983215332 30.040000915527344 AB 9.945045955844453 1.064837085052139
60730.3609 lsst_hardware_g -9.873889821706387 14.699999809265137 31.450000762939453 AB 10.74627305333786 1.0628036151156248
60730.3722 lsst_hardware_r 7.851469806278979 23.190000534057617 31.510000228881836 AB 10.694852887212209 1.067439363274944
60732.3604 lsst_hardware_i -4.3874196307961535 30.420000076293945 31.25 AB 7.073751887110096 1.0644423876472946
60732.3717 lsst_hardware_z -27.411344559135458 41.40999984741211 30.950000762939453 AB 7.040151101160855 1.070501193820551
60734.3575 lsst_hardware_r 0.6572660427692566 22.420000076293945 31.489999771118164 AB 5.1102879722422205 1.0655312702756923
60734.3685 lsst_hardware_u -1.3975263098765371 2.6600000858306885 28.420000076293945 AB 5.106983022275167 1.0721072787394075
60737.3582 lsst_hardware_g 18.29417923827691 13.550000190734863 31.399999618530273 AB 6.36082648933217 1.0706058947484576
60737.37 lsst_hardware_i 47.97849820764772 30.459999084472656 31.25 AB 6.477289456653847 1.080508694948929
60739.3547 lsst_hardware_z 27.891337975542513 41.540000915527344 30.940000534057617 AB 10.394635405538372 1.0719987011332308
60739.3672 lsst_hardware_r 0.9853416553080407 22.40999984741211 31.479999542236328 AB 10.503766654415188 1.0832534063234351
60741.3392 lsst_hardware_r 26.68930098125846 22.270000457763672 31.479999542236328 AB 9.166853022223615 1.065913142119025
60741.3513 lsst_hardware_u 2.90607024099022 2.5999999046325684 28.3700008392334 AB 9.23270559267474 1.0735704177528769
60743.3366 lsst_hardware_g 32.611677778719795 13.420000076293945 31.389999389648438 AB 7.31674683077975 1.067385080713815
60743.349 lsst_hardware_r 37.811133298414916 22.309999465942383 31.479999542236328 AB 7.450602337893515 1.076197118994722
60750.2935 lsst_hardware_r -57.50853313625802 100.05000305175781 31.65999984741211 AB 8.21459346037673 1.0614312643966917
60750.3057 lsst_hardware_i 25.858232954851417 79.08999633789062 31.329999923706055 AB 8.216112310869347 1.0626573370385015
60752.3002 lsst_hardware_r 4.846427065118714 82.93000030517578 31.65999984741211 AB 6.446023445234365 1.0626481116443431
60752.3133 lsst_hardware_z -142.5730604146033 62.150001525878906 30.989999771118164 AB 6.439277370482375 1.0681097042710639
60754.2922 lsst_hardware_z -25.803309337589084 76.18000030517578 31.729999542236328 AB 5.094315002819826 1.0620900662607788
60758.2841 lsst_hardware_r -22.76674222096608 24.8799991607666 31.530000686645508 AB 6.489871656372505 1.0627229043485402
60758.2961 lsst_hardware_y 83.01628181954717 47.689998626708984 30.040000915527344 AB 6.409597943661959 1.0676435318833946
60760.2879 lsst_hardware_r 5.574365412097149 22.469999313354492 31.5 AB 7.570020837586418 1.066200117969918
60760.2998 lsst_hardware_i 10.976330052275621 30.559999465942383 31.25 AB 6.856335112677624 1.0738751873254955
60762.2349 lsst_hardware_r 15.285412314675067 22.56999969482422 31.510000228881836 AB 8.203256348755454 1.0711542566383474
60762.2453 lsst_hardware_i 45.941497702587206 30.469999313354492 31.260000228881836 AB 8.091721437043429 1.0652141081719375
60764.2346 lsst_hardware_z 9.368718179638355 41.59000015258789 30.950000762939453 AB 6.931846725036825 1.0678617733958002
60764.246 lsst_hardware_r -20.110363856374143 22.489999771118164 31.5 AB 6.917948783706787 1.0629915156279635
60767.2378 lsst_hardware_u -0.10854394601015475 2.759999990463257 28.510000228881836 AB 9.091269881653364 1.0629956014794995
60767.2498 lsst_hardware_g 7.959571479251011 13.760000228881836 31.43000030517578 AB 9.066757678738337 1.061391229414869
60769.2321 lsst_hardware_r 13.466852573079859 22.260000228881836 31.469999313354492 AB 5.84685994155619 1.0630654439193072
60769.2435 lsst_hardware_z -49.54841083753503 41.08000183105469 30.940000534057617 AB 5.837632471262834 1.061387722047788
60771.227 lsst_hardware_r 28.776846638582583 22.469999313354492 31.489999771118164 AB 15.832491752213784 1.0629638182938341
60771.2385 lsst_hardware_u 4.954136193226195 2.680000066757202 28.440000534057617 AB 15.758799922805586 1.0613892453957334
60775.2289 lsst_hardware_i -25.945054769303066 57.5 31.31999969482422 AB 5.07217992022184 1.0614215792874944
60775.2409 lsst_hardware_z 22.78404480282279 55.0 30.979999542236328 AB 5.126290205781865 1.0636928079502195
60780.2078 lsst_hardware_z 10.681199875965769 77.12999725341797 30.989999771118164 AB 10.512030468109714 1.0618212594050216
60780.2192 lsst_hardware_i 39.60329934725906 89.16999816894531 31.34000015258789 AB 10.615617077210164 1.061774062533501
60782.2114 lsst_hardware_z -13.832110518027669 59.560001373291016 30.979999542236328 AB 13.99225481052938 1.0615204438495889
60782.2246 lsst_hardware_r 66.88979854157235 76.0 31.649999618530273 AB 14.157625552753197 1.0647499788984274
60790.1941 lsst_hardware_g -28.211352188423525 13.880000114440918 31.420000076293945 AB 13.42283854801737 1.0621435052832737
60790.2061 lsst_hardware_r 20.00887349137375 22.780000686645508 31.5 AB 13.447850076463519 1.0662671440586886
60792.1857 lsst_hardware_i -19.351200159061317 30.489999771118164 31.229999542236328 AB 3.747747388310204 1.0616848125525435
60792.1982 lsst_hardware_z -21.19326340676245 41.40999984741211 30.940000534057617 AB 3.75992869933837 1.0651356088778032
60800.1884 lsst_hardware_y -69.35053431093927 47.79999923706055 30.040000915527344 AB 9.832670908716992 1.0722066309052931
60800.201 lsst_hardware_g 6.171047832428611 14.640000343322754 31.450000762939453 AB 10.00099508879653 1.08364883397947
60802.1383 lsst_hardware_z -97.65732451396434 67.80999755859375 31.719999313354492 AB 6.507636091103301 1.0643247164209728
60804.1394 lsst_hardware_r -34.618360363672046 73.20999908447266 31.649999618530273 AB 8.073899506082961 1.0623551981688106
60804.1498 lsst_hardware_i -40.41776264224076 60.56999969482422 31.31999969482422 AB 8.066925889012882 1.0614376169753794
60806.1265 lsst_hardware_z -6.410241220016172 78.44999694824219 31.0 AB 8.252005959588642 1.0646719297601706
60806.138 lsst_hardware_r 115.97125091882977 117.02999877929688 31.65999984741211 AB 8.196407676254335 1.0616764581787292
60808.1355 lsst_hardware_z -23.90160213603427 119.77999877929688 31.75 AB 7.411778591317785 1.0614412074494697
60810.1269 lsst_hardware_r 99.26737712727314 88.88999938964844 31.649999618530273 AB 7.40181236246365 1.0616991196457148
60810.1395 lsst_hardware_z 0.26987392012698286 64.48999786376953 30.989999771118164 AB 7.309382659774989 1.0621529658185984
60812.1247 lsst_hardware_r 43.33049875879955 54.91999816894531 31.6299991607666 AB 9.032305363984767 1.0614378475803434
60812.1384 lsst_hardware_y -16.21753012180671 49.869998931884766 30.040000915527344 AB 8.374299157164135 1.0632343002272604
60814.1282 lsst_hardware_g -26.70220499911044 14.0 31.43000030517578 AB 7.965625824085446 1.0620834432113928
60814.1403 lsst_hardware_r -22.33991524975666 29.489999771118164 31.559999465942383 AB 7.996078198858068 1.0661437598477423
60818.1296 lsst_hardware_i -9.504334030136276 30.549999237060547 31.239999771118164 AB 1.9616410208914965 1.066254121968382
60818.1431 lsst_hardware_z 68.08934836883151 41.41999816894531 30.940000534057617 AB 2.011007559247803 1.0752613603785428
60819.098 lsst_hardware_z -54.85191697336683 41.4900016784668 30.950000762939453 AB 9.231181234283763 1.0624597150582809
60819.1105 lsst_hardware_r -5.071137279856367 22.65999984741211 31.489999771118164 AB 9.223241236702979 1.0615458636937434
60826.1031 lsst_hardware_r -11.131794132149244 22.610000610351562 31.5 AB 9.266622868215137 1.0642320115093307
60826.1151 lsst_hardware_u -1.7943540216758955 2.690000057220459 28.440000534057617 AB 9.365369020154198 1.0705725903239822
60830.109 lsst_hardware_i -42.63881256444699 38.83000183105469 31.280000686645508 AB 12.430502034344615 1.0741646641184734
60830.1205 lsst_hardware_z 25.519079047859048 45.59000015258789 30.950000762939453 AB 12.648202008103922 1.0852090582596083
60844.0846 lsst_hardware_r -54.41210796800813 22.459999084472656 31.489999771118164 AB 5.607314280000199 1.0878835180754445
60844.0963 lsst_hardware_z 19.13394761062559 41.650001525878906 30.940000534057617 AB 5.672566894606783 1.1036122363048217
60847.0845 lsst_hardware_r -35.879707460179944 22.450000762939453 31.479999542236328 AB 3.295035078714732 1.098345026238244
60847.0977 lsst_hardware_u -3.3838672048512892 2.5899999141693115 28.34000015258789 AB 3.358486593930424 1.1194955313101413
60851.0179 lsst_hardware_g -7.753710876145285 13.479999542236328 31.40999984741211 AB 5.341982920649039 1.0614617010164562
60851.0306 lsst_hardware_r 14.501086856009998 22.219999313354492 31.489999771118164 AB 5.321083839295366 1.0628704652696876
60861.0003 lsst_hardware_r 52.73772393539286 59.77000045776367 31.639999389648438 AB 3.980507824975393 1.0621768712409028
60861.012 lsst_hardware_i -24.071875294182224 52.349998474121094 31.309999465942383 AB 4.0031227974004855 1.0661726200462942
60862.9983 lsst_hardware_z -110.65918707031598 87.87000274658203 31.729999542236328 AB 4.26555573906895 1.063000620290022
60870.0001 lsst_hardware_i -22.890046197890523 30.530000686645508 31.239999771118164 AB 7.510299053419008 1.074434771590702
60870.0121 lsst_hardware_u -3.7846087103098736 2.5799999237060547 28.34000015258789 AB 7.564546012538189 1.0861448058684806
60871.999 lsst_hardware_g 2.1401458628246646 13.520000457763672 31.389999389648438 AB 4.5606168502917805 1.0782449799729434
60872.0114 lsst_hardware_r 0.8462482402254229 22.510000228881836 31.479999542236328 AB 4.774414658642333 1.091877113578823
