data/validation/pwv_sim_epoch_fit_seasonal/22452575.ecsv
# %ECSV 0.9
# ---
# datatype:
# - {name: time, datatype: float64}
# - {name: band, datatype: string}
# - {name: flux, datatype: float64}
# - {name: fluxerr, datatype: float64}
# - {name: zp, datatype: float64}
# - {name: zpsys, datatype: string}
# - {name: pwv, datatype: float64}
# - {name: airmass, datatype: float64}
# meta: {SNID: '22452575', alt: 1024.0, c: -0.05418791621923447, dec: -39.83844, lat: -30.244573, lon: -70.7499537, ra: 179.472656, t0: 61463.83203125,
#   x0: 3.229594176905392e-06, x1: 0.014284688048064709, z: 0.7332605123519897}
# schema: astropy-2.0
time band flux fluxerr zp zpsys pwv airmass
[from data line 134]
61829.2699 lsst_hardware_i -19.90915705296097 29.84000015258789 31.25 AB 5.568164544519096 1.0164903175560465
61829.283 lsst_hardware_z -44.68608342170895 40.52000045776367 30.950000762939453 AB 5.613230452629453 1.0229742950453091
61831.2668 lsst_hardware_i -84.93231858360105 29.84000015258789 31.25 AB 3.5188762075830367 1.0173102652741086
61831.2792 lsst_hardware_u 4.6425591647857605 2.6600000858306885 28.440000534057617 AB 3.582431337497369 1.0241370318746053
61833.2696 lsst_hardware_g -2.64262993499424 13.270000457763672 31.389999389648438 AB 5.911853807477206 1.0213836717642062
61833.2837 lsst_hardware_r 30.988589604522588 22.010000228881836 31.479999542236328 AB 6.029495409555435 1.032757317613229
61835.254 lsst_hardware_r 10.497843183958276 21.969999313354492 31.479999542236328 AB 7.911628538910711 1.0166465970651446
61835.2665 lsst_hardware_i 1.6232044529110088 29.850000381469727 31.239999771118164 AB 7.960259411994328 1.0228956785772012
61837.2659 lsst_hardware_z 45.93923621401372 62.060001373291016 31.709999084472656 AB 10.162369480300644 1.0265019677071356
61839.2581 lsst_hardware_z -28.796641040351176 56.689998626708984 30.979999542236328 AB 9.65943699271712 1.0246836919104803
61839.2692 lsst_hardware_r -19.89039542131332 74.62999725341797 31.65999984741211 AB 9.75058767697358 1.0347097869128774
61841.2554 lsst_hardware_i -141.845417684872 90.41000366210938 31.34000015258789 AB 8.197489720085866 1.0268468719705044
61841.2667 lsst_hardware_z -73.61106709836417 77.31999969482422 31.0 AB 8.278501965205706 1.0379915949101222
61844.2463 lsst_hardware_i 137.09484874739474 65.62000274658203 31.329999923706055 AB 9.481268220650689 1.0261112792911826
61844.2586 lsst_hardware_z -38.218012915593064 61.279998779296875 30.979999542236328 AB 9.031443567851605 1.0380969618220237
61846.2037 lsst_hardware_z -37.09618034201286 46.58000183105469 30.959999084472656 AB 8.694477103792403 1.015571526909392
61846.2171 lsst_hardware_r 40.13868593915112 45.70000076293945 31.6200008392334 AB 8.384465364698933 1.0150377246086901
61848.2265 lsst_hardware_i -27.303836304163095 33.31999969482422 31.270000457763672 AB 6.885234557186476 1.0201480990015892
61848.239 lsst_hardware_r 1.4553999404276552 29.25 31.559999465942383 AB 6.946225853063248 1.0291848506224022
61850.2117 lsst_hardware_z -30.24937220666272 40.619998931884766 30.950000762939453 AB 5.766278094026985 1.0162334722914352
61850.2234 lsst_hardware_u 2.439299367117108 2.690000057220459 28.459999084472656 AB 5.799929551524059 1.0215190086784434
61852.208 lsst_hardware_g -0.7685799342651919 13.739999771118164 31.420000076293945 AB 6.9962727347061815 1.0167892649356802
61852.2193 lsst_hardware_r -10.867672527739474 22.360000610351562 31.489999771118164 AB 6.597161830207472 1.022379889226682
61854.2085 lsst_hardware_i 10.026337949579577 30.049999237060547 31.25 AB 7.19370608524198 1.0192994807285838
61854.2212 lsst_hardware_z -16.115103469664813 40.61000061035156 30.940000534057617 AB 7.297077547195399 1.0279383760796477
61856.2093 lsst_hardware_u 0.6473473635269963 2.5799999237060547 28.3700008392334 AB 6.444854059918318 1.0229927079235426
61856.2209 lsst_hardware_g -12.07990398730965 13.65999984741211 31.399999618530273 AB 6.506385269887752 1.0327595666488496
61858.2097 lsst_hardware_r -18.59963621598267 22.440000534057617 31.489999771118164 AB 6.808716582283806 1.027446480060963
61858.2223 lsst_hardware_z -13.559621482367644 40.939998626708984 30.940000534057617 AB 7.013367110370806 1.0403788330957477
61860.1918 lsst_hardware_i -32.80854793680291 30.09000015258789 31.25 AB 4.78665576769039 1.01914212331731
61860.2042 lsst_hardware_r 6.221931548499691 22.329999923706055 31.479999542236328 AB 4.755384658125083 1.0274137751161463
61864.1854 lsst_hardware_r 22.48542059837861 22.3700008392334 31.489999771118164 AB 4.702704255774325 1.0216607116607268
61864.1967 lsst_hardware_i 21.95433193176923 30.239999771118164 31.239999771118164 AB 4.79062599495337 1.0304637545608453
61866.1515 lsst_hardware_i 54.54469781363395 43.7599983215332 31.309999465942383 AB 11.77693560052579 1.0151218032604088
61866.163 lsst_hardware_z 21.116148089995164 47.060001373291016 30.969999313354492 AB 11.714962342956992 1.015117398982466
61872.1399 lsst_hardware_z -3.0908365426154343 68.86000061035156 31.0 AB 6.392524100382649 1.014686365140103
61872.1515 lsst_hardware_r -45.61965552216358 98.33000183105469 31.670000076293945 AB 6.40205843598916 1.016199751744311
61876.056 lsst_hardware_z 10.928525142177001 41.869998931884766 30.950000762939453 AB 18.185224162675 1.0929167624184906
61878.1386 lsst_hardware_r -6.745259078918683 22.43000030517578 31.5 AB 11.91169279532273 1.0173687796717104
61878.15 lsst_hardware_i -16.11429099697441 30.1299991607666 31.25 AB 11.975255264252093 1.0235260909617174
61880.1191 lsst_hardware_i 43.76553869061829 30.030000686645508 31.25 AB 6.915009466392764 1.014674903359173
61880.1299 lsst_hardware_z -65.04677094183566 40.47999954223633 30.940000534057617 AB 6.594675146222529 1.0162722232810277
61883.1215 lsst_hardware_i 10.93000922066359 29.989999771118164 31.25 AB 4.7398658414808 1.0162117899942755
61883.1335 lsst_hardware_u -0.41166995830025277 2.619999885559082 28.399999618530273 AB 5.513338152567852 1.0216507277991016
61885.1184 lsst_hardware_g -19.122708743124132 13.800000190734863 31.440000534057617 AB 13.748584469110021 1.016969818340136
61885.1314 lsst_hardware_r 17.090469284349243 22.459999084472656 31.5 AB 14.235135540704205 1.0238894872116957
61888.0948 lsst_hardware_i -4.90849930610174 29.81999969482422 31.239999771118164 AB 2.3762142363688747 1.0147534105489857
61888.1079 lsst_hardware_r 8.966530714908068 22.170000076293945 31.479999542236328 AB 2.3701816020877153 1.0162276413124405
61889.1444 lsst_hardware_u -1.5276730171164268 2.5999999046325684 28.3700008392334 AB 8.555662133385429 1.0492595208959319
61889.1536 lsst_hardware_g 29.296999753337424 13.579999923706055 31.389999389648438 AB 8.629366047298133 1.0636795226400582
61891.1089 lsst_hardware_r -7.7954532572088056 22.360000610351562 31.5 AB 10.00874569953839 1.0200515388848963
61891.1188 lsst_hardware_i -4.098515328155387 30.229999542236328 31.260000228881836 AB 9.996835428784854 1.0267908205407617
61895.091 lsst_hardware_i -20.31063167111918 47.93000030517578 31.31999969482422 AB 9.434811247649101 1.016937942117174
61895.1037 lsst_hardware_z 51.54615994913311 49.97999954223633 30.979999542236328 AB 9.479837527352593 1.0236115889667528
61897.0501 lsst_hardware_z 4.722104994182102 66.18000030517578 30.989999771118164 AB 6.444060443462637 1.0215695059388585
61897.0612 lsst_hardware_i -58.401856341049495 72.87999725341797 31.34000015258789 AB 6.418327245909257 1.0164426709809578
61899.0923 lsst_hardware_z 76.71375330111206 78.08999633789062 31.0 AB 8.726528660127288 1.0232796271256699
61899.106 lsst_hardware_r -135.27689678803247 119.83999633789062 31.670000076293945 AB 8.907128900971076 1.0353916112412132
61908.0385 lsst_hardware_z 1.236240723388992 40.36000061035156 30.940000534057617 AB 7.3673552720208635 1.0149037224687218
61908.0495 lsst_hardware_u 2.0877602453438673 2.5299999713897705 28.34000015258789 AB 8.519258641642425 1.0153255968904846
61912.0779 lsst_hardware_z -29.41372037766501 40.86000061035156 30.950000762939453 AB 5.242869210682424 1.0442229133308856
61918.0003 lsst_hardware_z -26.071820003110833 40.59000015258789 30.950000762939453 AB 7.145659227628863 1.0177189571128653
61918.0049 lsst_hardware_i 37.768533123903545 29.860000610351562 31.25 AB 7.18383170354437 1.016136596562002
61927.9989 lsst_hardware_y 24.342255016636205 54.720001220703125 30.059999465942383 AB 4.601790004183292 1.0162963790157447
61928.0117 lsst_hardware_r -204.1337459302536 93.91999816894531 31.65999984741211 AB 4.616701802549951 1.0223366235577123
