data/validation/pwv_sim_epoch_fit_seasonal/22450608.ecsv
# %ECSV 0.9
# ---
# datatype:
# - {name: time, datatype: float64}
# - {name: band, datatype: string}
# - {name: flux, datatype: float64}
# - {name: fluxerr, datatype: float64}
# - {name: zp, datatype: float64}
# - {name: zpsys, datatype: string}
# - {name: pwv, datatype: float64}
# - {name: airmass, datatype: float64}
# meta: {SNID: '22450608', alt: 1024.0, c: -0.09223303943872452, dec: -2.089372, lat: -30.244573, lon: -70.7499537, ra: 182.285156, t0: 62199.8828125,
#   x0: 2.077804922421205e-06, x1: 0.02082519233226776, z: 0.8766831159591675}
# schema: astropy-2.0
time band flux fluxerr zp zpsys pwv airmass
62156.3621 lsst_hardware_r 51.33736526429118 26.389999389648438 31.520000457763672 AB 11.018532917389189 1.1340314336692847
62160.3583 lsst_hardware_g -10.611701930512012 16.020000457763672 31.450000762939453 AB 7.988794310705781 1.1325063701693865
62160.378 lsst_hardware_y 0.5572671008385703 79.43000030517578 30.040000915527344 AB 8.72211921830195 1.1399476193650715
62162.3164 lsst_hardware_z 104.12151852901792 43.63999938964844 30.940000534057617 AB 14.283746911239682 1.1644991775020122
62162.3346 lsst_hardware_y -108.48602172893781 48.59000015258789 30.010000228881836 AB 15.957244623868569 1.1409101419021004
62163.3531 lsst_hardware_u 1.9086378439100737 2.9400034985346712 28.5 AB 12.403278759502703 1.132529904536778
62163.3716 lsst_hardware_y -64.95565399082207 56.46175846606952 30.030000686645508 AB 12.540702080814855 1.1414820304755777
62165.3589 lsst_hardware_r 20.405571277194973 64.38229699384884 31.6299991607666 AB 13.22490462907262 1.1361601915010842
62165.3769 lsst_hardware_y -57.86943896745839 64.17761261433093 30.030000686645508 AB 13.671866300998786 1.1538413622245578
62167.3226 lsst_hardware_i -65.57200684125858 90.15498611524532 31.31999969482422 AB 12.25682746818137 1.1395339780756202
62167.3404 lsst_hardware_r 17.07307224399548 112.84187940789369 31.639999389648438 AB 13.113001407765568 1.1324650370146585
62169.3329 lsst_hardware_z -131.54030795636726 120.3809480544924 31.739999771118164 AB 9.583377145052001 1.1325637752671436
62173.331 lsst_hardware_z 98.36106054910026 46.226451549325795 30.950000762939453 AB 3.751338982324624 1.13350626448848
62173.3489 lsst_hardware_r 32.08570251548464 34.773584802134444 31.559999465942383 AB 5.084864924399524 1.1461002834859932
62175.3309 lsst_hardware_u 3.087581503106657 3.4479470391701215 28.56999969482422 AB 9.263502117543318 1.135766653151189
62175.3507 lsst_hardware_g 16.15463961092949 19.106984666758486 31.479999542236328 AB 9.42045087090059 1.155410981713073
62177.3271 lsst_hardware_r 39.31551552169507 26.88909709595489 31.510000228881836 AB 3.324352814134596 1.136725188625278
62177.3467 lsst_hardware_z 57.99977502746981 44.98363648219894 30.940000534057617 AB 3.9645463076319847 1.1575880989727922
62181.1382 lsst_hardware_g 60.89142485370616 16.456143529814216 31.049999237060547 AB 3.98714772803366 2.1669281130617715
62185.305 lsst_hardware_r 350.835104583169 31.365047236469827 31.5 AB 5.570304063036796 1.136564795559436
62185.323 lsst_hardware_u -1.444364767176048 3.0491395788093407 28.440000534057617 AB 5.678591937083387 1.154830837781969
62189.2722 lsst_hardware_r 519.4627546465193 33.30122313354895 31.5 AB 10.488796513236352 1.1339443788071517
62189.2897 lsst_hardware_z 420.0629715092776 47.91829286156736 30.940000534057617 AB 10.472865446549923 1.134347733176271
62191.2741 lsst_hardware_r 535.4323212422045 33.925912621380064 31.510000228881836 AB 11.202594590416094 1.1324712742826237
62191.2926 lsst_hardware_y 209.41954993146916 50.00010530793434 30.020000457763672 AB 11.30016709731175 1.1393211659195206
62193.2711 lsst_hardware_z 389.4366744010454 60.60930170109253 30.959999084472656 AB 7.359331579088314 1.1325097647964166
62193.2896 lsst_hardware_r 617.7650678884568 65.55761546432971 31.610000610351562 AB 7.405011092853075 1.1413835448118492
62195.2717 lsst_hardware_i 841.673930343764 106.0663724282599 31.31999969482422 AB 6.179271441400604 1.1337419316373196
62195.2893 lsst_hardware_z 513.256839188961 90.600194923039 30.979999542236328 AB 6.2710124617514404 1.146612060658499
62198.2243 lsst_hardware_z 538.2635966816151 83.6069353704751 30.979999542236328 AB 6.022938935756759 1.154686102744414
62198.2411 lsst_hardware_i 916.5598814197783 94.01061445394022 31.31999969482422 AB 5.915326053887943 1.137252874163374
62201.2679 lsst_hardware_z 607.0428154208795 53.06177690456749 30.950000762939453 AB 8.884554901109626 1.141509013183532
62201.2858 lsst_hardware_r 495.81678029924586 48.695423906947596 31.579999923706055 AB 9.083390280511086 1.165172084855345
62203.237 lsst_hardware_r 383.31022164172947 35.148202250458176 31.530000686645508 AB 12.211218234972492 1.1330463536099649
62203.2558 lsst_hardware_y 192.12638516206852 50.2286148980752 30.010000228881836 AB 11.25159921196791 1.1365251729260515
62205.2345 lsst_hardware_g 51.0605780039363 17.083189064205566 31.450000762939453 AB 11.412440323893323 1.1325610642302282
62205.2534 lsst_hardware_r 374.9487111527691 31.987182488128436 31.510000228881836 AB 10.739315893476398 1.1385741359141572
62207.2386 lsst_hardware_i 622.9059674402885 41.22381113185075 31.25 AB 8.38884459914923 1.1336276485336798
62207.2574 lsst_hardware_z 453.4380495386573 48.99151148536445 30.940000534057617 AB 9.168112713115187 1.147603998846133
62209.2376 lsst_hardware_r 289.8901675593083 30.686765705230798 31.5 AB 12.688129997182605 1.1355047429016112
62209.2567 lsst_hardware_u -1.4374972449273364 2.7797287306794316 28.360000610351562 AB 12.546187249206048 1.1537254355792006
62210.2285 lsst_hardware_g 3.4141859576499196 16.65675083345836 31.440000534057617 AB 10.46184584581048 1.1330928025355225
62210.2477 lsst_hardware_i 603.4973696619206 40.422349820950714 31.239999771118164 AB 10.595437891250475 1.1458863236089651
62212.2341 lsst_hardware_z 545.3044042986071 48.120443953692565 30.940000534057617 AB 9.425674510190479 1.1384352328269194
62212.2518 lsst_hardware_r 282.861956391677 29.97487825421255 31.5 AB 9.152886708872344 1.1585932542876385
62215.2325 lsst_hardware_u 2.904165795452137 2.971901269686702 28.530000686645508 AB 5.6113232943550475 1.1442339507249462
62215.2532 lsst_hardware_g -9.854353744039576 16.535572337593315 31.440000534057617 AB 5.862449077388679 1.1758606159100111
62217.1971 lsst_hardware_g 34.76043147229999 16.638088964515116 31.469999313354492 AB 5.404382923302513 1.1334893835467996
62217.2162 lsst_hardware_r 196.86062250381164 28.805616535617634 31.520000457763672 AB 6.5839687692659075 1.135738161880125
62219.1953 lsst_hardware_i 350.7420079026584 40.26173839318041 31.270000457763672 AB 6.770853869652309 1.1326759850532762
62219.2143 lsst_hardware_z 455.62324798934225 47.36088673947027 30.950000762939453 AB 6.748947371392685 1.1379425102811989
62221.2135 lsst_hardware_z 398.4475520977462 55.93331579838596 30.969999313354492 AB 7.434505921685039 1.1416916774618062
62221.2317 lsst_hardware_r 188.9237656937062 56.2223847401746 31.610000610351562 AB 7.609148205175179 1.166063628101327
62223.207 lsst_hardware_i 351.02519141441314 98.10384038541281 31.31999969482422 AB 8.201375640422933 1.1407699796582509
62223.2255 lsst_hardware_z 415.4909513017276 86.76889178038829 30.989999771118164 AB 8.937199389754445 1.1647594669300565
62225.1794 lsst_hardware_z 159.9199509790336 115.17952185710458 30.989999771118164 AB 7.696101865210548 1.1326124893613758
62225.197 lsst_hardware_r 164.8197781654448 170.77061686018203 31.639999389648438 AB 7.707234420153378 1.1373193930378773
62227.1828 lsst_hardware_y 132.76229283888128 81.7424874313585 30.770000457763672 AB 5.96866300739241 1.1332725129145438
62229.1719 lsst_hardware_r 71.71692671280985 53.271692579388 31.610000610351562 AB 7.069557289764285 1.1324579169848437
62229.1901 lsst_hardware_i 160.1506083122984 49.67022185741406 31.290000915527344 AB 7.243369320185054 1.1403289232028995
62231.1766 lsst_hardware_z 214.81401090182504 47.025707841599626 30.950000762939453 AB 8.391137167351552 1.135036702304247
62231.1952 lsst_hardware_r 100.72764040342103 35.25524957816775 31.559999465942383 AB 8.513960093678488 1.1517673313132502
62235.1729 lsst_hardware_i 114.53765511264365 34.741170375178896 31.25 AB 9.058564403335856 1.139657092952866
62235.19 lsst_hardware_z 164.17867479152181 45.51914524306281 30.940000534057617 AB 9.277893988308787 1.1601718129684615
62237.1604 lsst_hardware_r 12.005581872784022 25.964563297929907 31.5 AB 3.3892930083707062 1.1351246469564185
62237.1777 lsst_hardware_u -1.6475177673885497 2.716034912529396 28.329999923706055 AB 3.785381803571678 1.150309748103526
62241.1112 lsst_hardware_g 10.32706271535819 16.01913426431107 31.440000534057617 AB 11.927257936772229 1.1489599926248222
62241.128 lsst_hardware_r 48.6590485744182 25.845166800269297 31.510000228881836 AB 12.015614259184797 1.1348510956775668
62243.1649 lsst_hardware_i 67.61464560417932 34.19595854816624 31.25 AB 16.931675880504805 1.1551938241457873
62243.182 lsst_hardware_z 145.74489092033596 45.370730456708934 30.940000534057617 AB 16.21358740380286 1.1873446812334272
62245.1572 lsst_hardware_r 24.565014655701134 25.655725444592253 31.510000228881836 AB 10.84903698136639 1.152069340699415
62245.1744 lsst_hardware_g 13.90375110097097 16.004796191222272 31.440000534057617 AB 10.727509262982016 1.1824855889530441
62247.1581 lsst_hardware_r 26.211673071867747 25.53930155364169 31.5 AB 8.533565881238554 1.1615825061238079
62247.1771 lsst_hardware_i 64.9816006093052 34.11358512348549 31.239999771118164 AB 8.161557767468755 1.2023951629728196
62249.1233 lsst_hardware_i 97.65939829956747 47.075741254437766 31.290000915527344 AB 5.143799806344121 1.1334324478256264
62249.1405 lsst_hardware_z 3.5112232791718676 51.332250158467474 30.959999084472656 AB 6.235395058362204 1.1451072142440117
62251.1278 lsst_hardware_r 91.24915927335509 97.45048653067765 31.639999389648438 AB 15.847270598824798 1.1385692221184962
62251.144 lsst_hardware_z 133.35138049549198 74.6243791269021 30.979999542236328 AB 16.20401918870753 1.156583157952751
62255.1223 lsst_hardware_i 31.976932588288747 85.16650366317872 31.309999465942383 AB 10.08357606565079 1.1432409892841167
62255.1396 lsst_hardware_z -16.305695950324814 74.35182695568054 30.969999313354492 AB 9.584533305319844 1.167386292173788
62258.1207 lsst_hardware_r -30.74344409912779 50.65264654695263 31.600000381469727 AB 10.272336117866665 1.1507471379238237
62258.1382 lsst_hardware_g 119.68456527871643 53.06262361587594 31.649999618530273 AB 8.80195201809263 1.1809416840016944
62260.1221 lsst_hardware_r 48.10065249938367 25.400196116979682 31.489999771118164 AB 13.718411039966345 1.1607573752985865
62260.1391 lsst_hardware_i -57.75364930822202 37.58998218637764 31.25 AB 12.069893209987267 1.1958874987189525
62262.1145 lsst_hardware_z 42.19098575543363 44.31562637051724 30.940000534057617 AB 4.187826924984337 1.1573911354171362
62262.1324 lsst_hardware_i 35.94769373014011 33.67113848680742 31.239999771118164 AB 4.2015381353846735 1.1927998680975676
62265.0783 lsst_hardware_g 66.26020092813492 16.397768078684592 31.450000762939453 AB 10.089652929291614 1.1330853507229364
62265.0976 lsst_hardware_r 5.821639380111571 25.2259923553909 31.5 AB 9.798770397886457 1.1459656632489006
62269.0394 lsst_hardware_r 12.147864453976837 25.155219837013135 31.5 AB 8.114223792522068 1.143761282599541
62269.0584 lsst_hardware_g 16.957175824311363 16.23087687338381 31.440000534057617 AB 8.261877304150126 1.1327338206204114
62271.0406 lsst_hardware_r 67.74995746036967 25.036764781680578 31.489999771118164 AB 6.687099247552372 1.1380520907465284
62271.0613 lsst_hardware_i 49.9193280903108 32.89628985921196 31.239999771118164 AB 7.364166247599332 1.1329486534768203
62276.039 lsst_hardware_z 26.33317354626943 45.009197818098365 30.940000534057617 AB 7.910306515936864 1.1327813429029963
62276.0597 lsst_hardware_i 46.85750642129673 35.85084608558469 31.25 AB 8.014496267178448 1.1386923420098087
62278.0351 lsst_hardware_z 34.10038038324912 54.77772307203678 30.959999084472656 AB 5.202266371224501 1.1325688761736301
62278.0543 lsst_hardware_g 11.69111549433461 53.595876076240934 31.670000076293945 AB 5.723583918263886 1.1387384070159436
62280.9992 lsst_hardware_y 1.9042243474737957 59.39669136970455 30.020000457763672 AB 5.383402234647401 1.1525571242777666
62281.0219 lsst_hardware_r 66.9290058134208 99.53373052668877 31.639999389648438 AB 5.340166170251239 1.1336327845141323
62283.9998 lsst_hardware_i 95.73667186931986 69.88510618451011 31.309999465942383 AB 7.384127330799848 1.1424348001546913
62284.0197 lsst_hardware_z 82.36929149153653 63.24410927759755 30.969999313354492 AB 8.031059037671092 1.1324908746627782
62287.0043 lsst_hardware_r -18.44791783607788 25.38926036623543 31.5 AB 10.042938068071168 1.134058444295646
62287.026 lsst_hardware_i -4.355628735226901 33.333433274126826 31.25 AB 10.072406943304651 1.1362634038360484
62289.9989 lsst_hardware_z -29.420166868343767 43.534966671603875 30.940000534057617 AB 10.363310585890531 1.1331801923630118
62290.0217 lsst_hardware_i 3.978452885203481 33.11340534542272 31.25 AB 10.277311355555076 1.1388654193985082
62302.964 lsst_hardware_y 9.356950164076897 49.9900016784668 30.020000457763672 AB 10.368158364101074 1.1330391895856513
62302.9877 lsst_hardware_r -19.207279963807622 26.639999389648438 31.520000457763672 AB 10.402677726084839 1.1400507110972533
62304.9709 lsst_hardware_z 70.53628371547667 67.1500015258789 31.709999084472656 AB 7.605011945106577 1.1335959672229707
62306.9586 lsst_hardware_y 26.07730349939543 59.689998626708984 30.030000686645508 AB 4.180187242911857 1.1324584471147037
62306.9823 lsst_hardware_g 13.387809644507112 56.65999984741211 31.68000030517578 AB 4.118304933508516 1.1452991703847553
62308.9572 lsst_hardware_y 107.16162172220618 61.209999084472656 30.030000686645508 AB 4.696192395260419 1.1328865540193045
62308.9813 lsst_hardware_i 6.281917291733344 63.77000045776367 31.309999465942383 AB 6.141753790702848 1.1505720851822494
62522.3607 lsst_hardware_i 27.029305935560235 80.68000030517578 31.31999969482422 AB 12.761445130461237 1.133746013722569
62524.363 lsst_hardware_z -178.89853928373932 117.25 31.729999542236328 AB 10.600216378770137 1.1324110118067678
62526.3578 lsst_hardware_r -53.9072199346037 70.87999725341797 31.6200008392334 AB 11.051390664200646 1.1324113053574225
62526.3781 lsst_hardware_y 79.41504875601537 81.2300033569336 30.030000686645508 AB 13.074958132257187 1.1417349302665238
62528.3127 lsst_hardware_r 58.7754196338878 35.09000015258789 31.559999465942383 AB 13.853560733533598 1.1674021010814526
62528.3303 lsst_hardware_y -50.91910601549878 49.09000015258789 30.020000457763672 AB 13.479433155406365 1.142938285130982
62530.3318 lsst_hardware_u -0.2967998913813607 3.0199999809265137 28.43000030517578 AB 12.58785597827157 1.1372684625985066
62530.3499 lsst_hardware_g 1.7020870684238603 17.049999237060547 31.459999084472656 AB 13.090018273661073 1.1326402947970788
62532.329 lsst_hardware_r -28.259191519539815 24.56999969482422 31.489999771118164 AB 12.212793157619348 1.1356776154940693
62532.3458 lsst_hardware_z -7.898404116845397 43.060001373291016 30.940000534057617 AB 13.055902282312175 1.132874126958647
62536.3299 lsst_hardware_g -15.4491550842393 15.369999885559082 31.43000030517578 AB 8.776629509621964 1.1324074417016579
62536.3478 lsst_hardware_r -24.554784774622206 24.56999969482422 31.489999771118164 AB 9.446558154065512 1.1391918021544685
62538.3282 lsst_hardware_i 22.706327550247742 32.119998931884766 31.229999542236328 AB 3.7706144902542 1.1326568009174922
62538.3467 lsst_hardware_z -3.9636782654948832 43.150001525878906 30.940000534057617 AB 5.056894168238674 1.1430161992628385
62542.3286 lsst_hardware_g 34.94362453983854 15.329999923706055 31.420000076293945 AB 3.3010305457408164 1.1371753616837041
62542.347 lsst_hardware_i -21.595701962269867 32.56999969482422 31.239999771118164 AB 3.9605414106549666 1.1569254364133257
62544.3018 lsst_hardware_z -65.54588951463091 43.06999969482422 30.940000534057617 AB 6.887561737325755 1.1333663469031188
62544.3181 lsst_hardware_r 20.858193296785327 24.670000076293945 31.510000228881836 AB 6.939589917114436 1.1344605817774434
62545.2953 lsst_hardware_u 2.4003694345880313 2.75 28.389999389648438 AB 6.468240233037335 1.134778988252164
62545.3127 lsst_hardware_g -18.487149108733487 15.319999694824219 31.43000030517578 AB 6.460833211725199 1.1334795108289824
62547.2979 lsst_hardware_r -44.793809798344604 44.97999954223633 31.600000381469727 AB 4.514034056864699 1.132519520852546
