data/validation/pwv_sim_epoch_fit_seasonal/2255460.ecsv
# %ECSV 0.9
# ---
# datatype:
# - {name: time, datatype: float64}
# - {name: band, datatype: string}
# - {name: flux, datatype: float64}
# - {name: fluxerr, datatype: float64}
# - {name: zp, datatype: float64}
# - {name: zpsys, datatype: string}
# - {name: pwv, datatype: float64}
# - {name: airmass, datatype: float64}
# meta: {SNID: '2255460', alt: 1024.0, c: -0.09908019006252289, dec: -9.442778, lat: -30.244573, lon: -70.7499537, ra: 356.835938, t0: 62386.11328125,
#   x0: 3.768889053902826e-06, x1: -0.9111698865890503, z: 0.6882713437080383}
# schema: astropy-2.0
time band flux fluxerr zp zpsys pwv airmass
62307.4175 lsst_hardware_g 4.752485742834684 16.440000534057617 31.479999542236328 AB 3.8975655405890275 1.08245663967479
62307.4375 lsst_hardware_y 78.43494951662828 54.59000015258789 30.049999237060547 AB 3.8565815816269358 1.0712726615630377
62309.4202 lsst_hardware_i -69.94327082104809 32.439998626708984 31.260000228881836 AB 1.7386027876923205 1.0759790331257268
62309.4388 lsst_hardware_y -38.245197212535636 54.790000915527344 30.049999237060547 AB 1.7357953027919435 1.071037825663478
62311.4176 lsst_hardware_i 69.67850157658785 41.4900016784668 31.290000915527344 AB 4.268706481989426 1.0743388796953255
62311.4366 lsst_hardware_y 22.855264568417365 51.52000045776367 30.040000915527344 AB 4.21265748732871 1.0715594761732063
62313.4123 lsst_hardware_z 17.011828702952535 59.77000045776367 30.979999542236328 AB 5.800990615523234 1.0742575213931913
62313.4322 lsst_hardware_y -32.58941349447999 54.130001068115234 30.040000915527344 AB 6.222623259643965 1.0718188998640539
62324.4017 lsst_hardware_g -0.731582996295097 16.579999923706055 31.489999771118164 AB 1.6891826144809947 1.071703043976522
62324.4214 lsst_hardware_r 0.13591823733458944 25.350000381469727 31.520000457763672 AB 1.886527047007723 1.0842109465561625
62326.3769 lsst_hardware_i -8.448107645756316 32.099998474121094 31.260000228881836 AB 2.1971292412502086 1.074215730728807
62326.3957 lsst_hardware_z -63.272392233064224 42.2599983215332 30.950000762939453 AB 2.268885029439634 1.071576682669643
62331.3641 lsst_hardware_g 10.118626257060725 15.449999809265137 31.459999084472656 AB 6.120662086381343 1.0738003660318145
62331.3843 lsst_hardware_r -16.0789577341611 24.420000076293945 31.510000228881836 AB 6.374401355726989 1.072183904079221
62335.3646 lsst_hardware_u -3.5662420556845817 2.75 28.420000076293945 AB 1.6872630663917845 1.0709381570244405
62335.3892 lsst_hardware_g 21.828311891561356 15.289999961853027 31.450000762939453 AB 2.029431988485704 1.0820751738126921
62344.3376 lsst_hardware_z 20.31156772305774 78.19999694824219 30.989999771118164 AB 2.7163728446057522 1.0711249387246657
62344.359 lsst_hardware_r -43.14424422599468 113.08000183105469 31.649999618530273 AB 2.732868092481114 1.0774169495292296
62346.3283 lsst_hardware_i 59.4743950444335 86.56999969482422 31.329999923706055 AB 3.965969352319684 1.0718836087350496
62346.3481 lsst_hardware_z 169.08992798556832 74.70999908447266 30.989999771118164 AB 4.536801302195741 1.0741169108483555
62350.3041 lsst_hardware_g -13.787131419897085 32.68000030517578 31.649999618530273 AB 1.4929275207305432 1.0789647222817706
62350.3286 lsst_hardware_r -17.27235303886922 37.400001525878906 31.59000015258789 AB 1.4967526901666182 1.0712771252534545
62353.2606 lsst_hardware_r -27.469113742306554 24.412515513453442 31.5 AB 0.5229582409272499 1.1337848041783194
62353.2806 lsst_hardware_i 8.791860071929337 31.849456413491826 31.25 AB 0.5015058375781224 1.095987989607989
62355.274 lsst_hardware_z 27.223740644837747 42.58294233993293 30.950000762939453 AB 4.635476172066802 1.0976520722377427
62355.2942 lsst_hardware_u -2.131819866966978 2.942785541010175 28.459999084472656 AB 4.522439799507525 1.0762588766081689
62357.294 lsst_hardware_g -3.587022021221001 15.31545243885897 31.450000762939453 AB 4.815558899267585 1.073404045531922
62357.3154 lsst_hardware_r -22.007384610211247 24.67197094065796 31.5 AB 4.8058222429309145 1.0729277565613204
62361.2877 lsst_hardware_i 20.847199008265417 32.250432281958894 31.260000228881836 AB 3.644097214043754 1.071793298248163
62361.3095 lsst_hardware_z 28.348121773916592 42.679072930591005 30.950000762939453 AB 3.971823729244271 1.0754035367989903
62363.2799 lsst_hardware_i 95.40680062680806 33.278322930632235 31.260000228881836 AB 5.040773782999709 1.072505060212704
62363.3019 lsst_hardware_u 16.554047511488776 4.56303847349003 28.520000457763672 AB 5.06104412433631 1.074227562827857
62368.2294 lsst_hardware_r 473.86453614956537 60.35309027339824 31.6200008392334 AB 1.997879287313266 1.1130246725979198
62368.2499 lsst_hardware_i 469.3069401286145 52.51471162296005 31.309999465942383 AB 1.937959589056837 1.0835165199963679
62370.2683 lsst_hardware_z 592.564831750846 97.0820253626688 31.739999771118164 AB 1.9193718572275968 1.0709784379582983
62373.23 lsst_hardware_i 707.0566254425233 124.1649633789783 31.34000015258789 AB 3.7076487606491524 1.0905918503723362
62373.2552 lsst_hardware_z 436.42772227769126 102.27092737340521 31.0 AB 3.499908661745903 1.0717286909500572
62377.2157 lsst_hardware_i 1203.4641711457662 62.01852048693863 31.309999465942383 AB 5.819746316522484 1.0951037414267988
62377.2344 lsst_hardware_z 631.3837146453133 58.60867101894326 30.969999313354492 AB 5.709028143036891 1.076092261190668
62379.2034 lsst_hardware_g 374.7761255980288 28.89994956968972 31.549999237060547 AB 4.31245693447054 1.1057581883257797
62379.2204 lsst_hardware_r 1197.8000906050092 47.83768253894485 31.559999465942383 AB 4.545306215602667 1.082989329426416
62386.1997 lsst_hardware_g 295.4206873200923 22.52163558705815 31.459999084472656 AB 2.5824309449960645 1.0845993049119662
62386.2178 lsst_hardware_r 1231.9661871581484 42.706021824828184 31.520000457763672 AB 1.980311241273344 1.0722739326450739
62388.1893 lsst_hardware_i 1302.9708380114362 47.282217847375115 31.25 AB 3.5474773010995815 1.0902734694120881
62388.208 lsst_hardware_z 809.9466612894659 50.481171160318446 30.950000762939453 AB 3.5236647474334504 1.0740424437806753
62394.1679 lsst_hardware_z 804.0526042352576 51.7824166855296 30.959999084472656 AB 1.114467065279413 1.0970963727125989
62394.1856 lsst_hardware_g 119.38159366933598 28.547812996152633 31.6200008392334 AB 1.0575171432274213 1.077724477174442
62397.1565 lsst_hardware_r 824.8561541878696 68.73113718257231 31.6299991607666 AB 2.4966560332925294 1.1020331199702182
62397.1738 lsst_hardware_i 980.6224298031336 62.046824355902984 31.309999465942383 AB 1.306837658917263 1.080626509578773
62402.1574 lsst_hardware_r 689.6787717011986 144.40506900815691 31.65999984741211 AB 1.4561681894590397 1.083189826029536
62402.1765 lsst_hardware_i 839.5056742366154 116.34118212508808 31.34000015258789 AB 2.126709706386014 1.0716152205175526
62405.1447 lsst_hardware_z 498.3965769676866 61.40862640437244 30.969999313354492 AB 3.058923938276611 1.0880687473120505
62405.1636 lsst_hardware_i 579.012544983293 63.81892526679283 31.31999969482422 AB 3.013703298503969 1.0731287709806419
62410.1339 lsst_hardware_r 294.15560598542424 29.62413637632923 31.510000228881836 AB 6.314029061506727 1.0848847184719463
62410.1529 lsst_hardware_i 436.8151915358538 37.92394618148758 31.25 AB 6.369932895894383 1.0720784677522104
62412.1343 lsst_hardware_z 374.3654628159325 46.579875935321894 30.940000534057617 AB 3.4052126123304625 1.0793922219923806
62412.1524 lsst_hardware_u 3.3028429946569777 2.737010463568074 28.399999618530273 AB 3.392909718931358 1.0710787527208137
62415.1089 lsst_hardware_r 210.54587002225284 27.87818801667172 31.510000228881836 AB 3.8002034396342625 1.0995959026720168
62415.1275 lsst_hardware_g 39.63428785017152 16.974036050600297 31.450000762939453 AB 4.63989356702849 1.0782927183425879
62417.1088 lsst_hardware_r 141.09877665855495 27.46981644480874 31.5 AB 10.29720052494079 1.0919618796327262
62417.1268 lsst_hardware_i 304.5955485818234 35.81159017759817 31.25 AB 5.342434339212802 1.0751167544952813
62419.1066 lsst_hardware_z 294.5004368854347 45.373938174157814 30.940000534057617 AB 3.46502618195971 1.0879203083076012
62419.1252 lsst_hardware_i 231.50438807649508 35.079190695619545 31.239999771118164 AB 3.3534829682268716 1.0732004058650682
62421.1024 lsst_hardware_u -4.840737229821088 3.240439809543174 28.540000915527344 AB 6.289889513586854 1.0864774389751444
62421.1199 lsst_hardware_g 66.77267662611217 17.78467950329856 31.469999313354492 AB 6.212278903081025 1.0731332407757972
62424.0971 lsst_hardware_r 138.6390981822494 40.86241398565802 31.59000015258789 AB 6.717191418920528 1.0834179707936336
62424.1157 lsst_hardware_i 262.94354095401536 41.9014175011878 31.280000686645508 AB 6.645110248361007 1.071791975542098
62426.1103 lsst_hardware_z 316.62399510002217 83.65889643684035 31.729999542236328 AB 7.366406118703254 1.0717760518015815
62428.1029 lsst_hardware_z 169.6220018282663 82.84830766563468 31.0 AB 4.5208271864461835 1.0723448554527417
62428.1203 lsst_hardware_r 206.29582652735257 112.50019583797268 31.65999984741211 AB 4.532157414869074 1.0724672946388139
62430.0744 lsst_hardware_r 124.9919196403129 126.50216030419227 31.649999618530273 AB 3.3349083120828658 1.090552096822389
62430.0911 lsst_hardware_i 217.62787463118173 102.43518427153816 31.34000015258789 AB 2.803221998634154 1.0752329865308143
62434.0764 lsst_hardware_u 4.128221705833311 8.682119851540858 29.1299991607666 AB 4.124033406109979 1.0777090782517076
62434.0937 lsst_hardware_g 88.62151673076517 54.25672092517591 31.700000762939453 AB 4.863089171598893 1.0709684356613942
62436.0695 lsst_hardware_r 75.4945098259333 25.445624638494902 31.510000228881836 AB 3.152619455569408 1.078802140607759
62436.087 lsst_hardware_i 86.52469827930919 32.96379383824742 31.25 AB 4.547016588478847 1.0710623245475714
62441.0505 lsst_hardware_r 61.09999511845558 25.38913498756939 31.5 AB 4.40753333716835 1.0835976243803882
62441.0693 lsst_hardware_g 23.02805140148319 16.881556973988307 31.440000534057617 AB 4.455945083724861 1.07178474653608
62450.0467 lsst_hardware_r 39.270761507898015 26.246501296938142 31.520000457763672 AB 9.266114779881045 1.0713509977893838
62450.0646 lsst_hardware_i 105.13630387304455 33.225661351709185 31.25 AB 9.210928619444093 1.0743487046648503
62452.021 lsst_hardware_y 77.4854612485858 52.58748124119955 30.030000686645508 AB 5.661710981724175 1.0830628372499618
62452.0392 lsst_hardware_z 161.87962178980413 44.892351034576336 30.950000762939453 AB 5.383114108224158 1.0717997228918184
62455.0238 lsst_hardware_y 69.92825483216492 56.57979574165435 30.049999237060547 AB 6.008225869427661 1.0746886243908091
62455.0424 lsst_hardware_z 160.95231397921617 62.03956773271016 30.979999542236328 AB 5.720528803347953 1.0713603901765996
62459.0262 lsst_hardware_z 217.04670185052635 106.80268472482578 31.739999771118164 AB 6.039365840156644 1.070936134322611
62681.4125 lsst_hardware_u -0.19402914243632433 2.809999942779541 28.43000030517578 AB 2.4645137986522445 1.0715277385444542
62681.4333 lsst_hardware_z 25.356699111131256 44.34000015258789 30.950000762939453 AB 2.161732873165179 1.0755781772113007
62687.3792 lsst_hardware_i 33.55499708744947 32.06999969482422 31.25 AB 4.558960269281133 1.0807064760652207
62687.4012 lsst_hardware_z -69.63132097623216 42.27000045776367 30.950000762939453 AB 4.456375419410676 1.0709651940185472
62689.3827 lsst_hardware_i 0.5698331123644967 31.889999389648438 31.25 AB 1.5637556197048246 1.074438444686968
62689.4028 lsst_hardware_u -4.241230879676959 2.8299999237060547 28.459999084472656 AB 1.6925332112064833 1.0718454026322128
62703.3056 lsst_hardware_z -54.00740731757949 52.41999816894531 30.959999084472656 AB 5.5061101464632785 1.1261666199239717
62705.2045 lsst_hardware_i -70.41253550104132 62.29999923706055 32.34000015258789 AB 8.962480956408685 1.6958336719789375
62705.2363 lsst_hardware_z 10.795193904769231 65.62999725341797 31.670000076293945 AB 6.833407208785781 1.3972342984158492
62708.3413 lsst_hardware_i -0.0034201104432870304 31.59000015258789 31.239999771118164 AB 7.6464541157312285 1.0711319736268377
62708.37 lsst_hardware_u -6.326016812373697 2.6600000858306885 28.31999969482422 AB 7.702381211568536 1.084028130733046
62712.3036 lsst_hardware_i -9.115275502741655 31.59000015258789 31.239999771118164 AB 4.793067182203568 1.0882822687639366
62712.3259 lsst_hardware_r -25.044497837717678 24.020000457763672 31.5 AB 4.786328216592843 1.0720260298096966
62717.3052 lsst_hardware_u -3.12844215893904 2.6700000762939453 28.360000610351562 AB 1.953489866008356 1.0750196456067262
62717.3286 lsst_hardware_g 11.30179069433029 14.989999771118164 31.43000030517578 AB 1.9336099147662469 1.07253947384649
62721.2724 lsst_hardware_g -29.641291655565468 24.25 31.59000015258789 AB 3.430580366441249 1.0970543476960688
62721.2924 lsst_hardware_r -10.825036476642255 24.200000762939453 31.510000228881836 AB 2.733776854605683 1.0761488733523665
62724.2642 lsst_hardware_i -127.970840830217 83.91000366210938 32.060001373291016 AB 7.2115840328591085 1.0970691462476776
62724.2882 lsst_hardware_z 58.31419626015802 79.69000244140625 31.719999313354492 AB 7.173788276319417 1.0739204006466194
62732.2873 lsst_hardware_z -69.67603072255902 49.209999084472656 30.969999313354492 AB 2.6419148168781907 1.0724233070339724
62732.3076 lsst_hardware_r -56.00547583540248 49.720001220703125 31.6200008392334 AB 2.915031773063659 1.0874279183276518
62734.2463 lsst_hardware_r 13.177949809280395 27.780000686645508 31.540000915527344 AB 1.5735080318701156 1.0851779530138728
62734.2659 lsst_hardware_i 46.30093744710458 34.36000061035156 31.260000228881836 AB 1.1446406147450259 1.0720118143242268
62737.2511 lsst_hardware_z -56.12481352922738 42.439998626708984 30.950000762939453 AB 3.0160019219893646 1.074744560174384
62737.2709 lsst_hardware_u -2.4813212800400715 2.869999885559082 28.510000228881836 AB 3.0689326374421606 1.0716482365577165
62739.2186 lsst_hardware_g 48.209906088730484 15.510000228881836 31.469999313354492 AB 2.755561119313025 1.10435954284137
62739.2352 lsst_hardware_r 29.52441232405785 24.510000228881836 31.520000457763672 AB 2.68716982204971 1.08259040705689
62743.2144 lsst_hardware_i 32.326225508029474 31.979999542236328 31.25 AB 3.0573479802070596 1.0941242920936631
62743.2315 lsst_hardware_u 3.4722034621728066 2.7899999618530273 28.450000762939453 AB 2.9961834681817154 1.076698757769051
62746.1441 lsst_hardware_i 7.958465917757299 33.439998626708984 31.229999542236328 AB 3.947928335363618 1.2797174506851274
62746.165 lsst_hardware_r 21.6760976900401 24.8700008392334 31.489999771118164 AB 3.691550027117083 1.191591358010679
62750.2068 lsst_hardware_z -16.127226844314137 45.40999984741211 30.959999084472656 AB 0.7056712967821023 1.0810743727033356
62750.2274 lsst_hardware_r -38.358196176441346 37.040000915527344 31.600000381469727 AB 0.43993955174475186 1.071064033462573
62752.202 lsst_hardware_i -33.64819750319139 53.720001220703125 31.309999465942383 AB 2.7325637767442217 1.0804918057509774
62752.2205 lsst_hardware_z -94.46433310413067 53.540000915527344 30.969999313354492 AB 2.5778090043277837 1.071223051284185
62754.196 lsst_hardware_i 53.59671174120968 91.4000015258789 31.329999923706055 AB 4.070379111605855 1.080966435162799
62754.2142 lsst_hardware_z 71.29995307979296 78.69999694824219 30.989999771118164 AB 3.9100808400350533 1.0713528651114403
62756.1766 lsst_hardware_z -133.00845327905296 155.8800048828125 31.75 AB 2.955153391056556 1.0974141453450106
62761.1751 lsst_hardware_z -25.602202914200564 67.4800033569336 31.709999084472656 AB 0.8855861893256449 1.0826237033320842
62766.1456 lsst_hardware_r 14.604650861279675 24.8700008392334 31.5 AB 3.7238487888263383 1.1031719324046723
62766.1652 lsst_hardware_i -61.98178590811114 32.2599983215332 31.260000228881836 AB 3.6596197800197126 1.0792950763163645
62768.1192 lsst_hardware_z 28.430796430059303 43.189998626708984 30.940000534057617 AB 4.2178581821050525 1.1478726852918908
62768.1386 lsst_hardware_i 41.55821108070024 32.060001373291016 31.239999771118164 AB 3.872424577687248 1.105748838363997
62770.2017 lsst_hardware_r 45.93950070200406 24.65999984741211 31.5 AB 3.6618658198727325 1.085050862720944
62770.2146 lsst_hardware_i -1.4745477429497391 32.209999084472656 31.239999771118164 AB 3.360832980911546 1.1022738540216472
62773.1376 lsst_hardware_z -26.266285103410137 42.439998626708984 30.940000534057617 AB 4.331017287724779 1.0876487412668958
62773.1566 lsst_hardware_u -1.5993910197701562 2.740000009536743 28.389999389648438 AB 4.283826606665133 1.072968467542926
62775.1359 lsst_hardware_g 12.91670691750722 15.569999694824219 31.450000762939453 AB 6.36875343184619 1.0835820385956938
62775.1547 lsst_hardware_r 2.7470049581612366 24.549999237060547 31.510000228881836 AB 6.5005432758055255 1.071812576390029
62782.1269 lsst_hardware_r -154.42625912529144 140.97000122070312 32.400001525878906 AB 5.365337890305854 1.0755053902791367
62782.1557 lsst_hardware_i 187.11153678110276 116.05000305175781 32.08000183105469 AB 5.343372549747071 1.0745487095616848
62784.1216 lsst_hardware_z -143.7346408047383 132.6300048828125 31.75 AB 3.426613639837814 1.0754096578630372
62786.1048 lsst_hardware_z 13.032459735697763 79.12000274658203 30.989999771118164 AB 6.267786729539643 1.0846736574439115
62786.1221 lsst_hardware_r 261.49962342207925 116.05000305175781 31.649999618530273 AB 6.206477934701087 1.0725943692327105
62788.0991 lsst_hardware_i 17.55325566704233 56.20000076293945 31.309999465942383 AB 7.819958949526999 1.0849250513830322
62788.1174 lsst_hardware_z -78.63337605341823 56.06999969482422 30.969999313354492 AB 7.731625680326276 1.0723351344057124
62790.1028 lsst_hardware_i -71.62692999156314 31.899999618530273 31.260000228881836 AB 8.40272657486958 1.0769504731323998
62790.1201 lsst_hardware_u 1.0565343496686666 3.740000009536743 28.719999313354492 AB 8.32933204415872 1.0709753185528956
62792.0985 lsst_hardware_g -4.741822252779679 15.380000114440918 31.469999313354492 AB 9.295513466166613 1.0761810091073996
62792.1167 lsst_hardware_r 3.002144875141876 24.299999237060547 31.510000228881836 AB 9.084034684562665 1.0710410522387155
62795.0745 lsst_hardware_r 9.426957398747458 24.280000686645508 31.510000228881836 AB 3.160560617980012 1.091353804550758
62795.0917 lsst_hardware_i -33.99812184739131 31.6200008392334 31.25 AB 2.927583683811796 1.075329176790375
62798.0857 lsst_hardware_g -7.326978174892041 15.229999542236328 31.450000762939453 AB 3.32984278217502 1.0741428329596838
62798.1073 lsst_hardware_r -2.5731207495576394 24.229999542236328 31.510000228881836 AB 3.3247213552901753 1.0724907597710243
62800.0703 lsst_hardware_i -24.06933420770208 31.860000610351562 31.25 AB 2.350300062474171 1.0810533462259977
62800.0878 lsst_hardware_z -22.06055166214652 42.2400016784668 30.950000762939453 AB 2.4363195987518163 1.0714984491486823
62802.0716 lsst_hardware_i 29.268661534100943 31.8799991607666 31.260000228881836 AB 2.8415144399398984 1.0759236804013246
62802.089 lsst_hardware_u 3.1696634001936608 2.940000057220459 28.559999465942383 AB 3.997381078172008 1.0710139532478364
62804.0699 lsst_hardware_g 3.9472919548600447 15.670000076293945 31.489999771118164 AB 5.524285645165202 1.0738584160885294
62804.0862 lsst_hardware_r -6.627957720742532 24.510000228881836 31.530000686645508 AB 6.42781209419503 1.0713020156991717
62814.0536 lsst_hardware_z -46.98217713866246 100.81999969482422 31.739999771118164 AB 6.655357290796096 1.0709975524950133
62821.0265 lsst_hardware_y -30.83593995021167 48.84000015258789 30.040000915527344 AB 6.9884413513318275 1.0726008341240467
62821.0478 lsst_hardware_g 9.109108260195741 15.369999885559082 31.450000762939453 AB 6.385207619767473 1.0738359648682954
62824.0179 lsst_hardware_y 43.20469440269719 63.5099983215332 30.049999237060547 AB 6.077481147872038 1.0727490847033878
62824.0371 lsst_hardware_i -10.442537940052656 32.040000915527344 31.25 AB 6.11122319791345 1.0727717726003716
