data/validation/pwv_sim_epoch_fit_seasonal/22721578.ecsv
# %ECSV 0.9
# ---
# datatype:
# - {name: time, datatype: float64}
# - {name: band, datatype: string}
# - {name: flux, datatype: float64}
# - {name: fluxerr, datatype: float64}
# - {name: zp, datatype: float64}
# - {name: zpsys, datatype: string}
# - {name: pwv, datatype: float64}
# - {name: airmass, datatype: float64}
# meta: {SNID: '22721578', alt: 1024.0, c: -0.09101750701665878, dec: -41.41119, lat: -30.244573, lon: -70.7499537, ra: 113.378906, t0: 61404.3828125,
#   x0: 4.4200833051262555e-06, x1: 0.9052640199661255, z: 0.6446293592453003}
# schema: astropy-2.0
time band flux fluxerr zp zpsys pwv airmass
61375.3554 lsst_hardware_z -149.64099406194669 64.54617053006405 30.989999771118164 AB 7.516929007157844 1.0393025634378663
61378.3372 lsst_hardware_r 48.6907303543193 24.07582191671707 31.510000228881836 AB 4.519912724809483 1.0302186730305767
61378.3495 lsst_hardware_g 63.995894030452114 25.913737387153073 31.6200008392334 AB 4.489409093676052 1.0417873825050716
61384.3152 lsst_hardware_u -2.02281395824334 3.3991828267789455 28.489999771118164 AB 10.292045474608903 1.026356408427504
61384.327 lsst_hardware_g 95.02061078179739 16.846091709596983 31.399999618530273 AB 10.428447746222439 1.0354927759132597
61386.307 lsst_hardware_r 692.7501080405784 33.52863152413631 31.479999542236328 AB 10.806057834015558 1.024788945503151
61386.319 lsst_hardware_i 544.8661580641522 37.49509246257501 31.239999771118164 AB 10.88420691372687 1.0331963466445366
61388.3024 lsst_hardware_z 384.6321117297712 45.53626268609357 30.940000534057617 AB 7.4039139228282105 1.0252598383754066
61388.3144 lsst_hardware_u -4.525087297396929 3.316442968741559 28.3700008392334 AB 7.456191148764046 1.0339545828923056
61393.291 lsst_hardware_r 1433.3589159670883 42.7014105723457 31.5 AB 4.482595741722259 1.0265878258839478
61393.3042 lsst_hardware_i 1079.6928536338296 43.6577848917052 31.25 AB 5.080240875371822 1.037207201994976
61395.2915 lsst_hardware_z 831.329839596128 49.18680703443283 30.959999084472656 AB 5.529262067788971 1.0307774555455593
61395.3029 lsst_hardware_i 1160.6980721642183 45.02160993806376 31.260000228881836 AB 6.310265047560341 1.0415843269698921
61404.2288 lsst_hardware_z 890.2684314903375 51.99647111459958 30.959999084472656 AB 9.175788853851625 1.020628325295857
61404.2407 lsst_hardware_r 1696.5670211333077 52.73290637450618 31.579999923706055 AB 9.161782687917158 1.0195996610806646
61406.2345 lsst_hardware_u -2.135774298582269 3.1879140779830126 28.579999923706055 AB 7.1758251644897255 1.0195540286564357
61406.2476 lsst_hardware_g 330.3058822420528 25.081731059458754 31.5 AB 7.196010350581187 1.0225440151677885
61408.233 lsst_hardware_r 1471.8047510808856 43.28434505501396 31.479999542236328 AB 3.5071789635276054 1.0199735243645778
61408.2456 lsst_hardware_i 1197.6236137618125 46.01374605579306 31.25 AB 3.6319949593891003 1.024106854473168
61410.2268 lsst_hardware_z 822.3838412572147 49.55636910343181 30.940000534057617 AB 11.892892387842936 1.0198642845186365
61410.2396 lsst_hardware_r 1309.399355146139 42.20381248942446 31.479999542236328 AB 11.968465871818672 1.023842757271854
61412.226 lsst_hardware_u -1.5131398007415706 2.7667392177175474 28.420000076293945 AB 8.875543850941828 1.0208032338914845
61412.2389 lsst_hardware_r 1293.591407030638 41.10463032469437 31.479999542236328 AB 9.046498545948568 1.0264559620970388
61414.2408 lsst_hardware_z 921.6164851041423 49.55053459998292 30.950000762939453 AB 7.133105043869118 1.031727361253895
61414.2537 lsst_hardware_i 1099.5173590846312 44.35519406518163 31.25 AB 8.29348708676699 1.044673283660529
61419.1851 lsst_hardware_u -2.805514473067807 3.780413018375308 29.209999084472656 AB 8.10726355658914 1.0214089815961458
61419.1989 lsst_hardware_g 142.81788401381442 17.021726421722324 31.399999618530273 AB 8.110204445365929 1.0195530227999423
61421.1859 lsst_hardware_r 891.866537241579 35.90874121177411 31.489999771118164 AB 5.235586783044805 1.0199360605941274
61421.1995 lsst_hardware_i 819.5496550894238 41.58855057163373 31.25 AB 5.236424207605051 1.0203476632122077
61423.1841 lsst_hardware_z 700.1067473234787 51.43125074244893 30.959999084472656 AB 6.3352153994698135 1.0195615148548598
61423.1972 lsst_hardware_r 781.7837176488996 45.08778367159938 31.600000381469727 AB 6.338976821348389 1.0211529003944115
61425.1783 lsst_hardware_z 792.6460873122539 56.66722487757636 30.979999542236328 AB 9.009706098802674 1.0195819802492592
61425.191 lsst_hardware_r 837.0406602243261 65.4525266226698 31.649999618530273 AB 9.075489355095725 1.0209415053729942
61427.1809 lsst_hardware_i 810.4919250564295 73.515162914212 31.329999923706055 AB 9.928403246405509 1.0199453729260608
61427.1943 lsst_hardware_z 737.7519142816008 65.87128989734778 30.989999771118164 AB 9.99077226599165 1.0244056564550172
61429.1855 lsst_hardware_r 543.4575162672973 80.79462946595919 31.65999984741211 AB 11.70385933529118 1.022841104242183
61429.1983 lsst_hardware_z 665.4052695951461 62.2542659346628 30.979999542236328 AB 11.806971198500522 1.0305015228889887
61431.1789 lsst_hardware_y 142.76645907845733 50.43885195347179 30.059999465942383 AB 14.25670572197013 1.0223769461660466
61431.1927 lsst_hardware_r 395.2624200363656 57.025344581061326 31.639999389648438 AB 14.407833914794809 1.0303944537798593
61433.1733 lsst_hardware_i 490.297349643601 42.409499639029505 31.280000686645508 AB 10.854005722930031 1.0223232290599962
61433.1847 lsst_hardware_z 492.1896122602151 48.70745905367645 30.959999084472656 AB 10.918145069122756 1.0285258810327285
61435.1717 lsst_hardware_r 308.39648026745436 28.64474489738529 31.510000228881836 AB 12.645708947814066 1.0240269615202904
61435.1838 lsst_hardware_g 30.74757461437696 16.509560075594635 31.489999771118164 AB 12.652481211592788 1.032013149395823
61437.1614 lsst_hardware_u 3.7654917822334393 2.8374778046071274 28.43000030517578 AB 8.64984633941671 1.0219572707250366
61437.1737 lsst_hardware_r 235.86088186148993 27.139765153113085 31.489999771118164 AB 11.666478991837433 1.0284726047372885
61441.158 lsst_hardware_r 261.26467340049965 26.149821969768237 31.5 AB 6.48666311169382 1.0254513007894535
61441.1713 lsst_hardware_u 1.497520785236659 2.90295576200647 28.479999542236328 AB 7.1238639856411545 1.0354453467501679
61444.1604 lsst_hardware_g 55.30497632853943 13.808137101667711 31.389999389648438 AB 8.863039295534431 1.0330083290896597
61444.1725 lsst_hardware_r 211.7362076211074 25.44337439068055 31.489999771118164 AB 9.51162756194217 1.0455401834173512
61449.1458 lsst_hardware_r 137.10228660520374 24.40885952594723 31.479999542236328 AB 3.741317050579792 1.0322061066089596
61449.1585 lsst_hardware_g 33.16795311611683 13.267156074340134 31.3799991607666 AB 3.822533613829128 1.0451219723388094
61453.1394 lsst_hardware_z 214.04222232075765 50.39116266186528 30.969999313354492 AB 3.063913097451388 1.0362727499835587
61453.1521 lsst_hardware_i 189.70140774541593 47.17834164043636 31.309999465942383 AB 3.1762493318826834 1.0508682653044894
61455.1486 lsst_hardware_z 573.1819413187252 83.64158683178675 31.719999313354492 AB 3.1722490122940505 1.053553308633029
61459.0884 lsst_hardware_r 130.71149977598432 66.00101842067316 31.65999984741211 AB 6.70684405241312 1.019522537451482
61459.1023 lsst_hardware_i 130.6096057210761 55.94894439387668 31.329999923706055 AB 6.726407305472978 1.022328034876963
61461.0879 lsst_hardware_z 174.24115728835645 46.96776555914308 30.959999084472656 AB 7.801956364732945 1.019930239196411
61461.0996 lsst_hardware_r 142.89439179946726 41.81619007930161 31.6200008392334 AB 7.81829725999739 1.0235047959414028
61465.0853 lsst_hardware_i 146.15116674304198 31.47911839713217 31.25 AB 4.335983005974907 1.0220951160292078
61465.0991 lsst_hardware_z 159.31334207034573 42.54853244528963 30.950000762939453 AB 4.191899630440186 1.029824255113668
61467.0805 lsst_hardware_r 84.58023730800174 23.132364261663106 31.479999542236328 AB 6.433547126490605 1.0223474212790473
61467.0915 lsst_hardware_u 4.212219691464428 2.8597767903260887 28.389999389648438 AB 5.956333406605367 1.0282837128364897
61469.0704 lsst_hardware_g -29.957749343917676 12.696275659346252 31.3799991607666 AB 10.92287691360568 1.0208296180939889
61469.0854 lsst_hardware_r 84.48370817447555 23.05378965241055 31.479999542236328 AB 10.62212913218877 1.0278485113236238
61473.0698 lsst_hardware_r 60.60218879740277 22.64143741676896 31.469999313354492 AB 11.02304694689694 1.0250024282275514
61473.0841 lsst_hardware_g 16.214284023214468 12.55312558202799 31.360000610351562 AB 10.645666461785261 1.0356210381619009
61475.0699 lsst_hardware_r 54.143799392535925 22.786240552569787 31.479999542236328 AB 7.359024861523308 1.0284551137049984
61475.0843 lsst_hardware_i 108.3920523641409 31.307667111028916 31.239999771118164 AB 7.85201046814844 1.0414267387791236
61478.0542 lsst_hardware_i 107.84793636257879 31.70326257487392 31.239999771118164 AB 13.286851617138527 1.023995346394245
61478.0693 lsst_hardware_z 201.69597673994295 42.23024073533061 30.940000534057617 AB 13.432965524797838 1.0345584477191878
61480.0467 lsst_hardware_r 180.0377870869567 46.59577807228163 32.33000183105469 AB 7.954390320723299 1.0230507797118988
61480.0618 lsst_hardware_z 252.95212310112183 62.36805080363633 31.700000762939453 AB 8.038922811585065 1.0327606468361128
61482.0408 lsst_hardware_y 77.00101222914611 69.67080914336348 30.809999465942383 AB 7.950198708395978 1.0228624906266939
61482.0554 lsst_hardware_r -12.178207369167882 70.35026667284711 32.38999938964844 AB 7.121642868591504 1.031972593622858
61486.0358 lsst_hardware_i 159.98044976039236 66.34922348861994 31.34000015258789 AB 5.402130937236985 1.0258509185789542
61486.0501 lsst_hardware_z 109.29947064719889 61.229946320214495 30.989999771118164 AB 4.063238789427685 1.0370696246624957
61491.0179 lsst_hardware_r 22.777712153118866 21.5 31.5 AB 5.612635742330059 1.023612099272937
61491.0313 lsst_hardware_i -17.289101331550313 29.649999618530273 31.260000228881836 AB 5.66874529204691 1.0323702954010034
61493.0207 lsst_hardware_z 4.764278319584643 40.459999084472656 30.959999084472656 AB 6.684757601818735 1.0284242464336515
61493.0337 lsst_hardware_i 6.071274408154549 29.700000762939453 31.260000228881836 AB 6.759064193081133 1.0398560297047896
61495.016 lsst_hardware_u -0.967774101497736 2.680000066757202 28.489999771118164 AB 6.1507955013437 1.0289626110539842
61495.0298 lsst_hardware_g -17.581372704394216 12.890000343322754 31.40999984741211 AB 6.204545844891007 1.0415554549086892
61742.3473 lsst_hardware_r 23.89228954346084 25.700000762939453 31.540000915527344 AB 6.275005027358917 1.0359794461098557
61744.3362 lsst_hardware_i -8.413078297378885 30.110000610351562 31.25 AB 4.187936318173526 1.0310458294301077
61744.3479 lsst_hardware_z 83.11860835801949 49.16999816894531 30.969999313354492 AB 4.237642509678102 1.0422995432511524
61746.3415 lsst_hardware_r -6.012651454095698 22.65999984741211 31.489999771118164 AB 4.533342334533547 1.0412500337717019
61746.3532 lsst_hardware_u 19.208715357652082 11.829999923706055 29.31999969482422 AB 4.587110127870441 1.0562077199793787
61748.3046 lsst_hardware_g -3.736340314366862 12.699999809265137 31.389999389648438 AB 6.652843642212143 1.02049217965443
61748.318 lsst_hardware_r 45.04114810620045 21.34000015258789 31.479999542236328 AB 6.631786511337576 1.0259967528658471
61750.299 lsst_hardware_i 56.92350834064922 40.810001373291016 31.290000915527344 AB 8.45188352300291 1.0204610397129958
61750.3125 lsst_hardware_z 33.13645565519045 40.33000183105469 30.950000762939453 AB 8.51558375859167 1.0259739468182736
61752.3123 lsst_hardware_r 52.314007258555144 74.69999694824219 31.649999618530273 AB 10.338288227862956 1.029470730029172
61752.3263 lsst_hardware_g -60.98931284667845 74.83000183105469 31.719999313354492 AB 10.447304786956275 1.0425758219968126
61754.3064 lsst_hardware_r -17.62226499499095 75.0199966430664 31.65999984741211 AB 8.507880560158727 1.0291499146263656
61754.3182 lsst_hardware_i -32.52746438262686 60.369998931884766 31.329999923706055 AB 8.588180955198506 1.039674179447685
61756.2965 lsst_hardware_i -13.777135672911548 69.43000030517578 32.060001373291016 AB 6.829129085567757 1.0262037019523558
61756.3086 lsst_hardware_z 121.35198053438846 70.8499984741211 31.719999313354492 AB 6.83994058887036 1.0355309169025184
61760.3002 lsst_hardware_g 18.075470934474243 20.670000076293945 31.56999969482422 AB 6.209814821892812 1.037996627144461
61760.3123 lsst_hardware_r -31.222443174891378 26.329999923706055 31.540000915527344 AB 6.432056444123835 1.0524226524336788
61768.2282 lsst_hardware_r 2.4674453973262764 21.290000915527344 31.479999542236328 AB 7.313318013839127 1.0218412762105809
61768.2401 lsst_hardware_u 0.0702326141216932 2.559999942779541 28.399999618530273 AB 7.2825302706756805 1.019533847217651
61770.227 lsst_hardware_g 9.65417179243032 12.760000228881836 31.399999618530273 AB 6.770863996505371 1.0205794096123146
61770.2381 lsst_hardware_i -34.65135108184947 29.309999465942383 31.239999771118164 AB 6.756464865834221 1.0195744317854485
61772.2317 lsst_hardware_z 63.9895089468145 57.13999938964844 31.700000762939453 AB 5.50139773205684 1.0195325670972641
61772.245 lsst_hardware_r 21.04961222127851 30.18000030517578 32.22999954223633 AB 5.714170863477529 1.0223349588759891
61774.2299 lsst_hardware_u -2.3440801198807772 2.5299999713897705 28.3700008392334 AB 2.66184602154777 1.0198318143920442
61774.2438 lsst_hardware_g -4.68629691625843 12.600000381469727 31.3700008392334 AB 2.6722448770564826 1.0242410414168197
61776.2181 lsst_hardware_r -11.902506666907222 21.3700008392334 31.489999771118164 AB 7.160669958217698 1.0195422396342282
61776.2312 lsst_hardware_i 19.050997858613254 29.389999389648438 31.25 AB 7.170140949995806 1.0213269796421116
61778.2277 lsst_hardware_z -33.81964181076096 44.220001220703125 30.959999084472656 AB 8.204287463176042 1.021990901955846
61778.2403 lsst_hardware_r 3.4157469744123765 33.20000076293945 31.579999923706055 AB 8.308928697728824 1.028746550002021
61780.249 lsst_hardware_r 45.33167297457129 65.52999877929688 31.639999389648438 AB 7.475659956845856 1.0416255760035131
61780.2602 lsst_hardware_i -48.98929043025449 54.439998626708984 31.309999465942383 AB 6.997645430616806 1.055969431564009
61782.2361 lsst_hardware_z -3.608292513565397 61.09000015258789 30.989999771118164 AB 5.282689027622981 1.0341484907009193
61782.2481 lsst_hardware_i 105.85614422524102 68.43000030517578 31.329999923706055 AB 5.414355242324954 1.0470109243074603
61783.192 lsst_hardware_z 43.31411946776531 60.45000076293945 30.989999771118164 AB 5.244190070572892 1.0204689765660426
61783.2061 lsst_hardware_r -32.13583345677957 86.2699966430664 31.670000076293945 AB 5.388449016188549 1.0199439751764687
61786.1972 lsst_hardware_y 56.870998814275936 68.45999908447266 30.809999465942383 AB 5.29146270679242 1.019844407206788
61792.1814 lsst_hardware_u -0.8945707661622663 2.5899999141693115 28.420000076293945 AB 9.912681257153015 1.0199281054792708
61792.1942 lsst_hardware_r 0.5504953560461925 21.350000381469727 31.479999542236328 AB 9.957070107822181 1.0240211968758368
61794.1798 lsst_hardware_i -4.52849959352728 29.31999969482422 31.239999771118164 AB 11.518588429400545 1.020699018998719
61794.1943 lsst_hardware_z 55.63746126761307 40.43000030517578 30.940000534057617 AB 11.650847395771507 1.027185135179332
61798.1705 lsst_hardware_g 4.626010006972747 12.8100004196167 31.399999618530273 AB 10.850325210896575 1.0211430069545355
61798.1831 lsst_hardware_r -22.47726583990534 21.489999771118164 31.489999771118164 AB 10.986588285065782 1.0270079099865188
61802.1737 lsst_hardware_r 36.96558236900582 21.34000015258789 31.479999542236328 AB 11.661246350245644 1.028011314871569
61802.1859 lsst_hardware_g 0.9590308687716382 12.729999542236328 31.3799991607666 AB 11.838199669942142 1.0383930239851007
61804.1589 lsst_hardware_z 43.265932694640924 40.41999816894531 30.950000762939453 AB 7.6428341503253066 1.0228632428165578
61804.1717 lsst_hardware_r -12.673643809167418 21.440000534057617 31.479999542236328 AB 9.505787071764628 1.0305307151610401
61806.1562 lsst_hardware_i 13.370033890607708 34.810001373291016 31.270000457763672 AB 6.535706497293488 1.024137868471174
61806.1674 lsst_hardware_z -0.996273660265859 42.79999923706055 30.950000762939453 AB 7.095353545750386 1.031451307711956
61809.1517 lsst_hardware_r -75.92729473145849 62.2599983215332 31.649999618530273 AB 8.746876265243255 1.0261669747855922
61809.1651 lsst_hardware_z 56.52527055791311 51.90999984741211 30.969999313354492 AB 8.88147827088484 1.0367080974535823
61811.1534 lsst_hardware_y -68.03144668387036 53.83000183105469 30.059999465942383 AB 3.5858204458816205 1.031173652629573
61811.1667 lsst_hardware_r 14.186073867462898 89.83000183105469 31.649999618530273 AB 3.3930137821932007 1.044325571619953
61817.1433 lsst_hardware_r 1.8910395623433907 30.3700008392334 31.56999969482422 AB 3.5452647898071974 1.0367534416397115
61817.1545 lsst_hardware_i 50.24681766607508 35.279998779296875 31.280000686645508 AB 3.689115072945072 1.0495348713926236
61821.1404 lsst_hardware_u -3.839362346732031 2.7100000381469727 28.510000228881836 AB 4.061021367294525 1.0455322121333255
61821.1529 lsst_hardware_g -1.5227269921845525 12.930000305175781 31.399999618530273 AB 4.129141731624447 1.0630701733424879
61825.0822 lsst_hardware_r 16.070131209706435 21.350000381469727 31.489999771118164 AB 8.058503771517472 1.0196980540545548
61825.097 lsst_hardware_i 94.25833133435545 29.489999771118164 31.25 AB 7.982515293744078 1.0212173083681124
61827.0893 lsst_hardware_z -15.784298133958863 40.40999984741211 30.950000762939453 AB 5.833219580865896 1.0206114306392178
61827.1015 lsst_hardware_r 18.74399710339923 21.3799991607666 31.479999542236328 AB 5.863022298789687 1.02555671888221
61829.083 lsst_hardware_u 2.1187156184055502 2.609999895095825 28.440000534057617 AB 5.681609813488772 1.0204193334111393
61829.0945 lsst_hardware_r -12.755005727025564 21.3700008392334 31.479999542236328 AB 5.431990982908884 1.024710617413485
61831.0721 lsst_hardware_i -12.884962511588173 29.3799991607666 31.25 AB 2.9292236655363957 1.0196288213272828
61831.0839 lsst_hardware_z -0.8672675426056797 40.31999969482422 30.950000762939453 AB 3.0793234025820495 1.022351727284842
61835.0725 lsst_hardware_g -38.42951171868363 30.790000915527344 31.649999618530273 AB 5.318008769264956 1.0221698044460885
61835.0852 lsst_hardware_r 64.01680686848859 33.400001525878906 31.579999923706055 AB 7.3803713620779625 1.0291491162143036
61837.0676 lsst_hardware_i 41.388721731086356 45.90999984741211 31.309999465942383 AB 9.593386674098763 1.0223857912005505
61837.0809 lsst_hardware_z 19.272452003328343 48.18000030517578 30.959999084472656 AB 9.70183109277906 1.0300094940577327
61839.0686 lsst_hardware_r 124.96082667041331 73.02999877929688 31.649999618530273 AB 10.2697070683408 1.0254837553887663
61839.0822 lsst_hardware_z -40.094793418340984 55.88999938964844 30.979999542236328 AB 10.375309226984841 1.0357701135055248
61844.0469 lsst_hardware_i 11.750804586901209 40.2599983215332 31.290000915527344 AB 9.87875968919331 1.0217997196104125
61844.0583 lsst_hardware_z 58.69590111841226 46.38999938964844 30.959999084472656 AB 9.93684582605101 1.0275420946229266
61848.0394 lsst_hardware_g -15.80390046503345 17.8799991607666 32.130001068115234 AB 7.024967445925081 1.0231528467703292
61848.0536 lsst_hardware_r 22.60353433570974 30.06999969482422 32.220001220703125 AB 7.44783574511182 1.032187614091513
61854.0283 lsst_hardware_r -30.394221544501747 21.290000915527344 31.479999542236328 AB 8.468526583736358 1.0258663335840532
61854.0424 lsst_hardware_i -55.60246267252279 29.520000457763672 31.239999771118164 AB 10.741846392958612 1.0368911219433004
61856.0238 lsst_hardware_z -68.54487808974693 40.470001220703125 30.950000762939453 AB 5.6358518695005655 1.0264421811863633
61856.0368 lsst_hardware_i 41.02250243678795 29.709999084472656 31.25 AB 5.685480682460168 1.0367554848195786
61858.0213 lsst_hardware_u 1.1220145927244203 3.619999885559082 29.149999618530273 AB 6.6844435365374615 1.028375928698071
61858.035 lsst_hardware_g 9.668272472391747 17.850000381469727 32.11000061035156 AB 6.763429397681044 1.0405275996432375
61860.021 lsst_hardware_r 13.323851439878782 21.3799991607666 31.469999313354492 AB 6.1702324672250475 1.0323293403421618
61860.0345 lsst_hardware_i 16.916092331602478 29.510000228881836 31.229999542236328 AB 6.228767127497346 1.0462654749435543
61866.014 lsst_hardware_i 59.86459224404436 44.95000076293945 31.309999465942383 AB 8.435785050179714 1.0414549444666314
61866.0259 lsst_hardware_z -24.282537070707154 48.130001068115234 30.959999084472656 AB 8.559761999432938 1.0567607406707331
