data/validation/pwv_sim_epoch_fit_seasonal/22767742.ecsv
# %ECSV 0.9
# ---
# datatype:
# - {name: time, datatype: float64}
# - {name: band, datatype: string}
# - {name: flux, datatype: float64}
# - {name: fluxerr, datatype: float64}
# - {name: zp, datatype: float64}
# - {name: zpsys, datatype: string}
# - {name: pwv, datatype: float64}
# - {name: airmass, datatype: float64}
# meta: {SNID: '22767742', alt: 1024.0, c: -0.10475348681211472, dec: -15.868921, lat: -30.244573, lon: -70.7499537, ra: 177.1875, t0: 61198.6875,
#   x0: 4.014668075507411e-06, x1: 1.0541610717773438, z: 0.6703757643699646}
# schema: astropy-2.0
time band flux fluxerr zp zpsys pwv airmass
61057.3658 lsst_hardware_g -15.2268984641421 23.75 31.600000381469727 AB 2.37282394413178 1.031662584405122
61059.3634 lsst_hardware_i 23.176884751392574 34.04999923706055 31.260000228881836 AB 6.3531623569602145 1.031887987378828
61063.3483 lsst_hardware_r 22.340597412432345 23.540000915527344 31.5 AB 9.633900686637805 1.0316601811514796
61063.3675 lsst_hardware_y -44.518078182307256 53.369998931884766 30.049999237060547 AB 9.654552842800646 1.0377891908847368
61065.3507 lsst_hardware_z -61.42771424116407 41.47999954223633 30.950000762939453 AB 9.947323184983365 1.032594102247408
61065.3716 lsst_hardware_y 23.646219299480343 53.83000183105469 30.049999237060547 AB 10.006308309419977 1.0457733819285815
61069.3354 lsst_hardware_r 30.36855592251412 23.3799991607666 31.5 AB 11.954314616265837 1.0318044695043518
61069.3545 lsst_hardware_z 2.343206023124091 41.400001525878906 30.940000534057617 AB 12.082250278290289 1.0402281772096675
61071.3285 lsst_hardware_r 32.73742067491571 50.119998931884766 31.6299991607666 AB 11.073663215436891 1.03169173293305
61071.3458 lsst_hardware_y -44.87141570871453 48.95000076293945 30.049999237060547 AB 11.961136008267205 1.0378801265353517
61072.3163 lsst_hardware_z -16.215429176965532 61.58000183105469 30.989999771118164 AB 10.137650195314672 1.0327679498079332
61072.3328 lsst_hardware_r 74.73035828298391 83.36000061035156 31.65999984741211 AB 10.340650240550861 1.0329288023724603
61074.3236 lsst_hardware_i 48.42197908980088 84.87999725341797 31.34000015258789 AB 9.615128183552185 1.032053687924893
61074.3421 lsst_hardware_z -40.526433434182835 73.04000091552734 30.989999771118164 AB 11.092276652934343 1.0412350185801504
61078.3102 lsst_hardware_z -13.46457251902642 80.30999755859375 31.729999542236328 AB 3.7970759444628905 1.031744024037196
61080.2553 lsst_hardware_r -12.145825469777428 38.45000076293945 31.600000381469727 AB 5.6522269754269425 1.0718339423385108
61080.2733 lsst_hardware_z 34.14145145373731 45.060001373291016 30.959999084472656 AB 5.543114760412151 1.0467100524783366
61082.2971 lsst_hardware_y -8.543422065012038 47.25 30.049999237060547 AB 3.9011833389862334 1.0316496995864903
61082.3135 lsst_hardware_g -27.14191096427267 19.760000228881836 31.549999237060547 AB 3.908488904816913 1.0364595345576753
61084.2972 lsst_hardware_r -6.259554054531323 23.6299991607666 31.510000228881836 AB 5.883635672498942 1.0322167846489372
61084.3135 lsst_hardware_i -28.65128793149632 31.1299991607666 31.260000228881836 AB 5.929063252499919 1.0401865355263016
61086.2969 lsst_hardware_z 122.44124116655638 41.34000015258789 30.950000762939453 AB 4.059059272988204 1.0337162834435154
61086.3138 lsst_hardware_r -8.620932728176792 23.610000610351562 31.520000457763672 AB 4.1306725412453025 1.0452988295011139
61088.2784 lsst_hardware_r -10.024007219455637 23.270000457763672 31.5 AB 4.526293008104749 1.0317317142607463
61088.2958 lsst_hardware_u -2.342968397126962 2.7200000286102295 28.440000534057617 AB 5.085204951962907 1.0357184463755538
61092.2784 lsst_hardware_z -36.118695545029276 41.11000061035156 30.950000762939453 AB 5.398209028702195 1.0329853028931006
61092.295 lsst_hardware_r -10.453833059467172 23.360000610351562 31.510000228881836 AB 6.778118229532001 1.0430013689267543
61094.2685 lsst_hardware_u -3.1877442926846964 2.609999895095825 28.350000381469727 AB 11.016961517922224 1.0319694181086794
61094.2859 lsst_hardware_g -27.82795002704951 14.399999618530273 31.420000076293945 AB 11.081217191551847 1.039952812308371
61096.2493 lsst_hardware_r 46.746532659384634 23.5 31.5 AB 8.865400245890102 1.0332132564529815
61096.2668 lsst_hardware_i -13.571715264898904 30.989999771118164 31.25 AB 9.118965652274595 1.0327839234695788
61097.132 lsst_hardware_z 48.1943567003861 70.29000091552734 31.670000076293945 AB 7.459281317509674 1.3727054320039886
61099.2748 lsst_hardware_z -29.058349639546506 48.36000061035156 30.969999313354492 AB 5.68708985720327 1.0420368638374038
61099.2929 lsst_hardware_r -24.1113748937655 40.40999984741211 31.600000381469727 AB 5.584854675230536 1.0638831651072396
61101.2676 lsst_hardware_i -45.28768813813497 78.68000030517578 31.34000015258789 AB 3.614310932097002 1.0405885601047031
61101.2852 lsst_hardware_z 60.05283007547826 69.06999969482422 30.989999771118164 AB 3.64348366848367 1.0604881154022519
61103.2431 lsst_hardware_z -127.25230467255275 92.97000122070312 31.0 AB 5.730059624695624 1.0318544298500478
61103.2613 lsst_hardware_r -366.56089620433096 141.30999755859375 31.65999984741211 AB 5.99553796343518 1.0399291102165227
61105.2555 lsst_hardware_y -38.78213138172456 85.87000274658203 30.809999465942383 AB 8.102058193777957 1.0396695538184835
61107.2421 lsst_hardware_r 19.844411038778418 65.36000061035156 31.639999389648438 AB 11.162057595177684 1.0347933895916455
61107.2594 lsst_hardware_i 51.08487872272666 56.060001373291016 31.31999969482422 AB 10.378901343175725 1.048373873048053
61109.228 lsst_hardware_z 83.46440982362428 45.18000030517578 30.959999084472656 AB 10.41730456922134 1.032037900968868
61109.2462 lsst_hardware_r 8.696423707337791 39.84000015258789 31.610000610351562 AB 10.492981483867139 1.0409445682266947
61111.228 lsst_hardware_u 1.4437988417491354 4.070000171661377 28.770000457763672 AB 7.647692487502816 1.0334719577706508
61111.2481 lsst_hardware_r 9.216876637953234 28.010000228881836 31.549999237060547 AB 7.754882614505928 1.0479571100683687
61113.2312 lsst_hardware_i 6.056392476770678 31.15999984741211 31.260000228881836 AB 11.580113224160847 1.037915813496136
61113.2499 lsst_hardware_z 54.58741428296743 41.81999969482422 30.950000762939453 AB 11.858310672958982 1.0568825846176535
61114.2289 lsst_hardware_r 57.263862424932825 23.829999923706055 31.510000228881836 AB 9.482978606977413 1.0382065477312516
61114.2481 lsst_hardware_u -1.487960149181116 2.7100000381469727 28.399999618530273 AB 9.69022998977483 1.0581741730575664
61116.2273 lsst_hardware_g 13.885193440594305 14.949999809265137 31.450000762939453 AB 8.577243618388449 1.0411171473433816
61116.2481 lsst_hardware_r 4.635122661433113 23.809999465942383 31.5 AB 8.77557873347839 1.0664534386727398
61120.2039 lsst_hardware_z -8.588881132935871 41.33000183105469 30.950000762939453 AB 5.478314109087642 1.0336441715259703
61120.2229 lsst_hardware_r 43.63396476191252 23.719999313354492 31.5 AB 5.951513399933636 1.0472792444966317
61126.1836 lsst_hardware_r -23.69483180747513 33.4900016784668 31.579999923706055 AB 7.013376990157914 1.0324417768523353
61126.2019 lsst_hardware_z -71.86340575329132 43.86000061035156 30.950000762939453 AB 7.067072238808318 1.04275116645806
61128.179 lsst_hardware_y 18.03911390383943 51.29999923706055 30.049999237060547 AB 6.778545246618921 1.0326589178548649
61128.1957 lsst_hardware_r -52.84643231874962 66.55999755859375 31.639999389648438 AB 6.847289887430556 1.0420997190691796
61130.1804 lsst_hardware_i 41.50256025770121 91.97000122070312 31.34000015258789 AB 4.847580803363252 1.0353285451956231
61130.198 lsst_hardware_z -1.9427189741718691 80.02999877929688 31.0 AB 4.997502903377793 1.0499507124067007
61133.1692 lsst_hardware_r 130.11808993582898 130.57000732421875 31.65999984741211 AB 6.6214286552956905 1.0339520073853359
61133.1879 lsst_hardware_z 78.06622747259271 87.41000366210938 31.0 AB 6.6347306052346555 1.0478096344337395
61135.1694 lsst_hardware_r -28.89966315759482 74.88999938964844 31.649999618530273 AB 7.666165277829105 1.036808936682324
61135.1884 lsst_hardware_i -86.82794717320195 62.099998474121094 31.31999969482422 AB 7.783913425650336 1.0549571510125708
61137.1681 lsst_hardware_z 14.023493660989072 47.939998626708984 30.959999084472656 AB 10.489209859959054 1.0396421795435038
61137.1877 lsst_hardware_i 44.86054307617389 45.15999984741211 31.299999237060547 AB 10.856263734026374 1.0616594121728113
61142.1533 lsst_hardware_r 25.738549896536465 23.93000030517578 31.520000457763672 AB 6.544422155325932 1.0387971675120526
61142.1701 lsst_hardware_i -30.32994460732049 31.559999465942383 31.260000228881836 AB 6.864242599104786 1.056037322939198
61148.1298 lsst_hardware_r 39.79295672803183 23.579999923706055 31.520000457763672 AB 12.194056486352691 1.0346221352751308
61148.1471 lsst_hardware_g 21.245836245388006 14.800000190734863 31.450000762939453 AB 12.318285867176415 1.047978266214708
61150.1247 lsst_hardware_r -45.69596030567874 23.389999389648438 31.510000228881836 AB 7.043125348535785 1.0347899527698396
61150.1415 lsst_hardware_i 4.629423362775098 30.989999771118164 31.25 AB 6.709146361275671 1.047826593808916
61152.1276 lsst_hardware_z -7.442599239801923 41.36000061035156 30.950000762939453 AB 10.548616380199405 1.0399897841072077
61152.1441 lsst_hardware_i -24.109159484286725 31.030000686645508 31.25 AB 10.766020182060227 1.0578256135652397
61154.1235 lsst_hardware_z 32.71347926363729 43.209999084472656 30.950000762939453 AB 9.447759661039797 1.0410754447426773
61154.1429 lsst_hardware_g 3.899454256759458 21.68000030517578 31.56999969482422 AB 10.2315365815541 1.0641408152216991
61156.1095 lsst_hardware_r 2.97958296118264 56.709999084472656 31.639999389648438 AB 10.146651740494022 1.0353726265810226
61156.1275 lsst_hardware_i 39.83885257639157 50.84000015258789 31.309999465942383 AB 9.437884995763168 1.0505214821641995
61158.1253 lsst_hardware_z 67.3200423112655 103.52999877929688 31.739999771118164 AB 2.1868998250325995 1.0545629053803975
61160.1109 lsst_hardware_z -189.3611927267913 87.48999786376953 31.0 AB 11.00172902533334 1.0444514193129861
61160.1288 lsst_hardware_r 20.72335859297214 130.33999633789062 31.649999618530273 AB 11.136362692453421 1.067826511885456
61162.0422 lsst_hardware_r -46.380965217986386 108.91000366210938 31.65999984741211 AB 8.863913715228424 1.0552278232414791
61162.0598 lsst_hardware_i -5.317305544135066 85.37000274658203 31.34000015258789 AB 8.717745996234568 1.037826904313639
61164.087 lsst_hardware_z 9.926855473980583 56.09000015258789 30.979999542236328 AB 12.17624268473433 1.035042730766264
61164.1043 lsst_hardware_i 21.57464073858092 59.83000183105469 31.329999923706055 AB 12.389801165458918 1.048960857254279
61167.0861 lsst_hardware_u 3.2733845000416553 4.5912130229058645 28.790000915527344 AB 6.9565756504493965 1.0395749468299376
61167.1055 lsst_hardware_g -12.626801134396962 32.820510910539184 31.65999984741211 AB 7.087683650403598 1.0612290698713978
61174.0345 lsst_hardware_g 34.81276283658891 16.12268080992478 31.450000762939453 AB 6.0757067764709936 1.0338695592406681
61174.0541 lsst_hardware_r 150.129757625056 26.442323554325085 31.510000228881836 AB 6.593382778212911 1.0328519834284755
61176.0314 lsst_hardware_i 258.966853209803 34.7964448864204 31.25 AB 5.391389092131102 1.03303105808225
61176.0491 lsst_hardware_z 215.04790868139727 43.423704878809964 30.940000534057617 AB 5.189228423815302 1.0329906288076962
61183.0119 lsst_hardware_z 943.8788486205198 69.33024585734717 31.709999084472656 AB 1.2783563098082 1.0331543452117142
61185.9909 lsst_hardware_z 673.395552118006 68.43814272044607 30.989999771118164 AB 5.986562212675187 1.040266827190239
61186.0102 lsst_hardware_r 1352.9223291966048 88.732679747668 31.65999984741211 AB 5.87191096852872 1.0317738512343086
61187.9906 lsst_hardware_i 1022.3922939893264 81.5031901914924 31.34000015258789 AB 6.709739384069492 1.0366934812575737
61188.0092 lsst_hardware_z 755.3124285537269 72.13574110981003 30.989999771118164 AB 7.2480916140061815 1.0316833839592943
61189.989 lsst_hardware_i 1210.8976832789797 82.90036893338096 31.34000015258789 AB 9.827591362159156 1.0346466665430833
61190.0084 lsst_hardware_z 801.1714566449558 71.86410679505813 30.989999771118164 AB 9.960741884651584 1.0323349537143371
61194.9503 lsst_hardware_y 235.97223516940485 70.32429959314993 30.059999465942383 AB 12.268850771650763 1.0576595492802383
61194.9532 lsst_hardware_g 513.3268214807495 35.58231211901464 31.6299991607666 AB 12.223919812858632 1.0537861907636752
61196.9647 lsst_hardware_y 363.44916819978374 50.81066452194744 30.040000915527344 AB 4.461331750214187 1.037519011677718
61196.9842 lsst_hardware_i 1261.857448709788 46.805742385110605 31.239999771118164 AB 4.43614670461814 1.0316620243298
61424.3587 lsst_hardware_i -4.596468915871876 32.45000076293945 31.270000457763672 AB 6.355681705741044 1.031682770187652
61426.3449 lsst_hardware_g 22.948258420379325 45.40999984741211 31.709999084472656 AB 11.620114091616996 1.0334195676296525
61426.3641 lsst_hardware_y -5.920018774518046 50.25 30.049999237060547 AB 11.600125965112053 1.0330813363218025
61428.3486 lsst_hardware_i 71.65636352189638 75.77999877929688 31.34000015258789 AB 9.619807591242216 1.031642413066546
61428.3685 lsst_hardware_y 67.67274860176283 63.25 30.059999465942383 AB 9.766708536477056 1.0379625417372926
61430.3541 lsst_hardware_z 124.76726323092838 95.76000213623047 31.75 AB 9.901594154323867 1.033389544719847
61432.3318 lsst_hardware_r 31.716749238968344 75.81999969482422 31.65999984741211 AB 12.221018068782852 1.0324421786586848
61432.3496 lsst_hardware_i 123.81469670985389 65.77999877929688 31.329999923706055 AB 11.344476707912964 1.0337437959978402
61434.3261 lsst_hardware_z -38.70123191355493 46.2599983215332 30.969999313354492 AB 11.4564487666254 1.0325000766016157
61434.343 lsst_hardware_r 45.20010342160109 41.279998779296875 31.6200008392334 AB 11.919843932597438 1.0333258240286745
61436.3327 lsst_hardware_z 43.20447659862405 41.9900016784668 30.959999084472656 AB 11.067589731687196 1.0320633856334955
61436.35 lsst_hardware_g -11.584672000019932 19.84000015258789 31.56999969482422 AB 11.964676563809501 1.0404066577225652
61438.3245 lsst_hardware_r 13.207006522561304 23.979999542236328 31.530000686645508 AB 8.797078525321817 1.0317136659877033
61438.3426 lsst_hardware_z -57.003571648528116 41.599998474121094 30.959999084472656 AB 10.238717734672328 1.0389363505502107
61443.2982 lsst_hardware_r 6.283561656761508 23.329999923706055 31.520000457763672 AB 3.8508882961054676 1.0335180612199646
61443.3163 lsst_hardware_i 15.401314084357068 30.899999618530273 31.270000457763672 AB 3.807440771523955 1.032666333475442
61445.2539 lsst_hardware_z -16.599225136530364 41.72999954223633 30.950000762939453 AB 5.670828132343422 1.0755822467617289
61445.2726 lsst_hardware_r 26.504972210399984 23.34000015258789 31.510000228881836 AB 5.53578039570833 1.0481785652060711
61450.3031 lsst_hardware_z -65.968452450332 41.29999923706055 30.950000762939453 AB 2.786597379925375 1.0348838994523553
61450.3203 lsst_hardware_r 38.40938329079522 23.520000457763672 31.510000228881836 AB 2.838646466125186 1.0485027577413886
61452.2329 lsst_hardware_r 12.067440162378244 23.3799991607666 31.5 AB 4.257767348960645 1.0791451904601812
61452.2511 lsst_hardware_u -0.7330880821040211 2.759999990463257 28.479999542236328 AB 4.733471002582091 1.0509093807767824
61454.2738 lsst_hardware_z -125.65423245519987 48.630001068115234 30.969999313354492 AB 4.924781920358795 1.032016328658599
61454.2917 lsst_hardware_r -17.91509522700818 42.349998474121094 31.6200008392334 AB 5.145864119460468 1.034656503359909
61460.2571 lsst_hardware_z 182.80270798130547 71.0 31.0 AB 10.204505278735756 1.03206991499995
61460.275 lsst_hardware_i -144.88058642423997 80.54000091552734 31.34000015258789 AB 10.241642429646255 1.0345093363279045
61462.2693 lsst_hardware_z -24.37373800290446 50.27000045776367 30.969999313354492 AB 6.707318910023705 1.0344016516981462
61462.2861 lsst_hardware_r 31.090439999562218 53.54999923706055 31.6299991607666 AB 6.802252544809534 1.0469433290714585
61466.2674 lsst_hardware_r -24.06169901337467 25.0 31.520000457763672 AB 3.5774541233995905 1.0398568326904805
61466.2875 lsst_hardware_i 4.893107536719086 31.940000534057617 31.260000228881836 AB 3.613747988025127 1.062867055301508
61468.2379 lsst_hardware_i -10.485206518380497 31.040000915527344 31.25 AB 5.743584162425793 1.0317198064353859
61468.2568 lsst_hardware_z 14.01628667923975 41.40999984741211 30.940000534057617 AB 6.021682090606266 1.0363894996955838
