data/validation/pwv_sim_epoch_fit_seasonal/22793901.ecsv
# %ECSV 0.9
# ---
# datatype:
# - {name: time, datatype: float64}
# - {name: band, datatype: string}
# - {name: flux, datatype: float64}
# - {name: fluxerr, datatype: float64}
# - {name: zp, datatype: float64}
# - {name: zpsys, datatype: string}
# - {name: pwv, datatype: float64}
# - {name: airmass, datatype: float64}
# meta: {SNID: '22793901', alt: 1024.0, c: -0.06415922939777374, dec: -22.831406, lat: -30.244573, lon: -70.7499537, ra: 144.492188, t0: 60266.7890625,
#   x0: 1.122220627245541e-05, x1: 0.49917280673980713, z: 0.438231498003006}
# schema: astropy-2.0
time band flux fluxerr zp zpsys pwv airmass
[from data line 132]
60723.1139 lsst_hardware_g 40.04681413981389 51.38999938964844 31.68000030517578 AB 2.5664818358341077 1.1062421706181684
60723.1328 lsst_hardware_i 49.496466421102944 51.349998474121094 31.309999465942383 AB 3.353179964790294 1.0614128086912036
60724.1639 lsst_hardware_r 11.657985244523426 47.119998931884766 31.6299991607666 AB 5.807150191262364 1.0164206869187336
60724.1813 lsst_hardware_z 56.77287490472069 47.25 30.969999313354492 AB 6.501455245200165 1.0086030476574877
60730.1113 lsst_hardware_r 0.9915017797667199 23.049999237060547 31.510000228881836 AB 8.2596538631028 1.0662203781974178
60730.1317 lsst_hardware_i 8.230059754594444 30.530000686645508 31.260000228881836 AB 9.70780578305506 1.0323060169135538
60732.0104 lsst_hardware_y 176.1336683368905 88.02999877929688 29.899999618530273 AB 10.717669826384363 1.550775772501174
60732.0301 lsst_hardware_r 8.706933119736274 24.170000076293945 31.43000030517578 AB 9.544786395407856 1.3836365878822694
60733.13 lsst_hardware_z -3.6272161598744925 40.939998626708984 30.950000762939453 AB 7.99195465774216 1.0247409485500911
60733.1474 lsst_hardware_r 24.670617158533155 22.639999389648438 31.510000228881836 AB 7.858587586513396 1.0115639693018048
60744.1104 lsst_hardware_i -109.8028192445382 53.0 31.31999969482422 AB 11.340113432211018 1.0156234975261336
60744.129 lsst_hardware_z -28.141868323545374 52.38999938964844 30.979999542236328 AB 10.615719744917037 1.008300118244455
60751.0987 lsst_hardware_z -13.684743877489483 77.5999984741211 31.729999542236328 AB 7.763497987836603 1.0113549856055462
60759.0716 lsst_hardware_i 15.334282520246168 30.079999923706055 31.260000228881836 AB 10.51988831704391 1.014193230642459
60759.0896 lsst_hardware_z 40.289277911666645 40.650001525878906 30.959999084472656 AB 8.987283525606626 1.008192896273565
60759.9906 lsst_hardware_z 49.79237235872218 57.310001373291016 30.969999313354492 AB 9.69515579654123 1.1818076221861642
60760.0071 lsst_hardware_r 41.94811365666273 22.979999542236328 31.510000228881836 AB 8.36779172854009 1.1232437776016944
60761.0696 lsst_hardware_r 14.943515560286196 22.399999618530273 31.510000228881836 AB 6.364934696095604 1.0122217468644028
60761.0866 lsst_hardware_u 1.4627179140360516 2.8299999237060547 28.579999923706055 AB 6.4681748436589785 1.008184368004205
60761.9899 lsst_hardware_y 61.512436668537234 57.630001068115234 30.020000457763672 AB 7.237380348333277 1.1632854373275379
60762.008 lsst_hardware_z 38.06593656853189 41.970001220703125 30.950000762939453 AB 7.650054313499845 1.1045946450642312
60763.0685 lsst_hardware_g -18.043652932384393 13.760000228881836 31.450000762939453 AB 6.818146599403352 1.010295357019167
60763.0865 lsst_hardware_i 10.278535496335921 30.09000015258789 31.270000457763672 AB 6.943252302337372 1.0088392840214575
60763.9872 lsst_hardware_y -91.45990375142152 61.88999938964844 30.030000686645508 AB 7.718934953334903 1.1531699048854493
60764.003 lsst_hardware_u -1.8852421383175548 2.9700000286102295 28.540000915527344 AB 6.566226979718171 1.1033203169684391
60766.9858 lsst_hardware_y -33.84656183729971 57.20000076293945 30.030000686645508 AB 8.879986915514529 1.1301287833934757
60767.0044 lsst_hardware_i -44.08870532116374 30.790000915527344 31.25 AB 8.351917760005277 1.0790591421195448
60768.0507 lsst_hardware_u -1.3294299857768268 2.740000009536743 28.450000762939453 AB 6.194127379060402 1.0121123168398964
60768.0696 lsst_hardware_g 10.26155255899045 13.949999809265137 31.43000030517578 AB 6.164184479240558 1.008331816830746
60770.0496 lsst_hardware_r 37.14548107874991 31.3700008392334 31.56999969482422 AB 7.8927347694623275 1.0102161722953222
60770.0692 lsst_hardware_i 39.27409659692282 34.20000076293945 31.270000457763672 AB 7.89803930873525 1.0092696068922433
60772.0285 lsst_hardware_i -35.80469536139555 47.099998474121094 31.309999465942383 AB 10.890339060616888 1.0199174970140377
60772.045 lsst_hardware_z -34.13460526856335 48.90999984741211 30.969999313354492 AB 11.002684113648966 1.0099147087549534
60774.9818 lsst_hardware_y 28.365838766085087 59.2599983215332 30.049999237060547 AB 5.93855682500495 1.0808184229693238
60775.0009 lsst_hardware_r -90.34005549502461 82.58999633789062 31.649999618530273 AB 5.925965608371194 1.0435947124411782
60777.021 lsst_hardware_z 60.48634851587128 67.44999694824219 31.0 AB 5.032533188287316 1.015135287602081
60777.0376 lsst_hardware_i 91.20092664013403 78.83000183105469 31.34000015258789 AB 5.032138173428646 1.0084445237331956
60779.0212 lsst_hardware_z -17.27343810104121 60.08000183105469 30.989999771118164 AB 5.099194071506662 1.0118452369295885
60779.0381 lsst_hardware_r 47.924333169671414 83.9000015258789 31.670000076293945 AB 5.090974461946785 1.008213577967479
60783.0017 lsst_hardware_r -11.775600885129906 22.270000457763672 31.510000228881836 AB 10.884506813161106 1.0172436273982344
60783.0201 lsst_hardware_i 4.358948512227709 30.010000228881836 31.260000228881836 AB 10.792173667552579 1.0086143614535121
60784.999 lsst_hardware_z -41.33783627739138 40.45000076293945 30.950000762939453 AB 9.090290110456113 1.0152400398849037
60785.0188 lsst_hardware_r 28.49739905623995 22.020000457763672 31.5 AB 7.030064740124751 1.0081836713214902
60790.997 lsst_hardware_u -0.9087949267987615 2.630000114440918 28.43000030517578 AB 13.538812332360486 1.0088533779701834
60791.0149 lsst_hardware_r -23.845833644791192 22.049999237060547 31.5 AB 11.718670629996693 1.0102302267238528
60792.9782 lsst_hardware_y 43.86469156098828 46.84000015258789 30.049999237060547 AB 1.0581735056766044 1.0145479440811165
60792.9968 lsst_hardware_i 7.951804505078545 29.799999237060547 31.25 AB 1.0538102595932852 1.0081896767216314
60795.9756 lsst_hardware_y 62.83921205231865 47.0099983215332 30.049999237060547 AB 11.432477942685411 1.0114551838171646
60795.9932 lsst_hardware_r 5.393780897483294 22.299999237060547 31.5 AB 11.531338565439897 1.0083367056173398
60798.9743 lsst_hardware_y -107.17167556014002 48.040000915527344 30.059999465942383 AB 11.054341523743709 1.0090451175229875
60798.992 lsst_hardware_g 18.146804091161485 25.850000381469727 31.6299991607666 AB 11.000434407346118 1.0098627014913841
60800.9575 lsst_hardware_z 37.183407300224616 71.01000213623047 31.0 AB 7.913288165457386 1.0138309060630406
60800.9752 lsst_hardware_i 44.4533541081904 45.7599983215332 31.309999465942383 AB 7.14346147710171 1.0081802945593612
60808.954 lsst_hardware_y -64.42873350827114 76.02999877929688 30.09000015258789 AB 8.590408679102099 1.0081653217528137
60808.9773 lsst_hardware_z 76.53400472878708 52.310001373291016 30.979999542236328 AB 7.338024835782076 1.0166285447190755
