data/validation/pwv_sim_epoch_fit_seasonal/22809849.ecsv
# %ECSV 0.9
# ---
# datatype:
# - {name: time, datatype: float64}
# - {name: band, datatype: string}
# - {name: flux, datatype: float64}
# - {name: fluxerr, datatype: float64}
# - {name: zp, datatype: float64}
# - {name: zpsys, datatype: string}
# - {name: pwv, datatype: float64}
# - {name: airmass, datatype: float64}
# meta: {SNID: '22809849', alt: 1024.0, c: 0.00397998932749033, dec: -28.461132, lat: -30.244573, lon: -70.7499537, ra: 46.757812, t0: 62783.16015625,
#   x0: 2.232705893011072e-05, x1: 0.5043776631355286, z: 0.3273262679576874}
# schema: astropy-2.0
time band flux fluxerr zp zpsys pwv airmass
[from data line 132]
63157.2263 lsst_hardware_u -0.6461439631863601 2.7300000190734863 28.510000228881836 AB 5.108640452780376 1.0119459464074698
63161.1 lsst_hardware_r -3.6910900036853964 27.260000228881836 31.459999084472656 AB 6.177819578680023 1.4040499042454597
63161.1174 lsst_hardware_z -23.328571166265274 45.25 30.93000030517578 AB 5.65499941544446 1.2911448872736844
63163.0973 lsst_hardware_g 60.148091866586626 34.88999938964844 31.530000686645508 AB 4.290623053081557 1.3840719526069538
63163.1155 lsst_hardware_r -58.138074523944994 36.72999954223633 31.540000915527344 AB 3.94160408436845 1.2714851885059515
63165.1025 lsst_hardware_z -137.5210895224527 75.13999938964844 31.690000534057617 AB 3.0217962228444626 1.3143959212024632
63165.1208 lsst_hardware_r 17.268335746631763 77.0999984741211 32.34000015258789 AB 2.7955575828230983 1.2180636503349793
63166.1022 lsst_hardware_r -85.25443340439878 68.87999725341797 31.59000015258789 AB 5.466620811443695 1.3000287304266265
63166.1203 lsst_hardware_z -41.27877448465264 55.939998626708984 30.959999084472656 AB 5.136336131132598 1.2080285675510793
63168.1011 lsst_hardware_r -5.068837284375429 104.0 31.610000610351562 AB 3.8159635510732848 1.2755309920020357
63168.1193 lsst_hardware_i 82.57333441832496 80.88999938964844 31.309999465942383 AB 3.491919292377104 1.188940855422916
63170.1034 lsst_hardware_z 120.58321089261958 75.4000015258789 30.969999313354492 AB 6.134651814305764 1.2357038602689085
63170.1221 lsst_hardware_i 97.79529497628492 83.9800033569336 31.31999969482422 AB 5.80554003108009 1.1568277435646852
63172.1099 lsst_hardware_u 17.79177031548215 11.84000015258789 29.200000762939453 AB 6.618298941475471 1.182719096019225
63181.141 lsst_hardware_i 44.14194247934062 29.8700008392334 31.239999771118164 AB 2.920036822450376 1.034984696048101
63181.1594 lsst_hardware_r -5.550915242616757 21.920000076293945 31.489999771118164 AB 2.9529346058390455 1.013129439331786
63183.1355 lsst_hardware_u -2.9304469414760903 2.6600000858306885 28.43000030517578 AB 5.175217677942335 1.035043535588467
63183.1545 lsst_hardware_g 20.508053180573942 13.5 31.420000076293945 AB 5.063191647113458 1.0126383294226915
63186.1219 lsst_hardware_g 0.5136239407023044 13.4399995803833 31.40999984741211 AB 6.047842148557259 1.0436911208968853
63186.1384 lsst_hardware_r -28.835579517646895 22.010000228881836 31.489999771118164 AB 6.029047155783793 1.0205030801806265
63187.121 lsst_hardware_i 10.973723141009241 29.8700008392334 31.239999771118164 AB 3.22600468398077 1.0406466722518612
63187.1386 lsst_hardware_z 9.178547929438649 40.36000061035156 30.950000762939453 AB 2.7532076080866323 1.0173515410943674
63189.1013 lsst_hardware_u 3.231974555181953 2.7699999809265137 28.459999084472656 AB 4.771337924277055 1.0676522542575642
63189.1182 lsst_hardware_g 28.671458379857555 13.890000343322754 31.43000030517578 AB 4.621470595755659 1.0364365543295218
63191.0511 lsst_hardware_g 34.15612023860997 23.670000076293945 31.549999237060547 AB 4.722600051967211 1.212218195157359
63195.0267 lsst_hardware_z 55.497958375760355 104.54000091552734 31.709999084472656 AB 7.9948276389812944 1.2792406484049221
63197.0203 lsst_hardware_y 19.7310589865 78.55999755859375 29.989999771118164 AB 6.193860594777651 1.2844337383540154
63197.0363 lsst_hardware_z -101.90943101749833 68.47000122070312 30.969999313354492 AB 5.871730357343831 1.2051991702264895
63201.0243 lsst_hardware_y -101.15337759086196 71.30000305175781 30.020000457763672 AB 9.027318491634187 1.2099611515647852
63201.0407 lsst_hardware_i 15.194480961114396 31.059999465942383 31.229999542236328 AB 8.524789061192951 1.1452918577509563
63204.029 lsst_hardware_y 69.49862012245784 60.650001525878906 30.020000457763672 AB 5.085624403047451 1.1577972459982813
63204.0497 lsst_hardware_g 28.915719585813584 13.369999885559082 31.3799991607666 AB 3.8190873751842114 1.0931458950055637
63206.0308 lsst_hardware_y 22.924928732762616 61.2400016784668 30.030000686645508 AB 3.6333589702561766 1.1326520403979043
63206.0515 lsst_hardware_i -10.87831439878221 30.469999313354492 31.25 AB 3.5696913086961715 1.0752352143461608
63208.0324 lsst_hardware_z 24.792809579581114 51.189998626708984 30.959999084472656 AB 4.122610770031099 1.1108166256595382
63208.0531 lsst_hardware_u -0.32073582464258205 2.6700000762939453 28.40999984741211 AB 3.2269477009249687 1.0599269833880667
63211.0356 lsst_hardware_y -76.29299566229005 56.93000030517578 30.040000915527344 AB 10.455545266178632 1.0805369090482906
63211.0596 lsst_hardware_r 0.10645176411755022 21.8700008392334 31.489999771118164 AB 10.351137155459234 1.0342173938046262
63213.0381 lsst_hardware_y -147.30444413882927 51.790000915527344 30.049999237060547 AB 11.29191381813541 1.0626933457059886
63213.0582 lsst_hardware_z -15.022360424928802 40.540000915527344 30.950000762939453 AB 11.700022727531504 1.0284830105074527
