data/validation/pwv_sim_epoch_fit_seasonal/22832745.ecsv
# %ECSV 0.9
# ---
# datatype:
# - {name: time, datatype: float64}
# - {name: band, datatype: string}
# - {name: flux, datatype: float64}
# - {name: fluxerr, datatype: float64}
# - {name: zp, datatype: float64}
# - {name: zpsys, datatype: string}
# - {name: pwv, datatype: float64}
# - {name: airmass, datatype: float64}
# meta: {SNID: '22832745', alt: 1024.0, c: 0.0438973605632782, dec: -45.191612, lat: -30.244573, lon: -70.7499537, ra: 221.610886, t0: 62188.43359375,
#   x0: 6.626593992903708e-06, x1: -0.22403550148010254, z: 0.5463507175445557}
# schema: astropy-2.0
time band flux fluxerr zp zpsys pwv airmass
[from data line 133]
62614.0642 lsst_hardware_r -5.82483085062065 24.280000686645508 31.40999984741211 AB 7.410823577740571 1.4825600648987538
62614.0784 lsst_hardware_i -14.573476587984368 33.150001525878906 31.200000762939453 AB 6.975415230556395 1.3897095027008357
62616.2303 lsst_hardware_u 1.0382010165691664 3.559999942779541 28.65999984741211 AB 13.166500678659027 1.0367323369022856
62616.2428 lsst_hardware_r 33.70904938232405 27.540000915527344 31.549999237060547 AB 13.230218601976144 1.041749496218594
62618.2052 lsst_hardware_i -4.304609024650531 30.59000015258789 31.260000228881836 AB 3.688883349118895 1.0370528333003803
62618.2168 lsst_hardware_z 61.5435928350911 41.130001068115234 30.950000762939453 AB 2.957577141524618 1.0356568822637198
62620.2096 lsst_hardware_r 22.665861489985293 22.799999237060547 31.489999771118164 AB 10.826974637401346 1.0356446740491674
62620.221 lsst_hardware_u -1.5624549935380108 2.6500000953674316 28.399999618530273 AB 10.834104929827381 1.0371534491506205
62627.1987 lsst_hardware_u -2.6014069651278406 2.809999942779541 28.520000457763672 AB 3.380543975323862 1.036393840475355
62627.2101 lsst_hardware_r -38.53223966227712 23.110000610351562 31.510000228881836 AB 2.509293393560441 1.0403372278442957
62631.1981 lsst_hardware_i 36.57670503288082 30.6200008392334 31.25 AB 6.545663537854518 1.039819465902261
62631.2106 lsst_hardware_z -55.02891150045772 41.33000183105469 30.950000762939453 AB 6.49593517808049 1.0477314803355628
62633.1973 lsst_hardware_r 8.165154596749398 37.189998626708984 31.600000381469727 AB 12.152668206867352 1.0422826444610118
62633.2111 lsst_hardware_z 80.04697581695198 44.220001220703125 30.950000762939453 AB 11.890130607604751 1.0529927254504319
62637.1878 lsst_hardware_y -56.05927276899563 62.4900016784668 30.059999465942383 AB 5.578239910810826 1.0431491184311767
62637.2007 lsst_hardware_r -77.73281358474043 121.1500015258789 31.65999984741211 AB 5.660808219018284 1.0535002888991842
62639.1294 lsst_hardware_z -34.714870539056434 83.76000213623047 31.0 AB 8.487416016325279 1.0465371166862243
62639.1419 lsst_hardware_r 50.67027154179372 126.77999877929688 31.65999984741211 AB 8.427395369860704 1.0391362971468194
62642.1228 lsst_hardware_i -24.726024504171082 46.970001220703125 31.309999465942383 AB 7.414070447630698 1.045364071198545
62642.1349 lsst_hardware_z 28.791807501229012 49.2400016784668 30.969999313354492 AB 7.406856497798167 1.0386477122241076
62644.1351 lsst_hardware_r -7.226866483270449 22.899999618530273 31.489999771118164 AB 1.9243544811301627 1.0368289230226302
62644.1476 lsst_hardware_u -1.1721512762001527 2.6700000762939453 28.420000076293945 AB 1.9223666122140983 1.0357578729600956
62649.2 lsst_hardware_r -13.83680958475476 23.280000686645508 31.489999771118164 AB 8.35998060541724 1.0999974480812158
62649.214 lsst_hardware_u 0.05117802949357762 2.6600000858306885 28.3700008392334 AB 7.972195049060202 1.130687522470663
62652.1813 lsst_hardware_i -3.261695363121069 30.93000030517578 31.239999771118164 AB 8.483911137892129 1.0813039941233484
62652.1968 lsst_hardware_z -90.7854587518063 42.209999084472656 30.940000534057617 AB 8.669731995979056 1.110151993850958
62654.1338 lsst_hardware_z -2.8646628395375964 40.97999954223633 30.940000534057617 AB 10.994241136517736 1.0391532265139638
62654.1472 lsst_hardware_r -18.804772915401006 22.93000030517578 31.5 AB 11.09292502540533 1.047259812953268
62655.1094 lsst_hardware_r -19.17328310225519 22.700000762939453 31.489999771118164 AB 9.411036221446334 1.0360013453816044
62655.1216 lsst_hardware_u -2.963318970095197 2.640000104904175 28.399999618530273 AB 9.408881276310693 1.0362774686172909
62657.1081 lsst_hardware_g 19.501552688255575 14.180000305175781 31.440000534057617 AB 9.298098831907625 1.0356633033173204
62657.1206 lsst_hardware_i -46.772560137407986 30.510000228881836 31.25 AB 9.31316675682343 1.0373416353263207
62675.0864 lsst_hardware_r -14.203400264098244 22.540000915527344 31.489999771118164 AB 3.3430757507167534 1.0447111720989855
62675.0997 lsst_hardware_z 16.590996429730907 41.41999816894531 30.950000762939453 AB 3.380205176537514 1.0563141176679731
62676.0428 lsst_hardware_i 24.561557853048004 30.450000762939453 31.260000228881836 AB 3.530457108664439 1.038369737842482
62676.056 lsst_hardware_r 23.32027613162517 22.6299991607666 31.5 AB 3.521288035481899 1.0356729516123233
62678.0856 lsst_hardware_g -5.274832507852536 13.760000228881836 31.420000076293945 AB 5.167440305321623 1.0505596554656413
62678.0978 lsst_hardware_r 22.685965103500582 22.600000381469727 31.489999771118164 AB 5.24805242445344 1.0635249361385557
62680.0808 lsst_hardware_i 22.48914685563722 30.43000030517578 31.25 AB 7.2776758712666965 1.0511556107845303
62680.0935 lsst_hardware_z -44.2365825173751 41.290000915527344 30.950000762939453 AB 7.657740955905453 1.0649803151248805
62682.0808 lsst_hardware_r -0.23410415111190105 22.479999542236328 31.489999771118164 AB 3.295968997240471 1.056541417574079
62682.0921 lsst_hardware_u 1.715352802837962 2.6600000858306885 28.40999984741211 AB 3.875315444122012 1.0703812854916017
62686.0231 lsst_hardware_i -5.350745529473469 30.209999084472656 31.25 AB 8.186492540360831 1.0362648785266875
62686.0352 lsst_hardware_u -2.807075831186584 2.609999895095825 28.389999389648438 AB 8.184442196391494 1.036005341315379
62688.0258 lsst_hardware_g -16.32094421031799 15.960000038146973 31.479999542236328 AB 5.910765216778543 1.0356741903650748
62688.0379 lsst_hardware_r -8.354199324109839 23.84000015258789 31.520000457763672 AB 5.950696180019688 1.0379724716587817
62699.0033 lsst_hardware_i 46.958394754244736 30.270000457763672 31.25 AB 1.554990051406306 1.0366600342708707
62699.0136 lsst_hardware_z 13.220252558718409 47.5099983215332 30.959999084472656 AB 1.5605943040240828 1.0403962026827218
62706.999 lsst_hardware_g -25.69088058610139 13.75 31.399999618530273 AB 5.137394418831662 1.044699005710438
62707.0105 lsst_hardware_r 8.43320905137648 22.56999969482422 31.479999542236328 AB 5.470957827920028 1.0544392074626632
62709.001 lsst_hardware_i -2.8641039483167683 30.459999084472656 31.239999771118164 AB 4.758191406969217 1.0506053007218408
62709.013 lsst_hardware_r -5.502608775742933 22.700000762939453 31.479999542236328 AB 4.8483010387172625 1.0633405063531665
