data/validation/pwv_sim_epoch_fit_seasonal/22848682.ecsv
# %ECSV 0.9
# ---
# datatype:
# - {name: time, datatype: float64}
# - {name: band, datatype: string}
# - {name: flux, datatype: float64}
# - {name: fluxerr, datatype: float64}
# - {name: zp, datatype: float64}
# - {name: zpsys, datatype: string}
# - {name: pwv, datatype: float64}
# - {name: airmass, datatype: float64}
# meta: {SNID: '22848682', alt: 1024.0, c: -0.02393011376261711, dec: -6.579593, lat: -30.244573, lon: -70.7499537, ra: 42.363281, t0: 62128.83203125,
#   x0: 4.501108718207044e-06, x1: -1.1929740905761719, z: 0.6405525803565979}
# schema: astropy-2.0
time band flux fluxerr zp zpsys pwv airmass
61993.3954 lsst_hardware_z 52.228415939993 56.869998931884766 30.969999313354492 AB 6.724224012927848 1.1146970237488834
61993.4205 lsst_hardware_y 72.11318576439565 53.220001220703125 30.040000915527344 AB 5.43465773799467 1.0939510669451655
61996.412 lsst_hardware_z -68.90930167714016 67.1500015258789 31.709999084472656 AB 3.86855121465185 1.094047289211496
61996.4324 lsst_hardware_y 157.22399421937047 113.04000091552734 30.799999237060547 AB 4.579085670971445 1.0961087560923752
62000.3969 lsst_hardware_u 0.2591236000361263 2.819999933242798 28.479999542236328 AB 2.641423277491509 1.0957231516142873
62000.4166 lsst_hardware_y -8.403473857143565 48.61000061035156 30.030000686645508 AB 2.6436396295143094 1.0940707530063358
62010.2778 lsst_hardware_i -1.9689307395822047 46.72999954223633 31.969999313354492 AB 4.873223955111073 1.3545512707619032
62010.3037 lsst_hardware_z -76.95060031220848 61.720001220703125 31.690000534057617 AB 3.760801458568085 1.2285516824417984
62012.3466 lsst_hardware_r 75.33858796617153 23.469999313354492 31.489999771118164 AB 2.89544277162696 1.1107126545464971
62012.3659 lsst_hardware_u -4.387504329854617 2.75 28.450000762939453 AB 2.8715523698709533 1.0949327456531435
62014.316 lsst_hardware_g -19.789558242654284 55.06999969482422 31.670000076293945 AB 1.8114248679562799 1.1563516552545674
62014.3334 lsst_hardware_i 19.431673901085286 44.209999084472656 31.280000686645508 AB 0.9210948743203415 1.1215767115010356
62019.3064 lsst_hardware_r -10.92015308645085 101.95999908447266 31.6299991607666 AB 0.8028349866945148 1.146907123849307
62019.3251 lsst_hardware_z 101.31586124182314 69.63999938964844 30.979999542236328 AB 0.7796463543181845 1.113780506168835
62022.3484 lsst_hardware_r -20.484641100201927 82.6500015258789 31.639999389648438 AB 4.747567985301494 1.0928394971058952
62022.3689 lsst_hardware_y 7.8447896826642385 55.150001525878906 30.030000686645508 AB 4.747085216096406 1.1011563943626081
62029.3385 lsst_hardware_i 17.599360770862262 31.0 31.239999771118164 AB 4.526056899828177 1.0944400676649781
62029.3568 lsst_hardware_z -31.11324337096975 42.16999816894531 30.950000762939453 AB 4.595270015856351 1.10802821528877
62032.3411 lsst_hardware_z 53.33443835881779 42.029998779296875 30.950000762939453 AB 5.424855140243383 1.100748422099221
62032.3604 lsst_hardware_r -4.783690991642839 23.25 31.489999771118164 AB 5.895893238302516 1.124455163058331
62034.2565 lsst_hardware_i -54.96923202247813 31.610000610351562 31.239999771118164 AB 4.458055575998029 1.1689427927887326
62034.2761 lsst_hardware_u 3.254639626575342 2.759999990463257 28.459999084472656 AB 4.379699556908045 1.1260073847433645
62036.2625 lsst_hardware_g 18.1380427875448 14.180000305175781 31.399999618530273 AB 1.9405054612756538 1.1414738007503846
62036.2813 lsst_hardware_r -15.132339075999484 23.25 31.489999771118164 AB 1.907738110321346 1.1104412749249803
62040.2537 lsst_hardware_z 37.30005329543227 43.77000045776367 30.940000534057617 AB 4.365265147889898 1.1371332821316975
62040.2719 lsst_hardware_g -0.7853000002534261 14.069999694824219 31.389999389648438 AB 4.22464076284425 1.1086356095637464
62042.2474 lsst_hardware_r -21.210749393304297 44.27000045776367 31.59000015258789 AB 5.250459123837614 1.138825295726214
62042.2668 lsst_hardware_i -39.89964608077461 40.63999938964844 31.280000686645508 AB 5.0523869342630805 1.1082226221239484
62045.2925 lsst_hardware_z -13.075537178393565 58.61000061035156 30.979999542236328 AB 3.4995120478860096 1.0937114432397508
62045.3119 lsst_hardware_r -102.48175681984571 74.68000030517578 31.639999389648438 AB 3.536221879634264 1.1066832504592938
62047.3 lsst_hardware_z -223.39563496901917 106.94000244140625 31.739999771118164 AB 2.971697657772027 1.1006287621377877
62049.2907 lsst_hardware_r 265.59376062675943 117.87000274658203 31.649999618530273 AB 6.508439327926948 1.0978531337520856
62049.3091 lsst_hardware_z -88.21667755036448 81.36000061035156 30.989999771118164 AB 6.373875810338548 1.1168848708282844
62051.2149 lsst_hardware_i 20.503587948881446 71.79000091552734 31.31999969482422 AB 3.709660496360156 1.1565582217802512
62051.2324 lsst_hardware_r 42.10085665747545 83.94000244140625 31.639999389648438 AB 3.601118312807866 1.1215525500569528
62053.2109 lsst_hardware_z -42.36987848210048 51.369998931884766 30.959999084472656 AB 3.049232913095771 1.1530470459806281
62053.2297 lsst_hardware_g -19.89930022691784 50.16999816894531 31.68000030517578 AB 2.912982448197107 1.1173695620242066
62056.2145 lsst_hardware_r -25.409618564527438 23.530000686645508 31.489999771118164 AB 6.573054895587187 1.1286797943312867
62056.2306 lsst_hardware_i -15.836192955102966 31.350000381469727 31.239999771118164 AB 6.440739346058271 1.1060069568652513
62058.2111 lsst_hardware_z 58.97860842102079 42.630001068115234 30.940000534057617 AB 7.100617403095287 1.12511763636433
62058.2283 lsst_hardware_r 26.833525424794747 23.649999618530273 31.5 AB 6.968492266121995 1.1029003850365262
62061.1973 lsst_hardware_r 48.55287718064926 23.850000381469727 31.489999771118164 AB 6.630465823836805 1.1352889373614756
62061.2222 lsst_hardware_z -76.97058240544456 42.380001068115234 30.950000762939453 AB 5.594397552569009 1.1010787375893272
62066.2537 lsst_hardware_r -19.030855667415047 23.8700008392334 31.5 AB 3.9839720726404955 1.10576303623652
62066.2711 lsst_hardware_u 5.087377556187755 2.7100000381469727 28.389999389648438 AB 4.1733438815767165 1.1306045056758907
62069.1759 lsst_hardware_r -27.07210209466391 30.790000915527344 31.549999237060547 AB 1.3768205165664402 1.1344305272450756
62069.1928 lsst_hardware_i 23.82397333759705 34.41999816894531 31.260000228881836 AB 1.3232314790635358 1.1085435457112494
62074.1697 lsst_hardware_z -83.72225134703444 61.33000183105469 30.979999542236328 AB 3.719674957182213 1.1213973340917134
62076.1221 lsst_hardware_i -153.30699115914157 102.56999969482422 31.309999465942383 AB 6.8663275078630575 1.2340262107883984
62078.16 lsst_hardware_z -0.8775479109332108 82.80000305175781 30.989999771118164 AB 5.70948972440972 1.1195077890999452
62078.1798 lsst_hardware_r -192.2725797503494 119.75 31.649999618530273 AB 5.1456691818387155 1.0980941489198166
62080.1576 lsst_hardware_i 95.74034985861952 66.02999877929688 31.31999969482422 AB 2.809242877882354 1.1150739128931881
62080.1746 lsst_hardware_r 35.13434310541756 78.91000366210938 31.639999389648438 AB 3.3751995808119815 1.0979234201611217
62082.2 lsst_hardware_u -8.033023296748764 10.170000076293945 29.239999771118164 AB 5.70683262811008 1.0974678130980922
62082.2184 lsst_hardware_g -114.8387255357718 49.08000183105469 31.68000030517578 AB 5.307988163138478 1.1160223211560736
62084.1999 lsst_hardware_r -10.243312772081323 23.84000015258789 31.5 AB 9.742425241242914 1.1013782915825967
62084.2186 lsst_hardware_i -29.62821971542903 34.959999084472656 31.260000228881836 AB 10.224206817952973 1.1247339831270406
62087.1957 lsst_hardware_z -19.316176109574577 42.34000015258789 30.940000534057617 AB 4.716468872725082 1.1050770554648672
62087.2132 lsst_hardware_r -23.950472600413672 23.719999313354492 31.479999542236328 AB 7.553103010489533 1.1295767214091847
62089.1265 lsst_hardware_i 78.44859509579987 31.690000534057617 31.239999771118164 AB 4.706150406852528 1.125043426544051
62089.1448 lsst_hardware_u -0.9801896827470359 2.7300000190734863 28.420000076293945 AB 4.604929044504266 1.1018773386650287
62092.1831 lsst_hardware_g 11.777124942700608 14.520000457763672 31.40999984741211 AB 6.064634709416357 1.106163707999518
62092.2026 lsst_hardware_r 7.936740428203863 23.670000076293945 31.479999542236328 AB 6.304302524624643 1.1352966909105295
62094.1824 lsst_hardware_i -23.118888931213487 31.229999542236328 31.239999771118164 AB 5.694544867345793 1.1116910704283327
62094.2021 lsst_hardware_r -5.55740073618973 23.450000762939453 31.479999542236328 AB 5.858749171970977 1.1455734803677915
62097.1834 lsst_hardware_z 4.349373116383991 42.462730431659665 30.950000762939453 AB 6.832926009353503 1.125224538386744
62097.2032 lsst_hardware_g 23.45000674446021 14.480666715579284 31.40999984741211 AB 7.142631466920553 1.1682419801964798
62101.1054 lsst_hardware_i 58.15720771818255 47.51447033438381 31.299999237060547 AB 4.231217185311875 1.1085674473547253
62101.1249 lsst_hardware_z 67.3463915373838 50.12783814201482 30.959999084472656 AB 4.1703711377975266 1.0941787536036538
62104.1455 lsst_hardware_z 30.855666821273672 70.616522395542 30.979999542236328 AB 5.816999800575059 1.1015480377929383
62104.1648 lsst_hardware_r -105.18819524353479 95.77933967588035 31.639999389648438 AB 5.899031385609702 1.1260917028938346
62106.1433 lsst_hardware_i -86.02867266919168 95.90376774499583 31.329999923706055 AB 7.170910000341655 1.1045480451325587
62106.163 lsst_hardware_r 135.90909204942997 121.10045555605024 31.639999389648438 AB 7.346999898383676 1.132660124625557
62111.0746 lsst_hardware_g 108.09938983872954 17.58729448843971 31.420000076293945 AB 5.025951582908616 1.1128594703368093
62111.0941 lsst_hardware_r 319.26932876779637 29.677698501387077 31.5 AB 6.288676494402858 1.0955882394430065
62113.0795 lsst_hardware_i 386.00033050193196 37.800675340776465 31.25 AB 5.898350247488445 1.1016716935914166
62113.0979 lsst_hardware_z 339.188048921548 46.160907349745585 30.950000762939453 AB 6.7794915714645665 1.0929375417482778
62115.0771 lsst_hardware_i 612.2129120988244 39.81102252674949 31.25 AB 10.990249401944606 1.099244789152291
62115.0957 lsst_hardware_u 28.45098895658346 5.19631944818888 28.450000762939453 AB 11.613209106056143 1.092836490532206
62117.1155 lsst_hardware_g 287.8941286849319 21.81517285715594 31.40999984741211 AB 13.325728784667074 1.106864715276657
62117.1353 lsst_hardware_r 979.853691310892 38.89310445513421 31.489999771118164 AB 11.774216943808684 1.1371843224385605
62119.1153 lsst_hardware_i 910.6242938482001 43.80882106395674 31.239999771118164 AB 8.663566581993965 1.113182698774622
62119.133 lsst_hardware_r 1145.3470957552968 41.1732984578765 31.479999542236328 AB 9.001396234542868 1.143740943079301
62125.0431 lsst_hardware_y 364.15885718488863 55.09655814591775 30.040000915527344 AB 4.791649076810542 1.105063881031778
62125.0618 lsst_hardware_z 934.2158335910668 52.00138695348883 30.950000762939453 AB 4.797571199580792 1.0934842902045436
62130.0458 lsst_hardware_y 498.32223196511205 55.57454716444299 30.040000915527344 AB 10.564763836021202 1.0941422298652308
62130.0645 lsst_hardware_r 1573.0614360750203 62.72326532319062 31.610000610351562 AB 10.389407865279523 1.095120466457207
62134.0507 lsst_hardware_z 2114.486749948855 106.03353857137036 31.729999542236328 AB 9.248282505551266 1.0940397285746766
62136.0402 lsst_hardware_y 472.07794125990426 69.9785702099231 30.049999237060547 AB 7.434056591180138 1.0929648500394633
62136.062 lsst_hardware_i 1010.2654232777437 80.35402029466839 31.31999969482422 AB 7.561205080943799 1.105156587268436
62355.4027 lsst_hardware_r 0.3000383786867139 24.190000534057617 31.5 AB 3.501923580272601 1.1169519433131652
62355.4259 lsst_hardware_z -24.790639511191934 45.22999954223633 30.950000762939453 AB 3.6144343276991564 1.095283129605805
62357.4129 lsst_hardware_z 37.969370282050534 42.27000045776367 30.940000534057617 AB 4.254094008352092 1.0998174788914405
62357.4332 lsst_hardware_y 3.0178603307249845 66.75 30.049999237060547 AB 3.6678795225236027 1.0929319197030998
62363.3977 lsst_hardware_i -28.11818756469371 31.40999984741211 31.25 AB 5.4044675571589265 1.0989529719372881
62363.4165 lsst_hardware_y -11.448383660096306 48.279998779296875 30.040000915527344 AB 5.394428074109469 1.0929113099664634
62368.3755 lsst_hardware_g -1.8329198438961825 14.25 31.40999984741211 AB 1.79290243536441 1.1065591330747786
62368.3939 lsst_hardware_y -54.02409355341361 47.43000030517578 30.030000686645508 AB 1.838984811324905 1.0939826361242742
62370.4033 lsst_hardware_i -60.01219100089959 47.459999084472656 31.299999237060547 AB 1.3378654275061608 1.0939955795621077
62370.4201 lsst_hardware_z 37.13413984776121 46.849998474121094 30.950000762939453 AB 1.8143120755394995 1.1049403626915344
62377.3278 lsst_hardware_i 79.87945779872584 64.06999969482422 31.309999465942383 AB 7.97492833662566 1.1434545307195096
62377.347 lsst_hardware_z -59.053890119600275 60.77000045776367 30.969999313354492 AB 7.829618058040357 1.1111094689745067
62379.3118 lsst_hardware_r 46.98442361374266 48.41999816894531 31.59000015258789 AB 6.95741636984542 1.1689698609392902
62379.3315 lsst_hardware_z 19.216718575214617 49.61000061035156 30.959999084472656 AB 6.6969192655110374 1.1258637860733893
62381.3512 lsst_hardware_g -13.697750432379909 22.40999984741211 31.56999969482422 AB 2.347796910751601 1.097229541185466
62381.3683 lsst_hardware_r -11.454958976996409 28.860000610351562 31.540000915527344 AB 2.391739886038978 1.0929920649098495
62384.3031 lsst_hardware_r 34.72943455000114 23.190000534057617 31.479999542236328 AB 2.0019544809736325 1.1562522872254701
62384.3228 lsst_hardware_i 35.108202295319465 31.020000457763672 31.239999771118164 AB 1.9135795703248504 1.1180171792145912
62386.3572 lsst_hardware_z 1.184594218772878 41.88999938964844 30.940000534057617 AB 2.611728081638295 1.0933832326144133
62386.3761 lsst_hardware_r 8.327369026529182 23.110000610351562 31.489999771118164 AB 2.31280930314238 1.104625338814271
62388.3361 lsst_hardware_u -2.0278567943381622 2.619999885559082 28.350000381469727 AB 4.907145161670554 1.0951615603795246
62388.3548 lsst_hardware_r -17.03926047465965 22.959999084472656 31.479999542236328 AB 4.7592304677960975 1.094201739923232
62391.3519 lsst_hardware_i 24.97055504537469 31.15999984741211 31.25 AB 3.697107133455348 1.0965221354786006
62391.3712 lsst_hardware_z -53.85705435362242 42.2400016784668 30.940000534057617 AB 3.680776336189069 1.1149644335294415
62400.1727 lsst_hardware_i 147.04744987685854 111.73999786376953 31.959999084472656 AB 7.418569357160589 1.6751247983957493
62400.1987 lsst_hardware_z 152.0738070732603 97.02999877929688 31.690000534057617 AB 6.223732152831371 1.4316206454913103
62402.2751 lsst_hardware_r -26.252585412184626 113.66000366210938 31.639999389648438 AB 1.9372765479986835 1.1159427119808085
62402.2948 lsst_hardware_z -21.723766574808696 75.9800033569336 30.989999771118164 AB 2.188811605748286 1.0966905749051954
62405.2538 lsst_hardware_z 56.962906692335174 71.13999938964844 30.979999542236328 AB 3.6207510595495127 1.138362311742668
62405.2722 lsst_hardware_i 87.85744491668771 77.30999755859375 31.31999969482422 AB 3.540701403824748 1.1091264708649426
62412.2903 lsst_hardware_r 41.35659986578823 23.350000381469727 31.489999771118164 AB 2.957868354796293 1.0945608812617342
62412.3078 lsst_hardware_i 26.360175044316758 31.610000610351562 31.239999771118164 AB 3.539750185523091 1.107440875645977
62415.29 lsst_hardware_z -7.318736221808535 42.040000915527344 30.940000534057617 AB 6.587179465176155 1.098778893273849
62415.3086 lsst_hardware_r 25.578873095359565 23.479999542236328 31.479999542236328 AB 6.381263535553803 1.1191763117558298
62419.2139 lsst_hardware_g 17.45690953807851 14.210000038146973 31.3799991607666 AB 3.029643265145157 1.1418253511853607
62419.2314 lsst_hardware_i -21.952136980816036 31.190000534057617 31.229999542236328 AB 2.9520187855046327 1.1122904240786107
62421.2142 lsst_hardware_z 24.869795466160802 42.59000015258789 30.940000534057617 AB 6.217777557349281 1.1305050104271421
62421.2326 lsst_hardware_r -40.158456589994486 23.489999771118164 31.479999542236328 AB 6.075869212260571 1.1047034931382855
62424.2088 lsst_hardware_y 46.32847987701222 48.45000076293945 30.030000686645508 AB 7.136283448277958 1.125596758403537
62424.226 lsst_hardware_g -33.87638807993866 22.81999969482422 31.579999923706055 AB 7.002220584605876 1.1031751787532296
62426.25 lsst_hardware_r -27.412531579774843 45.36000061035156 31.610000610351562 AB 6.782024324028352 1.0938748909723148
