data/validation/pwv_sim_epoch_fit_seasonal/2287639.ecsv
# %ECSV 0.9
# ---
# datatype:
# - {name: time, datatype: float64}
# - {name: band, datatype: string}
# - {name: flux, datatype: float64}
# - {name: fluxerr, datatype: float64}
# - {name: zp, datatype: float64}
# - {name: zpsys, datatype: string}
# - {name: pwv, datatype: float64}
# - {name: airmass, datatype: float64}
# meta: {SNID: '2287639', alt: 1024.0, c: 0.02091165818274021, dec: -7.632146, lat: -30.244573, lon: -70.7499537, ra: 42.890625, t0: 61376.43359375,
#   x0: 5.119930002072772e-06, x1: -1.2642263174057007, z: 0.6077278256416321}
# schema: astropy-2.0
time band flux fluxerr zp zpsys pwv airmass
61262.4089 lsst_hardware_g 28.764425028993944 14.859999656677246 31.440000534057617 AB 5.687441956338018 1.0937388377573112
61262.4282 lsst_hardware_y -16.58957872727011 55.060001373291016 30.040000915527344 AB 5.390375210516239 1.0842916475491966
61265.4073 lsst_hardware_i 0.34275929952756795 31.399999618530273 31.25 AB 4.904188786882372 1.0888115715557531
61265.4266 lsst_hardware_z -39.222102404111986 49.310001373291016 30.959999084472656 AB 5.08160387264 1.0844996526940314
61267.406 lsst_hardware_r -11.51000638642349 23.420000076293945 31.489999771118164 AB 5.350859099017613 1.0866159410446652
61267.4262 lsst_hardware_y -1.6735905888333689 55.0 30.040000915527344 AB 5.624102074287879 1.0858388018704275
61269.4044 lsst_hardware_r -19.849811121016185 23.530000686645508 31.5 AB 4.150906265098207 1.085204252313257
61269.4252 lsst_hardware_y 88.88382949230379 57.38999938964844 30.040000915527344 AB 4.406433331216745 1.087873924507282
61273.3979 lsst_hardware_z -16.919657900289774 41.939998626708984 30.940000534057617 AB 1.192755142077657 1.0843228564342335
61273.4159 lsst_hardware_y 28.366655100850462 48.88999938964844 30.030000686645508 AB 1.1976950363707277 1.0888136694279342
61275.3895 lsst_hardware_u 0.008562363308074824 3.9100000858306885 29.219999313354492 AB 2.4437443183416065 1.0848228699356053
61275.4095 lsst_hardware_y 77.78849177954748 68.12999725341797 30.790000915527344 AB 2.4522047947973173 1.0882565657384544
61277.3939 lsst_hardware_r 14.591707755227368 40.08000183105469 31.600000381469727 AB 2.4531669698505087 1.084512365097484
61277.4117 lsst_hardware_y -36.481614907841625 48.7400016784668 30.030000686645508 AB 2.466652041854058 1.0938589986049037
61279.3189 lsst_hardware_i -73.97403264296024 66.30000305175781 31.309999465942383 AB 3.5583083944659917 1.1755230903422502
61279.3359 lsst_hardware_z 43.25512089340664 60.08000183105469 30.969999313354492 AB 3.1086668376667212 1.132689683973943
61285.3296 lsst_hardware_r -45.3871953324232 66.0199966430664 31.6299991607666 AB 2.934453591176283 1.1141731717802688
61285.3469 lsst_hardware_z -29.364821682835654 56.279998779296875 30.969999313354492 AB 2.387235642750763 1.0930566129811183
61302.2581 lsst_hardware_r -40.799582044919916 23.209999084472656 31.469999313354492 AB 6.464582797627391 1.1696897449002381
61302.2878 lsst_hardware_u -3.0162092597511947 2.569999933242798 28.309999465942383 AB 6.113505721080544 1.1072684122400804
61304.2672 lsst_hardware_z 67.0106031829927 46.04999923706055 30.950000762939453 AB 4.401303441143562 1.1336261277897135
61304.2866 lsst_hardware_r 47.58708361596098 34.88999938964844 31.579999923706055 AB 4.253582140280634 1.1017264339168489
61306.2602 lsst_hardware_i -105.63591073394487 49.4900016784668 31.290000915527344 AB 1.953037876367803 1.1369193032119342
61306.2778 lsst_hardware_z 16.4791468575753 50.7599983215332 30.959999084472656 AB 1.9367969739803093 1.10600379212733
61308.2558 lsst_hardware_r -72.64483418444227 89.79000091552734 31.6299991607666 AB 6.625345754956608 1.134638919073689
61308.2744 lsst_hardware_z -12.411452234704894 63.880001068115234 30.979999542236328 AB 6.450672178154279 1.1033076701520104
61310.2517 lsst_hardware_z -25.995791558130456 79.29000091552734 30.979999542236328 AB 4.357786919587311 1.1317947155018555
61310.2702 lsst_hardware_i -101.77138082315831 91.72000122070312 31.329999923706055 AB 4.20409194924474 1.1017493642921354
61312.2907 lsst_hardware_z -42.971631811906576 68.08999633789062 30.989999771118164 AB 4.942051190926687 1.0844173180792906
61312.3103 lsst_hardware_r 31.122361282352824 91.48999786376953 31.649999618530273 AB 6.632529772564302 1.089368572436213
61316.2921 lsst_hardware_r -15.45760582171473 32.849998474121094 31.579999923706055 AB 3.525354145717182 1.0857265616622058
61316.3112 lsst_hardware_i -52.36225672071414 36.630001068115234 31.270000457763672 AB 3.545803053504292 1.0999285658684979
61318.2873 lsst_hardware_z -16.53922170489035 41.91999816894531 30.950000762939453 AB 7.213365601863322 1.0859686257635353
61318.3068 lsst_hardware_r -16.57459487803401 23.969999313354492 31.510000228881836 AB 7.6153755005393275 1.1011640820647381
61320.2846 lsst_hardware_u 0.2604176620562913 2.7100000381469727 28.420000076293945 AB 4.783550286568037 1.0871705196745538
61320.3014 lsst_hardware_r 15.686422159202918 23.350000381469727 31.489999771118164 AB 5.051001677414068 1.1012358308317542
61322.2089 lsst_hardware_g 6.797041313553534 14.399999618530273 31.399999618530273 AB 3.626664754831456 1.1549887754242207
61322.2275 lsst_hardware_i 41.60631257615984 31.469999313354492 31.239999771118164 AB 3.35339197420542 1.1159374290201065
61324.2176 lsst_hardware_z -4.213145695550492 42.68000030517578 30.950000762939453 AB 4.045408261847533 1.1237245171798702
61324.2351 lsst_hardware_r 29.96881013513684 23.510000228881836 31.5 AB 3.953456688452096 1.0981824134589155
61327.2138 lsst_hardware_u 4.21672253561709 2.6600000858306885 28.3700008392334 AB 7.030907144384283 1.1160170070451243
61327.2308 lsst_hardware_g 19.235846962193314 14.319999694824219 31.420000076293945 AB 6.894209855189026 1.0943190246331789
61329.2595 lsst_hardware_r 49.9271161945891 23.34000015258789 31.5 AB 7.909118704716158 1.0869150762321638
61329.2776 lsst_hardware_i -5.71832443812331 31.260000228881836 31.25 AB 8.024870521633494 1.1021659829190351
61331.252 lsst_hardware_z -73.45520059628481 42.34000015258789 30.950000762939453 AB 5.615916190643677 1.0860406479682223
61331.2692 lsst_hardware_r -9.089901677594531 23.770000457763672 31.5 AB 5.68770192442814 1.0987543561147763
61333.2486 lsst_hardware_z -32.551160547265596 44.86000061035156 30.959999084472656 AB 1.1986060468869697 1.0869245494327542
61333.2659 lsst_hardware_r -2.2547977259776633 30.860000610351562 31.559999465942383 AB 1.3321155432824723 1.101225304449173
61336.245 lsst_hardware_i -42.565224664441374 58.52000045776367 31.31999969482422 AB 3.714512185683091 1.0895127646706728
61336.2622 lsst_hardware_z -15.487863467075261 56.65999984741211 30.969999313354492 AB 4.078401456648895 1.1070078597554114
61338.2471 lsst_hardware_r -74.47991677254839 118.06999969482422 31.649999618530273 AB 4.880447322389848 1.0956627978126847
61338.265 lsst_hardware_z 136.95694091634275 81.08000183105469 30.989999771118164 AB 4.2559728382196536 1.1199928521630669
61341.1839 lsst_hardware_y -73.62274844674045 79.22000122070312 30.799999237060547 AB 2.33125703341464 1.103814883245568
61344.2172 lsst_hardware_r 22.18128905824441 35.11000061035156 31.59000015258789 AB 4.131804523361091 1.0863164252296809
61344.234 lsst_hardware_i 35.75530384886939 39.31999969482422 31.290000915527344 AB 4.196545707007097 1.099075677864754
61351.1752 lsst_hardware_r -55.53191348545952 24.440696484622038 31.5 AB 5.899456604504156 1.087307119661829
61351.1806 lsst_hardware_u -4.5366490654325755 3.117430298698414 28.43000030517578 AB 5.739790642147727 1.0851804399768827
61357.1978 lsst_hardware_z 228.25845061564695 44.50937534840476 30.940000534057617 AB 4.566454495733594 1.0982994397774315
61357.2153 lsst_hardware_r 229.53099054100994 27.807207725277436 31.479999542236328 AB 7.50158833814659 1.1239316801438037
61359.1305 lsst_hardware_r 388.6991384841612 31.15744491301302 31.5 AB 4.652703640010279 1.1096580280259036
61359.1485 lsst_hardware_u 21.316207372337104 5.389628097342014 28.440000534057617 AB 4.565327450241976 1.090227450804054
61361.182 lsst_hardware_g 147.155414966232 24.42528286075784 31.540000915527344 AB 2.869794325620266 1.093532703780109
61361.2016 lsst_hardware_r 589.5682106964961 35.84760576881109 31.510000228881836 AB 2.6140172716629135 1.1189344103572434
61364.181 lsst_hardware_i 852.1338585399493 58.73098736044544 31.299999237060547 AB 5.630968875750717 1.1009095524293493
61364.2008 lsst_hardware_z 571.2251157462628 58.502591574658894 30.959999084472656 AB 5.863377495973785 1.1330380513645215
61366.0916 lsst_hardware_r 1411.9139791962389 101.21152599926282 31.6299991607666 AB 4.380777954795676 1.147902337705217
61366.1104 lsst_hardware_z 790.6968131816155 74.25091431047822 30.979999542236328 AB 4.260434504239893 1.1111278373224096
61368.1167 lsst_hardware_z 1896.1604680036517 121.99177571452863 31.739999771118164 AB 8.663526049764824 1.0963713047032175
61370.1067 lsst_hardware_r 1794.1804643910996 86.20462565523735 31.639999389648438 AB 3.9951652481922943 1.101354996055767
61370.1253 lsst_hardware_z 1011.4083868990037 68.68194001855741 30.979999542236328 AB 5.677726655692919 1.0863863488529861
61372.1081 lsst_hardware_r 1534.1803724435008 46.167532759537686 31.489999771118164 AB 4.264664832174045 1.0941584278220726
61372.1296 lsst_hardware_u 1.7274495665323544 3.2551018430516394 28.549999237060547 AB 4.590113156349453 1.0841719885088759
61374.1566 lsst_hardware_g 347.69155680766903 23.659877582578975 31.43000030517578 AB 5.829068788399609 1.1045132711320909
61374.176 lsst_hardware_r 1624.4061560801272 47.026905059434185 31.5 AB 5.062919065005603 1.1384168186941093
61376.1462 lsst_hardware_i 1518.1621617322817 49.69165872610881 31.25 AB 7.097479028873689 1.0985959335768845
61376.1645 lsst_hardware_z 1160.3467323939378 54.360712568500766 30.940000534057617 AB 7.265461406491434 1.125962610779745
61379.1504 lsst_hardware_r 1603.1028358339988 45.93297722295787 31.489999771118164 AB 2.8081935229455164 1.115469125301328
61379.1691 lsst_hardware_u 1.4866811321625664 2.7957117058727614 28.389999389648438 AB 2.7160121058679243 1.1545216177968494
61381.1464 lsst_hardware_g 215.31633890983971 20.47674850719873 31.420000076293945 AB 4.954581706381115 1.1179110348332841
61381.1674 lsst_hardware_i 1479.5850364073128 48.909350241878606 31.239999771118164 AB 4.705146957447261 1.164544251492598
61383.0762 lsst_hardware_r 1269.735726466366 43.27291759707953 31.5 AB 5.873915694647651 1.095913870701387
61383.0949 lsst_hardware_z 1180.7815085399807 53.4929274249202 30.950000762939453 AB 6.689112225334655 1.0847502189791056
61387.1131 lsst_hardware_g 139.09202241051185 17.77967118522503 31.43000030517578 AB 12.983769354090624 1.0954456320683927
61387.131 lsst_hardware_r 1104.9359000099553 39.89530609582164 31.5 AB 11.559211423950124 1.1196085065008576
61389.1165 lsst_hardware_i 1027.7856872621953 45.29866073963276 31.239999771118164 AB 8.600791414408688 1.1056433364648246
61389.1349 lsst_hardware_z 1030.9826145439552 52.74421047843709 30.93000030517578 AB 8.95917473351067 1.138096484416976
61392.0691 lsst_hardware_g 80.59889297654671 42.15308778944928 31.690000534057617 AB 4.3645945108145 1.0850452481825141
61392.0865 lsst_hardware_i 931.6144404509258 52.32611766662251 31.299999237060547 AB 4.263431797490617 1.0864553317025678
61394.0471 lsst_hardware_y 415.9689836873641 57.7279973555447 30.040000915527344 AB 5.799447706343083 1.0950101876503344
61394.069 lsst_hardware_z 883.1257800390615 66.05795870997478 30.979999542236328 AB 5.6824992172263835 1.0841877829194149
61396.0567 lsst_hardware_y 515.9598429436753 85.00729676952534 30.799999237060547 AB 5.859434651992265 1.0854825216733446
61407.0402 lsst_hardware_y 211.00578348796094 62.140431677763246 30.049999237060547 AB 7.554865582709326 1.0847288966164368
61407.0621 lsst_hardware_z 517.4652722002044 47.462455848031226 30.940000534057617 AB 7.686998141174963 1.0991894386808823
61625.4076 lsst_hardware_r -4.110399340409492 23.6200008392334 31.5 AB 1.5421491111170882 1.1015350793693488
61625.4274 lsst_hardware_y -40.02829872316163 50.7400016784668 30.040000915527344 AB 2.00147919322332 1.0859897955633857
61628.4047 lsst_hardware_g -16.013735444879465 14.350000381469727 31.40999984741211 AB 6.582375523863594 1.0957841724427493
61628.4235 lsst_hardware_y -65.69723322251984 49.810001373291016 30.030000686645508 AB 5.3558706885046785 1.0847333040008338
61648.3046 lsst_hardware_u 1.566646732586129 2.5799999237060547 28.290000915527344 AB 7.082099254330632 1.188221845447864
61648.3213 lsst_hardware_r 19.506663381102207 23.09000015258789 31.479999542236328 AB 6.819508814263966 1.1422962837963093
61650.3737 lsst_hardware_i 8.502851725416944 31.06999969482422 31.25 AB 2.3242846047365364 1.0847203848962952
61650.3922 lsst_hardware_z 74.12123739323583 42.11000061035156 30.940000534057617 AB 2.2368356782028145 1.0954141421169514
61652.3083 lsst_hardware_z -32.12430369236957 42.779998779296875 30.940000534057617 AB 2.644170959535302 1.1471872271023402
61652.3265 lsst_hardware_r 41.221472800787836 23.200000762939453 31.479999542236328 AB 2.575493248086021 1.1116037469709117
61654.3566 lsst_hardware_u -0.7664052842940848 2.700000047683716 28.420000076293945 AB 0.9676726939818724 1.0842271081029382
61654.3739 lsst_hardware_g -8.752735740002993 14.140000343322754 31.40999984741211 AB 0.9507467423180984 1.0894729667510676
61656.343 lsst_hardware_r 9.142282912213279 23.049999237060547 31.489999771118164 AB 3.226959215994165 1.0859088780687038
61656.3614 lsst_hardware_i -58.96605045949001 31.010000228881836 31.239999771118164 AB 3.138931511157901 1.0858849784909712
61673.2625 lsst_hardware_r 15.171749731162057 23.170000076293945 31.489999771118164 AB 6.51222300467568 1.122797069771669
61673.2819 lsst_hardware_i -4.075521961540811 30.969999313354492 31.25 AB 6.421018803205099 1.095736997133976
61677.2932 lsst_hardware_z -117.04403259844558 41.70000076293945 30.940000534057617 AB 6.500872977985622 1.0842619077087265
61677.3132 lsst_hardware_r 6.194922392534929 23.170000076293945 31.5 AB 6.5383094840239275 1.090930392217563
61681.2903 lsst_hardware_r -12.272807783654585 23.15999984741211 31.489999771118164 AB 2.932038256744579 1.0850024386621113
61681.3099 lsst_hardware_z -22.4324896637268 42.040000915527344 30.940000534057617 AB 3.576891937844046 1.097767346652904
61683.2868 lsst_hardware_r -19.222588746880017 23.260000228881836 31.489999771118164 AB 7.1997157214756085 1.0855752099327094
61683.3061 lsst_hardware_u -3.2090089731054063 2.630000114440918 28.350000381469727 AB 7.589768444652882 1.0995813221919204
61685.2857 lsst_hardware_g 2.571508075823436 14.359999656677246 31.43000030517578 AB 4.784579805814136 1.0874045013213944
61685.3031 lsst_hardware_r -15.620193478503358 23.34000015258789 31.489999771118164 AB 5.079524182825704 1.1024867999187609
61687.2134 lsst_hardware_r -21.909116457179454 39.0099983215332 31.579999923706055 AB 3.5604970394067466 1.1456217850352077
61687.2319 lsst_hardware_i 61.46261970533005 38.59000015258789 31.280000686645508 AB 3.3638037416162696 1.1101662513585049
61691.2259 lsst_hardware_z -4.959116525544773 88.04000091552734 31.729999542236328 AB 6.423560352977102 1.1034043464081449
61693.2052 lsst_hardware_r -125.30430364822668 122.70999908447266 31.639999389648438 AB 7.4795581413902035 1.1279116529694084
61693.2216 lsst_hardware_z -37.365995053446014 81.2699966430664 30.989999771118164 AB 6.972493676846109 1.1019640201527603
61695.2519 lsst_hardware_r 191.68105035599058 110.33000183105469 31.649999618530273 AB 6.683693011597264 1.0849563895239323
61695.2708 lsst_hardware_y 27.21900311284631 60.68000030517578 30.049999237060547 AB 6.762747647519406 1.0968544713291912
61697.251 lsst_hardware_g -111.89016049358125 71.08000183105469 31.700000762939453 AB 3.968603819061343 1.0864949312997518
61697.2701 lsst_hardware_r 6.943372219389094 71.68000030517578 31.6299991607666 AB 3.9928781943674925 1.1021930974515868
61701.2475 lsst_hardware_i 9.87340968572922 31.280000686645508 31.25 AB 3.7138053458253104 1.0907985155155602
61701.2638 lsst_hardware_z 43.14072394499084 42.939998626708984 30.940000534057617 AB 4.043498422818327 1.108313866464594
61704.1762 lsst_hardware_z 17.316792431405155 42.900001525878906 30.950000762939453 AB 1.3732329753520351 1.1259084247215374
61704.1933 lsst_hardware_r 2.4941784964039537 23.899999618530273 31.510000228881836 AB 1.4126645079164883 1.0999204577596935
61706.1757 lsst_hardware_u -6.829706736876739 2.75 28.43000030517578 AB 2.2935748944692653 1.1170007602934735
61706.1925 lsst_hardware_g 12.370940545487658 14.670000076293945 31.43000030517578 AB 2.1915887334544024 1.0950643238444118
