data/validation/pwv_sim_epoch_fit_seasonal/23046384.ecsv
# %ECSV 0.9
# ---
# datatype:
# - {name: time, datatype: float64}
# - {name: band, datatype: string}
# - {name: flux, datatype: float64}
# - {name: fluxerr, datatype: float64}
# - {name: zp, datatype: float64}
# - {name: zpsys, datatype: string}
# - {name: pwv, datatype: float64}
# - {name: airmass, datatype: float64}
# meta: {SNID: '23046384', alt: 1024.0, c: -0.06763955950737, dec: 3.134927, lat: -30.244573, lon: -70.7499537, ra: 189.84375, t0: 61123.32421875,
#   x0: 2.9573814564048423e-06, x1: 0.6030371785163879, z: 0.7598060369491577}
# schema: astropy-2.0
time band flux fluxerr zp zpsys pwv airmass
61065.3588 lsst_hardware_z 18.849172273838494 44.369998931884766 30.93000030517578 AB 11.568467085548605 1.2050486547446464
61067.3166 lsst_hardware_g 8.76903355315901 15.380000114440918 31.3799991607666 AB 15.164434413569234 1.2778299882227881
61067.3326 lsst_hardware_y 47.809423243103446 49.5099983215332 29.989999771118164 AB 14.619933094420649 1.2366019872353091
61069.3661 lsst_hardware_z 122.01783862847617 45.22999954223633 30.93000030517578 AB 13.75773334230726 1.195588225424102
61072.3536 lsst_hardware_r 28.723087772885087 76.83999633789062 31.6200008392334 AB 14.003969869455183 1.196341077209487
61072.3726 lsst_hardware_z -28.26467299554233 61.34000015258789 30.969999313354492 AB 14.127910185174262 1.1998564872472814
61074.3655 lsst_hardware_z 34.158653870117355 79.38999938964844 30.969999313354492 AB 12.736991728192178 1.1988509140832848
61074.3836 lsst_hardware_y 0.9063229874468172 82.30000305175781 30.0 AB 12.518886286445783 1.217494411519162
61076.3646 lsst_hardware_z 90.26992602801222 81.22000122070312 30.969999313354492 AB 8.340207135722515 1.2019754474109192
61076.3826 lsst_hardware_y -67.03511470604752 73.6500015258789 30.010000228881836 AB 7.008678307569316 1.2247224442397453
61078.3316 lsst_hardware_z 44.640340529208125 63.0099983215332 30.959999084472656 AB 4.396211894165825 1.1986944496703
61078.3494 lsst_hardware_i -72.39068443786972 65.23999786376953 31.290000915527344 AB 5.72669426514198 1.1965512463731771
61080.2835 lsst_hardware_z 78.17864238062118 49.61000061035156 30.93000030517578 AB 6.719723466220738 1.2706293781262592
61080.3014 lsst_hardware_r 1.2315767837162863 41.310001373291016 31.559999465942383 AB 6.7302150891682855 1.2281414396292492
61082.3322 lsst_hardware_g -9.91237807427144 20.510000228881836 31.510000228881836 AB 4.4437921321994835 1.1955319161150078
61082.349 lsst_hardware_r -0.4489502171446241 27.889999389648438 31.510000228881836 AB 5.348317180219982 1.2026122165877748
61084.3346 lsst_hardware_i 31.725235934276277 46.459999084472656 31.989999771118164 AB 6.671289199928235 1.1971090468513745
61084.3523 lsst_hardware_z -57.21936713127653 44.11000061035156 30.93000030517578 AB 6.737039660699194 1.2119157511601357
61086.3343 lsst_hardware_r 6.429955434385358 24.690000534057617 31.489999771118164 AB 4.864881952876735 1.1997982496767337
61086.3522 lsst_hardware_g 17.78581166775467 15.1899995803833 31.399999618530273 AB 4.991133641773206 1.219580608863337
61088.3043 lsst_hardware_u -1.1906503217988758 2.6612887850548637 28.309999465942383 AB 5.9089334786734495 1.1986881993454672
61088.3205 lsst_hardware_r 5.9382248812409415 24.570587591579628 31.479999542236328 AB 5.876256822328739 1.1961034343377017
61090.3063 lsst_hardware_i 21.705667011111807 32.81192154326218 31.239999771118164 AB 3.04355993809061 1.1958978145739136
61090.3247 lsst_hardware_z -43.334197913933046 44.04132932766652 30.940000534057617 AB 3.020755532557781 1.2006977936632452
61092.3054 lsst_hardware_r -10.696734108267307 24.62258053286897 31.489999771118164 AB 7.750870423014588 1.1955377397384854
61092.3233 lsst_hardware_u 2.119629982534752 2.8305147041643517 28.3700008392334 AB 7.820986152317593 1.2040158799703795
61094.3082 lsst_hardware_g 28.271314018075984 15.415371143000625 31.389999389648438 AB 13.186653747145575 1.197480362072791
61094.326 lsst_hardware_r -46.44372321124127 24.61816078855025 31.469999313354492 AB 13.380699431872127 1.21322870902821
61097.1768 lsst_hardware_r 183.3375545522114 66.181347879566 32.650001525878906 AB 11.173731595399365 1.606864151774131
61097.1969 lsst_hardware_g 75.4097207089562 36.407093386547764 32.209999084472656 AB 10.136676907849537 1.4514142193369899
61099.3166 lsst_hardware_r 115.46385505223986 27.109026671157793 31.489999771118164 AB 6.432977630994781 1.21940624225093
61099.3363 lsst_hardware_i 219.82422578755603 35.96381610067394 31.229999542236328 AB 6.018824128736973 1.2612791552257063
61103.2723 lsst_hardware_r 145.53373398495538 158.24548952817946 31.6200008392334 AB 6.984069504984237 1.1956634527892664
61103.2898 lsst_hardware_z 345.5076808581566 107.08497879932196 30.979999542236328 AB 7.018778939801941 1.2011258560455105
61105.2744 lsst_hardware_y 161.51409628730337 65.38653157584646 30.010000228881836 AB 9.324582418327447 1.1961749446242342
61105.2926 lsst_hardware_r 366.0204594701141 122.12743991624572 31.6200008392334 AB 8.638346062351545 1.2090057470051279
61107.2704 lsst_hardware_i 618.2728311321026 65.16485457974015 31.290000915527344 AB 11.846304532747178 1.1965964174492099
61107.2895 lsst_hardware_z 372.8166559356273 62.04305228876445 30.959999084472656 AB 11.99781648457726 1.211900655007804
61109.2696 lsst_hardware_r 671.4657246005487 49.3657198706004 31.56999969482422 AB 11.34187119392159 1.1986442118863474
61109.288 lsst_hardware_z 489.6937017874867 52.65542888861696 30.940000534057617 AB 11.540793232246456 1.2174153571820314
61111.2722 lsst_hardware_r 708.1156107955751 39.90616426741639 31.520000457763672 AB 9.633281439129634 1.2047374499192867
61111.2907 lsst_hardware_i 825.3396808003421 45.15623710031451 31.239999771118164 AB 9.83396674039123 1.2314521943971986
61114.2368 lsst_hardware_r 797.229344703766 37.55030982518776 31.479999542236328 AB 11.016921985743023 1.197036126011065
61114.2558 lsst_hardware_u 3.134480930120216 3.126711904679217 28.309999465942383 AB 10.427479152310617 1.1985608221046689
61116.2353 lsst_hardware_g 171.12022692081948 21.038644541572424 31.399999618530273 AB 9.829347403139558 1.1958934699807837
61116.2559 lsst_hardware_r 832.7139538727951 37.967815659688426 31.469999313354492 AB 9.498753968355887 1.202373920045049
61118.2353 lsst_hardware_i 1077.289322685276 45.992719981382436 31.229999542236328 AB 8.033397094434335 1.1955794313999828
61118.2555 lsst_hardware_z 551.6478327633035 50.651648998294476 30.93000030517578 AB 6.846824362954384 1.207197948214114
61120.233 lsst_hardware_r 1649.156950383438 53.79875699089729 32.22999954223633 AB 6.809894985163568 1.1960648657401234
61120.2524 lsst_hardware_g 374.51539793844074 28.981589583809892 32.15999984741211 AB 5.487486514290382 1.2098967069320654
61124.214 lsst_hardware_z 677.8678452842222 50.77592690198134 30.920000076293945 AB 8.47172093208364 1.1957966380639142
61124.2325 lsst_hardware_i 1095.0783156807793 46.15764117194579 31.219999313354492 AB 8.416054201820568 1.2011495054929673
61128.2084 lsst_hardware_r 732.468126888977 73.28179045054814 31.600000381469727 AB 8.06889349827627 1.1956130391963677
61128.2285 lsst_hardware_i 1154.295772855793 67.08772667721362 31.290000915527344 AB 8.064068193544157 1.207527244534801
61130.2146 lsst_hardware_z 1289.4201587447092 132.634402273943 31.729999542236328 AB 4.543176580892867 1.2000730584145458
61135.2112 lsst_hardware_i 986.9521574170444 73.41822017728053 31.299999237060547 AB 8.559553022227105 1.2096028577267741
61135.2279 lsst_hardware_z 517.702393659205 67.51085476586158 30.959999084472656 AB 8.737148650568798 1.2369724375510331
61137.2121 lsst_hardware_i 693.586140926665 55.65723892986912 31.270000457763672 AB 10.520038593068973 1.2182433111394528
61137.2305 lsst_hardware_z 482.5576761758478 56.915561821598274 30.940000534057617 AB 10.881376793053393 1.2558453620258785
61139.1723 lsst_hardware_u -1.2151084719830907 5.777414338026574 28.860000610351562 AB 9.495111162269078 1.1959331396522783
61139.1907 lsst_hardware_g 63.265220986833775 34.0167397215009 31.610000610351562 AB 9.552670643169899 1.2005367152406559
61142.1903 lsst_hardware_i 565.710734021174 41.40634958820922 31.239999771118164 AB 7.849111442271535 1.207555606503313
61146.0006 lsst_hardware_z 359.5873934648346 55.71229830065497 30.81999969482422 AB 35.01202887756272 2.2266971223507572
61148.1572 lsst_hardware_g 41.91357734708554 16.660678735351095 31.420000076293945 AB 14.009406969557293 1.1962264731790255
61148.1746 lsst_hardware_r 198.63192193428424 29.13251778958214 31.489999771118164 AB 15.58731704115382 1.2083191504770403
61150.1526 lsst_hardware_i 399.6487133485994 38.159649616842195 31.239999771118164 AB 7.646647204508948 1.1964711632778826
61150.1703 lsst_hardware_z 310.139143847119 47.54834314049292 30.940000534057617 AB 3.768024355275298 1.209670998777484
61152.1545 lsst_hardware_i 362.18006917468085 37.45623221117036 31.229999542236328 AB 12.15774818819901 1.2000541099791737
61152.172 lsst_hardware_u 2.447382758959919 2.809866868979507 28.350000381469727 AB 11.171276470103082 1.2195716670418213
61154.1535 lsst_hardware_g 32.92620777181457 21.617937505858993 31.510000228881836 AB 11.646839854194798 1.2035382106534074
61154.1713 lsst_hardware_r 161.7373411139132 30.9094568549566 31.5 AB 9.710953789251574 1.2276806307524113
61156.15 lsst_hardware_i 268.7623845969343 56.459957173417685 31.290000915527344 AB 10.848490407558652 1.2053878230620725
61156.1679 lsst_hardware_r 196.66677319385502 60.83388375312723 31.59000015258789 AB 7.90284949252483 1.231580918811173
61158.1668 lsst_hardware_z 591.9379654128153 122.76060610634825 31.719999313354492 AB 2.7985558386477347 1.240632090722702
61160.1508 lsst_hardware_r 259.41406078494117 148.55781517705122 31.6200008392334 AB 12.707331178591287 1.2205970922931861
61160.1685 lsst_hardware_i 109.94935102318115 120.71286921528362 31.299999237060547 AB 13.855953402454777 1.2579358201021147
61162.0735 lsst_hardware_i 223.47643106890163 96.21072915063893 31.309999465942383 AB 10.382478617088305 1.236009359177179
61162.0926 lsst_hardware_z 152.85757220991985 81.77812166752707 30.979999542236328 AB 10.747076367577634 1.2064070758740095
61164.1153 lsst_hardware_i 179.64248209510413 64.62866556685297 31.299999237060547 AB 14.057945996620385 1.196777422774476
61164.1333 lsst_hardware_z 219.73583469136946 61.43901326798207 30.959999084472656 AB 12.226936292489846 1.211177351267351
61167.1178 lsst_hardware_g 46.41117241036041 38.88082172885627 31.610000610351562 AB 7.966543743273209 1.2033599551789145
61167.1365 lsst_hardware_r 121.1741415854435 46.32853916855567 31.56999969482422 AB 7.583179571345543 1.2289740540239118
61169.0727 lsst_hardware_i 122.82189430591178 34.74699511829055 31.229999542236328 AB 10.755246701776716 1.2072451796544716
61169.0846 lsst_hardware_r 47.11932056046512 25.57629921388303 31.469999313354492 AB 10.291771451772409 1.1979248217318703
61171.1153 lsst_hardware_u -0.4011501363705903 2.7009217137896124 28.329999923706055 AB 9.39349739809322 1.2126118115398206
61171.1316 lsst_hardware_g 9.428266098986912 15.564086623562792 31.3799991607666 AB 9.585859071131274 1.2412896174984094
61174.0789 lsst_hardware_r 2.07008393446128 25.550169673833295 31.489999771118164 AB 7.585802566982526 1.1956187717215288
61174.0985 lsst_hardware_i 93.15974232854813 34.49159777505129 31.229999542236328 AB 7.399668170160198 1.2031980764488126
61176.0377 lsst_hardware_i 156.60649251682324 34.390265986849556 31.219999313354492 AB 6.494588547749521 1.231143272404097
61176.0555 lsst_hardware_z 149.58567911681743 45.28716600489206 30.93000030517578 AB 6.0519444473650506 1.2052665068190664
61181.0154 lsst_hardware_i 21.56031403957466 34.72382563626939 31.229999542236328 AB 8.349374534717747 1.2500623133700932
61181.0302 lsst_hardware_r 38.39081911323544 26.24027575135474 31.489999771118164 AB 8.106199414958642 1.220277149589208
61183.0344 lsst_hardware_z 63.44282122026971 48.10117646205772 30.940000534057617 AB 1.500305668382306 1.2073275228398386
61183.0558 lsst_hardware_g 69.50927166803056 31.124906602294367 31.59000015258789 AB 2.3723364007314487 1.1955332105147567
61186.0342 lsst_hardware_r -21.554072913462203 93.39589888178156 31.6200008392334 AB 6.811657448108293 1.2002568115077203
61186.0525 lsst_hardware_i 88.77359199165717 81.3656697071289 31.309999465942383 AB 6.220438518269566 1.1960081750181821
61196.9961 lsst_hardware_i 67.23245893650834 33.83751810731037 31.219999313354492 AB 5.191864545817795 1.2074103594925105
61197.0163 lsst_hardware_r 49.027855427957064 25.61110185496013 31.479999542236328 AB 5.272223004121267 1.1956057912437534
61218.9622 lsst_hardware_y 22.520434016473683 57.779998779296875 30.0 AB 7.561160529279792 1.1959761467767207
61218.9834 lsst_hardware_r -47.11554644884816 80.45999908447266 31.610000610351562 AB 7.812950692151072 1.2115449803683866
61432.3616 lsst_hardware_i -1.8925628054831725 71.8499984741211 31.309999465942383 AB 13.17064050352259 1.1990386766172356
61432.3796 lsst_hardware_y -100.27397319824026 77.9000015258789 30.020000457763672 AB 12.561323310406697 1.1963165057530187
61434.3559 lsst_hardware_r -29.144905612611975 44.61000061035156 31.59000015258789 AB 13.92199791692447 1.1991815310849057
61434.3749 lsst_hardware_y 52.632666618022114 58.2400016784668 30.010000228881836 AB 13.82862987456075 1.1965501567922199
61436.3622 lsst_hardware_g -12.101307387876002 21.190000534057617 31.530000686645508 AB 13.76676315590404 1.1954639110706164
61436.3816 lsst_hardware_y -27.34367940246388 74.2300033569336 30.010000228881836 AB 14.284763157025429 1.2041949974310096
61438.3662 lsst_hardware_z 9.273530308282735 45.040000915527344 30.940000534057617 AB 11.804227209937327 1.1973958065516017
61442.3595 lsst_hardware_r 37.173047130902845 24.93000030517578 31.5 AB 5.298574210517589 1.199677179739814
61442.3781 lsst_hardware_z 4.178777345405277 49.15999984741211 30.950000762939453 AB 5.311440418140969 1.2205063961106741
61443.3281 lsst_hardware_i 9.938180296073517 33.0 31.239999771118164 AB 4.585415154124868 1.2013925863954589
61443.3473 lsst_hardware_z 32.09584893399905 44.119998931884766 30.940000534057617 AB 5.667389028890983 1.1957778307608362
61445.2828 lsst_hardware_r 20.630488381729347 24.920000076293945 31.469999313354492 AB 6.722822549716336 1.2746902399563278
61445.3006 lsst_hardware_u 0.2443335107401981 2.690000057220459 28.31999969482422 AB 6.738166114759183 1.230883886333147
61447.3351 lsst_hardware_i 104.00937601880636 32.72999954223633 31.229999542236328 AB 5.313191839555311 1.1955877226722122
61447.353 lsst_hardware_z -39.60087269621917 44.08000183105469 30.93000030517578 AB 5.403094262331295 1.2055768979374786
61450.3419 lsst_hardware_r -5.331794079086032 24.6200008392334 31.479999542236328 AB 2.9891151629905415 1.2028632446642018
61450.3587 lsst_hardware_u 2.1928453850786482 2.7100000381469727 28.34000015258789 AB 2.9889164569245574 1.224589350373679
61454.3039 lsst_hardware_r 37.109541144913734 40.61000061035156 31.579999923706055 AB 5.968442169777593 1.197760820746055
61454.3213 lsst_hardware_i 30.857792428526658 32.529998779296875 31.239999771118164 AB 5.900677674609116 1.196892023247285
61460.2983 lsst_hardware_i -214.00736428422474 88.75 31.309999465942383 AB 11.840253952197546 1.1954720400027812
61460.3168 lsst_hardware_z -77.32298946014636 78.41999816894531 30.969999313354492 AB 11.946000773818268 1.2048716078386543
61462.3078 lsst_hardware_r 5.039236342460731 57.5 31.59000015258789 AB 7.935987068007961 1.2017546415639737
61462.3258 lsst_hardware_z 46.74616028364264 54.5 30.950000762939453 AB 7.97578859235983 1.2243445620979119
61464.3082 lsst_hardware_g -4.196001836847186 29.860000610351562 31.59000015258789 AB 6.345355029270979 1.2072593282479032
61464.3267 lsst_hardware_r -23.617444782459415 34.720001220703125 31.540000915527344 AB 6.460088796822735 1.2364989562298276
61468.2687 lsst_hardware_z 33.56577358058471 43.88999938964844 30.93000030517578 AB 6.991278444495881 1.1965391333373825
61468.2876 lsst_hardware_r 12.268460165038638 24.6299991607666 31.469999313354492 AB 6.9859332697842875 1.199095995500221
61470.2751 lsst_hardware_u 1.748764453101767 2.7100000381469727 28.34000015258789 AB 9.30800507353445 1.1960942011737958
61470.2939 lsst_hardware_r 51.95843370531798 24.760000228881836 31.479999542236328 AB 8.611391252887865 1.209634956157855
61472.2725 lsst_hardware_i 35.124283799572126 32.790000915527344 31.229999542236328 AB 11.850485385015324 1.1970187257591236
61472.291 lsst_hardware_z 108.50235261487298 44.130001068115234 30.93000030517578 AB 12.0073999934461 1.2128686862066766
