data/validation/pwv_sim_epoch_fit_seasonal/23088666.ecsv
# %ECSV 0.9
# ---
# datatype:
# - {name: time, datatype: float64}
# - {name: band, datatype: string}
# - {name: flux, datatype: float64}
# - {name: fluxerr, datatype: float64}
# - {name: zp, datatype: float64}
# - {name: zpsys, datatype: string}
# - {name: pwv, datatype: float64}
# - {name: airmass, datatype: float64}
# meta: {SNID: '23088666', alt: 1024.0, c: -0.09318752586841583, dec: -5.829153, lat: -30.244573, lon: -70.7499537, ra: 134.648438, t0: 61696.38671875,
#   x0: 5.381273067973009e-05, x1: -0.28507518768310547, z: 0.22272905707359314}
# schema: astropy-2.0
time band flux fluxerr zp zpsys pwv airmass
61753.3368 lsst_hardware_r 1780.8943864878438 100.79744198753136 31.639999389648438 AB 9.295426389197273 1.0977337440743133
61755.3323 lsst_hardware_r 1625.1610845349494 101.85659329757195 31.639999389648438 AB 11.617480475172052 1.0975627393358955
61755.3515 lsst_hardware_y 476.79422240731463 70.13806766067145 30.040000915527344 AB 11.77035451684734 1.1021335663493856
61757.3123 lsst_hardware_z 1635.5332271426228 93.51684845969136 31.729999542236328 AB 7.706184776439763 1.1042224979972435
61759.3239 lsst_hardware_i 6.850668803064546 39.20000076293945 31.280000686645508 AB 4.8983266456741 1.09729539553616
61759.3448 lsst_hardware_y 58.53840296412702 52.029998779296875 30.030000686645508 AB 5.323338673019364 1.1051914200039252
61762.2921 lsst_hardware_z -7.666987105304776 42.41999816894531 30.940000534057617 AB 7.5194424393013835 1.1101265873331931
61762.3122 lsst_hardware_r 20.27487780435062 23.940000534057617 31.489999771118164 AB 7.457644414714916 1.0977348140005607
61763.3001 lsst_hardware_u -0.5018575700348739 2.740000009536743 28.43000030517578 AB 6.678900579613571 1.1014018106222907
61765.2987 lsst_hardware_r 11.552123468589754 23.010000228881836 31.489999771118164 AB 9.386557299617417 1.0993644966269718
61765.3186 lsst_hardware_z -60.2012188793732 41.939998626708984 30.950000762939453 AB 9.348701219801281 1.0992221544378233
61767.2976 lsst_hardware_r 39.96423376016765 23.190000534057617 31.489999771118164 AB 6.835029922513631 1.0979379828412004
61767.3183 lsst_hardware_u -2.21632547531305 2.6700000762939453 28.389999389648438 AB 6.924407169117869 1.1018523050629734
61769.2831 lsst_hardware_g -14.020517880174589 14.229999542236328 31.420000076293945 AB 9.585390423361677 1.1017690141795031
61769.3043 lsst_hardware_r -17.528954307678024 23.190000534057617 31.489999771118164 AB 10.24468085594292 1.098095380882461
61771.2877 lsst_hardware_i 48.004102710086705 30.940000534057617 31.239999771118164 AB 7.762479984888607 1.097715682758092
61771.3068 lsst_hardware_z 52.08825270672155 41.97999954223633 30.940000534057617 AB 7.830379329866365 1.101499659208065
61773.2909 lsst_hardware_r 0.1299444497232894 23.34000015258789 31.489999771118164 AB 4.77972610154245 1.097568089450599
61773.3105 lsst_hardware_u -4.755475672528671 2.6700000762939453 28.3799991607666 AB 5.059305319902742 1.1087065841018444
61775.2573 lsst_hardware_u 1.9894423130797785 2.690000057220459 28.399999618530273 AB 11.556330799713127 1.1094077567724607
61775.2794 lsst_hardware_g 5.281884579808694 14.15999984741211 31.40999984741211 AB 11.500168478413498 1.0973443204593032
61777.2546 lsst_hardware_r 29.703590613365716 23.360000610351562 31.479999542236328 AB 10.478393521729592 1.106775127724277
61777.2776 lsst_hardware_z -6.388787702987814 42.20000076293945 30.940000534057617 AB 10.325587021516252 1.0972993646669769
61779.251 lsst_hardware_r -32.242499131382964 46.209999084472656 31.610000610351562 AB 8.757115084613208 1.105184689488857
61779.272 lsst_hardware_y 40.96578787923592 49.5 30.030000686645508 AB 8.71979523891987 1.0972896693271648
61785.2321 lsst_hardware_r 103.12501625159953 87.48999786376953 31.639999389648438 AB 5.979788626659597 1.1073682641962217
61785.25 lsst_hardware_z -50.086420450179 66.0999984741211 30.979999542236328 AB 6.036866373407375 1.09761206789225
61787.2055 lsst_hardware_z -39.09246838098309 70.33999633789062 31.709999084472656 AB 3.5079968386021556 1.1368069690312144
61789.2 lsst_hardware_r -55.552776492736 27.709999084472656 31.510000228881836 AB 6.593905358111126 1.1368802341570907
61789.2208 lsst_hardware_z -1.6674986486078578 43.810001373291016 30.940000534057617 AB 6.635420928565854 1.1077189163182775
61791.198 lsst_hardware_r 4.860212733426375 23.3799991607666 31.479999542236328 AB 13.002409931168733 1.1306443418407595
61791.2184 lsst_hardware_u -1.2880361441325066 2.680000066757202 28.389999389648438 AB 13.06376509773584 1.105046285309278
61793.2043 lsst_hardware_g -11.68726329032827 14.470000267028809 31.40999984741211 AB 9.659321659603862 1.1136269387063065
61793.224 lsst_hardware_r 29.255551186671674 23.479999542236328 31.489999771118164 AB 10.011306743013542 1.0986847219000602
61795.1954 lsst_hardware_i 59.13971592148811 31.290000915527344 31.239999771118164 AB 8.662451805771411 1.117952094698508
61795.2161 lsst_hardware_z 7.787730583601148 41.91999816894531 30.940000534057617 AB 9.458529207697456 1.099647834100676
61799.1816 lsst_hardware_g -7.5621806785146495 14.550000190734863 31.40999984741211 AB 10.787839225750675 1.1219801586844176
61799.2007 lsst_hardware_i -24.399807121781084 31.440000534057617 31.239999771118164 AB 10.609169239510113 1.10206051656961
61801.1812 lsst_hardware_z 39.349365560378345 42.59000015258789 30.950000762939453 AB 11.511077116281818 1.1151443077047052
61801.1982 lsst_hardware_r 1.9389796643317077 23.729999542236328 31.5 AB 11.316207673663078 1.1003702522037138
61803.1097 lsst_hardware_u -3.951730752089084 2.630000114440918 28.260000228881836 AB 7.804699698340199 1.3142912767342176
61803.1181 lsst_hardware_g 10.676721047593816 14.710000038146973 31.3700008392334 AB 7.808534682920874 1.2729576986149778
61805.1745 lsst_hardware_r -6.704035840625858 23.489999771118164 31.489999771118164 AB 9.877346137865233 1.1103131899578726
61805.1918 lsst_hardware_i 10.133174957832004 31.209999084472656 31.239999771118164 AB 9.850452417492031 1.098492003400363
61807.1729 lsst_hardware_z 64.23919409007861 47.84000015258789 30.959999084472656 AB 5.991180642768327 1.1065748455166857
61807.1907 lsst_hardware_r 43.64895676068651 39.810001373291016 31.600000381469727 AB 5.957493679618162 1.0974811813849723
61808.1776 lsst_hardware_z -21.963928785274586 52.939998626708984 30.959999084472656 AB 5.521266768770958 1.1011700775370876
61808.1962 lsst_hardware_r 27.324553685417925 58.93000030517578 31.6200008392334 AB 5.508831308486541 1.0977047541071288
61810.1458 lsst_hardware_z -32.18074751105058 79.22000122070312 30.979999542236328 AB 6.334687871669101 1.1311942627980538
61810.1645 lsst_hardware_i -110.85963893000552 91.54000091552734 31.329999923706055 AB 6.197852011485295 1.1067592877652312
61814.1609 lsst_hardware_y -20.2941900574113 54.040000915527344 30.030000686645508 AB 4.087391362633935 1.1013516638959742
61814.179 lsst_hardware_r -39.819570004253926 80.06999969482422 31.6299991607666 AB 4.449217925969831 1.0975560717779522
61816.1601 lsst_hardware_i -59.084272328469304 43.209999084472656 31.290000915527344 AB 3.1726795445521687 1.099080673632391
61816.1768 lsst_hardware_z -34.198851435208624 47.880001068115234 30.959999084472656 AB 4.215659544047769 1.098304701011128
61818.13 lsst_hardware_z -40.701776546009505 42.34000015258789 30.940000534057617 AB 3.256286555552378 1.1215682740134483
61818.1472 lsst_hardware_r -42.4948760518862 26.719999313354492 31.530000686645508 AB 3.2413786921443077 1.1031351192776997
61822.1255 lsst_hardware_i 22.642846876884775 31.639999389648438 31.239999771118164 AB 5.603413095805716 1.1131687302320765
61822.1433 lsst_hardware_z -4.899508149143065 42.41999816894531 30.940000534057617 AB 5.517750877623968 1.0992448000579
61824.1197 lsst_hardware_r 23.538366516249386 23.6200008392334 31.489999771118164 AB 7.346378452304817 1.1135656901657
61824.1364 lsst_hardware_u -0.11030388867215667 2.640000104904175 28.350000381469727 AB 8.990368663816492 1.0998738272347066
61826.1233 lsst_hardware_g 8.561618188665173 14.550000190734863 31.420000076293945 AB 8.409525970245705 1.104663356900687
61826.1419 lsst_hardware_r 22.642993230608603 23.530000686645508 31.489999771118164 AB 9.463633347388756 1.09723285187116
61828.1217 lsst_hardware_i -66.34057168660136 31.3700008392334 31.239999771118164 AB 7.408867657112646 1.1019361429482628
61828.1405 lsst_hardware_z -4.927927760499548 42.25 30.950000762939453 AB 8.540537711089472 1.0975086209515177
61830.117 lsst_hardware_r -25.71482819865623 23.290000915527344 31.489999771118164 AB 4.633893728500685 1.1014722435228632
61830.1338 lsst_hardware_g -17.470874074012944 14.350000381469727 31.420000076293945 AB 4.477196550923617 1.0973520958146121
61832.0832 lsst_hardware_u 3.836259240393488 2.7200000286102295 28.399999618530273 AB 7.138436088116442 1.1357291188136045
61832.1013 lsst_hardware_r -4.5056383878974176 23.56999969482422 31.489999771118164 AB 6.478790393768336 1.1097619722111183
61834.0902 lsst_hardware_i -40.045010738657595 34.130001068115234 31.25 AB 11.518124636927652 1.116259595573736
61834.1082 lsst_hardware_z 29.032079646263835 43.13999938964844 30.940000534057617 AB 11.365432072974684 1.1003064482678473
61836.0862 lsst_hardware_r 51.17710655827276 49.90999984741211 31.610000610351562 AB 8.109042306528467 1.1144407402806242
61836.1055 lsst_hardware_z 44.817090026731876 49.54999923706055 30.959999084472656 AB 7.9444522891408695 1.09907110294778
61838.0859 lsst_hardware_y -38.55445476203592 56.79999923706055 30.030000686645508 AB 11.346318858884242 1.1087698296126993
61838.1049 lsst_hardware_r -85.32973952335816 89.70999908447266 31.639999389648438 AB 11.272726008829625 1.097663137742354
61840.0846 lsst_hardware_i 152.99715174999412 104.12999725341797 31.329999923706055 AB 8.338245797363776 1.1050376548169363
61840.1038 lsst_hardware_z -68.11149813470551 88.08999633789062 30.989999771118164 AB 8.29650579671921 1.0972278870639054
61843.065 lsst_hardware_r 65.7429267444929 69.4800033569336 31.6200008392334 AB 14.52073391301131 1.1170654598823992
61843.0812 lsst_hardware_i 42.81064552925234 58.470001220703125 31.309999465942383 AB 14.298975110751153 1.101651319887093
61845.0764 lsst_hardware_z 39.40711197593434 45.47999954223633 30.950000762939453 AB 8.560456893379037 1.1012594631276633
61845.0931 lsst_hardware_i 23.18625147977755 40.189998626708984 31.280000686645508 AB 8.125428065967654 1.0973758544068501
61847.0724 lsst_hardware_u -1.254484373292335 2.6600000858306885 28.3799991607666 AB 7.551898043295073 1.1004587312633987
61847.092 lsst_hardware_g 22.958708168022653 14.180000305175781 31.420000076293945 AB 8.778318724534723 1.0982508100255808
61849.07 lsst_hardware_r 9.412308209772304 23.1299991607666 31.479999542236328 AB 4.072420293352603 1.0990698884542829
61849.089 lsst_hardware_i -48.52578464715979 31.059999465942383 31.239999771118164 AB 5.5851202652263945 1.0990905587614872
61851.0415 lsst_hardware_i 11.784825280798671 31.350000381469727 31.239999771118164 AB 5.771785509747747 1.119286136344101
61851.0605 lsst_hardware_z 10.890555415736575 42.09000015258789 30.940000534057617 AB 4.300167349260558 1.1009837673329217
61853.0388 lsst_hardware_r 7.635605156369974 23.479999542236328 31.489999771118164 AB 5.285942577829859 1.1156484967982339
61853.0581 lsst_hardware_g 15.45943388788282 14.369999885559082 31.420000076293945 AB 4.642057477050322 1.099470832420846
61855.0351 lsst_hardware_r -30.21467791872448 22.920000076293945 31.479999542236328 AB 8.26815329036128 1.1135060096554221
61855.0536 lsst_hardware_i 1.1271105809850348 30.850000381469727 31.239999771118164 AB 7.594524207755225 1.0990760922474065
61863.0295 lsst_hardware_z -20.56017795376797 61.40999984741211 31.700000762939453 AB 6.812683421211536 1.1000619120315323
61865.0191 lsst_hardware_z -8.797392538374847 53.349998474121094 30.969999313354492 AB 8.467999965330526 1.102963199652299
61865.0372 lsst_hardware_r 74.74202906012503 56.33000183105469 31.6200008392334 AB 8.438510947630872 1.0972642802978834
61867.0186 lsst_hardware_i 41.58064040249048 74.7699966430664 31.31999969482422 AB 11.765229382847085 1.1000510557273928
61867.0388 lsst_hardware_z -108.61881967105796 68.55999755859375 30.979999542236328 AB 11.733383598814466 1.0987000061315804
61870.032 lsst_hardware_g -174.92140782532388 103.0999984741211 31.700000762939453 AB 6.2410368393365 1.0992256512657388
61870.0539 lsst_hardware_r -105.20487416597958 95.9800033569336 31.6299991607666 AB 6.281325673456874 1.118270548950841
61875.009 lsst_hardware_u 4.1910286766556615 2.869999885559082 28.540000915527344 AB 12.44832978004316 1.0972283360915942
61875.028 lsst_hardware_g -5.796525521204865 14.5600004196167 31.450000762939453 AB 12.577888621913413 1.1050926809948745
61876.9799 lsst_hardware_y -65.80653190417561 50.029998779296875 30.040000915527344 AB 15.892269545192079 1.1082861707306446
61876.9968 lsst_hardware_r 0.3486954424861138 23.329999923706055 31.5 AB 15.712072970680133 1.0980169097928043
61878.9795 lsst_hardware_y 21.981896381058718 49.40999984741211 30.030000686645508 AB 10.19939904085536 1.1039505401942806
61878.9973 lsst_hardware_z 86.05103068740014 42.11000061035156 30.940000534057617 AB 10.159015568560124 1.0972241537155643
61881.9743 lsst_hardware_y 37.08388068341641 53.34000015258789 30.040000915527344 AB 10.088160875418682 1.10189900608052
61881.9881 lsst_hardware_r -1.3193899313371775 23.81999969482422 31.5 AB 9.960067071285026 1.0972560049888485
61889.9668 lsst_hardware_y 63.235220476030676 57.18000030517578 30.040000915527344 AB 12.34662408666784 1.0972338668445092
61889.9855 lsst_hardware_r 14.848649255639177 24.309999465942383 31.489999771118164 AB 12.52091331761067 1.1038936140718623
