data/validation/pwv_sim_epoch_fit_seasonal/2334612.ecsv
# %ECSV 0.9
# ---
# datatype:
# - {name: time, datatype: float64}
# - {name: band, datatype: string}
# - {name: flux, datatype: float64}
# - {name: fluxerr, datatype: float64}
# - {name: zp, datatype: float64}
# - {name: zpsys, datatype: string}
# - {name: pwv, datatype: float64}
# - {name: airmass, datatype: float64}
# meta: {SNID: '2334612', alt: 1024.0, c: -0.10110895335674286, dec: -32.442867, lat: -30.244573, lon: -70.7499537, ra: 76.464844, t0: 62493.93359375,
#   x0: 2.5395023583685515e-06, x1: 0.575806736946106, z: 0.8080077171325684}
# schema: astropy-2.0
time band flux fluxerr zp zpsys pwv airmass
[from data line 132]
62799.2098 lsst_hardware_u 0.9562354853882404 2.5799999237060547 28.329999923706055 AB 5.321718399408535 1.1877068292089779
62801.1945 lsst_hardware_g -4.447347264224306 13.210000038146973 31.350000381469727 AB 2.9383123041402643 1.2302773080838512
62801.2148 lsst_hardware_r 46.99069281339445 22.229999542236328 31.479999542236328 AB 3.6581697408976845 1.148742264373922
62807.1763 lsst_hardware_z -129.2502035816972 63.0099983215332 31.68000030517578 AB 4.374338486638451 1.2388384272551873
62807.194 lsst_hardware_r -6.464347812711239 36.029998779296875 32.25 AB 4.135885365437226 1.1644640995107274
62809.1413 lsst_hardware_z -54.049748523183226 70.1500015258789 31.670000076293945 AB 7.217097009756072 1.415117060736485
62817.2012 lsst_hardware_z -17.877707059122525 60.45000076293945 30.979999542236328 AB 3.604354013500701 1.0664032190637938
62817.2187 lsst_hardware_r 41.60021602776835 81.94999694824219 31.65999984741211 AB 7.145405511981305 1.0352534397076014
62831.111 lsst_hardware_r -23.32282470311529 22.690000534057617 31.450000762939453 AB 4.409524673741329 1.2377613119275703
62831.1271 lsst_hardware_u -3.2106378185900786 2.559999942779541 28.309999465942383 AB 6.096084131022555 1.1695686375409229
62835.134 lsst_hardware_r 8.187471001954078 23.170000076293945 31.5 AB 5.827240411257509 1.110955704924934
62835.1518 lsst_hardware_z -44.436751995363196 41.13999938964844 30.950000762939453 AB 5.605439682745508 1.0669406962161327
62836.1505 lsst_hardware_r -17.37024787024969 24.65999984741211 31.520000457763672 AB 8.695748366072705 1.0639604020644444
62836.1555 lsst_hardware_i 26.48254730163519 31.280000686645508 31.260000228881836 AB 8.614145890110027 1.0541479775782208
62838.1288 lsst_hardware_z -8.171786466787664 44.650001525878906 30.950000762939453 AB 7.133409619516806 1.1026174150585377
62838.1455 lsst_hardware_r 23.711471000017934 35.709999084472656 31.59000015258789 AB 6.878625473664303 1.063017240717033
62840.1425 lsst_hardware_i 11.831095310939062 45.560001373291016 31.299999237060547 AB 2.749333819969361 1.0581143630414473
62840.1642 lsst_hardware_z -54.62932106552853 47.7400016784668 30.969999313354492 AB 2.5340041155909785 1.024184890100766
62844.0455 lsst_hardware_y -4.772623571770368 60.040000915527344 29.93000030517578 AB 7.63296812977504 1.4168798929137219
62844.067 lsst_hardware_z 175.57001221092716 70.12000274658203 30.959999084472656 AB 6.857422147971165 1.2808035390308488
62849.0487 lsst_hardware_y 64.16933412176205 50.77000045776367 29.950000762939453 AB 10.322773226268591 1.3066801552238723
62849.0722 lsst_hardware_r 25.169153886402167 22.440000534057617 31.450000762939453 AB 9.417655116380477 1.192108242579807
62851.0479 lsst_hardware_y -101.2663505087413 50.560001373291016 29.969999313354492 AB 12.81092884144781 1.280733528143844
62851.0703 lsst_hardware_r -8.03413311476236 22.450000762939453 31.469999313354492 AB 11.787613500961267 1.1779324825873172
62853.0476 lsst_hardware_z 12.634110018551723 45.790000915527344 30.93000030517578 AB 5.086176264201736 1.2539882308188726
62853.0684 lsst_hardware_g 3.5765037192504874 13.34000015258789 31.3700008392334 AB 4.734504570440241 1.164484921709372
62855.0485 lsst_hardware_y 36.29466105039934 50.75 29.989999771118164 AB 6.500761941547296 1.2236728360559617
62855.0699 lsst_hardware_i 18.85323054222654 30.950000762939453 31.25 AB 6.081444976574656 1.1401818564005486
62860.0482 lsst_hardware_y 113.90031463523977 50.2400016784668 30.010000228881836 AB 8.347859897640983 1.168513423521974
62860.07 lsst_hardware_g 12.690381758043774 12.979999542236328 31.3700008392334 AB 7.908375532785714 1.0991997126740707
62863.0478 lsst_hardware_y -194.71373148639165 51.45000076293945 30.020000457763672 AB 7.056898287508215 1.1410313065930515
62863.0683 lsst_hardware_z -48.35808304211235 41.36000061035156 30.950000762939453 AB 6.895976772140625 1.082797567068941
62866.048 lsst_hardware_z -82.64233566708342 46.20000076293945 30.950000762939453 AB 8.367953566617 1.1148724067037783
62866.0693 lsst_hardware_r -22.280012739467324 28.0 31.549999237060547 AB 7.985526083133272 1.0625055494306173
62868.0479 lsst_hardware_y 47.163328922409406 51.27000045776367 30.040000915527344 AB 7.617061628811076 1.0998837546415685
62868.07 lsst_hardware_z -54.27301234812307 44.939998626708984 30.959999084472656 AB 7.5426943300159195 1.050709648497761
62870.0491 lsst_hardware_y 29.02730218333501 52.79999923706055 30.040000915527344 AB 2.4654600996300142 1.0830046561080668
62870.0724 lsst_hardware_z 43.0575790498969 50.29999923706055 30.969999313354492 AB 2.354144081748556 1.0376392646825592
62872.0478 lsst_hardware_y 42.97327238418255 56.060001373291016 30.040000915527344 AB 10.395439224010493 1.073391535486731
62872.0699 lsst_hardware_i -33.3448583141887 61.43000030517578 31.329999923706055 AB 10.137748269206098 1.0332691719650164
62874.0453 lsst_hardware_y -26.251807569543647 59.72999954223633 30.059999465942383 AB 8.488537044580104 1.0669688017572327
62874.0643 lsst_hardware_r 86.57386491521191 89.47000122070312 31.65999984741211 AB 8.449889732602013 1.033467632790348
62879.043 lsst_hardware_y 17.521687746757195 56.0099983215332 30.059999465942383 AB 2.157454146364911 1.045404795331286
62879.061 lsst_hardware_g -18.236410108615313 12.979999542236328 31.40999984741211 AB 2.155635315178189 1.0204190841080185
