data/validation/pwv_sim_epoch_fit_seasonal/23363724.ecsv
# %ECSV 0.9
# ---
# datatype:
# - {name: time, datatype: float64}
# - {name: band, datatype: string}
# - {name: flux, datatype: float64}
# - {name: fluxerr, datatype: float64}
# - {name: zp, datatype: float64}
# - {name: zpsys, datatype: string}
# - {name: pwv, datatype: float64}
# - {name: airmass, datatype: float64}
# meta: {SNID: '23363724', alt: 1024.0, c: -0.06819907575845718, dec: -4.480799, lat: -30.244573, lon: -70.7499537, ra: 320.800781, t0: 60613.13671875,
#   x0: 1.570725566469782e-05, x1: 0.8422570824623108, z: 0.3801438808441162}
# schema: astropy-2.0
time band flux fluxerr zp zpsys pwv airmass
60447.4046 lsst_hardware_g 11.053248227324929 16.030000686645508 31.450000762939453 AB 8.933008466446827 1.1299024116425955
60447.4266 lsst_hardware_y -66.34535013516263 53.619998931884766 30.030000686645508 AB 9.146521073919136 1.1125124458941966
60458.4067 lsst_hardware_z -10.921717365968025 90.87999725341797 31.719999313354492 AB 9.059818715290024 1.1114978180947153
60458.4298 lsst_hardware_y 1.8450241862261036 82.66000366210938 30.780000686645508 AB 8.907450175888549 1.1255307273045931
60460.3652 lsst_hardware_r 13.960244267930111 52.45000076293945 31.610000610351562 AB 8.070825919515965 1.1352570129782897
60460.3872 lsst_hardware_z -75.08733025592528 51.91999816894531 30.959999084472656 AB 8.244155510181868 1.1140750689434955
60462.3661 lsst_hardware_g -2.9150245348050086 21.190000534057617 31.540000915527344 AB 9.910452248731303 1.1269134194820114
60462.3903 lsst_hardware_r -8.94901039650779 28.510000228881836 31.530000686645508 AB 8.3880274453846 1.111512283228596
60464.3679 lsst_hardware_i 4.807111058714141 32.29999923706055 31.25 AB 13.434356470695729 1.119623007808628
60464.3898 lsst_hardware_z -70.3703176782431 42.7400016784668 30.950000762939453 AB 12.961139321956097 1.1114470112726575
60466.365 lsst_hardware_r -32.78869493050659 24.459999084472656 31.489999771118164 AB 6.140133991061709 1.1176072062362048
60466.3876 lsst_hardware_g -2.9982634432466173 15.279999732971191 31.420000076293945 AB 4.932702785453054 1.111970871382564
60468.3606 lsst_hardware_r -45.22185341244434 24.579999923706055 31.5 AB 2.7921416767755414 1.1168566707102165
60468.3825 lsst_hardware_i -29.810056301603304 31.989999771118164 31.239999771118164 AB 3.2264493914297563 1.112057464876984
60485.312 lsst_hardware_i -21.716521738660973 89.91999816894531 31.329999923706055 AB 4.49923090206858 1.1184697303783344
60485.3347 lsst_hardware_z 41.22792199526676 78.12000274658203 30.989999771118164 AB 4.0066228432418045 1.111766963855655
60487.2909 lsst_hardware_z 100.54087175863403 69.1500015258789 30.979999542236328 AB 8.077537021930205 1.1361344210132365
60487.3142 lsst_hardware_r -67.23597195963514 87.13999938964844 31.639999389648438 AB 7.63033778382692 1.1137553326269545
60493.2941 lsst_hardware_r 5.0428564956432655 24.030000686645508 31.489999771118164 AB 7.157416159383063 1.1157312797167853
60493.3157 lsst_hardware_i -17.67039095682145 31.850000381469727 31.239999771118164 AB 7.151692730401251 1.1124690548171603
60495.2564 lsst_hardware_z 7.113409286116184 43.09000015258789 30.940000534057617 AB 4.675902543806773 1.1588358225047022
60495.2765 lsst_hardware_r 13.710749381780913 24.200000762939453 31.5 AB 4.4880680742901875 1.1263581907661246
60497.3029 lsst_hardware_u -0.35303684945387115 2.7200000286102295 28.389999389648438 AB 1.6503498558485317 1.1119707057934693
60497.3218 lsst_hardware_r -14.362040540258787 24.15999984741211 31.489999771118164 AB 1.6689072838260197 1.123906358713297
60499.293 lsst_hardware_i 53.60739194473369 31.989999771118164 31.25 AB 1.9050950723339688 1.1113826382114247
60499.3133 lsst_hardware_z 15.295105183810215 42.869998931884766 30.950000762939453 AB 1.9136314585013974 1.12094003231557
60501.2939 lsst_hardware_r -0.331907641808819 24.200000762939453 31.5 AB 9.546236849186354 1.1124853570896578
60501.3151 lsst_hardware_u 0.015166231440614195 2.7200000286102295 28.3799991607666 AB 9.658397505179474 1.1287130425592673
60503.2608 lsst_hardware_u 1.060866744667356 2.809999942779541 28.459999084472656 AB 6.95461381584874 1.1201761803734596
60503.2808 lsst_hardware_g -2.1314020329237096 15.1899995803833 31.440000534057617 AB 6.899191674485038 1.111368702094403
60508.2648 lsst_hardware_z -3.0877447379425855 48.68000030517578 30.959999084472656 AB 2.089107356125438 1.1115229348898312
60508.2841 lsst_hardware_r 5.4252632077198415 46.65999984741211 31.600000381469727 AB 2.1150568438401978 1.1172058335277038
60511.2553 lsst_hardware_z -82.42278009300145 74.02999877929688 30.979999542236328 AB 5.350291688623967 1.1117104215176548
60511.2741 lsst_hardware_r -165.24946866066222 108.4800033569336 31.639999389648438 AB 5.203532969937863 1.1159993501439514
60514.2437 lsst_hardware_i 213.97589080985585 157.8000030517578 32.08000183105469 AB 6.9181212214855865 1.1125362457494912
60514.2666 lsst_hardware_z 23.405002866762832 136.2899932861328 31.739999771118164 AB 6.596141976491734 1.1164448040551327
60516.2444 lsst_hardware_r -56.64189238553445 73.08000183105469 31.6200008392334 AB 11.160726186093662 1.1114047187904463
60516.2654 lsst_hardware_z -78.29380076095362 59.43000030517578 30.959999084472656 AB 11.838369564858555 1.1196440319853616
60520.2152 lsst_hardware_u -3.2449557485509057 2.690000057220459 28.350000381469727 AB 5.037694845439041 1.1194877434308979
60520.2362 lsst_hardware_g -10.354213776219853 15.319999694824219 31.43000030517578 AB 5.001375812224342 1.111416847160965
60529.2085 lsst_hardware_u -2.103474640547074 2.8399999141693115 28.459999084472656 AB 3.4454455607606342 1.111434051858269
60529.2416 lsst_hardware_r 3.7218589142571923 24.81999969482422 31.5 AB 3.5109321545094656 1.1325587595191824
60531.2147 lsst_hardware_i -11.954189849869252 45.560001373291016 31.989999771118164 AB 5.208326260438038 1.1134850369723224
60531.2349 lsst_hardware_z -68.5698332384961 61.189998626708984 31.690000534057617 AB 5.209196656778895 1.1308975102912118
60535.1669 lsst_hardware_y 7.847919219289588 48.79999923706055 30.030000686645508 AB 2.619859010728616 1.1268210798832758
60535.1867 lsst_hardware_g -40.61839857836692 29.389999389648438 31.6299991607666 AB 2.7022995864502413 1.1124389378185182
60539.1952 lsst_hardware_z -25.487255857669794 66.5 30.979999542236328 AB 3.531411388204691 1.1145959142150523
60539.2175 lsst_hardware_r 125.55144544144225 89.55999755859375 31.6299991607666 AB 2.731144833437789 1.137187300529267
60541.1727 lsst_hardware_z -257.26209163309915 111.91000366210938 31.0 AB 2.416320176735222 1.1118463944485086
60541.1906 lsst_hardware_r 301.10846066271966 167.24000549316406 31.649999618530273 AB 2.3725742634261304 1.1150625136534509
60543.1645 lsst_hardware_i -11.690873299044663 94.30000305175781 31.329999923706055 AB 2.251431503260584 1.1125505698866336
60543.1854 lsst_hardware_z -59.910247654169034 81.12000274658203 30.989999771118164 AB 2.7688809725748547 1.1152101654997066
60546.134 lsst_hardware_z -63.74682315424221 46.06999969482422 30.950000762939453 AB 4.0387039971535 1.1303397697043103
60546.1614 lsst_hardware_r 40.83861497181948 56.529998779296875 32.34000015258789 AB 4.0117591539867945 1.1114958867713691
60546.1883 lsst_hardware_z 30.223477219002444 48.72999954223633 30.950000762939453 AB 4.368342856662166 1.1242196594309428
60549.1156 lsst_hardware_u -0.2978015594842191 2.819999933242798 28.440000534057617 AB 4.038508111703464 1.1459740674984407
60549.1347 lsst_hardware_g 6.674877711323994 15.420000076293945 31.450000762939453 AB 4.370481260646051 1.1206362206784748
60555.1274 lsst_hardware_z -11.421066769947029 42.720001220703125 30.940000534057617 AB 1.5600461115277051 1.114318651091218
60555.1475 lsst_hardware_r 23.106645717590606 24.299999237060547 31.489999771118164 AB 1.5579795981373004 1.1128425700980717
60557.0956 lsst_hardware_r -4.3959903063878345 24.450000762939453 31.5 AB 1.6862741650550814 1.1427847732908443
60557.1158 lsst_hardware_u 0.27741681214436364 2.7300000190734863 28.399999618530273 AB 1.6721712072154176 1.1181975194530516
60561.0965 lsst_hardware_z 5.771212836025091 43.150001525878906 30.950000762939453 AB 2.897577459949909 1.1261474776328966
60566.0958 lsst_hardware_y -16.70258406722051 72.27999877929688 30.780000686645508 AB 1.3546339739881919 1.1151545371381255
60568.0902 lsst_hardware_r -44.62796416238305 113.18000030517578 31.649999618530273 AB 4.014842096833097 1.1152339157869713
60568.1081 lsst_hardware_i -80.50327708099219 90.4000015258789 31.329999923706055 AB 4.002454816645538 1.1117930046237605
60571.0707 lsst_hardware_i 89.64480923133212 95.76000213623047 31.31999969482422 AB 6.214687060389326 1.1244910241957922
60571.0918 lsst_hardware_z 101.46572225240962 81.69000244140625 30.989999771118164 AB 6.179773511523441 1.1116699966762802
60580.0662 lsst_hardware_r -28.878311597286977 24.06999969482422 31.489999771118164 AB 4.981750898935805 1.1118531959609248
60580.0857 lsst_hardware_i -2.9415419137297643 31.770000457763672 31.239999771118164 AB 5.11802286449886 1.1160102190359233
60582.0323 lsst_hardware_i -10.142182236448463 31.8700008392334 31.239999771118164 AB 3.863761107713365 1.1350093829268149
60582.052 lsst_hardware_z 13.46240399844375 42.459999084472656 30.940000534057617 AB 4.152703603958338 1.1152189429661636
60584.0331 lsst_hardware_r 26.860061096815237 24.309999465942383 31.5 AB 5.6066689864457855 1.1268365156070381
60584.0517 lsst_hardware_u 3.327413767792984 2.859999895095825 28.5 AB 5.368886659925492 1.112837943812932
60586.0336 lsst_hardware_g -6.819160022680338 15.22633523059952 31.440000534057617 AB 2.6936106274688214 1.12070340231706
60586.0519 lsst_hardware_i -49.966960457577315 31.947320071766335 31.25 AB 2.6424742607046987 1.1115287131399463
60588.036 lsst_hardware_z 33.999877569552915 43.04231554270567 30.940000534057617 AB 3.8049460011347476 1.1150024911750176
60588.0537 lsst_hardware_r 69.40992190063501 25.31184259710944 31.5 AB 4.203377753889089 1.111833117611269
60592.0309 lsst_hardware_r 409.2333220416364 34.92713078890069 31.530000686645508 AB 2.669986210328551 1.112494254303563
60592.0495 lsst_hardware_i 297.3142485039452 38.54174656747518 31.260000228881836 AB 2.724358986556017 1.1141053652765462
60596.0015 lsst_hardware_y 317.4384754910262 61.03133829613901 30.030000686645508 AB 8.198879976419853 1.1255111790542955
60596.0204 lsst_hardware_z 630.256502196306 73.77628984949705 30.979999542236328 AB 8.098968421538176 1.1123683307594279
60599.0039 lsst_hardware_y 480.19530491121776 62.89651528411987 30.030000686645508 AB 7.863535972514516 1.1162396099907372
60599.0226 lsst_hardware_i 1911.135845553917 90.16441085874284 31.31999969482422 AB 7.851204802828392 1.1116487827300914
60601.0036 lsst_hardware_y 590.6610006813765 58.436355608474166 30.030000686645508 AB 4.562143853853155 1.1134874963640544
60601.0212 lsst_hardware_r 3460.232498742877 93.31111033554986 31.6299991607666 AB 4.517746389551603 1.1126083954073078
60603.0 lsst_hardware_y 600.4679188188455 61.466062322908016 30.030000686645508 AB 3.672155833992904 1.112774495149365
60603.0181 lsst_hardware_g 2605.8612316559042 53.40666064631653 31.450000762939453 AB 3.726659767463994 1.113488302613682
60607.0027 lsst_hardware_y 748.1806014474903 62.1228795803662 30.030000686645508 AB 4.013562714431975 1.1120212549510216
60607.0196 lsst_hardware_r 4798.492373834179 73.67766804875973 31.5 AB 4.053550768313518 1.1220642942438146
60811.402 lsst_hardware_r -67.08874410358962 74.5999984741211 31.6299991607666 AB 5.021520441361682 1.1384946587125941
60811.4239 lsst_hardware_y -25.629787912583758 57.43000030517578 30.030000686645508 AB 4.187533186369718 1.1152876029038667
60813.4175 lsst_hardware_z -10.01959133144186 88.79000091552734 31.729999542236328 AB 9.151081662933077 1.1158494894443456
60816.4142 lsst_hardware_g 39.35762306654678 31.59000015258789 31.639999389648438 AB 7.847975299716468 1.1133459071806593
60816.4349 lsst_hardware_y -9.255870144413034 72.47000122070312 30.049999237060547 AB 7.08307037886986 1.113982235208854
60822.4022 lsst_hardware_i -38.930340322770974 32.47999954223633 31.25 AB 5.551514998397148 1.1119709561135656
60822.421 lsst_hardware_y 1.6437766618893102 49.06999969482422 30.020000457763672 AB 4.757234218044597 1.1152817297021274
60825.3737 lsst_hardware_z -4.349991542031347 61.040000915527344 31.700000762939453 AB 13.900747779842982 1.1253236369887083
60825.3939 lsst_hardware_i -19.151415598314504 32.34000015258789 31.25 AB 14.374789297744101 1.1119973155213154
60827.3714 lsst_hardware_u 2.575071737085164 2.690000057220459 28.34000015258789 AB 7.486424953654903 1.1220660901761033
60827.3917 lsst_hardware_g -2.6429437149434154 15.470000267028809 31.43000030517578 AB 6.945670998277182 1.1114851973559259
60831.3603 lsst_hardware_r 24.75408231456039 24.770000457763672 31.510000228881836 AB 5.796841678162527 1.1222408669508244
60831.3809 lsst_hardware_i 84.47074222808938 32.16999816894531 31.25 AB 5.112791212819789 1.1114763506129977
60841.2979 lsst_hardware_i 61.5547966328117 84.08000183105469 31.309999465942383 AB 13.870325827110133 1.185497933941037
60843.2859 lsst_hardware_r 46.01931606457713 68.80999755859375 31.610000610351562 AB 5.272916467216978 1.2044809473398528
60845.3473 lsst_hardware_r -10.952546246524852 33.90999984741211 31.56999969482422 AB 2.845194756016004 1.1115489345029315
60845.3682 lsst_hardware_i -3.1792702062467346 37.02000045776367 31.270000457763672 AB 2.8896547795860243 1.123213829846906
60850.2975 lsst_hardware_u -3.596603859478236 2.819999933242798 28.459999084472656 AB 3.8623091216631575 1.1355279659927309
60850.3183 lsst_hardware_g -31.92536634400096 15.119999885559082 31.43000030517578 AB 3.7991157772061603 1.1148185388192382
60853.2923 lsst_hardware_r -64.22917723622896 34.38999938964844 32.25 AB 7.726016218525595 1.1313539637612529
60853.3121 lsst_hardware_i 23.091813642832225 45.27000045776367 32.0 AB 7.548995449426785 1.1138318626966854
60859.2923 lsst_hardware_i 21.005333909770066 31.790000915527344 31.239999771118164 AB 7.188044370897817 1.1156362518854286
60859.3121 lsst_hardware_z 20.33445368224718 42.40999984741211 30.940000534057617 AB 7.14608412981245 1.1120867534398833
60862.2917 lsst_hardware_r -8.384352068652158 42.720001220703125 31.600000381469727 AB 5.700043398277852 1.1123121081623284
60862.3143 lsst_hardware_g -54.520449843108665 31.059999465942383 31.6299991607666 AB 5.713298986440987 1.1168785181606669
60864.2865 lsst_hardware_r 111.92139300559593 70.2300033569336 31.6299991607666 AB 1.7991450693931126 1.112242585787268
60864.3064 lsst_hardware_i -27.197693960019457 58.310001373291016 31.309999465942383 AB 1.4800556992108354 1.1153396376871405
60871.2447 lsst_hardware_y -47.549084534520524 54.34000015258789 30.030000686645508 AB 6.53433410116 1.1293678411914159
60871.2669 lsst_hardware_r 43.22649747976175 75.83000183105469 31.6299991607666 AB 5.990166280561122 1.1123799963901804
60876.2497 lsst_hardware_i 15.144402164805495 31.959999084472656 31.239999771118164 AB 3.2366823112838046 1.1136652063139596
60876.2716 lsst_hardware_z 50.676450099755556 42.689998626708984 30.940000534057617 AB 3.135140289030691 1.1142543380040368
60878.248 lsst_hardware_r 7.620293153443596 24.260000228881836 31.489999771118164 AB 5.6536616501221495 1.1123233781166002
60878.2686 lsst_hardware_g 2.151719353302495 15.079999923706055 31.420000076293945 AB 5.469106926016117 1.1155940626594605
60880.2427 lsst_hardware_r -9.43197407416629 34.61000061035156 32.27000045776367 AB 6.9691775458777965 1.1122802914099799
60880.2645 lsst_hardware_i 31.71513450142969 45.439998626708984 32.0 AB 6.613459096801209 1.1164468679536113
60882.2096 lsst_hardware_i -23.96841058997833 32.310001373291016 31.25 AB 11.47135066193385 1.1363304574273465
60882.231 lsst_hardware_z 62.01966037058885 42.84000015258789 30.940000534057617 AB 11.242903898433225 1.1147960435391806
60885.2076 lsst_hardware_r -2.407758165544434 24.510000228881836 31.5 AB 4.693944153920206 1.1279904246844454
60885.2289 lsst_hardware_u -3.532524420735424 2.7799999713897705 28.43000030517578 AB 4.622069409451481 1.112322174583222
60887.2114 lsst_hardware_g 8.325143368259116 15.279999732971191 31.43000030517578 AB 3.5799998817231167 1.1187499630384738
60887.2323 lsst_hardware_r 41.01229458259817 24.43000030517578 31.5 AB 3.556900524385631 1.1115314138705097
60892.2132 lsst_hardware_r -26.422925038898892 58.970001220703125 31.6200008392334 AB 1.1560919928210036 1.111626916174042
60892.2348 lsst_hardware_z -53.1481625220316 52.56999969482422 30.959999084472656 AB 1.1290096191245298 1.118661995664632
