data/validation/pwv_sim_epoch_fit_seasonal/23400989.ecsv
# %ECSV 0.9
# ---
# datatype:
# - {name: time, datatype: float64}
# - {name: band, datatype: string}
# - {name: flux, datatype: float64}
# - {name: fluxerr, datatype: float64}
# - {name: zp, datatype: float64}
# - {name: zpsys, datatype: string}
# - {name: pwv, datatype: float64}
# - {name: airmass, datatype: float64}
# meta: {SNID: '23400989', alt: 1024.0, c: 0.14065195620059967, dec: -14.477512, lat: -30.244573, lon: -70.7499537, ra: 157.324219, t0: 62259.09375,
#   x0: 5.770320805643295e-06, x1: 0.4866018295288086, z: 0.5783682465553284}
# schema: astropy-2.0
time band flux fluxerr zp zpsys pwv airmass
[from data line 133]
62526.2608 lsst_hardware_z 22.016800388043578 50.72999954223633 30.969999313354492 AB 9.788496427845812 1.0520457240342644
62528.2414 lsst_hardware_i 34.16987373108847 34.2400016784668 31.260000228881836 AB 11.561516107104056 1.069883349927887
62528.2603 lsst_hardware_z 18.939194410995395 42.81999969482422 30.950000762939453 AB 12.074580315547779 1.0475117210194498
62530.2903 lsst_hardware_i -7.094291883488947 30.93000030517578 31.25 AB 11.688647266714275 1.0412507679673018
62530.308 lsst_hardware_u 3.0078098020215864 2.9200000762939453 28.459999084472656 AB 11.699135728146441 1.0551961632650158
62532.2841 lsst_hardware_g -16.07181425410068 14.15999984741211 31.43000030517578 AB 12.039091523235435 1.040918641680418
62532.3038 lsst_hardware_r 16.121691547947776 23.0 31.5 AB 11.336685104199464 1.0566394914903035
62536.2195 lsst_hardware_z 39.010652722041904 41.45000076293945 30.940000534057617 AB 8.096470118461903 1.069970942045971
62536.2361 lsst_hardware_u -2.398112140808401 2.630000114440918 28.3799991607666 AB 7.880270584931663 1.049548241591804
62538.2201 lsst_hardware_g -6.873127228944113 14.149999618530273 31.40999984741211 AB 4.6044344718906025 1.0612556404173115
62538.239 lsst_hardware_r 0.7700228556094024 22.889999389648438 31.489999771118164 AB 4.521270560605164 1.0432497543987613
62540.2179 lsst_hardware_i -35.37399698986438 30.940000534057617 31.25 AB 7.522669832796567 1.0571734160154445
62540.2359 lsst_hardware_z -79.39810213143205 41.310001373291016 30.940000534057617 AB 7.386031555523207 1.0419370912393873
62542.2536 lsst_hardware_i -2.3300154345516297 30.690000534057617 31.260000228881836 AB 3.630149936216869 1.0397107077808359
62542.2698 lsst_hardware_u -4.6410335544369605 2.759999990463257 28.479999542236328 AB 3.5426088893990832 1.049661893155284
62545.1887 lsst_hardware_i 60.388447022763984 40.58000183105469 31.280000686645508 AB 4.387111038709221 1.0805026879402058
62545.2055 lsst_hardware_r 24.608497850566227 37.38999938964844 31.59000015258789 AB 4.245296564099345 1.0557156516255752
62547.2032 lsst_hardware_z 31.655549932000955 75.87999725341797 31.719999313354492 AB 4.0436637940093645 1.05230667783032
62549.2332 lsst_hardware_r 175.36146231928407 111.43000030517578 31.65999984741211 AB 4.768433444191596 1.039327254618918
62549.2505 lsst_hardware_i 208.7837815172492 87.12999725341797 31.34000015258789 AB 4.687278241918401 1.049488551227197
62551.2294 lsst_hardware_z 48.96286810513621 92.08999633789062 31.010000228881836 AB 2.708755884029689 1.0398295140229132
62551.2476 lsst_hardware_r -200.2227069228212 141.52000427246094 31.65999984741211 AB 2.7546645061689534 1.0519340018465961
62555.2289 lsst_hardware_r 25.08558408605022 48.599998474121094 31.6299991607666 AB 12.171757446905678 1.0452645657730875
62555.2483 lsst_hardware_z -2.5772531689494107 48.22999954223633 30.959999084472656 AB 12.465713162365539 1.066220173832745
62560.1614 lsst_hardware_u 1.6786191913860002 2.7100000381469727 28.420000076293945 AB 6.472759348273404 1.0594870168496404
62560.1803 lsst_hardware_g -29.335615316813488 14.6899995803833 31.450000762939453 AB 6.324684643262227 1.0424588382548825
62562.1603 lsst_hardware_r 19.299412865788298 23.479999542236328 31.5 AB 3.6212683083036437 1.054354475303742
62562.1788 lsst_hardware_i 18.363971830073346 30.8799991607666 31.25 AB 4.048160263107058 1.0405689991706943
62564.1942 lsst_hardware_z 30.041418895148965 41.27000045776367 30.940000534057617 AB 6.706480612275294 1.0399256647969133
62564.2115 lsst_hardware_r 1.6253176351726797 23.399999618530273 31.5 AB 5.8504746447546845 1.0513297154310732
62565.1919 lsst_hardware_u -1.0841797814586847 2.640000104904175 28.3700008392334 AB 12.252101713240423 1.0400765461154857
62565.2103 lsst_hardware_g -7.532681718786129 14.520000457763672 31.43000030517578 AB 11.391317925140571 1.0528750075227553
62567.1965 lsst_hardware_r -8.08378067197521 23.360000610351562 31.5 AB 9.847002223255737 1.045523555146204
62567.2156 lsst_hardware_z -21.008957145734158 41.779998779296875 30.940000534057617 AB 10.317537015533635 1.0663110660178934
62569.1923 lsst_hardware_r 4.720884589958203 23.34000015258789 31.5 AB 9.36536085626954 1.0464674960913714
62569.2119 lsst_hardware_u 2.8164823601030564 2.6500000953674316 28.3700008392334 AB 9.416726529003688 1.0689488265101807
62573.1214 lsst_hardware_z -39.15716856407388 44.310001373291016 30.950000762939453 AB 14.014415616089519 1.065572963510475
62573.14 lsst_hardware_g 20.460762205594794 27.15999984741211 31.6200008392334 AB 14.637236483632485 1.0455168916880346
62576.1198 lsst_hardware_r -110.78699348478402 70.83000183105469 31.649999618530273 AB 7.790497451094567 1.0569357762932143
62576.14 lsst_hardware_i -92.86256460990543 59.5099983215332 31.31999969482422 AB 9.04459408403006 1.0408048428112842
62577.1248 lsst_hardware_z 18.720786520260962 68.62000274658203 30.989999771118164 AB 8.06090700866945 1.0489598779391005
62577.1432 lsst_hardware_r -21.9808832126194 93.43000030517578 31.65999984741211 AB 8.486183496664626 1.0389124868391708
62579.1311 lsst_hardware_z 126.9237234119173 135.32000732421875 31.75 AB 7.4809350742568475 1.0411154511525778
62581.1234 lsst_hardware_r -80.94268975093354 103.56999969482422 31.65999984741211 AB 5.106866026041102 1.0422175563349187
62581.1444 lsst_hardware_z -12.9409770853353 71.61000061035156 30.989999771118164 AB 5.3299021727304075 1.038967285132633
62583.152 lsst_hardware_r -41.95056768154487 56.400001525878906 31.6299991607666 AB 7.831496030594384 1.0449425409972937
62583.1725 lsst_hardware_y 94.8934053206107 50.060001373291016 30.040000915527344 AB 7.361358719342767 1.0671729079940344
62595.1379 lsst_hardware_z -86.30571016230216 41.380001068115234 30.940000534057617 AB 6.264127687458267 1.064513159564697
62595.1572 lsst_hardware_r -15.799027489623802 23.190000534057617 31.489999771118164 AB 6.575870242859906 1.099613206353174
62597.063 lsst_hardware_r 18.361938837297267 22.920000076293945 31.489999771118164 AB 8.33764998228591 1.056301267828323
62597.0806 lsst_hardware_u -5.455488574063311 2.619999885559082 28.3700008392334 AB 8.205482046826175 1.0417565205081984
62599.0632 lsst_hardware_g -0.8418549466229335 14.300000190734863 31.43000030517578 AB 7.905667036112033 1.0503543449218748
62599.0823 lsst_hardware_r 16.12919245212816 22.899999618530273 31.5 AB 7.836531226477212 1.0390980631792917
62601.1232 lsst_hardware_z -29.13287365566211 42.06999969482422 30.950000762939453 AB 5.41155020346553 1.0669460180334247
62601.1403 lsst_hardware_r 0.8053729946671698 23.190000534057617 31.489999771118164 AB 5.356902412845811 1.0984574589318319
62605.05 lsst_hardware_z 16.873708134628835 62.5 30.989999771118164 AB 5.971002714375032 1.0475443358552687
62605.0698 lsst_hardware_i -92.67791032497126 65.29000091552734 31.329999923706055 AB 6.048839363005435 1.0384273584558685
62607.0526 lsst_hardware_z 176.01056300003435 112.91999816894531 31.75 AB 17.30427533669944 1.0421123358446076
62607.0706 lsst_hardware_r 406.3552584254433 161.5500030517578 32.41999816894531 AB 17.21589232143988 1.0384834637307592
62613.0818 lsst_hardware_r 9.595317252081015 35.25 31.59000015258789 AB 9.889921925605003 1.0556569275342906
62613.0991 lsst_hardware_i 51.96113824169529 39.7599983215332 31.290000915527344 AB 9.799748765816416 1.0813317013921306
62617.0132 lsst_hardware_r 60.36262130351271 22.8700008392334 31.5 AB 12.193550037074415 1.0511681066443461
62617.0306 lsst_hardware_u 2.0683428192976026 2.7100000381469727 28.459999084472656 AB 12.062043418103983 1.039831329146895
62619.0132 lsst_hardware_g 10.090015900160942 14.199999809265137 31.420000076293945 AB 1.5696100463751206 1.0464066975834136
62619.0295 lsst_hardware_i -8.658749929736175 30.639999389648438 31.25 AB 1.5580755366927923 1.0387170244618615
62621.0077 lsst_hardware_z 25.555004158523257 41.40999984741211 30.950000762939453 AB 11.301516420513378 1.0464367056030905
62621.0251 lsst_hardware_r 2.0584654181777773 23.09000015258789 31.510000228881836 AB 11.216330939574005 1.038549161071667
62624.0077 lsst_hardware_u -1.9618636243318979 2.7300000190734863 28.459999084472656 AB 14.195396361076137 1.0413544218909014
62624.0259 lsst_hardware_g 9.687369639805809 14.289999961853027 31.450000762939453 AB 14.216592696850187 1.0387437124759629
62626.0402 lsst_hardware_r 8.249116847035157 23.170000076293945 31.510000228881836 AB 10.550687093001995 1.0494280336194948
62626.0576 lsst_hardware_i 11.018377878271577 31.100000381469727 31.25 AB 9.660001540889555 1.0710327674872002
62629.0377 lsst_hardware_u -4.261641869902203 2.9100000858306885 28.459999084472656 AB 10.323474476977223 1.055192362342436
62629.0549 lsst_hardware_r -1.2002078391793949 24.1299991607666 31.5 AB 11.063604682962128 1.080394975713238
62632.036 lsst_hardware_r 14.903547741068158 44.209999084472656 31.610000610351562 AB 7.80195138361865 1.0632983146328279
62632.0548 lsst_hardware_z 37.38287969506001 48.439998626708984 30.959999084472656 AB 8.451877244411977 1.0965782996317843
62634.9766 lsst_hardware_y 115.68181928311803 78.75 30.809999465942383 AB 7.575826505201794 1.0418758373340988
62637.9696 lsst_hardware_z -133.94755284893608 61.88999938964844 30.979999542236328 AB 10.86877298577913 1.0412946263111427
62637.9907 lsst_hardware_i 76.0309293172685 68.33000183105469 31.329999923706055 AB 10.855093961490077 1.039461262232109
62644.9544 lsst_hardware_y 17.07557765988257 62.810001373291016 30.059999465942383 AB 7.314622604050215 1.0397473495452156
62644.9735 lsst_hardware_z -85.6560947326062 41.560001373291016 30.950000762939453 AB 8.268674583746193 1.040084853301408
