data/validation/pwv_sim_epoch_fit_seasonal/23627954.ecsv
# %ECSV 0.9
# ---
# datatype:
# - {name: time, datatype: float64}
# - {name: band, datatype: string}
# - {name: flux, datatype: float64}
# - {name: fluxerr, datatype: float64}
# - {name: zp, datatype: float64}
# - {name: zpsys, datatype: string}
# - {name: pwv, datatype: float64}
# - {name: airmass, datatype: float64}
# meta: {SNID: '23627954', alt: 1024.0, c: 0.11588740348815918, dec: -25.613083, lat: -30.244573, lon: -70.7499537, ra: 37.441406, t0: 63170.89453125,
#   x0: 6.21005169764563e-06, x1: -0.10886399447917938, z: 0.5612197518348694}
# schema: astropy-2.0
time band flux fluxerr zp zpsys pwv airmass
63061.3794 lsst_hardware_u 7.144698843429411 2.9600000381469727 28.420000076293945 AB 7.259416714721718 1.2272893854136464
63061.4001 lsst_hardware_r -5.846663723415532 24.639999389648438 31.510000228881836 AB 6.806086847131367 1.1431116639454764
63063.3137 lsst_hardware_g 3.982356958658362 13.819999694824219 31.209999084472656 AB 4.8384450459788795 1.7040778513661234
63063.333 lsst_hardware_i -10.062723381836841 33.81999969482422 31.190000534057617 AB 4.4184111986762655 1.4984437707470943
63066.3687 lsst_hardware_z -64.93262581064643 43.880001068115234 30.93000030517578 AB 2.721980799682729 1.2135898048000278
63066.3885 lsst_hardware_r -21.300275027567636 23.09000015258789 31.479999542236328 AB 3.1348664154258477 1.1361642097586884
63082.357 lsst_hardware_r -53.78655150946097 80.83999633789062 31.639999389648438 AB 2.039670750786324 1.0993554172402034
63082.3769 lsst_hardware_z 53.14763735505976 58.40999984741211 30.979999542236328 AB 2.1772019360338564 1.053824751226455
63086.3679 lsst_hardware_z -94.39283793280084 49.18000030517578 30.969999313354492 AB 2.624678397175893 1.0502914754605412
63086.3868 lsst_hardware_i -11.327807960544716 46.0099983215332 31.309999465942383 AB 1.4318915009708697 1.0227796435506213
63092.2904 lsst_hardware_r 6.930483459514488 32.599998474121094 32.20000076293945 AB 4.521497697111367 1.248745048684382
63092.3162 lsst_hardware_u -0.9919130367923292 3.619999885559082 29.059999465942383 AB 3.8337731711946774 1.140607875597167
63101.2727 lsst_hardware_r -0.5210589910707937 22.729999542236328 31.459999084472656 AB 2.3205423221565953 1.2156331193905419
63101.2909 lsst_hardware_u -0.8036762768732167 2.5299999713897705 28.299999237060547 AB 2.197716751950389 1.1431061082485912
63107.2569 lsst_hardware_z -26.501821395214847 71.69999694824219 31.700000762939453 AB 7.3070595618801955 1.2129912951328345
63111.2222 lsst_hardware_r -70.81321319225445 179.77999877929688 32.779998779296875 AB 2.9492568893573927 1.342911234434572
63111.2594 lsst_hardware_y -55.43357521562616 98.4800033569336 31.209999084472656 AB 3.364557131972911 1.158062344644187
63114.2652 lsst_hardware_i 19.097887060637866 59.220001220703125 31.309999465942383 AB 2.577970782418464 1.1119132121710003
63114.2843 lsst_hardware_z -110.19501498660895 56.27000045776367 30.969999313354492 AB 2.479763825957853 1.0642001971065818
63117.2624 lsst_hardware_r -9.792372911033036 33.869998931884766 31.56999969482422 AB 3.0835098157066794 1.0967815095734699
63117.2795 lsst_hardware_z -15.157990620700605 44.2599983215332 30.950000762939453 AB 2.9849271751311584 1.0573599628519867
63122.2616 lsst_hardware_z -3.7193509086971246 41.099998474121094 30.940000534057617 AB 3.795873010784943 1.066006930246181
63122.2793 lsst_hardware_r 12.067000478531753 22.010000228881836 31.479999542236328 AB 3.648226662959281 1.0345910423138691
63124.2378 lsst_hardware_g 0.7676186675398469 13.520000457763672 31.389999389648438 AB 1.1052520843200175 1.1122033552905837
63124.2531 lsst_hardware_r 22.091021920561708 22.34000015258789 31.489999771118164 AB 2.582214051994212 1.0726449952897585
63126.2647 lsst_hardware_r 5.66074085424059 22.219999313354492 31.5 AB 2.0776967877512242 1.0401485796001122
63126.2814 lsst_hardware_i -19.22987312026025 29.940000534057617 31.260000228881836 AB 2.0100087497303556 1.0187576024989131
63129.2009 lsst_hardware_i -27.737711330561773 31.530000686645508 31.219999313354492 AB 7.487290928039868 1.1951460039171344
63129.2169 lsst_hardware_z 61.70477713151797 42.36000061035156 30.940000534057617 AB 6.593492934945029 1.1348524845000456
63131.2548 lsst_hardware_r 4.58315810549537 22.270000457763672 31.489999771118164 AB 1.6851806134688854 1.0344877921847055
63131.2663 lsst_hardware_i -1.7369151064810104 30.010000228881836 31.25 AB 1.5895219356217836 1.0202323078445337
63133.169 lsst_hardware_z -28.692388463558856 45.63999938964844 30.920000076293945 AB 4.946233107664493 1.3004425154895471
63133.1881 lsst_hardware_i -28.072106681929935 34.61000061035156 31.239999771118164 AB 4.6307541513617 1.2032620894794595
63143.1834 lsst_hardware_g 78.2595647730704 69.73256056740676 31.700000762939453 AB 2.511134592563874 1.1197924604521177
63143.201 lsst_hardware_r -57.2923707913316 68.97510439958995 31.639999389648438 AB 2.3863374092670284 1.073154283885637
63147.2108 lsst_hardware_u 0.5017686880314295 2.698583908276451 28.389999389648438 AB 3.2523158581355744 1.0349453804730773
63147.2315 lsst_hardware_g -16.46459832783608 18.729617485222807 31.530000686645508 AB 3.3127056350174313 1.012285908332614
63149.0967 lsst_hardware_u 3.388052606953033 2.6056711927807203 28.049999237060547 AB 4.763988245518531 1.512217197815737
63149.1151 lsst_hardware_g 28.967313544553036 14.90584379669309 31.309999465942383 AB 4.317262246810744 1.365358079320286
63151.0944 lsst_hardware_u 4.050878913835178 2.844843265111207 28.079999923706055 AB 8.597071457060515 1.4837886532724398
63151.1129 lsst_hardware_g 61.85937815720011 16.050448602724096 31.329999923706055 AB 7.770216897647073 1.3435146360589734
63153.095 lsst_hardware_r 558.5580673686238 33.45161746356486 31.420000076293945 AB 10.321027266553466 1.4332105998732105
63153.1138 lsst_hardware_i 511.9278087501262 39.812297466350515 31.209999084472656 AB 9.401915385005877 1.3039501712827715
63155.0968 lsst_hardware_z 550.4480910974435 50.74332999123411 30.90999984741211 AB 10.699467841080562 1.3787381780525616
63155.1159 lsst_hardware_r 764.808132137509 36.444027584817476 31.450000762939453 AB 9.828917952871402 1.2616813083999732
63157.0947 lsst_hardware_u 4.707830715539048 3.133659148272101 28.190000534057617 AB 11.878981173756005 1.3555580563062264
63157.1148 lsst_hardware_r 999.9013785820707 39.62243156131682 31.459999084472656 AB 10.576693265928672 1.2394320344438978
63161.1023 lsst_hardware_r 1593.8153970447484 47.49857307684969 31.489999771118164 AB 5.437051646089326 1.2473162757717522
63161.1198 lsst_hardware_z 925.9113909962875 54.206041852437735 30.940000534057617 AB 5.098002904247141 1.169713859483036
63163.0997 lsst_hardware_g 462.1797979416112 41.661329878275374 31.59000015258789 AB 3.8228189070730685 1.2331673893784092
63163.1178 lsst_hardware_r 1903.5441051140735 56.62310303084923 31.56999969482422 AB 3.585767632816956 1.1566992363925663
63165.1055 lsst_hardware_z 1281.4298220802284 64.04358339301467 30.959999084472656 AB 2.7127848462827098 1.183115324564511
63165.1238 lsst_hardware_r 2209.576629404488 73.13850845903119 31.6200008392334 AB 2.5618049320316763 1.118366530281531
63166.1041 lsst_hardware_r 2251.638116634047 84.78223671962745 31.610000610351562 AB 4.965805189847109 1.177754412960813
63166.1223 lsst_hardware_z 1511.315800206197 67.67593446528993 30.969999313354492 AB 4.7265271162938856 1.114659330939576
63170.1058 lsst_hardware_z 1627.849559969863 83.64389449347429 30.979999542236328 AB 5.7470234097172765 1.1320837998061404
63170.1246 lsst_hardware_i 2214.2879296817855 95.13966530442632 31.329999923706055 AB 5.421076305118699 1.079358149351524
63172.1123 lsst_hardware_u 5.581520637545393 12.518622184403705 29.290000915527344 AB 6.018559022880736 1.0966096002817374
63181.1432 lsst_hardware_i 1663.5690363482738 49.816046013750636 31.25 AB 2.8069866815291395 1.0092233993992592
63181.1622 lsst_hardware_r 1407.5127221541018 43.682067238695524 31.5 AB 2.9595962102821756 1.0034797277177359
63183.0096 lsst_hardware_z 1319.380268928819 80.01822819011197 30.940000534057617 AB 7.555723456115592 1.4617143831657304
63183.027 lsst_hardware_i 1468.6176712925758 50.095131299065805 31.209999084472656 AB 6.666932224194192 1.3340089823639414
63186.0126 lsst_hardware_y 545.0039898485277 82.14889291231451 29.959999084472656 AB 8.955262051442583 1.3756162905441756
63186.0313 lsst_hardware_r 968.0125845106546 39.716908756738476 31.459999084472656 AB 8.268856557429224 1.2614579034980744
63189.0147 lsst_hardware_y 428.9427727927224 80.36437704267082 29.979999542236328 AB 7.564568441266841 1.3087488652710797
63189.0307 lsst_hardware_z 1105.4456030698382 54.71425734723003 30.93000030517578 AB 6.96354146943243 1.2236776246659613
63191.0539 lsst_hardware_g 99.99308690554257 25.622573281122374 31.579999923706055 AB 4.287088734573023 1.1150742330258159
63197.0227 lsst_hardware_y 437.2731777743193 76.42134055630429 30.030000686645508 AB 5.678001978064581 1.165136608642065
63197.0388 lsst_hardware_z 899.0721719060317 75.85225041523046 30.979999542236328 AB 5.410817802270766 1.1112790721443346
63199.025 lsst_hardware_y 402.60928884578755 69.51314350751541 30.030000686645508 AB 7.052095350060935 1.137434733880796
63199.0414 lsst_hardware_i 762.1157822579956 78.63637683704462 31.329999923706055 AB 6.692985870065874 1.0892349793966745
63201.0267 lsst_hardware_y 148.63238126311978 62.80807409746538 30.030000686645508 AB 8.418292932043782 1.1147596025659388
63201.0432 lsst_hardware_i 603.006605298625 43.759778680771056 31.270000457763672 AB 8.92597678388802 1.0718889741279345
63204.0315 lsst_hardware_y 297.9723426044851 58.860819038919225 30.040000915527344 AB 4.748151368527674 1.079984389520681
63204.0523 lsst_hardware_g 59.7127069505548 14.417979937490339 31.389999389648438 AB 3.5947866233019714 1.0392560344903068
63206.0332 lsst_hardware_y 224.32079328048783 58.33942386354902 30.049999237060547 AB 3.4360403610320205 1.0640091951999093
63206.0541 lsst_hardware_i 470.5421982513467 36.73484806103591 31.25 AB 3.2988344853309393 1.028902994852489
63208.0349 lsst_hardware_z 760.8592650712415 54.425550013818835 30.969999313354492 AB 3.902947114926147 1.0501202999801293
63208.0557 lsst_hardware_u 0.804261056547367 2.760042383000545 28.440000534057617 AB 3.043450675688183 1.020607201773368
