data/validation/pwv_sim_epoch_fit_seasonal/2368331.ecsv
# %ECSV 0.9
# ---
# datatype:
# - {name: time, datatype: float64}
# - {name: band, datatype: string}
# - {name: flux, datatype: float64}
# - {name: fluxerr, datatype: float64}
# - {name: zp, datatype: float64}
# - {name: zpsys, datatype: string}
# - {name: pwv, datatype: float64}
# - {name: airmass, datatype: float64}
# meta: {SNID: '2368331', alt: 1024.0, c: -0.12136609107255936, dec: -45.586655, lat: -30.244573, lon: -70.7499537, ra: 324.873413, t0: 63003.8828125,
#   x0: 5.741478632060628e-06, x1: 0.924860954284668, z: 0.5786856412887573}
# schema: astropy-2.0
time band flux fluxerr zp zpsys pwv airmass
63010.4188 lsst_hardware_u 3.360581741766449 3.120683396342397 28.450000762939453 AB 6.3378966407507065 1.0374687576936914
63010.4303 lsst_hardware_y 407.82349346938497 55.42973093906029 30.049999237060547 AB 6.348709450009414 1.036256116107586
63019.4083 lsst_hardware_i 1122.1339176803021 44.734822021715445 31.25 AB 7.95010037169081 1.0364513880047987
63019.4204 lsst_hardware_y 419.7815606635646 50.01717080539092 30.049999237060547 AB 6.777830051597562 1.0396773695406816
63020.4164 lsst_hardware_r 1130.926709714467 41.009035527029205 31.489999771118164 AB 11.165422267362892 1.0391594838396934
63020.4294 lsst_hardware_y 322.7522297315028 51.49338566792671 30.040000915527344 AB 11.21818940548133 1.046472892302383
63022.409 lsst_hardware_y 540.723856450399 79.21727246434591 30.809999465942383 AB 4.776868488565432 1.038449671427268
63031.3984 lsst_hardware_r 554.8510427424495 33.530008583732325 31.510000228881836 AB 12.96755504741045 1.0457705683395524
63031.4098 lsst_hardware_i 590.9323283158013 39.78180701361181 31.25 AB 13.089825201551246 1.0556310646412295
63036.3569 lsst_hardware_r 417.2106560603743 29.844463051015733 31.5 AB 2.6817485193032073 1.036224311940961
63036.3692 lsst_hardware_i 495.7000069897511 37.48991672421239 31.25 AB 2.64571722227074 1.037943202146272
63040.1956 lsst_hardware_i 429.38790938192903 38.47278409308853 31.200000762939453 AB 4.329321309318627 1.4076423364625315
63040.2068 lsst_hardware_z 506.43886080988966 50.383027598916094 30.920000076293945 AB 4.143541999604888 1.3434520546664142
63044.3372 lsst_hardware_u -1.216987333553082 2.9549921026545554 28.459999084472656 AB 7.460943030105613 1.0362420875146685
63044.3506 lsst_hardware_g 25.569842896802133 15.135346822615473 31.420000076293945 AB 7.481156024890626 1.0390494479014758
63046.3257 lsst_hardware_r 184.08327213732815 26.92666431303152 31.5 AB 2.0108025190645265 1.036496143847694
63046.3381 lsst_hardware_z 500.517619261731 46.341436638562094 30.950000762939453 AB 2.1273930461655777 1.0369939294007202
63048.3343 lsst_hardware_i 348.1306966446939 39.48105148825555 31.270000457763672 AB 8.95261145940252 1.037362522091394
63048.3468 lsst_hardware_r 221.92166901210928 26.511770187346833 31.489999771118164 AB 8.996494748932443 1.0424473937080012
63051.3452 lsst_hardware_z 867.0190205782518 103.66159965302774 31.739999771118164 AB 7.671666551086183 1.046790591995452
63053.3439 lsst_hardware_r 377.8146178848505 104.74212659254219 31.65999984741211 AB 5.9574159909566635 1.050135023965577
63053.3562 lsst_hardware_i 315.5389193801782 83.59761250957281 31.34000015258789 AB 6.0364060647562665 1.0628255120985284
63061.2356 lsst_hardware_r 153.3135403179956 25.537770412677943 31.489999771118164 AB 6.964873744792773 1.0746188998715949
63061.2486 lsst_hardware_i 198.32335792487433 33.30461839400873 31.25 AB 6.968581776788534 1.0580499945778759
63070.235 lsst_hardware_z 193.94913558176086 43.730627408808516 30.950000762939453 AB 5.1335399635973085 1.0478037753974638
63070.2469 lsst_hardware_u -3.942644182714397 2.882799283310744 28.43000030517578 AB 5.092319500873689 1.0403812655012985
63075.0894 lsst_hardware_z 243.98234104524315 51.326238143054894 30.90999984741211 AB 5.616993707660142 1.4781562388579321
63080.225 lsst_hardware_z 514.0898646835587 110.1811935257223 31.75 AB 1.868847019910264 1.0382483443945911
63082.2138 lsst_hardware_z 170.08862919637266 75.39733605319401 31.0 AB 1.6111052359761648 1.0405415948177599
63082.2252 lsst_hardware_r 57.22822925919564 110.09699770309928 31.65999984741211 AB 1.6161565453247477 1.0368285775944084
63084.2151 lsst_hardware_i -22.040492177918843 54.290000915527344 31.31999969482422 AB 2.3280802999902077 1.0379314756978189
63084.226 lsst_hardware_z 56.39296615796536 53.15999984741211 30.969999313354492 AB 2.34653167769822 1.0362250729513005
63086.2129 lsst_hardware_i 90.97430428754399 39.349998474121094 31.290000915527344 AB 3.215006065786949 1.0370987308990158
63086.225 lsst_hardware_z -32.71142536937558 45.15999984741211 30.959999084472656 AB 3.212880737818972 1.0364131412319264
63089.2064 lsst_hardware_g 18.30630371483703 14.15999984741211 31.43000030517578 AB 7.579867625695716 1.0367757660642478
63089.219 lsst_hardware_r 40.83214609810337 22.90999984741211 31.5 AB 6.706374497533748 1.0366941563662573
63096.235 lsst_hardware_g -10.240992289498106 14.149999618530273 31.43000030517578 AB 2.5438178108299803 1.0584540128280084
63096.2462 lsst_hardware_r -46.64106617244923 23.040000915527344 31.5 AB 2.680037142963534 1.0725511327517896
63101.1509 lsst_hardware_r -0.1518508915226815 22.860000610351562 31.5 AB 2.281655345722608 1.047391612741387
63101.1608 lsst_hardware_i -28.748068859064954 30.540000915527344 31.25 AB 2.285986251254309 1.04109586758707
63107.2267 lsst_hardware_i 39.76941681668722 61.25 31.309999465942383 AB 5.800397298997588 1.0892423959808935
63107.2374 lsst_hardware_z -140.31279084221822 58.619998931884766 30.969999313354492 AB 5.8947713543040425 1.1098303379771328
63117.1192 lsst_hardware_u 2.6203717285979216 2.680000066757202 28.440000534057617 AB 2.4452854164693014 1.040104388119652
63117.1319 lsst_hardware_r 17.238014044464627 22.6299991607666 31.5 AB 2.713559190272364 1.03650083662046
63124.1122 lsst_hardware_g -7.464677185476519 13.6899995803833 31.420000076293945 AB 1.043141780885739 1.036576794520443
63124.1237 lsst_hardware_r -44.58546310290013 22.40999984741211 31.5 AB 1.0763132367704866 1.0367441677031497
63126.1123 lsst_hardware_i 39.55370204709694 30.280000686645508 31.260000228881836 AB 1.127765325124538 1.036231539163981
63126.1243 lsst_hardware_z -18.336300754004373 40.97999954223633 30.950000762939453 AB 1.1826947563420147 1.0382104664304446
63141.0368 lsst_hardware_r -20.346629735216496 63.77000045776367 31.639999389648438 AB 5.2404732268678105 1.051476896055897
63141.0466 lsst_hardware_i -37.583438606943766 57.58000183105469 31.31999969482422 AB 5.0939327333517825 1.0439456365102535
63143.0579 lsst_hardware_i -11.39311325378036 30.270000457763672 31.25 AB 2.421697304024469 1.0369814319261625
63143.0683 lsst_hardware_z -0.13610025381314667 40.9900016784668 30.950000762939453 AB 2.4709667650458336 1.0363344464051747
63145.0551 lsst_hardware_r 19.931055155173254 22.450000762939453 31.5 AB 3.9198864290460307 1.0365499592012422
63145.0673 lsst_hardware_u -1.8880279996882265 2.700000047683716 28.459999084472656 AB 3.9179802877431835 1.0369141955123173
63147.06 lsst_hardware_g -11.558003104926627 13.770000457763672 31.40999984741211 AB 4.693785316804209 1.0366133650176024
63147.0721 lsst_hardware_i -25.429708193583064 30.260000228881836 31.25 AB 5.27437895285134 1.0402088458438694
63149.0582 lsst_hardware_z -92.7581881832627 41.06999969482422 30.940000534057617 AB 2.5199473376572072 1.0372999468952067
63149.0708 lsst_hardware_r 7.56324787721145 22.440000534057617 31.489999771118164 AB 2.511844272971914 1.0423311181846244
63151.1332 lsst_hardware_g 14.560076964448777 13.850000381469727 31.3799991607666 AB 6.921402063133475 1.1479547871185944
63151.1452 lsst_hardware_r 21.434106564932584 23.1299991607666 31.469999313354492 AB 7.117880930313983 1.1831911783317328
63155.0811 lsst_hardware_i 0.5392517257694318 30.6200008392334 31.239999771118164 AB 8.846685363262033 1.0671085235730808
63155.0923 lsst_hardware_z -1.6661473619831957 41.68000030517578 30.940000534057617 AB 8.436889037038364 1.0835973589825794
63159.0841 lsst_hardware_g 2.0102089383190265 14.25 31.40999984741211 AB 3.5045130838568133 1.0881891271098123
63159.0951 lsst_hardware_i 11.134830378326322 31.270000457763672 31.239999771118164 AB 3.613728952436786 1.109186296021113
63161.0852 lsst_hardware_z -38.77441157824026 43.209999084472656 30.940000534057617 AB 4.821396740342625 1.1002312570667383
63161.0964 lsst_hardware_r 25.75755336765182 28.649999618530273 31.530000686645508 AB 4.883257342835837 1.1241384306711795
63163.0821 lsst_hardware_y -46.80324666287448 49.880001068115234 30.030000686645508 AB 4.032562234097467 1.1049124762345786
63163.0937 lsst_hardware_g -15.041649650574259 44.15999984741211 31.670000076293945 AB 3.5052230924227423 1.1307171265879814
63166.0795 lsst_hardware_z -150.67797280612288 57.15999984741211 30.969999313354492 AB 3.2642830809449777 1.1167578107919869
63166.0907 lsst_hardware_r -36.92105153721031 71.69999694824219 31.6200008392334 AB 4.8369997410990795 1.1438593113114643
