data/validation/pwv_sim_epoch_fit_seasonal/23756591.ecsv
# %ECSV 0.9
# ---
# datatype:
# - {name: time, datatype: float64}
# - {name: band, datatype: string}
# - {name: flux, datatype: float64}
# - {name: fluxerr, datatype: float64}
# - {name: zp, datatype: float64}
# - {name: zpsys, datatype: string}
# - {name: pwv, datatype: float64}
# - {name: airmass, datatype: float64}
# meta: {SNID: '23756591', alt: 1024.0, c: -0.08271307498216629, dec: -52.60899, lat: -30.244573, lon: -70.7499537, ra: 24.402985, t0: 62101.57421875,
#   x0: 2.823380956679876e-06, x1: -0.47445952892303467, z: 0.7743221521377563}
# schema: astropy-2.0
time band flux fluxerr zp zpsys pwv airmass
[from data line 131]
62420.3 lsst_hardware_u -1.8571603486742834 2.630000114440918 28.360000610351562 AB 5.342442598715432 1.1872094663812072
62420.3124 lsst_hardware_r -21.17087612853398 22.600000381469727 31.459999084472656 AB 5.510078843419749 1.22136332122274
62423.2215 lsst_hardware_z 58.41979179987182 41.439998626708984 30.940000534057617 AB 6.836698937582982 1.0851903075528544
62423.2335 lsst_hardware_r -10.387133447407109 21.81999969482422 31.469999313354492 AB 6.885755920842943 1.0929771302925306
62425.297 lsst_hardware_g -8.98507476585028 13.079999923706055 31.329999923706055 AB 8.57013446178191 1.216196943488445
62425.308 lsst_hardware_r 7.537353245954168 22.670000076293945 31.450000762939453 AB 8.771445582902155 1.2507705753122356
62427.293 lsst_hardware_i 74.77838874084566 46.630001068115234 31.270000457763672 AB 7.532566049100452 1.2205075963976706
62427.3041 lsst_hardware_z -54.22351193915077 50.810001373291016 30.940000534057617 AB 7.746702310494876 1.2560862031935027
62433.2393 lsst_hardware_r -213.9388053789607 75.38999938964844 31.6299991607666 AB 1.7891160046717711 1.1341464371928818
62433.2505 lsst_hardware_z 34.68258932806956 57.29999923706055 30.959999084472656 AB 3.4499958394839196 1.1551969996597755
62437.2369 lsst_hardware_z -15.3155544145507 46.220001220703125 30.950000762939453 AB 3.0937585408105317 1.1498111524319723
62437.2476 lsst_hardware_r -34.10247245311504 41.66999816894531 31.579999923706055 AB 3.1225844376581446 1.172728256506564
62440.2753 lsst_hardware_i 41.412252012714355 33.630001068115234 31.219999313354492 AB 4.864459971395499 1.2801210451040788
62440.2854 lsst_hardware_z 33.33409547588975 45.630001068115234 30.920000076293945 AB 5.017447634656054 1.3203809564884352
62442.2319 lsst_hardware_i -0.5157093924509035 30.899999618530273 31.219999313354492 AB 5.19316575826077 1.1680534768917612
62442.243 lsst_hardware_z -35.661789689256665 43.029998779296875 30.93000030517578 AB 5.301946332486765 1.195141466889099
62451.1794 lsst_hardware_i -40.6081281717055 30.329999923706055 31.229999542236328 AB 0.7989915506826049 1.1174707002553914
62451.191 lsst_hardware_z 2.8406320783432433 41.95000076293945 30.93000030517578 AB 0.8329754188584778 1.1356174762896767
62454.1762 lsst_hardware_i 29.021234141316285 38.75 31.270000457763672 AB 4.544396698607976 1.124804265156052
62456.1188 lsst_hardware_z -116.71472266091001 69.8499984741211 31.709999084472656 AB 6.259445591945661 1.0808920034442517
62458.2062 lsst_hardware_r 128.582592196724 67.63999938964844 31.600000381469727 AB 6.720057274055244 1.2141938912694863
62458.2187 lsst_hardware_y 15.870275775091091 52.689998626708984 29.979999542236328 AB 5.717600620781577 1.2535161678886197
62461.0807 lsst_hardware_r 21.284543056117364 79.97000122070312 31.639999389648438 AB 4.1963870850709 1.083591087554889
62461.0922 lsst_hardware_z 38.02599794142961 58.060001373291016 30.969999313354492 AB 3.6510222209712317 1.080503764714777
62463.0813 lsst_hardware_r -104.27683370654259 57.16999816894531 31.6299991607666 AB 7.364346259984128 1.0815606197656067
62463.0945 lsst_hardware_i 0.8622225692319113 52.88999938964844 31.309999465942383 AB 7.3813380437515095 1.080248506329798
62466.0808 lsst_hardware_u -1.3047336582406426 2.509999990463257 28.309999465942383 AB 4.736309349721173 1.0802803960436536
62466.093 lsst_hardware_g 14.589707939639288 12.890000343322754 31.360000610351562 AB 3.822523138867199 1.0812086662676814
62468.1561 lsst_hardware_i 16.773301354312053 31.020000457763672 31.229999542236328 AB 4.963856747009615 1.1576383434868405
62468.1668 lsst_hardware_r -39.09430531940122 22.440000534057617 31.459999084472656 AB 3.9041672276229185 1.1819169689314821
62473.1586 lsst_hardware_u 2.3570682330524115 2.559999942779541 28.309999465942383 AB 7.740199528458882 1.195812201518083
62473.1701 lsst_hardware_g -5.200560058699743 13.0600004196167 31.329999923706055 AB 7.844155689120734 1.2287316038326963
62479.0758 lsst_hardware_z 10.473712591674788 41.790000915527344 30.950000762939453 AB 5.875299826878774 1.0894643805443225
62479.089 lsst_hardware_i 47.84683997506873 30.75 31.25 AB 6.825732290271299 1.1006582746547287
62481.0773 lsst_hardware_z -13.453828976284859 42.459999084472656 30.940000534057617 AB 11.018153440590202 1.0948085692160376
62481.0897 lsst_hardware_g 10.84594918042835 18.329999923706055 31.5 AB 11.835815086439574 1.1074446864504328
62483.0768 lsst_hardware_r 6.532915221720826 34.81999969482422 31.579999923706055 AB 12.516433391437712 1.0993793053523362
62483.0881 lsst_hardware_i -2.1787321140755918 36.869998931884766 31.270000457763672 AB 13.18258721222003 1.1122199715013736
62487.076 lsst_hardware_z -24.453203221533045 50.90999984741211 30.959999084472656 AB 12.120025967991998 1.1107231569389804
62487.0882 lsst_hardware_r -11.414262099509555 58.25 31.6200008392334 AB 10.867716091774037 1.128136618523196
