data/validation/pwv_sim_epoch_fit_seasonal/23817700.ecsv
# %ECSV 0.9
# ---
# datatype:
# - {name: time, datatype: float64}
# - {name: band, datatype: string}
# - {name: flux, datatype: float64}
# - {name: fluxerr, datatype: float64}
# - {name: zp, datatype: float64}
# - {name: zpsys, datatype: string}
# - {name: pwv, datatype: float64}
# - {name: airmass, datatype: float64}
# meta: {SNID: '23817700', alt: 1024.0, c: -0.02770365960896015, dec: -32.266235, lat: -30.244573, lon: -70.7499537, ra: 208.125, t0: 60452.375,
#   x0: 3.7026563859481344e-05, x1: -1.2834502458572388, z: 0.2628583610057831}
# schema: astropy-2.0
time band flux fluxerr zp zpsys pwv airmass
[from data line 132]
60771.1704 lsst_hardware_r -52.100930984650205 31.290000915527344 31.56999969482422 AB 14.669493271309634 1.0634691366760645
60773.1523 lsst_hardware_i 56.4340052238678 45.529998779296875 31.299999237060547 AB 8.218839591833737 1.0924949610306707
60773.1719 lsst_hardware_z -12.061424103277705 48.040000915527344 30.969999313354492 AB 8.772009804517957 1.0501208864146943
60775.1695 lsst_hardware_z -53.86202868587634 58.560001373291016 30.979999542236328 AB 5.166231985980588 1.0448089495713742
60775.189 lsst_hardware_r 45.84284307732432 77.20999908447266 31.65999984741211 AB 5.024825298790523 1.0184424481553604
60778.164 lsst_hardware_i -147.87188388132728 115.36000061035156 31.34000015258789 AB 8.827456566585234 1.0404113224870875
60778.1819 lsst_hardware_z 129.40203477778468 97.91000366210938 31.010000228881836 AB 9.929160362150792 1.0173320043187288
60780.0763 lsst_hardware_z -8.458353875345125 132.6199951171875 31.719999313354492 AB 14.434615575689746 1.3242766583201602
60782.0879 lsst_hardware_z -41.63673304355477 63.70000076293945 30.959999084472656 AB 17.555237642895687 1.2334179472279694
60782.1079 lsst_hardware_r -26.444486276489503 76.37000274658203 31.6299991607666 AB 16.397219090242967 1.1521103888031687
60790.0793 lsst_hardware_r 17.613960462839284 24.229999542236328 31.489999771118164 AB 16.072025900591164 1.1769420134808535
60790.098 lsst_hardware_i 32.8031688368748 31.829999923706055 31.25 AB 14.880221834061949 1.1139975170550271
60800.0579 lsst_hardware_y -17.489609354227138 49.220001220703125 30.0 AB 10.414665872033387 1.1551101767602698
60800.0765 lsst_hardware_g -39.84286004866814 30.950000762939453 31.6299991607666 AB 9.899717464982425 1.0979049525409563
60802.055 lsst_hardware_r 36.68593841922752 53.91999816894531 31.610000610351562 AB 7.1088877054964446 1.146225041195815
60802.0751 lsst_hardware_i 50.21519947571266 47.869998931884766 31.299999237060547 AB 6.860074487660924 1.0875197348859522
60804.06 lsst_hardware_z -102.81553922120301 65.43000030517578 30.979999542236328 AB 9.909507128427087 1.1133443706569335
60804.0817 lsst_hardware_r 82.67049734948372 86.76000213623047 31.65999984741211 AB 9.466724257084438 1.0606379762572897
60808.0482 lsst_hardware_i 7.465818590853882 110.94000244140625 31.329999923706055 AB 8.179574143683007 1.1159037030945045
60808.0676 lsst_hardware_z -69.03924345925552 91.2699966430664 31.0 AB 7.799224629074131 1.067168706372743
60810.0527 lsst_hardware_r -79.36759198759661 86.0199966430664 31.639999389648438 AB 7.077864124843997 1.0889021730529227
60810.0716 lsst_hardware_z -48.52566071641326 63.13999938964844 30.979999542236328 AB 6.817437378069416 1.048836519702987
60814.0511 lsst_hardware_i 9.497130804046414 31.1299991607666 31.25 AB 8.650528051658153 1.0674173431352099
60814.0693 lsst_hardware_z 101.52249588366018 41.22999954223633 30.950000762939453 AB 8.415523503338761 1.0349287958357944
60817.9692 lsst_hardware_y -6.3141002888994295 50.54999923706055 29.950000762939453 AB 2.4840420987575675 1.344906388066045
60817.9888 lsst_hardware_i -18.948004031551026 32.36000061035156 31.219999313354492 AB 2.3977289596203653 1.2372182454183434
60823.9661 lsst_hardware_y -18.87018013337352 50.41999816894531 29.969999313354492 AB 11.169275247502153 1.2686231362696596
60823.9865 lsst_hardware_z -84.33364232232854 43.45000076293945 30.93000030517578 AB 10.41799472294758 1.176808869893221
60825.967 lsst_hardware_y 24.02635487957242 50.20000076293945 29.979999542236328 AB 11.228341441400882 1.2370101841358319
60825.9882 lsst_hardware_u -1.2562693991368785 2.8499999046325684 28.399999618530273 AB 10.454985491162038 1.1505853438549631
60829.9657 lsst_hardware_y 120.49591307380587 51.099998474121094 29.989999771118164 AB 12.899847600720873 1.1944303334000808
60829.987 lsst_hardware_z -44.3224494325673 47.70000076293945 30.950000762939453 AB 12.087871813858513 1.1192473901720845
60841.9827 lsst_hardware_z -28.059286367702445 41.43000030517578 30.950000762939453 AB 9.594236767592996 1.05156725771671
60841.9985 lsst_hardware_i -34.870130066372624 30.75 31.260000228881836 AB 9.385858637127876 1.0271801518060604
60848.9594 lsst_hardware_z -39.756605401673276 46.16999816894531 30.959999084472656 AB 9.716345999703005 1.05950268970326
60848.9752 lsst_hardware_i -16.17837409265938 30.6200008392334 31.260000228881836 AB 9.342067759441997 1.0328147656995987
60850.962 lsst_hardware_y -75.61926981937742 48.97999954223633 30.049999237060547 AB 5.271299809894448 1.0447872244769438
60850.9837 lsst_hardware_r 20.25556368450978 23.0 31.5 AB 5.121287588900167 1.016229306260575
