data/validation/pwv_sim_epoch_fit_seasonal/24226490.ecsv
# %ECSV 0.9
# ---
# datatype:
# - {name: time, datatype: float64}
# - {name: band, datatype: string}
# - {name: flux, datatype: float64}
# - {name: fluxerr, datatype: float64}
# - {name: zp, datatype: float64}
# - {name: zpsys, datatype: string}
# - {name: pwv, datatype: float64}
# - {name: airmass, datatype: float64}
# meta: {SNID: '24226490', alt: 1024.0, c: 0.11789070069789886, dec: -41.41119, lat: -30.244573, lon: -70.7499537, ra: 79.628906, t0: 62150.9296875,
#   x0: 3.568001936161078e-06, x1: 1.202107310295105, z: 0.7042830586433411}
# schema: astropy-2.0
time band flux fluxerr zp zpsys pwv airmass
[from data line 132]
62493.2021 lsst_hardware_z -110.54262167976752 78.0199966430664 31.729999542236328 AB 6.017451051491388 1.040046848116733
62495.1967 lsst_hardware_r 55.415443362344064 50.45000076293945 31.6299991607666 AB 7.0455534114126515 1.0401131921480056
62495.2105 lsst_hardware_i -31.38285475757393 45.2599983215332 31.309999465942383 AB 7.057446900930298 1.0578897359460817
62497.1378 lsst_hardware_r -9.780540457150238 21.31999969482422 31.479999542236328 AB 4.926779070413713 1.021888321579199
62497.1519 lsst_hardware_i 46.876498343621684 32.869998931884766 31.270000457763672 AB 4.976741184755615 1.0191974574555835
62499.1325 lsst_hardware_z -10.081440872784826 40.16999816894531 30.940000534057617 AB 7.350350136405407 1.0218281005197507
62499.145 lsst_hardware_r -27.59839410069613 21.260000228881836 31.479999542236328 AB 7.3316519049786315 1.0192287170961953
62501.1841 lsst_hardware_r -40.245340052735 21.540000915527344 31.489999771118164 AB 6.871745384846459 1.0444175674209986
62501.1962 lsst_hardware_i 26.425690755927665 29.8700008392334 31.25 AB 6.940281363255686 1.0610834175370845
62503.1731 lsst_hardware_z 18.614220499266487 40.4900016784668 30.940000534057617 AB 4.973269751940828 1.0382609085471457
62503.1862 lsst_hardware_i 42.75822951097264 29.65999984741211 31.239999771118164 AB 5.010751970473008 1.054303262127859
62505.177 lsst_hardware_u -1.953514490849538 2.5399999618530273 28.3700008392334 AB 2.6285926012469423 1.0491987498324649
62505.1888 lsst_hardware_g -12.358198548297638 12.649999618530273 31.360000610351562 AB 2.7295797812948392 1.0667977258838583
62507.1745 lsst_hardware_r -16.94640601630701 21.360000610351562 31.469999313354492 AB 7.199721794713797 1.0532068160786698
62507.1884 lsst_hardware_i 9.809875537376154 29.799999237060547 31.239999771118164 AB 7.346615988782642 1.0757179864972022
62509.1137 lsst_hardware_r 16.95748044739578 21.3799991607666 31.489999771118164 AB 5.97557514245251 1.0196067243406626
62509.126 lsst_hardware_i 19.304785801416216 29.549999237060547 31.260000228881836 AB 7.389765735378533 1.0198172461823767
62510.1047 lsst_hardware_z -29.268298574475747 40.40999984741211 30.950000762939453 AB 6.7282612681829495 1.021057935834731
62510.1183 lsst_hardware_r -53.85860920064801 21.420000076293945 31.489999771118164 AB 6.715043720960096 1.019245432544317
62512.1041 lsst_hardware_z -36.883383850929064 41.52000045776367 30.959999084472656 AB 5.865109345920919 1.0198416529161745
62512.1178 lsst_hardware_r -8.979512132329445 25.920000076293945 31.549999237060547 AB 5.752275299225146 1.0198165586783345
62514.1034 lsst_hardware_i -10.163110683666204 37.5099983215332 31.290000915527344 AB 3.3241613030561217 1.0192645042077233
62514.1152 lsst_hardware_z -3.4512968331894167 43.86000061035156 30.959999084472656 AB 3.1103193188269245 1.0204459707437417
62517.1025 lsst_hardware_r 17.217636115011842 60.029998779296875 31.649999618530273 AB 3.7754140870725665 1.019555519058214
62517.1145 lsst_hardware_z 20.928691552080814 50.709999084472656 30.969999313354492 AB 3.8582525456883316 1.0231377739825807
62519.0912 lsst_hardware_y -67.20047243621143 51.869998931884766 30.059999465942383 AB 4.034288889741415 1.0192102292026564
62519.1039 lsst_hardware_r 8.83989462555817 80.45999908447266 31.65999984741211 AB 4.067157785389353 1.0211292456413137
62523.0953 lsst_hardware_r -36.99949020693009 57.36000061035156 31.649999618530273 AB 11.476066833837576 1.02194947872844
62523.1088 lsst_hardware_g -43.574741835852656 64.4800033569336 31.729999542236328 AB 11.480313214812787 1.0296245035706566
62525.0922 lsst_hardware_r -61.71865363856375 37.380001068115234 32.290000915527344 AB 13.294543859430574 1.0229326248936694
62525.1058 lsst_hardware_i 85.24253255168453 51.959999084472656 32.029998779296875 AB 13.406340606966722 1.0315677626182285
62527.0788 lsst_hardware_i -2.02828339022863 29.280000686645508 31.239999771118164 AB 12.160425576487551 1.020226990588474
62527.0941 lsst_hardware_z 20.472987089566338 40.25 30.940000534057617 AB 14.054119278834223 1.0269725450372085
62531.0777 lsst_hardware_g 11.184687269043579 17.850000381469727 32.130001068115234 AB 11.366268309986301 1.023826721911978
62531.0908 lsst_hardware_r 32.74957660109321 30.09000015258789 32.220001220703125 AB 13.166960424247675 1.032736527932103
62533.0734 lsst_hardware_i 25.127587491223792 29.489999771118164 31.25 AB 8.320640446102267 1.0244255527842985
62533.0848 lsst_hardware_z -5.503536944995802 40.5 30.940000534057617 AB 7.8869331856159395 1.0322760593712237
62537.0641 lsst_hardware_r 2.52326436624222 21.350000381469727 31.479999542236328 AB 6.086153089090061 1.0253241200207879
62537.077 lsst_hardware_i -30.084017883917845 29.600000381469727 31.25 AB 6.229351703803035 1.0350625927116646
62539.0624 lsst_hardware_z -24.31192709106444 40.380001068115234 30.940000534057617 AB 6.392283332668843 1.027684516445735
62539.0756 lsst_hardware_i -9.712473128130549 29.489999771118164 31.229999542236328 AB 6.366333321610203 1.0391044716383253
62541.0635 lsst_hardware_z 25.51663475919107 41.060001373291016 30.950000762939453 AB 6.214191909482516 1.0327438566571903
62541.0769 lsst_hardware_g 2.298526774880511 16.75 31.489999771118164 AB 6.344581615154498 1.0469030771389634
62543.0588 lsst_hardware_r -5.4154556587753815 33.529998779296875 31.579999923706055 AB 1.0437438259490461 1.033409728662422
62543.071 lsst_hardware_i 27.65282410592249 35.529998779296875 31.270000457763672 AB 1.0583894339488757 1.0463563360839243
