data/validation/pwv_sim_epoch_fit_seasonal/24272904.ecsv
# %ECSV 0.9
# ---
# datatype:
# - {name: time, datatype: float64}
# - {name: band, datatype: string}
# - {name: flux, datatype: float64}
# - {name: fluxerr, datatype: float64}
# - {name: zp, datatype: float64}
# - {name: zpsys, datatype: string}
# - {name: pwv, datatype: float64}
# - {name: airmass, datatype: float64}
# meta: {SNID: '24272904', alt: 1024.0, c: 0.007748398929834366, dec: -37.544327, lat: -30.244573, lon: -70.7499537, ra: 217.089844, t0: 61543.33984375,
#   x0: 7.769487058675509e-05, x1: 1.073701024055481, z: 0.18915268778800964}
# schema: astropy-2.0
time band flux fluxerr zp zpsys pwv airmass
61437.3149 lsst_hardware_r -13.66820226727159 27.56999969482422 31.5 AB 12.24109301069933 1.2454057392104316
61437.3343 lsst_hardware_i -6.467836358904317 33.900001525878906 31.239999771118164 AB 13.726485981102009 1.1671851121937027
61441.315 lsst_hardware_u 1.7117288078825523 2.7300000190734863 28.3700008392334 AB 7.794089792336596 1.1983532891046522
61441.3339 lsst_hardware_g 13.903194590908818 15.130000114440918 31.440000534057617 AB 7.772817706918034 1.1330638056731934
61449.3035 lsst_hardware_g -15.730271645012115 15.029999732971191 31.420000076293945 AB 6.614407920508944 1.1604224421945515
61449.3228 lsst_hardware_r -9.57522490252971 24.06999969482422 31.5 AB 6.289319130717116 1.1033893211784414
61459.313 lsst_hardware_z -28.569780472909258 88.66000366210938 31.739999771118164 AB 11.777188188474218 1.0648933666507725
61459.3714 lsst_hardware_i -118.4805301286247 64.7300033569336 31.34000015258789 AB 9.941694690392026 1.0086946723206143
61459.3834 lsst_hardware_z 30.41788584775803 60.83000183105469 30.989999771118164 AB 9.790008162542822 1.009279192014724
61461.3791 lsst_hardware_r 69.20034065953794 77.47000122070312 31.670000076293945 AB 8.177330247766593 1.0095469441687153
61461.3895 lsst_hardware_y -36.513939448073124 58.68000030517578 30.06999969482422 AB 8.21032843281816 1.0136207941750817
61463.3764 lsst_hardware_r 58.96897634620477 54.029998779296875 31.639999389648438 AB 5.132496409428236 1.010333938863826
61463.3874 lsst_hardware_y -85.30460454263928 51.790000915527344 30.059999465942383 AB 5.112719993294881 1.0155872261597818
61465.3684 lsst_hardware_i 10.283458955604372 34.41999816894531 31.280000686645508 AB 4.230654696619819 1.009602393545547
61465.3804 lsst_hardware_z 9.027925693128928 42.95000076293945 30.959999084472656 AB 4.245450308324213 1.0146465584523117
61469.2297 lsst_hardware_g -0.12277260080333288 14.420000076293945 31.360000610351562 AB 13.455035882817974 1.2355972159252466
61469.2505 lsst_hardware_r 33.4726629699007 23.6299991607666 31.469999313354492 AB 11.981255396368818 1.1550424560270718
61471.3511 lsst_hardware_i -6.1393014962107095 30.299999237060547 31.25 AB 8.68068925470786 1.009382471477658
61471.3627 lsst_hardware_z 22.831226644636416 40.83000183105469 30.950000762939453 AB 8.719494166345564 1.0138946705052982
61475.363 lsst_hardware_r -11.00785809758087 22.790000915527344 31.5 AB 6.778929857582955 1.0218850360027265
61475.3739 lsst_hardware_i -22.747047664945 30.510000228881836 31.25 AB 6.96020808807047 1.033182793874904
61478.2248 lsst_hardware_z -7.072714770925526 42.58000183105469 30.940000534057617 AB 12.923043477864583 1.1588268127391423
61478.2452 lsst_hardware_i 32.90473949253659 31.030000686645508 31.25 AB 12.362915737158508 1.0994552106265956
61480.2189 lsst_hardware_u 2.2456830487063395 2.630000114440918 28.329999923706055 AB 9.621354348528236 1.160317697603487
61480.2406 lsst_hardware_g 1.2557562321818108 14.220000267028809 31.40999984741211 AB 9.111964234562754 1.0973422465452314
61486.1737 lsst_hardware_i 28.163079764570984 85.87999725341797 31.299999237060547 AB 6.14524920441337 1.2814838900505767
61486.1919 lsst_hardware_z 83.541943414299 73.25 30.979999542236328 AB 5.666855118635009 1.1993344166423299
61488.313 lsst_hardware_r -114.14586293289264 113.72000122070312 31.670000076293945 AB 6.0870751800716905 1.0122350012591155
61488.3256 lsst_hardware_z 21.550388731134106 78.47000122070312 31.0 AB 6.17212921709376 1.0202709673681725
61491.1636 lsst_hardware_r 6.0741395019960205 80.30000305175781 31.59000015258789 AB 8.720011576059463 1.2637697936318062
61491.1836 lsst_hardware_i 13.089698931411531 68.01000213623047 31.309999465942383 AB 8.00849242617038 1.1789330820212542
61491.2964 lsst_hardware_r -37.46948217904233 72.13999938964844 31.65999984741211 AB 7.049389431630462 1.0093627479425171
61491.3091 lsst_hardware_i 127.45464716377775 61.88999938964844 31.329999923706055 AB 7.02059842063358 1.0144640445969946
61498.2809 lsst_hardware_r -13.895720115725894 22.799999237060547 31.5 AB 5.995703848901121 1.0103557903528029
61498.2936 lsst_hardware_i -2.726634013537142 30.389999389648438 31.25 AB 5.892208376755118 1.0167452837287023
61500.2827 lsst_hardware_z 1.5660763580658748 40.7400016784668 30.950000762939453 AB 7.029977710318976 1.0134518563650614
61500.2943 lsst_hardware_u 3.381327105034663 2.6600000858306885 28.40999984741211 AB 7.042733512562969 1.0215002556476627
61504.155 lsst_hardware_i -33.64980988812596 31.809999465942383 31.229999542236328 AB 7.855382758843998 1.1548636811002644
61504.1736 lsst_hardware_z 6.47213316280579 42.25 30.940000534057617 AB 8.798834279529006 1.100989680549192
61504.2351 lsst_hardware_u -1.4469955202949631 2.7300000190734863 28.469999313354492 AB 7.444623482915589 1.0127820809335555
61504.2473 lsst_hardware_r -42.97993434743202 22.790000915527344 31.5 AB 7.403741786365108 1.0088674309182106
61510.1644 lsst_hardware_r 14.857352907874294 36.11000061035156 31.59000015258789 AB 11.478774256156846 1.0840622920251382
61510.182 lsst_hardware_z 73.3457941016555 43.90999984741211 30.959999084472656 AB 10.400875058696336 1.0505934402723571
61510.2717 lsst_hardware_g 51.13733084854661 20.34000015258789 32.20000076293945 AB 9.642553821470834 1.0258763552171255
61510.283 lsst_hardware_r 75.63454983147255 32.720001220703125 32.2599983215332 AB 9.690437037802962 1.0391146696718334
61512.2167 lsst_hardware_y -32.90159223957705 49.08000183105469 30.059999465942383 AB 13.35265757408975 1.0112585257565383
61512.2287 lsst_hardware_r 3.850495460557889 54.36000061035156 31.649999618530273 AB 13.357548753087723 1.0085228333231784
61514.1604 lsst_hardware_z 84.15291450342293 68.55000305175781 30.989999771118164 AB 10.164344371924557 1.0695932202382992
61514.1808 lsst_hardware_r 148.35189574883796 97.55999755859375 31.65999984741211 AB 9.408608612395508 1.0365899424222451
61514.2197 lsst_hardware_i 53.69780462197784 76.04000091552734 31.350000381469727 AB 9.077376581544062 1.008915019344319
61514.2309 lsst_hardware_z -44.150797066763026 67.37000274658203 31.0 AB 9.057622739225335 1.0088592857672296
61517.2216 lsst_hardware_r 207.21513332320856 131.7100067138672 31.670000076293945 AB 8.459382370191431 1.0087104857337055
61517.2335 lsst_hardware_z 33.660187874768006 87.45999908447266 31.010000228881836 AB 8.478285712111562 1.0120909289855033
61519.1595 lsst_hardware_r -117.70256949033124 87.2300033569336 31.65999984741211 AB 9.9952401089069 1.04735313750328
61519.1784 lsst_hardware_z 46.42085842537312 64.4000015258789 30.989999771118164 AB 8.113193905341918 1.0240591438409505
61519.211 lsst_hardware_r 162.65797439552415 88.6500015258789 31.670000076293945 AB 8.14334413643096 1.008463670146249
61519.2229 lsst_hardware_i -184.08471876398258 72.43000030517578 31.34000015258789 AB 8.147517698514475 1.0101480801563592
61525.199 lsst_hardware_g 1559.9803399810569 41.16786611212112 31.440000534057617 AB 11.071638495136721 1.0086291835263443
61525.2112 lsst_hardware_r 2200.8378585767177 52.02794978305791 31.5 AB 9.959769046814314 1.0118888569570814
61527.0623 lsst_hardware_i 3061.257710086328 64.39625461059853 31.219999313354492 AB 10.741396560864327 1.2787376858171817
61527.0825 lsst_hardware_z 1898.2125992534163 60.81029750180189 30.940000534057617 AB 9.991473920304466 1.1894611809886269
61527.2039 lsst_hardware_i 3356.734559111919 65.40449880755904 31.260000228881836 AB 7.921211568245796 1.011132444248889
61527.2153 lsst_hardware_z 1994.9171377405407 60.080061966593384 30.950000762939453 AB 8.219324045343713 1.017358493064648
61529.1977 lsst_hardware_r 7509.412607367895 89.80488099677706 31.510000228881836 AB 9.33785840835855 1.0108551199384994
61529.2095 lsst_hardware_g 6817.970041283918 83.96624811198976 31.450000762939453 AB 9.710105490793383 1.0171199885607705
61531.1982 lsst_hardware_r 10606.570869110365 105.3530928863604 31.520000457763672 AB 3.316264553351556 1.013528286476669
61531.2099 lsst_hardware_i 7690.7827206841675 92.62174705782338 31.270000457763672 AB 2.4137879205109956 1.0217091727032013
61534.2001 lsst_hardware_z 6503.273002364648 89.40915284773793 30.950000762939453 AB 7.828127235966441 1.0203502653762582
61534.2124 lsst_hardware_i 10805.92544208238 107.28955196560719 31.260000228881836 AB 8.639222024996126 1.0326894809187612
61536.1878 lsst_hardware_u 446.04078588861387 21.09859669756895 28.579999923706055 AB 7.893537229489621 1.0154091949817745
61536.201 lsst_hardware_g 17586.026712266917 132.68177904959612 31.469999313354492 AB 7.991965410292502 1.0261677429809046
61540.1892 lsst_hardware_r 23233.369200461962 158.9997466778635 31.639999389648438 AB 6.690211735624498 1.025293617372412
61540.202 lsst_hardware_i 14803.631123385378 128.80504343470585 31.309999465942383 AB 6.786925599109293 1.0403544426614828
61542.1346 lsst_hardware_r 24517.571294254805 176.39642940623395 31.65999984741211 AB 8.08690534538472 1.0113372325008247
61542.1474 lsst_hardware_i 15524.777791382106 141.18194866012496 31.34000015258789 AB 8.112067736805908 1.0084932695329802
61545.0534 lsst_hardware_i 16066.054818776693 176.41264698093485 31.329999923706055 AB 8.114849465773258 1.1230330249022271
61545.0743 lsst_hardware_z 6948.160329782791 130.9991900027892 31.0 AB 7.680008885625431 1.072502113668162
61546.0685 lsst_hardware_z 26779.69363388245 238.04677472986305 32.5 AB 7.604564713124038 1.078865702230782
61550.0716 lsst_hardware_r 21209.720744827384 149.38589815660296 31.59000015258789 AB 5.142947880592224 1.052516791171045
61550.0895 lsst_hardware_y 2298.3589139711075 65.23422903792687 30.049999237060547 AB 5.910297968401641 1.0283548257281407
61552.0467 lsst_hardware_u 160.93674823980393 12.687921381533142 28.399999618530273 AB 6.300437687589426 1.090953396021362
61552.0671 lsst_hardware_g 13595.564021882568 118.29817613208532 31.440000534057617 AB 6.081635810593939 1.0509587956268958
61558.0272 lsst_hardware_r 14060.228145284545 120.17916232151086 31.489999771118164 AB 11.662483477602082 1.0984208596752985
61558.0397 lsst_hardware_u 87.97855816330278 9.435076869404533 28.420000076293945 AB 11.368268396823945 1.0707104682669493
61563.1014 lsst_hardware_g 5706.858451629417 77.59288141202448 31.450000762939453 AB 4.355432145302085 1.009760157334235
61563.1152 lsst_hardware_r 10938.17658831113 107.7018036593597 31.510000228881836 AB 4.241324513760949 1.0161294953906395
61571.9778 lsst_hardware_z 8600.101916900556 146.48595494197733 31.739999771118164 AB 10.355511198695476 1.1284508348484459
61573.9661 lsst_hardware_y 1712.4982044889884 73.32594121088499 30.030000686645508 AB 7.903771900213671 1.1475947439418737
61574.0495 lsst_hardware_z 8817.865281404893 146.47997270616565 31.75 AB 5.57662071549353 1.0105014584730967
61574.1218 lsst_hardware_r 8439.73942651767 151.8953107470258 31.65999984741211 AB 5.471642509742995 1.0603273386233658
61578.0779 lsst_hardware_i 7140.5305891278995 98.5087604810783 31.309999465942383 AB 3.023909972952309 1.0187231801074241
61578.0907 lsst_hardware_z 4391.3773348172845 83.02410350595777 30.969999313354492 AB 2.665501183186072 1.0308757959982435
61581.9628 lsst_hardware_y 1652.1201577791314 62.81351403839496 30.030000686645508 AB 6.6328808655712255 1.095664813639682
61581.9826 lsst_hardware_i 5865.865299670543 81.97620776526755 31.260000228881836 AB 6.512124235979706 1.0552216002993358
61582.0277 lsst_hardware_r 5313.114621813342 76.32861874102781 31.520000457763672 AB 4.124302388284711 1.0104869259548734
61582.0421 lsst_hardware_u 18.057734585226065 4.773038719604797 28.549999237060547 AB 3.925960359219261 1.0085313362582393
61586.9619 lsst_hardware_y 1327.7285061838518 60.418116010542995 30.040000915527344 AB 8.253474334359392 1.0679961612783893
61586.9811 lsst_hardware_r 4194.73280435682 68.31542602021536 31.5 AB 8.000587213574196 1.0370843494165787
61591.0248 lsst_hardware_g 1121.7820069149013 36.091237717452124 31.440000534057617 AB 3.794201566373209 1.009722762274428
61591.0376 lsst_hardware_i 4040.950690627525 68.99788322320825 31.260000228881836 AB 3.8219576790164735 1.0153978955941747
61598.0155 lsst_hardware_r 3231.6094661802726 83.13649531997295 31.649999618530273 AB 9.896890190461434 1.0136621283823546
61598.0281 lsst_hardware_i 3105.101995532883 77.59398128445591 31.31999969482422 AB 9.874912678461847 1.022724113558267
61600.0015 lsst_hardware_i 2916.3915159376165 90.44013483384497 31.34000015258789 AB 7.055007049922288 1.0100827369691279
61600.0133 lsst_hardware_z 1946.5534037292346 76.61099136723419 30.989999771118164 AB 7.025634480511241 1.0155708458246688
61606.958 lsst_hardware_y -171.03575060532881 77.91999816894531 30.079999923706055 AB 6.747732930913438 1.0109972927503528
61606.9656 lsst_hardware_g -10.755552486746831 19.329999923706055 31.559999465942383 AB 5.545513305727215 1.0089477783480894
61802.3195 lsst_hardware_r 13.118677434531957 24.719999313354492 31.479999542236328 AB 12.240067665591912 1.2279361622784823
61802.337 lsst_hardware_g 27.518422765834547 15.289999961853027 31.440000534057617 AB 13.680797985370695 1.160307417056205
61804.3195 lsst_hardware_r 5.6837451502050635 24.520000457763672 31.479999542236328 AB 11.368008348445734 1.205004064918988
61804.3403 lsst_hardware_i -67.68540090241328 32.119998931884766 31.25 AB 12.118961608687748 1.1323663009955225
61806.3128 lsst_hardware_z -73.3224547964354 43.86000061035156 30.93000030517578 AB 7.992436378506088 1.2100584978813154
61806.3312 lsst_hardware_i 15.53143674178879 32.0099983215332 31.239999771118164 AB 7.526387864926168 1.1435382929743572
61811.317 lsst_hardware_r 0.7720154360387996 79.4800033569336 31.6299991607666 AB 3.3739951886828665 1.145280104780345
61811.3369 lsst_hardware_i -52.58318500046911 61.31999969482422 31.31999969482422 AB 3.713577220341278 1.0907315117509098
61821.3219 lsst_hardware_r 9.577021930358354 24.700000762939453 31.520000457763672 AB 3.8449722220622045 1.0648926021221023
61821.3417 lsst_hardware_z -3.8028796888969154 41.47999954223633 30.950000762939453 AB 3.856273670360732 1.0342694569828972
61821.3821 lsst_hardware_r -8.832971649614661 25.270000457763672 31.540000915527344 AB 2.723052752477958 1.0085380564733177
61821.3942 lsst_hardware_y 34.397636096739696 66.68000030517578 30.079999923706055 AB 2.7263183958623505 1.0097475540230927
61825.2997 lsst_hardware_u -1.3091195330772099 2.759999990463257 28.450000762939453 AB 10.778358022698063 1.0883748992104945
61825.3213 lsst_hardware_g -9.881429632946741 14.65999984741211 31.450000762939453 AB 10.37904354561253 1.0473303275088326
61827.3763 lsst_hardware_r -33.804074191169434 23.059999465942383 31.5 AB 5.937811064303373 1.0093740476489967
61827.3879 lsst_hardware_y 13.501216369441122 48.68000030517578 30.059999465942383 AB 6.0142262157912505 1.0138614659122136
61831.2202 lsst_hardware_i -4.2424556660036075 32.93000030517578 31.209999084472656 AB 4.435826872153084 1.3294186430029222
61831.2412 lsst_hardware_z -19.19021521351637 43.54999923706055 30.93000030517578 AB 3.9719969830780624 1.2241617987707198
61833.2233 lsst_hardware_r 20.930797183614448 23.850000381469727 31.440000534057617 AB 7.1724753658669 1.2827461979552714
61833.2437 lsst_hardware_u -1.6129989450070699 2.549999952316284 28.25 AB 6.624902545315267 1.191707848055512
61833.3656 lsst_hardware_r -35.85088608977169 22.709999084472656 31.489999771118164 AB 7.315408256249931 1.0111021420508768
61833.3777 lsst_hardware_u -2.511367993371716 2.6500000953674316 28.3799991607666 AB 6.968123529743254 1.0178015015144428
61835.3609 lsst_hardware_g 21.36649659734347 14.1899995803833 31.440000534057617 AB 7.214581652125381 1.0114017666737185
61835.3733 lsst_hardware_r 14.625140134910229 22.829999923706055 31.5 AB 7.320841976946842 1.018587356352814
61839.2247 lsst_hardware_r 5.100976259209933 69.62000274658203 31.610000610351562 AB 12.136268999806424 1.2019876528753
61839.2457 lsst_hardware_z -94.33365305442105 54.279998779296875 30.959999084472656 AB 11.391886930913307 1.1295498675548596
