data/validation/pwv_sim_epoch_fit_seasonal/24295131.ecsv
# %ECSV 0.9
# ---
# datatype:
# - {name: time, datatype: float64}
# - {name: band, datatype: string}
# - {name: flux, datatype: float64}
# - {name: fluxerr, datatype: float64}
# - {name: zp, datatype: float64}
# - {name: zpsys, datatype: string}
# - {name: pwv, datatype: float64}
# - {name: airmass, datatype: float64}
# meta: {SNID: '24295131', alt: 1024.0, c: -0.002769509330391884, dec: -43.406857, lat: -30.244573, lon: -70.7499537, ra: 289.415314,
#   t0: 60784.27734375, x0: 4.792783478189617e-06, x1: -0.1325899213552475, z: 0.6242452263832092}
# schema: astropy-2.0
time band flux fluxerr zp zpsys pwv airmass
60784.4 lsst_hardware_r 1889.1652412822984 75.18776527806392 31.649999618530273 AB 10.037280907235777 1.0347712275500802
60784.4132 lsst_hardware_y 521.8261995217434 58.4425650718095 30.06999969482422 AB 9.97633488538051 1.0284881325134547
60790.4107 lsst_hardware_z 2081.945001037878 75.05335750513889 31.709999084472656 AB 15.023036457268143 1.026865103025847
60792.3928 lsst_hardware_g 152.0958778716018 19.468396799131387 31.450000762939453 AB 1.4393169795298704 1.0280835568070503
60792.4055 lsst_hardware_y 432.86721196157464 51.19338231492582 30.059999465942383 AB 1.4376360841100442 1.0268829172214602
60794.3483 lsst_hardware_i 2337.9076765209666 64.41464782484871 32.0 AB 12.003276002492894 1.0590502913793305
60794.3703 lsst_hardware_y 786.5682045269448 70.79810770682705 30.799999237060547 AB 11.926411489327467 1.03641835548295
60795.3896 lsst_hardware_z 1022.3688209822807 51.10356508072071 30.950000762939453 AB 11.734163119729438 1.0271051791964145
60795.4027 lsst_hardware_i 1129.9358163034346 44.94688832085818 31.25 AB 11.734284637133678 1.0276555271825265
60800.3916 lsst_hardware_r 787.1425484670891 36.479665526820156 31.510000228881836 AB 7.088846145638574 1.0282880079740697
60800.4036 lsst_hardware_i 896.9181761938693 42.8617298858511 31.260000228881836 AB 7.216067962461289 1.033586167769196
60802.38 lsst_hardware_z 854.1191932079485 49.52158543907769 30.950000762939453 AB 7.08736837317636 1.027055604266693
60802.3916 lsst_hardware_u 1.9193139037672304 2.8503416321009776 28.520000457763672 AB 7.125358175579314 1.030221915597761
60804.3897 lsst_hardware_g 69.30919654429172 16.391717764514972 31.450000762939453 AB 7.855420737835849 1.0319107701590957
60804.4023 lsst_hardware_r 596.4115061683262 33.5580600687376 31.510000228881836 AB 8.015574373121723 1.040645812803859
60806.3764 lsst_hardware_i 597.7381822096443 66.77615093277696 31.34000015258789 AB 7.817655921227922 1.028638937003674
60806.3892 lsst_hardware_z 683.6386910579258 61.631635101334304 30.989999771118164 AB 7.8647249011339575 1.0348322238334156
60808.3773 lsst_hardware_i 729.5313833538614 83.72324487593394 31.34000015258789 AB 6.787143163467563 1.0311672992202314
60808.3906 lsst_hardware_z 669.6400213516525 73.90060514696097 30.989999771118164 AB 6.860043285770515 1.0399782635459873
60810.329 lsst_hardware_r 375.0271391758648 111.63160205825379 31.670000076293945 AB 7.524604057411832 1.0347839638888607
60810.3427 lsst_hardware_z 608.5311785963391 80.82847499912481 31.0 AB 7.891788928148196 1.02834660431289
60812.3278 lsst_hardware_y 100.52356986029457 57.047968481082094 30.059999465942383 AB 6.505539414753786 1.0322429917100544
60812.3415 lsst_hardware_r 470.50144433256423 81.4049232726457 31.65999984741211 AB 7.6024838479061865 1.0273626821494846
60814.3291 lsst_hardware_i 431.77682580051385 52.01869321191258 31.309999465942383 AB 7.485971183141547 1.029211683940544
60814.3421 lsst_hardware_z 425.8767312302825 54.59150304931864 30.969999313354492 AB 8.42581381683263 1.0267869628116262
60819.3953 lsst_hardware_r 187.07351717253783 27.109149158490176 31.489999771118164 AB 7.170205564177949 1.0869986706015045
60819.408 lsst_hardware_i 312.3586858527208 36.21235453004787 31.239999771118164 AB 7.434339920622778 1.113870037550234
60823.1496 lsst_hardware_u 0.16532526472063852 2.5420759192870857 28.06999969482422 AB 11.009284228040796 1.5338605681700868
60823.1609 lsst_hardware_g 8.944279728699035 14.891542371818778 31.299999237060547 AB 10.48049037041274 1.4488823350262376
60824.3133 lsst_hardware_r 336.003860443315 36.879166860619904 32.2599983215332 AB 8.82714096869774 1.026839590375572
60824.3274 lsst_hardware_u 9.617033492288181 4.227136777552783 29.270000457763672 AB 8.835616344599428 1.0286831032510904
60828.0946 lsst_hardware_g 17.88989877661734 23.029845505848797 31.260000228881836 AB 19.062111971684203 1.998596311675626
60828.1068 lsst_hardware_r 111.92910549708495 31.603893976328227 31.389999389648438 AB 17.46523580436295 1.829347278468978
60830.3212 lsst_hardware_r 105.65775037319791 25.29266037381277 31.5 AB 12.460693578846428 1.0332892658205466
60830.3352 lsst_hardware_g 18.987264067861478 15.05063849499056 31.43000030517578 AB 12.579197063742766 1.0442200692104007
60833.2899 lsst_hardware_r 196.26764995893078 53.31429526075407 31.639999389648438 AB 3.9603450321934415 1.0267941488704802
60833.3025 lsst_hardware_i 110.7485224395799 46.76745695323007 31.309999465942383 AB 3.4910035994185478 1.0285809073124772
60844.2961 lsst_hardware_r 114.06875592185743 36.83698601756941 31.600000381469727 AB 4.898385118403047 1.0433750718149095
60844.31 lsst_hardware_z 171.39257506758076 46.49593554157432 30.959999084472656 AB 4.976923163409256 1.0593706180095979
60847.2937 lsst_hardware_g -6.225304523465952 14.960953751542947 31.420000076293945 AB 3.1052229447400377 1.0493572328042566
60847.3088 lsst_hardware_r 74.10720492501473 25.08289650713778 31.489999771118164 AB 3.1873782383810676 1.0695900128795157
60858.0888 lsst_hardware_z 184.40879313063155 47.46676594376011 30.93000030517578 AB 11.494677785407612 1.3092882282718217
60860.0249 lsst_hardware_z 235.49660495736194 77.9736384977909 31.6299991607666 AB 13.932650486749301 1.7636266438923165
60860.0379 lsst_hardware_r 21.097108398145977 43.48573222210519 31.459999084472656 AB 12.85878296055475 1.6276940456398417
60861.2128 lsst_hardware_y 170.2318653387789 69.66650799991376 30.809999465942383 AB 3.723498505026544 1.0268179262396535
60863.1961 lsst_hardware_r 36.83470405024837 74.2019142055116 31.649999618530273 AB 2.3593702085748833 1.0289447050043103
60863.2076 lsst_hardware_i 54.20247454194266 61.94686259315931 31.329999923706055 AB 2.2822524084575626 1.026808222161471
60865.1987 lsst_hardware_i 108.56233497482445 105.55485270747103 31.350000381469727 AB 2.631213093928638 1.0270820742678959
60867.2026 lsst_hardware_z 99.98346489827337 90.26000213623047 31.0 AB 8.030629770041381 1.0270660915771115
60867.2152 lsst_hardware_r -154.50960611918137 133.92999267578125 31.65999984741211 AB 8.554741687964729 1.0306917696343045
60870.1917 lsst_hardware_z -108.3892941563938 55.34000015258789 30.979999542236328 AB 7.445576615479413 1.0268344525554287
60870.2047 lsst_hardware_i 24.562825433922818 57.650001525878906 31.329999923706055 AB 7.509694899011723 1.0297127243948467
60872.1944 lsst_hardware_z 72.2781741445745 45.58000183105469 30.969999313354492 AB 3.1686658142587625 1.028119991647879
60875.15 lsst_hardware_g 3.555628017278199 14.729999542236328 31.450000762939453 AB 2.9003199031241453 1.035828536830052
60875.1611 lsst_hardware_r 6.066034926573476 23.5 31.510000228881836 AB 2.8805183465272224 1.029767931549637
60877.1841 lsst_hardware_z 17.049131254520375 41.20000076293945 30.950000762939453 AB 6.448530369637193 1.0291576597372831
60877.1955 lsst_hardware_r 22.27958314257321 23.350000381469727 31.5 AB 6.4868537038084755 1.0349297938669375
60879.133 lsst_hardware_z 84.4047854598492 41.36000061035156 30.950000762939453 AB 6.035298633908936 1.0405687299842994
60879.1456 lsst_hardware_r -26.196057472027523 23.329999923706055 31.510000228881836 AB 5.984825269451765 1.0318664257675456
60881.1372 lsst_hardware_u -2.8907064666727713 2.7699999809265137 28.479999542236328 AB 5.703942944124544 1.0335102272377579
60881.1482 lsst_hardware_g 12.079372589429095 14.670000076293945 31.459999084472656 AB 5.743406312212415 1.0285469756827392
60886.1381 lsst_hardware_g -9.653090812740915 14.5 31.450000762939453 AB 5.678440767561202 1.027632586990219
60886.1492 lsst_hardware_r -4.4028913102895375 23.270000457763672 31.510000228881836 AB 5.671135843314598 1.0269145936287185
60888.1279 lsst_hardware_i -31.10698323102506 33.900001525878906 31.270000457763672 AB 4.229753457134708 1.0289284712267686
60888.1404 lsst_hardware_z 22.14798882575101 42.54999923706055 30.950000762939453 AB 4.220962876618881 1.0267900774260401
60890.133 lsst_hardware_r -8.724500479492363 47.04999923706055 31.6299991607666 AB 1.8812790711280853 1.0268523472156936
60890.145 lsst_hardware_z 42.50845503578375 47.689998626708984 30.969999313354492 AB 1.8573546614122884 1.0280560856525582
60891.1308 lsst_hardware_z -7.9934993085968 53.54999923706055 30.969999313354492 AB 1.3549820064248903 1.0268256442752564
60891.1424 lsst_hardware_i 39.09538539250214 53.79999923706055 31.31999969482422 AB 1.3883500204265995 1.0280901107756366
60894.1263 lsst_hardware_z -110.56281684487733 76.38999938964844 31.0 AB 2.7122381943910847 1.026844344166236
60894.1379 lsst_hardware_r -97.6402501333032 115.05000305175781 31.670000076293945 AB 2.743946901267254 1.0292373973245514
60896.1098 lsst_hardware_r -42.27406583297775 123.55999755859375 31.670000076293945 AB 3.9257278852657516 1.0278568385230629
60896.1216 lsst_hardware_y 89.44676869640969 62.36000061035156 30.06999969482422 AB 3.9768143616909843 1.026893018167753
60897.1131 lsst_hardware_z -1.2198410840348006 68.81999969482422 30.989999771118164 AB 3.8503871088234156 1.0269068165951234
60897.1252 lsst_hardware_r -113.50229421638498 101.30000305175781 31.65999984741211 AB 4.488777613992288 1.02788587451163
60899.1078 lsst_hardware_i 105.91188238571856 50.630001068115234 31.31999969482422 AB 2.825843777361048 1.0268949587648408
60899.1198 lsst_hardware_z -43.977761035161606 51.099998474121094 30.979999542236328 AB 2.818161804694087 1.0279009621984512
60902.0992 lsst_hardware_g -16.724709190272172 14.289999961853027 31.440000534057617 AB 3.7234687882282196 1.0269277283093228
60904.1066 lsst_hardware_z 44.60211991021857 41.13999938964844 30.959999084472656 AB 4.1351848364360135 1.0280136324266038
60904.117 lsst_hardware_r 11.986889749471088 23.09000015258789 31.520000457763672 AB 4.199571122749663 1.032089241275336
60906.1111 lsst_hardware_u -2.6352650758003273 2.7699999809265137 28.5 AB 2.267252199329701 1.0318590052700878
60906.1227 lsst_hardware_g -1.190741284150039 14.3100004196167 31.450000762939453 AB 2.2780790314924095 1.0397044223903287
60908.0567 lsst_hardware_u -7.31346766385151 2.7300000190734863 28.459999084472656 AB 3.1633886518095364 1.0381977853001432
60908.0683 lsst_hardware_g 15.221020849957965 14.390000343322754 31.450000762939453 AB 3.2747805404114785 1.0309398836491352
60912.0563 lsst_hardware_z -44.26149458874543 41.040000915527344 30.950000762939453 AB 4.322856259605819 1.031461765594326
60912.0673 lsst_hardware_r -4.505423236421635 22.860000610351562 31.5 AB 4.293810778693397 1.0275962136396786
60919.0895 lsst_hardware_g 12.000267866932747 44.90999984741211 31.700000762939453 AB 1.1403130309649625 1.0416988711616588
60919.1012 lsst_hardware_i 0.6874544919034119 45.369998931884766 31.299999237060547 AB 1.1388560450044827 1.0541709765545968
60940.0162 lsst_hardware_i 29.091955288638523 30.760000228881836 31.25 AB 2.64018138151785 1.0308510632593935
60940.0294 lsst_hardware_u 4.229870833362015 2.7100000381469727 28.43000030517578 AB 2.6918575767542374 1.0393272497119777
60941.013 lsst_hardware_g -5.750243404233939 14.640000343322754 31.450000762939453 AB 1.5459546706763523 1.0306364471175682
60941.0247 lsst_hardware_r 10.873503287764992 23.450000762939453 31.510000228881836 AB 1.5566412998083177 1.0377608665388784
60945.0254 lsst_hardware_u -5.14750632637947 3.0999999046325684 28.5 AB 3.267889503318713 1.0485767698760162
60945.0368 lsst_hardware_g -8.628240795655904 17.100000381469727 31.489999771118164 AB 3.312306332498062 1.0629710370918466
61149.407 lsst_hardware_u -5.243212780903156 2.9100000858306885 28.479999542236328 AB 10.002508770870142 1.031186471223726
61149.419 lsst_hardware_z -29.149992193410498 51.31999969482422 30.969999313354492 AB 10.085208559849914 1.0272946660062556
61151.4087 lsst_hardware_r 4.224994501449811 23.799999237060547 31.530000686645508 AB 11.56132736572015 1.0284048537377823
61151.42 lsst_hardware_y 9.309899759770285 59.27000045776367 30.06999969482422 AB 9.858398456357492 1.0267738983846852
61153.4038 lsst_hardware_z -39.43735264801335 41.369998931884766 30.950000762939453 AB 5.797928902947886 1.028244662381394
61153.4169 lsst_hardware_y 133.7387124598668 50.08000183105469 30.049999237060547 AB 6.361380727961873 1.0268572603651125
61157.3978 lsst_hardware_r 12.352224056131544 23.270000457763672 31.5 AB 1.4380713751578145 1.027193839398439
61157.4108 lsst_hardware_y 34.389072112745865 47.27000045776367 30.049999237060547 AB 1.4384760709693274 1.0274829078352339
61159.3972 lsst_hardware_r 0.06792376559229181 23.030000686645508 31.5 AB 12.91383332503143 1.026781690787265
61159.4099 lsst_hardware_y -84.62627973406698 47.09000015258789 30.040000915527344 AB 12.896557852132696 1.0286387120345122
61161.4045 lsst_hardware_z -50.67308783617375 83.31999969482422 31.739999771118164 AB 9.131392163545627 1.0286574477352288
61163.4002 lsst_hardware_r 106.01711055511242 95.27999877929688 31.65999984741211 AB 11.439333625836174 1.0290409414686432
61163.4125 lsst_hardware_i -131.90318227594761 75.56999969482422 31.34000015258789 AB 11.492070567365438 1.0353216727356251
61166.3846 lsst_hardware_z -15.777791739368855 68.2699966430664 30.989999771118164 AB 2.7315877894419875 1.027202327514144
61166.3961 lsst_hardware_r 51.340747792690536 91.55999755859375 31.65999984741211 AB 2.777422080575484 1.0306789426015341
61168.3938 lsst_hardware_z 145.70582853345385 73.41999816894531 31.719999313354492 AB 10.92327667592272 1.0322506781253753
61170.3795 lsst_hardware_r -11.985576312775178 33.5099983215332 31.59000015258789 AB 8.069798769222489 1.028523931840732
61170.3912 lsst_hardware_z 42.16206108468638 43.619998931884766 30.959999084472656 AB 8.104608392167712 1.0339049253291577
61177.346 lsst_hardware_g 16.092637906286686 14.220000267028809 31.43000030517578 AB 7.598911675284252 1.0268799561194935
61177.3595 lsst_hardware_r -1.9383572101448907 22.90999984741211 31.5 AB 7.609151813582082 1.0282637585921732
61178.3253 lsst_hardware_i -1.9800920222389249 30.540000915527344 31.25 AB 8.12445409507754 1.032496151876381
61178.3367 lsst_hardware_z -22.032153426750863 40.95000076293945 30.950000762939453 AB 7.222143797867257 1.027941235611518
61182.3209 lsst_hardware_i 63.50419571579459 30.479999542236328 31.25 AB 4.38939246987268 1.0294675977420535
61182.3334 lsst_hardware_u -4.0596701630937755 2.6700000762939453 28.420000076293945 AB 4.3562655788214855 1.0268156932990875
61187.3166 lsst_hardware_i 6.670471944146962 40.459999084472656 31.299999237060547 AB 4.125159243681291 1.0270958362556122
61187.3302 lsst_hardware_r 38.02048072223944 35.900001525878906 31.600000381469727 AB 4.12866770171585 1.0277561386671825
61194.1865 lsst_hardware_r 177.39534333517435 173.52000427246094 32.36000061035156 AB 11.712128952899754 1.2290176941725848
61194.196 lsst_hardware_z 82.43974382083988 84.8499984741211 30.979999542236328 AB 11.402450926737858 1.193474034617711
61196.3299 lsst_hardware_i -37.86142049814235 63.5 31.329999923706055 AB 6.631935438262723 1.0411610248852092
61196.3424 lsst_hardware_z 75.48313976730941 58.75 30.979999542236328 AB 5.535279651818648 1.0544226656373328
61198.3023 lsst_hardware_i -31.08777883756719 40.91999816894531 31.290000915527344 AB 3.3697437366982212 1.0283014149216423
61198.3149 lsst_hardware_z -66.24057992010528 46.0099983215332 30.950000762939453 AB 3.4488830502699193 1.0339928197481396
61222.2166 lsst_hardware_y 52.42422738776284 93.19999694824219 30.81999969482422 AB 7.8626943225678145 1.027937550342201
61225.2083 lsst_hardware_z 16.92641634248798 54.31999969482422 30.979999542236328 AB 7.910278141265706 1.0279652342425192
61225.2204 lsst_hardware_r -27.626093804973696 65.9800033569336 31.649999618530273 AB 7.462904972706638 1.0268639599192733
61231.1934 lsst_hardware_r -9.971027146377018 23.489999771118164 31.520000457763672 AB 9.328855171811778 1.0276238749161564
61231.2049 lsst_hardware_u -8.57976179695342 2.819999933242798 28.520000457763672 AB 9.334752618805448 1.0269348951279782
61237.1961 lsst_hardware_u -1.058106045317878 2.680000066757202 28.40999984741211 AB 3.1825942337438353 1.028384920831678
