data/validation/pwv_sim_epoch_fit_seasonal/24312588.ecsv
# %ECSV 0.9
# ---
# datatype:
# - {name: time, datatype: float64}
# - {name: band, datatype: string}
# - {name: flux, datatype: float64}
# - {name: fluxerr, datatype: float64}
# - {name: zp, datatype: float64}
# - {name: zpsys, datatype: string}
# - {name: pwv, datatype: float64}
# - {name: airmass, datatype: float64}
# meta: {SNID: '24312588', alt: 1024.0, c: -0.02730891853570938, dec: -38.682186, lat: -30.244573, lon: -70.7499537, ra: 143.261719, t0: 60282.31640625,
#   x0: 2.4766723870907554e-05, x1: 0.664475679397583, z: 0.3129415214061737}
# schema: astropy-2.0
time band flux fluxerr zp zpsys pwv airmass
[from data line 133]
60721.1917 lsst_hardware_i -31.65597122542553 63.38999938964844 31.34000015258789 AB 3.844742047675923 1.011241990446047
60721.2038 lsst_hardware_z 39.754350143674046 58.72999954223633 30.989999771118164 AB 3.9131256780617454 1.0134130727024548
60725.1831 lsst_hardware_g 41.10428060351294 36.75 31.700000762939453 AB 3.1152062935287272 1.0113485248043916
60725.1954 lsst_hardware_r -36.59354158019166 38.83000183105469 31.6200008392334 AB 3.1998404430954457 1.0143732582328249
60728.188 lsst_hardware_i 24.024814142850737 29.739999771118164 31.25 AB 8.124539805553153 1.0147113130237804
60728.1996 lsst_hardware_r 8.688175486002004 22.829999923706055 31.510000228881836 AB 8.186540902039573 1.021668044558004
60734.1708 lsst_hardware_i 14.564913521753125 29.639999389648438 31.25 AB 6.26412339646751 1.0143644930518874
60734.1826 lsst_hardware_z -23.05199546235049 40.52000045776367 30.950000762939453 AB 6.232744265281595 1.0212033203629047
60737.1713 lsst_hardware_i -56.41599317068169 29.670000076293945 31.25 AB 5.574049488389289 1.0190218443124843
60737.1821 lsst_hardware_u 3.633500725516391 2.5799999237060547 28.389999389648438 AB 5.614075282557816 1.027795374169585
60739.1563 lsst_hardware_g 24.22566967589835 13.199999809265137 31.40999984741211 AB 10.388675384110654 1.0140239515969405
60739.1681 lsst_hardware_r 1.985459070125995 21.809999465942383 31.489999771118164 AB 11.947273090486535 1.020582000383257
60741.158 lsst_hardware_i 0.3304807938034567 31.989999771118164 31.260000228881836 AB 8.681720999666801 1.0175382331005678
60741.1702 lsst_hardware_r 14.611724854332602 21.93000030517578 31.489999771118164 AB 9.660637902128563 1.0268626141595532
60750.1387 lsst_hardware_z 25.521232641684595 61.08000183105469 30.989999771118164 AB 8.678062951016805 1.0210486852848484
60750.15 lsst_hardware_r 153.31957075087135 86.26000213623047 31.65999984741211 AB 8.97195382792425 1.0312590606809482
60752.12 lsst_hardware_i -78.22674543129443 50.099998474121094 31.31999969482422 AB 8.300347419192825 1.013720984268758
60752.133 lsst_hardware_z 47.73887840584092 50.630001068115234 30.979999542236328 AB 6.246976842428122 1.0208729570499853
60754.1208 lsst_hardware_i 20.96068591167866 38.52000045776367 31.299999237060547 AB 5.251202707694178 1.0165749672080908
60754.1336 lsst_hardware_z 37.495650987996925 45.029998779296875 30.969999313354492 AB 4.735045558751563 1.0258453249746633
60756.123 lsst_hardware_g -1.8049201344337125 13.399999618530273 31.440000534057617 AB 5.390782884046304 1.021562039804093
60756.1349 lsst_hardware_r 24.959908615729162 22.0 31.5 AB 5.152528212054178 1.0326570111841304
60758.1129 lsst_hardware_i -30.33745985046359 29.8700008392334 31.260000228881836 AB 5.584094029224279 1.018344858069532
60758.1247 lsst_hardware_r -35.60057855516102 22.040000915527344 31.510000228881836 AB 5.649326282978962 1.0277419634903058
60759.9976 lsst_hardware_z 29.840224454150814 44.099998474121094 30.959999084472656 AB 9.241874877316684 1.1235866685017992
60760.0144 lsst_hardware_r 31.7024212804624 22.350000381469727 31.5 AB 8.093234059932751 1.0823690344061276
60760.1104 lsst_hardware_u 3.983054663110221 2.7799999713897705 28.549999237060547 AB 8.282176071650998 1.0203284485536033
60760.1222 lsst_hardware_g -3.41673799684533 13.369999885559082 31.43000030517578 AB 8.352909092449188 1.0307355480882563
60762.1031 lsst_hardware_r -38.3460115686627 21.8799991607666 31.510000228881836 AB 8.303534753904986 1.0190678582795702
60762.1154 lsst_hardware_i -27.566663391515135 29.920000076293945 31.260000228881836 AB 8.370333526524826 1.0293503004539653
60769.0472 lsst_hardware_z 11.319969062823082 40.849998474121094 30.950000762939453 AB 4.896054988186689 1.0135360864311391
60769.0605 lsst_hardware_g 23.68532358453868 17.75 31.520000457763672 AB 4.900513012043106 1.0112490738842563
60771.047 lsst_hardware_r -11.039208795290367 37.189998626708984 31.610000610351562 AB 7.971594635647615 1.012051794623054
60771.0605 lsst_hardware_i 60.426598063047436 37.099998474121094 31.290000915527344 AB 7.986708468712217 1.0117121282847916
60773.0526 lsst_hardware_z -212.71957901980318 70.33999633789062 31.719999313354492 AB 7.6239696614138985 1.011404837014307
60775.0444 lsst_hardware_z -146.14625614538193 56.40999984741211 30.979999542236328 AB 5.745942871404607 1.0112535852524827
60775.0552 lsst_hardware_r -100.9458144480793 75.29000091552734 31.65999984741211 AB 5.748256842661235 1.0130425770209692
60778.0404 lsst_hardware_i -14.743936347261071 72.70999908447266 31.34000015258789 AB 6.6552795708371395 1.0115687758080516
60778.0523 lsst_hardware_z 35.294383387862204 63.959999084472656 30.989999771118164 AB 7.732958906559263 1.0150904314202511
60782.0262 lsst_hardware_g 49.58428508787422 29.049999237060547 31.670000076293945 AB 13.470780833651622 1.0112819213731934
60782.0386 lsst_hardware_r 58.03660752249095 38.15999984741211 31.6200008392334 AB 13.396411018167433 1.0139194715737179
60790.0213 lsst_hardware_u -1.163332585275914 2.680000066757202 28.489999771118164 AB 13.329243451205432 1.015948433780902
60790.0329 lsst_hardware_g -1.047091750818713 13.0 31.399999618530273 AB 13.444297691053881 1.0237554400883733
60794.05 lsst_hardware_i 33.164416543996815 29.899999618530273 31.239999771118164 AB 9.00216817120435 1.0590786083769823
60794.062 lsst_hardware_z 90.38193531034958 41.369998931884766 30.940000534057617 AB 9.172533894045406 1.082006986557731
60795.0061 lsst_hardware_i 3.14926225503708 29.559999465942383 31.25 AB 10.964094841620675 1.0151939668167291
60795.0181 lsst_hardware_u 2.1052687919994066 2.680000066757202 28.489999771118164 AB 11.046382523693767 1.0228131966383116
60799.9965 lsst_hardware_i -32.163853925725974 36.58000183105469 31.290000915527344 AB 10.52436681428664 1.0173139183960407
60800.0091 lsst_hardware_r 9.094287250815725 36.060001373291016 31.600000381469727 AB 10.336345317333485 1.0268742760824723
60805.9911 lsst_hardware_z -9.970395761625687 58.880001068115234 30.989999771118164 AB 7.691897657037188 1.0253926689897048
60806.0026 lsst_hardware_r -20.594950621397604 82.0999984741211 31.65999984741211 AB 7.5798087840662 1.037619272288323
