data/validation/pwv_sim_epoch_fit_seasonal/24401631.ecsv
# %ECSV 0.9
# ---
# datatype:
# - {name: time, datatype: float64}
# - {name: band, datatype: string}
# - {name: flux, datatype: float64}
# - {name: fluxerr, datatype: float64}
# - {name: zp, datatype: float64}
# - {name: zpsys, datatype: string}
# - {name: pwv, datatype: float64}
# - {name: airmass, datatype: float64}
# meta: {SNID: '24401631', alt: 1024.0, c: 0.15387985110282898, dec: -35.136116, lat: -30.244573, lon: -70.7499537, ra: 85.429688, t0: 62100.21484375,
#   x0: 9.716548212924883e-06, x1: 0.4155453145503998, z: 0.46582281589508057}
# schema: astropy-2.0
time band flux fluxerr zp zpsys pwv airmass
62020.3229 lsst_hardware_z -51.21362332375269 58.650001525878906 30.93000030517578 AB 2.6356308252607565 1.4235111127522313
62020.3419 lsst_hardware_i -35.61211801565266 57.790000915527344 31.270000457763672 AB 3.098833958976885 1.3020310752003719
62030.329 lsst_hardware_i -16.35670988533257 31.75 31.219999313354492 AB 1.3747246857783124 1.229720181091183
62030.3463 lsst_hardware_z -25.033310455623308 42.79999923706055 30.940000534057617 AB 1.4389739305609097 1.160462847225959
62033.3138 lsst_hardware_u -0.4433839218822943 2.549999952316284 28.280000686645508 AB 8.332026526465182 1.2630661737948188
62033.329 lsst_hardware_g 9.14869361167504 13.130000114440918 31.350000381469727 AB 7.7909053535555515 1.1947714280214883
62035.3352 lsst_hardware_i 4.541102348312046 30.829999923706055 31.229999542236328 AB 1.7582851598915852 1.151652307117462
62035.3528 lsst_hardware_r -0.428386159610718 22.06999969482422 31.479999542236328 AB 1.733342157009482 1.099313243703709
62037.333 lsst_hardware_u -1.206833473761431 2.5199999809265137 28.309999465942383 AB 5.082648189883433 1.1408648973756794
62037.3499 lsst_hardware_g -24.8230147708336 12.880000114440918 31.3700008392334 AB 4.446210910094066 1.0928378788482402
62041.279 lsst_hardware_z -30.07913874439003 46.5 30.93000030517578 AB 4.570340922467133 1.3342437919865124
62041.2971 lsst_hardware_r 17.55166615130894 22.299999237060547 31.450000762939453 AB 4.671861727933861 1.2382899839909514
62044.2696 lsst_hardware_r -62.86157227454629 58.77000045776367 31.56999969482422 AB 6.339236057553541 1.3415899384615326
62044.289 lsst_hardware_z -30.72944834969859 51.310001373291016 30.940000534057617 AB 5.859878568756131 1.237871753425175
62046.2813 lsst_hardware_y -6.61966587867124 92.01000213623047 31.18000030517578 AB 3.2908653105937606 1.2484314531840834
62046.3111 lsst_hardware_g -16.675441372225773 142.50999450683594 32.88999938964844 AB 3.7245117018654215 1.1324146250732412
62048.2788 lsst_hardware_i 72.23320655654958 65.56999969482422 31.290000915527344 AB 8.171886060107276 1.2345482012449307
62048.2979 lsst_hardware_z 83.0113958569855 59.349998474121094 30.959999084472656 AB 8.00917955102277 1.1578699685838763
62052.3188 lsst_hardware_z -77.42077712117928 49.70000076293945 30.969999313354492 AB 2.899624528789844 1.0703671202619909
62052.339 lsst_hardware_r 21.25723448565104 53.33000183105469 31.639999389648438 AB 2.967600786657837 1.0353901680494868
62054.2539 lsst_hardware_i 55.77581289589179 41.5099983215332 31.260000228881836 AB 5.408736910333579 1.2761471278803587
62054.2727 lsst_hardware_z 9.908071863324853 47.470001220703125 30.950000762939453 AB 4.934778079944987 1.1906572224657175
62055.2654 lsst_hardware_u 8.026000411215083 4.190000057220459 28.690000534057617 AB 6.588045058775465 1.209370364162545
62055.2849 lsst_hardware_g -15.734970243506758 27.59000015258789 31.610000610351562 AB 6.1782139500042215 1.137530761795944
62059.2703 lsst_hardware_z -15.613936886243952 42.33000183105469 30.940000534057617 AB 8.361969510226666 1.149556463273952
62059.2889 lsst_hardware_u -0.017884919019202184 2.609999895095825 28.389999389648438 AB 7.9656222915560155 1.0951817999389573
62064.2684 lsst_hardware_g 4.438506776369303 12.90999984741211 31.3700008392334 AB 2.20239560425944 1.1133987972832826
62064.2876 lsst_hardware_r -8.145773539393458 21.639999389648438 31.479999542236328 AB 2.1150893247107874 1.0671490033858666
62065.2669 lsst_hardware_i -22.692366979430677 30.469999313354492 31.239999771118164 AB 3.1856396662765656 1.1099789777964726
62065.2855 lsst_hardware_z 52.17955636169475 41.09000015258789 30.940000534057617 AB 3.054265632967247 1.0658752863262637
62070.1983 lsst_hardware_z 14.668637954083225 47.61000061035156 30.93000030517578 AB 3.3303038436744195 1.3435416414218537
62070.2172 lsst_hardware_r 24.16894240548854 32.0099983215332 31.540000915527344 AB 3.7641814376137916 1.2416894070967481
62075.2085 lsst_hardware_y 51.01707096743416 74.92213677676285 30.75 AB 5.988377062718585 1.2192562481357192
62077.1726 lsst_hardware_z 224.02184325452703 67.20611486727415 30.950000762939453 AB 5.1451491622774626 1.3860854424236535
62077.1908 lsst_hardware_r 405.17338878165845 90.77787973578234 31.610000610351562 AB 4.6350247897091466 1.2777463238343616
62079.1818 lsst_hardware_i 367.09447669530323 70.21667308325128 31.280000686645508 AB 4.722100517328274 1.2966569691294203
62079.1997 lsst_hardware_z 181.08663113235406 63.54791588452361 30.969999313354492 AB 4.269918819760619 1.210122947359924
62081.1787 lsst_hardware_r 804.2033236553763 67.36206275566549 31.579999923706055 AB 6.83730523249016 1.2839407037212067
62081.1964 lsst_hardware_z 535.335737429596 58.07778143308452 30.950000762939453 AB 6.303373073883356 1.2011000521881394
62083.2001 lsst_hardware_i 946.3749084599056 48.94058649753178 31.260000228881836 AB 6.931994089813519 1.1658247712434442
62083.2187 lsst_hardware_z 723.4989548474712 52.85744431146139 30.950000762939453 AB 8.845857115612098 1.1074047820914017
62086.2036 lsst_hardware_r 1787.088156736883 46.65868382193873 31.459999084472656 AB 3.8308837655014996 1.1272001860093175
62086.2232 lsst_hardware_u -1.8976029866970832 2.811652137041241 28.31999969482422 AB 7.394323289136905 1.0763207116648417
62088.2016 lsst_hardware_g 589.1333191474663 27.38513979713508 31.34000015258789 AB 4.484090889869946 1.1170200672265913
62088.2186 lsst_hardware_r 2194.14161020078 51.044656670372355 31.459999084472656 AB 7.827871277919837 1.0744453061449688
62091.1888 lsst_hardware_z 1679.6603353472574 58.630519434720235 30.93000030517578 AB 2.7095407788473365 1.1307027871102155
62091.2049 lsst_hardware_r 2703.601926064909 56.91323059211905 31.469999313354492 AB 2.599539526921111 1.0869533545786727
62095.1944 lsst_hardware_g 975.3938382642364 32.81114038309687 31.3700008392334 AB 3.4424803221526488 1.0859559375875862
62095.2107 lsst_hardware_i 2488.0673888333877 58.32738609345847 31.239999771118164 AB 3.458549905631887 1.0525106225294516
62096.2093 lsst_hardware_u 6.399359965837365 2.888037613167757 28.329999923706055 AB 3.249776511125838 1.0502065045514786
62096.2254 lsst_hardware_g 887.4171394043225 32.77335094435388 31.3700008392334 AB 3.1678312460665348 1.027016127757022
62098.2076 lsst_hardware_r 3432.1700865990733 62.625892542399875 31.489999771118164 AB 8.086297767201662 1.0440219186438104
62098.2248 lsst_hardware_i 2732.5413801886934 59.725173401473086 31.260000228881836 AB 7.813725381017558 1.0216468497049356
62100.2222 lsst_hardware_z 4540.179389603612 88.62157827222718 31.700000762939453 AB 5.3919684587639445 1.0188263133017068
62105.1361 lsst_hardware_r 3485.1394507974314 97.16450621555884 31.6200008392334 AB 9.66633899521105 1.1804052992076015
62105.1536 lsst_hardware_z 2386.112189371145 74.21781847709964 30.969999313354492 AB 9.190923475968903 1.1216194291951884
62107.1358 lsst_hardware_g 754.6317782501039 105.19345271428747 31.690000534057617 AB 7.516621800791557 1.1614539464824558
62107.1528 lsst_hardware_i 2778.6917616511396 89.31343439094933 31.329999923706055 AB 7.163783081326511 1.1084253319036037
62110.1459 lsst_hardware_z 2166.004917903488 69.02323345172911 30.969999313354492 AB 5.936284867173984 1.1049390166912951
62110.1663 lsst_hardware_r 3026.056044584739 82.1492807688404 31.639999389648438 AB 5.761824880340746 1.0587697317788949
62112.1478 lsst_hardware_u -9.07140044931749 3.8640589097604665 28.670000076293945 AB 4.019663828539887 1.0863956293351045
62112.1698 lsst_hardware_g 575.2114644220845 36.88333073436298 31.649999618530273 AB 4.655977407102843 1.0433562817037183
62118.1306 lsst_hardware_r 1747.692380852602 46.67299267913973 31.479999542236328 AB 7.8037238783323986 1.088347530188311
62118.1519 lsst_hardware_i 1906.793760880217 52.42322442068468 31.25 AB 7.442772470833194 1.0457738472436693
62120.1344 lsst_hardware_z 1304.0540205774723 54.28497856204247 30.940000534057617 AB 10.881216316064497 1.0677813742487816
62120.1561 lsst_hardware_i 1726.2726662764815 50.613031759457776 31.239999771118164 AB 10.51204017251858 1.031696636777924
62122.1366 lsst_hardware_u -1.4332900582076866 2.9189933271006208 28.489999771118164 AB 3.0954895603181263 1.0531861276954215
62122.158 lsst_hardware_g 181.96035748090472 18.44370855115636 31.389999389648438 AB 2.9994774005732503 1.022985044958903
62124.051 lsst_hardware_y 285.2526416124106 54.53719820787275 29.950000762939453 AB 7.146598502657822 1.3427146082964438
62124.0725 lsst_hardware_u 3.7638731072486564 2.8011001732519643 28.34000015258789 AB 6.747791365958428 1.2291058954390413
62128.0495 lsst_hardware_y 423.8540512816027 55.515069792457936 29.959999084472656 AB 8.305511778474898 1.2886085713397546
62128.0698 lsst_hardware_z 1042.0293106911824 54.493303664228954 30.940000534057617 AB 7.691997425809229 1.194100505947099
62129.0503 lsst_hardware_y 323.9363828025951 54.38202420516496 29.969999313354492 AB 9.011663534216531 1.2701428518981053
62129.071 lsst_hardware_z 1034.5898831368752 54.53496297910045 30.940000534057617 AB 8.432966758078159 1.1787764548614268
62131.0509 lsst_hardware_y 523.0681658475045 55.5481140800538 29.979999542236328 AB 7.822495306128884 1.2405336884793854
62131.0721 lsst_hardware_i 1157.947583015897 53.48181288983604 31.270000457763672 AB 7.366786279445848 1.1550760502443413
62133.051 lsst_hardware_y 444.7323170016012 56.56819672067257 29.989999771118164 AB 10.002617699363125 1.215532591975103
62133.0724 lsst_hardware_r 590.4381620230603 64.90910501323926 31.6200008392334 AB 9.358480346628841 1.136082591396521
62135.0603 lsst_hardware_y 930.1662172165647 82.03711092258075 30.770000457763672 AB 8.717052587915006 1.158117323992545
62137.0486 lsst_hardware_z 968.3681363898645 71.15859801232683 30.969999313354492 AB 8.136935413921902 1.1808927245316778
62137.0682 lsst_hardware_i 1015.8213295206914 76.30714735228143 31.31999969482422 AB 7.6914347686491364 1.1159201168594575
62139.0503 lsst_hardware_y 380.6570618612099 53.96503646262201 30.010000228881836 AB 7.392967114319143 1.1549255402177896
62139.073 lsst_hardware_r 440.02649461774536 49.078974282317944 31.600000381469727 AB 7.394972811553971 1.088977331156937
62143.0504 lsst_hardware_y 518.962366732252 53.365100316434706 30.020000457763672 AB 10.921670349763504 1.1199990103844029
62143.0727 lsst_hardware_z 745.2818084193402 49.33419650379747 30.950000762939453 AB 10.463499224272338 1.0655565797777273
62145.0454 lsst_hardware_y 318.99479598352485 56.52040269321919 30.030000686645508 AB 9.49390151008851 1.1186624194444543
62145.0618 lsst_hardware_u -1.8342219416526273 2.9288875780013854 28.450000762939453 AB 9.141012390657046 1.0770076160579314
62147.0453 lsst_hardware_y 349.3046033817054 54.01820156884051 30.040000915527344 AB 6.843607338280562 1.1038076352065422
62147.0627 lsst_hardware_r 308.48364825226116 27.504574497929188 31.479999542236328 AB 6.595094266977436 1.0637248817705542
62149.0532 lsst_hardware_z 1398.4866374951368 71.3299050719803 31.709999084472656 AB 2.2822513733862837 1.0719827963298656
62151.044 lsst_hardware_y 352.7946792540302 55.29290836287052 30.049999237060547 AB 6.425153157407491 1.0801753721527325
62151.061 lsst_hardware_g 40.90235137608724 14.492744301280293 31.399999618530273 AB 6.243177239389777 1.0470737508410526
62153.0428 lsst_hardware_y 637.8574372039457 77.98145145685208 30.790000915527344 AB 2.913064462872459 1.0708811553616397
62153.0592 lsst_hardware_i 928.5924680026371 52.51987242247074 32.0 AB 2.838005947404585 1.0412790120728619
62155.0416 lsst_hardware_y 335.0458419707125 58.22440954402991 30.049999237060547 AB 5.127041515822182 1.0622690388111715
62155.0591 lsst_hardware_i 456.0574594922841 36.587598119129325 31.25 AB 3.742135460879824 1.0335963156690577
62385.3384 lsst_hardware_i -20.33894539414418 32.22999954223633 31.209999084472656 AB 1.1647771009916847 1.3259961305285894
62385.3568 lsst_hardware_z 9.348374637854679 43.36000061035156 30.93000030517578 AB 1.0881236945909702 1.2305611474028502
62387.3362 lsst_hardware_r -16.488841395873333 23.059999465942383 31.440000534057617 AB 3.821833768443328 1.307205712613155
62387.354 lsst_hardware_u 1.0004631681327234 2.5399999618530273 28.280000686645508 AB 3.5688341967433903 1.2187253944485112
62389.3327 lsst_hardware_g 0.9127813726264014 13.220000267028809 31.31999969482422 AB 3.6129636355040673 1.2963242226356348
62389.3505 lsst_hardware_i -33.94290619938369 31.1299991607666 31.229999542236328 AB 4.51740189528735 1.210288518496276
62390.3277 lsst_hardware_z -20.14237842671709 44.66999816894531 30.920000076293945 AB 3.107458500293622 1.3089547178995882
62390.3452 lsst_hardware_r -45.429574100505484 22.690000534057617 31.459999084472656 AB 3.831123740284494 1.2213997046603062
62393.3278 lsst_hardware_u -1.907531009900858 2.5299999713897705 28.260000228881836 AB 2.088308452307293 1.2647472205353547
62393.3445 lsst_hardware_g 9.521204102789486 13.180000305175781 31.350000381469727 AB 1.732033869137178 1.1901286320227975
62399.3126 lsst_hardware_r -56.524994029626384 64.45999908447266 31.59000015258789 AB 8.2078241043531 1.2588687276615185
62399.3291 lsst_hardware_z 37.9976733674922 52.40999984741211 30.950000762939453 AB 7.851199910269734 1.1862805203129128
62404.2645 lsst_hardware_r 168.76120271560302 73.12999725341797 31.549999237060547 AB 8.929986687854683 1.4792910029577058
62404.2881 lsst_hardware_i 23.62557824751038 58.189998626708984 31.270000457763672 AB 7.963554445518713 1.3168341373325694
62409.225 lsst_hardware_r 23.053698331333642 44.83000183105469 32.150001525878906 AB 6.78327429138508 1.7393011003551488
62409.2502 lsst_hardware_i 34.58261934980434 56.2400016784668 31.950000762939453 AB 3.537101898384158 1.4846177957541062
62411.2799 lsst_hardware_u 0.4165801445898438 2.6500000953674316 28.299999237060547 AB 4.618638840855105 1.2585704314613
62411.3007 lsst_hardware_g -2.8418056031518293 15.720000267028809 31.43000030517578 AB 3.727800471647493 1.1698118634877068
62413.2529 lsst_hardware_r -24.948754090849793 23.079999923706055 31.43000030517578 AB 3.8000756477008926 1.3831030564880409
62413.2716 lsst_hardware_z 23.029675757347736 43.869998931884766 30.93000030517578 AB 3.4628500825640547 1.272872664055892
62416.2739 lsst_hardware_g 2.2859218636395937 13.079999923706055 31.329999923706055 AB 5.380355205086891 1.2228080011561115
62416.2939 lsst_hardware_r 9.597128160327033 22.06999969482422 31.450000762939453 AB 5.253162045511416 1.1459777586196258
62418.3012 lsst_hardware_z 29.192641620014367 41.5099983215332 30.940000534057617 AB 3.0128850795184383 1.1076444028743377
62418.3228 lsst_hardware_r 3.2271472610409093 21.479999542236328 31.469999313354492 AB 2.886169559912685 1.0584003520139016
62420.2516 lsst_hardware_z 68.22472524244228 44.13999938964844 30.93000030517578 AB 5.28341824869317 1.277473684955028
62420.271 lsst_hardware_r -20.717317757297426 22.270000457763672 31.459999084472656 AB 4.944496824409602 1.1892956883727246
62422.2244 lsst_hardware_g 7.9332218662413965 13.0600004196167 31.270000457763672 AB 8.186415524498122 1.4103162153149653
62422.241 lsst_hardware_i 1.050105578107331 31.850000381469727 31.209999084472656 AB 7.584920341763568 1.3052319399598877
62429.2644 lsst_hardware_z -61.879197433898696 53.72999954223633 30.959999084472656 AB 1.4396103510206133 1.1270435942228183
62429.283 lsst_hardware_r -45.769531909885195 66.18000030517578 31.639999389648438 AB 1.3742666668538102 1.078420089082247
62433.2632 lsst_hardware_z -4.962853468131045 58.70000076293945 30.969999313354492 AB 3.2701175376383294 1.0998153153491375
62433.2804 lsst_hardware_r -121.59596370054187 78.0199966430664 31.649999618530273 AB 3.1477198235676256 1.0611483841671576
62435.1903 lsst_hardware_i 68.37874558655695 56.560001373291016 31.260000228881836 AB 1.6773331667344678 1.4005008350134716
62435.2083 lsst_hardware_z -29.189111088031353 55.66999816894531 30.940000534057617 AB 1.6515082966721966 1.2899049440293127
62437.1941 lsst_hardware_g 33.62465701906282 35.16999816894531 31.559999465942383 AB 2.7202388799910313 1.3400191527046685
