data/validation/pwv_sim_epoch_fit_seasonal/24970395.ecsv
# %ECSV 0.9
# ---
# datatype:
# - {name: time, datatype: float64}
# - {name: band, datatype: string}
# - {name: flux, datatype: float64}
# - {name: fluxerr, datatype: float64}
# - {name: zp, datatype: float64}
# - {name: zpsys, datatype: string}
# - {name: pwv, datatype: float64}
# - {name: airmass, datatype: float64}
# meta: {SNID: '24970395', alt: 1024.0, c: -0.035641685128211975, dec: -10.958863, lat: -30.244573, lon: -70.7499537, ra: 68.554688, t0: 61390.515625,
#   x0: 2.1954581371632123e-06, x1: -0.03922763466835022, z: 0.8578501343727112}
# schema: astropy-2.0
time band flux fluxerr zp zpsys pwv airmass
61302.3618 lsst_hardware_g 8.100703214160799 13.649999618530273 31.40999984741211 AB 5.628850503373401 1.0779796686958316
61302.3784 lsst_hardware_y 78.29983971779012 47.13999938964844 30.040000915527344 AB 7.1091974953205925 1.0636407493682345
61304.3887 lsst_hardware_i -6.229689158047807 31.389999389648438 31.260000228881836 AB 3.3260156135974115 1.05988760026473
61306.3705 lsst_hardware_r -53.44150189565106 22.520000457763672 31.5 AB 1.8983092597218654 1.0621892715032988
61306.3908 lsst_hardware_y 86.17176949502637 49.849998474121094 30.040000915527344 AB 1.495730081855855 1.0614287984785864
61308.3662 lsst_hardware_r -19.354579167713542 62.22999954223633 31.639999389648438 AB 6.2816930456270414 1.0617245069934997
61308.3853 lsst_hardware_y -41.20274455413095 50.41999816894531 30.040000915527344 AB 6.8134883122643615 1.0614150114522243
61310.3621 lsst_hardware_z 67.11688279183568 61.75 30.979999542236328 AB 5.203637105112806 1.0612448208933416
61310.381 lsst_hardware_y 32.25301701747174 54.18000030517578 30.049999237060547 AB 5.997990367943429 1.061841797700437
61312.3661 lsst_hardware_z 54.152148636821494 58.349998474121094 30.979999542236328 AB 7.31598274631912 1.059852149550089
61312.3841 lsst_hardware_y -5.020495063244477 54.959999084472656 30.049999237060547 AB 7.524425747778858 1.0665884163360695
61314.3614 lsst_hardware_r 50.873150186947896 58.939998626708984 31.639999389648438 AB 4.422555301863965 1.0598870351167835
61314.3801 lsst_hardware_y 67.52695845227261 52.349998474121094 30.049999237060547 AB 4.494938360918076 1.0676813208831535
61316.3363 lsst_hardware_i -29.74780714797001 37.65999984741211 31.280000686645508 AB 3.0914573963464216 1.0660197918435936
61316.3537 lsst_hardware_z 9.816955973895093 44.650001525878906 30.959999084472656 AB 3.07355325959244 1.0598459515836
61318.3341 lsst_hardware_r -25.917641681251258 23.75 31.510000228881836 AB 8.086252428630662 1.0639805827145608
61318.3527 lsst_hardware_g -4.148836584287074 16.5 31.489999771118164 AB 8.05687291736256 1.0601148575477053
61320.3278 lsst_hardware_r -23.0974950123053 22.329999923706055 31.489999771118164 AB 4.891578260739233 1.0644664719438341
61320.3477 lsst_hardware_i 33.80699879973531 30.389999389648438 31.260000228881836 AB 3.8166674496183006 1.06018540267175
61322.3263 lsst_hardware_z 32.853996079406855 41.2400016784668 30.950000762939453 AB 2.8794917045031925 1.0624123863619785
61322.3453 lsst_hardware_i 46.916704988638415 30.3700008392334 31.260000228881836 AB 3.0215027808991546 1.0608588381646045
61324.3333 lsst_hardware_u 4.065180649441957 2.680000066757202 28.440000534057617 AB 4.774535043160945 1.0598498033247257
61324.35 lsst_hardware_g 0.03291616056131636 13.670000076293945 31.420000076293945 AB 4.688895872952055 1.0656581529436489
61329.3204 lsst_hardware_z -5.78372590791534 41.2400016784668 30.950000762939453 AB 7.453445161432173 1.059882233696538
61329.3383 lsst_hardware_u -0.5357966868896124 2.7200000286102295 28.469999313354492 AB 7.7931733048866665 1.0670342144682405
61331.3192 lsst_hardware_g 1.8722481544287137 13.630000114440918 31.420000076293945 AB 6.466783365848875 1.0604761177188118
61331.3361 lsst_hardware_r -15.962015833684887 22.450000762939453 31.5 AB 6.860584536032145 1.0696682184419637
61333.3152 lsst_hardware_i -29.20459573440943 30.469999313354492 31.25 AB 1.3202127338821235 1.0608378737501998
61333.3332 lsst_hardware_z -17.241982221942678 41.459999084472656 30.950000762939453 AB 1.299301797725343 1.0720311862414829
61336.3111 lsst_hardware_i 29.114148671651616 44.380001068115234 31.299999237060547 AB 3.301841998598112 1.0622832779209466
61336.3297 lsst_hardware_z -70.54367056089899 46.939998626708984 30.959999084472656 AB 3.3501396376687924 1.0770421596747977
61338.2961 lsst_hardware_z 25.38607142518135 90.41999816894531 31.729999542236328 AB 4.025757624027064 1.0598980119863264
61341.2831 lsst_hardware_r -46.97811762001024 87.61000061035156 31.65999984741211 AB 2.4096500845115765 1.0600022366706594
61341.3009 lsst_hardware_i -45.894833263645175 70.2300033569336 31.329999923706055 AB 3.09402098824203 1.063999193549344
61351.2156 lsst_hardware_r 14.887229649609603 23.040000915527344 31.489999771118164 AB 5.094740728526041 1.0960753118131739
61357.2391 lsst_hardware_r 4.51892645837233 22.831784283796956 31.479999542236328 AB 7.094640766411164 1.0600354757194757
61357.2575 lsst_hardware_u -0.24956223978492628 2.611545698091951 28.360000610351562 AB 4.687962872088267 1.0641562209643463
61359.2424 lsst_hardware_g -16.636600071493966 13.878354341087716 31.40999984741211 AB 7.9306816577911805 1.0603933223412039
61359.2596 lsst_hardware_r -2.0436394184055566 22.873111534893606 31.489999771118164 AB 4.914963471813432 1.0696135663437585
61361.2572 lsst_hardware_i -28.012877889537698 31.05733254029434 31.239999771118164 AB 4.2959246906218835 1.0724618516988975
61361.278 lsst_hardware_z 19.48714345276456 42.16578877638144 30.940000534057617 AB 4.4217521019767405 1.1020858477073516
61364.2279 lsst_hardware_z 59.5816825571935 47.50762399175255 30.959999084472656 AB 5.2119147214657415 1.0602301518492778
61364.2475 lsst_hardware_r -38.54663844217141 38.53984277617386 31.600000381469727 AB 5.248660950318499 1.0710095803941977
61366.1366 lsst_hardware_z 139.19599912622982 84.99580847389527 31.709999084472656 AB 5.0213434325184005 1.1977919371490637
61366.1568 lsst_hardware_r 308.42910816291754 105.17049661475997 32.380001068115234 AB 4.7461192942432495 1.1342819607440682
61370.2188 lsst_hardware_r -27.14107386827233 96.03741247506231 31.649999618530273 AB 5.612158352838123 1.0625063144335711
61370.2374 lsst_hardware_z 23.170171943489265 69.15884829365064 30.979999542236328 AB 5.68694806357069 1.077651782251339
61372.2178 lsst_hardware_g 214.8908047673528 55.839923306543625 31.709999084472656 AB 4.089760167930018 1.0649030511469908
61372.2367 lsst_hardware_r 309.35049823373885 57.57528647899243 31.6299991607666 AB 4.167064980703289 1.0837620235899321
61374.2215 lsst_hardware_i 444.3207207764086 41.43940898311491 31.270000457763672 AB 5.858259943737272 1.072254039303976
61374.2403 lsst_hardware_z 314.9997888351356 47.76786803391373 30.950000762939453 AB 5.983112667283373 1.098053895442415
61376.2175 lsst_hardware_r 319.1287588057393 29.60717601331574 31.489999771118164 AB 6.76451714314771 1.0737328798647159
61376.2364 lsst_hardware_g 99.59286462394093 18.772526958413586 31.469999313354492 AB 6.93554155363465 1.1008796116880397
61379.1947 lsst_hardware_u 7.535915931776314 2.880854286914583 28.459999084472656 AB 2.4653367837017623 1.0627215103247774
61379.2121 lsst_hardware_r 427.9332928691649 30.94466783482471 31.489999771118164 AB 2.8656290543708702 1.0767981416141046
61381.1936 lsst_hardware_i 637.6117669404546 40.23873918764381 31.25 AB 4.270837159799247 1.0651352131846155
61381.2111 lsst_hardware_z 440.2755646001716 46.911467548557944 30.950000762939453 AB 4.551868388405624 1.082360810463827
61383.1936 lsst_hardware_r 514.7330036887981 32.07949600355538 31.5 AB 6.514361226781047 1.069198839076123
61383.2126 lsst_hardware_u 3.3618006434419905 2.8561845002403112 28.479999542236328 AB 6.007744046426822 1.0927144500596702
61385.1813 lsst_hardware_g 50.16506423626361 16.239710615065825 31.43000030517578 AB 10.749342617324825 1.0642913482499827
61385.2013 lsst_hardware_r 499.7290265490355 32.13206541361954 31.489999771118164 AB 10.947272727328201 1.0838883888443764
61387.1835 lsst_hardware_i 761.825437666518 41.067227573505136 31.25 AB 11.851398281395488 1.0699104704699567
61387.2016 lsst_hardware_z 585.6025594059995 47.82460213728952 30.950000762939453 AB 12.112032394908717 1.092584935043033
61389.1856 lsst_hardware_r 443.43289999567054 31.502420440996676 31.479999542236328 AB 8.595187741119792 1.0777367869456917
61389.205 lsst_hardware_g 47.016030647885614 15.571620423776118 31.3799991607666 AB 8.830519196108758 1.1088187997380468
61394.1301 lsst_hardware_r 315.2981969254261 63.61490368456819 31.639999389648438 AB 3.2451029427266183 1.062226822496438
61394.1497 lsst_hardware_z 622.6183819353843 57.87760896464807 30.979999542236328 AB 3.193467608841211 1.061128961236488
61396.1149 lsst_hardware_y 241.63946069969154 57.78354773063546 30.049999237060547 AB 4.287847107078837 1.0682229962827199
61396.1355 lsst_hardware_r 294.84637272758016 92.81638543791662 31.649999618530273 AB 3.715464047860207 1.0598200236354838
61405.0908 lsst_hardware_r 437.60857157106113 38.04209146344889 32.25 AB 7.994141071532552 1.067843188716944
61405.1128 lsst_hardware_i 977.8583853148444 53.43320402560505 32.0099983215332 AB 7.86544575886472 1.05985457421118
61407.0946 lsst_hardware_z 393.31488345917296 45.70176038279787 30.940000534057617 AB 5.377246138525042 1.0622245322781454
61407.116 lsst_hardware_r 130.28557513314718 26.171692146651637 31.479999542236328 AB 5.379371238796741 1.0617529337405982
61409.0821 lsst_hardware_u -4.592802204352751 2.62386368131049 28.389999389648438 AB 2.4119897842466136 1.0661906439370599
61409.1019 lsst_hardware_r 181.89746747496943 25.680318802006454 31.479999542236328 AB 2.4376649392034593 1.0598543213928084
61411.0821 lsst_hardware_i 387.20094050820006 35.79638172584497 31.25 AB 10.416168361147623 1.0629466318607683
61411.1022 lsst_hardware_z 327.7662637611647 45.14166746660502 30.950000762939453 AB 9.120268042683723 1.0608046574799326
61413.0827 lsst_hardware_r 149.76241880090978 25.031706723545803 31.5 AB 8.839494074130233 1.0606862545828988
61413.1038 lsst_hardware_u -1.6331782161674622 2.7244407127633585 28.469999313354492 AB 6.145301336814308 1.063691669192414
61415.0812 lsst_hardware_g -13.331584526247848 13.951288078898726 31.399999618530273 AB 9.559105356373145 1.0599636321980928
61415.1026 lsst_hardware_r 133.1871839542192 24.463546666533727 31.489999771118164 AB 9.043806150480306 1.0663608242518932
61418.075 lsst_hardware_i 228.38523774310656 34.18395193918838 31.25 AB 2.1196485795487603 1.0598242897743801
61418.0947 lsst_hardware_z 245.51470318844557 44.28329790610134 30.950000762939453 AB 3.1413999976944935 1.0665685822864774
61420.0486 lsst_hardware_y 174.32787718058492 51.580550276982855 30.049999237060547 AB 6.404260176511088 1.0688463598299476
61420.0675 lsst_hardware_r 23.634765761947083 29.712672697229788 31.549999237060547 AB 6.358745040448206 1.059967501324922
61422.0481 lsst_hardware_y 157.2307827781356 51.82066716788817 30.049999237060547 AB 2.906619455276215 1.0651834925428258
61422.0673 lsst_hardware_r 43.20013166481658 46.24027287428016 31.6200008392334 AB 2.899401297327205 1.0599163945630434
61424.0481 lsst_hardware_y 59.862495008690104 54.32747278191816 30.049999237060547 AB 3.8998024597419385 1.0622546706821703
61424.0673 lsst_hardware_z 273.3812786205491 57.699015365433404 30.979999542236328 AB 3.8879311193739556 1.0609717886134413
61428.0359 lsst_hardware_y 148.95155098701835 69.07433360466918 30.049999237060547 AB 8.809319969429495 1.0628364564673338
61428.0558 lsst_hardware_r 256.2655674912984 73.18004382759156 31.639999389648438 AB 7.606509261952759 1.0608059775403054
61430.0445 lsst_hardware_z 227.05890851544333 75.10473605690973 31.719999313354492 AB 7.50335862643324 1.0598463147652606
61434.0337 lsst_hardware_y 69.51330112321772 64.11627998427491 30.049999237060547 AB 13.483704358480907 1.0598521769719118
61434.0512 lsst_hardware_i 44.0404430079718 32.315069285589814 31.25 AB 13.526133070991415 1.0667016958800832
61677.368 lsst_hardware_u 0.913743471314647 2.619999885559082 28.389999389648438 AB 7.328527357327221 1.059929230901852
61677.3872 lsst_hardware_y 55.41390001549935 50.7599983215332 30.040000915527344 AB 7.506188740552662 1.068445920556936
61679.3584 lsst_hardware_i -31.096033688159654 30.40999984741211 31.239999771118164 AB 4.429191352134076 1.0599321213602073
61679.3782 lsst_hardware_y 6.512975791783822 48.38999938964844 30.030000686645508 AB 4.461473104143346 1.0658081949697435
61681.3611 lsst_hardware_r -23.014546804512765 22.40999984741211 31.489999771118164 AB 3.0755842594126683 1.060546296349196
61681.3798 lsst_hardware_y 63.15742459025074 48.88999938964844 30.040000915527344 AB 2.809087054807406 1.0715571446909806
61683.3334 lsst_hardware_u -0.8537530863312999 2.5999999046325684 28.3799991607666 AB 8.092575594113297 1.0648125781728024
61683.352 lsst_hardware_g 21.68785768796266 13.449999809265137 31.399999618530273 AB 8.055700071792371 1.0599605357621542
61685.3304 lsst_hardware_r 8.83606835738137 22.5 31.489999771118164 AB 4.961176256745416 1.063413030168729
61685.3506 lsst_hardware_i 27.46795799338726 30.520000457763672 31.25 AB 3.818325027601394 1.0606458410003872
61691.33 lsst_hardware_i -51.6970119549755 50.38999938964844 31.309999465942383 AB 5.513483973414931 1.059945653331826
61691.3486 lsst_hardware_z -1.712343448064852 49.52000045776367 30.959999084472656 AB 5.868888828214844 1.0681388348739365
61693.2667 lsst_hardware_r -140.01980600129812 95.61000061035156 31.639999389648438 AB 7.06445789890328 1.1209866548561953
61693.2827 lsst_hardware_z -99.22122652399653 65.56999969482422 30.979999542236328 AB 6.942420619564869 1.0901471792041144
61695.3194 lsst_hardware_y -43.44763130573507 56.45000076293945 30.059999465942383 AB 5.730220308424388 1.0599741599009227
61695.3376 lsst_hardware_r 131.6554614509349 94.0999984741211 31.649999618530273 AB 5.21433939252983 1.0680744351760998
61697.3197 lsst_hardware_i 34.40459474250465 59.77000045776367 31.329999923706055 AB 4.032435350974128 1.0611671976247707
61697.3372 lsst_hardware_z -51.31280251371585 57.97999954223633 30.979999542236328 AB 4.082711480694099 1.0726100746196952
61704.286 lsst_hardware_u -0.0625792664862767 2.799999952316284 28.540000915527344 AB 1.4848142705606506 1.0605816218290363
61704.3027 lsst_hardware_r -58.32129440906197 22.459999084472656 31.489999771118164 AB 1.419786084692456 1.0619192854842603
61706.288 lsst_hardware_i 14.592566717182391 30.469999313354492 31.25 AB 2.353183611852514 1.0598732628544145
61706.3052 lsst_hardware_z 63.614467794827405 41.459999084472656 30.950000762939453 AB 3.031390668910216 1.066295999616473
61710.1879 lsst_hardware_u 0.9294250225482017 3.6600000858306885 29.040000915527344 AB 5.428719688760681 1.2246153144056908
61710.2175 lsst_hardware_g 21.599631722162275 19.440000534057617 32.130001068115234 AB 5.5255927803597995 1.1275952888292902
61721.266 lsst_hardware_z -23.25492823276743 60.099998474121094 30.969999313354492 AB 4.377100647215059 1.0675855237109901
61721.2849 lsst_hardware_r -2.882112452695534 78.54000091552734 31.639999389648438 AB 4.4664335653784635 1.0893740403362107
61723.2336 lsst_hardware_r 116.98815416221387 114.1500015258789 31.65999984741211 AB 7.732012195185604 1.0607054249516352
61723.2521 lsst_hardware_z -68.56232119642165 76.25 30.989999771118164 AB 5.999657752458609 1.0624504608570795
61725.2404 lsst_hardware_z -75.55949445907594 65.97000122070312 30.989999771118164 AB 7.963687208065351 1.0604110796358657
61725.2587 lsst_hardware_i 50.846176001274216 73.69999694824219 31.329999923706055 AB 6.286053129677351 1.070638486654691
61727.2266 lsst_hardware_r -58.775894354155845 55.349998474121094 31.6299991607666 AB 4.792751312300824 1.0599914436140274
61727.2463 lsst_hardware_z -2.5516614164197717 50.97999954223633 30.959999084472656 AB 4.825518062446249 1.065235775374521
61733.2144 lsst_hardware_g -15.944649694481864 14.140000343322754 31.43000030517578 AB 7.991073530073756 1.0598709310855285
61733.2334 lsst_hardware_r 25.113297339647712 23.020000457763672 31.5 AB 8.166634477741193 1.067708380812808
61735.2285 lsst_hardware_i 26.443591996715476 30.719999313354492 31.25 AB 5.637340759101414 1.0681502101499551
61735.2483 lsst_hardware_z 12.006048615251894 41.790000915527344 30.940000534057617 AB 5.777982087360289 1.0919365184465772
61737.2235 lsst_hardware_r 17.35009169456243 22.8700008392334 31.489999771118164 AB 4.1939503724354745 1.0685223878814807
61737.2422 lsst_hardware_u 3.0896604782784824 2.640000104904175 28.3700008392334 AB 4.340735687446923 1.0909112056916117
