data/validation/pwv_sim_epoch_fit_seasonal/25507610.ecsv
# %ECSV 0.9
# ---
# datatype:
# - {name: time, datatype: float64}
# - {name: band, datatype: string}
# - {name: flux, datatype: float64}
# - {name: fluxerr, datatype: float64}
# - {name: zp, datatype: float64}
# - {name: zpsys, datatype: string}
# - {name: pwv, datatype: float64}
# - {name: airmass, datatype: float64}
# meta: {SNID: '25507610', alt: 1024.0, c: -0.12626749277114868, dec: 0.0, lat: -30.244573, lon: -70.7499537, ra: 10.371094, t0: 60195.95703125,
#   x0: 1.6548454195471182e-05, x1: 0.16867680847644806, z: 0.37159061431884766}
# schema: astropy-2.0
time band flux fluxerr zp zpsys pwv airmass
60128.4149 lsst_hardware_z 16.557493662794712 104.02999877929688 30.979999542236328 AB 7.646877409502641 1.180346902755675
60128.4349 lsst_hardware_y 40.25170095055834 110.91999816894531 30.040000915527344 AB 8.13022758590543 1.1614610837007757
60130.3893 lsst_hardware_y 304.55432770032706 155.5399932861328 30.770000457763672 AB 5.002078939248575 1.2198952803776628
60132.4162 lsst_hardware_r -14.022786028687015 80.25 31.6299991607666 AB 1.7916977307146298 1.166533165242014
60132.4288 lsst_hardware_z -89.55575266145013 104.23999786376953 30.989999771118164 AB 1.9116393594353456 1.1597407640659325
60139.4056 lsst_hardware_i 82.28805723986532 85.44000244140625 31.31999969482422 AB 6.932281995470527 1.1611376400436375
60139.4256 lsst_hardware_y -113.12031051758969 111.05000305175781 30.040000915527344 AB 7.929277634797238 1.1616712646664817
60143.388 lsst_hardware_u -10.789819250120656 26.889999389648438 29.3799991607666 AB 2.1207567096988513 1.1650908994362594
60143.4077 lsst_hardware_g 96.98907644376196 85.98999786376953 31.68000030517578 AB 2.114438576298293 1.1593905833026965
60148.3784 lsst_hardware_z -104.37243843954224 147.35000610351562 31.739999771118164 AB 6.007246597142526 1.1624491504314578
60148.3989 lsst_hardware_r -164.50904337167782 113.41000366210938 32.380001068115234 AB 6.014961144208324 1.1607412474350298
60159.2979 lsst_hardware_z 124.83557197994338 103.56999969482422 30.969999313354492 AB 2.887347401819849 1.2553684355738475
60159.3218 lsst_hardware_r -35.237636064261615 79.87999725341797 31.6200008392334 AB 2.7469611618819845 1.194330939948689
60161.3534 lsst_hardware_y 174.99116627052538 158.0 30.780000686645508 AB 2.3033456043496074 1.1591590376264411
60163.314 lsst_hardware_r 124.07880079547668 79.93000030517578 31.6200008392334 AB 4.95432781068261 1.1887533737541256
60163.3347 lsst_hardware_i -94.88870923651963 85.41999816894531 31.31999969482422 AB 4.996996712201633 1.1641679068575677
60166.3241 lsst_hardware_z -290.7434364758711 104.31999969482422 30.989999771118164 AB 5.633148469990338 1.165961460602388
60166.3444 lsst_hardware_r -103.36253425507817 80.31999969482422 31.6299991607666 AB 5.919514910357019 1.1593252860080334
60175.2385 lsst_hardware_g 271.7805445288441 120.26129462327107 32.380001068115234 AB 3.1427978037893567 1.315987635057306
60175.2634 lsst_hardware_i 570.6997732999536 122.70877391844016 32.060001373291016 AB 3.026427743497291 1.227884265542919
60177.3441 lsst_hardware_r 941.0093135727975 87.24962341814879 31.6200008392334 AB 2.2236686217022674 1.1843774283367603
60177.364 lsst_hardware_u 31.60367312497231 26.804591421596008 29.31999969482422 AB 2.2676036317438437 1.2262288126234115
60180.285 lsst_hardware_u 15.583474179519913 28.033358110049345 29.389999389648438 AB 3.2690618538514 1.1666887415601002
60180.3043 lsst_hardware_g 1325.5831832494378 95.1027303897344 31.68000030517578 AB 3.6104474044077057 1.1591451655534812
60182.2452 lsst_hardware_r 2437.9914851353574 95.6535774641054 31.600000381469727 AB 3.0442132359076535 1.2254464552462878
60182.2617 lsst_hardware_i 1855.2726550007267 95.63270413382187 31.299999237060547 AB 2.6476190081018074 1.189495623258019
60184.2524 lsst_hardware_z 1463.6593154452569 110.2483396679291 30.979999542236328 AB 4.375680899736226 1.1965219851616697
60184.27 lsst_hardware_r 3437.537875139756 99.03638648304609 31.6200008392334 AB 4.324701182893414 1.1705254013605415
60187.2403 lsst_hardware_z 1762.3148747659682 112.13902540407844 30.979999542236328 AB 5.123304590517839 1.2044914988874666
60187.2573 lsst_hardware_r 4743.628074651371 104.864858912349 31.6200008392334 AB 5.814831431420161 1.1757030695373536
60196.2305 lsst_hardware_r 6107.685791681594 111.18354379474552 31.6200008392334 AB 3.5859906120345704 1.1786329045306723
60196.2501 lsst_hardware_i 4052.2405827599378 106.04535700475168 31.309999465942383 AB 4.992791185245943 1.1611142291269634
60199.1978 lsst_hardware_i 3773.640146297921 105.53863619852201 31.299999237060547 AB 3.282806391386 1.2280972876712433
60199.2157 lsst_hardware_z 2509.915496166881 114.66554502393778 30.979999542236328 AB 3.6004528441452375 1.1887913859163233
60201.2009 lsst_hardware_r 5501.537666396865 108.37893804984 31.610000610351562 AB 1.060300981627163 1.2070592713714026
60201.2193 lsst_hardware_u 25.32553604047322 27.789046211496633 29.389999389648438 AB 1.4290258604000758 1.1754273990541444
60209.1969 lsst_hardware_r 3778.21705292882 100.83989578593119 31.6200008392334 AB 2.606308497763865 1.1761319935757513
60209.2177 lsst_hardware_y 710.9207348589647 112.68481080201623 30.040000915527344 AB 2.462408223836742 1.1600085850131865
60211.1596 lsst_hardware_z 1637.6679128217725 110.84860885135707 30.979999542236328 AB 4.370027656676813 1.2437523866926392
60211.1766 lsst_hardware_r 3362.086804684943 98.4356725129891 31.610000610351562 AB 4.494114726686517 1.2006718478991494
60215.1805 lsst_hardware_i 2559.094130624517 98.22210109822922 31.309999465942383 AB 5.368664699076821 1.1761565748777574
60215.2014 lsst_hardware_z 1221.081418558024 110.56667728691926 30.989999771118164 AB 5.181273494161913 1.159986603170712
60221.1268 lsst_hardware_g 757.8438605311866 88.35960833391589 31.639999389648438 AB 2.2901782416237118 1.2615165893727125
60221.149 lsst_hardware_i 1920.5454556093591 95.72497444157165 31.309999465942383 AB 2.183430477067722 1.2012821844396253
60227.1517 lsst_hardware_g 803.9295168825282 125.18032456686255 32.43000030517578 AB 3.720053181235181 1.1714858073485062
60227.1724 lsst_hardware_r 2263.1239415387968 123.19468726983312 32.380001068115234 AB 4.009074144839185 1.1592503551342221
60236.1474 lsst_hardware_g 216.38125203344745 88.92360551458127 31.68000030517578 AB 4.424662552443521 1.159300232081272
60236.1658 lsst_hardware_i 1283.5123638061773 93.41164518082498 31.309999465942383 AB 4.499838960399388 1.1647555548917405
60238.1058 lsst_hardware_r 652.0234891483472 83.82044459106638 31.610000610351562 AB 3.130229003348621 1.1949339284300393
60238.1233 lsst_hardware_z 690.9500996347892 108.30122650560747 30.989999771118164 AB 3.06629170543576 1.1697822433710503
60240.1058 lsst_hardware_r 437.40520382247104 83.72785121385853 31.6200008392334 AB 6.291986820843624 1.1854152957912736
60240.1231 lsst_hardware_y 190.59368400675496 112.05945572685592 30.040000915527344 AB 6.230749821714521 1.1651706071462855
60242.1062 lsst_hardware_z 816.065299797833 107.59112503649087 30.989999771118164 AB 5.344131225756922 1.1769053901465587
60242.1231 lsst_hardware_r 588.9297911783121 83.6541914890292 31.6299991607666 AB 5.283139539062433 1.1617679030374213
60246.1015 lsst_hardware_r 486.36300693928376 83.21367444087701 31.6200008392334 AB 3.430061405955288 1.1697378899472393
60246.1169 lsst_hardware_z 750.9121075563979 107.2122238380361 30.989999771118164 AB 3.4566401088653405 1.1599463452566645
60250.0841 lsst_hardware_r 395.107629604771 82.64162665907175 31.6200008392334 AB 6.6298267339844905 1.1772406156821436
60250.1037 lsst_hardware_z 406.4200235854311 106.63537642271376 30.989999771118164 AB 6.390596074584581 1.160695518314136
60260.0541 lsst_hardware_i 590.0889283488849 88.3236387049487 31.309999465942383 AB 5.384245678700025 1.180971452100304
60260.0736 lsst_hardware_r 380.7332459979415 82.31386966518772 31.6200008392334 AB 5.328957419103959 1.1619422009494818
60264.0557 lsst_hardware_r 320.6465562082828 82.24056506568797 31.6200008392334 AB 6.968037395493742 1.1666543245050354
60264.0724 lsst_hardware_i 423.1602053512458 88.31631586835381 31.309999465942383 AB 6.930804036437441 1.1591588632369239
60267.0615 lsst_hardware_z -87.28130481405871 105.30999755859375 30.989999771118164 AB 5.470014222729335 1.1594949863586939
60267.0815 lsst_hardware_r 47.7108005966907 81.9800033569336 31.6200008392334 AB 5.495618480952952 1.1650047126934022
60269.0715 lsst_hardware_z 143.94446843138974 104.20999908447266 30.989999771118164 AB 4.489868452016959 1.1621246155085285
60269.1005 lsst_hardware_g -90.0501933630658 85.66999816894531 31.670000076293945 AB 4.023965796647073 1.1977871101792152
60271.0276 lsst_hardware_y 193.48025608407397 111.29000091552734 30.030000686645508 AB 8.944602394025047 1.1761475863280797
60271.0492 lsst_hardware_r 7.151551575396479 82.08999633789062 31.6200008392334 AB 7.916566994139704 1.159794944813515
60273.0265 lsst_hardware_y 139.84141707970733 111.44000244140625 30.030000686645508 AB 7.3379974673509585 1.171050477540953
60273.0451 lsst_hardware_r 80.8452056164988 82.02999877929688 31.6200008392334 AB 5.9845480236568545 1.1594965171125862
60275.0261 lsst_hardware_z 14.537732629524086 104.01000213623047 30.979999542236328 AB 5.7075346497981245 1.1662906053227329
60275.0475 lsst_hardware_g -151.03836098196845 86.01000213623047 31.68000030517578 AB 4.286864322809575 1.159447617060058
60277.0269 lsst_hardware_y 168.96039230731273 111.04000091552734 30.040000915527344 AB 7.1917571776537415 1.1620850766433923
60277.0462 lsst_hardware_i 78.41433697812845 85.43000030517578 31.31999969482422 AB 6.245637819385958 1.1605756423647604
60279.0287 lsst_hardware_y 68.90894681964802 111.05999755859375 30.040000915527344 AB 8.68947814315766 1.159498918246324
60279.0479 lsst_hardware_r 72.40341196545003 80.12000274658203 31.6200008392334 AB 9.704504953957187 1.164400866370898
60281.0289 lsst_hardware_y 56.980531021631 110.9800033569336 30.040000915527344 AB 7.774655938560276 1.1591723867257315
60281.0472 lsst_hardware_g -64.13948273974566 86.0 31.68000030517578 AB 7.75173111713045 1.1682791906847414
60493.4191 lsst_hardware_u -2.9241838944954193 2.950000047683716 28.43000030517578 AB 8.229979632655319 1.1757113760936169
60493.4371 lsst_hardware_z -80.07137672460021 47.27000045776367 30.950000762939453 AB 8.12616065031048 1.160880092901497
60495.3797 lsst_hardware_r -5.877175056357329 26.479999542236328 31.5 AB 4.928720025842128 1.2492003613846074
60495.4 lsst_hardware_y -50.859034277202504 49.459999084472656 30.0 AB 4.670585548020825 1.1975860379540577
60499.4232 lsst_hardware_u 1.2650919596171515 3.0299999713897705 28.479999542236328 AB 2.684324089894939 1.1600363396261881
60499.442 lsst_hardware_y -34.389080245178285 63.0099983215332 30.020000457763672 AB 2.701285368278648 1.1628434646055308
60501.4181 lsst_hardware_r -7.745443890374201 25.84000015258789 31.5 AB 10.698592075487658 1.159938064399966
60501.4376 lsst_hardware_y -12.717222819403153 54.97999954223633 30.010000228881836 AB 10.725062777874735 1.1634912972309388
60503.4166 lsst_hardware_r -1.3691863818216428 25.639999389648438 31.510000228881836 AB 7.090297562700998 1.159239887083928
60503.4351 lsst_hardware_y -76.80454611820088 51.41999816894531 30.010000228881836 AB 7.503211060238141 1.1655775259276318
60506.4107 lsst_hardware_g -8.391924029682768 16.079999923706055 31.43000030517578 AB 3.927258183644444 1.159167114416896
60506.4293 lsst_hardware_z -0.9195240332506868 45.029998779296875 30.940000534057617 AB 3.3687185060802642 1.1675655510199339
60511.3747 lsst_hardware_z 89.25792817924473 57.959999084472656 30.959999084472656 AB 4.827931533057004 1.1703130736240315
60511.3932 lsst_hardware_r -45.64258431120744 74.31999969482422 31.6200008392334 AB 6.75138402154899 1.1594339724453013
60516.3658 lsst_hardware_r -168.5758811420686 97.02999877929688 31.6200008392334 AB 8.299871809612716 1.1659852694375157
60516.3874 lsst_hardware_z 58.31200440976135 73.91000366210938 30.969999313354492 AB 7.81924870251716 1.159624104680293
60527.2969 lsst_hardware_r -8.829403117865123 24.649999618530273 31.469999313354492 AB 3.362089113291735 1.2354565580444887
60527.3148 lsst_hardware_i 21.1173603466733 32.439998626708984 31.229999542236328 AB 3.320295579471985 1.1934923003134381
60529.3518 lsst_hardware_z -48.073064089116265 61.58000183105469 31.690000534057617 AB 2.907721104674404 1.1596096130306695
60529.3709 lsst_hardware_r 11.176213774075398 35.09000015258789 32.2400016784668 AB 2.89763166453508 1.1719440503683751
60531.3382 lsst_hardware_u 3.986088463567762 2.819999933242798 28.43000030517578 AB 5.9289686031594435 1.1595114608525638
60531.3574 lsst_hardware_g -18.49977964519142 15.479999542236328 31.43000030517578 AB 5.952666408676059 1.1646584531021262
60535.3154 lsst_hardware_r -15.04330324407582 24.969999313354492 31.5 AB 3.9236736708597446 1.1648709562176383
60535.3345 lsst_hardware_u -1.6826544421563587 2.859999895095825 28.459999084472656 AB 4.058067379991452 1.1594478228547005
60537.3048 lsst_hardware_g 1.3609018421718375 30.899999618530273 31.600000381469727 AB 5.637512704980402 1.1692445722244948
60537.3269 lsst_hardware_r -12.719887588284097 32.470001220703125 31.549999237060547 AB 5.5708141043179245 1.1592177507771224
60539.3177 lsst_hardware_i -23.9066583843838 52.459999084472656 31.299999237060547 AB 3.855613776293406 1.1593215895041438
60539.3324 lsst_hardware_z -38.71728313959633 53.119998931884766 30.959999084472656 AB 3.8753660037131916 1.1626388670857428
60541.331 lsst_hardware_r -156.4591530879143 104.36000061035156 31.6299991607666 AB 2.765321644322439 1.1653272837431266
60541.3507 lsst_hardware_z 46.318310133827204 72.55000305175781 30.969999313354492 AB 3.1487064689128137 1.1896875827126498
60549.2457 lsst_hardware_r 1.9742961595505197 24.8700008392334 31.489999771118164 AB 4.814005275330384 1.2123921949288032
60549.2636 lsst_hardware_y 77.6099230235669 48.970001220703125 30.010000228881836 AB 4.353208441455648 1.1791986748864056
60555.243 lsst_hardware_r 21.380790702578675 24.700000762939453 31.489999771118164 AB 0.863442647130459 1.1855047786688226
60555.2609 lsst_hardware_i 10.599995632251145 32.38999938964844 31.239999771118164 AB 1.5014331319905339 1.1648046020097238
60559.2251 lsst_hardware_u -1.943372795058196 2.7200000286102295 28.350000381469727 AB 2.232992550219533 1.1979573767272174
60559.2424 lsst_hardware_g -8.648336433559365 15.329999923706055 31.420000076293945 AB 2.2025232043406913 1.1716587663839124
60566.1824 lsst_hardware_i -56.925447814179975 42.790000915527344 31.270000457763672 AB 1.1205558502431907 1.260585938213167
60566.199 lsst_hardware_r -0.45286228668247275 43.720001220703125 31.59000015258789 AB 1.0704338461857108 1.2130707483453138
60568.2096 lsst_hardware_z -127.78859721115404 80.58000183105469 31.709999084472656 AB 3.911730445653253 1.1822679162767171
60571.1875 lsst_hardware_z 29.24988257636279 116.7300033569336 30.979999542236328 AB 7.3695885080984445 1.208129263622696
60571.2063 lsst_hardware_r -262.60967914960173 171.92999267578125 31.6299991607666 AB 7.181492174629081 1.1755593672661582
60578.1797 lsst_hardware_i 8.037362023396208 46.70000076293945 31.979999542236328 AB 4.029349006533219 1.1863238647234924
60578.1999 lsst_hardware_r -12.463124521618377 35.5 32.2400016784668 AB 3.9429065301035164 1.1635855288897436
60580.1883 lsst_hardware_u 3.996225811375648 2.759999990463257 28.3700008392334 AB 5.3537119289884725 1.1684012575768241
60580.2071 lsst_hardware_g -3.1139347716471955 15.699999809265137 31.43000030517578 AB 5.2594886310592734 1.1592224000865328
60584.1751 lsst_hardware_z -22.96273079464011 43.59000015258789 30.940000534057617 AB 5.300686485898897 1.1706463087232548
60584.1937 lsst_hardware_r -39.49562584784688 25.030000686645508 31.489999771118164 AB 5.238974969475903 1.1594928003266478
60586.1748 lsst_hardware_u 1.597775182096941 2.759999990463257 28.360000610351562 AB 2.6143776678238515 1.1659183890993838
60586.1938 lsst_hardware_g 9.26866316497449 15.829999923706055 31.43000030517578 AB 2.5712860857748563 1.1592813732076719
60590.1405 lsst_hardware_i -16.083752044420365 33.29999923706055 31.229999542236328 AB 5.974854338710406 1.1978857230014341
60590.1588 lsst_hardware_r 2.255007681940281 25.290000915527344 31.489999771118164 AB 5.829393069459923 1.1705608573212696
60592.1414 lsst_hardware_z 26.939504918998047 44.310001373291016 30.950000762939453 AB 3.7764620310565022 1.1864473864455336
60592.1598 lsst_hardware_g 42.13885152578982 17.670000076293945 31.489999771118164 AB 3.6815645444325367 1.1648677565046348
