data/validation/pwv_sim_epoch_fit_seasonal/25732162.ecsv
# %ECSV 0.9
# ---
# datatype:
# - {name: time, datatype: float64}
# - {name: band, datatype: string}
# - {name: flux, datatype: float64}
# - {name: fluxerr, datatype: float64}
# - {name: zp, datatype: float64}
# - {name: zpsys, datatype: string}
# - {name: pwv, datatype: float64}
# - {name: airmass, datatype: float64}
# meta: {SNID: '25732162', alt: 1024.0, c: -0.040059614926576614, dec: -19.946699, lat: -30.244573, lon: -70.7499537, ra: 157.851562,
#   t0: 61186.25390625, x0: 1.0995580891489525e-05, x1: -1.1864205598831177, z: 0.44225239753723145}
# schema: astropy-2.0
time band flux fluxerr zp zpsys pwv airmass
[from data line 133]
61438.2404 lsst_hardware_g 17.162538227629515 14.109999656677246 31.459999084472656 AB 10.693584166811924 1.0293014358044685
61442.2169 lsst_hardware_z 33.83910751391276 41.220001220703125 30.959999084472656 AB 4.5005331257269505 1.0442072217463922
61442.2355 lsst_hardware_u -0.5799696166405965 2.859999895095825 28.579999923706055 AB 4.415699739457587 1.024167862566986
61445.2057 lsst_hardware_i -54.29138422754567 30.65999984741211 31.260000228881836 AB 5.919941898990962 1.0486434634490271
61445.2229 lsst_hardware_z -57.88076392752461 40.95000076293945 30.950000762939453 AB 5.482635804538115 1.0278015005695398
61450.2041 lsst_hardware_g 11.95206610934983 14.130000114440918 31.43000030517578 AB 1.3575873977669424 1.032909508825977
61450.2213 lsst_hardware_r 0.20762736713565716 22.809999465942383 31.5 AB 2.2937692186168825 1.0194529860519184
61452.2008 lsst_hardware_i 10.451641932858182 35.41999816894531 31.280000686645508 AB 4.321344710959311 1.030650247078581
61452.2173 lsst_hardware_r 32.7254598996474 22.719999313354492 31.510000228881836 AB 4.068488031937345 1.0187775214567032
61454.2505 lsst_hardware_z 138.97836621409667 71.47000122070312 31.729999542236328 AB 4.908166325401652 1.0268667452066933
61458.2302 lsst_hardware_z 140.87763721631546 83.83000183105469 31.0 AB 8.264284823901235 1.020282077024844
61458.2475 lsst_hardware_r 148.00167224126423 125.01000213623047 31.670000076293945 AB 8.38205192129854 1.0348212248516717
61462.166 lsst_hardware_g -8.431777806589055 44.220001220703125 31.700000762939453 AB 5.577431250261263 1.0392083566725219
61462.1863 lsst_hardware_r 3.876681373978816 46.31999969482422 31.6299991607666 AB 7.115787743556476 1.020623600624853
61464.1667 lsst_hardware_i 13.080271320383567 32.77000045776367 31.260000228881836 AB 6.272130412901014 1.0320247491404382
61464.1847 lsst_hardware_r -19.92125166685555 28.299999237060547 31.559999465942383 AB 6.296438818345613 1.0187038670641413
61470.1953 lsst_hardware_z 9.634096225294067 41.0 30.950000762939453 AB 7.949764480577228 1.019200574432978
61470.2139 lsst_hardware_r 33.54077116458777 23.1299991607666 31.5 AB 8.174494150602753 1.0338736278165506
61472.1929 lsst_hardware_u 2.1950766922804057 2.6700000762939453 28.420000076293945 AB 10.973034990354982 1.0207949197967403
61472.2119 lsst_hardware_g 15.812376356132555 14.319999694824219 31.43000030517578 AB 11.205043091897176 1.0379524879791122
61474.1924 lsst_hardware_r -7.526257108299888 23.1200008392334 31.520000457763672 AB 11.162222110612674 1.0240570743681352
61474.2113 lsst_hardware_z 24.889848201577443 41.369998931884766 30.950000762939453 AB 10.538968493684507 1.0444273745062607
61476.1933 lsst_hardware_r -3.009997285664544 23.15999984741211 31.5 AB 8.227820424559848 1.0294855910445455
61476.2124 lsst_hardware_u 0.5068818894494613 2.609999895095825 28.34000015258789 AB 7.803970259728789 1.0545905756390255
61477.125 lsst_hardware_u -0.9133310967909442 2.759999990463257 28.479999542236328 AB 14.549671181999532 1.0392622272856809
61477.1437 lsst_hardware_g -25.133835414436994 14.229999542236328 31.440000534057617 AB 14.302287282577925 1.021591948755566
61481.1317 lsst_hardware_z -6.5416955599409805 45.27000045776367 30.959999084472656 AB 8.41079200605215 1.0222779709574334
61481.1529 lsst_hardware_r 38.47949287311144 39.650001525878906 31.610000610351562 AB 8.309701749595044 1.0159594599606778
61487.2101 lsst_hardware_r 63.71042601621194 177.4600067138672 32.400001525878906 AB 7.201405541819324 1.1175365521135026
61487.2372 lsst_hardware_z -35.90932344960322 121.58999633789062 31.729999542236328 AB 7.901890203060514 1.21745477283114
61492.135 lsst_hardware_g 35.90158578297186 31.959999084472656 31.68000030517578 AB 7.538549360118194 1.019090126187571
61492.153 lsst_hardware_r 61.32295466627677 38.5099983215332 31.610000610351562 AB 7.618738973289921 1.032955977758836
61497.1346 lsst_hardware_r 35.490859093049565 22.84000015258789 31.510000228881836 AB 8.655921006755666 1.0282022933724138
61497.1535 lsst_hardware_u -2.4655520830293445 2.700000047683716 28.440000534057617 AB 8.871671546022926 1.05201844492149
61499.1338 lsst_hardware_g 0.6580892909557976 14.0 31.420000076293945 AB 6.12486787990342 1.0328613625469512
61499.1522 lsst_hardware_i 15.134577217595774 30.6299991607666 31.239999771118164 AB 6.335961539915593 1.0590825808467352
61501.0669 lsst_hardware_r -50.961183274674674 22.670000076293945 31.5 AB 8.13779595125509 1.0307531287213538
61501.0857 lsst_hardware_z -45.143253989568166 40.63999938964844 30.950000762939453 AB 9.649621143266948 1.0178925256610707
61505.056 lsst_hardware_g -16.978001467773264 13.979999542236328 31.440000534057617 AB 5.837542191880415 1.0307305009058736
61505.0731 lsst_hardware_r -8.213130300726563 22.670000076293945 31.520000457763672 AB 5.73316301764776 1.018549947616746
61513.0494 lsst_hardware_r 44.92103243185128 92.56999969482422 31.670000076293945 AB 11.542859843740235 1.0193870924704358
61513.0658 lsst_hardware_z 55.05899570882261 68.91999816894531 31.0 AB 11.503775965166028 1.0159728543292903
61515.0831 lsst_hardware_z 83.58707419919199 76.30999755859375 31.0 AB 6.975372814347353 1.0261422273840073
61515.101 lsst_hardware_i -23.652731881309954 89.5999984741211 31.34000015258789 AB 7.1431637183323256 1.046821901958721
61518.0811 lsst_hardware_z 97.12895195662878 54.130001068115234 30.979999542236328 AB 5.34636573007737 1.0319841198193351
61518.0993 lsst_hardware_r 13.31573745976622 69.83000183105469 31.639999389648438 AB 4.9108270778730425 1.0572855542005581
61520.0776 lsst_hardware_u -18.33020049740697 8.4399995803833 29.190000534057617 AB 14.1084819338712 1.034118737365049
61520.0956 lsst_hardware_g 28.05597967271052 49.27000045776367 31.700000762939453 AB 14.36239214649087 1.0604116517436193
61522.009 lsst_hardware_g 9.519390810158416 13.8100004196167 31.440000534057617 AB 4.753104081709605 1.0313217427088917
61522.0261 lsst_hardware_r 7.643127246202896 22.3700008392334 31.5 AB 4.777740218736978 1.0187984473538974
61524.0111 lsst_hardware_i 9.546394808854831 30.09000015258789 31.25 AB 8.802574142289474 1.0245379744859284
61524.0291 lsst_hardware_z -91.85642817689119 40.689998626708984 30.950000762939453 AB 8.715088294991242 1.016277569236924
61526.0124 lsst_hardware_r 26.954582169581563 22.549999237060547 31.5 AB 10.892313100459731 1.020150142871211
61526.0315 lsst_hardware_u 1.845853355248808 2.6500000953674316 28.420000076293945 AB 10.836935260137754 1.016073813711289
61528.0112 lsst_hardware_g -1.4085861326940399 13.869999885559082 31.440000534057617 AB 13.925010629769 1.0181830385655755
61528.0311 lsst_hardware_i 51.714937550669575 30.15999984741211 31.25 AB 13.841447289975704 1.0170305878156976
61530.0488 lsst_hardware_z 19.556586658611813 40.900001525878906 30.950000762939453 AB 9.301951096720497 1.032479402477486
61530.0654 lsst_hardware_r -0.7751563165838508 22.739999771118164 31.5 AB 9.514763433345168 1.055339321565228
61532.0347 lsst_hardware_u -2.6171178496001417 2.7799999713897705 28.520000457763672 AB 6.643908623259001 1.0245566911574484
61532.0544 lsst_hardware_g -9.321203042952018 14.050000190734863 31.440000534057617 AB 6.520029974003956 1.0465537678979062
61533.0368 lsst_hardware_r -0.9684487861133279 22.649999618530273 31.5 AB 10.047806209909377 1.028662740960231
61533.0549 lsst_hardware_i -24.880490387971403 30.559999465942383 31.25 AB 10.768044522684699 1.0515326183410079
61537.035 lsst_hardware_z 54.849198024943156 41.959999084472656 30.959999084472656 AB 10.592425796842482 1.0386767794511162
61537.0529 lsst_hardware_r 36.583042951883215 27.690000534057617 31.549999237060547 AB 12.270108226638065 1.0674300327654107
61540.9686 lsst_hardware_y -23.10716729644251 53.43000030517578 30.06999969482422 AB 7.53171266336995 1.0218033731338962
61540.986 lsst_hardware_r 173.83101890141495 75.5999984741211 31.65999984741211 AB 7.365570399472677 1.015940744754852
61542.9789 lsst_hardware_y -142.10783811809412 75.80999755859375 30.81999969482422 AB 7.575074754191272 1.016061176007042
61546.9686 lsst_hardware_z -46.30279682746356 50.349998474121094 30.979999542236328 AB 5.761763899459221 1.0160049196718781
61546.9883 lsst_hardware_i 93.04841222086822 51.709999084472656 31.31999969482422 AB 5.775221277791583 1.0208982283527634
61550.9525 lsst_hardware_y -182.0813927616776 69.83999633789062 30.079999923706055 AB 7.2126257604114485 1.016865326436127
61550.9716 lsst_hardware_r 41.92307314118366 23.18000030517578 31.510000228881836 AB 5.8911610776823276 1.0181164371822675
61552.9513 lsst_hardware_y -138.24928924093135 72.8499984741211 30.079999923706055 AB 6.7763198322470055 1.0160923425171697
61552.9723 lsst_hardware_r -0.9697447861706946 22.889999389648438 31.5 AB 6.596966011642538 1.0211231346865626
