data/validation/pwv_sim_epoch_fit_seasonal/25847977.ecsv
# %ECSV 0.9
# ---
# datatype:
# - {name: time, datatype: float64}
# - {name: band, datatype: string}
# - {name: flux, datatype: float64}
# - {name: fluxerr, datatype: float64}
# - {name: zp, datatype: float64}
# - {name: zpsys, datatype: string}
# - {name: pwv, datatype: float64}
# - {name: airmass, datatype: float64}
# meta: {SNID: '25847977', alt: 1024.0, c: -0.032508593052625656, dec: -33.868706, lat: -30.244573, lon: -70.7499537, ra: 251.542969,
#   t0: 63066.53515625, x0: 1.1434952274647318e-05, x1: -0.13005435466766357, z: 0.434981107711792}
# schema: astropy-2.0
time band flux fluxerr zp zpsys pwv airmass
62925.3312 lsst_hardware_g -15.152101530384655 16.260000228881836 31.399999618530273 AB 6.695604836910126 1.2780920709921502
62925.3529 lsst_hardware_r -27.696491984736557 25.84000015258789 31.5 AB 5.607179674425919 1.1798379115046649
62927.3089 lsst_hardware_r 31.646918244182586 26.530000686645508 31.459999084472656 AB 4.632345079985981 1.378674130948209
62927.3289 lsst_hardware_i 15.809945161703904 34.20000076293945 31.229999542236328 AB 4.241757006356034 1.2618017867196927
62935.3026 lsst_hardware_r -0.5926191875104189 87.54000091552734 31.59000015258789 AB 11.08194427174391 1.2850120908794114
62935.3211 lsst_hardware_z 137.5065558613275 62.0 30.959999084472656 AB 10.412106497453456 1.197757563263943
62937.3084 lsst_hardware_r -90.72162216071807 80.66999816894531 31.610000610351562 AB 9.184914634816133 1.2291622127555881
62937.3292 lsst_hardware_y -0.4408047276607367 54.36000061035156 30.020000457763672 AB 8.549833238783776 1.1471666763429191
62939.3105 lsst_hardware_z 74.52201379764442 63.099998474121094 30.959999084472656 AB 12.668548908874548 1.1964441525121168
62939.3312 lsst_hardware_r -29.618502422167197 74.27999877929688 31.6299991607666 AB 11.862262473379777 1.12340896283291
62943.3413 lsst_hardware_r -5.782116541932931 27.1200008392334 31.549999237060547 AB 7.947703987655638 1.0698215086358376
62943.3582 lsst_hardware_i 3.971335534093566 32.849998474121094 31.270000457763672 AB 7.735532965267096 1.0391634827064986
62946.3393 lsst_hardware_z -42.94124423698214 42.08000183105469 30.950000762939453 AB 6.214442281810272 1.0574024442640895
62946.3556 lsst_hardware_i -33.083818479596985 31.549999237060547 31.270000457763672 AB 6.101665970705409 1.0311948686496009
62952.269 lsst_hardware_r 44.137183253960295 25.079999923706055 31.479999542236328 AB 8.538308501887105 1.2221590269296267
62952.2872 lsst_hardware_i -55.204972041574 32.619998931884766 31.239999771118164 AB 7.958265329872969 1.1507312201286375
62954.2675 lsst_hardware_z -0.8680322963224762 43.939998626708984 30.950000762939453 AB 9.63851158251101 1.2049645683849244
62954.2887 lsst_hardware_r -20.631738274407763 24.6200008392334 31.520000457763672 AB 8.957025276740339 1.1281243460739114
62956.2673 lsst_hardware_u -4.036318948123898 2.75 28.3700008392334 AB 5.3682225815554006 1.1836010542510182
62956.2857 lsst_hardware_r 3.67676913216643 24.559999465942383 31.5 AB 5.10811564044601 1.120692330067156
62958.2626 lsst_hardware_i 9.422077577266647 32.56999969482422 31.25 AB 9.327114011768424 1.1806473432618259
62958.2801 lsst_hardware_z -66.81617312902455 42.790000915527344 30.950000762939453 AB 8.85674946284775 1.121107526942753
62960.2624 lsst_hardware_r -51.7037212123598 53.40999984741211 31.600000381469727 AB 7.407632593165864 1.1610861050692003
62960.2821 lsst_hardware_z 45.38755379869107 48.59000015258789 30.959999084472656 AB 7.028182859065947 1.1002021251652343
62962.2633 lsst_hardware_y 137.29861412564603 53.08000183105469 30.020000457763672 AB 16.635068894575205 1.1393882804503566
62962.284 lsst_hardware_r 171.05923513109528 76.05999755859375 31.639999389648438 AB 15.795964158431307 1.0819153533172128
62965.2569 lsst_hardware_i 8.798131389599774 87.83000183105469 31.31999969482422 AB 5.749857871891288 1.1336470567609005
62965.2762 lsst_hardware_z 12.848505977518077 75.23999786376953 30.989999771118164 AB 5.665561248808779 1.0810076796048043
62970.2511 lsst_hardware_r 15.877910541605127 40.650001525878906 31.600000381469727 AB 7.778758605794261 1.1102599258939423
62970.27 lsst_hardware_i -23.30947834636651 40.43000030517578 31.290000915527344 AB 7.457965704442199 1.0648152062310394
62972.2333 lsst_hardware_z -23.82898888784104 43.38999938964844 30.940000534057617 AB 18.804634051821207 1.1483453786003128
62972.2508 lsst_hardware_i 40.27783294164433 32.290000915527344 31.260000228881836 AB 18.098353171118262 1.0963936777632903
62973.2316 lsst_hardware_z -26.28939108707374 43.36000061035156 30.950000762939453 AB 15.272756748371494 1.1448843139708766
62973.2412 lsst_hardware_r -62.300620733531915 24.329999923706055 31.510000228881836 AB 14.76929175898658 1.1151123792459792
62975.2499 lsst_hardware_r 3.151428749395541 24.079999923706055 31.510000228881836 AB 9.696052583206654 1.0787075363978302
62975.2686 lsst_hardware_i 41.62936419893699 31.34000015258789 31.260000228881836 AB 10.044697036113366 1.0426479977973495
62977.2344 lsst_hardware_z 14.351069012948976 42.630001068115234 30.950000762939453 AB 8.817335899789843 1.1036385054810383
62977.2528 lsst_hardware_u -7.064986957273479 2.8399999141693115 28.510000228881836 AB 8.80879244639852 1.0610020210862634
62979.2498 lsst_hardware_g -24.656432552794705 15.09000015258789 31.459999084472656 AB 4.804181061266905 1.0562895806955708
62979.2674 lsst_hardware_r 21.79515143338856 23.790000915527344 31.510000228881836 AB 5.822272212303606 1.0287305870140067
62990.18 lsst_hardware_y 5.890121398839703 73.18000030517578 30.760000228881836 AB 10.811982909502406 1.1628705671138713
62995.1647 lsst_hardware_r 180.43253999323133 134.47000122070312 31.6299991607666 AB 8.883527528264981 1.1688852010874975
62995.1849 lsst_hardware_i 181.58224815089346 109.80999755859375 31.329999923706055 AB 8.441021542831633 1.104604782049971
63002.1632 lsst_hardware_i -7.17731716091399 31.8799991607666 31.25 AB 7.426597781599998 1.1117661349700596
63002.1823 lsst_hardware_z -21.407545494156953 41.88999938964844 30.950000762939453 AB 5.709301502835498 1.0654995028619696
63005.161 lsst_hardware_r -37.83253855402393 24.280000686645508 31.510000228881836 AB 8.21726991205966 1.0956359882746214
63005.1793 lsst_hardware_u -0.5483320722805857 2.8299999237060547 28.5 AB 8.849695350790896 1.0553883725340203
63010.1401 lsst_hardware_u -2.5949744356089095 2.759999990463257 28.40999984741211 AB 8.407542569947427 1.1153545462917787
63010.1587 lsst_hardware_g -4.083678845377598 15.289999961853027 31.459999084472656 AB 8.060866427368824 1.0691513266620896
63013.1585 lsst_hardware_i -31.844433468183535 31.520000457763672 31.260000228881836 AB 5.631888240215387 1.0534770370773672
63013.1794 lsst_hardware_z -74.39382944989075 41.400001525878906 30.950000762939453 AB 5.181302264529482 1.022961947587189
63019.0577 lsst_hardware_i -27.318510305131888 61.5 31.260000228881836 AB 14.677539132838266 1.378873993768812
63019.0776 lsst_hardware_z 39.78548391145975 58.900001525878906 30.950000762939453 AB 13.340385815409704 1.2624572551726363
63020.0599 lsst_hardware_z -7.463553058313821 71.16999816894531 30.950000762939453 AB 12.079275004320666 1.3468181189486224
63020.0807 lsst_hardware_r -104.6462555462671 94.01000213623047 31.610000610351562 AB 11.057438724411778 1.2342268918865698
63031.0529 lsst_hardware_u -0.38980823735493825 2.700000047683716 28.31999969482422 AB 16.994563809110268 1.2240247626752443
63031.0731 lsst_hardware_g 3.9189708486338337 15.4399995803833 31.43000030517578 AB 15.893540644985759 1.1453772197089054
63036.0753 lsst_hardware_i -22.039930352540583 32.15999984741211 31.260000228881836 AB 4.110685649060906 1.0983795989473788
63046.0484 lsst_hardware_r 394.508808085523 47.76492056449718 31.610000610351562 AB 3.877411370623018 1.0973288157982222
63046.0677 lsst_hardware_z 199.57877962820965 48.93106258325374 30.969999313354492 AB 3.6404856064257234 1.0547546302841442
63048.0798 lsst_hardware_y 361.77649444591725 78.13344981417696 30.809999465942383 AB 8.310294284525346 1.0277385956622986
63052.9704 lsst_hardware_y 398.72370411868445 53.89183956678871 29.940000534057617 AB 8.773285690799241 1.3430554203397316
63052.9899 lsst_hardware_g 918.4677791759548 63.51273884982572 31.6299991607666 AB 8.070225019549262 1.2374798772597002
63060.9711 lsst_hardware_y 550.962193294845 55.385293201442494 30.0 AB 10.61462449360721 1.2235173181497432
63060.9913 lsst_hardware_i 2551.7510110586177 58.79801132637447 31.239999771118164 AB 9.806545847484955 1.145000293549364
63062.971 lsst_hardware_y 751.5396290460619 56.1469597176138 30.0 AB 5.106379161346578 1.2003712179940242
63062.9907 lsst_hardware_i 2612.74594672073 60.30157941202471 31.239999771118164 AB 4.791535004118215 1.129368715615544
63065.9722 lsst_hardware_y 733.5348063307802 55.34961847782349 30.0 AB 2.439797437965857 1.1639329432929266
63065.9924 lsst_hardware_g 1597.9121478550678 43.175413500337825 31.420000076293945 AB 2.300943719856619 1.100973907981954
63067.9726 lsst_hardware_y 657.868164247313 54.76832374630595 30.010000228881836 AB 6.260966020167208 1.1436250645702402
63067.9924 lsst_hardware_i 2847.3666919277766 61.633202947572386 31.25 AB 5.914328128504015 1.0871260575646127
63070.9825 lsst_hardware_r 3854.9744898642384 66.85392584519093 31.510000228881836 AB 6.012469594582964 1.0913243455801604
63073.9724 lsst_hardware_y 545.2246547649096 56.15018364685132 30.030000686645508 AB 4.759148708712167 1.0961570922177735
63073.993 lsst_hardware_z 1992.7662453258113 62.12688115799429 30.959999084472656 AB 4.551593481137742 1.0515810892116462
63075.972 lsst_hardware_y 482.56429015655476 58.832688394690074 30.040000915527344 AB 4.844001490115078 1.0836692371622096
63075.9908 lsst_hardware_r 3625.4791224353216 87.02202720419689 31.639999389648438 AB 4.616642417432546 1.045968262233372
63079.9814 lsst_hardware_z 3257.7470688549465 114.49462251313741 31.739999771118164 AB 4.033030571742466 1.043474921537647
63081.9716 lsst_hardware_y 546.2070948612012 57.63856710568615 30.049999237060547 AB 10.895510527147405 1.0507942578381437
63081.9903 lsst_hardware_i 2218.760155823343 69.40480613468002 31.309999465942383 AB 8.561231146237134 1.0237543597457486
