data/validation/pwv_sim_epoch_fit_seasonal/25922884.ecsv
# %ECSV 0.9
# ---
# datatype:
# - {name: time, datatype: float64}
# - {name: band, datatype: string}
# - {name: flux, datatype: float64}
# - {name: fluxerr, datatype: float64}
# - {name: zp, datatype: float64}
# - {name: zpsys, datatype: string}
# - {name: pwv, datatype: float64}
# - {name: airmass, datatype: float64}
# meta: {SNID: '25922884', alt: 1024.0, c: -0.10567201673984528, dec: -3.882372, lat: -30.244573, lon: -70.7499537, ra: 196.699219, t0: 62980.01953125,
#   x0: 5.119960106962007e-06, x1: -0.3186280429363251, z: 0.6069560050964355}
# schema: astropy-2.0
time band flux fluxerr zp zpsys pwv airmass
62898.3609 lsst_hardware_r -63.316254399825134 25.020000457763672 31.5 AB 13.221518027719437 1.1215131077885687
62898.3779 lsst_hardware_z -5.11418001740896 53.2599983215332 30.959999084472656 AB 12.774707002684973 1.1144782554141746
62907.3698 lsst_hardware_z 93.9983554906233 76.62000274658203 30.979999542236328 AB 3.8293589834101978 1.1194228453330621
62907.3877 lsst_hardware_y 96.80410353148065 78.77999877929688 30.030000686645508 AB 4.477852002934074 1.1382440271820518
62909.3351 lsst_hardware_z -98.51660333657047 72.01000213623047 30.979999542236328 AB 6.893527225152163 1.1185948547953533
62909.3525 lsst_hardware_r 207.35532105445242 92.51000213623047 31.639999389648438 AB 6.908880621976195 1.114695163274636
62911.3437 lsst_hardware_i -12.582554242404697 46.75 31.290000915527344 AB 2.7178479653781364 1.1144430406471086
62911.3613 lsst_hardware_z -28.39718180408779 50.529998779296875 30.959999084472656 AB 2.771438560121595 1.1211321036090949
62913.2782 lsst_hardware_r -58.776287149432136 28.709999084472656 31.520000457763672 AB 5.4132223941624105 1.1953236554164084
62913.294 lsst_hardware_z 44.557301931587475 44.36000061035156 30.940000534057617 AB 5.757603361994995 1.15713276631563
62918.3431 lsst_hardware_i -39.6588676839286 32.290000915527344 31.25 AB 6.375317751502362 1.1218390353842413
62918.3609 lsst_hardware_z 131.29582229553486 43.31999969482422 30.940000534057617 AB 6.503403872179829 1.143204372169603
62920.3101 lsst_hardware_z 20.061218696848318 42.77000045776367 30.950000762939453 AB 12.264080394878365 1.1161340002619553
62920.3274 lsst_hardware_r -5.44618761514038 24.549999237060547 31.510000228881836 AB 12.314846750650053 1.1159301119704639
62922.2942 lsst_hardware_u 0.6533109806294114 2.819999933242798 28.459999084472656 AB 10.102076348340919 1.1224529275934354
62922.3127 lsst_hardware_r -14.84838538487895 24.510000228881836 31.510000228881836 AB 10.030092422601008 1.1144547136223342
62926.3067 lsst_hardware_r -3.520364029506338 24.43000030517578 31.5 AB 4.627480323929663 1.114786876398377
62926.3239 lsst_hardware_u 1.7291067686170207 2.7699999809265137 28.40999984741211 AB 4.670269456443198 1.1241020835469828
62931.302 lsst_hardware_i -24.49967484805035 50.279998779296875 31.290000915527344 AB 7.970494945718397 1.1180382866767284
62931.3222 lsst_hardware_z -43.66742774430944 50.619998931884766 30.950000762939453 AB 8.182455680086106 1.1382702483252563
62940.2699 lsst_hardware_r -43.805781675254124 43.29999923706055 31.600000381469727 AB 9.701126348921818 1.1150719941289446
62940.2889 lsst_hardware_z 43.06422470090335 47.709999084472656 30.950000762939453 AB 9.807353528159078 1.1272820147309286
62945.267 lsst_hardware_i 45.54575668282872 32.70000076293945 31.25 AB 5.574491683858414 1.120050569390875
62945.2867 lsst_hardware_z -55.592412816514674 43.880001068115234 30.950000762939453 AB 5.682593490846756 1.1424212077426883
62947.2661 lsst_hardware_r -34.741313182247424 25.200000762939453 31.520000457763672 AB 5.950706677616838 1.1236759057011447
62947.2864 lsst_hardware_g -6.346997066123908 15.960000038146973 31.469999313354492 AB 6.007345731095732 1.151273616538086
62951.2008 lsst_hardware_z 24.703727894405773 43.51851739506011 30.940000534057617 AB 8.419200334736125 1.1388326985237303
62951.2181 lsst_hardware_i -37.40019597296015 32.68632738065933 31.25 AB 7.306834933781199 1.120093243639892
62953.2505 lsst_hardware_u -3.2347496101200273 3.2076705141090924 28.5 AB 8.627435807014942 1.1243888709780823
62953.2685 lsst_hardware_g -15.947436989569885 16.084654904829673 31.459999084472656 AB 8.787811044497898 1.1485332897749279
62957.2124 lsst_hardware_i 130.40885944632106 34.59877543772664 31.25 AB 4.708883516750832 1.1151004894227943
62957.2303 lsst_hardware_z 59.238852301892656 44.40881856669698 30.940000534057617 AB 4.753547244085458 1.1176489464521628
62963.2129 lsst_hardware_z 580.4720646230014 115.10963045027279 30.989999771118164 AB 9.626928265174453 1.1171370194574357
62963.2318 lsst_hardware_i 340.3729223045561 140.69245515149376 31.329999923706055 AB 9.776947998375118 1.1340522544149767
62964.2202 lsst_hardware_z 487.40716196437745 160.3236763253218 31.739999771118164 AB 10.418922140200536 1.1241419320482504
62971.1958 lsst_hardware_g 605.6853145739736 29.356538754520603 31.459999084472656 AB 11.087034704303125 1.119902495384154
62971.2116 lsst_hardware_r 1606.3327306957083 48.354906486878896 31.520000457763672 AB 11.440843300029426 1.1362818612225478
62974.1857 lsst_hardware_i 1345.0994218418189 48.5772896960087 31.260000228881836 AB 14.430873072759214 1.1186723312216444
62974.2048 lsst_hardware_z 1006.6211104499952 52.32325861596198 30.950000762939453 AB 14.683669291465709 1.1382689373229231
62976.1907 lsst_hardware_i 1533.5138214384822 49.76939858360511 31.260000228881836 AB 3.6553289580183588 1.1273760536707182
62976.2079 lsst_hardware_u -1.418115726393827 3.3371608410431315 28.459999084472656 AB 3.713661014546009 1.1525353585721851
62989.1048 lsst_hardware_z 1089.6676544866948 70.81064251291278 30.979999542236328 AB 14.866927575638755 1.1287622485489905
62989.1237 lsst_hardware_r 1351.740656054621 89.07699716539155 31.6299991607666 AB 14.707837011241232 1.1154553874514603
62992.1529 lsst_hardware_i 1307.1121406772177 130.9297406867485 31.329999923706055 AB 3.9582029424574268 1.134426446369456
62992.1708 lsst_hardware_z 789.0874167119216 109.95929873543703 30.989999771118164 AB 3.8363237350621575 1.1659967788041612
62994.1388 lsst_hardware_z 1937.4968749888196 111.8815431357518 31.739999771118164 AB 11.064001933414664 1.1246190214895977
63000.075 lsst_hardware_z 696.4107247550371 50.15245778496706 30.950000762939453 AB 7.2224061013255225 1.1285009533321129
63001.0723 lsst_hardware_g 68.03627765758678 17.793641938590916 31.43000030517578 AB 7.335037482694947 1.1284673050299918
63001.0918 lsst_hardware_r 630.3741746249384 34.82518027710084 31.5 AB 7.364056505833371 1.115216977372198
63008.0783 lsst_hardware_g 163.06289942053718 24.835515155955406 32.189998626708984 AB 5.658101524173697 1.1144393646300264
63008.1009 lsst_hardware_r 292.1238474963407 30.78613083639011 31.5 AB 5.271798538315087 1.1249303375022808
63014.0589 lsst_hardware_z 1049.0383745821105 68.4525075475013 31.700000762939453 AB 8.293308200388406 1.1146919624177967
63016.047 lsst_hardware_g 114.3607657092317 42.95818663350982 31.65999984741211 AB 12.214801664494773 1.1165266603742936
63016.0656 lsst_hardware_r 283.6355618058801 48.712850746321834 31.600000381469727 AB 12.214506211306185 1.1160405876290542
63021.0357 lsst_hardware_i 363.73484210733886 88.75925968542641 31.31999969482422 AB 12.57340260783358 1.1156524053091021
63021.0572 lsst_hardware_z 362.96500074865196 78.6551529098218 30.979999542236328 AB 12.860465227153078 1.11857691551423
63023.0377 lsst_hardware_g 137.95190282426685 96.95869695628245 31.709999084472656 AB 4.912718523010651 1.1144373669847656
63023.0601 lsst_hardware_r 103.56238041760652 89.73861570896966 31.639999389648438 AB 4.780856661105137 1.1250839334260598
63033.0039 lsst_hardware_r 316.9035613173846 46.85110853724623 32.70000076293945 AB 10.199624515821434 1.1153631824547752
63033.0272 lsst_hardware_i 378.19404036837193 60.1076728062405 32.439998626708984 AB 10.302015059352136 1.1203931549050594
63036.9938 lsst_hardware_g 21.591918553921385 16.942809333703575 31.469999313354492 AB 4.075864147645841 1.115147509615825
63037.0116 lsst_hardware_r 104.3629984681832 27.023551186015087 31.510000228881836 AB 3.9463339208303116 1.1175195169426972
63042.965 lsst_hardware_y 86.4467503449989 51.098494290507894 30.020000457763672 AB 7.270713483421144 1.1215044706804171
63042.9866 lsst_hardware_i 12.863076426645057 36.801490388728375 31.260000228881836 AB 7.097030406388427 1.1146876374526993
63048.9586 lsst_hardware_y 28.847050562344016 65.50851779790777 30.040000915527344 AB 10.377623038041365 1.1158734449506844
63048.9782 lsst_hardware_i -31.948388612976128 66.10964309229581 31.31999969482422 AB 10.390011475287134 1.117205534977111
63051.9681 lsst_hardware_z 83.43246006606503 89.8136015738577 31.729999542236328 AB 5.470146002168514 1.116356326973166
