data/validation/pwv_sim_epoch_fit_seasonal/25980158.ecsv
# %ECSV 0.9
# ---
# datatype:
# - {name: time, datatype: float64}
# - {name: band, datatype: string}
# - {name: flux, datatype: float64}
# - {name: fluxerr, datatype: float64}
# - {name: zp, datatype: float64}
# - {name: zpsys, datatype: string}
# - {name: pwv, datatype: float64}
# - {name: airmass, datatype: float64}
# meta: {SNID: '25980158', alt: 1024.0, c: -0.03331281617283821, dec: -26.276812, lat: -30.244573, lon: -70.7499537, ra: 43.417969, t0: 61356.10546875,
#   x0: 2.9709748604807364e-06, x1: 0.6333929896354675, z: 0.7586266398429871}
# schema: astropy-2.0
time band flux fluxerr zp zpsys pwv airmass
61235.3861 lsst_hardware_r 32.358697227635254 23.510000228881836 31.459999084472656 AB 7.504572501955017 1.270185334397667
61235.406 lsst_hardware_u -2.5338973435088494 2.5899999141693115 28.309999465942383 AB 6.990473141749018 1.1775411676491228
61238.3582 lsst_hardware_r -56.36664278832772 23.979999542236328 31.420000076293945 AB 1.2586190140281008 1.3943342105174565
61238.3763 lsst_hardware_i -40.64739051737254 32.459999084472656 31.209999084472656 AB 2.9416521183342113 1.2789791818844398
61244.355 lsst_hardware_u -0.18613855062769388 2.4700000286102295 28.15999984741211 AB 5.753982251268362 1.3072280767743343
61244.373 lsst_hardware_r -8.805048719942938 23.270000457763672 31.459999084472656 AB 5.373796690759349 1.2133890354522945
61246.358 lsst_hardware_i -7.949397930330213 31.920000076293945 31.209999084472656 AB 6.937650422253968 1.2599210779400944
61246.3782 lsst_hardware_z -5.0839075031245295 42.65999984741211 30.93000030517578 AB 7.230246468518263 1.168808029181743
61248.3617 lsst_hardware_r -101.45671804904525 65.23999786376953 31.600000381469727 AB 3.1005698374094846 1.2151155469926131
61248.3812 lsst_hardware_z -37.27029189204978 51.61000061035156 30.950000762939453 AB 3.3475885099795675 1.1383128965643188
61251.3537 lsst_hardware_i -106.51607742450285 66.0 31.290000915527344 AB 5.804825156544803 1.2142503857363578
61251.3717 lsst_hardware_z -67.4673491523558 59.720001220703125 30.969999313354492 AB 5.45693099788107 1.14277288706455
61253.3632 lsst_hardware_r -111.03739103136502 72.8499984741211 31.6200008392334 AB 5.959680194223403 1.1534864892045298
61253.3832 lsst_hardware_z 35.57322917984208 55.63999938964844 30.969999313354492 AB 6.8622124937844555 1.0917817926046547
61256.3616 lsst_hardware_r 7.077798816367168 52.720001220703125 31.610000610351562 AB 2.130989673849459 1.1308984648060105
61256.3805 lsst_hardware_i -48.78434059924841 46.970001220703125 31.299999237060547 AB 2.2183574550589564 1.078181023114924
61258.3602 lsst_hardware_z 35.56394492684185 44.43000030517578 30.950000762939453 AB 2.917094790013849 1.1181249394757145
61258.3778 lsst_hardware_i -56.12964050104647 35.459999084472656 31.270000457763672 AB 3.080902327019953 1.0718356746075852
61266.3389 lsst_hardware_r -32.791545575616254 22.450000762939453 31.479999542236328 AB 3.907708351232408 1.1164881003521165
61266.3566 lsst_hardware_g 6.38925634500739 13.460000038146973 31.40999984741211 AB 3.7464334872469958 1.070409567784856
61268.362 lsst_hardware_i -33.142361076548006 30.049999237060547 31.25 AB 5.672983783434975 1.0487399155968034
61268.3801 lsst_hardware_z 57.49927000581158 40.470001220703125 30.950000762939453 AB 4.963941236494327 1.022438977650737
61272.3169 lsst_hardware_u -0.9014195073648406 3.7300000190734863 29.139999389648438 AB 2.6427769911588594 1.1342390519995107
61272.3394 lsst_hardware_g -11.332027104759712 18.90999984741211 32.15999984741211 AB 2.870739555477961 1.072238379785095
61274.3607 lsst_hardware_z 28.543073125906695 40.72999954223633 30.950000762939453 AB 1.9802246933214922 1.026023157161395
61274.3786 lsst_hardware_g -13.84596430028821 13.329999923706055 31.420000076293945 AB 1.2182013483436656 1.009210644123161
61276.2487 lsst_hardware_i -27.85850685192936 50.0099983215332 31.239999771118164 AB 3.68493903243066 1.4383992059452189
61276.2689 lsst_hardware_z 119.50966868153999 51.75 30.940000534057617 AB 3.744673437621285 1.299782519132692
61278.2497 lsst_hardware_r -49.77238034220663 77.63999938964844 31.559999465942383 AB 3.4642877889142456 1.389234509656829
61278.2667 lsst_hardware_z 26.717876589666982 58.61000061035156 30.950000762939453 AB 2.8500040370861646 1.2811885983754392
61281.2482 lsst_hardware_z -16.947461610740646 70.2300033569336 30.950000762939453 AB 7.138336096397045 1.3433075077901853
61281.2652 lsst_hardware_r 60.75180997659106 96.41999816894531 31.600000381469727 AB 7.520904932043164 1.2458017114532325
61299.2624 lsst_hardware_u 1.1636157646709133 2.6500000953674316 28.420000076293945 AB 4.3781059501258985 1.079858410785089
61299.2795 lsst_hardware_r 19.92981634841797 22.1200008392334 31.489999771118164 AB 4.188453679114713 1.0450233730325051
61303.2531 lsst_hardware_z -57.52311531034448 43.369998931884766 30.950000762939453 AB 7.424709095279564 1.076044796417328
61303.27 lsst_hardware_i -23.185068028732765 33.810001373291016 31.270000457763672 AB 7.19423134716603 1.0426422242269608
61305.2488 lsst_hardware_z 44.02246044065126 47.369998931884766 30.959999084472656 AB 2.2712785808420333 1.0733830722311122
61305.268 lsst_hardware_r -29.14607257045594 47.06999969482422 31.6299991607666 AB 1.5998092497152128 1.0371534844182904
61307.2569 lsst_hardware_y 43.787335786936666 71.69999694824219 30.799999237060547 AB 4.124617609408292 1.0463261312552745
61309.2467 lsst_hardware_r -157.01822994908895 98.33999633789062 31.649999618530273 AB 3.269667711601889 1.0549583926440478
61309.2635 lsst_hardware_i -21.390763066863567 75.27999877929688 31.34000015258789 AB 3.265617198198088 1.028109097973935
61315.2067 lsst_hardware_u -1.640017802207447 3.990000009536743 28.690000534057617 AB 5.000864313015044 1.1117973128091385
61315.2269 lsst_hardware_g 5.984697363242981 28.1299991607666 31.639999389648438 AB 3.5918223518699746 1.061726973653457
61317.2105 lsst_hardware_r -25.426291251308147 22.43000030517578 31.489999771118164 AB 2.831426421686839 1.0866070888177448
61317.2306 lsst_hardware_z 30.11301338444348 40.900001525878906 30.950000762939453 AB 2.740448206923923 1.0446103517387748
61319.2074 lsst_hardware_r -17.961577934111727 22.360000610351562 31.479999542236328 AB 5.15167356132679 1.0808084677071477
61319.2271 lsst_hardware_u -0.2583483298449777 2.619999885559082 28.40999984741211 AB 4.996453647495045 1.0413617439549618
61321.2029 lsst_hardware_g -8.307681893140689 13.713820722523474 31.420000076293945 AB 4.359012052839275 1.078518446063602
61321.223 lsst_hardware_r -11.148876753198765 22.310979931425635 31.5 AB 3.281244481613963 1.039190651342506
61325.2101 lsst_hardware_r 0.49031277547870533 22.362684200278764 31.489999771118164 AB 5.7330423356847975 1.0423713337608722
61325.2279 lsst_hardware_u -2.8211547220960678 2.7746917509840334 28.469999313354492 AB 5.603150572641678 1.0187546495712143
61328.21 lsst_hardware_z -18.720418390918137 41.3687737387166 30.950000762939453 AB 6.49339240713248 1.0302611181191792
61328.2289 lsst_hardware_r 4.653228900787816 22.692612331052008 31.510000228881836 AB 6.479666387086189 1.0107632675363232
61330.2039 lsst_hardware_y 1.10635085968436 47.13679671301338 30.049999237060547 AB 6.6628380066480535 1.0311330420400187
61330.2234 lsst_hardware_g 31.2723836921331 14.39526122461859 31.420000076293945 AB 5.323586808844753 1.010791628394124
61332.0962 lsst_hardware_i 203.33800402153562 40.75065660997485 31.219999313354492 AB 6.05657470646225 1.435292305577913
61332.1143 lsst_hardware_z 180.82252781714624 48.10543123402451 30.93000030517578 AB 5.521845867620088 1.3099169795678767
61334.0975 lsst_hardware_r 192.7361563429723 51.502543990189345 31.540000915527344 AB 3.6037308876919347 1.384275629075007
61334.1166 lsst_hardware_z 233.58754276242857 51.87144371630991 30.940000534057617 AB 3.343281342891931 1.2659948284854265
61337.1009 lsst_hardware_r 387.00802158083616 91.09199797810147 31.59000015258789 AB 4.056072741636489 1.308410561818222
61337.1194 lsst_hardware_i 504.8747851971871 73.36177947376135 31.299999237060547 AB 3.757273863525255 1.2120238269436305
61340.1021 lsst_hardware_z 337.72256764807486 74.12829858830602 30.959999084472656 AB 5.306404925196798 1.256102479630029
61340.1214 lsst_hardware_i 517.1991613157633 82.22953110793135 31.309999465942383 AB 4.9771880895865594 1.1694520887187032
61343.1046 lsst_hardware_r 615.5756713372681 34.22525410879433 31.489999771118164 AB 7.229826577926971 1.204971096321162
61345.1463 lsst_hardware_u 4.880130588241804 3.16707560809293 28.5 AB 4.882364800185247 1.059081301558622
61345.1628 lsst_hardware_g 189.7417230832052 19.097473065926255 31.440000534057617 AB 4.771202490374694 1.0313326107267646
61348.1235 lsst_hardware_r 812.1244587604048 36.205323254920444 31.5 AB 4.87596634432339 1.092653522537581
61355.1358 lsst_hardware_z 602.1845013077435 48.18623844627313 30.940000534057617 AB 3.022641352745342 1.0309145132140638
61355.1532 lsst_hardware_r 784.9057363385291 35.445676693194564 31.489999771118164 AB 2.8046119736440627 1.0122516747993489
61360.1236 lsst_hardware_g 128.5585943345082 21.62978121762912 31.530000686645508 AB 5.9651552084268085 1.028962906279151
61360.1426 lsst_hardware_r 735.1646887870726 35.89176637505519 31.520000457763672 AB 5.950634669340028 1.0100087133250402
61362.1243 lsst_hardware_i 896.5048965937718 48.148263755473344 31.280000686645508 AB 5.638224865517964 1.0214946536757843
61362.1416 lsst_hardware_r 642.8521703395121 43.089789221608434 31.600000381469727 AB 4.707461135764379 1.0072667456431885
61363.0214 lsst_hardware_z 1163.24756970919 101.63605459104926 31.700000762939453 AB 7.598753826824876 1.36276072934449
61369.0191 lsst_hardware_y 174.88976766929105 80.9375487781636 29.989999771118164 AB 8.022607342594329 1.2764689487023595
61369.0362 lsst_hardware_i 959.3620234426764 69.91204526580208 31.299999237060547 AB 7.47526596235684 1.1937823261063332
61371.0214 lsst_hardware_y 243.32413845093072 72.84748061012012 30.0 AB 5.953874144449746 1.2362695482661434
61371.0373 lsst_hardware_g 29.86501490398417 15.939637389516545 31.399999618530273 AB 5.645959416219971 1.1673647092360118
61373.0222 lsst_hardware_y 216.80437542201005 76.37231525088808 30.0 AB 7.474907792105611 1.2071229679881619
61373.0376 lsst_hardware_i 634.545965491087 40.96459811867959 31.229999542236328 AB 7.06570678418372 1.1462859805619274
61375.025 lsst_hardware_z 533.8648523057705 68.74575038805216 30.969999313354492 AB 8.560662805733482 1.1726935350319838
61375.0408 lsst_hardware_u -1.4590912703572698 3.059571903453693 28.489999771118164 AB 8.212715405078942 1.1180100381277502
61378.0301 lsst_hardware_y 265.8825596232872 59.31451769584259 30.030000686645508 AB 4.942250463842633 1.1257973721737207
61378.0514 lsst_hardware_r 280.3708451632054 27.579724442452964 31.489999771118164 AB 3.6848727296134784 1.0691120105262184
61382.0336 lsst_hardware_y 228.99327028454198 59.985698762548026 30.040000915527344 AB 4.1084557125362124 1.0851705527034639
61382.0549 lsst_hardware_u 2.243883677367755 2.72303112058911 28.40999984741211 AB 3.0838376383846318 1.0416610837306643
61386.0372 lsst_hardware_y 172.72542866696875 56.80741706598417 30.059999465942383 AB 14.015604541786582 1.0535540065738669
61386.0574 lsst_hardware_r 136.68145440991825 25.312794450653914 31.5 AB 13.901998393208718 1.0230394912428995
61388.0393 lsst_hardware_z 319.1896965499467 49.703956993762105 30.959999084472656 AB 8.675178207475799 1.0403971466091304
61388.0608 lsst_hardware_g 16.889888449943864 15.203973938535965 31.450000762939453 AB 8.011656561955618 1.0141337420196985
61605.4173 lsst_hardware_z 54.46587163235595 57.09000015258789 30.969999313354492 AB 3.393395699593653 1.0972985285670664
61605.4382 lsst_hardware_r 17.850023161143085 76.73999786376953 31.649999618530273 AB 3.2913290632755166 1.050424169130484
61608.3736 lsst_hardware_z 53.2109107917183 78.73999786376953 31.709999084472656 AB 5.287304757245781 1.226468280502385
61612.3659 lsst_hardware_z 37.58181026624935 67.3499984741211 31.700000762939453 AB 8.711803210018589 1.2115993523737547
61622.3675 lsst_hardware_i 12.821969529598455 30.520000457763672 31.229999542236328 AB 2.322224551552872 1.10669954799978
61622.3866 lsst_hardware_u -0.07462892781816693 2.569999933242798 28.360000610351562 AB 1.5656574741395375 1.0603843373786235
61627.3543 lsst_hardware_u -3.049870212779653 2.7200000286102295 28.459999084472656 AB 5.653944262976345 1.1054194756295703
61627.3723 lsst_hardware_g 9.906053698703527 13.460000038146973 31.40999984741211 AB 5.436112305056235 1.0617061238350773
61631.3575 lsst_hardware_z -1.1954952302763564 48.90999984741211 30.969999313354492 AB 3.744840829778119 1.0699545227937484
61631.3764 lsst_hardware_r -78.44571719849614 44.560001373291016 31.6299991607666 AB 3.685685206972569 1.035304833419261
61651.2631 lsst_hardware_z 20.192407835292958 43.0 30.93000030517578 AB 1.5529696090394893 1.1955116312852112
61651.2807 lsst_hardware_r -22.067280320453747 22.34000015258789 31.469999313354492 AB 1.4176488892379346 1.1299008150142944
61653.2613 lsst_hardware_u 0.48756891380238315 2.5 28.25 AB 2.7368393272695726 1.180350486171466
61653.2793 lsst_hardware_g 4.3521425102949625 13.289999961853027 31.3700008392334 AB 2.602495800280632 1.1171907277444226
61672.2476 lsst_hardware_r -31.832245411331606 22.239999771118164 31.489999771118164 AB 4.076099366650434 1.0655540345025534
61672.2636 lsst_hardware_u -2.3955013953842106 2.6700000762939453 28.450000762939453 AB 4.057853420931421 1.0365990644210124
61678.1697 lsst_hardware_r -20.16555029616916 23.260000228881836 31.450000762939453 AB 5.435477673476382 1.2932888940341154
61678.1994 lsst_hardware_u 3.1910020022655434 2.6500000953674316 28.3799991607666 AB 4.860531805992721 1.1559850497842208
61680.206 lsst_hardware_i -4.789310366578953 30.93000030517578 31.239999771118164 AB 5.079022736623742 1.115941717436006
61680.2268 lsst_hardware_r -31.592077404920257 22.299999237060547 31.479999542236328 AB 3.566264450109433 1.0633662169539868
61682.2083 lsst_hardware_u -1.8676871452863255 2.619999885559082 28.3799991607666 AB 2.4176774005297297 1.0940541823047272
61682.2288 lsst_hardware_g 16.943383548073193 13.569999694824219 31.40999984741211 AB 2.7374143294589333 1.0489517164870514
61684.2088 lsst_hardware_r -11.956222707700922 22.31999969482422 31.479999542236328 AB 5.158199956588953 1.0791213298305116
61684.2291 lsst_hardware_i 13.780530831623949 30.010000228881836 31.239999771118164 AB 4.95250250088855 1.0392772455697852
61686.2073 lsst_hardware_z -9.079506881951303 43.20000076293945 30.950000762939453 AB 4.2712831105837274 1.0700500485804745
61686.226 lsst_hardware_r 24.52830749881855 29.0 31.559999465942383 AB 3.333116957806038 1.0356655487748658
61688.217 lsst_hardware_z -60.60575846048545 65.44999694824219 31.719999313354492 AB 2.754902166211065 1.0411572812589873
61692.2028 lsst_hardware_r -191.27499224400873 92.83000183105469 31.649999618530273 AB 8.365920335993543 1.0466558658818395
61692.2206 lsst_hardware_y -33.08276118461424 54.4900016784668 30.059999465942383 AB 6.43513391283917 1.021449827434789
61694.2057 lsst_hardware_z -9.466723394231483 70.5999984741211 31.0 AB 7.839825517698545 1.0334143219427758
61694.2254 lsst_hardware_r 82.37717019794749 103.86000061035156 31.670000076293945 AB 7.234253870851383 1.0118545172181808
61696.2049 lsst_hardware_i 13.084166303716518 60.52000045776367 31.329999923706055 AB 5.9780182466143765 1.0271214879209147
61696.2246 lsst_hardware_z -44.21697110036895 56.790000915527344 30.979999542236328 AB 5.078861238044936 1.0086278006873475
61698.0942 lsst_hardware_u -2.776997410837755 2.4200000762939453 28.09000015258789 AB 4.701799231238014 1.4350066324547577
61698.1141 lsst_hardware_r 35.92395309288946 23.360000610351562 31.440000534057617 AB 4.184891685930005 1.2990506552630776
61700.0989 lsst_hardware_i -8.52601131099284 32.869998931884766 31.209999084472656 AB 5.9111731377431225 1.3603497555407615
61700.1186 lsst_hardware_z -35.568971184428165 43.86000061035156 30.93000030517578 AB 5.4725114558759955 1.2451203494465293
61705.1001 lsst_hardware_g 8.27834715248063 13.84000015258789 31.350000381469727 AB 5.3812120238640775 1.2703522247082957
61705.1177 lsst_hardware_r -3.9469457766761935 23.06999969482422 31.479999542236328 AB 5.005752422187867 1.1869942114819272
61709.106 lsst_hardware_r 14.842033533312788 22.969999313354492 31.469999313354492 AB 5.983275797829266 1.190227928750453
61709.1242 lsst_hardware_g -9.922195700366286 13.699999809265137 31.389999389648438 AB 5.558169896606212 1.1239979568465546
61711.1105 lsst_hardware_r 2.1119325050991145 22.899999618530273 31.469999313354492 AB 6.498184238698886 1.1516498429240383
61711.1287 lsst_hardware_i -13.020437316240479 30.670000076293945 31.229999542236328 AB 4.271163866342645 1.0951702221391397
61720.1352 lsst_hardware_i 30.77327367549749 60.779998779296875 31.329999923706055 AB 2.9508179719821594 1.0327174423648633
61720.1545 lsst_hardware_z 15.692539611088021 56.68000030517578 30.979999542236328 AB 2.66301882612694 1.011785268284675
61722.1125 lsst_hardware_r 19.724441423961082 100.0999984741211 31.649999618530273 AB 3.506553939496005 1.0625921028775773
61722.1237 lsst_hardware_z 3.9595745582936863 68.62000274658203 30.989999771118164 AB 3.657044668007506 1.0419178046983564
61724.1192 lsst_hardware_r 79.73942962967719 88.8499984741211 31.65999984741211 AB 4.36953373098404 1.0403651740438191
61724.1372 lsst_hardware_i 82.01116002039005 70.45999908447266 31.34000015258789 AB 4.269532567182736 1.0173224019338556
61728.0133 lsst_hardware_y 34.65433109260036 82.41999816894531 29.940000534057617 AB 8.235833743735837 1.4270244444500124
61728.0305 lsst_hardware_r 43.48296585933169 23.959999084472656 31.450000762939453 AB 7.518201860340744 1.3090310842148714
61729.0145 lsst_hardware_y 37.06979643809888 84.0 29.950000762939453 AB 10.445952074150192 1.397202560187729
61729.0315 lsst_hardware_r 14.489095241625076 23.489999771118164 31.450000762939453 AB 9.632680207320368 1.2873181928195339
61731.0163 lsst_hardware_y 48.93389831564183 73.29000091552734 29.959999084472656 AB 6.273030003406689 1.3467217697309337
61731.0328 lsst_hardware_z 21.81929253643057 44.630001068115234 30.93000030517578 AB 5.949021714056023 1.2509771241837921
61736.0217 lsst_hardware_y -28.916914511808017 70.2699966430664 30.0 AB 5.974928535523699 1.238198846860239
61736.0396 lsst_hardware_r -53.972226322500546 22.860000610351562 31.469999313354492 AB 5.647675749183949 1.1612966121798363
61740.0253 lsst_hardware_y 1.0109369853972838 67.01000213623047 30.020000457763672 AB 8.880173791090359 1.1742378566731053
61740.0424 lsst_hardware_g -4.7364040459449805 14.149999618530273 31.399999618530273 AB 9.279272250429885 1.115274804242289
61742.0271 lsst_hardware_y 22.961185171453447 63.099998474121094 30.030000686645508 AB 7.7018332852273215 1.1472384702349452
61742.0442 lsst_hardware_i -10.309061650824159 31.360000610351562 31.239999771118164 AB 7.254418691338805 1.0947873845070797
61746.0324 lsst_hardware_y -18.631474833174654 60.41999816894531 30.040000915527344 AB 5.949109727522924 1.0971325320855565
61746.0526 lsst_hardware_g -37.943564855926496 36.27000045776367 31.670000076293945 AB 4.806828876576297 1.0515924035386826
61748.0344 lsst_hardware_y -9.454321712481924 56.75 30.040000915527344 AB 5.306689034802429 1.0783031092120892
61748.0541 lsst_hardware_i 15.034278240700505 50.220001220703125 31.31999969482422 AB 5.597277875272191 1.0396776438497441
61750.0457 lsst_hardware_z -17.393861327426812 86.18000030517578 31.729999542236328 AB 10.46297003983597 1.044486560611956
61752.038 lsst_hardware_y 59.98043154261814 58.099998474121094 30.059999465942383 AB 11.196286339231577 1.0483659579326836
61752.0597 lsst_hardware_r 90.41474756291856 85.33000183105469 31.65999984741211 AB 11.452440137440947 1.0183567612876532
