data/validation/pwv_sim_epoch_fit_seasonal/26204786.ecsv
# %ECSV 0.9
# ---
# datatype:
# - {name: time, datatype: float64}
# - {name: band, datatype: string}
# - {name: flux, datatype: float64}
# - {name: fluxerr, datatype: float64}
# - {name: zp, datatype: float64}
# - {name: zpsys, datatype: string}
# - {name: pwv, datatype: float64}
# - {name: airmass, datatype: float64}
# meta: {SNID: '26204786', alt: 1024.0, c: 0.11722299456596375, dec: -31.388166, lat: -30.244573, lon: -70.7499537, ra: 349.277344, t0: 62641.60546875,
#   x0: 9.19885457797914e-06, x1: -0.2205023467540741, z: 0.47673484683036804}
# schema: astropy-2.0
time band flux fluxerr zp zpsys pwv airmass
62644.3634 lsst_hardware_i 2588.503992134002 70.2076244981107 31.260000228881836 AB 3.1727023043993214 1.333955630594327
62644.3833 lsst_hardware_z 2058.4197469297887 68.90227412900758 30.950000762939453 AB 2.4415843419296404 1.22682405590636
62655.3643 lsst_hardware_z 1461.3361964892495 57.48250576852876 30.93000030517578 AB 12.486061424744744 1.1796460032038494
62655.3869 lsst_hardware_r 1963.2826670265133 49.955307639061765 31.489999771118164 AB 11.916793496400015 1.104361191437035
62657.3588 lsst_hardware_u 6.577818612496165 2.7804041624417746 28.309999465942383 AB 6.193967985453269 1.1798034258006227
62657.3788 lsst_hardware_g 263.7486271284681 21.684566109766646 31.40999984741211 AB 5.114503232658048 1.1118485288387063
62675.3652 lsst_hardware_r 522.2336594408525 39.93541600311696 31.59000015258789 AB 3.5942496104729083 1.03513560673139
62675.3863 lsst_hardware_z 882.4892232336753 52.08021794194998 30.959999084472656 AB 3.3268730872783703 1.0110027615311092
62676.3576 lsst_hardware_r 427.9769482526082 34.719973809701166 31.549999237060547 AB 3.565711870887369 1.0428090868260818
62676.3794 lsst_hardware_y 402.71169993836077 50.974126127310264 30.059999465942383 AB 3.9520330472351484 1.014642630869101
62678.3591 lsst_hardware_g 72.60577750590956 16.142552086051644 31.440000534057617 AB 5.587407376493006 1.0320929825428864
62678.379 lsst_hardware_r 428.38424075800185 30.334383081503308 31.5 AB 5.455595186668634 1.010295404938636
62680.2544 lsst_hardware_z 727.2237760166174 52.936323393062395 30.90999984741211 AB 8.14186277674983 1.4061939165371036
62680.2739 lsst_hardware_r 306.70855250211446 30.042693062502064 31.450000762939453 AB 7.370105113745211 1.2827985229308212
62682.2718 lsst_hardware_r 267.64898797244456 29.531609637931016 31.459999084472656 AB 4.40810419992602 1.2649095004450854
62682.2909 lsst_hardware_i 631.0494642416319 39.964827061472526 31.229999542236328 AB 4.097872640231852 1.1784243974881485
62686.2749 lsst_hardware_z 504.7361487776135 49.23865918560477 30.93000030517578 AB 8.314880988871876 1.1991031458156074
62686.294 lsst_hardware_i 507.9913676941845 38.38289740223184 31.239999771118164 AB 7.882859754699732 1.128904765987574
62688.273 lsst_hardware_u 0.9679477287207752 3.1509596817814858 28.309999465942383 AB 5.238814120921611 1.1844481394803552
62688.2923 lsst_hardware_g 43.509502329796895 15.108158832771217 31.399999618530273 AB 5.722473362116032 1.1173432318883203
62695.2533 lsst_hardware_r 500.1291995381866 105.5866432197711 32.36000061035156 AB 7.369170977888923 1.1868212553303863
62695.2986 lsst_hardware_i 829.893588280376 85.80617663363437 32.06999969482422 AB 6.438946966907311 1.0555650765421822
62697.2628 lsst_hardware_z 433.02648078339723 74.20655126941533 30.979999542236328 AB 6.027063344424432 1.1326405157480728
62697.2822 lsst_hardware_r 94.58918456023531 105.26807359948138 31.649999618530273 AB 5.816746940364506 1.078873586268108
62699.268 lsst_hardware_i 330.92736485109117 83.08557457887898 31.31999969482422 AB 2.0763051247321838 1.1010013918155637
62699.287 lsst_hardware_z 483.59800735596554 73.19167357338762 30.979999542236328 AB 1.9601579370471494 1.0568788301835816
62704.2646 lsst_hardware_i 285.38925105015403 39.77738249391609 31.270000457763672 AB 5.282503215406151 1.0753734470774392
62704.2846 lsst_hardware_z 293.4696863568713 47.09540879379699 30.950000762939453 AB 5.096858601948857 1.037299717168161
62709.2701 lsst_hardware_i 246.77520333844706 34.55262434401336 31.239999771118164 AB 2.093859226095111 1.0386206478646385
62709.2916 lsst_hardware_r 227.35640942350156 25.852044770557402 31.489999771118164 AB 1.9735069406285197 1.0125741101223806
62716.1728 lsst_hardware_z -6.391216521747931 44.939998626708984 30.920000076293945 AB 2.881678997791837 1.298492282433901
62716.1924 lsst_hardware_r 21.303135701164166 23.65999984741211 31.469999313354492 AB 2.7274160495092996 1.201637206524475
62719.1675 lsst_hardware_g 46.419884638223195 18.8700008392334 31.440000534057617 AB 2.052262143092554 1.282396673459209
62719.1873 lsst_hardware_i 15.516429381194689 33.130001068115234 31.229999542236328 AB 1.9271743451762338 1.1887576921000722
62722.164 lsst_hardware_z 7.0906310039748925 50.220001220703125 30.940000534057617 AB 5.471900709009281 1.2576913656287494
62722.1822 lsst_hardware_r 102.4367501153428 49.20000076293945 31.600000381469727 AB 4.467198183657421 1.176455651228746
62723.1646 lsst_hardware_y -88.8445298567675 74.08999633789062 30.729999542236328 AB 5.400269868190377 1.2411560257849636
62725.1561 lsst_hardware_r 19.364164088896246 107.44999694824219 31.610000610351562 AB 4.0077494488237075 1.256216523505498
62725.1746 lsst_hardware_i -24.21579057193371 83.68000030517578 31.31999969482422 AB 3.1854224618016342 1.1741689307823564
62733.164 lsst_hardware_u -3.160174662465417 2.700000047683716 28.389999389648438 AB 2.0993169547819037 1.134306067692505
62733.1813 lsst_hardware_r 3.4783794404338138 23.40999984741211 31.5 AB 2.3580371691179343 1.0851528619962882
62735.1485 lsst_hardware_i 53.232882370401626 32.060001373291016 31.239999771118164 AB 2.3537703685723916 1.169575338421064
62735.1657 lsst_hardware_z 42.757668181590084 42.41999816894531 30.940000534057617 AB 2.240520624938774 1.1122889086242465
62736.1558 lsst_hardware_z 17.493408871602625 42.560001373291016 30.950000762939453 AB 2.491096865372052 1.134336219195713
62736.1693 lsst_hardware_r 13.651068433654066 23.600000381469727 31.5 AB 2.0629099416728103 1.0948175357159666
62738.1839 lsst_hardware_r -7.238017989509904 23.280000686645508 31.510000228881836 AB 3.9793759069130643 1.0505216227331216
62738.2006 lsst_hardware_i -4.180099646569605 30.6299991607666 31.260000228881836 AB 3.8961254788642865 1.0250264348498517
62740.1697 lsst_hardware_i 30.836439809629187 31.1299991607666 31.260000228881836 AB 2.361395786075775 1.0678606207759005
62740.1902 lsst_hardware_z -18.517843967533977 41.2400016784668 30.950000762939453 AB 2.3076260707211005 1.0315717794908807
62742.1585 lsst_hardware_r 5.66228413905236 23.6299991607666 31.510000228881836 AB 5.62050142692245 1.0808656590235481
62742.1759 lsst_hardware_g 12.825581105675537 14.619999885559082 31.450000762939453 AB 5.6223762850232 1.0453590031186129
62747.1732 lsst_hardware_z -26.197385600527085 41.08000183105469 30.950000762939453 AB 1.3681361723050973 1.0286738137632312
62747.1912 lsst_hardware_i -11.223935862388362 30.479999542236328 31.260000228881836 AB 1.315746679244407 1.0098471474853141
62748.1602 lsst_hardware_z -44.78765712442179 41.90999984741211 30.950000762939453 AB 1.461877463552805 1.0441981882520035
62748.1779 lsst_hardware_g 4.14182340412274 17.079999923706055 31.510000228881836 AB 1.5294730998989914 1.0196487332659943
62751.072 lsst_hardware_i -20.897761137745626 49.650001525878906 31.25 AB 2.8007938490961495 1.3294907511532355
62751.0896 lsst_hardware_r 6.391264084479638 53.61000061035156 31.59000015258789 AB 1.9420433761630287 1.2342188599696615
62755.0699 lsst_hardware_r -172.6454948249022 132.58999633789062 31.610000610351562 AB 3.040438658877281 1.2786592803856522
62755.0864 lsst_hardware_i 105.55007408544988 103.05999755859375 31.31999969482422 AB 3.2173261291214104 1.1995996007164096
62757.0726 lsst_hardware_z 95.0129659760908 77.86000061035156 30.969999313354492 AB 3.0236271677161266 1.2371633255794299
62757.0893 lsst_hardware_r 320.9152506412409 108.94000244140625 31.6299991607666 AB 3.077614922975415 1.1663154610991624
62760.0908 lsst_hardware_z -8.31010181834741 42.689998626708984 30.950000762939453 AB 4.077464098211277 1.132628916169799
62760.1096 lsst_hardware_r 37.182098923690546 36.83000183105469 31.600000381469727 AB 3.8890126199290935 1.080281283313637
62762.0714 lsst_hardware_r -0.4113113990777977 23.6299991607666 31.469999313354492 AB 1.3672120261361023 1.1827093651696385
62762.0881 lsst_hardware_u -2.711973748888968 2.7300000190734863 28.420000076293945 AB 1.685874349823626 1.1239162332157506
62764.0708 lsst_hardware_g 2.8649714303822034 14.369999885559082 31.40999984741211 AB 6.507154689517618 1.164035900453347
62764.0879 lsst_hardware_r -6.141688543366862 23.420000076293945 31.5 AB 4.338550259608521 1.1083280775599746
62765.0778 lsst_hardware_i -22.487157184498646 31.469999313354492 31.239999771118164 AB 4.4380194690391175 1.1305375767607662
62765.0942 lsst_hardware_z -25.477383208123964 41.83000183105469 30.950000762939453 AB 4.236023656902627 1.0844914636207441
62767.0779 lsst_hardware_r 20.04998919535825 23.440000534057617 31.489999771118164 AB 1.5236955136682881 1.113541179294898
62767.0959 lsst_hardware_u -3.433740827997422 2.759999990463257 28.469999313354492 AB 1.3884456535756569 1.0680351181351206
62771.0976 lsst_hardware_i -44.8472154312764 30.6299991607666 31.25 AB 3.437791766113022 1.043863896593023
62771.1176 lsst_hardware_z 69.80169269908893 40.84000015258789 30.950000762939453 AB 3.3476757129243144 1.0170154064580195
62772.1005 lsst_hardware_r 1.5855075149384663 22.75 31.489999771118164 AB 4.753749643013539 1.0349425010642879
62772.119 lsst_hardware_u -2.130030756108444 2.700000047683716 28.459999084472656 AB 4.642755975177442 1.0130938792596886
62774.0008 lsst_hardware_y 34.50918369343666 51.20000076293945 29.950000762939453 AB 4.5936703952311895 1.3845044516582763
62774.0205 lsst_hardware_i 2.4051480808580052 32.5099983215332 31.219999313354492 AB 4.216853706418203 1.2655306859326856
62780.0021 lsst_hardware_y -23.165332754917344 53.91999816894531 29.969999313354492 AB 4.354654746164281 1.2761827961504617
62780.0209 lsst_hardware_r 83.81004103854855 57.459999084472656 31.600000381469727 AB 4.064956721452923 1.1881495714878838
62781.0043 lsst_hardware_y -21.886204647278575 55.63999938964844 29.979999542236328 AB 4.840808906415326 1.2506934262796348
62781.025 lsst_hardware_z -39.66405393181057 60.040000915527344 30.969999313354492 AB 4.530863759098156 1.1617599382302963
62783.0042 lsst_hardware_y 66.67243814121768 61.279998779296875 30.0 AB 4.719902798498613 1.224994237866435
62783.0251 lsst_hardware_z -4.547888179257728 74.05000305175781 30.979999542236328 AB 4.445412096435234 1.1421922138836675
62787.0035 lsst_hardware_y 15.773945189482193 49.439998626708984 30.010000228881836 AB 6.7722462681896065 1.1812744231972103
62787.0221 lsst_hardware_r -97.56172327042225 51.13999938964844 31.6200008392334 AB 6.387886247493127 1.117056264316364
62791.0057 lsst_hardware_y -6.019279993406933 49.779998779296875 30.020000457763672 AB 8.021141412957856 1.1341042623656126
62791.0265 lsst_hardware_i -21.607775165264567 30.940000534057617 31.25 AB 7.607914158791476 1.076667805569974
62793.0062 lsst_hardware_y -103.81325516548372 50.099998474121094 30.030000686645508 AB 4.528496044684988 1.1156221009283487
62793.0268 lsst_hardware_r -0.5445649379411637 23.010000228881836 31.5 AB 4.32970849093344 1.0640283000450805
62796.0012 lsst_hardware_y -50.077076479352755 57.97999954223633 30.040000915527344 AB 4.602527952410218 1.1064212394110864
62796.0213 lsst_hardware_z 34.71603106882364 41.61000061035156 30.950000762939453 AB 4.424808543438858 1.0585666371863298
62799.0065 lsst_hardware_y 4.33281269135868 51.65999984741211 30.049999237060547 AB 3.8794215570620243 1.0724781414229108
62799.0246 lsst_hardware_u -0.8789443854766792 2.7899999618530273 28.520000457763672 AB 3.751149407921048 1.0382607056868314
62801.0071 lsst_hardware_z -25.63354311502486 44.810001373291016 30.959999084472656 AB 4.543181009081059 1.0596546504105306
62801.0256 lsst_hardware_r 24.63889119318715 22.75 31.5 AB 4.398736394698855 1.0288840172384903
62803.0089 lsst_hardware_y -6.943944492377302 50.7400016784668 30.059999465942383 AB 3.230430951098001 1.0461240126612696
62803.0287 lsst_hardware_z 75.1934670214109 40.95000076293945 30.959999084472656 AB 3.1804044922312524 1.0185986416882413
63013.3681 lsst_hardware_u 3.0130557182581534 2.7100000381469727 28.34000015258789 AB 4.737073436696134 1.2507674978074637
63013.3896 lsst_hardware_g -6.726716018328902 14.890000343322754 31.40999984741211 AB 5.751879028715986 1.158893674248963
63015.3637 lsst_hardware_r 12.420652971768138 24.06999969482422 31.469999313354492 AB 10.611958899307282 1.245522899733831
63015.3844 lsst_hardware_i -18.454697975900952 31.75 31.239999771118164 AB 9.391767233927714 1.1579525604875531
63019.3596 lsst_hardware_z 21.5775164239833 43.70000076293945 30.93000030517578 AB 10.614302371048215 1.2136641808569824
63019.3809 lsst_hardware_g 16.401468304082524 14.5600004196167 31.40999984741211 AB 8.57217374826348 1.1326119770447884
63020.3634 lsst_hardware_r 46.45967175847628 49.66999816894531 31.600000381469727 AB 12.546203300618492 1.1860190136159527
63020.383 lsst_hardware_z -52.716832630950535 48.41999816894531 30.959999084472656 AB 12.055874074153095 1.117612663889476
63031.3507 lsst_hardware_u -0.712396046307377 3.200000047683716 28.5 AB 13.426761328597193 1.1245193742543567
63031.3659 lsst_hardware_g -5.928773904382506 17.81999969482422 31.5 AB 12.958147668387108 1.0827555445582453
63036.3749 lsst_hardware_i -21.86796276301788 30.56999969482422 31.25 AB 2.6752495092959667 1.0380584010719653
63036.388 lsst_hardware_z -19.11737361271092 40.77000045776367 30.950000762939453 AB 2.966496127930688 1.0205542712413136
63044.2882 lsst_hardware_z 31.422868788611215 43.650001525878906 30.93000030517578 AB 8.775956155960566 1.2279789397332883
63044.3103 lsst_hardware_i -15.541982213069094 31.360000610351562 31.239999771118164 AB 7.82433860701505 1.1403247988072225
63046.2507 lsst_hardware_r -16.65011787080599 24.15999984741211 31.43000030517578 AB 3.801707239294095 1.4185474773485431
63046.2712 lsst_hardware_z -46.12291982991253 44.2599983215332 30.93000030517578 AB 3.373456468417943 1.2864740083584492
63048.2605 lsst_hardware_r 15.555413823008404 51.45000076293945 31.56999969482422 AB 10.764982338778506 1.316495333102422
63048.2797 lsst_hardware_i 2.043456225202853 45.16999816894531 31.280000686645508 AB 9.961698573681723 1.216918955983566
63051.2729 lsst_hardware_z 90.36253532963273 91.55000305175781 31.719999313354492 AB 8.416473935684085 1.2107421327316528
63053.2697 lsst_hardware_z 7.353268718077309 71.26000213623047 30.969999313354492 AB 5.297863194456691 1.2009664185711102
63053.2882 lsst_hardware_r -50.59480967382008 99.83999633789062 31.639999389648438 AB 5.042156055915457 1.1322206712385006
63066.2726 lsst_hardware_g 22.676374057408797 14.010000228881836 31.40999984741211 AB 2.377508611741642 1.0774208210309557
63066.2928 lsst_hardware_r 11.57945558704586 22.719999313354492 31.5 AB 2.3054347900542256 1.0383672064200993
63068.2623 lsst_hardware_i -38.506015728749084 31.020000457763672 31.239999771118164 AB 5.194496890888567 1.0891452804490986
63068.2821 lsst_hardware_r -5.734304619677743 22.920000076293945 31.5 AB 4.9218208911486405 1.0470474169228423
63070.2607 lsst_hardware_u 1.7285598929726778 2.6500000953674316 28.3799991607666 AB 5.53678110620796 1.0797155043307254
63070.2794 lsst_hardware_g 24.964135431838567 14.0600004196167 31.43000030517578 AB 5.326428098915357 1.0423538354041795
63071.2722 lsst_hardware_z -72.3908490746518 41.16999816894531 30.950000762939453 AB 6.1995685083935355 1.0500920602535417
63071.294 lsst_hardware_r 16.127036213080366 22.799999237060547 31.510000228881836 AB 5.294470694823243 1.0188532078943988
63078.381 lsst_hardware_r 57.310459112097604 32.56999969482422 32.25 AB 4.892082632565248 1.0777490653714517
63078.4185 lsst_hardware_i -22.492049476030733 45.349998474121094 31.979999542236328 AB 4.177708365037127 1.1977947240513576
63080.1658 lsst_hardware_r -13.169736493722528 108.41000366210938 31.59000015258789 AB 2.4652650220103025 1.3626522461595407
63080.1852 lsst_hardware_i -34.90160115039046 83.37999725341797 31.299999237060547 AB 2.34286880760749 1.2506973482490271
63082.1635 lsst_hardware_z -120.2861294823548 86.2699966430664 30.959999084472656 AB 1.8242076315070768 1.3421515375895108
63082.1816 lsst_hardware_r 86.19371987516722 123.45999908447266 31.610000610351562 AB 1.5084821324450237 1.2415490802018772
