data/validation/pwv_sim_epoch_fit_seasonal/26217266.ecsv
# %ECSV 0.9
# ---
# datatype:
# - {name: time, datatype: float64}
# - {name: band, datatype: string}
# - {name: flux, datatype: float64}
# - {name: fluxerr, datatype: float64}
# - {name: zp, datatype: float64}
# - {name: zpsys, datatype: string}
# - {name: pwv, datatype: float64}
# - {name: airmass, datatype: float64}
# meta: {SNID: '26217266', alt: 1024.0, c: -0.0073943231254816055, dec: -0.447628, lat: -30.244573, lon: -70.7499537, ra: 210.234375,
#   t0: 61533.08203125, x0: 9.414858536078716e-06, x1: -0.43804001808166504, z: 0.47202351689338684}
# schema: astropy-2.0
time band flux fluxerr zp zpsys pwv airmass
61445.3185 lsst_hardware_u 2.3611061573217245 2.6600000858306885 28.270000457763672 AB 7.047940726090414 1.2964114275895178
61445.3363 lsst_hardware_y 44.47550344562375 49.599998474121094 29.989999771118164 AB 8.147770227507108 1.2327673331915086
61450.3766 lsst_hardware_u 6.794644815728438 3.2200000286102295 28.510000228881836 AB 2.9685079390797595 1.151253806119744
61456.3701 lsst_hardware_z -31.910579018904357 60.689998626708984 30.969999313354492 AB 4.334945469875336 1.1514818850386053
61456.3879 lsst_hardware_y -24.673274576243468 59.650001525878906 30.020000457763672 AB 3.1406280843208187 1.1631955867854884
61458.3393 lsst_hardware_r -55.075909513349494 108.95999908447266 31.6299991607666 AB 10.84886667722054 1.1598414194542874
61458.3577 lsst_hardware_i 26.943995931356653 86.0 31.309999465942383 AB 10.790705490485522 1.1508551383000156
61460.3364 lsst_hardware_z -191.8806176828839 75.54000091552734 30.979999542236328 AB 11.734743275795148 1.1576530689702547
61460.3538 lsst_hardware_i -69.78066762592793 84.0199966430664 31.31999969482422 AB 11.56367059645586 1.1508048362702796
61462.3535 lsst_hardware_z -21.651148742057323 84.12999725341797 31.719999313354492 AB 7.713985791512285 1.1514270903070805
61464.3438 lsst_hardware_r -18.88183696432519 37.709999084472656 31.56999969482422 AB 5.492893480734508 1.150826205894531
61464.3612 lsst_hardware_i 7.303934698232674 39.119998931884766 31.270000457763672 AB 5.49462255176249 1.1585309265220578
61466.3503 lsst_hardware_z -60.8357588711698 61.54999923706055 31.690000534057617 AB 3.6948006330128074 1.1546251978165023
61468.3391 lsst_hardware_g 4.236233178588566 15.3100004196167 31.40999984741211 AB 8.549078226031682 1.1519857469892445
61468.3573 lsst_hardware_r 7.897404436756752 24.520000457763672 31.479999542236328 AB 8.475085796834003 1.1656278459829001
61470.3419 lsst_hardware_i -71.32609322445383 32.189998626708984 31.229999542236328 AB 8.307742548150982 1.1562620108769508
61470.3632 lsst_hardware_z 29.735173363086556 43.88999938964844 30.940000534057617 AB 8.464622912911723 1.1822099040379501
61472.31 lsst_hardware_z 123.18684660508822 43.15999984741211 30.93000030517578 AB 11.296954255857855 1.1535351520617583
61472.328 lsst_hardware_i -30.003986255379907 32.13999938964844 31.229999542236328 AB 11.218804399829978 1.151926523470178
61476.3108 lsst_hardware_r -2.03443615275075 24.200000762939453 31.489999771118164 AB 8.716839273448025 1.1508138191891248
61476.3299 lsst_hardware_i 37.75399064593418 32.2400016784668 31.239999771118164 AB 8.7444108492633 1.159813097587811
61477.3095 lsst_hardware_z -48.852248386191604 43.45000076293945 30.940000534057617 AB 15.755949630581721 1.150909395951896
61477.3288 lsst_hardware_u -2.0589861567766583 2.759999990463257 28.40999984741211 AB 16.041936607015764 1.1613651348017109
61479.1561 lsst_hardware_g -2.3061000455193357 20.270000457763672 31.889999389648438 AB 18.544634735841743 1.8881191982937602
61479.1743 lsst_hardware_r -13.228336033448777 25.5 31.3799991607666 AB 16.93220950497998 1.65367066053357
61481.3272 lsst_hardware_i 45.203982429773596 32.33000183105469 31.239999771118164 AB 9.399134371611796 1.1726929970819457
61481.3461 lsst_hardware_z 30.87648290253623 43.959999084472656 30.940000534057617 AB 10.754091186187775 1.2092759683107668
61485.2018 lsst_hardware_z 11.681386849783747 75.44999694824219 30.959999084472656 AB 7.050790826885135 1.3303378918651199
61485.22 lsst_hardware_i -97.74019866411687 83.62000274658203 31.299999237060547 AB 7.1545588648311975 1.2554794451622306
61487.3096 lsst_hardware_z -161.58386299850278 138.02000427246094 31.739999771118164 AB 7.228199576138969 1.1709695023040152
61489.2798 lsst_hardware_r 124.00768057657508 114.66000366210938 31.6299991607666 AB 7.475627945893483 1.1514251745696777
61489.2999 lsst_hardware_i 6.464465468421216 93.94000244140625 31.31999969482422 AB 7.149753650314472 1.1655465053290088
61492.2873 lsst_hardware_z -7.2730501178650355 70.77999877929688 31.709999084472656 AB 8.840094442548452 1.160828299380448
61494.2442 lsst_hardware_g 16.284889483298663 26.6299991607666 31.600000381469727 AB 7.401186541615195 1.157158621265628
61494.2626 lsst_hardware_r -5.018184866932175 31.979999542236328 31.559999465942383 AB 7.740712562084258 1.1508641929949524
61497.2479 lsst_hardware_i 16.328323701268086 32.470001220703125 31.25 AB 9.82577474270352 1.1513230569898347
61497.2665 lsst_hardware_z -20.22945556563225 43.4900016784668 30.950000762939453 AB 9.125534821400933 1.155130990050751
61501.2488 lsst_hardware_g -2.9942200514533197 15.210000038146973 31.420000076293945 AB 17.09136370421099 1.151916137505234
61501.2673 lsst_hardware_r -12.111674470260528 24.5 31.479999542236328 AB 17.019776084847926 1.1657380880032826
61505.2243 lsst_hardware_u 1.08261196686803 2.86406435435834 28.450000762939453 AB 5.6106960836304225 1.1517783119536928
61505.2414 lsst_hardware_g 4.838968258986342 15.718318967714765 31.440000534057617 AB 5.5113477774896635 1.1533233351331604
61511.2261 lsst_hardware_r 160.44381983107132 47.23555414985501 31.600000381469727 AB 18.911436177816814 1.1538692468986815
61511.244 lsst_hardware_i 108.24476527063493 43.99854205884592 31.280000686645508 AB 19.101234575433686 1.1708671872153054
61515.2352 lsst_hardware_z 850.2999151902089 151.24839980893003 31.739999771118164 AB 3.180013887372649 1.1739061324782905
61518.1905 lsst_hardware_z 611.6697272647638 76.81931221798064 30.979999542236328 AB 4.633371659904803 1.1513389364461533
61518.2075 lsst_hardware_r 1409.9850359584862 108.90109742604278 31.6299991607666 AB 4.622747879273533 1.1541481056774798
61520.1898 lsst_hardware_i 1165.789719234533 63.01142697466327 31.290000915527344 AB 14.61804126503585 1.150800335763476
61520.2072 lsst_hardware_r 2104.5244501805746 75.13515793565824 31.610000610351562 AB 14.602421226886051 1.1576207618592365
61522.1867 lsst_hardware_z 1089.591016298289 57.25117426538485 30.950000762939453 AB 3.994634357203381 1.1509150608989334
61522.2047 lsst_hardware_g 1035.7770901659665 50.22234128237299 31.639999389648438 AB 4.156323452260037 1.1601740271486496
61524.1884 lsst_hardware_r 2621.3556280854677 57.47387673480609 31.489999771118164 AB 11.247814069155183 1.1528140006991867
61524.2074 lsst_hardware_i 1873.8217076293547 53.85626387194867 31.239999771118164 AB 11.433941866475683 1.1693737739931154
61526.184 lsst_hardware_z 1501.6900874511775 57.71320462133791 30.940000534057617 AB 11.081720621029593 1.1532947179424582
61526.2027 lsst_hardware_r 3054.6854245950753 60.21361506983717 31.489999771118164 AB 11.298713618401463 1.1703963349373523
61528.1855 lsst_hardware_u 10.562643209131325 3.398218491496261 28.389999389648438 AB 13.403104158051962 1.1577355237152942
61528.202 lsst_hardware_g 1287.2533828823478 38.31166074393171 31.420000076293945 AB 13.5469324376882 1.1774480621469638
61530.182 lsst_hardware_r 3410.402247343697 63.373577624737344 31.5 AB 10.627006601716818 1.1593941306695197
61530.1994 lsst_hardware_z 1827.5219344766515 59.69438579413314 30.940000534057617 AB 10.961707425929877 1.1822376430036536
61532.1822 lsst_hardware_r 3426.213520496891 63.64784574286119 31.5 AB 7.453997099928377 1.1652028918940744
61533.15 lsst_hardware_u 5.221474607885465 3.2799659024122 28.450000762939453 AB 11.397328108281005 1.1512452634627277
61533.1676 lsst_hardware_g 1071.108034017251 37.2014515402204 31.440000534057617 AB 10.183062417712609 1.1547604329290428
61535.1479 lsst_hardware_r 3321.31617125962 62.67599196935748 31.5 AB 8.072097434173369 1.150827720210056
61535.1652 lsst_hardware_i 2304.6628527957446 58.03424748758591 31.25 AB 8.15992312653003 1.156820574379632
61539.0099 lsst_hardware_z 5230.96570051975 116.84742678796698 32.08000183105469 AB 9.776397938809007 1.6599472977107617
61541.1104 lsst_hardware_r 3136.547886026794 97.53445072224945 31.6299991607666 AB 6.282079894761591 1.162056954265925
61541.1317 lsst_hardware_z 1879.2108033431618 75.72585911113242 30.979999542236328 AB 7.561467261959248 1.1508206775678027
61543.1155 lsst_hardware_r 2698.889657922476 139.59705786240656 31.6299991607666 AB 9.748683005137341 1.1538723670564202
61543.135 lsst_hardware_y 587.153430241769 70.26545285329307 30.020000457763672 AB 9.434364739489006 1.1522184586576707
61547.1047 lsst_hardware_z 1210.6301945817443 74.82065396289 30.969999313354492 AB 5.323675542738283 1.1538091770130654
61547.1241 lsst_hardware_r 1979.7274113145218 103.02552294058785 31.6299991607666 AB 5.336348470269209 1.1522272499501676
61551.0736 lsst_hardware_r 1429.2271383796456 45.25781170527052 31.479999542236328 AB 6.107808925711657 1.1739577964944803
61551.093 lsst_hardware_i 1524.9374428180367 50.41039810138302 31.229999542236328 AB 7.395256648556458 1.1542313817087533
61553.0876 lsst_hardware_z 950.2724727425048 53.031992020442324 30.940000534057617 AB 8.78344488417111 1.1541977508766241
61553.108 lsst_hardware_r 1328.397968596498 42.85416356262211 31.489999771118164 AB 8.835983725787978 1.1523317362327417
61555.0813 lsst_hardware_u 1.040083014223604 2.75474196759775 28.34000015258789 AB 12.532918564733455 1.1546820125975505
61557.0201 lsst_hardware_r 1866.5915593401853 54.693624034748424 32.220001220703125 AB 8.617444709477528 1.2672712808055189
61557.0365 lsst_hardware_z 823.9031682783155 52.458950057813624 30.93000030517578 AB 8.269173132364584 1.2160548724065565
61560.0776 lsst_hardware_r 715.9199493924841 35.992773353620265 31.479999542236328 AB 13.214924990533955 1.1510256067009752
61560.1008 lsst_hardware_u 8.431739320086953 3.6427745182962052 28.3799991607666 AB 13.5434736099813 1.1600488463142178
61562.0718 lsst_hardware_g 108.20144032870681 18.39312628305117 31.420000076293945 AB 4.85830843539182 1.1510760785164633
61562.0939 lsst_hardware_r 620.8038866639321 34.78948595312353 31.489999771118164 AB 5.909708467617637 1.1587663661995369
61573.0334 lsst_hardware_z 576.1281249607237 77.87127719122971 30.979999542236328 AB 6.972914509337153 1.1539784045241264
61573.0515 lsst_hardware_r 420.0154776705671 107.64317381961287 31.6299991607666 AB 6.850105827401447 1.151713812349451
61577.0331 lsst_hardware_r 268.65618478347824 70.75200247487794 31.610000610351562 AB 4.544487437898151 1.1508430602874107
61577.0563 lsst_hardware_z 468.67563627156557 60.86800740244334 30.959999084472656 AB 3.9191397799265255 1.1619151437670754
61578.9963 lsst_hardware_i 419.2491345132803 38.64053942968675 31.229999542236328 AB 10.541900834806455 1.1752397809148778
61579.0151 lsst_hardware_r 251.53699960867928 29.316772496605417 31.489999771118164 AB 3.740199406802276 1.1550955549111415
61580.9969 lsst_hardware_u 1.080824573237825 3.979501454877381 28.309999465942383 AB 5.846875501435957 1.1668857440332296
61581.0155 lsst_hardware_g 19.14870958179619 16.633134719419154 31.420000076293945 AB 5.8482545569819155 1.1522140717767801
61582.9984 lsst_hardware_r 213.45401251437818 28.87853065055111 31.489999771118164 AB 8.91534875067692 1.159493919973557
61583.0175 lsst_hardware_i 387.28273379204734 37.814623681288055 31.239999771118164 AB 9.549476363681606 1.150816626136612
61588.0281 lsst_hardware_r 420.45832135081423 40.615932175677344 32.2400016784668 AB 10.1902178231347 1.1638647505150705
61588.0618 lsst_hardware_z 691.3524221037538 67.9350234349721 31.68000030517578 AB 10.557095197634615 1.2303709257671576
61589.9998 lsst_hardware_r 166.52267893476088 28.73007836407855 31.5 AB 9.461235234384855 1.1508385145317803
61590.0219 lsst_hardware_u 7.2511367783116505 3.6637704761328536 28.440000534057617 AB 9.188190801015395 1.1630621267108094
61594.9642 lsst_hardware_z 328.88163123139975 50.23223988315946 30.950000762939453 AB 3.62855921029494 1.160829392789637
61594.9863 lsst_hardware_g 35.692869459939054 22.846298919131257 31.530000686645508 AB 3.5062466462872854 1.1508468204443068
61598.9636 lsst_hardware_y 243.07944183626677 60.50361632414828 30.020000457763672 AB 6.802503777615549 1.1533740068016471
61598.984 lsst_hardware_r 153.57588744127466 75.80978952878223 31.6200008392334 AB 6.781656888684313 1.1529998535613333
61814.3835 lsst_hardware_y 72.54482681853884 102.5199966430664 30.780000686645508 AB 5.714169802622998 1.1507743032167865
61818.3194 lsst_hardware_r 63.66436316080626 43.029998779296875 31.56999969482422 AB 5.995779746415012 1.220639199188724
61818.3365 lsst_hardware_y 87.50648249912247 50.34000015258789 30.0 AB 4.77979055186291 1.18260420655976
61820.3714 lsst_hardware_r -4.901889509012783 27.360000610351562 31.520000457763672 AB 3.522069629080059 1.1510031467582378
61820.389 lsst_hardware_y -39.81719597913317 55.220001220703125 30.010000228881836 AB 2.4947806141879463 1.1607679954346612
61824.3363 lsst_hardware_r -61.763659330684185 24.440000534057617 31.489999771118164 AB 11.396442409533185 1.1606914458378386
61824.3543 lsst_hardware_u 0.02191093023468367 2.7100000381469727 28.360000610351562 AB 11.313108126017642 1.15093424141794
61828.3401 lsst_hardware_i -10.282256011565389 32.11000061035156 31.239999771118164 AB 5.988332245916097 1.1516023549838648
61828.3564 lsst_hardware_z -1.2998839936601565 43.04999923706055 30.940000534057617 AB 5.996122730710674 1.153100525136668
61832.2869 lsst_hardware_r 0.4642913494019416 24.360000610351562 31.479999542236328 AB 7.023418754829296 1.2060822131933537
61832.304 lsst_hardware_i 65.27918213822151 32.130001068115234 31.229999542236328 AB 7.094480670789605 1.17336872785439
61836.306 lsst_hardware_r 0.566781252176605 24.110000610351562 31.479999542236328 AB 10.369825827895385 1.1584671737426886
61836.3256 lsst_hardware_u 0.897399402219843 2.640000104904175 28.31999969482422 AB 10.243091437295798 1.1507798491513086
61838.3059 lsst_hardware_y 83.32733807822264 50.15999984741211 30.010000228881836 AB 8.31319694948902 1.1546106874290305
61838.3237 lsst_hardware_r 9.080515480332567 24.239999771118164 31.489999771118164 AB 8.289091779761993 1.1512627471891657
61840.3043 lsst_hardware_i 84.92312257419918 79.3499984741211 31.309999465942383 AB 9.183502943363724 1.152656555695377
61840.3236 lsst_hardware_z -87.89813968423134 70.1500015258789 30.969999313354492 AB 9.31140574038415 1.153079562909402
61843.2916 lsst_hardware_r 45.58238391709642 120.97000122070312 31.6299991607666 AB 12.580132717328292 1.1550059877273453
61843.3193 lsst_hardware_i 126.4689498527706 96.88999938964844 31.31999969482422 AB 12.208977825487073 1.1552233359026478
61845.3058 lsst_hardware_z -96.01077750969462 60.77000045776367 30.969999313354492 AB 8.959600529179177 1.151557932310289
61845.3237 lsst_hardware_i 50.83518047208962 63.220001220703125 31.299999237060547 AB 8.966721098254517 1.1638164856314337
61847.3074 lsst_hardware_z 62.99734657104895 47.2599983215332 30.950000762939453 AB 7.030080715872009 1.1546174393745772
61847.3262 lsst_hardware_g 56.834181730708316 37.88999938964844 31.6299991607666 AB 7.2335736113057845 1.174154357424378
61851.2707 lsst_hardware_i 21.889990603607203 32.25 31.229999542236328 AB 6.0677191183327785 1.1544366663494632
61851.2898 lsst_hardware_z -35.56516956149384 43.5 30.940000534057617 AB 6.032989802868768 1.151663606541731
61855.2332 lsst_hardware_i 2.2212898540743984 32.459999084472656 31.229999542236328 AB 7.731286150904277 1.1867508418293555
61855.2519 lsst_hardware_z 76.88725826738265 43.25 30.940000534057617 AB 8.239271268199149 1.1604607419998803
61857.2247 lsst_hardware_i -17.7795116520014 32.619998931884766 31.239999771118164 AB 9.16875210319728 1.192709058606879
61857.2422 lsst_hardware_u -1.1575736758518271 2.7200000286102295 28.3700008392334 AB 8.953525891418204 1.1649135950322773
61861.2515 lsst_hardware_r 16.42626901474573 24.360000610351562 31.479999542236328 AB 5.373565640404417 1.151231659016846
61861.2695 lsst_hardware_i -10.868852879534607 32.34000015258789 31.229999542236328 AB 5.41529560107308 1.1548114019917257
61863.2463 lsst_hardware_z -19.980584419563733 43.40999984741211 30.93000030517578 AB 8.25394702164474 1.15117810622659
61863.2648 lsst_hardware_u 3.7223941621294556 2.6500000953674316 28.309999465942383 AB 6.8606824503774915 1.1552887851103109
