data/validation/pwv_sim_epoch_fit_seasonal/26218399.ecsv
# %ECSV 0.9
# ---
# datatype:
# - {name: time, datatype: float64}
# - {name: band, datatype: string}
# - {name: flux, datatype: float64}
# - {name: fluxerr, datatype: float64}
# - {name: zp, datatype: float64}
# - {name: zpsys, datatype: string}
# - {name: pwv, datatype: float64}
# - {name: airmass, datatype: float64}
# meta: {SNID: '26218399', alt: 1024.0, c: -0.06654459983110428, dec: -51.255806, lat: -30.244573, lon: -70.7499537, ra: 349.831726, t0: 62081.76171875,
#   x0: 3.75242851912174e-06, x1: 1.1744402647018433, z: 0.6894233226776123}
# schema: astropy-2.0
time band flux fluxerr zp zpsys pwv airmass
61947.3877 lsst_hardware_z 22.57606645445215 41.209999084472656 30.940000534057617 AB 5.80624214600124 1.0752300270372666
61947.4021 lsst_hardware_r 21.424325489706266 21.979999542236328 31.469999313354492 AB 5.780784855016038 1.0705157138918588
61950.2008 lsst_hardware_z -116.69742694689906 86.68000030517578 32.060001373291016 AB 10.937102562757671 1.783635224890152
61950.2251 lsst_hardware_r -13.153702339743933 33.84000015258789 32.130001068115234 AB 4.3494622567579215 1.5690700781954983
61954.3775 lsst_hardware_i -15.19169766490455 30.190000534057617 31.239999771118164 AB 6.963933495066592 1.0717041389760837
61954.389 lsst_hardware_z 49.67452849207766 41.2599983215332 30.940000534057617 AB 6.919231925083834 1.0700670554553962
61958.4392 lsst_hardware_y 20.359351635175035 61.220001220703125 30.040000915527344 AB 1.928715374290874 1.117555987034957
61960.3723 lsst_hardware_i -9.018968527958096 75.27999877929688 31.329999923706055 AB 2.2885177118724758 1.0700675086685518
61960.3849 lsst_hardware_z -83.56517419306464 66.58999633789062 30.989999771118164 AB 2.2331725738096346 1.0719228354286245
61962.3482 lsst_hardware_z -28.346554647682133 58.119998931884766 30.969999313354492 AB 10.085440119306027 1.074519509834437
61962.359 lsst_hardware_r -48.66006009308879 74.6500015258789 31.639999389648438 AB 10.04683046294091 1.0708908746173118
61965.3279 lsst_hardware_z 34.81395510923038 46.59000015258789 30.950000762939453 AB 6.549272415131315 1.0820772267874954
61965.3411 lsst_hardware_i 15.855173857010682 41.2599983215332 31.280000686645508 AB 6.121922161575664 1.0740214318553796
61974.4003 lsst_hardware_r -4.029184035819394 22.549999237060547 31.459999084472656 AB 5.828992947493944 1.1255598257289778
61974.4123 lsst_hardware_u 0.913482958218166 2.509999990463257 28.25 AB 5.931636365313527 1.1487627317349718
61978.4053 lsst_hardware_i -36.629369809827644 31.09000015258789 31.229999542236328 AB 3.4178530568941374 1.1573519014258606
61978.417 lsst_hardware_z 47.44868479899055 43.099998474121094 30.93000030517578 AB 3.6497791852721893 1.186148581498924
61979.3457 lsst_hardware_i -22.631411815447358 30.329999923706055 31.229999542236328 AB 3.356899803340935 1.0777717690520623
61979.3583 lsst_hardware_z -57.535850605162715 41.560001373291016 30.93000030517578 AB 3.377033741746255 1.0876407016010914
61981.344 lsst_hardware_r 20.278611985024945 22.31999969482422 31.479999542236328 AB 5.16674842742266 1.0802882081277032
61981.3548 lsst_hardware_u 1.1642405366025788 2.5999999046325684 28.360000610351562 AB 5.20640930383843 1.0895488759733032
61990.3417 lsst_hardware_z 65.62315147288878 66.33000183105469 30.979999542236328 AB 2.705148020368627 1.1027916919562277
61990.3529 lsst_hardware_r 88.4882510028624 93.30000305175781 31.6299991607666 AB 2.8037846658179766 1.119275315695799
61992.3372 lsst_hardware_z -44.864928293671476 54.58000183105469 30.969999313354492 AB 5.634227760131191 1.1040650106400323
61992.3483 lsst_hardware_r 3.263745443652135 65.83999633789062 31.6299991607666 AB 5.720297573883956 1.1206930643843542
61994.3357 lsst_hardware_i -1.9283627081236219 41.9900016784668 31.280000686645508 AB 3.4552637774396424 1.1095901661655885
61994.347 lsst_hardware_z 21.689298044518754 47.310001373291016 30.950000762939453 AB 3.5226878900487897 1.127861651029495
62002.0589 lsst_hardware_g 1.0508931575362987 13.489999771118164 31.139999389648438 AB 3.801328463094862 1.7829870840032187
62002.0685 lsst_hardware_r 12.046200166519396 24.459999084472656 31.350000381469727 AB 3.763642908340794 1.690005796291331
62009.1074 lsst_hardware_g -41.66125852141441 21.149999618530273 31.469999313354492 AB 1.88880462343414 1.317847286540478
62009.1161 lsst_hardware_r -50.63777171646165 27.68000030517578 31.489999771118164 AB 1.7999470986921071 1.2817853649222768
62016.2941 lsst_hardware_z -77.31165976673297 68.69999694824219 30.969999313354492 AB 1.8006568326358277 1.1414623344757358
62016.3054 lsst_hardware_r 211.171884676362 97.41999816894531 31.6200008392334 AB 1.80716913667599 1.1662917952087706
62020.2694 lsst_hardware_z 83.57783580649523 59.06999969482422 30.969999313354492 AB 2.1485613013278395 1.1167158530809977
62020.2809 lsst_hardware_i -49.73673457038141 63.40999984741211 31.309999465942383 AB 2.2599065455352396 1.1369645541850946
62021.0487 lsst_hardware_z 9.030856549927051 53.63999938964844 30.90999984741211 AB 3.2832784586371777 1.4516005269930785
62030.2349 lsst_hardware_r 1.0048530306028565 22.459999084472656 31.489999771118164 AB 1.9678416678144441 1.1060468390524862
62030.2461 lsst_hardware_u -0.16054243694590042 2.6600000858306885 28.40999984741211 AB 2.0180310691045196 1.1233125906508694
62031.2741 lsst_hardware_i 20.710642902372122 31.350000381469727 31.229999542236328 AB 1.9243123279321783 1.1910330067663575
62031.2861 lsst_hardware_z -39.74780803762886 43.43000030517578 30.93000030517578 AB 1.9695166651517375 1.226731027811733
62033.2218 lsst_hardware_r 14.1338172023562 22.399999618530273 31.479999542236328 AB 6.410928645342783 1.0996132721207712
62033.2345 lsst_hardware_z 104.16672110899584 42.25 30.940000534057617 AB 6.534642576826895 1.1176697679863956
62037.225 lsst_hardware_g -7.059771801937098 13.4399995803833 31.389999389648438 AB 4.36793536182413 1.1199834261087513
62037.2365 lsst_hardware_r -39.21734171004494 22.6200008392334 31.479999542236328 AB 4.369432797537199 1.1409433712777595
62039.2635 lsst_hardware_z -4.244041795260859 43.939998626708984 30.920000076293945 AB 3.88881863913765 1.2243106220392685
62043.1793 lsst_hardware_i -18.059870160600106 56.2599983215332 31.309999465942383 AB 4.568198200090168 1.0838598256338259
62050.1849 lsst_hardware_r 30.009705018235948 66.03790925565438 31.6299991607666 AB 5.060549612606303 1.1127181924191598
62050.1965 lsst_hardware_i -52.104791966721905 54.606854961053635 31.299999237060547 AB 5.1050420051522565 1.1322521774666687
62052.1344 lsst_hardware_z 21.530981004450595 45.620640826699166 30.959999084472656 AB 3.7582798153129735 1.0721604646195246
62052.1467 lsst_hardware_r -32.20623182207282 39.388450339586086 31.600000381469727 AB 3.799736324227394 1.0779903515704616
62054.223 lsst_hardware_g 31.139321884420617 27.132357152484687 31.559999465942383 AB 4.412798902763094 1.2257774729897484
62054.234 lsst_hardware_i 95.4229302080147 38.906635348482375 31.239999771118164 AB 4.549251484623763 1.2636809679510452
62057.1762 lsst_hardware_r 136.19004015025988 25.50331310294499 31.479999542236328 AB 9.107232937693839 1.13006985205284
62057.1873 lsst_hardware_u 5.436408231350193 2.9793945200983605 28.389999389648438 AB 9.271070554308178 1.1522583338687766
62059.1628 lsst_hardware_u -0.5886355985264113 2.883420916994053 28.3700008392334 AB 8.674216601184176 1.1165524184951472
62059.174 lsst_hardware_g 44.88150441799455 15.138306900529084 31.3799991607666 AB 8.615005517849085 1.1361820243566698
62064.1616 lsst_hardware_r 656.1020268738976 33.546419143226345 31.479999542236328 AB 2.9960920435120726 1.1386212478510536
62064.1727 lsst_hardware_i 544.5403317809698 39.37894549952014 31.239999771118164 AB 2.98088729731131 1.1624414262232383
62065.1631 lsst_hardware_z 427.28510526838676 47.00944784287896 30.940000534057617 AB 4.274259117030572 1.1472211278348177
62065.1733 lsst_hardware_r 732.6336576026729 34.63476119956847 31.469999313354492 AB 3.3643204653455885 1.1704019708977522
62067.1612 lsst_hardware_u -3.0721592890232583 3.3720114630721776 28.40999984741211 AB 3.2831329077271296 1.1549143989894044
62067.1723 lsst_hardware_g 212.3732027625755 19.550935816858914 31.3700008392334 AB 2.644407186549451 1.1816819184700014
62070.1455 lsst_hardware_g 375.2220880644502 44.640497499374305 31.65999984741211 AB 4.255792847632881 1.1391816678919156
62070.1568 lsst_hardware_r 1071.143469894125 55.748702634605394 31.59000015258789 AB 4.238322401194114 1.1635751273013915
62075.1402 lsst_hardware_i 1309.2494968878395 72.17033149291672 31.309999465942383 AB 5.332002338859531 1.156804759746061
62075.1524 lsst_hardware_r 1469.1871550793576 87.11262699393373 31.610000610351562 AB 5.472173181134874 1.1868292969982919
62077.1452 lsst_hardware_z 1511.884966968685 94.10643262181559 31.719999313354492 AB 4.620035274258068 1.1822246143745991
62079.0904 lsst_hardware_r 1344.5224080770129 76.1556287152275 31.639999389648438 AB 4.187599409477613 1.0928924078671458
62079.101 lsst_hardware_g 368.9827472925091 78.12949699717683 31.700000762939453 AB 4.228685106139046 1.1059240971508868
62083.0467 lsst_hardware_z 753.1184680260305 49.71494964190261 30.950000762939453 AB 6.9081743662509085 1.0713116101705558
62083.0576 lsst_hardware_i 1246.8470490853251 46.26548283695317 31.260000228881836 AB 6.875732954683847 1.0754535382715433
62086.0504 lsst_hardware_u 2.350455936308227 2.6459124521827952 28.350000381469727 AB 4.860735864315921 1.0759791619959
62086.0617 lsst_hardware_g 160.7166498860371 19.247873490622638 31.3700008392334 AB 4.845146351808258 1.0837233219330071
62088.0436 lsst_hardware_r 1031.9604386135077 38.70557334416915 31.479999542236328 AB 4.18318901745703 1.0752777870251984
62088.055 lsst_hardware_i 1161.393444533768 45.165011517207006 31.239999771118164 AB 4.221145269206521 1.0827150998307888
62306.4283 lsst_hardware_u 1.5912176663108852 3.130000114440918 28.59000015258789 AB 2.7872857753492184 1.0701465142918132
62306.4397 lsst_hardware_y -119.63628087045005 57.220001220703125 30.049999237060547 AB 2.791504461244537 1.0726241926011881
62308.4136 lsst_hardware_r 20.071695994796425 22.0 31.479999542236328 AB 3.21594051611736 1.0704933756840402
62308.4279 lsst_hardware_y -48.88302591795414 47.52000045776367 30.040000915527344 AB 3.3535414123291196 1.0708487745596265
62312.4189 lsst_hardware_z 28.920975721259346 79.98999786376953 31.729999542236328 AB 4.487591792144291 1.0712799694782265
62314.4133 lsst_hardware_r -71.84931229859873 91.62999725341797 31.649999618530273 AB 7.709124035475648 1.0712448142676074
62314.4271 lsst_hardware_i -74.55620667500774 72.12000274658203 31.31999969482422 AB 7.673130931797089 1.0770062364793445
62315.3953 lsst_hardware_z -56.94033580194604 60.880001068115234 30.979999542236328 AB 5.538219424720841 1.0703769282264077
62315.4084 lsst_hardware_r -66.64807650615641 82.02999877929688 31.649999618530273 AB 5.545251587377231 1.0707702799666494
62323.4229 lsst_hardware_u 3.7385318393295357 3.2300000190734863 28.559999465942383 AB 5.743973623594866 1.0944029005610547
62323.4351 lsst_hardware_g 2.934196191757652 18.329999923706055 31.510000228881836 AB 5.821692719317778 1.1101626085655565
62325.424 lsst_hardware_r -23.251706938193127 22.549999237060547 31.479999542236328 AB 2.3924898201123725 1.1023605376035068
62325.4377 lsst_hardware_z 21.485689862639546 46.349998474121094 30.950000762939453 AB 2.3951606703840937 1.122907018464179
62327.3734 lsst_hardware_r -14.613627943137251 22.190000534057617 31.489999771118164 AB 8.539397016213622 1.0704016817039488
62327.3859 lsst_hardware_u -2.793860215720148 2.6600000858306885 28.43000030517578 AB 10.430565465778933 1.0740426778333063
62328.3149 lsst_hardware_z -16.579537520378977 41.61000061035156 30.940000534057617 AB 9.400929920660198 1.1018113534718508
62328.3278 lsst_hardware_u 3.289133767935013 2.549999952316284 28.329999923706055 AB 9.326529897954641 1.0874200481481693
62330.3239 lsst_hardware_g -6.89373347831474 13.199999809265137 31.3700008392334 AB 6.6244899476702415 1.085981958634466
62330.3382 lsst_hardware_r -8.832959254518041 22.09000015258789 31.479999542236328 AB 6.504627804333397 1.0757377846196727
62332.4034 lsst_hardware_z 40.91737055530214 41.70000076293945 30.940000534057617 AB 5.207595777144835 1.1004481540800204
62332.4146 lsst_hardware_r -11.424552609616903 22.34000015258789 31.479999542236328 AB 5.317494234112775 1.116358417910623
62334.4096 lsst_hardware_u -0.3314906181463105 2.5999999046325684 28.350000381469727 AB 2.569305716672545 1.1170894420315414
62334.4213 lsst_hardware_g -3.601554873153866 13.579999923706055 31.3700008392334 AB 3.106256610693436 1.13782293431994
62343.3939 lsst_hardware_r 54.94522954616623 101.2300033569336 31.639999389648438 AB 7.547597271962761 1.1324226964685313
62343.406 lsst_hardware_z -68.5045724995688 70.66999816894531 30.979999542236328 AB 7.799385279595663 1.157321916101743
62345.3417 lsst_hardware_r 53.34487021489846 77.95999908447266 31.639999389648438 AB 3.363705358869073 1.0765579641123613
62345.3533 lsst_hardware_i -7.899169194409257 63.31999969482422 31.309999465942383 AB 3.368178279416425 1.084905096040722
62347.3469 lsst_hardware_z 38.397136699040445 71.37000274658203 31.719999313354492 AB 5.197897473092454 1.0840998622968134
62348.3424 lsst_hardware_z 126.53227000406245 47.11000061035156 30.959999084472656 AB 4.244150432005629 1.0826454058940427
62348.3542 lsst_hardware_r 70.35587458077576 45.45000076293945 31.610000610351562 AB 4.319815779943792 1.093901185095921
62352.3388 lsst_hardware_i 20.077346633861826 31.549999237060547 31.25 AB 2.0469593476412076 1.0891944027888654
62352.3506 lsst_hardware_z -50.43364685447051 42.38999938964844 30.940000534057617 AB 2.0406731668199445 1.102768531110481
62354.343 lsst_hardware_g -6.214305561288313 13.520000457763672 31.3799991607666 AB 2.8678546347893987 1.1000241527080958
62354.3542 lsst_hardware_r 2.580292462720563 22.56999969482422 31.469999313354492 AB 2.9284858021125255 1.11582617721948
62356.3376 lsst_hardware_i 6.026894184240099 30.719999313354492 31.239999771118164 AB 2.741448773480711 1.1000998288445871
62356.3494 lsst_hardware_r -11.891127269492943 22.700000762939453 31.489999771118164 AB 2.8725911180930446 1.1168705746862537
62360.0408 lsst_hardware_i -3.9302772041029406 37.02000045776367 31.06999969482422 AB 5.131800585023121 2.3038386464750262
62360.0515 lsst_hardware_z -21.406658577385233 51.86000061035156 30.84000015258789 AB 7.015230406034034 2.1258273957678893
62362.3185 lsst_hardware_i 42.45035799233833 30.860000610351562 31.239999771118164 AB 3.7024037256103552 1.0967918610477996
62362.3287 lsst_hardware_z -28.76405657539762 42.189998626708984 30.940000534057617 AB 3.731806095559054 1.1102710652726893
62367.3071 lsst_hardware_i -41.61162009812113 38.84000015258789 31.280000686645508 AB 2.954862893337472 1.0995179608685435
62367.3178 lsst_hardware_r -23.297730214100966 33.52000045776367 31.56999969482422 AB 2.9792914962197297 1.1144134520319426
62369.304 lsst_hardware_z 26.403112360877437 82.33999633789062 31.719999313354492 AB 1.6225511527474246 1.1025262646075364
62371.3137 lsst_hardware_r 168.33745396698984 102.83999633789062 31.6299991607666 AB 2.2738928968408425 1.1256431154692508
62371.3249 lsst_hardware_i -53.009843623228015 81.22000122070312 31.309999465942383 AB 2.3074576485154363 1.1471803365035105
62380.2905 lsst_hardware_i 17.000054209975318 33.90999984741211 31.25 AB 1.8902764851466138 1.1280742899223875
62380.3021 lsst_hardware_r -5.899827568802606 29.700000762939453 31.530000686645508 AB 1.7992379163926153 1.1509598057844972
62382.2459 lsst_hardware_i -46.138339690874034 30.540000915527344 31.239999771118164 AB 0.8477163026626227 1.079893379187485
62382.2571 lsst_hardware_z 12.210620982458966 41.75 30.940000534057617 AB 1.362121486835956 1.0894066810204925
62389.2382 lsst_hardware_z 20.73747156010082 41.70000076293945 30.940000534057617 AB 4.002542539703491 1.0896213810445075
62389.2499 lsst_hardware_i -56.27808828954351 30.709999084472656 31.229999542236328 AB 4.056640178671834 1.1031972565848251
62390.2379 lsst_hardware_u 0.6581421172717433 2.609999895095825 28.3700008392334 AB 2.438739859256069 1.0921360766932686
62390.2496 lsst_hardware_g 10.102293495290322 13.5 31.3799991607666 AB 2.462867022765074 1.1064921105646157
62393.2334 lsst_hardware_r 30.355261511416938 22.3799991607666 31.479999542236328 AB 1.338807446339667 1.0962599355904037
62393.2455 lsst_hardware_i 5.748892901861142 30.770000457763672 31.239999771118164 AB 1.3420400079305412 1.1124183252861695
62395.2455 lsst_hardware_z 1.4231029605305865 64.27999877929688 31.700000762939453 AB 3.6450233647640737 1.1210857180946283
62399.255 lsst_hardware_i -20.981544636739898 71.04000091552734 31.309999465942383 AB 8.015500983733373 1.1616668092367208
62399.2668 lsst_hardware_z -42.830414822959185 65.68000030517578 30.959999084472656 AB 8.221572224695342 1.1915322064775857
62404.0433 lsst_hardware_y 165.9586672487452 102.93000030517578 31.489999771118164 AB 5.521588190970401 1.2504540328310376
62407.0297 lsst_hardware_z 43.764200054903895 44.18000030517578 30.920000076293945 AB 5.978839541463609 1.270201729650225
62407.0389 lsst_hardware_r 27.709058235106905 22.81999969482422 31.440000534057617 AB 5.881800681990252 1.237405473069478
62413.1181 lsst_hardware_r 15.04024424134558 22.049999237060547 31.479999542236328 AB 2.2529209269112616 1.0728194890053626
62413.1303 lsst_hardware_u -1.666273174341095 2.5799999237060547 28.3700008392334 AB 1.954707047511093 1.070143919436704
62414.1824 lsst_hardware_g 12.295850906789017 13.220000267028809 31.3799991607666 AB 6.858129271179124 1.104220464968949
62414.194 lsst_hardware_r -0.5947127227777933 22.299999237060547 31.479999542236328 AB 7.036029813175256 1.1217265545117985
62416.222 lsst_hardware_z -122.54104273340467 42.97999954223633 30.93000030517578 AB 4.923668222420569 1.1960327665800456
62416.2335 lsst_hardware_u 0.7524142467730548 2.5299999713897705 28.270000457763672 AB 4.994641067266698 1.2309651428876642
62418.1374 lsst_hardware_r 5.655412077076951 22.110000610351562 31.489999771118164 AB 3.7714260779428805 1.0740468693858896
62418.1495 lsst_hardware_g -9.69528984629771 13.229999542236328 31.389999389648438 AB 3.8090217667757127 1.0812892979113808
62420.2195 lsst_hardware_i 25.96889372388048 31.489999771118164 31.219999313354492 AB 4.395919625147899 1.2210887847633052
62420.2306 lsst_hardware_z 30.63692049413019 43.810001373291016 30.93000030517578 AB 4.53112812760003 1.2586467021111194
62425.163 lsst_hardware_y -19.001771224958272 50.310001373291016 30.020000457763672 AB 8.811192268524968 1.120126142510722
62425.1737 lsst_hardware_r -9.220526143319482 50.08000183105469 31.600000381469727 AB 8.638678911777449 1.1395295966992867
62427.1584 lsst_hardware_i 6.827712209810375 56.95000076293945 31.309999465942383 AB 6.88917785124235 1.1215592757415302
62427.169 lsst_hardware_z -20.459209573230105 56.029998779296875 30.969999313354492 AB 6.657437919461141 1.1410468625351171
62429.1604 lsst_hardware_r -80.71930169059458 82.27999877929688 31.6299991607666 AB 3.780772963176026 1.1349128366548007
62429.1711 lsst_hardware_z 24.82606691940231 61.119998931884766 30.969999313354492 AB 2.6472423610345217 1.157137956959686
62433.1588 lsst_hardware_r 81.2886514748692 72.98999786376953 31.6200008392334 AB 3.312172787968226 1.1540671735080927
62433.1691 lsst_hardware_i 23.39732928286994 58.83000183105469 31.299999237060547 AB 2.8316552260337784 1.1786286060500994
62437.1439 lsst_hardware_r -1.449480531946808 22.639999389648438 31.469999313354492 AB 3.220145705913933 1.1455516563194355
62437.1541 lsst_hardware_u -6.318049938112768 2.5999999046325684 28.329999923706055 AB 3.438591416405085 1.1684628475072543
62438.1432 lsst_hardware_g 3.608984869656433 13.350000381469727 31.3700008392334 AB 3.303091772964759 1.1498346854135852
62438.154 lsst_hardware_r -14.409284222522368 22.59000015258789 31.469999313354492 AB 3.365264902240053 1.1749542864963816
62440.1435 lsst_hardware_i 14.21224584125025 30.959999084472656 31.229999542236328 AB 4.333513643395788 1.1627350800630711
62440.1541 lsst_hardware_z -35.46108802346917 42.70000076293945 30.93000030517578 AB 4.461823693347991 1.1895024509060863
62442.1488 lsst_hardware_r -22.656447761705653 22.75 31.450000762939453 AB 4.640774264268116 1.1899421190431068
62442.1604 lsst_hardware_g -31.34028444932182 13.449999809265137 31.329999923706055 AB 4.774286478768892 1.2241760201971519
62454.0485 lsst_hardware_z 97.09631511985968 46.97999954223633 30.959999084472656 AB 4.1555571438407615 1.0793654919066913
62454.0603 lsst_hardware_i -67.79556352854658 42.02000045776367 31.290000915527344 AB 4.1307379574417125 1.0892338817198286
