data/validation/pwv_sim_epoch_fit_seasonal/26235490.ecsv
# %ECSV 0.9
# ---
# datatype:
# - {name: time, datatype: float64}
# - {name: band, datatype: string}
# - {name: flux, datatype: float64}
# - {name: fluxerr, datatype: float64}
# - {name: zp, datatype: float64}
# - {name: zpsys, datatype: string}
# - {name: pwv, datatype: float64}
# - {name: airmass, datatype: float64}
# meta: {SNID: '26235490', alt: 1024.0, c: 0.027270033955574036, dec: 0.596842, lat: -30.244573, lon: -70.7499537, ra: 10.722656, t0: 60952.9296875,
#   x0: 5.9745573559654735e-06, x1: 1.505378007888794, z: 0.5699191689491272}
# schema: astropy-2.0
time band flux fluxerr zp zpsys pwv airmass
60859.4174 lsst_hardware_g 12.806792133019288 16.639999389648438 31.440000534057617 AB 8.288028595815407 1.1840040851164866
60859.4385 lsst_hardware_z 9.839055771901577 49.880001068115234 30.950000762939453 AB 8.171147197961378 1.1673067425659112
60862.4134 lsst_hardware_i 35.06411715448418 33.790000915527344 31.239999771118164 AB 5.878756304627406 1.1789737892828054
60862.4321 lsst_hardware_y 76.9847796813884 50.36000061035156 30.010000228881836 AB 6.14033961856751 1.1668658118803419
60864.415 lsst_hardware_r 2.8048446742009028 25.760000228881836 31.5 AB 1.6519725726156538 1.172443273680379
60864.4338 lsst_hardware_y 52.771984623511784 51.290000915527344 30.010000228881836 AB 2.4965087110522557 1.166592855632008
60869.3998 lsst_hardware_z 116.16511707509922 63.91999816894531 30.969999313354492 AB 7.209099335914954 1.1736743912598286
60869.42 lsst_hardware_y -5.1536820176544476 55.38999938964844 30.010000228881836 AB 7.469210503945971 1.166578067046955
60871.4183 lsst_hardware_y 136.27734150139943 79.95999908447266 30.770000457763672 AB 5.365317891362885 1.1673674087783916
60876.3738 lsst_hardware_g -18.285403142323457 17.940000534057617 31.479999542236328 AB 3.234687440130352 1.1805428613614422
60876.3946 lsst_hardware_r -24.15982163511775 26.739999771118164 31.510000228881836 AB 5.469770694343271 1.1667392205791147
60880.372 lsst_hardware_r 27.765286500671735 25.299999237060547 31.5 AB 5.969138209497092 1.171951219142099
60880.3924 lsst_hardware_u 0.16508261419948134 2.8499999046325684 28.440000534057617 AB 6.220505134527826 1.1670193958121715
60882.3674 lsst_hardware_g -10.680454164468173 22.079999923706055 32.16999816894531 AB 8.363822360911794 1.1713490071768535
60882.3888 lsst_hardware_i 52.270286922215725 46.20000076293945 31.979999542236328 AB 7.878946134321994 1.1675395605317849
60887.3672 lsst_hardware_u -0.05855694855139249 2.8399999141693115 28.440000534057617 AB 4.55734346821152 1.1664559683162323
60887.3881 lsst_hardware_g 21.28866722593376 15.640000343322754 31.43000030517578 AB 5.26265238480316 1.1756833029440181
60889.3651 lsst_hardware_r -23.58054544320075 24.719999313354492 31.489999771118164 AB 1.6775074694362837 1.166555959274189
60889.3854 lsst_hardware_i 38.33669512687921 32.5099983215332 31.239999771118164 AB 2.198613718387036 1.1784600956157063
60893.2903 lsst_hardware_r -19.82909491379941 84.02999877929688 32.34000015258789 AB 1.609747716645818 1.2608166960217881
60893.3144 lsst_hardware_z 14.688974724950675 73.87000274658203 31.700000762939453 AB 3.2671062544802343 1.1999655684917607
60895.3324 lsst_hardware_z -92.63952879616808 62.849998474121094 30.969999313354492 AB 2.9794836467002033 1.1710272422510237
60895.3528 lsst_hardware_i -77.28095030605887 68.69999694824219 31.299999237060547 AB 2.856017203619694 1.1673890061801324
60898.3271 lsst_hardware_z 5.56234818418965 84.30000305175781 30.979999542236328 AB 6.576872473016492 1.1693257130440915
60898.3459 lsst_hardware_r 102.23458444320515 119.68000030517578 31.6299991607666 AB 6.306200554569562 1.1678149175128818
60900.3252 lsst_hardware_y 16.308770086851368 84.69000244140625 30.770000457763672 AB 4.242511528556864 1.167770858397155
60903.3093 lsst_hardware_r -23.56760552925221 35.970001220703125 31.56999969482422 AB 5.642779614053742 1.1718965640720118
60903.3296 lsst_hardware_i 34.03234824507648 38.529998779296875 31.270000457763672 AB 5.617206876234401 1.1670299436419054
60905.3236 lsst_hardware_z 54.34047377757836 43.72999954223633 30.940000534057617 AB 3.860433687839405 1.1669111124731824
60905.3428 lsst_hardware_r -22.123838700703544 25.299999237060547 31.479999542236328 AB 4.609616080370833 1.1796590596159175
60907.2524 lsst_hardware_r -23.871014753932315 24.8799991607666 31.479999542236328 AB 1.9573750341792022 1.259774760533678
60907.2705 lsst_hardware_u -1.2976451574160728 2.7300000190734863 28.360000610351562 AB 1.8557457942790974 1.2112564335789595
60911.2949 lsst_hardware_z -49.634696288285085 43.650001525878906 30.940000534057617 AB 3.633349679747949 1.1678728244978125
60911.3166 lsst_hardware_r -16.412256749496116 24.6299991607666 31.489999771118164 AB 3.6395016084997343 1.1709480213951635
60913.2562 lsst_hardware_u -3.9466476487797575 2.7200000286102295 28.34000015258789 AB 2.6798609119083863 1.2069180312591719
60913.2719 lsst_hardware_g 12.741029054055252 15.260000228881836 31.399999618530273 AB 2.6058530094453034 1.1816141215743516
60931.2007 lsst_hardware_u -5.3105249893197435 4.022895888180121 28.56999969482422 AB 2.620969835686643 1.2209486812204857
60931.2176 lsst_hardware_g 105.62373187240607 31.36868050355921 31.59000015258789 AB 2.820757820947472 1.1885215537700025
60933.1964 lsst_hardware_r 617.3884753197635 36.10862475867955 31.479999542236328 AB 1.169488604782864 1.2182172966488167
60933.2149 lsst_hardware_i 575.836741689059 40.92240990704782 31.239999771118164 AB 0.9018228306925209 1.18466053292942
60937.181 lsst_hardware_i 988.2698083315262 45.547814902532735 31.229999542236328 AB 7.513070496182849 1.2291992195101873
60937.2001 lsst_hardware_u -10.66489919566784 4.159845668247122 28.399999618530273 AB 7.281637511256197 1.1901990047819873
60939.1802 lsst_hardware_g 370.492947861162 25.115190707171305 31.40999984741211 AB 5.396470295190591 1.2177983214664359
60939.2005 lsst_hardware_r 1438.975813378565 45.07542943489404 31.479999542236328 AB 5.255735782545167 1.182126806690541
60942.1774 lsst_hardware_i 1426.7469265566751 50.19946875250168 31.229999542236328 AB 4.540611030223802 1.2061657670933863
60942.1966 lsst_hardware_r 1708.0773952869986 48.68515693837748 31.489999771118164 AB 4.4043001588720365 1.1773055757476707
60946.1784 lsst_hardware_r 1906.7459438468668 51.90971154907968 31.5 AB 5.321795341776115 1.1860255195712395
60946.1975 lsst_hardware_i 1772.3367146426156 52.24875426571804 31.239999771118164 AB 5.37182447282298 1.1686347656614036
60951.1807 lsst_hardware_z 2808.8702496539718 92.67151860305823 31.709999084472656 AB 3.3407992917824005 1.170294006929846
60954.1408 lsst_hardware_z 1480.9063150706995 115.1990744643162 30.979999542236328 AB 5.2380876144582595 1.214277047686731
60954.1597 lsst_hardware_r 2146.281223225528 166.266433097164 31.6299991607666 AB 5.095928207598099 1.1819385846221655
60956.1415 lsst_hardware_i 1816.7003188080428 122.92417525274867 31.309999465942383 AB 5.965180574168036 1.2016479249625052
60956.1588 lsst_hardware_r 1981.854960951296 151.7173832007429 31.6299991607666 AB 5.86085700547411 1.1768789167618694
60960.1412 lsst_hardware_r 1749.1439847714576 48.63059133553722 31.489999771118164 AB 7.153838247301626 1.1846391268680416
60960.1589 lsst_hardware_i 1583.136051311162 51.650293982123785 31.239999771118164 AB 7.0783068906930495 1.168808931752485
60964.1412 lsst_hardware_u 0.38176055460277497 2.983679959758252 28.440000534057617 AB 9.15347933042629 1.1730843377488702
60964.1573 lsst_hardware_g 270.6412084047876 22.210040018908906 31.450000762939453 AB 9.093567950170424 1.1664651566226092
60966.138 lsst_hardware_r 1401.5257789725897 45.091586195742664 31.489999771118164 AB 7.1614483698596185 1.1714154526637146
60966.1554 lsst_hardware_z 1103.1764744282975 54.74665210686955 30.940000534057617 AB 7.155787105863723 1.1666410150312725
60969.1081 lsst_hardware_i 1253.9333930040839 48.0859127543771 31.229999542236328 AB 3.2605802012514706 1.19782526909613
60971.0543 lsst_hardware_u -3.1674338562168844 2.778478486530284 28.299999237060547 AB 5.8908987484937985 1.3560220402817054
60971.0679 lsst_hardware_g 149.46809683646535 19.462063845411887 31.389999389648438 AB 5.6332567187854306 1.2948527109032586
60973.1099 lsst_hardware_r 954.9208280716964 39.860680146936076 31.489999771118164 AB 5.33235221887061 1.179506481593553
60973.1265 lsst_hardware_i 1040.9395239830592 45.83680032192663 31.239999771118164 AB 5.117593916952602 1.1675785121477018
60975.1089 lsst_hardware_z 988.892968790219 52.58090716289642 30.93000030517578 AB 5.000805921535801 1.1750013913383561
60975.1261 lsst_hardware_r 770.2544168157922 38.65829633251241 31.489999771118164 AB 4.4085296496564474 1.1665348576819707
60977.1057 lsst_hardware_z 856.5871376235165 53.156902870598785 30.940000534057617 AB 3.4551318579986705 1.1730868689446077
60977.1228 lsst_hardware_g 92.4742105318946 27.63379248583004 31.559999465942383 AB 3.373772828849543 1.1664536690732545
60990.0829 lsst_hardware_i 470.47006230982964 39.015336581431924 31.239999771118164 AB 4.046241359150053 1.1668484165578086
60990.1014 lsst_hardware_r 240.675346086375 30.12912636536261 31.479999542236328 AB 2.381612140600948 1.1712846593119417
60992.0554 lsst_hardware_z 589.1064120954442 50.25632205405707 30.940000534057617 AB 5.1437562072057235 1.1826086233375004
60992.0728 lsst_hardware_u 0.5496774862574082 2.89988700227035 28.389999389648438 AB 5.045946585023152 1.1682460114657673
60994.0587 lsst_hardware_g 28.58108400846714 16.082785027953523 31.43000030517578 AB 6.198125306568339 1.1735539726532875
60994.076 lsst_hardware_r 239.17109798247463 29.28327094440897 31.5 AB 6.216011966126021 1.1664499842608407
60996.059 lsst_hardware_i 438.77947140368246 37.778644425156074 31.239999771118164 AB 4.36940855470414 1.1696201712387686
60996.0792 lsst_hardware_z 604.6544794917504 49.67957901381398 30.940000534057617 AB 4.2982369383011125 1.168157885120859
60998.06 lsst_hardware_i 296.3599463818574 37.31661664762935 31.239999771118164 AB 5.486035012044537 1.1670759492365088
60998.0815 lsst_hardware_u -6.112270684691623 3.219929093980756 28.3799991607666 AB 5.531848923434663 1.1726851287158118
61000.0605 lsst_hardware_g 5.100767361768957 15.618192800091412 31.399999618530273 AB 4.535788116199405 1.1664621618103759
61000.0803 lsst_hardware_r 160.97072180755902 27.983588447154528 31.469999313354492 AB 4.525392081823849 1.176394111647873
61003.0225 lsst_hardware_y 205.80901164197212 66.92026664621474 30.020000457763672 AB 9.25068013463086 1.1863902361445187
61007.0264 lsst_hardware_y 133.7164136298736 64.25589040984113 30.010000228881836 AB 5.1765876538787525 1.171173677348134
61007.0415 lsst_hardware_r 195.36755957291328 40.475716635814855 31.559999465942383 AB 5.186398045792753 1.1664656836193992
61010.0297 lsst_hardware_y 152.73495480266362 68.41904172827026 30.020000457763672 AB 8.557147742971415 1.1666186425318903
61010.0481 lsst_hardware_z 495.8751608392914 76.54912273010137 30.969999313354492 AB 9.78498846019593 1.1722058652525822
61224.4157 lsst_hardware_z 18.8975287469453 60.70000076293945 30.959999084472656 AB 7.683762434305442 1.187353832436197
61224.4352 lsst_hardware_y -120.98750117387482 58.08000183105469 30.010000228881836 AB 8.182378272610329 1.1689111818014757
61232.4088 lsst_hardware_r 0.4461331138690522 25.90999984741211 31.510000228881836 AB 10.68483337418947 1.171582606819021
61232.4291 lsst_hardware_y -42.2592532037186 49.470001220703125 30.010000228881836 AB 10.747863626158654 1.1672099360522712
61234.4108 lsst_hardware_g 14.83364967496642 16.31999969482422 31.440000534057617 AB 7.133091821393538 1.1677321472363784
61234.4314 lsst_hardware_z -7.9907184201528 45.220001220703125 30.940000534057617 AB 7.555302858013558 1.170638806633647
61239.3748 lsst_hardware_z 50.17467003663983 44.310001373291016 30.93000030517578 AB 1.8494039113373613 1.187291190672391
61239.3962 lsst_hardware_r -21.91033831434271 25.450000762939453 31.479999542236328 AB 2.171753386091237 1.1680803475010015
61247.3672 lsst_hardware_r -21.078334957821504 46.0099983215332 31.579999923706055 AB 8.337980036670869 1.1720522964114237
61247.3884 lsst_hardware_y -3.6221053795774627 49.9900016784668 30.0 AB 7.811580411771975 1.1672867809136536
61250.3719 lsst_hardware_z -131.54401749807533 64.52999877929688 30.969999313354492 AB 4.906148396875456 1.1666491114954316
61250.3911 lsst_hardware_r 46.58893689101119 90.08000183105469 31.6200008392334 AB 5.513263305559165 1.173034745863652
61252.3711 lsst_hardware_i 107.19686369169416 82.54000091552734 31.309999465942383 AB 4.553870386589321 1.1666121138950485
61252.3925 lsst_hardware_z -30.972081557464474 72.97000122070312 30.969999313354492 AB 5.4240469832386635 1.179568028250525
61257.3256 lsst_hardware_z 7.334451310399861 53.25 30.950000762939453 AB 1.9280154330096901 1.1873844083200555
61257.3455 lsst_hardware_g -40.807044493192926 48.619998931884766 31.65999984741211 AB 2.4168730366743834 1.1687477912590207
61259.3229 lsst_hardware_r 2.0563847913706987 28.3799991607666 31.510000228881836 AB 4.934197056877059 1.1836391468600014
61259.3434 lsst_hardware_z -66.10107564972694 44.95000076293945 30.940000534057617 AB 4.968962754415263 1.1674737254372707
61262.3294 lsst_hardware_r 5.377912025783396 24.770000457763672 31.489999771118164 AB 5.6394751572470145 1.170015592789837
61262.3478 lsst_hardware_u -1.7467590110975768 2.740000009536743 28.3700008392334 AB 5.985131218587325 1.1673938953407328
61267.3215 lsst_hardware_i 19.513251832849107 32.45000076293945 31.239999771118164 AB 5.52984609284283 1.167496272108694
61267.3422 lsst_hardware_z 28.017542692739095 43.5099983215332 30.940000534057617 AB 6.550724325121259 1.1712362462222883
61269.3195 lsst_hardware_r 4.578362279172861 24.889999389648438 31.5 AB 4.874197322926546 1.1667271977004416
61269.3384 lsst_hardware_u 0.035832654749702965 2.759999990463257 28.3799991607666 AB 5.199934181235015 1.1724106152382343
61273.3242 lsst_hardware_g -9.2829859393545 15.170000076293945 31.40999984741211 AB 1.7592314116054604 1.1702204511791208
61273.3448 lsst_hardware_i 18.79738893059328 32.459999084472656 31.229999542236328 AB 2.191568683972376 1.1926904402570753
61275.2815 lsst_hardware_r 34.454208192622055 45.939998626708984 31.59000015258789 AB 2.2639626455848694 1.180838516408851
61275.3019 lsst_hardware_z -55.27174065769426 47.45000076293945 30.950000762939453 AB 2.340487116932258 1.1669372362966222
61277.2769 lsst_hardware_r -157.6437294403326 66.19999694824219 31.610000610351562 AB 3.866754827480187 1.1798478928438325
61277.2964 lsst_hardware_y 124.18886561459678 52.13999938964844 30.010000228881836 AB 2.786667459294174 1.166946172233741
61279.2472 lsst_hardware_z 47.419915816214576 74.73999786376953 30.969999313354492 AB 3.5358549588108654 1.2224922065728474
61279.2645 lsst_hardware_r -177.68899146027925 108.5999984741211 31.6299991607666 AB 3.0911472086652005 1.1889027725635386
61285.26 lsst_hardware_i -19.561198455245318 55.470001220703125 31.299999237060547 AB 3.407870889953841 1.1748578108321677
61285.277 lsst_hardware_z 25.0993580196127 55.93000030517578 30.959999084472656 AB 3.410745105038915 1.1665984853627573
61287.2416 lsst_hardware_z -27.408359042336297 44.91999816894531 30.940000534057617 AB 1.9436904507289159 1.1905004802341257
61287.2603 lsst_hardware_r 19.276894817419286 29.950000762939453 31.530000686645508 AB 2.6381755620473806 1.1705282387255591
61298.1963 lsst_hardware_i 19.921434009359913 33.099998474121094 31.239999771118164 AB 1.2811725679981263 1.220164350474406
61298.2152 lsst_hardware_u 0.08016616028931067 2.8399999141693115 28.440000534057617 AB 0.8756159462544767 1.1852669323266551
61304.1954 lsst_hardware_z 12.34120885111214 69.48999786376953 31.700000762939453 AB 5.201870451631497 1.1901778031495918
61306.1844 lsst_hardware_z -36.549483464114324 58.310001373291016 30.959999084472656 AB 2.3108783420318373 1.1994178245839986
61306.2041 lsst_hardware_r -30.821737498486204 71.45999908447266 31.6200008392334 AB 2.277831866167594 1.1736359980250683
61310.1774 lsst_hardware_i 7.229864652983851 137.5800018310547 31.31999969482422 AB 4.745202823334357 1.1927115303090623
61310.1971 lsst_hardware_z 149.86727824957092 112.69000244140625 30.989999771118164 AB 4.651335557503832 1.1707854740539074
61312.1736 lsst_hardware_z -144.30669738839032 72.13999938964844 30.969999313354492 AB 4.767000925723631 1.1901138249215792
61312.1934 lsst_hardware_r 12.667806316715541 96.05000305175781 31.6299991607666 AB 4.73024857397249 1.1697437020909818
61314.1762 lsst_hardware_i 26.804870379845696 43.720001220703125 31.270000457763672 AB 5.590525558049717 1.1794979815496
