data/validation/pwv_sim_epoch_fit_seasonal/26390403.ecsv
# %ECSV 0.9
# ---
# datatype:
# - {name: time, datatype: float64}
# - {name: band, datatype: string}
# - {name: flux, datatype: float64}
# - {name: fluxerr, datatype: float64}
# - {name: zp, datatype: float64}
# - {name: zpsys, datatype: string}
# - {name: pwv, datatype: float64}
# - {name: airmass, datatype: float64}
# meta: {SNID: '26390403', alt: 1024.0, c: 0.04857691004872322, dec: -63.448284, lat: -30.244573, lon: -70.7499537, ra: 112.1875, t0: 61351.62109375,
#   x0: 1.4265356009654202e-05, x1: -0.5157718062400818, z: 0.3964354693889618}
# schema: astropy-2.0
time band flux fluxerr zp zpsys pwv airmass
[from data line 132]
61792.1986 lsst_hardware_r -30.77028676130781 22.1200008392334 31.450000762939453 AB 11.785810490043547 1.2036469977321262
61794.1847 lsst_hardware_i 20.924433236273707 30.889999389648438 31.209999084472656 AB 13.748452479505154 1.199515993558694
61794.1991 lsst_hardware_z -41.035844506945914 42.970001220703125 30.93000030517578 AB 13.792019930479858 1.2075312940738239
61798.1744 lsst_hardware_g -3.418113432664561 12.850000381469727 31.34000015258789 AB 12.7399778371734 1.1997718957659473
61798.187 lsst_hardware_r -12.056559149692848 22.229999542236328 31.459999084472656 AB 12.900491791127381 1.2067060168802115
61800.1778 lsst_hardware_i -1.9969402277419008 31.09000015258789 31.209999084472656 AB 14.877070476634522 1.2042797973557713
61800.1905 lsst_hardware_z -42.06553445068 43.209999084472656 30.920000076293945 AB 14.852941400752163 1.2138226944593768
61802.1528 lsst_hardware_z 89.86360241334852 60.689998626708984 31.68000030517578 AB 10.115944005339534 1.1966574797822835
61802.1661 lsst_hardware_r 53.4022621155094 31.229999542236328 32.20000076293945 AB 9.977910409710834 1.2009280146489538
61804.1551 lsst_hardware_z -57.87625602914243 43.33000183105469 30.93000030517578 AB 8.968111020451055 1.1986782384207224
61804.1679 lsst_hardware_r -22.026416430453377 22.329999923706055 31.450000762939453 AB 11.066167029251881 1.2049179235189502
61806.1534 lsst_hardware_i 38.58192956797482 36.22999954223633 31.25 AB 7.669274061129743 1.2001367786442663
61806.1646 lsst_hardware_z -28.258091624706985 44.91999816894531 30.940000534057617 AB 7.659027833092009 1.2063360896349145
61809.147 lsst_hardware_r 31.194396497158927 59.540000915527344 31.600000381469727 AB 10.252064224792411 1.200944657336089
61809.1603 lsst_hardware_z -56.878497055367795 51.9900016784668 30.950000762939453 AB 10.291827893602832 1.2091555108551484
61813.1473 lsst_hardware_i -1.393900876465871 60.310001373291016 31.299999237060547 AB 4.879165054724454 1.2076144842977854
61813.1585 lsst_hardware_z 62.78618151031758 57.63999938964844 30.959999084472656 AB 4.896469323558582 1.2171188972305778
61815.1553 lsst_hardware_r 118.22198672462913 53.20000076293945 31.579999923706055 AB 2.0497996171596995 1.2193929905768586
61815.1666 lsst_hardware_z 15.734922747706976 51.36000061035156 30.940000534057617 AB 2.3443432562236532 1.2325674322942446
61817.147 lsst_hardware_r 0.11803402463863458 32.689998626708984 31.540000915527344 AB 4.278246401855 1.2165629578734598
61817.1583 lsst_hardware_i 38.08996534217627 37.93000030517578 31.25 AB 4.2087150527521136 1.2289714231177615
61819.1449 lsst_hardware_z 104.2507418113549 43.029998779296875 30.93000030517578 AB 6.817841340084498 1.2199405952673934
61819.1567 lsst_hardware_i 5.734960852563926 31.25 31.229999542236328 AB 7.038265881216492 1.2339175808584089
61823.1462 lsst_hardware_r 2.126127296725591 22.170000076293945 31.450000762939453 AB 8.022616104471512 1.2344860326172742
61823.1564 lsst_hardware_i 50.60441659968513 31.299999237060547 31.219999313354492 AB 8.165036914139096 1.2494318154765258
61825.0761 lsst_hardware_r -0.9995602197547565 22.200000762939453 31.450000762939453 AB 9.45381391765176 1.196369807664868
61825.0908 lsst_hardware_i -35.49303860746598 31.229999542236328 31.229999542236328 AB 9.243041929752158 1.1968330526789954
61827.085 lsst_hardware_z -40.94284792878834 42.54999923706055 30.93000030517578 AB 6.822391669625936 1.1967708460342537
61827.0973 lsst_hardware_r 5.620814549757995 21.920000076293945 31.450000762939453 AB 6.868269955188438 1.200711509895709
61829.0784 lsst_hardware_u 1.6794229411910035 2.5 28.280000686645508 AB 6.565713146541291 1.1965761676436404
61829.09 lsst_hardware_r -8.524609153291784 21.920000076293945 31.450000762939453 AB 6.130350137860321 1.1999119471247448
61831.0779 lsst_hardware_i 46.810794180472534 30.899999618530273 31.219999313354492 AB 3.4352378270586184 1.1976424731174513
61831.0897 lsst_hardware_z -46.50732954445196 42.86000061035156 30.93000030517578 AB 3.4988512359647075 1.2023543766201745
61833.0749 lsst_hardware_r -2.2985557859497945 34.08000183105469 32.220001220703125 AB 5.378999115427311 1.1983734546001472
61833.0887 lsst_hardware_z 93.42178851963428 61.61000061035156 31.68000030517578 AB 5.470651799357282 1.2049451487149403
61835.0768 lsst_hardware_g -63.313287116097015 30.8799991607666 31.579999923706055 AB 6.321123843674746 1.201353913907142
61835.0894 lsst_hardware_r -63.822918108413276 33.59000015258789 31.530000686645508 AB 8.640564975159496 1.2092598864283675
61837.0729 lsst_hardware_i 8.525088533504134 43.88999938964844 31.270000457763672 AB 11.266075310076173 1.2021421280536555
61837.0861 lsst_hardware_z -13.385598878412209 48.56999969482422 30.940000534057617 AB 12.476417103520134 1.210979311690584
61839.0729 lsst_hardware_r -47.26137105245598 68.20999908447266 31.610000610351562 AB 12.177377346872962 1.205322908727404
61839.0864 lsst_hardware_z 22.03466536698458 55.310001373291016 30.959999084472656 AB 13.553661940286956 1.21608403579557
61844.0436 lsst_hardware_i -8.23352959398604 42.52000045776367 31.270000457763672 AB 11.603150035472733 1.1979918471398208
61844.055 lsst_hardware_z -102.22889755255395 49.5 30.950000762939453 AB 11.66472418711274 1.2027968846270098
61850.0384 lsst_hardware_i 9.309639414977573 30.829999923706055 31.219999313354492 AB 4.398015533166402 1.2026841620253423
61850.0519 lsst_hardware_z -6.231498366823901 42.81999969482422 30.93000030517578 AB 4.747694915817581 1.2120742700580769
61852.0317 lsst_hardware_r -12.188922891168843 22.1299991607666 31.440000534057617 AB 7.329974708508682 1.2020293060853653
61852.0446 lsst_hardware_g 10.15520754474831 12.819999694824219 31.31999969482422 AB 7.232851954429966 1.2105529227197354
61854.0327 lsst_hardware_r -24.152901063922872 31.190000534057617 32.20000076293945 AB 10.002360183379501 1.205830040190416
61854.0468 lsst_hardware_i -1.936694611981021 44.029998779296875 31.969999313354492 AB 12.587653138732138 1.217413824307567
61856.0284 lsst_hardware_z -86.34360276844916 42.9900016784668 30.93000030517578 AB 6.609125466521805 1.2066136043186613
61856.041 lsst_hardware_i 61.64833535870325 31.139999389648438 31.219999313354492 AB 6.680365685262245 1.2170829900577984
61858.0267 lsst_hardware_u -3.8174590253715337 2.440000057220459 28.219999313354492 AB 7.860834621399114 1.2093591725229407
61858.0404 lsst_hardware_g -10.214133486878204 12.699999809265137 31.31999969482422 AB 7.943706483577869 1.2221086897812106
