data/validation/pwv_sim_epoch_fit_seasonal/26416358.ecsv
# %ECSV 0.9
# ---
# datatype:
# - {name: time, datatype: float64}
# - {name: band, datatype: string}
# - {name: flux, datatype: float64}
# - {name: fluxerr, datatype: float64}
# - {name: zp, datatype: float64}
# - {name: zpsys, datatype: string}
# - {name: pwv, datatype: float64}
# - {name: airmass, datatype: float64}
# meta: {SNID: '26416358', alt: 1024.0, c: -0.10832582414150238, dec: -9.594068, lat: -30.244573, lon: -70.7499537, ra: 175.957031, t0: 62558.92578125,
#   x0: 1.0475150291084013e-05, x1: 0.8518341779708862, z: 0.4508003294467926}
# schema: astropy-2.0
time band flux fluxerr zp zpsys pwv airmass
[from data line 133]
62924.2795 lsst_hardware_i 34.566759897738855 31.81999969482422 31.25 AB 6.493338073644318 1.0836679028111345
62926.2688 lsst_hardware_z 27.009831121060287 42.27000045776367 30.940000534057617 AB 4.1955173770436875 1.0782619833060108
62926.2871 lsst_hardware_r 19.63999715397305 24.399999618530273 31.5 AB 4.28421664305493 1.1021674288060705
62928.24 lsst_hardware_r -4.7771398908887175 24.219999313354492 31.510000228881836 AB 5.551687360501981 1.0674269103060914
62928.257 lsst_hardware_y 29.945317953298023 47.66999816894531 30.030000686645508 AB 6.344425358183771 1.0732041767438012
62931.2402 lsst_hardware_z -0.939968044957815 57.779998779296875 30.979999542236328 AB 8.376780413731135 1.0688758981410291
62931.2589 lsst_hardware_r -2.5079052437693994 71.66000366210938 31.639999389648438 AB 8.409429693729058 1.0820161726362623
62938.2324 lsst_hardware_z -61.510696351744095 56.599998474121094 30.979999542236328 AB 14.920381061614025 1.0751619711962772
62938.2506 lsst_hardware_i -4.735861993533537 58.54999923706055 31.31999969482422 AB 16.55358023743861 1.0961184106369097
62940.2313 lsst_hardware_z -11.365479535943358 45.650001525878906 30.959999084472656 AB 9.975869606323172 1.078938958070842
62940.2504 lsst_hardware_r 26.61769861221185 39.7400016784668 31.59000015258789 AB 9.611839426315457 1.104809129461547
62942.203 lsst_hardware_r 7.558208097111987 24.979999542236328 31.520000457763672 AB 9.167220205189334 1.067466012597978
62942.2216 lsst_hardware_u 0.09787031731220996 3.0999999046325684 28.510000228881836 AB 8.902578687688276 1.0752555936576214
62945.2005 lsst_hardware_g 5.7665685430043325 15.970000267028809 31.489999771118164 AB 5.626571125823331 1.0684208166766354
62945.2197 lsst_hardware_r -34.11528634909018 25.040000915527344 31.530000686645508 AB 5.305995483298804 1.0809810498724433
62947.1991 lsst_hardware_i 32.60822482885535 32.150001525878906 31.270000457763672 AB 5.070282623494563 1.0698679704929328
62947.2183 lsst_hardware_z -53.048142276015305 42.72999954223633 30.950000762939453 AB 6.2088064431163215 1.085534746374263
62949.2009 lsst_hardware_r 5.750625526945506 24.81999969482422 31.530000686645508 AB 6.4065025327636285 1.0740605277276714
62949.2202 lsst_hardware_u -4.402458222257801 2.930000066757202 28.530000686645508 AB 6.481129991513797 1.0955565558271059
62951.1375 lsst_hardware_g -12.639991444443861 15.739999771118164 31.459999084472656 AB 8.674442692963467 1.0980307206282869
62951.155 lsst_hardware_i 24.7839425002225 32.2599983215332 31.260000228881836 AB 8.504397914338226 1.0767332240141243
62953.1853 lsst_hardware_z 46.306792010234396 42.560001373291016 30.950000762939453 AB 7.720284822367716 1.071121235124766
62953.2031 lsst_hardware_r 39.735157212319606 24.860000610351562 31.520000457763672 AB 7.822331617911692 1.0869885058934985
62955.1839 lsst_hardware_y 14.693284638036086 47.70000076293945 30.049999237060547 AB 7.270568033965872 1.0736219778449267
62955.2008 lsst_hardware_g 4.959393378196293 15.579999923706055 31.469999313354492 AB 7.416024331567907 1.0911668155868315
62957.179 lsst_hardware_r 11.430391250496166 33.369998931884766 31.579999923706055 AB 5.733914625540885 1.074018192562142
62957.1977 lsst_hardware_i 6.286321254814577 35.959999084472656 31.270000457763672 AB 5.9322750262395685 1.0945661748677649
62959.1687 lsst_hardware_z -8.510635275055966 53.630001068115234 30.969999313354492 AB 6.815158770983302 1.0710045213697874
62959.1876 lsst_hardware_r 99.83369259550749 61.650001525878906 31.6299991607666 AB 6.902979320320258 1.0881114943757932
62963.1697 lsst_hardware_i 110.88093078190619 129.77999877929688 31.34000015258789 AB 11.097573523584751 1.0801083773988758
62963.1885 lsst_hardware_z 183.06332903222722 110.26000213623047 31.0 AB 11.278235545364002 1.1064144352150154
62969.1568 lsst_hardware_i 3.725560224105242 37.63999938964844 31.280000686645508 AB 9.189685455600166 1.0838490880849379
62969.1734 lsst_hardware_z 20.29616808133777 45.90999984741211 30.959999084472656 AB 11.001809908552081 1.1087739892720667
62971.1312 lsst_hardware_z -17.884800614129826 41.939998626708984 30.950000762939453 AB 11.287140902937164 1.0689423947221686
62971.1481 lsst_hardware_r 23.6517677588731 24.0 31.5 AB 11.400422492765937 1.0803527593239457
62974.1276 lsst_hardware_u -2.757157829627485 2.9100000858306885 28.540000915527344 AB 12.611247384906934 1.0709279368976676
62974.1453 lsst_hardware_r 10.04067952762786 24.389999389648438 31.510000228881836 AB 12.823644058209878 1.086411910836453
62976.1284 lsst_hardware_i -29.166593093704233 31.43000030517578 31.260000228881836 AB 6.827744354320674 1.0749672949244689
62976.1468 lsst_hardware_z 41.63697575633604 42.290000915527344 30.950000762939453 AB 7.05203970310657 1.0960441974028785
62982.0596 lsst_hardware_g -11.740070176234697 25.8799991607666 32.630001068115234 AB 11.793872600953533 1.0882968165501092
62982.0846 lsst_hardware_r -52.49020086545409 33.689998626708984 32.25 AB 10.471808798154575 1.0685519181790382
62985.1126 lsst_hardware_i 9.635121884020894 34.31999969482422 31.270000457763672 AB 9.552243889306268 1.0832664877870568
62985.1301 lsst_hardware_z -57.7896060388333 43.77000045776367 30.950000762939453 AB 9.170029174351724 1.1095014125047458
62992.0886 lsst_hardware_z 109.74142725885497 82.58000183105469 31.0 AB 3.785141723749676 1.0782599569139337
62992.1079 lsst_hardware_r 141.28987855119058 123.88999938964844 31.649999618530273 AB 3.952861088094129 1.1038941833169547
62994.0938 lsst_hardware_r -56.76007342270278 89.55999755859375 31.649999618530273 AB 11.301518988792406 1.0904591845612124
62994.1148 lsst_hardware_z 100.76892952201115 64.51000213623047 30.979999542236328 AB 11.649561614095143 1.1290522983228477
63000.0328 lsst_hardware_i 17.273261307664757 31.979999542236328 31.260000228881836 AB 6.282169880152501 1.069472379546161
63000.052 lsst_hardware_z 64.90340613838235 42.439998626708984 30.950000762939453 AB 6.790598511805937 1.0689366951105999
63001.0301 lsst_hardware_r 44.91135023903663 24.190000534057617 31.510000228881836 AB 6.290209067114118 1.0694603117791075
63001.0492 lsst_hardware_g 1.2958903699291295 15.1899995803833 31.450000762939453 AB 6.947935056538809 1.0689130856213553
63008.0064 lsst_hardware_r 47.02732054021474 34.439998626708984 32.2599983215332 AB 4.9673016261276315 1.0716939862194939
63008.0253 lsst_hardware_u 3.158851148482678 3.950000047683716 29.200000762939453 AB 4.944923605643528 1.0677297933913747
63015.9983 lsst_hardware_r 61.44450874480879 53.439998626708984 31.6299991607666 AB 10.220238751248038 1.0674436003183843
63016.0193 lsst_hardware_g -12.940159951982762 48.619998931884766 31.700000762939453 AB 10.331610473294935 1.0750615721021757
63017.9939 lsst_hardware_r 148.57646417542878 86.08000183105469 31.649999618530273 AB 7.307552318406352 1.0674192694137397
63018.0125 lsst_hardware_i 112.8310998639839 73.55999755859375 31.329999923706055 AB 7.303617547117413 1.0740614039878549
63020.9635 lsst_hardware_y 44.55235922077819 56.189998626708984 30.049999237060547 AB 11.632112248786052 1.077047430443153
63020.984 lsst_hardware_z 1.546864871627672 63.630001068115234 30.989999771118164 AB 11.528789782526408 1.0674805354191117
63022.9633 lsst_hardware_y -54.61326561729751 73.80999755859375 30.799999237060547 AB 4.613986997961394 1.0730202320840452
63022.9834 lsst_hardware_z -40.310833628334585 80.25 31.729999542236328 AB 4.590689380739221 1.0676021815672607
