data/validation/pwv_sim_epoch_fit_seasonal/26515442.ecsv
# %ECSV 0.9
# ---
# datatype:
# - {name: time, datatype: float64}
# - {name: band, datatype: string}
# - {name: flux, datatype: float64}
# - {name: fluxerr, datatype: float64}
# - {name: zp, datatype: float64}
# - {name: zpsys, datatype: string}
# - {name: pwv, datatype: float64}
# - {name: airmass, datatype: float64}
# meta: {SNID: '26515442', alt: 1024.0, c: -0.035192303359508514, dec: -28.29155, lat: -30.244573, lon: -70.7499537, ra: 124.277344, t0: 59895.25,
#   x0: 0.0012584176034151865, x1: -0.22065205872058868, z: 0.05145077407360077}
# schema: astropy-2.0
time band flux fluxerr zp zpsys pwv airmass
59887.2411 lsst_hardware_r 168570.58660896923 414.1691271410377 31.459999084472656 AB 10.153169613158031 1.7843621997024188
59887.2586 lsst_hardware_i 111356.78527636347 334.2731490671153 31.209999084472656 AB 7.8966070339619225 1.5765624225530799
59896.2961 lsst_hardware_g 365007.8337179963 606.7596532385681 31.65999984741211 AB 4.700746223359759 1.1736461452742672
59896.3154 lsst_hardware_r 319342.5596340757 567.2335403167348 31.6200008392334 AB 4.486795979910899 1.1085351401879073
59901.2848 lsst_hardware_u 5742.395293901983 75.85955749262271 28.309999465942383 AB 4.658526029499775 1.1646315073749438
59901.3014 lsst_hardware_g 248680.65873468327 498.8391140402087 31.450000762939453 AB 5.044732068412752 1.109545176337166
59903.2618 lsst_hardware_g 200647.16500672163 448.7375572941048 31.350000381469727 AB 5.433049551745621 1.2403042827154904
59903.278 lsst_hardware_r 234192.24485189223 483.1210898719627 31.469999313354492 AB 5.065418863298107 1.1697301329658427
59905.2645 lsst_hardware_i 87694.3911845861 296.80944448269327 31.219999313354492 AB 3.8226832323777904 1.2026058826691874
59905.2811 lsst_hardware_z 59494.23054944664 243.9790920897933 30.93000030517578 AB 3.232943747372493 1.1388951669935978
59907.2667 lsst_hardware_r 187572.9505076476 432.7629000116493 31.469999313354492 AB 10.387900673351334 1.1711934915553304
59907.2835 lsst_hardware_g 153411.66655868292 392.3686965833895 31.389999389648438 AB 9.721356993830446 1.1140041246582761
59909.2843 lsst_hardware_i 74796.24310462881 273.01637315039045 31.229999542236328 AB 5.8766859231304975 1.0963284478198803
59909.3012 lsst_hardware_z 53423.00818391554 230.80218462326536 30.940000534057617 AB 5.518084076188979 1.057171736928727
59911.2638 lsst_hardware_z 50809.557674030264 226.05059925075034 30.940000534057617 AB 5.03665831468383 1.142013071124744
59911.2801 lsst_hardware_i 75438.0478892963 273.84785457215463 31.25 AB 4.829184963710267 1.0929879208699207
59913.2666 lsst_hardware_z 48096.7690100261 218.89221740176365 30.940000534057617 AB 6.72064789591197 1.1155528086831477
59913.2831 lsst_hardware_g 88171.07862009952 296.59109616045527 31.399999618530273 AB 6.512689671419026 1.072356591844404
59915.2858 lsst_hardware_i 78467.2730675462 279.5140341340531 31.239999771118164 AB 7.276772341246684 1.0552546628353079
59915.3027 lsst_hardware_r 141409.05005968516 377.4353392544756 31.469999313354492 AB 6.699764609916554 1.0278077180204883
59917.2235 lsst_hardware_r 151019.85237574205 391.7028492286056 31.59000015258789 AB 5.4124958997312556 1.2406867391933227
59917.2454 lsst_hardware_i 83384.63885899055 290.46980556062647 31.280000686645508 AB 4.9999680823808355 1.149021735581026
59919.2302 lsst_hardware_z 57339.23463347131 240.91400362567637 30.959999084472656 AB 6.316697916708295 1.1860672988233196
59919.2515 lsst_hardware_r 146904.9509901989 388.9454191632675 31.6299991607666 AB 5.741840575762835 1.1117543389241813
59921.2481 lsst_hardware_i 86352.38500516146 298.36149290538583 31.31999969482422 AB 5.733618726121565 1.1058088189243853
59921.2706 lsst_hardware_z 58403.46464316376 243.76701882341936 30.979999542236328 AB 6.664496976257012 1.052995611727398
59923.2474 lsst_hardware_i 83391.56068484928 292.2601755075012 31.31999969482422 AB 10.208810484124443 1.0928253863470003
59923.2696 lsst_hardware_z 55493.85763144507 236.5140470431705 30.979999542236328 AB 9.678480480664843 1.0449383768160565
59926.2425 lsst_hardware_g 42913.93407158441 217.6407102511195 31.709999084472656 AB 11.713084158950968 1.0844444180123107
59926.2665 lsst_hardware_r 109574.36781287342 336.8460447051269 31.649999618530273 AB 10.876904493280632 1.03663612039844
59928.1436 lsst_hardware_u 680.4222066786919 30.94827816746591 28.940000534057617 AB 12.656299402400048 1.6085377907994356
59928.1665 lsst_hardware_g 34027.041613718786 196.19506909947444 31.59000015258789 AB 11.058685711184655 1.4041534554320034
59930.2451 lsst_hardware_u 977.7951594594568 38.62307319895899 29.469999313354492 AB 8.883946531184664 1.0547664870015037
59930.2674 lsst_hardware_g 35221.80574569084 200.57591402351514 31.739999771118164 AB 7.217225999239577 1.0208601434618731
59932.1285 lsst_hardware_i 49222.8596780031 228.3412983080419 31.200000762939453 AB 5.572993735690186 1.6549350365820894
59932.1504 lsst_hardware_z 36464.692901790484 199.54785117414434 30.940000534057617 AB 4.978316377374235 1.4440366576858574
59934.1488 lsst_hardware_u 690.4299933887861 31.984962671028555 29.1200008392334 AB 5.837004895063338 1.4140031238042097
59934.1702 lsst_hardware_r 67985.48006155826 269.66789563471747 31.59000015258789 AB 6.079584331157953 1.2763298105997682
59936.1482 lsst_hardware_i 42040.750134412556 213.2361712189685 31.270000457763672 AB 6.672765844219608 1.3786706289709934
59936.1705 lsst_hardware_z 29063.135783453938 180.99590130403266 30.969999313354492 AB 7.159690689716385 1.2462653690450487
59938.1513 lsst_hardware_r 57866.1549760007 248.66702871341388 31.56999969482422 AB 8.423053899793302 1.322508070308259
59938.1741 lsst_hardware_u 834.6303540391154 33.94408535239531 29.299999237060547 AB 8.011928531835558 1.2039262488669418
59941.1271 lsst_hardware_u 597.7350575282753 30.540556157468508 29.100000381469727 AB 8.837693861544683 1.4339340220734575
59941.1483 lsst_hardware_g 23110.511410342977 166.53841496508775 31.6299991607666 AB 7.992931403327016 1.2918390889856746
59945.133 lsst_hardware_z 19481.768470192284 151.85939586271058 30.950000762939453 AB 9.17430707793995 1.3175503170531104
59945.1541 lsst_hardware_r 48972.62723517355 229.89588483156822 31.600000381469727 AB 8.410660069340546 1.2078259932678026
59947.1352 lsst_hardware_z 18625.023051279575 152.06293779461973 30.959999084472656 AB 4.933162699734376 1.2736494416147617
59947.1565 lsst_hardware_r 47480.135174023526 227.63197702925373 31.6200008392334 AB 4.521905305352642 1.1750549744306222
59949.1367 lsst_hardware_i 163.69935143447208 62.9900016784668 31.290000915527344 AB 14.084284849558733 1.2379068204402313
59949.1579 lsst_hardware_z -131.23268865199833 70.83999633789062 30.979999542236328 AB 13.044962256734205 1.1494877963373318
59951.138 lsst_hardware_r -95.32212585307573 66.37000274658203 31.600000381469727 AB 9.636365829661 1.2065818355551243
59951.1593 lsst_hardware_z -111.44274170292942 71.05000305175781 30.979999542236328 AB 8.978037846314812 1.1265025842842569
59955.1211 lsst_hardware_i -64.24694982785567 63.34000015258789 31.290000915527344 AB 7.14492849140623 1.2341184025228868
59955.1365 lsst_hardware_z -48.66726903476645 70.86000061035156 30.969999313354492 AB 5.667630229008225 1.1679213289388932
59962.1227 lsst_hardware_r -49.877489065799324 67.05000305175781 31.6200008392334 AB 4.509672410527954 1.1484490763425164
59962.1397 lsst_hardware_i -45.627605243068935 64.22000122070312 31.31999969482422 AB 4.737680072085527 1.0960509131487628
59964.1221 lsst_hardware_z 97.79968314544482 70.94000244140625 30.979999542236328 AB 8.670162551892638 1.131985840897299
59964.14 lsst_hardware_i -106.42815449610005 63.869998931884766 31.31999969482422 AB 7.900565661001926 1.0813804627705894
59968.1265 lsst_hardware_r -42.630186621611806 67.29000091552734 31.6299991607666 AB 15.37267778051825 1.0877664302086154
59968.1447 lsst_hardware_i 132.3496941730313 64.4000015258789 31.329999923706055 AB 14.877159490429841 1.0485241383096726
59973.1264 lsst_hardware_z -36.66633652363129 101.58000183105469 31.75 AB 10.544741236350141 1.05729357316345
59975.1228 lsst_hardware_z -46.544888702272054 71.55000305175781 31.0 AB 9.349423888002283 1.0536837688517464
59975.142 lsst_hardware_r -8.635994992905172 68.08999633789062 31.65999984741211 AB 9.293414004923005 1.023842018830341
59977.028 lsst_hardware_y -69.57208693984434 69.12999725341797 29.940000534057617 AB 9.759033372639259 1.4403060027509114
59977.0469 lsst_hardware_z 118.9121600035394 70.29000091552734 30.959999084472656 AB 8.776333255923166 1.3099004859586816
59977.1243 lsst_hardware_i -73.55063663220966 64.5999984741211 31.329999923706055 AB 6.311373610473625 1.0413375955683142
59977.1433 lsst_hardware_z -48.20393280707502 71.63999938964844 31.0 AB 7.309824739973739 1.0163591972711652
59983.0254 lsst_hardware_y -68.6611758727225 70.25 29.969999313354492 AB 9.052225085780512 1.3415672598414987
59983.0428 lsst_hardware_r 95.28364198963209 66.51000213623047 31.600000381469727 AB 12.250420494170328 1.2431400973340332
59985.0246 lsst_hardware_y -103.51437330424497 69.80000305175781 29.959999084472656 AB 3.2815606120211256 1.3126242448084502
59985.0429 lsst_hardware_g 15.795421288187375 68.95999908447266 31.649999618530273 AB 3.1634889417188465 1.2167265160457101
59987.0241 lsst_hardware_z 32.923604280777134 70.18000030517578 30.959999084472656 AB 3.4265028015990837 1.2839755689229642
59987.0443 lsst_hardware_i -11.150155460808381 63.150001525878906 31.299999237060547 AB 2.404933437318038 1.1870352602754384
59989.0228 lsst_hardware_y 235.78847252048666 100.3499984741211 30.75 AB 3.255716487485891 1.2615388888834218
59989.0421 lsst_hardware_r 51.921407355302904 93.20999908447266 32.369998931884766 AB 2.966025938304269 1.1739663322003955
59993.0198 lsst_hardware_y -63.99054386804587 70.69999694824219 30.0 AB 4.406094285721322 1.2225001486394418
59993.0367 lsst_hardware_z -85.74313433177176 70.5199966430664 30.969999313354492 AB 4.185394907372681 1.153266105361014
59995.0188 lsst_hardware_y -78.02303927642637 71.3499984741211 30.010000228881836 AB 4.449150116994515 1.202473004593112
59995.0378 lsst_hardware_u -17.23387332203859 20.260000228881836 29.389999389648438 AB 4.184199195856073 1.1308646475286683
59997.0177 lsst_hardware_y 34.7516535846394 71.33999633789062 30.020000457763672 AB 5.75152969480756 1.184152978256682
59997.0368 lsst_hardware_r -115.24660069757566 65.9000015258789 31.6299991607666 AB 5.3830228338390125 1.11690626793582
59999.0267 lsst_hardware_z 40.23943697483081 100.37000274658203 31.739999771118164 AB 8.455831249086101 1.131441928023831
60003.0147 lsst_hardware_y 164.7173844487922 72.12000274658203 30.030000686645508 AB 5.674876007881389 1.1349752015762777
60003.0345 lsst_hardware_i -49.03037857937895 63.810001373291016 31.31999969482422 AB 5.395029309106643 1.0790058618213285
60005.0136 lsst_hardware_y 3.0481316833358894 72.6500015258789 30.049999237060547 AB 2.6975084057030143 1.1210424543181359
60005.0325 lsst_hardware_i 38.035654220639906 63.7400016784668 31.329999923706055 AB 2.5747342594694396 1.0710209066012644
60008.0111 lsst_hardware_y 48.624257043652214 72.6500015258789 30.049999237060547 AB 12.680882958776735 1.1042698618693547
60008.0306 lsst_hardware_z -34.59999363661092 71.23999786376953 30.989999771118164 AB 12.015535912941614 1.0577521821331584
60010.0098 lsst_hardware_y -60.808297512218665 72.66000366210938 30.049999237060547 AB 7.061119356081127 1.0929679368595375
60010.0298 lsst_hardware_i -44.22923713335743 64.33999633789062 31.31999969482422 AB 6.780728906797786 1.0489177673134356
60012.0173 lsst_hardware_z -15.511266570808441 100.77999877929688 31.739999771118164 AB 11.575230956349726 1.0625814436452452
60016.0071 lsst_hardware_y 120.87257573673357 72.7699966430664 30.059999465942383 AB 9.722686658116 1.0610908089435862
60016.0293 lsst_hardware_z 4.881647736535075 71.05999755859375 31.0 AB 9.400918016512946 1.0247628305232808
60021.001 lsst_hardware_y -54.71225982666545 73.33999633789062 30.06999969482422 AB 8.090033106313513 1.0467114900133927
60021.0176 lsst_hardware_r -58.16382626695495 67.41000366210938 31.65999984741211 AB 7.862231419530964 1.0223968035800994
60022.9992 lsst_hardware_y -166.71455577519183 73.4000015258789 30.06999969482422 AB 5.028265373888158 1.0405101653157078
60023.0157 lsst_hardware_r 157.19725126852697 68.11000061035156 31.65999984741211 AB 4.873429486152699 1.0184096167775214
