data/validation/pwv_sim_epoch_fit_seasonal/26596039.ecsv
# %ECSV 0.9
# ---
# datatype:
# - {name: time, datatype: float64}
# - {name: band, datatype: string}
# - {name: flux, datatype: float64}
# - {name: fluxerr, datatype: float64}
# - {name: zp, datatype: float64}
# - {name: zpsys, datatype: string}
# - {name: pwv, datatype: float64}
# - {name: airmass, datatype: float64}
# meta: {SNID: '26596039', alt: 1024.0, c: -0.07577373087406158, dec: -0.74606, lat: -30.244573, lon: -70.7499537, ra: 117.070312, t0: 62085.16015625,
#   x0: 5.848732201832199e-06, x1: -0.8493165969848633, z: 0.5748501420021057}
# schema: astropy-2.0
time band flux fluxerr zp zpsys pwv airmass
62094.341 lsst_hardware_r 1430.1197241511927 44.79445639952663 31.479999542236328 AB 5.790870582846867 1.1555932915515748
62097.3415 lsst_hardware_z 1014.7659499477143 53.91054160456926 30.940000534057617 AB 7.6115031065808765 1.1501358342752694
62099.3399 lsst_hardware_g 175.5072979924058 19.987178473103132 31.43000030517578 AB 6.408693984730726 1.148820289456077
62102.2314 lsst_hardware_i 1883.0836409418823 76.42269892734677 31.979999542236328 AB 5.596745567442127 1.4582453276295277
62104.3447 lsst_hardware_g 87.44622641715473 21.401252225767756 31.5 AB 7.032865472607991 1.1518587332982853
62106.329 lsst_hardware_i 779.3418369056858 68.1292177134143 31.309999465942383 AB 7.504866817541538 1.148264717716379
62106.3481 lsst_hardware_y 213.4779907445247 61.41956926723761 30.020000457763672 AB 7.681755933037943 1.1588543742089508
62108.335 lsst_hardware_z 1533.545997699171 112.1467395086518 31.729999542236328 AB 5.068381680582777 1.1526034749657619
62113.3018 lsst_hardware_i 592.4713221360245 50.79985347405523 31.280000686645508 AB 7.511595155917009 1.148781518778962
62113.3202 lsst_hardware_z 658.0596790146317 55.7568168087187 30.950000762939453 AB 7.454201200371474 1.1518951053305624
62115.3002 lsst_hardware_i 455.4541220720338 39.69060353217045 31.25 AB 9.520279466812205 1.1481628687324537
62115.3186 lsst_hardware_z 607.356013192504 50.08612466870722 30.940000534057617 AB 9.579612203635321 1.1545062964480004
62119.2976 lsst_hardware_i 310.89523961425084 36.435179911124955 31.239999771118164 AB 9.495036809027372 1.1491206743544347
62119.3157 lsst_hardware_r 210.60849001398037 27.62506984861903 31.479999542236328 AB 9.600316111462327 1.1621566139065762
62121.2645 lsst_hardware_u 7.806592460497622 4.123028010155447 29.149999618530273 AB 8.14005930544495 1.1580679051707143
62121.2872 lsst_hardware_g 75.06218853303146 21.86363007245748 32.150001525878906 AB 8.14110765934925 1.148171166962732
62123.2624 lsst_hardware_r 229.23807287136842 27.145793895803045 31.489999771118164 AB 5.042910660116018 1.1551075210711506
62123.2849 lsst_hardware_i 219.54008233627465 35.781903063342725 31.239999771118164 AB 5.018161247735275 1.1486492126432675
62125.2297 lsst_hardware_i 575.5455590376685 50.267721249844556 31.989999771118164 AB 7.050535235541489 1.195005972125676
62125.2489 lsst_hardware_z 473.6634233760108 47.50901936471533 30.950000762939453 AB 6.862144739976461 1.1630753796570272
62127.2322 lsst_hardware_i 621.1323711315924 49.6132020834156 31.989999771118164 AB 8.01039053599111 1.1794729494207088
62127.2556 lsst_hardware_u 0.08642685635188797 4.121744797994249 28.399999618530273 AB 7.719702364881401 1.1521943828181196
62130.2296 lsst_hardware_g 113.29409464419771 21.98102476402427 32.13999938964844 AB 8.575881451102104 1.1705290999934956
62130.2516 lsst_hardware_r 357.6774532061853 37.05869903972115 32.22999954223633 AB 9.200268482161853 1.1500335602702316
62132.2261 lsst_hardware_i 152.18381133708667 43.5994423018787 31.270000457763672 AB 7.111188860129841 1.1677627960526973
62132.2483 lsst_hardware_r 111.63109144692721 36.73523731177233 31.56999969482422 AB 6.985895484966631 1.1492322409979085
62134.2469 lsst_hardware_z 264.47531654533657 61.25132731430325 30.969999313354492 AB 10.328580997985677 1.1483005853082076
62134.2674 lsst_hardware_g 29.12801250880491 61.39938977633479 31.670000076293945 AB 10.048684141969762 1.1550211657436509
62138.2467 lsst_hardware_z 306.8957366515622 91.64377092639515 30.989999771118164 AB 6.208438127934751 1.1494269553075933
62138.2662 lsst_hardware_r 9.542664631426588 134.01333196370217 31.6299991607666 AB 5.682472292090925 1.164998078061421
62140.2094 lsst_hardware_i 135.75238404380312 66.33032493882926 31.309999465942383 AB 3.025829810772467 1.1613983408799122
62140.231 lsst_hardware_z 380.02166696878663 63.335420688820776 30.969999313354492 AB 2.999385375187788 1.1482366012331224
62142.214 lsst_hardware_g 60.76743076446724 58.75942716036191 32.400001525878906 AB 8.087630841005426 1.1525904076109534
62142.236 lsst_hardware_r 253.12082364442094 64.36695232189798 32.34000015258789 AB 8.060891977272645 1.1495033122670442
62146.2047 lsst_hardware_u 5.860278517884532 3.587970290647572 28.3700008392334 AB 8.768351505758236 1.1516090761437137
62146.226 lsst_hardware_g 23.56141367919776 16.133796668292366 31.40999984741211 AB 8.298659121873637 1.1498500041854334
62152.1579 lsst_hardware_i 160.95376589791871 34.12554372233812 31.239999771118164 AB 5.217304626248781 1.1909388532430165
62152.177 lsst_hardware_u -1.1220271866081004 3.0480871569348222 28.469999313354492 AB 5.954717666127666 1.1609899914462207
62154.1616 lsst_hardware_g 29.258338391915707 16.05210516443451 31.40999984741211 AB 5.132171915827807 1.1742756929019122
62154.1808 lsst_hardware_r 81.95543565792093 25.61328932590794 31.5 AB 7.156811622081705 1.1528678747950232
62156.1628 lsst_hardware_i 107.66045809640136 33.51014909147201 31.239999771118164 AB 8.686776366697307 1.1648375952661492
62156.1819 lsst_hardware_r 137.0740296444072 25.382885552432278 31.489999771118164 AB 10.170927028585293 1.1495170692343166
62158.1578 lsst_hardware_z 128.90956650400815 45.025785832375746 30.93000030517578 AB 11.901401537517298 1.1642643779517543
62158.1775 lsst_hardware_g 6.893458448005036 15.48448878870533 31.399999618530273 AB 11.258310172028146 1.1491589437611662
62162.1472 lsst_hardware_z 208.62507455301716 55.62775099692245 30.959999084472656 AB 15.170448421438945 1.1638688420299164
62162.1654 lsst_hardware_r -9.625958107187113 60.492777909765614 31.6200008392334 AB 15.108048390163937 1.149556658943423
62163.1473 lsst_hardware_z 410.5626028691682 90.88867781025343 31.719999313354492 AB 12.76683555012761 1.1606214136479645
62167.1383 lsst_hardware_r -68.04732051689501 124.91000366210938 31.6299991607666 AB 10.539414845165343 1.158633694055206
62167.1554 lsst_hardware_y 40.89867055945674 64.20999908447266 30.020000457763672 AB 10.432201547251386 1.1485203266758732
62169.1382 lsst_hardware_g 82.45834349166307 69.05999755859375 31.68000030517578 AB 8.278104734654692 1.1540108830838325
62169.1559 lsst_hardware_r 35.062854489497084 68.61000061035156 31.6299991607666 AB 8.216198248756047 1.1481284088906096
62171.1049 lsst_hardware_r -8.143808314880813 31.709999084472656 31.549999237060547 AB 12.517382239813921 1.1932775671698
62171.1246 lsst_hardware_i -63.8801987385441 38.40999984741211 31.270000457763672 AB 12.18138538383577 1.1615608455324349
62173.1077 lsst_hardware_z -29.532330089864068 43.52000045776367 30.940000534057617 AB 5.100847936459831 1.1775716667471574
62173.1261 lsst_hardware_r -10.189067694193046 23.899999618530273 31.489999771118164 AB 4.508960580424201 1.154909860514203
62175.1089 lsst_hardware_u 1.455869154589992 2.75 28.40999984741211 AB 10.166265444044193 1.1674627289898973
62175.1275 lsst_hardware_g 14.123866416720132 14.609999656677246 31.40999984741211 AB 10.001848645022008 1.1505635160499261
62177.1037 lsst_hardware_r 11.163426149082133 23.93000030517578 31.489999771118164 AB 4.081484082752967 1.1671109017761372
62177.1234 lsst_hardware_z -40.58219295569427 43.13999938964844 30.940000534057617 AB 4.037788433311083 1.1499575459768125
62179.0944 lsst_hardware_r 6.895990847016181 23.65999984741211 31.489999771118164 AB 5.283803020128995 1.1726149623011497
62179.1105 lsst_hardware_u -0.855206230357483 2.7100000381469727 28.399999618530273 AB 5.2009961139811445 1.1543019728083292
62185.0911 lsst_hardware_r 23.010621524343673 23.510000228881836 31.489999771118164 AB 6.468203380289103 1.1567921631564166
62185.1077 lsst_hardware_u 3.108395878747273 2.690000057220459 28.389999389648438 AB 6.3757775763300835 1.1482715130716206
62187.0795 lsst_hardware_g -1.8507375718849535 16.75 31.459999084472656 AB 3.8920193679907626 1.1631857047192955
62187.0958 lsst_hardware_i 74.43866801297705 32.560001373291016 31.25 AB 3.674598563606118 1.1500790997437054
62191.0958 lsst_hardware_y 70.44412206073426 75.22000122070312 30.770000457763672 AB 8.868739717007951 1.148118847878477
62193.0542 lsst_hardware_z -60.06603961405707 74.81999969482422 30.979999542236328 AB 7.527000746621028 1.175726452143241
62193.0716 lsst_hardware_r -83.37872452955429 101.9800033569336 31.6299991607666 AB 7.474746594459781 1.154817168780479
62195.0542 lsst_hardware_i -190.68621804805724 94.7300033569336 31.31999969482422 AB 6.395416532679624 1.1675794673992923
62195.0729 lsst_hardware_z -13.702583571716598 81.05000305175781 30.979999542236328 AB 6.344344438946742 1.1505536235055298
62197.0523 lsst_hardware_r 59.39809548900463 80.8499984741211 31.6200008392334 AB 3.325185246315963 1.1630588479594135
62197.0697 lsst_hardware_z 20.48033326448718 61.43000030517578 30.969999313354492 AB 3.32731200265873 1.1495953020817908
62198.0517 lsst_hardware_g 7.764567265044401 49.689998626708984 31.65999984741211 AB 7.282866638307153 1.1606470246179956
62198.0704 lsst_hardware_i 147.90307481255252 51.959999084472656 31.290000915527344 AB 7.217518895555105 1.1485853479386423
62201.0516 lsst_hardware_z -58.231971867593266 42.83000183105469 30.940000534057617 AB 6.030971463022254 1.1534434775638407
62201.0696 lsst_hardware_r -29.793856669602174 23.350000381469727 31.479999542236328 AB 6.028534410290656 1.1482193658099147
62203.045 lsst_hardware_u -0.07859866575025745 2.680000066757202 28.3700008392334 AB 10.634688857834455 1.1542715837012796
62203.0629 lsst_hardware_g 9.156041508362375 14.300000190734863 31.399999618530273 AB 10.75202835053482 1.1481076722407393
62205.0406 lsst_hardware_r -15.199694230524871 23.5 31.479999542236328 AB 11.936582271135737 1.1534972962491594
62205.0603 lsst_hardware_i 5.865887513129082 31.65999984741211 31.229999542236328 AB 11.67016732222744 1.1484689585422687
62207.0439 lsst_hardware_z 44.401282146252626 42.790000915527344 30.940000534057617 AB 8.972049878485212 1.1490842569781416
62207.0635 lsst_hardware_r 24.628867630026498 23.459999084472656 31.489999771118164 AB 8.92359765993537 1.1518282841324219
62209.0412 lsst_hardware_u -3.0670970274761 2.6700000762939453 28.3700008392334 AB 15.851520654791361 1.1484181957768367
62209.0604 lsst_hardware_r 18.84709204671035 23.3799991607666 31.479999542236328 AB 14.973611453165196 1.1533392649138114
62217.0001 lsst_hardware_z -20.822871528774463 46.33000183105469 30.950000762939453 AB 5.98272550635357 1.160342417834331
62217.0194 lsst_hardware_i 66.58556832746069 34.439998626708984 31.260000228881836 AB 6.03144496485899 1.1484091707652304
62218.9993 lsst_hardware_y -90.51662002145567 52.47999954223633 30.020000457763672 AB 6.435748322580513 1.1558802028162576
62219.0191 lsst_hardware_r -57.08625698248379 49.52000045776367 31.610000610351562 AB 5.459212893190866 1.148099451775156
62222.9933 lsst_hardware_y -134.5261731311105 61.599998474121094 30.030000686645508 AB 7.153106418191812 1.1522710153610016
62223.0104 lsst_hardware_z 61.14508838667294 66.19999694824219 30.979999542236328 AB 8.002379962950322 1.1483373141132194
62224.9907 lsst_hardware_y -93.58461857129957 62.61000061035156 30.020000457763672 AB 7.676613987771043 1.1506866175333832
62225.0093 lsst_hardware_z -37.350343692918116 62.84000015258789 30.969999313354492 AB 6.758021394026152 1.1494536898785837
62228.9942 lsst_hardware_z 10.994446988107342 67.37000274658203 31.700000762939453 AB 10.24055674666617 1.148366329875607
62462.3424 lsst_hardware_r -100.4285868639355 95.73999786376953 31.6299991607666 AB 5.463034533593638 1.1500116551728936
62464.3415 lsst_hardware_z -72.8040373946628 70.97000122070312 30.979999542236328 AB 9.606848378520514 1.1485720886942927
62467.2937 lsst_hardware_z 24.48341132288185 58.84000015258789 30.959999084472656 AB 4.583022227011501 1.1938840057340283
62467.3131 lsst_hardware_y -61.45035587279232 53.560001373291016 30.010000228881836 AB 4.446378104782807 1.1622239050598724
62472.3331 lsst_hardware_r -9.13614108522987 23.969999313354492 31.5 AB 7.529884340665105 1.1498054626521423
62472.353 lsst_hardware_y -62.39782591320654 70.05999755859375 30.030000686645508 AB 7.796788317128286 1.1668781856742092
62474.1774 lsst_hardware_i 15.764690065680087 35.31999969482422 31.1299991607666 AB 6.6826707609772225 1.8182901193050556
62474.2103 lsst_hardware_r 17.543764391207517 24.489999771118164 31.40999984741211 AB 6.38331096302633 1.4778748539737985
62476.3342 lsst_hardware_g -40.59019581581452 14.720000267028809 31.40999984741211 AB 4.949403881082986 1.1578907196356596
62480.3007 lsst_hardware_z -67.42420332371994 42.70000076293945 30.940000534057617 AB 11.527323216084197 1.1481397625581868
62480.3203 lsst_hardware_r 19.526994336497406 23.3700008392334 31.479999542236328 AB 11.642417898108944 1.1552596460627564
62482.2971 lsst_hardware_u -0.3078358337040356 2.6700000762939453 28.3799991607666 AB 12.085874746891617 1.1480652990097004
62482.3151 lsst_hardware_g 10.24020236480725 14.170000076293945 31.399999618530273 AB 12.176362094059602 1.1554718252096567
62484.2945 lsst_hardware_r -10.990654577985493 23.31999969482422 31.469999313354492 AB 8.318734406136864 1.148256336542311
62484.3136 lsst_hardware_z -26.98804566152248 42.91999816894531 30.93000030517578 AB 8.350385109799673 1.1591049313776296
62486.2981 lsst_hardware_r 10.605898470600483 23.579999923706055 31.479999542236328 AB 12.188027290279829 1.1513118181082214
62486.3171 lsst_hardware_u -4.560769339982514 2.700000047683716 28.3799991607666 AB 12.380896046904237 1.1700918390586246
62488.2531 lsst_hardware_z -65.88630195108188 78.94000244140625 31.709999084472656 AB 6.284853475068352 1.1654444569912878
62488.2743 lsst_hardware_r 63.426137093034214 58.36000061035156 31.6200008392334 AB 6.1225146070777585 1.1489768435650207
62490.2567 lsst_hardware_i 67.07939096642659 84.20999908447266 31.31999969482422 AB 4.940635146976071 1.1558393138322778
62490.2827 lsst_hardware_z -27.026420840688 73.1500015258789 30.979999542236328 AB 4.9330264441440885 1.1493314693666452
62494.2542 lsst_hardware_z 171.1224001284826 107.54000091552734 31.729999542236328 AB 6.4678893877042585 1.1503582726018076
62496.2451 lsst_hardware_r 3.7180317874399855 59.47999954223633 31.6200008392334 AB 8.456523308581968 1.1523242153772666
62496.2638 lsst_hardware_z 40.91059092099027 54.150001525878906 30.969999313354492 AB 9.188938542725019 1.1486173178406274
62500.2425 lsst_hardware_g -13.343067518153946 15.550000190734863 31.43000030517578 AB 10.338041417858465 1.148713813607
62500.2625 lsst_hardware_r 4.516217170365433 24.780000686645508 31.489999771118164 AB 10.030126514981228 1.1528881051702562
62502.2123 lsst_hardware_r 10.494884775671474 23.760000228881836 31.479999542236328 AB 8.22642012041867 1.1688892028086393
62502.2333 lsst_hardware_i 1.1750273601353585 31.81999969482422 31.239999771118164 AB 8.089717941505773 1.1499431677285092
62506.2098 lsst_hardware_u -1.2812848280299667 3.799999952316284 29.1200008392334 AB 13.463425001105971 1.1587920128334972
62506.2307 lsst_hardware_g -29.990970895076245 20.579999923706055 32.15999984741211 AB 13.405964512807323 1.1480658142337334
62511.2022 lsst_hardware_r -8.600207517395752 23.950000762939453 31.489999771118164 AB 8.77902636037615 1.1536171301414126
62511.2232 lsst_hardware_u -1.2777147021229762 2.75 28.420000076293945 AB 8.272876040815635 1.1486914802576556
62513.1869 lsst_hardware_g -23.628188469404382 14.550000190734863 31.40999984741211 AB 7.3154538326148435 1.1629059716958727
62513.2067 lsst_hardware_r 15.339007846159735 23.729999542236328 31.489999771118164 AB 7.178748342286441 1.1487835401322506
62515.157 lsst_hardware_r 46.29295556296882 46.849998474121094 31.59000015258789 AB 8.754612896322135 1.2068115006647246
62515.1767 lsst_hardware_i 42.0226913323491 43.279998779296875 31.280000686645508 AB 9.294187828490111 1.169031214014942
62518.1705 lsst_hardware_z 5.599528827796943 97.81999969482422 31.719999313354492 AB 3.6006309139758605 1.1663221661639671
62520.1569 lsst_hardware_r -40.281854163525466 148.4499969482422 31.6299991607666 AB 4.799403068019891 1.1786353310461422
