data/validation/pwv_sim_epoch_fit_seasonal/2664712.ecsv
# %ECSV 0.9
# ---
# datatype:
# - {name: time, datatype: float64}
# - {name: band, datatype: string}
# - {name: flux, datatype: float64}
# - {name: fluxerr, datatype: float64}
# - {name: zp, datatype: float64}
# - {name: zpsys, datatype: string}
# - {name: pwv, datatype: float64}
# - {name: airmass, datatype: float64}
# meta: {SNID: '2664712', alt: 1024.0, c: 0.0030192951671779156, dec: -28.801123, lat: -30.244573, lon: -70.7499537, ra: 13.710938, t0: 61668.08984375,
#   x0: 2.19288738174075e-06, x1: 0.3255739212036133, z: 0.8584189414978027}
# schema: astropy-2.0
time band flux fluxerr zp zpsys pwv airmass
61578.328 lsst_hardware_z 8.865989453077704 62.09000015258789 30.920000076293945 AB 3.0274081776287227 1.5137040888143614
61578.3502 lsst_hardware_i -29.684646048890187 61.689998626708984 31.270000457763672 AB 2.7981165112731166 1.342988486332256
61580.3457 lsst_hardware_r -15.365914077507204 65.91000366210938 31.56999969482422 AB 4.564885258111924 1.3368465222896881
61580.3679 lsst_hardware_z -87.50115268548684 55.84000015258789 30.950000762939453 AB 4.1581466970273375 1.2169591816088983
61582.3514 lsst_hardware_g -20.47085169024199 46.0099983215332 31.6299991607666 AB 6.934504571401608 1.271608417738657
61582.3775 lsst_hardware_r 26.111118660259667 48.34000015258789 31.610000610351562 AB 6.240333069789848 1.1556172351462681
61589.3664 lsst_hardware_u 3.506743879784555 2.6600000858306885 28.389999389648438 AB 7.4277159116198535 1.128317774816904
61589.3852 lsst_hardware_r 40.145535205436246 22.709999084472656 31.489999771118164 AB 6.978491639592872 1.076567758659842
61591.3626 lsst_hardware_i 12.18455334374155 31.09000015258789 31.239999771118164 AB 5.085296239620057 1.123077791435525
61591.3815 lsst_hardware_z -1.433257019672221 41.5099983215332 30.940000534057617 AB 4.423350925723848 1.0725225012361344
61593.3345 lsst_hardware_z -96.08735457487393 43.150001525878906 30.93000030517578 AB 1.8757888118994086 1.2075893638837394
61593.354 lsst_hardware_r -0.6934001673355469 22.799999237060547 31.479999542236328 AB 1.7723683850480718 1.1331071188374144
61598.3823 lsst_hardware_z 6.814085055415304 40.900001525878906 30.950000762939453 AB 8.061569216255176 1.0351934788129256
61598.4006 lsst_hardware_u -1.3334752979127418 2.619999885559082 28.40999984741211 AB 7.926805594282727 1.0133016642846475
61600.3945 lsst_hardware_g 6.654423399764876 13.729999542236328 31.43000030517578 AB 6.049828479418443 1.0138810925789246
61605.4256 lsst_hardware_z 5.854893366663871 61.54999923706055 30.989999771118164 AB 3.087859929845815 1.003774052773934
61607.2234 lsst_hardware_i 92.69594021638373 144.97999572753906 32.38999938964844 AB 9.998943127815492 1.803479844490562
61607.2819 lsst_hardware_z 30.416423606586147 118.73999786376953 32.13999938964844 AB 5.941906752276634 1.2783792496292243
61611.2607 lsst_hardware_y 100.88798741441305 75.86000061035156 30.690000534057617 AB 7.960185122188127 1.339196689466374
61612.2534 lsst_hardware_r 101.33549219713697 40.220001220703125 31.520000457763672 AB 14.405419527870905 1.3694232392298662
61612.2716 lsst_hardware_i 42.004113994787105 41.2599983215332 31.25 AB 13.418457173838439 1.2605013627728994
61617.2591 lsst_hardware_z -26.313103651756002 43.560001373291016 30.93000030517578 AB 4.507866270895012 1.254566428191014
61617.2781 lsst_hardware_r 18.971283355973576 22.770000457763672 31.469999313354492 AB 4.183770797693052 1.16998554152354
61619.262 lsst_hardware_u 3.173687542700723 2.630000114440918 28.31999969482422 AB 1.9041283654713301 1.214367580019981
61619.2806 lsst_hardware_r -21.65403338187495 23.0 31.479999542236328 AB 1.7919354257408273 1.1411784274738592
61622.256 lsst_hardware_i -21.03505731643032 31.34000015258789 31.219999313354492 AB 0.4021495096814733 1.2046415666943782
61622.2758 lsst_hardware_z 19.691296801952102 41.970001220703125 30.940000534057617 AB 0.2705289930276393 1.1299505451902787
61624.2587 lsst_hardware_r 14.69810433213764 22.940000534057617 31.469999313354492 AB 4.9634196413785885 1.1711011953939925
61624.2768 lsst_hardware_u -1.6003938063644416 2.680000066757202 28.420000076293945 AB 4.671461506524197 1.1101601758251383
61626.2607 lsst_hardware_g -20.665825982580643 13.699999809265137 31.389999389648438 AB 3.756500483430024 1.1438795625548184
61626.2786 lsst_hardware_r -38.65323829345715 22.6299991607666 31.489999771118164 AB 3.4981595048833865 1.0902787922341861
61627.2525 lsst_hardware_i -39.713283716246224 34.630001068115234 31.260000228881836 AB 4.780948862606542 1.1635309960103535
61627.2709 lsst_hardware_z -120.28198523913434 41.720001220703125 30.950000762939453 AB 4.735939389787947 1.1036270060676836
61629.2446 lsst_hardware_z 6.134661533613984 48.45000076293945 30.950000762939453 AB 3.1814335563730722 1.172842698426373
61629.2628 lsst_hardware_r -26.39867139399987 45.970001220703125 31.610000610351562 AB 3.1932498243227605 1.1111787122480246
61631.2562 lsst_hardware_r -44.54363159584474 63.65059430179708 31.6299991607666 AB 4.010027373583698 1.1145414819456718
61631.2744 lsst_hardware_z 42.82826239107993 52.161830216840805 30.969999313354492 AB 3.9261532184675256 1.0678567230646034
61649.1537 lsst_hardware_i 335.9939809222105 37.511825846397855 31.200000762939453 AB 1.7686703601679845 1.3605156616676803
61649.1722 lsst_hardware_u 0.3013553261404753 2.671991546794311 28.280000686645508 AB 1.9071053230303585 1.2522031011361514
61653.1553 lsst_hardware_i 456.44707083791377 39.68049097629666 31.219999313354492 AB 2.0023581286496204 1.2839744332475926
61653.173 lsst_hardware_r 296.2164059896904 29.427987483518706 31.469999313354492 AB 2.6209254567354723 1.1975898819901631
61672.17 lsst_hardware_r 386.64242269780016 29.93089509024726 31.489999771118164 AB 3.9029381326603168 1.0525723119364392
61672.1863 lsst_hardware_i 762.09334614433 40.32538821295226 31.25 AB 3.8564247604643493 1.0267371566731494
61674.1681 lsst_hardware_z 606.9403357496027 47.19182357892423 30.950000762939453 AB 3.5322764780740714 1.0461096704481567
61674.1839 lsst_hardware_i 657.9469852746314 39.97916578346964 31.260000228881836 AB 3.449287085672121 1.022920250792444
61678.0914 lsst_hardware_r 519.0832233085903 40.41721151668703 32.209999084472656 AB 4.894700912411264 1.2605462045869853
61678.1116 lsst_hardware_z 1046.0260944971644 68.09401453757341 31.690000534057617 AB 4.472837377206169 1.1698280050231906
61680.0988 lsst_hardware_g 39.653937744843496 14.689271473247137 31.3799991607666 AB 5.420840859055369 1.1996549555301603
61680.1181 lsst_hardware_r 294.19730840739624 27.76452221855401 31.479999542236328 AB 5.1281959639344254 1.1278609942307083
61686.0787 lsst_hardware_z 388.33939871378925 50.43687945370528 30.940000534057617 AB 6.464022070647532 1.2160703735570026
61686.0987 lsst_hardware_r 187.56907445913447 38.05508447678609 31.56999969482422 AB 10.346372768948491 1.1377246073600658
61688.0986 lsst_hardware_z 345.40496909573545 54.22447749253144 30.959999084472656 AB 3.579508215675136 1.1205222149554346
61688.1191 lsst_hardware_i 474.48436276012876 51.90228189429547 31.299999237060547 AB 3.3988891608750014 1.0671551525510208
61689.1033 lsst_hardware_z 370.03552869688053 58.57906289936325 30.969999313354492 AB 4.615823917302622 1.0990056945958624
61689.1232 lsst_hardware_r 161.63160470441366 67.21824734388969 31.639999389648438 AB 4.423852942919592 1.0532983197427601
61692.111 lsst_hardware_y 319.6893223941003 85.4021236382924 30.799999237060547 AB 7.653975154379292 1.0612097267770402
61694.1027 lsst_hardware_r 33.773911924683674 105.44922000368713 31.649999618530273 AB 8.25687436106382 1.0671932740163192
61694.1211 lsst_hardware_i 318.3588117562031 83.70723164559833 31.34000015258789 AB 7.967914776974929 1.033854259371397
61696.1027 lsst_hardware_z 313.7282927479102 53.74130959953917 30.969999313354492 AB 9.16551793593529 1.0559656598328142
61696.1215 lsst_hardware_r 70.73547823899602 62.82297721935582 31.649999618530273 AB 8.783667426791784 1.0257998221122633
61698.1025 lsst_hardware_u 3.5656740281890564 2.6815679889509525 28.420000076293945 AB 3.3510876700327707 1.0462340524610585
61698.1226 lsst_hardware_r 101.85201675124382 24.069938153730853 31.5 AB 3.315127401627567 1.018159521384388
61700.1068 lsst_hardware_i 200.3996880880863 33.02765933670035 31.25 AB 4.503297431791028 1.0308566857710948
61700.1267 lsst_hardware_z 182.67211388834806 43.08600495169876 30.950000762939453 AB 3.7600091004430456 1.009533924135601
61701.9965 lsst_hardware_y 53.089438095072545 83.63165672318492 29.940000534057617 AB 5.2964970303945424 1.4529859489457628
61702.0171 lsst_hardware_z 118.86795124085822 46.966967665638116 30.93000030517578 AB 3.7181485409884534 1.3093224900038571
61704.9988 lsst_hardware_y 68.09379422769136 73.6532591654824 29.950000762939453 AB 6.458531615151163 1.3741556627981197
61705.0172 lsst_hardware_u -1.0900075648219936 2.797742882315257 28.31999969482422 AB 5.4266859313646485 1.2630480464016405
61707.0005 lsst_hardware_z 211.95730441431363 71.93261959700222 30.950000762939453 AB 4.211245203504948 1.3272124814071693
61707.0189 lsst_hardware_r 29.002788807838716 24.483819972663312 31.469999313354492 AB 3.795276331331058 1.227450301206681
61709.0022 lsst_hardware_y 188.49955464980843 77.02921415982658 29.979999542236328 AB 6.030280084686423 1.2850889898106388
61709.0206 lsst_hardware_z 143.65132933459597 45.06305007030004 30.93000030517578 AB 5.531135927926212 1.1954689421140567
61720.0134 lsst_hardware_y -131.1814991932889 63.877885513607886 30.040000915527344 AB 7.218224082675037 1.1139521205805247
61720.0304 lsst_hardware_i 80.5394775402156 66.78500323785707 31.329999923706055 AB 7.1269398148674625 1.0700575268812877
61722.0776 lsst_hardware_z 43.80300881057946 66.44240841220177 30.989999771118164 AB 4.356782170454643 1.0031734217027295
61724.0172 lsst_hardware_y 71.39922348874086 58.01562100500818 30.049999237060547 AB 6.017432855354572 1.075213589806946
61724.0351 lsst_hardware_g 56.693641275004296 53.38229197384906 31.719999313354492 AB 5.805576324046766 1.0401773155841076
61726.0191 lsst_hardware_z 29.51109901209022 49.61617723937203 30.969999313354492 AB 3.7075690828341195 1.0593054522383198
61726.0367 lsst_hardware_i -2.692083866124361 31.092370540468114 31.25 AB 3.6036596153667957 1.0296170329619416
61947.3362 lsst_hardware_i -29.440285688359722 32.86000061035156 31.200000762939453 AB 7.4396819475649405 1.3680496394430963
61947.359 lsst_hardware_z 43.914197946082794 43.61000061035156 30.93000030517578 AB 6.72164273228827 1.2363915630071078
61954.3182 lsst_hardware_z 32.63851623208118 48.790000915527344 30.920000076293945 AB 8.744608891211728 1.3605345230595989
61954.337 lsst_hardware_g 21.35616010907501 13.819999694824219 31.34000015258789 AB 8.214564171248817 1.2506949103606309
61955.3332 lsst_hardware_u -10.051275078911395 11.920000076293945 29.780000686645508 AB 8.774622563240667 1.2561494411968888
61955.3654 lsst_hardware_y -6.163355792182767 69.43000030517578 30.780000686645508 AB 8.164981430761976 1.1250405002772272
61958.4103 lsst_hardware_y 13.979117866017685 72.87000274658203 30.809999465942383 AB 1.6167057630195047 1.0178096194448603
61960.336 lsst_hardware_r -141.5172495195876 87.43000030517578 31.6200008392334 AB 2.5986766295456456 1.1812166497934755
61960.3551 lsst_hardware_i -62.405723188667935 68.05999755859375 31.31999969482422 AB 2.4004875065349287 1.1147774798151966
61962.3733 lsst_hardware_r -1.4839093602747508 74.7300033569336 31.649999618530273 AB 9.92867783281346 1.0567200950231237
61962.3923 lsst_hardware_z 29.63835014720113 57.15999984741211 30.979999542236328 AB 9.381056616443736 1.0260370355948525
61964.3408 lsst_hardware_z 5.395618695263765 54.650001525878906 30.969999313354492 AB 6.8426902980814654 1.1251340583307425
61964.3606 lsst_hardware_r -8.948744967265943 61.58000183105469 31.639999389648438 AB 6.437195752575895 1.0719726482224639
61978.2555 lsst_hardware_u 1.1992464047251008 2.369999885559082 28.06999969482422 AB 2.606840854836656 1.3420030140729247
61978.2736 lsst_hardware_g -22.545603636110744 13.609999656677246 31.329999923706055 AB 2.3767228029168566 1.240137126489359
61979.2582 lsst_hardware_r 6.0826960690552605 23.389999389648438 31.440000534057617 AB 3.328787042215778 1.308485472569095
61979.2767 lsst_hardware_i -12.343949337061105 31.649999618530273 31.219999313354492 AB 3.1235191839539023 1.2127816672311793
61986.2475 lsst_hardware_i 64.62948133052403 87.19999694824219 32.029998779296875 AB 2.0144899212876464 1.2616847106185676
61986.2848 lsst_hardware_r -244.14635292325534 104.04000091552734 32.380001068115234 AB 1.0912436576038218 1.1127569588074322
61992.2595 lsst_hardware_r -65.8196827384768 80.19000244140625 31.6299991607666 AB 4.917839638582122 1.141030078557337
61992.2776 lsst_hardware_z -106.41985123529412 61.310001373291016 30.979999542236328 AB 4.645318434775574 1.0876418718744028
61995.2458 lsst_hardware_z 75.4848229730759 48.79999923706055 30.950000762939453 AB 4.067728463008023 1.1605777968115332
61995.2648 lsst_hardware_r -58.00508866512739 43.380001068115234 31.600000381469727 AB 3.7392225883525465 1.0997713495154549
61997.2608 lsst_hardware_i -11.252583617565623 31.780000686645508 31.25 AB 5.150382610765142 1.0958260873968386
61997.279 lsst_hardware_r 36.77714006269935 25.139999389648438 31.520000457763672 AB 4.955162728511334 1.054289942236454
62009.1547 lsst_hardware_r 51.64419563874668 27.309999465942383 31.459999084472656 AB 2.9149130623622157 1.460011551396051
62009.1694 lsst_hardware_u -6.34370331434498 3.009999990463257 28.389999389648438 AB 3.005825014231533 1.351540024384682
62011.167 lsst_hardware_i 99.13907745261899 39.15999984741211 31.239999771118164 AB 7.161517577611807 1.3318797801026234
62011.1842 lsst_hardware_r 12.048547536441452 36.880001068115234 31.559999465942383 AB 6.6477719086323175 1.2367564246625882
62013.1483 lsst_hardware_z 8.868378200321091 75.38999938964844 31.670000076293945 AB 6.668484902975835 1.423977130680298
62016.1529 lsst_hardware_z -80.97203519658919 70.22000122070312 30.950000762939453 AB 1.8685919055609812 1.3347085039721296
62016.1708 lsst_hardware_r 123.2303758188634 95.48999786376953 31.610000610351562 AB 1.6993856495585093 1.2355424292458113
62017.1541 lsst_hardware_r 184.87538641369235 115.37000274658203 31.59000015258789 AB 1.834835560516229 1.3105968289401637
62027.1779 lsst_hardware_r -12.47126148863326 23.219999313354492 31.5 AB 0.9712600730100585 1.0985033813498648
62027.1989 lsst_hardware_g -22.31326095514161 14.260000228881836 31.459999084472656 AB 0.917078918737637 1.0508925730379057
62030.1565 lsst_hardware_z -94.03864564020881 42.5099983215332 30.940000534057617 AB 0.7263681269280946 1.1385080359374524
62030.1742 lsst_hardware_r -28.98984950011817 23.1299991607666 31.5 AB 0.8974894343833347 1.086768235378271
62031.1634 lsst_hardware_z 8.11262600063948 42.349998474121094 30.950000762939453 AB 2.5017241554632017 1.1085108140299247
62031.1802 lsst_hardware_i 15.978218282824075 30.790000915527344 31.25 AB 1.288869459302165 1.066429946330046
62033.1719 lsst_hardware_u 1.167124973194496 2.700000047683716 28.43000030517578 AB 6.667888835926631 1.0726976891773858
62033.1894 lsst_hardware_g -8.776618571263063 14.029999732971191 31.420000076293945 AB 6.459787681539986 1.0390522247933063
62037.17 lsst_hardware_z -40.99859357565893 41.380001068115234 30.950000762939453 AB 3.907833452424175 1.0538925168349986
62037.1869 lsst_hardware_u 0.6089191597504575 2.759999990463257 28.489999771118164 AB 3.8281453236782244 1.0268630160081074
62039.1727 lsst_hardware_g -21.705273330784102 21.889999389648438 31.579999923706055 AB 3.525240212951502 1.0395616581578973
62039.1901 lsst_hardware_r 0.8622973060589996 26.350000381469727 31.540000915527344 AB 3.437937702222611 1.0168404916364142
62043.0912 lsst_hardware_z 34.478240998440114 56.040000915527344 30.950000762939453 AB 4.881647875337355 1.2652492387319003
62043.1112 lsst_hardware_i -86.6019334169136 55.04999923706055 31.299999237060547 AB 4.528715395439607 1.1740787855180783
62044.0742 lsst_hardware_r -6.880011427404946 80.41000366210938 31.56999969482422 AB 7.760085282354609 1.3491889798355832
62044.0936 lsst_hardware_z -41.994410727399945 61.79999923706055 30.959999084472656 AB 7.812943937288441 1.2391991229937929
62048.1129 lsst_hardware_z 156.2944349088289 110.12000274658203 31.739999771118164 AB 3.9789466034380276 1.1206721879842354
62050.1009 lsst_hardware_g 115.15848258757143 77.6500015258789 31.690000534057617 AB 8.877008255980616 1.1418720221218608
62050.1201 lsst_hardware_r 102.00209080274428 75.47000122070312 31.639999389648438 AB 8.50960431094736 1.0855010176393434
62052.097 lsst_hardware_i 1.6973356579388716 31.3700008392334 31.239999771118164 AB 6.236209878890288 1.1366117640743074
62052.1164 lsst_hardware_z 109.10871709414283 43.790000915527344 30.959999084472656 AB 5.828998475484179 1.0811793883054617
62055.1014 lsst_hardware_r -12.290861318929508 23.15999984741211 31.489999771118164 AB 6.342828128122488 1.0986422854715625
62057.0975 lsst_hardware_g 25.312892175621975 14.0 31.40999984741211 AB 7.88082932168835 1.0944582892817818
62057.117 lsst_hardware_r 5.516656648326733 22.780000686645508 31.5 AB 7.590469543316006 1.050874919467827
62059.1012 lsst_hardware_i 4.023427317477036 30.790000915527344 31.25 AB 8.340867281183398 1.07204497851641
62059.1209 lsst_hardware_z -69.91433653401798 41.09000015258789 30.950000762939453 AB 8.058966559944714 1.0351915940841545
62064.1078 lsst_hardware_r -0.5281403076100946 22.6299991607666 31.510000228881836 AB 2.8233847186377954 1.0343647267181666
62064.1271 lsst_hardware_g -7.5565077281281114 13.920000076293945 31.450000762939453 AB 2.6806553784622196 1.011949935244484
62064.9947 lsst_hardware_y 140.17672760638544 75.29000091552734 29.920000076293945 AB 5.501242334687858 1.5221329955329432
62065.0136 lsst_hardware_u -0.4423048248341095 2.880000114440918 28.34000015258789 AB 5.7527184912329075 1.3710550525282001
62075.0115 lsst_hardware_y -57.62094147388105 100.0199966430664 30.75 AB 5.1318583950372165 1.2270079248529877
62077.0045 lsst_hardware_z -57.56959013753811 86.7300033569336 30.969999313354492 AB 3.6548511451608765 1.23433000512049
62077.0219 lsst_hardware_i 32.04903207539648 78.91000366210938 31.309999465942383 AB 3.293111130270169 1.1606359716647683
62079.0063 lsst_hardware_y -7.333726758899264 68.23999786376953 30.010000228881836 AB 4.881740782589757 1.2012157437476019
62079.0246 lsst_hardware_r 35.05866294372091 23.010000228881836 31.479999542236328 AB 4.58374768138475 1.1322554997245164
62088.0153 lsst_hardware_y 63.61804765560604 59.38999938964844 30.040000915527344 AB 6.60717130298839 1.0881226327573001
62088.0314 lsst_hardware_r 19.564777572049636 22.540000915527344 31.489999771118164 AB 6.384363394288647 1.0526567838893068
62090.0722 lsst_hardware_z 46.752475995991134 40.29999923706055 30.950000762939453 AB 6.006601072556028 1.0023809989246304
62093.0203 lsst_hardware_y -31.78128827825169 58.47999954223633 30.059999465942383 AB 5.860951299235997 1.047970788992013
62093.0367 lsst_hardware_i -46.342452243960146 30.280000686645508 31.260000228881836 AB 5.724580367513012 1.0234649047997042
