data/validation/pwv_sim_epoch_fit_seasonal/26759156.ecsv
# %ECSV 0.9
# ---
# datatype:
# - {name: time, datatype: float64}
# - {name: band, datatype: string}
# - {name: flux, datatype: float64}
# - {name: fluxerr, datatype: float64}
# - {name: zp, datatype: float64}
# - {name: zpsys, datatype: string}
# - {name: pwv, datatype: float64}
# - {name: airmass, datatype: float64}
# meta: {SNID: '26759156', alt: 1024.0, c: -0.0636860579252243, dec: -5.529265, lat: -30.244573, lon: -70.7499537, ra: 206.367188, t0: 62258.9921875,
#   x0: 2.52419716797038e-06, x1: 0.801393985748291, z: 0.8102883100509644}
# schema: astropy-2.0
time band flux fluxerr zp zpsys pwv airmass
[from data line 132]
62597.2594 lsst_hardware_r 35.87145266621855 24.899999618530273 31.510000228881836 AB 16.308074373554284 1.1169913954489237
62599.2416 lsst_hardware_u 4.439692746562971 2.799999952316284 28.43000030517578 AB 10.242211676297522 1.1051951308859997
62599.2598 lsst_hardware_g -27.059606884948092 15.739999771118164 31.440000534057617 AB 9.742607882937685 1.124947506834191
62601.2236 lsst_hardware_r -25.575620004363998 24.920000076293945 31.510000228881836 AB 5.474920078242812 1.0998232378952104
62601.2406 lsst_hardware_i 28.93319372919526 32.400001525878906 31.25 AB 5.329890466259598 1.1086999999153233
62603.223 lsst_hardware_z 74.0085232360862 42.95000076293945 30.950000762939453 AB 7.566125638334561 1.10112798083817
62603.2406 lsst_hardware_r -38.757622804680345 25.15999984741211 31.520000457763672 AB 7.553518942039355 1.1141568103309232
62605.2286 lsst_hardware_z 8.564158994008112 74.18000030517578 31.719999313354492 AB 7.309740304512874 1.1077741895880997
62607.1811 lsst_hardware_r -43.46956757262154 107.05999755859375 31.639999389648438 AB 18.873674380373295 1.1095851994183676
62607.199 lsst_hardware_z 115.8927352374546 75.56999969482422 30.989999771118164 AB 18.774582234836018 1.0998368847417166
62609.2224 lsst_hardware_r 296.9885569125314 172.80999755859375 31.649999618530273 AB 13.223548125371662 1.112196092549215
62609.2409 lsst_hardware_y 201.21795175697883 79.26000213623047 30.040000915527344 AB 13.529991078496804 1.1391358456311413
62613.1912 lsst_hardware_z 25.040999594445022 50.400001525878906 30.959999084472656 AB 10.100813031835814 1.0998870835559225
62615.1135 lsst_hardware_r -14.295084385710858 25.1299991607666 31.479999542236328 AB 10.899241049344376 1.2015479053405773
62617.1854 lsst_hardware_z 52.47358173369417 42.939998626708984 30.940000534057617 AB 7.067654018491873 1.101366753524433
62617.202 lsst_hardware_r -16.135054154014732 25.0 31.510000228881836 AB 7.154295344241783 1.1137401293511155
62619.1833 lsst_hardware_u -0.5240320307866805 2.75 28.389999389648438 AB 2.5204720458787784 1.1029305528405113
62619.2019 lsst_hardware_g -16.946402804912182 15.6899995803833 31.440000534057617 AB 2.5576103905887324 1.1202848841825372
62621.181 lsst_hardware_r -26.9587285240796 24.75 31.5 AB 12.169553424347011 1.1048331877631992
62621.1997 lsst_hardware_z 16.139340040699523 42.900001525878906 30.940000534057617 AB 12.461443376060926 1.1248989762794404
62624.1565 lsst_hardware_i 15.577654213413437 32.290000915527344 31.25 AB 12.481062516151718 1.099483561226394
62624.1731 lsst_hardware_r -6.924676737818005 24.81999969482422 31.510000228881836 AB 12.713370128408744 1.1050299981233156
62626.1521 lsst_hardware_u 0.8309728820053706 2.8499999046325684 28.469999313354492 AB 9.413065892977992 1.0994966731467943
62626.1703 lsst_hardware_g 23.512205466596853 15.539999961853027 31.450000762939453 AB 10.1228840659742 1.1069915321749904
62628.154 lsst_hardware_r -32.0364014732433 24.600000381469727 31.5 AB 6.794182878454749 1.1008667909999594
62628.1727 lsst_hardware_i 59.90491167010435 32.2599983215332 31.239999771118164 AB 7.123259838009217 1.114562190240447
62630.0598 lsst_hardware_z 9.505217483108085 44.79999923706055 30.93000030517578 AB 11.133919051909041 1.2481738814942664
62630.0762 lsst_hardware_g 3.5022621212673872 18.540000915527344 31.469999313354492 AB 10.615930431247822 1.1901156115411278
62635.1029 lsst_hardware_r 9.70588412733225 92.27999877929688 31.639999389648438 AB 6.81948300481865 1.1112682788949457
62635.1212 lsst_hardware_y -51.978228698731996 57.83000183105469 30.040000915527344 AB 6.7337561066869975 1.1001071894603818
62638.094 lsst_hardware_z -64.81355468994514 129.1699981689453 31.739999771118164 AB 9.509441686603354 1.1119878020993577
62643.0798 lsst_hardware_z -20.890601402793592 42.75 30.940000534057617 AB 5.55444854883566 1.112558547588515
62643.0983 lsst_hardware_r -19.56039609545542 24.280000686645508 31.5 AB 5.080411573608654 1.1003707111995724
62645.074 lsst_hardware_u -0.1946280456099986 3.8499999046325684 29.1299991607666 AB 9.237224240387743 1.112918583179246
62645.0923 lsst_hardware_g -31.31723945484567 21.420000076293945 32.18000030517578 AB 9.527226602891908 1.1005228835499623
62647.0779 lsst_hardware_r -12.202857416409687 24.350000381469727 31.5 AB 5.762492857899803 1.1048077056206793
62647.0963 lsst_hardware_z 47.375556098738805 42.560001373291016 30.950000762939453 AB 7.048435075946948 1.0995998558419575
62653.0658 lsst_hardware_g 9.708979947383623 15.109999656677246 31.420000076293945 AB 8.06728734201267 1.1023394227300392
62653.0837 lsst_hardware_r 18.90889997016587 24.25 31.489999771118164 AB 8.078151854893466 1.100265847847108
62656.0376 lsst_hardware_r 10.988688995049051 24.479999542236328 31.5 AB 12.651781412427114 1.1206183713398685
62656.0572 lsst_hardware_i 71.9409468284369 32.06999969482422 31.239999771118164 AB 12.676108908578128 1.1025419806541963
62658.0428 lsst_hardware_z 42.21060528187088 42.790000915527344 30.940000534057617 AB 4.78158424330955 1.10873030838847
62658.0629 lsst_hardware_r -7.638226210196545 24.610000610351562 31.5 AB 4.6531109566910756 1.0995063697286227
62672.9852 lsst_hardware_i -87.36337212980233 32.33000183105469 31.25 AB 6.0713881562395 1.129525563159031
62673.0 lsst_hardware_u -0.21035150130245703 2.819999933242798 28.450000762939453 AB 4.330680605012288 1.1104309243621253
62678.9943 lsst_hardware_i 17.38746845753035 32.15999984741211 31.25 AB 8.44918558017401 1.1025950124199413
62679.0144 lsst_hardware_r 18.324172084756224 24.780000686645508 31.5 AB 9.09887605909951 1.1007592619282807
62680.9985 lsst_hardware_u 4.014920272791855 2.8499999046325684 28.469999313354492 AB 4.316041936919128 1.0996285189602875
62681.0194 lsst_hardware_g -16.67064389870433 15.729999542236328 31.450000762939453 AB 5.11394720564782 1.1064360029527953
62683.0027 lsst_hardware_r -18.306442187794595 24.979999542236328 31.5 AB 8.993725715494396 1.1005201401688112
62683.0231 lsst_hardware_i -29.968900114476384 32.5099983215332 31.239999771118164 AB 9.065441710339432 1.1152319496034977
62686.966 lsst_hardware_y -62.446269593056634 49.5099983215332 30.030000686645508 AB 5.42308195007585 1.1067514183828264
62686.9863 lsst_hardware_z -69.95692113538277 43.150001525878906 30.950000762939453 AB 5.3877566050044825 1.099542164286629
62688.9683 lsst_hardware_y 38.95046363677286 49.11000061035156 30.030000686645508 AB 4.420823100175238 1.1019687418645396
62688.9893 lsst_hardware_z -2.588735690710386 44.349998474121094 30.950000762939453 AB 4.4572544132972665 1.1015766236137823
62695.9608 lsst_hardware_y -54.39089978084587 66.27999877929688 30.040000915527344 AB 9.50023667122368 1.0995008010212926
62695.9808 lsst_hardware_r -1.2559984094998695 81.43000030517578 31.639999389648438 AB 9.58192565333069 1.1083563825642258
