data/validation/pwv_sim_epoch_fit_seasonal/26768777.ecsv
# %ECSV 0.9
# ---
# datatype:
# - {name: time, datatype: float64}
# - {name: band, datatype: string}
# - {name: flux, datatype: float64}
# - {name: fluxerr, datatype: float64}
# - {name: zp, datatype: float64}
# - {name: zpsys, datatype: string}
# - {name: pwv, datatype: float64}
# - {name: airmass, datatype: float64}
# meta: {SNID: '26768777', alt: 1024.0, c: -0.05210151895880699, dec: -42.010422, lat: -30.244573, lon: -70.7499537, ra: 75.352943, t0: 62614.05078125,
#   x0: 0.0006427121080516655, x1: -1.5883548259735107, z: 0.07100316882133484}
# schema: astropy-2.0
time band flux fluxerr zp zpsys pwv airmass
62409.3013 lsst_hardware_z -50.71346244529695 62.869998931884766 31.700000762939453 AB 4.182927325281045 1.1098241775753224
62413.368 lsst_hardware_r 22.700218400895015 21.690000534057617 31.489999771118164 AB 2.4366921131690686 1.0213169877062112
62413.3815 lsst_hardware_y -44.20975774412084 49.22999954223633 30.049999237060547 AB 1.9617600002441313 1.0232155432229137
62414.3899 lsst_hardware_r 2.8624440739666546 32.369998931884766 31.56999969482422 AB 8.202214833285742 1.0284586481032874
62416.3878 lsst_hardware_g -6.470323137552873 35.06999969482422 31.68000030517578 AB 3.992696105681465 1.0307056742643343
62420.384 lsst_hardware_r 27.145318017375978 33.97999954223633 31.579999923706055 AB 4.815604707342506 1.0365055332205135
62423.316 lsst_hardware_r -27.440135407541796 21.34000015258789 31.489999771118164 AB 5.175300993062957 1.0304574884973035
62427.3594 lsst_hardware_g -17.91811908774714 13.020000457763672 31.399999618530273 AB 6.631745246783034 1.0319105674455757
62427.3702 lsst_hardware_r 27.91594548855577 23.440000534057617 31.510000228881836 AB 6.708546748560311 1.0417672077997246
62429.3636 lsst_hardware_i 11.959819081991329 30.770000457763672 31.260000228881836 AB 0.5376278852813773 1.0405701005462684
62429.3745 lsst_hardware_z 57.305284793717504 56.650001525878906 30.979999542236328 AB 0.7178437593010559 1.0535867308749516
62437.3488 lsst_hardware_z -22.724433883158788 46.34000015258789 30.959999084472656 AB 3.53580009199846 1.048576539738474
62437.3587 lsst_hardware_r -35.4400859380819 45.400001525878906 31.610000610351562 AB 3.5490448877233214 1.0623497381495148
62440.3524 lsst_hardware_r 1.3211174923091142 26.81999969482422 31.540000915527344 AB 5.044854730227302 1.065326730065949
62440.3631 lsst_hardware_i -60.599782040591336 38.20000076293945 31.280000686645508 AB 5.043939598529307 1.0843683969750204
62442.3372 lsst_hardware_r -38.04582916335359 22.100000381469727 31.479999542236328 AB 2.7297522693327894 1.0511850084074665
62442.3491 lsst_hardware_i 10.0902852525651 30.700000762939453 31.239999771118164 AB 2.7706847410160202 1.0688682856102436
62451.3394 lsst_hardware_z 26.478665650052786 41.790000915527344 30.93000030517578 AB 2.725033767927828 1.0974763463260118
62451.351 lsst_hardware_r -9.652319701335756 24.139999389648438 31.479999542236328 AB 2.77330731848908 1.125302218903928
62456.2295 lsst_hardware_z -36.92890027167408 45.779998779296875 30.959999084472656 AB 7.632676985759102 1.0281084301936725
62456.2461 lsst_hardware_g 57.1876582594599 36.18000030517578 31.690000534057617 AB 7.846195876120931 1.0217731314129004
62458.3075 lsst_hardware_i -37.09325766132347 43.63999938964844 31.290000915527344 AB 4.930321012042102 1.0724306145683227
62458.3191 lsst_hardware_r -35.129821561147715 40.040000915527344 31.59000015258789 AB 5.020162179573593 1.0949099628296226
62460.3142 lsst_hardware_z 123.29914210938993 84.08999633789062 31.719999313354492 AB 5.260623081041829 1.0961153801309549
62461.3039 lsst_hardware_r -30.38144985978146 85.19000244140625 31.649999618530273 AB 4.449565239942972 1.0807785377564505
62461.3174 lsst_hardware_i -73.74059539993651 67.72000122070312 31.31999969482422 AB 4.626608726503575 1.1095650162488337
62465.1354 lsst_hardware_g -49.46032070337553 40.220001220703125 31.649999618530273 AB 8.7904123279864 1.144162829857006
62465.146 lsst_hardware_i 9.478937625258611 45.380001068115234 31.290000915527344 AB 8.57799518192091 1.1156916410120192
62466.3149 lsst_hardware_r -86.6721740425301 48.959999084472656 31.600000381469727 AB 5.985167200353719 1.1385138292475159
62466.327 lsst_hardware_z 2.779228022056965 48.91999816894531 30.950000762939453 AB 6.120642750338582 1.1758406923037747
62468.2965 lsst_hardware_i -63.71578190149085 35.650001525878906 31.260000228881836 AB 3.88898579312851 1.1053750566697635
62468.308 lsst_hardware_r 50.21525577888531 34.220001220703125 31.559999465942383 AB 3.978017679872936 1.1344965695861216
62473.2954 lsst_hardware_u 1.626027222125824 2.5899999141693115 28.350000381469727 AB 6.984173256571545 1.13742449144835
62473.3079 lsst_hardware_g 25.997736759265138 13.039999961853027 31.350000381469727 AB 7.220321339705176 1.175882960832975
62475.2558 lsst_hardware_g 4.458606110068732 12.600000381469727 31.360000610351562 AB 3.3996203365965263 1.063683259175475
62475.2685 lsst_hardware_r 7.9898575341232165 21.510000228881836 31.469999313354492 AB 3.462853431008485 1.086271793070018
62479.1981 lsst_hardware_i 10.482377965899982 29.360000610351562 31.239999771118164 AB 6.163443969710701 1.0223419398234628
62479.2118 lsst_hardware_z 13.454071986373647 40.36000061035156 30.950000762939453 AB 5.630735431668447 1.0280849197392292
62481.2001 lsst_hardware_r -12.274283886925147 21.280000686645508 31.479999542236328 AB 10.350900530644152 1.0248416366974409
62481.2109 lsst_hardware_u 3.0669273826860386 2.559999942779541 28.389999389648438 AB 9.841625095900731 1.0311305040495293
62483.1984 lsst_hardware_g 8.26944826669586 12.789999961853027 31.399999618530273 AB 11.350359153557308 1.026670811230385
62483.2108 lsst_hardware_r -13.202723944314926 21.530000686645508 31.489999771118164 AB 11.196051670736908 1.0354490458705907
62485.1893 lsst_hardware_i -5.292271746393165 39.45000076293945 31.290000915527344 AB 8.169642236033436 1.024896125671024
62485.2029 lsst_hardware_z 6.759932264303191 44.540000915527344 30.959999084472656 AB 8.237519123711737 1.0333852838094513
62487.1923 lsst_hardware_r 51.69947617336685 79.87000274658203 32.38999938964844 AB 8.743711692841272 1.029580417173012
62487.2058 lsst_hardware_z -71.5870060730849 70.75 31.719999313354492 AB 8.933632202996817 1.0411653128340246
62489.1979 lsst_hardware_r -75.45072777113913 78.01000213623047 31.649999618530273 AB 5.3624131945740325 1.0386905722961066
62489.2104 lsst_hardware_i 3.8154576080947615 62.68000030517578 31.329999923706055 AB 5.425659748183756 1.0532194017633227
62491.1961 lsst_hardware_z -7.446578074316871 61.349998474121094 30.989999771118164 AB 4.914209950962631 1.0424713514982245
62491.2089 lsst_hardware_i -83.12647455542303 69.02999877929688 31.329999923706055 AB 6.246930087237788 1.05880170970132
62493.1809 lsst_hardware_r 44.607865934253255 70.5 31.65999984741211 AB 6.048109006535928 1.033261315733292
62493.1939 lsst_hardware_z 26.554274546904693 54.63999938964844 30.979999542236328 AB 6.160880035700577 1.0461674368653113
62495.1818 lsst_hardware_g -115.18312112085978 51.290000915527344 31.709999084472656 AB 6.971752532543482 1.0389706095216615
62495.1937 lsst_hardware_r -10.839733395058536 49.810001373291016 31.6299991607666 AB 7.098908744942461 1.0527949692802268
62497.1372 lsst_hardware_r -20.277020238253943 21.299999237060547 31.479999542236328 AB 4.9952831830956 1.0214258630192412
62497.1513 lsst_hardware_i 11.53744037868595 32.91999816894531 31.270000457763672 AB 4.980856332306088 1.0229731633407448
62499.1319 lsst_hardware_z -34.46716603332326 40.27000045776367 30.940000534057617 AB 7.323540784606019 1.021414335370435
62499.1445 lsst_hardware_r -2.121794513179713 21.270000457763672 31.479999542236328 AB 7.248523033730458 1.0225990642460085
62501.1752 lsst_hardware_r -7.297810520237718 21.579999923706055 31.489999771118164 AB 6.904211776669992 1.050030307086471
62501.1873 lsst_hardware_i 8.928706128609717 29.950000762939453 31.25 AB 6.979054006628797 1.0677050419381622
62503.1735 lsst_hardware_z -21.574173914399417 40.72999954223633 30.940000534057617 AB 4.958686864859917 1.0550397584808335
62503.1867 lsst_hardware_i 36.80337265975596 29.829999923706055 31.239999771118164 AB 5.17253378347462 1.076116598503735
62505.117 lsst_hardware_z -33.07895149114584 40.22999954223633 30.950000762939453 AB 2.349073509866495 1.0213363086376066
62505.1304 lsst_hardware_r -22.96756749874431 21.280000686645508 31.479999542236328 AB 2.5419705278853764 1.0232689142779108
62507.116 lsst_hardware_u 1.547912932727471 2.5899999141693115 28.43000030517578 AB 8.773055420703395 1.0214490234261613
62507.1288 lsst_hardware_g -7.665470256216672 12.670000076293945 31.389999389648438 AB 8.191248630686404 1.0247173133755563
62509.1131 lsst_hardware_r -16.77204152330376 21.389999389648438 31.489999771118164 AB 6.026300468605912 1.021753216108162
62509.1255 lsst_hardware_i 108.27632674657023 29.6200008392334 31.260000228881836 AB 7.500201869167897 1.02570369847419
62510.1042 lsst_hardware_z -9.874544448465457 40.599998474121094 30.950000762939453 AB 6.6656324882871045 1.0213180860012419
62510.1178 lsst_hardware_r -14.874686525453596 21.510000228881836 31.479999542236328 AB 6.674292198016277 1.0236251981160656
62512.1041 lsst_hardware_z 120.06452866480588 41.52000045776367 30.959999084472656 AB 5.875447919763632 1.0216393531148726
62512.1178 lsst_hardware_r -6.283371972829636 25.920000076293945 31.549999237060547 AB 5.786851259435548 1.025946504642416
62514.0949 lsst_hardware_i 15.591375270327692 37.88999938964844 31.299999237060547 AB 3.1429901846443626 1.0213356319251612
62514.1067 lsst_hardware_z -7.314930519291058 44.25 30.959999084472656 AB 3.3859509068744593 1.023564361207515
62517.0934 lsst_hardware_r -40.2012053315414 60.61000061035156 31.649999618530273 AB 3.849139786720656 1.0221442705226464
62517.1053 lsst_hardware_z -5.060726777859254 50.880001068115234 30.969999313354492 AB 3.880068687616703 1.0265410907114765
62519.0918 lsst_hardware_y 61.73013231711549 51.77000045776367 30.059999465942383 AB 4.03557652154943 1.0231543440576611
62519.1044 lsst_hardware_r 45.03022527171029 78.55999755859375 31.65999984741211 AB 4.029488567290947 1.02924356763498
62521.0969 lsst_hardware_i -121.18913596170812 63.130001068115234 31.329999923706055 AB 7.898889809566479 1.027965878392306
62521.1098 lsst_hardware_z -64.15992603409258 58.189998626708984 30.979999542236328 AB 7.929793462697828 1.0379990133775545
62523.079 lsst_hardware_z 35.5205978023391 48.58000183105469 30.969999313354492 AB 11.044235368117285 1.0226143859367856
62523.0931 lsst_hardware_r 65.96675722123473 56.560001373291016 31.639999389648438 AB 11.54236822174059 1.0289990614084727
62525.0751 lsst_hardware_u 2.5627169624352812 2.5299999713897705 28.3700008392334 AB 13.244506760934573 1.0230578372419739
62525.0878 lsst_hardware_r 15.032989912185363 21.25 31.479999542236328 AB 13.351334891604084 1.0291037588672576
62527.0782 lsst_hardware_i 1.8725940137658212 29.350000381469727 31.239999771118164 AB 12.246603242521582 1.0266531528409084
62527.0937 lsst_hardware_z 13.119504585174896 40.45000076293945 30.940000534057617 AB 14.181951833635619 1.0382735769850981
62529.0681 lsst_hardware_r -6.724540274851092 21.239999771118164 31.469999313354492 AB 11.979699332337864 1.0244604770962513
62529.0813 lsst_hardware_u 1.9198033090009616 2.4700000286102295 28.309999465942383 AB 12.011202445131737 1.032244967783752
62531.0683 lsst_hardware_g -16.194854545696195 12.65999984741211 31.3799991607666 AB 11.34363422847095 1.027216211819249
62531.0815 lsst_hardware_r 24.72735374774236 21.329999923706055 31.469999313354492 AB 11.604468091248659 1.0370623196450912
62533.065 lsst_hardware_i 69.34342596136479 29.489999771118164 31.25 AB 8.331866377645671 1.028498503597787
62533.0768 lsst_hardware_z -14.518816770967508 40.560001373291016 30.950000762939453 AB 8.42201386637823 1.0377796005189568
62535.0639 lsst_hardware_r -10.54134259688871 21.479999542236328 31.489999771118164 AB 8.189924809319404 1.0314766762367007
62535.077 lsst_hardware_g 8.59941880202329 12.779999732971191 31.399999618530273 AB 8.258271286689592 1.0436334243257415
62537.0648 lsst_hardware_r 31.632116948712696 30.399999618530273 32.22999954223633 AB 6.223214955674047 1.0367705049019764
62537.0777 lsst_hardware_i -19.233884831054908 42.2400016784668 32.0 AB 6.249929680581249 1.051070789250578
62539.0624 lsst_hardware_z 73.18489477259952 40.380001068115234 30.940000534057617 AB 6.467186080144316 1.0397265974696452
62539.0756 lsst_hardware_i 7.0195236701414565 29.489999771118164 31.229999542236328 AB 6.4674518872229685 1.0556089096540373
62776.2392 lsst_hardware_g -18.989983742393292 18.479999542236328 32.06999969482422 AB 4.396544178770992 1.3224677932833755
62776.2506 lsst_hardware_r -56.49466432421335 22.510000228881836 31.459999084472656 AB 4.58956154661178 1.265824049262023
62787.3771 lsst_hardware_y -8.070840075909771 62.36000061035156 30.06999969482422 AB 5.819253630995351 1.0346259455943756
62789.3655 lsst_hardware_r -1.335090086678949 57.77000045776367 31.639999389648438 AB 6.063916753684271 1.0299063187394033
62789.3777 lsst_hardware_i -8.888642096321322 55.84000015258789 31.31999969482422 AB 7.255239112342066 1.0403268013108784
62791.3736 lsst_hardware_z -64.31472982867217 52.939998626708984 30.969999313354492 AB 5.101716568401054 1.0417513029559555
62793.3559 lsst_hardware_z 2.8715790594963364 42.83000183105469 30.959999084472656 AB 3.9623523731866475 1.030833553272336
62793.3671 lsst_hardware_r -13.353172562147384 33.099998474121094 31.579999923706055 AB 3.9820782939976436 1.0406581194297293
62799.3536 lsst_hardware_g 3.645828890411332 13.149999618530273 31.399999618530273 AB 3.858975387393422 1.0437656008817218
62799.3648 lsst_hardware_r 0.7224815927071377 23.610000610351562 31.510000228881836 AB 3.871895865105424 1.05818416646767
62801.3549 lsst_hardware_i -2.5800120066914056 30.059999465942383 31.25 AB 3.24003491890196 1.0520163165436687
62801.3657 lsst_hardware_z 40.9765969623538 48.66999816894531 30.969999313354492 AB 3.2804668664733163 1.06809209891686
62803.3593 lsst_hardware_r -17.54333691514302 23.1200008392334 31.510000228881836 AB 3.797265856533481 1.0665478484786484
62803.3701 lsst_hardware_g -32.70215332870175 36.720001220703125 31.670000076293945 AB 3.885188739019998 1.0860572323015276
62812.2661 lsst_hardware_y -72.69137859438942 69.55000305175781 30.809999465942383 AB 5.125006736523129 1.022972451941756
62812.2801 lsst_hardware_g 151.28479522252982 83.27999877929688 32.47999954223633 AB 5.238057602760777 1.0213956976459104
62813.2893 lsst_hardware_z -5.737020403969282 108.70999908447266 32.4900016784668 AB 5.2313944099991465 1.0241737975363365
62813.3023 lsst_hardware_r -21.24599810428747 135.1300048828125 33.15999984741211 AB 6.231740177044904 1.0315742719822718
62819.2504 lsst_hardware_r -45.021536414324345 56.86000061035156 31.649999618530273 AB 5.82397723975324 1.0221090276854985
62819.2615 lsst_hardware_z -90.43748481145566 50.02000045776367 30.979999542236328 AB 5.833438637773093 1.021439089086516
62822.3228 lsst_hardware_g -1.68881364280327 34.40999984741211 31.649999618530273 AB 4.074523938515385 1.0955230055833098
62822.3348 lsst_hardware_i -20.477152094896525 37.36000061035156 31.260000228881836 AB 3.574104386000711 1.1239911062426526
62829.3035 lsst_hardware_i 32.92468470971596 30.309999465942383 31.25 AB 10.196305496192714 1.0951208824494538
62829.316 lsst_hardware_z -92.03698501455693 42.04999923706055 30.940000534057617 AB 10.472695427509528 1.1248061822471926
62833.3079 lsst_hardware_g 12.185397166171569 12.8100004196167 31.350000381469727 AB 3.981515603264496 1.1323455287285524
62833.3203 lsst_hardware_i -33.10276232622846 30.93000030517578 31.229999542236328 AB 4.123446485609297 1.1694679356978461
62840.2842 lsst_hardware_i 46.83706571561897 30.489999771118164 31.239999771118164 AB 3.556985008317026 1.1202514329905437
62840.2958 lsst_hardware_z -90.72314382742533 42.45000076293945 30.940000534057617 AB 3.4858776600777777 1.1525149998879551
62842.2937 lsst_hardware_r -0.8329023761401589 53.84000015258789 31.600000381469727 AB 4.8368492690651825 1.1629371113761209
62842.3062 lsst_hardware_z 4.2487651485421205 52.36000061035156 30.950000762939453 AB 5.01744086301647 1.2063572501742665
62844.1985 lsst_hardware_i -19.21786827748516 68.91999816894531 31.34000015258789 AB 6.19753911960335 1.0222744939551918
62844.2107 lsst_hardware_z -24.878376355134932 61.189998626708984 30.989999771118164 AB 5.6015183571697555 1.027047736921695
62849.2012 lsst_hardware_g 45.580975224057774 55.45000076293945 31.719999313354492 AB 7.824918408755158 1.029594527467784
62849.213 lsst_hardware_r -6.314718941730234 53.150001525878906 31.6299991607666 AB 8.038804520864725 1.0394445800374623
62851.1889 lsst_hardware_i 7.9711264222282265 36.77000045776367 31.280000686645508 AB 10.561676750000027 1.0256535428568354
62851.2032 lsst_hardware_r 63.18340099285739 37.720001220703125 31.600000381469727 AB 10.655529248876977 1.0353672294565903
62853.1888 lsst_hardware_u -4.163540123361148 2.619999885559082 28.450000762939453 AB 3.4157550066074442 1.0286353161836674
62853.2022 lsst_hardware_g -6.102546494643258 16.729999542236328 31.5 AB 3.435771777805185 1.0395678601528549
62858.1781 lsst_hardware_i -29.494492078696428 29.489999771118164 31.25 AB 6.048250753454464 1.0306151263288068
62858.1909 lsst_hardware_z -8.223002208971598 40.61000061035156 30.950000762939453 AB 6.10420606988028 1.0420142088362712
62860.1356 lsst_hardware_z -33.68534502698158 40.290000915527344 30.950000762939453 AB 6.473208273767879 1.0228257197341595
62860.149 lsst_hardware_i 22.84972837582934 29.350000381469727 31.25 AB 6.483133113063455 1.0214081867050226
62866.1725 lsst_hardware_z -90.80097695297718 40.97999954223633 30.950000762939453 AB 6.900756317392912 1.0458860741729672
62866.1852 lsst_hardware_g -8.098488499727909 12.800000190734863 31.389999389648438 AB 6.988891092083924 1.0632322050864116
62868.1736 lsst_hardware_r 38.27042664408287 34.52000045776367 31.579999923706055 AB 4.872664339286539 1.0542328730606965
62868.1864 lsst_hardware_i 53.92220879190941 35.86000061035156 31.270000457763672 AB 5.176938364526049 1.0743507950731979
62872.1147 lsst_hardware_z 53.99981115088225 55.029998779296875 30.979999542236328 AB 8.780900537624484 1.0213318450275641
62872.1265 lsst_hardware_i -89.36359496036822 57.79999923706055 31.329999923706055 AB 8.100380079757025 1.0235614577388388
62874.1151 lsst_hardware_z -130.63718037746307 85.12000274658203 31.739999771118164 AB 5.980600523313346 1.021975482452725
62879.0982 lsst_hardware_r -39.892581831111954 35.150001525878906 31.600000381469727 AB 3.1911891149927487 1.0215073991654124
62879.1106 lsst_hardware_i -18.081320524210142 39.189998626708984 31.299999237060547 AB 3.361397650043443 1.024816356720562
62881.094 lsst_hardware_z 4.847809038157837 40.400001525878906 30.950000762939453 AB 5.534570453391385 1.0216568283522793
62881.1062 lsst_hardware_u 0.90013401364524 2.640000104904175 28.459999084472656 AB 5.557508825560317 1.025291811925956
62883.0923 lsst_hardware_g 10.594086652539591 12.789999961853027 31.40999984741211 AB 2.0150581242401673 1.0223531832775887
62883.1058 lsst_hardware_r -29.24781143958983 21.530000686645508 31.5 AB 2.1345963466557567 1.0279780142815877
62887.0878 lsst_hardware_z 24.5099559345863 113.80000305175781 33.209999084472656 AB 12.902532767752195 1.0244170518262958
62887.112 lsst_hardware_i -60.2820953802892 58.91999816894531 32.7400016784668 AB 13.143092346772837 1.0423304705593326
62889.0775 lsst_hardware_u 1.2717536708420294 2.5399999618530273 28.3799991607666 AB 7.2800099857997616 1.022760604917078
62889.091 lsst_hardware_g -12.108268333131377 12.619999885559082 31.3799991607666 AB 8.653754903353807 1.0289635445219643
62891.079 lsst_hardware_r -0.8843510861530479 21.469999313354492 31.5 AB 7.182103443783068 1.0253434218713557
62891.0915 lsst_hardware_i 18.037073023528038 29.670000076293945 31.260000228881836 AB 8.16599493952034 1.0332887570437412
62895.0757 lsst_hardware_g 19.27801853305965 18.520000457763672 31.540000915527344 AB 13.02885735339365 1.029677873029003
62895.0892 lsst_hardware_r -27.453065446203876 24.399999618530273 31.520000457763672 AB 11.868879550704131 1.0413124715480024
62897.0641 lsst_hardware_i 45.59208554000003 35.95000076293945 31.280000686645508 AB 9.278698900281132 1.026064237562881
62897.0763 lsst_hardware_z 17.638179750866968 43.47999954223633 30.959999084472656 AB 9.372525562981503 1.0342667802892853
