data/validation/pwv_sim_epoch_fit_seasonal/26790315.ecsv
# %ECSV 0.9
# ---
# datatype:
# - {name: time, datatype: float64}
# - {name: band, datatype: string}
# - {name: flux, datatype: float64}
# - {name: fluxerr, datatype: float64}
# - {name: zp, datatype: float64}
# - {name: zpsys, datatype: string}
# - {name: pwv, datatype: float64}
# - {name: airmass, datatype: float64}
# meta: {SNID: '26790315', alt: 1024.0, c: -0.030673248693346977, dec: -27.447618, lat: -30.244573, lon: -70.7499537, ra: 187.382812,
#   t0: 60780.75, x0: 2.303074436995364e-06, x1: 1.1420365571975708, z: 0.841140866279602}
# schema: astropy-2.0
time band flux fluxerr zp zpsys pwv airmass
60679.2438 lsst_hardware_r -20.4836524228664 26.030000686645508 31.360000610351562 AB 4.855315585094521 1.8609871924471144
60679.2675 lsst_hardware_i 47.23845396088548 35.119998931884766 31.18000030517578 AB 4.075680058197014 1.5661637216076647
60681.2507 lsst_hardware_z -4.080681352507567 49.689998626708984 30.8799991607666 AB 12.67704315267581 1.6917762214425012
60681.2716 lsst_hardware_r -31.51631650675914 25.3799991607666 31.43000030517578 AB 11.147320062199157 1.4773794038963388
60685.2892 lsst_hardware_i -48.25572527763882 33.27000045776367 31.229999542236328 AB 8.544452761923756 1.2799719514528902
60685.3062 lsst_hardware_u 0.792561894605312 2.759999990463257 28.389999389648438 AB 8.570871065697654 1.1971883690882523
60687.2833 lsst_hardware_g -3.585391356034844 68.80000305175781 31.6200008392334 AB 7.456878465674419 1.2824074062813415
60687.3007 lsst_hardware_r 76.25493603065398 58.06999969482422 31.600000381469727 AB 8.197913818008114 1.1973583960089749
60689.2861 lsst_hardware_i 54.32456189153963 66.08999633789062 31.280000686645508 AB 8.698616613934309 1.2392515744466017
60689.305 lsst_hardware_r 198.82353787571753 81.2699966430664 31.6200008392334 AB 9.729085575260228 1.1585922803183821
60691.2977 lsst_hardware_z -89.5669932702812 84.4800033569336 31.719999313354492 AB 6.782703174519523 1.1654629794268694
60693.2992 lsst_hardware_r 52.35631404206612 72.27999877929688 31.6200008392334 AB 8.237048969046965 1.1404706083831035
60693.3167 lsst_hardware_i 112.32197608578585 60.70000076293945 31.31999969482422 AB 7.867161008145725 1.0886543981382062
60698.2924 lsst_hardware_z -27.57517967262022 43.97999954223633 30.940000534057617 AB 10.07693486562338 1.1184064001209808
60698.3105 lsst_hardware_g -44.68334793561495 23.65999984741211 31.59000015258789 AB 9.643852541742195 1.0708550139346744
60700.2956 lsst_hardware_r 0.18529533237086718 24.139999389648438 31.510000228881836 AB 10.719381314677342 1.0938144198650348
60700.3127 lsst_hardware_z -21.86405821563956 41.709999084472656 30.950000762939453 AB 10.338408759869488 1.0549396693744375
60702.3045 lsst_hardware_u 0.00242920503321099 2.799999952316284 28.5 AB 12.520778846836029 1.0603640622320532
60702.3235 lsst_hardware_g -5.919601223708116 14.520000457763672 31.459999084472656 AB 12.18791311635753 1.0285158747981038
60704.3046 lsst_hardware_r 4.637430988610833 23.280000686645508 31.510000228881836 AB 11.623386225559706 1.0496578521298354
60704.3224 lsst_hardware_i 44.869735088563445 30.729999542236328 31.270000457763672 AB 11.33422862557956 1.0230217638732961
60706.3091 lsst_hardware_z -26.11587558555016 41.130001068115234 30.950000762939453 AB 11.078239001692177 1.0333696191121848
60706.3274 lsst_hardware_r 68.70268547292953 23.010000228881836 31.510000228881836 AB 10.865611328638673 1.0124262227062055
60708.1999 lsst_hardware_r 12.872513847339352 24.690000534057617 31.440000534057617 AB 12.792635394238209 1.4603742910905697
60708.2181 lsst_hardware_i -12.935176283940175 33.20000076293945 31.219999313354492 AB 13.734857626187402 1.3288261310639127
60710.2022 lsst_hardware_z -0.10833372755000996 46.02000045776367 30.920000076293945 AB 12.705773879431959 1.39969968377106
60710.22 lsst_hardware_i 13.051398019346959 32.720001220703125 31.219999313354492 AB 9.644394590685305 1.2852338207203167
60712.2191 lsst_hardware_g 22.90404407492207 14.4399995803833 31.389999389648438 AB 5.439312511910196 1.2605590989363067
60712.238 lsst_hardware_r 9.252893339466286 23.6299991607666 31.489999771118164 AB 5.066612244472717 1.1745942377356406
60715.1952 lsst_hardware_r 39.3426792048666 56.81999969482422 31.559999465942383 AB 7.670629788694656 1.3532425384348112
60715.2154 lsst_hardware_i -50.23287122435128 48.290000915527344 31.280000686645508 AB 6.599868510848157 1.2378621777145655
60717.2159 lsst_hardware_z -6.511757781087637 84.83999633789062 31.709999084472656 AB 4.504366253520052 1.2100108581012388
60719.2247 lsst_hardware_r -81.45645017548686 102.4800033569336 31.639999389648438 AB 5.663113709833346 1.152757574263798
60719.2433 lsst_hardware_i -107.03621582135243 78.81999969482422 31.329999923706055 AB 5.382383161034974 1.094944699471401
60721.211 lsst_hardware_z 63.09414401142163 74.87000274658203 30.979999542236328 AB 3.8046002456405077 1.1843113605106639
60721.231 lsst_hardware_r 150.6529559857839 102.76000213623047 31.639999389648438 AB 3.5760476970822865 1.1142071030011798
60723.2241 lsst_hardware_z -53.43845503879807 93.51000213623047 31.729999542236328 AB 5.086028555850133 1.1185459766549666
60725.2126 lsst_hardware_r 7.417368852452536 54.43000030517578 31.6200008392334 AB 2.9789837892966053 1.137885328226358
60725.2325 lsst_hardware_z 70.26661220521315 51.34000015258789 30.969999313354492 AB 2.811529510551418 1.0808032459833745
60728.2179 lsst_hardware_r -26.183365264565584 25.0 31.510000228881836 AB 8.887007972178274 1.0971614780467005
60728.2379 lsst_hardware_y 23.170905552486605 47.29999923706055 30.040000915527344 AB 8.519761035429703 1.0518223500530497
60730.2153 lsst_hardware_g 4.4042211357044545 20.299999237060547 32.18000030517578 AB 9.211239821058685 1.0896362241744466
60730.2355 lsst_hardware_r -18.458158912676843 32.68000030517578 32.25 AB 8.72035502109197 1.0462961210740664
60732.2119 lsst_hardware_i 0.27441986335659185 30.969999313354492 31.239999771118164 AB 5.974546638340352 1.084440943551613
60732.2308 lsst_hardware_z 17.327199466074603 41.189998626708984 30.950000762939453 AB 5.7555606562199095 1.0449772728937312
60734.2162 lsst_hardware_r 26.210793562053276 23.030000686645508 31.5 AB 5.609459085434203 1.062280193558326
60734.2347 lsst_hardware_u -2.1146849383967337 2.740000009536743 28.479999542236328 AB 5.457512432660815 1.0304646315248416
60737.215 lsst_hardware_g -0.27168295945679616 14.170000076293945 31.420000076293945 AB 5.454595759396123 1.0487590385303063
60737.2356 lsst_hardware_i -48.229015590308265 30.450000762939453 31.25 AB 5.324533012334447 1.0192932304062114
60739.0942 lsst_hardware_r 29.670986178079634 25.75 31.399999618530273 AB 17.281484943464573 1.6695473812640793
60739.1142 lsst_hardware_z 15.959060460149923 46.58000183105469 30.90999984741211 AB 15.207567548596248 1.469282878032551
60741.0906 lsst_hardware_g -40.465727025989636 30.600000381469727 31.40999984741211 AB 12.02378840429212 1.6479220253495528
60741.1112 lsst_hardware_r -22.151454908436538 32.970001220703125 31.479999542236328 AB 10.542613592324306 1.4488909605100266
60743.0906 lsst_hardware_i -3.893671766777062 46.689998626708984 31.200000762939453 AB 16.245015233511534 1.5883273675550864
60743.1092 lsst_hardware_z 94.65717304518026 51.43000030517578 30.920000076293945 AB 14.535824756194081 1.4215270408482794
60750.0881 lsst_hardware_r -210.9215929743204 144.60272270787468 31.559999465942383 AB 10.66550928566424 1.4370612437315624
60750.1096 lsst_hardware_z -80.30197658466841 97.4122585705658 30.959999084472656 AB 9.401039237683671 1.2919578883428495
60752.1658 lsst_hardware_r 57.22500393262476 85.05281843898523 31.65999984741211 AB 6.510593410523503 1.0649099833201396
60752.1834 lsst_hardware_z 165.79580033099404 63.718951687006815 30.989999771118164 AB 7.087422508638663 1.0335286195608695
60754.1658 lsst_hardware_g 54.55954825454822 49.79746230120191 31.709999084472656 AB 4.89150417898126 1.0539195645529245
60754.1828 lsst_hardware_i 232.04710612316765 47.453080987179575 31.309999465942383 AB 5.309219425434808 1.0268455653996178
60756.1694 lsst_hardware_z 133.03581226022433 44.67285439475734 30.959999084472656 AB 4.910643585049282 1.038191032779975
60756.1866 lsst_hardware_r 104.12847117009126 32.741809157187184 31.59000015258789 AB 4.816580945756553 1.0163349982253747
60758.0777 lsst_hardware_r 206.77004381353888 27.774326742424744 31.450000762939453 AB 5.613587357514992 1.3538950515562658
60758.095 lsst_hardware_i 266.36889661370077 36.952033988951314 31.229999542236328 AB 6.888987525529624 1.25284690692221
60760.0675 lsst_hardware_z 318.6784592403544 48.523652499724655 30.920000076293945 AB 9.570463574582153 1.3865548231876397
60760.0842 lsst_hardware_u 0.9367856449494281 2.9520713878662717 28.3700008392334 AB 10.410041435443967 1.281262151278258
60764.0663 lsst_hardware_i 473.9552121657398 39.855291328609134 31.219999313354492 AB 6.554615491080601 1.3220281345462677
60764.0843 lsst_hardware_z 409.0771663498929 47.64135269643303 30.940000534057617 AB 7.301479959228237 1.2250120170955254
60767.0688 lsst_hardware_i 715.2123316568196 41.17166377057175 31.219999313354492 AB 11.042359844811232 1.2612632604010543
60767.0862 lsst_hardware_u -8.829156575592327 2.7597108144435984 28.3799991607666 AB 10.219634213352691 1.1810964881754682
60769.0646 lsst_hardware_g 135.780649779694 21.36438942426102 31.469999313354492 AB 6.145628366171905 1.2547220020766936
60769.0824 lsst_hardware_r 492.128274845218 34.41527872316588 31.5 AB 5.741700467116209 1.1744921179154935
60771.0647 lsst_hardware_i 882.6403687644655 47.70790690470452 31.25 AB 9.692655490685299 1.227306804771801
60771.0825 lsst_hardware_r 577.5149630615152 44.45490463769073 31.56999969482422 AB 9.111629340417961 1.1535654971832328
60773.0717 lsst_hardware_z 1107.4819031155034 80.71895548934364 31.709999084472656 AB 8.860463159557957 1.1736230950008333
60775.0828 lsst_hardware_i 868.698612904568 79.20253309353936 31.31999969482422 AB 6.277214205781483 1.1164950341556286
60775.1017 lsst_hardware_z 617.8565161771771 70.13558874313826 30.989999771118164 AB 5.391549927677494 1.0677041245648218
60778.0806 lsst_hardware_r 789.1182653413688 151.27493087735175 31.649999618530273 AB 8.361546014782634 1.0992873502058769
60778.0974 lsst_hardware_z 460.19546503360874 100.3225666217874 31.0 AB 7.622146625989729 1.0595512251593706
60780.0655 lsst_hardware_z 1453.7568151635198 110.47208379106242 31.739999771118164 AB 12.293326546848448 1.1278281235640777
60782.0767 lsst_hardware_z 648.3325968481178 58.28189259194813 30.969999313354492 AB 15.812975508012507 1.081216773006291
60782.0959 lsst_hardware_r 739.1228464777844 64.89223302152645 31.649999618530273 AB 14.844155823799122 1.0422436948428382
60790.0722 lsst_hardware_r 327.43113130457255 30.000070228264374 31.510000228881836 AB 14.309810697430315 1.0453892462600223
60790.0904 lsst_hardware_i 676.6563367457301 40.135892109889156 31.260000228881836 AB 13.725133021765767 1.0198241254562799
60793.9621 lsst_hardware_y 438.9854953471827 115.51377922079817 30.68000030517578 AB 15.797526165517507 1.4858354350918843
60794.0004 lsst_hardware_i 1204.8079483628935 56.67993882779827 31.969999313354492 AB 10.555385529269643 1.234475823550628
60794.9611 lsst_hardware_y 299.494477531023 78.97517894100345 29.940000534057617 AB 16.728464987375546 1.4709575719828345
60794.9784 lsst_hardware_i 547.3944416885643 40.69201067011927 31.219999313354492 AB 15.002217844711511 1.3425804619026758
60799.9589 lsst_hardware_y 122.71613130790094 82.2243032274928 29.940000534057617 AB 14.258370342532746 1.3821607544137777
60799.978 lsst_hardware_i 527.4613945103872 45.17039219767816 31.239999771118164 AB 13.132105300438203 1.2649221278145018
60801.967 lsst_hardware_z 928.029106876155 99.92517684989163 31.700000762939453 AB 5.438493609325214 1.2954963338082317
60803.9575 lsst_hardware_y 232.27017459854073 78.79010501741442 29.969999313354492 AB 12.260433823708532 1.3194612380228725
60803.9762 lsst_hardware_r 195.26304024804494 98.84169898540746 31.610000610351562 AB 10.710332530394394 1.2198093311257425
60805.9584 lsst_hardware_y 174.35714236056847 83.20519206381579 30.0 AB 9.645005426012897 1.2823673493119936
60805.9758 lsst_hardware_z 287.74972902239136 87.57194206459928 30.979999542236328 AB 8.984259513366545 1.1973292111590967
60807.9581 lsst_hardware_y 63.3762206407169 76.68615069772535 30.0 AB 10.102456440518024 1.254781680566116
60807.9759 lsst_hardware_z 258.9090209687293 77.81952782082287 30.979999542236328 AB 9.11069546917255 1.1745379947795713
60813.9568 lsst_hardware_z 199.8297378854518 58.33457453525055 30.959999084472656 AB 10.62502038868854 1.1854312605922726
60813.9773 lsst_hardware_g -8.602425792868173 14.396778797784338 31.420000076293945 AB 10.641508276087103 1.1135361561332608
60817.9558 lsst_hardware_y 76.75805364482184 63.35008200889781 30.030000686645508 AB 2.979666660485408 1.1477546279916828
60817.9752 lsst_hardware_i 200.12961571872285 33.61736653718293 31.239999771118164 AB 2.124455500402932 1.0891850809552783
60822.959 lsst_hardware_y 96.7810709248788 52.66704279243918 30.030000686645508 AB 7.073426508645437 1.0958482526271764
60822.9791 lsst_hardware_g 36.18177794129365 14.514108123782297 31.420000076293945 AB 6.750419393472686 1.0507307017623975
60825.9569 lsst_hardware_y 100.58401808075573 55.73558281163098 30.040000915527344 AB 10.358778742039885 1.0803899397204602
60825.9775 lsst_hardware_u -0.6407686750992141 2.93419925459911 28.510000228881836 AB 9.457546551625654 1.039405050184158
60829.9569 lsst_hardware_y 213.6981035444956 56.99869107760993 30.049999237060547 AB 12.256494447790274 1.0565943489474374
60829.9776 lsst_hardware_z 119.71030668204021 49.735334167989436 30.969999313354492 AB 11.058623599043779 1.0239466295410906
61048.2616 lsst_hardware_z 65.47328520634734 89.38999938964844 31.68000030517578 AB 13.565707190579909 1.5242367629865066
61056.2924 lsst_hardware_g -5.075920284529653 14.65999984741211 31.389999389648438 AB 6.908594304320298 1.1892403157585398
61056.3094 lsst_hardware_r -14.751205457937122 23.799999237060547 31.489999771118164 AB 6.596071487136359 1.1271482377198152
61058.289 lsst_hardware_i 35.403806964942994 31.65999984741211 31.219999313354492 AB 8.699890428663247 1.180820308826396
61058.3065 lsst_hardware_z -60.32351444457943 42.060001373291016 30.940000534057617 AB 8.111894688342254 1.1191521661562767
61060.2921 lsst_hardware_r 8.060894685473349 23.93000030517578 31.479999542236328 AB 12.46663940704361 1.1485491311738436
61060.3106 lsst_hardware_u -1.9147566560481848 2.740000009536743 28.43000030517578 AB 11.72772375360715 1.0920939358498174
61062.2938 lsst_hardware_g 8.263990302317223 14.710000038146973 31.420000076293945 AB 10.623677124114131 1.1246746902513372
61062.3118 lsst_hardware_i 2.9631381991797046 31.389999389648438 31.25 AB 10.115238769511844 1.075688708407704
61064.2952 lsst_hardware_z -12.664690029281246 42.209999084472656 30.940000534057617 AB 8.755220763089424 1.104237208020107
61064.3138 lsst_hardware_r -15.720907075881932 23.25 31.489999771118164 AB 8.37763583334419 1.0595214156246604
61068.3014 lsst_hardware_i -15.92837466109129 30.690000534057617 31.25 AB 12.431825837779163 1.0625492169042021
61068.3195 lsst_hardware_z -15.944261451429922 40.93000030517578 30.950000762939453 AB 12.065067961379096 1.0312023898614613
61070.312 lsst_hardware_r -17.235676476601967 22.979999542236328 31.5 AB 11.512008232716749 1.0341365642038043
61070.332 lsst_hardware_g 10.022112568950421 14.260000228881836 31.43000030517578 AB 11.26053341812766 1.011455440413874
61073.1949 lsst_hardware_i 92.8290953497323 78.30999755859375 31.239999771118164 AB 13.219470557803565 1.509905072182516
61073.2131 lsst_hardware_z 28.374710764332914 68.77999877929688 30.950000762939453 AB 14.106934000865408 1.3660574721829624
61075.1939 lsst_hardware_i -54.924305732350945 83.26000213623047 31.239999771118164 AB 13.02609776680315 1.470712178706464
61075.2126 lsst_hardware_z -15.951501650425879 72.77999877929688 30.950000762939453 AB 10.072781754696559 1.3334368221732271
61077.2206 lsst_hardware_r 67.47278218795978 89.05000305175781 31.59000015258789 AB 5.463729187269323 1.256366654796909
61077.2397 lsst_hardware_z 35.22023928481225 68.44000244140625 30.969999313354492 AB 5.039737416277534 1.1706707122595899
61081.1978 lsst_hardware_u 6.88483683826859 3.369999885559082 28.43000030517578 AB 4.306608151461346 1.3235490912650758
61081.2173 lsst_hardware_g 28.353332560448003 24.639999389648438 31.540000915527344 AB 5.294929940951051 1.2191871841931963
