data/validation/pwv_sim_epoch_fit_seasonal/26802193.ecsv
# %ECSV 0.9
# ---
# datatype:
# - {name: time, datatype: float64}
# - {name: band, datatype: string}
# - {name: flux, datatype: float64}
# - {name: fluxerr, datatype: float64}
# - {name: zp, datatype: float64}
# - {name: zpsys, datatype: string}
# - {name: pwv, datatype: float64}
# - {name: airmass, datatype: float64}
# meta: {SNID: '26802193', alt: 1024.0, c: -0.062234729528427124, dec: -34.953865, lat: -30.244573, lon: -70.7499537, ra: 73.300781, t0: 60538.30078125,
#   x0: 7.369965869043138e-06, x1: -1.335184097290039, z: 0.5225289463996887}
# schema: astropy-2.0
time band flux fluxerr zp zpsys pwv airmass
[from data line 132]
60950.2764 lsst_hardware_z 55.89372389685567 64.30000305175781 31.700000762939453 AB 4.119736360953124 1.138048718495338
60950.2959 lsst_hardware_r 4.6745403525889415 45.279998779296875 32.310001373291016 AB 3.4468324890951787 1.0843358203995843
60952.278 lsst_hardware_i -64.21819174407916 47.54999923706055 31.299999237060547 AB 3.0353823494856136 1.1166678375739048
60952.2982 lsst_hardware_z 131.052020090596 48.790000915527344 30.969999313354492 AB 2.8369598189842344 1.0673287505584026
60955.2719 lsst_hardware_r -74.2913995687988 87.05999755859375 31.639999389648438 AB 4.887404949155075 1.1107738520806987
60955.2915 lsst_hardware_z -106.98303491609315 60.209999084472656 30.979999542236328 AB 4.68302424572314 1.0643236922098045
60957.31 lsst_hardware_i 85.2759624986512 56.13999938964844 31.31999969482422 AB 2.772555363691101 1.0266188707816568
60957.33 lsst_hardware_r 51.375929391268606 68.19000244140625 31.649999618530273 AB 2.7249866011180193 1.0091297127951788
60959.2684 lsst_hardware_i 24.53376704193152 45.81999969482422 31.299999237060547 AB 4.594209394618069 1.091369152438223
60959.2874 lsst_hardware_z -79.17465372704241 48.220001220703125 30.969999313354492 AB 4.3715726143563955 1.0515960984718897
60963.1941 lsst_hardware_z 24.36059263670938 45.18000030517578 30.90999984741211 AB 8.980077358185943 1.3524212888835936
60963.2133 lsst_hardware_r -15.118163645818884 22.530000686645508 31.450000762939453 AB 7.872933607191363 1.2468352859406688
60965.2135 lsst_hardware_g -4.665618124453196 12.989999771118164 31.34000015258789 AB 6.391810347804149 1.2208595831925368
60965.2341 lsst_hardware_i 7.976163013618222 30.489999771118164 31.229999542236328 AB 5.9639067211963965 1.142401440704291
60968.1925 lsst_hardware_r -50.10241584252882 22.610000610351562 31.43000030517578 AB 2.947445136688092 1.2827992760869091
60968.2111 lsst_hardware_z 20.914084369098717 43.040000915527344 30.93000030517578 AB 1.319310884337794 1.1963825747792283
60974.1925 lsst_hardware_i 40.56495162089252 31.34000015258789 31.219999313354492 AB 1.5655723971863975 1.20552289311106
60974.2111 lsst_hardware_z -91.10845005027281 42.25 30.940000534057617 AB 1.2854780128769936 1.137339538046444
60976.1906 lsst_hardware_r -23.84080598045505 23.559999465942383 31.479999542236328 AB 2.4967298175282204 1.1909984818865735
60976.2082 lsst_hardware_z 1.8839140295532302 42.02000045776367 30.940000534057617 AB 2.3249435028321597 1.129344318085797
60981.1654 lsst_hardware_y 54.17741202100184 72.38999938964844 30.729999542236328 AB 4.839707848670051 1.2409507304282184
60991.1993 lsst_hardware_z -21.546811464410556 40.70000076293945 30.940000534057617 AB 3.562891891954089 1.0528899624067372
60991.217 lsst_hardware_r -1.3440100847242884 21.489999771118164 31.479999542236328 AB 7.1005141795491635 1.02682779169193
60995.1316 lsst_hardware_i 10.124157689769314 31.1200008392334 31.219999313354492 AB 7.126620275378364 1.2208343084159938
60995.1488 lsst_hardware_u 1.031127184466074 2.490000009536743 28.270000457763672 AB 6.745619008584941 1.1537546764969564
60997.1305 lsst_hardware_g -14.924579811476182 12.989999771118164 31.329999923706055 AB 5.6068290572818285 1.202214753638559
60997.1496 lsst_hardware_r 16.890440804599933 21.969999313354492 31.459999084472656 AB 5.344727147532829 1.1332578102375468
60999.1105 lsst_hardware_r 8.068455481568932 22.690000534057617 31.440000534057617 AB 7.346218313416508 1.269105694638768
60999.1281 lsst_hardware_u -1.0775587618994076 2.559999942779541 28.309999465942383 AB 6.420706464108749 1.1898276232210911
61004.1134 lsst_hardware_i -20.011516793066342 31.31999969482422 31.219999313354492 AB 6.16675890557694 1.1940091786780214
61004.1302 lsst_hardware_z 53.231991936309846 42.029998779296875 30.93000030517578 AB 8.723286298037955 1.1341585921152029
61006.1156 lsst_hardware_r -29.700476210447356 25.760000228881836 31.5 AB 4.45457699200601 1.1648744558406932
61006.1323 lsst_hardware_z 45.806456749652845 42.209999084472656 30.940000534057617 AB 4.002399520043735 1.111777644456593
61009.141 lsst_hardware_z -79.1514051547961 64.44999694824219 31.709999084472656 AB 5.638350508762045 1.0706067613713177
61011.134 lsst_hardware_r 83.64282232351215 60.619998931884766 31.639999389648438 AB 6.941083468332944 1.0738892965626896
61011.1504 lsst_hardware_z 43.738303252372795 51.119998931884766 30.969999313354492 AB 6.747350856125954 1.0433509905870064
61013.1471 lsst_hardware_r 82.39502361214944 86.13999938964844 31.649999618530273 AB 3.342213579824823 1.0400270455591596
61013.1679 lsst_hardware_y 12.66538153602638 52.9900016784668 30.059999465942383 AB 3.776184378208327 1.015694906049273
61017.0452 lsst_hardware_y 22.171697868078354 51.27000045776367 29.950000762939453 AB 4.0137416748849715 1.3617444189598393
61017.0685 lsst_hardware_r 44.49421216361312 22.6200008392334 31.459999084472656 AB 3.670129403925104 1.2344868496216292
61020.0459 lsst_hardware_y -5.27936320121156 50.849998474121094 29.969999313354492 AB 13.172607412808622 1.3081040131885424
61020.0681 lsst_hardware_z -33.19958452168602 42.79999923706055 30.940000534057617 AB 12.110570175424716 1.2005720218846787
61024.0459 lsst_hardware_y -19.67925370169183 50.81999969482422 29.989999771118164 AB 9.612075902768611 1.25093696275493
61024.0673 lsst_hardware_r 9.396737251237626 22.1299991607666 31.469999313354492 AB 8.927679358675652 1.161849794835407
61028.0467 lsst_hardware_z 60.914716774979276 45.34000015258789 30.940000534057617 AB 4.856150056586353 1.1987534081923221
61028.0685 lsst_hardware_g 28.39640569247342 13.140000343322754 31.389999389648438 AB 4.632545952579233 1.1224972019818835
61030.0497 lsst_hardware_y -119.97794886196282 70.54000091552734 30.760000228881836 AB 5.222090699961343 1.1662092604225676
61030.0741 lsst_hardware_i 7.380565090605567 42.81999969482422 31.989999771118164 AB 4.856284933066655 1.0924865808707838
61032.049 lsst_hardware_y 65.65703041775909 49.279998779296875 30.010000228881836 AB 5.612804329296789 1.1495955205168455
61032.0729 lsst_hardware_r -57.60987932699239 21.799999237060547 31.469999313354492 AB 5.284656928836846 1.0822931212418019
61034.0479 lsst_hardware_y 2.787121281551151 50.83000183105469 30.030000686645508 AB 8.096765899097644 1.1353789706129256
61034.0699 lsst_hardware_g -37.64575466743546 14.579999923706055 31.440000534057617 AB 7.704746183624743 1.0767335235885576
61036.0485 lsst_hardware_y -36.89552406242664 50.25 30.020000457763672 AB 7.135622609253946 1.1171229133861362
61036.0705 lsst_hardware_z 13.607314534901137 41.9900016784668 30.950000762939453 AB 6.854727238223951 1.064026890950204
61040.0471 lsst_hardware_z 10.65925813321179 54.029998779296875 30.969999313354492 AB 8.2028292999467 1.0917333229746171
61040.0703 lsst_hardware_r 66.67385481045511 57.33000183105469 31.639999389648438 AB 7.863168389741524 1.0448120458958299
61043.0483 lsst_hardware_y 91.08416337662135 54.90999984741211 30.040000915527344 AB 7.298814857051878 1.070325161425652
61043.0715 lsst_hardware_z 53.680489683997074 59.4900016784668 30.979999542236328 AB 6.75770328836908 1.0311987621972425
61045.0476 lsst_hardware_y -46.20761513537772 50.41999816894531 30.049999237060547 AB 11.231291811584834 1.0607566879094101
61045.0717 lsst_hardware_i 30.77737122753993 45.86000061035156 31.309999465942383 AB 10.808107262277886 1.024368046846545
61048.0459 lsst_hardware_y -49.6078217929922 52.77000045776367 30.049999237060547 AB 8.448604252045563 1.0490273788043534
61048.0684 lsst_hardware_r 2.336440459509333 21.3700008392334 31.479999542236328 AB 8.19467392970984 1.0192697446699015
