data/validation/pwv_sim_epoch_fit_seasonal/2692614.ecsv
# %ECSV 0.9
# ---
# datatype:
# - {name: time, datatype: float64}
# - {name: band, datatype: string}
# - {name: flux, datatype: float64}
# - {name: fluxerr, datatype: float64}
# - {name: zp, datatype: float64}
# - {name: zpsys, datatype: string}
# - {name: pwv, datatype: float64}
# - {name: airmass, datatype: float64}
# meta: {SNID: '2692614', alt: 1024.0, c: 0.006904607638716698, dec: -47.161343, lat: -30.244573, lon: -70.7499537, ra: 77.620087, t0: 62178.03125,
#   x0: 1.1327351775216192e-05, x1: -0.06961723417043686, z: 0.43682801723480225}
# schema: astropy-2.0
time band flux fluxerr zp zpsys pwv airmass
[from data line 132]
62468.307 lsst_hardware_r -43.213629829211094 34.25 31.549999237060547 AB 3.9975262213656353 1.1349085515375135
62473.3033 lsst_hardware_u -1.5072610251634904 2.5799999237060547 28.350000381469727 AB 7.128591799883222 1.1600509169820759
62473.3158 lsst_hardware_g -11.648899324564821 12.90999984741211 31.34000015258789 AB 7.35662384312397 1.1971590567505865
62475.2567 lsst_hardware_g 23.174344902992335 12.550000190734863 31.350000381469727 AB 3.4221359153288464 1.0780078485836655
62475.2695 lsst_hardware_r 24.090803292735192 21.530000686645508 31.459999084472656 AB 3.4878601271625516 1.097616739902198
62479.2155 lsst_hardware_z -25.95514530127534 40.65999984741211 30.940000534057617 AB 5.636111241209868 1.0501581431688596
62479.2278 lsst_hardware_i 43.581378295405365 29.709999084472656 31.239999771118164 AB 5.907752015903361 1.0584681934224405
62485.1969 lsst_hardware_i -15.19922966718349 54.5 32.029998779296875 AB 8.357344958832957 1.0490854227605786
62485.2106 lsst_hardware_z -95.93133028981184 62.97999954223633 31.709999084472656 AB 8.53843219140879 1.0577940485854571
62487.2003 lsst_hardware_r 12.60896362610477 54.77000045776367 31.6299991607666 AB 8.927363693739334 1.05415364649327
62487.2137 lsst_hardware_z -36.957615415819646 49.56999969482422 30.959999084472656 AB 8.97355405248615 1.0657849541730524
62489.1984 lsst_hardware_r 28.30433537261537 75.66000366210938 31.649999618530273 AB 5.4127947904233045 1.056773680285861
62489.2109 lsst_hardware_i 20.869362049797335 60.560001373291016 31.31999969482422 AB 5.521604173959957 1.0686803452770033
62491.1975 lsst_hardware_z -78.84031736486263 59.709999084472656 30.979999542236328 AB 4.990594541004277 1.060625079555837
62491.2103 lsst_hardware_i -26.137558057609503 66.19999694824219 31.329999923706055 AB 6.339451432082203 1.0744832935732547
62493.1794 lsst_hardware_r 112.93148358073564 97.33999633789062 32.400001525878906 AB 6.02930237228966 1.0513168914192954
62493.1925 lsst_hardware_z -7.7680298738269595 76.6500015258789 31.729999542236328 AB 6.050440436585905 1.0610464318556971
62495.1808 lsst_hardware_g 75.38803820304794 51.27000045776367 31.700000762939453 AB 6.997513923952851 1.0558433664127977
62495.1928 lsst_hardware_r 26.193088520307334 49.630001068115234 31.6200008392334 AB 7.239344876987235 1.066792805420868
62497.1362 lsst_hardware_r 15.542823795756554 21.3700008392334 31.479999542236328 AB 5.067199237374702 1.046347475581994
62497.1502 lsst_hardware_i -20.956547059931765 33.08000183105469 31.270000457763672 AB 5.095762524980569 1.0452310189181209
62499.1243 lsst_hardware_z -46.58707525987566 40.560001373291016 30.940000534057617 AB 7.864091350372165 1.0485455133829553
62499.1369 lsst_hardware_r 0.9747428527973664 21.290000915527344 31.479999542236328 AB 7.501348098101942 1.0452412584442268
62503.1745 lsst_hardware_z 75.20839639509349 41.02000045776367 30.940000534057617 AB 5.11980045199263 1.0707892746777663
62503.1876 lsst_hardware_i 21.54885603915861 30.020000457763672 31.229999542236328 AB 5.164698812467118 1.0886801881254473
62505.1775 lsst_hardware_u -0.8011929481944071 2.5399999618530273 28.350000381469727 AB 2.8082749305843677 1.0817700040771832
62505.1893 lsst_hardware_g -2.8371397634733664 12.649999618530273 31.360000610351562 AB 2.793785510828059 1.1006377586978537
62507.1763 lsst_hardware_r -0.25582784953531695 21.600000381469727 31.469999313354492 AB 7.357698129162437 1.0880949614259725
62507.1898 lsst_hardware_i -59.25258230708224 30.25 31.239999771118164 AB 7.586009186722493 1.1118289882342784
62509.1126 lsst_hardware_r -8.29172327690396 21.3799991607666 31.489999771118164 AB 6.107314375285886 1.0450572168524832
62509.1249 lsst_hardware_i 4.199411463941305 29.6200008392334 31.25 AB 6.061705967690052 1.0466857317296097
62510.1021 lsst_hardware_z 6.696790503204307 57.65999984741211 31.700000762939453 AB 6.865273309286136 1.0460173403856545
62510.116 lsst_hardware_r 4.312434658626469 30.520000457763672 32.22999954223633 AB 6.864531257881514 1.0453866226881177
62514.096 lsst_hardware_i 6.738121655943341 37.72999954223633 31.290000915527344 AB 3.2235271148390963 1.0452422551358762
62514.1077 lsst_hardware_z -16.79658525816596 44.27000045776367 30.959999084472656 AB 3.165354387363241 1.0458219341508506
62517.0944 lsst_hardware_r 87.24185513848637 58.52000045776367 31.639999389648438 AB 3.8858340607795334 1.045140952334463
62517.1063 lsst_hardware_z 31.76133506218211 50.36000061035156 30.969999313354492 AB 3.905017656103924 1.0477643295154075
62519.0928 lsst_hardware_y 35.923825681362004 51.650001525878906 30.049999237060547 AB 4.16121075397524 1.0455960183366342
62519.1055 lsst_hardware_r 122.24759986374893 77.8499984741211 31.649999618530273 AB 4.116467840607633 1.049784594353243
62521.0979 lsst_hardware_i 27.79967741342813 63.029998779296875 31.329999923706055 AB 8.021661398791736 1.0487888342540022
62521.1108 lsst_hardware_z -0.5077218872520651 57.900001525878906 30.979999542236328 AB 8.122461701137635 1.0566147453429555
62523.0775 lsst_hardware_z -15.383365733475877 48.7400016784668 30.969999313354492 AB 11.287198878252738 1.0451110072456238
62523.0917 lsst_hardware_r -31.59951447627182 56.630001068115234 31.639999389648438 AB 11.766486099045306 1.0484728090038142
62529.0759 lsst_hardware_r 39.469477985030835 21.260000228881836 31.469999313354492 AB 12.255740745718322 1.048724214528508
62529.0892 lsst_hardware_u -2.041561401378711 2.4700000286102295 28.309999465942383 AB 12.970744669689225 1.0568089517814172
62531.0762 lsst_hardware_g 3.873842908421439 12.640000343322754 31.3700008392334 AB 11.800559751691697 1.0516573736570867
62531.0893 lsst_hardware_r 1.7590035317867143 21.399999618530273 31.469999313354492 AB 13.408239305378894 1.0615832920829131
62535.0648 lsst_hardware_r -57.9872874130246 21.670000076293945 31.489999771118164 AB 8.28962610907353 1.0513825999205597
62535.0779 lsst_hardware_g -0.03301709747102759 12.850000381469727 31.389999389648438 AB 8.322004927239474 1.061141845998036
62537.066 lsst_hardware_r -7.590050363450927 21.489999771118164 31.479999542236328 AB 6.2880163950511 1.0557744052135838
62537.0789 lsst_hardware_i 17.79599412088782 29.8799991607666 31.239999771118164 AB 6.446911420590269 1.0676640497803371
62539.0639 lsst_hardware_z 15.083987198546074 40.95000076293945 30.940000534057617 AB 6.470585077228724 1.058438126046138
62539.077 lsst_hardware_i -33.822464305588596 29.8799991607666 31.229999542236328 AB 6.574508094728968 1.0717559248050266
