data/validation/pwv_sim_epoch_fit_seasonal/26939549.ecsv
# %ECSV 0.9
# ---
# datatype:
# - {name: time, datatype: float64}
# - {name: band, datatype: string}
# - {name: flux, datatype: float64}
# - {name: fluxerr, datatype: float64}
# - {name: zp, datatype: float64}
# - {name: zpsys, datatype: string}
# - {name: pwv, datatype: float64}
# - {name: airmass, datatype: float64}
# meta: {SNID: '26939549', alt: 1024.0, c: -0.05356237664818764, dec: -30.345182, lat: -30.244573, lon: -70.7499537, ra: 110.214844, t0: 62861.1171875,
#   x0: 4.582677285779616e-06, x1: 1.1792253255844116, z: 0.6353529691696167}
# schema: astropy-2.0
time band flux fluxerr zp zpsys pwv airmass
62787.2712 lsst_hardware_y 13.336860937337212 56.47999954223633 29.8700008392334 AB 9.154619615018822 1.6463662647277189
62787.2903 lsst_hardware_r 96.30087853131036 77.94000244140625 31.559999465942383 AB 8.116447748627133 1.462730498656258
62789.2764 lsst_hardware_i -68.787695066691 55.939998626708984 31.229999542236328 AB 9.67224675608775 1.5369036159037737
62789.2957 lsst_hardware_z -18.443979750580972 55.68000030517578 30.93000030517578 AB 7.812465348523144 1.3806194654554165
62791.2455 lsst_hardware_z -2.2107525681623 59.209999084472656 30.8700008392334 AB 9.579540568530287 1.8354247389051794
62791.2638 lsst_hardware_r 98.65978739161179 55.04999923706055 31.489999771118164 AB 9.853618896502073 1.608054000408324
62796.26 lsst_hardware_u 0.28302175394769086 2.380000114440918 28.049999237060547 AB 4.378713542380321 1.5119867204351938
62796.2774 lsst_hardware_g -9.853231495363527 13.489999771118164 31.299999237060547 AB 3.898875073873559 1.375022068021005
62799.2487 lsst_hardware_g -5.328428035799447 13.270000457763672 31.219999313354492 AB 6.896542392921387 1.540667747320289
62799.2661 lsst_hardware_r 11.724822269812929 23.209999084472656 31.420000076293945 AB 5.308145898481433 1.3968804996003772
62801.2532 lsst_hardware_i 22.54279076271464 33.099998474121094 31.190000534057617 AB 4.776055502192759 1.4536031760757102
62801.2708 lsst_hardware_z 26.665095471508977 44.599998474121094 30.920000076293945 AB 4.379531316710832 1.3291109430851518
62803.2547 lsst_hardware_r -21.84214526762154 23.350000381469727 31.440000534057617 AB 3.6506996951475092 1.4003451074597273
62803.2728 lsst_hardware_g 3.114741392449806 13.4399995803833 31.350000381469727 AB 3.411556841817085 1.285520382522195
62807.2485 lsst_hardware_r 12.393481517940568 23.260000228881836 31.43000030517578 AB 5.999140485946895 1.367325466882193
62807.2664 lsst_hardware_i 16.22590882723809 31.8700008392334 31.219999313354492 AB 3.945111482214199 1.2613593143602477
62809.2011 lsst_hardware_z -60.15662571163845 54.43000030517578 30.8700008392334 AB 8.153380658442495 1.7692688589748633
62809.2177 lsst_hardware_i -25.18887976908106 43.29999923706055 31.190000534057617 AB 8.892572211652165 1.5767204973452027
62810.2119 lsst_hardware_z 79.36411070980178 75.6500015258789 31.65999984741211 AB 7.009206136823865 1.608353863428721
62813.3079 lsst_hardware_r 67.37112527358781 61.66999816894531 31.639999389648438 AB 6.408474700401832 1.0623542079463355
62813.3126 lsst_hardware_i -9.991323976984729 51.2400016784668 31.309999465942383 AB 6.356450594842304 1.0530898931150272
62819.2768 lsst_hardware_z 70.20196128806691 54.88999938964844 30.969999313354492 AB 6.23687382089845 1.0970754302371943
62819.2933 lsst_hardware_r 160.3540989843474 65.36000061035156 31.639999389648438 AB 6.250744697601366 1.0587454143607733
62822.2891 lsst_hardware_z -27.158602689906626 46.189998626708984 30.959999084472656 AB 4.219446788662263 1.051095272439325
62822.3066 lsst_hardware_g -73.37276800743768 39.33000183105469 31.690000534057617 AB 3.8692541309358366 1.0242896441922316
62829.2039 lsst_hardware_r -12.12813804144279 22.654048678801253 31.450000762939453 AB 9.784045343844545 1.274185450231672
62829.2197 lsst_hardware_g -1.4114363974693447 13.04526713077907 31.34000015258789 AB 9.013921099373656 1.1986862872902135
62833.2192 lsst_hardware_z 48.63440139047311 42.71114686209062 30.940000534057617 AB 4.453898309825737 1.1577588536068981
62833.2364 lsst_hardware_i 17.327374021643198 30.902864955581833 31.239999771118164 AB 4.2310993551144005 1.1029977463801879
62836.1978 lsst_hardware_r 100.14078396584829 25.019156891510764 31.459999084472656 AB 9.420639421520608 1.2107623842843211
62836.2209 lsst_hardware_u 0.22961867374422645 3.2798895173222533 28.40999984741211 AB 8.56288066946035 1.124475465457634
62838.2084 lsst_hardware_z 383.4545162995964 65.04065313609107 31.700000762939453 AB 7.231883277115115 1.147639156598294
62842.1385 lsst_hardware_r 599.5130312820063 73.80537314344046 31.549999237060547 AB 6.686610363449174 1.476398843773075
62842.1604 lsst_hardware_z 342.87462551576783 59.093438263482305 30.950000762939453 AB 5.934849149988428 1.3197351901241778
62849.1648 lsst_hardware_z 660.9877667221139 63.003433539173244 30.959999084472656 AB 8.593389836951784 1.199942726656728
62849.1866 lsst_hardware_g 271.41119730304194 68.63859906601468 31.690000534057617 AB 8.518054993099167 1.1207967096183116
62851.1471 lsst_hardware_r 1482.6235250066702 50.33034368929883 31.520000457763672 AB 12.815552512187761 1.2571070516965326
62851.1691 lsst_hardware_i 1133.194311936698 52.23332018404479 31.270000457763672 AB 11.947236325900288 1.1612515147527007
62855.1506 lsst_hardware_g 424.3379252028097 24.582365787982106 31.3700008392334 AB 3.6608107784397768 1.1907980087630403
62855.1725 lsst_hardware_r 1625.8271978457913 46.08113358075994 31.489999771118164 AB 4.126820591773158 1.113951932276143
62863.154 lsst_hardware_g 290.28103011980744 22.00864725010156 31.3799991607666 AB 6.787712419773995 1.1043664705753906
62863.1743 lsst_hardware_r 1558.2444495795808 44.84228726831147 31.489999771118164 AB 6.424080378978649 1.056519763554269
62865.1328 lsst_hardware_r 1464.1321919758666 44.913254263579496 31.489999771118164 AB 9.122979759282023 1.1542718264875405
62865.1547 lsst_hardware_i 1296.700535684677 46.72107633035743 31.239999771118164 AB 8.501805619847461 1.0880222190744127
62870.1423 lsst_hardware_i 1269.4092948564103 57.32028647688095 31.299999237060547 AB 2.7203955660276855 1.0849035158634839
62870.1624 lsst_hardware_z 930.0995839550168 56.658577025921424 30.959999084472656 AB 2.56378181525827 1.043424852742043
62872.1385 lsst_hardware_i 1221.5327790553604 68.25449941442146 31.31999969482422 AB 8.614337728755228 1.0808679891367758
62872.1594 lsst_hardware_z 1063.927066470693 63.12129879555336 30.979999542236328 AB 8.358070302027592 1.0393886132516466
62879.1284 lsst_hardware_i 957.0459945778492 55.84793668673382 31.309999465942383 AB 5.208811234122033 1.0609297102563688
62879.1462 lsst_hardware_r 817.4837233099099 62.32088296850701 31.639999389648438 AB 5.07136575613542 1.0305559350000852
62881.1252 lsst_hardware_u -1.3850348487181259 2.6874597461912115 28.399999618530273 AB 5.819074440981908 1.0564288913869029
62881.1423 lsst_hardware_g 112.35044838674703 24.260720058632874 31.59000015258789 AB 5.678443284861564 1.0284240305825527
62883.0486 lsst_hardware_y 271.58642068009624 53.98276728273097 29.969999313354492 AB 3.6819388434767633 1.318864097242505
62883.0654 lsst_hardware_r 615.5382053431262 33.58209407555095 31.459999084472656 AB 3.3837282894309166 1.2293290788123221
62889.0339 lsst_hardware_y 220.90820743309845 77.63529802239313 29.979999542236328 AB 10.743103324051793 1.3088576174527038
62889.0515 lsst_hardware_u -0.2129635254929294 3.036837432697523 28.299999237060547 AB 9.017810451191684 1.21788242976456
62891.0327 lsst_hardware_y 129.10800276197352 79.82589400496157 29.989999771118164 AB 8.684525123666367 1.2846138857811513
62891.0513 lsst_hardware_r 381.00654226120747 29.70363333034541 31.469999313354492 AB 8.216256290499654 1.1949759476171504
62893.0405 lsst_hardware_z 975.383143528539 85.95572172173715 31.700000762939453 AB 13.315825533851065 1.218235858698683
62895.0428 lsst_hardware_y 166.445873615733 52.80476815314868 30.010000228881836 AB 15.057234925718841 1.185018095363371
62895.0606 lsst_hardware_g -13.483204315021602 19.64587882775537 31.520000457763672 AB 14.244169152456307 1.122029866282493
62897.0418 lsst_hardware_y 204.75860249375168 53.841703035444944 30.010000228881836 AB 10.611688062505586 1.1675950995769924
62897.0591 lsst_hardware_i 389.1572944518294 41.16306733263943 31.270000457763672 AB 10.037577217210492 1.1102286491771365
62906.029 lsst_hardware_y 208.5358523195002 64.26910866281534 30.040000915527344 AB 6.278701920236529 1.126898340455255
62906.048 lsst_hardware_i 122.97775942647472 64.36431920317172 31.329999923706055 AB 6.516571892650128 1.0753862605965805
62910.0316 lsst_hardware_y 406.5710082883961 73.60122828318136 30.790000915527344 AB 3.660421045670371 1.0886010544744806
62910.0516 lsst_hardware_i 473.17825638705267 46.98694523125294 32.0 AB 2.607835705973836 1.0461331975558612
62912.0274 lsst_hardware_z 535.500040563395 72.66969065985182 31.709999084472656 AB 2.3646460153135798 1.0854468741398244
62912.0465 lsst_hardware_u -2.1265183579725804 3.9429785108789615 29.200000762939453 AB 1.7964421111137208 1.0455068302713346
62914.0275 lsst_hardware_y 61.63715384119506 52.72914473277569 30.049999237060547 AB 1.5023377724261722 1.072332457120751
62914.0459 lsst_hardware_r 94.34689859623292 24.129863425180698 31.479999542236328 AB 1.2956144176450695 1.03752906317931
62921.0218 lsst_hardware_y 171.01125234649757 51.55708904686615 30.049999237060547 AB 7.910107249239766 1.0457226095435457
62921.0413 lsst_hardware_r 114.46654561006989 23.67328323674887 31.489999771118164 AB 7.754072150769008 1.018530428315908
62923.021 lsst_hardware_y 143.95481685022304 50.0657549321622 30.049999237060547 AB 7.238743466093446 1.038035916841392
62923.041 lsst_hardware_r 58.53557409751154 23.820021376144762 31.489999771118164 AB 7.070912445171082 1.013436081289558
63155.2583 lsst_hardware_r 23.575867662701576 24.139999389648438 31.3700008392334 AB 12.472781821213408 1.709751794639779
63155.2763 lsst_hardware_g -8.263893221568427 13.479999542236328 31.260000228881836 AB 11.072499501256992 1.5189308383451907
63157.2753 lsst_hardware_r -5.079706489632761 23.969999313354492 31.399999618530273 AB 7.663158496895326 1.4797313052175383
63157.2946 lsst_hardware_i -33.60752573120497 32.900001525878906 31.200000762939453 AB 8.229545770390407 1.3382100553510337
63159.239 lsst_hardware_i 33.9864895025458 35.59000015258789 31.1200008392334 AB 2.0338347266265235 1.8209368588762425
63159.2566 lsst_hardware_z -26.985244379743936 48.27000045776367 30.8799991607666 AB 2.038167747751237 1.6048564942923125
63161.2732 lsst_hardware_u -2.0826402041311427 2.4200000762939453 28.1200008392334 AB 3.970125983698811 1.4098458748930438
63161.2915 lsst_hardware_g -29.182156899255695 13.319999694824219 31.309999465942383 AB 3.6068941097636555 1.2916362076145589
63163.3108 lsst_hardware_r 5.503048333943536 22.579999923706055 31.459999084472656 AB 3.678086212643285 1.1752012820970636
63163.3296 lsst_hardware_u -1.0750931567744484 2.5299999713897705 28.299999237060547 AB 3.549157767247842 1.1116303397534544
63165.253 lsst_hardware_g -41.14048865673803 51.58000183105469 31.549999237060547 AB 2.0770984911116477 1.4836417793654626
63165.2687 lsst_hardware_r -48.24117734675099 45.61000061035156 31.549999237060547 AB 1.9104680876770124 1.3646200626264375
63166.2362 lsst_hardware_r -59.94453468263967 63.91999816894531 31.479999542236328 AB 5.1336586250692475 1.6185571451309995
63166.254 lsst_hardware_z 112.36501642908269 55.20000076293945 30.920000076293945 AB 4.767854853741554 1.4526915893080778
63170.2469 lsst_hardware_z -6.438978603808526 63.9900016784668 30.93000030517578 AB 5.414248846641771 1.4228054081925152
63170.2644 lsst_hardware_i -86.00619804438853 66.56999969482422 31.280000686645508 AB 4.9632226088538385 1.3061112128562733
63183.2774 lsst_hardware_u -2.553373402189508 2.609999895095825 28.3799991607666 AB 4.908535820418948 1.104779612968478
63183.2965 lsst_hardware_g 12.611937477645524 13.0 31.3799991607666 AB 4.29471744494349 1.0591818102085608
63186.2803 lsst_hardware_r 20.18760107492682 21.84000015258789 31.479999542236328 AB 6.281632161414185 1.076462932113348
63186.2978 lsst_hardware_i 18.925202378030455 29.799999237060547 31.25 AB 4.9839975250728745 1.0418735598998554
63189.2637 lsst_hardware_i -63.155261341585 30.25 31.229999542236328 AB 5.83894618102001 1.0974431314763669
63189.2811 lsst_hardware_u -0.758658835972116 2.5399999618530273 28.350000381469727 AB 5.512966512267299 1.0572378007991752
63191.242 lsst_hardware_z 34.26949518194871 42.13999938964844 30.940000534057617 AB 3.759108702389399 1.147118920472774
63191.254 lsst_hardware_r -14.697126570455598 21.899999618530273 31.469999313354492 AB 3.7084125732725814 1.1091961834314799
63193.2647 lsst_hardware_i -30.666365953117598 29.950000762939453 31.229999542236328 AB 6.336649707349496 1.068574992807672
63193.2814 lsst_hardware_r -28.041992005056425 21.540000915527344 31.469999313354492 AB 6.457575427459092 1.037528185645741
63195.2063 lsst_hardware_i 25.424453963688464 46.88999938964844 31.270000457763672 AB 7.404287912954216 1.2511469944160116
63195.2232 lsst_hardware_z 1.8739064037343354 49.31999969482422 30.950000762939453 AB 7.308431503429745 1.1761235119777707
63197.2438 lsst_hardware_z -34.80101486062223 55.040000915527344 30.969999313354492 AB 4.141025732126693 1.092330712774121
63197.2618 lsst_hardware_r 122.80613205467803 70.43000030517578 31.649999618530273 AB 4.61350290076976 1.052370118220739
63199.2108 lsst_hardware_r 122.20455525322006 91.6500015258789 31.6200008392334 AB 5.997875750233238 1.181963888113608
63199.2288 lsst_hardware_i 62.26632421814512 70.4000015258789 31.309999465942383 AB 5.642491188129574 1.1190978159716143
63201.2164 lsst_hardware_z -12.298815574358645 61.83000183105469 30.969999313354492 AB 8.661701850948564 1.1412994357363708
63201.2352 lsst_hardware_i -2.2632285423280027 66.20999908447266 31.31999969482422 AB 8.326790821192745 1.0864338043569015
63204.1508 lsst_hardware_r 24.559936963209367 44.209999084472656 31.510000228881836 AB 4.639793191616089 1.448313562921548
63204.1724 lsst_hardware_z -42.0110042189153 53.5099983215332 30.940000534057617 AB 4.779675863260241 1.3013297869341554
63206.1518 lsst_hardware_r -7.465452674070621 23.030000686645508 31.420000076293945 AB 7.566150697962464 1.3991956907928738
63206.1736 lsst_hardware_u -4.846991121485692 2.5399999618530273 28.270000457763672 AB 6.576956253089542 1.2647992794402965
63213.1462 lsst_hardware_r 0.8650865781761503 22.90999984741211 31.43000030517578 AB 13.553224236419593 1.3108200818627462
63213.1659 lsst_hardware_i 43.642822810798116 31.389999389648438 31.219999313354492 AB 12.517547875169983 1.209989967150866
63216.1467 lsst_hardware_z 1.0660481653417018 44.060001373291016 30.920000076293945 AB 12.879484068455804 1.2627044926335038
63216.1678 lsst_hardware_i -18.78194083502835 31.1299991607666 31.239999771118164 AB 12.034431327316815 1.1686785836120597
63220.1524 lsst_hardware_r 9.596950716136869 24.6299991607666 31.489999771118164 AB 3.5970036417926017 1.186249036785424
63220.1738 lsst_hardware_i -21.148787959173067 30.520000457763672 31.239999771118164 AB 4.187646436946907 1.1121582251098372
63222.1264 lsst_hardware_i -16.029574191798982 38.650001525878906 31.229999542236328 AB 4.526943480826268 1.28363236696397
63222.1484 lsst_hardware_z 35.47895854342034 45.650001525878906 30.940000534057617 AB 4.157625492990818 1.1803890958878043
63224.1342 lsst_hardware_r 32.92061903845291 50.849998474121094 31.579999923706055 AB 7.638767151930594 1.2174304170739048
63224.1557 lsst_hardware_z -22.352784984881755 48.54999923706055 30.950000762939453 AB 7.079411710739931 1.1343393223425622
63226.1489 lsst_hardware_i 66.5020476590891 82.5 32.060001373291016 AB 7.877950809196831 1.1387613196295439
63226.1726 lsst_hardware_z -11.94352728150826 77.7300033569336 31.719999313354492 AB 7.591210504180134 1.073013169644698
63229.135 lsst_hardware_z 79.19951972070174 70.72000122070312 30.979999542236328 AB 8.338539328085155 1.158666882086867
63229.1553 lsst_hardware_i 62.72760406095712 79.54000091552734 31.329999923706055 AB 7.740519916716138 1.0952920110912523
