data/validation/pwv_sim_epoch_fit_seasonal/26946815.ecsv
# %ECSV 0.9
# ---
# datatype:
# - {name: time, datatype: float64}
# - {name: band, datatype: string}
# - {name: flux, datatype: float64}
# - {name: fluxerr, datatype: float64}
# - {name: zp, datatype: float64}
# - {name: zpsys, datatype: string}
# - {name: pwv, datatype: float64}
# - {name: airmass, datatype: float64}
# meta: {SNID: '26946815', alt: 1024.0, c: -0.08929058164358139, dec: -45.586655, lat: -30.244573, lon: -70.7499537, ra: 238.291138, t0: 60469.078125,
#   x0: 1.2825476854238423e-05, x1: -1.6044902801513672, z: 0.4143108129501343}
# schema: astropy-2.0
time band flux fluxerr zp zpsys pwv airmass
60375.393 lsst_hardware_i 13.721953572468822 32.88999938964844 31.260000228881836 AB 9.256790483809416 1.038435877402197
60378.385 lsst_hardware_r 26.922132857978198 23.09000015258789 31.489999771118164 AB 9.655653781432529 1.038391215382047
60378.3965 lsst_hardware_y -29.973175884042234 49.65999984741211 30.049999237060547 AB 9.609708023220703 1.0373733495137585
60381.3927 lsst_hardware_z 13.719257437928695 41.939998626708984 30.950000762939453 AB 14.720155424963298 1.0378853843235343
60381.4049 lsst_hardware_y -96.6138835310488 61.83000183105469 30.059999465942383 AB 14.774407536432763 1.0419309726089467
60382.3584 lsst_hardware_u -1.6675540523568877 2.7200000286102295 28.450000762939453 AB 10.915739187632768 1.045318571954304
60382.3653 lsst_hardware_y -93.60479082423979 46.93000030517578 30.040000915527344 AB 10.884638210280084 1.0414759000060678
60386.4012 lsst_hardware_i 29.343437180719828 32.95000076293945 31.270000457763672 AB 7.483371586446232 1.0481279577640998
60390.3698 lsst_hardware_u 1.8333857381498826 2.680000066757202 28.43000030517578 AB 6.458547081542999 1.0382125248294172
60390.3849 lsst_hardware_r 31.103445757665238 22.860000610351562 31.489999771118164 AB 5.946846009718598 1.044451549456657
60396.3501 lsst_hardware_r 14.92610425988399 97.19999694824219 31.65999984741211 AB 8.170360443784647 1.0376378516363536
60396.3617 lsst_hardware_i -131.0908689052321 77.0199966430664 31.34000015258789 AB 8.138938354415748 1.0408958782158049
60398.3719 lsst_hardware_z 162.11573273147673 97.12999725341797 31.739999771118164 AB 6.554860345598841 1.0509074944846366
60400.321 lsst_hardware_z 3.5763655608360305 56.790000915527344 30.979999542236328 AB 5.257429542245055 1.0395312985160494
60400.3334 lsst_hardware_r -55.16425238341778 67.20999908447266 31.649999618530273 AB 6.290018635673279 1.0373149677465858
60402.315 lsst_hardware_z 62.85316072568709 44.349998474121094 30.950000762939453 AB 6.028290292338313 1.0397189189959146
60402.327 lsst_hardware_r -14.827084978731907 35.849998474121094 31.59000015258789 AB 5.967496214854296 1.0373443414394998
60414.2982 lsst_hardware_r 10.948970747398032 22.75 31.510000228881836 AB 10.182921747691712 1.0373799661462952
60414.3096 lsst_hardware_u -0.45606731242642407 2.759999990463257 28.5 AB 10.208651745822952 1.039736390061919
60416.3031 lsst_hardware_g 28.03148258552529 19.959999084472656 32.20000076293945 AB 14.468635864691487 1.0393823842455303
60416.3116 lsst_hardware_r 12.62352523653962 22.850000381469727 31.510000228881836 AB 14.435774893456754 1.0431101265820304
60419.292 lsst_hardware_i -6.869530899694357 37.439998626708984 31.280000686645508 AB 3.754323477658891 1.0385403810951288
60421.2974 lsst_hardware_r 32.761596327591725 65.44999694824219 31.649999618530273 AB 7.223653663050417 1.0428131603802107
60421.3086 lsst_hardware_z 46.041066455139024 53.47999954223633 30.969999313354492 AB 7.340522438722848 1.05048441039288
60425.2757 lsst_hardware_z 19.519236041690245 85.25 31.0 AB 6.25906710402615 1.0385620194733656
60425.2872 lsst_hardware_r 55.028415852350804 127.80999755859375 31.65999984741211 AB 6.42493639706127 1.0432067323997407
60442.1922 lsst_hardware_r -46.49644762819936 23.33723007461682 31.5 AB 6.191735482577527 1.046962374463602
60442.2033 lsst_hardware_u 4.3768630287389145 2.793113027935978 28.389999389648438 AB 6.1591611323067115 1.040691827480717
60446.2127 lsst_hardware_z 45.705572955380504 41.1941065780468 30.950000762939453 AB 7.228566112688554 1.0375435786836185
60446.2251 lsst_hardware_r -99.90889020838924 25.497497229437336 31.5 AB 7.211129190242973 1.04086737734454
60448.2079 lsst_hardware_y 42.474783351990645 68.75361058458356 30.799999237060547 AB 8.699238876440832 1.0376206838288904
60461.186 lsst_hardware_u 20.323314319122755 5.551565509302535 28.469999313354492 AB 7.773777497740308 1.0417122275028672
60461.1988 lsst_hardware_g 1777.2516941222718 45.62788090638442 31.440000534057617 AB 7.845634684036383 1.0500046418678242
60463.1841 lsst_hardware_r 3982.373464315157 67.10224698835246 31.510000228881836 AB 9.989859193889805 1.0435816415373205
60463.1964 lsst_hardware_i 2501.6573352077626 58.65228726568685 31.25 AB 9.987463488592468 1.0526415987133715
60465.1847 lsst_hardware_z 2105.8942205418107 59.573237952574964 30.950000762939453 AB 8.56972502113699 1.0475369283247493
60465.1964 lsst_hardware_r 4339.204830953341 69.59078161748539 31.5 AB 8.527378784264158 1.057987442216397
60483.1083 lsst_hardware_i 2323.8148725035344 110.36744237452942 31.34000015258789 AB 3.3194738500269922 1.037335578133435
60483.1204 lsst_hardware_z 1561.4975629532132 92.56224745648322 31.0 AB 3.326313919719091 1.039473099912216
60484.1098 lsst_hardware_z 1321.06866853052 80.36586604237687 30.989999771118164 AB 3.9012286662128286 1.0376528059791192
60484.1225 lsst_hardware_r 2530.0710870497082 115.55599487712588 31.65999984741211 AB 3.9558869012128253 1.0413882681325444
60486.1096 lsst_hardware_i 1926.0322440524922 66.81295787321265 31.309999465942383 AB 5.05626878123693 1.038692551140001
60486.1231 lsst_hardware_r 1880.8285019633406 73.79660865174297 31.639999389648438 AB 5.1384134130362 1.0446583813034205
60490.987 lsst_hardware_r 2213.917973105682 57.36253318757444 32.22999954223633 AB 9.207267311746788 1.1749958284515598
60491.0007 lsst_hardware_g 565.6767083779887 30.26183716031169 32.13999938964844 AB 9.277458871481148 1.1369434891521015
60492.1031 lsst_hardware_z 1103.2955006094633 52.54765896866995 30.950000762939453 AB 9.124587630567339 1.042591567165064
60492.1157 lsst_hardware_r 1018.202632870221 39.03898196199338 31.489999771118164 AB 9.221373680209975 1.0513080884939672
60494.0429 lsst_hardware_z 1087.0463330629318 52.08667117439998 30.950000762939453 AB 8.95081800451155 1.052913540114325
60494.0552 lsst_hardware_i 1374.415075287869 47.41243379596109 31.260000228881836 AB 8.821307066821484 1.043756382514522
60496.048 lsst_hardware_u 29.79885017451398 5.789448427129864 28.440000534057617 AB 6.483797959538449 1.0448048921626634
60496.06 lsst_hardware_g 222.8125576792899 19.701605747806095 31.420000076293945 AB 6.443691652788064 1.0391933640664635
60500.0401 lsst_hardware_z 868.1856526874216 50.34253293012173 30.950000762939453 AB 8.533073304370038 1.0430354851937464
60500.0516 lsst_hardware_u 5.759953855693986 3.41242674545022 28.469999313354492 AB 8.715901024487088 1.0384932809127336
60505.078 lsst_hardware_z 745.8727049062968 51.57248532659893 30.959999084472656 AB 6.60532676297485 1.0494779503448688
60505.0901 lsst_hardware_r 491.64753299496414 42.79946219223375 31.59000015258789 AB 6.786339168040245 1.0611945532510156
60507.0414 lsst_hardware_i 781.8969135083267 62.44488885718838 31.31999969482422 AB 1.5560034680115735 1.037335645341049
60507.0536 lsst_hardware_z 620.9819791571908 60.429414900999426 30.969999313354492 AB 1.6654645246215287 1.03907529871365
60510.0155 lsst_hardware_r 777.738331735565 145.68693084520723 32.40999984741211 AB 3.099621949150086 1.0416563064243596
60510.0229 lsst_hardware_i 1294.536902027619 122.19951153830431 32.09000015258789 AB 3.045248651283428 1.0388612637992136
60512.0296 lsst_hardware_z 1028.4390312857995 101.10128572054467 31.739999771118164 AB 6.259128134605521 1.0373529123025518
60522.0039 lsst_hardware_u 30.608194699937613 5.51160133095186 28.469999313354492 AB 3.878295763156188 1.037439793978472
60522.0154 lsst_hardware_g 56.06800431170513 16.100783605776158 31.43000030517578 AB 3.8263506560594966 1.040004708328742
60528.0068 lsst_hardware_g 59.79502230954573 16.219569854582932 31.420000076293945 AB 3.65867961409358 1.0436969374108058
60528.0176 lsst_hardware_r 213.6034822493142 27.512727958576367 31.5 AB 3.669686501634705 1.0514861036202592
60532.0011 lsst_hardware_i 261.51784147714517 36.48251764345767 31.25 AB 10.385647763572118 1.047072238293345
60532.0131 lsst_hardware_u 18.147248233724476 4.657535608611916 28.579999923706055 AB 10.706073170520819 1.057624970538719
60741.3873 lsst_hardware_g 1.4576576409723925 14.800000190734863 31.450000762939453 AB 9.295727772316605 1.0395192648059661
60741.4004 lsst_hardware_y -52.947561718768135 57.310001373291016 30.059999465942383 AB 9.266376932724375 1.0373197058910022
60750.3853 lsst_hardware_r 213.66506089767327 87.11000061035156 31.65999984741211 AB 7.940475637055461 1.0384910482885272
60750.401 lsst_hardware_y 38.69070999267074 57.849998474121094 30.059999465942383 AB 8.02614769675483 1.0455705019872545
60752.3696 lsst_hardware_r -58.662952155130235 83.3499984741211 31.65999984741211 AB 7.715391075086939 1.0373286377045503
60752.3825 lsst_hardware_i 12.419422095700192 68.93000030517578 31.329999923706055 AB 7.478350715123011 1.0392371755312688
60754.3697 lsst_hardware_z 11.679300963898768 54.7400016784668 30.979999542236328 AB 5.30364348509419 1.0376242634200399
60754.3815 lsst_hardware_i 106.67929266241826 55.130001068115234 31.329999923706055 AB 5.90086906907623 1.0409012293307869
60756.3747 lsst_hardware_z 39.90820307318783 46.849998474121094 30.969999313354492 AB 6.453447014989187 1.0403471906804354
60756.3866 lsst_hardware_g 15.284249699341798 38.58000183105469 31.700000762939453 AB 5.93659718942195 1.0469265830917391
60758.3693 lsst_hardware_r -37.4002327446774 26.350000381469727 31.549999237060547 AB 7.074526375778948 1.0403715258498454
60758.3811 lsst_hardware_i 49.120426308821045 32.29999923706055 31.270000457763672 AB 7.029401002554577 1.0468986525511321
60762.3687 lsst_hardware_r 61.273691739226344 32.45000076293945 32.2599983215332 AB 8.217554217849486 1.0458784601388749
60762.3796 lsst_hardware_i 66.96030079482803 43.560001373291016 32.0099983215332 AB 7.841047799030302 1.0547903546702946
60764.3706 lsst_hardware_z -26.927792486490958 41.36000061035156 30.950000762939453 AB 6.699282590723573 1.051541393685928
60764.3824 lsst_hardware_r -0.19656968498359217 22.899999618530273 31.5 AB 7.82446622473319 1.0637331161553256
60767.3247 lsst_hardware_z 24.6551367786935 41.119998931884766 30.950000762939453 AB 9.134223576419023 1.037606570713455
60767.3361 lsst_hardware_i -88.17052469899569 30.389999389648438 31.25 AB 9.257371990153764 1.037909240143953
60769.3142 lsst_hardware_u 1.104505869990737 2.619999885559082 28.389999389648438 AB 7.245047275947352 1.0385427444796356
60769.3261 lsst_hardware_g 17.916539028529517 13.789999961853027 31.40999984741211 AB 7.069363186820995 1.0373874441070523
60771.3043 lsst_hardware_r -29.67285852500692 22.68000030517578 31.489999771118164 AB 17.400606822859086 1.0399131537170425
60771.3163 lsst_hardware_i 2.472374394013577 30.420000076293945 31.25 AB 17.310859000742255 1.0373859292108834
60773.3101 lsst_hardware_z 57.721368227988435 40.939998626708984 30.950000762939453 AB 10.316249856448103 1.0374346195141053
60773.3233 lsst_hardware_u 3.2838072421848423 2.6700000762939453 28.43000030517578 AB 10.373742017295877 1.0386985423711108
60778.3029 lsst_hardware_i -4.726380337032606 87.06999969482422 31.34000015258789 AB 12.640966735522875 1.0374912853175193
60778.3138 lsst_hardware_z 6.761937892956582 74.43000030517578 31.0 AB 12.67760641206101 1.0400289654128643
60780.2885 lsst_hardware_i 7.767182548289481 91.8499984741211 31.34000015258789 AB 9.699742947600704 1.0377016205264287
60780.2994 lsst_hardware_z -65.6753971076095 81.18000030517578 31.0 AB 10.244383635779906 1.0377211948723568
60782.2966 lsst_hardware_z -26.24105647963593 66.7699966430664 31.0 AB 14.362520047612284 1.0381919195912546
60782.3083 lsst_hardware_r 48.8666660473795 84.27999877929688 31.65999984741211 AB 14.41134018316562 1.0424430042978234
60790.2835 lsst_hardware_z -25.067968637736495 41.150001525878906 30.950000762939453 AB 14.134095721877397 1.0410323136095896
60790.2943 lsst_hardware_u -0.7462387578941208 2.7300000190734863 28.469999313354492 AB 13.383303322681341 1.0473092691132813
60795.2791 lsst_hardware_i -7.825262398200778 30.719999313354492 31.25 AB 11.019477144890917 1.0462191099016631
60795.2918 lsst_hardware_u -2.779300733455146 2.7100000381469727 28.440000534057617 AB 11.581179414558983 1.0570868643916649
60800.274 lsst_hardware_i 6.4491440553865225 30.90999984741211 31.260000228881836 AB 9.508706026331584 1.053051721325806
60800.2863 lsst_hardware_r -11.607620669148172 23.290000915527344 31.510000228881836 AB 9.664695812691233 1.0664295806265154
60804.2174 lsst_hardware_r 73.73177120485165 94.83000183105469 32.40999984741211 AB 8.695199215826085 1.0388839828938838
60804.2308 lsst_hardware_z 135.4574284445218 76.83999633789062 31.729999542236328 AB 8.702064583910431 1.037411210194092
60808.2094 lsst_hardware_z 91.46998277385443 84.80000305175781 31.0 AB 6.857446760334533 1.0381681611325917
60808.2219 lsst_hardware_i -137.2104905564184 103.0199966430664 31.34000015258789 AB 6.853640679088681 1.0375919477828968
60810.2199 lsst_hardware_z -70.9658883788827 110.69000244140625 31.75 AB 6.690156073227728 1.0381455655968128
60812.2112 lsst_hardware_r 11.11474674413838 65.94000244140625 31.649999618530273 AB 7.184128114111671 1.0376190044935563
60812.2246 lsst_hardware_i 8.05857318073792 56.2400016784668 31.31999969482422 AB 7.237146049264656 1.0415657542717494
60814.2221 lsst_hardware_z 88.42246694212628 64.0999984741211 31.709999084472656 AB 8.33552518902466 1.043070641823391
60819.1831 lsst_hardware_r 4.24489040311441 23.190000534057617 31.5 AB 8.146186272412386 1.0375765307592006
60823.0794 lsst_hardware_i -7.122121787108758 31.90999984741211 31.239999771118164 AB 8.571792723148901 1.1702106106688335
60824.1908 lsst_hardware_u -2.5531652503070337 2.7799999713897705 28.489999771118164 AB 9.161647307158708 1.0410962849043985
60824.204 lsst_hardware_g 15.10198079210998 14.619999885559082 31.459999084472656 AB 9.233273102743563 1.049235579857223
60826.1873 lsst_hardware_r -30.467003924577376 23.31999969482422 31.510000228881836 AB 8.099573936921328 1.042013886134183
60826.1997 lsst_hardware_i -17.58567909488025 31.0 31.260000228881836 AB 8.276430018540378 1.0501751070346055
60830.1947 lsst_hardware_g -7.017670778839942 27.020000457763672 31.6200008392334 AB 12.132731707527261 1.0555402697729739
60830.2064 lsst_hardware_r 6.297867675675825 30.920000076293945 31.559999465942383 AB 12.236134119637676 1.0690314624880024
60844.1316 lsst_hardware_r 7.058767372049662 23.0 31.5 AB 6.116554877226766 1.0393466231481152
60844.1454 lsst_hardware_u -3.354008958228533 2.7100000381469727 28.450000762939453 AB 6.13927168589049 1.046288420023375
60847.1143 lsst_hardware_u -0.19054566877447443 2.6700000762939453 28.40999984741211 AB 3.11246438768274 1.03748812922758
60847.1257 lsst_hardware_g -4.184573167168835 14.3100004196167 31.440000534057617 AB 3.0719200914701394 1.0401535298431623
60849.027 lsst_hardware_g -13.44429708139651 14.140000343322754 31.399999618530273 AB 3.641856652420311 1.121491475801779
60849.034 lsst_hardware_r -0.35838477061703644 23.06999969482422 31.489999771118164 AB 3.5810466373769008 1.1064565541099294
60861.0464 lsst_hardware_r -5.1862371702881225 61.5 31.639999389648438 AB 4.453217946751922 1.046338803278177
60861.0575 lsst_hardware_y 70.39265706790921 50.90999984741211 30.049999237060547 AB 4.372207991211853 1.0403413684672875
60863.0372 lsst_hardware_z -9.576394400518833 68.83000183105469 30.989999771118164 AB 3.1472927186722064 1.0490975728907355
60863.0499 lsst_hardware_r -128.65005127578667 88.23999786376953 31.649999618530273 AB 3.3082081805721555 1.0412447717270255
60865.0487 lsst_hardware_i -0.014467539944121147 93.66000366210938 31.350000381469727 AB 2.9552200681122796 1.0395638266158753
60865.0608 lsst_hardware_z 110.18909548662455 80.80000305175781 31.0 AB 2.995116040602452 1.0373594391211194
60870.0799 lsst_hardware_i -21.530264351269583 44.58000183105469 31.299999237060547 AB 7.542166984784509 1.0504654682956058
60870.0916 lsst_hardware_z -61.59514840809907 48.869998931884766 30.959999084472656 AB 7.9745394435997445 1.062115400155345
60872.0831 lsst_hardware_r -27.681937679148163 22.809999465942383 31.489999771118164 AB 4.103165007572401 1.0587219147842006
60872.0959 lsst_hardware_u 7.384923892658396 2.690000057220459 28.420000076293945 AB 4.054763634852381 1.0748213743811923
60875.0284 lsst_hardware_g 3.002055247424439 14.0600004196167 31.440000534057617 AB 1.6839613642062252 1.0378273519836378
60875.0389 lsst_hardware_r -14.104325084888796 22.799999237060547 31.510000228881836 AB 1.6878256619065966 1.0375977429753667
60877.0234 lsst_hardware_i -2.038744775304554 30.270000457763672 31.239999771118164 AB 5.788352744672398 1.037757652220411
60877.0353 lsst_hardware_z 18.016730446387943 40.939998626708984 30.940000534057617 AB 5.78404654872792 1.037853949560144
60879.0188 lsst_hardware_r -25.893410242360964 22.75 31.510000228881836 AB 4.367436166657666 1.0376422348913437
60879.0309 lsst_hardware_u -3.4939310712836344 2.700000047683716 28.450000762939453 AB 4.382519529962456 1.0380402731687715
60883.0255 lsst_hardware_z 83.68864072883376 41.029998779296875 30.950000762939453 AB 4.739509738762369 1.0394801488677199
60883.037 lsst_hardware_r -4.365560007484043 22.81999969482422 31.5 AB 4.665030519276194 1.04503371847585
60888.0239 lsst_hardware_z -7.395121519048117 44.06999969482422 30.950000762939453 AB 3.9062707924416404 1.0453891505196182
60888.0352 lsst_hardware_r -36.70406937256679 34.599998474121094 31.579999923706055 AB 3.8430327358588916 1.0544505048658215
60890.0082 lsst_hardware_r -52.37617962597372 58.93000030517578 31.639999389648438 AB 2.257767222809509 1.040126177584233
60890.0195 lsst_hardware_z -14.486063456066534 54.2599983215332 30.969999313354492 AB 2.2546800259333453 1.0460934237241006
60891.0123 lsst_hardware_z 31.67251746813189 55.790000915527344 30.979999542236328 AB 0.4455019938680105 1.0433301964122024
60891.0225 lsst_hardware_i -70.87116732272473 59.400001525878906 31.31999969482422 AB 0.3193275224482556 1.0504194817376828
60894.0026 lsst_hardware_z 48.77305504251283 62.52000045776367 30.989999771118164 AB 3.6342159112996253 1.0425174731209481
60894.0141 lsst_hardware_r 46.72309436033475 86.12000274658203 31.649999618530273 AB 3.7357286251943824 1.0502470129868942
60896.0051 lsst_hardware_y -185.85899676588343 75.19999694824219 30.809999465942383 AB 5.8275428445082955 1.0474912242974768
60897.0029 lsst_hardware_r 18.523870923344976 73.80999755859375 31.649999618530273 AB 3.3811693043187767 1.047883048859125
60897.0152 lsst_hardware_i -66.63053249093338 60.83000183105469 31.329999923706055 AB 3.36164101686351 1.0591181527610303
