data/validation/pwv_sim_epoch_fit_seasonal/2701198.ecsv
# %ECSV 0.9
# ---
# datatype:
# - {name: time, datatype: float64}
# - {name: band, datatype: string}
# - {name: flux, datatype: float64}
# - {name: fluxerr, datatype: float64}
# - {name: zp, datatype: float64}
# - {name: zpsys, datatype: string}
# - {name: pwv, datatype: float64}
# - {name: airmass, datatype: float64}
# meta: {SNID: '2701198', alt: 1024.0, c: -0.07672613114118576, dec: -14.78593, lat: -30.244573, lon: -70.7499537, ra: 336.269531, t0: 60472.375,
#   x0: 4.121189855996343e-06, x1: 0.2791158854961395, z: 0.6636048555374146}
# schema: astropy-2.0
time band flux fluxerr zp zpsys pwv airmass
60460.413 lsst_hardware_z 499.33994240286967 58.2592809618101 30.969999313354492 AB 7.790475707965182 1.0527669875628625
60460.4351 lsst_hardware_y 225.648358546528 64.7801475288086 30.06999969482422 AB 7.51866992395959 1.0388729629642026
60462.4144 lsst_hardware_r 1329.9842019264586 46.98077384635203 31.549999237060547 AB 8.02267013866035 1.0465262377589388
60462.4328 lsst_hardware_y 113.76281972494584 55.43566012772117 30.049999237060547 AB 6.718471410226079 1.0383367496001867
60466.416 lsst_hardware_g 403.08124983317947 25.759908018497143 31.479999542236328 AB 4.5975596760682045 1.0396230517980412
60466.4355 lsst_hardware_y 314.12058745948883 59.0639743624115 30.049999237060547 AB 3.952439342074339 1.0401156163353524
60485.3516 lsst_hardware_z 727.8967348180732 77.68158196873112 30.989999771118164 AB 3.775038924867674 1.0465385366726294
60485.3733 lsst_hardware_i 949.9570718568871 87.96026144733781 31.34000015258789 AB 3.74180207596723 1.038163855439322
60487.3809 lsst_hardware_z 1625.6935113197455 108.0863722277732 31.739999771118164 AB 7.474396093555049 1.0412802062140611
60493.3403 lsst_hardware_i 662.8195996543808 40.38387202386574 31.25 AB 6.842088396106432 1.040344911408588
60493.3617 lsst_hardware_z 631.4061651953527 48.03389748577216 30.940000534057617 AB 6.841188870897254 1.0400895280725586
60495.305 lsst_hardware_r 430.82792534386977 32.10835499156622 31.510000228881836 AB 4.808269820339609 1.0687419027205176
60495.3242 lsst_hardware_g 84.24686164812096 17.481638145724837 31.479999542236328 AB 4.62866840786298 1.0466180684822652
60497.3361 lsst_hardware_r 408.39176328634886 30.896438000402636 31.510000228881836 AB 1.6558861727787482 1.0384986972586112
60497.3562 lsst_hardware_i 523.7942725439606 38.70285520259222 31.25 AB 1.6256462004799233 1.0426378624136332
60499.3308 lsst_hardware_z 426.61861205054834 47.34027398485997 30.959999084472656 AB 1.7735419128749965 1.0384748196789284
60499.3543 lsst_hardware_i 547.423694494573 38.470727023538295 31.270000457763672 AB 2.2799591228047036 1.0448941901031787
60501.3305 lsst_hardware_u -3.7841150269343653 3.0065206649046785 28.469999313354492 AB 8.846633988870055 1.038185006761944
60501.3515 lsst_hardware_g 22.389489815724545 16.716631112131445 31.450000762939453 AB 9.823010182350073 1.046885105182212
60506.3025 lsst_hardware_i 297.2453849827177 35.84923278076125 31.25 AB 3.1157410097099567 1.041357289341563
60506.321 lsst_hardware_z 334.85567951676467 45.602747575940576 30.950000762939453 AB 3.0203753480906346 1.0386435172248194
60508.3042 lsst_hardware_r 459.77757829568037 59.64805174819252 32.349998474121094 AB 1.869932080066032 1.03885115559224
60508.323 lsst_hardware_g 59.79177324011161 42.38223379070428 32.38999938964844 AB 1.8738383647745462 1.0410213137636368
60511.2998 lsst_hardware_r 183.36062184585452 97.0178072715409 31.65999984741211 AB 5.097389819697538 1.0382706629386982
60511.3196 lsst_hardware_i 97.62106005637452 77.50415290837958 31.329999923706055 AB 5.204224639678222 1.0436104957493804
60514.2825 lsst_hardware_z 272.5760170334062 98.93093267932653 31.0 AB 6.140558643209521 1.0405375016735519
60514.3036 lsst_hardware_i 258.3006037969492 113.9919332270291 31.34000015258789 AB 5.502201841934652 1.0398189250561565
60516.2919 lsst_hardware_z 681.9817761224605 93.097229403356 31.729999542236328 AB 8.950758850247587 1.0383710963164254
60520.2555 lsst_hardware_g 45.17675196287574 16.183078527856843 31.459999084472656 AB 4.614109624938433 1.0469758059801682
60520.2734 lsst_hardware_r 122.3351518866448 27.46840815433586 31.520000457763672 AB 4.592452527525258 1.0384877669795372
60527.2084 lsst_hardware_r 58.94402151879127 25.97235952063964 31.489999771118164 AB 2.4256152099722352 1.0846798032297695
60527.2294 lsst_hardware_g 38.453918937240324 15.909519336351657 31.440000534057617 AB 2.4072420114374147 1.053497598003245
60529.2653 lsst_hardware_r 132.6701010786821 36.764861280541645 32.27000045776367 AB 3.14435346000244 1.0408607078433498
60529.2847 lsst_hardware_i 302.2674911079375 47.51519879268487 32.0099983215332 AB 3.3519332880390045 1.0563369782149286
60537.1937 lsst_hardware_i 64.04811323054658 45.96333726011914 31.299999237060547 AB 5.147556862638304 1.06381955311564
60537.2153 lsst_hardware_z 214.77719216303694 49.38218398423411 30.959999084472656 AB 4.667948651156791 1.0427092536230056
60539.2355 lsst_hardware_r 35.75359669821437 82.91619232776756 31.65999984741211 AB 2.525597394417348 1.0398754068625211
60539.2503 lsst_hardware_z 184.72495544828718 63.13305207787835 30.989999771118164 AB 3.119593002379667 1.0490434644404094
60541.2056 lsst_hardware_r 75.20660293383192 163.99654953553437 31.670000076293945 AB 2.219279247629529 1.0420374445965626
60541.2255 lsst_hardware_i 41.09461624288793 128.64131350986156 31.350000381469727 AB 1.862573866271159 1.0386582273922538
60543.2011 lsst_hardware_z 93.73721552093919 92.99198252590921 31.0 AB 2.601697179666145 1.0415468275560449
60543.2219 lsst_hardware_i 177.71266969462386 108.43875412768494 31.34000015258789 AB 2.0725934849188437 1.0390675893643935
60546.2037 lsst_hardware_z 171.6029171495821 69.51837926662675 31.719999313354492 AB 3.9688244005817013 1.038325037215061
60546.2223 lsst_hardware_g 40.83812785546192 67.47528724362452 32.459999084472656 AB 3.523731671196282 1.0425755721277032
60549.1761 lsst_hardware_r 20.15669880935979 25.862290544842622 31.530000686645508 AB 4.502775086581624 1.0471569968794476
60549.1934 lsst_hardware_i 137.73874782895408 33.22824802491308 31.260000228881836 AB 4.466091745196894 1.0386259872550916
60553.152 lsst_hardware_i 147.57475137026398 33.05194631395244 31.25 AB 1.3794690094570876 1.0611300072746828
60553.1696 lsst_hardware_z 54.162520041615664 43.028282650696895 30.950000762939453 AB 1.6447246623799319 1.043938217949814
60555.1637 lsst_hardware_r 67.08249054794443 25.711406857748997 31.520000457763672 AB 1.461915978237459 1.044225698741042
60555.1838 lsst_hardware_g -22.459751307691555 16.129181351550212 31.469999313354492 AB 1.4016050110210867 1.038225934089694
60557.135 lsst_hardware_u -2.023510045503129 2.8299999237060547 28.450000762939453 AB 1.5020977911360567 1.069870221606878
60557.1545 lsst_hardware_r -8.48867472256166 24.8799991607666 31.520000457763672 AB 1.6102267151868037 1.0469614533074147
60559.1224 lsst_hardware_i -21.509152003947644 31.989999771118164 31.260000228881836 AB 1.6907614794265131 1.0820873468329684
60559.1424 lsst_hardware_z -74.10906591382373 41.83000183105469 30.950000762939453 AB 2.1380708035360527 1.0531071560330267
60566.1241 lsst_hardware_y -14.920785024112384 49.79999923706055 30.049999237060547 AB 1.2874464136257464 1.0522651521256612
60566.1417 lsst_hardware_r -87.36266034295207 50.619998931884766 31.639999389648438 AB 1.7426539273993698 1.0400799327958683
60568.1227 lsst_hardware_i -66.04014321577523 82.30999755859375 31.34000015258789 AB 3.774361531055317 1.048433758626477
60568.1415 lsst_hardware_z 31.454889675926925 72.77999877929688 31.0 AB 3.305007025657943 1.0386299412831037
60571.1163 lsst_hardware_z -126.33898137301996 94.27999877929688 31.0 AB 5.79865464393211 1.0469405351346672
60571.137 lsst_hardware_r 82.69187920514693 142.35000610351562 31.65999984741211 AB 7.753313147682618 1.0382047600003936
60577.1004 lsst_hardware_r -38.429028483680334 24.18000030517578 31.510000228881836 AB 5.267329042136984 1.046558522181002
60584.0721 lsst_hardware_u 3.8777908416462696 2.880000114440918 28.530000686645508 AB 5.128114226613052 1.0553303959691416
60584.0914 lsst_hardware_r 11.54452209513648 24.229999542236328 31.520000457763672 AB 4.73995811480924 1.040529368098033
60586.0737 lsst_hardware_i 29.574039619208065 31.459999084472656 31.260000228881836 AB 2.4359100813289043 1.0483044389596923
60586.0936 lsst_hardware_z 25.455244047990096 41.599998474121094 30.950000762939453 AB 2.1807038108012144 1.0384303860958164
60588.0742 lsst_hardware_r -27.244345693854644 24.1200008392334 31.510000228881836 AB 3.9395893162263746 1.043830244970585
60588.093 lsst_hardware_u 4.992101747386339 2.7799999713897705 28.459999084472656 AB 3.544551677202762 1.0381894099690785
60592.0639 lsst_hardware_i -45.99611297072269 32.7400016784668 31.270000457763672 AB 2.5599031582210605 1.043438787318279
60592.0824 lsst_hardware_z -1.1000191363490166 42.29999923706055 30.959999084472656 AB 2.5147010006077912 1.0382031241757008
60596.0631 lsst_hardware_r 40.109026835408045 83.5 31.65999984741211 AB 7.48115024802983 1.0390486455596986
60596.0824 lsst_hardware_i 68.3829509067046 70.38999938964844 31.329999923706055 AB 7.494302392911573 1.0408753323488296
60599.042 lsst_hardware_i -4.35812126474295 88.94999694824219 31.34000015258789 AB 6.842544488134425 1.0453016327733615
60599.0595 lsst_hardware_z 10.897189921026309 76.91999816894531 31.0 AB 6.797230902546263 1.0382735594520769
60601.0424 lsst_hardware_r -107.28353108886553 84.58000183105469 31.65999984741211 AB 3.947999861314468 1.0417115225878673
60601.0615 lsst_hardware_z -5.128477883484238 62.13999938964844 30.989999771118164 AB 3.9285065367193406 1.038623420666507
60603.032 lsst_hardware_g 6.95461280919787 15.510000228881836 31.479999542236328 AB 3.494015716838524 1.0446528952078507
60603.0494 lsst_hardware_r 43.9943795506154 24.3700008392334 31.530000686645508 AB 3.1748590602769493 1.03821421199377
60605.0317 lsst_hardware_i 68.48018241733413 31.6299991607666 31.260000228881836 AB 4.141922439845139 1.0416000100201532
60605.0495 lsst_hardware_z 58.18111573761838 41.7400016784668 30.950000762939453 AB 4.535948118241135 1.0384496607695646
60607.0312 lsst_hardware_r 36.399752091557794 24.329999923706055 31.520000457763672 AB 3.763705678732631 1.0395780445342748
60607.0494 lsst_hardware_g -12.04425509347689 15.4399995803833 31.469999313354492 AB 3.9558076925417818 1.039725168882543
60609.0311 lsst_hardware_r -55.0138922691477 24.450000762939453 31.520000457763672 AB 4.462563162084477 1.0383889772355341
60611.0127 lsst_hardware_y 11.475728845451556 49.689998626708984 30.049999237060547 AB 3.3032614564881295 1.0430254046378684
60611.0313 lsst_hardware_z -51.11923973408428 41.95000076293945 30.959999084472656 AB 3.2850243187603696 1.0382504168017697
60615.0038 lsst_hardware_y -11.248429877668999 67.7699966430664 30.06999969482422 AB 9.152056617665103 1.0419007989145153
60615.0235 lsst_hardware_r 24.571218558136778 24.65999984741211 31.520000457763672 AB 9.08831081196675 1.0386640927961999
60617.014 lsst_hardware_z 81.09532830578858 75.97000122070312 31.719999313354492 AB 4.842830353579845 1.0381943018966782
60827.4152 lsst_hardware_g 3.500283210577153 16.3799991607666 31.5 AB 6.50751500061327 1.0464766423756793
60827.4358 lsst_hardware_y -18.388371055270408 60.36000061035156 30.06999969482422 AB 6.527421255306629 1.0381997304555455
60831.4125 lsst_hardware_i 0.31556795938199783 45.279998779296875 32.02000045776367 AB 4.790122156828474 1.041330903658364
60831.4357 lsst_hardware_y -120.89662698798456 79.9000015258789 30.809999465942383 AB 4.5758322563946425 1.0399618764533278
60843.3361 lsst_hardware_z -25.206897009869593 63.88999938964844 30.979999542236328 AB 3.6319653020706695 1.0987642722948285
60843.3689 lsst_hardware_r -61.22301338375871 72.06999969482422 31.649999618530273 AB 3.517153224896773 1.0486443723603651
60850.3348 lsst_hardware_g 12.081289790357907 15.40999984741211 31.450000762939453 AB 3.646168118518367 1.0660790756352128
60850.3617 lsst_hardware_r 3.7032993804329397 24.309999465942383 31.510000228881836 AB 3.5657668112504832 1.0408465515691023
60853.302 lsst_hardware_r -19.57290722389476 24.540000915527344 31.510000228881836 AB 7.6290173359973545 1.1150273802977717
60853.3219 lsst_hardware_i -20.346085122696397 31.760000228881836 31.260000228881836 AB 7.226149771500251 1.0734031151961156
60859.3363 lsst_hardware_z -6.42728563352621 41.540000915527344 30.950000762939453 AB 6.797104954924324 1.0412231854969611
60859.3587 lsst_hardware_u 2.426487816947479 2.809999942779541 28.479999542236328 AB 6.820146366840834 1.0397753351131356
60862.3296 lsst_hardware_g 2.6783491614457073 26.90999984741211 31.639999389648438 AB 5.320683599628499 1.0405678579432844
60862.3491 lsst_hardware_r 16.71699192620046 24.18000030517578 31.520000457763672 AB 5.916078228335925 1.0393367894479415
60864.323 lsst_hardware_i -32.20472710486902 53.970001220703125 31.31999969482422 AB 1.3593676120996345 1.0410626935474896
60864.3433 lsst_hardware_z -64.06742594885608 52.90999984741211 30.979999542236328 AB 1.634294842547207 1.0392421233941498
60869.2982 lsst_hardware_z -83.14661581509415 181.2100067138672 32.5099983215332 AB 6.395263517197288 1.048403855278244
60871.2905 lsst_hardware_r -112.29098092776154 88.30999755859375 31.649999618530273 AB 5.653177878403079 1.0504348731180524
60871.3119 lsst_hardware_i 24.37308115310137 75.08000183105469 31.329999923706055 AB 4.9609562712995805 1.038581215205774
60876.2963 lsst_hardware_z -41.860690122948725 41.63999938964844 30.959999084472656 AB 3.439002672289758 1.0389736170059691
60876.3181 lsst_hardware_u -1.6621067894488415 2.809999942779541 28.459999084472656 AB 3.324306926645161 1.0423475508803515
60878.2847 lsst_hardware_g 18.44307442601335 15.100000381469727 31.450000762939453 AB 5.105383945016972 1.0411006243449623
60878.3071 lsst_hardware_r -43.157228798367804 23.959999084472656 31.510000228881836 AB 5.016863575931107 1.0398722304759263
60880.2824 lsst_hardware_i -20.419131992680217 31.600000381469727 31.260000228881836 AB 6.1465615045276385 1.0398367199234722
60880.3037 lsst_hardware_z -75.10442753593387 41.84000015258789 30.950000762939453 AB 5.394280097115546 1.0406636629913275
60882.2791 lsst_hardware_i 4.492853820980846 31.350000381469727 31.25 AB 11.051332213154875 1.0391799347876325
60882.3013 lsst_hardware_u -1.2690226937192766 2.75 28.43000030517578 AB 8.894168347086646 1.0421225215302272
60885.252 lsst_hardware_u 1.8949573066095107 2.869999885559082 28.520000457763672 AB 4.388080689601565 1.0507017374734373
60885.2704 lsst_hardware_g -5.320091744522669 15.460000038146973 31.479999542236328 AB 4.34834134073121 1.039319923689888
60887.2562 lsst_hardware_r 11.15788782405845 24.209999084472656 31.510000228881836 AB 3.7341430038270325 1.0431781177028143
60887.2765 lsst_hardware_i -13.209804933378326 31.420000076293945 31.260000228881836 AB 3.7208023361606384 1.038435891665178
60898.228 lsst_hardware_z 230.90540829675766 130.16000366210938 31.75 AB 6.695058624014761 1.042140604578648
60900.2131 lsst_hardware_r -55.8854814152666 69.36000061035156 31.649999618530273 AB 3.6968014158830704 1.048812374177763
60900.2316 lsst_hardware_i 27.843620131664945 58.939998626708984 31.329999923706055 AB 3.6435691364311786 1.038793766623287
60905.2174 lsst_hardware_g -20.603431939298286 22.3700008392334 32.22999954223633 AB 2.5457692448985614 1.0389128018630416
60905.2368 lsst_hardware_r -4.818926672376946 35.0099983215332 32.279998779296875 AB 2.582784048169399 1.0412702361173454
60907.1884 lsst_hardware_i -12.885088155514946 31.899999618530273 31.25 AB 2.2512641057891334 1.054332797465933
60907.206 lsst_hardware_z -21.654539049547928 41.90999984741211 30.950000762939453 AB 2.251964526092044 1.0408895429128928
60911.21 lsst_hardware_g 0.41995653688247747 22.299999237060547 32.220001220703125 AB 2.69826785304581 1.0383278038914097
60911.2291 lsst_hardware_r 10.552728127274628 34.91999816894531 32.2599983215332 AB 2.7044022724336205 1.0467303338022012
60931.1266 lsst_hardware_i -3.023723886299804 31.479999542236328 31.260000228881836 AB 3.849273728881513 1.050518188459817
60931.1442 lsst_hardware_z -57.54490207123793 41.599998474121094 30.950000762939453 AB 3.7136144195011234 1.0395001874040932
60933.1212 lsst_hardware_r 69.01399853116584 24.5 31.520000457763672 AB 1.0919536392176266 1.0504604513880174
60933.1388 lsst_hardware_g 9.591314925605602 15.59000015258789 31.479999542236328 AB 1.433791858153423 1.039481772465024
60935.1192 lsst_hardware_r -33.26674004034875 24.43000030517578 31.510000228881836 AB 1.0945317287674312 1.0473987835095036
60935.1376 lsst_hardware_i 45.495949181287706 31.600000381469727 31.25 AB 0.6688042149017834 1.038515861648732
60937.1086 lsst_hardware_i 3.69902954057046 31.489999771118164 31.25 AB 5.793958029225537 1.052107868027233
60937.1283 lsst_hardware_z 51.98101043235347 41.59000015258789 30.950000762939453 AB 7.705532835286231 1.039356983346694
60939.1095 lsst_hardware_r -62.09466009282514 24.239999771118164 31.510000228881836 AB 4.060127631777168 1.0464246473655843
60939.1293 lsst_hardware_u -1.3811683790209937 2.7899999618530273 28.459999084472656 AB 4.684039788239372 1.0382444393747916
60942.097 lsst_hardware_g -16.633065997776633 15.220000267028809 31.450000762939453 AB 3.8608944737281727 1.0501072911318396
60942.1155 lsst_hardware_r -34.16295614481265 24.049999237060547 31.510000228881836 AB 3.838437521191083 1.0391240159337263
60944.0981 lsst_hardware_i 41.35006408186919 31.389999389648438 31.25 AB 3.8212615017525753 1.0447741631584215
60944.1181 lsst_hardware_z 54.256059368275025 41.439998626708984 30.950000762939453 AB 3.799340545288919 1.0382130196169626
60946.1006 lsst_hardware_r 21.703160837921462 26.329999923706055 31.540000915527344 AB 4.760239121065679 1.0404325711306877
60946.1198 lsst_hardware_g 4.444536977889991 18.600000381469727 31.530000686645508 AB 4.75937679132042 1.0393543493329165
60949.0735 lsst_hardware_z 8.858072933302848 48.099998474121094 30.959999084472656 AB 6.037455857675255 1.0545774423886907
60949.0925 lsst_hardware_r -21.86938605488357 46.41999816894531 31.6200008392334 AB 6.555188437219941 1.0403960063305377
60951.0715 lsst_hardware_i -63.25850918257736 74.62000274658203 31.329999923706055 AB 3.0378846071099215 1.0509893122679723
60951.0896 lsst_hardware_z 28.06092003170151 68.13999938964844 30.989999771118164 AB 3.6891729062980865 1.039496451478872
60954.0748 lsst_hardware_r 110.61493817286262 125.2699966430664 31.65999984741211 AB 3.9386803174909946 1.0423006176926728
60954.0935 lsst_hardware_z 195.1780234633345 84.51000213623047 31.0 AB 3.5559220798768547 1.038427551799008
60956.0634 lsst_hardware_g 160.0296514478143 92.11000061035156 31.729999542236328 AB 5.6561658758051925 1.0461788358097093
60956.0802 lsst_hardware_r -6.539818982379815 87.72000122070312 31.65999984741211 AB 5.047742113670219 1.0385232205875334
60958.063 lsst_hardware_i 14.191148147435499 31.299999237060547 31.25 AB 2.5167788814022742 1.0427921613433015
60958.0804 lsst_hardware_z 9.100124497187437 41.36000061035156 30.940000534057617 AB 2.5267139899512467 1.038233388556698
60960.0616 lsst_hardware_r 14.78800338644199 24.1200008392334 31.520000457763672 AB 5.556749256395504 1.0407521628958887
60960.08 lsst_hardware_g -6.694243993445479 15.279999732971191 31.469999313354492 AB 5.508140529205796 1.0389450856721645
60962.0433 lsst_hardware_u -2.0639313323249935 2.7699999809265137 28.450000762939453 AB 7.554746732698742 1.049270379541492
60962.0596 lsst_hardware_r -18.182587776850248 24.190000534057617 31.520000457763672 AB 7.484290727135682 1.0394848232132892
60966.0413 lsst_hardware_r -8.463642061814229 24.200000762939453 31.5 AB 5.506198039293218 1.0427088825829853
60966.06 lsst_hardware_u 4.615218572092306 2.7799999713897705 28.450000762939453 AB 5.825792979996667 1.0383423799895939
60969.0315 lsst_hardware_g 18.61017292798835 15.4399995803833 31.469999313354492 AB 3.4801312763633816 1.0436740969750733
60969.0488 lsst_hardware_r 55.62983720021104 24.290000915527344 31.520000457763672 AB 3.1312046223695202 1.0381978190880372
60973.0343 lsst_hardware_r 31.652445560666276 24.510000228881836 31.520000457763672 AB 3.7540741742551855 1.0384474791051894
60973.0526 lsst_hardware_g -12.159853555252646 15.720000267028809 31.479999542236328 AB 3.9793877914261437 1.041997326898674
60975.0113 lsst_hardware_y -15.988258039899131 48.779998779296875 30.040000915527344 AB 4.489520982974528 1.0463457853420806
60975.0287 lsst_hardware_r 37.86716570970195 25.93000030517578 31.520000457763672 AB 4.44524160791432 1.0384663167981747
