data/validation/pwv_sim_epoch_fit_seasonal/27250796.ecsv
# %ECSV 0.9
# ---
# datatype:
# - {name: time, datatype: float64}
# - {name: band, datatype: string}
# - {name: flux, datatype: float64}
# - {name: fluxerr, datatype: float64}
# - {name: zp, datatype: float64}
# - {name: zpsys, datatype: string}
# - {name: pwv, datatype: float64}
# - {name: airmass, datatype: float64}
# meta: {SNID: '27250796', alt: 1024.0, c: -0.05272151157259941, dec: -30.0, lat: -30.244573, lon: -70.7499537, ra: 192.480469, t0: 61437.71875,
#   x0: 6.6715567699423716e-06, x1: 0.6468702554702759, z: 0.5443806052207947}
# schema: astropy-2.0
time band flux fluxerr zp zpsys pwv airmass
61416.2873 lsst_hardware_r 364.5656426864943 31.5206380824534 31.450000762939453 AB 8.3335015243194 1.3567322175589192
61416.3034 lsst_hardware_z 212.7340582235564 47.346410771527985 30.93000030517578 AB 9.34118913769341 1.2623228564450555
61419.3019 lsst_hardware_r 720.8540553837437 36.849156500867885 31.479999542236328 AB 10.270059256555886 1.229260204662762
61419.3205 lsst_hardware_u -0.2625789381684384 2.8296843870076756 28.440000534057617 AB 9.625036418444443 1.1528830653730469
61421.2985 lsst_hardware_g 377.20832311753895 23.79868536810319 31.399999618530273 AB 7.059134907594183 1.2197209343575262
61421.3164 lsst_hardware_r 1016.4574118656394 40.36511646295747 31.5 AB 6.487876858761053 1.1480935867565127
61423.295 lsst_hardware_i 976.4055927751061 45.18978873919168 31.229999542236328 AB 8.83480779304579 1.2109111558450918
61423.3108 lsst_hardware_z 616.9369062651447 50.35556149761813 30.940000534057617 AB 8.370001422749478 1.1485816217022198
61425.2899 lsst_hardware_r 1733.26087407531 62.47752016925113 31.579999923706055 AB 14.334978251166778 1.2093201097683666
61425.3085 lsst_hardware_z 782.4474749303105 56.00364032093376 30.950000762939453 AB 12.37197380154069 1.1378097026293916
61427.2952 lsst_hardware_z 890.2734340933675 67.00407601969955 30.959999084472656 AB 11.017099681676342 1.1655223149088962
61427.312 lsst_hardware_i 1410.1873516739163 73.50911076405173 31.309999465942383 AB 10.394133753672 1.1100100121392567
61433.3015 lsst_hardware_i 1887.6021572711813 70.24840390863864 31.309999465942383 AB 12.797783646031807 1.0938276620540006
61433.3198 lsst_hardware_z 1228.696877358228 65.15021851815011 30.979999542236328 AB 12.318192311256366 1.0528369496800314
61435.3066 lsst_hardware_r 5056.160990273181 86.15124855705956 32.33000183105469 AB 11.943495328216244 1.0685301121195476
61435.3257 lsst_hardware_g 2012.5796005173254 60.12067122949576 32.400001525878906 AB 11.537502379533308 1.0338263780943824
61437.306 lsst_hardware_r 2558.0404337923937 55.25323634574796 31.530000686645508 AB 10.421072134598448 1.0584066762744717
61437.3251 lsst_hardware_i 1809.585722906895 53.03890487523817 31.260000228881836 AB 10.184461746423292 1.0270735928220343
61439.3086 lsst_hardware_z 1315.6251124623097 55.39624050654566 30.959999084472656 AB 9.716373866443252 1.043593133176879
61439.3267 lsst_hardware_i 1894.243338858094 52.882421388278 31.270000457763672 AB 9.627438232657274 1.0186687369227885
61441.3085 lsst_hardware_u 3.114859609443992 3.0380320410567605 28.510000228881836 AB 6.775401522001198 1.035044534372327
61441.327 lsst_hardware_g 626.7855108209839 29.073377109734782 31.459999084472656 AB 6.680441339118134 1.0130066729354226
61444.212 lsst_hardware_i 1617.6848540126516 52.48319901343617 31.209999084472656 AB 9.561715127501122 1.3492542512936796
61444.2307 lsst_hardware_r 2007.842271374438 50.50932135135388 31.469999313354492 AB 8.86768155603256 1.2434234479129553
61446.1946 lsst_hardware_u 5.945770113837699 2.6375352972191197 28.110000610351562 AB 4.625392541763485 1.4341561289122595
61446.2132 lsst_hardware_g 378.81643630629185 24.492874812126693 31.34000015258789 AB 5.659909325025707 1.308145452625356
61449.2133 lsst_hardware_i 1562.0484008177611 50.340200987536846 31.219999313354492 AB 6.203637633007604 1.2623558908649946
61449.2307 lsst_hardware_z 1211.3811965122545 55.128921145004604 30.940000534057617 AB 5.86005058586186 1.1827335681906335
61451.2163 lsst_hardware_r 1485.7574491217406 45.04180412202766 31.469999313354492 AB 3.8915700643360496 1.221076267441452
61451.2354 lsst_hardware_u -0.710812650978954 2.746777248526534 28.360000610351562 AB 3.726297593950662 1.1449677658474917
61453.2215 lsst_hardware_g 334.34813559934264 42.075258739959644 31.6299991607666 AB 5.420418331642092 1.1759232740301753
61453.2417 lsst_hardware_i 1397.4933738611262 54.23160031687701 31.280000686645508 AB 5.149106310453947 1.1080495611047874
61455.219 lsst_hardware_z 1967.7312621912838 90.93586150521782 31.719999313354492 AB 3.0480773942033466 1.1646107151412155
61455.2394 lsst_hardware_r 2495.480166483664 111.57646881291116 32.38999938964844 AB 2.8642976050500097 1.0992571082448548
61457.2317 lsst_hardware_y 519.5455887402125 84.331449106831 30.790000915527344 AB 6.105902263909159 1.1054408009250014
61461.2232 lsst_hardware_z 802.1192365575662 71.81074396561483 30.979999542236328 AB 9.416433699907135 1.0987670594990822
61461.2446 lsst_hardware_r 1044.4314347058619 87.94454199860662 31.649999618530273 AB 8.995583024424993 1.0505279187689156
61465.2226 lsst_hardware_i 746.1134863684008 43.18964204126138 31.25 AB 3.7962079388673233 1.0731835484924586
61465.2444 lsst_hardware_z 785.2964076436435 50.04822633968551 30.950000762939453 AB 3.62769682392169 1.0329432869936321
61467.2086 lsst_hardware_r 449.79664389782835 31.92616214188718 31.489999771118164 AB 5.690842223726986 1.094024553991827
61467.2283 lsst_hardware_u -3.446149961001129 3.0671526296965723 28.389999389648438 AB 5.466787025849286 1.050379382118188
61469.2201 lsst_hardware_g 65.63048616392217 16.057853345671756 31.40999984741211 AB 11.444102894358632 1.0555343012690124
61469.2402 lsst_hardware_r 398.4164323368005 30.579566482401606 31.489999771118164 AB 11.132673618501567 1.0239530564971966
61471.2079 lsst_hardware_i 603.3413387905612 38.76681528846705 31.25 AB 10.069991026949305 1.0694363623147394
61471.2291 lsst_hardware_z 726.2851031959743 48.23813163830733 30.950000762939453 AB 9.996096052294975 1.0313937217549114
61473.1936 lsst_hardware_z 665.1850876392803 48.843482454788436 30.940000534057617 AB 9.904580603651787 1.0904425557017299
61473.2141 lsst_hardware_r 375.12085228247605 29.379295640543965 31.5 AB 9.223967501864275 1.0464736416288931
61475.2203 lsst_hardware_r 302.6184181928043 28.58014820715764 31.5 AB 8.875267774547936 1.0284700236065398
61475.2419 lsst_hardware_i 476.15816385357095 37.01877456787275 31.260000228881836 AB 8.585094249895127 1.007049178873344
61478.1194 lsst_hardware_i 329.3349344423437 38.3576948940122 31.200000762939453 AB 17.583198231488186 1.3477846260530333
61478.1413 lsst_hardware_z 513.7435745720594 49.76297206261137 30.93000030517578 AB 13.667307385511746 1.2270146683186272
61480.0899 lsst_hardware_g 46.3377921802904 31.46697136396699 31.469999313354492 AB 11.118353102555421 1.5357371597852718
61480.1111 lsst_hardware_r 165.15411953756114 36.85494465078828 31.510000228881836 AB 9.751254638527538 1.3665353520692287
61482.1691 lsst_hardware_y 311.67893546952325 51.069287055038004 30.030000686645508 AB 7.506423660894314 1.0902576123303287
61482.189 lsst_hardware_r 190.3510346012681 47.56987331290576 31.6200008392334 AB 7.191641960755828 1.0474027663309293
61486.1679 lsst_hardware_i 172.56709368924288 101.29633617284932 31.34000015258789 AB 5.106432431570145 1.0673608984295433
61486.1859 lsst_hardware_z 600.3092324169822 86.85041788273305 31.010000228881836 AB 4.977996950646532 1.034657719022402
61491.1541 lsst_hardware_r 72.25873485294709 60.919941733299524 31.639999389648438 AB 7.367004833848878 1.0676818599780982
61491.1737 lsst_hardware_i 306.2699369646619 54.30117066538816 31.31999969482422 AB 6.942380364186008 1.032528932257103
61495.0643 lsst_hardware_r 114.72706254546453 27.399148114984794 31.440000534057617 AB 6.73561154963795 1.4077739022146722
61495.082 lsst_hardware_z 351.35065188851604 48.92471101427276 30.93000030517578 AB 6.178846218758996 1.2932769592044155
61498.0667 lsst_hardware_r 125.7675245895419 26.932114265733336 31.450000762939453 AB 8.308333493742063 1.3356375683212063
61498.0841 lsst_hardware_u 0.1555778016289566 3.0737585252311592 28.329999923706055 AB 8.757094035173155 1.2393575707285984
61502.078 lsst_hardware_i 141.52354294526265 34.64752116862391 31.219999313354492 AB 13.233350007957277 1.2167851786517863
61502.0961 lsst_hardware_z 336.75629282102454 45.58037119632299 30.940000534057617 AB 11.791173776793235 1.1451632862422352
61504.0635 lsst_hardware_r 142.1093442742718 26.531634131601898 31.459999084472656 AB 9.675775744814834 1.2604684195772504
61504.0805 lsst_hardware_u 4.970804504017127 2.8093457251706337 28.360000610351562 AB 9.091394416992737 1.18287686223477
61506.0581 lsst_hardware_g -25.702635298487376 15.091050206875883 31.3700008392334 AB 4.060324408020354 1.260154995376807
61506.0784 lsst_hardware_i 252.24483465089997 34.8418359098325 31.239999771118164 AB 3.758244546746867 1.1697298550372819
61512.0717 lsst_hardware_y 80.07027720864154 52.90616761764911 30.030000686645508 AB 16.60497160145467 1.1353956125850784
61512.0898 lsst_hardware_r 56.761694547494805 66.00588815643916 31.639999389648438 AB 15.433293761677936 1.083722615102727
61517.0755 lsst_hardware_r 10.769624246586714 120.5999984741211 31.649999618530273 AB 10.187335005583536 1.0853177441627375
61517.0937 lsst_hardware_z 23.27364943736128 80.36000061035156 31.0 AB 9.593462059088267 1.046940202883405
61519.0799 lsst_hardware_r 16.841053902261606 69.29000091552734 31.639999389648438 AB 9.852952185975983 1.0629145538958422
61519.0982 lsst_hardware_i -4.168828263495837 58.040000915527344 31.329999923706055 AB 9.36718778769041 1.0311743491513001
61521.0734 lsst_hardware_z -85.95122848125663 42.27000045776367 30.940000534057617 AB 11.431623488691352 1.0650911663739264
61521.091 lsst_hardware_i -49.64177965828495 38.0 31.280000686645508 AB 10.130034659916465 1.0336770061139249
61523.0739 lsst_hardware_u 1.379112806745902 2.7100000381469727 28.43000030517578 AB 1.7426460804779702 1.0531704757119078
61523.0911 lsst_hardware_g 14.25367967297462 14.5 31.450000762939453 AB 2.3627892406975946 1.026035712830974
61527.0544 lsst_hardware_i -16.257954208860745 31.09000015258789 31.25 AB 8.994401353712561 1.070762065918162
61527.0742 lsst_hardware_z -66.17160377574335 41.25 30.950000762939453 AB 8.688060010959068 1.0342928584475082
61529.0726 lsst_hardware_g -5.5854663592587315 14.34000015258789 31.43000030517578 AB 11.290973879681658 1.0288215781510246
61529.0925 lsst_hardware_r 11.53683524300652 23.079999923706055 31.510000228881836 AB 11.99778337230317 1.0083865668434333
61530.9754 lsst_hardware_y -52.287998354486916 50.83000183105469 29.950000762939453 AB 9.229243179899905 1.343216879624495
61530.9956 lsst_hardware_r -21.592000616624485 23.969999313354492 31.469999313354492 AB 8.209280036973114 1.2316691311004646
61533.9563 lsst_hardware_y -65.71631805111865 72.58999633789062 29.93000030517578 AB 13.120673793957288 1.4190648706421465
61533.9744 lsst_hardware_g -3.1089460442085133 15.010000228881836 31.360000610351562 AB 11.330945938095942 1.2996191242654775
61535.9568 lsst_hardware_y 84.8296111260907 77.94999694824219 29.959999084472656 AB 12.62400923831512 1.3760637931453148
61535.9752 lsst_hardware_z -38.421618104288854 45.15999984741211 30.940000534057617 AB 9.500044488308262 1.265280789572563
61539.9782 lsst_hardware_y -132.94682834760843 73.66000366210938 30.760000228881836 AB 7.847458907052189 1.1994282005888177
61541.9559 lsst_hardware_z 37.51427593674088 90.05999755859375 30.969999313354492 AB 12.22452381591037 1.2808819463783283
61541.9755 lsst_hardware_r -7.632184470066396 101.0199966430664 31.6299991607666 AB 12.3783054353537 1.187908681207602
61544.9684 lsst_hardware_y 45.81067952310021 64.13999938964844 30.010000228881836 AB 8.890727243522546 1.1834841252415305
61544.9894 lsst_hardware_z 0.17718828732323436 81.05999755859375 30.989999771118164 AB 8.420244056188128 1.1112410772727603
61545.9557 lsst_hardware_y 44.38625952656934 73.88999938964844 30.0 AB 6.635619460223278 1.2266981994497064
61545.9728 lsst_hardware_i 195.4595770586474 82.98999786376953 31.309999465942383 AB 8.16974539182803 1.1563005803141213
61547.9555 lsst_hardware_y 23.213477268685324 62.400001525878906 30.0 AB 3.1195287495846116 1.2030964163591384
61547.9768 lsst_hardware_r -3.657077007913466 23.229999542236328 31.479999542236328 AB 2.1450140197943046 1.124515868830566
61549.9555 lsst_hardware_y -16.259919964474896 60.61000061035156 30.020000457763672 AB 6.484250340336032 1.180474915937672
61549.9749 lsst_hardware_g 5.549702263362949 14.380000114440918 31.420000076293945 AB 5.282283310367719 1.1137204554935012
61551.9546 lsst_hardware_z -60.44316161816234 54.709999084472656 30.959999084472656 AB 6.977704103284866 1.162950683880811
61551.974 lsst_hardware_i -42.15034669650413 31.170000076293945 31.239999771118164 AB 6.417107436131539 1.100767471461832
61553.9548 lsst_hardware_y -105.87939227583323 59.06999969482422 30.030000686645508 AB 10.848235600411652 1.1428217645943273
61553.9737 lsst_hardware_r 9.0160702142665 23.209999084472656 31.5 AB 9.629963044437549 1.0872407400081718
61560.9564 lsst_hardware_y 6.735810307492855 55.709999084472656 30.040000915527344 AB 13.347195281565188 1.0827610352531183
61560.9775 lsst_hardware_u -4.09107646632651 2.6500000953674316 28.3799991607666 AB 12.3679124220658 1.040281976790798
61562.9563 lsst_hardware_y -42.977016175479555 54.439998626708984 30.049999237060547 AB 4.93418350835881 1.0703218022469103
61562.9739 lsst_hardware_r -17.931175047682526 23.030000686645508 31.510000228881836 AB 4.697034219742439 1.037330878918383
61780.2945 lsst_hardware_z -119.74968167239307 54.279998779296875 30.940000534057617 AB 9.534646080990163 1.3325229778706087
61780.3107 lsst_hardware_r -3.0362279474600884 49.720001220703125 31.579999923706055 AB 8.913231906881855 1.2427819167431475
61783.3052 lsst_hardware_r 38.019734079577894 80.69000244140625 31.600000381469727 AB 6.813293791895445 1.22985492415267
61783.322 lsst_hardware_z -31.049411678829625 59.209999084472656 30.969999313354492 AB 6.305669425708089 1.159841096083646
61786.2897 lsst_hardware_r -72.80711232061307 101.22000122070312 32.349998474121094 AB 5.609329098854741 1.2662142435338015
61786.3063 lsst_hardware_y 129.29981622907238 76.37000274658203 30.760000228881836 AB 6.918664175642653 1.1889782051284847
61788.2916 lsst_hardware_g -12.86572808073515 50.84000015258789 31.6299991607666 AB 9.016375156241175 1.2296174865316674
61788.3075 lsst_hardware_r 47.96523257393253 54.970001220703125 31.600000381469727 AB 8.485060154826396 1.1629742536768635
61790.2932 lsst_hardware_i 48.930634581562835 35.119998931884766 31.239999771118164 AB 12.998642335051674 1.198068358633292
61790.3117 lsst_hardware_z 74.13807811591136 43.7400016784668 30.940000534057617 AB 12.105084105846327 1.1296446789809154
61792.2925 lsst_hardware_r -8.130908093435714 24.450000762939453 31.489999771118164 AB 11.19427854255821 1.1785932346344716
61792.3086 lsst_hardware_u 1.8000355322222832 2.809999942779541 28.43000030517578 AB 10.649437514625365 1.1222337862506313
61794.2952 lsst_hardware_g -7.416686150966388 14.539999961853027 31.399999618530273 AB 9.104503589335891 1.1482899056390845
61794.3128 lsst_hardware_i 3.5747593831712394 31.229999542236328 31.239999771118164 AB 8.498687860511 1.094662741653333
61796.3026 lsst_hardware_z 59.69872750288256 42.2400016784668 30.940000534057617 AB 13.528839492532377 1.1076501958844258
61796.321 lsst_hardware_r 25.200890020806817 23.270000457763672 31.489999771118164 AB 12.931060954623941 1.0626231370387
61798.3021 lsst_hardware_g 4.958745800589921 14.199999809265137 31.399999618530273 AB 12.80077418735899 1.0940832638768367
61798.3213 lsst_hardware_r 41.384573117095506 23.030000686645508 31.489999771118164 AB 12.300693531672222 1.0513413274933523
61800.3042 lsst_hardware_i -4.224151624867517 31.0 31.239999771118164 AB 11.966226955283856 1.0754708987807358
61800.3214 lsst_hardware_z -55.33749283038277 41.150001525878906 30.950000762939453 AB 11.578663072637335 1.0416213631375797
61802.3115 lsst_hardware_r -10.085592548407392 23.239999771118164 31.5 AB 10.39953207597694 1.0492919055571526
61802.3287 lsst_hardware_g 11.165314022578633 14.420000076293945 31.450000762939453 AB 10.16563974386931 1.0234208943792722
61806.3059 lsst_hardware_z -9.606410148675554 41.36000061035156 30.950000762939453 AB 6.852388085323979 1.0401843979138845
61806.3239 lsst_hardware_i 33.62342885766385 30.579999923706055 31.25 AB 6.719192123573382 1.0166217657212178
