data/validation/pwv_sim_epoch_fit_seasonal/27371868.ecsv
# %ECSV 0.9
# ---
# datatype:
# - {name: time, datatype: float64}
# - {name: band, datatype: string}
# - {name: flux, datatype: float64}
# - {name: fluxerr, datatype: float64}
# - {name: zp, datatype: float64}
# - {name: zpsys, datatype: string}
# - {name: pwv, datatype: float64}
# - {name: airmass, datatype: float64}
# meta: {SNID: '27371868', alt: 1024.0, c: -0.04033859074115753, dec: -26.944359, lat: -30.244573, lon: -70.7499537, ra: 250.136719, t0: 61957.1328125,
#   x0: 4.171154787378845e-06, x1: 0.5345055460929871, z: 0.6605362892150879}
# schema: astropy-2.0
time band flux fluxerr zp zpsys pwv airmass
[from data line 132]
62266.1629 lsst_hardware_r 23.865998969748322 24.6299991607666 31.489999771118164 AB 8.128780167553051 1.1583584136163523
62268.1387 lsst_hardware_r -38.06646336138073 25.110000610351562 31.479999542236328 AB 16.04754515491387 1.2382922447574574
62268.1525 lsst_hardware_i -47.83885729712711 32.869998931884766 31.239999771118164 AB 15.41387412101846 1.1772606828853938
62270.1537 lsst_hardware_i -31.342740549618217 32.61000061035156 31.239999771118164 AB 7.232536069373925 1.1521057828344807
62270.174 lsst_hardware_u -4.209564149306644 2.8299999237060547 28.459999084472656 AB 6.450158978607245 1.0899988416342012
62272.1567 lsst_hardware_g 12.879487556610847 15.670000076293945 31.450000762939453 AB 7.383352377757722 1.12371240815124
62272.1755 lsst_hardware_r -17.64447914385831 24.649999618530273 31.510000228881836 AB 5.780530917657615 1.0731515673735477
62277.1601 lsst_hardware_i 33.864742300137316 34.400001525878906 31.270000457763672 AB 7.708362287439022 1.0771886930462347
62277.1804 lsst_hardware_r -7.431332629018976 27.639999389648438 31.549999237060547 AB 7.80014283646225 1.0378280744821353
62280.156 lsst_hardware_r -19.102561608200165 59.29999923706055 31.639999389648438 AB 8.035568597150375 1.0679442604638782
62280.1765 lsst_hardware_i 137.59535384796646 51.119998931884766 31.31999969482422 AB 8.113869846464699 1.031489693810797
62283.1614 lsst_hardware_z -120.24346710173744 146.5 31.760000228881836 AB 5.636639148786365 1.0420210405693304
62285.1511 lsst_hardware_r -132.6784551188755 137.6699981689453 31.65999984741211 AB 9.55678994619247 1.0504371820866407
62285.1695 lsst_hardware_z -28.232408945743224 90.86000061035156 31.0 AB 9.001836398862963 1.0229359544162457
62288.0605 lsst_hardware_g 6.992078869899098 15.6899995803833 31.360000610351562 AB 10.086187782207247 1.3773300262470638
62288.079 lsst_hardware_r -12.331309972168429 25.549999237060547 31.479999542236328 AB 9.319612239283217 1.2642476472009792
62291.0397 lsst_hardware_r 7.557280230172782 25.75 31.43000030517578 AB 16.541148370337158 1.475241772159424
62291.0595 lsst_hardware_i -49.026225616092034 33.84000015258789 31.209999084472656 AB 15.258724782382513 1.3295432572508725
62302.0382 lsst_hardware_z -19.717600694494994 45.130001068115234 30.920000076293945 AB 16.905624981261816 1.278147049994593
62302.0606 lsst_hardware_r 4.813924043984796 24.979999542236328 31.479999542236328 AB 15.799468442929154 1.1735909706910712
62304.0391 lsst_hardware_u -6.161953666344486 3.1500000953674316 28.450000762939453 AB 7.4864759801071425 1.2447723737915772
62304.059 lsst_hardware_r 13.855949138896957 25.940000534057617 31.510000228881836 AB 6.878981567200673 1.1589068891379646
62308.0759 lsst_hardware_z -22.233206549670243 70.01000213623047 31.709999084472656 AB 3.5892626735477586 1.076160010058594
62310.0658 lsst_hardware_r -80.04057904242816 97.69999694824219 31.649999618530273 AB 3.262249202709627 1.087416400903209
62310.0861 lsst_hardware_i -54.98811861347166 77.69999694824219 31.34000015258789 AB 3.3429554360750147 1.044673573773442
62312.0418 lsst_hardware_i -108.22864674664034 128.08999633789062 31.31999969482422 AB 5.419714676637047 1.1423754390339984
62312.0604 lsst_hardware_z -299.38290845839714 107.33000183105469 31.0 AB 5.166129407872378 1.0872628449694932
62314.0675 lsst_hardware_z -21.01621347305156 76.20999908447266 30.989999771118164 AB 7.943168634004837 1.0589009021513736
62314.0873 lsst_hardware_r 12.640641923906564 109.61000061035156 31.65999984741211 AB 8.007716515825624 1.0266303225417468
62315.0455 lsst_hardware_r 81.28178286329411 83.52999877929688 31.639999389648438 AB 7.6685421906695455 1.1052161404727086
62315.0652 lsst_hardware_i 13.233497192757069 68.38999938964844 31.329999923706055 AB 7.359219144209435 1.0580431520680662
62322.9539 lsst_hardware_y -64.81402833711716 76.91000366210938 29.93000030517578 AB 8.308152996775586 1.4619308458165734
62322.9727 lsst_hardware_g -6.508031882736568 15.789999961853027 31.389999389648438 AB 8.642379192773916 1.3259589116179373
62324.9549 lsst_hardware_y -30.284767812657712 80.20999908447266 29.950000762939453 AB 2.3411713692202327 1.4106274568507375
62324.9749 lsst_hardware_z 40.97285718397731 45.22999954223633 30.93000030517578 AB 1.8078971785788673 1.280909614627526
62326.956 lsst_hardware_y 84.43465848558988 78.97000122070312 29.959999084472656 AB 9.801333119552508 1.3636004989290942
62326.9741 lsst_hardware_u -1.7331825389293676 2.880000114440918 28.3799991607666 AB 9.981069335254547 1.2559543645721087
62327.9567 lsst_hardware_z 65.33705764204406 68.4000015258789 30.950000762939453 AB 9.049402940443064 1.3408509320555735
62327.975 lsst_hardware_r -0.6528990891148557 25.020000457763672 31.479999542236328 AB 7.42618825348531 1.2376980422475516
62329.9574 lsst_hardware_y -30.741770917572772 77.63999938964844 29.969999313354492 AB 6.398548161459001 1.3028791668082198
62329.9766 lsst_hardware_z -6.793873751811716 44.36000061035156 30.93000030517578 AB 7.100485156300571 1.2049356828295328
62331.9594 lsst_hardware_y -56.976026049038786 66.1500015258789 29.989999771118164 AB 8.237850981560808 1.2614104197980005
62331.9773 lsst_hardware_u -1.3948189756416647 3.009999990463257 28.459999084472656 AB 7.467713666237912 1.179081655678205
62333.9605 lsst_hardware_y 19.989403934651573 64.63999938964844 30.0 AB 2.2990470395753957 1.2286156524117011
62333.9793 lsst_hardware_i -36.586690109452505 33.68000030517578 31.239999771118164 AB 2.10178684375293 1.1508757529105709
62342.9655 lsst_hardware_y -202.8716119219164 64.38999938964844 30.040000915527344 AB 9.167924657679206 1.1155567983061123
62342.9833 lsst_hardware_r -98.84202441800957 82.62000274658203 31.649999618530273 AB 8.785192192711104 1.0694412115659158
62344.9673 lsst_hardware_y 0.5705990128690088 55.61000061035156 30.040000915527344 AB 4.513128251779163 1.095020805963645
62344.9857 lsst_hardware_g 24.066187846386878 15.399999618530273 31.469999313354492 AB 4.333543609565389 1.0533649998943582
62347.9682 lsst_hardware_y -13.119489740667087 56.02000045776367 30.040000915527344 AB 4.3393191423482165 1.072672826882497
62347.9862 lsst_hardware_r -17.728985754370214 24.299999237060547 31.520000457763672 AB 4.17800895953298 1.038358618059725
62350.9713 lsst_hardware_y 61.00620849928244 51.13999938964844 30.049999237060547 AB 4.114789394395993 1.0496911720397941
62350.9901 lsst_hardware_r -20.828140710286814 24.31999969482422 31.520000457763672 AB 3.93264861445027 1.0219980806783446
62351.9707 lsst_hardware_y -16.774154940401353 53.5 30.049999237060547 AB 9.968228472010392 1.0459109336900503
62351.9891 lsst_hardware_z 65.0749856530813 41.380001068115234 30.950000762939453 AB 10.540521144501081 1.0200668860305244
