data/validation/pwv_sim_epoch_fit_seasonal/27531011.ecsv
# %ECSV 0.9
# ---
# datatype:
# - {name: time, datatype: float64}
# - {name: band, datatype: string}
# - {name: flux, datatype: float64}
# - {name: fluxerr, datatype: float64}
# - {name: zp, datatype: float64}
# - {name: zpsys, datatype: string}
# - {name: pwv, datatype: float64}
# - {name: airmass, datatype: float64}
# meta: {SNID: '27531011', alt: 1024.0, c: 0.007009036839008331, dec: -12.329984, lat: -30.244573, lon: -70.7499537, ra: 312.363281, t0: 59963.90625,
#   x0: 0.00026724155056680616, x1: 1.3416301012039185, z: 0.10737629234790802}
# schema: astropy-2.0
time band flux fluxerr zp zpsys pwv airmass
59843.0605 lsst_hardware_r -8.666937858928884 24.09000015258789 31.510000228881836 AB 4.108397501719512 1.0518844016435778
59843.0809 lsst_hardware_i 15.462443916550248 31.56999969482422 31.25 AB 4.141458826860571 1.0559782827768214
59845.0306 lsst_hardware_i 41.92973187974881 31.6200008392334 31.25 AB 1.6012410268018957 1.0674940178679304
59845.0504 lsst_hardware_z -39.672732937999015 41.91999816894531 30.950000762939453 AB 1.4396020373942424 1.0531104882183324
59857.0015 lsst_hardware_y 10.659074698507716 57.4900016784668 30.049999237060547 AB 2.9259406292980956 1.0636883138408673
59857.0228 lsst_hardware_r 181.3090724115227 86.44000244140625 31.649999618530273 AB 2.924778613471031 1.0517948803275032
59858.9994 lsst_hardware_y 153.1904431290123 59.43000030517578 30.059999465942383 AB 6.52166273306037 1.0606629187453913
59859.0174 lsst_hardware_r -71.3077489527258 93.76000213623047 31.65999984741211 AB 4.080750462450453 1.0517849896775084
59861.0011 lsst_hardware_y 138.30853984493652 56.529998779296875 30.059999465942383 AB 4.209473192237224 1.0556672582413102
59861.0186 lsst_hardware_z -94.08066145691417 66.05000305175781 30.989999771118164 AB 4.19101753102804 1.0515663106330548
59863.002 lsst_hardware_y 58.33258794045131 51.65999984741211 30.049999237060547 AB 3.585327926889223 1.0528566739103042
59863.0199 lsst_hardware_u -12.723851544423301 11.260000228881836 29.31999969482422 AB 3.6389122282620403 1.0530275571318723
59868.004 lsst_hardware_z 42.6931689468298 69.66999816894531 31.719999313354492 AB 8.227210062793505 1.0523532564464324
60077.3951 lsst_hardware_g 130.63349945101095 105.79000091552734 31.729999542236328 AB 7.016438085591082 1.0667603008703246
60077.4143 lsst_hardware_y 93.0972284440059 150.02999877929688 30.079999923706055 AB 6.910024143213859 1.0530897856053634
60082.3782 lsst_hardware_i 77.29467251078646 110.3499984741211 31.34000015258789 AB 8.472600622260762 1.070493677003971
60082.3976 lsst_hardware_y 70.63246061561519 149.8800048828125 30.079999923706055 AB 8.381189254879507 1.0543260552095441
60095.3617 lsst_hardware_g -88.7449417784617 149.38999938964844 32.47999954223633 AB 7.514343384398816 1.0545213496992842
60095.3853 lsst_hardware_r -27.67752869793308 135.05999755859375 32.400001525878906 AB 7.796780484964321 1.053618984454638
60111.3134 lsst_hardware_u -47.16470195416713 37.59000015258789 29.520000457763672 AB 6.848546874706067 1.0571328191877318
60111.3379 lsst_hardware_g 24.00409098609053 105.76000213623047 31.729999542236328 AB 6.997882763502537 1.0523923247616664
60118.2956 lsst_hardware_g 38.8170885233208 105.72000122070312 31.729999542236328 AB 2.849578283136115 1.0563122265425677
60118.3182 lsst_hardware_r 52.19265536233364 95.41000366210938 31.649999618530273 AB 2.79336301177064 1.0522462374826618
60120.2955 lsst_hardware_i -126.43721599057027 110.37999725341797 31.34000015258789 AB 4.221264384771339 1.0536259046374923
60120.3228 lsst_hardware_z 69.58834376557463 137.38999938964844 31.010000228881836 AB 4.254641476064806 1.0565506635096948
60121.3126 lsst_hardware_r 16.587393026297043 95.62999725341797 31.65999984741211 AB 5.829368279164949 1.0529928249936882
60121.3337 lsst_hardware_g -36.28137196704471 105.69999694824219 31.729999542236328 AB 5.812323887887185 1.068540102562218
60123.3014 lsst_hardware_r -90.87905366443357 95.61000061035156 31.65999984741211 AB 5.707095029417872 1.0516759882219666
60123.3198 lsst_hardware_i -0.5914730793372412 110.44000244140625 31.34000015258789 AB 5.7475353803597695 1.060267864170913
60125.2947 lsst_hardware_z -14.915932821285658 137.47000122070312 31.010000228881836 AB 3.6893724244720443 1.0515526363038927
60125.3134 lsst_hardware_i -34.55348859413669 110.38999938964844 31.34000015258789 AB 3.776920661392595 1.059519085880477
60128.3045 lsst_hardware_z 224.37658160114304 194.2899932861328 31.760000228881836 AB 6.826163877626918 1.0589767107705426
60130.2556 lsst_hardware_r 9.819868188497242 95.43000030517578 31.649999618530273 AB 4.264831742946591 1.0616737042913058
60130.2757 lsst_hardware_i 50.9455799476304 110.43000030517578 31.34000015258789 AB 4.171633951018477 1.0516724246265068
60141.2717 lsst_hardware_u 37.28131565936837 64.66999816894531 30.690000534057617 AB 3.422719810252706 1.061143949853575
60141.2987 lsst_hardware_g 209.1057291421495 181.13999938964844 32.88999938964844 AB 3.12930150922554 1.0990288606505056
60143.2639 lsst_hardware_r 61.63459953983238 95.44999694824219 31.649999618530273 AB 1.984323691494772 1.0592475221502342
60143.2825 lsst_hardware_i 142.56062561878517 110.2300033569336 31.34000015258789 AB 2.051150010936752 1.0803107501422502
60151.1834 lsst_hardware_r -62.09256421479571 134.75 32.400001525878906 AB 11.602117832536445 1.0791412935739049
60151.2029 lsst_hardware_i -35.92359790594396 156.2100067138672 32.09000015258789 AB 11.415086811226608 1.0580137617573129
60159.14 lsst_hardware_r 21.517192968358078 94.72000122070312 31.639999389648438 AB 2.023910980458223 1.121280321583503
60159.1527 lsst_hardware_z 189.98736314167837 137.02999877929688 31.0 AB 2.019634518759028 1.0939117230922293
60161.1805 lsst_hardware_g -19.523127626198914 105.72000122070312 31.729999542236328 AB 1.7636638748805846 1.0550332252523318
60161.1999 lsst_hardware_r 90.87551040846172 95.48999786376953 31.649999618530273 AB 1.7404448739421337 1.0520521099791258
60163.1636 lsst_hardware_i -32.98168780899894 156.1699981689453 32.09000015258789 AB 2.773754983483527 1.0634204409521508
60163.1864 lsst_hardware_z 117.54985179304974 194.39999389648438 31.760000228881836 AB 2.9731995927772945 1.0515914617226931
60166.1736 lsst_hardware_r -6.565809447554599 95.58999633789062 31.65999984741211 AB 4.32645117275317 1.0524084584658646
60166.1935 lsst_hardware_g -174.0486054808806 105.87999725341797 31.729999542236328 AB 4.374890406529966 1.0545292639876185
60177.155 lsst_hardware_r -65.77573895699953 95.45999908447266 31.649999618530273 AB 1.8925924554372051 1.051829819620529
60177.1771 lsst_hardware_u -40.76147086255883 37.47999954223633 29.510000228881836 AB 1.8358548058435604 1.0645722272215485
60180.1312 lsst_hardware_g 65.96747983272303 105.94999694824219 31.729999542236328 AB 2.909890643737403 1.0538309257536995
60180.1522 lsst_hardware_r 53.510338372410324 95.58999633789062 31.65999984741211 AB 2.851647486244873 1.0532400687885035
60182.1098 lsst_hardware_i -78.49422173279213 110.29000091552734 31.34000015258789 AB 2.002638983702653 1.0653279459363345
60182.1275 lsst_hardware_z 15.77970561835189 137.4499969482422 31.010000228881836 AB 2.3148282348266305 1.0531520631604323
60196.0886 lsst_hardware_i 10.285452228717636 110.41000366210938 31.34000015258789 AB 2.642274210999329 1.053398356544583
60196.1065 lsst_hardware_z 235.50281523371953 137.3699951171875 31.0 AB 2.7040972729030104 1.052587494317857
60199.0641 lsst_hardware_z -8.858854749453533 137.27000427246094 31.0 AB 3.1403905942554986 1.0645993313482678
60199.0823 lsst_hardware_r -75.67710398449397 95.44999694824219 31.649999618530273 AB 3.004724595951857 1.0527502233989237
60207.1924 lsst_hardware_r 235.28408748403083 129.0500030517578 32.310001373291016 AB 8.806113984157994 1.4134447227892932
60207.2141 lsst_hardware_u 30.102586186490925 40.790000915527344 29.690000534057617 AB 9.362343214544694 1.61021783200333
60209.0349 lsst_hardware_y 50.997022018018974 149.58999633789062 30.06999969482422 AB 2.750852915337578 1.066566558450757
60209.0552 lsst_hardware_g -24.968893788994837 105.94000244140625 31.729999542236328 AB 2.658825685242832 1.0526875919004277
60211.0303 lsst_hardware_r -17.617077025834117 95.3499984741211 31.649999618530273 AB 3.0404909964422164 1.0656548851365908
60211.0481 lsst_hardware_i 198.40490080348388 110.33000183105469 31.34000015258789 AB 3.2097149623474293 1.0532288637727414
60215.0373 lsst_hardware_z -99.88203806907674 137.4199981689453 31.010000228881836 AB 4.994552765668171 1.0531846697831244
60215.0579 lsst_hardware_r -42.23846837749413 95.56999969482422 31.65999984741211 AB 4.724741938667397 1.0537282694125203
60218.0262 lsst_hardware_u -9.174730337241925 37.58000183105469 29.520000457763672 AB 6.410534832087643 1.0543787330562606
60218.0455 lsst_hardware_r 174.72753365464706 95.5 31.649999618530273 AB 6.011820440092012 1.0523360457610664
60223.0016 lsst_hardware_y -54.10218030246314 149.5800018310547 30.06999969482422 AB 3.6175338432173314 1.0617425553638893
60223.0223 lsst_hardware_r -9.989433993242958 95.48999786376953 31.649999618530273 AB 3.5967093756113337 1.0516181596251963
60226.9999 lsst_hardware_z -49.88338104101558 137.47000122070312 31.010000228881836 AB 3.2442374983706905 1.0552367652521693
60227.0157 lsst_hardware_i 236.24405749894788 110.5199966430664 31.34000015258789 AB 2.5236581493196666 1.0515242288831945
60228.9933 lsst_hardware_y 285.38899310865617 149.99000549316406 30.079999923706055 AB 5.527715124111316 1.055864595599691
60229.013 lsst_hardware_r -36.445871036018794 95.56999969482422 31.65999984741211 AB 6.478725886252422 1.0518265908356883
60235.9963 lsst_hardware_y 285.64226034664915 149.88999938964844 30.079999923706055 AB 5.38789208288294 1.052322672438117
60236.0153 lsst_hardware_z 52.988410361049134 137.3800048828125 31.0 AB 4.307476018037069 1.0638807931594458
