data/validation/pwv_sim_epoch_fit_seasonal/27670700.ecsv
# %ECSV 0.9
# ---
# datatype:
# - {name: time, datatype: float64}
# - {name: band, datatype: string}
# - {name: flux, datatype: float64}
# - {name: fluxerr, datatype: float64}
# - {name: zp, datatype: float64}
# - {name: zpsys, datatype: string}
# - {name: pwv, datatype: float64}
# - {name: airmass, datatype: float64}
# meta: {SNID: '27670700', alt: 1024.0, c: -0.11710141599178314, dec: -25.944481, lat: -30.244573, lon: -70.7499537, ra: 176.660156, t0: 61483.85546875,
#   x0: 7.163942118369627e-06, x1: -1.1041697263717651, z: 0.5283420085906982}
# schema: astropy-2.0
time band flux fluxerr zp zpsys pwv airmass
[from data line 132]
61802.1995 lsst_hardware_g -1.5832874709915796 14.119999885559082 31.34000015258789 AB 14.815095636337446 1.2986584533956387
61802.2194 lsst_hardware_r 38.36222978820939 23.43000030517578 31.469999313354492 AB 15.065886605972315 1.1985589980884896
61804.2235 lsst_hardware_z 61.331797308955515 43.2400016784668 30.93000030517578 AB 10.471454299070373 1.1602719444953322
61804.2413 lsst_hardware_r -23.156895120150008 23.229999542236328 31.489999771118164 AB 9.945566820962858 1.1026942295398214
61806.2217 lsst_hardware_z 57.337672141497094 42.2400016784668 30.940000534057617 AB 6.193327568586045 1.147054124321406
61806.2392 lsst_hardware_g -2.8669440820637955 13.8100004196167 31.389999389648438 AB 5.906144176942745 1.0935953913608236
61809.2198 lsst_hardware_r -55.69744203934444 58.45000076293945 31.6200008392334 AB 7.9902997644107066 1.1260551635106206
61809.2385 lsst_hardware_z -17.54955207874132 50.22999954223633 30.959999084472656 AB 7.677392530205435 1.0751395771089418
61813.2089 lsst_hardware_z 185.48198725776362 77.7300033569336 30.979999542236328 AB 6.580276328488008 1.1259884203436066
61813.2281 lsst_hardware_r 198.5050697898032 110.69000244140625 31.649999618530273 AB 6.2845540581893 1.0739461806595074
61815.2208 lsst_hardware_i -39.62871434113517 70.38999938964844 31.329999923706055 AB 2.398569814056902 1.078210817332159
61815.2405 lsst_hardware_z 23.3345424804548 63.189998626708984 30.989999771118164 AB 2.318808626461654 1.0396302453779132
61819.2147 lsst_hardware_g 0.14193354930389124 19.34000015258789 31.549999237060547 AB 5.654212777155518 1.067336059868904
61819.2336 lsst_hardware_i -10.569189427462172 33.13999938964844 31.270000457763672 AB 5.476112942903827 1.0335701303078992
61821.2132 lsst_hardware_z -11.751432302715969 41.45000076293945 30.950000762939453 AB 3.49508962168553 1.0591180671774334
61821.2332 lsst_hardware_r 18.723762049131903 22.809999465942383 31.510000228881836 AB 3.3883084397737364 1.0267601332647687
61825.099 lsst_hardware_i 7.31822246168367 34.79999923706055 31.170000076293945 AB 12.450629360612057 1.5987111693044211
61825.1187 lsst_hardware_z 115.56211259285932 46.34000015258789 30.90999984741211 AB 11.076304495617014 1.4196598552459725
61831.0962 lsst_hardware_z 22.375699623912617 46.720001220703125 30.90999984741211 AB 4.376802080391284 1.4692185566939524
61831.1156 lsst_hardware_i -14.461403876493558 32.93000030517578 31.209999084472656 AB 3.9767645394039213 1.3272103257550076
61835.0978 lsst_hardware_r 8.459002114963052 35.709999084472656 31.510000228881836 AB 10.041744818263112 1.3726981889542211
61835.1174 lsst_hardware_i 74.96787017885322 37.25 31.229999542236328 AB 9.009958971228036 1.2547524330927902
61837.1063 lsst_hardware_z -1.217647081173182 73.41999816894531 31.690000534057617 AB 13.248563526025745 1.285145360949246
61839.0985 lsst_hardware_z 109.44598837429895 65.72000122070312 30.959999084472656 AB 14.511173284667933 1.2985389963908667
61839.1201 lsst_hardware_r -69.46749701095099 86.8499984741211 31.6200008392334 AB 13.295904111129822 1.191246933860634
61844.0925 lsst_hardware_i -126.43048329845891 69.36000061035156 31.280000686645508 AB 11.060888151505806 1.2564431826777125
61844.1128 lsst_hardware_z -70.97252088722456 63.66999816894531 30.959999084472656 AB 10.565663407303994 1.1658663070128876
61848.0836 lsst_hardware_i 9.802429129851516 32.83000183105469 31.219999313354492 AB 10.207248227188133 1.2461160661911153
61848.1017 lsst_hardware_r 32.90995904299033 23.90999984741211 31.469999313354492 AB 9.418886883575956 1.166546006841879
61850.0859 lsst_hardware_u 1.808548601272175 2.569999933242798 28.239999771118164 AB 5.925520045266653 1.2092898051564598
61850.1028 lsst_hardware_g 6.664434592070266 14.520000457763672 31.389999389648438 AB 5.599564855597326 1.1427683378770053
61852.0798 lsst_hardware_r 32.039020099135854 23.84000015258789 31.459999084472656 AB 7.2208435553825066 1.2121610803059542
61852.0972 lsst_hardware_i 8.460967548540644 31.649999618530273 31.229999542236328 AB 6.973810501863436 1.1432476232563011
61854.0822 lsst_hardware_z -1.7687771517492688 43.16999816894531 30.93000030517578 AB 12.245391027286468 1.1787259539838093
61854.0989 lsst_hardware_r -28.468332764851176 23.59000015258789 31.489999771118164 AB 9.865013305082114 1.1199212864317616
61856.0762 lsst_hardware_u -0.5978998364183908 2.700000047683716 28.3700008392334 AB 7.487548507510987 1.1808926898173386
61856.0932 lsst_hardware_g -18.176295096213895 14.529999732971191 31.40999984741211 AB 7.202839947973739 1.1206576000374036
61858.0749 lsst_hardware_r -8.162734997541168 23.709999084472656 31.469999313354492 AB 7.856213752615009 1.1646311833693248
61858.0933 lsst_hardware_z -12.167645479572014 42.25 30.940000534057617 AB 7.615131483351381 1.1042690633598327
61860.0732 lsst_hardware_r 6.706384072752056 23.420000076293945 31.469999313354492 AB 5.507785312720982 1.1508118079233205
61860.0919 lsst_hardware_u -1.3797392303228981 2.569999933242798 28.309999465942383 AB 5.657481858475234 1.0932332093671675
61862.0694 lsst_hardware_g 8.138795739674315 16.049999237060547 31.440000534057617 AB 10.041333130076321 1.144963868879854
61862.0877 lsst_hardware_r -9.700823303957415 24.059999465942383 31.489999771118164 AB 9.336602917939636 1.0899606488372475
61864.075 lsst_hardware_i -5.668946020102636 35.369998931884766 31.260000228881836 AB 5.326797869146474 1.1097495560721822
61864.0921 lsst_hardware_z -1.070003288910476 43.22999954223633 30.950000762939453 AB 6.400577987969183 1.0667629979948638
61866.0665 lsst_hardware_r -91.87281887064259 53.790000915527344 31.610000610351562 AB 8.818494186628435 1.118802455352768
61866.0839 lsst_hardware_z 9.209887871093725 50.18000030517578 30.969999313354492 AB 10.470445217578048 1.0727915181945291
61868.0673 lsst_hardware_z 2.1135766684607997 68.94000244140625 30.979999542236328 AB 8.302127885223877 1.1006400484189076
61868.086 lsst_hardware_i 58.552040777776604 76.43000030517578 31.329999923706055 AB 7.873848249711166 1.056892382511566
61872.0794 lsst_hardware_r 9.482161846662711 95.41999816894531 31.65999984741211 AB 6.549904986321841 1.048823856897012
61872.0977 lsst_hardware_z 36.758645594199635 66.2699966430664 30.989999771118164 AB 6.98996188855436 1.022285440307276
61874.0788 lsst_hardware_g 90.57238911746838 45.790000915527344 31.709999084472656 AB 5.991754922896663 1.0405965479153636
61874.097 lsst_hardware_r 17.62767547832934 52.810001373291016 31.649999618530273 AB 6.171563072223246 1.0172906163004483
61877.9692 lsst_hardware_y 14.59956826360313 84.45999908447266 29.93000030517578 AB 16.364186875518133 1.4580288569089772
61877.9889 lsst_hardware_r -2.976751216112093 24.329999923706055 31.450000762939453 AB 14.77811860823836 1.3171228706094795
61879.9674 lsst_hardware_y -14.853430548735592 76.88999938964844 29.920000076293945 AB 12.939919166990105 1.4284310893959973
61879.9878 lsst_hardware_z 75.14074553124985 45.150001525878906 30.920000076293945 AB 11.40571508958188 1.2913348530520103
61882.9663 lsst_hardware_y -14.450624420842985 81.3499984741211 29.959999084472656 AB 8.969101886350375 1.3757697954315946
61882.9853 lsst_hardware_u 1.6128271517073474 2.700000047683716 28.280000686645508 AB 8.258871940820608 1.2601589818916066
61884.9664 lsst_hardware_y -71.46701620134773 70.66000366210938 29.979999542236328 AB 18.210332080197542 1.3383717445452517
61884.9856 lsst_hardware_r 3.6141784274240543 23.6200008392334 31.469999313354492 AB 16.786326276928396 1.2312332466803626
61888.9644 lsst_hardware_z -48.461035212027625 62.09000015258789 30.950000762939453 AB 13.779882588829897 1.2846778261129832
61888.99 lsst_hardware_g -4.045401971681059 14.319999694824219 31.389999389648438 AB 12.57330657669373 1.1655980881332835
61890.9638 lsst_hardware_y -172.38766251278898 65.8499984741211 29.979999542236328 AB 14.440926972192855 1.2583589205466066
61890.9827 lsst_hardware_i 13.241366653635051 32.369998931884766 31.229999542236328 AB 13.491728684590866 1.1726839360791714
61896.9606 lsst_hardware_y 173.22392767601033 75.1500015258789 30.010000228881836 AB 5.044306093644148 1.196041753086935
61896.9795 lsst_hardware_z -21.005248225979447 75.20999908447266 30.979999542236328 AB 4.7275044919355445 1.1261325612046353
61898.9612 lsst_hardware_y -56.26967883285406 75.27999877929688 30.020000457763672 AB 10.280083710154944 1.1713415295098497
61898.9801 lsst_hardware_z 72.21561255185831 78.43000030517578 30.989999771118164 AB 9.719280830768005 1.107820763385411
61902.9594 lsst_hardware_y 113.96204840366669 61.81999969482422 30.020000457763672 AB 8.866506773037175 1.1382882711020148
61902.9789 lsst_hardware_u -3.4470837593171 2.690000057220459 28.389999389648438 AB 8.380446991470409 1.0820926648192977
61907.9585 lsst_hardware_z 49.496415625536365 52.68000030517578 30.959999084472656 AB 8.161484027383834 1.0994859258229601
61907.9763 lsst_hardware_r 3.389977515064306 23.0 31.489999771118164 AB 7.849812777461483 1.0578312070965825
61909.96 lsst_hardware_y 120.8419990419333 75.94000244140625 30.790000915527344 AB 8.217078320972185 1.0815740155719793
61909.98 lsst_hardware_z -37.2885606441265 58.029998779296875 31.690000534057617 AB 7.913274568793657 1.0414030402869634
61911.9598 lsst_hardware_y -200.8911328266328 51.83000183105469 30.040000915527344 AB 5.8370155027690975 1.069442195450549
61911.9799 lsst_hardware_u 3.645072395776953 2.7300000190734863 28.459999084472656 AB 5.764431493389109 1.0332374069526993
