data/validation/pwv_sim_epoch_fit_seasonal/27692973.ecsv
# %ECSV 0.9
# ---
# datatype:
# - {name: time, datatype: float64}
# - {name: band, datatype: string}
# - {name: flux, datatype: float64}
# - {name: fluxerr, datatype: float64}
# - {name: zp, datatype: float64}
# - {name: zpsys, datatype: string}
# - {name: pwv, datatype: float64}
# - {name: airmass, datatype: float64}
# meta: {SNID: '27692973', alt: 1024.0, c: -0.11088281869888306, dec: -38.873585, lat: -30.244573, lon: -70.7499537, ra: 62.578125, t0: 62102.56640625,
#   x0: 4.061659793908536e-05, x1: -1.5474401712417603, z: 0.252175897359848}
# schema: astropy-2.0
time band flux fluxerr zp zpsys pwv airmass
[from data line 132]
62456.2161 lsst_hardware_r -32.583657802668924 46.880001068115234 31.6299991607666 AB 7.769405999922117 1.0112463881193363
62456.2277 lsst_hardware_z -15.611640122077207 46.45000076293945 30.969999313354492 AB 7.686735372189185 1.0128785574104529
62460.3013 lsst_hardware_z -37.54624363349395 89.6500015258789 31.719999313354492 AB 5.580002165388604 1.1484636728984108
62461.2825 lsst_hardware_z 14.15678917532428 63.2400016784668 30.979999542236328 AB 3.5422492690441643 1.1032753122022936
62461.2936 lsst_hardware_r 33.97458804401106 89.37000274658203 31.6299991607666 AB 4.7516209633766895 1.1332946069707683
62466.1678 lsst_hardware_z 33.24134994191413 44.81999969482422 30.959999084472656 AB 4.789548454376994 1.0176815187428088
62466.1811 lsst_hardware_r 57.87818601908748 41.97999954223633 31.6200008392334 AB 4.665891907324416 1.0121972465090208
62468.241 lsst_hardware_g 22.280473750483 29.709999084472656 31.6299991607666 AB 4.1578545417392965 1.0571712539382905
62468.253 lsst_hardware_r 45.95584110502506 32.849998474121094 31.559999465942383 AB 4.756932170754303 1.0796282800115427
62473.2435 lsst_hardware_i -2.700293221268982 30.059999465942383 31.239999771118164 AB 6.863833885679347 1.088592338941661
62473.2552 lsst_hardware_z -7.179533095913261 41.61000061035156 30.940000534057617 AB 6.95596519749978 1.1174119169612382
62475.2338 lsst_hardware_r -10.64103798022535 21.65999984741211 31.469999313354492 AB 2.882126808099609 1.0794482427338103
62475.245 lsst_hardware_g 9.795193611421569 12.869999885559082 31.360000610351562 AB 2.979307532738926 1.1050843964163881
62479.1877 lsst_hardware_i 3.194100240415418 29.489999771118164 31.25 AB 6.239193131167598 1.026985413138211
62479.2015 lsst_hardware_z 33.23398138901844 40.59000015258789 30.950000762939453 AB 6.30851405565278 1.0428588760016704
62481.1774 lsst_hardware_z -8.969945656725718 40.31999969482422 30.950000762939453 AB 10.329863397802882 1.022758752257711
62481.1909 lsst_hardware_r -10.210700029823835 21.5 31.479999542236328 AB 10.466361413272539 1.0362734072547068
62483.1761 lsst_hardware_y -18.8190005024512 47.09000015258789 30.059999465942383 AB 11.388239042214007 1.0263527488289004
62483.1878 lsst_hardware_g -23.14211771468937 18.309999465942383 31.540000915527344 AB 11.480540664518665 1.0391980687502946
62485.1681 lsst_hardware_r -9.531834249797472 44.130001068115234 31.6200008392334 AB 8.167263210426492 1.0241007134635558
62485.1784 lsst_hardware_i -14.489609991278378 41.66999816894531 31.299999237060547 AB 8.249098372075336 1.0344143628907545
62487.0443 lsst_hardware_y 17.510088350468056 53.380001068115234 30.020000457763672 AB 12.28653995474928 1.1255790902823135
62487.1218 lsst_hardware_z 64.69712452523365 73.3499984741211 31.719999313354492 AB 9.746844697619759 1.0127030293210713
62487.1903 lsst_hardware_r -156.97279367478953 59.95000076293945 31.639999389648438 AB 8.973306344675533 1.0591617187439768
62491.169 lsst_hardware_i 90.49116092654259 67.54000091552734 31.329999923706055 AB 5.047118860237346 1.0432242373371943
62491.1829 lsst_hardware_z -28.127785770606916 61.290000915527344 30.979999542236328 AB 5.145071848113873 1.0653793169753571
62493.17 lsst_hardware_r 125.23090879991265 67.7699966430664 31.649999618530273 AB 6.010424368539349 1.052736636245799
62493.1832 lsst_hardware_z -11.48491973353392 53.689998626708984 30.969999313354492 AB 6.246405498920816 1.0764715358895214
62495.1126 lsst_hardware_r 14.46615968938598 35.09000015258789 31.600000381469727 AB 6.122549466723416 1.0113230040838668
62495.1248 lsst_hardware_u 2.419478711440597 6.429999828338623 29.059999465942383 AB 6.149235696685682 1.0141396382759127
62497.1122 lsst_hardware_g -12.531934107023224 12.779999732971191 31.399999618530273 AB 5.069593619915429 1.0119959317128313
62497.1249 lsst_hardware_r 17.980470472865555 21.40999984741211 31.489999771118164 AB 5.118761640771375 1.0167873349101404
62499.0968 lsst_hardware_i 43.19681241441969 29.450000762939453 31.260000228881836 AB 7.5850385449588185 1.0113384726611758
62499.1104 lsst_hardware_z -12.70375700306132 40.25 30.950000762939453 AB 7.596904488617159 1.0129205984822878
62501.1151 lsst_hardware_r -34.30745828645867 21.309999465942383 31.479999542236328 AB 7.572710102410362 1.0174271264826498
62501.1277 lsst_hardware_u 4.619809912500978 2.609999895095825 28.440000534057617 AB 6.909783380315068 1.0270570964014816
62503.1011 lsst_hardware_g -11.724517155863593 12.710000038146973 31.3799991607666 AB 5.162255393357874 1.01344891157946
62503.1148 lsst_hardware_i -10.326183463506176 29.450000762939453 31.239999771118164 AB 5.14341764819086 1.0208231910669563
62507.1054 lsst_hardware_u -3.080007167786045 2.569999933242798 28.399999618530273 AB 8.771738269482091 1.0219699337247816
62507.1189 lsst_hardware_g 6.054348092367173 12.8100004196167 31.389999389648438 AB 8.873774240975388 1.0350838960661828
62509.0909 lsst_hardware_g 11.675359165313273 12.869999885559082 31.399999618530273 AB 5.97551091722275 1.0161281459963865
62509.1025 lsst_hardware_r 10.75863083314898 21.469999313354492 31.489999771118164 AB 5.845268640083477 1.024048465326472
62510.0799 lsst_hardware_i -34.82089478547506 29.809999465942383 31.25 AB 8.63846605245271 1.012785093054747
62510.0922 lsst_hardware_z -15.87458146194922 40.459999084472656 30.950000762939453 AB 6.711064927324177 1.0184482779155
62514.0798 lsst_hardware_z 40.74500462181831 44.939998626708984 30.969999313354492 AB 2.2319861727271606 1.0175455540128517
62514.0931 lsst_hardware_i -43.81063692597724 39.5099983215332 31.299999237060547 AB 3.3660965685220128 1.0279203690519014
62517.0682 lsst_hardware_z 8.797523633564511 51.060001373291016 30.969999313354492 AB 3.4117222918130428 1.015695829655565
62517.0811 lsst_hardware_r 75.71063641700215 60.27000045776367 31.649999618530273 AB 3.475635407154443 1.024430154639877
62519.073 lsst_hardware_y 47.69364370040956 72.91999816894531 30.809999465942383 AB 3.986807678317017 1.0222583790556454
62523.068 lsst_hardware_z -13.185017170707757 47.470001220703125 30.969999313354492 AB 11.096090848268622 1.0274158192841316
62523.0823 lsst_hardware_r -32.937416952118376 52.459999084472656 31.6299991607666 AB 11.276996526897722 1.0441663450831224
