data/validation/pwv_sim_epoch_fit_seasonal/27927051.ecsv
# %ECSV 0.9
# ---
# datatype:
# - {name: time, datatype: float64}
# - {name: band, datatype: string}
# - {name: flux, datatype: float64}
# - {name: fluxerr, datatype: float64}
# - {name: zp, datatype: float64}
# - {name: zpsys, datatype: string}
# - {name: pwv, datatype: float64}
# - {name: airmass, datatype: float64}
# meta: {SNID: '27927051', alt: 1024.0, c: 0.000484581250930205, dec: -1.193748, lat: -30.244573, lon: -70.7499537, ra: 195.644531, t0: 62519.10546875,
#   x0: 5.2820258431272055e-05, x1: 0.7369551062583923, z: 0.22472412884235382}
# schema: astropy-2.0
time band flux fluxerr zp zpsys pwv airmass
62532.3632 lsst_hardware_z 3488.1979103365184 71.33583600052503 30.940000534057617 AB 13.268655908987292 1.147146044004665
62532.382 lsst_hardware_y 1017.6281767403458 78.46014110140474 30.040000915527344 AB 13.467280968027545 1.142424513051962
62536.3612 lsst_hardware_r 8886.05992029992 97.10499431958917 31.5 AB 9.513316802974549 1.142923807974203
62536.3797 lsst_hardware_z 2799.6839613478264 71.89964226039486 30.959999084472656 AB 8.792741303148807 1.1455594167349106
62540.3631 lsst_hardware_u 26.029264258131807 5.545109759883662 28.299999237060547 AB 9.176644464293123 1.1431153765741486
62540.3817 lsst_hardware_y 1063.5716492861584 61.33876585579593 30.0 AB 7.631330968987695 1.156612756742612
62542.3325 lsst_hardware_g 2443.371291400377 51.34867331889448 31.420000076293945 AB 3.337202308844265 1.1497022193997237
62542.3509 lsst_hardware_i 5765.980825208505 81.81601838072206 31.239999771118164 AB 3.9077772596126783 1.1420961814791388
62545.3282 lsst_hardware_g 1901.8019584084764 45.78707989449876 31.420000076293945 AB 6.5368376632118155 1.14681362512488
62545.3457 lsst_hardware_r 5737.597460020416 79.63802235578619 31.489999771118164 AB 6.363347982458035 1.142295592829949
62547.3305 lsst_hardware_i 5366.502500006881 79.86587258176097 31.25 AB 4.498617784538694 1.143110924604856
62547.3473 lsst_hardware_z 2638.3046619447664 67.01697209794526 30.940000534057617 AB 4.622638116431114 1.144358984139402
62549.3389 lsst_hardware_r 5212.014753543122 113.7309724867129 31.6299991607666 AB 4.52717657142289 1.1432264069250058
62549.3564 lsst_hardware_z 2660.203453489559 81.68476569567616 30.969999313354492 AB 4.573411537317052 1.155777492372299
62551.333 lsst_hardware_r 4953.989037293146 142.0337896223148 31.639999389648438 AB 2.894398903858776 1.143089907727672
62551.3521 lsst_hardware_i 5490.51099191135 122.41789999493508 31.31999969482422 AB 3.6318841458821716 1.1571116354861557
62553.3074 lsst_hardware_i 5064.883625435976 119.27862036893386 31.31999969482422 AB 7.4373065819574515 1.146155354431138
62553.3251 lsst_hardware_z 2876.315519495558 99.15447507879256 30.989999771118164 AB 7.405642044744007 1.1424933731477949
62555.3082 lsst_hardware_r 3983.3604489718996 91.42958060439287 31.610000610351562 AB 12.589486586910963 1.1432515970678316
62555.326 lsst_hardware_z 2803.2112989993093 76.16122305765285 30.959999084472656 AB 12.62387294771399 1.1446072125953386
62558.3075 lsst_hardware_g 964.1840453190586 37.22090159607583 31.540000915527344 AB 7.42968766663407 1.1420917708496725
62558.3254 lsst_hardware_r 3275.1728412938605 63.754420998368865 31.530000686645508 AB 7.547794249697522 1.1495269950803415
62560.3053 lsst_hardware_i 3605.4574508792102 67.88670032253583 31.239999771118164 AB 5.963460882140601 1.1423707451061924
62560.3233 lsst_hardware_z 2254.0921844664636 63.655147667078005 30.940000534057617 AB 6.093823705940507 1.152550703284412
62562.304 lsst_hardware_r 2657.9189283407613 56.881790144891895 31.5 AB 3.899533802591119 1.1434185859766262
62562.323 lsst_hardware_g 706.107131900393 30.664038667335397 31.420000076293945 AB 4.020492703675254 1.1582262019950318
62564.3031 lsst_hardware_r 2260.3553050855558 54.48142032422017 31.479999542236328 AB 8.38106151193957 1.1454623312180368
62564.3215 lsst_hardware_i 3037.504354081764 63.141894449681544 31.229999542236328 AB 8.451563104445063 1.163446068685007
62569.2705 lsst_hardware_g 573.565252387097 28.476516052663477 31.40999984741211 AB 8.964360057268049 1.143085218817055
62569.2896 lsst_hardware_r 1991.6548631259977 50.98030471541469 31.479999542236328 AB 8.923512476852748 1.145545425315671
62573.2721 lsst_hardware_i 2317.863600370446 56.16294675977388 31.239999771118164 AB 17.361410753594825 1.1428497007237564
62573.2905 lsst_hardware_z 1142.9949362218888 54.70501998212148 30.940000534057617 AB 17.620664727488993 1.1553524103349866
62576.2682 lsst_hardware_r 1986.2200245344534 66.36844286966821 31.600000381469727 AB 8.598526408037898 1.1443848642080519
62576.2872 lsst_hardware_g 698.0154144826935 44.629605907258934 31.6299991607666 AB 8.713628582440695 1.1613268063405267
62577.2709 lsst_hardware_r 1948.7719343339095 84.82749213127147 31.6200008392334 AB 9.065423953895577 1.1475220194804527
62577.2921 lsst_hardware_i 2077.7242751006006 76.16786144529533 31.299999237060547 AB 9.477105746646753 1.1729817125622342
62579.2699 lsst_hardware_z 1020.4760955745566 98.68870080206575 30.979999542236328 AB 6.510284920045646 1.1511083137936546
62579.2892 lsst_hardware_i 2008.2575798702273 120.58537272077022 31.309999465942383 AB 6.593495283281153 1.1775500565450328
62583.2369 lsst_hardware_y -70.76012379817368 54.349998474121094 30.020000457763672 AB 7.408175989417819 1.1421794618282175
62583.2578 lsst_hardware_r 57.34446279841681 77.41999816894531 31.6299991607666 AB 7.075044721027785 1.150070936202398
62585.2043 lsst_hardware_z -92.40054736110908 67.7300033569336 31.690000534057617 AB 8.044209813729964 1.1614091050323212
62590.0438 lsst_hardware_r -2.6997020974453463 25.809999465942383 31.200000762939453 AB 12.489783500403625 2.5211512919668193
62590.0709 lsst_hardware_g -6.5480797973660625 14.90999984741211 31.15999984741211 AB 9.623266948638834 1.9141256983866404
62593.2414 lsst_hardware_z -72.7462308070899 61.56999969482422 31.690000534057617 AB 9.942648401228078 1.162157921128513
62593.2615 lsst_hardware_i 75.88218210959538 46.779998779296875 31.979999542236328 AB 9.479816107528121 1.199976722471914
62597.2093 lsst_hardware_r -12.94139553648418 25.100000381469727 31.489999771118164 AB 16.99617746393878 1.1437278749201834
62597.2277 lsst_hardware_i -15.68042591958825 32.959999084472656 31.239999771118164 AB 17.189263372041246 1.158540363418573
62601.1966 lsst_hardware_g 17.397655374661806 15.710000038146973 31.43000030517578 AB 5.616889479603964 1.143115693562956
62601.2136 lsst_hardware_r -27.1369947121605 25.020000457763672 31.489999771118164 AB 5.7550309431461395 1.1548557076546477
62603.1934 lsst_hardware_i 29.619288083697178 37.04999923706055 31.270000457763672 AB 7.435466705329189 1.143917954666029
62603.2113 lsst_hardware_z 31.962311748181644 45.349998474121094 30.950000762939453 AB 7.939709446978325 1.1585179154151253
62605.1885 lsst_hardware_i -24.401396525639225 56.7400016784668 31.309999465942383 AB 6.300276666604832 1.1441526680477312
62605.2059 lsst_hardware_z 17.72086281568743 56.709999084472656 30.969999313354492 AB 6.484934856516352 1.1585930334568497
62607.1481 lsst_hardware_z -14.327314488101845 87.04000091552734 30.989999771118164 AB 19.31485190263891 1.156577958241851
62607.1656 lsst_hardware_r -67.34737862240885 124.73999786376953 31.639999389648438 AB 19.09570870241534 1.1434556109230742
62609.1923 lsst_hardware_i -156.60016329241097 127.62000274658203 31.31999969482422 AB 14.905326965141091 1.1554517027241156
62609.2086 lsst_hardware_r 22.049247186458597 160.08999633789062 31.6200008392334 AB 14.040140659584985 1.180017284859952
62613.1649 lsst_hardware_z -44.81191871747156 70.2300033569336 31.700000762939453 AB 11.626471825679863 1.1434655480002816
62615.0817 lsst_hardware_g -11.26827718028964 15.369999885559082 31.389999389648438 AB 11.627901341349846 1.2606820991326333
62615.0924 lsst_hardware_r -0.1521100079325454 24.969999313354492 31.479999542236328 AB 11.10025392563342 1.2251259782168114
62617.1579 lsst_hardware_i 15.41676887331108 32.459999084472656 31.229999542236328 AB 10.01050886864168 1.1451924422637674
62617.1744 lsst_hardware_z -27.949721392733345 43.66999816894531 30.93000030517578 AB 7.430673206457988 1.1601967117400833
62619.1529 lsst_hardware_i 2.5354385943541033 32.34000015258789 31.229999542236328 AB 2.3872907778193126 1.145441396794552
62619.169 lsst_hardware_u -6.948014905605027 2.640000104904175 28.290000915527344 AB 2.608590839046039 1.1602761432429842
62621.1502 lsst_hardware_g 13.949581765751246 15.229999542236328 31.40999984741211 AB 11.958578249408363 1.147133336474099
62621.1671 lsst_hardware_r 51.40706245407689 24.700000762939453 31.479999542236328 AB 12.825839066911055 1.1652173855332673
62624.1527 lsst_hardware_i 45.32933213153087 32.65999984741211 31.239999771118164 AB 13.106222519936333 1.1570013921508095
62624.1693 lsst_hardware_r 25.054310071024307 24.850000381469727 31.489999771118164 AB 13.651369525278318 1.1832685728766854
62626.1478 lsst_hardware_u -1.397014624510557 2.7699999809265137 28.399999618530273 AB 9.995976512082688 1.1576675012786977
62626.1661 lsst_hardware_g -3.5918861165347056 15.279999732971191 31.40999984741211 AB 10.105909368946547 1.1879405635241078
62628.1482 lsst_hardware_r -24.382929852569838 24.6299991607666 31.489999771118164 AB 7.17502601694516 1.1655337909267642
62628.1669 lsst_hardware_i -7.9837382136413435 32.75 31.229999542236328 AB 7.688953204158778 1.202338264919277
62630.0267 lsst_hardware_i 16.074338363005936 34.869998931884766 31.209999084472656 AB 11.977802341581368 1.3198922670662128
62630.0428 lsst_hardware_z 10.99491937183375 45.220001220703125 30.920000076293945 AB 11.187268170446304 1.253253092778652
62632.1156 lsst_hardware_g -17.307940387070218 33.90999984741211 31.6299991607666 AB 8.876363273820207 1.1445249531069
62632.1335 lsst_hardware_r 24.1992393914088 38.29999923706055 31.56999969482422 AB 8.974128745008738 1.160272641413009
62635.0737 lsst_hardware_i -223.56616972928796 86.05999755859375 31.31999969482422 AB 7.3435156692678145 1.154308087700267
62635.0927 lsst_hardware_r 50.91179398308505 103.12999725341797 31.639999389648438 AB 7.044253441112472 1.1424966385542206
62638.0891 lsst_hardware_z 78.71824772677067 116.54000091552734 31.729999542236328 AB 9.73232632519519 1.1420907498908657
62645.0372 lsst_hardware_i -37.26858984945886 32.439998626708984 31.239999771118164 AB 8.647407442710586 1.1660735960504625
62645.0566 lsst_hardware_u -1.1136487450479926 2.7699999809265137 28.40999984741211 AB 9.511131748592014 1.1459194877821703
62647.0378 lsst_hardware_g -32.90931566199106 15.359999656677246 31.43000030517578 AB 6.5694240457004 1.1578627972153055
62647.0579 lsst_hardware_r -20.249454665346555 24.639999389648438 31.5 AB 5.961976200483436 1.1429803879892952
62651.0343 lsst_hardware_i -33.344621163905586 32.43000030517578 31.25 AB 11.048334123513081 1.1501991852147793
62651.0546 lsst_hardware_r -20.406332004207798 24.639999389648438 31.5 AB 12.425796642379611 1.1421293848411793
62653.0296 lsst_hardware_u -5.69487403280762 3.8499999046325684 29.1200008392334 AB 7.8170021727541705 1.149559143052084
62653.0478 lsst_hardware_g -10.376135218506358 21.790000915527344 32.18000030517578 AB 8.46023139190008 1.1420912647123098
62656.0317 lsst_hardware_r 11.335126415687597 24.700000762939453 31.5 AB 12.953005174119562 1.143500787827814
62656.0514 lsst_hardware_i -22.754244431298005 32.459999084472656 31.239999771118164 AB 13.139185635904385 1.1451934023158965
62658.0371 lsst_hardware_z 45.098512091392024 43.31999969482422 30.940000534057617 AB 5.040801326786074 1.1422833711912546
62658.0572 lsst_hardware_r 1.225270420360391 25.06999969482422 31.489999771118164 AB 4.757761696955201 1.1540495707363385
62672.9817 lsst_hardware_i 1.3300800496458018 32.9900016784668 31.239999771118164 AB 5.889075296667307 1.1450661669586109
62672.9965 lsst_hardware_u 2.1439768661051364 2.8299999237060547 28.420000076293945 AB 5.990981914073121 1.1423361453091712
62676.9624 lsst_hardware_y -70.9681830830101 51.31999969482422 30.010000228881836 AB 5.7812894292381145 1.1510016450021132
62676.9826 lsst_hardware_g 3.4273084361794157 16.010000228881836 31.440000534057617 AB 5.754652574897087 1.142098288217181
62678.9619 lsst_hardware_y 19.53067614365568 50.709999084472656 30.010000228881836 AB 8.739372767926241 1.1471000307918588
62678.9815 lsst_hardware_i 30.069232807247026 32.95000076293945 31.239999771118164 AB 8.76247710664289 1.1425840535457887
62680.9595 lsst_hardware_z -28.217189244482608 48.43000030517578 30.950000762939453 AB 4.619195158618177 1.1452549980045066
62680.9804 lsst_hardware_u 3.094118289785229 2.880000114440918 28.440000534057617 AB 4.539464719217376 1.143922230798163
62682.9617 lsst_hardware_y 80.60785662591053 52.88999938964844 30.010000228881836 AB 8.974287389881084 1.1424936206086675
62682.9842 lsst_hardware_r 56.73991844453255 25.93000030517578 31.5 AB 9.023350842738578 1.149617893074096
