data/validation/pwv_sim_epoch_fit_seasonal/28059004.ecsv
# %ECSV 0.9
# ---
# datatype:
# - {name: time, datatype: float64}
# - {name: band, datatype: string}
# - {name: flux, datatype: float64}
# - {name: fluxerr, datatype: float64}
# - {name: zp, datatype: float64}
# - {name: zpsys, datatype: string}
# - {name: pwv, datatype: float64}
# - {name: airmass, datatype: float64}
# meta: {SNID: '28059004', alt: 1024.0, c: -0.08676553517580032, dec: -53.764561, lat: -30.244573, lon: -70.7499537, ra: 326.076935, t0: 62964.68359375,
#   x0: 2.6297132108977355e-05, x1: 0.513353168964386, z: 0.30476388335227966}
# schema: astropy-2.0
time band flux fluxerr zp zpsys pwv airmass
63010.4175 lsst_hardware_u 2.7612205013636406 3.377619426618988 28.399999618530273 AB 6.66105394018517 1.0919163882058636
63010.4289 lsst_hardware_y 465.57552237937676 55.068060705384426 30.030000686645508 AB 6.675958728122973 1.0894781148000283
63013.4245 lsst_hardware_r 727.1471382339512 35.983662291544114 31.489999771118164 AB 4.610184588870289 1.0893630881073462
63013.4377 lsst_hardware_z 1041.4148556574441 72.58786124257297 30.979999542236328 AB 4.667184800516507 1.0916752939632788
63015.4156 lsst_hardware_z 851.1778582931101 51.078560753422195 30.950000762939453 AB 8.877037077906381 1.0894520744428868
63015.4288 lsst_hardware_y 375.5201610314233 53.28812332327219 30.040000915527344 AB 8.683152862155808 1.090665658451994
63020.4184 lsst_hardware_r 660.7979970007706 33.79736430333239 31.479999542236328 AB 11.775932874176162 1.0916107475366463
63020.4313 lsst_hardware_y 322.55190479843736 53.402088721185216 30.030000686645508 AB 11.787219398512311 1.09791536871391
63022.4081 lsst_hardware_y 473.3691265254433 80.03535160907397 30.790000915527344 AB 5.015355969995126 1.090294776085897
63031.4009 lsst_hardware_r -9.331407337772939 23.8799991607666 31.5 AB 13.611173287698513 1.0976752651369768
63031.4122 lsst_hardware_i 41.82866015051483 31.299999237060547 31.239999771118164 AB 13.72062605471134 1.1065021011863985
63036.355 lsst_hardware_r 17.673331723280064 22.389999389648438 31.479999542236328 AB 2.8327516579964627 1.0897993041792415
63036.3673 lsst_hardware_i 29.709237672782038 30.600000381469727 31.239999771118164 AB 2.7866803708520322 1.0898241575487466
63040.1942 lsst_hardware_i 7.979655727275749 33.349998474121094 31.190000534057617 AB 4.456585148942575 1.449531679604025
63040.2059 lsst_hardware_z 20.891886392965063 45.52000045776367 30.90999984741211 AB 4.272121180897943 1.3879160237911936
63046.3275 lsst_hardware_r 11.028749911976657 22.43000030517578 31.479999542236328 AB 2.073945989640029 1.089829737067803
63046.34 lsst_hardware_z 3.5930438985569073 41.720001220703125 30.940000534057617 AB 2.3910754223709794 1.089824713933901
63048.3879 lsst_hardware_y 102.13676714483425 47.81999969482422 30.020000457763672 AB 10.994328739429239 1.1334359525184783
63048.4002 lsst_hardware_g -15.407527449370281 13.600000381469727 31.3799991607666 AB 11.19713508674179 1.1543438233754424
63051.3432 lsst_hardware_z 97.91952693840916 96.41000366210938 31.729999542236328 AB 7.974239197739424 1.0958140989061336
63053.3419 lsst_hardware_r 139.63975612101126 96.62000274658203 31.639999389648438 AB 6.255197590426561 1.0983665654831538
63053.3543 lsst_hardware_i -20.74157204139692 76.83000183105469 31.31999969482422 AB 6.302441846273348 1.108560194586589
63066.3465 lsst_hardware_r -3.2111319628528996 22.979999542236328 31.479999542236328 AB 2.5531708715870147 1.1460760280938995
63066.3581 lsst_hardware_z 51.4695694907984 42.93000030517578 30.940000534057617 AB 2.653274055375725 1.1683713869035524
63068.2408 lsst_hardware_r 27.03862227867928 22.860000610351562 31.489999771118164 AB 6.249101479593809 1.1025394068238727
63068.2519 lsst_hardware_i 26.644748505535095 30.899999618530273 31.239999771118164 AB 5.087195104854125 1.0951194973136031
63070.2336 lsst_hardware_z 35.97148610644928 42.0099983215332 30.940000534057617 AB 5.407590393867692 1.1039841563553703
63070.2455 lsst_hardware_u -0.7056601064650424 2.630000114440918 28.3700008392334 AB 5.3615542223271735 1.0956294921568392
63071.1289 lsst_hardware_r -16.133418517590727 23.850000381469727 31.440000534057617 AB 8.38327893742175 1.3521417641002822
63071.135 lsst_hardware_g -8.037709400622155 13.899999618530273 31.31999969482422 AB 8.220055579835579 1.3258154161025126
63078.1973 lsst_hardware_y 59.69263784990429 51.900001525878906 30.020000457763672 AB 4.072676888732692 1.1190209887986515
63078.208 lsst_hardware_r -93.70974217587393 67.9000015258789 31.6299991607666 AB 4.075953703331681 1.1073704281278764
63080.2226 lsst_hardware_z -186.4764726085007 103.4800033569336 31.739999771118164 AB 1.9477717108966675 1.0934347179434885
63082.2128 lsst_hardware_z -94.75670418590303 69.77999877929688 30.989999771118164 AB 1.609160865728081 1.0955988873042253
63082.2243 lsst_hardware_r -68.65631463284369 100.95999908447266 31.649999618530273 AB 1.657674498653876 1.0908743616038667
63084.2137 lsst_hardware_i 24.21806359520905 52.9900016784668 31.309999465942383 AB 2.4471214622248163 1.0925868789931092
63084.2245 lsst_hardware_z 8.274042705357498 52.72999954223633 30.969999313354492 AB 2.4322827952169828 1.0897324351330568
63086.2144 lsst_hardware_i 20.862434992307385 39.27000045776367 31.280000686645508 AB 3.3808989455704332 1.0906125630872365
63086.2264 lsst_hardware_z 28.91180154603771 45.75 30.950000762939453 AB 3.377157800568244 1.0894057421187884
63089.2078 lsst_hardware_g 4.26285020259779 13.770000457763672 31.399999618530273 AB 7.97911023746706 1.0902533829360788
63089.2205 lsst_hardware_r 34.677384411065084 22.719999313354492 31.479999542236328 AB 7.001225055144186 1.0895717780480654
63096.2331 lsst_hardware_g -5.617335372111767 13.729999542236328 31.389999389648438 AB 2.7869773102667055 1.1050298272988754
63096.2443 lsst_hardware_r -21.69794707389006 22.8799991607666 31.479999542236328 AB 2.7676350364520808 1.1165446440553024
63101.1551 lsst_hardware_r 1.7437973466365695 22.690000534057617 31.479999542236328 AB 2.398182968373332 1.0992435301940406
63101.165 lsst_hardware_i -38.91594561663247 30.8700008392334 31.25 AB 2.4047434073001637 1.093562258890479
63107.2277 lsst_hardware_i 32.8981516042625 60.5099983215332 31.299999237060547 AB 6.024957677396101 1.1348039134333443
63107.2384 lsst_hardware_z 54.50002152097859 58.5 30.959999084472656 AB 6.135861310544731 1.1530142302030306
63109.1386 lsst_hardware_r -62.322922454487994 101.37999725341797 31.639999389648438 AB 5.141499922193984 1.0958792018885934
63109.1499 lsst_hardware_z 14.030654306520162 69.98999786376953 30.979999542236328 AB 5.07823135217657 1.0910759905843808
63112.1447 lsst_hardware_i 61.155738123579056 61.220001220703125 31.31999969482422 AB 1.526458614473421 1.0903275817667293
63112.156 lsst_hardware_z 10.013626236837911 57.529998779296875 30.979999542236328 AB 1.5252265804648657 1.089447557474904
63114.1393 lsst_hardware_r 31.706349762094707 45.45000076293945 31.610000610351562 AB 1.6272959365057 1.0903155353472027
63114.1514 lsst_hardware_g -45.144686287509494 49.31999969482422 31.700000762939453 AB 1.6996323506862123 1.0895079171065463
63117.1368 lsst_hardware_r 8.814906433695551 22.399999618530273 31.479999542236328 AB 2.88525879467128 1.0894963823926291
63117.1487 lsst_hardware_i 47.509216655900154 30.540000915527344 31.239999771118164 AB 2.8972248528859335 1.0903094751664064
63122.1187 lsst_hardware_r -14.178475680772122 22.34000015258789 31.479999542236328 AB 2.9254832768857244 1.0900729490025989
63122.1309 lsst_hardware_u -0.7433408910130306 2.630000114440918 28.389999389648438 AB 3.912261525665556 1.0896399746544427
63124.1136 lsst_hardware_g 15.342637827652958 13.470000267028809 31.399999618530273 AB 1.094551324273416 1.090009617533917
63124.1251 lsst_hardware_r 12.523249715257325 22.389999389648438 31.479999542236328 AB 1.4862206242893614 1.0896045632619953
63126.1142 lsst_hardware_i 19.064375455415217 30.760000228881836 31.25 AB 1.1420535167209507 1.0893992210363976
63126.1262 lsst_hardware_z 54.023467835883444 42.02000045776367 30.950000762939453 AB 0.7206593733375174 1.090806316857998
63133.1509 lsst_hardware_i -43.308048962917475 37.209999084472656 31.260000228881836 AB 3.966405955906043 1.1263132461930598
63133.1634 lsst_hardware_z -18.467441303279383 45.58000183105469 30.940000534057617 AB 4.0350671329179075 1.1458104923215147
63137.1653 lsst_hardware_r -8.372837433114132 78.5 31.6200008392334 AB 5.0636762990407576 1.1706343188488852
63137.1773 lsst_hardware_z -75.63999851473221 61.130001068115234 30.959999084472656 AB 5.390974596492828 1.19866027715238
63143.1557 lsst_hardware_r 98.9836689237394 53.90999984741211 31.600000381469727 AB 2.1507982110708492 1.1858839612594279
63143.1677 lsst_hardware_g -8.007999616139296 58.27000045776367 31.649999618530273 AB 2.6976761447812727 1.2167223084030763
63145.0532 lsst_hardware_r 11.199379521501765 22.3700008392334 31.479999542236328 AB 4.1288930727078625 1.09066471939103
63145.0653 lsst_hardware_u 0.4263873904122952 2.6500000953674316 28.40999984741211 AB 4.111971287534491 1.0894322621688537
63147.0586 lsst_hardware_g -10.105521693175136 13.34000015258789 31.3700008392334 AB 4.982355606175324 1.0893966559911061
63147.0707 lsst_hardware_i -0.30974990486679044 30.510000228881836 31.239999771118164 AB 5.583296606839749 1.0913402280775004
63149.0531 lsst_hardware_z 4.620124736959145 41.75 30.940000534057617 AB 2.667025252781884 1.0893969308115803
63149.0656 lsst_hardware_r 6.08088509995555 22.440000534057617 31.479999542236328 AB 2.672060381301555 1.0914536243317672
63151.1388 lsst_hardware_g -11.44768271147101 13.609999656677246 31.360000610351562 AB 7.212627704078697 1.1979782478261594
63151.1508 lsst_hardware_r -26.84876266417704 23.030000686645508 31.459999084472656 AB 7.394606440641131 1.2309640885566349
63153.1349 lsst_hardware_i -47.99985672443701 31.6200008392334 31.229999542236328 AB 10.02646477074368 1.201973798690551
63153.146 lsst_hardware_z 1.5547986291005609 43.709999084472656 30.93000030517578 AB 10.290120315350574 1.2329403684819762
63155.1365 lsst_hardware_r -4.693266331785403 22.90999984741211 31.450000762939453 AB 9.539654192956696 1.221140864211215
63155.1472 lsst_hardware_g -29.718386745963233 13.569999694824219 31.34000015258789 AB 9.881058433469844 1.2538088315705862
63157.1369 lsst_hardware_r -11.053312541870762 23.0 31.450000762939453 AB 7.566259065148351 1.2384754035053374
63157.1489 lsst_hardware_i -20.01463796974474 32.150001525878906 31.219999313354492 AB 7.867523837071952 1.2783021832330514
63159.0827 lsst_hardware_g 10.213534764559393 13.920000076293945 31.389999389648438 AB 3.2689224675246966 1.130300233692487
63159.0937 lsst_hardware_i -3.592414805238393 31.079999923706055 31.239999771118164 AB 3.744251070098681 1.1481030494745994
63163.0765 lsst_hardware_y -21.04145154686263 50.0 30.020000457763672 AB 4.131838995092222 1.137516471072596
63163.0881 lsst_hardware_g 10.883580710250104 42.40999984741211 31.649999618530273 AB 3.5898074696602085 1.1580024095678092
63166.0818 lsst_hardware_z 54.86962904115546 55.54999923706055 30.959999084472656 AB 3.387318429933559 1.1617314344279992
63166.093 lsst_hardware_r 54.0670036513631 67.01000213623047 31.610000610351562 AB 4.998596503848857 1.186141151793282
