data/validation/pwv_sim_epoch_fit_seasonal/28141249.ecsv
# %ECSV 0.9
# ---
# datatype:
# - {name: time, datatype: float64}
# - {name: band, datatype: string}
# - {name: flux, datatype: float64}
# - {name: fluxerr, datatype: float64}
# - {name: zp, datatype: float64}
# - {name: zpsys, datatype: string}
# - {name: pwv, datatype: float64}
# - {name: airmass, datatype: float64}
# meta: {SNID: '28141249', alt: 1024.0, c: -0.015730176120996475, dec: -22.669609, lat: -30.244573, lon: -70.7499537, ra: 97.558594, t0: 62152.5078125,
#   x0: 8.006333440415767e-06, x1: 0.819771945476532, z: 0.504838228225708}
# schema: astropy-2.0
time band flux fluxerr zp zpsys pwv airmass
62037.3216 lsst_hardware_u -5.692267931763219 2.430000066757202 28.1200008392334 AB 6.315266775230454 1.4184704320511632
62037.3381 lsst_hardware_g -3.91268442115663 13.619999885559082 31.31999969482422 AB 5.417733121247969 1.3059498906226272
62050.268 lsst_hardware_r -5.193597233480186 75.81999969482422 31.510000228881836 AB 6.962040748552988 1.582281988307497
62050.2874 lsst_hardware_z -19.997948896320466 59.70000076293945 30.93000030517578 AB 6.197668356609818 1.408560990138595
62054.2454 lsst_hardware_i -34.31144057125818 47.86000061035156 31.190000534057617 AB 6.187229718035962 1.718674921676656
62054.2641 lsst_hardware_z 37.23685000851422 53.970001220703125 30.90999984741211 AB 6.256719388971385 1.5128074283227206
62055.2553 lsst_hardware_u -1.2462285516312654 3.5 28.299999237060547 AB 8.616236011680957 1.572377574101183
62055.2747 lsst_hardware_g 4.382876883984942 28.420000076293945 31.510000228881836 AB 7.580847202064769 1.4013951755365133
62068.3478 lsst_hardware_z -67.28450077535892 57.41999816894531 31.700000762939453 AB 3.724919481440039 1.0215987973049427
62069.3585 lsst_hardware_g 3.943678036055762 14.619999885559082 31.479999542236328 AB 2.4177233284642616 1.0122350129638944
62075.2497 lsst_hardware_r -25.795237549361136 68.5199966430664 31.610000610351562 AB 6.0037300510035605 1.2244597133152506
62075.2677 lsst_hardware_i 35.9381275038244 54.959999084472656 31.299999237060547 AB 5.773298212756869 1.1507088754124102
62076.3067 lsst_hardware_z -141.2311714575444 55.58000183105469 30.979999542236328 AB 3.1356530905626405 1.04591497350336
62080.3334 lsst_hardware_r 37.03622013060835 69.8499984741211 31.65999984741211 AB 3.4716060741486614 1.010289144895845
62080.3516 lsst_hardware_y 6.7942022206814565 52.119998931884766 30.06999969482422 AB 3.5129931522233626 1.009916099532374
62082.3393 lsst_hardware_z -157.7533614488657 71.58999633789062 31.729999542236328 AB 6.24659778760359 1.0088038954477234
62083.1862 lsst_hardware_i -13.229561428270081 41.81999969482422 31.219999313354492 AB 8.920464244649898 1.5010667190526885
62083.2043 lsst_hardware_z -110.3937038941369 50.16999816894531 30.93000030517578 AB 8.089673749308668 1.3582963941247814
62089.3116 lsst_hardware_z -13.014752533150752 40.2400016784668 30.940000534057617 AB 5.281249187951248 1.0095417079044533
62089.3283 lsst_hardware_i -3.1769232217546306 29.549999237060547 31.239999771118164 AB 5.272020398364149 1.0102881632125484
62095.1863 lsst_hardware_g 9.837268694361821 13.229999542236328 31.31999969482422 AB 4.000908062918946 1.268786912130744
62095.2024 lsst_hardware_i -18.445182026582565 31.219999313354492 31.219999313354492 AB 3.7503086129478054 1.1919932023673967
62099.291 lsst_hardware_r -8.39305797035454 21.670000076293945 31.489999771118164 AB 6.61326261373359 1.0087600275175173
62099.3102 lsst_hardware_g -5.10500894096232 13.15999984741211 31.420000076293945 AB 6.91903345517502 1.0145582250340504
62104.2941 lsst_hardware_z 17.055575936072973 46.939998626708984 30.969999313354492 AB 5.883865846133659 1.0131495215038406
62104.3186 lsst_hardware_g 0.023742473924295862 13.149999618530273 31.389999389648438 AB 6.013561416150311 1.0363891050252585
62106.2651 lsst_hardware_y 12.143944798503723 53.369998931884766 30.06999969482422 AB 6.9467719442404015 1.009558486301468
62106.2844 lsst_hardware_r -35.59709236365737 82.97000122070312 31.670000076293945 AB 6.971731196344432 1.0111774119625458
62113.254 lsst_hardware_r -75.70779053690933 37.84000015258789 31.610000610351562 AB 6.779784219569211 1.008771365589963
62113.2737 lsst_hardware_i 10.233309968470925 37.959999084472656 31.290000915527344 AB 6.814266139348674 1.0156650561692222
62116.1521 lsst_hardware_g -12.852975473966536 13.390000343322754 31.360000610351562 AB 13.719205789017114 1.164050297097593
62116.1742 lsst_hardware_r -12.369077762707967 22.239999771118164 31.479999542236328 AB 13.900148754005404 1.0944999018901893
62118.1254 lsst_hardware_r -7.864420143303675 22.829999923706055 31.450000762939453 AB 8.999137693514173 1.2587086780213697
62118.1465 lsst_hardware_i -29.777242665399836 30.989999771118164 31.229999542236328 AB 8.332232911821817 1.1645735926233367
62119.2513 lsst_hardware_r -6.293089619405998 21.90999984741211 31.489999771118164 AB 8.261846427439721 1.0122158212361927
62119.2718 lsst_hardware_i -32.716714114527505 29.920000076293945 31.25 AB 8.400796721479624 1.028950049582477
62132.1816 lsst_hardware_r 707.2897473037152 53.917294740170405 31.639999389648438 AB 6.12772368555758 1.0149438816657648
62132.2008 lsst_hardware_i 535.5419520430121 47.58836859577356 31.309999465942383 AB 6.070604463710835 1.008755155639826
62134.175 lsst_hardware_i 666.3068015448262 64.25961302827245 31.329999923706055 AB 9.445912683498642 1.015689535860069
62134.1958 lsst_hardware_z 417.38277817082917 58.96424100240994 30.979999542236328 AB 9.381400781643048 1.0087527722196825
62135.0448 lsst_hardware_y 330.4885825971464 111.768188103978 30.670000076293945 AB 11.249917507676367 1.495833906837855
62136.173 lsst_hardware_r 1474.8011335152498 107.35167715484803 31.670000076293945 AB 7.045305476505745 1.0135557894489533
62136.1928 lsst_hardware_z 718.7978281720166 72.45741058519461 31.0 AB 7.016588651715767 1.0088575722667599
62140.1764 lsst_hardware_z 1074.1691640126346 59.86327997879286 30.979999542236328 AB 2.515496525638245 1.0088889808709538
62140.1969 lsst_hardware_i 1536.5725025424067 63.444120687306224 31.31999969482422 AB 2.6141120905468873 1.013745640077645
62146.1554 lsst_hardware_z 1459.6440245435142 55.09916942913506 30.950000762939453 AB 8.311233281224732 1.0096659179459078
62146.1765 lsst_hardware_u 7.116210090698509 3.83655978993424 28.440000534057617 AB 7.757516479998101 1.0117180124329133
62150.1282 lsst_hardware_r 2810.2354715682077 58.22919899674313 31.510000228881836 AB 7.474100316300386 1.0179462000681507
62150.1475 lsst_hardware_i 2039.5183333500252 54.40191371824144 31.260000228881836 AB 7.5606873950762035 1.0090783070214704
62156.1132 lsst_hardware_r 2629.712846745412 56.02641162990213 31.489999771118164 AB 7.78946817309538 1.0169018502735483
62156.1334 lsst_hardware_i 2120.572741520039 53.9774948598236 31.25 AB 7.493080213742878 1.0088293791643053
62157.0374 lsst_hardware_y 657.214139595949 68.31114275176274 30.020000457763672 AB 14.118865335121034 1.174606277143478
62157.0557 lsst_hardware_g 835.0850699674137 33.550765653148694 31.489999771118164 AB 13.314606312667246 1.1124862536694538
62158.1196 lsst_hardware_z 3423.0246459486348 80.5479777570623 31.700000762939453 AB 11.280692103935943 1.010550597194814
62160.1082 lsst_hardware_z 1717.366484839789 58.99332746801575 30.969999313354492 AB 13.156117698936503 1.013152097156009
62160.1273 lsst_hardware_r 2800.8932159720093 63.42605218319614 31.610000610351562 AB 14.243032414604095 1.008856241295091
62165.0987 lsst_hardware_z 1452.1934134767494 75.60641220390674 31.0 AB 11.599603017047022 1.0112111426246204
62165.1177 lsst_hardware_r 2229.8441097143295 108.49817663483373 31.670000076293945 AB 11.706683727554267 1.0094579397735852
62167.0755 lsst_hardware_r 2266.2365891111012 97.49437489878187 31.65999984741211 AB 9.25293455915748 1.0234980984633018
62167.0925 lsst_hardware_i 1798.3123000073788 81.39174139916994 31.34000015258789 AB 9.002146183819667 1.0115149837619013
62170.0349 lsst_hardware_y 298.08066657961433 56.89117236387208 30.049999237060547 AB 7.513099207047577 1.0748994394583717
62170.0545 lsst_hardware_r 1609.4860899065482 44.49807444358934 31.5 AB 8.21605253013724 1.03908594032343
62173.0777 lsst_hardware_i 1400.2573948255047 46.93550360756889 31.260000228881836 AB 4.814843017565792 1.0108845302468596
62173.0963 lsst_hardware_z 1014.7014331498729 50.835535385939664 30.950000762939453 AB 4.381469534841314 1.009555192359738
62176.0311 lsst_hardware_y 263.063214590371 54.863312716966256 30.059999465942383 AB 5.78607421924388 1.0501677450379017
62176.0497 lsst_hardware_i 1128.807397614044 45.40152285166908 31.260000228881836 AB 6.228183459489624 1.0247374546010843
62189.0278 lsst_hardware_y 246.62081982852823 51.04617314297046 30.059999465942383 AB 4.838046025371227 1.0138226194788216
62189.0442 lsst_hardware_r 379.601404459353 40.71105269316582 31.600000381469727 AB 5.578011930127102 1.0087732941725476
62191.0281 lsst_hardware_y 381.5809497712307 52.87640404242545 30.06999969482422 AB 7.5659635108245125 1.0110531534860538
62191.0464 lsst_hardware_r 342.6595516740081 56.40882547104856 31.649999618530273 AB 8.002453797716983 1.0093912459279746
62193.0351 lsst_hardware_z 1639.5529760015409 88.00486610198288 31.729999542236328 AB 6.954985950086052 1.0087486874037013
62195.0087 lsst_hardware_y 263.85441309399863 75.2384057623611 30.079999923706055 AB 5.077532842501176 1.0155065685002351
62195.0268 lsst_hardware_i 525.9684433657408 71.92194299149136 31.329999923706055 AB 5.044164649348875 1.0088329298697751
62203.0019 lsst_hardware_y 203.8563143777726 71.25664385881979 30.079999923706055 AB 7.940488295066043 1.0092130522453029
62203.0207 lsst_hardware_u 5.341672337379825 3.469579427552636 28.549999237060547 AB 8.06885756944747 1.0116421225485794
62414.2648 lsst_hardware_r -48.883829470332046 24.100000381469727 31.3799991607666 AB 10.997742433882147 1.656037107947973
62414.2838 lsst_hardware_u -1.6553742656946557 2.4800000190734863 28.15999984741211 AB 9.698568986441536 1.4650406323929814
62416.2624 lsst_hardware_g -0.7405587950398336 13.65999984741211 31.229999542236328 AB 7.131777932084582 1.620858620928314
62416.2822 lsst_hardware_r 4.976906580742864 23.799999237060547 31.420000076293945 AB 6.30598825894544 1.4331791497603272
62429.2596 lsst_hardware_z -110.31017758254693 56.47999954223633 30.940000534057617 AB 1.669303791518548 1.3400886739512026
62429.2781 lsst_hardware_r 12.043231966881669 67.97000122070312 31.600000381469727 AB 1.4872138430602533 1.2355695179121462
62436.3554 lsst_hardware_r 59.901082601598226 59.16999816894531 31.649999618530273 AB 3.101546419147034 1.0114837762193423
62439.3593 lsst_hardware_g -7.2248785767356996 33.29999923706055 31.68000030517578 AB 4.9029677160117 1.0087719050843633
62440.2424 lsst_hardware_r -3.293756653546347 23.93000030517578 31.459999084472656 AB 4.817699681394301 1.26446044873763
62440.2607 lsst_hardware_i 17.72520910449743 33.27000045776367 31.239999771118164 AB 4.4827387093983315 1.1796680814206135
62441.3584 lsst_hardware_r -12.492468916224782 26.200000762939453 31.540000915527344 AB 5.124324024305737 1.008973472666627
62450.3337 lsst_hardware_z -59.95573158036771 40.310001373291016 30.950000762939453 AB 10.696208340889704 1.0089572777633942
62450.3545 lsst_hardware_y 35.90955144793559 53.56999969482422 30.059999465942383 AB 10.779275546244271 1.018353854156235
62451.1956 lsst_hardware_z -90.16488740136082 45.220001220703125 30.90999984741211 AB 1.0566557193517447 1.3665124078263753
62451.2127 lsst_hardware_r 32.25010021842934 22.729999542236328 31.440000534057617 AB 2.925038721228647 1.262697483802567
62452.3145 lsst_hardware_i 48.46563094048709 29.389999389648438 31.239999771118164 AB 3.714709868288281 1.0104388072232153
62452.3327 lsst_hardware_u 1.3194609550331755 2.549999952316284 28.360000610351562 AB 3.728207623196213 1.0097842563673582
62459.3154 lsst_hardware_z 13.597492991093759 72.27999877929688 31.719999313354492 AB 6.316917188422061 1.0103026290959416
62466.2301 lsst_hardware_r 72.67406536986752 55.93000030517578 31.6299991607666 AB 5.590117311839355 1.0620868863532658
62466.2481 lsst_hardware_z 5.371762452204007 50.08000183105469 30.969999313354492 AB 5.4254749926207175 1.0329319357678257
62467.2474 lsst_hardware_i -58.113493658422726 42.47999954223633 31.299999237060547 AB 3.904787145851778 1.0304001264479397
62467.2668 lsst_hardware_z 26.39746896630875 46.619998931884766 30.969999313354492 AB 4.444025415913925 1.0134029795140358
62468.2034 lsst_hardware_u 1.7876117693620004 3.880000114440918 28.65999984741211 AB 3.7400503735663087 1.1137455513511105
62468.2197 lsst_hardware_g 11.460797102417487 26.950000762939453 31.6200008392334 AB 4.271067216261961 1.0723241818381357
62472.2691 lsst_hardware_u 1.8709920619492455 2.7200000286102295 28.510000228881836 AB 6.95294928933989 1.0087702995052434
62472.2876 lsst_hardware_g 30.055106174046603 13.430000305175781 31.420000076293945 AB 6.976257984479578 1.0136963069572185
62474.1523 lsst_hardware_r 10.658030976425938 39.43000030517578 32.63999938964844 AB 4.026397991640018 1.250240022245039
62477.1238 lsst_hardware_i -19.463903888753705 32.47999954223633 31.200000762939453 AB 7.856182165480348 1.3721789995597133
62477.1539 lsst_hardware_z 27.58346193144979 43.0099983215332 30.940000534057617 AB 5.338038003808102 1.2038876869212563
62480.2535 lsst_hardware_i -61.5721582252253 29.780000686645508 31.260000228881836 AB 9.351686401910682 1.0091929425252988
62480.2722 lsst_hardware_z 7.477086081147649 40.540000915527344 30.950000762939453 AB 9.456045563223888 1.0180379569600657
62486.2338 lsst_hardware_r 22.654058097554117 39.25 31.610000610351562 AB 10.47765760783237 1.0088101681367314
62486.2519 lsst_hardware_i 28.469318138313092 37.619998931884766 31.290000915527344 AB 10.640391982265061 1.0152307703346097
62490.1953 lsst_hardware_z 18.36473821154936 67.55000305175781 30.989999771118164 AB 3.956884994583821 1.0194435007623044
62490.2141 lsst_hardware_r 97.14745786239405 97.5 31.670000076293945 AB 5.025844910711971 1.0095098746031879
62491.1334 lsst_hardware_z -44.310460185140265 72.5999984741211 30.979999542236328 AB 4.730667135548444 1.1361554213265552
62491.1548 lsst_hardware_i 90.20317699678712 81.7300033569336 31.329999923706055 AB 4.485132357978996 1.076991801651818
62492.1809 lsst_hardware_i -36.26845182874673 77.80000305175781 31.34000015258789 AB 3.904800018828738 1.0283231335381606
62492.1996 lsst_hardware_z -124.67258918181105 67.20999908447266 30.989999771118164 AB 3.76395016221744 1.0128355633279353
62494.1935 lsst_hardware_i 15.671153904815977 57.52000045776367 31.329999923706055 AB 6.570585598530157 1.0131714320161636
62494.2143 lsst_hardware_z 22.18172890839177 56.060001373291016 30.979999542236328 AB 7.148216906970989 1.0090413231814124
62496.1967 lsst_hardware_g 46.22161005720939 63.720001220703125 32.459999084472656 AB 7.16855855653288 1.0097509470183768
62496.2186 lsst_hardware_r -41.00365518674295 65.5 32.380001068115234 AB 7.391902351832665 1.0119193709871832
62498.2028 lsst_hardware_i -34.69874572446027 32.77000045776367 31.270000457763672 AB 6.182864278560548 1.0089667687866537
62498.2234 lsst_hardware_r -4.97477087587503 29.93000030517578 31.56999969482422 AB 6.098384372888734 1.018306720582548
62501.0353 lsst_hardware_y 210.39019015686887 87.58999633789062 29.8799991607666 AB 11.618535553970656 1.5676185548259087
62501.058 lsst_hardware_z 3.7986703623428637 45.880001068115234 30.920000076293945 AB 10.314423782781567 1.3740809018215394
62504.1606 lsst_hardware_i -30.958388900048593 29.829999923706055 31.25 AB 3.892645841564198 1.016688433970408
62504.1792 lsst_hardware_z 34.60813085861483 40.369998931884766 30.950000762939453 AB 3.8092903485597995 1.0089499002939477
62508.155 lsst_hardware_g -9.155226244417527 13.34000015258789 31.420000076293945 AB 8.1058647390831 1.0133175355133468
62508.1763 lsst_hardware_r -11.926153945557953 22.010000228881836 31.5 AB 8.023792661536644 1.0090705506019675
62511.1547 lsst_hardware_i 17.50638250644757 29.729999542236328 31.25 AB 8.44891283293633 1.0100314205542533
62511.1757 lsst_hardware_r -52.32907298324268 21.959999084472656 31.5 AB 7.738260687787842 1.0110967797632198
62513.1346 lsst_hardware_z 4.961996021394614 60.04999923706055 31.709999084472656 AB 7.161909331485122 1.0177503668445589
62518.1121 lsst_hardware_i -34.87905258245935 65.55000305175781 31.329999923706055 AB 2.074856059609462 1.0258868032679662
62518.1318 lsst_hardware_z -90.96613456581146 59.63999938964844 30.979999542236328 AB 1.489976584423843 1.011353527523396
62520.1089 lsst_hardware_z -137.20501294267916 68.4800033569336 30.989999771118164 AB 3.963192981974013 1.023551906501553
62520.1279 lsst_hardware_r -1.454006488388409 100.56999969482422 31.65999984741211 AB 4.235048004985977 1.0107513138391353
62522.1116 lsst_hardware_i 7.270149652317036 66.76000213623047 31.329999923706055 AB 12.878702001133604 1.016579119175939
62522.1315 lsst_hardware_r -4.389525004435607 87.16999816894531 31.65999984741211 AB 12.022308867187606 1.0088156971774203
62528.0979 lsst_hardware_z -29.67744052465961 40.209999084472656 30.950000762939453 AB 11.530550233143678 1.0147750146512273
62528.115 lsst_hardware_r 2.9868092952109064 21.59000015258789 31.479999542236328 AB 11.593393017171316 1.0088229217865745
62530.1006 lsst_hardware_u 0.7487427485115147 2.619999885559082 28.43000030517578 AB 11.52556017032578 1.0107480636960258
62530.1191 lsst_hardware_g -2.117982980681155 13.149999618530273 31.40999984741211 AB 11.7216201350215 1.009614137383406
62532.0792 lsst_hardware_g 2.246777391083525 13.170000076293945 31.40999984741211 AB 9.336026965782347 1.020665460345725
62532.0984 lsst_hardware_r 11.521366698953022 21.690000534057617 31.489999771118164 AB 8.964273318683839 1.0097460864164725
62534.079 lsst_hardware_i -3.899863846956077 29.739999771118164 31.260000228881836 AB 6.810273577774637 1.0164587429514382
62534.097 lsst_hardware_r 12.805099006661749 21.850000381469727 31.510000228881836 AB 6.1884061681917855 1.008979266552987
62535.0336 lsst_hardware_y 52.81839691796727 56.09000015258789 30.049999237060547 AB 7.553988395820368 1.0794110521659512
62535.0513 lsst_hardware_r 16.099974514089208 22.15999984741211 31.5 AB 8.143655000952096 1.0449961505135346
62536.0772 lsst_hardware_u -6.526387753581082 2.6500000953674316 28.459999084472656 AB 9.747820110238425 1.014077514719219
62536.0959 lsst_hardware_g -8.443796707574945 13.109999656677246 31.40999984741211 AB 10.570416002998387 1.0087477994034009
62549.0506 lsst_hardware_i 119.97745366892823 71.76000213623047 31.34000015258789 AB 1.2861431562826486 1.0101261781132849
62549.0685 lsst_hardware_z 35.25379012617009 65.63999938964844 31.0 AB 1.1969494924287496 1.0099419145791728
62560.0096 lsst_hardware_z 55.6724459455146 62.150001525878906 30.989999771118164 AB 5.076819996110064 1.015363999222013
62560.0287 lsst_hardware_r 43.98407300896049 21.770000457763672 31.489999771118164 AB 5.043807113792531 1.0087614227585062
62562.0078 lsst_hardware_y -7.419231679233701 78.05000305175781 30.079999923706055 AB 2.510397190278873 1.0131761437912916
62562.027 lsst_hardware_z -73.51102097878923 40.59000015258789 30.950000762939453 AB 2.492873112212433 1.0088519272409684
62564.0055 lsst_hardware_y -79.49775025414588 70.75 30.06999969482422 AB 3.692070776967717 1.0116417244802511
62564.023 lsst_hardware_u -5.640467857013042 2.819999933242798 28.440000534057617 AB 3.6730483517604164 1.0090099173849094
62565.0053 lsst_hardware_y -78.6985156963575 66.16000366210938 30.079999923706055 AB 11.461260035630195 1.010648563610969
62565.0238 lsst_hardware_i 17.346606352532124 29.889999389648438 31.239999771118164 AB 11.554731990050358 1.0096759865475808
