data/validation/pwv_sim_epoch_fit_seasonal/28146327.ecsv
# %ECSV 0.9
# ---
# datatype:
# - {name: time, datatype: float64}
# - {name: band, datatype: string}
# - {name: flux, datatype: float64}
# - {name: fluxerr, datatype: float64}
# - {name: zp, datatype: float64}
# - {name: zpsys, datatype: string}
# - {name: pwv, datatype: float64}
# - {name: airmass, datatype: float64}
# meta: {SNID: '28146327', alt: 1024.0, c: -0.060792796313762665, dec: -43.605747, lat: -30.244573, lon: -70.7499537, ra: 288.400818,
#   t0: 62384.890625, x0: 4.101794087184742e-06, x1: -0.4423880875110626, z: 0.665099024772644}
# schema: astropy-2.0
time band flux fluxerr zp zpsys pwv airmass
[from data line 134]
62686.2279 lsst_hardware_i -7.204058850933371 30.8799991607666 31.260000228881836 AB 7.484406585020854 1.0297280327935134
62688.2115 lsst_hardware_z 6.055767923043909 41.150001525878906 30.950000762939453 AB 4.485412382626342 1.0276251210721803
62688.2237 lsst_hardware_r -18.686662366018616 23.40999984741211 31.5 AB 4.493445721011041 1.0301736397564816
62697.1493 lsst_hardware_r -164.9920840716519 136.2100067138672 31.65999984741211 AB 7.244918433424318 1.044588614421731
62697.161 lsst_hardware_i 76.06423699062674 106.94999694824219 31.34000015258789 AB 7.194874790056367 1.0352337827419233
62699.1874 lsst_hardware_r 96.78413943371666 85.33999633789062 31.65999984741211 AB 2.2389459675011825 1.0283760089571379
62699.1997 lsst_hardware_z 51.83955048057021 62.529998779296875 30.979999542236328 AB 2.2658201572486414 1.0328917294856834
62704.1859 lsst_hardware_g 13.91817134468611 14.430000305175781 31.43000030517578 AB 5.5885570592020954 1.0328140933657541
62704.198 lsst_hardware_i -16.75061269740613 30.81999969482422 31.25 AB 5.702521995927278 1.0411761906020227
62707.136 lsst_hardware_g -1.8615138868985406 14.279999732971191 31.420000076293945 AB 5.763629669606883 1.0338349183151359
62707.1487 lsst_hardware_r -55.66456080798515 23.06999969482422 31.489999771118164 AB 5.775441038833368 1.0286652487012857
62716.1301 lsst_hardware_r 17.211965591981016 23.149999618530273 31.5 AB 1.9440862386590352 1.0277107869563182
62716.1417 lsst_hardware_i -33.45074265917503 30.600000381469727 31.25 AB 1.9773522387465945 1.0285317236653286
62719.1313 lsst_hardware_z 11.116317610964499 42.20000076293945 30.950000762939453 AB 2.149763970607931 1.0281032858000625
62719.1428 lsst_hardware_g 34.288194632691265 21.81999969482422 31.579999923706055 AB 2.1392436069699396 1.0317480520734406
62722.1122 lsst_hardware_z 45.409255106612775 56.5099983215332 30.979999542236328 AB 3.9956551400008977 1.0278653249873686
62722.1232 lsst_hardware_r -10.355236478802205 68.45999908447266 31.649999618530273 AB 3.9520884826089175 1.028118751979427
62723.1159 lsst_hardware_i -17.359496758926355 74.3499984741211 31.34000015258789 AB 3.8486376829674462 1.0276278802814027
62723.1275 lsst_hardware_r -38.62475003392809 89.95999908447266 31.65999984741211 AB 4.527651060322147 1.0299479209104063
62733.1121 lsst_hardware_z -61.678024449773005 41.099998474121094 30.950000762939453 AB 2.1756955594906753 1.036045504519369
62733.1231 lsst_hardware_r 24.44967725976923 23.020000457763672 31.5 AB 2.1947262239308096 1.045107725681338
62738.0559 lsst_hardware_r 7.585814750086926 23.059999465942383 31.510000228881836 AB 4.309674578811575 1.0314956009681253
62738.0668 lsst_hardware_i -11.92362207838684 30.540000915527344 31.260000228881836 AB 4.302913361761675 1.028113819189218
62740.0978 lsst_hardware_u 4.265855675736537 2.75 28.479999542236328 AB 1.539387846130527 1.0396000986868323
62740.1085 lsst_hardware_g -15.009396278939073 14.319999694824219 31.440000534057617 AB 1.5059512075808088 1.0498091373864127
62742.049 lsst_hardware_g 23.66292373258759 14.229999542236328 31.450000762939453 AB 5.767340001874951 1.0298821431919556
62742.0605 lsst_hardware_r -40.227404165472564 22.950000762939453 31.510000228881836 AB 5.754707065069774 1.0276262616196026
62747.0451 lsst_hardware_z 4.626208047621495 41.349998474121094 30.950000762939453 AB 1.442269324066215 1.0277453615673742
62747.0566 lsst_hardware_i -2.3266296295131825 31.579999923706055 31.260000228881836 AB 1.5040894874852502 1.0284372563998072
62748.0368 lsst_hardware_z -72.6762120100209 42.47999954223633 30.950000762939453 AB 1.8350416290439784 1.0286588288189724
62748.0489 lsst_hardware_g 22.59279141104214 24.520000457763672 31.610000610351562 AB 1.531976314959943 1.0277121969767058
62753.0364 lsst_hardware_z 60.177127294357625 89.58000183105469 31.739999771118164 AB 2.700434028754436 1.027823152279029
62755.0334 lsst_hardware_z 35.16222809219507 62.22999954223633 30.989999771118164 AB 2.0627781322858523 1.0281760160926365
62755.046 lsst_hardware_r -0.24143757236078922 88.93000030517578 31.65999984741211 AB 2.454221485951685 1.0324869524406697
62757.0357 lsst_hardware_i -70.53167514880344 57.33000183105469 31.329999923706055 AB 2.235823950697879 1.030333617833124
62757.0484 lsst_hardware_z -19.384796209448236 55.31999969482422 30.979999542236328 AB 2.5240772613229097 1.0373275501172956
62760.0194 lsst_hardware_u 0.3234720504507709 2.759999990463257 28.479999542236328 AB 2.5826302909291385 1.0281171540323004
62760.0303 lsst_hardware_g -1.7209033608192752 14.479999542236328 31.450000762939453 AB 2.6335920134443587 1.0315002337402017
62762.0244 lsst_hardware_r 10.383573194030859 23.239999771118164 31.520000457763672 AB 0.8394808878709875 1.0313033020532034
62762.0353 lsst_hardware_i 2.103278384628563 30.799999237060547 31.260000228881836 AB 0.9139822481161893 1.0377317605630056
62764.0198 lsst_hardware_z -12.347422238794652 41.13999938964844 30.950000762939453 AB 6.413704495297706 1.031695093077379
62764.0326 lsst_hardware_u -0.19249040999509634 2.7799999713897705 28.489999771118164 AB 6.470785725020568 1.0398734291334368
62765.0253 lsst_hardware_g 12.498874606601415 14.619999885559082 31.459999084472656 AB 4.042127733086932 1.0364430084838288
62765.0377 lsst_hardware_r -50.57196879280524 23.40999984741211 31.510000228881836 AB 4.0836927233072835 1.0471006982839188
62767.0185 lsst_hardware_i -30.31435530146581 30.719999313354492 31.25 AB 1.5533194615993535 1.0355463077329023
62767.0317 lsst_hardware_z 27.144943588127422 41.41999816894531 30.950000762939453 AB 1.5698225302546214 1.0465483535030808
