data/validation/pwv_sim_epoch_fit_seasonal/28188726.ecsv
# %ECSV 0.9
# ---
# datatype:
# - {name: time, datatype: float64}
# - {name: band, datatype: string}
# - {name: flux, datatype: float64}
# - {name: fluxerr, datatype: float64}
# - {name: zp, datatype: float64}
# - {name: zpsys, datatype: string}
# - {name: pwv, datatype: float64}
# - {name: airmass, datatype: float64}
# meta: {SNID: '28188726', alt: 1024.0, c: 0.01092698983848095, dec: -18.367102, lat: -30.244573, lon: -70.7499537, ra: 155.390625, t0: 61179.4140625,
#   x0: 1.1120308986971443e-05, x1: -0.2891920208930969, z: 0.4402562379837036}
# schema: astropy-2.0
time band flux fluxerr zp zpsys pwv airmass
61037.3379 lsst_hardware_z 32.10958478556862 41.16999816894531 30.950000762939453 AB 5.7979544492682535 1.029283587656356
61037.3585 lsst_hardware_y -29.490921243344083 72.5199966430664 30.079999923706055 AB 5.743372733771955 1.0214072085669492
61050.3017 lsst_hardware_r 29.011346559925453 40.209999084472656 31.610000610351562 AB 7.362810267969801 1.0298116837106337
61050.3238 lsst_hardware_i -11.622216092295108 39.869998931884766 31.299999237060547 AB 7.334942104931377 1.021390007185022
61055.2759 lsst_hardware_z -49.811509238610164 40.970001220703125 30.950000762939453 AB 5.819461113792898 1.0417318062759529
61055.296 lsst_hardware_i -2.0678922088835465 30.18000030517578 31.25 AB 6.12550503224802 1.0248460820224226
61057.2676 lsst_hardware_u 1.6542761136930633 2.5999999046325684 28.3700008392334 AB 2.2909455987613936 1.0452983720584303
61057.288 lsst_hardware_g -3.0339045173687214 13.75 31.420000076293945 AB 2.189637164249796 1.026191992618549
61059.308 lsst_hardware_r 21.28903225432861 22.270000457763672 31.489999771118164 AB 6.749565239534951 1.022661399929538
61059.3286 lsst_hardware_i 12.195135193681525 30.09000015258789 31.239999771118164 AB 6.838127823182557 1.0360799732094783
61061.3086 lsst_hardware_z 22.625700724766258 40.77000045776367 30.950000762939453 AB 12.392636903875847 1.0250743954568715
61061.3289 lsst_hardware_u 5.786641038487137 2.700000047683716 28.450000762939453 AB 12.441656233230146 1.0425386486702017
61063.2413 lsst_hardware_r 25.85660581728704 22.440000534057617 31.479999542236328 AB 9.70248005959589 1.0601872219554789
61063.2609 lsst_hardware_g -32.797449910235244 13.680000305175781 31.40999984741211 AB 9.826422112321653 1.0343602223496478
61065.2423 lsst_hardware_r -0.6954014932865605 22.559999465942383 31.489999771118164 AB 9.053035052103215 1.0500533610280371
61065.2619 lsst_hardware_i -18.887229116636647 30.139999389648438 31.239999771118164 AB 9.574044590731905 1.028950840875392
61067.2393 lsst_hardware_i 45.82882387069059 30.31999969482422 31.239999771118164 AB 11.399887933233355 1.0466214391094468
61067.2574 lsst_hardware_u 0.8959298049736234 2.5799999237060547 28.360000610351562 AB 11.836527258501148 1.028272223885775
61069.2906 lsst_hardware_g 0.5736035545580509 13.899999618530273 31.40999984741211 AB 11.530026471317395 1.027257739353687
61069.3068 lsst_hardware_r -22.140966355458318 22.690000534057617 31.489999771118164 AB 11.535816474295633 1.0422203979126017
61071.215 lsst_hardware_r -73.24362535194638 77.48999786376953 31.649999618530273 AB 11.224183827435189 1.0681560551422906
61071.2327 lsst_hardware_i 61.54114460859441 62.099998474121094 31.329999923706055 AB 10.998012896811904 1.0411498482308625
61072.2236 lsst_hardware_z -36.007191708550984 95.2699966430664 31.739999771118164 AB 13.208775560732143 1.0494607655760964
61074.2227 lsst_hardware_z 47.90911115093893 78.63999938964844 30.989999771118164 AB 9.408793295326175 1.043354090449607
61074.2401 lsst_hardware_r -62.44289141398917 112.9800033569336 31.65999984741211 AB 9.282740213754298 1.0270790234293314
61076.2203 lsst_hardware_i -51.67027531347825 69.48999786376953 31.329999923706055 AB 5.618163783959771 1.0396947351723613
61076.2382 lsst_hardware_z -12.684185770182319 63.25 30.989999771118164 AB 5.487543662179602 1.0250704225740228
61080.2058 lsst_hardware_g -16.803748539374812 29.049999237060547 31.639999389648438 AB 5.934484084752141 1.0440070517947821
61080.2241 lsst_hardware_r -2.894928351067346 33.5099983215332 31.59000015258789 AB 5.458346438933577 1.0268413693359713
61082.1974 lsst_hardware_i 33.98333453097965 31.0 31.260000228881836 AB 2.829354676227804 1.047909139343631
61082.2146 lsst_hardware_r -15.389928765965477 24.06999969482422 31.520000457763672 AB 3.8221334303281207 1.0296002236724684
61084.1979 lsst_hardware_u -1.5368570532010015 2.6500000953674316 28.399999618530273 AB 4.214911058961793 1.040333471297503
61084.2146 lsst_hardware_g 6.638892289274678 14.109999656677246 31.43000030517578 AB 5.077697862077174 1.026004821595711
61086.1951 lsst_hardware_r -30.027692867870527 23.079999923706055 31.5 AB 3.9655532181581594 1.0373787630340494
61086.2126 lsst_hardware_i -1.3334481551536994 30.56999969482422 31.25 AB 3.3411437426402335 1.0242623367995811
61088.2302 lsst_hardware_z -1.4330878660044426 40.869998931884766 30.950000762939453 AB 4.656603044553374 1.0230919574982695
61088.2479 lsst_hardware_r 19.148208563156288 22.889999389648438 31.5 AB 4.762114780821193 1.0345676256400593
61090.2301 lsst_hardware_u -2.3210078882744827 2.859999895095825 28.56999969482422 AB 2.6848792860111765 1.0254153861277566
61090.2481 lsst_hardware_g 10.331476562110577 14.390000343322754 31.450000762939453 AB 2.7302423999881533 1.040587860881621
61092.2331 lsst_hardware_r 12.679049143647651 23.020000457763672 31.510000228881836 AB 5.698690652003823 1.0311106259562715
61092.2502 lsst_hardware_z -13.145267703570962 41.36000061035156 30.950000762939453 AB 5.339107319354856 1.050488405185412
61094.168 lsst_hardware_i -41.48212585742312 30.610000610351562 31.25 AB 11.432920641065097 1.043467049686501
61094.1867 lsst_hardware_r 31.770575892084164 22.940000534057617 31.5 AB 11.39927068436436 1.0263448995526134
61096.1948 lsst_hardware_z -92.4154927712355 40.849998474121094 30.950000762939453 AB 9.556103167995794 1.0215878665118
61096.2119 lsst_hardware_g 13.531591486938222 14.229999542236328 31.440000534057617 AB 8.732284396355222 1.0245151814261113
61099.1716 lsst_hardware_z 14.38982989073886 52.79999923706055 30.979999542236328 AB 6.333701935869886 1.0272256146835874
61099.1898 lsst_hardware_r -165.72129599063908 62.220001220703125 31.649999618530273 AB 6.227858841123445 1.0213790637348823
61101.1619 lsst_hardware_z -81.80163501145942 105.9800033569336 31.75 AB 3.423793257645992 1.0302286632836486
61103.1928 lsst_hardware_r 7.075986286551095 127.77999877929688 31.670000076293945 AB 6.604907348926292 1.0245196373816021
61103.2119 lsst_hardware_z 71.3435386432783 85.19999694824219 31.0 AB 5.813011305707301 1.0397706843025223
61105.1984 lsst_hardware_r 86.74365418774148 85.33999633789062 31.65999984741211 AB 8.04782394304927 1.031772300390932
61105.2161 lsst_hardware_y 32.75564157605866 54.22999954223633 30.049999237060547 AB 8.215860741739075 1.0525508060476385
61107.1926 lsst_hardware_g 85.8461079484389 54.90999984741211 31.709999084472656 AB 11.083312627182691 1.031485586522361
61107.2125 lsst_hardware_r 5.193778314430474 54.41999816894531 31.6299991607666 AB 11.398581796405894 1.055424240407953
61109.1254 lsst_hardware_r -1.7375940351258792 29.639999389648438 31.559999465942383 AB 11.01414044359382 1.0455800686912786
61109.1435 lsst_hardware_i 19.39575059740669 35.400001525878906 31.280000686645508 AB 10.844025468681902 1.0277398245417866
61111.1261 lsst_hardware_z 19.580507298661296 41.13999938964844 30.950000762939453 AB 8.517318173572846 1.03816981292915
61111.1452 lsst_hardware_r -1.4449217238902707 22.940000534057617 31.5 AB 8.412098708686093 1.0238886753649774
61113.1253 lsst_hardware_u -0.6664276881899911 2.619999885559082 28.3799991607666 AB 11.580264007673405 1.0334907637370285
61113.1444 lsst_hardware_g 1.8560760405460968 14.199999809265137 31.43000030517578 AB 11.372395002147107 1.0223296478017896
61114.1255 lsst_hardware_r -28.509917129676584 23.040000915527344 31.510000228881836 AB 10.165932056380035 1.0309491728702456
61114.1447 lsst_hardware_z -94.31821765948013 40.900001525878906 30.950000762939453 AB 10.038846532339637 1.0217135547646303
61116.124 lsst_hardware_r -3.311528071232464 23.170000076293945 31.510000228881836 AB 7.885082423326856 1.0279973608265998
61116.1448 lsst_hardware_u 0.1700187011788458 2.759999990463257 28.489999771118164 AB 8.379690622991788 1.0213944893438442
61118.1077 lsst_hardware_g -0.9148847379495025 14.119999885559082 31.440000534057617 AB 8.465630414794752 1.03740173579306
61118.1265 lsst_hardware_r 3.685750977707547 22.729999542236328 31.5 AB 7.266872649016112 1.023719468763298
61120.1531 lsst_hardware_i 79.52270197059482 30.520000457763672 31.239999771118164 AB 5.36873487167044 1.028411181419805
61120.1719 lsst_hardware_z -44.350012780712774 41.31999969482422 30.940000534057617 AB 5.553664144643188 1.0478611593666391
61122.1507 lsst_hardware_r -27.460239715028333 22.760000228881836 31.5 AB 7.682211793292859 1.0307082012468056
61122.1699 lsst_hardware_u -4.493642901182179 2.740000009536743 28.469999313354492 AB 7.22983860566078 1.052876339703758
61124.0932 lsst_hardware_g 11.299578582378874 17.59000015258789 31.510000228881836 AB 9.220123893882874 1.0354648179406514
61124.1103 lsst_hardware_i 9.926579447313001 31.469999313354492 31.25 AB 9.019941612710308 1.0236459523215058
61126.1355 lsst_hardware_z -3.6590868558925207 45.2400016784668 30.959999084472656 AB 7.090357157132835 1.0275879937873673
61126.1533 lsst_hardware_r -22.259743156802177 39.54999923706055 31.610000610351562 AB 7.209730237025713 1.044888440148654
61130.1341 lsst_hardware_r 2.6037242137825487 117.44000244140625 31.65999984741211 AB 5.198309414748719 1.0354166745839337
61130.1514 lsst_hardware_i 64.7612183475866 95.4000015258789 31.329999923706055 AB 5.375484713276244 1.058166282140993
61133.1354 lsst_hardware_z 122.36454474213602 71.44999694824219 30.989999771118164 AB 6.538999009897715 1.046490999423496
61133.153 lsst_hardware_r -13.100674153352163 106.4000015258789 31.649999618530273 AB 6.760900188510359 1.076276545311475
61135.0663 lsst_hardware_r 136.2244679459568 61.4900016784668 31.639999389648438 AB 8.06366822295906 1.032523994574122
61135.0841 lsst_hardware_z -34.37431398224366 52.11000061035156 30.969999313354492 AB 7.230997162936976 1.0223862517113267
61137.0651 lsst_hardware_g -23.263968533506112 27.510000228881836 31.639999389648438 AB 11.138882317192822 1.0290911231700783
61137.0843 lsst_hardware_i -8.949064535520955 38.83000183105469 31.290000915527344 AB 10.490062631337855 1.0214442913391455
61139.0634 lsst_hardware_z -17.488613298131362 40.810001373291016 30.950000762939453 AB 7.86044353389054 1.0265919593248567
61139.0828 lsst_hardware_r 2.095914983135703 22.610000610351562 31.5 AB 7.812083445010711 1.0214321660978507
61142.0554 lsst_hardware_u 3.1523834735740546 2.8299999237060547 28.559999465942383 AB 6.51967234295654 1.026477578990245
61142.0717 lsst_hardware_g -1.260738585487223 14.119999885559082 31.459999084472656 AB 6.560890198314168 1.0213886819201632
61148.0847 lsst_hardware_z -26.97913639846252 41.029998779296875 30.950000762939453 AB 11.697394101718487 1.035167619621105
61148.1016 lsst_hardware_r -6.549229212779131 22.719999313354492 31.5 AB 11.945235120979444 1.0571004531840216
61150.0806 lsst_hardware_u -1.15248668470154 2.7100000381469727 28.469999313354492 AB 7.041902043188652 1.036539234069278
61150.0972 lsst_hardware_r 3.272916485955105 22.639999389648438 31.5 AB 7.208260924325283 1.0588445758691758
61152.0815 lsst_hardware_i 49.76202809344239 30.61209835952031 31.25 AB 9.776190574932922 1.0438514307760314
61152.0987 lsst_hardware_z -40.02260820645953 41.7557811049708 30.950000762939453 AB 9.806402943838549 1.0714257714150939
61154.0127 lsst_hardware_z -12.969870744259541 43.75656294276837 30.950000762939453 AB 9.117061396965411 1.034090783980651
61154.0291 lsst_hardware_r 12.506674997203637 33.980752090695454 31.579999923706055 AB 9.022371951733895 1.023370103036095
61156.0186 lsst_hardware_y 144.71313672379685 72.19911671472384 30.809999465942383 AB 11.897732707881858 1.025666612748436
61158.0177 lsst_hardware_r 360.7417623393717 86.2766880880526 31.65999984741211 AB 1.535325560434837 1.0235503736232248
61158.0349 lsst_hardware_i 267.0531223036728 73.5522449754354 31.34000015258789 AB 1.532933385350114 1.0219555902334092
61160.0098 lsst_hardware_z 331.90517468646743 70.31972337088449 30.989999771118164 AB 11.065602694886849 1.0245928421191526
61160.0284 lsst_hardware_r 775.9546627313648 102.51922582474167 31.65999984741211 AB 11.03508131612332 1.0217667885299369
61161.9981 lsst_hardware_z 625.8639334020916 65.73938834110302 30.989999771118164 AB 9.469673678549155 1.0281947533712437
61162.0145 lsst_hardware_r 855.0894811512974 94.02684243478957 31.670000076293945 AB 8.965821001627875 1.0215907556262533
61164.0398 lsst_hardware_i 1048.0638910989765 62.06744860750456 31.31999969482422 AB 11.397811624262998 1.0340026874955093
61164.0578 lsst_hardware_z 701.1630264627864 58.92662818551892 30.969999313354492 AB 11.629994004442826 1.056919875596876
61167.0382 lsst_hardware_r 2106.7888265321926 51.91811603191312 31.5 AB 6.710884881753183 1.0409852453598527
61167.0556 lsst_hardware_u 14.220419779193557 4.679940871973692 28.459999084472656 AB 6.767479234891395 1.0673415716254862
61169.0237 lsst_hardware_g 1069.4293988825484 36.07898785424036 31.40999984741211 AB 9.369786905874081 1.031810691564627
61169.0353 lsst_hardware_r 2733.5846907775876 56.95520378542484 31.489999771118164 AB 9.473483589328957 1.044130560834215
61170.9709 lsst_hardware_z 1614.4790428418082 57.13680567570346 30.950000762939453 AB 7.74775912072249 1.0301158877477063
61170.9894 lsst_hardware_i 2228.49570643594 55.479807353902885 31.260000228881836 AB 7.6682351817087095 1.0216594370975765
61173.9705 lsst_hardware_y 676.7091938615034 53.677743534191485 30.049999237060547 AB 7.4570326706264165 1.025115612513369
61173.9899 lsst_hardware_r 3884.817536369132 65.49404121346178 31.5 AB 7.414646434092338 1.0217233614568761
61175.969 lsst_hardware_y 688.8520507752648 53.37007413839313 30.049999237060547 AB 7.361172956595957 1.023380085721756
61175.9876 lsst_hardware_r 4013.9099206442497 67.05353559890231 31.5 AB 7.3447981348296585 1.022382813868271
61179.9538 lsst_hardware_y 698.8065829720103 77.94120180424551 30.06999969482422 AB 7.534080279469204 1.025277425194267
61179.9752 lsst_hardware_u 6.03762342744983 3.4357797071668488 28.43000030517578 AB 7.733716868839459 1.0220320957895694
61180.9529 lsst_hardware_y 854.8335419570909 78.38462138615868 30.079999923706055 AB 5.5590141363650565 1.0243883543671033
61180.968 lsst_hardware_r 4092.1906144750237 68.19304679604076 31.520000457763672 AB 7.318074688152753 1.0214236261451937
61182.9622 lsst_hardware_z 4597.212383131055 102.84779613126524 31.729999542236328 AB 2.02340381445475 1.0214052571703345
61185.9523 lsst_hardware_y 847.2438776349012 77.79333487091426 30.079999923706055 AB 7.105172265812461 1.0213717049971194
61185.9714 lsst_hardware_z 2125.6279325443147 72.35326995707432 30.979999542236328 AB 5.901458243417766 1.0274126468345879
61405.3419 lsst_hardware_i 28.504377868733588 36.56999969482422 31.280000686645508 AB 6.025890898773074 1.0230714598935249
61407.3219 lsst_hardware_r -13.683117626191242 24.309999465942383 31.520000457763672 AB 5.353688916867012 1.0316718108042802
61407.3425 lsst_hardware_y 26.2444077118389 47.189998626708984 30.049999237060547 AB 4.596675533601116 1.0216348052158355
61409.3256 lsst_hardware_r 30.706071025298847 22.829999923706055 31.510000228881836 AB 3.2822970672773804 1.0253973968376697
61409.345 lsst_hardware_y 57.397053117835426 47.4900016784668 30.059999465942383 AB 2.8565160662125004 1.0216438005051862
61411.327 lsst_hardware_z -29.150797517995347 57.689998626708984 31.700000762939453 AB 7.502499031708164 1.0226032301283254
61411.3477 lsst_hardware_y 48.37735750036634 47.58000183105469 30.049999237060547 AB 7.89503912184908 1.023889219303888
61418.2694 lsst_hardware_i 46.670917560536616 30.760000228881836 31.25 AB 4.8081187236479055 1.0599909002751116
61418.2875 lsst_hardware_z -27.08644328928633 41.2400016784668 30.950000762939453 AB 4.660678832152628 1.0357064071450284
61420.281 lsst_hardware_r 4.8581839055748075 22.540000915527344 31.5 AB 5.752681707546433 1.0367683000504204
61420.3013 lsst_hardware_g -3.014160799153461 13.869999885559082 31.440000534057617 AB 6.116556715415517 1.0229496123451083
61422.2627 lsst_hardware_r -6.981999668643224 22.75 31.510000228881836 AB 2.2551669206614156 1.0532011304898614
