data/validation/pwv_sim_epoch_fit_seasonal/28205564.ecsv
# %ECSV 0.9
# ---
# datatype:
# - {name: time, datatype: float64}
# - {name: band, datatype: string}
# - {name: flux, datatype: float64}
# - {name: fluxerr, datatype: float64}
# - {name: zp, datatype: float64}
# - {name: zpsys, datatype: string}
# - {name: pwv, datatype: float64}
# - {name: airmass, datatype: float64}
# meta: {SNID: '28205564', alt: 1024.0, c: -0.038584887981414795, dec: -18.052954, lat: -30.244573, lon: -70.7499537, ra: 47.109375, t0: 61329.74609375,
#   x0: 2.5933775800247846e-06, x1: -0.6759471893310547, z: 0.8018947243690491}
# schema: astropy-2.0
time band flux fluxerr zp zpsys pwv airmass
61267.4096 lsst_hardware_r -4.844856651608736 22.34000015258789 31.489999771118164 AB 5.073698272224405 1.029739526886528
61267.4298 lsst_hardware_y -78.29969775075381 65.13999938964844 30.06999969482422 AB 5.292552361809482 1.0235065484063974
61269.4084 lsst_hardware_r -3.7861241780674346 22.399999618530273 31.510000228881836 AB 4.012702590802222 1.0272518632453689
61269.4292 lsst_hardware_y 0.7422965849479713 70.80000305175781 30.079999923706055 AB 4.048250501479029 1.0240957504373969
61273.4094 lsst_hardware_z 3.215707512071088 40.66999816894531 30.950000762939453 AB 1.1259929036159142 1.0236299123781036
61273.4273 lsst_hardware_y 40.13608066959489 71.06999969482422 30.06999969482422 AB 1.562069696842429 1.0273394915109695
61275.3873 lsst_hardware_u -4.697655663365256 2.740000009536743 28.5 AB 2.3255014843594366 1.0300464274440144
61275.4074 lsst_hardware_y -36.5291214383139 47.15999984741211 30.049999237060547 AB 2.3313424454890233 1.0234912323797571
61277.3901 lsst_hardware_r -3.3808399077739266 56.439998626708984 32.36000061035156 AB 2.27082382122356 1.0256656825761337
61277.4079 lsst_hardware_y -22.753721867370608 66.9000015258789 30.799999237060547 AB 2.250193834077025 1.0242120318966887
61279.395 lsst_hardware_z 18.29744644061827 78.70999908447266 31.729999542236328 AB 3.3734593604096186 1.0235010195417533
61285.3326 lsst_hardware_r -28.969362358628004 56.7400016784668 31.639999389648438 AB 2.7654801162082863 1.0622842955985734
61285.3499 lsst_hardware_z 44.79102143310373 51.13999938964844 30.979999542236328 AB 2.249521712911158 1.0386802322110853
61287.3217 lsst_hardware_z -5.53929585577195 43.880001068115234 30.950000762939453 AB 2.4925906737218657 1.072158867469486
61287.3403 lsst_hardware_r 22.76831250089334 32.88999938964844 31.579999923706055 AB 2.113272066755355 1.0432906076876725
61298.3388 lsst_hardware_i 19.57205085816787 29.834148560070897 31.25 AB 1.3523076356451789 1.0239583308772178
61298.3584 lsst_hardware_z -9.74458138491313 40.60089023670392 30.950000762939453 AB 1.3787662125614053 1.0270139385933839
61302.2984 lsst_hardware_u 1.6001687050350963 2.54025425463373 28.329999923706055 AB 5.779128862395182 1.044436608213167
61302.3259 lsst_hardware_g 3.784357296450665 13.614961283729345 31.399999618530273 AB 5.670204409764133 1.0243809059688602
61304.3385 lsst_hardware_r 78.44428689394996 22.5166449886839 31.5 AB 2.269416758486928 1.0254933386754805
61304.3581 lsst_hardware_i 50.70621804837323 31.39954467817626 31.260000228881836 AB 2.5358741827661446 1.0395057113212056
61306.3291 lsst_hardware_z 80.4287502218068 47.92622812145779 30.969999313354492 AB 2.109200302783573 1.024298002161442
61306.3495 lsst_hardware_r 74.14714738150938 39.44813746805739 31.610000610351562 AB 1.8184292726455158 1.0363388711883093
61308.3267 lsst_hardware_z 128.04113248150466 59.872196486861355 30.979999542236328 AB 6.252915047780948 1.0251800821588613
61308.3465 lsst_hardware_r 221.2155852676145 78.70356127268569 31.649999618530273 AB 6.1387276039161875 1.0387896783003956
61310.2551 lsst_hardware_z 232.442820990616 72.80925736950513 30.989999771118164 AB 4.142884128272338 1.079813413103129
61310.2736 lsst_hardware_i 289.73808678886775 83.36710134634555 31.329999923706055 AB 3.989039225866721 1.0482299897166525
61314.3101 lsst_hardware_y 302.54651246639 71.32763139078234 30.809999465942383 AB 4.536433809962413 1.0251055611546032
61316.3037 lsst_hardware_r 409.2757496016343 38.20713823642594 31.59000015258789 AB 3.3022710852604455 1.024807412411566
61316.3225 lsst_hardware_i 700.0552396062219 43.13444301638635 31.280000686645508 AB 3.418103185823485 1.0366265221867916
61320.2815 lsst_hardware_u -1.1928677656467537 2.9370689571573907 28.459999084472656 AB 4.503802268355571 1.023591424626266
61320.2984 lsst_hardware_r 590.4814602505876 32.52742710215229 31.5 AB 4.746997268522472 1.0270439784775687
61322.2797 lsst_hardware_i 850.8309265169391 42.523499457336115 31.260000228881836 AB 2.657540467604764 1.023508749318222
61322.2971 lsst_hardware_z 500.08848529485823 47.140396033158744 30.959999084472656 AB 2.793378361400015 1.029405777624917
61324.2862 lsst_hardware_r 573.0894995919951 33.620765792643 31.510000228881836 AB 4.306336188197066 1.0264382611652556
61324.3052 lsst_hardware_u -2.157870899523964 2.891383831717916 28.530000686645508 AB 4.695118207704652 1.0413732786066303
61327.2169 lsst_hardware_u -2.7298710599597973 2.713251074575643 28.399999618530273 AB 6.703607283353023 1.0640646481512734
61327.234 lsst_hardware_g 73.38591161652221 16.77256487829425 31.43000030517578 AB 6.551911476464888 1.0399859486452203
61329.2621 lsst_hardware_r 540.924010678075 32.96814706368233 31.5 AB 7.459110905988669 1.023607191627469
61329.2801 lsst_hardware_i 964.9107136396879 43.26394267210868 31.260000228881836 AB 7.506201514067572 1.0308356393775564
61331.2619 lsst_hardware_z 662.8055185646249 47.56462998293893 30.950000762939453 AB 5.239615143360996 1.0245629924445276
61331.279 lsst_hardware_r 507.9629783931121 32.37341044459822 31.5 AB 5.3304767372844895 1.034290902213823
61333.259 lsst_hardware_z 634.5359281827378 49.65139626387986 30.969999313354492 AB 1.258131083734486 1.025371706385074
61333.276 lsst_hardware_r 508.6089341607767 34.12739603479282 31.540000915527344 AB 1.298440725987627 1.0365412926986677
61338.244 lsst_hardware_r 582.973738933946 105.30564426471395 31.65999984741211 AB 4.580352260261862 1.024916594375092
61338.262 lsst_hardware_z 525.5842074494203 74.43745274856755 30.989999771118164 AB 3.9375905505440847 1.0362080396168645
61341.2425 lsst_hardware_y 332.4463208128755 55.39851943435582 30.06999969482422 AB 2.7743397279825555 1.0277870071557997
61341.2576 lsst_hardware_r 463.8962972505309 84.7972343258202 31.65999984741211 AB 2.34844994936466 1.0400575506485106
61357.1943 lsst_hardware_z 217.20654102404347 43.78018090185786 30.950000762939453 AB 4.367588234379122 1.025676800183192
61357.2119 lsst_hardware_r 94.79593519868332 24.56440541776172 31.489999771118164 AB 6.949371785642954 1.0379426146036315
61361.1939 lsst_hardware_g 14.694423304024726 19.015535150129885 31.520000457763672 AB 2.7989758714973156 1.031690332287242
61361.2132 lsst_hardware_r 64.31650824470348 25.665123298307094 31.5 AB 5.946422398305028 1.0530854306321649
61364.1769 lsst_hardware_i 63.00203075511386 49.459216879810285 31.309999465942383 AB 5.296522782419411 1.0263915992027797
61364.1968 lsst_hardware_z 178.1072847286719 52.00885426716088 30.969999313354492 AB 5.309883174094539 1.0422946377430116
61368.178 lsst_hardware_z 221.85130213232898 73.62443619820475 30.989999771118164 AB 8.120655093990075 1.0343026781851403
61368.1971 lsst_hardware_i 49.40571502993937 85.64428904422577 31.34000015258789 AB 8.240874158545992 1.057697547515957
61370.1101 lsst_hardware_r 29.2537040950382 73.30728090451929 31.649999618530273 AB 3.7650855843315316 1.0477974724484782
61370.1289 lsst_hardware_z 86.1188132890832 59.416344058426674 30.979999542236328 AB 5.381352868268173 1.0293986230188228
61372.1114 lsst_hardware_r 16.271578938638207 23.20460790722253 31.489999771118164 AB 4.064503866355215 1.0396923259776303
61372.1329 lsst_hardware_u 8.129729326828262 4.517574052640203 28.829999923706055 AB 4.324210921699371 1.0248969200157774
61374.1597 lsst_hardware_g 40.06119223194009 14.357685152656268 31.43000030517578 AB 5.461419477826584 1.0326972634634137
61374.1791 lsst_hardware_r 23.748357470745386 23.351042361048343 31.5 AB 4.677238736130334 1.0551749291915844
61381.1422 lsst_hardware_g 55.59931760717452 15.229010126896949 31.43000030517578 AB 4.734853675309039 1.034036618324752
61381.1633 lsst_hardware_i 21.006806977996085 31.746725973862315 31.25 AB 4.855271945303667 1.0604503538939973
61383.1454 lsst_hardware_z 150.0770265514502 42.074744712548664 30.959999084472656 AB 5.718810793957309 1.0428491251176033
61383.1638 lsst_hardware_r 15.978340898560429 23.02811482807429 31.489999771118164 AB 5.879804193859076 1.0710676168302404
61387.1243 lsst_hardware_g 52.936148915098 15.151509041683978 31.43000030517578 AB 12.330434521105412 1.0327717893017725
61387.1421 lsst_hardware_r 29.60808547296419 22.924649510603782 31.5 AB 10.872978703601065 1.0529200313369549
61389.1257 lsst_hardware_i 60.666781670238436 31.45232287078855 31.25 AB 8.18171270177206 1.0391482361075741
61389.144 lsst_hardware_z 62.9823474707403 42.09036506865561 30.940000534057617 AB 8.385705118817677 1.0648009245853447
61392.0665 lsst_hardware_g 89.96702180932655 39.15981901910097 31.700000762939453 AB 4.179344529047919 1.0309823075048037
61392.0839 lsst_hardware_i 10.648312707272316 40.55909534109411 31.299999237060547 AB 3.9104659612005497 1.0236821887956782
61394.0764 lsst_hardware_z 23.52994647723493 54.68076258381256 30.989999771118164 AB 5.2223849554117825 1.0239970500810534
61394.0978 lsst_hardware_r 41.9805735946822 63.25659412237552 31.649999618530273 AB 3.3561392248707165 1.0277828428849969
61396.0845 lsst_hardware_y 177.74830492647845 75.59875700002796 30.81999969482422 AB 4.009487937777074 1.0245710232818295
61405.0371 lsst_hardware_z 134.03597572385684 65.0129965270722 30.989999771118164 AB 7.7140475429667426 1.0272271044287955
61405.0582 lsst_hardware_r 13.336590643769082 22.607034683090745 31.5 AB 7.696125773649006 1.0241473261598357
61409.0369 lsst_hardware_y -25.204737582832863 75.50169035128279 30.06999969482422 AB 2.759359773778322 1.0237545537144408
61409.0591 lsst_hardware_u 1.1203647730695274 2.796160245669287 28.450000762939453 AB 2.3458367432309655 1.029101444716368
61411.037 lsst_hardware_y -11.579078891506077 75.63172988769966 30.06999969482422 AB 9.713758719433033 1.0235064680492791
61411.0588 lsst_hardware_i 31.095893843612927 30.939724203193357 31.25 AB 10.14203881727931 1.0327941769123548
61650.3772 lsst_hardware_i 25.002224874499294 30.010000228881836 31.260000228881836 AB 2.078027124210231 1.0236586818769613
61650.3957 lsst_hardware_z 37.69162489279605 40.83000183105469 30.950000762939453 AB 2.2360587959076685 1.0276005495899212
61652.3116 lsst_hardware_z -3.481495805598442 41.5099983215332 30.940000534057617 AB 2.5283307529472743 1.0955430430911857
61652.3299 lsst_hardware_r -25.372775381020908 22.09000015258789 31.479999542236328 AB 2.4460675556833724 1.0588655051477864
61654.3602 lsst_hardware_u -0.33332238145803667 2.6500000953674316 28.440000534057617 AB 0.9132914230933384 1.0249225733769813
61654.3775 lsst_hardware_g -4.295653717996546 13.369999885559082 31.40999984741211 AB 0.719302003842207 1.024646729119953
61656.3534 lsst_hardware_r 22.89875418215509 22.15999984741211 31.489999771118164 AB 2.9834902191959918 1.0253718246751344
61656.3718 lsst_hardware_i -67.31004940893938 30.079999923706055 31.25 AB 3.01192534663145 1.024580569213556
61677.3064 lsst_hardware_z -78.09872105327652 40.599998474121094 30.950000762939453 AB 6.2320968864466195 1.0235008846191294
61677.3262 lsst_hardware_r -13.642548066229931 22.290000915527344 31.5 AB 6.222714893011517 1.030151319769589
61679.2949 lsst_hardware_u 1.0777423079086281 2.6600000858306885 28.440000534057617 AB 4.563269279652829 1.0241496101563372
61679.3147 lsst_hardware_g 2.080486999328068 13.609999656677246 31.40999984741211 AB 4.6098214293486 1.0266862871600446
61681.3013 lsst_hardware_r 12.362417878272613 22.25 31.489999771118164 AB 3.337054168790147 1.024055084530658
61681.3209 lsst_hardware_z 1.2172548823709033 40.79999923706055 30.950000762939453 AB 3.326015079280595 1.0345303512536843
61683.2838 lsst_hardware_r -10.299053862805165 22.3700008392334 31.489999771118164 AB 6.78012102824105 1.0241874665016693
61683.3031 lsst_hardware_u -1.9496008357320076 2.619999885559082 28.389999389648438 AB 7.106710340171562 1.0263756223093157
61685.2831 lsst_hardware_g -4.667150153361631 13.789999961853027 31.43000030517578 AB 4.503586766151275 1.0235424468525625
61685.3006 lsst_hardware_r -27.4685225375528 22.450000762939453 31.489999771118164 AB 4.730140389833233 1.0278445001810588
61687.2834 lsst_hardware_i -0.3713340467236765 31.719999313354492 31.270000457763672 AB 2.6401192313181228 1.0237980538315552
61687.301 lsst_hardware_z 86.8607421239222 41.04999923706055 30.950000762939453 AB 2.7976803017181435 1.0316564323218524
61693.2271 lsst_hardware_z 65.3270931077372 71.91000366210938 30.989999771118164 AB 6.639179524688072 1.045704760543157
61693.2464 lsst_hardware_r 9.737405974618735 105.66000366210938 31.65999984741211 AB 6.592393396001397 1.0281337174051501
61695.2627 lsst_hardware_r 15.081211678198255 96.30999755859375 31.65999984741211 AB 6.289555107322564 1.0239822715328364
61695.281 lsst_hardware_y -50.93511948465153 56.70000076293945 30.059999465942383 AB 6.317257663764787 1.0331038181085401
61697.262 lsst_hardware_g 73.10851216915975 64.88999938964844 31.729999542236328 AB 3.7004220159009167 1.0252369826100367
61697.2809 lsst_hardware_r 17.007523810411385 64.56999969482422 31.649999618530273 AB 3.7496492770042287 1.0380130876638078
61701.2439 lsst_hardware_i 1.5231831672170326 30.309999465942383 31.25 AB 3.6738494230326104 1.0236415221601032
61701.2602 lsst_hardware_z 125.99086131951796 41.68000030517578 30.950000762939453 AB 3.764455446398603 1.0298293709515474
61704.2443 lsst_hardware_r -6.411708813344241 22.719999313354492 31.510000228881836 AB 1.3060465818271103 1.0257581636183863
61704.2605 lsst_hardware_u 2.853515825115305 2.8399999141693115 28.56999969482422 AB 1.451432267153043 1.036737333680745
61706.2431 lsst_hardware_g 21.364763494309145 13.869999885559082 31.43000030517578 AB 2.726795844118398 1.0277514331747666
61706.2603 lsst_hardware_i 6.719539792649528 30.40999984741211 31.25 AB 2.377285078824473 1.042326023818546
61710.1 lsst_hardware_r -31.667907764915817 33.709999084472656 32.20000076293945 AB 7.183194957443261 1.3060354468078657
61710.1365 lsst_hardware_u -2.3267317440446083 3.700000047683716 29.09000015258789 AB 5.277084520068286 1.142823884081129
61721.1976 lsst_hardware_r 42.1505471588299 91.83000183105469 31.65999984741211 AB 3.468044021131451 1.0256439336942698
61721.2149 lsst_hardware_i -35.79473788637546 73.43000030517578 31.329999923706055 AB 7.110995399505273 1.0375335253700928
61723.1936 lsst_hardware_z -33.02413941425868 73.2699966430664 31.0 AB 4.109926949309918 1.0262416952790174
61723.2088 lsst_hardware_r 132.22298901083343 110.12000274658203 31.65999984741211 AB 7.507184075324352 1.036903877807142
61725.2049 lsst_hardware_z -17.53022285900976 82.05000305175781 31.739999771118164 AB 5.732503733896038 1.0384656986013776
61727.1902 lsst_hardware_g -101.00341580143129 45.5 31.700000762939453 AB 5.852962003255556 1.0304964132674073
61727.2098 lsst_hardware_r 11.389709784525804 48.9900016784668 31.6200008392334 AB 4.793686062659497 1.0511316878982182
61730.1771 lsst_hardware_i 5.151816693726052 30.100000381469727 31.25 AB 3.22504959238955 1.0274948920396814
61730.1966 lsst_hardware_r -18.421612132060442 22.469999313354492 31.489999771118164 AB 3.3067238906874663 1.044503466392461
61735.1791 lsst_hardware_r -15.829145144653157 22.59000015258789 31.5 AB 4.818220316928599 1.0400533134828398
61735.1983 lsst_hardware_i -1.7216112621590456 30.690000534057617 31.25 AB 4.930635296465622 1.0679305385457272
61737.1149 lsst_hardware_i -6.242889852463289 30.09000015258789 31.239999771118164 AB 3.9845740388976414 1.0368394584693317
61737.1356 lsst_hardware_z 44.0424584345123 40.619998931884766 30.950000762939453 AB 4.283079018791311 1.0243537264671523
61743.1426 lsst_hardware_i -50.091315931456194 30.549999237060547 31.260000228881836 AB 3.308551464285647 1.0280325626988027
61743.1617 lsst_hardware_r 15.487241386334512 22.290000915527344 31.479999542236328 AB 3.371765477849997 1.045238587811934
61745.0721 lsst_hardware_z -39.72395976930229 43.279998779296875 30.950000762939453 AB 3.491040587630758 1.065451487870218
61745.0889 lsst_hardware_g 1.7464128915085022 27.280000686645508 31.639999389648438 AB 5.469699613396232 1.0411864746312622
61747.1488 lsst_hardware_r -44.29243170115554 47.0099983215332 31.6200008392334 AB 3.858499063141668 1.0428375846328832
61747.1687 lsst_hardware_i -50.15537022938041 44.060001373291016 31.299999237060547 AB 4.791136652247846 1.073944892630506
61749.0712 lsst_hardware_i -39.356370496325276 61.06999969482422 31.329999923706055 AB 7.909956221602828 1.0496574623100325
61749.087 lsst_hardware_z 38.62197403230405 57.52000045776367 30.979999542236328 AB 9.499402911791096 1.0325437947599019
61753.1243 lsst_hardware_g -93.83563053238697 95.44000244140625 31.739999771118164 AB 7.638683365006401 1.034502921666198
61753.1428 lsst_hardware_r 37.65734801655837 89.08000183105469 31.649999618530273 AB 7.589728602577747 1.0571020721581876
61755.1287 lsst_hardware_i 102.07400474697917 47.22999954223633 31.309999465942383 AB 10.6556098768433 1.0449442003353686
61755.1457 lsst_hardware_r 105.29814920758797 57.0099983215332 31.639999389648438 AB 10.925950436302859 1.0716965679916093
61757.0706 lsst_hardware_u -1.1226065716435645 2.619999885559082 28.40999984741211 AB 4.190309881316528 1.0287386930133255
61757.0896 lsst_hardware_g 21.216825461233963 13.460000038146973 31.420000076293945 AB 4.071071900718244 1.023525305020034
61759.0759 lsst_hardware_r 14.402312097485357 22.1200008392334 31.5 AB 5.301835290491495 1.0242618286387821
61759.0973 lsst_hardware_i 14.733682405237413 29.93000030517578 31.25 AB 3.3888102742090673 1.0271715910710388
61767.054 lsst_hardware_y -67.0992012977187 47.43000030517578 30.059999465942383 AB 6.408535592583403 1.0242731368008926
61767.0763 lsst_hardware_r 1.5503167989710822 22.15999984741211 31.5 AB 6.491742411806412 1.0276080221307402
61769.0571 lsst_hardware_z -41.20967344493329 41.15999984741211 30.950000762939453 AB 8.660752364068308 1.0235380333548656
61769.0832 lsst_hardware_g 4.628284238938948 13.6899995803833 31.43000030517578 AB 8.750021395856269 1.0368961995404198
61771.037 lsst_hardware_y -75.293408829215 71.88999938964844 30.06999969482422 AB 7.038584755386735 1.0263200130921095
61771.0621 lsst_hardware_i 6.5705940416852675 30.299999237060547 31.25 AB 7.071840392947973 1.0260456947326153
61773.0369 lsst_hardware_y -110.01772586793027 100.41999816894531 30.829999923706055 AB 5.677488734222039 1.0244476243634124
61773.0629 lsst_hardware_r 21.49250802535702 35.380001068115234 32.279998779296875 AB 6.779840437883365 1.0293540481110375
