data/validation/pwv_sim_epoch_fit_seasonal/28236911.ecsv
# %ECSV 0.9
# ---
# datatype:
# - {name: time, datatype: float64}
# - {name: band, datatype: string}
# - {name: flux, datatype: float64}
# - {name: fluxerr, datatype: float64}
# - {name: zp, datatype: float64}
# - {name: zpsys, datatype: string}
# - {name: pwv, datatype: float64}
# - {name: airmass, datatype: float64}
# meta: {SNID: '28236911', alt: 1024.0, c: -0.0908261239528656, dec: 2.836105, lat: -30.244573, lon: -70.7499537, ra: 82.265625, t0: 62459.5625,
#   x0: 7.2383076761198985e-06, x1: 0.590807318687439, z: 0.526085376739502}
# schema: astropy-2.0
time band flux fluxerr zp zpsys pwv airmass
62412.3747 lsst_hardware_z -128.43550208037834 65.02999877929688 31.690000534057617 AB 3.4826984665347105 1.2009305057016244
62415.3671 lsst_hardware_g -5.912822077547422 14.869999885559082 31.389999389648438 AB 7.483257930171711 1.2004424191170788
62415.3865 lsst_hardware_y 41.88225875453857 66.26000213623047 30.010000228881836 AB 6.931706652630801 1.193989605138369
62417.3617 lsst_hardware_i -63.50417336662487 32.619998931884766 31.229999542236328 AB 5.153687707802983 1.2003930996435521
62417.3798 lsst_hardware_y -69.6292665590898 54.18000030517578 30.0 AB 4.766445955872732 1.1938499576387558
62419.3618 lsst_hardware_i 8.183795575302685 32.130001068115234 31.229999542236328 AB 3.589996298475806 1.1966654328252686
62419.3798 lsst_hardware_y 26.33448921204418 57.91999816894531 30.0 AB 3.833042932109032 1.1950250762615844
62421.3619 lsst_hardware_g 11.405996916819312 14.680000305175781 31.3799991607666 AB 6.5807121019745205 1.1944661366120706
62421.3807 lsst_hardware_y 103.3556748724795 64.23999786376953 30.0 AB 7.102370880934624 1.1982405040380089
62428.3525 lsst_hardware_r -29.03873842532721 23.729999542236328 31.479999542236328 AB 4.54055211049453 1.1942535798249685
62428.3711 lsst_hardware_y 95.5161255906627 56.97999954223633 30.0 AB 4.590130014642783 1.2068174088715744
62431.2766 lsst_hardware_z -48.658624386106304 69.7101945540859 30.959999084472656 AB 3.7105614872685804 1.298761458616934
62431.2916 lsst_hardware_y 3.858142139222968 57.30856895763726 29.989999771118164 AB 3.5725308905448654 1.2530799335481035
62439.3195 lsst_hardware_z 258.04788898749524 49.912535829076155 30.950000762939453 AB 5.292229985949924 1.1938258483983588
62439.3364 lsst_hardware_g 207.28738965755866 36.77493735119069 31.610000610351562 AB 5.9011743579669345 1.2020317133284086
62452.2722 lsst_hardware_z 1138.2429141233908 55.28372794157142 30.93000030517578 AB 4.90523124556374 1.196397864771644
62452.2901 lsst_hardware_i 1680.1892427472637 51.65227729722732 31.229999542236328 AB 4.9001396553876635 1.1951560135091863
62455.271 lsst_hardware_z 1355.5798836975646 56.60816055417656 30.940000534057617 AB 5.46933363855319 1.194047295830846
62455.2891 lsst_hardware_g 1130.6001228986222 35.71774482548969 31.3799991607666 AB 5.456008081277828 1.1990787329279868
62457.2577 lsst_hardware_y 380.98031093764047 54.93418519278703 29.989999771118164 AB 4.806329275908734 1.1968448082777507
62457.2767 lsst_hardware_r 2871.4888491454763 69.76137134157904 31.579999923706055 AB 4.84115264553471 1.1952479579132689
62464.2612 lsst_hardware_r 2694.4839912996135 114.95792130817667 31.6200008392334 AB 10.544941219227402 1.1969399505361271
62464.2808 lsst_hardware_i 1877.3997759131287 95.47856508903448 31.309999465942383 AB 10.523825938041156 1.2176008875739803
62467.2183 lsst_hardware_z 1370.712373148645 62.09174249927214 30.940000534057617 AB 4.582451193412037 1.207152422912683
62467.237 lsst_hardware_i 1828.6784065546342 62.2325552803669 31.280000686645508 AB 4.51120440684288 1.1942828468520912
62472.2233 lsst_hardware_r 1720.0111673482504 47.6076077907772 31.469999313354492 AB 7.524036150839276 1.1942914525141708
62472.2432 lsst_hardware_u 0.7680456520952171 2.810475707759386 28.309999465942383 AB 7.556528931869392 1.1994490368046653
62476.2257 lsst_hardware_i 1300.798775857323 48.703932647383155 31.229999542236328 AB 6.384449609984685 1.1955898146039432
62476.2453 lsst_hardware_z 1107.7443344987332 53.96971796675275 30.93000030517578 AB 6.525981044293881 1.2135151400295443
62478.2222 lsst_hardware_r 1243.9315272611664 42.12305377367015 31.479999542236328 AB 5.917959745914043 1.1965143036626624
62478.241 lsst_hardware_g 234.50017497882186 21.343030748721652 31.389999389648438 AB 6.117293859647545 1.2151954429176688
62480.2258 lsst_hardware_r 1012.5219817059315 40.23134417872778 31.479999542236328 AB 11.207664322968766 1.203270692799853
62480.2439 lsst_hardware_i 1077.1147434640627 46.71816373777883 31.229999542236328 AB 11.566759141722438 1.2294599427851232
62482.2259 lsst_hardware_z 867.5997757470432 51.81222806137743 30.93000030517578 AB 15.196735819788804 1.2094737913439726
62482.244 lsst_hardware_i 1043.9512465988316 45.4599023606169 31.219999313354492 AB 15.57819579458657 1.2411174373762188
62486.1896 lsst_hardware_y 195.74993483215238 54.05426306787467 30.0 AB 12.284371708921343 1.1937540251013063
62486.2084 lsst_hardware_r 752.5922522001484 62.892175101700644 31.59000015258789 AB 12.493843341186352 1.2023029435754424
62494.1614 lsst_hardware_z 592.9754416021027 64.63309041743533 30.959999084472656 AB 7.505609098603565 1.1947801812485186
62494.1822 lsst_hardware_i 540.5525283153349 66.65066564579516 31.299999237060547 AB 7.695842562582028 1.1987604915883632
62496.1629 lsst_hardware_u 10.599376332826441 10.31948115388464 29.709999084472656 AB 8.297189713397513 1.1937543649230822
62496.1843 lsst_hardware_g 228.84338993405566 63.90818324140388 32.380001068115234 AB 8.511316988245808 1.205512061032809
62502.1295 lsst_hardware_r 241.79898415429025 28.654632260036667 31.469999313354492 AB 8.362595645415425 1.2004633334121086
62502.1513 lsst_hardware_g 43.51004976820349 15.771014036647625 31.3700008392334 AB 8.317759404280125 1.1944179527273846
62506.1276 lsst_hardware_z 449.4963119251884 48.71263708985203 30.93000030517578 AB 13.573085139132603 1.1951294478412082
62506.1483 lsst_hardware_i 319.3486173490282 36.90663540191008 31.219999313354492 AB 13.552548313993327 1.1979888456823784
62511.1255 lsst_hardware_r 179.20803601608142 28.4114681758762 31.489999771118164 AB 9.950148323683614 1.1941372125632852
62511.1444 lsst_hardware_i 265.37421143609447 36.18659537317358 31.229999542236328 AB 10.063710780334274 1.2066799496803686
62513.0807 lsst_hardware_i 245.85138226131565 42.59166595115801 31.260000228881836 AB 4.660533173769468 1.2248444609118025
62513.1 lsst_hardware_z 444.84923782600725 50.88598547845472 30.940000534057617 AB 6.600165154359206 1.2000300280653102
62515.0818 lsst_hardware_r 185.90447066180374 62.08680666437306 31.600000381469727 AB 8.026233074166175 1.2142102150699559
62515.1003 lsst_hardware_z 389.2223987963008 58.11130428701798 30.959999084472656 AB 8.266517385700123 1.1963122121128977
62516.081 lsst_hardware_r 166.48746576003617 78.96039973776396 31.610000610351562 AB 7.22490242208338 1.2115204866409626
62516.0998 lsst_hardware_i 268.96762206386904 68.18936233580267 31.299999237060547 AB 6.479994697550388 1.1953136835644949
62520.0898 lsst_hardware_z 390.75648367929364 119.5840278495182 31.719999313354492 AB 4.635891005292442 1.1949712605470897
62522.0803 lsst_hardware_r 135.06569946038235 86.46321526238667 31.6200008392334 AB 14.400691439357614 1.196774800182073
62522.1007 lsst_hardware_i 162.85025280694617 71.93132985950187 31.299999237060547 AB 15.123291834562036 1.1958322483839248
62524.0867 lsst_hardware_z 466.13835180091405 73.46295426517385 31.690000534057617 AB 9.74199703932922 1.1937502754206992
62528.0714 lsst_hardware_i 170.43934552996018 34.8098982397356 31.229999542236328 AB 13.612317293631648 1.194062920494004
62528.0886 lsst_hardware_z 230.2628543668086 46.394017812477585 30.93000030517578 AB 13.759601722410938 1.1982236623289642
62530.071 lsst_hardware_i 241.12863564274093 34.874087389999445 31.219999313354492 AB 15.096578437413337 1.1937828908281938
62530.0898 lsst_hardware_u 3.43906365132737 2.616154912648329 28.25 AB 13.787903644783965 1.2037631958079245
62532.037 lsst_hardware_y 160.92149034124867 55.125172470800976 30.0 AB 10.285296010382012 1.21193590067345
62532.0543 lsst_hardware_g 23.24250864085509 15.121474827343466 31.389999389648438 AB 10.870756760902703 1.1961002102550047
62534.0356 lsst_hardware_y -40.22258309039007 56.53119719186771 30.0 AB 8.091924536091854 1.2068492969562794
62534.0537 lsst_hardware_i 201.0745151672163 34.71788958706879 31.239999771118164 AB 8.002070436556748 1.1943388711278728
62536.035 lsst_hardware_z -105.03423929882821 47.810001373291016 30.940000534057617 AB 10.82170402759168 1.2018773908920126
62536.0529 lsst_hardware_u -1.898639940743787 2.6600000858306885 28.309999465942383 AB 11.554372977239293 1.1937363385869346
62538.0341 lsst_hardware_y 54.95833016236509 54.29999923706055 30.010000228881836 AB 6.30184872810155 1.1982979136911107
62538.0527 lsst_hardware_r 23.066690711287244 23.639999389648438 31.469999313354492 AB 5.688595978269552 1.1943304594309367
62544.0277 lsst_hardware_y 121.41611627665549 59.72999954223633 30.010000228881836 AB 3.1797825688532297 1.1940602962272968
62544.0439 lsst_hardware_r -27.978463202402473 60.20000076293945 31.600000381469727 AB 2.5340624176648374 1.1975720310325317
62545.0267 lsst_hardware_y -92.61409733480986 63.91999816894531 30.010000228881836 AB 3.9087754072492067 1.1938229800710227
62545.0412 lsst_hardware_r 62.620501813692606 75.18000030517578 31.610000610351562 AB 3.9555419662625155 1.1975906041415463
62547.0338 lsst_hardware_z -111.04101979934555 100.33999633789062 31.729999542236328 AB 2.6083449897447966 1.196488527405884
62777.3558 lsst_hardware_i 2.7353639872708966 32.63999938964844 31.229999542236328 AB 3.55936904247623 1.227368635336631
62777.3737 lsst_hardware_y -77.09601744411457 49.7400016784668 29.989999771118164 AB 3.487045024086185 1.2024293186504087
62779.3481 lsst_hardware_g -12.868866663094984 14.819999694824219 31.3799991607666 AB 9.360994577468764 1.2317098128248374
62779.3664 lsst_hardware_y 59.037262338327686 49.66999816894531 29.989999771118164 AB 9.152081327384124 1.204221227287385
62784.3751 lsst_hardware_z -234.41432968688218 87.05000305175781 31.719999313354492 AB 3.808391070173853 1.1938530000544993
62788.3565 lsst_hardware_z 5.268996502203071 69.12000274658203 30.969999313354492 AB 6.45105047883988 1.1946389775629407
62788.3729 lsst_hardware_y -20.333676347376468 60.68000030517578 30.0 AB 6.460848861721632 1.1964534929114132
62790.3575 lsst_hardware_z 82.87241205826058 66.83999633789062 30.969999313354492 AB 8.716213385340348 1.1937837909067484
62790.3753 lsst_hardware_y -23.335981490520894 66.33999633789062 30.010000228881836 AB 9.37572803050997 1.202016414167945
62795.3518 lsst_hardware_r 50.22894038460565 27.280000686645508 31.510000228881836 AB 3.007256271013643 1.1955300729555645
62795.3687 lsst_hardware_y 3.2843044418217575 55.34000015258789 30.0 AB 3.0488506348169198 1.2096613528783118
62797.2917 lsst_hardware_g 8.897675685041357 14.279999732971191 31.360000610351562 AB 3.959775273437813 1.2477628087088153
62797.3076 lsst_hardware_z 64.01317564301554 43.72999954223633 30.93000030517578 AB 3.8416756686772375 1.2164900787450474
62800.3197 lsst_hardware_z -17.585998830479618 43.54999923706055 30.940000534057617 AB 1.568627893225231 1.1962083578230027
62800.3375 lsst_hardware_r -18.603335544691415 23.75 31.479999542236328 AB 2.86864720866804 1.19526967027835
62802.3213 lsst_hardware_u 1.9741349360310332 2.7799999713897705 28.420000076293945 AB 3.4028471154990156 1.1939814440347425
62802.3386 lsst_hardware_g 13.766404889602626 14.609999656677246 31.399999618530273 AB 4.068563296537621 1.1988400137126334
62808.3095 lsst_hardware_i -23.700172194680018 32.470001220703125 31.229999542236328 AB 5.730429539942454 1.1938394874880114
62808.328 lsst_hardware_r -2.7057651412387225 24.09000015258789 31.479999542236328 AB 5.778064843849162 1.203763509135242
62816.2138 lsst_hardware_r -10.412424946903021 133.61000061035156 31.579999923706055 AB 3.0944013380544804 1.3334105162544445
62818.2681 lsst_hardware_i 8.433356872541122 88.18000030517578 31.309999465942383 AB 5.3813937587364675 1.1975507214754757
62818.2871 lsst_hardware_z -8.320755350602507 78.19000244140625 30.979999542236328 AB 5.318940307327387 1.1948199866703226
62820.2356 lsst_hardware_i -137.16020389630074 63.84000015258789 31.290000915527344 AB 9.018192838275056 1.232835658000482
62820.2533 lsst_hardware_z 154.86237519474662 61.130001068115234 30.959999084472656 AB 5.463116929526594 1.2054317027549803
62821.2975 lsst_hardware_z 13.432668192895278 53.540000915527344 30.950000762939453 AB 5.951957146699921 1.2093786745302402
62821.318 lsst_hardware_r -50.24041550252244 57.09000015258789 31.59000015258789 AB 6.092744256264765 1.246517589671339
62828.2641 lsst_hardware_z -21.49760929490642 43.75 30.93000030517578 AB 7.163152691040343 1.1966509674307289
62828.2835 lsst_hardware_u 3.1784058328336084 2.569999933242798 28.239999771118164 AB 7.34508207274722 1.2164759974738688
62830.255 lsst_hardware_g 1.7069712127832168 14.529999732971191 31.399999618530273 AB 7.769737207310368 1.195037765800108
62830.2746 lsst_hardware_r 21.301342536265274 23.889999389648438 31.479999542236328 AB 7.953288553369774 1.2115450668414762
62834.2177 lsst_hardware_i -17.40766464963559 32.5 31.229999542236328 AB 6.072169564629647 1.2027670723243828
62834.2364 lsst_hardware_u 2.97688180341267 2.6700000762939453 28.329999923706055 AB 5.892424028431058 1.193764997656211
62837.2208 lsst_hardware_z 8.525207894528219 43.83000183105469 30.93000030517578 AB 7.530190461999936 1.1952683273015772
62837.2401 lsst_hardware_g -22.851561243266303 14.760000228881836 31.389999389648438 AB 7.540845910637469 1.1969596683551538
62839.2219 lsst_hardware_r 40.76479794710896 37.529998779296875 31.559999465942383 AB 5.233615353015723 1.1937991224943778
62839.24 lsst_hardware_i -46.11625269587267 38.63999938964844 31.260000228881836 AB 5.279386107713178 1.200679123882915
62850.1905 lsst_hardware_z -10.208216525849197 51.18000030517578 30.950000762939453 AB 9.511622794682962 1.193925900579673
62850.208 lsst_hardware_i 26.776765923379855 48.04999923706055 31.280000686645508 AB 9.553372893609959 1.199142231951178
62852.1641 lsst_hardware_u -0.014353523839345692 2.7799999713897705 28.420000076293945 AB 11.341666944925668 1.2074809104379935
62852.1836 lsst_hardware_g -3.2816411998331 22.309999465942383 31.540000915527344 AB 10.259353366338917 1.1941630573361173
62856.1611 lsst_hardware_z -23.4208036598879 43.939998626708984 30.940000534057617 AB 4.928987087341749 1.1997777855149392
62859.1651 lsst_hardware_g 1.0871379049672871 14.859999656677246 31.399999618530273 AB 7.47114140866489 1.194045294656367
62859.1852 lsst_hardware_r 9.20014506071383 24.290000915527344 31.479999542236328 AB 7.75819166379972 1.2005093549315426
62862.1258 lsst_hardware_r 5.8391257613712675 24.290000915527344 31.469999313354492 AB 5.9823690944578045 1.223576027909762
62862.1469 lsst_hardware_i 15.761988012684313 32.4900016784668 31.229999542236328 AB 5.852053920406851 1.1982092384125411
62864.1257 lsst_hardware_z -4.012746050614453 43.90999984741211 30.940000534057617 AB 8.666442586277233 1.2149218578892436
62864.1448 lsst_hardware_i -4.464502589884706 32.31999969482422 31.239999771118164 AB 8.488461600615866 1.1962600024355887
62867.127 lsst_hardware_z -37.62025675126341 65.72000122070312 31.690000534057617 AB 8.38268981092134 1.2033271527220257
62867.1483 lsst_hardware_g -61.31210819207725 38.63999938964844 32.33000183105469 AB 8.312169645038848 1.1938029856011008
62869.1287 lsst_hardware_r 73.27905026231186 58.59000015258789 31.600000381469727 AB 4.60096175392961 1.197621332447351
62869.1504 lsst_hardware_i -55.61319390803141 52.38999938964844 31.280000686645508 AB 4.604318878009512 1.1957716862769803
62871.1371 lsst_hardware_z -5.707980539789563 100.18000030517578 31.719999313354492 AB 13.535991115149722 1.193781599836818
62875.1238 lsst_hardware_i -176.92163065356877 100.19000244140625 31.309999465942383 AB 7.845459712679103 1.1937704979730832
62875.1451 lsst_hardware_z 79.13772859745221 86.25 30.969999313354492 AB 7.704073236856878 1.2037614432588872
62880.0815 lsst_hardware_z -10.027860444421009 43.709999084472656 30.93000030517578 AB 8.048686362333086 1.2156759222645601
62880.1013 lsst_hardware_i -26.616537819660014 31.959999084472656 31.229999542236328 AB 8.113162934637353 1.1961612347116208
62886.0772 lsst_hardware_z -62.96497276704582 43.61000061035156 30.940000534057617 AB 9.956581862888411 1.2013975098507885
62886.0969 lsst_hardware_u 3.117891256157353 2.7100000381469727 28.3799991607666 AB 9.173440345259733 1.1938365883992363
62888.0822 lsst_hardware_g -26.278988108767876 14.15999984741211 31.360000610351562 AB 12.906058072846795 1.1950053771154439
62888.1025 lsst_hardware_r -7.176086847556226 23.530000686645508 31.459999084472656 AB 13.303001718836423 1.1979290156538913
62890.0778 lsst_hardware_i -28.86459830740209 31.959999084472656 31.229999542236328 AB 15.438872002729772 1.1946586193666278
62890.0988 lsst_hardware_z -42.643004072919965 43.40999984741211 30.93000030517578 AB 15.577595488183405 1.1991374952414604
62894.0379 lsst_hardware_y -87.88006983177881 55.560001373291016 29.989999771118164 AB 13.550261370101182 1.2244949728990766
62894.0557 lsst_hardware_g -31.54491148904628 17.06999969482422 31.450000762939453 AB 13.998401751566028 1.2010984227976802
62896.0377 lsst_hardware_y 17.0256694167814 55.20000076293945 30.0 AB 13.141077385891737 1.2158376597406366
62896.0569 lsst_hardware_i 10.401258964062864 37.9900016784668 31.260000228881836 AB 13.240633287791518 1.1965148461767139
62909.0278 lsst_hardware_y 45.90002068768148 55.93000030517578 30.010000228881836 AB 3.1020683108877147 1.1941748919110926
62909.0446 lsst_hardware_z 44.379506757654894 43.400001525878906 30.93000030517578 AB 2.3959429121005322 1.1975722652952296
62911.0266 lsst_hardware_y 26.98104680157474 57.279998779296875 30.010000228881836 AB 3.009988426023686 1.1937292984428658
62911.0445 lsst_hardware_u -4.532428007911221 2.6500000953674316 28.290000915527344 AB 3.0576317090242724 1.2015843760902303
62913.0256 lsst_hardware_y -53.029450544044714 57.04999923706055 30.010000228881836 AB 3.401715029259431 1.1942127538211098
62913.042 lsst_hardware_r 6.250610246098862 23.959999084472656 31.479999542236328 AB 2.890607982734711 1.2044199928061297
