data/validation/pwv_sim_epoch_fit_seasonal/28598772.ecsv
# %ECSV 0.9
# ---
# datatype:
# - {name: time, datatype: float64}
# - {name: band, datatype: string}
# - {name: flux, datatype: float64}
# - {name: fluxerr, datatype: float64}
# - {name: zp, datatype: float64}
# - {name: zpsys, datatype: string}
# - {name: pwv, datatype: float64}
# - {name: airmass, datatype: float64}
# meta: {SNID: '28598772', alt: 1024.0, c: -0.09624836593866348, dec: 2.238686, lat: -30.244573, lon: -70.7499537, ra: 123.75, t0: 60017.15625,
#   x0: 7.566671007229717e-06, x1: -0.7211112976074219, z: 0.5165976881980896}
# schema: astropy-2.0
time band flux fluxerr zp zpsys pwv airmass
59910.3387 lsst_hardware_g 10.013936645234843 15.6899995803833 31.420000076293945 AB 4.699662986598593 1.1927574095678288
59912.3324 lsst_hardware_i -17.929042144045116 32.400001525878906 31.229999542236328 AB 5.357636418126352 1.193525479746741
59912.3516 lsst_hardware_z 6.011092599542968 59.70000076293945 30.959999084472656 AB 5.440534549399963 1.1845704284355982
59914.2139 lsst_hardware_r 2.4712918276135403 34.619998931884766 31.40999984741211 AB 13.526983536141069 1.7814289116954876
59916.3437 lsst_hardware_r -44.44571286963529 26.1200008392334 31.510000228881836 AB 7.176193455546293 1.1847821849954208
59918.3167 lsst_hardware_z 87.9944774381934 49.279998779296875 30.950000762939453 AB 3.724817464650122 1.1928959054121713
59920.3334 lsst_hardware_z 41.05873442450043 60.290000915527344 30.969999313354492 AB 5.170509021688533 1.1848774612864854
59920.3531 lsst_hardware_y 117.42712787031653 73.79000091552734 30.020000457763672 AB 5.236824584896675 1.1977413425346324
59922.3334 lsst_hardware_r -83.3307806424235 106.91999816894531 31.6200008392334 AB 8.729976265311937 1.186541116590104
59922.3514 lsst_hardware_y 91.95310156748211 75.87000274658203 30.010000228881836 AB 8.833581545978015 1.2023931323926518
59924.3423 lsst_hardware_z -79.81096212066431 110.9800033569336 31.729999542236328 AB 10.190933282042531 1.1978763775542205
59927.3001 lsst_hardware_r -17.824875645369136 96.94000244140625 31.6200008392334 AB 8.591018562633593 1.1872607189930338
59927.3186 lsst_hardware_z 49.9046360622425 88.44999694824219 30.979999542236328 AB 8.545422240579448 1.1860679970269192
59929.2993 lsst_hardware_r 193.00644040629567 95.83999633789062 31.6299991607666 AB 12.54454987680537 1.1854049332137022
59929.3176 lsst_hardware_i -55.202469516108366 86.41999816894531 31.309999465942383 AB 12.575955037736222 1.1882504275407324
59931.2617 lsst_hardware_z -82.65279371643241 125.26000213623047 31.729999542236328 AB 6.597617511193783 1.2202745088521176
59931.2834 lsst_hardware_i -232.41844373879897 124.31999969482422 32.060001373291016 AB 6.395819652829854 1.1910278683109596
59933.2702 lsst_hardware_u -18.40901883480487 23.450000762939453 29.350000381469727 AB 5.144778345133141 1.1986669282904125
59933.2939 lsst_hardware_g 48.787875870613846 95.70999908447266 31.68000030517578 AB 5.285512848870529 1.1845613735701017
59935.2817 lsst_hardware_r 185.4837586840166 99.4800033569336 31.6200008392334 AB 5.545320103833892 1.1857842625540238
59935.3026 lsst_hardware_i 19.47129132519736 89.54000091552734 31.309999465942383 AB 7.173953103671695 1.1891186977740484
59937.2868 lsst_hardware_z 116.94343770165034 88.58000183105469 30.979999542236328 AB 6.611870474210408 1.1848345507431874
59937.3081 lsst_hardware_u 47.68122769081519 23.450000762939453 29.350000381469727 AB 7.257728096509556 1.1993931908187772
59939.251 lsst_hardware_r 184.3953381568544 96.8499984741211 31.6200008392334 AB 9.617589238743658 1.2021986548429573
59939.2722 lsst_hardware_g -200.44059074066567 95.31999969482422 31.670000076293945 AB 9.482730550071533 1.1853413187589417
59942.2503 lsst_hardware_r 165.55915114303215 99.4800033569336 31.6200008392334 AB 8.563235356495067 1.19369023962294
59942.2697 lsst_hardware_i 2.9538867860213287 89.62000274658203 31.309999465942383 AB 8.525416344109994 1.1845517463969608
59946.249 lsst_hardware_z 91.99480171708977 87.55999755859375 30.979999542236328 AB 6.479508537904983 1.1868680921794443
59946.2698 lsst_hardware_g 27.979637150441096 94.44000244140625 31.68000030517578 AB 5.798749606091585 1.1874572572201196
59948.2503 lsst_hardware_r 116.73683358271457 99.41999816894531 31.6200008392334 AB 3.2981085108789103 1.184771804536654
59948.271 lsst_hardware_i 33.30467271646886 89.38999938964844 31.309999465942383 AB 3.1953562694232214 1.1920747134576466
59950.2573 lsst_hardware_z 137.73512187157064 127.08000183105469 31.729999542236328 AB 8.820969071411572 1.1866774535531284
59952.2128 lsst_hardware_r -238.58595567688712 140.38999938964844 32.369998931884766 AB 9.742758064198444 1.2059734568093388
59952.2365 lsst_hardware_z -145.6722199102315 127.4000015258789 31.729999542236328 AB 9.545662602465818 1.1853916491218301
59954.2124 lsst_hardware_r -28.659288380075758 96.77999877929688 31.6200008392334 AB 8.658389978683873 1.1992091474499003
59954.2351 lsst_hardware_i -7.559629742151221 87.31999969482422 31.309999465942383 AB 8.49299746081091 1.1846286210913526
59956.1963 lsst_hardware_z 35.13400938603278 88.26000213623047 30.969999313354492 AB 7.6301366936752295 1.2149899193750353
59956.2152 lsst_hardware_i 41.45196801747059 87.41999816894531 31.309999465942383 AB 6.106987931845922 1.190968345150587
59958.1965 lsst_hardware_u 13.785819741089785 23.239999771118164 29.350000381469727 AB 9.570237689114357 1.2058511546795636
59958.2153 lsst_hardware_g -63.50760950807993 94.30000305175781 31.68000030517578 AB 9.349503264960312 1.187326459944374
59963.1912 lsst_hardware_r 34.18593753893638 97.33999633789062 31.6200008392334 AB 6.93347000297651 1.195425862582157
59963.2113 lsst_hardware_i 61.66620219365952 87.75 31.309999465942383 AB 7.085299773269683 1.1845686201409387
59965.1611 lsst_hardware_i 52.819738532620114 87.04000091552734 31.299999237060547 AB 14.72272764826664 1.236918161623712
59965.1811 lsst_hardware_z 132.35420613321045 88.38999938964844 30.979999542236328 AB 13.80887437062666 1.2007716844023182
59967.135 lsst_hardware_r 50.63110420117295 96.02999877929688 31.59000015258789 AB 9.882254938565545 1.299384853422889
59967.1497 lsst_hardware_g 31.69739272458422 94.41000366210938 31.649999618530273 AB 9.547368008063849 1.2520591022989835
59972.1776 lsst_hardware_i 3.943420530854208 86.2300033569336 31.309999465942383 AB 12.672989149706718 1.187054060482083
59972.1962 lsst_hardware_z -84.39639776965994 87.38999938964844 30.979999542236328 AB 12.66768779316596 1.186224158925551
59974.1393 lsst_hardware_z -48.92157897203568 87.29000091552734 30.979999542236328 AB 14.785793785179012 1.2305685433446485
59974.1569 lsst_hardware_i -117.51497145846831 86.22000122070312 31.309999465942383 AB 14.41077017855233 1.2002973661962626
59976.1526 lsst_hardware_z -36.7081877635926 123.55000305175781 31.729999542236328 AB 10.087357431329698 1.1988777550902896
59978.1432 lsst_hardware_r -88.62876914318817 97.0 31.6200008392334 AB 9.013339365152367 1.2039724874418762
59978.1618 lsst_hardware_i 32.51264507932015 87.52999877929688 31.309999465942383 AB 8.881702000240978 1.186771899772752
59982.1436 lsst_hardware_z -195.97129106648742 88.56999969482422 30.979999542236328 AB 5.94572812418133 1.1914490930829054
59982.1616 lsst_hardware_r 38.06342902712105 97.44999694824219 31.6200008392334 AB 5.885683183877669 1.1845598786819407
59984.1395 lsst_hardware_i -99.18656350711403 86.4800033569336 31.31999969482422 AB 6.666108280536196 1.190376478667178
59984.158 lsst_hardware_z -49.835545380078486 87.6500015258789 30.979999542236328 AB 6.634540053604345 1.1847392952864904
59986.13 lsst_hardware_i 55.91197105294681 87.66999816894531 31.309999465942383 AB 2.3904390112690748 1.1938267078087603
59986.1466 lsst_hardware_z -20.178444082622494 88.56999969482422 30.979999542236328 AB 2.426165125971349 1.184747355402303
59990.1262 lsst_hardware_i -31.471046429234033 89.4959073227217 31.309999465942383 AB 3.4470085752063966 1.188282186224555
59990.1421 lsst_hardware_r -68.41321527979478 99.45500739661955 31.6200008392334 AB 3.3559765912268436 1.18481080008014
59992.0916 lsst_hardware_z 89.69686011471899 88.43577162004655 30.979999542236328 AB 2.9157526291078257 1.2274269118534513
59992.1084 lsst_hardware_u 3.1618562071922214 23.797797379210067 29.360000610351562 AB 2.8023106813162455 1.1994909283322615
59994.0928 lsst_hardware_g 3.7682912776872204 95.01260231719098 31.65999984741211 AB 3.967957231545239 1.2145258711527323
59994.1102 lsst_hardware_r -62.37153418225994 97.37377309101888 31.6200008392334 AB 3.9995780695244108 1.1919765760410512
59996.0931 lsst_hardware_i 246.57298668159663 88.33293685372703 31.309999465942383 AB 5.488021700553935 1.20531974828228
59996.1118 lsst_hardware_z 64.15177919103994 89.29295583310504 30.979999542236328 AB 5.422844210955298 1.1871808394107999
59998.0902 lsst_hardware_i 210.1714401664864 91.31175434493701 31.309999465942383 AB 7.92069309936807 1.2017893410261504
59998.1083 lsst_hardware_u 45.71839860379824 25.307621914435806 29.360000610351562 AB 7.823620424016939 1.1862807531899175
60000.0902 lsst_hardware_g 140.85178387541498 98.46796689582632 31.65999984741211 AB 9.118114753737482 1.1953872051047019
60000.1074 lsst_hardware_r 861.2717352731074 103.3860368125734 31.6200008392334 AB 9.044689344262258 1.1849067362214216
60002.0879 lsst_hardware_i 693.3667616185088 91.66205783182028 31.309999465942383 AB 7.927467040619426 1.1923692623327706
60002.1057 lsst_hardware_r 1250.2740511178954 103.12974012325819 31.6200008392334 AB 7.845125517939016 1.184527482702554
60004.0924 lsst_hardware_z 1662.5751680411615 130.39259880863767 31.729999542236328 AB 4.851980617135219 1.186085831970896
60006.0857 lsst_hardware_r 2007.060045061577 107.08148566954398 31.6200008392334 AB 6.901284785927821 1.186603298818401
60006.1047 lsst_hardware_i 1226.1849275230657 94.41671568083184 31.309999465942383 AB 6.977170824032056 1.1867955135281605
60009.0466 lsst_hardware_i 1756.6567183465306 95.59963380030123 31.299999237060547 AB 6.400704653339683 1.2244684325990733
60009.0662 lsst_hardware_z 1135.4644043395162 94.43766074686336 30.979999542236328 AB 6.305754711100516 1.1947997305186113
60011.0479 lsst_hardware_i 1759.3281022011668 98.32952228506728 31.299999237060547 AB 11.357750368623282 1.2119242790634839
60011.0665 lsst_hardware_z 1236.95526514654 96.39451469087467 30.979999542236328 AB 11.15968702249257 1.1898377989329822
60015.0451 lsst_hardware_i 2007.9702848404308 96.9478193950839 31.309999465942383 AB 9.333587003247976 1.2001011919142617
60015.0647 lsst_hardware_r 3101.5717191537733 110.43957501769145 31.6200008392334 AB 9.138745152031662 1.185310655257025
60017.0445 lsst_hardware_u 10.690841438539163 23.519411076873503 29.360000610351562 AB 15.503825778871459 1.1946543378782597
60017.0643 lsst_hardware_g 1361.3345184700477 100.8849567159276 31.68000030517578 AB 15.38068859296893 1.1845346283453273
60022.0368 lsst_hardware_u 22.982678152841732 23.87753533073841 29.3799991607666 AB 8.093427122963941 1.1895975781530008
60022.0572 lsst_hardware_g 877.8531212989504 100.34560327190682 31.68000030517578 AB 8.571540731354727 1.1853606930216045
60025.034 lsst_hardware_r 2291.259425680736 110.97681774433806 31.6200008392334 AB 6.11533537523083 1.186522191546533
60025.0549 lsst_hardware_z 1521.36592716247 97.42546384795241 30.979999542236328 AB 4.644685628541009 1.1878738207304216
60027.0345 lsst_hardware_r 2212.6602846762767 109.89589091100679 31.6200008392334 AB 5.520993459399773 1.1847625449355343
60027.0542 lsst_hardware_u -14.940546347595138 23.854335454058518 29.350000381469727 AB 5.029590703410954 1.19114048630218
60029.0281 lsst_hardware_g 732.6630716056158 99.73624554611895 31.670000076293945 AB 8.772794156818998 1.1849255985978733
60029.0461 lsst_hardware_r 1919.064049802752 108.57223277547469 31.6200008392334 AB 8.219993377432507 1.189192141116497
60035.9896 lsst_hardware_y 264.22423567978245 83.66596930022764 30.010000228881836 AB 9.316630665574872 1.1978952961202018
60036.0081 lsst_hardware_r 1132.291796319145 105.06301238789845 31.6200008392334 AB 9.356907002005173 1.1851186779538765
60037.9892 lsst_hardware_y 297.11762500495865 83.68072842805744 30.010000228881836 AB 7.424094571545201 1.192721434901616
60038.0084 lsst_hardware_z 1046.867193781011 94.34020188437212 30.979999542236328 AB 6.041149168564541 1.184539052659714
60039.9842 lsst_hardware_y 283.0913766761926 83.22890646615672 30.020000457763672 AB 9.86818685819238 1.1923140044937328
60040.0022 lsst_hardware_z 952.5254480128946 92.66260579984096 30.979999542236328 AB 9.594648345061284 1.184524487044603
60041.9837 lsst_hardware_y 295.10673451059523 83.46441804380552 30.010000228881836 AB 10.389191849958035 1.1885927237317204
60042.0028 lsst_hardware_u 14.907751157475143 23.633060854891397 29.329999923706055 AB 8.9761174510445 1.185422433418102
60045.9797 lsst_hardware_y 269.836674794136 83.22345202422484 30.020000457763672 AB 6.405361091966144 1.1854096589185055
60045.9966 lsst_hardware_z 742.8312932301845 92.4640555925679 30.979999542236328 AB 6.419805909991473 1.1873504349418584
60050.9766 lsst_hardware_y 273.7489008395583 82.31088546878586 30.030000686645508 AB 17.013170122410582 1.1850087150804889
60050.9951 lsst_hardware_u -7.741132068360614 23.448328906343537 29.360000610351562 AB 17.102816520413025 1.1973408373293912
60279.3375 lsst_hardware_z -110.90024587204155 87.38999938964844 30.979999542236328 AB 8.66251265755043 1.1866455695274563
60283.3367 lsst_hardware_r 9.631212821216728 95.70999908447266 31.6200008392334 AB 4.795414330207744 1.184540386218463
60291.2983 lsst_hardware_r 117.33615307129732 96.88999938964844 31.6200008392334 AB 11.9157117552302 1.1905592002028476
60291.3161 lsst_hardware_i -37.84185784541387 87.38999938964844 31.309999465942383 AB 11.849517869733424 1.1846161457320517
60292.2997 lsst_hardware_z -91.76585170537925 43.52000045776367 30.940000534057617 AB 8.559755596712048 1.1878101110197237
60292.3194 lsst_hardware_r -18.431513512985383 23.8700008392334 31.469999313354492 AB 8.553914737606352 1.1860669353308864
60294.2985 lsst_hardware_u 0.34523219567613483 2.700000047683716 28.3700008392334 AB 12.547157311861389 1.1858454747669795
60294.3165 lsst_hardware_r -1.4087671253007665 23.93000030517578 31.479999542236328 AB 12.564741042953115 1.1872134624986577
60296.2619 lsst_hardware_i 32.16880462842202 32.54999923706055 31.229999542236328 AB 6.395805706327711 1.2211950814018688
60296.2843 lsst_hardware_z -48.93032448634925 43.68000030517578 30.940000534057617 AB 6.335993412813905 1.190826978977679
60300.2663 lsst_hardware_r 32.44193419023031 41.34000015258789 32.65999984741211 AB 5.543797871549809 1.1976232170122725
60300.2882 lsst_hardware_u 2.492128451588217 2.700000047683716 28.360000610351562 AB 5.496355741727184 1.184559427096455
60302.2721 lsst_hardware_g -53.63492540816477 47.5099983215332 31.639999389648438 AB 6.614542745710122 1.1879744510741819
60302.2947 lsst_hardware_r -17.15056475395304 44.189998626708984 31.579999923706055 AB 7.235374212545578 1.1872298111708546
60305.2295 lsst_hardware_r 77.69685587378538 121.12999725341797 31.6200008392334 AB 6.276494816989772 1.2382116427283798
60305.251 lsst_hardware_i -129.5047366074399 94.83999633789062 31.309999465942383 AB 7.5430675224755666 1.199565457204078
60307.2526 lsst_hardware_z 129.43673432659526 81.51000213623047 30.979999542236328 AB 8.561159289592972 1.1921959740416337
60307.2736 lsst_hardware_r -295.2499478612773 114.81999969482422 31.6299991607666 AB 8.526959262016709 1.1847524071022555
60309.2507 lsst_hardware_z 21.434034532213534 65.5199966430664 30.969999313354492 AB 6.676626908396551 1.189422845913897
60309.2715 lsst_hardware_r 4.296791203462738 82.51000213623047 31.6200008392334 AB 6.660635428921467 1.1855356078710395
60311.2391 lsst_hardware_i -9.70480585968697 46.619998931884766 31.280000686645508 AB 6.621241722134517 1.1945949703153447
60311.2613 lsst_hardware_z 19.449470414118828 50.4900016784668 30.950000762939453 AB 5.730238167085677 1.1845861701527718
60313.2485 lsst_hardware_r -27.608243531541696 31.959999084472656 31.540000915527344 AB 3.096462958593711 1.1852489793660137
60313.2681 lsst_hardware_z 28.647953598421818 45.09000015258789 30.940000534057617 AB 3.287042287027385 1.1892696790282093
60315.2478 lsst_hardware_g -20.833954677730276 22.610000610351562 32.18000030517578 AB 8.323536409388673 1.1845218613268516
60315.2726 lsst_hardware_r 2.0711862675850554 36.33000183105469 32.2400016784668 AB 8.929645919748028 1.1985029419847906
60317.2535 lsst_hardware_i -10.51114169944941 32.36000061035156 31.229999542236328 AB 10.565152866237401 1.1870958276671237
