data/validation/pwv_sim_epoch_fit_seasonal/28724068.ecsv
# %ECSV 0.9
# ---
# datatype:
# - {name: time, datatype: float64}
# - {name: band, datatype: string}
# - {name: flux, datatype: float64}
# - {name: fluxerr, datatype: float64}
# - {name: zp, datatype: float64}
# - {name: zpsys, datatype: string}
# - {name: pwv, datatype: float64}
# - {name: airmass, datatype: float64}
# meta: {SNID: '28724068', alt: 1024.0, c: -0.012855795212090015, dec: -31.738394, lat: -30.244573, lon: -70.7499537, ra: 16.347656, t0: 61605.40625,
#   x0: 6.152573087277302e-06, x1: -2.263235330581665, z: 0.5633755922317505}
# schema: astropy-2.0
time band flux fluxerr zp zpsys pwv airmass
61578.3456 lsst_hardware_z 18.569313608823006 60.45189043156573 30.93000030517578 AB 2.8903939311147675 1.409146305898156
61578.3682 lsst_hardware_i -23.054057461530412 59.22414207283562 31.270000457763672 AB 2.6295468377104485 1.2686781140449885
61580.3629 lsst_hardware_r 87.87625330935587 63.554848447221296 31.59000015258789 AB 4.331579419348903 1.2678411881600962
61580.3857 lsst_hardware_z -93.3269653812748 54.39149604100417 30.959999084472656 AB 4.533524746921944 1.1666301458883026
61582.3706 lsst_hardware_g -107.26702936560925 43.983720244735665 31.639999389648438 AB 6.567600483108446 1.205322328897644
61582.398 lsst_hardware_r -122.83148155212733 46.74094039666828 31.610000610351562 AB 5.986257649504398 1.1085662313897033
61587.3736 lsst_hardware_z 188.63833263172697 44.417328694816554 30.940000534057617 AB 9.825745296589233 1.1417983030142485
61587.3941 lsst_hardware_r 155.70927451042883 25.735830369228744 31.489999771118164 AB 10.505202571530223 1.083010574384559
61589.3752 lsst_hardware_u 57.164770676487166 7.356284088705051 28.40999984741211 AB 7.25727897159455 1.119345873616822
61589.3948 lsst_hardware_r 329.03421540098 29.07202317731531 31.489999771118164 AB 6.903451732458375 1.068921558574183
61591.3716 lsst_hardware_i 549.1244785929829 38.37827614625555 31.229999542236328 AB 5.093183179011829 1.1138321575328392
61591.3912 lsst_hardware_z 470.0301600412604 46.34762573356717 30.940000534057617 AB 4.42217285181751 1.0649636601539287
61598.3879 lsst_hardware_z 1060.4839477437183 51.61803755705984 30.940000534057617 AB 8.031505054777124 1.036523850393961
61598.4069 lsst_hardware_u 2.8105177778692565 2.699596752916289 28.43000030517578 AB 7.758637838659231 1.0136710006087315
61607.338 lsst_hardware_z 1319.238976441274 71.85381647194279 30.979999542236328 AB 4.514042431495731 1.0866736715203973
61607.3549 lsst_hardware_y 577.9375501030717 57.58984994301229 30.049999237060547 AB 4.3920243852091145 1.0505559843427958
61608.3822 lsst_hardware_z 2673.1530105141574 96.34324827530746 31.739999771118164 AB 5.369220728118119 1.0114383965561118
61611.2778 lsst_hardware_y 934.7691782350486 78.31345207454983 30.729999542236328 AB 7.491798532349686 1.270298739447751
61617.2716 lsst_hardware_z 1069.4671991937587 53.96373233614423 30.93000030517578 AB 4.385663991090511 1.2205567951455571
61617.2913 lsst_hardware_r 1071.8948301750424 39.39781236233598 31.469999313354492 AB 4.104254449836102 1.1431402237033057
61622.2688 lsst_hardware_i 1002.7548566259022 44.03483423093447 31.219999313354492 AB 0.35136252052718175 1.1751254867129823
61622.2893 lsst_hardware_z 919.2872550652191 51.01662477413151 30.940000534057617 AB 0.40918332936272034 1.1071476780952973
61626.2702 lsst_hardware_g 7.828812543510397 14.44133722308507 31.389999389648438 AB 3.675278432959287 1.1317254604955465
61626.2886 lsst_hardware_r 416.737775312041 30.36575377601898 31.489999771118164 AB 3.4716989151320288 1.0806844872006314
61627.26 lsst_hardware_i 733.177306028953 43.60539299895084 31.260000228881836 AB 4.7509177887992555 1.1570671672672324
61627.2787 lsst_hardware_z 716.5756575473969 49.794597513185145 30.950000762939453 AB 4.696984645071582 1.098774114292434
61629.2525 lsst_hardware_z 773.9410211617194 54.85738428061973 30.950000762939453 AB 3.3758900630577915 1.1645015740109663
61629.271 lsst_hardware_r 357.8858707880659 48.88153438977909 31.6200008392334 AB 3.1914506502826767 1.1048816514740096
61631.263 lsst_hardware_r 263.84456999815563 65.42390369878146 31.6299991607666 AB 4.077166767324168 1.1120809457413345
61631.2817 lsst_hardware_z 709.3608720371016 58.25151414280216 30.969999313354492 AB 3.8068107009835286 1.0655873200793642
61649.17 lsst_hardware_i 124.99746048459188 34.375279603104126 31.209999084472656 AB 1.9487582335329137 1.2922799957114812
61649.1891 lsst_hardware_u 20.688604635645962 4.5006148690327255 28.290000915527344 AB 1.8505073114363908 1.1992918415012255
61653.1688 lsst_hardware_i 88.43313903161008 33.79300811604539 31.229999542236328 AB 2.7094109128005 1.2417098592119613
61653.187 lsst_hardware_r 143.96385993566744 24.949365482110675 31.489999771118164 AB 2.508928460307759 1.164416055217091
61672.1731 lsst_hardware_r 56.98664426706524 24.106017103213272 31.489999771118164 AB 4.068370805547408 1.0587822525822792
61672.1896 lsst_hardware_i 159.16153230729688 31.97533705821996 31.25 AB 3.8908654499411313 1.0311025440416406
61678.1025 lsst_hardware_r 178.27820479496637 43.05327235856172 32.65999984741211 AB 4.686723734065346 1.2323754231042194
61678.1221 lsst_hardware_z 618.1675607533707 76.90472608349232 32.130001068115234 AB 4.425730276991567 1.1523088659745948
61680.1096 lsst_hardware_g 22.617247316543597 14.306487691690478 31.3700008392334 AB 5.334927660539857 1.1784252830409234
61680.1295 lsst_hardware_r 49.884105206419356 24.49886075767536 31.479999542236328 AB 4.864047706123304 1.1112743217096617
61682.0966 lsst_hardware_i 73.36041466812162 33.33499078550612 31.229999542236328 AB 2.5401682757454216 1.2096039408311532
61682.1169 lsst_hardware_z 100.68376975198416 44.0558253186446 30.940000534057617 AB 2.3793841794303243 1.1330400854430116
61684.1095 lsst_hardware_r 25.89374289462578 26.3799991607666 31.520000457763672 AB 3.9270737809840828 1.1393831086028003
61684.1305 lsst_hardware_g 25.617749515096246 19.280000686645508 31.540000915527344 AB 4.667338088532143 1.080089809321873
61686.0875 lsst_hardware_z -77.70341759842074 45.79999923706055 30.940000534057617 AB 11.777156566240917 1.2017506700245832
61686.1079 lsst_hardware_r -16.352822443366215 35.209999084472656 31.56999969482422 AB 10.369920764088498 1.126940728922334
61689.1038 lsst_hardware_z -24.718221404572574 54.81999969482422 30.969999313354492 AB 4.68110651459436 1.1145491701415142
61689.1236 lsst_hardware_r 22.468188902203224 63.68000030517578 31.639999389648438 AB 4.4732433272669745 1.0650579350635654
61692.1158 lsst_hardware_y -110.01937812828308 81.94999694824219 30.799999237060547 AB 7.667421853098186 1.0642422328052692
61696.1055 lsst_hardware_z -50.383841470746574 51.560001373291016 30.969999313354492 AB 9.256147671503783 1.0629577688697582
61696.1247 lsst_hardware_r 30.67817643514898 62.43000030517578 31.649999618530273 AB 9.023668873345159 1.0302363944983342
61698.105 lsst_hardware_u -3.4032549403219097 2.6500000953674316 28.420000076293945 AB 3.371392050743151 1.0532308812068576
61698.1254 lsst_hardware_r -46.442858466281486 22.280000686645508 31.5 AB 3.4087667935039234 1.0224255529407158
61702.0148 lsst_hardware_y -22.074587092789045 50.810001373291016 29.950000762939453 AB 3.8791460499013355 1.3556337759572799
61702.0362 lsst_hardware_z 13.21434890081422 43.5099983215332 30.93000030517578 AB 3.531623754322264 1.2360219631891727
61704.9979 lsst_hardware_y 45.67005678247953 73.58000183105469 29.93000030517578 AB 6.656549002654671 1.4162870218414194
61705.0162 lsst_hardware_u 0.6928500635269339 2.9100000858306885 28.329999923706055 AB 5.553420127000179 1.2973512473767623
61709.015 lsst_hardware_y -14.1131780238418 50.72999954223633 29.989999771118164 AB 5.85294254449911 1.2461023088140295
61709.0338 lsst_hardware_z 66.63001942557268 42.40999984741211 30.940000534057617 AB 5.443048038186189 1.1655349118171712
61720.0191 lsst_hardware_y 54.53984174584345 56.81999969482422 30.030000686645508 AB 7.819718975928518 1.1147140379085558
61720.0363 lsst_hardware_i -30.582951449108535 65.30000305175781 31.31999969482422 AB 7.436759804377608 1.0707563550163273
61728.0218 lsst_hardware_y 21.632181923496294 55.47999954223633 30.049999237060547 AB 5.995464086661061 1.0556633560267157
61728.0393 lsst_hardware_r -33.42048216810168 22.15999984741211 31.489999771118164 AB 5.833323589256428 1.0275966393287894
61729.023 lsst_hardware_y 34.24512440169404 52.970001220703125 30.049999237060547 AB 7.8571048053582535 1.04841776099788
61729.0403 lsst_hardware_r 39.14497740395797 22.079999923706055 31.489999771118164 AB 7.646034072806234 1.022960642120063
61947.352 lsst_hardware_i -0.33814336014181834 32.36000061035156 31.209999084472656 AB 7.089036834629498 1.3013774632167476
61947.3753 lsst_hardware_z -38.230327023687465 42.959999084472656 30.93000030517578 AB 6.418297220918909 1.1885735594294276
61954.3278 lsst_hardware_z -28.966741736783046 45.099998474121094 30.920000076293945 AB 8.590307376871381 1.3315897450391172
61954.3468 lsst_hardware_g -22.813873729415562 13.779999732971191 31.34000015258789 AB 8.04710393481847 1.229457077242012
61955.3606 lsst_hardware_u 0.2087958861250353 5.21999979019165 28.850000381469727 AB 8.34375918575742 1.1610727689347602
61955.3942 lsst_hardware_y -35.556804814416736 47.45000076293945 30.040000915527344 AB 6.7692313182640085 1.0658528292023317
61958.4203 lsst_hardware_y -30.603019482303214 72.98999786376953 30.809999465942383 AB 1.75471557474307 1.0145308068862027
61960.343 lsst_hardware_r 113.91957953509504 86.91000366210938 31.6299991607666 AB 2.6379868044204082 1.1759227954325744
61960.3623 lsst_hardware_i -73.87905010917662 67.30000305175781 31.31999969482422 AB 2.367484902512138 1.1111474824055718
61962.3787 lsst_hardware_r -2.2012607186475264 72.4000015258789 31.649999618530273 AB 9.673378149771914 1.058491581686785
61962.3985 lsst_hardware_z 9.364579466496638 56.380001068115234 30.979999542236328 AB 9.366860036531442 1.0265052094829092
61964.3453 lsst_hardware_z -27.767560842998357 53.59000015258789 30.969999313354492 AB 6.772952096122006 1.1295156088923963
61964.3654 lsst_hardware_r -6.5103726165187705 59.189998626708984 31.639999389648438 AB 6.490143741880897 1.0751204431608334
61978.2704 lsst_hardware_u -1.3763357383301524 2.430000066757202 28.15999984741211 AB 2.5650120227449853 1.2844326603630374
61978.2892 lsst_hardware_g -5.219557389160337 13.369999885559082 31.34000015258789 AB 2.450127403433599 1.194601366861823
61979.273 lsst_hardware_r 13.44835460884847 23.18000030517578 31.440000534057617 AB 3.1626817423443048 1.2564035127000912
61979.2921 lsst_hardware_i 10.679514458690308 31.40999984741211 31.219999313354492 AB 2.9460093284475333 1.1721911184512217
61981.2719 lsst_hardware_z 50.561476010111654 43.75 30.93000030517578 AB 5.440795533142859 1.2350474121843655
61981.2913 lsst_hardware_r -11.65772480402102 22.670000076293945 31.469999313354492 AB 5.093228483219368 1.155014396376
61986.2769 lsst_hardware_i 95.00708135443264 83.83000183105469 32.04999923706055 AB 1.0681682573644198 1.1576968107273335
61986.3121 lsst_hardware_r -63.79888684244155 100.80999755859375 32.38999938964844 AB 1.936549069364486 1.0606384679312566
61992.2676 lsst_hardware_r 41.85083264834763 77.69000244140625 31.639999389648438 AB 4.834550419923439 1.1335405439445345
61992.2862 lsst_hardware_z -92.69598439462952 59.779998779296875 30.979999542236328 AB 4.6201107651979845 1.0815498952883442
61994.2646 lsst_hardware_z 68.84414001205047 51.279998779296875 30.959999084472656 AB 3.250867217246512 1.1257439935058478
61994.2837 lsst_hardware_i -20.474351915405144 48.099998474121094 31.299999237060547 AB 3.095294269920293 1.0746616682302903
61997.2671 lsst_hardware_i -9.398715194964648 31.989999771118164 31.25 AB 5.147358896444877 1.095182743924442
61997.2859 lsst_hardware_r 20.21113382610667 25.440000534057617 31.520000457763672 AB 4.950085294919571 1.05320963721693
62009.2229 lsst_hardware_g -1.7784323352559612 13.819999694824219 31.399999618530273 AB 3.2327119366854453 1.1280837280512197
62009.2463 lsst_hardware_r 21.817631530044338 22.579999923706055 31.489999771118164 AB 3.072557525907937 1.066860252051367
62013.246 lsst_hardware_z 79.08927077545466 47.459999084472656 30.959999084472656 AB 4.362466099092428 1.0464058764913478
62013.2618 lsst_hardware_r -16.20413363251252 48.400001525878906 31.6299991607666 AB 5.027417853469531 1.0233755872102996
62016.1666 lsst_hardware_z -28.85151816605119 67.9800033569336 30.959999084472656 AB 1.7986348067570972 1.284739147683641
62016.185 lsst_hardware_r -4.5765644389948745 93.75 31.6200008392334 AB 1.671111198502877 1.1964996647991961
62020.1422 lsst_hardware_z -111.14726352035515 74.8499984741211 30.950000762939453 AB 2.747015437968306 1.366334463053124
62020.1588 lsst_hardware_i 73.36464306364152 81.62000274658203 31.290000915527344 AB 2.5741405451677153 1.2680495296392686
62027.1891 lsst_hardware_r 19.6223141026957 23.049999237060547 31.510000228881836 AB 0.9689808400275508 1.0852874818303724
62027.2111 lsst_hardware_g -33.72523629415489 14.109999656677246 31.459999084472656 AB 1.2518845069812365 1.0408518037673968
62031.1717 lsst_hardware_z -30.261505167899426 42.20000076293945 30.940000534057617 AB 1.349849539565509 1.1020679326972882
62031.189 lsst_hardware_i 14.753867970070909 30.6299991607666 31.25 AB 1.2913062983607153 1.0611296021589582
62033.1729 lsst_hardware_u -3.501846828789239 2.6700000762939453 28.40999984741211 AB 6.781900716287168 1.0848437521054415
62033.1904 lsst_hardware_g 3.6747079362711212 13.869999885559082 31.40999984741211 AB 6.548303206076543 1.0481477720810273
62037.1748 lsst_hardware_z -19.969166904928198 41.25 30.950000762939453 AB 4.044419658479231 1.056812035139595
62037.1922 lsst_hardware_u 3.7575525208600187 2.75 28.5 AB 3.8270869402363346 1.0285103306196441
62041.0867 lsst_hardware_z 29.779882084421722 49.380001068115234 30.920000076293945 AB 6.194529264892835 1.3542421420789583
62041.1077 lsst_hardware_r 9.402557675373611 42.349998474121094 31.559999465942383 AB 5.6799671532771105 1.236904198154892
62043.1042 lsst_hardware_z 28.431105907290103 55.119998931884766 30.950000762939453 AB 4.7554354872232 1.2276843906604362
62043.1249 lsst_hardware_i 36.63317273255297 53.209999084472656 31.299999237060547 AB 4.390297960501898 1.14502131068707
62044.0868 lsst_hardware_r -9.89841400594499 77.4000015258789 31.59000015258789 AB 8.254263343440114 1.3035448651235932
62044.1065 lsst_hardware_z -37.35613890364731 59.97999954223633 30.959999084472656 AB 7.634384232503722 1.2052070775126642
62048.1218 lsst_hardware_z -34.42269035326833 103.97000122070312 31.739999771118164 AB 3.9523865633146027 1.111860626855504
62050.1096 lsst_hardware_g 21.91450777199179 78.91999816894531 31.690000534057617 AB 9.066152454988408 1.1324079549906854
62050.1293 lsst_hardware_r 11.493121046635702 76.27999877929688 31.649999618530273 AB 4.116292698581997 1.0781279985809318
62052.1059 lsst_hardware_i 31.533215982573257 31.100000381469727 31.25 AB 6.217651302185695 1.1268283992241572
62052.126 lsst_hardware_z 75.86317981872457 45.79999923706055 30.959999084472656 AB 3.768872459427962 1.073192290663397
62055.1085 lsst_hardware_r 24.46912772955591 22.920000076293945 31.5 AB 6.343219964217534 1.095831383643005
62059.1065 lsst_hardware_i 14.521634816170069 30.559999465942383 31.25 AB 8.344401047609407 1.0740637208919876
62059.1267 lsst_hardware_z -6.216663750330808 40.90999984741211 30.950000762939453 AB 8.055711380865436 1.0362154204136051
62064.109 lsst_hardware_r 28.77329013157724 22.479999542236328 31.510000228881836 AB 2.8059305679153437 1.0426123800893055
62064.1285 lsst_hardware_g 17.643331364665695 13.779999732971191 31.450000762939453 AB 2.6892296801428786 1.0168501437394297
62065.1065 lsst_hardware_r -13.037923270248294 22.459999084472656 31.5 AB 4.549867693176764 1.0422328927216924
62065.1254 lsst_hardware_i 18.273798776365112 30.030000686645508 31.25 AB 3.8150953720426655 1.0172231361266448
62067.1104 lsst_hardware_z 67.90097439906835 41.119998931884766 30.959999084472656 AB 3.1879300978104874 1.0283645476808023
62067.1292 lsst_hardware_i 39.719660059435945 30.5 31.260000228881836 AB 2.852388466259134 1.0091591955632222
62070.0142 lsst_hardware_y -78.14567519484142 52.34000015258789 29.959999084472656 AB 5.612461413186214 1.3129076564044322
62070.0335 lsst_hardware_r -13.766184374872717 40.52000045776367 31.56999969482422 AB 5.206192915756057 1.2139892539946502
62077.0163 lsst_hardware_z 90.61683680085179 70.9800033569336 30.969999313354492 AB 3.457325059136746 1.2056230590968544
62077.0342 lsst_hardware_i 71.80360769792615 77.12000274658203 31.31999969482422 AB 3.3838397281772092 1.1378713427707399
62079.0166 lsst_hardware_y -22.897427750672385 49.970001220703125 30.0 AB 4.806824257012728 1.181812225130278
62079.0353 lsst_hardware_r 50.09952919959653 47.810001373291016 31.610000610351562 AB 4.460660637536651 1.117306663823273
62088.019 lsst_hardware_y 40.45811975647579 52.459999084472656 30.040000915527344 AB 6.689967534615845 1.094249443404759
62088.0353 lsst_hardware_r -1.3981104638372372 22.270000457763672 31.489999771118164 AB 6.412949471438015 1.0572974329499587
62090.0758 lsst_hardware_z 7.9266284834869865 40.22999954223633 30.950000762939453 AB 6.014687952872395 1.0036467924808623
62091.0221 lsst_hardware_y -16.589118288898337 50.970001220703125 30.040000915527344 AB 3.7363435961374223 1.0675267417535492
62091.0409 lsst_hardware_g 10.469256864341878 13.529999732971191 31.40999984741211 AB 3.6185791420583953 1.0338797548738272
62093.0208 lsst_hardware_y -9.98205626601889 57.220001220703125 30.059999465942383 AB 6.100320017106894 1.058960771399183
62093.0373 lsst_hardware_i -51.960745559174285 30.15999984741211 31.260000228881836 AB 5.806498947672092 1.0312276132498388
62096.023 lsst_hardware_y 24.44835788798627 57.36000061035156 30.049999237060547 AB 4.821617120811821 1.0403748237805965
62096.0389 lsst_hardware_g 35.48129185082673 15.279999732971191 31.459999084472656 AB 4.851205746965658 1.0191608712112727
