data/validation/pwv_sim_epoch_fit_seasonal/28730780.ecsv
# %ECSV 0.9
# ---
# datatype:
# - {name: time, datatype: float64}
# - {name: band, datatype: string}
# - {name: flux, datatype: float64}
# - {name: fluxerr, datatype: float64}
# - {name: zp, datatype: float64}
# - {name: zpsys, datatype: string}
# - {name: pwv, datatype: float64}
# - {name: airmass, datatype: float64}
# meta: {SNID: '28730780', alt: 1024.0, c: 0.0052969553507864475, dec: -44.796005, lat: -30.244573, lon: -70.7499537, ra: 116.327805,
#   t0: 61427.0703125, x0: 2.0669655232777112e-05, x1: -2.6575191020965576, z: 0.33852213621139526}
# schema: astropy-2.0
time band flux fluxerr zp zpsys pwv airmass
[from data line 133]
61806.1832 lsst_hardware_i -27.97188705856071 33.4900016784668 31.260000228881836 AB 7.178107978659766 1.0518915560755573
61809.1512 lsst_hardware_r -0.9313419023101269 61.93000030517578 31.649999618530273 AB 8.866592879552602 1.035887517204553
61809.1645 lsst_hardware_z -12.054077260226032 51.369998931884766 30.969999313354492 AB 8.90082312097386 1.0429429896075406
61811.1528 lsst_hardware_y -92.12635915643367 53.79999923706055 30.049999237060547 AB 3.610088146653349 1.0390487074530543
61811.1662 lsst_hardware_r 36.63996959116958 89.73999786376953 31.649999618530273 AB 3.650131433397068 1.048712552990754
61813.152 lsst_hardware_i 64.51139549230923 62.0 31.329999923706055 AB 4.2167574452847285 1.0418606766475131
61813.1632 lsst_hardware_z 74.98697817736989 57.68000030517578 30.979999542236328 AB 4.232113924288022 1.0510216699390784
61815.1586 lsst_hardware_r -64.74693515469349 51.52000045776367 31.6299991607666 AB 2.0816505546386983 1.051869911388933
61815.1698 lsst_hardware_z -33.788981183686325 48.59000015258789 30.959999084472656 AB 1.58835136434101 1.0648165571001185
61817.1508 lsst_hardware_r -46.60316859260728 31.700000762939453 31.579999923706055 AB 3.5875026523680553 1.0496167701674184
61817.162 lsst_hardware_i -8.051285686771763 35.84000015258789 31.280000686645508 AB 3.730507636830326 1.061814317883375
61819.1417 lsst_hardware_z -38.70929931018784 40.7599983215332 30.950000762939453 AB 5.960366023175378 1.04641257429343
61819.1535 lsst_hardware_i 33.26829609423852 29.829999923706055 31.25 AB 5.914362397928852 1.058151669476794
61823.1439 lsst_hardware_r 18.149682585388977 21.579999923706055 31.489999771118164 AB 6.925234087247053 1.0597144739475215
61823.1541 lsst_hardware_i 34.54389423883136 29.959999084472656 31.25 AB 6.914133133936892 1.0734842490262997
61827.0881 lsst_hardware_z 131.37785224723285 70.08999633789062 32.13999938964844 AB 5.916445174280949 1.033485335478571
61827.1004 lsst_hardware_r 33.67707855282266 37.040000915527344 32.66999816894531 AB 5.918546435045559 1.0353444301662833
61829.0813 lsst_hardware_u 3.468959836545837 2.569999933242798 28.399999618530273 AB 5.741208070128481 1.033520804703597
61829.0929 lsst_hardware_r 16.411233591403196 21.389999389648438 31.479999542236328 AB 5.434065351896932 1.0347644200508297
61831.0806 lsst_hardware_i 21.040703055864466 29.399999618530273 31.239999771118164 AB 2.949058168054944 1.033608797729404
61831.0924 lsst_hardware_z 4.686000409301597 40.380001068115234 30.940000534057617 AB 3.047266146178232 1.0363675817406615
61835.073 lsst_hardware_g 18.306653857253924 30.520000457763672 31.649999618530273 AB 5.400685845238298 1.0340198822972044
61835.0857 lsst_hardware_r 22.56620304112802 33.09000015258789 31.56999969482422 AB 7.487803432356466 1.0382422951132093
61839.0692 lsst_hardware_r -125.27655908738164 73.8499984741211 31.649999618530273 AB 10.517170676230029 1.0358682828947137
61839.0827 lsst_hardware_z -45.21712583660579 56.56999969482422 30.979999542236328 AB 10.479909550402205 1.043036531515522
61841.0676 lsst_hardware_r 52.15367160600308 86.88999938964844 31.65999984741211 AB 8.064254703646613 1.0374255622186757
61841.0804 lsst_hardware_i 74.40072317947718 68.41999816894531 31.329999923706055 AB 8.120133437022943 1.045421007255536
61844.0624 lsst_hardware_z -18.38559414292556 47.0 30.959999084472656 AB 10.006195945098712 1.038903176566341
61844.0763 lsst_hardware_i 16.23630478023226 45.2599983215332 31.299999237060547 AB 10.109425791637655 1.0489132383936313
61848.057 lsst_hardware_r 16.15275732849962 21.290000915527344 31.469999313354492 AB 7.760292530122606 1.0422562380968217
61848.0701 lsst_hardware_i 24.575228963641145 29.559999465942383 31.239999771118164 AB 7.809400626698808 1.0535210846342082
61850.0422 lsst_hardware_i -16.66081750325925 29.420000076293945 31.239999771118164 AB 4.055433217524395 1.0370625795996407
61850.0556 lsst_hardware_z 37.352975255329 40.41999816894531 30.940000534057617 AB 4.1498854648093735 1.0452453787064522
61852.0351 lsst_hardware_r 7.9660746767475095 30.190000534057617 32.22999954223633 AB 6.348232936494146 1.036389791547821
61852.0479 lsst_hardware_g -2.8543357866271135 12.6899995803833 31.3799991607666 AB 6.225429758786245 1.0435430114744781
61854.0293 lsst_hardware_r -13.26062000313186 21.270000457763672 31.469999313354492 AB 8.680747732770113 1.0362597269631268
61854.0434 lsst_hardware_i -1.7456704192889887 29.540000915527344 31.239999771118164 AB 10.768734224657162 1.0442577714054955
61856.0321 lsst_hardware_z -9.583883180862507 40.72999954223633 30.950000762939453 AB 5.708574394191355 1.040302703614273
61856.0446 lsst_hardware_i 42.034855544402355 29.780000686645508 31.25 AB 6.601877919767962 1.0499030578636248
61858.022 lsst_hardware_u -0.13027563154597196 2.549999952316284 28.3799991607666 AB 6.745769685346058 1.0378107208224705
61858.0357 lsst_hardware_g -3.670558344687408 12.579999923706055 31.360000610351562 AB 6.80444147877148 1.0468371505802276
61860.022 lsst_hardware_r -35.585453186547994 21.3700008392334 31.469999313354492 AB 6.196260610491013 1.0408052537218857
61860.0355 lsst_hardware_i -31.32302443646747 29.549999237060547 31.229999542236328 AB 6.297878588379815 1.051662117121109
61862.0221 lsst_hardware_z 93.66282377845022 57.7400016784668 31.690000534057617 AB 8.157523867171635 1.044675642513229
61864.0234 lsst_hardware_g 26.375455250822377 28.760000228881836 31.639999389648438 AB 5.357634609983178 1.05051659019278
61864.036 lsst_hardware_r 25.3130412599994 32.040000915527344 31.559999465942383 AB 5.430640020902155 1.0648313766474815
61866.0149 lsst_hardware_i 25.72580631431182 44.279998779296875 31.299999237060547 AB 8.486663173243654 1.0477361942276118
61866.0268 lsst_hardware_z 61.78274886640164 47.709999084472656 30.959999084472656 AB 8.58687271714006 1.0601077428567978
