data/validation/pwv_sim_epoch_fit_seasonal/28750507.ecsv
# %ECSV 0.9
# ---
# datatype:
# - {name: time, datatype: float64}
# - {name: band, datatype: string}
# - {name: flux, datatype: float64}
# - {name: fluxerr, datatype: float64}
# - {name: zp, datatype: float64}
# - {name: zpsys, datatype: string}
# - {name: pwv, datatype: float64}
# - {name: airmass, datatype: float64}
# meta: {SNID: '28750507', alt: 1024.0, c: -0.02218671888113022, dec: -0.447628, lat: -30.244573, lon: -70.7499537, ra: 137.109375, t0: 61480.12109375,
#   x0: 3.089103659315635e-06, x1: -0.6282458305358887, z: 0.7469527125358582}
# schema: astropy-2.0
time band flux fluxerr zp zpsys pwv airmass
[from data line 132]
61785.2335 lsst_hardware_r 13.835052755767656 97.2699966430664 31.6299991607666 AB 6.309874831217115 1.1684953391142805
61785.2515 lsst_hardware_z -103.39538637083608 72.20999908447266 30.979999542236328 AB 6.42006933616331 1.1530987252882674
61787.228 lsst_hardware_z -6.59685468832827 50.790000915527344 30.950000762939453 AB 3.827764461320864 1.1685451698343943
61787.2479 lsst_hardware_i 54.590840067106626 46.72999954223633 31.280000686645508 AB 3.7236790522556036 1.1523661189154952
61789.1985 lsst_hardware_r 40.149538157581134 27.799999237060547 31.5 AB 7.0433535362466095 1.2143712993528637
61789.2194 lsst_hardware_z 13.225616678750663 44.189998626708984 30.93000030517578 AB 7.022871040347979 1.1728241550347327
61791.196 lsst_hardware_r 43.165939017298285 24.190000534057617 31.469999313354492 AB 13.880833709632663 1.2070290182289272
61791.2164 lsst_hardware_u -2.4615553108002617 2.6600000858306885 28.329999923706055 AB 13.83159351614441 1.16942706502926
61793.2024 lsst_hardware_g 12.543012943722958 14.8100004196167 31.399999618530273 AB 10.233179828521804 1.1825139192282887
61793.222 lsst_hardware_r 6.70308240797775 24.020000457763672 31.479999542236328 AB 10.516535470542271 1.1577837215275897
61795.2014 lsst_hardware_i -22.23268269165201 32.2599983215332 31.229999542236328 AB 9.143194807602946 1.175217841594206
61795.2222 lsst_hardware_z -106.18031588745362 43.150001525878906 30.93000030517578 AB 9.929296798028824 1.1540549907632829
61797.2069 lsst_hardware_u -1.9089302953662894 2.5999999046325684 28.280000686645508 AB 12.627762150797926 1.1614939432301257
61797.225 lsst_hardware_r -40.20483001832347 24.030000686645508 31.479999542236328 AB 12.663839873735931 1.15125817033963
61801.1798 lsst_hardware_z -10.215774741076688 43.779998779296875 30.940000534057617 AB 12.227995984256815 1.1838509036941443
61801.1968 lsst_hardware_r 13.872562605266998 24.420000076293945 31.489999771118164 AB 11.944161425240042 1.160697869417428
61805.176 lsst_hardware_r 19.542417666035753 24.399999618530273 31.479999542236328 AB 10.54404670573301 1.1724074838197447
61805.1932 lsst_hardware_i -33.432346778664275 32.2400016784668 31.229999542236328 AB 10.36854622404822 1.155012389890619
61807.1753 lsst_hardware_z 82.61074702562674 49.470001220703125 30.950000762939453 AB 6.260885771318479 1.166171971374804
61807.1932 lsst_hardware_r -57.48754443015165 40.72999954223633 31.579999923706055 AB 6.259392584239143 1.1523889384913903
61810.1775 lsst_hardware_i -81.39604974763553 100.19000244140625 31.31999969482422 AB 6.586557205964517 1.1563478240808387
61810.1965 lsst_hardware_z -4.879544125041626 86.9000015258789 30.979999542236328 AB 6.478444019851817 1.1513140252091376
61812.1605 lsst_hardware_r 441.74001386179026 155.97999572753906 31.6299991607666 AB 2.3821386188460805 1.1675719244435607
61812.1772 lsst_hardware_z -42.09696910969263 103.69999694824219 30.989999771118164 AB 3.1140361049918597 1.1533467055525406
61814.1614 lsst_hardware_y -30.626372510080504 54.93000030517578 30.020000457763672 AB 4.336785566637463 1.160602738618411
61814.1795 lsst_hardware_r -9.682905135403377 82.29000091552734 31.6299991607666 AB 4.683959138472589 1.151132744770861
61816.162 lsst_hardware_i -20.16583056301454 44.689998626708984 31.270000457763672 AB 3.382482762055421 1.1557458184699103
61816.1788 lsst_hardware_z 23.495895493293737 49.400001525878906 30.950000762939453 AB 4.444899046504538 1.151130623231493
61820.126 lsst_hardware_u -2.7746740853656675 2.809999942779541 28.440000534057617 AB 3.618342355684628 1.1873799023248615
61820.1429 lsst_hardware_r -21.08772590407273 24.549999237060547 31.5 AB 3.56640319079079 1.162704800301279
61822.124 lsst_hardware_i -4.116335070737853 32.66999816894531 31.239999771118164 AB 5.39175974272973 1.1811515008353126
61822.1418 lsst_hardware_z 31.381858993245945 43.5099983215332 30.940000534057617 AB 5.878453502855504 1.1586013309397691
61826.1277 lsst_hardware_g -1.4628425690407076 14.859999656677246 31.40999984741211 AB 10.042633089205994 1.1615015861449753
61826.1463 lsst_hardware_r 36.875902881553756 24.030000686645508 31.479999542236328 AB 9.95770705136345 1.151180005937971
61830.1195 lsst_hardware_r 27.409880974262304 24.020000457763672 31.479999542236328 AB 4.868905214527284 1.1589871969834047
61830.1363 lsst_hardware_g -22.95833349301403 14.789999961853027 31.40999984741211 AB 4.697942875700015 1.1510804171104398
61832.1133 lsst_hardware_r -3.709793838355536 24.299999237060547 31.489999771118164 AB 6.8169118508475774 1.1596345752909036
61832.1319 lsst_hardware_i 10.90820920560216 32.189998626708984 31.229999542236328 AB 5.587020973689185 1.151013797628592
61834.0882 lsst_hardware_i -34.399490845178626 35.209999084472656 31.239999771118164 AB 12.253368788188327 1.1865754152538728
61834.1062 lsst_hardware_z -22.62352574321716 44.310001373291016 30.940000534057617 AB 12.007391533779192 1.1611628528112683
61838.0834 lsst_hardware_y -108.20702838434592 60.09000015258789 30.010000228881836 AB 12.038994981661665 1.1761138094186419
61838.1025 lsst_hardware_r 38.76268574945404 100.16999816894531 31.6200008392334 AB 11.896853445222728 1.1553708308461423
61840.0827 lsst_hardware_i -142.14041487283617 115.87999725341797 31.31999969482422 AB 8.348255641410947 1.1692917151669842
61840.1019 lsst_hardware_z 41.35183414926017 96.95999908447266 30.979999542236328 AB 8.735424834151292 1.1528362881600334
61843.0684 lsst_hardware_r 67.46540181534019 72.87000274658203 31.610000610351562 AB 15.29143655522373 1.178250760337525
61843.0845 lsst_hardware_i -37.586238845591204 61.0099983215332 31.290000915527344 AB 14.933886879628579 1.158563761026225
61845.0778 lsst_hardware_z 10.240192111127017 46.83000183105469 30.940000534057617 AB 9.015486774087625 1.1596351418547144
61845.0946 lsst_hardware_i 4.426229039885862 41.43000030517578 31.270000457763672 AB 8.361501175044456 1.1511537475825537
61847.0738 lsst_hardware_u 2.5706457485039502 2.6500000953674316 28.34000015258789 AB 7.941840718185718 1.1583781677633516
61847.0935 lsst_hardware_g -4.837922442511374 14.579999923706055 31.40999984741211 AB 9.312663183348663 1.1510615145354013
61849.0719 lsst_hardware_r -9.235181924777063 23.81999969482422 31.479999542236328 AB 4.300870907027546 1.1557338517630131
61849.091 lsst_hardware_i 24.560211338837643 31.860000610351562 31.229999542236328 AB 5.897747589785948 1.1514915082072072
61851.0744 lsst_hardware_z 15.101551486683265 43.099998474121094 30.940000534057617 AB 4.497951050976901 1.1519423896987038
61851.0941 lsst_hardware_u -2.0998880015321557 2.690000057220459 28.360000610351562 AB 6.086781824379636 1.1549870634496235
61853.073 lsst_hardware_g 5.394492203246227 14.699999809265137 31.399999618530273 AB 4.752705858300514 1.1511246402181083
61853.0928 lsst_hardware_r 13.379670243642968 24.0 31.479999542236328 AB 6.3377017050361895 1.157905946322898
61855.0644 lsst_hardware_i 5.883731767272112 31.729999542236328 31.229999542236328 AB 7.992351107031806 1.151690922767414
61855.0812 lsst_hardware_z -66.708168811834 42.849998474121094 30.940000534057617 AB 8.126687350801527 1.153880946691307
61861.0274 lsst_hardware_r -26.469101282809156 24.440000534057617 31.479999542236328 AB 4.284149436552602 1.1667073628955889
61861.0453 lsst_hardware_i 17.693239061613813 32.119998931884766 31.229999542236328 AB 5.99322261123418 1.1525428098527268
61863.035 lsst_hardware_z 44.82976437550139 63.470001220703125 31.690000534057617 AB 7.384418156253202 1.1548980538400377
61870.0334 lsst_hardware_g -52.046428974993646 106.29000091552734 31.690000534057617 AB 6.538725613969794 1.1514374843002058
61870.0553 lsst_hardware_r 118.27008872861276 100.16999816894531 31.6299991607666 AB 6.558324898637079 1.1669098169364815
61875.0115 lsst_hardware_u 2.9028128860654943 2.859999895095825 28.5 AB 13.064379611601833 1.151325617361196
61875.0305 lsst_hardware_g -1.5417619751688996 14.949999809265137 31.440000534057617 AB 13.156590458158462 1.1562421582474756
61878.978 lsst_hardware_y -92.05354042175094 51.81999969482422 30.010000228881836 AB 10.920218199283003 1.1670120705625309
61878.9958 lsst_hardware_z -19.333939179518694 42.95000076293945 30.940000534057617 AB 10.795489975653112 1.1526767304744974
61881.9734 lsst_hardware_y 82.75035260903188 55.72999954223633 30.020000457763672 AB 10.582244503256053 1.162915959587467
61881.9871 lsst_hardware_r 3.833102677434416 24.3700008392334 31.5 AB 10.587783206996905 1.1528823418534222
61883.9747 lsst_hardware_y -11.941841461540877 51.529998779296875 30.020000457763672 AB 11.109624129163947 1.1568709067318712
61883.992 lsst_hardware_r 3.0625421057817914 23.979999542236328 31.489999771118164 AB 11.07635579623363 1.1510293875333772
61885.9702 lsst_hardware_z -21.53212871400281 50.459999084472656 30.950000762939453 AB 15.72990633456857 1.1561856916257678
61885.9872 lsst_hardware_g 6.961334947936095 14.979999542236328 31.40999984741211 AB 15.726013064037938 1.1510769333946669
