data/validation/pwv_sim_epoch_fit_seasonal/28794478.ecsv
# %ECSV 0.9
# ---
# datatype:
# - {name: time, datatype: float64}
# - {name: band, datatype: string}
# - {name: flux, datatype: float64}
# - {name: fluxerr, datatype: float64}
# - {name: zp, datatype: float64}
# - {name: zpsys, datatype: string}
# - {name: pwv, datatype: float64}
# - {name: airmass, datatype: float64}
# meta: {SNID: '28794478', alt: 1024.0, c: -0.06734678894281387, dec: -35.136116, lat: -30.244573, lon: -70.7499537, ra: 16.171875, t0: 60854.04296875,
#   x0: 3.136336138780671e-06, x1: 0.7606145143508911, z: 0.741825520992279}
# schema: astropy-2.0
time band flux fluxerr zp zpsys pwv airmass
60849.3057 lsst_hardware_r 840.8124317034732 37.7089507802613 31.360000610351562 AB 4.554228189661069 1.7155555711932706
60849.3434 lsst_hardware_i 1035.229994963902 46.2050585016388 31.200000762939453 AB 4.729649486610924 1.3772001125751292
60856.3268 lsst_hardware_z 661.3152048392998 51.64457089819644 30.920000076293945 AB 4.825775328112641 1.3608108080684815
60856.346 lsst_hardware_r 790.1418584157532 36.45242372081464 31.459999084472656 AB 4.444144742937283 1.2532839094577786
60861.3685 lsst_hardware_r 735.223652889306 34.42767049421198 31.479999542236328 AB 5.080920338043072 1.11635865051481
60861.3865 lsst_hardware_u -1.1190433931034698 2.773785813191915 28.450000762939453 AB 4.424759444359046 1.0717379515229177
60863.3374 lsst_hardware_r 724.9195931222382 52.92283420460544 31.579999923706055 AB 1.9017572616467424 1.2058061470865955
60863.3561 lsst_hardware_i 930.507236117668 52.171668033108496 31.280000686645508 AB 1.8141766364961227 1.137295979414558
60870.3947 lsst_hardware_i 720.7270814309501 67.65824720885246 31.329999923706055 AB 6.032484140201228 1.0209840298216515
60870.4147 lsst_hardware_z 653.8749693783096 60.83513592925831 30.979999542236328 AB 5.946657389087843 1.0066284196509254
60873.3681 lsst_hardware_i 1320.1276907633662 68.17639940258915 32.040000915527344 AB 1.0073300035644803 1.0450384752117026
60873.3926 lsst_hardware_y 540.206960738608 70.85091473984508 30.809999465942383 AB 2.3353243958763463 1.0153584329897158
60875.376 lsst_hardware_r 363.2160840684547 31.811593073545954 31.540000915527344 AB 2.8323064572035785 1.0265079277089382
60875.3962 lsst_hardware_i 642.050663638112 39.74097732215008 31.270000457763672 AB 2.8240279712804273 1.0090318789746948
60877.3636 lsst_hardware_z 366.0301038554436 45.2339800228782 30.940000534057617 AB 4.262430870461981 1.0354083086142465
60877.3821 lsst_hardware_r 254.86035382606292 27.877500737536828 31.489999771118164 AB 5.900513558610074 1.0150111484298927
60879.3696 lsst_hardware_u 1.3154690625680892 2.81964052976691 28.489999771118164 AB 4.558984897940931 1.0215258850768587
60879.3894 lsst_hardware_r 261.53838523792314 27.297093276469145 31.510000228881836 AB 5.152543743404947 1.006946207427193
60881.273 lsst_hardware_u 3.2235875803911678 2.602321360845785 28.209999084472656 AB 7.6337769478682524 1.2771920608780747
60881.2921 lsst_hardware_g 37.8844594739652 14.915118278331654 31.360000610351562 AB 6.411139763256039 1.1901684249790763
60886.2755 lsst_hardware_g 11.86308431352078 14.071325303241503 31.360000610351562 AB 5.297359830701272 1.2021012834177731
60886.2964 lsst_hardware_r 191.18047524347799 25.681608340118345 31.479999542236328 AB 5.056581097021678 1.1276942678460478
60888.2523 lsst_hardware_r 165.02939462336116 25.789313340768768 31.450000762939453 AB 5.682838550451773 1.2855646534219596
60888.272 lsst_hardware_i 258.60897207003785 35.32658051050352 31.229999542236328 AB 5.281970510548812 1.1941154130856395
60890.2747 lsst_hardware_r 80.66483465032263 31.98033496520914 31.530000686645508 AB 2.679060665044882 1.1632074672747679
60890.2949 lsst_hardware_z 316.62707294746747 44.62269732890403 30.940000534057617 AB 2.5325622495435836 1.1011140215406885
60891.2562 lsst_hardware_z 460.21319869757787 71.31678962398865 31.690000534057617 AB 1.2039354220392653 1.2264197847598628
60894.2629 lsst_hardware_z 145.53045128558566 58.98006882456509 30.959999084472656 AB 4.916811518772743 1.1663649670911502
60894.282 lsst_hardware_r 31.207723715028983 73.22090687625335 31.6299991607666 AB 4.709107917096801 1.1063766740770933
60896.2687 lsst_hardware_y 301.5877251731516 82.89804754105755 30.780000686645508 AB 3.7508006018444076 1.1289091352428615
60897.2617 lsst_hardware_r 54.738284797632126 108.94347260085131 31.639999389648438 AB 4.949336805350867 1.142374334760731
60897.2807 lsst_hardware_i 217.2891984470099 83.82704306728334 31.329999923706055 AB 4.597868143811812 1.0887682083381038
60899.262 lsst_hardware_z 145.6497323497417 64.87446484741051 30.979999542236328 AB 3.235309261552172 1.1244123939592814
60899.2796 lsst_hardware_r -1.8698729020135467 83.74923221704883 31.649999618530273 AB 3.113714423511611 1.0786228192644363
60902.2838 lsst_hardware_i 154.0411586314919 40.91252177258381 31.299999237060547 AB 4.952536726666096 1.0537312184395948
60902.3122 lsst_hardware_z 110.55098751997889 46.2838566652402 30.969999313354492 AB 4.783527124480111 1.0164021087499797
60904.2611 lsst_hardware_r 86.51831639829128 23.648257047806766 31.5 AB 3.732820257649681 1.089954086473372
60904.2793 lsst_hardware_z 188.51796773190162 43.076416640516904 30.950000762939453 AB 3.716573282593268 1.0520340478644874
60906.263 lsst_hardware_r 54.41293530875011 23.45822741191155 31.5 AB 2.5972114588717377 1.0731170163709278
60906.2797 lsst_hardware_u -0.3591875414824485 2.7203176658463657 28.479999542236328 AB 2.5126234346080554 1.0423660794889258
60908.2622 lsst_hardware_g 30.39779523524668 14.148890800814726 31.399999618530273 AB 1.0736321305200387 1.0635286087373639
60908.2809 lsst_hardware_r 48.447873362349064 23.032600106929788 31.489999771118164 AB 1.1006796045983476 1.0327746700430191
60910.2551 lsst_hardware_i 80.22242287698809 31.971934012381556 31.25 AB 2.0464981960484567 1.0668105279140523
60910.2739 lsst_hardware_z 119.61517384620836 42.149474777893296 30.950000762939453 AB 1.9945263518915932 1.034863205754891
60912.2578 lsst_hardware_r 69.47512516252196 22.931877883087314 31.479999542236328 AB 3.360751116962424 1.0514394984759585
60912.2752 lsst_hardware_u -0.016617686497130742 2.7498092085254613 28.420000076293945 AB 3.3527865703363497 1.0262585155605601
60932.1741 lsst_hardware_i 61.72376524893379 32.17999432787057 31.25 AB 0.997420143821542 1.1179751285129733
60932.1931 lsst_hardware_r 47.25520129759137 23.54400529522807 31.5 AB 0.9386583605513407 1.0708147472778864
60934.1664 lsst_hardware_u -0.9504220108288898 2.5948630160313075 28.31999969482422 AB 3.5674356654493926 1.1245462852105208
60934.184 lsst_hardware_g 8.313704567927743 13.765926499653352 31.399999618530273 AB 3.21648445152519 1.0787237198039077
60936.1729 lsst_hardware_r 34.69807880619416 23.61994735480202 31.5 AB 1.329146533071005 1.0920004379605683
60936.1915 lsst_hardware_g 7.280014463552967 13.850393407080277 31.420000076293945 AB 1.2822219651126203 1.052799423971956
60938.1689 lsst_hardware_r 32.12022791525497 23.32727321343124 31.479999542236328 AB 6.836494715278761 1.088440489616052
60938.1869 lsst_hardware_i 36.5256684050364 31.391464110258287 31.25 AB 6.532735399548666 1.0512931122543716
60941.168 lsst_hardware_u -1.0399496399619634 2.6600000858306885 28.40999984741211 AB 2.074633522561079 1.0719312064898296
60941.184 lsst_hardware_g -21.00505660679891 13.680000305175781 31.40999984741211 AB 2.076058788943299 1.0425907289103626
60945.0901 lsst_hardware_r -19.832565420579844 24.530000686645508 31.459999084472656 AB 4.357068949445276 1.3223274505144995
60945.1108 lsst_hardware_i 30.827105140902145 32.060001373291016 31.229999542236328 AB 3.9217437204517065 1.2174602158951762
60947.1008 lsst_hardware_r 35.893733783072435 28.309999465942383 31.5 AB 4.584577087985834 1.237876044727629
60947.12 lsst_hardware_g -41.46682321545985 21.989999771118164 31.540000915527344 AB 4.29336911080436 1.1599520292159078
60950.1109 lsst_hardware_r 18.385385839722918 48.810001373291016 31.600000381469727 AB 5.28603500691824 1.1631719676352161
60950.1315 lsst_hardware_i 79.78334856644307 44.220001220703125 31.290000915527344 AB 4.8212255193726365 1.1000457519531426
60952.1098 lsst_hardware_z 43.349689400977674 59.849998474121094 30.959999084472656 AB 2.4110414514096745 1.1481149768617498
60952.1303 lsst_hardware_i 31.597991321214526 62.040000915527344 31.309999465942383 AB 1.989787684530616 1.08934952390015
60955.0862 lsst_hardware_r 285.8811628985526 113.41999816894531 31.6200008392334 AB 9.462351027338602 1.2059199049274443
60955.1069 lsst_hardware_z 51.736012240633606 75.16999816894531 30.979999542236328 AB 9.304561425962056 1.1311161470899653
60957.1074 lsst_hardware_r -44.84572041132788 71.05999755859375 31.6299991607666 AB 6.40972684596098 1.1135408714064883
60957.1268 lsst_hardware_i 28.02907868840099 58.959999084472656 31.31999969482422 AB 3.7501430910069513 1.0667705841432598
60959.1048 lsst_hardware_r -25.330230846470403 22.6299991607666 31.479999542236328 AB 4.6438133748475305 1.1056698511541738
60959.1243 lsst_hardware_i -34.03941474313115 30.270000457763672 31.239999771118164 AB 4.455859564156241 1.060918943846724
60961.1056 lsst_hardware_z 18.58641995015034 41.72999954223633 30.940000534057617 AB 5.717251597262285 1.0896575580056242
60961.1272 lsst_hardware_r 15.782784192849563 22.389999389648438 31.489999771118164 AB 6.08036447248341 1.0460842103197265
60965.1072 lsst_hardware_i -27.596951029988016 30.34000015258789 31.239999771118164 AB 7.326919443099928 1.0623085967329315
60965.1262 lsst_hardware_z 49.08980448830972 40.88999938964844 30.950000762939453 AB 6.601992417355238 1.0315613152117558
60968.1054 lsst_hardware_r -27.28617906668083 22.229999542236328 31.489999771118164 AB 3.4149320328477812 1.0505866890778204
60968.1237 lsst_hardware_u -0.20886820413967117 2.7200000286102295 28.5 AB 3.3375944930153545 1.0246663575148836
60972.1181 lsst_hardware_i -0.6004419903187864 42.36000061035156 32.0099983215332 AB 3.1593063787972766 1.0191310899346053
60972.1381 lsst_hardware_z -22.356928869335626 57.15999984741211 31.709999084472656 AB 2.842369770989008 1.0058815433031967
60974.0141 lsst_hardware_y 67.07356917681885 50.15999984741211 29.969999313354492 AB 5.094998091420418 1.3041247621058194
60974.0336 lsst_hardware_z 95.35788188398206 43.119998931884766 30.940000534057617 AB 4.808337458864914 1.208960326573207
60976.0137 lsst_hardware_y -8.227057935641986 50.38999938964844 29.969999313354492 AB 4.54527599684617 1.2768226968058909
60976.0318 lsst_hardware_z 30.894723370145496 43.5099983215332 30.93000030517578 AB 4.260338099906863 1.1938736443623679
60978.0147 lsst_hardware_y 18.572738197264563 51.18000030517578 29.989999771118164 AB 5.61057527731655 1.2447199727823737
60978.0327 lsst_hardware_i -25.01260774853369 38.63999938964844 31.270000457763672 AB 5.290479737915103 1.1694898564056597
60979.0288 lsst_hardware_r -36.04387747047349 48.04999923706055 31.59000015258789 AB 5.482844765355447 1.1738053447560364
60979.0454 lsst_hardware_z 27.008793821257232 48.63999938964844 30.959999084472656 AB 4.602873898404372 1.1190584460643205
60982.0156 lsst_hardware_z 45.47816650293293 65.54000091552734 30.959999084472656 AB 3.541939489454738 1.193141337715994
60982.0326 lsst_hardware_i -43.76755672302152 67.7699966430664 31.309999465942383 AB 3.325471838610364 1.1329111419292108
60991.0186 lsst_hardware_y 30.411915628337542 53.65999984741211 30.030000686645508 AB 5.91376350772952 1.1025427187563774
60991.0348 lsst_hardware_r -21.002242222490953 22.18000030517578 31.489999771118164 AB 5.42929491784125 1.0650897337596068
60993.0315 lsst_hardware_r -6.463225718421542 22.34000015258789 31.489999771118164 AB 6.485791862166752 1.0608532998841549
60993.0519 lsst_hardware_i -37.47981771039902 29.920000076293945 31.25 AB 3.9891346545559894 1.0288345910993784
60997.0218 lsst_hardware_y 81.26554946179807 54.880001068115234 30.049999237060547 AB 8.028880804094392 1.0585325003475397
60997.0386 lsst_hardware_u 0.3905548567927959 2.75 28.469999313354492 AB 7.839964803429548 1.031857171825112
60999.0224 lsst_hardware_y -52.386559478019656 56.439998626708984 30.059999465942383 AB 7.847609649235285 1.0478032355029032
60999.039 lsst_hardware_r -23.776042138192896 22.139999389648438 31.5 AB 7.6681421848424245 1.0247302940867775
61220.3881 lsst_hardware_z -7.6092063187017605 81.2300033569336 31.719999313354492 AB 2.6062431078012747 1.1092756364338263
61220.4257 lsst_hardware_y 37.03756824117252 72.43000030517578 30.809999465942383 AB 2.094672725297294 1.0335556210348489
61222.3689 lsst_hardware_r -74.46588150323683 84.76000213623047 31.6299991607666 AB 9.963612812374338 1.1513303457793183
61222.3878 lsst_hardware_y -44.78961759312112 53.06999969482422 30.030000686645508 AB 10.628007133143083 1.095670838468359
61223.3699 lsst_hardware_z 12.304633026945245 59.709999084472656 30.969999313354492 AB 7.884554991332217 1.1390299267568753
61223.3899 lsst_hardware_r 53.20757558264738 78.23999786376953 31.639999389648438 AB 8.009477089718649 1.0839364062277834
61225.3742 lsst_hardware_i -112.39584987017223 57.220001220703125 31.309999465942383 AB 7.9556605239289375 1.109963100652799
61225.395 lsst_hardware_z 45.90864166197533 54.689998626708984 30.979999542236328 AB 6.689950936586817 1.0614476840364107
61233.4016 lsst_hardware_i 11.949600673336795 29.8700008392334 31.25 AB 7.8195219472164785 1.0202259700197638
61233.4213 lsst_hardware_z 19.546976938097643 40.349998474121094 30.950000762939453 AB 8.796222143716284 1.0064327395556627
61238.3677 lsst_hardware_r 11.87501925386275 21.969999313354492 31.479999542236328 AB 0.9003430498548952 1.0468090880979306
61238.3862 lsst_hardware_i -12.517210407789275 29.790000915527344 31.25 AB 2.3506243425721456 1.02201058372702
61242.3687 lsst_hardware_z 3.442663427025661 40.47999954223633 30.950000762939453 AB 4.3894051816904645 1.0295711919524155
61242.3892 lsst_hardware_r 53.512886584500016 21.860000610351562 31.489999771118164 AB 5.987893754108418 1.010359192459026
61244.2665 lsst_hardware_z 37.24407114240769 47.27000045776367 30.920000076293945 AB 6.9305592978275445 1.3494517535929018
61244.2853 lsst_hardware_r -48.61014469473829 22.809999465942383 31.440000534057617 AB 6.424550170454496 1.2465576115748318
61248.2688 lsst_hardware_r 50.54533631563837 71.19000244140625 31.59000015258789 AB 2.4899052672356583 1.2742606280632847
61248.289 lsst_hardware_z -6.8269425336893725 55.34000015258789 30.950000762939453 AB 2.3690732446504805 1.1836488856609946
61249.2638 lsst_hardware_r -28.12284097588702 85.6500015258789 31.59000015258789 AB 3.255317684812705 1.2861784610085756
61249.2819 lsst_hardware_y -139.11669627046467 54.09000015258789 30.0 AB 3.024335245659095 1.2010862770687432
61251.2623 lsst_hardware_z 44.30596958276745 71.13999938964844 30.959999084472656 AB 5.5955836616420385 1.265635087640978
61251.2812 lsst_hardware_r 63.38239114143902 101.52999877929688 31.6200008392334 AB 5.225574586518316 1.1821452547501137
61258.2668 lsst_hardware_g -14.077253045188908 22.09000015258789 31.540000915527344 AB 1.4491149241795849 1.1646493262443922
61258.2864 lsst_hardware_i 13.60979637558328 34.70000076293945 31.260000228881836 AB 1.4150151171815193 1.1037559416392506
61260.2664 lsst_hardware_z 25.804124580660464 42.52000045776367 30.940000534057617 AB 3.4487390099917894 1.1471578922247885
61260.2848 lsst_hardware_r -25.87069269042313 22.389999389648438 31.479999542236328 AB 3.345768826274738 1.0938055335720824
61261.2668 lsst_hardware_u -3.771361547731225 2.559999942779541 28.309999465942383 AB 3.7389619586203606 1.1369809817911998
61261.2868 lsst_hardware_g -14.260290399754325 13.369999885559082 31.389999389648438 AB 3.568283052194851 1.082445943332277
61263.2662 lsst_hardware_r -27.613711117150526 22.350000381469727 31.469999313354492 AB 7.434235524186393 1.1221064147294657
61263.2825 lsst_hardware_i 7.216264007983173 30.329999923706055 31.239999771118164 AB 7.32965348897258 1.079795740862195
61268.2666 lsst_hardware_z -36.861422374139764 41.52000045776367 30.950000762939453 AB 4.900144923126828 1.084983007556313
61268.2858 lsst_hardware_r -7.36266157375052 22.190000534057617 31.5 AB 4.719521744426046 1.046805310951768
61272.2422 lsst_hardware_i -59.60406310043246 43.7599983215332 31.989999771118164 AB 2.012854627588301 1.1204311870794883
61272.2578 lsst_hardware_r 7.880465285442752 31.68000030517578 32.2400016784668 AB 1.7600938235376633 1.0800882578603255
61274.286 lsst_hardware_r -50.534668743254564 31.440000534057617 31.56999969482422 AB 1.817730993030102 1.0240737988901982
