data/validation/pwv_sim_epoch_fit_seasonal/28808433.ecsv
# %ECSV 0.9
# ---
# datatype:
# - {name: time, datatype: float64}
# - {name: band, datatype: string}
# - {name: flux, datatype: float64}
# - {name: fluxerr, datatype: float64}
# - {name: zp, datatype: float64}
# - {name: zpsys, datatype: string}
# - {name: pwv, datatype: float64}
# - {name: airmass, datatype: float64}
# meta: {SNID: '28808433', alt: 1024.0, c: -0.06114703789353371, dec: 1.342993, lat: -30.244573, lon: -70.7499537, ra: 221.132812, t0: 62259.36328125,
#   x0: 6.064367875782985e-06, x1: 0.5029465556144714, z: 0.5662573575973511}
# schema: astropy-2.0
time band flux fluxerr zp zpsys pwv airmass
[from data line 133]
62597.2794 lsst_hardware_r -11.0917914803769 24.09000015258789 31.489999771118164 AB 17.137969230797264 1.1738335089587166
62597.2984 lsst_hardware_u 4.857037258793873 2.75 28.399999618530273 AB 19.988565504000892 1.1897778606866498
62601.2615 lsst_hardware_i -55.64460259988092 32.33000183105469 31.229999542236328 AB 4.8954342705986775 1.1723251097023375
62601.2786 lsst_hardware_z 33.716756786809206 43.7400016784668 30.93000030517578 AB 4.737271646234889 1.1801382552380872
62603.2587 lsst_hardware_r -56.60390985197443 24.469999313354492 31.5 AB 6.940205030550023 1.1726290496832006
62603.2766 lsst_hardware_u 2.1424443783692566 2.8299999237060547 28.450000762939453 AB 6.914786160201657 1.1834307992814748
62607.217 lsst_hardware_z -26.66529489181426 67.06999969482422 30.969999313354492 AB 19.37453841597753 1.1897168201398358
62607.2357 lsst_hardware_r -99.78076947805691 91.33999633789062 31.6299991607666 AB 19.170314336920278 1.1739322925242057
62609.2269 lsst_hardware_r -84.99761289547052 151.64999389648438 31.6299991607666 AB 13.981919974584018 1.175511025523416
62609.2454 lsst_hardware_y -24.733946627335836 71.9800033569336 30.020000457763672 AB 13.94448957212157 1.173399961189984
62615.1505 lsst_hardware_i 33.38718922493635 33.29999923706055 31.219999313354492 AB 12.68970345293914 1.3047532018547812
62615.1746 lsst_hardware_z 40.88014388204038 45.58000183105469 30.940000534057617 AB 9.715029368270075 1.2277431669658354
62617.2238 lsst_hardware_r -43.394998044388295 24.489999771118164 31.489999771118164 AB 6.945441058889894 1.1734806925360262
62617.2436 lsst_hardware_u -1.9783963258936696 2.890000104904175 28.43000030517578 AB 7.0239594566981705 1.1895271314513258
62619.2218 lsst_hardware_g 6.731169703740244 15.109999656677246 31.40999984741211 AB 2.5204999386102616 1.1749213092228232
62619.2398 lsst_hardware_i 38.23152952502328 32.459999084472656 31.229999542236328 AB 2.5759733378123504 1.1917526429851262
62621.2197 lsst_hardware_z -28.485496692867088 43.31999969482422 30.940000534057617 AB 11.640977051588807 1.176866708950999
62621.2389 lsst_hardware_r -7.202084555294467 24.510000228881836 31.489999771118164 AB 11.770185432132758 1.1985932211947818
62624.2175 lsst_hardware_u 4.075366430749727 2.7799999713897705 28.40999984741211 AB 13.945449630865502 1.1816842416844566
62624.2368 lsst_hardware_g -8.75265480405729 15.130000114440918 31.40999984741211 AB 14.349211185967986 1.209441001261595
62626.1848 lsst_hardware_g -33.12029874112992 15.09000015258789 31.420000076293945 AB 10.772256344943791 1.1735762441381583
62626.2033 lsst_hardware_r 15.16009389856725 24.440000534057617 31.489999771118164 AB 10.897393767700718 1.1752379366622505
62628.186 lsst_hardware_i -40.30371262869863 32.2599983215332 31.239999771118164 AB 7.488157259782842 1.1723142481069122
62628.2034 lsst_hardware_z -49.629270032243454 43.36000061035156 30.93000030517578 AB 7.518420381199453 1.1789131515424667
62630.0883 lsst_hardware_g 3.965977021249728 17.6200008392334 31.389999389648438 AB 12.227432990188047 1.410098368976864
62630.1032 lsst_hardware_i 2.3075054354133804 34.06999969482422 31.209999084472656 AB 11.435832144721076 1.3320195851127847
62632.1873 lsst_hardware_z 25.30913775234196 45.22999954223633 30.940000534057617 AB 9.143585191399138 1.1754442857411023
62632.208 lsst_hardware_r 5.715140978466401 24.450000762939453 31.479999542236328 AB 9.330587991559945 1.1972141173691884
62635.1507 lsst_hardware_y -257.0513052596655 77.4800033569336 30.760000228881836 AB 7.372972240413142 1.179046733541547
62638.1657 lsst_hardware_r -116.75239973927677 152.7899932861328 31.6299991607666 AB 9.368373691936556 1.1732465487710153
62638.1871 lsst_hardware_i 106.04333407041105 124.94000244140625 31.309999465942383 AB 8.127099964496782 1.190638500475661
62640.0728 lsst_hardware_z 10.394164030097299 71.7699966430664 30.950000762939453 AB 10.979527550820045 1.3465479489181353
62643.1127 lsst_hardware_r -38.41896724179487 32.58000183105469 31.530000686645508 AB 5.552618916516304 1.1984931829302947
62643.1311 lsst_hardware_z -74.01386693651604 46.56999969482422 30.940000534057617 AB 5.777648895901542 1.1773699925419618
62645.1084 lsst_hardware_g -13.43022046023237 14.630000114440918 31.3799991607666 AB 10.36003475930295 1.196654318140696
62645.1273 lsst_hardware_i -61.73284872001005 32.119998931884766 31.229999542236328 AB 8.87035373295878 1.1762834813630525
62647.1119 lsst_hardware_z 0.09752887560525182 43.619998931884766 30.940000534057617 AB 7.588153671514726 1.1847851053681782
62647.1301 lsst_hardware_r 8.557996547076309 24.1200008392334 31.489999771118164 AB 6.845428638836127 1.1728318627360583
62651.112 lsst_hardware_u -4.7694074114014064 2.7699999809265137 28.420000076293945 AB 14.209675048986046 1.1756487905945685
62651.1296 lsst_hardware_g -10.03605519631828 14.829999923706055 31.420000076293945 AB 14.139124674853813 1.173079289376385
62653.1023 lsst_hardware_r -11.34768526267595 23.889999389648438 31.469999313354492 AB 8.645230877645373 1.1784665863748447
62653.1229 lsst_hardware_i -10.298509821418303 32.09000015258789 31.239999771118164 AB 8.634806978121203 1.1727825486401489
62656.0736 lsst_hardware_i 51.172524558278496 45.59000015258789 31.979999542236328 AB 13.850313422310215 1.2046631518241506
62656.0914 lsst_hardware_z -25.023554225782473 43.099998474121094 30.93000030517578 AB 13.585778776815786 1.1807218149554926
62658.0803 lsst_hardware_r -33.509279447624465 23.850000381469727 31.469999313354492 AB 5.117279547659172 1.1865696895176217
62658.101 lsst_hardware_u -0.47277532650342446 2.5799999237060547 28.270000457763672 AB 5.980508189020352 1.1726486645137946
62673.0114 lsst_hardware_u 0.2856208583647358 2.630000114440918 28.290000915527344 AB 4.904489838409263 1.2401778080940484
62673.0254 lsst_hardware_g 7.6225811715015945 14.640000343322754 31.389999389648438 AB 4.750959740600018 1.207973491126403
62677.0412 lsst_hardware_r -14.81154158762269 23.8799991607666 31.469999313354492 AB 5.904003083023939 1.1755498273758425
62677.0628 lsst_hardware_z -9.717335825266039 43.220001220703125 30.93000030517578 AB 5.613279789767434 1.1746334898807462
62679.0367 lsst_hardware_r 13.551088119824003 23.940000534057617 31.469999313354492 AB 9.570705553503103 1.1750405836099127
62679.0556 lsst_hardware_u 0.9654013650900982 2.619999885559082 28.299999237060547 AB 8.914145155156351 1.1738920796044854
62681.0417 lsst_hardware_g 11.142386070473764 14.579999923706055 31.389999389648438 AB 4.158227552705672 1.1723223999734063
62681.0604 lsst_hardware_r 20.791016345899784 23.989999771118164 31.469999313354492 AB 4.134816949921397 1.180364530380178
62683.0061 lsst_hardware_r -16.037368349800197 24.010000228881836 31.469999313354492 AB 9.785882414880863 1.1944563687261132
62683.0264 lsst_hardware_i 30.099862492844437 32.189998626708984 31.229999542236328 AB 9.538847584205767 1.1747349241632719
62687.0045 lsst_hardware_z 0.09364304511089147 43.7599983215332 30.940000534057617 AB 4.440534882720024 1.1828808957698844
62687.0264 lsst_hardware_r 12.809267974813789 24.579999923706055 31.489999771118164 AB 4.392357133781707 1.1723373132869326
62689.0072 lsst_hardware_z -35.38028573146941 44.529998779296875 30.940000534057617 AB 3.5288177613807683 1.1762725871269228
62689.0297 lsst_hardware_g -34.70154034229757 21.950000762939453 31.530000686645508 AB 3.52345034977939 1.1744834499264634
62696.0037 lsst_hardware_r 80.8253918432307 128.33999633789062 32.380001068115234 AB 8.204041544897283 1.1724944743496384
62696.0256 lsst_hardware_z -23.496370186518494 92.26000213623047 31.719999313354492 AB 8.335145540494866 1.1867087439750652
62697.9666 lsst_hardware_y -64.79615722820876 55.119998931884766 30.0 AB 5.088192805467676 1.1923588827060638
62697.9861 lsst_hardware_r 73.67813849323274 59.970001220703125 31.600000381469727 AB 5.03714880108005 1.1744343206062136
62702.9683 lsst_hardware_y -65.14856064415208 51.189998626708984 30.010000228881836 AB 6.372609181295613 1.1766989317342795
62702.987 lsst_hardware_i 36.41442182026763 32.439998626708984 31.239999771118164 AB 6.440216082931336 1.1729388203493205
62707.9674 lsst_hardware_y 3.232993336600529 55.56999969482422 30.0 AB 9.648691550444891 1.172344892372029
62707.9851 lsst_hardware_g -21.048031575326448 15.210000038146973 31.389999389648438 AB 9.734231462084487 1.1790493534501558
62709.9676 lsst_hardware_y 14.652300515974419 56.209999084472656 30.010000228881836 AB 4.830285450667683 1.1728738447594536
62709.9866 lsst_hardware_z 99.61741591818114 43.81999969482422 30.940000534057617 AB 4.871128526883241 1.1858145478678723
