data/validation/pwv_sim_epoch_fit_seasonal/28925803.ecsv
# %ECSV 0.9
# ---
# datatype:
# - {name: time, datatype: float64}
# - {name: band, datatype: string}
# - {name: flux, datatype: float64}
# - {name: fluxerr, datatype: float64}
# - {name: zp, datatype: float64}
# - {name: zpsys, datatype: string}
# - {name: pwv, datatype: float64}
# - {name: airmass, datatype: float64}
# meta: {SNID: '28925803', alt: 1024.0, c: -0.09238767623901367, dec: -25.944481, lat: -30.244573, lon: -70.7499537, ra: 71.191406, t0: 62831.53515625,
#   x0: 6.857546025696846e-05, x1: -1.540840744972229, z: 0.19996969401836395}
# schema: astropy-2.0
time band flux fluxerr zp zpsys pwv airmass
[from data line 132]
63155.2173 lsst_hardware_z 8.555474177095281 43.540000915527344 30.93000030517578 AB 8.742217159474515 1.2202131564623513
63159.1813 lsst_hardware_u 0.2931951608206344 2.509999990463257 28.209999084472656 AB 3.0466308925686794 1.3619270865309192
63159.2 lsst_hardware_g 14.228554211391756 13.25 31.329999923706055 AB 2.8779622745552715 1.2512879454588137
63161.2007 lsst_hardware_z 33.38396183319392 43.439998626708984 30.940000534057617 AB 3.4438688450617714 1.2212300869013375
63161.2198 lsst_hardware_r 0.9279885042090348 22.31999969482422 31.479999542236328 AB 2.8652661622471047 1.1441994657894297
63163.1994 lsst_hardware_y 111.02763656077035 49.65999984741211 30.0 AB 2.933224150831267 1.2024695890262096
63163.2176 lsst_hardware_g -44.09983175743264 24.93000030517578 31.579999923706055 AB 1.8471124847842009 1.13319784342589
63166.182 lsst_hardware_i 44.31516091063188 51.150001525878906 31.280000686645508 AB 2.9750396576724234 1.2456551253338828
63166.1994 lsst_hardware_z 11.737149459157857 51.689998626708984 30.959999084472656 AB 2.894869056772242 1.1688569542821974
63168.182 lsst_hardware_r -30.80682755729781 90.30999755859375 31.610000610351562 AB 2.6020321258694588 1.2193215210259882
63168.2007 lsst_hardware_z 42.605642585662885 63.290000915527344 30.969999313354492 AB 2.3798529498352345 1.1441600720361704
63170.1837 lsst_hardware_z 45.23246495627574 70.06999969482422 30.969999313354492 AB 4.061016246378037 1.1879526828661802
63170.2009 lsst_hardware_i 49.498197501243645 78.5199966430664 31.31999969482422 AB 3.859639233056444 1.1254233074956828
63172.1921 lsst_hardware_z 15.585576258358477 60.709999084472656 30.969999313354492 AB 4.022115674836299 1.1362711137329753
63172.2107 lsst_hardware_r 63.42978159620616 76.9000015258789 31.639999389648438 AB 4.736336626679858 1.082838734951726
63189.0961 lsst_hardware_u 1.4811672656189085 2.619999885559082 28.229999542236328 AB 6.224911627952506 1.3849294461209356
63189.1129 lsst_hardware_g -35.61066697167038 14.119999885559082 31.360000610351562 AB 5.691766192557085 1.2789048854189609
63193.1026 lsst_hardware_r -47.28858498035743 41.29999923706055 31.549999237060547 AB 8.72813577257311 1.2754838188766782
63193.1195 lsst_hardware_y 50.48683844284751 49.540000915527344 30.0 AB 8.157453361057092 1.1938318982960767
63195.1037 lsst_hardware_z 0.5960215918189381 54.20000076293945 30.950000762939453 AB 6.402778639806192 1.2412695468048645
63195.1212 lsst_hardware_r 152.70077301495323 60.209999084472656 31.610000610351562 AB 6.011139436958493 1.1651188519569424
63197.1031 lsst_hardware_i -10.373348052009995 73.3499984741211 31.299999237060547 AB 4.657866940608065 1.2180348947961013
63197.1205 lsst_hardware_z -22.915191803308073 65.05999755859375 30.969999313354492 AB 4.368717610627456 1.1477244855732842
63199.1222 lsst_hardware_z -83.1359475946068 73.63999938964844 30.979999542236328 AB 5.623881021874725 1.123914536563603
63199.1374 lsst_hardware_r -233.59654823486164 106.58999633789062 31.649999618530273 AB 5.492587679603345 1.081821425257572
63201.127 lsst_hardware_z 85.97000494982039 61.459999084472656 30.979999542236328 AB 8.869810601675129 1.0943178074118025
63201.1432 lsst_hardware_g -8.36728635158887 85.08999633789062 31.729999542236328 AB 8.611497214754712 1.0572307924481967
63204.1412 lsst_hardware_r 16.579420723298874 34.349998474121094 31.59000015258789 AB 3.3671037300898896 1.0458738581285087
63204.1623 lsst_hardware_z -25.73521814140718 45.02000045776367 30.959999084472656 AB 3.2780449928809228 1.017657678754361
63206.0251 lsst_hardware_y 9.904059191358954 86.66000366210938 29.889999389648438 AB 5.18143552266714 1.6011852665844066
63206.0457 lsst_hardware_i 44.1734958374651 33.59000015258789 31.209999084472656 AB 4.654312925796685 1.4143981743715317
63208.0263 lsst_hardware_z 6.90269824089224 71.6500015258789 30.920000076293945 AB 5.701258248088054 1.5336957267094837
63208.0469 lsst_hardware_u -3.063151019163735 2.8299999237060547 28.25 AB 4.005501800372377 1.3661329469210017
63211.0294 lsst_hardware_y 223.45488542039652 77.12999725341797 29.940000534057617 AB 13.912717554477954 1.4350404904051373
63211.0531 lsst_hardware_r 13.695935673761142 23.170000076293945 31.450000762939453 AB 12.892585750219279 1.2774211391326322
63216.0328 lsst_hardware_y -78.28375772382913 73.0199966430664 29.969999313354492 AB 13.04168566399296 1.3159684165342194
63216.053 lsst_hardware_u -3.8626991638656456 2.9000000953674316 28.420000076293945 AB 12.096464525534383 1.2099553678982766
63220.0369 lsst_hardware_y -12.511539363855949 63.41999816894531 30.0 AB 5.734470268347354 1.2341040749674241
63220.0586 lsst_hardware_r -30.87678749059936 26.729999542236328 31.510000228881836 AB 6.26514116003028 1.1445793395807775
63224.039 lsst_hardware_y -58.28532783407292 93.2300033569336 30.770000457763672 AB 7.844944050691892 1.1768298698440587
63224.0605 lsst_hardware_i 104.71177056186741 73.08999633789062 32.04999923706055 AB 7.080893505599821 1.1044051322778745
63226.0393 lsst_hardware_y -46.12812526006541 65.87999725341797 30.030000686645508 AB 10.847719101702912 1.154934160415535
63226.0596 lsst_hardware_r -102.57483246058898 81.16000366210938 31.649999618530273 AB 10.459463458208187 1.0920585166879682
63229.0428 lsst_hardware_y 26.158555070942505 61.310001373291016 30.040000915527344 AB 9.086324927824725 1.1161875717493297
63229.0657 lsst_hardware_g 55.72977513460208 97.33000183105469 31.729999542236328 AB 8.701069924132351 1.0592975315477244
