data/validation/pwv_sim_epoch_fit_seasonal/29064303.ecsv
# %ECSV 0.9
# ---
# datatype:
# - {name: time, datatype: float64}
# - {name: band, datatype: string}
# - {name: flux, datatype: float64}
# - {name: fluxerr, datatype: float64}
# - {name: zp, datatype: float64}
# - {name: zpsys, datatype: string}
# - {name: pwv, datatype: float64}
# - {name: airmass, datatype: float64}
# meta: {SNID: '29064303', alt: 1024.0, c: -0.044577013701200485, dec: -6.579593, lat: -30.244573, lon: -70.7499537, ra: 119.707031, t0: 62901.625,
#   x0: 2.487911438681075e-06, x1: 0.2960744798183441, z: 0.815321683883667}
# schema: astropy-2.0
time band flux fluxerr zp zpsys pwv airmass
62828.3446 lsst_hardware_g -4.21906812112566 16.81999969482422 31.479999542236328 AB 7.235216011232796 1.0941587646632673
62830.3384 lsst_hardware_i -64.31508204504381 31.280000686645508 31.239999771118164 AB 6.082169345724106 1.0945387383204845
62832.3377 lsst_hardware_r -7.590960202116799 23.219999313354492 31.5 AB 4.278688363091441 1.0924775598344034
62834.2932 lsst_hardware_g -19.777623923259814 14.010000228881836 31.389999389648438 AB 5.1056407825856684 1.1380431196788026
62834.3128 lsst_hardware_y -100.34750847722698 48.02000045776367 30.020000457763672 AB 4.951668408246765 1.1068272496779836
62837.3263 lsst_hardware_z -33.61143141094756 41.59000015258789 30.940000534057617 AB 7.119419567415384 1.0918238780413798
62837.3461 lsst_hardware_y -29.62403158460766 52.369998931884766 30.040000915527344 AB 7.3305041201174905 1.0949630860177229
62845.2385 lsst_hardware_r -91.60420104836064 106.5199966430664 31.6200008392334 AB 11.264212961064223 1.2050723515866972
62850.2924 lsst_hardware_z -4.7799734186473595 58.75 30.979999542236328 AB 9.01423682566079 1.0914808912879292
62850.3111 lsst_hardware_i 19.08893027734717 60.90999984741211 31.31999969482422 AB 9.041385503465586 1.095238392983374
62852.2723 lsst_hardware_z -154.77846026386234 81.44000244140625 32.150001525878906 AB 7.732781510211224 1.0984844818823614
62852.2958 lsst_hardware_r 35.580757617245446 58.91999816894531 32.36000061035156 AB 7.219912473288853 1.0914868246402136
62856.2738 lsst_hardware_r 23.816815594081348 32.77000045776367 32.25 AB 5.8762819512585045 1.0919750900504728
62856.2952 lsst_hardware_i -25.69957875278519 31.510000228881836 31.260000228881836 AB 6.550300824794603 1.0955206954358416
62859.2521 lsst_hardware_i -19.434839616283927 30.969999313354492 31.239999771118164 AB 6.113791151290056 1.0993555677753428
62859.2709 lsst_hardware_z 33.317430122543605 41.84000015258789 30.950000762939453 AB 6.117079164739605 1.0911177997305872
62862.2556 lsst_hardware_r 14.07234433335006 23.010000228881836 31.489999771118164 AB 6.857347492950751 1.0925287100918448
62862.2767 lsst_hardware_u 0.5669345225861712 2.7100000381469727 28.440000534057617 AB 6.866755486194502 1.0943327290809055
62864.2533 lsst_hardware_g 0.5546148848090375 14.289999961853027 31.440000534057617 AB 7.854850499847071 1.0916463720906073
62864.2757 lsst_hardware_i -17.821501180202304 31.219999313354492 31.25 AB 7.88407551261521 1.0970420472098927
62867.2445 lsst_hardware_z -42.92924259430415 42.09344876378718 30.940000534057617 AB 7.683992449798222 1.0917832642985132
62867.2677 lsst_hardware_r -7.690889999696829 23.233641266784293 31.489999771118164 AB 7.758721850271517 1.0971749243300462
62871.2425 lsst_hardware_r -39.51361296554118 59.575666180803466 31.6299991607666 AB 12.873605011596528 1.091260914774647
62871.2644 lsst_hardware_i 19.97139555300342 48.52594377344814 31.299999237060547 AB 11.564770151972837 1.1037894647467075
62873.214 lsst_hardware_i -93.642896791343 115.74739570349658 32.08000183105469 AB 9.602286189287396 1.099246682739151
62873.2363 lsst_hardware_z 111.56963811882301 101.2285272225849 31.739999771118164 AB 9.465625290713765 1.0911802901990968
62875.2099 lsst_hardware_r -63.40637615774943 133.29003741454767 31.649999618530273 AB 7.611668418919176 1.0981667691858144
62875.2345 lsst_hardware_z 143.23063550375755 88.15550441983136 30.989999771118164 AB 7.609779258166637 1.09179042441415
62880.1927 lsst_hardware_g 79.44961580988902 50.412948582980285 31.690000534057617 AB 8.717926609537075 1.101142236431856
62880.2117 lsst_hardware_i 329.1891761573326 49.88707298109488 31.299999237060547 AB 8.59291892795381 1.091279787654204
62882.1907 lsst_hardware_z 231.34255191472738 46.18804158655369 30.950000762939453 AB 5.663578209421233 1.0982311827460214
62882.2104 lsst_hardware_r 135.16878511954081 35.56749353715966 31.559999465942383 AB 5.52709483762585 1.0910893276881986
62884.1619 lsst_hardware_r 282.3475514010638 29.035834296243948 31.5 AB 4.897641408924884 1.1279690025160798
62884.1811 lsst_hardware_u 3.7039647923317687 3.0928639909469227 28.5 AB 6.836301229641283 1.101770323614591
62888.1645 lsst_hardware_i 651.1169057527434 40.06012104883982 31.239999771118164 AB 11.331824217716447 1.1078134927868262
62888.1844 lsst_hardware_z 474.1470700240861 46.34480614001415 30.940000534057617 AB 10.689902291146797 1.0925901769365105
62890.1632 lsst_hardware_r 539.5174569259607 32.83496810313782 31.5 AB 15.60727689170681 1.1032476596399725
62890.1853 lsst_hardware_u 4.04008594891446 2.9970411990197787 28.420000076293945 AB 12.254796378773495 1.091174271316189
62892.1545 lsst_hardware_g 149.8778571164403 18.224772658595402 31.43000030517578 AB 14.616668136698037 1.1067364380024256
62892.1746 lsst_hardware_i 816.2096330485281 42.06781947130912 31.260000228881836 AB 15.262861045248599 1.092219765895302
62896.1444 lsst_hardware_y 182.24537744150243 49.826009615345725 30.030000686645508 AB 13.276317618963725 1.1058068981312448
62896.164 lsst_hardware_g 90.48355858074885 17.810469279859614 31.440000534057617 AB 13.123936614488048 1.0921217961752292
62898.1359 lsst_hardware_r 626.9697186119085 49.595232482821366 31.600000381469727 AB 9.356001312810983 1.1093853456822176
62898.1542 lsst_hardware_i 971.7834564210647 50.85735220117259 31.290000915527344 AB 9.239135919787849 1.0937771895096304
62909.0987 lsst_hardware_r 498.8723803911138 43.79061556060111 31.579999923706055 AB 5.058846870153331 1.1194409345892382
62909.1145 lsst_hardware_z 503.82305297559543 52.85042766388164 30.950000762939453 AB 4.977183318955543 1.1002542153759183
62911.0988 lsst_hardware_g 56.27809994537974 15.58553104373173 31.40999984741211 AB 3.546214783039442 1.11143380162123
62911.1157 lsst_hardware_i 758.6231856644932 41.143662876698784 31.239999771118164 AB 3.4894905428777787 1.0953721490670019
62913.0939 lsst_hardware_z 414.84571200778595 47.93043617152604 30.940000534057617 AB 3.503154978784089 1.1107022760887955
62913.1114 lsst_hardware_r 358.63295189355483 29.561168695746883 31.5 AB 3.4534429111555642 1.0947092913637673
62915.0351 lsst_hardware_u -4.390616362903516 3.0448732134260346 28.389999389648438 AB 4.500088940050028 1.2523438608673547
62915.0496 lsst_hardware_g 48.51949748103138 15.077125908509473 31.3700008392334 AB 5.423898997264321 1.1975489966360966
62918.0938 lsst_hardware_r 215.6675835191619 28.045320527481625 31.5 AB 5.027310187028092 1.097186858801429
62918.1119 lsst_hardware_i 551.3021871021452 39.020725718427066 31.25 AB 5.008734087292997 1.091068999555547
62920.0903 lsst_hardware_z 397.7424947777039 46.74321565552826 30.950000762939453 AB 7.204734863631493 1.0958743914362228
62920.1081 lsst_hardware_r 231.56805864652105 27.50840750041096 31.5 AB 7.175113611387024 1.0911752231949547
62922.0866 lsst_hardware_u -4.552356180391973 2.7214199001901394 28.43000030517578 AB 8.346447404898857 1.0948314297761996
62922.1054 lsst_hardware_r 207.51563054957455 26.892176635614227 31.489999771118164 AB 8.351282771522333 1.0915996041464393
62924.0828 lsst_hardware_i 408.91892740302507 37.33676481902775 31.25 AB 8.472210143682576 1.0939647677296889
62924.1005 lsst_hardware_z 368.6693133103046 46.198979547862535 30.940000534057617 AB 7.162522993512453 1.0917232013888958
62926.0839 lsst_hardware_r 122.17412775650243 34.17118542109084 31.559999465942383 AB 4.641686643258304 1.0916478464859007
62926.1026 lsst_hardware_z 375.652303939029 47.1859108412091 30.950000762939453 AB 4.565781077203875 1.0946490235444437
62928.0621 lsst_hardware_y 344.2196571080962 73.66241679781251 30.780000686645508 AB 6.920247115150874 1.1007086669999402
62931.0542 lsst_hardware_r 223.40153766841954 96.55077346174592 31.649999618530273 AB 5.830179687595875 1.1004491671566392
62931.0729 lsst_hardware_i 297.26856734664796 81.55310893135392 31.329999923706055 AB 5.749211636287892 1.0912080797712056
62933.0493 lsst_hardware_z 252.65186275686662 76.89771570625922 30.979999542236328 AB 10.296548840187066 1.0999607057976035
62933.0673 lsst_hardware_r -3.7399054764142154 110.79559590427027 31.639999389648438 AB 10.273871974605573 1.0912237891243006
62936.0415 lsst_hardware_z 242.08849666040203 57.18412827337867 30.969999313354492 AB 8.86757859611422 1.0996273964386756
62936.0606 lsst_hardware_r 56.058157138187646 71.50905189538098 31.639999389648438 AB 7.876332730769837 1.0910937116217956
62940.038 lsst_hardware_r 53.72701188709839 24.168312387333984 31.479999542236328 AB 10.352530799979181 1.0945286470391349
62940.0577 lsst_hardware_u -0.006441009437162693 2.644352167149561 28.360000610351562 AB 10.539980798589848 1.091943102677011
62942.0377 lsst_hardware_g 24.031468161171446 14.244237898715047 31.40999984741211 AB 8.638371866643684 1.0923240750663816
62942.0559 lsst_hardware_r 101.15501610324385 24.07646295257506 31.5 AB 8.892366232961468 1.093200508093746
62945.0351 lsst_hardware_i 117.61274388880365 32.83522299361979 31.25 AB 5.183747039517464 1.0911620206674901
62945.0536 lsst_hardware_z 151.54257492062487 43.81429675764161 30.950000762939453 AB 4.062813613818787 1.0963785950756824
62947.0317 lsst_hardware_r 44.78442044535663 23.986416972660656 31.510000228881836 AB 5.560010829551601 1.0910539304457172
62947.0521 lsst_hardware_g 30.079754950452564 14.574793083799245 31.43000030517578 AB 4.3008325508061445 1.0993245704661296
62949.001 lsst_hardware_y 129.17919309747379 50.2381082073126 30.030000686645508 AB 5.2225560735288905 1.1043679580310617
62949.0217 lsst_hardware_r 33.25767453844879 23.94502824142664 31.510000228881836 AB 5.076659030582844 1.0915198947716285
62950.9973 lsst_hardware_y 140.27785106551087 50.98126248411698 30.030000686645508 AB 9.062444663370341 1.102576607596373
62951.0148 lsst_hardware_z 126.94974803191029 43.41498675353916 30.950000762939453 AB 8.099284004030102 1.09184200647482
62952.9967 lsst_hardware_y 111.83448542748366 50.35626327932031 30.030000686645508 AB 6.864113356869464 1.098316713990527
62953.0154 lsst_hardware_u 2.77294196761662 3.1595467960540664 28.600000381469727 AB 7.5973623708444045 1.091052518551135
62954.995 lsst_hardware_y 67.5285222303198 50.68493179788406 30.040000915527344 AB 7.338275029775249 1.095701029729523
62955.014 lsst_hardware_r 16.028660422494877 32.06735344353819 31.56999969482422 AB 6.400446614235967 1.0913572719511526
62957.0024 lsst_hardware_z 67.50898405159482 75.06467752430999 31.719999313354492 AB 4.0067205462400235 1.0911548328540368
62958.9843 lsst_hardware_y 119.49042274423073 66.29221845383978 30.049999237060547 AB 9.940880968338835 1.095564785049005
62959.0023 lsst_hardware_z 36.81657834074361 62.14270640786014 30.979999542236328 AB 6.782646294244256 1.0912470910215606
62963.9821 lsst_hardware_y 73.09527001147326 60.326818183687145 30.040000915527344 AB 9.562174123974552 1.0912920909554586
62964.0008 lsst_hardware_g -71.5701365965352 87.86914549195902 31.709999084472656 AB 8.417934078510358 1.0957879149766696
62966.9793 lsst_hardware_y 130.7695300135115 59.10385043513862 30.040000915527344 AB 3.1929150369083206 1.0911285901438088
62966.9973 lsst_hardware_i 31.62400166439878 32.00571114691545 31.239999771118164 AB 3.1866734716778247 1.099168774364297
63194.3389 lsst_hardware_z -111.19189839773247 42.650001525878906 30.940000534057617 AB 9.149954441976968 1.0962405481601798
63196.342 lsst_hardware_r 22.184303687209127 24.1200008392334 31.5 AB 5.570085232118721 1.0921735749252395
63198.1845 lsst_hardware_r 80.39927084844284 141.75 32.16999816894531 AB 6.481510616948358 1.9271092022641303
63200.3455 lsst_hardware_z -53.438245835472514 72.0 30.989999771118164 AB 6.675655897187533 1.0920722900762483
63203.3293 lsst_hardware_i -25.226276245640612 73.5 31.31999969482422 AB 6.700258560714649 1.0910841277978691
63203.3481 lsst_hardware_y 139.15839809230545 65.08000183105469 30.040000915527344 AB 6.646291418696449 1.097542436653884
63207.3339 lsst_hardware_g 29.73692758814561 30.979999542236328 31.6299991607666 AB 4.80210348562802 1.095370320626907
63207.3527 lsst_hardware_y 48.08666797633901 69.19999694824219 30.040000915527344 AB 4.821128062680564 1.1140033649542858
63209.3328 lsst_hardware_z -14.173113406192112 42.68000030517578 30.940000534057617 AB 7.285652322260045 1.0983533444782037
63209.3527 lsst_hardware_y 122.73371351485427 69.55000305175781 30.040000915527344 AB 8.284403033207566 1.1223197227131794
63215.3042 lsst_hardware_g 27.699566381075982 13.960000038146973 31.40999984741211 AB 9.025870828156751 1.091967918979629
63215.3233 lsst_hardware_r 11.346625753414529 23.100000381469727 31.5 AB 9.120167252664064 1.1046846544561928
63217.2526 lsst_hardware_i 8.484436614800646 30.860000610351562 31.239999771118164 AB 7.911892361324771 1.1233696381264762
63217.2786 lsst_hardware_z -37.69735489750796 41.59000015258789 30.940000534057617 AB 7.767956028386648 1.0947336121461873
63219.2577 lsst_hardware_r 25.78041626276478 22.8799991607666 31.479999542236328 AB 4.849719947632063 1.1081907906614252
63221.2606 lsst_hardware_g -13.432977317360795 13.949999809265137 31.40999984741211 AB 5.885889465651811 1.099652399000763
63221.2853 lsst_hardware_i -3.8866683188490305 30.93000030517578 31.25 AB 5.834858590077094 1.0914097808543168
63223.2249 lsst_hardware_r -19.35050650598471 33.720001220703125 31.559999465942383 AB 7.749740917821395 1.145437079085304
63223.2442 lsst_hardware_z -7.787401584093331 41.97999954223633 30.940000534057617 AB 7.472726738039814 1.1114340355528838
63225.2501 lsst_hardware_r -12.58275108481959 54.560001373291016 31.6200008392334 AB 6.945371772759471 1.0992991093319835
63225.2695 lsst_hardware_y -34.91487737373444 49.97999954223633 30.030000686645508 AB 6.898072143329031 1.091064292191021
63230.2378 lsst_hardware_i 57.614693836135835 144.9600067138672 32.08000183105469 AB 9.855148789428046 1.0982196728712128
63230.2608 lsst_hardware_z -208.75142359110018 121.58999633789062 31.739999771118164 AB 9.495330456048436 1.0914172937986708
