data/validation/pwv_sim_epoch_fit_seasonal/29195913.ecsv
# %ECSV 0.9
# ---
# datatype:
# - {name: time, datatype: float64}
# - {name: band, datatype: string}
# - {name: flux, datatype: float64}
# - {name: fluxerr, datatype: float64}
# - {name: zp, datatype: float64}
# - {name: zpsys, datatype: string}
# - {name: pwv, datatype: float64}
# - {name: airmass, datatype: float64}
# meta: {SNID: '29195913', alt: 1024.0, c: 0.016634974628686905, dec: -12.48276, lat: -30.244573, lon: -70.7499537, ra: 55.195312, t0: 62811.15234375,
#   x0: 2.538364655042605e-06, x1: 0.5884732604026794, z: 0.808984637260437}
# schema: astropy-2.0
time band flux fluxerr zp zpsys pwv airmass
62739.4033 lsst_hardware_r -30.7903256705931 23.09000015258789 31.5 AB 2.1372947182488877 1.0565411583516644
62739.42 lsst_hardware_y -67.76066506331046 57.40999984741211 30.059999465942383 AB 2.5188014419704094 1.0506680097206937
62741.4021 lsst_hardware_r -1.5503815468280309 22.719999313354492 31.5 AB 3.807501511099771 1.054052601868578
62741.4185 lsst_hardware_y -59.62676150416396 59.869998931884766 30.059999465942383 AB 3.467621770553547 1.0507944759253174
62743.4013 lsst_hardware_z -22.983386192990334 41.439998626708984 30.950000762939453 AB 2.586789909713324 1.0521108634951153
62743.4182 lsst_hardware_y 115.84657169048968 61.9900016784668 30.059999465942383 AB 2.3427761872783717 1.0518300751025313
62746.3056 lsst_hardware_r -2.8368061873103234 23.469999313354492 31.469999313354492 AB 3.2251507338825376 1.2486468400255024
62746.3213 lsst_hardware_y -7.878740328766142 48.77000045776367 30.0 AB 3.135949902489758 1.1833773216942483
62749.3237 lsst_hardware_i 7.2942516225164855 31.34000015258789 31.239999771118164 AB 2.028524762750157 1.148384071000702
62749.3432 lsst_hardware_z -20.827986182377437 41.93000030517578 30.950000762939453 AB 1.3648622807478963 1.0998084454049597
62750.4019 lsst_hardware_r -21.509360308545446 23.34000015258789 31.510000228881836 AB 0.7488991796783587 1.0528104681513948
62752.3754 lsst_hardware_r 13.097038123015988 22.520000457763672 31.489999771118164 AB 2.386204912186443 1.052582669689653
62754.3813 lsst_hardware_z -71.16181975952594 50.400001525878906 30.969999313354492 AB 2.3976287170048045 1.0506699022808084
62754.3995 lsst_hardware_y 44.36327986822229 49.959999084472656 30.040000915527344 AB 2.3845185066549224 1.0575924778185641
62756.3755 lsst_hardware_z -25.161256480991014 61.81999969482422 30.979999542236328 AB 3.249947372077271 1.0506578427470366
62756.3946 lsst_hardware_y -67.79558575914886 54.25 30.049999237060547 AB 3.266496758162115 1.0580032146062073
62759.3517 lsst_hardware_y -79.94016995209705 53.04999923706055 30.049999237060547 AB 1.4242201047672842 1.0547174313262175
62759.3697 lsst_hardware_r -69.25775667381426 76.33000183105469 31.649999618530273 AB 1.37203814148012 1.050833399142459
62761.3496 lsst_hardware_i 43.72634052624795 52.939998626708984 31.31999969482422 AB 1.2873866817979993 1.053077040325027
62761.3682 lsst_hardware_z -113.78292016398181 52.7599983215332 30.969999313354492 AB 1.2808365438797462 1.0515899375033608
62766.3361 lsst_hardware_u -5.520211378078385 2.9100000858306885 28.520000457763672 AB 1.5882075535706917 1.053013461674584
62766.3563 lsst_hardware_r 16.19681519571986 23.860000610351562 31.510000228881836 AB 1.6065718046818758 1.0521098917366574
62769.3211 lsst_hardware_r -35.83233345257403 22.260000228881836 31.469999313354492 AB 6.544400261362691 1.056741524521668
62769.3402 lsst_hardware_u 1.8826697440125757 2.609999895095825 28.389999389648438 AB 6.152162259434938 1.0506638646461601
62770.3337 lsst_hardware_g 0.8497708406418665 13.529999732971191 31.399999618530273 AB 4.392562271266589 1.0507893717520433
62770.3474 lsst_hardware_r -11.470808876285952 22.309999465942383 31.479999542236328 AB 4.411010023356131 1.05285172113918
62775.322 lsst_hardware_r 21.43569792207561 22.38090257564841 31.489999771118164 AB 4.6298998769381985 1.0506580658709983
62775.3412 lsst_hardware_g 4.536162571902336 13.653930877146014 31.40999984741211 AB 4.418501098399321 1.0569101836026042
62777.3111 lsst_hardware_r -45.52645557139789 22.50090616740785 31.5 AB 3.457966745039579 1.0513732882456717
62777.3314 lsst_hardware_i -20.022008119394 30.533840681896994 31.25 AB 3.365298739219795 1.0542915849687442
62779.2778 lsst_hardware_r -21.426872339916127 22.697039104536863 31.5 AB 7.133528674009441 1.0725229168831696
62779.2985 lsst_hardware_u -1.3850086140996647 2.7866334796869063 28.5 AB 7.285637454878397 1.0539801019715582
62786.2921 lsst_hardware_r 125.39496217093179 109.67630553188141 31.65999984741211 AB 5.554539812196056 1.0506530121901085
62786.3105 lsst_hardware_z 143.74179012666644 75.34929687497804 30.989999771118164 AB 5.593159008739491 1.0564591790602258
62788.2907 lsst_hardware_r 11.448418615464899 90.16748567168723 31.649999618530273 AB 6.049753709706932 1.0508517821273116
62788.3095 lsst_hardware_i 261.1812515290688 75.41725143780914 31.329999923706055 AB 5.348371258376138 1.0597829441960642
62790.2829 lsst_hardware_z 368.4874991031101 57.05564125107475 30.979999542236328 AB 7.6528482882703885 1.0506621909164813
62790.3008 lsst_hardware_i 458.6831386962896 59.00473884249712 31.31999969482422 AB 7.408625481020179 1.0572926024812948
62792.2889 lsst_hardware_z 489.47119471129537 69.06024197331442 31.709999084472656 AB 5.457271605629886 1.0535273369941867
62795.2795 lsst_hardware_r 383.8385864536888 30.47447467254321 31.520000457763672 AB 2.0817688599456936 1.0529938593553791
62795.2964 lsst_hardware_i 544.0594732345259 39.28482078129132 31.260000228881836 AB 2.480433608977172 1.0654783543716375
62800.255 lsst_hardware_r 521.1264889914594 32.36626423049948 31.510000228881836 AB 1.470902117318188 1.0506443695129914
62800.2731 lsst_hardware_i 831.7091241146467 41.6190769346295 31.260000228881836 AB 1.4798174302454725 1.0570124501753375
62802.2582 lsst_hardware_z 584.2684373329121 47.61462904169679 30.959999084472656 AB 2.3610613513065037 1.052166377587714
62802.2753 lsst_hardware_i 791.6944595082858 42.257013351088794 31.260000228881836 AB 2.4233044413371028 1.063435849187977
62804.2043 lsst_hardware_u 1.8930787254799448 3.0634822458808575 28.610000610351562 AB 5.571338893758975 1.0799261278850505
62804.2208 lsst_hardware_g 95.2791832944444 17.37270321209999 31.459999084472656 AB 5.557414248198308 1.0603728769694698
62808.2437 lsst_hardware_g 61.032887562515626 16.832047802962204 31.440000534057617 AB 4.778687742874004 1.0528642782426167
62808.2629 lsst_hardware_r 602.6149869191355 33.279471611601814 31.510000228881836 AB 5.676307955256413 1.0676775990325031
62816.1132 lsst_hardware_r 466.5914736478061 127.08009004199937 31.600000381469727 AB 2.4677592836561844 1.254792856096695
62816.1312 lsst_hardware_z 462.7543254727519 88.27471648184512 30.979999542236328 AB 3.1538127771934117 1.1797304652843186
62830.1885 lsst_hardware_z 431.20782674500913 46.12890854735958 30.940000534057617 AB 6.251131930902111 1.0552808391596609
62830.2072 lsst_hardware_r 218.89026182299057 27.034728593651444 31.489999771118164 AB 6.337095548580285 1.0730533750488713
62832.1802 lsst_hardware_u -2.9649009698056688 2.672005399739765 28.420000076293945 AB 3.733379277781 1.0537587047716208
62834.1388 lsst_hardware_i 425.4210688578873 36.7362683862502 31.25 AB 5.386339446790114 1.0604422063505934
62834.1586 lsst_hardware_z 384.29664808868097 45.527759797109994 30.950000762939453 AB 5.3554803138151295 1.0508153269527936
62839.164 lsst_hardware_y 448.8855084106389 72.13182665036207 30.799999237060547 AB 3.3948824275446756 1.0553218436529492
62841.1575 lsst_hardware_r 27.03200787402838 76.83616792239238 31.649999618530273 AB 5.792555884849124 1.0547261261560676
62841.1761 lsst_hardware_i 373.03344318869813 64.90297774159421 31.31999969482422 AB 5.572660205993421 1.071665424229504
62845.1683 lsst_hardware_z 531.809530249433 105.26179090502627 31.739999771118164 AB 10.513853451475285 1.075852013009986
62845.1896 lsst_hardware_r 87.38715545397511 109.38715997402893 31.649999618530273 AB 10.837949787320454 1.1156754033837357
62852.0856 lsst_hardware_z 245.93422349210533 43.35109582343104 30.950000762939453 AB 10.196813567433898 1.0642466867510345
62852.1067 lsst_hardware_r 67.99808834620941 23.59380961566027 31.489999771118164 AB 10.063291414991262 1.0512709757107612
62854.0854 lsst_hardware_u 5.255265443393226 3.987107252737691 29.290000915527344 AB 3.247838469395157 1.0594232258546779
62854.108 lsst_hardware_g 29.89156829990502 19.970297841075368 32.189998626708984 AB 3.2434997376265535 1.0506396601931662
62856.0882 lsst_hardware_r 21.62543762978356 23.487024054404973 31.510000228881836 AB 3.26737905616434 1.0539932439239805
62856.1088 lsst_hardware_i 136.2110058623488 32.3126476573892 31.260000228881836 AB 3.2598453715920743 1.0515630230942175
62859.0798 lsst_hardware_z 337.63688767551315 60.33083611034188 31.700000762939453 AB 6.791551050904674 1.0540976332305534
62859.1005 lsst_hardware_r 51.66956588869082 32.60693009482468 32.2400016784668 AB 6.505313769431722 1.0515337863786829
62862.0793 lsst_hardware_u -1.0983069065079494 2.662345296459105 28.440000534057617 AB 6.693820718746396 1.0512891309036705
62862.0997 lsst_hardware_r 0.3243466891936752 23.010701015199118 31.5 AB 5.282366861033006 1.0544698794356735
62864.0765 lsst_hardware_i 119.53016184714174 32.153277747048975 31.260000228881836 AB 8.615223788821703 1.0508292722842416
62864.099 lsst_hardware_z 154.4763563983813 42.80281604730348 30.950000762939453 AB 7.930860026040165 1.057448003472022
62867.0483 lsst_hardware_y 72.81645769432652 51.725201951778516 30.049999237060547 AB 7.309555676677794 1.0607756434413007
62867.0668 lsst_hardware_r 103.05635407890449 39.12133825590479 31.600000381469727 AB 7.244570772842288 1.0510566353375135
62869.0604 lsst_hardware_y 214.5225276120775 74.05972445394798 30.799999237060547 AB 6.910680796752737 1.051240645501519
62871.0531 lsst_hardware_z 70.37770808019735 61.552193400551275 30.979999542236328 AB 11.101181484382954 1.0516964127121364
62871.075 lsst_hardware_i 192.5123131005483 66.94255098415955 31.329999923706055 AB 11.2820869642328 1.0544006508628785
62875.0378 lsst_hardware_y 162.165974010816 74.60955130322684 30.06999969482422 AB 7.438847749574477 1.0532881769309044
62875.0574 lsst_hardware_r 13.258422903586904 83.8454580922527 31.649999618530273 AB 8.96293375014927 1.0516892215802565
63118.3797 lsst_hardware_r -8.122528042698535 45.06999969482422 32.31999969482422 AB 3.7797048184224145 1.0509397520985442
63118.4005 lsst_hardware_y 136.28812909436897 70.55999755859375 30.790000915527344 AB 3.7943530905760596 1.0559669075561287
63123.3499 lsst_hardware_i -45.2098883830121 30.450000762939453 31.25 AB 1.5630314483915477 1.058128025538676
63123.3682 lsst_hardware_z -14.891716342836144 41.189998626708984 30.950000762939453 AB 1.5473546196061196 1.0507161292027403
63125.3505 lsst_hardware_r -23.84225903590195 22.5 31.479999542236328 AB 4.343912447731107 1.0542837079621643
63125.369 lsst_hardware_u -4.615181168289245 2.619999885559082 28.3799991607666 AB 4.363646171381109 1.05103779644281
63130.2279 lsst_hardware_r 11.943876091473602 33.369998931884766 32.16999816894531 AB 4.589114908299269 1.4062660597444132
63130.2647 lsst_hardware_i -14.9358010672601 44.36000061035156 31.969999313354492 AB 4.680552831200728 1.2040007282831455
63136.3252 lsst_hardware_i -21.868735267299876 38.13999938964844 31.280000686645508 AB 4.533326792684019 1.0522432061008322
63136.3443 lsst_hardware_z -6.945266941567143 40.959999084472656 30.950000762939453 AB 5.184398270962754 1.0524560030375059
63139.2615 lsst_hardware_y 51.110458232291634 55.810001373291016 30.030000686645508 AB 2.805417236702249 1.133120391801649
63139.2894 lsst_hardware_r -96.3704178093558 93.05999755859375 31.649999618530273 AB 2.5364156809819702 1.0762725661875405
63142.2785 lsst_hardware_i -10.394396036121984 74.79000091552734 31.329999923706055 AB 2.8569419382695127 1.0802654165375016
63142.2981 lsst_hardware_z 24.229823033108865 66.25 30.979999542236328 AB 3.391123328623898 1.058072801442714
63146.3073 lsst_hardware_z 57.14946336513841 45.869998931884766 30.959999084472656 AB 4.868052707287089 1.050658857687861
63146.3282 lsst_hardware_r -75.05824636526896 41.91999816894531 31.610000610351562 AB 4.961317072910188 1.0589037577357139
63148.2953 lsst_hardware_i -23.034775169752493 32.5 31.270000457763672 AB 2.866064267794921 1.0514130174418101
63148.3125 lsst_hardware_z 29.169085681371698 42.119998931884766 30.950000762939453 AB 2.842622324140207 1.0528230830148915
63150.2956 lsst_hardware_r -9.26280824192289 22.600000381469727 31.489999771118164 AB 4.753647690360755 1.050665321207689
63150.3139 lsst_hardware_u -1.5826873026428763 2.6500000953674316 28.3799991607666 AB 4.782232138627255 1.0564577625833165
63152.294 lsst_hardware_g 19.548917241738145 13.630000114440918 31.399999618530273 AB 5.555061079492528 1.0508509963570638
63152.3116 lsst_hardware_r 16.03142586731871 22.450000762939453 31.489999771118164 AB 5.54686980755751 1.0587313136739867
63154.2797 lsst_hardware_i -41.193867395419744 30.270000457763672 31.239999771118164 AB 6.713210598803979 1.0512387408086405
63154.2965 lsst_hardware_z -11.630331644428077 41.04999923706055 30.940000534057617 AB 5.973542454905441 1.0529776934435051
63156.2827 lsst_hardware_r -28.80067554090101 22.700000762939453 31.5 AB 6.456773657927827 1.050807403473709
63156.3019 lsst_hardware_g -7.928817468031935 13.949999809265137 31.420000076293945 AB 5.728444831258614 1.0597110744142468
63158.2744 lsst_hardware_r 10.428526593157493 22.700000762939453 31.489999771118164 AB 3.86781635441657 1.0506563802289393
63158.293 lsst_hardware_i 18.509913534297965 30.6299991607666 31.25 AB 4.016955706415845 1.0570936069515382
63160.2797 lsst_hardware_z -84.73808155847424 41.290000915527344 30.950000762939453 AB 2.1019265785805663 1.0528056992639951
63160.2971 lsst_hardware_i -23.364337002322838 30.729999542236328 31.25 AB 2.4651210856732213 1.0654991545610581
63162.2827 lsst_hardware_u -5.291699077607977 2.7200000286102295 28.459999084472656 AB 3.871007206651856 1.0575318492845138
63162.2989 lsst_hardware_g 4.812263755181942 13.880000114440918 31.40999984741211 AB 3.418397676490009 1.0742921673443355
63169.2554 lsst_hardware_r 87.66394228682407 116.88999938964844 31.65999984741211 AB 3.686251386364605 1.0529138492899033
63169.2721 lsst_hardware_z -0.6898137885588934 77.44999694824219 30.989999771118164 AB 3.7079529489389222 1.0650446499896373
63171.244 lsst_hardware_z 120.74225908057623 71.31999969482422 30.989999771118164 AB 5.168697711172749 1.0511358403930768
63171.2632 lsst_hardware_r 14.324945899487714 104.5199966430664 31.649999618530273 AB 5.336656065912174 1.0616689786297866
63182.2072 lsst_hardware_z 34.42046463614908 41.27000045776367 30.940000534057617 AB 3.5694086839147103 1.0507016682278498
63182.2244 lsst_hardware_r 16.092053042952223 22.920000076293945 31.489999771118164 AB 7.199507641900657 1.0551305777090185
63185.2043 lsst_hardware_u 3.685261883336636 2.640000104904175 28.3799991607666 AB 4.043312694821578 1.0508934879328338
63185.2223 lsst_hardware_g -4.626694148316737 14.09000015258789 31.40999984741211 AB 7.794754572504998 1.0593577837053116
63188.2182 lsst_hardware_r 4.731040989537027 22.979999542236328 31.489999771118164 AB 4.827068037794477 1.0629967050858415
63188.2392 lsst_hardware_i -52.19070165669063 31.030000686645508 31.239999771118164 AB 4.997826936174821 1.092301810987905
63190.2164 lsst_hardware_z 106.0923105764841 41.38999938964844 30.950000762939453 AB 5.256873895680469 1.0668079339133738
63190.2356 lsst_hardware_r -3.2072624937617102 22.93000030517578 31.479999542236328 AB 5.395459242743642 1.0958028418875359
63192.1908 lsst_hardware_r -12.555585983195895 29.530000686645508 31.549999237060547 AB 3.9695354153158244 1.0522294010114843
63192.2106 lsst_hardware_z -60.15605028228118 42.619998931884766 30.940000534057617 AB 3.23528753795757 1.0664318213289814
63194.1905 lsst_hardware_z -36.99550667612041 50.029998779296875 30.969999313354492 AB 8.27918607964172 1.0544942786332587
63194.2117 lsst_hardware_i 65.85474832884886 47.81999969482422 31.299999237060547 AB 8.25316090389461 1.074513733825923
63196.1895 lsst_hardware_z 2.6142814370849794 64.16999816894531 30.979999542236328 AB 4.963479687410595 1.0572592347509078
63196.2095 lsst_hardware_r 4.003064206610122 85.04000091552734 31.649999618530273 AB 5.669320525756048 1.0791853792682409
63200.182 lsst_hardware_r -107.12604576193095 104.37000274658203 31.65999984741211 AB 4.758212226991316 1.059892833455149
63200.2015 lsst_hardware_i 76.68136489961508 83.12000274658203 31.329999923706055 AB 4.841832152902912 1.0837496425208826
63203.1788 lsst_hardware_z -46.2367615887385 49.79999923706055 30.969999313354492 AB 6.800213081387498 1.0645474249365958
63203.198 lsst_hardware_r 103.44404185769349 54.97999954223633 31.6200008392334 AB 6.976355363428216 1.0918485804429623
63205.1567 lsst_hardware_r -0.35503663269958713 29.81999969482422 31.559999465942383 AB 2.602898853226808 1.0527396777459284
63205.1751 lsst_hardware_u -9.15940886157219 4.71999979019165 28.81999969482422 AB 2.587140528759243 1.0664223119370335
63207.1592 lsst_hardware_g 14.342408682423498 13.770000457763672 31.399999618530273 AB 4.7050197775873235 1.0570702713071176
63207.1773 lsst_hardware_i 28.465057957390133 30.690000534057617 31.239999771118164 AB 4.392353161319985 1.0760296818520296
63209.1603 lsst_hardware_z -20.104955351361625 41.43000030517578 30.950000762939453 AB 5.814888306062956 1.0624519949564808
63209.178 lsst_hardware_r 19.940017450611105 22.81999969482422 31.489999771118164 AB 6.601839274476978 1.0855163850005862
63212.1041 lsst_hardware_u 0.6668690339680595 2.6700000762939453 28.43000030517578 AB 13.291322742954055 1.060365073632118
63212.1238 lsst_hardware_g 1.954053910771631 13.770000457763672 31.420000076293945 AB 13.161934120023533 1.0508250574853095
63215.1481 lsst_hardware_r 27.84504760287021 22.5 31.489999771118164 AB 8.404452755373384 1.0667557493796356
63215.1663 lsst_hardware_i 25.081581622040627 30.65999984741211 31.239999771118164 AB 8.610219129864687 1.0938185547223698
63217.081 lsst_hardware_i 27.654801939264022 30.68000030517578 31.25 AB 11.678352057087894 1.0702138643796275
63217.0995 lsst_hardware_z 52.10673412746725 41.40999984741211 30.950000762939453 AB 10.105963530539078 1.0541686575665494
63219.0842 lsst_hardware_r -7.848527086272158 24.040000915527344 31.510000228881836 AB 3.2365558554630725 1.061049892513373
63219.1034 lsst_hardware_u 0.33541120820006354 2.930000066757202 28.510000228881836 AB 3.2106414824868943 1.0510038133515227
63221.0849 lsst_hardware_g -43.83649909761894 29.760000228881836 31.639999389648438 AB 3.274557666930068 1.0563089248161508
63221.1035 lsst_hardware_i -28.736309247860614 35.849998474121094 31.280000686645508 AB 3.257055030449576 1.0506629130482503
63230.075 lsst_hardware_z -47.685773850462894 58.5099983215332 30.979999542236328 AB 9.036724428440573 1.0507819102837876
63230.097 lsst_hardware_r -111.7487085744963 79.41999816894531 31.649999618530273 AB 7.892385402555517 1.0574879949829767
