data/validation/pwv_sim_epoch_fit_seasonal/2937434.ecsv
# %ECSV 0.9
# ---
# datatype:
# - {name: time, datatype: float64}
# - {name: band, datatype: string}
# - {name: flux, datatype: float64}
# - {name: fluxerr, datatype: float64}
# - {name: zp, datatype: float64}
# - {name: zpsys, datatype: string}
# - {name: pwv, datatype: float64}
# - {name: airmass, datatype: float64}
# meta: {SNID: '2937434', alt: 1024.0, c: -0.09135425835847855, dec: -16.024099, lat: -30.244573, lon: -70.7499537, ra: 172.089844, t0: 62894.2109375,
#   x0: 3.0498943090249636e-06, x1: 0.5723437070846558, z: 0.7501488924026489}
# schema: astropy-2.0
time band flux fluxerr zp zpsys pwv airmass
62880.3623 lsst_hardware_i 770.1107182927394 74.41340131525875 31.329999923706055 AB 7.069689197566587 1.0309175906625072
62884.3453 lsst_hardware_i 979.7689859172651 44.572191509924494 31.270000457763672 AB 6.881525900353194 1.0310818065431997
62884.3657 lsst_hardware_y 181.53136557219983 58.694409068166976 30.06999969482422 AB 6.924053624497365 1.0356564228694267
62886.328 lsst_hardware_u 7.845371658762138 3.3816506435367906 28.5 AB 11.317155854730228 1.0351293875375407
62886.3482 lsst_hardware_z 640.3000091710176 47.67858791411819 30.950000762939453 AB 10.029328605106725 1.0311873951374384
62888.3531 lsst_hardware_r 932.5124031684306 38.26304959640888 31.510000228881836 AB 9.258877653062653 1.034723424134849
62888.3725 lsst_hardware_y 371.42618131785497 66.7271604355327 30.059999465942383 AB 9.361976911103481 1.0517499525655498
62890.3273 lsst_hardware_i 1115.6827201330855 45.148211436593584 31.25 AB 8.060453581559068 1.0313420231026893
62890.3478 lsst_hardware_z 606.2906479254666 48.28535412531478 30.950000762939453 AB 7.550040720513859 1.0348073583562678
62892.3246 lsst_hardware_i 1110.7705174327084 45.14341972761726 31.25 AB 12.554388138630575 1.0309495494666865
62892.3455 lsst_hardware_u 1.8193246091118607 2.920027480926083 28.459999084472656 AB 14.50660994045917 1.036661560867243
62894.3186 lsst_hardware_r 826.5967396137881 37.498480864285206 31.510000228881836 AB 12.06275484602612 1.0310046876945402
62894.3373 lsst_hardware_z 676.0270963089971 48.22834542693697 30.950000762939453 AB 12.235292456037055 1.035032564978391
62896.3183 lsst_hardware_r 823.6457987008188 36.93578303076394 31.510000228881836 AB 11.533848215808128 1.0308893898338103
62896.3365 lsst_hardware_u 0.23000255192815436 2.8536279002023037 28.469999313354492 AB 11.82023485590585 1.0379628866186397
62898.3165 lsst_hardware_g 172.49642236518912 18.743618695859492 31.450000762939453 AB 10.226058468905947 1.0313725132532474
62898.3351 lsst_hardware_r 786.5678852706601 36.045105748376415 31.510000228881836 AB 12.259264365901071 1.0411559590562613
62907.2899 lsst_hardware_r 594.4742814787431 111.43170478597635 31.670000076293945 AB 3.5421514991377654 1.0310439525943371
62907.3092 lsst_hardware_i 917.2007635782337 95.34734493787265 31.34000015258789 AB 3.0677785491549847 1.0400424508379427
62909.2743 lsst_hardware_z 501.95031837286655 64.33731501405354 30.979999542236328 AB 5.623881265302427 1.0315735800985715
62909.2909 lsst_hardware_r 522.1330124303059 78.59575585459167 31.649999618530273 AB 5.609258187197694 1.03258469091034
62911.2811 lsst_hardware_z 493.88738918770264 50.2963188076989 30.959999084472656 AB 3.592407973076487 1.031387316719357
62911.2986 lsst_hardware_g 74.25176856138081 38.492987830940315 31.690000534057617 AB 2.6236463027148025 1.0403038472303372
62913.2237 lsst_hardware_r 378.39684904802357 31.659033695621773 31.520000457763672 AB 4.247208531640368 1.069354448704033
62913.24 lsst_hardware_z 520.3268802373121 47.059603972744625 30.950000762939453 AB 3.986872848137214 1.0466980436170161
62918.2687 lsst_hardware_g 52.207858361758284 16.27555053271957 31.459999084472656 AB 5.378594354546358 1.033516929616594
62918.2889 lsst_hardware_r 306.8100909181197 28.727653217732684 31.520000457763672 AB 5.528396636015145 1.049695563800344
62920.2651 lsst_hardware_i 479.89163640368355 36.888638348760104 31.260000228881836 AB 11.028657837813912 1.0343892175777445
62920.2848 lsst_hardware_z 393.90938944631307 45.127216298149705 30.950000762939453 AB 11.206816937080951 1.0513290225223695
62924.2376 lsst_hardware_u -0.7384650843112853 2.8568218039820334 28.469999313354492 AB 5.952469018762394 1.0309090784139927
62924.256 lsst_hardware_g 30.64613092484142 15.674269070941165 31.450000762939453 AB 6.159022212038217 1.0353617973839881
62938.2165 lsst_hardware_z 338.45245329082405 78.9243704838481 31.729999542236328 AB 14.471508496092602 1.0346645731238753
62940.2073 lsst_hardware_r 57.52645466027343 38.881273851794205 31.610000610351562 AB 10.527607866417592 1.032962341758089
62940.2257 lsst_hardware_z 159.5910672594912 46.37659388432572 30.959999084472656 AB 9.64592298881374 1.046195551932076
62942.2046 lsst_hardware_r 9.903645845061979 25.607659260275806 31.520000457763672 AB 8.86645915022475 1.0341703097013828
62942.2231 lsst_hardware_u -2.41388635704638 3.114277774674843 28.530000686645508 AB 8.635013330159637 1.0493712082830995
62945.2025 lsst_hardware_g 21.005738498181348 15.81287169405203 31.489999771118164 AB 5.495135063342116 1.0377969902440256
62945.2217 lsst_hardware_r 55.416699504248264 24.924838081048538 31.530000686645508 AB 5.263858362070278 1.058168330901654
62949.19 lsst_hardware_r 24.74055258860769 24.48494640062639 31.520000457763672 AB 6.11980988256221 1.0367287620806724
62949.2095 lsst_hardware_u -2.1267434694148455 3.059418492137628 28.56999969482422 AB 6.281905299439525 1.0563742095470237
62951.1275 lsst_hardware_g 28.015461385207807 15.837846708989895 31.450000762939453 AB 8.349325206712368 1.057545941318856
62951.145 lsst_hardware_i 52.2854736847651 32.50196327085093 31.260000228881836 AB 8.19892164249924 1.0387147351139239
62953.1742 lsst_hardware_z 214.9561929649 42.819347192727264 30.959999084472656 AB 7.448196060716475 1.0339929746482843
62953.1929 lsst_hardware_r 40.12957166356435 24.696879535400594 31.520000457763672 AB 7.519800556306282 1.0491768983777565
62955.1737 lsst_hardware_y 123.33668409342624 48.00328874806771 30.049999237060547 AB 7.030327547789449 1.03678129276368
62955.1907 lsst_hardware_g 38.63584590362955 16.05828617361201 31.469999313354492 AB 7.146370134698219 1.0531566735813105
62959.1671 lsst_hardware_z 117.24496810082991 54.34904757447591 30.969999313354492 AB 6.557808064382878 1.0399315040251607
62959.1861 lsst_hardware_r 47.90844131347113 61.76731774914988 31.639999389648438 AB 6.608095490763325 1.0620532772040059
62961.1447 lsst_hardware_r 128.61395370241726 104.2652606001373 31.65999984741211 AB 7.2256513849784385 1.031400968498619
62961.1621 lsst_hardware_z 275.22516095325943 75.14481466361953 30.989999771118164 AB 7.309026297779197 1.0403073843357966
62963.1448 lsst_hardware_z 113.33192849654698 98.6731240562069 31.0 AB 10.520166485303518 1.0330769052671211
62963.1639 lsst_hardware_i 129.1900004833667 118.54216350104647 31.34000015258789 AB 10.689097725345272 1.047266269628864
62967.1335 lsst_hardware_y 15.79840426145066 50.02101770280558 30.059999465942383 AB 3.0548842829224396 1.032927906313589
62967.1506 lsst_hardware_g -15.907290924447544 59.537803031553935 31.719999313354492 AB 3.159124957885459 1.0447705524218138
62969.1313 lsst_hardware_r 1.7854322054366385 31.373569328179194 31.56999969482422 AB 8.73529509434715 1.034374789147087
62969.1498 lsst_hardware_i 53.24872807153076 37.424494784702304 31.280000686645508 AB 8.929944507400247 1.0498612137631007
62974.1302 lsst_hardware_u 2.4510927783963736 2.8834322259261103 28.56999969482422 AB 12.244870056028558 1.0435079444389876
62974.1477 lsst_hardware_r 70.61702552567525 24.239828509847072 31.510000228881836 AB 12.51143980048827 1.0661038827921951
62976.1166 lsst_hardware_i 51.72386520301147 31.809004844088797 31.260000228881836 AB 7.068102250119018 1.0369361215881976
62976.1352 lsst_hardware_z -11.492294140787331 42.40079943517774 30.950000762939453 AB 6.8633000090782526 1.0555810480107024
62978.113 lsst_hardware_r -8.531828254031536 23.800419732769818 31.510000228881836 AB 9.400097704671223 1.0382259448499727
62978.1309 lsst_hardware_u 2.55030051030891 2.8211761970008316 28.510000228881836 AB 10.713732074932771 1.0571805584954754
62982.0353 lsst_hardware_u -3.3574808424828366 3.8499999046325684 29.18000030517578 AB 12.404447328598577 1.0693489076378084
62982.0484 lsst_hardware_g -25.713426967548898 14.34000015258789 31.43000030517578 AB 11.273096649991533 1.050321126431709
62992.0772 lsst_hardware_z 17.261717096526187 77.55999755859375 31.0 AB 3.7469473973200684 1.0400964322887074
62992.0967 lsst_hardware_r 12.116305931971493 115.98999786376953 31.65999984741211 AB 3.8530087360892327 1.063143362452766
62994.0798 lsst_hardware_r 63.39515430093063 87.70999908447266 31.65999984741211 AB 10.778353649799675 1.0478663863308826
62994.1015 lsst_hardware_z 25.54868606515101 62.630001068115234 30.979999542236328 AB 11.172878519151231 1.0813509551715872
62996.0508 lsst_hardware_g 19.77560553601541 38.0099983215332 31.690000534057617 AB 7.451049913714761 1.03178701290795
62996.0628 lsst_hardware_r -53.29134521604627 45.83000183105469 31.6299991607666 AB 7.633270490256096 1.0374815481150415
63000.0067 lsst_hardware_r -17.89364634864254 23.260000228881836 31.510000228881836 AB 6.123954088537495 1.042463884336964
63000.0256 lsst_hardware_i -32.39580797931375 30.729999542236328 31.260000228881836 AB 6.060998651017119 1.0316154463243468
63008.0084 lsst_hardware_r -4.244353756456331 23.420000076293945 31.510000228881836 AB 4.748528279256181 1.0308880931898865
63008.0274 lsst_hardware_u -0.3141431821668252 2.7100000381469727 28.43000030517578 AB 4.716740873573472 1.0357926705623874
63013.9965 lsst_hardware_i -7.859826646446092 33.70000076293945 31.280000686645508 AB 6.654216619476378 1.030902299775548
63014.0176 lsst_hardware_z -1.9691866210396516 42.68000030517578 30.959999084472656 AB 7.330219670220073 1.0404854038637434
63015.969 lsst_hardware_y 95.66666916330894 50.38999938964844 30.059999465942383 AB 9.853930168750141 1.0376380949560853
63015.992 lsst_hardware_r -42.4246554123377 49.43000030517578 31.639999389648438 AB 9.755294153053288 1.0309970569703666
63017.9668 lsst_hardware_y 35.98928858214779 55.22999954223633 30.059999465942383 AB 7.114793718135056 1.0355569053395186
63017.9876 lsst_hardware_r -36.16769314598793 78.41999816894531 31.65999984741211 AB 7.077739885175729 1.0311392606607996
63020.9652 lsst_hardware_y 105.79537721745876 77.37999725341797 30.809999465942383 AB 11.15109478203458 1.0325087761143128
63020.9858 lsst_hardware_z -56.26178061970575 87.70999908447266 31.739999771118164 AB 11.154575398818254 1.0328310554461346
