data/validation/pwv_sim_epoch_fit_seasonal/29438891.ecsv
# %ECSV 0.9
# ---
# datatype:
# - {name: time, datatype: float64}
# - {name: band, datatype: string}
# - {name: flux, datatype: float64}
# - {name: fluxerr, datatype: float64}
# - {name: zp, datatype: float64}
# - {name: zpsys, datatype: string}
# - {name: pwv, datatype: float64}
# - {name: airmass, datatype: float64}
# meta: {SNID: '29438891', alt: 1024.0, c: -0.058057088404893875, dec: -13.094776, lat: -30.244573, lon: -70.7499537, ra: 321.679688,
#   t0: 60951.375, x0: 1.2117249406408408e-05, x1: 1.2866456508636475, z: 0.42422744631767273}
# schema: astropy-2.0
time band flux fluxerr zp zpsys pwv airmass
[from data line 132]
61262.2297 lsst_hardware_r -3.400370386130828 24.860000610351562 31.520000457763672 AB 4.937886596274178 1.057703030154049
61265.1715 lsst_hardware_r 17.672223542215512 35.27000045776367 32.27000045776367 AB 3.1896497106172976 1.0598603457774705
61265.1923 lsst_hardware_i 93.15224814738653 45.27000045776367 32.0099983215332 AB 3.173557751884575 1.047724579691177
61269.1719 lsst_hardware_u -2.382701404711185 2.9600000381469727 28.559999465942383 AB 4.63108566549762 1.0512452327854767
61269.1907 lsst_hardware_r -4.338265945560787 24.90999984741211 31.530000686645508 AB 4.623949312172071 1.047485308201783
61273.1627 lsst_hardware_i 38.64925003672111 38.529998779296875 31.280000686645508 AB 1.873315010455412 1.0503588508300599
61273.1843 lsst_hardware_z 76.06374130021857 45.029998779296875 30.959999084472656 AB 1.8141104468689602 1.0485177421456278
61275.1596 lsst_hardware_r -18.754597674974292 60.77000045776367 31.649999618530273 AB 2.2942553129310714 1.0493220930431397
61275.1803 lsst_hardware_z 30.390351927566876 52.93000030517578 30.979999542236328 AB 1.9652370217575834 1.0490122441657845
61277.1598 lsst_hardware_y -46.54421649772566 59.40999984741211 30.059999465942383 AB 3.75137331732386 1.047674544030123
61277.178 lsst_hardware_r 5.119803183306501 103.81999969482422 31.65999984741211 AB 4.07081475817533 1.0503521350756588
61279.1195 lsst_hardware_r -230.16164109106964 165.80999755859375 31.65999984741211 AB 1.5801000710574065 1.0770961629566507
61279.1373 lsst_hardware_i -86.26453281609939 132.8699951171875 31.34000015258789 AB 2.090121058656108 1.0562390593730857
61285.1192 lsst_hardware_z 17.831498541497023 42.0099983215332 30.950000762939453 AB 3.0943252666837244 1.0577081752465303
61285.1374 lsst_hardware_r -34.15224947029147 28.760000228881836 31.559999465942383 AB 3.2242064720079897 1.0477841538237522
61287.1254 lsst_hardware_u 5.209504450957455 2.809999942779541 28.459999084472656 AB 1.469899145266062 1.04992796090433
61287.1441 lsst_hardware_r -15.695101682944573 24.520000457763672 31.520000457763672 AB 1.4671648479866068 1.047974891419005
61298.0846 lsst_hardware_g 3.2175344741854834 15.65999984741211 31.479999542236328 AB 1.0856409338156607 1.0569277304714064
61298.1028 lsst_hardware_i 12.069272586886193 31.6200008392334 31.260000228881836 AB 1.1012159666953822 1.0476130965869026
61304.0711 lsst_hardware_z -14.788040128556103 55.66999816894531 30.979999542236328 AB 4.114881051306712 1.0546244765314827
61304.0926 lsst_hardware_r 7.097307021099305 64.58000183105469 31.639999389648438 AB 4.000439797940474 1.047235549199077
61308.0593 lsst_hardware_r 104.47751702811864 129.75 31.65999984741211 AB 4.706954347336106 1.0552920590394594
61308.0781 lsst_hardware_z 18.572642501551456 87.66999816894531 31.0 AB 4.7089327623787876 1.0472828443277014
61310.0585 lsst_hardware_z 85.08748977962873 68.19000244140625 30.989999771118164 AB 2.9458215436043615 1.0520791227158435
61310.0787 lsst_hardware_i 17.98923661603043 78.22000122070312 31.329999923706055 AB 2.9329375064960495 1.0474776808914463
61312.0575 lsst_hardware_z -43.09879313890261 48.06999969482422 30.969999313354492 AB 3.567808600974872 1.0497671442648702
61312.0782 lsst_hardware_r 33.34069931857671 50.029998779296875 31.6299991607666 AB 3.550347662072458 1.0486406405649011
61314.0362 lsst_hardware_r -3.7497685884682723 24.34000015258789 31.520000457763672 AB 6.4541586180542465 1.0613792248516667
61314.0556 lsst_hardware_u -0.7467830341586958 2.7899999618530273 28.450000762939453 AB 6.025278040168293 1.0484518500336346
61316.0343 lsst_hardware_g 0.3234876717225921 15.40999984741211 31.459999084472656 AB 2.1217777599941554 1.0579354767910363
61316.0518 lsst_hardware_r -1.735930142535684 24.3700008392334 31.520000457763672 AB 3.0470553294721205 1.0479983936277804
61318.0353 lsst_hardware_i 10.900606285816636 31.68000030517578 31.260000228881836 AB 2.9279325625138357 1.0529290883802962
61318.055 lsst_hardware_z -39.60263556441242 41.90999984741211 30.959999084472656 AB 2.9330678620096218 1.0472748852687712
61322.0275 lsst_hardware_g 30.861546913853257 15.59000015258789 31.479999542236328 AB 4.19799121447309 1.0510744152412976
61322.0438 lsst_hardware_i -13.74315540448718 31.670000076293945 31.260000228881836 AB 3.2632462448262873 1.047254892433789
61324.0289 lsst_hardware_z 17.531854744825925 42.0099983215332 30.959999084472656 AB 3.5529502383709324 1.0482740671827397
61324.0464 lsst_hardware_r 4.682069076038155 24.510000228881836 31.530000686645508 AB 3.381885843827174 1.0489720359265429
61327.0036 lsst_hardware_y -22.80916138319434 48.619998931884766 30.049999237060547 AB 7.628981656483794 1.0585393984831137
61327.0217 lsst_hardware_u 4.3479296547052 2.9800000190734863 28.559999465942383 AB 7.675822528326818 1.0480130884049983
61329.0052 lsst_hardware_z 5.883766082019098 43.720001220703125 30.959999084472656 AB 8.222203771408067 1.052969971686024
61329.024 lsst_hardware_r 5.0765229819443904 26.489999771118164 31.549999237060547 AB 8.186718423111696 1.0472185679434218
61332.9971 lsst_hardware_y -60.41310349630219 69.4000015258789 30.06999969482422 AB 2.3841951140711433 1.051271040560729
61333.0146 lsst_hardware_z 86.77304940519768 59.880001068115234 30.989999771118164 AB 3.1291347934397375 1.047321493913356
