data/validation/pwv_sim_epoch_fit_seasonal/2953393.ecsv
# %ECSV 0.9
# ---
# datatype:
# - {name: time, datatype: float64}
# - {name: band, datatype: string}
# - {name: flux, datatype: float64}
# - {name: fluxerr, datatype: float64}
# - {name: zp, datatype: float64}
# - {name: zpsys, datatype: string}
# - {name: pwv, datatype: float64}
# - {name: airmass, datatype: float64}
# meta: {SNID: '2953393', alt: 1024.0, c: -0.0659412294626236, dec: 3.583322, lat: -30.244573, lon: -70.7499537, ra: 76.816406, t0: 60592.125,
#   x0: 1.1715637569371928e-05, x1: 0.6956087946891785, z: 0.43034160137176514}
# schema: astropy-2.0
time band flux fluxerr zp zpsys pwv airmass
60580.3417 lsst_hardware_z 2317.7525085195466 79.44524188053818 31.670000076293945 AB 6.066075816875937 1.2707815684248323
60586.3657 lsst_hardware_i 2404.8685264989685 59.76737997441688 31.239999771118164 AB 2.8619224484562875 1.2068832366276163
60586.3843 lsst_hardware_y 509.5229307667653 59.080406898056005 30.0 AB 2.30964127934569 1.2060265154757532
60588.3667 lsst_hardware_g 1951.7009588645917 47.23544272676474 31.399999618530273 AB 7.441634000000816 1.2046352084177767
60588.3858 lsst_hardware_y 564.8362833259287 68.06825373621189 30.0 AB 6.928674808549665 1.2101431854947893
60590.3606 lsst_hardware_i 2751.171721392795 61.24244558730798 31.239999771118164 AB 5.192535006935437 1.2047645027690113
60590.3786 lsst_hardware_y 525.113965331102 57.46040358767697 30.0 AB 4.947863226033299 1.2088844286346756
60592.3588 lsst_hardware_u 1.2396937325360193 4.08426289104766 28.450000762939453 AB 3.612888797420754 1.204296265806918
60592.3773 lsst_hardware_z 2053.002164820096 65.41003391326453 30.950000762939453 AB 3.8819072520770748 1.2121490248486189
60596.36 lsst_hardware_z 2010.3436412518383 62.048771708898094 30.940000534057617 AB 6.520507378104021 1.2075013663155594
60596.3781 lsst_hardware_y 459.00235970564506 66.09494806244616 30.0 AB 7.116299862652041 1.226173085288388
60601.3225 lsst_hardware_z 1738.5117771310859 86.29246155091703 30.969999313354492 AB 4.590982918492593 1.208153399603314
60601.3401 lsst_hardware_r 3762.777957081353 122.37761222462649 31.6200008392334 AB 4.624537064217504 1.2049340969821534
60603.3177 lsst_hardware_i 2577.5563001300116 93.4672903802532 31.309999465942383 AB 2.7881974687462883 1.2077525764341033
60603.3345 lsst_hardware_r 3515.406282119276 109.8853758261707 31.6200008392334 AB 3.040359690281612 1.204898159953132
60605.3242 lsst_hardware_z 3009.314587273962 97.71666560203857 31.709999084472656 AB 3.826602408642553 1.2042808524444308
60607.3164 lsst_hardware_r 2691.666884435938 62.8519456680538 31.549999237060547 AB 4.543396365715755 1.2043994960809083
60607.3337 lsst_hardware_i 2049.525083912517 59.95696522074671 31.25 AB 4.42908199651394 1.2099663970806418
60609.2576 lsst_hardware_z 1376.9548983380973 57.960789719628835 30.93000030517578 AB 4.2160502202563634 1.2851199614681457
60609.2836 lsst_hardware_r 2277.4706713312576 53.01180716008325 31.479999542236328 AB 4.044499655643116 1.2262562436573907
60613.2999 lsst_hardware_r 1625.000335811892 47.71882292371091 31.489999771118164 AB 4.122500387799604 1.204411663183334
60613.3166 lsst_hardware_z 1074.4503454013138 55.58154877737651 30.940000534057617 AB 4.131832619895278 1.2094348580042038
60615.309 lsst_hardware_i 1553.0162114381512 50.176284807314566 31.229999542236328 AB 3.656648588188574 1.2080107658371568
60615.329 lsst_hardware_r 1466.486545674751 44.87753847947245 31.469999313354492 AB 3.7265427148972132 1.2305589592397543
60622.2769 lsst_hardware_i 1159.6912595455176 47.16847581763416 31.239999771118164 AB 9.379807157460698 1.2042892010777237
60622.2945 lsst_hardware_z 1014.5093299059286 53.057928113903074 30.940000534057617 AB 9.69091522323755 1.2113644029046937
60624.2742 lsst_hardware_i 1079.436274365474 46.49700521202034 31.229999542236328 AB 2.144793907810042 1.2043765509462099
60624.2905 lsst_hardware_z 910.9835548786738 53.219463844101014 30.93000030517578 AB 1.9918833707597086 1.2126528562277896
60626.2737 lsst_hardware_z 1043.956675968648 57.35720479730874 30.940000534057617 AB 5.396152283094131 1.205484909470727
60626.2915 lsst_hardware_r 729.0056588083237 46.97558483614754 31.549999237060547 AB 5.453990293419935 1.2196772926022963
60629.2711 lsst_hardware_i 1000.3957735039509 96.93406922910006 31.299999237060547 AB 7.207927494942145 1.2082055034316765
60629.2897 lsst_hardware_r 612.1746180921748 116.24854977705448 31.610000610351562 AB 7.325937651767366 1.2287975933355473
60631.2703 lsst_hardware_z 1700.5425496670023 131.06970970713067 31.719999313354492 AB 4.846713903557395 1.2116784758893488
60633.2581 lsst_hardware_g 141.53348185654392 77.76957989670431 31.65999984741211 AB 5.337490647558505 1.2070081554829373
60633.2791 lsst_hardware_r 509.722565877084 82.74894957157444 31.610000610351562 AB 5.336238845280598 1.2293120780065185
60635.125 lsst_hardware_i 807.3101793729452 44.45823445953174 31.170000076293945 AB 6.9305435819114285 1.6501294242646258
60635.1432 lsst_hardware_z 702.4125540853646 53.63344248484041 30.899999618530273 AB 6.2650954485891335 1.4965591484805636
60640.2312 lsst_hardware_z 712.5745271151363 49.70677774168525 30.940000534057617 AB 4.5523209956352195 1.2044504894194938
60640.2496 lsst_hardware_i 634.3283609403381 40.99161039321735 31.229999542236328 AB 4.6028481755246915 1.215407153840792
60642.1502 lsst_hardware_u 1.8454545747797735 2.638148374818228 28.200000762939453 AB 6.858628995894674 1.3491942551184566
60642.1672 lsst_hardware_g 105.2529716084917 17.72645826740442 31.360000610351562 AB 5.547984970661088 1.286041949619971
60644.224 lsst_hardware_r 243.27383697410883 29.845929631406594 31.469999313354492 AB 9.195974558256168 1.2052917853452316
60644.2433 lsst_hardware_i 530.6835234861463 39.957102271137 31.219999313354492 AB 9.38164364789776 1.2208793191207326
60646.2265 lsst_hardware_z 553.5835161553721 48.824968808275734 30.940000534057617 AB 7.623333049513529 1.2094194901476807
60646.2463 lsst_hardware_u -0.9667538291850514 2.84805667151173 28.329999923706055 AB 7.780903544176433 1.2338649633159957
60650.2209 lsst_hardware_i 437.0730711569182 39.086928706549045 31.229999542236328 AB 5.1502546053564835 1.2139669075678807
60650.2397 lsst_hardware_z 436.48067493743764 49.16975152045486 30.93000030517578 AB 5.22273164509082 1.2420289286780208
60652.2249 lsst_hardware_i 404.6116679817785 38.42302609321299 31.229999542236328 AB 6.650088168125256 1.2256909090804842
60652.243 lsst_hardware_z 353.9567907301289 48.435965935801455 30.93000030517578 AB 6.786581793081912 1.2619350974972177
60656.1877 lsst_hardware_r 103.21957208640775 74.10884077073939 31.6200008392334 AB 13.349731289764808 1.2044689213484059
60656.2066 lsst_hardware_i 300.35797903206713 64.69691574474399 31.299999237060547 AB 13.48091806885671 1.216140556504913
60658.1994 lsst_hardware_z 906.538548346076 126.83202304260395 31.729999542236328 AB 9.673150678735547 1.2143057462651696
60660.1917 lsst_hardware_z 481.81471983084856 89.14215909647686 30.969999313354492 AB 10.276210084530002 1.2121745897411536
60660.2106 lsst_hardware_r 244.40648772120664 128.30167697238636 31.610000610351562 AB 10.409593498616687 1.2385001188121565
60662.1504 lsst_hardware_i 412.12577896725054 62.14602014123685 31.299999237060547 AB 4.179650734728017 1.212371496657327
60662.1699 lsst_hardware_z 282.10512191527005 61.56671072825964 30.969999313354492 AB 6.27607572933375 1.204312855827315
60663.1687 lsst_hardware_i 416.04023689514554 53.38453178857128 31.290000915527344 AB 4.628725878202562 1.2044825011044291
60663.1873 lsst_hardware_z 294.82648771557376 56.978647659494385 30.959999084472656 AB 4.679110708348353 1.2159324461903989
60665.1706 lsst_hardware_g -9.369734498637834 23.209999084472656 31.540000915527344 AB 4.6101624859153265 1.206927805724282
60665.1897 lsst_hardware_r -19.784457410425333 34.58000183105469 31.549999237060547 AB 4.441644864870922 1.226126946824271
60668.126 lsst_hardware_r -28.405378656086064 24.219999313354492 31.479999542236328 AB 7.772922204189346 1.2212934565463063
60668.1461 lsst_hardware_i 13.430184550523283 32.47999954223633 31.239999771118164 AB 7.7065393122959875 1.2051353551422046
60672.127 lsst_hardware_g -0.5708506302341538 14.729999542236328 31.399999618530273 AB 8.563317454915238 1.209223457978146
60672.1466 lsst_hardware_r -23.86966537399281 24.100000381469727 31.479999542236328 AB 8.6348219861846 1.204998997955753
60674.1282 lsst_hardware_i -41.821280911696 31.90999984741211 31.229999542236328 AB 8.129617170760055 1.2056380202817818
60674.1451 lsst_hardware_z 48.04864228168461 43.2400016784668 30.93000030517578 AB 8.15330169153243 1.2064666604812158
60678.1274 lsst_hardware_g -32.49722383296973 20.270000457763672 32.130001068115234 AB 4.658427658237327 1.2044283260907067
60678.1483 lsst_hardware_r 36.76522694329334 33.56999969482422 32.220001220703125 AB 4.735284394541395 1.2181579251505295
60680.0861 lsst_hardware_r -48.56267115660187 25.530000686645508 31.479999542236328 AB 12.923560701386421 1.232106082694864
60680.1072 lsst_hardware_i 44.87354147581819 32.810001373291016 31.229999542236328 AB 12.669094662669389 1.2078841920805996
60682.0964 lsst_hardware_z -81.73948352619773 65.48999786376953 31.690000534057617 AB 10.630109757288077 1.2118228177482988
60686.0897 lsst_hardware_i -14.190168920292653 80.2699966430664 31.309999465942383 AB 6.99166955926752 1.2085859220860058
60686.1075 lsst_hardware_z -18.87885291690424 71.87000274658203 30.969999313354492 AB 6.978057392740646 1.2047751023378228
60690.08 lsst_hardware_g -31.939925129297205 77.27999877929688 31.65999984741211 AB 7.24569657216002 1.2078173982597133
60690.1003 lsst_hardware_r 141.27843227231108 88.6500015258789 31.610000610351562 AB 6.54389363509276 1.205969801445337
60692.0805 lsst_hardware_i -6.79950322078228 33.63999938964844 31.239999771118164 AB 3.348802668539316 1.2051471591684448
60692.1002 lsst_hardware_r -55.20950206706666 44.06999969482422 31.579999923706055 AB 2.478870547216982 1.2089102888158898
60694.0819 lsst_hardware_u 0.16134753251513612 2.7200000286102295 28.3700008392334 AB 4.357033045203719 1.204265628856743
60694.1029 lsst_hardware_g -5.9384471004133905 14.539999961853027 31.3799991607666 AB 4.723879115071442 1.2161885728568398
60695.0439 lsst_hardware_y -32.78917048384748 53.349998474121094 29.979999542236328 AB 10.077818343729211 1.2342704646330984
60695.0648 lsst_hardware_r 2.6089370041980806 24.06999969482422 31.479999542236328 AB 9.909146532552084 1.2088010408724714
60701.0388 lsst_hardware_y 101.70880419320444 55.06999969482422 30.0 AB 13.1925178623008 1.2176584803526567
60701.0557 lsst_hardware_r 31.051874220916833 23.84000015258789 31.479999542236328 AB 14.374968877988021 1.205212303224081
60703.0385 lsst_hardware_y 85.16758569736842 56.77000045776367 30.0 AB 13.392818359210345 1.2123123250748609
60703.0576 lsst_hardware_r -18.69487580472265 23.989999771118164 31.479999542236328 AB 14.062729098219357 1.2042757277534275
60705.0369 lsst_hardware_z -43.731988928397975 50.36000061035156 30.950000762939453 AB 13.065096191639498 1.2092086312987735
60705.0548 lsst_hardware_g -2.2063976590168037 14.510000228881836 31.399999618530273 AB 13.535480646297493 1.2045993544517861
60707.0361 lsst_hardware_y -112.55850836202093 54.65999984741211 30.0 AB 10.355715279506546 1.2064676739682585
60707.0547 lsst_hardware_i -46.911748443705825 32.40999984741211 31.229999542236328 AB 9.775425135929522 1.2063213594039004
60709.0349 lsst_hardware_y 37.33780574326168 54.400001525878906 30.0 AB 8.421849288713037 1.20491435427191
60709.0533 lsst_hardware_r 2.3598784317577035 25.25 31.5 AB 9.35594164716633 1.2085828060282682
60711.0345 lsst_hardware_y 137.70692846651525 54.20000076293945 30.010000228881836 AB 6.687565154481546 1.204243425176749
60711.0532 lsst_hardware_g -41.06987070620699 30.190000534057617 31.610000610351562 AB 7.242714685101287 1.212846444616472
60713.0326 lsst_hardware_y 40.85986009759363 58.209999084472656 30.010000228881836 AB 5.777745283132422 1.2045334155244798
60713.0511 lsst_hardware_z -25.64726306486411 57.439998626708984 30.959999084472656 AB 7.64477356178719 1.2162715643546076
60714.0409 lsst_hardware_y 75.17108697494339 81.72000122070312 30.760000228881836 AB 8.27110266330007 1.2094465601608584
60949.3667 lsst_hardware_i 40.9550784430722 32.709999084472656 31.229999542236328 AB 5.053186489594848 1.2101991353358514
60949.3868 lsst_hardware_y 83.5419142676819 56.2599983215332 30.0 AB 5.056171929003189 1.2048545047068846
60951.3639 lsst_hardware_i -60.05431198324975 32.290000915527344 31.229999542236328 AB 3.5041599944336332 1.2083310325633219
60951.3825 lsst_hardware_y -42.44081885427672 51.84000015258789 29.989999771118164 AB 3.135023232899708 1.205160135661087
60954.3622 lsst_hardware_z -26.682775402558047 58.810001373291016 30.959999084472656 AB 7.574099870685411 1.2052671853630146
60954.3829 lsst_hardware_y -19.150838810601655 59.540000915527344 30.010000228881836 AB 7.011563070368432 1.2095157961648577
60956.3583 lsst_hardware_i 51.12714055525762 77.4800033569336 31.299999237060547 AB 5.374407183915202 1.204843936014244
60956.3774 lsst_hardware_y 88.30091289911012 59.84000015258789 30.0 AB 4.893884666579797 1.2094864792288655
60960.357 lsst_hardware_r 24.87923064813111 59.38999938964844 31.600000381469727 AB 6.6808170223978545 1.2049086850543202
60960.3767 lsst_hardware_y -99.00459411299089 59.189998626708984 30.0 AB 7.256658886263363 1.2195382140378739
60962.3559 lsst_hardware_z 58.43339646454774 45.5099983215332 30.940000534057617 AB 6.5148532414099884 1.2064543039648126
60962.3739 lsst_hardware_y -20.18358206623575 53.880001068115234 30.0 AB 6.604470399564342 1.2230500739933965
60964.3221 lsst_hardware_i -16.593003471790254 32.849998474121094 31.229999542236328 AB 8.52638926816601 1.2133466690936616
60964.3396 lsst_hardware_u 0.6294601698532397 2.819999933242798 28.399999618530273 AB 8.806575012656383 1.2043591251196974
60966.3188 lsst_hardware_g -21.306706680371775 14.40999984741211 31.3799991607666 AB 7.46706913206584 1.2113999240860387
60966.3373 lsst_hardware_r 17.071509734063607 23.850000381469727 31.469999313354492 AB 7.835407953463949 1.2043665356932862
60971.2668 lsst_hardware_u 0.08294759402544878 2.5999999046325684 28.260000228881836 AB 4.6567785486194975 1.284185742466597
60971.2837 lsst_hardware_g -6.295706064137761 14.449999809265137 31.360000610351562 AB 4.471646048117645 1.241692758935648
60973.3265 lsst_hardware_r -23.37992366722359 23.850000381469727 31.479999542236328 AB 4.565251596965949 1.206754172381278
60973.3449 lsst_hardware_i 24.14390851461372 32.36000061035156 31.229999542236328 AB 4.503545767675744 1.22451056355891
60975.3192 lsst_hardware_z -18.419697669628786 43.970001220703125 30.93000030517578 AB 3.8306292310324705 1.2059276659946785
60975.3365 lsst_hardware_r 25.00504545022876 24.049999237060547 31.469999313354492 AB 3.740596287050487 1.2204892991626193
60977.3163 lsst_hardware_u -0.1234926226969643 2.6500000953674316 28.34000015258789 AB 3.644706941611973 1.2071230762680414
60977.3333 lsst_hardware_g 4.710126027403319 14.359999656677246 31.3799991607666 AB 3.6826494518002915 1.2235393272496677
60992.2723 lsst_hardware_z 18.15877169516099 44.31999969482422 30.940000534057617 AB 5.40248485249344 1.205732372971419
60992.2908 lsst_hardware_u -3.844139990687361 3.390000104904175 28.520000457763672 AB 5.396627274219291 1.22141696134737
60994.2738 lsst_hardware_g -9.852482445018362 14.640000343322754 31.3799991607666 AB 5.522145213895355 1.2095820415952607
60994.2912 lsst_hardware_r -28.599921212685835 24.459999084472656 31.469999313354492 AB 5.702728746887821 1.2301189078509078
60996.2626 lsst_hardware_r -10.652036191578325 24.100000381469727 31.479999542236328 AB 4.868344858161992 1.206230143251237
60996.282 lsst_hardware_i -11.617330489214563 32.599998474121094 31.229999542236328 AB 4.952088760665856 1.224350278720749
60998.2597 lsst_hardware_z -17.17333467593984 43.45000076293945 30.93000030517578 AB 6.306871409206108 1.2075189372404476
60998.2802 lsst_hardware_i 26.53655240865404 32.290000915527344 31.219999313354492 AB 6.459275257352634 1.2299867194805048
61000.2639 lsst_hardware_u 6.659242593972111 2.630000114440918 28.290000915527344 AB 4.148479987053116 1.2153749962069675
61000.2825 lsst_hardware_g -2.250404655283327 14.75 31.3799991607666 AB 3.9953662910855448 1.2444039527882718
61005.2315 lsst_hardware_i 20.97415822741839 32.41999816894531 31.229999542236328 AB 6.341867844203761 1.2044189239774974
61005.2512 lsst_hardware_z 28.9542800350779 44.040000915527344 30.93000030517578 AB 6.544671387898671 1.2164063046710867
