data/validation/pwv_sim_epoch_fit_seasonal/29566650.ecsv
# %ECSV 0.9
# ---
# datatype:
# - {name: time, datatype: float64}
# - {name: band, datatype: string}
# - {name: flux, datatype: float64}
# - {name: fluxerr, datatype: float64}
# - {name: zp, datatype: float64}
# - {name: zpsys, datatype: string}
# - {name: pwv, datatype: float64}
# - {name: airmass, datatype: float64}
# meta: {SNID: '29566650', alt: 1024.0, c: 0.029740402474999428, dec: -16.179399, lat: -30.244573, lon: -70.7499537, ra: 66.09375, t0: 61411.63671875,
#   x0: 1.3112814952815686e-05, x1: -0.9284969568252563, z: 0.4108140170574188}
# schema: astropy-2.0
time band flux fluxerr zp zpsys pwv airmass
[from data line 133]
61751.1836 lsst_hardware_z -9.723307808632834 66.58999633789062 30.989999771118164 AB 13.254420775356946 1.0436551791619644
61751.2022 lsst_hardware_i 51.988746868966444 76.91999816894531 31.329999923706055 AB 13.562465974995032 1.0679107066925222
61753.1807 lsst_hardware_z -77.8832687731577 68.19999694824219 30.989999771118164 AB 7.951152369101925 1.0462042590923586
61753.2005 lsst_hardware_r -70.73462030064073 100.04000091552734 31.649999618530273 AB 8.166181308525779 1.0744975405954973
61755.1609 lsst_hardware_r -4.084619588408649 62.0099983215332 31.649999618530273 AB 10.555875881385052 1.0350247179453902
61755.1776 lsst_hardware_y 41.274619000587585 50.41999816894531 30.049999237060547 AB 10.795855432150582 1.0487723801857707
61757.1224 lsst_hardware_g -11.611404904394183 13.729999542236328 31.420000076293945 AB 4.143975277890558 1.0370741049984114
61757.1428 lsst_hardware_r -9.93961085979908 31.670000076293945 31.56999969482422 AB 3.1277708038610954 1.0312748906809492
61759.1335 lsst_hardware_i -33.307826815897286 30.18000030517578 31.25 AB 3.1293192327183266 1.031247069605644
61759.1552 lsst_hardware_z -24.614557023188045 41.04999923706055 30.950000762939453 AB 3.1414207509278675 1.0382287865578932
61763.1469 lsst_hardware_g -16.489006340860467 18.920000076293945 32.150001525878906 AB 6.465932656542555 1.04020795632924
61763.1723 lsst_hardware_i 78.05119604387696 42.959999084472656 31.989999771118164 AB 7.017835923144308 1.0728722077831643
61767.0986 lsst_hardware_r 24.986497574956022 22.200000762939453 31.5 AB 5.497029150890066 1.035027141948798
61767.1249 lsst_hardware_u 1.412078846509398 2.700000047683716 28.469999313354492 AB 5.524880264734582 1.033525023021996
61769.1024 lsst_hardware_g 2.6008716263236984 13.5600004196167 31.420000076293945 AB 7.60923120495521 1.0317251896485151
61769.1226 lsst_hardware_r 1.8750655297648051 22.34000015258789 31.5 AB 7.690614320263147 1.0349830863444034
61771.1029 lsst_hardware_i -22.584455593144668 29.799999237060547 31.25 AB 7.145002714101763 1.0311960446685617
61771.1251 lsst_hardware_z -6.813489033048209 40.689998626708984 30.950000762939453 AB 7.245531573260416 1.0402414810200964
61773.0886 lsst_hardware_r 5.4782660929269245 23.950000762939453 31.510000228881836 AB 4.432979581728342 1.0324261034592936
61773.11 lsst_hardware_z 14.657692679939593 41.09000015258789 30.950000762939453 AB 4.444836223529004 1.0341638491226166
61775.0778 lsst_hardware_g 19.987314098061166 28.079999923706055 31.639999389648438 AB 10.910368298508038 1.03450133205405
61775.1012 lsst_hardware_i 13.301469165778972 34.75 31.270000457763672 AB 10.761765349156748 1.0328320178978934
61777.0813 lsst_hardware_z 144.34070482636753 68.87000274658203 31.719999313354492 AB 10.129174874655194 1.0315892529438035
61777.1007 lsst_hardware_r -89.54322877691658 70.83999633789062 32.380001068115234 AB 9.093780829235248 1.0349522946777596
61779.0875 lsst_hardware_y -96.2248910336513 73.81999969482422 30.809999465942383 AB 6.81135452225621 1.0320234124630623
61781.0534 lsst_hardware_z 80.89529060357488 63.130001068115234 30.989999771118164 AB 6.445063936442286 1.039526441361659
61781.0755 lsst_hardware_r 210.43459035107963 88.72000122070312 31.65999984741211 AB 6.393392474385056 1.0311923345782348
61784.0503 lsst_hardware_y -28.05288247127927 48.86000061035156 30.049999237060547 AB 6.924806857303059 1.0360661091906649
61784.0706 lsst_hardware_z 23.73392855881097 48.72999954223633 30.969999313354492 AB 6.880534788321696 1.0314226862857472
61785.0502 lsst_hardware_y -28.34733966426338 48.619998931884766 30.049999237060547 AB 6.182252424138595 1.0346433076672266
61785.0694 lsst_hardware_u -2.4983390784653245 2.7300000190734863 28.510000228881836 AB 6.171385379406337 1.031659207523627
61787.0486 lsst_hardware_y -8.04567865913044 49.040000915527344 30.049999237060547 AB 2.883879307530441 1.0330005579046981
61787.0668 lsst_hardware_i -19.805619672771634 29.75 31.25 AB 2.84482104340607 1.0323218881996155
61789.0356 lsst_hardware_y -114.22021439580753 69.1500015258789 30.059999465942383 AB 4.858237044714194 1.036700356300721
61789.0553 lsst_hardware_r 7.097906001137306 22.31999969482422 31.489999771118164 AB 3.794774374235587 1.0312587469897538
61791.0352 lsst_hardware_y -119.2099758875561 68.04000091552734 30.06999969482422 AB 12.446773841985538 1.0339927456634146
61791.0549 lsst_hardware_g -11.129396784574801 13.739999771118164 31.40999984741211 AB 12.333570720088492 1.0320619827834587
61793.035 lsst_hardware_z 23.302628515342292 58.63999938964844 30.979999542236328 AB 8.866789953634871 1.032142242003128
61793.0558 lsst_hardware_i 31.18181232183129 30.219999313354492 31.25 AB 7.416812945682356 1.0343508745111716
