data/validation/pwv_sim_epoch_fit_seasonal/29687190.ecsv
# %ECSV 0.9
# ---
# datatype:
# - {name: time, datatype: float64}
# - {name: band, datatype: string}
# - {name: flux, datatype: float64}
# - {name: fluxerr, datatype: float64}
# - {name: zp, datatype: float64}
# - {name: zpsys, datatype: string}
# - {name: pwv, datatype: float64}
# - {name: airmass, datatype: float64}
# meta: {SNID: '29687190', alt: 1024.0, c: -0.07549799978733063, dec: -11.71976, lat: -30.244573, lon: -70.7499537, ra: 357.011719, t0: 63146.21484375,
#   x0: 2.1588741542818497e-05, x1: 0.20686635375022888, z: 0.3318845331668854}
# schema: astropy-2.0
time band flux fluxerr zp zpsys pwv airmass
63037.4359 lsst_hardware_g -37.46905487793662 20.030000686645508 31.559999465942383 AB 3.851780571803438 1.0568748996579609
63045.4006 lsst_hardware_i 15.530965282507358 32.029998779296875 31.260000228881836 AB 5.507675786138384 1.064233763806267
63045.4197 lsst_hardware_y -54.32880835197466 47.54999923706055 30.040000915527344 AB 5.3727843254671015 1.0558334191275154
63047.4017 lsst_hardware_g 7.692317651466378 15.729999542236328 31.459999084472656 AB 4.2917764266596015 1.0597851082376168
63047.42 lsst_hardware_y 94.79981029562174 47.380001068115234 30.040000915527344 AB 4.759033756805247 1.0559986146757205
63049.4016 lsst_hardware_i -2.4032679808355253 31.75 31.260000228881836 AB 7.816968806746473 1.057371166681219
63049.421 lsst_hardware_y -19.63170507983489 47.43000030517578 30.049999237060547 AB 7.757443266524377 1.0576649078361908
63057.3705 lsst_hardware_z -38.9356363301259 77.44000244140625 31.729999542236328 AB 8.491046971891052 1.0622328707681434
63057.3904 lsst_hardware_r 41.15431913389528 60.209999084472656 31.639999389648438 AB 10.15843200977604 1.0557871480799625
63062.3389 lsst_hardware_i -4.269616231583209 31.690000534057617 31.25 AB 4.065300615108225 1.0811969721032513
63062.3545 lsst_hardware_z -5.620887270440237 41.939998626708984 30.950000762939453 AB 3.977194530840231 1.0639899761475575
63065.3501 lsst_hardware_u 2.536490076116376 2.75 28.43000030517578 AB 1.6598166447470288 1.0612638393523202
63065.372 lsst_hardware_g -0.5033807800430955 15.239999771118164 31.450000762939453 AB 1.6406065193111514 1.0561844544921575
63067.3404 lsst_hardware_i 12.146547859209136 31.549999237060547 31.25 AB 3.0200980483944933 1.064351735117002
63067.356 lsst_hardware_r -6.533400317635336 24.139999389648438 31.510000228881836 AB 2.9393678011590696 1.0563765682512378
63069.3489 lsst_hardware_z 49.594235304504615 41.77000045776367 30.950000762939453 AB 4.65970084159622 1.056781261323606
63069.3705 lsst_hardware_u -5.558150949232641 2.7699999809265137 28.450000762939453 AB 4.5832434607885215 1.059546149523431
63077.3794 lsst_hardware_i -12.99147304802554 31.860000610351562 31.25 AB 5.2272909877207665 1.0947206257006843
63077.4053 lsst_hardware_z -4.785222351835602 43.439998626708984 30.940000534057617 AB 5.400104960083794 1.1570620394787166
63079.1624 lsst_hardware_z 133.79395447969853 67.69000244140625 30.860000610351562 AB 7.812742307709307 1.9149269325866884
63079.1972 lsst_hardware_r -117.34585554540408 78.31999969482422 31.530000686645508 AB 6.962129477994683 1.4885887273882152
63083.2498 lsst_hardware_z -101.68540374709454 170.80999755859375 32.4900016784668 AB 1.1547769010584303 1.1493176422577063
63085.3073 lsst_hardware_z 10.252953621393768 59.90999984741211 30.979999542236328 AB 4.418806272392996 1.056288351966558
63085.3308 lsst_hardware_r -156.31064404427775 74.4000015258789 31.649999618530273 AB 4.3707701869545605 1.0619835231929768
63088.2518 lsst_hardware_i -34.52819643532908 34.5 31.270000457763672 AB 4.704017747143476 1.1097653192907053
63088.2715 lsst_hardware_z -68.24199950199622 43.630001068115234 30.959999084472656 AB 4.5899417058033825 1.076377254101749
63094.299 lsst_hardware_i 25.178957247661145 31.34000015258789 31.260000228881836 AB 5.097071046872343 1.058014090094759
63094.3169 lsst_hardware_r 7.727647654181545 24.030000686645508 31.510000228881836 AB 5.148779374417329 1.0715461757372173
63099.2626 lsst_hardware_z -74.72230577793508 41.939998626708984 30.950000762939453 AB 1.1155213296706763 1.0583693829892564
63099.2805 lsst_hardware_u 0.9464543488384015 2.7200000286102295 28.399999618530273 AB 1.078910777518461 1.0564609816582238
63102.2228 lsst_hardware_i -27.576887533849064 31.700000762939453 31.25 AB 2.78044944625193 1.0920139214185756
63102.2398 lsst_hardware_z -42.86898595091687 41.95000076293945 30.950000762939453 AB 2.7354268471410754 1.0689436682849063
63110.2092 lsst_hardware_z -19.141707224420422 96.76000213623047 31.0 AB 1.700839226145743 1.079326848955522
63110.226 lsst_hardware_r -285.3532242168831 145.8300018310547 31.65999984741211 AB 1.7427342771910597 1.0621031653779947
63115.2038 lsst_hardware_z -92.3137776207902 70.5999984741211 31.709999084472656 AB 0.7176081102286017 1.0694606709815229
63121.1647 lsst_hardware_r -33.160643235705656 24.98920469804783 31.5 AB 3.854219483341067 1.1035703602980864
63121.1832 lsst_hardware_i -4.242188418627716 32.14194803831642 31.25 AB 2.8844735477808987 1.074158471119997
63123.1657 lsst_hardware_z 96.40345113071997 43.03603741661273 30.940000534057617 AB 1.8400930639333788 1.091611467629056
63123.1834 lsst_hardware_i 48.87885560507625 33.07688584636294 31.260000228881836 AB 0.9385208605412265 1.0680180489800586
63125.1695 lsst_hardware_u 1.488495861808251 3.329214500656171 28.450000762939453 AB 3.2088750786009403 1.0776475132433474
63125.1892 lsst_hardware_g 39.75640480220237 18.170416924459968 31.479999542236328 AB 3.1519860487949245 1.0595504674082328
63135.145 lsst_hardware_r 4497.059309721121 85.22146472541961 31.6299991607666 AB 3.0132877708911896 1.0741282453271828
63135.1641 lsst_hardware_i 2870.2962159089775 71.8339876848541 31.309999465942383 AB 2.9940405337544775 1.0584635400970344
63136.1464 lsst_hardware_z 2230.9002987745057 73.95395244839534 30.979999542236328 AB 4.141202038773288 1.0695253199311179
63136.1661 lsst_hardware_i 3293.810394088691 82.12380388771344 31.31999969482422 AB 4.11983539027011 1.0567519116610735
63144.1051 lsst_hardware_g 4785.3874081604745 71.37735830770481 31.450000762939453 AB 3.8903325321941193 1.0974139724101888
63144.1319 lsst_hardware_r 7241.367789030828 91.95348912802895 31.59000015258789 AB 4.347725236161173 1.063013505173881
63146.1403 lsst_hardware_i 4874.243091563137 76.12584565595988 31.260000228881836 AB 4.124824844020324 1.0563833474527038
63146.1595 lsst_hardware_z 2991.0990112790555 68.46638614221935 30.950000762939453 AB 4.116560596698677 1.0591493816551167
63148.1085 lsst_hardware_z 3005.0615012011153 68.5718080473701 30.950000762939453 AB 6.180043480226346 1.0753512232862965
63148.1288 lsst_hardware_i 4893.814096807941 76.39592501053762 31.260000228881836 AB 3.714543246307751 1.0583749395881141
63150.1101 lsst_hardware_u 33.90588432164298 6.84695937169757 28.479999542236328 AB 4.483967364775181 1.067611277327424
63150.1282 lsst_hardware_g 3949.2841720548145 64.5952129667975 31.450000762939453 AB 4.694404523202619 1.0566636831938667
63152.1027 lsst_hardware_r 5902.42597044647 80.52891253520879 31.5 AB 5.5813813582181035 1.0695374836099116
63152.1201 lsst_hardware_i 4711.116558125894 75.01596819657283 31.25 AB 5.53979398590377 1.0574816720355884
63154.0962 lsst_hardware_z 2671.5827249077875 66.37356134474962 30.950000762939453 AB 6.637912604773759 1.0706310652860902
63154.1152 lsst_hardware_u 26.29367838473572 5.731797603585828 28.479999542236328 AB 6.555169494821747 1.0572854023906044
63156.1007 lsst_hardware_g 2814.4468260388926 54.64514069404013 31.459999084472656 AB 7.312923758028587 1.061895995841502
63156.1188 lsst_hardware_r 5116.682426963001 75.72443493203002 31.520000457763672 AB 7.275237106956219 1.05575926671836
63158.0962 lsst_hardware_i 3936.525526848764 70.05619356001803 31.25 AB 4.478240969244265 1.061257413174803
63158.1137 lsst_hardware_z 2179.6365834407407 62.67503621373445 30.950000762939453 AB 4.455403606338868 1.055761996723361
63162.0783 lsst_hardware_z 1812.0318822724223 61.17740497203288 30.950000762939453 AB 4.601502646230573 1.0667059162516541
63162.0965 lsst_hardware_g 2051.6160057775887 53.07662896495649 31.639999389648438 AB 5.637510325777035 1.0564059450533188
63164.0724 lsst_hardware_r 3666.9396658935175 86.3442421784839 31.639999389648438 AB 4.066141392913093 1.0671120112620476
63164.0886 lsst_hardware_i 3376.939311799001 78.7229681548143 31.31999969482422 AB 4.761151505684873 1.057054913380594
63167.0774 lsst_hardware_z 3574.102799499981 128.87712820778603 31.739999771118164 AB 2.81947793722866 1.0581639846980682
63169.0689 lsst_hardware_z 1713.2160600266782 83.17335360986029 30.989999771118164 AB 5.518566357474946 1.059632557118761
63169.0865 lsst_hardware_r 2830.999901420091 118.72870937404988 31.649999618530273 AB 6.33572048406743 1.0559534140112383
63171.05 lsst_hardware_r 2251.6194071841287 73.29521278441612 31.6299991607666 AB 4.2815807824434255 1.0703951956108564
63171.0692 lsst_hardware_i 2563.365937486182 76.38315551594764 31.31999969482422 AB 4.498150110857879 1.0571445618934865
63180.0451 lsst_hardware_z 1560.967567886255 56.821724400219516 30.950000762939453 AB 9.107061447387068 1.0569941327050152
63180.0642 lsst_hardware_i 1906.1916000758501 53.87530038246826 31.260000228881836 AB 9.152874421492358 1.0580134575762754
63182.0216 lsst_hardware_y 513.3369189504948 54.15435644149933 30.040000915527344 AB 5.6614639661872745 1.0687048544006181
63182.0396 lsst_hardware_u 4.355560156495136 3.3114065689280703 28.389999389648438 AB 5.5136053197156984 1.0570055729142693
63185.0226 lsst_hardware_y 453.78739716248043 54.81490092604579 30.040000915527344 AB 5.922762548360131 1.0611734140635687
63185.0395 lsst_hardware_r 910.039090281158 38.54785122788491 31.510000228881836 AB 5.887240706524748 1.0557548042067215
63188.0266 lsst_hardware_z 2374.3508008417934 84.24792290740093 31.709999084472656 AB 8.019422754419043 1.0561831667255144
63190.0179 lsst_hardware_y 464.68679502942325 67.86565073718137 30.059999465942383 AB 7.9094127494913264 1.0569606560713738
63190.0383 lsst_hardware_g 241.48704849960248 26.53634055069428 31.559999465942383 AB 7.935923197515045 1.0586288823569099
