data/validation/pwv_sim_epoch_fit_seasonal/29755816.ecsv
# %ECSV 0.9
# ---
# datatype:
# - {name: time, datatype: float64}
# - {name: band, datatype: string}
# - {name: flux, datatype: float64}
# - {name: fluxerr, datatype: float64}
# - {name: zp, datatype: float64}
# - {name: zpsys, datatype: string}
# - {name: pwv, datatype: float64}
# - {name: airmass, datatype: float64}
# meta: {SNID: '29755816', alt: 1024.0, c: -0.1264650672674179, dec: -27.279613, lat: -30.244573, lon: -70.7499537, ra: 108.808594, t0: 62562.69140625,
#   x0: 5.9618625231190845e-06, x1: 0.38251253962516785, z: 0.5698100924491882}
# schema: astropy-2.0
time band flux fluxerr zp zpsys pwv airmass
62420.2389 lsst_hardware_z -68.11936760369244 53.849998474121094 30.809999465942383 AB 8.071885361873568 2.242190378298213
62420.2581 lsst_hardware_r 1.5129643318480026 24.950000762939453 31.31999969482422 AB 7.916384656659316 1.8749948856194967
62422.2152 lsst_hardware_g 1.5454880754828086 11.869999885559082 30.770000457763672 AB 16.132733355326984 2.777076792241214
62422.2317 lsst_hardware_i 4.694177518023583 36.540000915527344 31.049999237060547 AB 13.303164597121448 2.2836090631055614
62425.2409 lsst_hardware_r 3.780459114262977 41.93000030517578 31.40999984741211 AB 13.851181998679719 1.9324309579268697
62425.2581 lsst_hardware_y 63.895714391815694 53.619998931884766 29.850000381469727 AB 12.27286324462163 1.686856253627539
62427.2547 lsst_hardware_r -21.314790570956845 59.939998626708984 31.5 AB 8.495207114785556 1.6623044936475015
62427.2731 lsst_hardware_i 6.354193565398101 49.52000045776367 31.229999542236328 AB 7.640281667052158 1.477453549345442
62429.2563 lsst_hardware_z 21.53903661302598 60.439998626708984 30.90999984741211 AB 2.002856485369557 1.5845383586789659
62429.2747 lsst_hardware_r 27.49678214871196 72.33999633789062 31.559999465942383 AB 1.8281192118755845 1.4200822464077558
62433.257 lsst_hardware_z -28.622821998858015 62.95000076293945 30.93000030517578 AB 4.359261554436247 1.4750490258638327
62433.274 lsst_hardware_r -75.84856005463448 79.47000122070312 31.579999923706055 AB 3.9952090476137148 1.3475324237271509
62435.2334 lsst_hardware_g -0.5597195044086588 68.3499984741211 31.459999084472656 AB 2.20869940802381 1.656007053814954
62435.2512 lsst_hardware_i -48.035841579897834 58.09000015258789 31.229999542236328 AB 2.069149352656334 1.4779638233259527
62438.2434 lsst_hardware_u -17.107412675643598 6.900000095367432 28.760000228881836 AB 4.8015981357677715 1.4746168201160172
62438.2607 lsst_hardware_g 30.555192292677116 41.27000045776367 31.579999923706055 AB 3.5352954721645555 1.3452418082817943
62440.2395 lsst_hardware_r 30.849154720324275 23.799999237060547 31.40999984741211 AB 5.588083779686782 1.4614463725098772
62440.2578 lsst_hardware_i -3.1261961211274074 34.939998626708984 31.219999313354492 AB 5.0497408572675155 1.3288791729651357
62442.2522 lsst_hardware_z -24.552491549306506 44.56999969482422 30.90999984741211 AB 4.1255690049083436 1.329756327125977
62442.2697 lsst_hardware_r -14.349704257477235 22.639999389648438 31.450000762939453 AB 3.8264812775606023 1.2332216611357154
62451.2799 lsst_hardware_r -14.207166784240638 21.989999771118164 31.469999313354492 AB 1.8432085086952905 1.1033322743723992
62451.2969 lsst_hardware_i 10.602729317750828 29.889999389648438 31.239999771118164 AB 2.11294605542091 1.062137762443487
62456.2633 lsst_hardware_g 33.98111820723702 30.780000686645508 31.6299991607666 AB 6.622058781927914 1.1117948825365076
62456.2803 lsst_hardware_r 2.0362550309371072 24.649999618530273 31.510000228881836 AB 6.234625629802716 1.068407575233685
62458.2806 lsst_hardware_r 71.53506344059724 51.52000045776367 31.6200008392334 AB 4.22593918585922 1.056484796464805
62458.2966 lsst_hardware_i 15.260976496922975 43.650001525878906 31.299999237060547 AB 4.7238255647640415 1.0299786826289792
62461.256 lsst_hardware_r 29.129890427835136 85.33000183105469 31.639999389648438 AB 3.607537613565469 1.094077319116369
62461.2726 lsst_hardware_z 58.87980079546659 60.13999938964844 30.979999542236328 AB 3.537273984337546 1.0561128536039648
62465.1816 lsst_hardware_i -35.82555841236724 59.470001220703125 31.260000228881836 AB 8.17357919561055 1.3818392553863508
62465.2004 lsst_hardware_z 21.664008409858546 57.52000045776367 30.950000762939453 AB 7.5121860768994715 1.2661699101465043
62466.2271 lsst_hardware_r 40.67328538504693 59.45000076293945 31.610000610351562 AB 6.013715200377809 1.139932745782878
62466.2451 lsst_hardware_z -78.5647694466086 52.75 30.969999313354492 AB 5.718941883741157 1.0869757761798955
62468.2 lsst_hardware_u 2.6201574978672753 3.700000047683716 28.549999237060547 AB 3.926694527967388 1.2270920399898086
62468.2162 lsst_hardware_g -17.845412180989427 27.479999542236328 31.579999923706055 AB 4.501731509808871 1.1591944147827657
62479.1444 lsst_hardware_g -15.04230708778332 13.170000076293945 31.299999237060547 AB 7.552321531500202 1.3746489864397893
62479.1666 lsst_hardware_i -27.55520179327534 31.290000915527344 31.219999313354492 AB 6.828661132840747 1.2434210432777533
62481.1236 lsst_hardware_r 35.19673656626358 25.59000015258789 31.420000076293945 AB 15.981824645000822 1.4955503235466907
62481.1453 lsst_hardware_z 35.45613906105775 44.95000076293945 30.920000076293945 AB 12.756680854865033 1.3324179883050633
62485.1278 lsst_hardware_z -78.69691810680426 49.779998779296875 30.93000030517578 AB 10.843423477377062 1.3761732422056197
62485.1501 lsst_hardware_r 42.76753329250696 43.0 31.56999969482422 AB 9.797496039893302 1.2440101740082077
62487.126 lsst_hardware_i -55.33844744220114 51.369998931884766 31.260000228881836 AB 12.686060324878815 1.3512819675348764
62487.1487 lsst_hardware_z 30.01604944491604 51.77000045776367 30.950000762939453 AB 11.485861650545372 1.224385852542346
62489.133 lsst_hardware_r 178.6280871180293 81.58000183105469 31.600000381469727 AB 4.206915912927635 1.2762733145021266
62489.1562 lsst_hardware_z 18.929321724229833 59.52000045776367 30.969999313354492 AB 4.099647820823857 1.1692400201993174
62491.1306 lsst_hardware_z -137.1155878295952 71.80999755859375 30.959999084472656 AB 5.2541638902034515 1.2599158060557143
62491.152 lsst_hardware_i 119.15551679288367 79.1500015258789 31.309999465942383 AB 4.856860296961624 1.1644354583940602
62495.1343 lsst_hardware_u -5.452318476031249 8.15999984741211 29.059999465942383 AB 7.571031981755811 1.1913972983604093
62495.1574 lsst_hardware_g -2.0809201077818895 57.86000061035156 31.690000534057617 AB 7.067719692738897 1.1100985106591112
62497.1622 lsst_hardware_i -35.087664746553536 49.84000015258789 32.0099983215332 AB 5.2947479716398265 1.0826598449319755
62497.1843 lsst_hardware_z 4.623788339992535 62.189998626708984 31.709999084472656 AB 5.743290922134697 1.038538486869199
62499.1563 lsst_hardware_r 35.14385441526126 22.1200008392334 31.479999542236328 AB 7.754144770782714 1.083737913456782
62499.1804 lsst_hardware_g 5.913413320839017 13.270000457763672 31.40999984741211 AB 7.305197752101063 1.0361247786824224
62501.1372 lsst_hardware_u 1.4252923720775905 2.700000047683716 28.440000534057617 AB 7.525179344513095 1.1215708092276764
62501.1593 lsst_hardware_r -0.13204057200089545 22.229999542236328 31.489999771118164 AB 7.179701427972461 1.0644084990137446
62503.1374 lsst_hardware_i 45.42851541254497 30.56999969482422 31.239999771118164 AB 5.094753121726257 1.1048130086689756
62503.1598 lsst_hardware_z -24.62020123685978 40.84000015258789 30.940000534057617 AB 4.862877962301685 1.0525330173446164
62505.142 lsst_hardware_r 3.046783736426438 22.280000686645508 31.479999542236328 AB 2.712933648879794 1.0787012520396795
62505.1633 lsst_hardware_u -0.9048267201281341 2.640000104904175 28.43000030517578 AB 2.5079202619601486 1.0372236134248418
62510.128 lsst_hardware_r 5.480715101163797 22.1299991607666 31.479999542236328 AB 6.908990884508279 1.0795298257044186
62510.145 lsst_hardware_g 3.145247900410335 13.229999542236328 31.399999618530273 AB 6.686675568330505 1.0447930575516413
62512.1256 lsst_hardware_r 10.416367480270388 26.030000686645508 31.530000686645508 AB 5.227224215796667 1.0724161082826398
62512.1428 lsst_hardware_i -30.89551983005001 31.649999618530273 31.260000228881836 AB 5.072013216155649 1.0394002184857112
62517.0341 lsst_hardware_y 159.35111772030373 84.26000213623047 29.940000534057617 AB 3.967612150539441 1.4226781152953232
62517.0511 lsst_hardware_z 1.8426639017707622 57.36000061035156 30.940000534057617 AB 4.436760963792984 1.307332880675649
62519.0416 lsst_hardware_y 63.114007447658864 103.86000061035156 30.709999084472656 AB 10.183468521749935 1.3320720122631544
62521.034 lsst_hardware_z 27.38225589867556 88.5 30.959999084472656 AB 12.026780429129717 1.3458043338141013
62521.0513 lsst_hardware_r -222.9908611206881 101.80999755859375 31.610000610351562 AB 10.281865103650066 1.2465385051909557
62523.0333 lsst_hardware_y 59.98968856824864 71.5999984741211 29.969999313354492 AB 12.006488467509257 1.3158396420851233
62523.0508 lsst_hardware_z 40.17922370844172 54.41999816894531 30.950000762939453 AB 13.203445558718514 1.2225412554368993
62527.0332 lsst_hardware_y 85.9394449261255 71.3499984741211 30.0 AB 13.67073942685671 1.255271127588459
62527.0508 lsst_hardware_i 19.575677677458884 31.559999465942383 31.229999542236328 AB 13.998624482262263 1.1756469758209143
62529.0318 lsst_hardware_y -26.112760575565392 73.41000366210938 29.989999771118164 AB 13.662542697613762 1.2349762901214645
62529.0499 lsst_hardware_r 16.237707739508622 22.790000915527344 31.459999084472656 AB 13.488750172719618 1.1582634604619415
62531.0322 lsst_hardware_y -6.723750848200401 67.19999694824219 30.0 AB 13.047583837475383 1.20779275537054
62531.0513 lsst_hardware_g -14.265337709411611 13.510000228881836 31.360000610351562 AB 12.606550170195833 1.134328619735086
62533.0321 lsst_hardware_z -10.249532316369176 58.19158047026658 30.959999084472656 AB 10.101140104459732 1.1849539684978279
62533.0503 lsst_hardware_i -0.2386506656749613 30.88956997198712 31.229999542236328 AB 9.102248093919698 1.1201043647340039
62537.0313 lsst_hardware_y -74.91799943112498 57.73691497067048 30.030000686645508 AB 6.400457951920504 1.1466244987317329
62537.0502 lsst_hardware_r 44.03620583440065 22.983133104906663 31.479999542236328 AB 6.473751815760673 1.0896279092380683
62541.0283 lsst_hardware_y 149.94141667760533 61.760738243876496 30.030000686645508 AB 6.183753713297288 1.1205835783685814
62541.0478 lsst_hardware_z 222.26029930500928 43.870265414600155 30.940000534057617 AB 6.321410892939494 1.069326191731966
62543.028 lsst_hardware_y 136.4131314313958 57.37677046397724 30.040000915527344 AB 0.5728336405296146 1.1053229918564682
62543.046 lsst_hardware_r 534.2060465797309 41.38817755373832 31.579999923706055 AB 1.0737410933456022 1.0615334585720375
62546.0345 lsst_hardware_z 877.8340158716895 85.78896004779929 31.719999313354492 AB 2.7461767534868593 1.0685512659481944
62550.0244 lsst_hardware_y 326.0798696159274 62.243280666976624 30.059999465942383 AB 3.758570103194975 1.0667654029881475
62550.0437 lsst_hardware_i 1024.4680237910654 80.69716524293726 31.34000015258789 AB 4.75315538492631 1.0323595406175081
62552.023 lsst_hardware_y 312.4876804707563 58.24762515029812 30.059999465942383 AB 3.9158774566306738 1.0583452585488307
62552.041 lsst_hardware_i 1350.1057939094553 62.734144819509034 31.31999969482422 AB 3.8056335983696865 1.0285496211809964
62554.0226 lsst_hardware_y 378.9926328489627 53.909965886225194 30.049999237060547 AB 5.041016742605541 1.0487552169082262
62554.0419 lsst_hardware_g 851.997568198568 31.69042123687678 31.389999389648438 AB 5.456007891448711 1.0207685484469058
62556.0212 lsst_hardware_y 407.86790309410566 53.685684022020155 30.049999237060547 AB 7.836380639432434 1.0417601966741912
62556.0413 lsst_hardware_i 1482.4806983639137 48.474911219431654 31.25 AB 7.732796021849911 1.0157357180940378
62557.0194 lsst_hardware_z 1053.0316142647869 55.618771498671265 30.959999084472656 AB 10.015458903665085 1.0402429272606029
62557.0382 lsst_hardware_u 8.668805703678258 3.821409792422113 28.350000381469727 AB 9.693506294369254 1.0160908065376577
62789.2597 lsst_hardware_i -5.909590968812998 59.4900016784668 31.200000762939453 AB 10.913110982255102 1.709268713937725
62789.2786 lsst_hardware_z -81.04504121351573 58.41999816894531 30.920000076293945 AB 9.638087595725244 1.5072857627677556
62796.2604 lsst_hardware_u -6.615513994616245 2.4000000953674316 28.059999465942383 AB 4.192930209746051 1.4990812333736332
62796.2779 lsst_hardware_g 4.280396958814832 13.619999885559082 31.299999237060547 AB 3.8218578100188605 1.3625161533044068
62799.2369 lsst_hardware_g 1.456558147102639 13.40999984741211 31.18000030517578 AB 7.313101001728111 1.655046997977247
62799.2542 lsst_hardware_r -10.558864963632825 23.809999465942383 31.399999618530273 AB 5.629949935644996 1.481565772538157
62801.2418 lsst_hardware_i -18.493673396144263 33.689998626708984 31.18000030517578 AB 4.8407090517411175 1.5451948134198763
62801.2592 lsst_hardware_z -11.94867237017877 45.31999969482422 30.920000076293945 AB 4.579143770511105 1.3981406861262784
62803.2441 lsst_hardware_r -25.482952218218962 23.950000762939453 31.420000076293945 AB 4.843758897960595 1.4745080359088572
62803.2621 lsst_hardware_g 14.223536354798389 13.630000114440918 31.329999923706055 AB 3.520253560845965 1.3406233808362926
62807.2489 lsst_hardware_r -30.250716883869373 23.40999984741211 31.43000030517578 AB 5.766628268750431 1.355577872296763
62807.2669 lsst_hardware_i -16.428739482414688 32.0099983215332 31.219999313354492 AB 3.8827407794015345 1.250480122190552
62809.2016 lsst_hardware_z 2.945840102739302 53.849998474121094 30.889999389648438 AB 8.121157329202921 1.7545349263725165
62809.2182 lsst_hardware_i 41.664941940713135 42.84000015258789 31.209999084472656 AB 8.756849940660148 1.5625141153855377
62810.2115 lsst_hardware_z -37.775311094628016 77.45999908447266 31.649999618530273 AB 6.801798021397224 1.6035358098416292
62813.306 lsst_hardware_r -115.9420774080517 62.709999084472656 31.639999389648438 AB 6.3959166204198965 1.0616803995606534
62813.3106 lsst_hardware_i 45.01699346723808 51.779998779296875 31.31999969482422 AB 6.365780669031584 1.0526301230312665
62817.2737 lsst_hardware_r -35.49613244016714 80.31999969482422 31.639999389648438 AB 4.573069550214889 1.1153828171255828
62817.2909 lsst_hardware_i -17.10348292925357 63.470001220703125 31.31999969482422 AB 4.389592538720174 1.0706323265171156
62822.2863 lsst_hardware_z -44.112712065355836 46.189998626708984 30.959999084472656 AB 4.22812717036023 1.0521218904347498
62822.3036 lsst_hardware_g 10.56622533685201 39.369998931884766 31.690000534057617 AB 3.891774497194327 1.025297898226787
62827.1857 lsst_hardware_z 5.264480403919267 46.220001220703125 30.90999984741211 AB 5.265451260139446 1.416967508110723
62827.1998 lsst_hardware_u 3.5594146856915927 2.5199999809265137 28.219999313354492 AB 4.849638680197163 1.3203481296480162
62829.2044 lsst_hardware_r 74.49853888964834 22.719999313354492 31.450000762939453 AB 9.927877483382257 1.2630887383437985
62829.2202 lsst_hardware_g -5.743469351658406 13.09000015258789 31.34000015258789 AB 8.983431947766752 1.1890054968642918
62831.1975 lsst_hardware_r 19.136406938254826 22.770000457763672 31.43000030517578 AB 5.848874921879972 1.270757877001618
62831.213 lsst_hardware_i -2.4798408494487147 31.25 31.219999313354492 AB 6.3243564150367035 1.1963220306510363
62833.2074 lsst_hardware_z -26.660928200743612 42.90999984741211 30.93000030517578 AB 3.922996378748812 1.1969173564103464
62833.2238 lsst_hardware_i 44.75730922851606 30.6200008392334 31.239999771118164 AB 4.476420368629331 1.134995022471761
62836.1867 lsst_hardware_r 48.54485756869669 22.729999542236328 31.459999084472656 AB 9.766429407954925 1.2557286284737428
62836.2094 lsst_hardware_u -3.294296546622056 2.640000104904175 28.389999389648438 AB 8.881242867206632 1.1566126324717165
62838.2088 lsst_hardware_z -3.8364432848033316 62.400001525878906 31.700000762939453 AB 7.185912105507313 1.1395135701289838
62840.1318 lsst_hardware_i -27.20042202991467 48.619998931884766 31.200000762939453 AB 3.9845944666891 1.5804043497034872
62840.153 lsst_hardware_z 58.30187175765574 51.91999816894531 30.920000076293945 AB 3.587437685159 1.3961164981973948
62842.139 lsst_hardware_r 20.063034765807842 70.6500015258789 31.540000915527344 AB 6.580721501938351 1.4628701793796286
62842.1609 lsst_hardware_z -40.7096603023302 56.810001373291016 30.950000762939453 AB 5.841921648178791 1.3079417101038378
62844.12 lsst_hardware_i -2.33395450546069 78.16999816894531 31.219999313354492 AB 9.708772734115607 1.5895174744788136
