data/validation/pwv_sim_epoch_fit_seasonal/29876824.ecsv
# %ECSV 0.9
# ---
# datatype:
# - {name: time, datatype: float64}
# - {name: band, datatype: string}
# - {name: flux, datatype: float64}
# - {name: fluxerr, datatype: float64}
# - {name: zp, datatype: float64}
# - {name: zpsys, datatype: string}
# - {name: pwv, datatype: float64}
# - {name: airmass, datatype: float64}
# meta: {SNID: '29876824', alt: 1024.0, c: -0.035047221928834915, dec: -60.056278, lat: -30.244573, lon: -70.7499537, ra: 49.166668, t0: 62474.98046875,
#   x0: 4.808807904350757e-06, x1: 0.36798104643821716, z: 0.6231749057769775}
# schema: astropy-2.0
time band flux fluxerr zp zpsys pwv airmass
62367.4259 lsst_hardware_i -8.351503266180055 41.779998779296875 31.270000457763672 AB 2.5395902892951407 1.1513500121478593
62369.4202 lsst_hardware_z -40.07937923500625 46.439998626708984 30.940000534057617 AB 1.736110685004913 1.1513306559855738
62375.3649 lsst_hardware_z -60.97915639220258 52.279998779296875 30.950000762939453 AB 3.1725338182749887 1.165729861574495
62375.3759 lsst_hardware_y 85.51472334457387 50.939998626708984 30.0 AB 3.7467606970846834 1.1581054623553182
62378.3865 lsst_hardware_r 35.04619941064799 57.220001220703125 32.31999969482422 AB 2.7979684996595147 1.151585333925089
62378.4043 lsst_hardware_y 7.113160253505806 70.73999786376953 30.75 AB 2.81410219802741 1.152848094234908
62387.405 lsst_hardware_i -21.13944805524851 33.459999084472656 31.239999771118164 AB 2.683714774187947 1.167170820899368
62389.3992 lsst_hardware_i 50.05492578896421 32.029998779296875 31.229999542236328 AB 2.62353295383276 1.1668790009634218
62389.4104 lsst_hardware_u -3.1929902108281287 10.979999542236328 29.15999984741211 AB 2.6689365424029883 1.1779917062246528
62390.3937 lsst_hardware_g 16.53962167541181 13.430000305175781 31.360000610351562 AB 2.8877221250202307 1.1645997479496815
62390.4056 lsst_hardware_r -5.204262109689421 26.0 31.5 AB 2.911735006294883 1.175706452960685
62393.3931 lsst_hardware_i -27.529183132807216 31.579999923706055 31.239999771118164 AB 1.4329730092000859 1.171287794455588
62393.4047 lsst_hardware_r 1.3928694564509143 28.639999389648438 31.520000457763672 AB 1.4252247697015012 1.1842332943095149
62395.4005 lsst_hardware_u -7.097312804017064 5.96999979019165 28.93000030517578 AB 5.0125597352705675 1.1858433251172384
62399.3837 lsst_hardware_i 9.88404763341542 31.149999618530273 31.229999542236328 AB 6.746161681813812 1.1786776765636593
62399.395 lsst_hardware_z -4.148864274164309 46.470001220703125 30.940000534057617 AB 7.137123771499867 1.1932329087438476
62404.2986 lsst_hardware_i 75.15881584074006 78.08999633789062 32.04999923706055 AB 7.1613112688124065 1.1571031295545138
62409.1748 lsst_hardware_z -3.87629354092278 64.43000030517578 31.65999984741211 AB 5.816631296642957 1.37796769375993
62409.1894 lsst_hardware_r 18.646550978800615 32.119998931884766 32.18000030517578 AB 5.577813181805889 1.3262613573288158
62409.2619 lsst_hardware_i -23.572947706919614 35.2400016784668 31.25 AB 2.758225886998442 1.1753803495737183
62409.2788 lsst_hardware_z 58.45402677276461 44.58000183105469 30.940000534057617 AB 2.7819262075135907 1.160748069894405
62411.3553 lsst_hardware_z 39.285083786858706 43.349998474121094 30.940000534057617 AB 2.8338991772639006 1.1839155454381982
62411.3669 lsst_hardware_i 5.109571264788641 32.400001525878906 31.229999542236328 AB 2.9765130291852215 1.2002068666067438
62413.3288 lsst_hardware_u -1.8487250550126941 2.5799999237060547 28.350000381469727 AB 3.10636832473092 1.162998249618465
62413.3406 lsst_hardware_g 6.485786183002775 13.050000190734863 31.350000381469727 AB 2.7596298367513796 1.1733951541709886
62414.3501 lsst_hardware_r -5.85105992309242 22.149999618530273 31.450000762939453 AB 9.027149678103202 1.1877828523820002
62414.3623 lsst_hardware_i -3.6640857259697137 31.190000534057617 31.219999313354492 AB 9.165380609762318 1.205971132863463
62418.3556 lsst_hardware_g -27.708798049850994 12.75 31.31999969482422 AB 3.4614562050175777 1.2131980390270436
62418.3673 lsst_hardware_r 11.381792195517516 22.389999389648438 31.450000762939453 AB 3.5308378690293236 1.235855046912609
62420.3435 lsst_hardware_i 26.04705975722752 30.959999084472656 31.219999313354492 AB 5.245165761638599 1.202054717918695
62420.3549 lsst_hardware_z -22.312126467226882 43.18000030517578 30.93000030517578 AB 5.339587870417437 1.2219435597956536
62422.2752 lsst_hardware_z 12.626709875309354 42.27000045776367 30.93000030517578 AB 6.428461955199548 1.1513319522162708
62422.2887 lsst_hardware_i 7.080555634202846 30.65999984741211 31.229999542236328 AB 6.417957722970253 1.1543435456045301
62423.2858 lsst_hardware_g -1.6830805934563577 12.8100004196167 31.34000015258789 AB 6.680109590503178 1.1542804597179697
62423.2992 lsst_hardware_r 4.323713581906352 22.030000686645508 31.459999084472656 AB 5.866846666230166 1.1613685251527401
62425.3206 lsst_hardware_r 8.933635139609688 22.270000457763672 31.459999084472656 AB 8.37755717602423 1.1885026613421932
62425.3317 lsst_hardware_i -14.047737769598264 31.350000381469727 31.229999542236328 AB 8.496764486608718 1.2050438925838134
62427.3207 lsst_hardware_z -23.85301806398861 64.22000122070312 31.690000534057617 AB 7.347387066081989 1.1963830437605558
62433.3134 lsst_hardware_i -29.16523199429497 59.59000015258789 31.290000915527344 AB 3.9371410977065295 1.2110243552784548
62433.3241 lsst_hardware_z 125.31131389144285 57.72999954223633 30.950000762939453 AB 3.8842533465603863 1.2312071466721415
62435.3144 lsst_hardware_i 11.225173549509309 48.630001068115234 31.280000686645508 AB 1.617384890968029 1.2228212381310704
62435.3251 lsst_hardware_z 10.298489822501066 51.56999969482422 30.950000762939453 AB 1.7081567182533486 1.2450121853158516
62437.3099 lsst_hardware_z 7.835564449648583 47.40999984741211 30.940000534057617 AB 3.4928830407252542 1.22467776446174
62437.321 lsst_hardware_r -99.48034552358969 42.86000061035156 31.559999465942383 AB 3.566393871665295 1.2480818448520208
62438.3184 lsst_hardware_i -17.968590624526804 38.290000915527344 31.239999771118164 AB 3.7998587305909353 1.2483793672202848
62438.3282 lsst_hardware_r -19.125588285394002 37.459999084472656 31.540000915527344 AB 3.8531917537228084 1.2722402884842214
62440.3151 lsst_hardware_u 1.8790126824730145 4.239999771118164 28.639999389648438 AB 4.309117896689175 1.2533792602352867
62440.3262 lsst_hardware_g 12.000460949543516 21.190000534057617 31.489999771118164 AB 4.408281118411355 1.2814149852462637
62451.256 lsst_hardware_u 3.535309063428345 2.8283488724689514 28.239999771118164 AB 2.018235427229975 1.1976473705256707
62451.2677 lsst_hardware_r 83.34941654660683 24.88617453609722 31.440000534057617 AB 2.0206301062965797 1.2171859482730976
62456.1555 lsst_hardware_r 620.0105328210635 55.53089818995202 31.59000015258789 AB 6.755970156729371 1.1577528294288106
62456.1659 lsst_hardware_z 344.81043555939885 52.20781154724844 30.950000762939453 AB 6.819478274980863 1.1533188542002328
62460.2373 lsst_hardware_r 1014.5313909548423 86.83547394744055 31.610000610351562 AB 5.9398389173060036 1.2069981204943534
62460.2493 lsst_hardware_i 832.2228584795209 69.84152268095038 31.290000915527344 AB 6.0420905850061075 1.2290455989706115
62465.0684 lsst_hardware_i 1120.121575297695 45.42365474710363 31.219999313354492 AB 6.396235262687538 1.240502038857251
62465.0751 lsst_hardware_z 758.9937045228239 51.26893286226808 30.93000030517578 AB 6.334279971098283 1.2266227674473826
62466.1614 lsst_hardware_z 818.7968708278672 54.486410817994724 30.940000534057617 AB 6.023303268750087 1.1522707439261513
62466.1746 lsst_hardware_r 1506.2618584545398 57.44593501671287 31.579999923706055 AB 5.382382238974173 1.157086830306164
62468.181 lsst_hardware_r 1571.3016258376986 45.41878711421656 31.459999084472656 AB 3.8267874122808365 1.1648685745870335
62468.1935 lsst_hardware_u 1.1302163988928609 3.955741444123008 28.510000228881836 AB 3.865668151818305 1.1767038156820977
62473.1836 lsst_hardware_g 352.2195421240658 22.95842925610329 31.34000015258789 AB 7.547988862428371 1.1810114612392513
62473.1953 lsst_hardware_r 1595.5027552818922 45.93684529538901 31.459999084472656 AB 7.636602605860695 1.1967235932833948
62479.1257 lsst_hardware_u 0.652533799718649 3.8945588474475037 29.149999618530273 AB 6.321961500236198 1.1522408566651419
62479.1364 lsst_hardware_g 290.3647834658365 20.71384687507485 31.360000610351562 AB 6.325236640597196 1.1557869363985838
62481.1693 lsst_hardware_z 982.7105283746503 52.69911600504553 30.93000030517578 AB 12.026535542660405 1.1907460933327134
62481.1834 lsst_hardware_r 1348.5178608591004 42.74251573216302 31.450000762939453 AB 12.250573508754703 1.212928070173733
62485.1089 lsst_hardware_z 1880.736016228709 79.94142023104433 31.700000762939453 AB 8.968273279681283 1.1521615124701439
62487.1018 lsst_hardware_r 1124.9032962318136 66.54123134461864 31.610000610351562 AB 11.084324987407154 1.151867502480068
62487.1147 lsst_hardware_i 1093.20657394297 59.17593088568781 31.290000915527344 AB 11.197400828429835 1.1558607306765665
62489.1046 lsst_hardware_z 1849.433647027421 89.97970925904893 31.719999313354492 AB 3.5467788659652366 1.1539869419115008
62489.1189 lsst_hardware_r 1160.3109436527634 80.53317493374054 31.6200008392334 AB 3.5375372113190124 1.1613713760075548
62491.1102 lsst_hardware_z 1687.0513365678935 91.82258948510564 31.719999313354492 AB 3.5937789308254366 1.1592835260727214
62493.1068 lsst_hardware_r 842.1235008172443 70.21156991940245 31.6200008392334 AB 4.953962981603155 1.1605863843512136
62493.1192 lsst_hardware_z 828.9640897528344 60.37737904002979 30.959999084472656 AB 4.973625165087683 1.1705401659420296
62495.1063 lsst_hardware_r 792.2059237444569 44.19504142422406 31.559999465942383 AB 7.016214119405638 1.1641304329526527
62495.1186 lsst_hardware_u 8.008241544172755 5.723253314529887 28.8700008392334 AB 7.06125868285816 1.1754561043503309
62497.0852 lsst_hardware_u 3.462968412052309 2.77545563921114 28.389999389648438 AB 5.805492982530829 1.154919775706138
62497.0974 lsst_hardware_g 65.17971356887156 15.567919627368946 31.360000610351562 AB 5.844374164460504 1.161614740762408
62501.085 lsst_hardware_z 533.3368303868517 48.68970129101499 30.93000030517578 AB 8.702348679507471 1.1606226566427675
62501.0974 lsst_hardware_r 451.1171163509175 29.997607725258916 31.459999084472656 AB 8.742844338881632 1.1705900370050233
62503.082 lsst_hardware_u 2.3729233464753228 2.752648910845055 28.299999237060547 AB 7.953312035887767 1.1623117745354308
62503.0937 lsst_hardware_g 71.81572870836068 14.516016861756043 31.329999923706055 AB 5.906964673523124 1.172307551182957
62505.0871 lsst_hardware_r 298.7974816524232 28.299195337456958 31.469999313354492 AB 2.6937394595206183 1.1711910693567906
62505.0997 lsst_hardware_z 514.3172925718186 48.21350887854614 30.93000030517578 AB 2.7262986181672066 1.1853472252900898
62507.0864 lsst_hardware_r 269.7850414545908 27.575375635531113 31.459999084472656 AB 10.082124389280462 1.1760779674874169
62507.0987 lsst_hardware_u -1.6453431628953483 2.7431457491454627 28.290000915527344 AB 10.222630773843076 1.191321530198958
62512.0753 lsst_hardware_r 234.94451451037392 32.34340379457175 31.530000686645508 AB 7.30937883451818 1.1789320700835773
62512.0875 lsst_hardware_z 432.2523724524044 48.78139271522805 30.940000534057617 AB 6.930012864988068 1.1948298043082877
62753.3903 lsst_hardware_g -9.740556453867878 12.850000381469727 31.350000381469727 AB 4.139564298239469 1.1581090522666548
62753.4015 lsst_hardware_r -2.0233565254296093 22.829999923706055 31.469999313354492 AB 4.1775706675155115 1.1659150175636936
62755.4033 lsst_hardware_i -3.958319564739654 57.709999084472656 31.299999237060547 AB 2.9260622288262508 1.172574611651862
62758.2023 lsst_hardware_i 133.98218341464045 85.73999786376953 32.0 AB 1.2745855875051766 1.449216131330502
62758.2242 lsst_hardware_z -25.132545187871113 82.66000366210938 31.690000534057617 AB 1.6660047734646226 1.359079352928312
62765.388 lsst_hardware_i 62.7323419782167 32.75 31.239999771118164 AB 4.086959144246458 1.1864312778130366
62765.4006 lsst_hardware_z -42.64070947574395 61.33000183105469 30.959999084472656 AB 3.651911945858239 1.2049532115345174
62767.3875 lsst_hardware_r 75.84478890209951 23.40999984741211 31.469999313354492 AB 1.670515079342458 1.1932250566731843
62767.3996 lsst_hardware_u 4.32029079110908 11.180000305175781 29.139999389648438 AB 1.7288655470601635 1.2125298985810615
62772.3475 lsst_hardware_g 4.874002539677778 12.670000076293945 31.31999969482422 AB 5.47411796519083 1.1642105412996235
62772.3595 lsst_hardware_r -5.884327886606214 21.979999542236328 31.450000762939453 AB 5.606134604192256 1.1752902734156438
62774.3522 lsst_hardware_i -40.29778257151165 30.90999984741211 31.219999313354492 AB 3.760637069553524 1.1733657003287883
62774.3643 lsst_hardware_r 24.354353408648258 22.079999923706055 31.440000534057617 AB 3.8368798116285388 1.1875820928434992
62781.3616 lsst_hardware_z -0.26400938644090727 43.16999816894531 30.940000534057617 AB 4.366538383925531 1.212927328868203
62781.3737 lsst_hardware_r -19.884460043610893 23.059999465942383 31.459999084472656 AB 4.450981017253676 1.2363836159037989
62787.339 lsst_hardware_r -0.6056549522687643 73.77999877929688 31.610000610351562 AB 6.572953599022266 1.2024795436818487
62787.3507 lsst_hardware_y -25.916289956325237 53.31999969482422 29.989999771118164 AB 6.694075888725145 1.2230345716306135
62789.3393 lsst_hardware_z 48.596645025085245 51.45000076293945 30.940000534057617 AB 7.114169692950233 1.2121260303195058
62789.3505 lsst_hardware_r 45.09739692867518 56.130001068115234 31.579999923706055 AB 7.2612522057831095 1.2335432270080877
62791.3311 lsst_hardware_r 57.549734890725894 43.0 31.579999923706055 AB 6.523025884639557 1.2074273953890184
62791.3413 lsst_hardware_i 42.831515373266875 41.20000076293945 31.260000228881836 AB 5.995512443720147 1.2259925929493598
62793.3077 lsst_hardware_z 40.870591716202824 44.77000045776367 30.940000534057617 AB 4.490095194605297 1.1816039985803415
62793.3197 lsst_hardware_r 28.065088918737754 31.709999084472656 31.540000915527344 AB 4.552172731213442 1.19794019242459
62794.1275 lsst_hardware_i -19.181921630864295 32.18000030517578 31.200000762939453 AB 4.596172071323117 1.3534075592825905
62794.1443 lsst_hardware_z -33.47808570443531 44.15999984741211 30.920000076293945 AB 4.334754106300221 1.2989973348219237
62796.3206 lsst_hardware_r 16.121430825425044 22.860000610351562 31.459999084472656 AB 3.118148855791928 1.212854891883671
62796.3313 lsst_hardware_z -51.02733453243481 43.43000030517578 30.93000030517578 AB 3.0377766278178506 1.2333644449114727
62801.3184 lsst_hardware_g -3.312626277886864 12.890000343322754 31.31999969482422 AB 3.909491453842617 1.2349337293981626
62801.3272 lsst_hardware_r 37.87410332220182 22.469999313354492 31.440000534057617 AB 3.898465488834795 1.2545343487803042
62803.3225 lsst_hardware_i 11.157603530540243 31.889999389648438 31.229999542236328 AB 3.7707037511356827 1.2563428757670223
62803.3327 lsst_hardware_z 3.5057421151584776 44.5 30.93000030517578 AB 3.8674337221837267 1.2823764759934109
62807.3048 lsst_hardware_z 96.77097757171833 43.779998779296875 30.93000030517578 AB 3.7400126451031865 1.2408801078645322
62807.3159 lsst_hardware_r -0.13026636993394616 22.530000686645508 31.440000534057617 AB 3.8131263285490014 1.2669596838683135
62809.2385 lsst_hardware_i 8.48367774781035 37.13999938964844 31.270000457763672 AB 6.509050054841409 1.158778160076059
62813.2401 lsst_hardware_z -150.91604545562214 114.29000091552734 32.470001220703125 AB 5.5621447431955 1.1680270355303444
62817.2518 lsst_hardware_z 80.049596627038 55.939998626708984 30.959999084472656 AB 4.897188482710611 1.194436215295271
62817.262 lsst_hardware_r 42.56236108666249 71.76000213623047 31.610000610351562 AB 4.963737391218973 1.2106676563948715
62822.2385 lsst_hardware_z 1.7874408012614726 45.2400016784668 30.940000534057617 AB 6.781568291052715 1.1949549131098116
62822.2501 lsst_hardware_i -7.6527677282656095 37.06999969482422 31.25 AB 4.898677478766499 1.21374565876276
62827.1663 lsst_hardware_i 63.479159646872354 30.5 31.229999542236328 AB 4.824394753645595 1.1513152701405445
62829.2395 lsst_hardware_g -2.8412629962586413 12.819999694824219 31.309999465942383 AB 9.428161016770641 1.2299205570428577
62829.2519 lsst_hardware_r 19.509683894590903 22.469999313354492 31.440000534057617 AB 10.891157549493066 1.2573006752791474
62831.2333 lsst_hardware_i -6.422303929526352 31.360000610351562 31.209999084472656 AB 6.498635559949218 1.2284368280676028
62831.2455 lsst_hardware_z 7.8947071515032565 43.869998931884766 30.920000076293945 AB 6.63573212833265 1.2550639211296013
62835.1828 lsst_hardware_r -7.42857162090591 22.209999084472656 31.469999313354492 AB 5.271997033796171 1.1706010733023842
62836.0725 lsst_hardware_y -38.33654208688193 48.97999954223633 29.989999771118164 AB 9.987854794976073 1.2031627202428312
62836.0816 lsst_hardware_g 4.017446586193928 21.270000457763672 31.520000457763672 AB 9.891891918593053 1.1896442475758036
62838.1797 lsst_hardware_i -70.37767384373637 37.959999084472656 31.260000228881836 AB 7.513720496456258 1.17578099934966
62838.1908 lsst_hardware_z -56.22528636368231 45.880001068115234 30.940000534057617 AB 7.5996292409704065 1.1893066813112072
62840.2031 lsst_hardware_r 12.234725765866159 50.189998626708984 31.59000015258789 AB 3.0058722584848803 1.2176507140336417
62840.2148 lsst_hardware_z -18.681174871656715 50.279998779296875 30.940000534057617 AB 3.274749211903898 1.2411405010056897
62844.1681 lsst_hardware_z 19.89936564802205 84.2300033569336 31.719999313354492 AB 7.122552884577659 1.1812351896144382
62844.1817 lsst_hardware_i 7.048208441897673 90.94000244140625 32.04999923706055 AB 7.227657820152327 1.1999099892342824
62849.1064 lsst_hardware_z -40.33616070505578 46.59000015258789 30.950000762939453 AB 8.488886499399854 1.151347687427079
62849.121 lsst_hardware_r -66.9681155318407 40.33000183105469 31.579999923706055 AB 8.531689004079814 1.154725452267688
62851.1028 lsst_hardware_u 1.801502640556577 2.5399999618530273 28.31999969482422 AB 11.634364473414808 1.1515092578599821
62851.1151 lsst_hardware_g 29.251935257024552 12.84000015258789 31.350000381469727 AB 11.661456573959276 1.1545544383315351
62853.0982 lsst_hardware_r -22.10211605744787 22.06999969482422 31.469999313354492 AB 4.560382628475273 1.1516117748671924
62853.1122 lsst_hardware_i -79.0500454265043 30.649999618530273 31.229999542236328 AB 4.701475851602599 1.1556270016229249
62858.1058 lsst_hardware_u -3.269825571610256 2.5999999046325684 28.350000381469727 AB 4.976719267589703 1.1594888209348557
62858.1192 lsst_hardware_r -41.12284391609589 22.309999465942383 31.459999084472656 AB 4.970783428900212 1.1698713647682308
62860.0841 lsst_hardware_g 2.5925216562226514 12.970000267028809 31.350000381469727 AB 6.938868530275561 1.1525402425506053
62860.0974 lsst_hardware_i 26.584388400365984 30.90999984741211 31.229999542236328 AB 6.982861754777124 1.157780187320619
62863.0802 lsst_hardware_z -60.16104160866097 42.599998474121094 30.940000534057617 AB 7.305017731950938 1.153788206583957
62863.0915 lsst_hardware_r -5.170720458306636 22.34000015258789 31.469999313354492 AB 6.226291481537429 1.1590986313752585
62866.0838 lsst_hardware_r 18.981313507437534 28.90999984741211 31.530000686645508 AB 8.660714535094884 1.1593995361572322
62866.0975 lsst_hardware_i -31.986601858105516 34.29999923706055 31.25 AB 8.772761452744104 1.170013530640718
62868.0837 lsst_hardware_z 9.632473802380712 46.439998626708984 30.940000534057617 AB 5.862511850427802 1.1630237267128507
62868.0958 lsst_hardware_r 49.19555281874024 39.83000183105469 31.56999969482422 AB 5.96865260143155 1.1737186178519343
