data/validation/pwv_sim_epoch_fit_seasonal/29891290.ecsv
# %ECSV 0.9
# ---
# datatype:
# - {name: time, datatype: float64}
# - {name: band, datatype: string}
# - {name: flux, datatype: float64}
# - {name: fluxerr, datatype: float64}
# - {name: zp, datatype: float64}
# - {name: zpsys, datatype: string}
# - {name: pwv, datatype: float64}
# - {name: airmass, datatype: float64}
# meta: {SNID: '29891290', alt: 1024.0, c: -0.004972995258867741, dec: -37.732746, lat: -30.244573, lon: -70.7499537, ra: 170.859375,
#   t0: 61814.5234375, x0: 5.109515722759096e-06, x1: -0.0637044757604599, z: 0.6080312132835388}
# schema: astropy-2.0
time band flux fluxerr zp zpsys pwv airmass
[from data line 133]
62206.1034 lsst_hardware_r -24.483793581632334 23.079999923706055 31.479999542236328 AB 8.702219548849289 1.1588023723444232
62206.1233 lsst_hardware_z 13.54843013397926 41.970001220703125 30.940000534057617 AB 8.347964254297935 1.1008788413949389
62206.1863 lsst_hardware_u -0.5650163180039917 2.7300000190734863 28.5 AB 8.983119266375326 1.0125247144246396
62206.1979 lsst_hardware_g 0.538173858972332 13.5600004196167 31.420000076293945 AB 8.93037709956077 1.0092532180099192
62208.107 lsst_hardware_r -21.754243902860868 22.889999389648438 31.479999542236328 AB 14.807451612248103 1.1302535388328088
62208.129 lsst_hardware_u -1.729558447096582 2.740000009536743 28.469999313354492 AB 15.057745431805493 1.0755532451289638
62208.194 lsst_hardware_r -28.75628266155708 22.270000457763672 31.5 AB 13.974234797082282 1.009097524747335
62208.206 lsst_hardware_i -53.86161251958114 30.030000686645508 31.260000228881836 AB 14.004085846339915 1.0101407181692874
62213.0928 lsst_hardware_i -8.072970956185292 31.25 31.25 AB 9.01056425674663 1.1318737878650418
62213.1129 lsst_hardware_z -0.7088461984466004 41.650001525878906 30.950000762939453 AB 8.701306655391612 1.0807062852128937
62213.2106 lsst_hardware_r 7.060641559483029 22.510000228881836 31.510000228881836 AB 6.01453124706901 1.0194120757744085
62213.2231 lsst_hardware_i -2.9608820276972843 30.31999969482422 31.260000228881836 AB 6.084594713569685 1.031287239588082
62216.0932 lsst_hardware_r 14.935972473837664 23.06999969482422 31.510000228881836 AB 5.429140277013744 1.1079878116354578
62216.1124 lsst_hardware_u -1.541853008392517 2.869999885559082 28.579999923706055 AB 5.219716206255584 1.0652482053582824
62220.1835 lsst_hardware_r -80.9818246204651 38.880001068115234 31.6200008392334 AB 7.041093396108169 1.0142014254387182
62220.1953 lsst_hardware_z -34.29675582139894 44.560001373291016 30.969999313354492 AB 7.025328136421083 1.0225476091582824
62222.0894 lsst_hardware_y 129.3543068249247 73.20999908447266 30.799999237060547 AB 6.914114670876202 1.0784207139767394
62224.0798 lsst_hardware_r 55.308788582632815 115.5 31.65999984741211 AB 7.379593708719977 1.0874732845151582
62224.0986 lsst_hardware_i 148.25270119472256 91.02999877929688 31.34000015258789 AB 7.251032578771314 1.0512932804771882
62224.1849 lsst_hardware_z 41.66903401407187 76.31999969482422 31.0 AB 6.730553393035844 1.0230100154076014
62224.196 lsst_hardware_r 99.27313935144417 114.44000244140625 31.65999984741211 AB 6.805584000722774 1.0347550556063294
62226.1873 lsst_hardware_i -1.16094927596666 87.88999938964844 31.34000015258789 AB 4.795781264106402 1.0309443439733272
62226.1993 lsst_hardware_z -76.66904272099637 74.83999633789062 30.989999771118164 AB 4.906318151680718 1.0466998136885743
62228.1909 lsst_hardware_r 1.2241340178281512 64.98999786376953 31.649999618530273 AB 8.547859222592233 1.0424218564136871
62228.2021 lsst_hardware_z -28.16836889301883 53.77000045776367 30.979999542236328 AB 8.69397788423119 1.0602412053940475
62232.1329 lsst_hardware_g 4.909658215658751 13.609999656677246 31.40999984741211 AB 11.70165304825947 1.0090241483365932
62232.145 lsst_hardware_r -1.5504805682099796 22.219999313354492 31.489999771118164 AB 11.641185478607419 1.0115732949780518
62234.0674 lsst_hardware_g 16.425276748069326 13.800000190734863 31.40999984741211 AB 7.954677175692471 1.0577793722247917
62234.0849 lsst_hardware_r 10.488436176834544 22.440000534057617 31.489999771118164 AB 7.700750331396575 1.0325028377291354
62241.9846 lsst_hardware_y 3.4438306404967074 50.36000061035156 29.989999771118164 AB 18.42154973222396 1.239013517847084
62242.0028 lsst_hardware_r 36.35416114977412 23.110000610351562 31.479999542236328 AB 18.349639524628365 1.1666923161869307
62242.1084 lsst_hardware_z -51.66997585943296 40.54999923706055 30.950000762939453 AB 16.132956646562338 1.0092559678800337
62242.1193 lsst_hardware_r 6.101889010499348 22.280000686645508 31.5 AB 16.15802980405441 1.0122176159903784
62244.1135 lsst_hardware_u -3.6583800414426935 2.759999990463257 28.530000686645508 AB 11.436459034831525 1.012076020781551
62244.1251 lsst_hardware_g 12.516187124605029 13.75 31.440000534057617 AB 11.992965920791736 1.018770465578639
62245.981 lsst_hardware_y -36.81907280955267 49.58000183105469 30.0 AB 10.904785204961966 1.207661988810436
62245.9998 lsst_hardware_z -13.071020858780972 42.54999923706055 30.940000534057617 AB 10.156013579584585 1.1406551884524636
62246.1081 lsst_hardware_r 7.374946504731335 22.25 31.5 AB 6.931715130549154 1.0121015935389222
62246.1208 lsst_hardware_z 32.662107278708234 40.630001068115234 30.950000762939453 AB 6.943658797296931 1.0196517972486254
62248.0991 lsst_hardware_r 41.2951654750222 32.349998474121094 31.579999923706055 AB 9.160600451922015 1.0108062879125366
62248.1102 lsst_hardware_y 27.749776348019573 47.25 30.049999237060547 AB 9.21688808313999 1.0160455739479668
62250.1054 lsst_hardware_z -53.93101398660747 50.060001373291016 30.969999313354492 AB 9.250869795432992 1.0164673986850887
62250.1169 lsst_hardware_r 41.51734176545963 55.5099983215332 31.639999389648438 AB 9.263126857054587 1.0258169276915379
62253.9745 lsst_hardware_y 75.09966896569772 62.689998626708984 30.020000457763672 AB 1.2299535127076284 1.1516418658311127
62253.9937 lsst_hardware_z -94.71040263427274 75.66000366210938 30.989999771118164 AB 1.1645013532761692 1.0972922056783692
62254.0546 lsst_hardware_i 104.16999760066747 86.52999877929688 31.350000381469727 AB 1.6473512929819654 1.0128197313138427
62254.0655 lsst_hardware_z -15.35565161374763 74.02999877929688 31.0 AB 1.627396754170091 1.0094469683676777
62256.9722 lsst_hardware_y 100.3472952404899 50.0099983215332 30.020000457763672 AB 13.093492508874158 1.1332432498592224
62256.9919 lsst_hardware_i -1.2863457632290356 30.510000228881836 31.239999771118164 AB 12.492866441589188 1.0825707488378846
62258.9713 lsst_hardware_y 60.2555184774249 49.310001373291016 30.030000686645508 AB 14.773813105204857 1.1200768085826276
62258.9913 lsst_hardware_r 5.928730302686692 22.149999618530273 31.479999542236328 AB 14.145330731077939 1.0724013088684596
62263.9677 lsst_hardware_z -40.9428728061216 43.86000061035156 30.950000762939453 AB 10.732130352346678 1.0941570242743186
62263.986 lsst_hardware_i -19.09127483589528 30.31999969482422 31.25 AB 10.370765889617708 1.0568933390693205
62264.0829 lsst_hardware_g -16.913609133344423 13.5 31.43000030517578 AB 10.574995994072681 1.0302327720405937
62264.0938 lsst_hardware_r -16.756150556947368 22.260000228881836 31.5 AB 10.821434495032756 1.0441368675253526
62270.0241 lsst_hardware_i 18.78611117012004 29.829999923706055 31.260000228881836 AB 5.9461258021884555 1.0091577748177165
62270.0371 lsst_hardware_u -0.9890275195634789 2.6600000858306885 28.459999084472656 AB 5.947418245419367 1.010248693397019
62277.0162 lsst_hardware_i -27.21964794351462 35.5 31.290000915527344 AB 6.762868017027582 1.0098228856384122
62277.0293 lsst_hardware_r 53.48318645122312 33.66999816894531 31.59000015258789 AB 6.77394066236165 1.0150126484153061
62280.0145 lsst_hardware_r -124.2209857866607 73.6500015258789 31.65999984741211 AB 7.607020017750029 1.0117960564509016
62280.0266 lsst_hardware_i -30.087766306385582 61.720001220703125 31.329999923706055 AB 7.574330520070719 1.0186256442995474
62285.0007 lsst_hardware_g 6.821534780192666 70.26000213623047 31.739999771118164 AB 9.537322414729521 1.0117385871353806
62285.014 lsst_hardware_r 4.891956790896203 70.80000305175781 31.65999984741211 AB 9.61701200987768 1.0194172050821702
62287.998 lsst_hardware_i -6.6394185677787085 29.709999084472656 31.25 AB 6.987026925504846 1.0143031030710534
62288.0104 lsst_hardware_r -4.735152925064004 22.010000228881836 31.489999771118164 AB 6.958058774097412 1.0232439373672666
