data/validation/pwv_sim_epoch_fit_seasonal/29981131.ecsv
# %ECSV 0.9
# ---
# datatype:
# - {name: time, datatype: float64}
# - {name: band, datatype: string}
# - {name: flux, datatype: float64}
# - {name: fluxerr, datatype: float64}
# - {name: zp, datatype: float64}
# - {name: zpsys, datatype: string}
# - {name: pwv, datatype: float64}
# - {name: airmass, datatype: float64}
# meta: {SNID: '29981131', alt: 1024.0, c: -0.019565260037779808, dec: -58.919773, lat: -30.244573, lon: -70.7499537, ra: 198.482147,
#   t0: 60348.6640625, x0: 3.0592668962881544e-05, x1: 1.081543207168579, z: 0.285550981760025}
# schema: astropy-2.0
time band flux fluxerr zp zpsys pwv airmass
60340.3626 lsst_hardware_r 8248.155033447245 105.6893185810937 31.610000610351562 AB 13.308848549818322 1.148304447784152
60340.3742 lsst_hardware_y 1012.6111877055431 64.90982966556665 30.030000686645508 AB 13.294248288031321 1.1431815081073153
60346.3608 lsst_hardware_i 6438.525045178379 86.41097010491804 31.229999542236328 AB 4.936486737829875 1.1423747151472086
60346.3718 lsst_hardware_z 3669.173197137754 73.87102175843228 30.93000030517578 AB 4.993006332017216 1.1411499092316273
60350.3846 lsst_hardware_r 9196.088621095269 99.76104822540627 31.530000686645508 AB 4.467252345028982 1.1480004313077428
60352.3526 lsst_hardware_z 3878.7120320050003 73.66536047745373 30.940000534057617 AB 7.0321007719614395 1.1412042797730346
60352.3641 lsst_hardware_i 6741.19128100222 86.93552579536284 31.229999542236328 AB 7.064971801935951 1.1421520399745617
60354.3532 lsst_hardware_u 49.88488511971169 7.74839289974967 28.329999923706055 AB 2.804238585910281 1.1413262457917301
60354.3637 lsst_hardware_g 5015.215641643895 72.21735783823404 31.360000610351562 AB 2.78994025607842 1.1435353032394566
60359.3519 lsst_hardware_z 3143.1884233195065 69.62584925502313 30.950000762939453 AB 3.628997997733616 1.1441927475775984
60359.3634 lsst_hardware_u 39.95441664575134 6.454078543192099 28.440000534057617 AB 3.556030369584295 1.1500435099046364
60363.3539 lsst_hardware_i 5090.549895131705 89.21696080504222 31.299999237060547 AB 11.343349189132168 1.1509858475071535
60363.3582 lsst_hardware_z 2550.0695865636826 72.92149522757408 30.959999084472656 AB 11.344233440585423 1.154120331041653
60365.3602 lsst_hardware_i 4766.354296247199 94.02965216534186 31.309999465942383 AB 9.98131012840087 1.1606174567907988
60365.3716 lsst_hardware_z 2264.9066484146015 76.55027926676613 30.969999313354492 AB 10.089498901893581 1.1731975467318119
60367.3461 lsst_hardware_z 4339.640174075226 105.24238070965627 31.709999084472656 AB 5.996742050329161 1.1532196250633
60369.3378 lsst_hardware_r 9738.645385508482 136.18989563882332 32.369998931884766 AB 4.798988339755805 1.151181610736061
60369.3496 lsst_hardware_i 3640.7978909561784 83.52399342640925 31.290000915527344 AB 4.917020894864252 1.1609296751278115
60372.3411 lsst_hardware_z 4290.678271357026 91.49495678551496 31.690000534057617 AB 8.686660694878844 1.1606329633632786
60375.3437 lsst_hardware_g 2105.7594642546173 50.477699382533125 32.150001525878906 AB 10.083180214047852 1.1724628155869596
60375.3558 lsst_hardware_r 5857.7146472727 83.97664383377082 32.209999084472656 AB 10.227761708935704 1.1892746173181052
60386.2969 lsst_hardware_z 2078.342039904744 61.36520568240301 30.93000030517578 AB 6.981289579760119 1.155332565052937
60386.3088 lsst_hardware_u 6.373212732537061 3.5314110025455516 28.260000228881836 AB 7.093995747917311 1.1667756164337681
60390.2287 lsst_hardware_z 1870.835871432698 64.71010539835385 30.950000762939453 AB 6.648845271800156 1.1469293935398819
60390.2413 lsst_hardware_r 1513.9799419639767 64.84238429877074 31.610000610351562 AB 6.566168753720048 1.1422734857152883
60393.232 lsst_hardware_i 1987.5957278498638 83.02103309313647 31.309999465942383 AB 8.125353422551315 1.1425385642209904
60393.246 lsst_hardware_z 1593.2895664754851 73.75832606761512 30.969999313354492 AB 8.054760566540185 1.1413050749614149
60398.2389 lsst_hardware_z 2530.941350271542 97.05978898806977 31.709999084472656 AB 7.295358805237767 1.1422795624067115
60400.2281 lsst_hardware_z 1078.7560138502279 60.175726433219815 30.950000762939453 AB 4.848927383315161 1.1414164659222001
60400.2401 lsst_hardware_r 1120.2853455417535 60.641510992558175 31.600000381469727 AB 4.849469854217098 1.1442826461106883
60402.2274 lsst_hardware_i 1464.1883196845172 51.58652229974241 31.25 AB 8.186704689823792 1.142158235125917
60402.2389 lsst_hardware_z 972.5069717577833 54.16255202083881 30.93000030517578 AB 8.160264852799227 1.1461046141571822
60414.1939 lsst_hardware_u -4.681489581159523 2.7200000286102295 28.440000534057617 AB 11.306011444970897 1.1420213580778684
60414.2053 lsst_hardware_g 18.195008883592642 13.479999542236328 31.389999389648438 AB 11.342682976573268 1.145725553189219
60421.1978 lsst_hardware_z 115.812635643018 57.540000915527344 30.959999084472656 AB 10.533278814833512 1.1526266690193698
60421.2093 lsst_hardware_r 102.2511971399212 73.04000091552734 31.6200008392334 AB 9.731047581866358 1.1626333756386655
60425.1306 lsst_hardware_z -17.090646551690114 74.0199966430664 30.979999542236328 AB 9.904889534129083 1.1483486088416774
60425.1436 lsst_hardware_r -25.092926063873268 108.61000061035156 31.6299991607666 AB 10.241346853012583 1.1428373961850078
60431.1351 lsst_hardware_g -27.41622398508366 13.649999618530273 31.40999984741211 AB 8.531639047495682 1.1414072931897226
60431.1481 lsst_hardware_r -10.03280614465042 22.75 31.489999771118164 AB 8.560489618382002 1.1421600558214813
60442.0932 lsst_hardware_r 25.507457284451984 31.920000076293945 32.220001220703125 AB 7.338017409985611 1.1441220430308536
60442.108 lsst_hardware_i 89.83632305794748 43.66999816894531 31.979999542236328 AB 7.311300077076495 1.1412464186286917
60444.1133 lsst_hardware_i -36.886714613955945 44.9900016784668 31.989999771118164 AB 7.453735414264515 1.142320340368248
60444.1243 lsst_hardware_z -18.773096862380804 60.47999954223633 31.690000534057617 AB 7.579199313470518 1.146178268221462
60446.105 lsst_hardware_r 26.89672792669127 33.91999816894531 31.559999465942383 AB 9.706274379315582 1.1417803057658398
60446.1169 lsst_hardware_z -103.0632848740607 45.0099983215332 30.940000534057617 AB 9.752193117426865 1.1452957272374473
60448.0963 lsst_hardware_y 45.805605394859704 50.130001068115234 30.010000228881836 AB 9.142535575437476 1.1413902091682242
60448.1088 lsst_hardware_r -29.218549057701008 49.349998474121094 31.600000381469727 AB 9.16531791522885 1.1442344463456744
60459.0899 lsst_hardware_r -7.4360646793138345 22.600000381469727 31.479999542236328 AB 13.966139426382506 1.1498313822276673
60459.1023 lsst_hardware_u 0.7068453813547186 2.690000057220459 28.420000076293945 AB 14.02724432495997 1.159515959905788
60461.0403 lsst_hardware_u 4.341283166375861 2.559999942779541 28.31999969482422 AB 7.782723728543948 1.14451819537411
60461.052 lsst_hardware_g -13.127679101856891 13.289999961853027 31.3700008392334 AB 8.441399367560857 1.1415523847224383
60463.0753 lsst_hardware_i -23.183276884891452 31.010000228881836 31.229999542236328 AB 10.238615153709103 1.1476659833217235
60463.0886 lsst_hardware_z 50.58931491648731 42.79999923706055 30.93000030517578 AB 10.521710845963712 1.1570266222365595
60465.0362 lsst_hardware_z -21.227118417118273 42.33000183105469 30.940000534057617 AB 11.565340633928674 1.1424063054158908
60465.0476 lsst_hardware_r -25.86435450545924 22.43000030517578 31.469999313354492 AB 10.86335855475391 1.1412689334732362
60467.0847 lsst_hardware_r -10.29126613298196 22.399999618530273 31.459999084472656 AB 4.806827523884064 1.1636929124961422
60467.0973 lsst_hardware_i 15.77225517310767 31.100000381469727 31.219999313354492 AB 5.023008038808127 1.1787409352647358
60483.998 lsst_hardware_r 48.298383729314466 79.79000091552734 31.6299991607666 AB 5.413124244624777 1.141407326225697
60484.0114 lsst_hardware_z 42.36489230665681 60.939998626708984 30.969999313354492 AB 4.672244799739951 1.1445969622096892
60486.0191 lsst_hardware_u 0.42802269579229235 2.5299999713897705 28.290000915527344 AB 4.705091440919688 1.1517971703597476
60486.0322 lsst_hardware_g -6.942662784167198 29.8799991607666 31.600000381469727 AB 4.761981769214223 1.1630664583279873
60487.9957 lsst_hardware_g 9.792846079358311 13.109999656677246 31.360000610351562 AB 7.3181561018948775 1.1429856469014676
60488.0077 lsst_hardware_r -21.638621522656422 22.18000030517578 31.459999084472656 AB 8.335286080776658 1.1480451416851638
60491.9969 lsst_hardware_r -2.821280389107434 22.219999313354492 31.469999313354492 AB 10.67746615168123 1.1481146399657236
60492.0094 lsst_hardware_u 4.485741900730965 2.559999942779541 28.31999969482422 AB 10.260525615187605 1.1570281478560673
60493.9947 lsst_hardware_g 14.599014570519646 13.100000381469727 31.350000381469727 AB 9.433930169882958 1.150081902986727
60494.0056 lsst_hardware_i 31.245947374040178 30.93000030517578 31.229999542236328 AB 9.152116155353715 1.1584957158675588
60495.9973 lsst_hardware_z 2.535145299393785 42.380001068115234 30.93000030517578 AB 7.560819545505403 1.156029694537292
60496.0092 lsst_hardware_r -25.606402703764882 22.360000610351562 31.459999084472656 AB 6.713846937218872 1.1676932466610805
60499.996 lsst_hardware_r -16.88680209943202 22.520000457763672 31.479999542236328 AB 9.28541041130149 1.1651914181580485
60500.0079 lsst_hardware_i -60.71077449347066 31.010000228881836 31.239999771118164 AB 9.654674440763158 1.179725203034009
60710.3659 lsst_hardware_i 3.3578007182062786 31.34000015258789 31.239999771118164 AB 9.490254688051392 1.142074052876343
60710.3794 lsst_hardware_y 106.17110114399098 56.709999084472656 30.030000686645508 AB 8.749410023696147 1.1414755412519435
60712.3658 lsst_hardware_g -1.2925786576282468 13.75 31.389999389648438 AB 4.93390332871957 1.141336673631498
60712.3789 lsst_hardware_y 28.486783054237396 53.0 30.020000457763672 AB 4.962953798197633 1.1423094517870875
60715.3671 lsst_hardware_i -4.123634793477723 31.270000457763672 31.239999771118164 AB 7.550019093556271 1.14165033736155
60715.3791 lsst_hardware_y -10.99279347269151 52.209999084472656 30.020000457763672 AB 7.615482053971522 1.1450130888545365
60717.3643 lsst_hardware_g -26.93665485151685 48.130001068115234 31.670000076293945 AB 5.08667623221892 1.142110857641071
60717.3752 lsst_hardware_z -66.10538816189879 51.540000915527344 30.959999084472656 AB 4.478817142394593 1.1456972929320859
60719.3633 lsst_hardware_r -77.71973522105046 80.73999786376953 31.6200008392334 AB 6.39399296368961 1.143247542454267
60719.3743 lsst_hardware_i -41.69147780652092 64.05999755859375 31.309999465942383 AB 6.391981729521727 1.148019588024377
60721.3548 lsst_hardware_z 42.416298434022266 56.790000915527344 30.969999313354492 AB 4.610258835073116 1.142425680850729
60721.3654 lsst_hardware_r -13.67615826757822 71.55000305175781 31.6200008392334 AB 4.645078501128586 1.1462254166881152
60723.3563 lsst_hardware_z -90.49701229983901 77.22000122070312 31.709999084472656 AB 4.714722620348604 1.1446279728935997
60725.3517 lsst_hardware_r 7.2244287208426545 50.08000183105469 31.610000610351562 AB 3.519857514692869 1.1449794029903613
60725.3627 lsst_hardware_z -26.10618486581921 50.06999969482422 30.959999084472656 AB 3.6356635014496343 1.1509817179104973
60730.3385 lsst_hardware_u -0.9236117814092722 2.819999933242798 28.459999084472656 AB 11.519497829339896 1.1451741691001471
60730.3493 lsst_hardware_g 5.094564660745673 14.369999885559082 31.40999984741211 AB 11.604132260236506 1.1511560130850913
60732.3366 lsst_hardware_r 13.53897380641055 22.360000610351562 31.469999313354492 AB 7.717696843541165 1.146845507621839
60732.3488 lsst_hardware_i -21.172110689796604 30.889999389648438 31.239999771118164 AB 7.755845620567611 1.1548310929970043
60734.3386 lsst_hardware_z 101.39018340853883 42.29999923706055 30.940000534057617 AB 5.519095399093776 1.1513106438787537
60734.351 lsst_hardware_r 51.68892246234577 22.43000030517578 31.469999313354492 AB 5.534788923288318 1.1616725623440691
60737.2966 lsst_hardware_i 73.38368995936717 30.729999542236328 31.229999542236328 AB 6.9393985650607375 1.1414423168123593
60737.308 lsst_hardware_u -2.262300323756795 2.5199999809265137 28.290000915527344 AB 6.9431028405103525 1.1418168549126921
60739.2932 lsst_hardware_g -3.530562637457177 13.140000343322754 31.360000610351562 AB 11.101716443532775 1.1412908412925202
60739.3048 lsst_hardware_r -26.37712880943066 22.389999389648438 31.469999313354492 AB 11.12892070691075 1.1422478401837985
60741.3355 lsst_hardware_r 10.972602627520127 22.299999237060547 31.459999084472656 AB 10.022452860521552 1.165401495409483
60741.3475 lsst_hardware_u 2.308997583573237 2.549999952316284 28.309999465942383 AB 10.149194451514033 1.1801388897109342
60743.3318 lsst_hardware_g -16.39525747180935 13.149999618530273 31.350000381469727 AB 8.40482228795067 1.1673364288820376
60743.3443 lsst_hardware_r -21.653285600704695 22.40999984741211 31.459999084472656 AB 8.177128673986951 1.1833332620363883
60750.2719 lsst_hardware_z -7.526363766643712 65.79000091552734 30.979999542236328 AB 8.569096155348099 1.1417342541323596
60750.2849 lsst_hardware_r 12.699187574862997 92.88999938964844 31.6299991607666 AB 8.604182268126728 1.1456331452706918
60752.28 lsst_hardware_z 22.45255128262103 60.0099983215332 30.969999313354492 AB 7.332174582823538 1.145891005859065
60752.291 lsst_hardware_r -84.82669311941876 75.01000213623047 31.6299991607666 AB 7.323975402102981 1.1524140462765626
60754.2874 lsst_hardware_z -123.84813429638274 73.41999816894531 31.709999084472656 AB 5.755840968625515 1.153802709912731
60756.2258 lsst_hardware_z -10.341781342935066 45.63999938964844 30.959999084472656 AB 6.561049421807722 1.1474545370792488
60756.2369 lsst_hardware_g 3.4939960794555964 31.010000228881836 31.6299991607666 AB 6.541393950587916 1.142934295385192
60758.2244 lsst_hardware_r -32.253145632402365 22.959999084472656 31.489999771118164 AB 6.768967483106287 1.145470580399304
60758.2368 lsst_hardware_i -29.94749208559458 31.420000076293945 31.25 AB 6.773202551390847 1.1417754982256465
60760.2301 lsst_hardware_u -1.2051411474393179 2.680000066757202 28.43000030517578 AB 7.443853959722836 1.1419873116424704
60760.2416 lsst_hardware_g -0.9303630620945037 13.289999961853027 31.3799991607666 AB 7.428412134850938 1.1413985712593313
60762.2316 lsst_hardware_r 38.37957451997188 22.510000228881836 31.489999771118164 AB 8.753540095395921 1.1412698950972364
60762.2421 lsst_hardware_i -33.654362122515366 30.979999542236328 31.25 AB 8.73510129998259 1.142291264545912
60764.2308 lsst_hardware_z 101.6464680733668 42.130001068115234 30.940000534057617 AB 7.4975558241623705 1.1414121319641939
60764.2423 lsst_hardware_r 14.37667514593216 22.440000534057617 31.479999542236328 AB 7.352970935348963 1.1438971585794901
60767.2342 lsst_hardware_u -2.097900321510933 2.6600000858306885 28.399999618530273 AB 9.780234290675208 1.1439316492660776
60767.2461 lsst_hardware_g 15.681271614443471 13.369999885559082 31.3799991607666 AB 9.776979179983403 1.1497594143568488
60769.208 lsst_hardware_g -19.0665318937566 13.199999809265137 31.360000610351562 AB 5.181210530703192 1.1416129846211727
60769.2198 lsst_hardware_r -14.356493383769033 22.229999542236328 31.459999084472656 AB 6.279458938570321 1.1417198070127856
60773.2108 lsst_hardware_z 32.052408823476995 68.63999938964844 31.709999084472656 AB 10.60159824224435 1.1420444082994843
60775.2046 lsst_hardware_r 42.703165663675655 69.9800033569336 31.6299991607666 AB 5.6256336461924885 1.1419128481056509
60775.2164 lsst_hardware_i -9.863211591543244 57.65999984741211 31.309999465942383 AB 5.4741939139970865 1.1455483916009528
60778.1961 lsst_hardware_z -26.54642324877993 73.98999786376953 30.979999542236328 AB 11.096056138054397 1.141863250635904
60778.207 lsst_hardware_r -179.69182520502326 110.1500015258789 31.6299991607666 AB 11.362513010994304 1.1450298633853853
60780.1979 lsst_hardware_z -139.73190935940846 97.80000305175781 31.719999313354492 AB 11.322318770025497 1.143668562628838
60782.1939 lsst_hardware_r 13.851448531308998 69.93000030517578 31.6299991607666 AB 15.61348671989484 1.1441804719254611
60782.2043 lsst_hardware_z 29.790422343944837 57.27000045776367 30.969999313354492 AB 15.710818834962826 1.1492497593330768
60784.1844 lsst_hardware_r -7.47153366952246 45.290000915527344 31.600000381469727 AB 10.36374895923695 1.1428924745519746
60784.196 lsst_hardware_y 46.567117540279796 49.88999938964844 30.020000457763672 AB 10.364123750194642 1.147616404627948
