data/validation/pwv_sim_epoch_fit_seasonal/30052184.ecsv
# %ECSV 0.9
# ---
# datatype:
# - {name: time, datatype: float64}
# - {name: band, datatype: string}
# - {name: flux, datatype: float64}
# - {name: fluxerr, datatype: float64}
# - {name: zp, datatype: float64}
# - {name: zpsys, datatype: string}
# - {name: pwv, datatype: float64}
# - {name: airmass, datatype: float64}
# meta: {SNID: '30052184', alt: 1024.0, c: 0.054760124534368515, dec: 2.388015, lat: -30.244573, lon: -70.7499537, ra: 200.917969, t0: 62210.6953125,
#   x0: 4.464362107986372e-06, x1: -0.661227822303772, z: 0.642903745174408}
# schema: astropy-2.0
time band flux fluxerr zp zpsys pwv airmass
62171.3635 lsst_hardware_i -2.689405816288556 63.90999984741211 31.299999237060547 AB 9.964346719837412 1.1929539532090443
62171.382 lsst_hardware_y 102.20659388072222 69.72000122070312 30.010000228881836 AB 8.942331836117708 1.1854091957206099
62173.3682 lsst_hardware_r 118.02058552597519 36.95000076293945 31.559999465942383 AB 5.184131323897983 1.1867526876531056
62173.3874 lsst_hardware_y -88.86785310931087 69.97000122070312 30.010000228881836 AB 5.203079659002175 1.188686667707918
62175.3704 lsst_hardware_g -25.1415874662071 18.43000030517578 31.489999771118164 AB 9.627944199424444 1.1853911147794445
62177.3664 lsst_hardware_z 95.26801808367536 43.869998931884766 30.940000534057617 AB 4.063332074641083 1.185451349209686
62177.3856 lsst_hardware_y 6.820856083366185 62.63999938964844 30.020000457763672 AB 4.5563317338998015 1.195887594199423
62179.365 lsst_hardware_g 5.92235028919723 15.268053583303862 31.40999984741211 AB 7.351828104228603 1.1861613591849955
62179.3828 lsst_hardware_y 49.34183969803089 53.93144086071665 30.0 AB 6.109329821002614 1.1987696685857703
62181.1759 lsst_hardware_r 23.565734648965496 24.962106043204084 31.1299991607666 AB 4.226003802777313 2.8132722530415926
62185.3397 lsst_hardware_u 2.627728911015757 2.848695025330395 28.420000076293945 AB 6.269076693553481 1.185640982232337
62185.3571 lsst_hardware_r -7.208616033520619 24.64377083068518 31.479999542236328 AB 6.233283325822338 1.1902203820489785
62189.3397 lsst_hardware_r 109.15840812855144 27.451196336228346 31.479999542236328 AB 11.147031472684802 1.186801327940889
62189.3561 lsst_hardware_u 10.497018780709048 3.466973108980349 28.350000381469727 AB 11.266299967346429 1.1994676710597558
62191.3391 lsst_hardware_g 71.48458361364823 16.93033287652066 31.420000076293945 AB 11.934331386700373 1.1891719392211615
62191.357 lsst_hardware_r 274.65085681276145 29.78656677577576 31.489999771118164 AB 12.215180528083925 1.2080284023158654
62193.3378 lsst_hardware_i 463.54035041190076 38.37596946123693 31.239999771118164 AB 7.824769691798598 1.1921187875526758
62193.3569 lsst_hardware_z 465.45186777769356 47.80223939612997 30.93000030517578 AB 8.20921895026207 1.2169017121645944
62195.3079 lsst_hardware_z 446.9944218976563 78.50889772752444 30.979999542236328 AB 6.232639235793274 1.186830283879515
62195.3271 lsst_hardware_r 659.7150146635875 112.15365646684351 31.6200008392334 AB 6.255605442803899 1.1885442346086177
62197.3072 lsst_hardware_z 567.1966410181382 95.10642467067619 30.979999542236328 AB 4.132794677043525 1.1855973254726822
62197.3258 lsst_hardware_r 772.9719451225715 135.7949000811869 31.6200008392334 AB 4.148105349605039 1.191271130675134
62201.3048 lsst_hardware_r 1244.7794059713024 58.62235839980044 31.59000015258789 AB 8.463541277195578 1.1861174798115999
62201.3239 lsst_hardware_z 810.2257710518886 57.00433311647049 30.940000534057617 AB 8.542569991056697 1.2001362729779006
62203.3063 lsst_hardware_g 343.3018375629226 28.28598447845444 31.530000686645508 AB 11.546603978163628 1.189145620820147
62203.3254 lsst_hardware_r 1255.188292165435 46.22494830136229 31.510000228881836 AB 11.656596486530127 1.2098180058671966
62205.2694 lsst_hardware_r 1341.8924577249072 44.16012574011602 31.489999771118164 AB 11.322247618553593 1.1940780023785693
62205.2888 lsst_hardware_i 1294.918087671463 47.96734842710897 31.239999771118164 AB 11.224407183313566 1.1853846428676373
62207.3062 lsst_hardware_r 1398.8673008531302 44.27754171746194 31.479999542236328 AB 8.962398139142262 1.1985821650474688
62207.3257 lsst_hardware_g 241.96185468199357 21.700450056375317 31.399999618530273 AB 9.256500799024666 1.230917659444795
62209.2739 lsst_hardware_u 1.1476982643001807 2.7395923753630282 28.329999923706055 AB 12.891493525858793 1.185679090611821
62209.2931 lsst_hardware_r 1407.2075842346344 44.10198503724574 31.469999313354492 AB 12.572153343750777 1.1913157198077202
62212.2719 lsst_hardware_r 1350.852844919335 43.70805529332861 31.489999771118164 AB 9.365843174177801 1.185549768883266
62212.2913 lsst_hardware_u -0.2628245117389872 2.7944421680932265 28.3700008392334 AB 9.457830505121727 1.197193734825535
62215.2729 lsst_hardware_g 127.16348652527952 19.851794246253625 31.43000030517578 AB 5.923437683122332 1.188768976778071
62215.2907 lsst_hardware_r 1218.0515354945685 42.77737344451685 31.5 AB 6.017036642304686 1.206867013900786
62223.2443 lsst_hardware_z 837.8911494833051 77.19272756420096 30.969999313354492 AB 9.05750730752498 1.1860033138045019
62223.2621 lsst_hardware_i 1030.1741161830082 86.15374720411018 31.309999465942383 AB 9.163542606303828 1.198109732791942
62231.2423 lsst_hardware_g 26.177547478432523 32.87203889205007 31.600000381469727 AB 8.506801696207802 1.200508283404996
62231.2609 lsst_hardware_r 488.51821803351646 42.14106456386358 31.549999237060547 AB 8.408297671552674 1.2325267768326993
62233.2098 lsst_hardware_r 373.82503829336764 31.47348842863743 31.479999542236328 AB 10.194184326011468 1.1854851430578492
62233.2278 lsst_hardware_i 600.2507552980038 41.13112686076652 31.229999542236328 AB 10.21354033711559 1.1914886894997045
62235.2085 lsst_hardware_z 570.9802592581171 50.02260610417237 30.940000534057617 AB 8.782041431210105 1.185480754752984
62235.2269 lsst_hardware_i 531.5958168271669 40.0720245791943 31.239999771118164 AB 8.912249532522216 1.1955262295459956
62237.1921 lsst_hardware_u -1.4717111447767042 2.6724836392337323 28.270000457763672 AB 3.902295401391317 1.1872808705838038
62237.2096 lsst_hardware_g 32.0759321726959 16.21010414900348 31.399999618530273 AB 3.3240748215129696 1.187169579111775
62241.1434 lsst_hardware_r 243.31929190295216 28.71867035086353 31.479999542236328 AB 13.087604826579618 1.239806573716433
62241.1607 lsst_hardware_i 348.71678969222666 38.09634275987802 31.229999542236328 AB 12.754497683188553 1.2064413245543468
62243.2008 lsst_hardware_z 444.64909261029027 48.30846147338454 30.940000534057617 AB 16.31812206817555 1.191727210207935
62243.2184 lsst_hardware_u -1.211685638549698 2.8991225136555716 28.399999618530273 AB 16.04719044278368 1.213428727336569
62245.1908 lsst_hardware_g 16.079473494163018 16.440635486011136 31.440000534057617 AB 10.784135999204643 1.1886620004634494
62245.2086 lsst_hardware_r 93.08429123494672 27.87669947951002 31.489999771118164 AB 10.857186794880278 1.2065887027900108
62247.1948 lsst_hardware_i 298.31966467770627 36.73174752155652 31.239999771118164 AB 8.109260007868802 1.1962030743014826
62247.2113 lsst_hardware_z 319.3682278303247 48.26109687593292 30.940000534057617 AB 9.739579337079993 1.2202947716020707
62249.1878 lsst_hardware_i 276.10339896967116 44.27674722297977 31.270000457763672 AB 4.904134597692835 1.1946734708143323
62249.2053 lsst_hardware_z 404.2511366532264 50.9872245123352 30.940000534057617 AB 5.00676005012971 1.2192775509691023
62251.1927 lsst_hardware_z 644.5476315400292 93.8390485418657 31.719999313354492 AB 15.263798305609841 1.2073003965812088
62251.2103 lsst_hardware_r 196.8089443632762 115.68726204065885 32.36000061035156 AB 15.773022905450896 1.2419703075158186
62253.1878 lsst_hardware_i 201.8679030682928 123.30676458341526 31.309999465942383 AB 4.19074665230671 1.2081431790433759
62253.206 lsst_hardware_r -53.364639792504434 157.38615483750652 31.610000610351562 AB 4.405857128094484 1.244885461199289
62255.1634 lsst_hardware_z 434.14728073187325 120.5424291899654 31.729999542236328 AB 9.858629938467061 1.1886101743336723
62258.1575 lsst_hardware_g 59.736555257808384 55.51352148553758 31.65999984741211 AB 8.81249835623052 1.1900204838265915
62258.1751 lsst_hardware_r 11.37262210487739 55.41007848198921 31.59000015258789 AB 9.546255561059997 1.2096117031247304
62260.1581 lsst_hardware_i 103.86937167728996 38.700898291208645 31.25 AB 12.040303353490026 1.1949981410661115
62260.1763 lsst_hardware_z 239.05333748388125 48.632866597847745 30.940000534057617 AB 11.26925160004198 1.221246064376185
62262.1506 lsst_hardware_i 150.99718019947014 34.67653415306973 31.239999771118164 AB 4.088525313594176 1.1931203950081495
62262.1697 lsst_hardware_u 3.9365584212505595 3.113594891509624 28.34000015258789 AB 4.01607166633783 1.2190847919673673
62265.1466 lsst_hardware_i 87.74830814253431 34.559524115908346 31.229999542236328 AB 9.098781340821844 1.197208071160769
62265.1646 lsst_hardware_r 99.489463409479 25.963558025322463 31.479999542236328 AB 9.310917673606903 1.2251207465272242
62269.1135 lsst_hardware_r 58.42727184412969 25.718002382362542 31.479999542236328 AB 7.60050257810733 1.1853867970326732
62269.1351 lsst_hardware_i 108.73896487945805 34.28940418526714 31.229999542236328 AB 8.30914476819208 1.1965934285991167
62271.0802 lsst_hardware_i 102.02260524811251 34.39851384365018 31.229999542236328 AB 7.8288872768336075 1.2044441964359396
62271.1015 lsst_hardware_z 235.8062291904801 45.65501727285304 30.93000030517578 AB 7.852432522796178 1.1864518234918848
62276.0828 lsst_hardware_i 111.90460875729411 35.783475329064444 31.239999771118164 AB 8.628888797645835 1.1886886186633543
62276.1031 lsst_hardware_z 177.76980819814617 45.77319130345889 30.93000030517578 AB 9.620449459102632 1.1871724066187583
62278.0753 lsst_hardware_g 84.48238375300312 45.62648548496814 31.639999389648438 AB 5.912536884670492 1.1899445302480873
62278.0982 lsst_hardware_r 29.045101498209622 49.542892502022696 31.59000015258789 AB 5.528598108595087 1.1874136831175017
62281.0689 lsst_hardware_i 151.5921105001333 92.76398162348607 31.309999465942383 AB 5.761080582289688 1.1888321465723666
62281.0898 lsst_hardware_r 88.1709879362743 111.79204640406614 31.6200008392334 AB 6.816425879025385 1.1873237901106535
62284.0486 lsst_hardware_z 471.56886235417693 101.53428036482167 31.719999313354492 AB 8.772518332091792 1.1994555914670029
62303.0079 lsst_hardware_r 54.16872435449759 35.83000183105469 32.25 AB 10.903982534398049 1.1893956151399538
62303.0302 lsst_hardware_i -29.78640372460484 46.70000076293945 31.989999771118164 AB 10.904973227181973 1.1875390559030772
62305.0154 lsst_hardware_z 19.33250101263631 63.77000045776367 31.690000534057617 AB 6.020826512903518 1.1853965242796098
62307.0069 lsst_hardware_g 33.614858067297774 51.65999984741211 31.649999618530273 AB 4.178077766910251 1.1856066307917852
62307.0289 lsst_hardware_r -38.988967434067554 57.060001373291016 31.600000381469727 AB 4.311817314876911 1.194188695036072
62309.0068 lsst_hardware_i 113.72794375013741 73.16999816894531 31.309999465942383 AB 3.656495750265132 1.1855380563395095
62309.0307 lsst_hardware_z 78.62634610035987 69.55000305175781 30.969999313354492 AB 3.71058586355186 1.2022634831683514
62311.0053 lsst_hardware_i -20.75195147321684 69.8499984741211 31.299999237060547 AB 4.840121443851136 1.1863769701209967
62311.0269 lsst_hardware_z 81.16088383487444 64.70999908447266 30.959999084472656 AB 4.838437822242852 1.2044903714819615
62313.0106 lsst_hardware_g 167.98774635523827 95.94000244140625 31.65999984741211 AB 4.832613904438806 1.192501888818953
62313.033 lsst_hardware_r -126.32109094709898 88.31999969482422 31.600000381469727 AB 5.002905943279001 1.2240523451320804
62323.9685 lsst_hardware_y 108.24600006631341 70.62999725341797 30.75 AB 4.787374390258328 1.1860211545295
62324.0024 lsst_hardware_r 25.561521042161438 36.470001220703125 32.2400016784668 AB 3.668797091791564 1.2229323639305214
62538.3675 lsst_hardware_z -18.17392281337269 44.27000045776367 30.93000030517578 AB 5.107114725330221 1.187240928011657
62538.3855 lsst_hardware_y -211.8367585656399 69.83000183105469 30.020000457763672 AB 5.2105453607515075 1.1873180724055001
62540.364 lsst_hardware_u 3.8996871453791924 2.690000057220459 28.280000686645508 AB 9.627081670208964 1.1864900843459034
62540.3826 lsst_hardware_y 27.47000632964528 57.779998779296875 30.0 AB 7.871702395364312 1.1886001200972889
62542.3657 lsst_hardware_i -28.503117587280038 32.650001525878906 31.229999542236328 AB 4.047099018986124 1.185326277160829
62542.3836 lsst_hardware_y -49.69269124712799 56.25 30.0 AB 4.756348783630852 1.1932636185727175
62544.3643 lsst_hardware_u -1.6721682592448177 2.809999942779541 28.420000076293945 AB 7.315170370592903 1.1857631290978636
62544.3817 lsst_hardware_y 57.28955416049286 52.38999938964844 29.989999771118164 AB 6.100870062330477 1.1967183331366298
62545.3597 lsst_hardware_r 6.568710943521107 24.600000381469727 31.489999771118164 AB 6.6295001667783815 1.1854622697940775
62545.3777 lsst_hardware_y 39.2251553362241 50.33000183105469 29.989999771118164 AB 5.943888384761736 1.1954122147441866
62547.3334 lsst_hardware_i 25.83642772848156 32.59000015258789 31.239999771118164 AB 4.817488100084707 1.1935554289463504
62547.3502 lsst_hardware_z -14.939429062200103 43.619998931884766 30.940000534057617 AB 4.830749490428167 1.1853872745054204
62551.336 lsst_hardware_r -79.35638592753457 115.13999938964844 31.6299991607666 AB 3.7207726943273425 1.185903647594372
62551.355 lsst_hardware_i -31.04964480893369 90.80999755859375 31.31999969482422 AB 3.806366018819784 1.1901092294381814
62553.3385 lsst_hardware_z -102.731119891287 81.16000366210938 30.979999542236328 AB 6.80600430892709 1.1855429192498923
62553.3561 lsst_hardware_i 76.50129938031891 93.08000183105469 31.309999465942383 AB 6.92032491883938 1.1956504071135903
62555.3483 lsst_hardware_z 19.551698568331418 83.12000274658203 31.709999084472656 AB 11.705739212681502 1.1934280687853904
62558.3398 lsst_hardware_r 17.734302221713605 28.440000534057617 31.520000457763672 AB 7.893306059203261 1.193153360925593
62558.3577 lsst_hardware_i -0.3663044781417772 34.59000015258789 31.239999771118164 AB 8.189030291824455 1.2170210353816764
62562.3069 lsst_hardware_r 32.79196880417801 24.450000762939453 31.479999542236328 AB 4.114378700956794 1.1856999138204016
62562.3258 lsst_hardware_g 3.477094766663051 15.010000228881836 31.389999389648438 AB 4.146081582649305 1.1906899363836703
62564.3057 lsst_hardware_r 20.90314700066386 24.260000228881836 31.469999313354492 AB 8.561554452286499 1.1853183514172088
62564.3241 lsst_hardware_i -42.71165438960976 32.439998626708984 31.219999313354492 AB 8.559850239262937 1.1937591854491232
62567.308 lsst_hardware_u 4.796304051380498 2.609999895095825 28.270000457763672 AB 10.662497124686091 1.1881102170656417
62567.327 lsst_hardware_g 15.712580460483085 15.079999923706055 31.389999389648438 AB 10.748427896757185 1.2069652526677481
62569.3055 lsst_hardware_r 8.206983928807892 24.360000610351562 31.469999313354492 AB 8.567020477734525 1.1898639552409063
62569.3233 lsst_hardware_i -9.630209834018295 32.630001068115234 31.219999313354492 AB 8.709458317142662 1.2096469884920364
62573.2706 lsst_hardware_i 7.966229019316622 32.54999923706055 31.229999542236328 AB 17.942104667812217 1.1878517456732278
62573.2891 lsst_hardware_z -24.055921981188963 43.7599983215332 30.93000030517578 AB 18.092331111802274 1.1869531432690434
62576.2716 lsst_hardware_r 15.507336356146395 47.599998474121094 31.59000015258789 AB 8.898164017720525 1.1853418908621693
62576.2906 lsst_hardware_g -10.900161910749793 34.939998626708984 31.6200008392334 AB 8.976981711527403 1.1930997191056325
62577.2734 lsst_hardware_r 25.45046458814415 72.4000015258789 31.610000610351562 AB 9.36626757371409 1.1856034903435557
62577.2945 lsst_hardware_i -118.54415200294666 61.40999984741211 31.290000915527344 AB 9.760721776747278 1.1999903831752479
62579.2714 lsst_hardware_z 78.72037729771208 89.58000183105469 30.979999542236328 AB 6.629993476120696 1.1864698418254425
62579.2906 lsst_hardware_i -71.31032252905415 106.20999908447266 31.299999237060547 AB 6.735252683346728 1.201936711084442
62581.2383 lsst_hardware_z -238.00759900739334 140.6199951171875 31.729999542236328 AB 6.811313070680065 1.1957189000125923
62583.2726 lsst_hardware_r -40.1615862279699 79.2699966430664 31.6200008392334 AB 7.328595696854563 1.1941009716795299
62583.2923 lsst_hardware_i -186.4251199124107 67.12999725341797 31.299999237060547 AB 7.5263056812437865 1.2223981941276352
