data/validation/pwv_sim_epoch_fit_seasonal/30065162.ecsv
# %ECSV 0.9
# ---
# datatype:
# - {name: time, datatype: float64}
# - {name: band, datatype: string}
# - {name: flux, datatype: float64}
# - {name: fluxerr, datatype: float64}
# - {name: zp, datatype: float64}
# - {name: zpsys, datatype: string}
# - {name: pwv, datatype: float64}
# - {name: airmass, datatype: float64}
# meta: {SNID: '30065162', alt: 1024.0, c: -0.11785230785608292, dec: -24.132875, lat: -30.244573, lon: -70.7499537, ra: 82.617188, t0: 61415.67578125,
#   x0: 3.816054869888212e-06, x1: 0.4290669858455658, z: 0.6844298839569092}
# schema: astropy-2.0
time band flux fluxerr zp zpsys pwv airmass
61286.322 lsst_hardware_r 34.39852965493301 45.0099983215332 31.5 AB 2.3355868028148796 1.5265273221012285
61286.3396 lsst_hardware_i -35.263707281837654 43.56999969482422 31.229999542236328 AB 1.3980835816953667 1.3811643187900455
61297.2736 lsst_hardware_z -47.70768104836316 50.150001525878906 30.8700008392334 AB 3.6188879626721997 1.732354218608042
61297.2971 lsst_hardware_r 4.371482092683006 24.1299991607666 31.40999984741211 AB 2.407804880190786 1.479753076016052
61299.3181 lsst_hardware_i -86.40846891175204 32.09000015258789 31.209999084472656 AB 3.478707550193966 1.2914395063212347
61299.3345 lsst_hardware_z -76.54674784843364 43.18000030517578 30.93000030517578 AB 5.038373737835533 1.2082431025985392
61303.3111 lsst_hardware_z -41.290622938907696 43.5 30.93000030517578 AB 8.471411953098466 1.2696008921843056
61303.3274 lsst_hardware_i -22.858080223725153 31.049999237060547 31.229999542236328 AB 7.8563044278455125 1.1917033641026538
61305.3141 lsst_hardware_z 52.096217117308704 68.08000183105469 31.700000762939453 AB 2.514599728082724 1.2267337481499587
61307.3043 lsst_hardware_r -27.910834351381368 64.45999908447266 31.59000015258789 AB 5.487260785631459 1.2480265618084856
61307.321 lsst_hardware_i -60.00193791479253 52.279998779296875 31.290000915527344 AB 5.185672030950438 1.1733616995024976
61311.2708 lsst_hardware_z -10.001704185468089 63.459999084472656 30.93000030517578 AB 4.618501178384357 1.385100195951623
61311.2912 lsst_hardware_r -118.35842142109799 80.56999969482422 31.59000015258789 AB 4.3267458610227765 1.2592697322954407
61318.374 lsst_hardware_g -38.97307841079442 17.739999771118164 31.540000915527344 AB 7.666502702262079 1.0087503555608
61321.2837 lsst_hardware_z 28.420116195781134 42.720001220703125 30.940000534057617 AB 4.352753024093052 1.1697804418415931
61321.3034 lsst_hardware_u -3.2408644383222636 2.609999895095825 28.3799991607666 AB 4.055050798058631 1.1046174878939339
61323.2678 lsst_hardware_r -34.85643259596018 22.579999923706055 31.469999313354492 AB 3.915602369891363 1.2135444727058124
61323.2863 lsst_hardware_g -10.652086919061942 13.199999809265137 31.3799991607666 AB 3.66049210903357 1.1405771008621794
61326.2465 lsst_hardware_i 15.307279723987065 31.510000228881836 31.209999084472656 AB 7.4445045416257525 1.2795092238432093
61326.2643 lsst_hardware_z 59.83451729663447 42.459999084472656 30.93000030517578 AB 6.644022158980752 1.1930011358337427
61328.2666 lsst_hardware_u -0.5831105754711182 2.5999999046325684 28.360000610351562 AB 7.399739203791595 1.1621410120079692
61328.285 lsst_hardware_g -1.599126723553403 13.010000228881836 31.3700008392334 AB 7.0539624544089365 1.1026410672794293
61330.2664 lsst_hardware_r 6.1881829000632536 22.25 31.469999313354492 AB 6.866877064307968 1.1432727228440196
61330.2856 lsst_hardware_i 22.43593703550542 30.260000228881836 31.25 AB 6.557190739914558 1.0867521425173021
61332.2704 lsst_hardware_z 66.57651021307538 59.15999984741211 31.700000762939453 AB 4.046619221063647 1.1131356742336624
61334.2498 lsst_hardware_r -7.331918108920336 41.77000045776367 31.59000015258789 AB 2.119316353384366 1.1637135645929275
61334.2686 lsst_hardware_z -21.688718157499004 45.2599983215332 30.959999084472656 AB 2.2027232067228297 1.1026940253086628
61345.2023 lsst_hardware_r 15.534834149604043 32.13999938964844 32.220001220703125 AB 5.503707475075474 1.2392946352342884
61345.2214 lsst_hardware_i -16.952783285587905 48.52000045776367 32.0099983215332 AB 5.704895993944872 1.1576493494206557
61351.2512 lsst_hardware_i 3.513162354825548 30.030000686645508 31.25 AB 5.350426788655059 1.0408209422384085
61358.1943 lsst_hardware_i -33.86211992798553 30.719999313354492 31.239999771118164 AB 4.550943345262077 1.1288461727054058
61358.2108 lsst_hardware_z -30.166770697279983 41.439998626708984 30.950000762939453 AB 7.876289069035861 1.0827258325706495
61362.1812 lsst_hardware_y -26.46804213028171 48.599998474121094 30.020000457763672 AB 6.287023215595624 1.1359523991138671
61362.198 lsst_hardware_g 48.49044474876376 24.690000534057617 31.59000015258789 AB 6.225249344238484 1.087332316359975
61363.2021 lsst_hardware_i 38.254216299797825 37.2400016784668 31.270000457763672 AB 5.719540562519562 1.071325790216729
61363.2177 lsst_hardware_z -30.995200357188224 43.349998474121094 30.950000762939453 AB 5.531405587186515 1.041973957996298
61364.2695 lsst_hardware_r 16.673023111102108 31.520000457763672 31.579999923706055 AB 4.44086788523567 1.006619089966529
61364.2897 lsst_hardware_g 2.819840774760305 13.25 31.40999984741211 AB 4.389712859864337 1.0179044312728898
61369.2115 lsst_hardware_z -81.64632177769815 65.44999694824219 30.989999771118164 AB 6.390333688665035 1.027784164050632
61369.2281 lsst_hardware_i 15.97639792245761 73.9000015258789 31.34000015258789 AB 6.301070676403524 1.0123692661147363
61371.1005 lsst_hardware_z -5.038823824413482 55.06999969482422 30.93000030517578 AB 5.4602215193359855 1.4343525367665295
61371.1185 lsst_hardware_r 0.696981909015787 52.2400016784668 31.56999969482422 AB 4.991019400780901 1.3092343114014873
61373.1205 lsst_hardware_r 0.8011276591273419 23.059999465942383 31.450000762939453 AB 6.342334208602336 1.2668410623571351
61373.1375 lsst_hardware_u -0.7730795267323916 2.6500000953674316 28.3700008392334 AB 6.0519393161626995 1.1866547678750392
61375.1199 lsst_hardware_g -17.48240406133707 13.5 31.34000015258789 AB 11.03764689330506 1.2417313950862097
61375.1369 lsst_hardware_r -5.935058336010096 22.670000076293945 31.469999313354492 AB 9.550504327642422 1.167353038743718
61380.1402 lsst_hardware_r -16.507837644816707 22.40999984741211 31.479999542236328 AB 6.046905676708774 1.1106448115912892
61380.1616 lsst_hardware_u 0.2814883563496909 2.740000009536743 28.5 AB 5.7750352824315065 1.0590565344638743
61382.1257 lsst_hardware_i 25.942799217375207 30.883008074764557 31.239999771118164 AB 4.214072380869523 1.1389384813160872
61382.148 lsst_hardware_z -10.8366241206477 41.33261590993588 30.950000762939453 AB 3.982360272485693 1.0763135871582954
61383.2168 lsst_hardware_u 3.39487296823618 2.810189636339164 28.559999465942383 AB 5.497397214410518 1.0064345671491635
61383.2352 lsst_hardware_g 19.828654895180748 13.50173072175849 31.43000030517578 AB 5.482735007903801 1.0156818021033023
61385.2167 lsst_hardware_r 7.0565064588826 22.081232027473806 31.5 AB 9.625422417898458 1.0080031854538127
61385.234 lsst_hardware_i -21.95066077495864 30.11883158833474 31.260000228881836 AB 9.721521710516008 1.0194014272024337
61386.1524 lsst_hardware_r -21.657697142601055 22.15746770964588 31.489999771118164 AB 12.317394308676896 1.046041001989503
61386.1745 lsst_hardware_i 85.98245932785125 29.99505053915978 31.25 AB 12.927344608025104 1.0179011502381972
61387.2153 lsst_hardware_z 82.87845044083008 40.813671014889714 30.950000762939453 AB 10.983376351532305 1.009803144462511
61387.2349 lsst_hardware_u 2.547056252544471 2.9558287951677547 28.469999313354492 AB 11.113921416340993 1.0260977649247605
61388.0292 lsst_hardware_z -29.3535393366947 73.21936564417621 30.90999984741211 AB 13.955957075447499 1.681035542694314
61388.0504 lsst_hardware_g 11.186873341753026 16.286739566827723 31.34000015258789 AB 11.571074309536892 1.46469295057429
61393.0329 lsst_hardware_y 153.23324412655447 82.3636400863242 29.90999984741211 AB 5.491153348399823 1.4984045884298354
61393.0542 lsst_hardware_r 199.06559564655313 47.951626356667425 31.549999237060547 AB 5.412967134841466 1.3355458018362436
61395.0336 lsst_hardware_y 6.9274591565766395 87.08186036186896 29.940000534057617 AB 6.5044252266027955 1.4454278281339545
61395.0545 lsst_hardware_z 345.5265100463965 59.08673706785549 30.950000762939453 AB 5.641306262206313 1.3001397239470645
61410.0414 lsst_hardware_y 404.9192812614995 65.16226063271365 30.020000457763672 AB 12.11061803785313 1.1671009994718742
61410.0626 lsst_hardware_z 803.6350936156683 49.385407171314334 30.940000534057617 AB 11.636188102869186 1.0985827136394626
61414.0399 lsst_hardware_y 536.2842583854481 68.91578303692431 30.040000915527344 AB 7.831026136067159 1.1336990424997697
61414.0564 lsst_hardware_i 1282.8361118273301 46.38430952330385 31.25 AB 9.137548444722233 1.0863807448248999
61416.0422 lsst_hardware_y 404.1066993997859 61.312882292195226 30.040000915527344 AB 6.880660020130394 1.1097838742145796
61416.0603 lsst_hardware_r 1259.446526190491 41.987895454126054 31.489999771118164 AB 6.603636278647856 1.0651026255883638
61423.0413 lsst_hardware_y 310.72416580528517 58.34189928778271 30.049999237060547 AB 8.11037451026506 1.0648660129894167
61423.0587 lsst_hardware_r 1196.9303254952436 60.042862957076586 31.639999389648438 AB 4.035629414792855 1.034776773023809
61450.0206 lsst_hardware_y 158.00979839902658 75.58147440916348 30.09000015258789 AB 2.589881773324938 1.0064633336539155
61450.0382 lsst_hardware_r 139.78623854811397 33.51502616621533 31.579999923706055 AB 2.559374125757511 1.0076276085659492
61653.3172 lsst_hardware_r -5.625198725874649 23.950000762939453 31.399999618530273 AB 2.8635250710136315 1.526806222880579
61653.3339 lsst_hardware_i -73.50743118278396 32.810001373291016 31.190000534057617 AB 1.782000497718385 1.387850854920525
61655.313 lsst_hardware_z 47.67861354944844 47.040000915527344 30.889999389648438 AB 2.7575664087442546 1.5149382825129813
61655.3291 lsst_hardware_u 3.867060047581141 2.450000047683716 28.1299991607666 AB 2.523449393136559 1.3830909252598296
61682.2701 lsst_hardware_r 12.88100750194664 22.940000534057617 31.450000762939453 AB 3.554659832697617 1.2888541815435886
61682.2901 lsst_hardware_i 11.949028116412657 31.200000762939453 31.229999542236328 AB 3.2828472770297497 1.1907316927928
61686.2684 lsst_hardware_z 18.209558444835046 43.459999084472656 30.920000076293945 AB 4.602747266029241 1.2398529045602698
61686.2875 lsst_hardware_r 18.01180566209388 22.329999923706055 31.459999084472656 AB 4.400643808989248 1.1580641602603283
61689.2631 lsst_hardware_r 13.817533643715569 50.040000915527344 31.579999923706055 AB 5.177770251091313 1.225870435298328
61689.2832 lsst_hardware_z 24.220888880574062 47.7599983215332 30.950000762939453 AB 4.77514292439749 1.1442035761337257
61692.2595 lsst_hardware_y 41.31232397778753 53.25 30.0 AB 6.904108100273029 1.2049054276217548
61692.2783 lsst_hardware_r -78.28969468527148 75.87999725341797 31.6299991607666 AB 6.556624745581584 1.1331388629217944
61694.2656 lsst_hardware_i 15.625406568367858 68.9800033569336 31.309999465942383 AB 8.427560453671722 1.158281607633181
61694.2831 lsst_hardware_z 3.281688355262203 61.209999084472656 30.979999542236328 AB 8.019531953826002 1.1022527797990083
61698.2643 lsst_hardware_r -53.75623532501143 54.59000015258789 31.6200008392334 AB 1.3937370640412468 1.1254942643670902
61698.2828 lsst_hardware_i -19.5166173581224 48.2400016784668 31.299999237060547 AB 1.2867364520682436 1.075566830929153
61700.1796 lsst_hardware_u 0.8914403334555541 2.359999895095825 28.020000457763672 AB 4.576502263390467 1.6225854505904864
61700.1978 lsst_hardware_g -5.404694156018488 13.420000076293945 31.290000915527344 AB 3.9652148552562156 1.4479513804115811
61705.1758 lsst_hardware_r -35.98409601182642 23.6200008392334 31.399999618530273 AB 3.7763796229632125 1.521455614421976
61705.1945 lsst_hardware_u 0.10319136100189578 2.5 28.209999084472656 AB 3.2711395811660493 1.3696327625259104
61707.1833 lsst_hardware_g 1.2018982968687373 13.239999771118164 31.290000915527344 AB 2.864547782140379 1.411454930840295
61707.2016 lsst_hardware_r -1.886474331510014 22.700000762939453 31.450000762939453 AB 2.636007578512092 1.290263131919771
61709.1812 lsst_hardware_i -20.634337635475166 32.709999084472656 31.200000762939453 AB 4.745322418038275 1.3865076458840833
61709.1995 lsst_hardware_z -12.437967366118023 43.95000076293945 30.93000030517578 AB 4.368951430876746 1.271522535179725
61710.2541 lsst_hardware_g 7.900514985509087 12.989999771118164 31.360000610351562 AB 5.350755696781871 1.0666666948199182
61710.2714 lsst_hardware_r 16.32399268519 21.670000076293945 31.469999313354492 AB 5.238750940228054 1.03614536001346
61711.1686 lsst_hardware_z 46.717933676297335 45.45000076293945 30.899999618530273 AB 5.054521248534612 1.4411636605701368
61711.1861 lsst_hardware_r 13.14234938398634 22.700000762939453 31.43000030517578 AB 4.621834064164145 1.3174186743144691
61720.1942 lsst_hardware_z -39.72412454104578 52.150001525878906 30.950000762939453 AB 0.9005950555970135 1.159813336248105
61720.2119 lsst_hardware_i -75.4468531931496 49.90999984741211 31.299999237060547 AB 2.546840316668873 1.1028465574490913
61725.279 lsst_hardware_i -10.841776204189088 63.209999084472656 31.34000015258789 AB 5.917385881478803 1.0061977161768516
61725.2964 lsst_hardware_z 20.957121314148047 58.650001525878906 30.989999771118164 AB 4.844599397785607 1.0139387605244048
61728.2069 lsst_hardware_z -33.09456234797438 45.81999969482422 30.959999084472656 AB 5.706424788792339 1.0626489364603984
61728.2244 lsst_hardware_r 15.332891779022564 41.97999954223633 31.6200008392334 AB 5.48049609652938 1.0331461788103846
61729.207 lsst_hardware_u -2.5836799338996346 3.5799999237060547 28.649999618530273 AB 5.331538175831865 1.0570758395013942
61729.2256 lsst_hardware_r -1.3900823506945288 30.280000686645508 31.56999969482422 AB 5.063025594288623 1.0280776880630738
61733.2659 lsst_hardware_r 10.919998735612568 21.81999969482422 31.489999771118164 AB 8.926892820652345 1.0088689487558218
61733.285 lsst_hardware_i 46.573436305209306 29.829999923706055 31.25 AB 8.8082409980723 1.0233414528005926
61734.1026 lsst_hardware_r -10.436902207031169 23.729999542236328 31.420000076293945 AB 7.569523232900297 1.4678152477991655
61734.12 lsst_hardware_z -81.79399658754336 44.880001068115234 30.920000076293945 AB 6.830408912685268 1.3382462603224303
61738.1222 lsst_hardware_u 1.9679502307074275 2.5399999618530273 28.260000228881836 AB 6.3121599336915235 1.2614648636761792
61738.1404 lsst_hardware_g 16.358318830227986 13.329999923706055 31.360000610351562 AB 5.968947177444934 1.1776942803245514
61742.1233 lsst_hardware_z 58.75138602083361 43.72999954223633 30.93000030517578 AB 7.887196235443307 1.2035333619940507
61742.1402 lsst_hardware_r -3.3899626228282647 22.75 31.469999313354492 AB 7.365130711798859 1.1384048227312402
61744.1409 lsst_hardware_z -35.58743225082701 42.560001373291016 30.940000534057617 AB 2.7823413211261516 1.1187165640310561
61744.1618 lsst_hardware_g 4.777289666453695 16.139999389648438 31.479999542236328 AB 2.6847562097280133 1.0655556314451058
61746.141 lsst_hardware_r 26.607172653956553 33.849998474121094 31.559999465942383 AB 4.998093621013272 1.10260172535038
61746.162 lsst_hardware_z 23.14043889919666 43.20000076293945 30.950000762939453 AB 4.706873811134588 1.0544072157558095
61748.1445 lsst_hardware_y 107.27110310889486 49.2400016784668 30.030000686645508 AB 5.914250880565986 1.0797025887968088
61748.1675 lsst_hardware_r -36.67136034480943 46.619998931884766 31.6200008392334 AB 6.320743752621907 1.0363573950848055
61752.1549 lsst_hardware_r -116.89622652763674 137.08999633789062 32.40999984741211 AB 10.720891461308943 1.0388292948733653
61752.1785 lsst_hardware_z 8.469543858739932 94.13999938964844 31.739999771118164 AB 11.223162753137721 1.0131341816692194
61756.031 lsst_hardware_y -22.270753421021222 83.56999969482422 29.8700008392334 AB 15.959585642831719 1.576359165327631
61756.0532 lsst_hardware_u -5.956823728611977 2.640000104904175 28.190000534057617 AB 15.107222884082516 1.3841635968679449
61758.0327 lsst_hardware_y -44.041236039202865 80.5999984741211 29.920000076293945 AB 5.471131866552514 1.5065071683944509
61758.0534 lsst_hardware_r 2.6754555224971583 23.389999389648438 31.440000534057617 AB 5.467678744396203 1.3452278864303613
61760.0335 lsst_hardware_y -135.4265881377538 80.5999984741211 29.920000076293945 AB 6.53364635439859 1.4519214120885755
61760.0558 lsst_hardware_r -32.63484531970722 23.59000015258789 31.450000762939453 AB 5.799014923131727 1.2965694523591784
61763.1931 lsst_hardware_i -49.08176231575496 29.90999984741211 31.25 AB 6.65754980159253 1.014264826883217
61763.2201 lsst_hardware_z -73.28806178230137 41.099998474121094 30.950000762939453 AB 7.358178618717817 1.0467818596430885
61766.0382 lsst_hardware_y -21.955705568089368 69.91000366210938 29.979999542236328 AB 8.248200214980958 1.3037197389327548
61766.0621 lsst_hardware_i 27.717533443270085 31.3799991607666 31.229999542236328 AB 7.5657909952367 1.1851640485978774
61774.0513 lsst_hardware_y 69.15876597244959 79.23999786376953 30.770000457763672 AB 2.594812363153847 1.1435929321964926
61779.1155 lsst_hardware_y 24.05443819313315 50.459999084472656 30.06999969482422 AB 6.63179387277125 1.0076034296002203
61779.1362 lsst_hardware_r 21.818314235784488 64.23999786376953 31.65999984741211 AB 6.446750875138666 1.0073048242404166
61780.0408 lsst_hardware_y 6.322098045363699 68.36000061035156 30.040000915527344 AB 13.015793831680387 1.124272276265355
61780.0583 lsst_hardware_z 106.39923015033638 59.72999954223633 30.979999542236328 AB 9.779190295811405 1.0769638004270832
61783.0431 lsst_hardware_y -70.3677032109513 57.34000015258789 30.049999237060547 AB 2.418979455616051 1.0941895083641529
61783.062 lsst_hardware_r -85.14456221769505 69.87000274658203 31.649999618530273 AB 2.319748904620084 1.0525176518240085
61786.0408 lsst_hardware_y -20.177814243091472 58.209999084472656 30.040000915527344 AB 2.97914311470094 1.079562656693682
61786.0583 lsst_hardware_g -18.042032473204443 13.25 31.389999389648438 AB 3.5367352514861867 1.0447486157554646
61788.0405 lsst_hardware_z 47.04618751317536 52.970001220703125 30.969999313354492 AB 8.206925768646293 1.06799593575478
61788.0582 lsst_hardware_i -7.980560931117892 30.040000915527344 31.25 AB 4.042234885757223 1.036470483527493
61790.0399 lsst_hardware_y 15.030490982111598 56.97999954223633 30.049999237060547 AB 9.439980695204953 1.0581158656285325
61790.0571 lsst_hardware_r 34.73773374846124 21.969999313354492 31.489999771118164 AB 8.488395838498311 1.0305098898475402
61793.0731 lsst_hardware_i -10.545628081518315 29.450000762939453 31.25 AB 7.597596384169505 1.0093120404077567
61793.093 lsst_hardware_z -21.226150798716294 40.209999084472656 30.950000762939453 AB 8.53160533378472 1.006134971307703
61799.047 lsst_hardware_y -139.62278903222037 47.43000030517578 30.049999237060547 AB 12.889791548485196 1.0154772753533505
61799.0663 lsst_hardware_z 37.889570987920386 40.13999938964844 30.950000762939453 AB 12.71717068838853 1.0062114164248759
61807.0408 lsst_hardware_y 41.52290724549619 49.93000030517578 30.059999465942383 AB 5.3096579352856565 1.0070474983946243
61807.0584 lsst_hardware_z -47.728934912078365 48.18000030517578 30.969999313354492 AB 4.747573472839946 1.0069084778027346
