data/validation/pwv_sim_epoch_fit_seasonal/30118736.ecsv
# %ECSV 0.9
# ---
# datatype:
# - {name: time, datatype: float64}
# - {name: band, datatype: string}
# - {name: flux, datatype: float64}
# - {name: fluxerr, datatype: float64}
# - {name: zp, datatype: float64}
# - {name: zpsys, datatype: string}
# - {name: pwv, datatype: float64}
# - {name: airmass, datatype: float64}
# meta: {SNID: '30118736', alt: 1024.0, c: -0.09312106668949127, dec: -7.933337, lat: -30.244573, lon: -70.7499537, ra: 325.195312, t0: 61289.31640625,
#   x0: 2.255479096711609e-06, x1: 1.2099303007125854, z: 0.8477361798286438}
# schema: astropy-2.0
time band flux fluxerr zp zpsys pwv airmass
61186.4076 lsst_hardware_g -12.550051400782792 16.3799991607666 31.479999542236328 AB 6.001050146153051 1.086621827526506
61186.4288 lsst_hardware_y 75.4952660579056 51.5099983215332 30.040000915527344 AB 5.478948571644861 1.0825109137865243
61188.4097 lsst_hardware_i 21.493547609845912 32.58000183105469 31.260000228881836 AB 10.164499074749028 1.083096441864285
61188.43 lsst_hardware_y 60.3532583627669 51.459999084472656 30.040000915527344 AB 9.546946247938264 1.0849213509532478
61195.337 lsst_hardware_z 32.831686194102126 97.41000366210938 31.719999313354492 AB 13.896830315274798 1.1615538545031059
61197.4027 lsst_hardware_r 94.6271571236687 116.87000274658203 32.400001525878906 AB 4.788429136152637 1.0837227874057995
61197.4272 lsst_hardware_i 11.79551633232064 100.31999969482422 32.06999969482422 AB 4.200879301828608 1.1054945531127915
61218.2822 lsst_hardware_i 115.30832002849134 54.56999969482422 31.299999237060547 AB 8.204571117484031 1.1413202889943472
61218.3057 lsst_hardware_z -28.54215054136545 53.15999984741211 30.959999084472656 AB 7.460190777355597 1.099998640129106
61219.3539 lsst_hardware_r -51.18440824475402 78.23999786376953 31.639999389648438 AB 5.471747494486074 1.0906413184146388
61219.3759 lsst_hardware_z -79.6510369864017 59.189998626708984 30.969999313354492 AB 5.797593239895005 1.119568704699647
61221.3398 lsst_hardware_r -81.74828976134448 109.05999755859375 31.649999618530273 AB 3.8860482010187547 1.0848822448404607
61221.359 lsst_hardware_i -218.79170343625663 85.1500015258789 31.31999969482422 AB 3.9370621834711326 1.1018925786372529
61224.3023 lsst_hardware_i -87.08874118555366 100.87000274658203 31.329999923706055 AB 7.005547261736233 1.0876490081875847
61224.3214 lsst_hardware_z 22.280893689233686 87.26000213623047 30.989999771118164 AB 6.985110208593585 1.081956352012637
61226.3013 lsst_hardware_r -37.0345591713118 81.69999694824219 31.639999389648438 AB 4.848909720378532 1.0850100067976127
61226.3194 lsst_hardware_z -101.91572032506416 64.88999938964844 30.979999542236328 AB 4.851686428958048 1.0824824696470057
61232.2934 lsst_hardware_g -0.710680573677618 15.25 31.450000762939453 AB 9.269869560640519 1.0822017407279596
61232.3119 lsst_hardware_r -1.4333940994540681 24.229999542236328 31.5 AB 9.246414961011654 1.086024778131527
61234.293 lsst_hardware_i -40.86795207422391 31.760000228881836 31.25 AB 6.5995447014574635 1.0818925740094203
61234.3115 lsst_hardware_z 35.21456615440666 42.4900016784668 30.950000762939453 AB 6.645759491945327 1.0894687691713651
61236.2934 lsst_hardware_r 17.95825663820515 24.15999984741211 31.5 AB 5.078817823021465 1.0828073887582408
61236.3124 lsst_hardware_g 15.94044583396178 15.140000343322754 31.43000030517578 AB 5.194891512619332 1.0952947052873931
61239.257 lsst_hardware_u 4.768509833677497 2.7699999809265137 28.43000030517578 AB 2.0485491388274526 1.091007885049238
61239.277 lsst_hardware_r 22.99755496517666 24.270000457763672 31.5 AB 2.0300259610843643 1.0819111535358132
61243.2599 lsst_hardware_i 56.54898049306031 44.959999084472656 32.0 AB 5.318011793319154 1.083006220107422
61243.2806 lsst_hardware_z -25.51889774375728 59.81999969482422 31.700000762939453 AB 5.343524751394122 1.0853285661503607
61245.241 lsst_hardware_r -91.02965412871833 45.45000076293945 31.610000610351562 AB 6.822592757423868 1.0906841240686136
61245.2612 lsst_hardware_z 25.16443125317524 47.22999954223633 30.959999084472656 AB 6.403785700521873 1.0818880796049848
61250.2481 lsst_hardware_i -249.48146577200248 110.26000213623047 31.34000015258789 AB 4.487091208431086 1.0818785312672903
61250.2685 lsst_hardware_z 5.685278841826343 92.86000061035156 30.989999771118164 AB 4.564817115085599 1.0900188120553027
61252.2165 lsst_hardware_z 249.43600674132438 105.88999938964844 31.0 AB 3.506706806211312 1.0958458769410349
61252.2356 lsst_hardware_r -92.69614695932856 156.0800018310547 31.65999984741211 AB 3.4653709396239507 1.0829284186324846
61257.208 lsst_hardware_i 60.20390763369061 37.070586969231165 31.260000228881836 AB 1.8265103860717355 1.0908881461706563
61257.2288 lsst_hardware_z 9.759345867899789 45.49991553860292 30.950000762939453 AB 1.1430083858625648 1.0818820500360327
61259.2005 lsst_hardware_r 11.282173807229942 24.902757548599844 31.510000228881836 AB 3.066989359171142 1.0927191089947956
61259.2185 lsst_hardware_u 1.472593259353587 2.9727599735163914 28.43000030517578 AB 3.4374315529563306 1.0824283256921372
61265.2002 lsst_hardware_i 145.72118279256384 35.58436831673384 31.260000228881836 AB 3.194025976628806 1.0829042131306343
61265.2194 lsst_hardware_z 247.06922086698677 44.38302612038992 30.950000762939453 AB 3.803179644474857 1.084763161572977
61267.1971 lsst_hardware_r 202.76511911425166 28.81617643663694 31.520000457763672 AB 3.8617032787105043 1.0823412202388427
61267.2197 lsst_hardware_g -13.416636396911988 16.455831408008084 31.469999313354492 AB 4.685435675799566 1.0882021388401872
61269.1704 lsst_hardware_u 3.8745074054419097 3.328601660346881 28.520000457763672 AB 4.837971239447566 1.0955137350147335
61269.1892 lsst_hardware_r 300.0196501735326 30.08073314847268 31.520000457763672 AB 4.792133053501036 1.0829271334791992
61273.1747 lsst_hardware_i 524.6596598745311 45.06017371421838 31.270000457763672 AB 1.8500367426112883 1.0842176651366553
61273.1964 lsst_hardware_z 393.6265084462422 49.29394550725927 30.950000762939453 AB 1.9039171637164876 1.0842352868544918
61275.1626 lsst_hardware_r 626.5878414856406 62.67762023508719 31.6299991607666 AB 2.3739669939664347 1.0879775407728847
61275.1833 lsst_hardware_z 463.58637789117466 56.24453611628812 30.969999313354492 AB 2.05065010691339 1.0820896742870005
61277.1617 lsst_hardware_y 82.18187850848948 59.03989717419498 30.040000915527344 AB 3.9103501290078735 1.0852035510660147
61277.1799 lsst_hardware_r 587.6303461651505 99.79986223229187 31.649999618530273 AB 4.177855062113635 1.082439345914117
61279.1458 lsst_hardware_i 788.393740487863 136.84807543650106 31.34000015258789 AB 2.1802475658284486 1.0928102748398723
61279.163 lsst_hardware_z 628.5644669527923 114.83230916239638 31.0 AB 2.1579607396820957 1.0826342604701347
61285.1274 lsst_hardware_z 465.2845285862207 48.7766263481671 30.950000762939453 AB 3.370342166829105 1.0948001191583905
61285.1455 lsst_hardware_r 682.7052824044125 42.75866285148403 31.579999923706055 AB 3.343194501854688 1.0829329488273027
61287.1268 lsst_hardware_u -1.7888342873190348 2.8664421599445005 28.40999984741211 AB 1.5264136863153313 1.0902954902252366
61287.1456 lsst_hardware_r 624.7380928085308 34.95259816735902 31.510000228881836 AB 1.514717114975683 1.0819407964112022
61298.0938 lsst_hardware_g 40.2854359468676 17.310312992867598 31.459999084472656 AB 1.1125994480711414 1.092926766278135
61298.1121 lsst_hardware_i 702.0778812075638 41.44092196567422 31.260000228881836 AB 1.1103773618006008 1.0824149749480014
61300.0884 lsst_hardware_z 527.1736094553206 48.44814389470335 30.950000762939453 AB 1.184852358344831 1.0928692006244736
61300.1067 lsst_hardware_r 307.88484339413776 33.045538553330246 31.530000686645508 AB 1.1311108097584361 1.0824026887640539
61304.0692 lsst_hardware_z 408.8154720085973 58.48794659679728 30.969999313354492 AB 4.326503497297115 1.1021534829440838
61304.0907 lsst_hardware_r 338.33022118259066 64.2840755913834 31.6299991607666 AB 4.08866037159616 1.0839502575811664
61306.0729 lsst_hardware_i 597.0139570269578 97.40790212183381 31.329999923706055 AB 1.4913763931818507 1.0920500804358195
61306.0921 lsst_hardware_z 543.6451303037358 85.05146139363646 30.989999771118164 AB 1.4067348031404183 1.0821036947233986
61308.0608 lsst_hardware_r 357.0933565996719 134.7305440525009 31.649999618530273 AB 4.854348641710291 1.0990148611524315
61308.0797 lsst_hardware_z 339.2146506743048 93.23149746939063 30.989999771118164 AB 4.784695665287477 1.0839818000197163
61310.06 lsst_hardware_z 384.394766389512 74.48242651342557 30.979999542236328 AB 3.063005408836976 1.0939305031560629
61310.0802 lsst_hardware_i 625.3621799961522 85.6926500161554 31.329999923706055 AB 3.0303047804337706 1.0822517072977753
61312.0595 lsst_hardware_z 450.9718273839244 52.82768637682324 30.959999084472656 AB 3.678948478566864 1.0895207735143724
61312.0803 lsst_hardware_r 263.20263678926824 54.036669716181045 31.6200008392334 AB 3.649749180806324 1.0819147296182712
61314.0635 lsst_hardware_u -2.263836883393036 2.8165301340129054 28.450000762939453 AB 6.203924809502108 1.0839074269702593
61314.0822 lsst_hardware_g 42.07013028534297 16.696706305637576 31.450000762939453 AB 6.181301877340219 1.0833618993994658
61318.0338 lsst_hardware_i 277.07400894438604 36.181321132565216 31.25 AB 2.999324986767722 1.0986538413068578
61318.0534 lsst_hardware_z 331.4974517504506 45.45909836095903 30.950000762939453 AB 3.0829957916973143 1.0835905775984938
61320.0339 lsst_hardware_r 142.6405446893904 26.441785628396477 31.510000228881836 AB 4.2005892330322965 1.0927651490718773
61320.0531 lsst_hardware_u 1.0983042258385114 2.8612059746502667 28.479999542236328 AB 5.032581834986984 1.0822174797025932
61322.0362 lsst_hardware_g 7.045190437518037 15.672501671638326 31.469999313354492 AB 4.222375003659865 1.0867005542812676
61322.0526 lsst_hardware_i 251.47540301258408 35.14983535914723 31.260000228881836 AB 3.6308493152093857 1.0818978889173716
61327.0299 lsst_hardware_u 3.379879872667491 2.9316695398908075 28.510000228881836 AB 7.853768110880161 1.0832161063221875
61327.0479 lsst_hardware_g -17.54175627307628 15.712716156905909 31.459999084472656 AB 7.803367960956742 1.0838011056884365
61329.0318 lsst_hardware_r 86.70628764910427 27.529163145361043 31.530000686645508 AB 8.45583132417929 1.081896340617238
61329.0499 lsst_hardware_i 160.12833466926855 34.85891518789121 31.260000228881836 AB 8.979427902861657 1.087844110511098
61331.0042 lsst_hardware_y 106.37622431213472 51.42919153031328 30.030000686645508 AB 5.736456841115835 1.0924503601439843
61331.0221 lsst_hardware_z 154.18183361859002 46.800011800413046 30.950000762939453 AB 5.707275545811021 1.0823925553897693
61333.0055 lsst_hardware_y 47.547541296300174 57.220469374064415 30.040000915527344 AB 3.253666089169198 1.087122179313111
61333.023 lsst_hardware_z 174.91556764169883 59.65467859232404 30.979999542236328 AB 3.2395273440133363 1.0819161205689065
61336.0003 lsst_hardware_y 23.94718854897599 71.51157187295226 30.049999237060547 AB 4.318378605578884 1.0853606297402159
61336.0177 lsst_hardware_i 136.54318239335615 80.96458387267998 31.329999923706055 AB 4.248569461663609 1.082231283617977
61338.0012 lsst_hardware_y 102.96464258909155 68.92074109141579 30.059999465942383 AB 3.919880390222182 1.0828149601221468
61338.0187 lsst_hardware_r 75.39174215283883 93.83553751308163 31.649999618530273 AB 3.9250436069725714 1.0841414036982588
61547.388 lsst_hardware_i -59.40638329821673 66.76000213623047 31.31999969482422 AB 4.701634497789526 1.1266797262855324
61547.4115 lsst_hardware_z 118.33536545498652 60.33000183105469 30.979999542236328 AB 4.512323270860174 1.0926604094423438
61551.4045 lsst_hardware_r -85.08903435594995 79.08999633789062 31.639999389648438 AB 5.999914173165126 1.089309036522395
61551.4307 lsst_hardware_y -16.107348780512986 62.31999969482422 30.049999237060547 AB 5.463369636973748 1.0828560326982852
61553.4151 lsst_hardware_r 61.22647337342729 54.290000915527344 31.6299991607666 AB 10.089497936259223 1.0820997357635374
61553.435 lsst_hardware_y -16.21687690887248 64.02999877929688 30.049999237060547 AB 9.569004060456543 1.0874692090828644
61557.3555 lsst_hardware_u -1.68172036333449 3.940000057220459 29.1299991607666 AB 7.614269573092905 1.1376608961852064
61557.3765 lsst_hardware_y -11.56817944528848 68.13999938964844 30.780000686645508 AB 6.864242602275072 1.1011270650389122
61560.3928 lsst_hardware_g 4.814811161079751 15.729999542236328 31.450000762939453 AB 12.645786897553055 1.0827104088317863
61560.4154 lsst_hardware_r 10.611567177542785 24.940000534057617 31.510000228881836 AB 12.66256941215839 1.087149123173075
61571.3521 lsst_hardware_r 3.5729161174755104 31.639999389648438 31.549999237060547 AB 12.22233968878042 1.0877112767286137
61571.3811 lsst_hardware_g 43.453291852465114 15.420000076293945 31.440000534057617 AB 12.898018554890642 1.084748273518318
61573.3541 lsst_hardware_r -135.80518335901263 102.3499984741211 32.400001525878906 AB 3.5940328851749452 1.0837369238641572
61573.378 lsst_hardware_i -48.79524481814166 82.47000122070312 32.06999969482422 AB 4.018155027628284 1.0859878453049416
61575.3145 lsst_hardware_i 77.31799064644636 79.6500015258789 31.329999923706055 AB 3.395692225380265 1.1210604903863537
61575.3402 lsst_hardware_z 17.70818984988639 68.5999984741211 30.989999771118164 AB 2.8097119168039857 1.0884028343227186
61579.3115 lsst_hardware_y 15.04075359443766 87.41000366210938 30.790000915527344 AB 2.9584878211447094 1.1079095572879092
61579.3354 lsst_hardware_r 14.313850623009888 153.67999267578125 32.400001525878906 AB 3.74070672758652 1.0847344432612787
61586.3238 lsst_hardware_z -101.18576202078818 59.93000030517578 31.700000762939453 AB 3.8183354335181767 1.0822946240130886
61586.3471 lsst_hardware_i -138.16355563374375 45.2599983215332 32.0 AB 3.8708475598047185 1.0890502372141195
61590.311 lsst_hardware_g -0.3300165671172142 15.170000076293945 31.440000534057617 AB 7.565337995765902 1.0826959564602283
61590.3326 lsst_hardware_r 3.532542396964425 24.1200008392334 31.489999771118164 AB 7.585156080255491 1.0865947970951424
61595.2829 lsst_hardware_i 26.978551235906796 44.939998626708984 32.0 AB 2.2900758541600044 1.090512311504764
61595.3037 lsst_hardware_z 51.69238252936151 59.7599983215332 31.700000762939453 AB 1.8812660833969375 1.0819128247275278
61610.2734 lsst_hardware_y -38.208994304459296 51.650001525878906 30.040000915527344 AB 6.420949923975675 1.0842078473512051
61610.2933 lsst_hardware_r 47.94879130568681 61.97999954223633 31.6299991607666 AB 5.808542133609727 1.1008323952638543
61616.2521 lsst_hardware_i 43.221189677665905 31.920000076293945 31.25 AB 4.776655216909439 1.0825894309953965
61616.2729 lsst_hardware_z 3.4693896514658618 42.66999816894531 30.940000534057617 AB 4.841859022648265 1.096145875406165
61618.216 lsst_hardware_z 98.25696181419454 60.25 31.700000762939453 AB 4.89989903774816 1.0942974103509624
61618.2364 lsst_hardware_r -54.992422626960746 34.810001373291016 32.2599983215332 AB 4.811230987578636 1.0823105101031725
61621.2217 lsst_hardware_u 0.28728372079199516 2.859999895095825 28.479999542236328 AB 1.6002540585993907 1.0843054039069842
61621.2416 lsst_hardware_r 33.019460109170346 24.690000534057617 31.510000228881836 AB 1.689383913924754 1.0835172082895268
61625.2185 lsst_hardware_r -29.79686288590807 24.739999771118164 31.510000228881836 AB 3.354593872599233 1.0821270556771718
61625.2387 lsst_hardware_u -0.5047844410787334 2.8499999046325684 28.469999313354492 AB 3.371800128885356 1.08767746093076
61630.2084 lsst_hardware_i -97.91564019310862 81.11000061035156 32.06999969482422 AB 3.809725089332392 1.0819240580283365
61630.2276 lsst_hardware_z 9.739554972935565 79.06999969482422 31.719999313354492 AB 3.834125894445276 1.089549842127103
61650.1304 lsst_hardware_g 2.318462929380946 15.550000190734863 31.440000534057617 AB 3.3502331862204535 1.0925861026917447
61650.1482 lsst_hardware_i 28.46005379746449 31.989999771118164 31.25 AB 3.325363538414644 1.0824751101610168
61673.0745 lsst_hardware_r -40.93530218367639 24.25 31.5 AB 4.881983871239643 1.0871401138450325
61673.0939 lsst_hardware_i -13.8097731324597 31.770000457763672 31.25 AB 5.469103160712672 1.08213358937726
61677.063 lsst_hardware_z -13.74933847426565 42.2599983215332 30.940000534057617 AB 3.6902307250764963 1.0875210270615512
61677.0814 lsst_hardware_r 5.832465978442218 24.06999969482422 31.489999771118164 AB 3.6495170320248156 1.0819795529276395
61679.0608 lsst_hardware_u -4.02097208919496 2.7699999809265137 28.43000030517578 AB 6.196848240460182 1.0855475589840031
61679.0804 lsst_hardware_g 8.061364985171348 15.15999984741211 31.440000534057617 AB 6.207668413383739 1.0826699168740115
61681.0638 lsst_hardware_r -1.2954502315449923 24.360000610351562 31.510000228881836 AB 3.1801666107852022 1.0824256673879764
61681.0819 lsst_hardware_z -55.522856378821366 42.22999954223633 30.950000762939453 AB 3.2169364049232607 1.0853361690024497
61683.0355 lsst_hardware_i 5.511744412491426 32.5099983215332 31.25 AB 2.982286313916098 1.0975384355196456
61683.0541 lsst_hardware_r -0.7000270086006242 25.860000610351562 31.520000457763672 AB 3.051866395602413 1.0836311027111571
61685.0364 lsst_hardware_z 55.93816241867949 44.869998931884766 30.950000762939453 AB 4.195942271262352 1.0911777751202958
61685.0544 lsst_hardware_g -10.964688391001294 30.190000534057617 31.639999389648438 AB 4.474764478600294 1.0821679512939042
61690.0289 lsst_hardware_z -39.12950176809159 79.37000274658203 30.989999771118164 AB 6.556679404706065 1.0866223739984653
61690.0468 lsst_hardware_r -121.35738402756431 107.56999969482422 31.649999618530273 AB 5.816492456188515 1.0820542512092932
61691.0415 lsst_hardware_z -17.97363508850263 108.66999816894531 31.739999771118164 AB 6.158853237424894 1.0819241523803063
61695.003 lsst_hardware_y 78.11042564985951 50.75 30.030000686645508 AB 7.777030239168506 1.0972366128580056
61695.0199 lsst_hardware_r -16.079757091800538 48.18000030517578 31.6200008392334 AB 7.6737899233412445 1.0842004271563206
61697.0053 lsst_hardware_z -15.839933661288432 44.38999938964844 30.950000762939453 AB 4.410196133521998 1.089789415639059
61697.0229 lsst_hardware_g 0.34317399972266405 15.489999771118164 31.450000762939453 AB 4.399143650881896 1.0820227066201271
61701.007 lsst_hardware_y -106.57145719595461 49.58000183105469 30.040000915527344 AB 4.296092657354849 1.0829575642437228
61701.0238 lsst_hardware_i 78.18118106336937 32.0099983215332 31.25 AB 4.256993452191158 1.0837559705171829
61704.0015 lsst_hardware_y 97.13282070446219 63.099998474121094 30.049999237060547 AB 4.0912934586921965 1.0823289059836385
61704.019 lsst_hardware_r 8.760788298392368 25.030000686645508 31.520000457763672 AB 4.097761366764094 1.085284080451326
