data/validation/pwv_sim_epoch_fit_seasonal/30199443.ecsv
# %ECSV 0.9
# ---
# datatype:
# - {name: time, datatype: float64}
# - {name: band, datatype: string}
# - {name: flux, datatype: float64}
# - {name: fluxerr, datatype: float64}
# - {name: zp, datatype: float64}
# - {name: zpsys, datatype: string}
# - {name: pwv, datatype: float64}
# - {name: airmass, datatype: float64}
# meta: {SNID: '30199443', alt: 1024.0, c: -0.09707324206829071, dec: -11.567418, lat: -30.244573, lon: -70.7499537, ra: 284.414062, t0: 61268.44921875,
#   x0: 2.3457099690489343e-06, x1: 0.7522822022438049, z: 0.8344485759735107}
# schema: astropy-2.0
time band flux fluxerr zp zpsys pwv airmass
61150.4019 lsst_hardware_r -4.036947230820854 24.780000686645508 31.520000457763672 AB 4.966011128352667 1.056598112415461
61150.4204 lsst_hardware_y 74.74460612636119 61.939998626708984 30.059999465942383 AB 4.606020860573768 1.058490373566303
61152.3925 lsst_hardware_g -20.7492910118666 15.699999809265137 31.469999313354492 AB 6.451857565072347 1.0578549868949578
61152.4104 lsst_hardware_y -50.802882122239964 48.290000915527344 30.040000915527344 AB 6.392272815174619 1.0568360445027063
61154.3945 lsst_hardware_z 59.742371625559784 42.20000076293945 30.950000762939453 AB 10.430517742522753 1.0559698048651196
61154.4139 lsst_hardware_y -56.49800964005289 49.58000183105469 30.040000915527344 AB 10.474156889976689 1.0608531623879158
61156.39 lsst_hardware_u -0.4281666445888815 2.859999895095825 28.5 AB 4.2245722114376445 1.0558790830886389
61156.4088 lsst_hardware_y -29.649027217100866 47.90999984741211 30.040000915527344 AB 4.25492539041537 1.0610786509764016
61160.3708 lsst_hardware_i 14.373811900487732 58.189998626708984 31.31999969482422 AB 11.037536163936858 1.0578009788699438
61160.3882 lsst_hardware_z 48.97998286415194 53.529998779296875 30.969999313354492 AB 12.075006477091232 1.0567391899438068
61162.3224 lsst_hardware_r -27.687906192566654 96.62999725341797 31.649999618530273 AB 10.019308017288985 1.111198671048686
61162.3398 lsst_hardware_z 36.99250737903954 65.88999938964844 30.989999771118164 AB 9.750662397362365 1.080345952840548
61171.344 lsst_hardware_g -6.611000594680798 21.450000762939453 31.56999969482422 AB 7.240562508805446 1.0567464529215576
61171.3614 lsst_hardware_r 13.933641708012448 28.15999984741211 31.540000915527344 AB 7.279745966198591 1.0577951127867757
61174.3328 lsst_hardware_i 14.598475169128319 44.290000915527344 32.0 AB 7.227654439817259 1.0577184267834843
61174.3546 lsst_hardware_z -6.047145874393213 59.13999938964844 31.690000534057617 AB 8.452940489941694 1.0583704873624127
61176.3218 lsst_hardware_r 18.242497406541275 23.93000030517578 31.5 AB 3.971476521703255 1.0604035836601708
61176.3433 lsst_hardware_u 2.114082339084107 2.690000057220459 28.389999389648438 AB 4.339707394179891 1.0564468034681176
61179.3259 lsst_hardware_g 3.2458556816971615 14.829999923706055 31.440000534057617 AB 7.808444143521764 1.0560157072754197
61179.3445 lsst_hardware_i -36.49210162856881 31.399999618530273 31.25 AB 8.77681819226007 1.060172917409414
61181.3024 lsst_hardware_u -0.8803321338092225 2.75 28.440000534057617 AB 7.093914816109816 1.0644331631945108
61181.3193 lsst_hardware_g 29.257445237659134 14.970000267028809 31.450000762939453 AB 7.0706208088263205 1.0561835549818988
61186.2899 lsst_hardware_i -21.99060613314809 37.61000061035156 31.280000686645508 AB 6.016361998943363 1.0635251898432674
61186.3103 lsst_hardware_z -52.61638623475879 41.91999816894531 30.950000762939453 AB 5.961259184387203 1.0558064499903153
61188.2878 lsst_hardware_r 80.08523064549497 60.7400016784668 31.639999389648438 AB 8.115265660169358 1.061165826762896
61188.31 lsst_hardware_z 32.542185264221246 51.68000030517578 30.969999313354492 AB 8.24294391495199 1.056336255653857
61195.2118 lsst_hardware_z -160.35444102007017 107.66000366210938 31.729999542236328 AB 13.375915046413631 1.1663855462159738
61195.2355 lsst_hardware_r -3.7253735641181565 145.0800018310547 32.38999938964844 AB 12.689265219204819 1.1045188857731585
61197.2639 lsst_hardware_r -76.45911402859142 58.189998626708984 31.639999389648438 AB 6.208911841429298 1.0607480366906545
61197.2893 lsst_hardware_y -15.490617446148091 50.630001068115234 30.049999237060547 AB 6.165473907858833 1.0573915520123767
61224.2287 lsst_hardware_z -123.20521021327173 92.23999786376953 31.729999542236328 AB 7.178194417785722 1.065198390095079
61226.1906 lsst_hardware_g -59.99381000606481 51.439998626708984 31.709999084472656 AB 3.8081355542878974 1.0578154317466382
61226.2122 lsst_hardware_r -11.919883479627325 52.540000915527344 31.6299991607666 AB 3.8128514140216674 1.0581945734830627
61232.1907 lsst_hardware_i -18.95922305354181 45.002532230210434 32.0099983215332 AB 8.256018209091266 1.0565224001737747
61232.2119 lsst_hardware_r -79.14477659543076 34.59044068046734 32.2599983215332 AB 8.880786941658128 1.0699743303202562
61234.1786 lsst_hardware_u 2.381229743438666 2.808535334282971 28.450000762939453 AB 6.447973275892691 1.055818780251287
61234.2004 lsst_hardware_g 27.83331016509828 15.497410928597233 31.459999084472656 AB 6.5804962502285775 1.0643746462157466
61236.1795 lsst_hardware_r -6.16031565080697 24.326803700929062 31.510000228881836 AB 6.761345002390751 1.0564601566235547
61236.1989 lsst_hardware_i 23.905781239083872 31.99715166523167 31.25 AB 6.834463796733701 1.0678849682396407
61239.1671 lsst_hardware_z 79.85187020688673 42.209052450001046 30.940000534057617 AB 2.2872702078290468 1.0558662240411063
61239.1884 lsst_hardware_r 8.23239344386305 24.301792136382538 31.5 AB 2.353118107619687 1.0657640042059349
61243.1365 lsst_hardware_i 134.7260977901396 39.53404343330723 31.280000686645508 AB 5.490494145085026 1.0619226636099388
61243.1569 lsst_hardware_z 115.96030608221643 45.562306908295575 30.950000762939453 AB 5.410541251671829 1.0559213996236982
61245.1364 lsst_hardware_z 110.92788143259814 53.46431317343998 30.969999313354492 AB 6.5646962871690375 1.0588219818014577
61245.1555 lsst_hardware_r 163.0772801616372 59.56944947176129 31.6299991607666 AB 6.550879768470338 1.0565935110436029
61247.1292 lsst_hardware_i 247.05851650032503 79.06463884759015 31.329999923706055 AB 9.822963623693777 1.0597080342730218
61247.1498 lsst_hardware_r 77.34860579801726 95.71430524906579 31.649999618530273 AB 9.754830731146196 1.0565370757780597
61252.1267 lsst_hardware_r 447.20986610744916 102.79751199971194 31.65999984741211 AB 3.907247616471247 1.0560128693165531
61252.1485 lsst_hardware_i 562.3246341214605 83.2219830626142 31.329999923706055 AB 3.930499287221131 1.0622971046543597
61254.1282 lsst_hardware_z 385.81645135637433 55.511003355595896 30.969999313354492 AB 1.9312088096762419 1.0560748138951377
61254.1499 lsst_hardware_r 459.4493249534452 64.4782208086202 31.6299991607666 AB 1.946838822676775 1.0680289783359833
61257.0914 lsst_hardware_i 778.5964213253972 41.2366200666304 31.239999771118164 AB 2.5029868176739862 1.0675235218967813
61257.1103 lsst_hardware_u -1.8475049840809654 2.9842811782270915 28.3799991607666 AB 2.478698496269615 1.0564886678708312
61259.0938 lsst_hardware_g 176.67891440196016 19.49417250804398 31.459999084472656 AB 3.010824881435854 1.0612706667028038
61259.1138 lsst_hardware_r 596.2836555879796 34.82973071182024 31.510000228881836 AB 2.9859644427178145 1.0559817668458615
61265.0842 lsst_hardware_u 3.3171011334039586 2.9376842307719153 28.479999542236328 AB 2.696297195397954 1.0577862673197154
61265.1036 lsst_hardware_g 138.1935513039022 18.68116661544302 31.469999313354492 AB 2.5467182120976317 1.0573876736963386
61267.0784 lsst_hardware_r 643.3176970043245 34.608349961816046 31.510000228881836 AB 3.914299981264726 1.0579189138553313
61267.0971 lsst_hardware_i 844.8792113595491 42.85793849041287 31.25 AB 3.8197416387997922 1.0570509343356664
61269.0816 lsst_hardware_z 1157.512629865736 68.31471936923492 31.709999084472656 AB 4.12587584765465 1.0558863333729391
61269.1022 lsst_hardware_r 1254.137793567379 48.54575393605596 32.27000045776367 AB 4.257493010377956 1.0623812876800887
61273.0558 lsst_hardware_i 885.9788091829139 52.32241834949316 31.299999237060547 AB 3.3706685969352206 1.0611265849001166
61273.0783 lsst_hardware_z 646.555285584589 53.674935687217825 30.969999313354492 AB 3.351509880651862 1.056425494295307
61277.0529 lsst_hardware_i 769.9220277041899 92.38185995931386 31.34000015258789 AB 4.423765182312402 1.0572631385729698
61277.0716 lsst_hardware_r 425.4970501946485 109.11649931026443 31.649999618530273 AB 4.434956141186696 1.0576627388656217
61279.0485 lsst_hardware_z 1022.809991431815 111.02329215934122 31.739999771118164 AB 1.7175185842934273 1.0569345134114745
61285.0219 lsst_hardware_g 50.44920496743731 22.745700040435164 32.209999084472656 AB 1.7712003838921524 1.0618707337482929
61285.0424 lsst_hardware_r 525.293178382526 41.12854022542761 32.2599983215332 AB 1.5004916568012576 1.0559406451812587
61287.0266 lsst_hardware_i 571.5853236492082 38.476676400064136 31.25 AB 1.8949370446495353 1.0569510335499872
61287.0461 lsst_hardware_z 413.7317422654522 46.16715757773085 30.940000534057617 AB 1.6860269310937395 1.0583973202095036
61299.9822 lsst_hardware_y 102.28212158474865 62.46658987742719 30.049999237060547 AB 7.076837229838509 1.061048112824248
61300.0008 lsst_hardware_g 37.70477643687519 22.545362850964878 31.56999969482422 AB 1.8665444223504508 1.0558871007497954
61303.9944 lsst_hardware_z 599.1826707730531 96.49896210471975 31.739999771118164 AB 3.605106151727259 1.0565961757700055
61305.9841 lsst_hardware_y 44.68839340345397 69.43750867279822 30.06999969482422 AB 1.1758828642577897 1.0558660858347872
61306.0047 lsst_hardware_r 25.25846887697141 82.51581608272805 31.649999618530273 AB 1.5976774399595435 1.0651182933063623
61511.4011 lsst_hardware_r -4.171081409710854 25.079999923706055 31.530000686645508 AB 17.012176434049096 1.0625692502724395
61511.4203 lsst_hardware_y 68.17509813312725 64.29000091552734 30.059999465942383 AB 16.91649707361072 1.0558128273875842
61513.3486 lsst_hardware_z -28.894882125102164 49.52000045776367 30.959999084472656 AB 14.631107455842368 1.142809744456654
61513.3661 lsst_hardware_y 65.3551956231716 48.47999954223633 30.030000686645508 AB 14.099260722464894 1.1013828461015298
61518.3933 lsst_hardware_r 115.48065449969855 87.0 31.649999618530273 AB 5.935230306643064 1.0569057351415203
61518.4118 lsst_hardware_y -0.2317990242975248 55.90999984741211 30.049999237060547 AB 5.993016995938018 1.0580268927095895
61520.3919 lsst_hardware_r 4.180064069504446 84.44999694824219 31.649999618530273 AB 15.497574095076947 1.0560527492386336
61520.41 lsst_hardware_y -25.13263605194418 56.13999938964844 30.049999237060547 AB 15.575171823814875 1.0597758101937997
61522.4009 lsst_hardware_z -137.2634159122475 84.31999969482422 31.729999542236328 AB 1.4812502326901134 1.0580358804929382
61524.3735 lsst_hardware_r 78.80847769628478 37.689998626708984 31.600000381469727 AB 12.062417091152964 1.058106762381839
61524.3919 lsst_hardware_i -1.7155967882113015 38.900001525878906 31.280000686645508 AB 13.284285920876737 1.0568246555987857
61526.3637 lsst_hardware_z 29.97195379898682 42.43000030517578 30.950000762939453 AB 9.436384508496054 1.0602679223029274
61526.3823 lsst_hardware_r -38.40240955871698 26.170000076293945 31.530000686645508 AB 9.376455468470493 1.0560062470356257
61533.3642 lsst_hardware_g -0.7386034159438462 15.329999923706055 31.469999313354492 AB 11.064385468130718 1.0561482859313092
61533.3825 lsst_hardware_r -1.7404546854455498 24.299999237060547 31.520000457763672 AB 11.290176803255848 1.06537903905912
61535.3332 lsst_hardware_r -11.589825136727248 24.200000762939453 31.510000228881836 AB 7.237839899556787 1.064388220523057
61535.3531 lsst_hardware_i 7.097335124633934 31.540000915527344 31.260000228881836 AB 7.357805705212471 1.0558538734863023
61539.2262 lsst_hardware_u -1.6065665837808805 3.2100000381469727 28.360000610351562 AB 9.284768695726425 1.3775280575247324
61539.2486 lsst_hardware_g -11.651612653228911 15.109999656677246 31.389999389648438 AB 8.382121483755675 1.2500367584453875
61541.3428 lsst_hardware_r 5.535133034157653 23.979999542236328 31.520000457763672 AB 4.38666910225168 1.0562227462382152
61541.3677 lsst_hardware_z -32.751182851490896 42.22999954223633 30.950000762939453 AB 4.415188401379349 1.0723851519360441
61543.308 lsst_hardware_r -110.71311411240089 68.95999908447266 31.639999389648438 AB 8.504385292635646 1.0673285939614543
61543.3287 lsst_hardware_y 33.09728398353279 51.11000061035156 30.049999237060547 AB 8.346383577476175 1.0561143346835116
61547.2935 lsst_hardware_z -33.73394693547677 80.33999633789062 30.989999771118164 AB 4.537088587304819 1.0709521036952245
61547.3131 lsst_hardware_r 189.4250270822558 120.0 31.649999618530273 AB 4.5188444081378485 1.0572251057233462
61553.2914 lsst_hardware_z -78.56996831150512 45.11000061035156 30.959999084472656 AB 8.099452279586158 1.0594905746384613
61553.311 lsst_hardware_r -3.9104420326708604 37.58000183105469 31.600000381469727 AB 8.306025947918343 1.0564102954427492
61560.2907 lsst_hardware_r -26.87613785820327 23.90999984741211 31.510000228881836 AB 12.085959615780949 1.0561880289942278
61560.3153 lsst_hardware_u -6.204292426824594 2.7799999713897705 28.450000762939453 AB 12.943818097697555 1.071796476510462
61562.2777 lsst_hardware_g 22.982074020938636 14.920000076293945 31.440000534057617 AB 6.144348928725732 1.0560022220032006
61562.2981 lsst_hardware_r -28.244061703193925 23.920000076293945 31.510000228881836 AB 6.40448483824697 1.0614435199082801
61571.2201 lsst_hardware_r 140.46936562718582 60.25 31.6299991607666 AB 12.536703173351475 1.0807502735647823
61571.2403 lsst_hardware_i -8.478260267539188 51.290000915527344 31.309999465942383 AB 12.302930341084144 1.060597443196909
61575.2299 lsst_hardware_z 181.90396600114622 132.33999633789062 31.75 AB 3.626369407017858 1.060290260811225
61581.1972 lsst_hardware_z 53.65968565147266 96.54000091552734 32.470001220703125 AB 4.080743335696741 1.0749642189129434
61586.1797 lsst_hardware_u -0.37343070023255504 2.8399999141693115 28.469999313354492 AB 3.3479391260417732 1.0799803632392817
61586.2042 lsst_hardware_g -14.259414148674242 15.529999732971191 31.469999313354492 AB 3.2802030198116485 1.0581300063908543
61588.2516 lsst_hardware_r -42.20754789511453 24.579999923706055 31.510000228881836 AB 9.002603689969275 1.0893540816742089
61588.2634 lsst_hardware_z 54.283672505502835 42.93000030517578 30.940000534057617 AB 9.10879339352474 1.1119019451940424
61590.2171 lsst_hardware_r 9.938095324161093 24.530000686645508 31.520000457763672 AB 7.701698391129863 1.0588710237340995
61590.2393 lsst_hardware_u 1.2988801745824539 2.799999952316284 28.450000762939453 AB 7.844116472560709 1.0790943215720339
61595.1697 lsst_hardware_z -17.398135391123855 42.15999984741211 30.950000762939453 AB 2.7607527441115525 1.0641472738448319
61595.1907 lsst_hardware_g 17.12535131471964 15.420000076293945 31.450000762939453 AB 2.7148808142932035 1.0558260880061718
61597.1071 lsst_hardware_r -19.519105556974733 34.540000915527344 31.549999237060547 AB 8.608902695477507 1.1812300026953826
61597.1195 lsst_hardware_i -23.06214210767705 36.93000030517578 31.260000228881836 AB 8.402157853762327 1.142166548610584
61606.1311 lsst_hardware_i 29.969088588265304 93.62999725341797 31.329999923706055 AB 3.431747213418082 1.0724210041931506
61606.1513 lsst_hardware_z -110.02576615278656 79.83000183105469 30.989999771118164 AB 3.3839253440632597 1.0574766700197686
61609.1117 lsst_hardware_g -23.705122258087766 43.54999923706055 31.68000030517578 AB 7.045888880339086 1.0877481868528114
61609.1313 lsst_hardware_r -19.632569286100217 53.68000030517578 31.6299991607666 AB 6.17287574711394 1.0642889219161966
61610.1505 lsst_hardware_i 17.257972033060796 40.58000183105469 31.290000915527344 AB 6.546196944190872 1.0558382168049794
61610.1702 lsst_hardware_r 72.59686758508845 44.709999084472656 31.610000610351562 AB 5.858786900398318 1.0637028943911009
61616.1426 lsst_hardware_u -3.473633454179175 2.859999895095825 28.520000457763672 AB 5.863422108971685 1.0574250872807367
61616.1607 lsst_hardware_g -20.332164822277548 15.279999732971191 31.469999313354492 AB 5.946871888974902 1.0699661549073232
61618.1314 lsst_hardware_r -2.242462121106778 23.889999389648438 31.5 AB 4.423821946060178 1.0560568025925468
61618.1526 lsst_hardware_i 15.427420827892021 31.520000457763672 31.25 AB 4.411334537412503 1.0673444319894756
61621.1366 lsst_hardware_z 18.8883463183637 41.880001068115234 30.950000762939453 AB 1.4211055526528535 1.0611864736673455
61621.1566 lsst_hardware_r -38.57721938230381 24.110000610351562 31.510000228881836 AB 1.4469203038848328 1.0818095729980057
61623.0953 lsst_hardware_i 7.252021955549494 31.450000762939453 31.25 AB 2.0701157506334638 1.0625968435110602
61623.1153 lsst_hardware_u 0.7771341743947818 2.7200000286102295 28.40999984741211 AB 2.057674298176295 1.0558492935138777
61625.1033 lsst_hardware_g 25.2671487254313 21.170000076293945 31.559999465942383 AB 4.648142184484417 1.0563959510191856
61625.1223 lsst_hardware_r -32.82087599589361 27.440000534057617 31.540000915527344 AB 4.660707927015908 1.0592518015945245
61628.0946 lsst_hardware_i -127.6236287216736 50.47999954223633 31.309999465942383 AB 7.910501338192417 1.0565060942059346
61628.113 lsst_hardware_r -132.39421511460412 56.470001220703125 31.639999389648438 AB 7.93319407880739 1.0587120513538706
61630.0859 lsst_hardware_z -111.90937530511334 73.31999969482422 30.989999771118164 AB 2.6790072297972674 1.0574332858877484
61650.0195 lsst_hardware_z -1.804000207650105 41.95000076293945 30.950000762939453 AB 1.6664927523639592 1.0641716170906508
61650.0372 lsst_hardware_i -21.40202532330885 31.399999618530273 31.25 AB 1.7752014152919227 1.0560389145099744
61652.0135 lsst_hardware_u -2.4891156148968494 2.859999895095825 28.459999084472656 AB 1.9036955858708102 1.064607467166079
61652.033 lsst_hardware_g 7.407387077113621 15.5600004196167 31.459999084472656 AB 1.8938646801540122 1.0559111723202224
61654.0155 lsst_hardware_r -37.385818662262345 27.850000381469727 31.549999237060547 AB 0.9407237062878546 1.0595724118128642
61654.036 lsst_hardware_i -18.305371441770305 33.27000045776367 31.260000228881836 AB 0.9245204686916538 1.05659482136189
61656.0239 lsst_hardware_z -115.26208095898674 67.75 31.709999084472656 AB 2.5339969589193454 1.055832066216394
