data/validation/pwv_sim_epoch_fit_seasonal/30461276.ecsv
# %ECSV 0.9
# ---
# datatype:
# - {name: time, datatype: float64}
# - {name: band, datatype: string}
# - {name: flux, datatype: float64}
# - {name: fluxerr, datatype: float64}
# - {name: zp, datatype: float64}
# - {name: zpsys, datatype: string}
# - {name: pwv, datatype: float64}
# - {name: airmass, datatype: float64}
# meta: {SNID: '30461276', alt: 1024.0, c: 0.11315718293190002, dec: -33.868706, lat: -30.244573, lon: -70.7499537, ra: 126.738281, t0: 61837.3515625,
#   x0: 0.00021547023204656704, x1: 0.30093592405319214, z: 0.11875925213098526}
# schema: astropy-2.0
time band flux fluxerr zp zpsys pwv airmass
61724.2826 lsst_hardware_i -30.165264983466113 61.599998474121094 31.290000915527344 AB 5.689179102792744 1.227350590275821
61724.2998 lsst_hardware_r -51.877117453503196 75.6500015258789 31.6200008392334 AB 6.120898194106653 1.1582373270039081
61726.3037 lsst_hardware_z -105.89136371536017 74.86000061035156 31.719999313354492 AB 4.21842037596661 1.1273923634574625
61728.276 lsst_hardware_g -13.311798550776473 47.25 31.639999389648438 AB 6.369115933664357 1.2083316132925646
61728.2937 lsst_hardware_r -2.399888526934323 48.790000915527344 31.600000381469727 AB 7.12345610002543 1.141808230819544
61731.2668 lsst_hardware_i 23.389281508793143 32.959999084472656 31.239999771118164 AB 3.681668983158285 1.212670943069264
61731.2846 lsst_hardware_u 6.49533323920954 3.390000104904175 28.559999465942383 AB 3.454299565357499 1.1448186805206029
61736.2995 lsst_hardware_r -12.549385436730418 21.93000030517578 31.479999542236328 AB 4.093430526295848 1.0682229974675148
61736.3183 lsst_hardware_u 0.6473568553459731 2.6600000858306885 28.459999084472656 AB 4.025361730556991 1.0352630953659538
61738.2687 lsst_hardware_u -3.4188951659460343 2.5799999237060547 28.350000381469727 AB 5.67425265083796 1.1343778727206248
61738.2841 lsst_hardware_g -11.075757525267804 13.0 31.3700008392334 AB 5.382904670112866 1.0909450437654855
61740.2742 lsst_hardware_r -13.860613821173983 21.899999618530273 31.469999313354492 AB 8.456269363514442 1.102392529735723
61740.2908 lsst_hardware_i 48.688631374415294 29.850000381469727 31.239999771118164 AB 8.272250857683618 1.0636700808164674
61742.2711 lsst_hardware_z -33.774893353816275 41.720001220703125 30.940000534057617 AB 6.826998324248756 1.096203424010574
61742.287 lsst_hardware_r -20.68724743456303 21.950000762939453 31.489999771118164 AB 6.594877557939665 1.0603856766463118
61746.2345 lsst_hardware_z 51.382299311686616 42.959999084472656 30.93000030517578 AB 5.0003511731514 1.1774767283716585
61746.2565 lsst_hardware_g 9.525345487912087 13.170000076293945 31.3799991607666 AB 5.030167286380457 1.1059566396703033
61748.2463 lsst_hardware_r 75.96766751011644 48.59000015258789 32.31999969482422 AB 6.055930981712257 1.1193957452335548
61748.27 lsst_hardware_y -134.1062009826425 66.58000183105469 30.790000915527344 AB 7.310881022538609 1.0615993740375522
61752.2539 lsst_hardware_i 20.31266370420355 62.7400016784668 31.329999923706055 AB 11.188454562818821 1.072307318652433
61752.276 lsst_hardware_z -55.30036340928579 57.060001373291016 30.979999542236328 AB 10.879838844044317 1.033321193279863
61754.2493 lsst_hardware_r 112.06947690887607 79.80000305175781 31.649999618530273 AB 8.636690579984572 1.070458507123456
61754.2712 lsst_hardware_z 3.481854182312776 58.0099983215332 30.979999542236328 AB 8.431415105627506 1.032414934708132
61756.2548 lsst_hardware_z 62.32007057045031 52.75 30.969999313354492 AB 7.382438926896065 1.0493126184203063
61756.2773 lsst_hardware_i -62.83685664122836 52.720001220703125 31.31999969482422 AB 7.170890102470416 1.0188094199715991
61758.1411 lsst_hardware_r -4.76739506341379 23.56999969482422 31.399999618530273 AB 4.990785759882747 1.549332017038464
61758.1632 lsst_hardware_u 5.6456836494021685 3.3399999141693115 28.420000076293945 AB 4.673097320108619 1.3744403882678684
61760.148 lsst_hardware_g -2.0850721300007504 13.09000015258789 31.270000457763672 AB 5.94679429701056 1.4443607497747555
61760.1708 lsst_hardware_r -59.026150835838116 22.610000610351562 31.440000534057617 AB 6.13792153362053 1.29510230699547
61764.1425 lsst_hardware_i 31.016387561061112 32.4900016784668 31.200000762939453 AB 8.985456293764893 1.4041969516744637
61764.165 lsst_hardware_z -15.119748231409664 43.58000183105469 30.93000030517578 AB 8.110556888995216 1.2678688274184162
61766.1472 lsst_hardware_r 25.535054156330922 32.459999084472656 32.18000030517578 AB 6.536330169899025 1.337082984534849
61766.1693 lsst_hardware_g -6.535190072567749 18.489999771118164 32.08000183105469 AB 6.755116342505166 1.2212087756494463
61768.1684 lsst_hardware_i 15.28283212962952 31.280000686645508 31.229999542236328 AB 8.489920623562746 1.2015597245249794
61768.1894 lsst_hardware_z -23.201671903364694 41.880001068115234 30.940000534057617 AB 7.903071634450839 1.1262749942212966
61770.1446 lsst_hardware_z -33.879425571997565 44.15999984741211 30.920000076293945 AB 8.685419311714059 1.289068207000031
61770.1672 lsst_hardware_i 33.323219043402034 31.010000228881836 31.229999542236328 AB 7.804220369749392 1.1843418119356188
61772.1689 lsst_hardware_g 2.5932121923024574 12.930000305175781 31.34000015258789 AB 5.57557431162436 1.1577189185266528
61772.191 lsst_hardware_r -12.085743904562998 21.829999923706055 31.469999313354492 AB 5.119015709492084 1.0916297361726088
61774.1438 lsst_hardware_r -2.9406509405887884 24.93000030517578 31.479999542236328 AB 3.0267426040189584 1.2379315353860771
61774.166 lsst_hardware_i -38.5747128328665 30.889999389648438 31.239999771118164 AB 2.821418855617433 1.1488641420905734
61776.1531 lsst_hardware_z 95.39889584535611 63.22999954223633 31.690000534057617 AB 9.21055281117856 1.1755526290312002
61778.1473 lsst_hardware_z -16.464586270711127 48.400001525878906 30.950000762939453 AB 8.400100401402684 1.1768417682400378
61778.1706 lsst_hardware_r -2.2204879276003764 45.88999938964844 31.600000381469727 AB 7.59609623260204 1.1020014844918091
61780.139 lsst_hardware_i -2.02208240818487 57.2400016784668 31.299999237060547 AB 9.777240041661274 1.1878797256245348
61780.1582 lsst_hardware_z -96.460444696465 54.75 30.969999313354492 AB 9.256661922662927 1.1215664688202296
61782.1332 lsst_hardware_i -20.92570642631211 76.55999755859375 31.309999465942383 AB 8.353149341935039 1.1892296899110315
61782.1513 lsst_hardware_z -83.19329113993234 66.91000366210938 30.979999542236328 AB 7.966856277711042 1.1258982868444094
61783.1354 lsst_hardware_g -149.59313356024165 99.55000305175781 31.68000030517578 AB 5.7709325882853095 1.17025806170447
61783.1525 lsst_hardware_r 22.67093090986445 92.97000122070312 31.639999389648438 AB 5.567019618800984 1.1142953600482353
61786.1307 lsst_hardware_i -24.116387963576134 45.84000015258789 31.280000686645508 AB 5.056930771357314 1.1576339041642079
61786.1485 lsst_hardware_r 29.90562617195561 52.849998474121094 31.610000610351562 AB 4.810483445674025 1.1026896150542178
61788.1339 lsst_hardware_u 1.1683728475815942 2.559999942779541 28.34000015258789 AB 5.139303639530463 1.129021010441666
61788.1507 lsst_hardware_g 10.197760689900647 18.799999237060547 31.520000457763672 AB 4.788695629859528 1.0834153008731964
61790.1331 lsst_hardware_r -3.2621724665003127 22.09000015258789 31.469999313354492 AB 8.303749246479674 1.1151210966869902
61790.1511 lsst_hardware_i 28.54478912618131 29.93000030517578 31.229999542236328 AB 7.826357414486883 1.070271099417004
61792.1299 lsst_hardware_z 89.6775822192481 41.540000915527344 30.940000534057617 AB 11.386436616369712 1.1087355209590974
61792.1481 lsst_hardware_r 7.086133987104038 21.799999237060547 31.479999542236328 AB 10.895121597395503 1.0651469238563387
61796.1307 lsst_hardware_r 40.306716581229374 21.920000076293945 31.469999313354492 AB 14.161516481790988 1.0791371242696783
61796.1476 lsst_hardware_z 20.259829448224426 40.61000061035156 30.940000534057617 AB 13.772464835131709 1.045904073141837
61798.1234 lsst_hardware_r 7.296300234174847 22.100000381469727 31.469999313354492 AB 13.325636381258413 1.0834070921163774
61798.1416 lsst_hardware_u -0.7947281294332291 2.5799999237060547 28.3799991607666 AB 12.42278666880203 1.0468052358408542
61800.1217 lsst_hardware_g -1.2180632236643705 13.140000343322754 31.3700008392334 AB 13.464077336214114 1.0748189089725346
61800.1414 lsst_hardware_r 7.372398614126812 21.8799991607666 31.479999542236328 AB 12.490008840688326 1.038439889201701
61802.1206 lsst_hardware_i 3.08311932511095 30.079999923706055 31.25 AB 8.150195169313246 1.065547491248763
61802.1389 lsst_hardware_z -30.363709840853854 40.59000015258789 30.950000762939453 AB 8.748840829251225 1.0341419419918705
61804.1231 lsst_hardware_r -27.066664989366874 24.149999618530273 31.510000228881836 AB 7.643280557193446 1.0504422686402262
61804.1408 lsst_hardware_z 44.629088610502855 40.529998779296875 30.950000762939453 AB 7.680527054057356 1.0246964772770946
61806.0409 lsst_hardware_y -80.51790852345157 51.900001525878906 29.959999084472656 AB 7.3301760489466785 1.3196032372312423
61806.0582 lsst_hardware_i 32.7801605775384 38.54999923706055 31.25 AB 7.34553600102242 1.229721428742606
61811.0379 lsst_hardware_y -65.88466760691284 59.279998779296875 29.989999771118164 AB 3.1540902107229316 1.2616360842891727
61811.0562 lsst_hardware_i 15.89850144303632 77.55000305175781 31.309999465942383 AB 3.069731977760313 1.180666145292428
61813.0455 lsst_hardware_z 87.64717140393185 87.47000122070312 31.719999313354492 AB 2.344915670494414 1.2016991820094367
61815.0336 lsst_hardware_y -50.716643109676944 50.740289011716776 29.989999771118164 AB 3.081053208274508 1.2298386222031765
61815.0517 lsst_hardware_r 8.206684571109896 22.63925807264703 31.469999313354492 AB 2.950720084353327 1.1569938900875676
61817.035 lsst_hardware_y 92.75242582358358 51.12095635093364 29.989999771118164 AB 3.244652456868191 1.1999454352323191
61817.0557 lsst_hardware_z -62.320212695177354 43.25107238176284 30.940000534057617 AB 2.7024199736129386 1.1260083223387245
61819.0317 lsst_hardware_y 488.5568706536205 53.77451155323103 29.989999771118164 AB 4.320820581792389 1.1911290370206236
61819.0513 lsst_hardware_u -0.9347801024985989 3.0828059651652837 28.3700008392334 AB 5.056361683352086 1.1228042228020594
61821.0297 lsst_hardware_y 875.3126850858156 56.76765465631315 30.0 AB 4.35702754333899 1.1775750117132406
61821.0483 lsst_hardware_r 6536.828379271321 83.75277469670169 31.479999542236328 AB 3.690871381992531 1.115572429195264
61825.0251 lsst_hardware_z 9954.301988190491 107.25581666509876 30.940000534057617 AB 8.702841037798567 1.154529190474737
61825.043 lsst_hardware_g 17723.496697543393 134.1549365538715 31.3700008392334 AB 8.698342195414352 1.1000696247559911
61827.0252 lsst_hardware_y 5723.327429780445 83.73641664407135 30.020000457763672 AB 7.962357089148069 1.1359784697575446
61827.0455 lsst_hardware_i 24457.852531095345 156.8121025696346 31.239999771118164 AB 6.994961867654882 1.080414230704044
61829.0235 lsst_hardware_y 7427.186169842663 92.47952558068992 30.020000457763672 AB 5.621458911180888 1.1242917822361775
61829.0442 lsst_hardware_r 39526.88976695948 199.63239906046454 31.479999542236328 AB 5.861891531387321 1.0711542314092868
61831.0212 lsst_hardware_y 8778.990461062665 101.43814651998663 30.020000457763672 AB 2.742018915439861 1.1149817690108208
61831.0413 lsst_hardware_g 41422.792678869024 204.2777063768468 31.389999389648438 AB 2.5887943519003227 1.0657860650063082
61835.0277 lsst_hardware_y 19030.91862924007 145.0464166835461 30.790000915527344 AB 5.4839867739049275 1.0714050549780176
61837.0148 lsst_hardware_z 20887.181468647203 149.21601072648156 30.959999084472656 AB 8.757883254408304 1.0884766659716587
61837.0345 lsst_hardware_r 68818.19793917611 267.1098468298847 31.6299991607666 AB 8.466552649510106 1.0478406744443605
61839.0117 lsst_hardware_y 9506.599830411682 101.5846314238253 30.040000915527344 AB 11.208987461233733 1.0828195905233038
61839.032 lsst_hardware_z 19533.420623281392 148.89962640493772 30.979999542236328 AB 10.789009355115581 1.042953794720207
61841.0107 lsst_hardware_y 9215.444636796577 104.70250767454667 30.049999237060547 AB 7.9060745029855015 1.0727373816805106
61841.0318 lsst_hardware_z 18642.652942286957 149.03082535852107 30.989999771118164 AB 7.637053523383271 1.0350064066926337
61844.0072 lsst_hardware_y 8634.625186359763 96.28466070783125 30.040000915527344 AB 10.048748371603423 1.0629612399166228
61844.0278 lsst_hardware_i 37163.88231623377 194.67165604398684 31.290000915527344 AB 9.760091292395703 1.0293305986904813
61848.0009 lsst_hardware_y 15754.559155460749 136.31189926881822 30.799999237060547 AB 7.1369727549833 1.054127871646575
61848.0181 lsst_hardware_g 61388.951756341754 247.51367885839628 32.13999938964844 AB 6.947298088436687 1.0277828372567035
61850.0016 lsst_hardware_z 11125.792256980143 113.14160331213075 30.950000762939453 AB 3.84613253939644 1.043537814795091
61850.0214 lsst_hardware_i 25120.717634642908 159.75248897735065 31.239999771118164 AB 3.7098506540471723 1.018070980803271
62081.2581 lsst_hardware_i -106.75548005370477 55.380001068115234 31.229999542236328 AB 7.932932998173149 1.5341444292288244
62081.2747 lsst_hardware_z -41.227099422046564 55.95000076293945 30.93000030517578 AB 7.0354895795688375 1.400887315481798
62088.2831 lsst_hardware_r -13.90076434375133 22.81999969482422 31.459999084472656 AB 7.188419018308295 1.2408802034020878
62088.2999 lsst_hardware_u 0.285642068177761 2.559999942779541 28.309999465942383 AB 6.917842724992993 1.1702512468798294
62091.2695 lsst_hardware_r 4.197257062231422 22.899999618530273 31.440000534057617 AB 5.126711493071973 1.2675238568663192
62091.2868 lsst_hardware_i -5.49305329368477 31.209999084472656 31.219999313354492 AB 4.794814205740748 1.1891408768835203
62095.2461 lsst_hardware_z -38.22888776082045 44.849998474121094 30.920000076293945 AB 4.411502007574428 1.3375280853708147
62095.2573 lsst_hardware_i 23.241765320019525 31.899999618530273 31.209999084472656 AB 4.289588923313241 1.2741353237564084
62098.2694 lsst_hardware_r 2.967780219811387 22.530000686645508 31.469999313354492 AB 10.246721454878175 1.182404968252732
62098.2857 lsst_hardware_u 2.086978754913828 2.6700000762939453 28.43000030517578 AB 9.857902264090077 1.1261026118448798
62100.2747 lsst_hardware_g 13.703981891988832 13.140000343322754 31.360000610351562 AB 6.076178290120573 1.1437153262869695
62100.2926 lsst_hardware_r -7.841500940846853 21.969999313354492 31.469999313354492 AB 5.7069484729234246 1.091890651707288
62103.2691 lsst_hardware_i 30.124570799462102 41.61000061035156 31.270000457763672 AB 5.605519534611304 1.1352950956174792
62103.2861 lsst_hardware_z -53.49355875137429 45.709999084472656 30.950000762939453 AB 5.344797365920348 1.0877226895793126
62105.2919 lsst_hardware_z -6.157866764816913 51.470001220703125 30.969999313354492 AB 7.354917545436936 1.0628493562770138
62105.3079 lsst_hardware_r 3.427321404424608 52.939998626708984 31.639999389648438 AB 7.211967211346815 1.0355078794888082
62107.2648 lsst_hardware_z 52.075553553705305 59.15999984741211 30.979999542236328 AB 6.936977833163716 1.1152331566817146
62107.2812 lsst_hardware_i -19.932959273664995 63.400001525878906 31.329999923706055 AB 6.679366591572471 1.0738120453437083
62110.2318 lsst_hardware_g -132.22139046458443 70.8499984741211 31.65999984741211 AB 6.426866994136072 1.2019013500651872
62110.2523 lsst_hardware_r 22.83032321259369 68.19999694824219 31.6299991607666 AB 5.793709272950624 1.1280586590634132
62112.2368 lsst_hardware_i 33.69799362665292 47.2400016784668 31.290000915527344 AB 5.915129011782852 1.161423328447448
62112.2573 lsst_hardware_r 12.412195676713523 50.880001068115234 31.6200008392334 AB 6.979257721223963 1.0983749856352465
62114.2502 lsst_hardware_r -14.10950125627127 33.189998626708984 31.56999969482422 AB 10.227893239136694 1.102708092950238
62114.2727 lsst_hardware_i 33.228818385396636 35.779998779296875 31.280000686645508 AB 9.761658026035281 1.0526684847314165
62116.2555 lsst_hardware_z 71.53074225756248 41.369998931884766 30.940000534057617 AB 13.354786273586718 1.076311731643377
62116.2772 lsst_hardware_r 26.862447483150365 22.81999969482422 31.5 AB 12.922255402642017 1.036475267907922
62118.2442 lsst_hardware_u -1.7286352416598905 2.559999942779541 28.360000610351562 AB 8.53234430970989 1.09004718105524
62118.2674 lsst_hardware_r 12.722796010651777 21.700000762939453 31.489999771118164 AB 8.281794358347028 1.0431128356126995
62122.2526 lsst_hardware_r 18.193044758773198 21.81999969482422 31.489999771118164 AB 5.617409972611385 1.0495908020574336
