data/validation/pwv_sim_epoch_fit_seasonal/30495559.ecsv
# %ECSV 0.9
# ---
# datatype:
# - {name: time, datatype: float64}
# - {name: band, datatype: string}
# - {name: flux, datatype: float64}
# - {name: fluxerr, datatype: float64}
# - {name: zp, datatype: float64}
# - {name: zpsys, datatype: string}
# - {name: pwv, datatype: float64}
# - {name: airmass, datatype: float64}
# meta: {SNID: '30495559', alt: 1024.0, c: -0.10500030219554901, dec: -27.11186, lat: -30.244573, lon: -70.7499537, ra: 101.953125, t0: 62766.23828125,
#   x0: 9.00534218756703e-06, x1: -0.5647782683372498, z: 0.48041704297065735}
# schema: astropy-2.0
time band flux fluxerr zp zpsys pwv airmass
62781.2722 lsst_hardware_z 1083.0280320567085 62.23614824585003 30.899999618530273 AB 7.040101739682278 1.600023122655063
62781.2927 lsst_hardware_r 1832.4145630857536 60.795202591303166 31.530000686645508 AB 6.695663813591317 1.4151748232194918
62787.256 lsst_hardware_y 339.6299393504454 59.029763789657906 29.860000610351562 AB 8.91051739598785 1.5981079803887461
62787.2748 lsst_hardware_r 1053.661124220363 87.30147783767221 31.559999465942383 AB 7.930104380027266 1.4268765753062915
62789.2606 lsst_hardware_i 1181.7976589091886 67.68933772639866 31.229999542236328 AB 9.457287015901528 1.4999662198098187
62789.2795 lsst_hardware_z 814.6229576137422 63.954035676208846 30.93000030517578 AB 8.538985042342064 1.353675498151792
62791.2478 lsst_hardware_z 623.2032559789322 63.75552297318837 30.899999618530273 AB 8.290359186993593 1.569920785303904
62791.2661 lsst_hardware_r 804.9027813831725 63.08548161970569 31.540000915527344 AB 8.727230970596514 1.4098729371864396
62794.27 lsst_hardware_i 1737.8138451746388 64.76478345461541 31.979999542236328 AB 1.7179311292783124 1.3269292965589436
62794.2985 lsst_hardware_z 1355.2943850236097 73.73272957243526 31.700000762939453 AB 1.4485307035437405 1.1824740437091759
62796.2618 lsst_hardware_u 10.185728847135591 3.7977837522756075 28.209999084472656 AB 3.7690077681092733 1.3443937107580197
62796.2793 lsst_hardware_g 133.58505493187283 17.066902629926336 31.34000015258789 AB 3.498615082085107 1.2443944805566804
62799.2388 lsst_hardware_g 59.68024391064784 16.042544536136628 31.25 AB 6.4522688363329195 1.452777432377571
62799.256 lsst_hardware_r 431.13617564551157 30.938931020222633 31.43000030517578 AB 5.050645521745823 1.3291172425646902
62801.2432 lsst_hardware_i 550.8371787863744 40.72994244740753 31.200000762939453 AB 4.3030880752097795 1.377870020880904
62801.2606 lsst_hardware_z 530.3929560515849 50.45177166417935 30.93000030517578 AB 4.162744324525465 1.2705820143534021
62803.246 lsst_hardware_r 330.2277603361326 29.54167262881329 31.450000762939453 AB 4.336721925841335 1.323381728972028
62803.264 lsst_hardware_g 67.81925316623388 15.780079238263564 31.3700008392334 AB 3.2288476267241646 1.2259119002938343
62807.2503 lsst_hardware_r 305.59844240802505 28.235824275419134 31.450000762939453 AB 3.8743225006803956 1.239287485223637
62807.2683 lsst_hardware_i 446.2381298550044 37.54609454487692 31.229999542236328 AB 3.606369665345406 1.1618770903467746
62810.2139 lsst_hardware_z 924.7398191191561 78.83226579354464 31.670000076293945 AB 5.875363456025303 1.412346984621467
62817.2757 lsst_hardware_r 259.2474327923638 84.05360433788101 31.649999618530273 AB 4.357383150374813 1.0627763781401982
62817.293 lsst_hardware_i 267.61684655085213 67.88175371687939 31.329999923706055 AB 3.81313378703915 1.0325534343782259
62819.2788 lsst_hardware_z 329.0074988390965 57.418235662711275 30.979999542236328 AB 5.876706979882164 1.046422183027451
62819.2954 lsst_hardware_r 265.39553571606245 67.78770178919325 31.649999618530273 AB 6.048596279140955 1.0223843613501167
62822.2002 lsst_hardware_i 221.17583637161752 42.115838835354516 31.239999771118164 AB 3.034291760895947 1.287489874145928
62822.2169 lsst_hardware_z 336.34561990304286 50.21896867742892 30.940000534057617 AB 6.9904656733305215 1.2042145862753064
62827.1871 lsst_hardware_z 306.1058634430284 46.81391458343341 30.93000030517578 AB 4.781158325350982 1.2843944460311572
62827.2012 lsst_hardware_u 8.06414308550377 3.5160165287614618 28.329999923706055 AB 4.464477318318632 1.213338040037677
62829.2058 lsst_hardware_r 157.7601160973637 25.817525567131828 31.469999313354492 AB 9.215411217866736 1.1711528278233203
62829.2216 lsst_hardware_g 61.553665326985495 15.025089919803834 31.3700008392334 AB 8.429737942889178 1.116842088399318
62831.1993 lsst_hardware_r 142.35177717264747 25.531456198851505 31.450000762939453 AB 5.481606619582149 1.175217598709711
62831.215 lsst_hardware_i 232.0903545979525 33.82926267362685 31.229999542236328 AB 5.935449065691403 1.1203188119462821
62833.2083 lsst_hardware_z 232.12715648134431 44.75403044779206 30.940000534057617 AB 3.636047945998296 1.1241742548110054
62833.2248 lsst_hardware_i 209.44153653247392 33.55830890665155 31.239999771118164 AB 4.178327952829814 1.0788349994394897
62836.1885 lsst_hardware_r 70.56430918990986 25.44200997901182 31.469999313354492 AB 9.00583918585737 1.1642219877005198
62836.2112 lsst_hardware_u -0.0999383858571587 2.8875684513343653 28.420000076293945 AB 8.32749596435299 1.09232162533597
62838.2103 lsst_hardware_z 559.5859845721568 64.97942083020754 31.700000762939453 AB 6.808616208459546 1.0808669499436312
62840.1337 lsst_hardware_i 216.586923547849 49.05865048110231 31.239999771118164 AB 3.500778929669888 1.3996117659846732
62840.1549 lsst_hardware_z 144.97993362593775 51.97310507068909 30.940000534057617 AB 3.228842389566268 1.2664196331032918
62842.1404 lsst_hardware_r -54.65432740175224 70.1500015258789 31.579999923706055 AB 5.937531872849992 1.3179870971920071
62842.1623 lsst_hardware_z -103.87802448987452 55.63999938964844 30.959999084472656 AB 5.3863596632939945 1.2041939779329298
62844.1218 lsst_hardware_i 59.04078057454891 77.5 31.270000457763672 AB 8.709260681926374 1.4068751606374887
62844.1437 lsst_hardware_z -64.54720349681931 67.5199966430664 30.959999084472656 AB 6.947601834207144 1.267906957805273
62849.1531 lsst_hardware_z 66.11344353144311 54.59000015258789 30.959999084472656 AB 8.34755579889361 1.1638684929964251
62849.1742 lsst_hardware_g 14.792210628834727 62.11000061035156 31.709999084472656 AB 8.331943258899505 1.0963083235394087
62853.1511 lsst_hardware_z -50.718579854412496 42.220001220703125 30.950000762939453 AB 3.2960376249414023 1.1324968217407825
62853.1726 lsst_hardware_u -5.587280179438163 2.680000066757202 28.450000762939453 AB 3.5817657326369683 1.0732418295955093
62855.1525 lsst_hardware_g -5.905781487607567 13.4399995803833 31.399999618530273 AB 3.337005158247265 1.1112238289200533
62855.1745 lsst_hardware_r 12.318253612145568 22.229999542236328 31.5 AB 4.080955536045334 1.0576076890236956
62858.1339 lsst_hardware_r -0.6342795832878129 22.43000030517578 31.469999313354492 AB 5.699365216079496 1.1444508466023082
62858.155 lsst_hardware_i -9.797315430217546 30.360000610351562 31.239999771118164 AB 5.091595791721903 1.0825504872548342
62860.1589 lsst_hardware_i 28.899104407042824 30.020000457763672 31.25 AB 6.704644916670276 1.061533394026326
62860.1813 lsst_hardware_u -5.990061135976833 2.619999885559082 28.43000030517578 AB 6.829343323575891 1.0249652294124492
62865.1348 lsst_hardware_r -13.421260690487589 23.0 31.5 AB 8.552346023399158 1.0852312862786069
62865.1568 lsst_hardware_i -36.426883923938014 29.829999923706055 31.25 AB 8.180538251103357 1.040383854903081
62866.1496 lsst_hardware_z 2.8957051849365 58.86000061035156 31.709999084472656 AB 7.061988288105019 1.0479670989582666
62870.0361 lsst_hardware_y -61.68537881044707 85.26000213623047 29.90999984741211 AB 4.129062982659212 1.530841776868741
62870.0585 lsst_hardware_z 67.28646855800058 53.689998626708984 30.93000030517578 AB 3.064500947031321 1.3526819452797711
62872.0361 lsst_hardware_y 15.093072397546964 88.13999938964844 29.90999984741211 AB 13.941087482013486 1.4813609055375068
62872.0577 lsst_hardware_i -7.270588855172609 65.80999755859375 31.270000457763672 AB 13.012247065535817 1.3228309453272602
62874.0366 lsst_hardware_y 90.52474807252167 89.7699966430664 29.93000030517578 AB 14.169306549218176 1.4321110318595285
62874.0552 lsst_hardware_r 109.82762504877064 108.0199966430664 31.59000015258789 AB 10.85679138696168 1.3049420219311492
62879.0347 lsst_hardware_y 60.57670734932154 86.2699966430664 29.959999084472656 AB 5.214214297102062 1.3475743359154284
62879.0524 lsst_hardware_g -0.01424071939323258 14.65999984741211 31.3700008392334 AB 2.612196035668454 1.2458309458297319
62887.0362 lsst_hardware_y 78.84190355901768 95.62999725341797 30.75 AB 14.583604306901242 1.218711057214391
62887.052 lsst_hardware_z 80.66631487227414 60.45000076293945 31.690000534057617 AB 13.869951496108502 1.1540661347476218
62889.0358 lsst_hardware_y 49.2709765249486 66.63999938964844 30.010000228881836 AB 10.216868712877327 1.1962846101372795
62889.0534 lsst_hardware_u 1.76144359868493 2.75 28.34000015258789 AB 8.486504416020699 1.1305541085753104
62891.0346 lsst_hardware_y 70.88648036545567 68.91000366210938 30.020000457763672 AB 7.935079435780975 1.1786959612474062
62891.0532 lsst_hardware_r -11.344335188097498 22.59000015258789 31.489999771118164 AB 7.736561467858247 1.1141896406113183
62893.0424 lsst_hardware_z -29.88399372139349 71.56999969482422 31.709999084472656 AB 12.891199095925234 1.1308069382390555
62895.0333 lsst_hardware_y 147.5701489004702 66.33000183105469 30.020000457763672 AB 14.69380350022813 1.1429752056650342
62895.0508 lsst_hardware_g 0.2901492181626673 19.649999618530273 31.530000686645508 AB 13.756165241677337 1.0905186091227443
62897.0328 lsst_hardware_y 86.7333462563381 64.75 30.040000915527344 AB 9.542409720572369 1.1265572989017505
62897.0497 lsst_hardware_i 9.542166611490305 36.88999938964844 31.280000686645508 AB 9.73762001464661 1.0796784582156127
62906.0309 lsst_hardware_y -54.224831131228555 56.88999938964844 30.049999237060547 AB 5.959645635526406 1.066571431520574
62906.05 lsst_hardware_i 69.16291850393391 59.22999954223633 31.329999923706055 AB 6.298528419538962 1.032545642547371
62910.0283 lsst_hardware_y 78.0807435183203 52.599998474121094 30.049999237060547 AB 3.5461113792916965 1.0500514880074117
62910.0479 lsst_hardware_i 55.23238471661778 29.579999923706055 31.25 AB 2.5356615773935296 1.0212774024542592
63145.2663 lsst_hardware_z -141.83556652911525 57.97999954223633 30.889999389648438 AB 10.162952397834749 1.707580912545743
63145.2872 lsst_hardware_r -5.854605687040933 53.97999954223633 31.520000457763672 AB 8.904843269242303 1.4880673893734526
63147.289 lsst_hardware_z 10.150562530195083 50.15999984741211 30.920000076293945 AB 5.329600798591311 1.4279541301934187
63147.3073 lsst_hardware_i 59.698196343801996 40.2599983215332 31.239999771118164 AB 4.758081447995135 1.3035839583548314
63149.2877 lsst_hardware_r -4.201365472664764 24.989999771118164 31.440000534057617 AB 4.4803381111676055 1.3965052945274232
63149.3079 lsst_hardware_z 24.031103179323832 44.33000183105469 30.93000030517578 AB 3.5340845542187145 1.2695029231463255
63151.2414 lsst_hardware_u -0.7954751866753738 2.119999885559082 27.770000457763672 AB 10.026389313487137 1.8229798751794792
63151.2596 lsst_hardware_g 9.30853204906994 13.5 31.219999313354492 AB 8.684407828156173 1.5961784364575053
63155.2602 lsst_hardware_r -14.40672535312121 23.559999465942383 31.40999984741211 AB 10.830442832368796 1.4854367090901832
63155.2782 lsst_hardware_g 7.5157100828672165 13.369999885559082 31.309999465942383 AB 9.826670308490412 1.3487674852665616
63157.2609 lsst_hardware_r 38.421847341742726 23.530000686645508 31.420000076293945 AB 7.4103432109974126 1.4342368434697659
63157.2799 lsst_hardware_i -11.607281449664127 32.16999816894531 31.209999084472656 AB 6.690715112453848 1.3041694093765117
63161.2612 lsst_hardware_u -2.2053295308188825 2.430000066757202 28.1299991607666 AB 3.7683924705467806 1.3528603376581514
63161.2792 lsst_hardware_g 2.6388087048639326 13.289999961853027 31.31999969482422 AB 3.436710713926539 1.2483511492652795
63163.2984 lsst_hardware_r -47.55407040117128 22.559999465942383 31.469999313354492 AB 3.7260616467173744 1.1444557004427691
63163.3163 lsst_hardware_u 0.8100663885434638 2.569999933242798 28.34000015258789 AB 3.4546346934228964 1.0905928738575912
63166.2385 lsst_hardware_r 55.7416775552017 59.560001373291016 31.540000915527344 AB 4.403022253659331 1.4173578798199424
63166.2563 lsst_hardware_z 27.970302934771926 52.43000030517578 30.940000534057617 AB 4.273324694638384 1.2984882086412999
63168.2404 lsst_hardware_r -50.07619040695483 81.58000183105469 31.56999969482422 AB 4.45873599465476 1.3642231498178767
63168.2573 lsst_hardware_i -99.38363633319766 62.63999938964844 31.290000915527344 AB 3.335738051367288 1.2627399563535475
63170.2388 lsst_hardware_z 14.277751476047925 65.80999755859375 30.950000762939453 AB 5.10083743821705 1.3386853568936357
63170.2561 lsst_hardware_i 136.15120157247557 69.45999908447266 31.290000915527344 AB 4.715815324192264 1.2410040326821747
63181.2816 lsst_hardware_i 24.079572859425234 29.899999618530273 31.239999771118164 AB 1.7479194995777032 1.0577425110908945
63181.2988 lsst_hardware_r -14.037821277965167 21.549999237060547 31.479999542236328 AB 2.039281018288397 1.0292468127296754
63183.1916 lsst_hardware_r 13.108169027195505 23.040000915527344 31.420000076293945 AB 6.148386094089652 1.4210992936764069
63183.2092 lsst_hardware_i -12.475647946182638 31.649999618530273 31.209999084472656 AB 8.69443059312311 1.3025038965004485
63186.1931 lsst_hardware_z -94.63849171676104 45.0099983215332 30.920000076293945 AB 7.49845070476941 1.351843521186757
63186.2108 lsst_hardware_r -6.314071907241634 22.709999084472656 31.459999084472656 AB 9.554313234692698 1.2490931147458684
63187.1973 lsst_hardware_u 0.3996482575501503 2.4200000762939453 28.139999389648438 AB 3.3795427290312 1.3082944947536745
63187.2145 lsst_hardware_r 23.5477715136906 22.43000030517578 31.440000534057617 AB 6.638908721673162 1.2180738893653171
63189.1975 lsst_hardware_i -34.84145435684834 31.639999389648438 31.219999313354492 AB 6.886035640999506 1.275979426992001
63189.2151 lsst_hardware_z -7.9899931212702375 42.47999954223633 30.93000030517578 AB 6.337455915290978 1.1914750733767585
63191.1981 lsst_hardware_g 6.776429772879715 13.010000228881836 31.31999969482422 AB 3.83404118172188 1.244313568104464
63191.2072 lsst_hardware_r -9.854302321543972 22.25 31.459999084472656 AB 3.829018708681427 1.2018892101537306
63193.201 lsst_hardware_y 26.590864923009857 49.36000061035156 29.989999771118164 AB 7.386201474013156 1.2051234253570167
63193.2179 lsst_hardware_r -17.444599046294393 33.119998931884766 31.549999237060547 AB 7.027423427874569 1.1396437798596906
63195.2082 lsst_hardware_i 16.874909421030143 46.220001220703125 31.290000915527344 AB 6.845411232546962 1.154499308390016
63195.2252 lsst_hardware_z 21.105453768613042 48.33000183105469 30.959999084472656 AB 6.832528154534864 1.1005562202770287
63197.2305 lsst_hardware_z 12.753685655377875 56.09000015258789 30.979999542236328 AB 4.071790597204133 1.0735249295056486
63197.2491 lsst_hardware_r -55.91713038651374 72.69000244140625 31.649999618530273 AB 3.9362161096410717 1.0379860527335485
63199.1996 lsst_hardware_r 32.38480319227949 98.0999984741211 31.6299991607666 AB 4.988073829152669 1.1462444647612415
63199.2169 lsst_hardware_i 123.86907734672236 75.47000122070312 31.329999923706055 AB 5.5440387229341095 1.0934987619198089
63201.206 lsst_hardware_z -79.31758519040447 64.62000274658203 30.979999542236328 AB 8.575923780724468 1.1085017489464832
63201.224 lsst_hardware_i 88.69801226943508 70.05999755859375 31.31999969482422 AB 8.116821976808277 1.063850143318778
63204.1335 lsst_hardware_r 15.779098737488217 38.54999923706055 31.510000228881836 AB 4.582899982677169 1.4270278632032287
63204.1545 lsst_hardware_z 61.24285193291222 51.560001373291016 30.940000534057617 AB 4.149109809021752 1.287344030102974
63206.1347 lsst_hardware_r -4.622223150162517 23.280000686645508 31.43000030517578 AB 7.545833111209964 1.3777310774528224
63206.1559 lsst_hardware_u -0.5270805330684917 2.609999895095825 28.31999969482422 AB 6.713799770574492 1.2505913701358837
63208.146 lsst_hardware_i 15.423150674571296 31.93000030517578 31.209999084472656 AB 4.713566618369665 1.2739369238836933
63208.1664 lsst_hardware_z 54.22288291494613 42.869998931884766 30.940000534057617 AB 4.360415114215301 1.1784905714095408
63211.1303 lsst_hardware_z -29.947961962356246 44.58000183105469 30.920000076293945 AB 12.609869152086375 1.3171754234820074
63211.1512 lsst_hardware_r 41.527486925475316 22.6299991607666 31.459999084472656 AB 11.57272791869666 1.2080196854910006
63216.149 lsst_hardware_z -39.50452671645988 42.77000045776367 30.93000030517578 AB 11.841594059388138 1.161348897070744
63216.1702 lsst_hardware_i 2.495401992068978 30.540000915527344 31.239999771118164 AB 11.258141821216396 1.09425124644354
63218.132 lsst_hardware_r 26.498532329940648 22.6200008392334 31.450000762939453 AB 3.639325283398745 1.2084090592358865
63218.1554 lsst_hardware_u 2.1840610873913917 2.5199999809265137 28.299999237060547 AB 3.3452614439007093 1.1210035556213782
63220.1544 lsst_hardware_r 52.681814282425556 24.010000228881836 31.5 AB 3.3397391505628145 1.107707844299555
63220.1758 lsst_hardware_i 24.105886990564045 29.959999084472656 31.25 AB 3.935198744144894 1.0564055598250313
63222.1292 lsst_hardware_i -42.647760597921376 37.33000183105469 31.260000228881836 AB 4.139287293915424 1.174432485151171
63222.1513 lsst_hardware_z -67.38623158517566 44.11000061035156 30.950000762939453 AB 3.865081599599747 1.1010582849491255
63224.1356 lsst_hardware_r -35.39028970465405 51.400001525878906 31.610000610351562 AB 7.098194906350372 1.1318628513216222
63224.1572 lsst_hardware_z 52.08140594477352 48.13999938964844 30.959999084472656 AB 6.659083376488387 1.0725752398306172
63229.1369 lsst_hardware_z -62.44372662217687 71.87999725341797 30.989999771118164 AB 7.812177658519983 1.088552390875906
63229.1573 lsst_hardware_i 143.52159710247673 82.0 31.34000015258789 AB 7.416932110375632 1.0452517360482394
