data/validation/pwv_sim_epoch_fit_seasonal/30594822.ecsv
# %ECSV 0.9
# ---
# datatype:
# - {name: time, datatype: float64}
# - {name: band, datatype: string}
# - {name: flux, datatype: float64}
# - {name: fluxerr, datatype: float64}
# - {name: zp, datatype: float64}
# - {name: zpsys, datatype: string}
# - {name: pwv, datatype: float64}
# - {name: airmass, datatype: float64}
# meta: {SNID: '30594822', alt: 1024.0, c: 0.0007869078544899821, dec: -1.044512, lat: -30.244573, lon: -70.7499537, ra: 131.484375, t0: 62952.42578125,
#   x0: 2.7262222214712567e-05, x1: -2.329390525817871, z: 0.30043718218803406}
# schema: astropy-2.0
time band flux fluxerr zp zpsys pwv airmass
62850.331 lsst_hardware_i 88.18714954440884 75.36000061035156 31.309999465942383 AB 9.451890740524536 1.1443342525866702
62850.3494 lsst_hardware_y -137.76193523783837 69.1500015258789 30.020000457763672 AB 9.63287673151124 1.1532504037609632
62852.3198 lsst_hardware_r -35.21266316663529 47.599998474121094 31.610000610351562 AB 7.626431314070575 1.1446801221869531
62852.3389 lsst_hardware_y 71.05404996638094 51.540000915527344 30.020000457763672 AB 8.267095228029435 1.1492718111255007
62854.2854 lsst_hardware_y -16.81364453894962 49.150001525878906 30.010000228881836 AB 5.085155066078943 1.1694044075149919
62854.3138 lsst_hardware_g 7.235218624273457 30.139999389648438 32.29999923706055 AB 5.542298945594622 1.14478771941493
62854.3402 lsst_hardware_y 11.227994743945134 50.369998931884766 30.010000228881836 AB 6.026722848820803 1.1548764681078934
62856.2795 lsst_hardware_r -52.85710326809915 24.100000381469727 31.5 AB 6.264642018470289 1.1700862940735985
62856.3001 lsst_hardware_i -18.833907219021413 32.02000045776367 31.25 AB 6.980323260964786 1.1480794837113135
62859.289 lsst_hardware_z -44.107677157459406 42.90999984741211 30.940000534057617 AB 6.422144985305175 1.1499774650996786
62859.3104 lsst_hardware_r 59.178525888103444 23.559999465942383 31.479999542236328 AB 6.9449114751698895 1.1449543565153415
62862.2895 lsst_hardware_u 2.5091213900218285 2.7100000381469727 28.389999389648438 AB 7.189184768996444 1.1454434280625276
62862.3081 lsst_hardware_r -14.225913504097408 23.81999969482422 31.489999771118164 AB 6.855131325728599 1.1471903148750218
62864.2894 lsst_hardware_i -14.363232776564614 31.84000015258789 31.25 AB 8.232838621856692 1.144350454782471
62864.3094 lsst_hardware_z 15.831840015903571 43.0 30.940000534057617 AB 8.049645266464838 1.151704301764332
62867.2522 lsst_hardware_z -12.417186450844257 42.86000061035156 30.940000534057617 AB 8.244065886471596 1.1659888531099996
62867.2753 lsst_hardware_r 3.948893301139549 23.520000457763672 31.489999771118164 AB 8.104986727390733 1.145625692502639
62869.2551 lsst_hardware_y 30.923076265017652 68.3499984741211 30.760000228881836 AB 5.042838126674387 1.155730663103374
62869.2768 lsst_hardware_g -31.225268777365407 20.25 32.13999938964844 AB 4.999571196850856 1.1442848438338784
62873.2524 lsst_hardware_z -73.85908806463321 69.19000244140625 30.969999313354492 AB 10.905564252793814 1.148861127500007
62873.2737 lsst_hardware_r -109.67021667998463 95.80999755859375 31.6299991607666 AB 10.777016538418215 1.1453741782040439
62875.248 lsst_hardware_z 102.07787697323474 95.70999908447266 30.989999771118164 AB 7.94239524705533 1.1482012717561647
62875.27 lsst_hardware_r -9.746183670986955 143.07000732421875 31.639999389648438 AB 9.056444435759644 1.1459985366660592
62882.1966 lsst_hardware_z -27.35180206408461 45.7400016784668 30.940000534057617 AB 6.175896702877679 1.192373144681471
62882.2163 lsst_hardware_r -8.0441017114092 34.220001220703125 31.559999465942383 AB 5.890416957475118 1.159378747698816
62884.1957 lsst_hardware_u 0.6089638597127648 2.819999933242798 28.450000762939453 AB 7.369024428404935 1.182955548224251
62884.2169 lsst_hardware_g 30.422131015907453 15.109999656677246 31.43000030517578 AB 7.6333369287437565 1.1530720436168818
62888.196 lsst_hardware_z -40.33065070078793 42.95000076293945 30.940000534057617 AB 11.370800759112337 1.1643849018598469
62888.2167 lsst_hardware_r 13.621517984029811 23.809999465942383 31.479999542236328 AB 10.887866204012072 1.1460911793696917
62890.1973 lsst_hardware_u 3.0852453716882624 2.7200000286102295 28.3799991607666 AB 13.063141825782113 1.1562007811578865
62890.215 lsst_hardware_r -6.087106211457813 24.110000610351562 31.489999771118164 AB 11.664053609938605 1.1448815871553315
62892.1965 lsst_hardware_i 14.135217175291057 32.130001068115234 31.239999771118164 AB 16.083454520442015 1.151821142295414
62892.215 lsst_hardware_z 120.72622494780423 43.13999938964844 30.950000762939453 AB 16.241608706092563 1.144258750605366
62894.1786 lsst_hardware_r 20.321828989004416 24.18000030517578 31.479999542236328 AB 12.364154532954947 1.1658064430607802
62894.1964 lsst_hardware_u 1.0334895098446908 2.690000057220459 28.360000610351562 AB 12.297687035459836 1.1480290361706345
62896.1743 lsst_hardware_g -2.8432732174656308 15.010000228881836 31.43000030517578 AB 14.315413587548171 1.1641860356644713
62896.1909 lsst_hardware_r 33.124691542573736 24.260000228881836 31.5 AB 14.16178384744787 1.1480510597420348
62898.1728 lsst_hardware_i -48.26825167010501 39.47999954223633 31.270000457763672 AB 13.312281936169864 1.1591520689772818
62898.1904 lsst_hardware_z -9.001729770724548 45.91999816894531 30.950000762939453 AB 12.929245129696257 1.1457018280634699
62907.1446 lsst_hardware_z -56.640293211674575 67.22000122070312 30.979999542236328 AB 4.058403294072718 1.163727676381099
62907.1634 lsst_hardware_r 41.71819659010901 89.94000244140625 31.6299991607666 AB 3.9887269909639795 1.1467076469554576
62909.1589 lsst_hardware_r 62.98581262103159 53.900001525878906 31.610000610351562 AB 4.649293706919639 1.1462755687671622
62909.1762 lsst_hardware_i 62.050599116119834 48.869998931884766 31.290000915527344 AB 6.851197698479485 1.1456213753658355
62911.1307 lsst_hardware_i 2.12661643839549 32.119998931884766 31.239999771118164 AB 2.1443855068966107 1.1679659623619882
62911.1482 lsst_hardware_z 19.533681404983785 44.52000045776367 30.950000762939453 AB 2.1052191416775647 1.1491370860684422
62915.0672 lsst_hardware_g -3.879776280606436 14.779999732971191 31.350000381469727 AB 5.885494005119179 1.3270561454609584
62915.0861 lsst_hardware_r -19.640689360177475 24.469999313354492 31.469999313354492 AB 6.97469970207938 1.2491626582035247
62920.1257 lsst_hardware_r -49.88398651535122 23.969999313354492 31.489999771118164 AB 9.045070952189402 1.1478516436788582
62920.1424 lsst_hardware_g 6.326150639342669 14.770000457763672 31.420000076293945 AB 8.941443231868716 1.1446146166823177
62922.1238 lsst_hardware_r 13.6279388720504 23.979999542236328 31.5 AB 8.742495875921056 1.1461059092712333
62922.1411 lsst_hardware_i -74.85604388643888 31.940000534057617 31.239999771118164 AB 9.86164912313556 1.145759688992852
62924.0876 lsst_hardware_i -27.67912818242292 32.65999984741211 31.239999771118164 AB 7.866523000848763 1.1808050136368602
62924.1054 lsst_hardware_z 40.21708344079757 43.150001525878906 30.940000534057617 AB 7.684010819595481 1.155229770667591
62926.0893 lsst_hardware_r -27.341445463708602 32.369998931884766 31.549999237060547 AB 4.836666308064808 1.168629733147643
62926.1079 lsst_hardware_z -55.163919086362185 44.70000076293945 30.940000534057617 AB 4.761956779014447 1.1487050486104082
62931.087 lsst_hardware_i -89.22864424526993 93.96584654740118 31.31999969482422 AB 8.406467281848967 1.1545230656266077
62931.105 lsst_hardware_z -245.25572651620917 82.28488952406691 30.979999542236328 AB 8.128945415273886 1.1444920333124822
62936.0791 lsst_hardware_r 472.2110392077404 81.67454379190583 31.6299991607666 AB 8.209853950373354 1.1497053028880673
62936.098 lsst_hardware_i 447.36033456231996 68.48543997739016 31.309999465942383 AB 8.671825863281427 1.1444933170491367
62938.0787 lsst_hardware_z 1088.430980258447 57.604686539423525 30.950000762939453 AB 12.03393241812831 1.1467258716551747
62938.0984 lsst_hardware_i 1019.810022651149 54.36545461514819 31.290000915527344 AB 15.014761134723342 1.1461430991563983
62940.0785 lsst_hardware_u 13.210735072338135 4.455971071591032 28.3700008392334 AB 11.028446125661445 1.1448610116953644
62940.0976 lsst_hardware_g 1431.6243478644296 39.756770808578295 31.399999618530273 AB 10.321766263401862 1.148564495185634
62942.0422 lsst_hardware_g 2450.7679381075045 52.20935407015348 31.399999618530273 AB 9.615303241534871 1.1741013787819614
62942.0603 lsst_hardware_r 3185.028984811864 62.7263496846864 31.489999771118164 AB 9.349647708921012 1.1515408084393386
62947.0371 lsst_hardware_r 6542.223579237298 84.7585280255785 31.489999771118164 AB 6.035764721224586 1.1614685159508042
62947.0575 lsst_hardware_g 5001.044336608898 72.17929570167134 31.43000030517578 AB 4.468528929421424 1.1453850639323542
62949.0385 lsst_hardware_r 7616.743580179488 89.94463376825423 31.489999771118164 AB 5.456792785124398 1.1538999334160283
62949.0565 lsst_hardware_i 5353.092791948279 79.6131836894403 31.25 AB 4.790755026342952 1.1444025145041392
62951.03 lsst_hardware_z 4713.5698486873 79.04510915738322 30.940000534057617 AB 8.675778616516906 1.1569761668541394
62951.0474 lsst_hardware_i 5735.650313709042 81.56204264889956 31.239999771118164 AB 7.9849402647099685 1.1451363391278113
62953.031 lsst_hardware_u 46.46199756527331 7.90274480347363 28.540000915527344 AB 7.99758210100763 1.1509520437025276
62953.049 lsst_hardware_g 5375.065546514997 74.59436403128218 31.450000762939453 AB 8.11038038054823 1.1442544772979693
62955.0297 lsst_hardware_r 8387.844850400903 96.5991082637391 31.549999237060547 AB 6.856433931945733 1.1480967736010939
62955.0469 lsst_hardware_i 6464.87861597969 86.4236556591489 31.260000228881836 AB 5.645271879692016 1.14462122459283
62959.0225 lsst_hardware_z 3965.716183324768 93.43733539240912 30.979999542236328 AB 7.328886048666857 1.1462130198102685
62959.0411 lsst_hardware_r 7698.830113465292 126.04288155208388 31.6299991607666 AB 7.320799173839833 1.146158233017313
62961.0211 lsst_hardware_i 5485.364889168506 105.82040990152527 31.309999465942383 AB 8.809515759289782 1.144873551355105
62961.0391 lsst_hardware_z 3685.7700928905165 90.44087525561928 30.969999313354492 AB 8.813911424097398 1.147868909825799
62962.9862 lsst_hardware_y 680.5882042019937 65.50813252233007 30.020000457763672 AB 13.264582881809028 1.1718778359680826
62963.0042 lsst_hardware_i 5017.452875013447 101.42948867607062 31.309999465942383 AB 12.254643154195737 1.150562684648923
62968.9822 lsst_hardware_z 2429.1088175020423 66.2560857309928 30.940000534057617 AB 8.99695663515514 1.1555547428220239
62968.9995 lsst_hardware_u 1.8765511012653553 2.7713574083526065 28.399999618530273 AB 8.799820730222068 1.1448162268285431
62970.9798 lsst_hardware_y 614.6030081383346 57.06037430816196 30.010000228881836 AB 13.099307938032576 1.152651497033092
62970.9973 lsst_hardware_r 3051.4929261217644 60.140903590519265 31.489999771118164 AB 12.999980018731732 1.1443140723323562
62973.9786 lsst_hardware_y 974.0513154510141 57.763759545995185 30.010000228881836 AB 12.963563639060727 1.1476496593020142
62973.9969 lsst_hardware_z 2299.63544165175 64.20043699121943 30.940000534057617 AB 12.920728384320116 1.1450485983977414
62975.9739 lsst_hardware_y 801.6095331257466 62.25693040453958 30.020000457763672 AB 10.115602177620703 1.147240531258964
62975.9914 lsst_hardware_u 20.28831796978022 5.55597947806553 28.489999771118164 AB 10.090842116063488 1.1450384427033233
62977.9724 lsst_hardware_y 1080.802347522747 63.708825041672064 30.020000457763672 AB 10.546077495822852 1.1455345548754723
62977.9892 lsst_hardware_r 1523.5028146278196 45.787351153509306 31.5 AB 10.399601957454044 1.1461510946662306
63207.3392 lsst_hardware_g -40.97885156136699 35.27000045776367 31.6200008392334 AB 5.022801044949206 1.1479376174036253
63212.2913 lsst_hardware_u 1.2655860945775967 2.690000057220459 28.360000610351562 AB 14.797384240353844 1.1958126423258233
63212.3099 lsst_hardware_y 11.395509093684664 48.459999084472656 30.010000228881836 AB 12.232212346317365 1.162665727966799
63217.3028 lsst_hardware_z -30.606065440400574 42.7400016784668 30.940000534057617 AB 7.712296677768061 1.1550974168222654
63217.3236 lsst_hardware_y -1.8954675101420313 48.220001220703125 30.010000228881836 AB 7.561580782478412 1.1442637282908572
63219.3103 lsst_hardware_u 0.49879797985556434 2.6600000858306885 28.360000610351562 AB 5.624362121770343 1.1460358870685055
63219.3316 lsst_hardware_y -56.0700038082131 48.56999969482422 30.010000228881836 AB 5.543224876459498 1.1476656058921373
63221.2695 lsst_hardware_g -5.277181804662493 14.489999771118164 31.3799991607666 AB 6.371331656464513 1.1897171025391222
63221.2907 lsst_hardware_i -0.048571244386912724 31.989999771118164 31.239999771118164 AB 6.210907396659533 1.1563064533932357
63223.2692 lsst_hardware_z -68.1527964907656 61.5 31.68000030517578 AB 7.902513300414871 1.1794795970768464
63223.2919 lsst_hardware_r 16.393678932605162 23.65999984741211 31.479999542236328 AB 7.810665883779328 1.1503189814107995
63225.2871 lsst_hardware_y 4.0679972736365135 50.029998779296875 30.010000228881836 AB 7.258820384046783 1.1498362432652816
63225.3081 lsst_hardware_g 8.730771257896677 14.520000457763672 31.399999618530273 AB 7.642509413844687 1.1448451816462513
63230.2824 lsst_hardware_z 172.6934786105542 125.94000244140625 31.739999771118164 AB 9.96387210759547 1.1452726560454565
63230.3034 lsst_hardware_r -282.6150748224135 183.8000030517578 32.38999938964844 AB 10.735312783823666 1.1487556259553422
