data/validation/pwv_sim_epoch_fit_seasonal/30943856.ecsv
# %ECSV 0.9
# ---
# datatype:
# - {name: time, datatype: float64}
# - {name: band, datatype: string}
# - {name: flux, datatype: float64}
# - {name: fluxerr, datatype: float64}
# - {name: zp, datatype: float64}
# - {name: zpsys, datatype: string}
# - {name: pwv, datatype: float64}
# - {name: airmass, datatype: float64}
# meta: {SNID: '30943856', alt: 1024.0, c: -0.1322633922100067, dec: -6.880079, lat: -30.244573, lon: -70.7499537, ra: 141.503906, t0: 60764.62890625,
#   x0: 6.80340282706449e-06, x1: 1.1467149257659912, z: 0.5393689274787903}
# schema: astropy-2.0
time band flux fluxerr zp zpsys pwv airmass
[from data line 133]
61055.254 lsst_hardware_z 16.022404706514 42.2400016784668 30.950000762939453 AB 6.100000852804927 1.0948251605393229
61057.2347 lsst_hardware_r -9.359538515033153 23.170000076293945 31.479999542236328 AB 3.642396651371556 1.1089090678013669
61057.2532 lsst_hardware_u 0.8388742574764823 2.630000114440918 28.360000610351562 AB 2.3712255485948157 1.0918920407957708
61059.2296 lsst_hardware_g -1.703615662002154 14.220000267028809 31.389999389648438 AB 6.621245101578451 1.1084364445598813
61059.249 lsst_hardware_r 8.52171801736898 23.200000762939453 31.479999542236328 AB 6.509132606586901 1.091251380019596
61063.1981 lsst_hardware_z 41.86073292618449 42.869998931884766 30.940000534057617 AB 9.982573147791362 1.1449546262699728
61063.219 lsst_hardware_r 18.74951643331382 23.520000457763672 31.479999542236328 AB 10.09821446836833 1.1080196920442473
61067.2098 lsst_hardware_z 95.47416046171722 42.209999084472656 30.940000534057617 AB 12.008448317536285 1.105869106644632
61067.2268 lsst_hardware_i -15.095209620784416 31.209999084472656 31.239999771118164 AB 11.887870363106085 1.0914230087393215
61069.2123 lsst_hardware_z -26.481276853656553 48.439998626708984 30.959999084472656 AB 11.640876222364616 1.0975918493625787
61069.2321 lsst_hardware_g -81.28322012412089 33.75 31.649999618530273 AB 11.497023206471624 1.0884326336449015
61071.2048 lsst_hardware_r 15.78231364773435 90.2699966430664 31.639999389648438 AB 11.356257239009897 1.0994536972610998
61071.2224 lsst_hardware_i -15.20320126245922 72.76000213623047 31.329999923706055 AB 11.52577423522398 1.0890495340369113
61074.1845 lsst_hardware_r -288.94460619657826 134.63999938964844 31.639999389648438 AB 10.269226474910237 1.1142017875128647
61074.2028 lsst_hardware_z -143.9057335592297 91.66000366210938 30.989999771118164 AB 10.0984412728646 1.09433598477785
61076.1826 lsst_hardware_r 15.468035582880603 79.95999908447266 31.6299991607666 AB 7.507046755758725 1.1091972156853909
61076.2004 lsst_hardware_i -80.80667278657879 66.52999877929688 31.31999969482422 AB 7.430466427075588 1.0923943585821212
61078.1809 lsst_hardware_z 32.60684266549827 49.09000015258789 30.959999084472656 AB 5.557391970150396 1.1045199185432737
61078.1993 lsst_hardware_i -46.202595480784765 45.119998931884766 31.290000915527344 AB 5.447643467733541 1.0902918978752376
61082.1612 lsst_hardware_r -4.178734862082621 23.790000915527344 31.5 AB 2.3819560596261007 1.1164110735270558
61082.1785 lsst_hardware_i -28.421941343151556 31.43000030517578 31.25 AB 2.9596642275787977 1.0961719361402953
61086.1601 lsst_hardware_g 5.590863626997676 14.670000076293945 31.43000030517578 AB 3.184942008563199 1.103328640379861
61086.1766 lsst_hardware_r -1.4877672072354438 23.649999618530273 31.5 AB 4.222232465109271 1.0906403818949384
61090.156 lsst_hardware_i -25.07491552919899 31.3799991607666 31.25 AB 3.343483650500046 1.096703580964371
61090.1735 lsst_hardware_u -0.346624681462901 2.8399999141693115 28.520000457763672 AB 3.4696991094591927 1.0885330539479026
61092.131 lsst_hardware_u -1.7985069617128886 2.759999990463257 28.43000030517578 AB 5.673664994729948 1.121093033702608
61092.1484 lsst_hardware_g -4.524524474610193 14.699999809265137 31.420000076293945 AB 5.615056717527309 1.0985682010324889
61094.1577 lsst_hardware_i -35.03061522888038 31.510000228881836 31.239999771118164 AB 8.461754653568848 1.089554759835036
61094.1763 lsst_hardware_r -16.199636485466108 23.770000457763672 31.489999771118164 AB 11.979969459686558 1.0908069800612987
61099.1294 lsst_hardware_i 6.268926350357879 65.5999984741211 31.31999969482422 AB 6.612742755073429 1.0984622516733271
61099.1496 lsst_hardware_z -32.26808978624141 61.47999954223633 30.979999542236328 AB 6.5870223947527835 1.0884641797994135
61101.1278 lsst_hardware_i 8.149651231744324 105.7699966430664 31.329999923706055 AB 3.754436212547627 1.0952530582368185
61101.1456 lsst_hardware_z -36.79874303423412 90.5999984741211 30.989999771118164 AB 3.7245411775686432 1.0883841259180256
61103.1181 lsst_hardware_z 6.326030214228266 83.79000091552734 30.989999771118164 AB 4.996103905003275 1.0988095535361477
61103.1359 lsst_hardware_r -56.95373403823591 124.6500015258789 31.649999618530273 AB 5.9285298278057175 1.0888525327711498
61105.1206 lsst_hardware_i -19.274629239959577 60.790000915527344 31.309999465942383 AB 7.9719479091031715 1.09274621800738
61105.1392 lsst_hardware_r 24.150878687287683 74.23999786376953 31.639999389648438 AB 8.273260342412541 1.0886823856144234
61107.115 lsst_hardware_z 45.0020807148101 48.470001220703125 30.959999084472656 AB 11.257232495147123 1.0928290937915857
61107.1329 lsst_hardware_g -45.78267198782067 49.54999923706055 31.690000534057617 AB 12.483290169091214 1.0885640934591065
61109.0859 lsst_hardware_g -3.2410292864627834 14.449999809265137 31.40999984741211 AB 12.48198751930032 1.1189088359374535
61109.1045 lsst_hardware_r 34.885202799806684 23.489999771118164 31.489999771118164 AB 12.229116491749238 1.096388424937169
61111.0837 lsst_hardware_i -19.806409244986888 31.440000534057617 31.239999771118164 AB 8.822860364551625 1.1138568822814827
61111.1032 lsst_hardware_z -12.334947880795026 42.130001068115234 30.940000534057617 AB 8.684294776057621 1.0933726845800262
61113.0845 lsst_hardware_i 8.84814383052148 31.489999771118164 31.239999771118164 AB 14.249823740721371 1.1054944717393993
61113.1033 lsst_hardware_u -0.6516060239355621 2.640000104904175 28.350000381469727 AB 14.239994840798039 1.0904561953324812
61114.0842 lsst_hardware_g 9.803318079605335 14.369999885559082 31.40999984741211 AB 9.977696696733485 1.1027109998231885
61114.1036 lsst_hardware_r 14.637652559551269 23.329999923706055 31.489999771118164 AB 9.602133523036253 1.0893977713570804
61116.0834 lsst_hardware_i 6.1628998751710125 31.260000228881836 31.25 AB 8.438753525902486 1.0980811354460116
61116.102 lsst_hardware_r 7.28518415706668 23.229999542236328 31.489999771118164 AB 8.376322500744115 1.0885880914153823
61118.0808 lsst_hardware_u -2.1700385619474982 2.700000047683716 28.40999984741211 AB 7.936199597458393 1.0956935371618983
61118.1005 lsst_hardware_g 7.05980680927887 14.350000381469727 31.43000030517578 AB 8.88800635606622 1.0883828386427161
61120.0741 lsst_hardware_r -4.19782061598042 23.280000686645508 31.489999771118164 AB 4.302844090563375 1.096685125669247
61120.0933 lsst_hardware_i -31.37952890745825 31.149999618530273 31.25 AB 5.333134146928873 1.0883947238630352
61122.0729 lsst_hardware_z -32.60138385708833 42.150001525878906 30.940000534057617 AB 6.5237029631129575 1.0935413135910417
61122.0928 lsst_hardware_r 8.898063467194907 23.280000686645508 31.489999771118164 AB 6.640959636783449 1.0886819076694179
61124.0692 lsst_hardware_z 19.93634045386208 42.900001525878906 30.940000534057617 AB 11.250163916225988 1.0924610522650988
61124.0872 lsst_hardware_g 9.107613142955179 18.520000457763672 31.510000228881836 AB 9.773806164874077 1.0886597915095415
61128.0575 lsst_hardware_r 7.252789076603008 83.20999908447266 31.639999389648438 AB 7.3284043651629105 1.092921708863031
61128.0759 lsst_hardware_y 126.2726825477673 55.40999984741211 30.040000915527344 AB 7.3876334189968205 1.0886045609799333
61130.057 lsst_hardware_z 7.850150660989584 78.0 30.989999771118164 AB 5.209593610505822 1.0904054162783354
61130.0752 lsst_hardware_r -5.41739882794024 112.7699966430664 31.649999618530273 AB 5.2216456552916135 1.089715793873133
61135.0283 lsst_hardware_z 29.935548316311472 49.310001373291016 30.950000762939453 AB 8.463932603874927 1.1011784165067395
61135.0467 lsst_hardware_r 62.929379847138804 55.27000045776367 31.6200008392334 AB 8.52337484733062 1.0892723824572137
61137.0263 lsst_hardware_u -0.8344916829541805 2.690000057220459 28.40999984741211 AB 11.724456761530128 1.0978641077654834
61137.0447 lsst_hardware_g 4.5387553363286 14.199999809265137 31.420000076293945 AB 11.853186651290061 1.0885801736934482
61139.0255 lsst_hardware_r 19.398533239141376 22.979999542236328 31.479999542236328 AB 8.848217169980282 1.094196150371642
61139.042 lsst_hardware_z -30.05690181117593 41.63999938964844 30.940000534057617 AB 8.3304200394573 1.088374711191181
61148.0067 lsst_hardware_i -4.5454905675115365 31.270000457763672 31.25 AB 11.672612535607325 1.0908983678137687
61148.0257 lsst_hardware_z 2.6141640674156994 42.060001373291016 30.950000762939453 AB 11.65874262735786 1.0896021147063422
61152.006 lsst_hardware_g 6.08842682053979 17.510000228881836 31.489999771118164 AB 10.1058712756518 1.088388785947314
61152.0241 lsst_hardware_i -18.011096039230964 32.380001068115234 31.25 AB 10.127706336223897 1.0943153670576344
61153.9753 lsst_hardware_y -24.457525973395516 51.13999938964844 30.020000457763672 AB 10.611573916361582 1.102358022735913
61153.9931 lsst_hardware_z 8.307725906083885 46.619998931884766 30.950000762939453 AB 10.487553614056496 1.0897952335767613
61155.982 lsst_hardware_y 106.90445914881062 76.69000244140625 30.790000915527344 AB 14.672544875225375 1.0923574207284616
61159.9719 lsst_hardware_y 22.80110107746238 58.119998931884766 30.040000915527344 AB 12.389463594701956 1.0919033720360125
61159.9895 lsst_hardware_z 67.19784023916868 63.2400016784668 30.979999542236328 AB 12.154162327926567 1.0887574495007375
61161.965 lsst_hardware_y 43.15877630879785 61.22999954223633 30.049999237060547 AB 10.262797024060504 1.0927168892739039
61161.9842 lsst_hardware_z 28.39562618297696 58.849998474121094 30.979999542236328 AB 10.018287495221461 1.0887864978142436
61163.9622 lsst_hardware_y -5.185514307735953 65.58999633789062 30.049999237060547 AB 12.08209485580166 1.0912789464663017
61163.9802 lsst_hardware_i -54.19443765861343 45.22999954223633 31.299999237060547 AB 12.004846954955964 1.0890972720016296
61166.9618 lsst_hardware_y -37.830242302036105 61.880001068115234 30.040000915527344 AB 4.37468826692795 1.0887274296556348
61166.9801 lsst_hardware_r 1.5893764550771978 24.139999389648438 31.5 AB 4.4532980349244164 1.0923870895153922
61168.9587 lsst_hardware_y 116.44839280187327 66.61000061035156 30.049999237060547 AB 9.555410313533484 1.0884394935110473
61168.9703 lsst_hardware_g -30.40893926943406 15.569999694824219 31.440000534057617 AB 9.598567087187076 1.0902919715861281
