data/validation/pwv_sim_epoch_fit_seasonal/30943856.ecsv
# %ECSV 0.9
# ---
# datatype:
# - {name: time, datatype: float64}
# - {name: band, datatype: string}
# - {name: flux, datatype: float64}
# - {name: fluxerr, datatype: float64}
# - {name: zp, datatype: float64}
# - {name: zpsys, datatype: string}
# - {name: pwv, datatype: float64}
# - {name: airmass, datatype: float64}
# meta: {SNID: '30943856', alt: 1024.0, c: -0.1322633922100067, dec: -6.880079, lat: -30.244573, lon: -70.7499537, ra: 141.503906, t0: 60764.62890625,
#   x0: 6.80340282706449e-06, x1: 1.1467149257659912, z: 0.5393689274787903}
# schema: astropy-2.0
time band flux fluxerr zp zpsys pwv airmass
60660.3401 lsst_hardware_r -47.51373520116808 88.0 31.639999389648438 AB 7.887362438973687 1.0918275801458592
60662.3136 lsst_hardware_r -49.82121389431782 122.6500015258789 32.38999938964844 AB 5.347472877221126 1.1121260749853294
60662.3338 lsst_hardware_y 38.04616826817752 56.060001373291016 30.040000915527344 AB 5.701706368923034 1.0922809135868314
60663.3291 lsst_hardware_z 32.12003624971207 63.16999816894531 30.979999542236328 AB 4.755457823007208 1.0934600650739317
60663.3504 lsst_hardware_y -3.9410343342072736 65.6500015258789 30.049999237060547 AB 5.264576593295165 1.0890725265401664
60665.3179 lsst_hardware_z -107.53152009741538 53.13999938964844 30.969999313354492 AB 6.606452838664411 1.0978125303120425
60665.3365 lsst_hardware_y -51.83731239325536 51.310001373291016 30.040000915527344 AB 7.108287724437535 1.0886141800659173
60668.3154 lsst_hardware_r -37.43893939563873 28.579999923706055 31.540000915527344 AB 7.309065710634225 1.0934894467973078
60668.3359 lsst_hardware_y 17.950535067919784 48.54999923706055 30.030000686645508 AB 7.041606686466676 1.0888942183425485
60674.2894 lsst_hardware_r 4.322965211807307 23.3799991607666 31.5 AB 6.17511464255178 1.1015843448686058
60674.3104 lsst_hardware_i -40.10838311053206 31.139999389648438 31.25 AB 5.537627442678067 1.0888338409329315
60676.2916 lsst_hardware_z -29.554587073677908 59.34000015258789 31.690000534057617 AB 7.741989429395386 1.0948203738961468
60676.3136 lsst_hardware_i 46.20966301425947 43.91999816894531 32.0 AB 7.737467802946675 1.0888065719789168
60678.2987 lsst_hardware_u 1.8176353507092153 2.6700000762939453 28.389999389648438 AB 5.129017148464233 1.0889825683676426
60678.3193 lsst_hardware_g -12.215557909538134 14.210000038146973 31.40999984741211 AB 5.109026855982688 1.093249206865179
60680.2855 lsst_hardware_r -20.879364372909333 23.010000228881836 31.489999771118164 AB 11.438954256267488 1.0918158114219239
60680.3077 lsst_hardware_i -33.08353184817889 30.889999389648438 31.239999771118164 AB 10.962181713214136 1.0901767750264753
60684.2915 lsst_hardware_g 9.246008092780603 14.34000015258789 31.43000030517578 AB 8.640216243355992 1.0887597912451108
60684.313 lsst_hardware_r 36.50342157153201 23.360000610351562 31.5 AB 8.335552379136251 1.1016755168195913
60688.2338 lsst_hardware_z 75.25715778617115 69.11000061035156 30.979999542236328 AB 4.96739656154037 1.1263937781270679
60688.2525 lsst_hardware_i 32.754764378236395 77.51000213623047 31.329999923706055 AB 4.957645921832122 1.1002321175836933
60692.2307 lsst_hardware_r 75.33794057485983 92.9000015258789 31.639999389648438 AB 3.613820058606864 1.1135435677712104
60692.2494 lsst_hardware_i 19.00614134269813 77.05000305175781 31.31999969482422 AB 3.589077554040536 1.0937863330070798
60694.2415 lsst_hardware_z 19.238210032731608 75.75 31.709999084472656 AB 6.533871876106148 1.0955213429268353
60695.2337 lsst_hardware_z 64.02409078284641 47.869998931884766 30.959999084472656 AB 10.996481698684681 1.099923150656139
60695.2513 lsst_hardware_r 19.94911497643502 45.959999084472656 31.610000610351562 AB 12.908840463247238 1.0892004328432519
60697.2296 lsst_hardware_i -24.527591994983073 34.470001220703125 31.260000228881836 AB 10.43702934694646 1.0986346680996273
60697.2496 lsst_hardware_z 84.56317322715418 43.43000030517578 30.950000762939453 AB 10.341210940357975 1.0885485200376817
60699.1076 lsst_hardware_z -90.66864352750763 48.900001525878906 30.889999389648438 AB 21.25764583875573 1.6376389891702317
60699.1217 lsst_hardware_i -13.540239364161913 34.470001220703125 31.190000534057617 AB 19.456536585419663 1.4995211302683071
60701.2083 lsst_hardware_g 4.789945842931275 14.649999618530273 31.440000534057617 AB 15.535596466068746 1.1104654316295095
60701.2284 lsst_hardware_r 19.903628699794353 23.690000534057617 31.510000228881836 AB 15.353981449757955 1.0916834192298308
60703.2084 lsst_hardware_i -9.18963528360603 31.75 31.25 AB 11.129262186425532 1.1035460769881538
60703.2255 lsst_hardware_r 0.4227212687576544 23.729999542236328 31.5 AB 10.934440797599876 1.0904997304876767
60705.2099 lsst_hardware_u -2.8104282502341698 2.7899999618530273 28.469999313354492 AB 13.42618851285542 1.0967614850528595
60705.2275 lsst_hardware_g 10.033098871392452 14.75 31.450000762939453 AB 13.284920201287123 1.0885709768344087
60707.1804 lsst_hardware_g -7.703075855134957 14.989999771118164 31.440000534057617 AB 12.763613914720374 1.129223561419102
60707.1997 lsst_hardware_r 10.449801031518756 24.040000915527344 31.5 AB 12.175481624322611 1.1011559757911378
60709.1775 lsst_hardware_i 25.580307302718552 31.989999771118164 31.260000228881836 AB 10.238746144092998 1.1245190712897388
60709.1956 lsst_hardware_z 67.87313764842138 42.63999938964844 30.959999084472656 AB 10.142412611018209 1.0997962439092621
60711.1849 lsst_hardware_i 34.236496994136665 31.729999542236328 31.260000228881836 AB 7.600064830498697 1.105463975345265
60711.2026 lsst_hardware_u 3.091150975229966 2.859999895095825 28.520000457763672 AB 7.387932126536283 1.0909527652888782
60714.1711 lsst_hardware_i 17.41725456811635 47.0099983215332 31.290000915527344 AB 10.119196031782796 1.1128556067065587
60714.1901 lsst_hardware_r 62.33053209425824 48.29999923706055 31.6200008392334 AB 9.865777161152414 1.0932820435674218
60716.1804 lsst_hardware_z 44.15826964222173 93.33000183105469 31.729999542236328 AB 3.545137367524692 1.0963212145731533
60718.1662 lsst_hardware_r -106.20074019821023 133.64999389648438 31.649999618530273 AB 4.462796647386917 1.104971727987517
60718.1824 lsst_hardware_i 39.71862969706157 104.0 31.329999923706055 AB 6.488039355907479 1.0914662741951588
60720.1641 lsst_hardware_z -88.20093682459448 83.04000091552734 30.989999771118164 AB 2.1078106829025787 1.1012594999491008
60720.1808 lsst_hardware_r 6.551299127884224 120.36000061035156 31.649999618530273 AB 1.3675803522571388 1.089850194387413
60724.1533 lsst_hardware_r -70.1178071795106 47.33000183105469 31.610000610351562 AB 6.096607695766697 1.1011332382480488
60724.1704 lsst_hardware_z 33.85092904603841 48.66999816894531 30.959999084472656 AB 6.977203763500366 1.0896773018116948
60727.1528 lsst_hardware_r -2.5865699063957077 23.829999923706055 31.510000228881836 AB 5.612408022759331 1.094481129001576
60727.1697 lsst_hardware_y 9.434462585637156 47.90999984741211 30.030000686645508 AB 6.729717755867382 1.0884227326326026
60729.1253 lsst_hardware_u 2.6622770047844364 2.75 28.40999984741211 AB 9.132425819589237 1.120371209273331
60729.1422 lsst_hardware_g -14.370843969659491 14.899999618530273 31.43000030517578 AB 8.43047932883754 1.0986485083518005
60731.1291 lsst_hardware_r -21.235183886481938 23.799999237060547 31.489999771118164 AB 9.564645066135718 1.106912342498106
60731.1463 lsst_hardware_i -14.610488665842189 31.610000610351562 31.25 AB 9.44381283702925 1.091770270176792
60733.1254 lsst_hardware_z 40.06533863749491 42.47999954223633 30.940000534057617 AB 8.562627887927281 1.1047839349625548
60733.1427 lsst_hardware_r 35.52158346918687 23.780000686645508 31.5 AB 8.480691477050954 1.0908694056726957
60736.1246 lsst_hardware_u 5.116632682961167 2.960290249090652 28.3799991607666 AB 3.2388784113404117 1.0973049389069718
60736.1435 lsst_hardware_g 4.27203250178212 14.678421956923575 31.43000030517578 AB 3.6582667555237154 1.0884999024618047
60738.1194 lsst_hardware_r 3.213560323933018 24.526311296311075 31.489999771118164 AB 4.950037239250108 1.0970827214649934
60738.1373 lsst_hardware_z 113.86430072652244 42.32270759756233 30.940000534057617 AB 5.914023559616685 1.0885707690186246
60740.1147 lsst_hardware_r 93.35403338452493 27.807117620782275 31.510000228881836 AB 7.806736549808662 1.096451762613608
60740.1344 lsst_hardware_y -42.15766211764712 47.80389354128525 30.030000686645508 AB 8.357589031725732 1.088416699738563
60742.1147 lsst_hardware_z 245.9851742217625 49.309994698389644 30.959999084472656 AB 11.256866226132905 1.0926344310733251
60742.1336 lsst_hardware_r 415.39720407915934 46.849340310350016 31.600000381469727 AB 12.517569698897082 1.0888157003346257
60744.0862 lsst_hardware_r 722.2341584791691 78.07660972274434 31.639999389648438 AB 12.471761753230282 1.1173578193454086
60744.1046 lsst_hardware_i 521.0668524968196 66.03725841415569 31.31999969482422 AB 12.243888413694558 1.0957970567588096
60751.0933 lsst_hardware_z 1469.11271675097 87.42249360978109 31.719999313354492 AB 8.30853371412655 1.0909791719866937
60753.0716 lsst_hardware_r 2151.82452365807 59.92911605953023 31.59000015258789 AB 8.030669317779855 1.103846782586361
60753.0907 lsst_hardware_z 991.235013224934 55.62040565270017 30.959999084472656 AB 8.858585677685378 1.0898403540314183
60755.0738 lsst_hardware_r 2267.1961154299165 52.55988060064558 31.510000228881836 AB 4.306668699372121 1.0964024183737362
60755.0931 lsst_hardware_u 8.92933586376569 4.938342946354194 28.579999923706055 AB 5.3332533613604305 1.0884190533388634
60757.0715 lsst_hardware_g 1162.0707760286107 37.14671378314159 31.43000030517578 AB 6.524365671173369 1.094049747828183
60757.0905 lsst_hardware_r 2280.7245396033254 54.00639516883892 31.5 AB 6.639975166845358 1.0885205191549767
60759.0616 lsst_hardware_i 1669.8941452029494 51.612142053433594 31.25 AB 11.379309881818003 1.0974708945365637
60759.0794 lsst_hardware_z 1144.7870531516724 54.01694280647424 30.950000762939453 AB 11.300033665019503 1.0886352278438827
60761.0592 lsst_hardware_r 2566.049007453202 55.72210070236087 31.5 AB 6.979498272719535 1.095023654951683
60761.076 lsst_hardware_u 10.454706763065298 4.419166610474535 28.530000686645508 AB 6.838514917978407 1.088444425494582
60763.0579 lsst_hardware_g 1105.2511712025641 35.997555535633005 31.440000534057617 AB 7.389184830453587 1.0923206115778437
60763.0755 lsst_hardware_i 1781.7767783238373 52.60871814982767 31.260000228881836 AB 7.323602972846645 1.0886878211456288
60766.0307 lsst_hardware_r 2468.101795920657 54.572870434186086 31.489999771118164 AB 4.1300061364959255 1.110614773170292
60766.0498 lsst_hardware_z 1234.24607965726 54.782044474071725 30.940000534057617 AB 5.679797509843844 1.092268751893047
60770.0259 lsst_hardware_g 897.0504920003169 42.15441738136145 31.6299991607666 AB 8.42198007839384 1.1030392034830234
60770.0446 lsst_hardware_r 2435.333415473838 59.94399920875979 31.56999969482422 AB 8.513618704200365 1.0897315703342298
60772.0244 lsst_hardware_i 1669.5177822237595 68.76699960160575 31.309999465942383 AB 11.749053421516304 1.0990010060036455
60772.0408 lsst_hardware_z 1218.1573097244677 64.59383563387435 30.969999313354492 AB 11.644931563839515 1.0892445145067753
60774.0215 lsst_hardware_r 2364.0436409518666 98.76249533614394 31.639999389648438 AB 8.843595622701937 1.0967440469649579
60774.039 lsst_hardware_z 1244.3642623364074 75.07123471514026 30.979999542236328 AB 8.780549987822342 1.088565405436991
60777.0164 lsst_hardware_z 1189.4925828231806 76.57591596342354 30.979999542236328 AB 5.513877216526333 1.0943851571008267
60777.0329 lsst_hardware_i 1621.0556620470502 88.18238549123475 31.329999923706055 AB 5.421240529614256 1.0884203840617543
60779.0108 lsst_hardware_z 887.8601229135481 68.22688816330317 30.979999542236328 AB 5.481715921350926 1.0944825639115356
60779.0277 lsst_hardware_r 1634.240395254938 92.03568127167917 31.639999389648438 AB 5.462208743653219 1.088414614656415
60781.0081 lsst_hardware_u 0.9509072478050783 6.85971577451284 29.040000915527344 AB 17.17943551364533 1.0926945971099247
60781.0243 lsst_hardware_g 382.4482934342042 49.49030967248638 31.690000534057617 AB 17.067595595941675 1.088465693148567
60783.0069 lsst_hardware_r 1312.5446318376105 42.74114061661831 31.5 AB 11.668881669572254 1.0905496887450705
60783.0255 lsst_hardware_i 1200.2061862868957 46.46872933787704 31.25 AB 11.660901447257396 1.0898038735754576
60785.0044 lsst_hardware_z 826.1614917454277 50.6907663036482 30.950000762939453 AB 7.610122338304259 1.0894949661137092
60785.0241 lsst_hardware_r 1083.3526234824271 40.56356984832286 31.489999771118164 AB 7.614867023364457 1.0915024759355634
60790.974 lsst_hardware_y 191.42326139966045 52.347876742260915 30.040000915527344 AB 14.806370141518991 1.0976625503387198
60790.9914 lsst_hardware_u 7.203695674270105 3.714704361982124 28.440000534057617 AB 14.55408097151316 1.0887253868576572
60792.9734 lsst_hardware_y 100.03235346181123 52.288484971015144 30.020000457763672 AB 1.166932100812162 1.0939133825283918
60792.9921 lsst_hardware_i 754.2408687484027 42.00206036989986 31.239999771118164 AB 1.1317783409990525 1.0885100658803102
60795.9704 lsst_hardware_y 215.14931917652146 52.43606874304837 30.030000686645508 AB 12.443804740569414 1.0909876153401203
60795.9878 lsst_hardware_r 527.9050215881095 32.74658495605857 31.5 AB 12.291204278641718 1.0891629843723276
60798.9633 lsst_hardware_y 103.45586340260797 63.19741891911103 30.049999237060547 AB 12.069523516277588 1.090512842834143
60798.9808 lsst_hardware_g 109.09861193799746 31.526152026399224 31.6299991607666 AB 12.054885181910246 1.089485544807632
60802.9607 lsst_hardware_y 314.6299622375292 65.70545989414295 30.049999237060547 AB 10.682371733821142 1.0884829563706075
60802.9799 lsst_hardware_r 392.2615055999417 73.55825127533006 31.639999389648438 AB 10.737011256329346 1.09448726290086
61025.336 lsst_hardware_i 32.41178986852283 32.04999923706055 31.25 AB 11.68940417026187 1.094772582199182
61025.3546 lsst_hardware_y 61.273189833482384 73.97000122070312 30.049999237060547 AB 11.622028802083888 1.0884255677928283
61027.3181 lsst_hardware_r -17.572013887675727 23.270000457763672 31.5 AB 7.723129399495619 1.1070074032650585
61027.338 lsst_hardware_y -49.31525048734513 48.470001220703125 30.040000915527344 AB 6.3679089204780395 1.0905354147327206
61029.3141 lsst_hardware_g 8.355679009590489 14.319999694824219 31.40999984741211 AB 4.799999167106873 1.1052266099716492
61029.3351 lsst_hardware_y 7.891682567062048 48.150001525878906 30.030000686645508 AB 5.257705571029082 1.0896046361624236
61031.306 lsst_hardware_i 35.161161633295855 31.299999237060547 31.239999771118164 AB 6.634619879089279 1.108510464051006
61031.328 lsst_hardware_z 22.81945168918313 42.04999923706055 30.950000762939453 AB 6.478415415691004 1.0901682067041911
61033.3109 lsst_hardware_r -13.715375408061318 23.350000381469727 31.489999771118164 AB 6.644944695529397 1.0973403840359384
61033.3317 lsst_hardware_y -76.4168901069771 47.880001068115234 30.030000686645508 AB 6.583769422142907 1.0884062526273983
61035.3238 lsst_hardware_r -53.210737597988775 23.31999969482422 31.489999771118164 AB 9.272937179073358 1.0885432593997524
61035.3448 lsst_hardware_y 16.82241449731908 50.16999816894531 30.030000686645508 AB 9.706651369531091 1.0952498019217412
61037.2907 lsst_hardware_i -31.148563883120705 31.299999237060547 31.239999771118164 AB 6.801072897686096 1.1071256548406472
61037.3131 lsst_hardware_z -1.140167418273903 42.099998474121094 30.940000534057617 AB 6.756924306417393 1.0896507509139484
61041.2971 lsst_hardware_g -41.83174342358578 36.599998474121094 31.65999984741211 AB 7.760899185352356 1.0917857823127781
61041.3183 lsst_hardware_r -1.6782594333320084 23.190000534057617 31.489999771118164 AB 7.744732857632586 1.0897782949528068
61044.2928 lsst_hardware_i -26.66723017965723 86.25 31.329999923706055 AB 3.4812647359928586 1.0900526258197032
61044.3145 lsst_hardware_z -37.96490084761049 74.91000366210938 30.989999771118164 AB 3.4990500924365837 1.0916337642792981
61047.2941 lsst_hardware_r -56.1025054833388 83.69000244140625 31.639999389648438 AB 9.085437199197015 1.0884021801973094
61047.3141 lsst_hardware_z 6.457999839075353 65.08999633789062 30.979999542236328 AB 9.158729951756012 1.0968757801659925
61050.2541 lsst_hardware_z -14.419022422159243 45.41999816894531 30.950000762939453 AB 7.343491846240938 1.1085352624712717
61050.2763 lsst_hardware_r 57.92933999221962 37.11000061035156 31.59000015258789 AB 7.228411784514131 1.0900937693431054
