data/validation/pwv_sim_epoch_fit_seasonal/31000919.ecsv
# %ECSV 0.9
# ---
# datatype:
# - {name: time, datatype: float64}
# - {name: band, datatype: string}
# - {name: flux, datatype: float64}
# - {name: fluxerr, datatype: float64}
# - {name: zp, datatype: float64}
# - {name: zpsys, datatype: string}
# - {name: pwv, datatype: float64}
# - {name: airmass, datatype: float64}
# meta: {SNID: '31000919', alt: 1024.0, c: -0.03822634369134903, dec: 3.882372, lat: -30.244573, lon: -70.7499537, ra: 144.667969, t0: 61138.78125,
#   x0: 4.220003741659982e-05, x1: -2.3779022693634033, z: 0.24820753931999207}
# schema: astropy-2.0
time band flux fluxerr zp zpsys pwv airmass
61027.3142 lsst_hardware_r -6.143074322618597 25.1200008392334 31.479999542236328 AB 8.74380286510599 1.2536217637371487
61027.334 lsst_hardware_y 2.317766899120731 49.9900016784668 29.989999771118164 AB 6.996064909116203 1.2197297492248098
61029.3099 lsst_hardware_g 19.188501785849525 15.3100004196167 31.389999389648438 AB 5.457564122366474 1.2510175638662404
61029.3308 lsst_hardware_y -68.8639932010479 49.689998626708984 29.989999771118164 AB 5.262634653991877 1.2172162955921435
61031.3117 lsst_hardware_i 21.063095234437988 32.91999816894531 31.229999542236328 AB 7.519083849371789 1.2365219431608978
61031.3324 lsst_hardware_z -70.92646432268725 44.189998626708984 30.940000534057617 AB 7.2392858115124215 1.2110723360630484
61033.3154 lsst_hardware_r -8.033860955933966 24.8700008392334 31.479999542236328 AB 7.418248216067282 1.2224523289317553
61033.3361 lsst_hardware_y 78.24598934005786 49.68000030517578 29.989999771118164 AB 7.237910881839411 1.2068716298035618
61039.3276 lsst_hardware_u 3.0688399280893273 2.680000066757202 28.31999969482422 AB 11.267339177346678 1.206611606055518
61039.3493 lsst_hardware_y -24.08396251521725 52.959999084472656 30.0 AB 10.738742856073436 1.2220591401803833
61041.2927 lsst_hardware_g 11.251584679587978 39.4900016784668 31.610000610351562 AB 8.696592458212823 1.223571916634059
61041.3139 lsst_hardware_r -8.039467702331377 24.59000015258789 31.479999542236328 AB 8.582387203159906 1.2069510045508107
61044.2885 lsst_hardware_i 19.022289315553 95.5999984741211 31.309999465942383 AB 3.269488219928581 1.2186698962273397
61044.3102 lsst_hardware_z 20.278221896189393 82.04000091552734 30.969999313354492 AB 3.9379055201481634 1.2063429552174503
61047.2975 lsst_hardware_r -60.961031877675886 94.75 31.6200008392334 AB 10.132757933245685 1.2069512348025513
61047.3174 lsst_hardware_z 124.78986657039007 72.8499984741211 30.969999313354492 AB 10.09447874266319 1.2119070454309353
61055.2307 lsst_hardware_i 0.16875260001145134 33.18000030517578 31.229999542236328 AB 6.864461824142383 1.2711966341004413
61055.25 lsst_hardware_z 35.81544259169753 44.25 30.940000534057617 AB 6.76540255445393 1.2300731917188963
61057.2391 lsst_hardware_r 30.371792358667026 24.59000015258789 31.469999313354492 AB 4.0547042089384675 1.2394653175886803
61057.2577 lsst_hardware_u -2.6250186731972946 2.6500000953674316 28.299999237060547 AB 2.5973828265448047 1.2139666570024588
61059.2336 lsst_hardware_g -11.356954746140135 15.010000228881836 31.360000610351562 AB 7.4328919858631615 1.2395383950409649
61059.253 lsst_hardware_r 11.053710636660686 24.600000381469727 31.459999084472656 AB 7.702911728163954 1.2133117286827608
61061.2319 lsst_hardware_i 2.92013505162199 32.720001220703125 31.229999542236328 AB 14.55513531012191 1.2328591656887946
61061.2517 lsst_hardware_z -29.560469142391742 43.77000045776367 30.940000534057617 AB 14.341952828018977 1.2102573340850293
61067.2136 lsst_hardware_z -51.39117278811434 44.0099983215332 30.93000030517578 AB 13.579773863125428 1.2361637501043439
61067.2306 lsst_hardware_i -95.28343379947528 32.56999969482422 31.229999542236328 AB 13.15266937576473 1.2137844432503808
61069.2162 lsst_hardware_z -79.19350249982018 50.599998474121094 30.940000534057617 AB 12.966861068599147 1.223625469454565
61069.2361 lsst_hardware_g 37.918378413022545 33.599998474121094 31.600000381469727 AB 12.69338488989974 1.2073127941885378
61071.2077 lsst_hardware_r -6.496043093503889 101.04000091552734 31.6200008392334 AB 12.583259256172221 1.2279345456132933
61071.2253 lsst_hardware_i -65.1456812969849 81.5 31.309999465942383 AB 12.955939767222556 1.2097049269115365
61072.2159 lsst_hardware_z -140.8771036582351 127.72000122070312 31.729999542236328 AB 15.168312427707985 1.2147202050952373
61074.216 lsst_hardware_z 14.833018573602725 107.54000091552734 30.979999542236328 AB 10.920460473087475 1.2103809590742425
61074.2332 lsst_hardware_r -8.656270847689381 156.91000366210938 31.6200008392334 AB 10.896708283588023 1.2068120514901088
61078.1781 lsst_hardware_z -30.23118076688398 52.310001373291016 30.940000534057617 AB 6.2891187270804405 1.2467278673962614
61078.1964 lsst_hardware_i -67.59862339103935 47.959999084472656 31.270000457763672 AB 6.17204795042219 1.2178468726168488
61080.1771 lsst_hardware_z 15.557595269271033 45.869998931884766 30.940000534057617 AB 6.9957935432174585 1.2379744369522905
61080.1961 lsst_hardware_g 3.829668602955934 28.31999969482422 31.579999923706055 AB 6.905267871221758 1.2129400792590366
61084.1619 lsst_hardware_z 28.754505742132427 44.27000045776367 30.920000076293945 AB 4.515923501427498 1.2463450325926635
61084.178 lsst_hardware_u 2.7153235664892192 2.680000066757202 28.299999237060547 AB 4.902822582429616 1.2201387625034819
61086.1573 lsst_hardware_g -39.711649886376016 15.720000267028809 31.399999618530273 AB 3.6196391349922155 1.244575060742309
61086.1738 lsst_hardware_r 9.176497543757348 25.31999969482422 31.479999542236328 AB 4.707351436857171 1.2186791776468504
61090.1593 lsst_hardware_i -22.569187725963012 33.36000061035156 31.239999771118164 AB 3.7429044665134055 1.2230381657270686
61090.1769 lsst_hardware_u -0.9683743343591859 2.8399999141693115 28.43000030517578 AB 3.9247172252622224 1.2079769853069322
61094.1606 lsst_hardware_i 34.68928692716119 32.869998931884766 31.229999542236328 AB 9.806747024432608 1.210896375913889
61094.1793 lsst_hardware_r 32.92216329837175 24.8799991607666 31.479999542236328 AB 13.298440462274636 1.2069740844322823
61096.1873 lsst_hardware_z 65.36245030889985 44.15999984741211 30.93000030517578 AB 11.362382415858582 1.2149898325667012
61096.2045 lsst_hardware_g 15.587962903340511 15.4399995803833 31.399999618530273 AB 11.570745544081195 1.2389705047736583
61099.127 lsst_hardware_i 37.822903935219045 72.73999786376953 31.299999237060547 AB 7.525671125569565 1.2347961811807424
61099.1472 lsst_hardware_z -82.91131514347985 67.19999694824219 30.969999313354492 AB 7.282913007910166 1.210724760264352
61107.1189 lsst_hardware_z 52.11261282496878 50.970001220703125 30.950000762939453 AB 12.558547777717095 1.2160886780010773
61107.1368 lsst_hardware_g -101.10473036497837 51.150001525878906 31.649999618530273 AB 13.834738037100033 1.2063951083843243
61109.1185 lsst_hardware_r 2.8744335944748807 30.3700008392334 31.530000686645508 AB 13.541582822769959 1.2117024627407724
61109.1364 lsst_hardware_i 67.45755720114303 36.81999969482422 31.25 AB 12.657678063074858 1.206565651665753
61113.0821 lsst_hardware_i 25.32321015887465 32.84000015258789 31.219999313354492 AB 16.20355252047974 1.24763476342971
61113.101 lsst_hardware_u -1.764244993619063 2.640000104904175 28.290000915527344 AB 15.821659498788415 1.2176595604562601
61114.0813 lsst_hardware_g -17.72073781217531 15.377418767443904 31.3799991607666 AB 11.99631786608443 1.2436572533780252
61114.1008 lsst_hardware_r 12.213898555174964 24.584519879437853 31.469999313354492 AB 10.736452588134295 1.2151035655721167
61116.08 lsst_hardware_i -74.00903261875675 33.68352469833959 31.229999542236328 AB 10.132435042049938 1.2358135189718182
61116.0986 lsst_hardware_r -89.15827527441841 25.478941479627885 31.469999313354492 AB 9.226793406254732 1.2122971234075492
61124.0658 lsst_hardware_z 986.0765433468357 53.63629933823399 30.93000030517578 AB 12.706294114862299 1.223916594785259
61124.0837 lsst_hardware_g 474.7800538274006 30.346465475968678 31.479999542236328 AB 10.706081639834705 1.2081227342042717
61130.0604 lsst_hardware_z 3808.422561457026 107.88959038631708 30.969999313354492 AB 5.7981116660294685 1.212275499047873
61130.0786 lsst_hardware_r 6627.612685010121 150.58579596810475 31.610000610351562 AB 5.789471106329044 1.2064958976772404
61133.0601 lsst_hardware_i 7789.010848029832 113.94997551543851 31.299999237060547 AB 7.449290341927975 1.2077318971996454
61133.0791 lsst_hardware_z 4913.493149410936 95.34823845484428 30.959999084472656 AB 7.346350215677988 1.2095744160167459
61137.0582 lsst_hardware_g 10752.668481943374 106.82926704907548 31.56999969482422 AB 13.078562349676794 1.206361057958135
61137.0772 lsst_hardware_i 9034.638765225292 101.64683060058971 31.260000228881836 AB 13.251054001055396 1.2168093664880988
61142.0157 lsst_hardware_r 11328.304640734612 109.48531549717724 31.489999771118164 AB 6.091400019819178 1.225222933922731
61142.0334 lsst_hardware_u 92.85212640016258 10.074079680847962 28.440000534057617 AB 6.050785801724134 1.2086463524043212
61154.0062 lsst_hardware_z 2481.9845284680764 69.00702529253624 30.940000534057617 AB 10.668505494311214 1.2067307562610476
61154.0226 lsst_hardware_r 6955.413512360812 93.92308631267765 31.56999969482422 AB 10.693832867149625 1.2100746304107008
61156.0117 lsst_hardware_y 1740.4615136762295 88.24095374732588 30.760000228881836 AB 14.006724777241535 1.2074762739001323
61157.9723 lsst_hardware_z 2624.5641796822465 87.27309686640092 30.959999084472656 AB 1.2989242897505011 1.2248225268745885
61157.9934 lsst_hardware_r 5570.413622963853 114.59747585687263 31.610000610351562 AB 1.2865787750523336 1.207205043445774
61159.9695 lsst_hardware_y 922.4555129492177 68.00808859244742 30.0 AB 13.650386528075174 1.2213289467409372
61159.9871 lsst_hardware_z 2533.431390765869 81.79815261306646 30.969999313354492 AB 13.609236240405242 1.207473825396343
61166.9652 lsst_hardware_y 2160.318952405783 88.0950803195415 30.75 AB 4.64169814516166 1.208618186476575
61166.9834 lsst_hardware_r 4669.3917018586435 77.7047067711534 32.2400016784668 AB 5.016826358757417 1.2081460225785472
61170.964 lsst_hardware_z 2307.5895444556772 67.33234669730967 30.950000762939453 AB 9.067746372102874 1.20631194600217
61170.9825 lsst_hardware_i 2597.7900910176095 61.04194420915528 31.229999542236328 AB 9.11396663867807 1.2149795554583196
61394.3326 lsst_hardware_r -51.46806360097707 25.030000686645508 31.489999771118164 AB 5.369913984309747 1.2160131305047535
61394.3541 lsst_hardware_y -24.935488339366863 69.19999694824219 30.020000457763672 AB 5.871735302202134 1.2063556983020407
61396.3221 lsst_hardware_g -15.795617906420862 19.350000381469727 31.489999771118164 AB 7.32411770421654 1.2216873889798374
61396.3447 lsst_hardware_y -70.21693923625838 52.77000045776367 30.0 AB 7.948495318803739 1.2063890497019993
61405.2904 lsst_hardware_r -23.323714461148604 34.13999938964844 31.530000686645508 AB 6.918819829223375 1.2320201506259165
61405.3122 lsst_hardware_i 32.34811011082288 37.4900016784668 31.25 AB 6.063141908660367 1.2088005134393902
61407.2904 lsst_hardware_z -3.510609896639676 44.72999954223633 30.93000030517578 AB 5.952006494804203 1.2238532888562441
61407.3107 lsst_hardware_r -12.668670416086968 26.0 31.489999771118164 AB 6.243629184991309 1.207198218289116
61409.2941 lsst_hardware_u -0.8199998634491015 2.690000057220459 28.31999969482422 AB 3.968855014430107 1.2137171297951397
61409.3142 lsst_hardware_r 14.615860554355185 24.709999084472656 31.489999771118164 AB 3.8598838594552345 1.2064650529657954
61411.2936 lsst_hardware_i -26.25459864946372 32.720001220703125 31.229999542236328 AB 8.620505897233935 1.2100370893298278
61411.3143 lsst_hardware_z 94.98806914103389 43.959999084472656 30.93000030517578 AB 8.7631924381349 1.2080219328847623
61413.2945 lsst_hardware_r 3.819208416237015 34.56999969482422 32.2400016784668 AB 10.60994603972924 1.2071388849813303
61413.3149 lsst_hardware_u 2.389599164702319 3.9000000953674316 29.149999618530273 AB 10.592029583216558 1.2114868561382317
61415.2956 lsst_hardware_g 26.61852057186634 15.050000190734863 31.399999618530273 AB 8.626231973196685 1.2062691830978653
61415.3176 lsst_hardware_r -28.86913969901068 24.559999465942383 31.469999313354492 AB 8.732924283686954 1.2191146045165593
61418.2284 lsst_hardware_r -7.980424415132962 24.84000015258789 31.469999313354492 AB 5.7336318694619175 1.296444054823595
61418.2469 lsst_hardware_i 29.352741155971433 32.9900016784668 31.229999542236328 AB 5.493387615464379 1.246985687529747
61420.2357 lsst_hardware_z 128.47367937762368 44.81999969482422 30.93000030517578 AB 6.804100948601346 1.2600186941854343
61420.2552 lsst_hardware_r -4.02330329166416 24.649999618530273 31.469999313354492 AB 6.770993932810824 1.223452496442358
61426.2301 lsst_hardware_r -58.846089470962795 100.66999816894531 31.610000610351562 AB 14.620779778023415 1.2371270436911652
61426.2504 lsst_hardware_z -117.54153203989391 71.81999969482422 30.969999313354492 AB 14.336128157117372 1.2115379157540245
61428.2297 lsst_hardware_y 45.32881272656028 73.80999755859375 30.010000228881836 AB 11.28234854947755 1.2286793955325404
61428.251 lsst_hardware_r 10.21216857792582 152.44000244140625 31.6200008392334 AB 11.47642939979215 1.208045199978121
61430.2307 lsst_hardware_i -91.82243745450556 91.73999786376953 31.299999237060547 AB 10.507996694490032 1.2199214458987702
61430.2508 lsst_hardware_z 134.21071994863064 79.9000015258789 30.969999313354492 AB 11.22485702921987 1.2065090005700172
61432.2137 lsst_hardware_r -29.508352301293083 59.310001373291016 31.59000015258789 AB 13.434810234850167 1.237157634450904
61432.2301 lsst_hardware_z 72.51101127553342 54.66999816894531 30.959999084472656 AB 13.206748622091142 1.2147860146028953
61434.2064 lsst_hardware_r 57.81295066838044 34.34000015258789 31.549999237060547 AB 11.976598518018085 1.2405840602877651
61434.2238 lsst_hardware_i 16.05751650536537 37.779998779296875 31.260000228881836 AB 12.820359131163563 1.2155839884162671
61436.2108 lsst_hardware_z 32.34062840772135 44.400001525878906 30.940000534057617 AB 12.897934479680746 1.2244099563015707
61436.2283 lsst_hardware_i 29.31719742933358 33.4900016784668 31.25 AB 12.73275014127894 1.2084229808236893
61438.2151 lsst_hardware_u 1.9149054002564347 2.869999885559082 28.459999084472656 AB 12.580833929626596 1.21354624574386
61438.2325 lsst_hardware_g 10.48144233441752 15.550000190734863 31.43000030517578 AB 12.654348995874699 1.206248315570171
61443.1781 lsst_hardware_r 20.505148092670115 25.09000015258789 31.489999771118164 AB 6.296143822694032 1.2481204921585949
61443.196 lsst_hardware_g 0.6768382051680595 15.449999809265137 31.420000076293945 AB 6.057170937784631 1.2189919375698781
61445.1767 lsst_hardware_r -13.310860011166321 25.260000228881836 31.479999542236328 AB 6.942855591844033 1.2399432536928265
61445.1959 lsst_hardware_i -15.74254875704215 33.220001220703125 31.239999771118164 AB 6.814471770858 1.213619193385207
61447.1936 lsst_hardware_i 23.700022482059843 33.189998626708984 31.239999771118164 AB 3.2700901050033258 1.211144483334565
61447.2107 lsst_hardware_u -2.06996538668379 2.75 28.360000610351562 AB 4.480868427676319 1.2064804597943821
61450.1645 lsst_hardware_z 51.509514638054426 44.290000915527344 30.93000030517578 AB 2.1231172099489353 1.2372477913456452
61450.1813 lsst_hardware_g 8.576235346077105 15.529999732971191 31.40999984741211 AB 1.6103730993195884 1.2144593509197499
61456.156 lsst_hardware_z 237.4869500619394 112.9000015258789 30.979999542236328 AB 4.761302078812366 1.224667229942736
61456.1728 lsst_hardware_r 257.13678789005786 164.6699981689453 31.6200008392334 AB 4.3518645342184294 1.2088512595051193
61462.1244 lsst_hardware_z 13.922883234428479 48.31999969482422 30.940000534057617 AB 7.142806835424217 1.2520988960075172
61462.1412 lsst_hardware_g -5.397477009696666 39.709999084472656 31.6200008392334 AB 6.621932115180658 1.2225481612075433
61470.1203 lsst_hardware_i 43.48116708778305 32.83000183105469 31.229999542236328 AB 8.924788240685269 1.2213468078667917
61470.1396 lsst_hardware_z 8.969264174865994 43.970001220703125 30.93000030517578 AB 9.234076568543184 1.2069110663368428
61472.1203 lsst_hardware_i -17.425716319791494 33.02000045776367 31.229999542236328 AB 12.54934698614658 1.215325224021749
61472.1394 lsst_hardware_u 2.4006692396874927 2.700000047683716 28.329999923706055 AB 13.858033383888447 1.2062351346737463
61476.1193 lsst_hardware_i -9.309988555905154 32.810001373291016 31.219999313354492 AB 9.59036854135857 1.2083115208968842
61476.1376 lsst_hardware_r -7.662015894834028 24.709999084472656 31.469999313354492 AB 9.951825710474669 1.2083324077798212
61477.1166 lsst_hardware_u -0.060874426320841085 2.7300000190734863 28.3700008392334 AB 15.675846331817073 1.2082974009956506
61477.135 lsst_hardware_g 16.51805997450221 15.079999923706055 31.40999984741211 AB 16.91749264230182 1.2083923315929872
61489.0812 lsst_hardware_i 56.312650232323804 54.56999969482422 31.290000915527344 AB 12.481750438173773 1.209667301389814
61489.1029 lsst_hardware_r -43.75884593450463 64.23999786376953 31.600000381469727 AB 10.744440023404268 1.2087117303914054
61492.0614 lsst_hardware_u -0.6708710581937591 2.809999942779541 28.43000030517578 AB 8.706178342343305 1.2199222338640783
61492.08 lsst_hardware_g -0.12233782666957181 15.180000305175781 31.420000076293945 AB 8.449557055199566 1.206792247826646
61497.0626 lsst_hardware_z 55.1361455937466 44.029998779296875 30.940000534057617 AB 10.52192336888693 1.2080279413188386
61497.0811 lsst_hardware_r -22.45536065516146 24.559999465942383 31.479999542236328 AB 10.622245720636597 1.2087330960849572
61499.0601 lsst_hardware_u -2.6960163737090688 2.7100000381469727 28.350000381469727 AB 5.9738136428987065 1.2069935970295407
61499.0787 lsst_hardware_g 6.404946077105375 15.069999694824219 31.399999618530273 AB 5.998436291833832 1.2105010679066828
61501.0223 lsst_hardware_g -0.5038225350653877 15.130000114440918 31.3799991607666 AB 10.06694719325512 1.2428329868216197
61501.0413 lsst_hardware_r 20.297756223538496 24.709999084472656 31.469999313354492 AB 9.842694013986604 1.2151474091341488
61503.0218 lsst_hardware_i -19.58656864348582 32.900001525878906 31.229999542236328 AB 9.406445077726227 1.2336995566174624
61503.0408 lsst_hardware_r -8.681740983614654 24.6299991607666 31.479999542236328 AB 9.297423310166655 1.2110619237123457
61505.0495 lsst_hardware_g 16.34768467192808 15.34000015258789 31.40999984741211 AB 6.793516193522846 1.2062351195885734
61505.0665 lsst_hardware_r 0.7224538946955759 24.959999084472656 31.489999771118164 AB 6.852774082424785 1.213685912317872
61511.0129 lsst_hardware_r -134.24057997650812 84.43000030517578 31.610000610351562 AB 19.07335508438976 1.2162190393361876
61511.0313 lsst_hardware_i -117.51304446916522 73.55999755859375 31.299999237060547 AB 18.872468610881615 1.2062939348598027
61513.0114 lsst_hardware_z 4.272856505683745 75.48999786376953 30.979999542236328 AB 12.975177905495274 1.212633449111708
61513.0281 lsst_hardware_r -48.15694733024565 101.25 31.6200008392334 AB 12.906834858746121 1.206246248480946
61515.0207 lsst_hardware_z 78.57207723815111 99.44999694824219 31.719999313354492 AB 8.390831223791633 1.2062724588544613
61518.0091 lsst_hardware_r 19.744457407431796 58.310001373291016 31.600000381469727 AB 7.424260961974868 1.2067717544455667
61518.0266 lsst_hardware_z -20.48722399833906 55.40999984741211 30.959999084472656 AB 7.443511935928777 1.2103599451359837
61523.9697 lsst_hardware_y 69.9926917798282 55.119998931884766 29.979999542236328 AB 13.19067415624164 1.2255384093505604
61523.9879 lsst_hardware_i 21.00507668904902 33.040000915527344 31.229999542236328 AB 12.792225030924593 1.208466773503811
61525.9696 lsst_hardware_y -8.972469327178613 53.88999938964844 30.0 AB 13.953157636517437 1.218722826143544
61525.9879 lsst_hardware_r 21.909070919173864 25.190000534057617 31.479999542236328 AB 13.758039370624974 1.2066338686743532
61527.9684 lsst_hardware_y -38.60444054234367 53.540000915527344 30.0 AB 16.003236771469183 1.2143827267346048
61527.9868 lsst_hardware_g 3.677679529717731 15.710000038146973 31.43000030517578 AB 15.902957824395978 1.2062392554864938
61531.965 lsst_hardware_y 38.135230016533214 54.189998626708984 30.0 AB 4.383816616443553 1.2089952058586741
61531.9825 lsst_hardware_u 0.3534547301272657 2.8399999141693115 28.399999618530273 AB 4.388683683298399 1.207451490269185
61532.9639 lsst_hardware_z 31.477616054576014 50.70000076293945 30.950000762939453 AB 11.872627304600348 1.2082049495861953
61532.9818 lsst_hardware_r -17.401414460036246 25.350000381469727 31.489999771118164 AB 11.85999655228311 1.2082618803742056
61536.962 lsst_hardware_y -76.43603725883749 58.15999984741211 30.0 AB 14.003608908977832 1.206237128946085
61536.9799 lsst_hardware_z -67.71951798088844 47.130001068115234 30.940000534057617 AB 14.159271861400384 1.2143805021356
