data/validation/pwv_sim_epoch_fit_seasonal/31114317.ecsv
# %ECSV 0.9
# ---
# datatype:
# - {name: time, datatype: float64}
# - {name: band, datatype: string}
# - {name: flux, datatype: float64}
# - {name: fluxerr, datatype: float64}
# - {name: zp, datatype: float64}
# - {name: zpsys, datatype: string}
# - {name: pwv, datatype: float64}
# - {name: airmass, datatype: float64}
# meta: {SNID: '31114317', alt: 1024.0, c: 0.14937035739421844, dec: -37.732746, lat: -30.244573, lon: -70.7499537, ra: 227.460938, t0: 61520.140625,
#   x0: 1.3613038938760114e-05, x1: -0.6737934947013855, z: 0.4043407142162323}
# schema: astropy-2.0
time band flux fluxerr zp zpsys pwv airmass
[from data line 134]
61883.276 lsst_hardware_u -3.4775281749599967 2.690000057220459 28.420000076293945 AB 5.783136094323441 1.0230810403921644
61883.2883 lsst_hardware_g 3.1907932796592675 14.369999885559082 31.43000030517578 AB 5.892671427403524 1.036408177417516
61885.2233 lsst_hardware_u -0.8543166925132102 2.7899999618530273 28.510000228881836 AB 12.853432923659346 1.012081332571602
61885.2342 lsst_hardware_g -8.970910952025367 14.529999732971191 31.459999084472656 AB 12.815824815077379 1.0091200641793212
61888.2169 lsst_hardware_r -13.464576091556594 23.09000015258789 31.5 AB 2.139044437174491 1.0113685282148892
61888.2287 lsst_hardware_i 22.2585992218584 30.489999771118164 31.25 AB 2.1774479140562297 1.0088951298766267
61889.2673 lsst_hardware_u 2.34003294352045 2.690000057220459 28.420000076293945 AB 10.993692127701088 1.0308680320409853
61889.2815 lsst_hardware_g 13.615042823609722 14.640000343322754 31.440000534057617 AB 11.184731996148935 1.050037035806223
61899.0691 lsst_hardware_z 119.18010492943218 142.2899932861328 31.719999313354492 AB 11.554092350305977 1.2971195453613296
61903.1933 lsst_hardware_r 65.35889703299414 75.4000015258789 31.65999984741211 AB 5.969280050465844 1.009062948746128
61903.2063 lsst_hardware_i -52.88191949933951 62.380001068115234 31.329999923706055 AB 6.011908564476029 1.0127878309427625
61908.1936 lsst_hardware_z -25.22415506379092 41.0099983215332 30.950000762939453 AB 7.411387971398902 1.0132460142729123
61908.207 lsst_hardware_u 2.31852227611858 2.700000047683716 28.420000076293945 AB 7.600689584106411 1.0224225967320972
61910.2022 lsst_hardware_g 10.45483498762845 14.789999961853027 31.459999084472656 AB 8.276144599316453 1.023009221176297
61910.2136 lsst_hardware_r -9.820084928433108 23.610000610351562 31.520000457763672 AB 7.755199241473672 1.0351767619319696
61912.0535 lsst_hardware_i -14.958610230437962 32.540000915527344 31.229999542236328 AB 6.076757306670521 1.2047098575920412
61912.0725 lsst_hardware_z 64.72150130102807 42.970001220703125 30.940000534057617 AB 5.79869943482196 1.1377435123914321
61918.0886 lsst_hardware_i -37.96629791363345 44.040000915527344 32.0099983215332 AB 8.152298453549665 1.0601742773513518
61918.1033 lsst_hardware_z 93.94445875298649 58.41999816894531 31.709999084472656 AB 7.965716306049083 1.0375966965816987
61926.0442 lsst_hardware_z 11.867898052712292 71.08000183105469 30.989999771118164 AB 10.569197047180436 1.1095687415023292
61926.0945 lsst_hardware_r -61.605600952323755 131.64999389648438 32.40999984741211 AB 9.19727913426322 1.0232463342402989
61926.1376 lsst_hardware_z -91.5531805133782 67.55999755859375 30.989999771118164 AB 8.40548172271188 1.0105171582966912
61950.0353 lsst_hardware_z 54.993465595903345 58.40999984741211 31.690000534057617 AB 4.428827577861854 1.0181017784014488
61950.0446 lsst_hardware_r -24.36972866461177 36.369998931884766 32.279998779296875 AB 3.5193811020106573 1.0126258385875333
61962.0303 lsst_hardware_r 7.793895631110339 22.8799991607666 31.5 AB 5.21188091728599 1.008913873325244
61962.0423 lsst_hardware_i -104.52640824853175 39.880001068115234 31.299999237060547 AB 6.719740693667829 1.0115521140550698
61964.026 lsst_hardware_z 28.539581780717253 40.77000045776367 30.950000762939453 AB 5.799032030814428 1.0089952495327272
61964.0381 lsst_hardware_r -30.37283859074929 22.940000534057617 31.510000228881836 AB 5.8689452202383015 1.012061600317003
61965.0302 lsst_hardware_u 0.05239940982717371 2.7300000190734863 28.469999313354492 AB 7.01411569728193 1.0102549164902257
61965.0422 lsst_hardware_g -5.058339979079411 14.40999984741211 31.450000762939453 AB 7.3051853604357175 1.0155964632886991
61974.0059 lsst_hardware_g 21.45623177638699 14.34000015258789 31.440000534057617 AB 4.265539639758655 1.010332504531983
61974.0179 lsst_hardware_r 9.899670247439785 23.010000228881836 31.5 AB 4.283318716980143 1.015766661471122
61976.0069 lsst_hardware_i 1.7026854293596678 30.56999969482422 31.25 AB 5.254182215866999 1.0127567879466073
61976.0188 lsst_hardware_r -35.374172612451176 23.170000076293945 31.510000228881836 AB 5.2871986940144025 1.0203007900452339
61978.0087 lsst_hardware_u -1.872723420221357 2.890000104904175 28.440000534057617 AB 4.5571477896004975 1.0168800155306255
61978.0207 lsst_hardware_g 18.074287859626686 15.930000305175781 31.469999313354492 AB 4.63389082952695 1.0270148115086326
