data/validation/pwv_sim_epoch_fit_seasonal/31182882.ecsv
# %ECSV 0.9
# ---
# datatype:
# - {name: time, datatype: float64}
# - {name: band, datatype: string}
# - {name: flux, datatype: float64}
# - {name: fluxerr, datatype: float64}
# - {name: zp, datatype: float64}
# - {name: zpsys, datatype: string}
# - {name: pwv, datatype: float64}
# - {name: airmass, datatype: float64}
# meta: {SNID: '31182882', alt: 1024.0, c: 0.1140354797244072, dec: -34.772018, lat: -30.244573, lon: -70.7499537, ra: 161.015625, t0: 60735.8671875,
#   x0: 4.712174660753344e-06, x1: 1.0972142219543457, z: 0.6285536289215088}
# schema: astropy-2.0
time band flux fluxerr zp zpsys pwv airmass
[from data line 132]
61064.2158 lsst_hardware_u 2.597301734967069 2.5899999141693115 28.350000381469727 AB 11.316002231461812 1.1154265383402477
61064.2334 lsst_hardware_g 11.322299130077079 13.260000228881836 31.389999389648438 AB 10.659493273678812 1.0718444719636733
61066.2174 lsst_hardware_r 28.625211224429346 22.059999465942383 31.469999313354492 AB 15.50271637738931 1.0964119224434605
61066.2351 lsst_hardware_i 0.17095744379108324 29.850000381469727 31.229999542236328 AB 14.899151040120074 1.0575774446422481
61073.2051 lsst_hardware_i -66.90588961551607 74.48999786376953 31.329999923706055 AB 9.565507323173554 1.0800346996432537
61073.2235 lsst_hardware_z 28.712637647405447 65.12000274658203 30.989999771118164 AB 10.876694952309569 1.044580547640775
61075.2027 lsst_hardware_i 64.20900216478587 71.7699966430664 31.31999969482422 AB 9.677433651564504 1.0732729255623705
61075.2216 lsst_hardware_z -130.47099491364204 64.08000183105469 30.979999542236328 AB 7.814506145282001 1.0390939625399909
61079.1278 lsst_hardware_u 8.0535720702742 3.4800000190734863 28.420000076293945 AB 11.154311176202905 1.3090506118711294
61079.1478 lsst_hardware_g -10.97349701003035 29.139999389648438 31.56999969482422 AB 10.303077954834862 1.210477246282207
61083.1224 lsst_hardware_z -127.07826893473403 44.11000061035156 30.93000030517578 AB 5.768658191721316 1.2789634789959465
61083.1426 lsst_hardware_r 13.584948167819315 22.790000915527344 31.469999313354492 AB 4.791942808953485 1.1871039163386086
61087.1199 lsst_hardware_i 2.3027617076723303 31.940000534057617 31.229999542236328 AB 3.863415592011628 1.237414912297527
61087.1388 lsst_hardware_z 92.86219160211739 42.84000015258789 30.940000534057617 AB 4.005996862736502 1.1605978356551698
61089.117 lsst_hardware_r 15.623489790063752 32.47999954223633 32.220001220703125 AB 6.695002657602877 1.225741973197158
61089.1369 lsst_hardware_u -6.997355268710274 3.7699999809265137 29.149999618530273 AB 6.358802444549526 1.1483510314018914
61091.1116 lsst_hardware_g -15.23087112616302 13.760000228881836 31.3799991607666 AB 3.9119066940511833 1.225470692022508
61091.1319 lsst_hardware_r -1.6069262482607642 22.809999465942383 31.489999771118164 AB 4.465692383323061 1.1468136577614434
61093.1157 lsst_hardware_i 20.679698627239347 31.459999084472656 31.229999542236328 AB 7.28270349220188 1.1855288120139802
61093.1346 lsst_hardware_z -10.520023832433973 42.15999984741211 30.940000534057617 AB 7.2523320379214375 1.12127790317667
61095.1095 lsst_hardware_r -35.59847058034144 26.149999618530273 31.5 AB 9.289521050280767 1.1884248678397569
61095.1288 lsst_hardware_g 24.077774841650083 16.200000762939453 31.459999084472656 AB 10.41174430301337 1.1222776986576641
61104.1098 lsst_hardware_r -0.5567015332596463 106.76000213623047 31.639999389648438 AB 11.44172344316369 1.1065139850259846
61104.1323 lsst_hardware_i 66.91028211708436 83.88999938964844 31.329999923706055 AB 10.879409927488734 1.0558262768286681
61106.1199 lsst_hardware_z -101.98162246459394 80.98999786376953 31.729999542236328 AB 7.7469661471249225 1.0693828942794414
61108.109 lsst_hardware_g 14.081612665947278 30.690000534057617 31.6299991607666 AB 11.077839305560689 1.0812658847329921
61108.1305 lsst_hardware_r -113.90990541333015 42.11000061035156 31.610000610351562 AB 9.960226797233071 1.0405948247152783
61110.1076 lsst_hardware_i -9.40546105308811 30.540000915527344 31.25 AB 8.06646364996463 1.0722877946603107
61110.1276 lsst_hardware_z 33.32028471915391 40.88999938964844 30.950000762939453 AB 7.933782393405895 1.036824672426252
61112.109 lsst_hardware_i -19.757717770397516 30.34000015258789 31.239999771118164 AB 13.828878756145203 1.0585283316030543
61112.129 lsst_hardware_u 0.016797445534009657 2.5899999141693115 28.3799991607666 AB 14.388847240290344 1.0277748028778817
61115.104 lsst_hardware_g 18.508652409375387 13.619999885559082 31.399999618530273 AB 7.71942966649163 1.0527093130052794
61115.1259 lsst_hardware_r 0.839812030350126 22.270000457763672 31.489999771118164 AB 8.671010961388795 1.0220227044166819
61119.0894 lsst_hardware_u -2.9347378178376875 2.7100000381469727 28.450000762939453 AB 5.467107219459047 1.0594484631727368
61119.1068 lsst_hardware_g -10.305628974034319 13.84000015258789 31.43000030517578 AB 5.25089164663476 1.0316600317569153
61121.0861 lsst_hardware_r -38.23696056359335 22.360000610351562 31.489999771118164 AB 5.582177146173347 1.055431489161134
61121.1042 lsst_hardware_i 12.085243894904009 30.09000015258789 31.25 AB 5.3479144943820165 1.0280496913460035
61123.09 lsst_hardware_z 21.792449651525857 40.75 30.950000762939453 AB 5.7184542404164675 1.0399080269897196
61123.1078 lsst_hardware_r 37.558480584822966 22.18000030517578 31.489999771118164 AB 5.574280764233605 1.018303965211881
61125.0733 lsst_hardware_z -3.828704159650532 42.91999816894531 30.950000762939453 AB 7.338008130478076 1.0589138324583247
61125.0911 lsst_hardware_g 32.03119722568761 27.15999984741211 31.639999389648438 AB 8.350739911793855 1.030775265041367
61127.0005 lsst_hardware_y -65.72754802505182 52.08000183105469 29.969999313354492 AB 8.924111360256413 1.288308266241742
61127.0185 lsst_hardware_z 20.589637338235676 50.08000183105469 30.940000534057617 AB 8.359849212781464 1.2030868098601357
61128.9977 lsst_hardware_y -92.66541574254923 55.720001220703125 29.979999542236328 AB 8.514991813990017 1.2742860570159307
61129.0149 lsst_hardware_r -60.01339638151492 77.73999786376953 31.610000610351562 AB 7.069989699686594 1.195466638431957
61132.006 lsst_hardware_z -108.52211883746537 112.95999908447266 31.729999542236328 AB 9.343883667036987 1.1983434935495452
61137.9897 lsst_hardware_y -63.724052126307576 49.470001220703125 30.0 AB 10.533457155747918 1.198004794512121
61138.0082 lsst_hardware_i -33.11635544524106 30.8799991607666 31.229999542236328 AB 8.632918014308986 1.1319385508272273
61139.9864 lsst_hardware_y -47.673495812599896 49.77000045776367 30.010000228881836 AB 6.617440020606359 1.1893314199508194
61140.0035 lsst_hardware_g -2.6975615173490435 13.619999885559082 31.399999618530273 AB 6.426058795165049 1.129591678756344
61146.983 lsst_hardware_y -19.95480298427758 49.529998779296875 30.020000457763672 AB 16.284309252524164 1.1338863804285182
61147.0032 lsst_hardware_i -23.366634472600467 30.520000457763672 31.25 AB 14.34488634533827 1.079699408801616
61148.9814 lsst_hardware_z 15.739069704232534 43.220001220703125 30.940000534057617 AB 10.33609183242694 1.1221465456982447
61149.0018 lsst_hardware_u 0.8553627987254807 2.609999895095825 28.3799991607666 AB 9.818604019660722 1.0708283944008785
61150.9783 lsst_hardware_y 68.21012614615108 49.27000045776367 30.030000686645508 AB 8.035305415193315 1.1153046669633888
61150.9978 lsst_hardware_r -5.910092535196355 22.579999923706055 31.489999771118164 AB 7.716828752660371 1.0677899176910906
61152.9758 lsst_hardware_y -11.291818531551735 51.380001068115234 30.030000686645508 AB 7.2039170652427 1.1070743127181877
61152.9941 lsst_hardware_z -2.8418481537475575 41.93000030517578 30.940000534057617 AB 6.933477675615647 1.0642329509770756
61154.9745 lsst_hardware_y 60.11089663283153 51.279998779296875 30.040000915527344 AB 14.95290432112085 1.0961468322588834
61154.9922 lsst_hardware_z -92.28017912643993 45.06999969482422 30.959999084472656 AB 14.56603050149445 1.057386701135672
61156.9743 lsst_hardware_y 7.578723866414251 53.79999923706055 30.040000915527344 AB 6.67212292656553 1.0833566757159374
61156.9937 lsst_hardware_r -24.474427221464076 62.90999984741211 31.639999389648438 AB 6.36980590094949 1.0453014811814547
61158.9729 lsst_hardware_y 31.76105153734773 58.22999954223633 30.049999237060547 AB 11.362010568639137 1.0742355684882814
61158.9925 lsst_hardware_r 59.391566771689114 87.66000366210938 31.65999984741211 AB 11.213692830473292 1.0387216627480123
61160.9781 lsst_hardware_z 0.47430133067829877 98.66000366210938 31.739999771118164 AB 11.913151522867803 1.0532359228068078
61162.9685 lsst_hardware_y 15.935668147204009 54.38999938964844 30.049999237060547 AB 13.990924033197942 1.0608963337316928
61162.9867 lsst_hardware_i 139.5190619222552 61.060001373291016 31.329999923706055 AB 13.590544427657242 1.03160562421334
61165.9663 lsst_hardware_y 100.86728913761789 52.13999938964844 30.059999465942383 AB 7.401118162533093 1.0500025767331542
61165.9848 lsst_hardware_r 13.203606517677102 22.0 31.5 AB 6.938382467428707 1.0240147292904078
61167.9663 lsst_hardware_y 56.83847066964781 49.619998931884766 30.049999237060547 AB 10.213421827222172 1.0411589072570089
61167.987 lsst_hardware_g -26.469159902194413 13.140000343322754 31.3799991607666 AB 9.984035714872078 1.0164282321371059
