data/validation/pwv_sim_epoch_fit_seasonal/31259929.ecsv
# %ECSV 0.9
# ---
# datatype:
# - {name: time, datatype: float64}
# - {name: band, datatype: string}
# - {name: flux, datatype: float64}
# - {name: fluxerr, datatype: float64}
# - {name: zp, datatype: float64}
# - {name: zpsys, datatype: string}
# - {name: pwv, datatype: float64}
# - {name: airmass, datatype: float64}
# meta: {SNID: '31259929', alt: 1024.0, c: -0.0028550010174512863, dec: -47.945496, lat: -30.244573, lon: -70.7499537, ra: 28.6, t0: 62068.33984375,
#   x0: 5.8305116411914274e-06, x1: -0.40997588634490967, z: 0.5759111642837524}
# schema: astropy-2.0
time band flux fluxerr zp zpsys pwv airmass
[from data line 132]
62409.1054 lsst_hardware_z 51.02580940922588 45.7599983215332 30.90999984741211 AB 5.305269489681303 1.3778131384705559
62409.1158 lsst_hardware_r -3.543053692960946 23.06999969482422 31.43000030517578 AB 5.0499333737790435 1.3241385444193916
62414.3264 lsst_hardware_g 4.364019295471251 13.119999885559082 31.350000381469727 AB 8.011732990930073 1.1566505761689054
62414.3371 lsst_hardware_r -6.977868338238745 22.479999542236328 31.459999084472656 AB 9.019081535757266 1.1867212547049035
62416.3234 lsst_hardware_i -23.718650812377874 30.979999542236328 31.219999313354492 AB 5.376160231999268 1.1631675101688081
62416.335 lsst_hardware_z 18.36078246218717 43.20000076293945 30.93000030517578 AB 4.309663884880518 1.1971288569112548
62418.2713 lsst_hardware_i 22.501584102134117 30.309999465942383 31.25 AB 2.783591214076572 1.074745642500607
62418.2827 lsst_hardware_z -17.018842158669035 41.720001220703125 30.940000534057617 AB 2.8254372999417865 1.0900256421572556
62420.3047 lsst_hardware_u 3.74636050579756 2.619999885559082 28.3700008392334 AB 5.149048357859206 1.1433437010900604
62420.317 lsst_hardware_r 11.793437708683655 22.549999237060547 31.469999313354492 AB 5.317945526516691 1.1757562517171547
62422.2567 lsst_hardware_i 15.520895231005818 30.149999618530273 31.239999771118164 AB 5.94079644482424 1.0706066759459796
62422.2679 lsst_hardware_z -3.162628302253313 41.5 30.940000534057617 AB 6.036158805140501 1.0844048395366297
62425.2961 lsst_hardware_g 1.621472378471773 13.170000076293945 31.360000610351562 AB 8.095776580164326 1.1559615306867033
62425.3071 lsst_hardware_r 12.872883598801401 22.56999969482422 31.469999313354492 AB 8.33764463889064 1.1868251721986154
62427.2977 lsst_hardware_i 10.249355014543177 44.459999084472656 31.280000686645508 AB 7.244442130860484 1.175219077087704
62427.3088 lsst_hardware_z -83.58184357812767 49.06999969482422 30.950000762939453 AB 7.451124924475179 1.2095982020251914
62429.2943 lsst_hardware_r -6.236600036711986 77.79000091552734 31.6200008392334 AB 1.4239509578053957 1.181211910249796
62429.3049 lsst_hardware_z 11.539985740783496 60.900001525878906 30.959999084472656 AB 1.505820305203545 1.214861077211412
62433.2906 lsst_hardware_r 50.737958758445906 78.56999969482422 31.6200008392334 AB 3.5528508945760633 1.2036082303346158
62433.3017 lsst_hardware_i 98.29433030225879 63.630001068115234 31.290000915527344 AB 4.070844090948056 1.2425631859229964
62435.2741 lsst_hardware_i -40.880016605547546 48.91999816894531 31.290000915527344 AB 1.6383468844537303 1.1702477746098074
62435.2856 lsst_hardware_z -83.51825476939086 51.720001220703125 30.950000762939453 AB 1.6871595742811303 1.2051139816293788
62442.2333 lsst_hardware_i -37.785147177289545 30.479999542236328 31.229999542236328 AB 4.9830924402714345 1.1183509937205618
62442.2444 lsst_hardware_z -5.194231727590537 42.29999923706055 30.93000030517578 AB 5.080863590027445 1.142794329740766
62451.232 lsst_hardware_r 41.8852857498495 22.09000015258789 31.459999084472656 AB 2.754376782603074 1.1747413061997758
62451.243 lsst_hardware_u -1.1615725989940875 2.490000009536743 28.25 AB 2.7971497741416176 1.2087071404284988
62454.1771 lsst_hardware_i -18.41036765417149 38.52000045776367 31.280000686645508 AB 4.345722605316186 1.0798167735908029
62456.1125 lsst_hardware_z 30.095053253389683 49.4900016784668 30.969999313354492 AB 6.090985567327562 1.0501699254013037
62460.179 lsst_hardware_z 24.24696998367218 86.4000015258789 31.729999542236328 AB 5.624784848827518 1.10842299344675
62461.1775 lsst_hardware_r 4.882083632534695 85.0199966430664 31.639999389648438 AB 3.5487465670283953 1.1107188003220563
62463.1787 lsst_hardware_z 109.87496884507055 54.439998626708984 30.969999313354492 AB 6.837867477053445 1.124002215345466
62466.0845 lsst_hardware_u 1.3919255375902733 2.5199999809265137 28.34000015258789 AB 3.79880325745272 1.05036034768293
62466.0967 lsst_hardware_g 16.18582496758887 12.779999732971191 31.3700008392334 AB 3.801283593366567 1.0488710765783467
62468.1598 lsst_hardware_i 12.288785924265271 30.399999618530273 31.239999771118164 AB 4.675431905547242 1.1134189892153206
62468.1705 lsst_hardware_r 22.287825849613206 22.040000915527344 31.469999313354492 AB 3.6861932013716694 1.1359900977544373
62473.1581 lsst_hardware_u -0.1867744272399958 2.569999933242798 28.350000381469727 AB 7.361237801234689 1.1388928486809762
62473.1697 lsst_hardware_g 7.237923988239778 12.960000038146973 31.34000015258789 AB 7.46737010425268 1.1684781253793726
62477.1086 lsst_hardware_r 1.4340680099643017 31.059999465942383 32.22999954223633 AB 6.20791633696492 1.0729202103290758
62477.1165 lsst_hardware_i -38.19540998871236 30.219999313354492 31.239999771118164 AB 6.1247302712058715 1.0827454810617334
62483.0749 lsst_hardware_r -45.313668341618566 34.81999969482422 31.59000015258789 AB 11.987869943381384 1.0574111266984274
62483.0867 lsst_hardware_i -32.1020855238098 36.59000015258789 31.280000686645508 AB 12.636231873172648 1.0670991025902306
62485.0828 lsst_hardware_z 8.05672870738714 67.33000183105469 31.709999084472656 AB 8.2139115558991 1.0686629237187515
62487.075 lsst_hardware_z -95.43886506485558 51.130001068115234 30.969999313354492 AB 11.623184492719641 1.0663472011669395
62487.0873 lsst_hardware_r -1.3409751953494748 59.66999816894531 31.6299991607666 AB 10.363920690132828 1.0802314625344154
