data/validation/pwv_sim_epoch_fit_seasonal/31337072.ecsv
# %ECSV 0.9
# ---
# datatype:
# - {name: time, datatype: float64}
# - {name: band, datatype: string}
# - {name: flux, datatype: float64}
# - {name: fluxerr, datatype: float64}
# - {name: zp, datatype: float64}
# - {name: zpsys, datatype: string}
# - {name: pwv, datatype: float64}
# - {name: airmass, datatype: float64}
# meta: {SNID: '31337072', alt: 1024.0, c: -0.005196162033826113, dec: 0.447628, lat: -30.244573, lon: -70.7499537, ra: 308.671875, t0: 59848.6328125,
#   x0: 7.628304119251061e-06, x1: -1.312413215637207, z: 0.5153499841690063}
# schema: astropy-2.0
time band flux fluxerr zp zpsys pwv airmass
59845.0271 lsst_hardware_i 1944.4418024723427 53.80921675499612 31.229999542236328 AB 1.7634956123578172 1.175663741571878
59845.0469 lsst_hardware_z 1569.2326307140097 57.5019041884165 30.940000534057617 AB 1.6172062636790738 1.1640160247210225
59849.0284 lsst_hardware_r 2671.332507221001 55.702784298478115 31.459999084472656 AB 3.641834326933173 1.1662889147126985
59849.048 lsst_hardware_u 1.0046680073243195 2.7694418465583124 28.25 AB 3.2644962976432383 1.1658915348725851
59856.9976 lsst_hardware_y 576.7515702784837 62.36237514630555 30.010000228881836 AB 3.7596832675966465 1.1724583994584137
59857.0188 lsst_hardware_r 2315.935516815082 92.30639076658976 31.6200008392334 AB 3.174082185305853 1.16394652926494
59858.9959 lsst_hardware_y 332.15766814003837 64.52094381100308 30.020000457763672 AB 6.976952439099369 1.1694033000792856
59859.014 lsst_hardware_r 2025.556475266581 100.28510785787785 31.6299991607666 AB 4.500287917571315 1.1640180844690837
59860.9948 lsst_hardware_y 355.0877167902051 69.54671368020281 30.030000686645508 AB 5.31822118394344 1.1667030019619449
59861.0122 lsst_hardware_z 1270.1619936584793 74.89812157498766 30.979999542236328 AB 4.637004284439816 1.1647837941320813
59862.9957 lsst_hardware_y 350.0817886184403 60.542669816097465 30.020000457763672 AB 2.6330214012176083 1.164366775303184
59863.0136 lsst_hardware_u 6.08226983473449 9.80192040595561 29.15999984741211 AB 4.077938342858909 1.1679059693152007
60072.4089 lsst_hardware_z 79.74209272703142 192.9499969482422 31.739999771118164 AB 12.352407218680204 1.1715105480538888
60077.3912 lsst_hardware_g -59.411687424262034 103.44999694824219 31.68000030517578 AB 7.731107056864276 1.175357075487398
60077.4103 lsst_hardware_y 74.2136503636706 147.24000549316406 30.040000915527344 AB 7.6916868121242405 1.16405490775228
60080.387 lsst_hardware_i -254.12355421361704 113.11000061035156 31.31999969482422 AB 5.176754648995276 1.1715648722831795
60080.4073 lsst_hardware_y -54.3936941716624 152.3000030517578 30.040000915527344 AB 5.160126501146336 1.1639383085291402
60082.3815 lsst_hardware_i -3.976744857175578 112.95999908447266 31.31999969482422 AB 9.300162039962817 1.1716001562058873
60082.401 lsst_hardware_y 61.0397025472396 152.08999633789062 30.040000915527344 AB 9.188395159026769 1.1638737323543449
60085.3969 lsst_hardware_r -93.35768433804266 96.51000213623047 31.6299991607666 AB 8.3471747211566 1.1645054019470702
60085.4156 lsst_hardware_i -30.047834177736416 112.8499984741211 31.31999969482422 AB 8.30721362806281 1.1774096276752617
60100.3241 lsst_hardware_r 153.0253562064029 93.9800033569336 31.6200008392334 AB 7.526428276937026 1.180338473604147
60100.3463 lsst_hardware_i 235.65289038727335 109.2300033569336 31.31999969482422 AB 6.112446362782945 1.164275497672942
60111.2798 lsst_hardware_r 45.322240111500676 95.97000122070312 31.610000610351562 AB 7.943324840083945 1.2035340666793857
60111.3002 lsst_hardware_u 4.23543040849483 36.4900016784668 29.389999389648438 AB 7.618378799889063 1.1735477798573672
60118.287 lsst_hardware_g -217.91794455550044 181.8000030517578 32.880001068115234 AB 4.414658846788774 1.168723662227879
60118.3096 lsst_hardware_r 384.75800555536335 165.75 32.81999969482422 AB 3.093369430292813 1.165403527675394
60121.3046 lsst_hardware_r 164.20654942665976 96.2300033569336 31.6200008392334 AB 6.448619265499396 1.1668541148103493
60121.3262 lsst_hardware_g 11.974106299820209 104.80999755859375 31.65999984741211 AB 6.5901737624377885 1.189526264992832
60123.3053 lsst_hardware_r -46.2651450960483 94.23999786376953 31.6299991607666 AB 6.354595329221048 1.1710122076606413
60123.3237 lsst_hardware_i 39.47603618387833 109.08999633789062 31.309999465942383 AB 6.472842804704173 1.1944534539428573
60125.2982 lsst_hardware_z 139.12000483823624 141.0800018310547 30.989999771118164 AB 4.143188137449498 1.1697312641021118
60125.3168 lsst_hardware_i 75.50539288389744 112.79000091552734 31.31999969482422 AB 4.2247545081738656 1.1920024005569205
60130.2236 lsst_hardware_y -2.460015390346247 146.1300048828125 30.020000457763672 AB 4.3691528847539365 1.2127271902723957
60130.2449 lsst_hardware_r -243.40108218561383 94.33999633789062 31.6299991607666 AB 4.250716223104115 1.1771304704786048
60132.2942 lsst_hardware_i 81.74726928098057 112.91000366210938 31.31999969482422 AB 1.7495100564451138 1.186510719867829
60132.3071 lsst_hardware_z 52.75224106751192 140.72000122070312 30.989999771118164 AB 1.7998526616895143 1.2100527727196717
60137.235 lsst_hardware_r 63.93982507122704 94.4000015258789 31.6299991607666 AB 8.187193649716384 1.168819879563584
60137.2571 lsst_hardware_i 275.941465298788 109.4800033569336 31.31999969482422 AB 8.826090419012758 1.1651860880124216
60141.2278 lsst_hardware_r 160.0435470542331 133.25 32.380001068115234 AB 3.445591588252437 1.1666130314042447
60141.2557 lsst_hardware_u 55.00024250183243 50.54999923706055 30.15999984741211 AB 3.8151615806673633 1.170654059732238
60143.2271 lsst_hardware_g 217.02190254726716 105.44999694824219 31.68000030517578 AB 2.360336919248867 1.1647357114481076
60143.2498 lsst_hardware_r -51.32114735973959 96.22000122070312 31.6200008392334 AB 2.309018448150166 1.1703083873036826
60145.2092 lsst_hardware_i -37.98780475185939 112.86000061035156 31.31999969482422 AB 3.4567021782105836 1.1718958678530627
60145.2277 lsst_hardware_z 1.3420939136255903 140.9499969482422 30.989999771118164 AB 3.3967661812480068 1.1638739699324194
60148.2198 lsst_hardware_r 9.597149003836957 96.33000183105469 31.6200008392334 AB 5.678747777737392 1.1638765727215832
60148.2418 lsst_hardware_g -113.05443404231335 105.08000183105469 31.670000076293945 AB 5.742503365082456 1.1754778906058965
60151.1872 lsst_hardware_r -37.60903199877664 96.29000091552734 31.6200008392334 AB 12.80924091702184 1.1775544379567917
60151.2067 lsst_hardware_i -41.02783864213069 112.93000030517578 31.31999969482422 AB 12.483886895318859 1.1643787618634387
60159.1362 lsst_hardware_r 123.35459147396521 95.63999938964844 31.610000610351562 AB 2.3373361092609506 1.2331516074359818
60159.1503 lsst_hardware_z -152.52160213960454 140.64999389648438 30.979999542236328 AB 2.3185029560766814 1.2005193300073431
60161.1722 lsst_hardware_g -34.4672564053667 105.9000015258789 31.690000534057617 AB 1.96625537744794 1.1671480277688604
60161.1922 lsst_hardware_r 202.66200523603834 96.56999969482422 31.6299991607666 AB 1.964909376459529 1.1654266764288532
60163.1562 lsst_hardware_i 105.85476186296444 112.80999755859375 31.31999969482422 AB 3.1526164487661434 1.1756183152639441
60163.1788 lsst_hardware_z 34.775955700765415 140.9600067138672 30.989999771118164 AB 3.2701227370117096 1.1638828106578634
60166.1662 lsst_hardware_r 121.95128428991839 133.52999877929688 32.380001068115234 AB 5.032458569500479 1.1642921036863911
60166.186 lsst_hardware_g 236.80380464223643 146.6199951171875 32.439998626708984 AB 4.8536836427150165 1.1695623235459038
60177.1502 lsst_hardware_r 9.753847160288746 94.27999877929688 31.6299991607666 AB 2.0798089312181367 1.1661390138593422
60177.1725 lsst_hardware_u 17.804336657326775 35.619998931884766 29.399999618530273 AB 2.0216898602044253 1.1882973316248582
60180.1357 lsst_hardware_g -184.9659048158231 105.70999908447266 31.68000030517578 AB 3.1921746037964316 1.1641774630913317
60180.1567 lsst_hardware_r -55.67688364773755 96.26000213623047 31.6200008392334 AB 3.270732902027118 1.17800572736435
60182.1137 lsst_hardware_i -11.618737882220477 112.77999877929688 31.31999969482422 AB 2.19542257845976 1.1678297327681688
60182.1314 lsst_hardware_z 58.76486769400892 140.91000366210938 30.989999771118164 AB 2.4988028635510204 1.1644002160069993
60184.0799 lsst_hardware_z -40.36509522460505 140.5399932861328 30.979999542236328 AB 4.216651379474469 1.2047575369927055
60184.0966 lsst_hardware_r -2.0721500379383158 96.27999877929688 31.6200008392334 AB 4.131549354249981 1.1781424896867965
60196.0589 lsst_hardware_r 30.244610727266345 93.94000244140625 31.6200008392334 AB 3.0134089305997107 1.1845160890722133
60196.0775 lsst_hardware_i 34.79243931813644 109.12999725341797 31.31999969482422 AB 3.031082694951769 1.1666984969021437
60199.0583 lsst_hardware_z 278.76557672095777 140.89999389648438 30.989999771118164 AB 3.485196104670894 1.1752143551311076
60199.0765 lsst_hardware_r -74.90334706207021 96.45999908447266 31.6200008392334 AB 3.354814581606547 1.1642261193001118
60201.0586 lsst_hardware_u -20.656801217331314 51.849998474121094 30.149999618530273 AB 1.3999485497317519 1.1700363976028014
60201.0758 lsst_hardware_r 100.76156036763811 136.4199981689453 32.380001068115234 AB 1.3883558609350326 1.1639143727274273
60207.1212 lsst_hardware_z -191.9394695564173 194.97000122070312 31.729999542236328 AB 4.992487483346787 1.2617647016739708
60207.1701 lsst_hardware_r 96.71514957286425 129.1300048828125 32.290000915527344 AB 9.567168871206716 1.5287901679779867
60209.0314 lsst_hardware_y 476.8474157228907 152.22000122070312 30.040000915527344 AB 2.9910377980261478 1.1747988209057925
60209.0516 lsst_hardware_g -59.525738022950804 106.02999877929688 31.690000534057617 AB 2.934870047918179 1.163938151068086
60211.0268 lsst_hardware_r 45.227570020974404 94.22000122070312 31.6299991607666 AB 3.3232294178821316 1.1739403301320455
60211.0447 lsst_hardware_i 91.08155492203927 109.30000305175781 31.31999969482422 AB 3.4988340105540243 1.1640791872753768
60215.0295 lsst_hardware_z 65.92082944044068 136.3699951171875 30.989999771118164 AB 5.529403166221258 1.1650659852974081
60215.0501 lsst_hardware_r 162.96552476971635 94.11000061035156 31.6200008392334 AB 5.235598038322026 1.168138785881755
60217.9949 lsst_hardware_y -177.7096400021775 150.97000122070312 30.020000457763672 AB 3.3057371828197364 1.1904701456646312
60218.0144 lsst_hardware_u 67.90421675182216 36.470001220703125 29.389999389648438 AB 7.121028096066214 1.1684671163484461
60222.9982 lsst_hardware_y 219.44458225981757 152.3699951171875 30.040000915527344 AB 3.894726761878967 1.1702904933531277
60223.0189 lsst_hardware_r -77.23414680284411 96.68000030517578 31.6299991607666 AB 3.9900335688934603 1.1642934254139072
60226.9922 lsst_hardware_z -17.18526199089793 136.30999755859375 30.989999771118164 AB 3.6896135709739775 1.1670452541432792
60227.0081 lsst_hardware_i 258.9903454193458 109.19000244140625 31.31999969482422 AB 2.794361023236481 1.1643170930152005
