data/validation/pwv_sim_epoch_fit_seasonal/31352560.ecsv
# %ECSV 0.9
# ---
# datatype:
# - {name: time, datatype: float64}
# - {name: band, datatype: string}
# - {name: flux, datatype: float64}
# - {name: fluxerr, datatype: float64}
# - {name: zp, datatype: float64}
# - {name: zpsys, datatype: string}
# - {name: pwv, datatype: float64}
# - {name: airmass, datatype: float64}
# meta: {SNID: '31352560', alt: 1024.0, c: 0.06209389865398407, dec: -34.772018, lat: -30.244573, lon: -70.7499537, ra: 166.640625, t0: 62262.37890625,
#   x0: 2.218556955789831e-05, x1: 0.889765739440918, z: 0.3282569348812103}
# schema: astropy-2.0
time band flux fluxerr zp zpsys pwv airmass
62126.2598 lsst_hardware_i -11.985365687685785 33.720001220703125 31.200000762939453 AB 6.60087564275664 1.4163449507042336
62126.2818 lsst_hardware_z 26.340775260617466 44.75 30.93000030517578 AB 5.9498386021743075 1.2802923454029609
62129.2616 lsst_hardware_r 17.90823121400562 23.90999984741211 31.440000534057617 AB 8.510336967182925 1.3491695987290286
62129.2849 lsst_hardware_i -5.701592495643895 32.08000183105469 31.219999313354492 AB 7.7334483382369905 1.2255051840058617
62131.2622 lsst_hardware_z -111.83608688426399 64.23999786376953 31.670000076293945 AB 8.26729357542893 1.3129287592327779
62131.2853 lsst_hardware_i 24.80181529390317 45.52000045776367 31.979999542236328 AB 7.530054153340321 1.2003752785058561
62133.2617 lsst_hardware_z -40.47429973847653 49.65999984741211 30.940000534057617 AB 9.222603816935026 1.2855296294949508
62133.2842 lsst_hardware_g -8.601434980189614 13.850000381469727 31.389999389648438 AB 8.488282943581176 1.1830084704533643
62135.2577 lsst_hardware_r -121.19626965125371 73.3499984741211 31.600000381469727 AB 7.165952916330811 1.2778279960765249
62135.2796 lsst_hardware_i -13.992775350625278 57.529998779296875 31.299999237060547 AB 6.622009121049677 1.1797103498062045
62137.275 lsst_hardware_z 56.37320258909736 84.97000122070312 31.719999313354492 AB 8.317523418143903 1.1764531001617966
62139.2625 lsst_hardware_z -3.6916104288617766 58.540000915527344 30.959999084472656 AB 5.2991214936168225 1.2043457940038231
62139.287 lsst_hardware_r -92.28655680949262 72.20999908447266 31.6299991607666 AB 4.871023493686028 1.1185755114098346
62141.2614 lsst_hardware_i 106.08675223644286 56.72999954223633 31.290000915527344 AB 12.330977098771996 1.18673589427422
62141.2832 lsst_hardware_z 110.26689641289616 55.06999969482422 30.969999313354492 AB 11.629877200375837 1.1138306602326495
62145.3001 lsst_hardware_z -15.293947560973988 41.83000183105469 30.959999084472656 AB 7.893607435840767 1.051079552042712
62145.3175 lsst_hardware_r -7.066953303719213 25.399999618530273 31.530000686645508 AB 7.79573666612445 1.0259798200646348
62149.2941 lsst_hardware_r -13.748957786445775 22.43000030517578 31.510000228881836 AB 5.785846310892455 1.0429646346809294
62149.3104 lsst_hardware_i 25.036021968276575 30.079999923706055 31.260000228881836 AB 5.599136339803135 1.0217712837622437
62151.2203 lsst_hardware_g 38.88288062549161 13.6899995803833 31.350000381469727 AB 6.730933834503797 1.2464692286118142
62151.2378 lsst_hardware_r -20.92238694542689 22.889999389648438 31.469999313354492 AB 6.332247435504819 1.1726384139823738
62153.2224 lsst_hardware_i -7.1782089295997515 31.639999389648438 31.219999313354492 AB 3.9500148672082047 1.212280777659807
62153.2418 lsst_hardware_z -10.751313815803123 42.400001525878906 30.940000534057617 AB 3.694434567375723 1.139905759758014
62157.2189 lsst_hardware_g -13.639459392555603 13.619999885559082 31.360000610351562 AB 13.981306368715655 1.182151548889461
62157.2363 lsst_hardware_r 6.031139284916116 22.65999984741211 31.479999542236328 AB 13.263562456612604 1.1231423554769626
62159.2206 lsst_hardware_i -35.02709736931682 31.040000915527344 31.229999542236328 AB 10.49413108669599 1.1560065455579147
62159.24 lsst_hardware_r -7.033047274203407 22.329999923706055 31.479999542236328 AB 10.094599692732984 1.097835746898635
62161.2162 lsst_hardware_z 28.62008240084271 45.70000076293945 30.950000762939453 AB 9.932708101314223 1.1523643055482358
62161.2342 lsst_hardware_g -7.434045204762625 13.649999618530273 31.40999984741211 AB 9.476189446968936 1.0987098626410872
62164.2093 lsst_hardware_r -19.272893084187984 66.62999725341797 31.6299991607666 AB 11.549343463596482 1.1480080312378464
62164.2285 lsst_hardware_i -23.99218057039845 53.90999984741211 31.31999969482422 AB 10.972937559719789 1.092414305407824
62166.2075 lsst_hardware_z -0.7357405634311756 65.02999877929688 30.979999542236328 AB 13.869513950367404 1.136100421884617
62166.2254 lsst_hardware_r 52.458229711128546 92.56999969482422 31.649999618530273 AB 13.32924160247412 1.0866820155286254
62168.2222 lsst_hardware_z 230.90844482595304 95.62999725341797 31.739999771118164 AB 13.604935990859419 1.0814018142035704
62170.2157 lsst_hardware_r 52.72588687919813 71.37999725341797 31.649999618530273 AB 9.785317446463482 1.0838053732330521
62170.2341 lsst_hardware_z 91.2722062692022 57.599998474121094 30.989999771118164 AB 9.439672339841868 1.0472621951675456
62172.2063 lsst_hardware_r -7.7183486350117745 41.58000183105469 31.600000381469727 AB 7.535059444677645 1.0933052009108597
62172.2253 lsst_hardware_y -12.979928130690078 48.81999969482422 30.049999237060547 AB 5.691388464063359 1.0529858397896956
62174.2106 lsst_hardware_g 6.141933441099524 15.369999885559082 31.469999313354492 AB 6.267381275417533 1.0708895814468231
62174.2297 lsst_hardware_r -35.79114466176648 24.200000762939453 31.520000457763672 AB 6.112108576743567 1.037181160146541
62176.2063 lsst_hardware_i -59.02088344262969 30.559999465942383 31.25 AB 6.051810772016651 1.0684694159633918
62176.2252 lsst_hardware_z 27.249217198755684 41.0 30.950000762939453 AB 5.506915090467731 1.0358158733128384
62178.1245 lsst_hardware_r 38.551522849902874 23.40999984741211 31.450000762939453 AB 2.2858724773489456 1.3704271446935805
62178.1434 lsst_hardware_i -20.222318326737696 31.809999465942383 31.229999542236328 AB 2.71764598057395 1.2620158572380624
62180.1206 lsst_hardware_z 44.32578110799836 44.790000915527344 30.920000076293945 AB 4.658279322149861 1.3603132374321203
62180.138 lsst_hardware_i -13.32087652669427 31.670000076293945 31.219999313354492 AB 4.5847517463243666 1.2617135868797482
62182.1175 lsst_hardware_u -5.143563079292654 3.559999942779541 28.959999084472656 AB 2.0177177856988493 1.3454441780610358
62182.1375 lsst_hardware_g 11.78457461694845 19.309999465942383 32.11000061035156 AB 3.3421206632334606 1.2378224678642447
62184.116 lsst_hardware_r 49.13438184860338 23.3700008392334 31.440000534057617 AB 3.1275907004788768 1.3216102685310904
62184.1357 lsst_hardware_i -8.178401998256989 31.719999313354492 31.219999313354492 AB 3.712595577378207 1.2212485451902517
62190.1112 lsst_hardware_i -11.544630402732228 39.2400016784668 31.25 AB 8.286783188955251 1.2592141199612898
62190.1313 lsst_hardware_z -44.677425155319476 45.86000061035156 30.950000762939453 AB 9.134320373873283 1.1727205512740124
62194.116 lsst_hardware_z -2.459491058438642 63.790000915527344 30.969999313354492 AB 7.8512126861029765 1.189487567018101
62194.1375 lsst_hardware_r 83.58393346867214 85.63999938964844 31.639999389648438 AB 8.710075538896975 1.116676351140638
62196.1116 lsst_hardware_i -104.1947371382399 96.0 31.31999969482422 AB 4.824875283326742 1.1853274249666483
62196.1314 lsst_hardware_r -18.923882677411267 120.08000183105469 31.639999389648438 AB 4.525522092762125 1.1185175711226212
62199.1117 lsst_hardware_z 31.43525873719749 58.13999938964844 30.959999084472656 AB 5.256889434275664 1.1549372612835584
62199.1316 lsst_hardware_g 2.1677530050434743 66.9000015258789 31.700000762939453 AB 5.78842977540672 1.0957746853585841
62202.1118 lsst_hardware_z 36.1829445891698 42.119998931884766 30.940000534057617 AB 8.194657871400786 1.1280674351490252
62202.1334 lsst_hardware_r -7.918589415730335 22.5 31.479999542236328 AB 9.230094332657062 1.0724873589144008
62206.1025 lsst_hardware_r -11.682615471311335 22.989999771118164 31.489999771118164 AB 8.531800274427747 1.123196455295912
62206.1223 lsst_hardware_z -35.16050209731849 41.56999969482422 30.950000762939453 AB 8.067263374008828 1.0728694973857087
62208.1059 lsst_hardware_r -13.760069651593167 22.950000762939453 31.489999771118164 AB 14.389347421809084 1.098654100808115
62208.1279 lsst_hardware_u 2.328960104535296 2.759999990463257 28.489999771118164 AB 14.719948825729974 1.0514249161235696
62211.0972 lsst_hardware_g 1.6505702099178376 13.729999542236328 31.399999618530273 AB 7.864614619698634 1.099971741024127
62211.1191 lsst_hardware_r -21.79689241590692 22.450000762939453 31.489999771118164 AB 7.575306652426424 1.0524913723413378
62213.0923 lsst_hardware_i -16.386325185634327 31.209999084472656 31.25 AB 8.79530380749438 1.0985204280889753
62213.1124 lsst_hardware_z 29.05183429045765 41.54999923706055 30.950000762939453 AB 8.54018523588554 1.0547019340992676
62216.0922 lsst_hardware_r 6.08247995906363 22.959999084472656 31.510000228881836 AB 5.28715235190633 1.0790106840625162
62216.1114 lsst_hardware_u 4.218653545312478 2.880000114440918 28.59000015258789 AB 5.108818158426614 1.042615950699309
62220.0817 lsst_hardware_z 10.417314836885435 46.290000915527344 30.959999084472656 AB 11.101917340384222 1.0780653855490603
62220.1003 lsst_hardware_r -52.71398472327441 42.16999816894531 31.6200008392334 AB 9.194418653102918 1.0428945019824447
62224.0788 lsst_hardware_r 26.278331729251505 113.36000061035156 31.65999984741211 AB 7.152192224774682 1.0613660800516282
62224.0976 lsst_hardware_i -29.044474107810817 89.94999694824219 31.350000381469727 AB 7.095714356468349 1.0311539948365205
62226.0801 lsst_hardware_z -113.10616468031509 74.0 30.989999771118164 AB 5.016503225685496 1.0491118631618384
62226.0966 lsst_hardware_r 60.2977718229424 107.05999755859375 31.65999984741211 AB 5.298576224945209 1.0256963171373206
62228.0783 lsst_hardware_z 12.72604301639834 51.119998931884766 30.969999313354492 AB 9.15572657372614 1.0431399846637899
62228.0975 lsst_hardware_r -9.311854721346936 58.58000183105469 31.649999618530273 AB 8.666824688127026 1.0189870694615566
62230.0702 lsst_hardware_i 38.78892702452487 30.280000686645508 31.239999771118164 AB 5.0938515491677485 1.047399221898783
62230.0868 lsst_hardware_z -53.71405029203982 40.689998626708984 30.940000534057617 AB 6.1465355942688795 1.0244225990448133
62233.9913 lsst_hardware_y 51.08609412775295 50.150001525878906 29.979999542236328 AB 11.034227182949317 1.258035250592785
62234.0092 lsst_hardware_r 54.44033962364117 23.06999969482422 31.459999084472656 AB 8.94025685247195 1.1801021035052623
62235.9883 lsst_hardware_z 0.514257814121416 44.72330587475356 30.93000030517578 AB 6.755720773370256 1.2460980860223658
62236.0056 lsst_hardware_g 9.085200031141206 13.80310626508462 31.3700008392334 AB 6.659177364277491 1.1730960285871768
62237.9879 lsst_hardware_y 26.54150127399669 49.83243328709137 29.989999771118164 AB 6.623468131238784 1.2228317421284565
62238.0066 lsst_hardware_i 41.251371965305005 32.12334489794074 31.239999771118164 AB 5.679147238118885 1.1502070355683818
62243.9817 lsst_hardware_y 273.068819059806 51.17972747862767 30.010000228881836 AB 13.253233406173413 1.1808467417626614
62244.0009 lsst_hardware_g 601.697691180093 29.15828765962179 31.40999984741211 AB 11.950861687157982 1.116902961416634
62245.9801 lsst_hardware_y 539.7028384952823 52.798416118431795 30.020000457763672 AB 10.432219912151476 1.166480049811943
62245.9988 lsst_hardware_z 1228.7877594493 54.46459393630658 30.950000762939453 AB 10.044381651843686 1.1075104732259284
62247.987 lsst_hardware_y 1282.414562127528 76.24285570836841 30.780000686645508 AB 10.238881517964492 1.1256466048773628
62249.9781 lsst_hardware_z 4461.645739369786 100.27838270373285 31.709999084472656 AB 10.935411161912109 1.136254828970251
62249.998 lsst_hardware_r 8736.09362665997 124.72012130060827 32.380001068115234 AB 10.394531577303827 1.082115563834566
62251.9756 lsst_hardware_y 1009.6200699412866 65.0873366995713 30.030000686645508 AB 15.106349630145816 1.1270871916843854
62251.9932 lsst_hardware_z 2746.456230204371 84.28054106957917 30.979999542236328 AB 14.627020350152941 1.0806013852063343
62253.9735 lsst_hardware_y 914.214206737654 68.99973799635954 30.030000686645508 AB 1.1590682155799876 1.1171741836915543
62253.9927 lsst_hardware_z 3113.89108176744 91.5892101867643 30.989999771118164 AB 1.0973244067863315 1.0697776327431943
62258.9709 lsst_hardware_y 1070.049634178726 57.15097407841969 30.040000915527344 AB 14.33924582947053 1.08805811093393
62258.9909 lsst_hardware_r 6918.5580345177605 85.61155617934013 31.489999771118164 AB 13.804538191285662 1.0475906272437523
62263.9668 lsst_hardware_z 3718.7764112223435 73.93408435413295 30.950000762939453 AB 10.471163052765782 1.0668802621325844
62263.985 lsst_hardware_i 5785.829378588093 80.51153891420982 31.25 AB 10.150677536553392 1.0357129654329695
62267.9695 lsst_hardware_y 855.6106845820439 55.372116666674565 30.059999465942383 AB 12.103919537611004 1.0424827346357664
62267.9997 lsst_hardware_r 6487.344525159058 83.6853854272868 31.510000228881836 AB 11.804278890171695 1.0100061796393378
62269.9633 lsst_hardware_y 864.2318005081296 58.096312058349184 30.049999237060547 AB 7.603619069298703 1.0436408110855153
62269.9824 lsst_hardware_z 3591.5227906137848 70.28159207601463 30.950000762939453 AB 7.3963608164163315 1.0193909334887212
62491.2754 lsst_hardware_z -46.41115048404848 86.91000366210938 31.700000762939453 AB 7.0819070502920995 1.3195280511072056
62493.2634 lsst_hardware_r 21.997174780218533 77.81999969482422 31.56999969482422 AB 9.108163463485967 1.3594273826098457
62493.2858 lsst_hardware_z 20.201580884428168 59.029998779296875 30.950000762939453 AB 8.287889784982667 1.2369984753705474
62497.2619 lsst_hardware_g 13.544309288672702 48.7400016784668 31.610000610351562 AB 8.203530556603107 1.3031129762686073
62497.2848 lsst_hardware_r 13.249537733482418 51.79999923706055 31.600000381469727 AB 7.498965212520095 1.194134432312955
62499.2632 lsst_hardware_i 7.483521021243229 36.68000030517578 31.239999771118164 AB 9.106589147523382 1.267150623495814
62499.2855 lsst_hardware_z -35.365591860998876 44.70000076293945 30.940000534057617 AB 8.42049672927162 1.1704481675326466
62501.2655 lsst_hardware_r -15.982347744850689 23.670000076293945 31.459999084472656 AB 6.895121050926546 1.2299355255617712
62501.2867 lsst_hardware_u 1.3833233619334604 2.6700000762939453 28.350000381469727 AB 6.453595519230237 1.1471359240225574
62503.2626 lsst_hardware_g 15.095763990559714 13.630000114440918 31.350000381469727 AB 5.936712789044905 1.2185371077678382
62503.2847 lsst_hardware_i 41.32953569950756 30.850000381469727 31.239999771118164 AB 5.4697743645710535 1.135907731809024
62505.2656 lsst_hardware_z -40.66862998896308 43.220001220703125 30.940000534057617 AB 3.277230658538086 1.1837211540937567
62505.2878 lsst_hardware_r -6.251425139866861 22.809999465942383 31.489999771118164 AB 3.0914960921752987 1.1105509087293395
62507.264 lsst_hardware_u 2.2246073624004983 2.640000104904175 28.350000381469727 AB 8.727686338626356 1.169199741711131
62507.2861 lsst_hardware_g -12.711129489164252 13.800000190734863 31.399999618530273 AB 8.339163643280743 1.10044386952768
62509.2615 lsst_hardware_r 13.898555372075842 22.920000076293945 31.479999542236328 AB 10.31160713126844 1.1586075428391505
62509.2833 lsst_hardware_i -6.258304822417093 30.739999771118164 31.239999771118164 AB 9.73353031545001 1.0936550916235965
62510.2997 lsst_hardware_g -6.369766858753464 13.670000076293945 31.420000076293945 AB 7.986172604229828 1.053005947156993
62510.3172 lsst_hardware_r 10.031131004312735 22.309999465942383 31.5 AB 7.788429320614974 1.027158499256838
62514.2165 lsst_hardware_g -0.6924442248287367 13.729999542236328 31.34000015258789 AB 5.732278599406424 1.2975071808521568
62514.2356 lsst_hardware_i -12.600714690363983 31.59000015258789 31.229999542236328 AB 5.333150829620993 1.205572383073409
62517.2139 lsst_hardware_z -50.96526779073462 52.0 30.940000534057617 AB 6.398935676917925 1.2679529082400116
62517.2311 lsst_hardware_r -8.839940589672999 53.9900016784668 31.600000381469727 AB 6.065967044092342 1.190533586227276
62519.2241 lsst_hardware_y 25.985037051537965 105.9000015258789 31.5 AB 7.935789119888705 1.1967109359438126
62523.2265 lsst_hardware_z 29.757702289470995 63.400001525878906 30.969999313354492 AB 10.902155846100053 1.1475953522210582
62523.2452 lsst_hardware_r -5.049487903945234 84.16000366210938 31.649999618530273 AB 10.386849933723365 1.0933526246024594
