data/validation/pwv_sim_epoch_fit_seasonal/3136860.ecsv
# %ECSV 0.9
# ---
# datatype:
# - {name: time, datatype: float64}
# - {name: band, datatype: string}
# - {name: flux, datatype: float64}
# - {name: fluxerr, datatype: float64}
# - {name: zp, datatype: float64}
# - {name: zpsys, datatype: string}
# - {name: pwv, datatype: float64}
# - {name: airmass, datatype: float64}
# meta: {SNID: '3136860', alt: 1024.0, c: -0.12590979039669037, dec: -50.480045, lat: -30.244573, lon: -70.7499537, ra: 334.74057, t0: 61892.671875,
#   x0: 1.893818220691954e-05, x1: 0.868079423904419, z: 0.35074523091316223}
# schema: astropy-2.0
time band flux fluxerr zp zpsys pwv airmass
[from data line 132]
62385.1441 lsst_hardware_i -0.20880857556616375 30.530000686645508 31.25 AB 0.6671830114464721 1.071779938066622
62385.1567 lsst_hardware_z -68.01567590328959 41.310001373291016 30.950000762939453 AB 0.7213445538983224 1.066289067107646
62387.1459 lsst_hardware_r -2.2230944396923644 22.3799991607666 31.479999542236328 AB 2.845226982912365 1.06812838401215
62387.1575 lsst_hardware_u -4.101960822332969 2.5999999046325684 28.3700008392334 AB 2.773366896231589 1.0650410507801802
62389.1392 lsst_hardware_g -20.34243241851203 13.489999771118164 31.389999389648438 AB 3.900958931478265 1.0686582772746593
62389.1514 lsst_hardware_i -20.14165900206201 30.290000915527344 31.239999771118164 AB 3.8912557634904137 1.0651247527802228
62390.1354 lsst_hardware_z 40.479799056451434 41.36000061035156 30.940000534057617 AB 2.8866952334460123 1.0691463827577823
62390.1474 lsst_hardware_r -18.695004678409163 22.280000686645508 31.479999542236328 AB 2.8763632557422203 1.0653197243489705
62393.1344 lsst_hardware_y 38.060508252859144 47.59000015258789 30.040000915527344 AB 1.8072290163128584 1.0664215281153768
62393.1449 lsst_hardware_g -7.104297987060626 19.559999465942383 31.540000915527344 AB 1.798292685128932 1.0647610510458965
62401.2034 lsst_hardware_i 18.300386110405782 77.58000183105469 31.31999969482422 AB 2.60094232520538 1.1469263918886032
62401.2161 lsst_hardware_z 93.72762775673604 68.69000244140625 30.969999313354492 AB 2.5755223500151367 1.1775162190028758
62404.029 lsst_hardware_r 24.963822325432528 28.399999618530273 31.520000457763672 AB 5.083886805324618 1.1649158232555932
62404.0351 lsst_hardware_y -48.113815202478754 49.83000183105469 30.020000457763672 AB 5.019619236189757 1.1505850938699016
62409.0018 lsst_hardware_z 23.273038409883398 43.38999938964844 30.940000534057617 AB 4.057906249862137 1.2016008636235818
62409.0057 lsst_hardware_r 2.1162469556035064 22.790000915527344 31.469999313354492 AB 4.009404242407334 1.190322882456408
62411.08 lsst_hardware_u -6.0705655419575715 2.680000066757202 28.450000762939453 AB 5.233555881698574 1.0682906474176168
62411.0916 lsst_hardware_g -8.209697126130674 13.420000076293945 31.399999618530273 AB 4.8103315456825095 1.065096659314158
62414.0757 lsst_hardware_r 26.110236817531312 22.170000076293945 31.479999542236328 AB 3.015616455073922 1.0668454440120008
62414.0883 lsst_hardware_u -0.3233231664680865 2.5899999141693115 28.3700008392334 AB 3.8216736372666533 1.0647554885468142
62416.1563 lsst_hardware_r -31.594861737770348 22.549999237060547 31.469999313354492 AB 4.27789585375963 1.1341187311131207
62416.1683 lsst_hardware_i -24.060075659657816 31.270000457763672 31.229999542236328 AB 5.314816347230512 1.1603346887429993
62418.0753 lsst_hardware_i 26.371645771188778 30.229999542236328 31.239999771118164 AB 3.75884979986498 1.0648299716323897
62418.0868 lsst_hardware_z 51.24206442137556 41.150001525878906 30.940000534057617 AB 6.017526521503157 1.0657720320281885
62420.1581 lsst_hardware_u 0.5418053792483923 2.549999952316284 28.299999237060547 AB 5.115826354284157 1.1620715577233642
62420.1702 lsst_hardware_r 21.85998767119993 22.799999237060547 31.459999084472656 AB 4.637579010500702 1.1939701378676548
62423.1382 lsst_hardware_z -28.298674807481298 44.790000915527344 30.940000534057617 AB 9.490654256014217 1.1361517465300903
62423.1434 lsst_hardware_r -38.089885700635094 33.099998474121094 31.559999465942383 AB 9.621429192136153 1.1470924602157317
62425.1491 lsst_hardware_y 37.36153904689075 73.16999816894531 30.760000228881836 AB 9.226237964065378 1.1736971861421026
62427.1338 lsst_hardware_r 70.12172753194432 71.16999816894531 31.6200008392334 AB 7.038121896434242 1.1500199177180135
62427.1449 lsst_hardware_i -40.568860519587815 60.34000015258789 31.299999237060547 AB 7.205695711236903 1.176984571568383
62429.1357 lsst_hardware_z 91.33352241241445 60.63999938964844 30.969999313354492 AB 3.903826412109627 1.1674122045782378
62429.1468 lsst_hardware_r -70.91270362307009 81.30000305175781 31.610000610351562 AB 3.9988107762332996 1.197368233226859
62433.0832 lsst_hardware_z -59.91612886699927 54.13999938964844 30.969999313354492 AB 3.9762392585428734 1.091973432408208
62433.0939 lsst_hardware_r -8.539775544929773 69.54000091552734 31.6299991607666 AB 3.4297120484966266 1.1063587253214924
62435.0799 lsst_hardware_u -4.829690029882775 2.6500000953674316 28.389999389648438 AB 2.397125808256104 1.0946196468310532
62435.0902 lsst_hardware_g 6.348734760796503 13.800000190734863 31.399999618530273 AB 2.5405379113494377 1.109041978107311
62437.0847 lsst_hardware_r 22.60633610688491 22.65999984741211 31.479999542236328 AB 4.197129246146166 1.108982538174839
62437.0958 lsst_hardware_z 44.69269212777508 42.16999816894531 30.940000534057617 AB 4.264275184600114 1.1280156559209014
62438.0864 lsst_hardware_r 4.001574209192693 22.700000762939453 31.479999542236328 AB 3.226364910619838 1.116131772585276
62438.0976 lsst_hardware_u -1.317250435657628 2.609999895095825 28.34000015258789 AB 3.3257666735998495 1.136884687875974
62442.0852 lsst_hardware_i -42.736204579769804 30.979999542236328 31.229999542236328 AB 6.362245242903043 1.1339216235680456
62442.0955 lsst_hardware_z -3.939222809568212 42.52000045776367 30.940000534057617 AB 6.515533653929091 1.1560905492700686
