data/validation/pwv_sim_epoch_fit_seasonal/31424736.ecsv
# %ECSV 0.9
# ---
# datatype:
# - {name: time, datatype: float64}
# - {name: band, datatype: string}
# - {name: flux, datatype: float64}
# - {name: fluxerr, datatype: float64}
# - {name: zp, datatype: float64}
# - {name: zpsys, datatype: string}
# - {name: pwv, datatype: float64}
# - {name: airmass, datatype: float64}
# meta: {SNID: '31424736', alt: 1024.0, c: -0.06018396094441414, dec: -8.084014, lat: -30.244573, lon: -70.7499537, ra: 182.285156, t0: 61081.984375,
#   x0: 1.0243977761677392e-05, x1: 1.2857388257980347, z: 0.45522984862327576}
# schema: astropy-2.0
time band flux fluxerr zp zpsys pwv airmass
[from data line 134]
61470.2895 lsst_hardware_r -34.196350633457655 24.520000457763672 31.5 AB 8.645512584558768 1.111772375741622
61474.2401 lsst_hardware_z -22.93373867919686 42.56999969482422 30.950000762939453 AB 10.873972728450704 1.0786601258258808
61474.258 lsst_hardware_r 1.2324997182382436 24.6299991607666 31.510000228881836 AB 10.300446046588275 1.0864589875894075
61476.2412 lsst_hardware_u -2.2251541806763835 2.6700000762939453 28.350000381469727 AB 7.992251577248915 1.080033996925529
61476.2602 lsst_hardware_g -17.45293503001769 15.380000114440918 31.440000534057617 AB 8.740390023271644 1.093767848323229
61477.2378 lsst_hardware_r 12.404250511311213 24.59000015258789 31.510000228881836 AB 15.24699216378782 1.0798153090501605
61477.2559 lsst_hardware_i -34.08918852003762 32.130001068115234 31.25 AB 16.517204748075226 1.092070662587069
61479.0667 lsst_hardware_z 46.518103023052966 52.02000045776367 30.850000381469727 AB 17.73664760416883 1.85665734367935
61481.2464 lsst_hardware_z 19.75335698876369 42.869998931884766 30.950000762939453 AB 8.985028074827142 1.093601274930265
61481.2656 lsst_hardware_r -42.04144001116789 24.979999542236328 31.5 AB 8.871289123642926 1.1229479903345476
61485.1583 lsst_hardware_i 12.676567091624776 105.7699966430664 31.329999923706055 AB 5.787251073273693 1.1293115355603598
61485.178 lsst_hardware_z -46.063694419329444 89.88999938964844 31.0 AB 5.812214124024625 1.096644174344269
61487.2759 lsst_hardware_r -130.8234181466702 173.6999969482422 31.6299991607666 AB 7.334659885978735 1.193954239558121
61487.2887 lsst_hardware_z -95.52454530091268 120.20999908447266 30.979999542236328 AB 7.633494022578436 1.243206322723884
61489.2165 lsst_hardware_y 63.13954335483648 79.72000122070312 30.799999237060547 AB 7.699484927656638 1.0860278475683767
61492.2081 lsst_hardware_i 19.663941724877276 41.54999923706055 31.290000915527344 AB 7.815704898968523 1.0858664704721546
61492.2264 lsst_hardware_z 0.8113439656781877 47.45000076293945 30.959999084472656 AB 8.404901339029925 1.106879017431494
61494.18 lsst_hardware_z 89.12448630343397 43.59000015258789 30.959999084472656 AB 7.335574212125431 1.0788137965771016
61494.1985 lsst_hardware_r -15.082447291002756 29.170000076293945 31.559999465942383 AB 7.351183411796145 1.0830472798226407
61497.1824 lsst_hardware_u -0.08683666021224579 2.799999952316284 28.440000534057617 AB 8.852518855897337 1.0795754702313827
61497.2006 lsst_hardware_r 1.7073510591318963 24.860000610351562 31.510000228881836 AB 8.949069012448486 1.0913498795668888
61499.1807 lsst_hardware_i 85.54143546259972 31.889999389648438 31.25 AB 4.952750519186891 1.0809145611494742
61499.1997 lsst_hardware_z 3.7150450732254954 42.380001068115234 30.940000534057617 AB 4.954790343089171 1.0964351279240985
61501.1784 lsst_hardware_r 15.324434722030922 24.920000076293945 31.510000228881836 AB 15.015031433057636 1.0824764929030088
61501.1954 lsst_hardware_u -2.861587353918631 2.759999990463257 28.389999389648438 AB 15.14402643258634 1.0978705547764491
61503.1701 lsst_hardware_g 15.574408261420992 15.460000038146973 31.450000762939453 AB 9.181761234848128 1.081055090445227
61503.1881 lsst_hardware_r -23.992130589223258 24.600000381469727 31.5 AB 9.36483514837154 1.095622714053412
61505.1616 lsst_hardware_i 24.371386921272077 32.15999984741211 31.260000228881836 AB 5.2088498456028525 1.0798900892718675
61505.1779 lsst_hardware_z 40.01406471499262 42.790000915527344 30.950000762939453 AB 5.377940792955528 1.0904915430122732
61511.1575 lsst_hardware_r 34.03370538672601 59.75 31.6299991607666 AB 18.150807646936812 1.086874709397414
61511.1736 lsst_hardware_z -21.19729088326588 54.470001220703125 30.969999313354492 AB 18.805179499122637 1.1054717241268965
61513.1079 lsst_hardware_r -156.82644009791784 116.0 31.649999618530273 AB 12.314203820275896 1.0897525504668935
61513.1267 lsst_hardware_i -72.15218965739072 95.12000274658203 31.34000015258789 AB 12.73347422244456 1.07904702184435
61515.155 lsst_hardware_z -4.9778231472316286 105.29000091552734 31.0 AB 7.224488002730338 1.0952278542721217
61515.1726 lsst_hardware_i -184.09655576849298 126.47000122070312 31.329999923706055 AB 3.5863820296915354 1.1226154099620747
61520.1227 lsst_hardware_g 5.34384485180876 52.81999969482422 31.700000762939453 AB 14.468826944697739 1.080636854026096
61520.1387 lsst_hardware_r -39.397137250609646 52.11000061035156 31.6200008392334 AB 15.269099653971121 1.092281896450372
61522.1204 lsst_hardware_i -3.278656112453098 35.81999969482422 31.270000457763672 AB 4.813789065814467 1.0821151097705892
61522.1391 lsst_hardware_z 46.09193797898973 44.959999084472656 30.950000762939453 AB 5.016945506311125 1.0992029592063814
61526.1211 lsst_hardware_r 34.1694376653841 24.299999237060547 31.510000228881836 AB 10.590594601677038 1.0910265377230106
61526.1379 lsst_hardware_i -21.510625940074064 32.02000045776367 31.25 AB 10.37848568418204 1.1139897691388438
61530.1098 lsst_hardware_u -1.4374626491776497 2.809999942779541 28.459999084472656 AB 10.099052231316133 1.0906496523974367
61530.1274 lsst_hardware_g -14.943990005235685 15.239999771118164 31.440000534057617 AB 9.535108939611543 1.1147285038271568
61533.1101 lsst_hardware_z 11.232707855174112 42.560001373291016 30.950000762939453 AB 11.363845743846516 1.1005790686834824
61533.1278 lsst_hardware_u -4.684598227119085 2.819999933242798 28.459999084472656 AB 11.029055776189322 1.1315914201189474
61535.081 lsst_hardware_r 27.219424730484214 24.299999237060547 31.510000228881836 AB 7.857365001716337 1.0803471747169444
61535.0988 lsst_hardware_g 12.457063722120722 15.220000267028809 31.440000534057617 AB 8.218163525112443 1.0934225020107708
61543.0315 lsst_hardware_r 89.5186529658577 114.93000030517578 31.649999618530273 AB 7.906543115398933 1.0851320110342977
61543.0499 lsst_hardware_i -112.64513408575304 91.72000122070312 31.329999923706055 AB 9.00142316111996 1.078574489090568
61547.0409 lsst_hardware_z 76.4387622983135 81.47000122070312 31.719999313354492 AB 4.975787440864263 1.0786640644994636
61551.0016 lsst_hardware_r 20.270191479207284 24.540000915527344 31.510000228881836 AB 6.218310678212054 1.0923050639480143
61551.0208 lsst_hardware_g -1.2178054757813526 15.390000343322754 31.450000762939453 AB 6.148139501828878 1.0795521578839427
61555.0022 lsst_hardware_z 81.17448886223761 42.689998626708984 30.950000762939453 AB 10.306147071260186 1.0828628391132733
61555.0227 lsst_hardware_i 74.00460999864542 32.150001525878906 31.260000228881836 AB 10.320094662641008 1.0792349907336194
61559.9952 lsst_hardware_r 33.99815356054397 24.84000015258789 31.510000228881836 AB 11.662480634776884 1.0798593180348965
61560.0146 lsst_hardware_i -59.90372127042492 32.220001220703125 31.25 AB 12.174727838008945 1.0811169131320826
61561.9914 lsst_hardware_z 3.9445333551443924 42.66999816894531 30.950000762939453 AB 4.641352047972415 1.0793841972028873
61562.01 lsst_hardware_u 1.9909176617517714 2.8399999141693115 28.450000762939453 AB 4.759402867107291 1.0815186033420598
61570.9615 lsst_hardware_y 232.99503748386869 56.43000030517578 30.049999237060547 AB 14.024768333647552 1.0812959060661846
61570.9802 lsst_hardware_z 42.459594499216486 63.41999816894531 30.979999542236328 AB 13.963083948241959 1.0795364235942035
61572.9543 lsst_hardware_y -35.95921886923298 66.56999969482422 30.049999237060547 AB 7.069513301322341 1.0821649843208971
61572.9734 lsst_hardware_i -94.73514600687471 66.06999969482422 31.31999969482422 AB 7.662071429163275 1.0792029901283535
61574.954 lsst_hardware_y -55.521269542738246 65.27999877929688 30.049999237060547 AB 5.080661957695935 1.0799387741094892
61574.9742 lsst_hardware_i -21.427466994386915 63.599998474121094 31.31999969482422 AB 6.526100751906327 1.081375435278596
61576.9542 lsst_hardware_y -94.67107256814252 63.70000076293945 30.049999237060547 AB 4.82131257210543 1.0787140781083857
61576.9737 lsst_hardware_g -14.523069306170989 24.459999084472656 31.59000015258789 AB 5.673487599114498 1.084209497553642
61578.9552 lsst_hardware_y 28.408047774148145 61.849998474121094 30.049999237060547 AB 5.404030756843823 1.0788641958162952
61578.9744 lsst_hardware_i -41.34486735559543 32.849998474121094 31.260000228881836 AB 10.019170539754732 1.0891191977412926
