data/validation/pwv_sim_epoch_fit_seasonal/31596290.ecsv
# %ECSV 0.9
# ---
# datatype:
# - {name: time, datatype: float64}
# - {name: band, datatype: string}
# - {name: flux, datatype: float64}
# - {name: fluxerr, datatype: float64}
# - {name: zp, datatype: float64}
# - {name: zpsys, datatype: string}
# - {name: pwv, datatype: float64}
# - {name: airmass, datatype: float64}
# meta: {SNID: '31596290', alt: 1024.0, c: -0.132233664393425, dec: -46.964977, lat: -30.244573, lon: -70.7499537, ra: 8.804348, t0: 62284.5,
#   x0: 1.381791578521342e-05, x1: 0.7989913821220398, z: 0.40103405714035034}
# schema: astropy-2.0
time band flux fluxerr zp zpsys pwv airmass
[from data line 132]
62767.2858 lsst_hardware_u 1.7768837951387395 2.609999895095825 28.360000610351562 AB 1.8928775721137925 1.1079178063295416
62767.2979 lsst_hardware_r -19.973409045325365 22.579999923706055 31.469999313354492 AB 2.2838732943952564 1.1339048213795233
62772.2998 lsst_hardware_r 4.142775144926503 22.670000076293945 31.459999084472656 AB 4.415857887666711 1.1751595549543272
62772.3122 lsst_hardware_u 3.097760937857505 2.490000009536743 28.219999313354492 AB 4.609996761654412 1.2151823464514535
62774.3036 lsst_hardware_g -0.17979754845707824 13.300000190734863 31.329999923706055 AB 4.571613602575542 1.204403241144844
62774.3157 lsst_hardware_r -13.943299681182353 22.889999389648438 31.440000534057617 AB 4.690813055233842 1.248552849410229
62776.0329 lsst_hardware_z -6.50620659241381 46.459999084472656 30.90999984741211 AB 7.257350128740104 1.4561783357001479
62776.0748 lsst_hardware_u 7.291587074747438 6.150000095367432 29.920000076293945 AB 6.004249849060881 1.2414452287937312
62776.0993 lsst_hardware_g 17.264733344080515 22.049999237060547 32.189998626708984 AB 5.261746292828421 1.160978110431748
62783.1715 lsst_hardware_z -72.94436941080035 86.02999877929688 31.729999542236328 AB 3.366488362050962 1.043225398838362
62789.2398 lsst_hardware_r 32.38250874298185 55.689998626708984 31.6200008392334 AB 7.266703211189491 1.1386247588827896
62789.2504 lsst_hardware_i 9.670985645035074 48.65999984741211 31.290000915527344 AB 7.388712563779181 1.1665160346983996
62791.2845 lsst_hardware_r -13.11808245054277 43.52000045776367 31.549999237060547 AB 7.938291818052069 1.315012449152587
62791.2956 lsst_hardware_g -87.96035075643942 44.25 31.56999969482422 AB 7.444756114816765 1.3724528501958917
62796.1861 lsst_hardware_r 17.735579698881526 22.049999237060547 31.479999542236328 AB 3.0988737980883836 1.0746917974992374
62796.1964 lsst_hardware_z 1.455745739874255 41.56999969482422 30.950000762939453 AB 2.9772108805904822 1.089755080743222
62799.2204 lsst_hardware_u 0.5672153952704846 2.549999952316284 28.31999969482422 AB 5.1746121660781155 1.159014222654498
62799.2315 lsst_hardware_g -37.50561103491752 13.0600004196167 31.329999923706055 AB 5.32630057884032 1.1918327542718312
62801.2197 lsst_hardware_r 43.187773251102875 22.43000030517578 31.469999313354492 AB 3.547303162312497 1.1724684059869737
62801.2303 lsst_hardware_i -0.2542372026001403 31.31999969482422 31.229999542236328 AB 3.9059879182957857 1.2058309541701893
62803.2211 lsst_hardware_z -77.97792427313257 43.43000030517578 30.940000534057617 AB 3.9343922373440336 1.1935059115254927
62803.2321 lsst_hardware_r 4.284703160884552 22.920000076293945 31.469999313354492 AB 4.033330833313761 1.2316140770462132
62807.2073 lsst_hardware_r 20.096957369000577 23.25 31.469999313354492 AB 4.2195643015137865 1.1844391021793084
62807.2188 lsst_hardware_z -23.709758699114296 43.15999984741211 30.93000030517578 AB 5.403972859369357 1.2228949670444347
62809.1565 lsst_hardware_z -5.2056320102162115 48.27000045776367 30.959999084472656 AB 5.522953298245526 1.0829320192638288
62809.1683 lsst_hardware_i -82.52890690674302 44.2400016784668 31.290000915527344 AB 5.089139811047051 1.1025795791971202
62819.0744 lsst_hardware_i 38.48181982584238 29.940000534057617 31.25 AB 4.049109261448687 1.043226364165756
62819.0864 lsst_hardware_z 19.467251526847008 40.84000015258789 30.950000762939453 AB 3.1834673477069924 1.0451304490173974
62822.1508 lsst_hardware_u -0.11736584108923533 2.5299999713897705 28.299999237060547 AB 3.093913001270128 1.1413494425048891
62822.164 lsst_hardware_g 5.4397125172451455 13.1899995803833 31.350000381469727 AB 3.2385337445541476 1.1773275450527245
62825.0558 lsst_hardware_u 1.3248734560216546 2.609999895095825 28.399999618530273 AB 6.961369680933062 1.0432795415467233
62825.0676 lsst_hardware_g -7.291750814736421 13.25 31.399999618530273 AB 6.863790958026041 1.0444520859283855
62829.0623 lsst_hardware_g 10.521732593313601 13.260000228881836 31.399999618530273 AB 7.935597598232927 1.0462684712445627
62829.0743 lsst_hardware_r -24.474840340548575 22.040000915527344 31.479999542236328 AB 7.964415127274012 1.0528905557581953
62831.0578 lsst_hardware_i -27.14215241040608 29.950000762939453 31.25 AB 4.496804462454799 1.0466609812525716
62831.0693 lsst_hardware_z 2.6098201088224875 40.939998626708984 30.950000762939453 AB 4.5678208633023605 1.0532213196455604
62833.1 lsst_hardware_i -12.02712549924474 30.34000015258789 31.229999542236328 AB 4.17085024200673 1.0975921689491395
62833.1121 lsst_hardware_u 2.5775407648582873 2.559999942779541 28.329999923706055 AB 4.318867465633482 1.1212983467677922
62835.0989 lsst_hardware_g -3.3486312991660943 17.6200008392334 31.5 AB 5.588348820969922 1.1055820669288952
62835.1111 lsst_hardware_r 14.876794237748973 25.010000228881836 31.5 AB 5.662678743720316 1.131291328282952
