data/validation/pwv_sim_epoch_fit_seasonal/31755829.ecsv
# %ECSV 0.9
# ---
# datatype:
# - {name: time, datatype: float64}
# - {name: band, datatype: string}
# - {name: flux, datatype: float64}
# - {name: fluxerr, datatype: float64}
# - {name: zp, datatype: float64}
# - {name: zpsys, datatype: string}
# - {name: pwv, datatype: float64}
# - {name: airmass, datatype: float64}
# meta: {SNID: '31755829', alt: 1024.0, c: -0.019297214224934578, dec: 1.193748, lat: -30.244573, lon: -70.7499537, ra: 16.347656, t0: 60885.578125,
#   x0: 6.333806746028203e-06, x1: -0.03595137596130371, z: 0.5564548373222351}
# schema: astropy-2.0
time band flux fluxerr zp zpsys pwv airmass
[from data line 132]
61310.1769 lsst_hardware_i -12.496982314348639 140.27999877929688 31.309999465942383 AB 4.920780210649319 1.2336905091047934
61310.1966 lsst_hardware_z -7.845299472187203 114.83999633789062 30.979999542236328 AB 4.763132959905133 1.1948656977770213
61312.1762 lsst_hardware_z -6.487994985549803 108.0999984741211 31.719999313354492 AB 4.938362230148485 1.2223164630539542
61312.196 lsst_hardware_r -2.535972915166388 146.52000427246094 32.369998931884766 AB 4.7812283117316134 1.1884733561350653
61314.179 lsst_hardware_i 0.9508112760725591 45.75 31.270000457763672 AB 5.72229292449524 1.2056450723193288
61314.1977 lsst_hardware_r 15.121557264828342 50.4900016784668 31.59000015258789 AB 5.638218389710214 1.1812116251423204
61316.1796 lsst_hardware_u -4.980349939835224 2.7100000381469727 28.329999923706055 AB 3.411521050150992 1.1957662285842945
61316.1992 lsst_hardware_g 20.983879922139216 15.779999732971191 31.440000534057617 AB 3.415918324767205 1.1765505136969179
61318.1729 lsst_hardware_r 14.435069554611987 25.219999313354492 31.489999771118164 AB 7.511136654428497 1.1976300804297364
61318.1915 lsst_hardware_i 41.73306252155559 32.900001525878906 31.239999771118164 AB 7.395579031207522 1.1777962624349785
61322.1707 lsst_hardware_u 0.4243164880054659 2.740000009536743 28.350000381469727 AB 3.8448289010487664 1.1861874437623228
61322.188 lsst_hardware_g 37.158647208804524 15.819999694824219 31.43000030517578 AB 3.8444224095836774 1.17458674292214
61324.1418 lsst_hardware_g -28.371755799194222 15.8100004196167 31.420000076293945 AB 5.445009106451973 1.2260772588272852
61324.1608 lsst_hardware_r 49.313367086274376 25.260000228881836 31.489999771118164 AB 5.341621294417883 1.1915282833855432
61327.1435 lsst_hardware_i 1.5167391326095965 33.130001068115234 31.229999542236328 AB 10.065621825581891 1.2056562116404683
61327.1607 lsst_hardware_r -30.637300996077816 25.139999389648438 31.489999771118164 AB 9.881217479570624 1.1825296169902615
61329.1407 lsst_hardware_u -3.05219753022895 2.940000057220459 28.43000030517578 AB 9.402450265652785 1.2010794463256698
61329.1588 lsst_hardware_g 3.4883121030728703 16.510000228881836 31.450000762939453 AB 9.259804300045865 1.1795929044644413
61331.1385 lsst_hardware_r -16.809560645575772 30.829999923706055 31.540000915527344 AB 7.3237861250688265 1.1959805331885702
61331.1574 lsst_hardware_i -0.2746469725279664 35.459999084472656 31.25 AB 7.205744709756097 1.1769925750288999
61333.1369 lsst_hardware_z -86.45940316099957 48.40999984741211 30.950000762939453 AB 4.026000154443544 1.1906546198076848
61333.1539 lsst_hardware_r 60.096020316023896 44.029998779296875 31.59000015258789 AB 3.868322036894192 1.1760200760725614
61336.1459 lsst_hardware_z -103.15367447321039 102.44000244140625 31.729999542236328 AB 5.587159866008065 1.175934725810695
61341.1095 lsst_hardware_i -74.9040794069477 69.44000244140625 31.309999465942383 AB 4.442670732622501 1.1985622480095337
61341.1258 lsst_hardware_r -29.51887764306033 84.08000183105469 31.6299991607666 AB 3.5097085738553018 1.1797670211004123
61344.1071 lsst_hardware_u 0.652774204011771 2.869999885559082 28.469999313354492 AB 5.980937386015333 1.1903547389819076
61344.1237 lsst_hardware_g 0.0179309332067099 15.479999542236328 31.440000534057617 AB 5.863417219032201 1.1760941167450008
61359.09 lsst_hardware_i -8.303212082859345 33.380001068115234 31.239999771118164 AB 4.930907188859412 1.1740255211570028
61359.1086 lsst_hardware_r 5.541801985705988 26.290000915527344 31.5 AB 4.956527732922752 1.1801256506958933
61361.072 lsst_hardware_z -199.6590555407708 64.2300033569336 31.690000534057617 AB 4.351152413903034 1.1791740959086814
61364.0631 lsst_hardware_z -77.64547211791105 63.68000030517578 30.969999313354492 AB 7.6995339134656415 1.1796888058322506
61364.084 lsst_hardware_r 98.04952254288641 77.91999816894531 31.6200008392334 AB 6.769485674419292 1.1745442308353071
61368.0651 lsst_hardware_i -6.080629048823344 88.79000091552734 31.309999465942383 AB 8.8946967693441 1.174062403556443
61368.0842 lsst_hardware_z 9.556529322224295 77.56999969482422 30.969999313354492 AB 9.324831425234102 1.1802588083581036
61370.0631 lsst_hardware_g 19.58867108183267 45.630001068115234 31.639999389648438 AB 5.0489497001269825 1.1739013485531231
61370.0832 lsst_hardware_r 110.80976674882419 60.130001068115234 31.600000381469727 AB 5.141131541982145 1.1842287028520395
61374.0307 lsst_hardware_z 21.677247510266064 50.790000915527344 30.950000762939453 AB 6.614855413712271 1.1841139830023757
61374.0505 lsst_hardware_u 0.9641162881090479 2.8499999046325684 28.420000076293945 AB 5.84577086112474 1.1739085016567308
61376.0321 lsst_hardware_y -2.6601123466772716 53.59000015258789 30.010000228881836 AB 8.189810590011579 1.1784465331686542
61376.0508 lsst_hardware_r -20.087451812054674 24.799999237060547 31.489999771118164 AB 7.390546283460732 1.1744385862426674
61379.0327 lsst_hardware_y 114.4583804277384 55.560001373291016 30.020000457763672 AB 2.574592703652211 1.1744958161500296
61379.0524 lsst_hardware_z 3.0602989080189853 43.720001220703125 30.940000534057617 AB 1.7265783133686778 1.178954123160086
61381.0327 lsst_hardware_y 44.25041344826933 57.75 30.020000457763672 AB 6.3913371580972145 1.1738891237034756
61381.0524 lsst_hardware_u 0.5706427048694188 2.869999885559082 28.40999984741211 AB 5.32179979875941 1.1834769108263319
61383.0348 lsst_hardware_y 14.354758622590905 57.77000045776367 30.010000228881836 AB 5.854162480335235 1.1753772882483713
61383.0538 lsst_hardware_r -1.1341693840465232 25.040000915527344 31.489999771118164 AB 6.409689633331094 1.1912445112125685
