data/validation/pwv_sim_epoch_fit_seasonal/31800323.ecsv
# %ECSV 0.9
# ---
# datatype:
# - {name: time, datatype: float64}
# - {name: band, datatype: string}
# - {name: flux, datatype: float64}
# - {name: fluxerr, datatype: float64}
# - {name: zp, datatype: float64}
# - {name: zpsys, datatype: string}
# - {name: pwv, datatype: float64}
# - {name: airmass, datatype: float64}
# meta: {SNID: '31800323', alt: 1024.0, c: 0.0926130935549736, dec: -44.597992, lat: -30.244573, lon: -70.7499537, ra: 321.880157, t0: 61617.48046875,
#   x0: 1.646646700937891e-05, x1: 0.1767590045928955, z: 0.3729763329029083}
# schema: astropy-2.0
time band flux fluxerr zp zpsys pwv airmass
61546.3958 lsst_hardware_i -50.03134853837393 69.45999908447266 31.329999923706055 AB 7.498021977599257 1.0456763095459531
61546.406 lsst_hardware_y 7.456281060499892 53.779998779296875 30.059999465942383 AB 7.399606347144227 1.0382498031632141
61550.4208 lsst_hardware_y 25.994890120943996 77.76000213623047 30.809999465942383 AB 8.765179919256811 1.0317944598452216
61552.4124 lsst_hardware_i 86.97503595369697 48.36000061035156 31.309999465942383 AB 5.1229479575319035 1.0316564381074165
61552.4245 lsst_hardware_z -2.3922475023130803 51.290000915527344 30.969999313354492 AB 4.374490034809756 1.0336696679607174
61554.4206 lsst_hardware_r -28.483166686949517 31.510000228881836 31.579999923706055 AB 8.172655658981485 1.0342079123020127
61554.4324 lsst_hardware_y -50.82008491959363 55.029998779296875 30.059999465942383 AB 8.276832205799005 1.040369406184119
61559.3885 lsst_hardware_i 22.731483903669357 30.31999969482422 31.25 AB 11.120242365459728 1.0319133625036092
61559.4006 lsst_hardware_z -24.5148235600757 41.0 30.950000762939453 AB 11.098973661957897 1.0324146469427373
61561.3984 lsst_hardware_r -1.1904678590136148 22.469999313354492 31.5 AB 4.752731795586478 1.0332025642579301
61561.4108 lsst_hardware_u -0.2220378571892746 2.759999990463257 28.5 AB 4.778290407381244 1.0387587842133141
61563.3967 lsst_hardware_g -26.392385814386184 13.890000343322754 31.43000030517578 AB 1.1635923263933419 1.0344575430968102
61563.4092 lsst_hardware_r -32.387958766221296 22.600000381469727 31.5 AB 1.171317264097304 1.0413251718156982
61576.3407 lsst_hardware_r 83.07964591476177 115.80999755859375 31.65999984741211 AB 3.8187647021096263 1.0320985681377368
61576.3527 lsst_hardware_z 29.819898281439684 77.4000015258789 31.0 AB 3.8189379769323706 1.0321453991709109
61578.3733 lsst_hardware_i 29.116408162033288 76.73999786376953 31.329999923706055 AB 2.1862321145371033 1.0452938630347652
61578.3879 lsst_hardware_z 37.01881950241904 68.33999633789062 30.979999542236328 AB 2.227634585921728 1.060778374248442
61587.346 lsst_hardware_i 8.599594204155833 30.469999313354492 31.25 AB 8.994323684157894 1.0430620067445082
61587.3563 lsst_hardware_z 7.126129903369535 41.29999923706055 30.950000762939453 AB 9.07102242856273 1.0525670026180933
61589.3457 lsst_hardware_r 17.82832139906219 22.670000076293945 31.5 AB 6.85454236215064 1.0474545174435326
61589.3585 lsst_hardware_u 0.6453097266133677 2.690000057220459 28.43000030517578 AB 6.936929961690382 1.0615854253103345
61591.3423 lsst_hardware_g 8.910675994100753 13.910718620776052 31.40999984741211 AB 4.737056711034839 1.0494144242434773
61591.3541 lsst_hardware_i 8.467573945639689 30.792011447124406 31.239999771118164 AB 4.854930510183746 1.0629682915305723
61593.3684 lsst_hardware_r 22.247388216941605 24.181424479329877 31.489999771118164 AB 1.7041116363922748 1.095070131557709
61593.3804 lsst_hardware_u 2.292836220325529 2.7300943293778213 28.399999618530273 AB 1.7012827281945764 1.1208626736762815
61596.1411 lsst_hardware_r 255.1438822913046 32.60913923240992 31.459999084472656 AB 12.65779761102998 1.4059793336575501
61596.149 lsst_hardware_u 1.217326058361082 3.4143622554711732 28.360000610351562 AB 12.280073706377598 1.3591419128638975
61600.2972 lsst_hardware_z 858.7202087380628 56.13930078394489 30.969999313354492 AB 6.302005325029922 1.0350669828414096
61600.3093 lsst_hardware_r 1449.718799734831 59.46629147057813 31.6299991607666 AB 6.309892439099984 1.0421392194723127
61605.4026 lsst_hardware_r 3440.979413785562 150.78349641374385 31.59000015258789 AB 3.683384256708178 1.3178476768186682
61605.4136 lsst_hardware_z 1764.4605783675227 105.91330608478538 30.950000762939453 AB 3.734831440725511 1.377954720636622
61608.2396 lsst_hardware_r 4651.991544972964 103.42784856379801 31.649999618530273 AB 5.248907210032984 1.0366675969058028
61608.2512 lsst_hardware_z 2423.216861688286 76.28623775715585 30.979999542236328 AB 5.07991277081208 1.03248510780212
61611.2288 lsst_hardware_r 5305.248286013764 83.73108457415492 31.610000610351562 AB 5.635841726314138 1.0380994154197485
61611.2412 lsst_hardware_y 1106.2668553695908 56.187969900327055 30.049999237060547 AB 5.637854641518538 1.0329051695174345
61612.2317 lsst_hardware_g 3057.3868643458795 60.02305545367836 31.6200008392334 AB 10.53716250369095 1.0352372651855333
61612.2433 lsst_hardware_r 5528.0057826065395 80.64728928045925 31.579999923706055 AB 10.348050392938084 1.0319757059001322
61617.2179 lsst_hardware_r 5685.645448423946 78.02974382865928 31.5 AB 3.312967882741169 1.0353024633566152
61617.2311 lsst_hardware_i 4587.613232518571 74.51264169048909 31.25 AB 3.301810309504747 1.0318157217202333
61619.2228 lsst_hardware_z 3167.3011588110244 69.20512174665119 30.950000762939453 AB 1.8301431176674037 1.0321811069233842
61619.2352 lsst_hardware_r 5597.782693309932 77.41022289874778 31.5 AB 1.8486327601968873 1.0321310716215812
61622.2098 lsst_hardware_u 8.031922971942098 3.7080923775420938 28.40999984741211 AB 1.0428383473433973 1.0332805026934826
61622.2212 lsst_hardware_g 1937.574435921667 46.22613269701533 31.420000076293945 AB 1.0431335517896392 1.0316563746219698
61626.2144 lsst_hardware_r 4600.694474767297 72.53454440368444 31.540000915527344 AB 3.4909296079473404 1.0319035199371387
61626.2261 lsst_hardware_y 781.3603590610703 54.20827456397547 30.049999237060547 AB 3.5126047967138083 1.0350216712232216
61627.2057 lsst_hardware_z 2625.4169562271736 67.74619508704052 30.959999084472656 AB 4.286329097452244 1.031690251312318
61627.2174 lsst_hardware_r 4648.378391331908 75.59800212084419 31.59000015258789 AB 4.761275260536009 1.0329826458829547
61649.1392 lsst_hardware_z 1544.5136574599587 56.94234686224652 30.950000762939453 AB 1.3422548782707429 1.032503752515956
61649.1508 lsst_hardware_i 1841.6324321232014 52.64363047490302 31.25 AB 1.3413725982515352 1.031825075578104
61651.1369 lsst_hardware_u -3.3757854758486054 2.9814573035157634 28.469999313354492 AB 1.444760319469997 1.0319716567642836
61651.1489 lsst_hardware_g 221.75290296010976 20.134113427705863 31.420000076293945 AB 1.4452489109808653 1.0323206507006182
61653.1336 lsst_hardware_r 794.5259425553294 36.932788206779406 31.489999771118164 AB 1.45529454690774 1.0317579205301242
61653.1451 lsst_hardware_i 1550.8551232747368 50.53433294642313 31.25 AB 1.5655203970474714 1.0326651695563795
61655.1203 lsst_hardware_i 1593.93588799045 51.639494463932365 31.270000457763672 AB 1.7103232390676903 1.0331158194308006
61655.1317 lsst_hardware_z 1436.197959645371 56.28714505139121 30.950000762939453 AB 2.1422644412362777 1.0316708120569602
61672.1477 lsst_hardware_u -1.2943829426866569 2.6362090445759065 28.3700008392334 AB 3.8099082350550075 1.0857790586044778
61672.1599 lsst_hardware_r 418.47771140000873 30.352203173065643 31.469999313354492 AB 3.896344312903217 1.1099378458121925
61680.0579 lsst_hardware_r 372.5895551497012 29.657579313752745 31.5 AB 5.006526713959995 1.0319543881192035
61680.0701 lsst_hardware_u 0.55453442427243 2.77772500167811 28.420000076293945 AB 4.998880133060779 1.032399862259624
61684.0506 lsst_hardware_i 689.2137594282615 41.6348087731435 31.270000457763672 AB 3.8948591343006056 1.031682440712696
61684.0612 lsst_hardware_z 444.72999768545384 47.87661580630855 30.950000762939453 AB 3.9051173020791414 1.0328493448447462
61686.0516 lsst_hardware_r 331.6576874748306 49.33441726339765 31.6200008392334 AB 4.954849591199649 1.0320453220578314
61686.0635 lsst_hardware_z 542.4576443453277 52.33338631785049 30.959999084472656 AB 5.174737048116369 1.035568750873798
61688.0485 lsst_hardware_z 71.91797911460826 56.650001525878906 30.979999542236328 AB 2.50369065415279 1.0324497542898103
61688.0604 lsst_hardware_i -67.87547199473431 58.65999984741211 31.31999969482422 AB 2.523702243776963 1.0367118624306297
61689.1319 lsst_hardware_r 82.9592555832001 77.41999816894531 31.6200008392334 AB 5.176994758538792 1.1566118763491493
61689.143 lsst_hardware_z 76.8800401903603 62.58000183105469 30.959999084472656 AB 5.327678904514564 1.1914302432757131
61694.0824 lsst_hardware_g 12.316494758438823 88.56999969482422 31.709999084472656 AB 8.890805380796666 1.0769336674765346
61694.094 lsst_hardware_r 59.670258037015806 79.0999984741211 31.6299991607666 AB 8.528610235663816 1.0977745186850651
61700.0766 lsst_hardware_g 5.930743963325679 14.069999694824219 31.40999984741211 AB 4.289219164826451 1.0957725874545987
61700.0878 lsst_hardware_i 38.27329968693329 31.149999618530273 31.229999542236328 AB 4.868434257462391 1.1198238660063002
61702.0818 lsst_hardware_z 123.08460899915478 42.400001525878906 30.940000534057617 AB 4.068220880187643 1.118564993177923
61702.0925 lsst_hardware_r -13.712601464920986 23.329999923706055 31.479999542236328 AB 3.5514371537732385 1.145624888313948
61918.3665 lsst_hardware_i 9.663924388280378 43.369998931884766 32.0099983215332 AB 9.605573532426439 1.056767200450277
61918.3835 lsst_hardware_y 8.476373778611613 66.6500015258789 30.799999237060547 AB 9.73628043739501 1.0408681245878548
61926.4018 lsst_hardware_z -36.179241036727376 40.970001220703125 30.940000534057617 AB 4.756590681403484 1.0340414524790182
61926.4153 lsst_hardware_r 15.893272666667016 22.5 31.489999771118164 AB 4.789778142579427 1.0412561179520494
61928.399 lsst_hardware_y -5.063735638679579 74.38999938964844 30.799999237060547 AB 1.156787515473897 1.0350794262684453
61947.3109 lsst_hardware_r 15.615351454960226 22.43000030517578 31.479999542236328 AB 5.74878420828608 1.0368444780027197
61947.3233 lsst_hardware_i 54.1828470559847 30.209999084472656 31.239999771118164 AB 5.68684802611758 1.0323768768480674
61950.1594 lsst_hardware_i 5.013926014286674 34.38999938964844 31.18000030517578 AB 7.085159055774376 1.4905664212709064
61950.1756 lsst_hardware_z -27.827146902167183 46.439998626708984 30.90999984741211 AB 7.924517876900081 1.3830477554690381
61958.3592 lsst_hardware_i -79.52045263055511 88.2699966430664 31.329999923706055 AB 1.6703663177331218 1.0774239847773308
61958.3714 lsst_hardware_r -50.61984462327716 112.48999786376953 31.649999618530273 AB 1.6977753952536712 1.09959546324727
61960.2941 lsst_hardware_z -29.196215252248315 113.95999908447266 31.75 AB 1.7692813110136303 1.0316509102120917
61962.3014 lsst_hardware_r -119.63639796155248 83.37000274658203 31.65999984741211 AB 8.866115464394502 1.03334679072197
61962.3135 lsst_hardware_i -40.511731152542 67.75 31.329999923706055 AB 8.867577483624794 1.0389054517749348
61964.2358 lsst_hardware_r -63.18548644910947 52.88999938964844 31.6299991607666 AB 7.2996721375129505 1.063162268790182
61964.2477 lsst_hardware_i -10.127398638775784 47.279998779296875 31.309999465942383 AB 7.166372012736232 1.0494540680567215
61965.3049 lsst_hardware_z 55.84496606651383 64.87000274658203 31.709999084472656 AB 6.304369566286322 1.038653909351456
61974.3185 lsst_hardware_g -14.308047496221992 14.100000381469727 31.399999618530273 AB 5.2115687709622724 1.0823985816668502
61974.3301 lsst_hardware_r -6.524812340557437 23.18000030517578 31.479999542236328 AB 5.2703293543089496 1.1045049292998146
61976.2362 lsst_hardware_r -34.316190931766194 22.889999389648438 31.489999771118164 AB 5.646982159058024 1.0347669905278343
61976.2487 lsst_hardware_i 22.253108262551983 30.420000076293945 31.25 AB 5.630507390295464 1.031748113114749
61978.2194 lsst_hardware_i -10.697151083755047 30.459999084472656 31.239999771118164 AB 2.381982300531097 1.041076180302053
61978.2314 lsst_hardware_z -98.49766864730664 40.900001525878906 30.940000534057617 AB 2.323498802965625 1.034505255105004
61979.2373 lsst_hardware_g -20.802697244806584 14.180000305175781 31.43000030517578 AB 2.618007316613765 1.0321337735516518
61979.2485 lsst_hardware_r -13.983069146427944 22.889999389648438 31.489999771118164 AB 2.6443858668672533 1.0319554602408794
61981.2174 lsst_hardware_r 15.567516289894495 27.809999465942383 31.540000915527344 AB 4.667430233740424 1.037206718608983
61981.2284 lsst_hardware_i 15.382279443901071 32.939998626708984 31.260000228881836 AB 4.6478037042257245 1.0328452676057165
61990.214 lsst_hardware_z 82.82421836498241 69.29000091552734 30.989999771118164 AB 3.1980722725481545 1.0316362169510176
61990.225 lsst_hardware_r 45.41650099903529 101.05000305175781 31.65999984741211 AB 3.203426777730015 1.0333634766871016
61992.2149 lsst_hardware_i 106.81311228203282 53.7400016784668 31.31999969482422 AB 4.751705547949962 1.0322501597675473
61992.2249 lsst_hardware_z -30.185134695451982 52.9900016784668 30.979999542236328 AB 4.759782943050686 1.03535438426248
61994.1951 lsst_hardware_z -33.096712422167684 45.36000061035156 30.959999084472656 AB 2.807325415270129 1.0323579609966151
61994.2061 lsst_hardware_i 42.6610291678067 40.11000061035156 31.290000915527344 AB 2.788345237007223 1.0317969362017538
61995.1501 lsst_hardware_r 21.015600158620458 23.110000610351562 31.5 AB 3.5046351201526544 1.064591470277234
61995.1619 lsst_hardware_u -1.0853678616735143 2.690000057220459 28.420000076293945 AB 3.5426873769330687 1.0506190323051805
61997.2404 lsst_hardware_r -4.3208583763235 23.010000228881836 31.5 AB 4.590630421130457 1.0597838602071084
61997.252 lsst_hardware_i 16.44171016456941 31.200000762939453 31.25 AB 5.058451495717968 1.076266275684674
62011.1327 lsst_hardware_y -68.82121458792483 48.31999969482422 30.049999237060547 AB 5.401908106527727 1.0388284820245628
62011.143 lsst_hardware_r -30.105402447264186 41.38999938964844 31.610000610351562 AB 5.376221324305425 1.0338887162125818
62016.1303 lsst_hardware_r 257.68299227560715 114.69000244140625 31.65999984741211 AB 1.447004698261925 1.0335747844728036
62016.1423 lsst_hardware_z 23.644567316440572 78.54000091552734 31.0 AB 1.4442930209783857 1.0316378721274184
62020.1141 lsst_hardware_i -44.53602235233937 60.09000015258789 31.329999923706055 AB 1.5979659247757536 1.0356227639505857
62020.1255 lsst_hardware_z 51.148321870660084 56.41999816894531 30.979999542236328 AB 2.0851362651585887 1.0321179384524632
62031.1943 lsst_hardware_i 11.809810999189752 31.290000915527344 31.229999542236328 AB 1.402253560351245 1.1534061775456514
62031.2064 lsst_hardware_u 2.3436968412680415 2.549999952316284 28.270000457763672 AB 1.4614130486099643 1.1910456793886235
62033.1466 lsst_hardware_r -0.8479766379449428 22.719999313354492 31.489999771118164 AB 7.6220415433243485 1.0656968578273738
62033.1586 lsst_hardware_u -3.2371115148762106 2.680000066757202 28.420000076293945 AB 7.794927232595944 1.0844738941386607
62035.1479 lsst_hardware_g 1.8973062476187301 13.970000267028809 31.420000076293945 AB 3.6390021785867632 1.0757261206838735
62035.1596 lsst_hardware_r 8.50254157068097 23.0 31.5 AB 3.7131588740565586 1.0964861207441177
62037.1489 lsst_hardware_i -1.1745202193724003 30.729999542236328 31.239999771118164 AB 3.832947988180778 1.08664184129106
62037.161 lsst_hardware_z -29.921351505686403 42.119998931884766 30.940000534057617 AB 3.9016363304044837 1.1107861438873974
62039.1459 lsst_hardware_r 1.0459860284189915 32.540000915527344 31.559999465942383 AB 3.147978510603164 1.0911537298451175
62039.1571 lsst_hardware_g -2.853962019132766 26.969999313354492 31.600000381469727 AB 3.1760425093166895 1.1142705564204716
62041.1561 lsst_hardware_r 79.25905466227377 55.439998626708984 31.6200008392334 AB 4.838992247630189 1.1247149271061279
62041.1687 lsst_hardware_i 13.826232924083206 50.900001525878906 31.290000915527344 AB 5.2100739374172385 1.1583304724225452
62043.0509 lsst_hardware_z 5.90088858270258 61.470001220703125 30.989999771118164 AB 3.854858225741438 1.0358113416981405
62043.063 lsst_hardware_i 6.05377325548613 66.5999984741211 31.329999923706055 AB 3.825647037769409 1.0320758178375402
62044.0553 lsst_hardware_z 7.1447201877443485 61.400001525878906 30.989999771118164 AB 5.943856775813656 1.0331452433407877
62044.068 lsst_hardware_r 52.540955685495376 81.91000366210938 31.65999984741211 AB 5.895268167141715 1.031693422862739
62050.0523 lsst_hardware_z -17.17067931938172 47.97999954223633 30.969999313354492 AB 4.698008818619519 1.0317357677873107
62050.0626 lsst_hardware_r -129.63966836137172 48.61000061035156 31.6299991607666 AB 4.637767137594035 1.0338312834583225
62052.0533 lsst_hardware_u 2.6202562673053866 2.7799999713897705 28.520000457763672 AB 3.108506102495509 1.0327262798988404
62052.066 lsst_hardware_r 0.8022599728323672 22.729999542236328 31.510000228881836 AB 3.2879612904098634 1.0378665689425073
62054.1379 lsst_hardware_z -8.080645490034051 43.130001068115234 30.940000534057617 AB 5.198993111433114 1.1725288929710418
62054.149 lsst_hardware_i -7.619463231565852 31.969999313354492 31.229999542236328 AB 5.359952594354041 1.2100126257101456
62057.132 lsst_hardware_r 7.542552320421904 23.31999969482422 31.479999542236328 AB 9.897767885069534 1.179803864240647
62057.143 lsst_hardware_i -23.837934806039993 32.060001373291016 31.229999542236328 AB 10.144842117658579 1.2181119212717926
62064.0853 lsst_hardware_z -3.4847853139294425 42.279998779296875 30.950000762939453 AB 3.02584300204794 1.1065097066760712
62064.0965 lsst_hardware_r -23.064718860701255 23.34000015258789 31.489999771118164 AB 3.048318653773639 1.1326776233250864
62067.0792 lsst_hardware_i 43.80993322887462 32.83000183105469 31.25 AB 4.002009025560648 1.1110519226988085
62067.0909 lsst_hardware_z 29.316261033286263 43.43000030517578 30.940000534057617 AB 3.5321528023401485 1.1394041297871447
