data/validation/pwv_sim_epoch_fit_seasonal/31887706.ecsv
# %ECSV 0.9
# ---
# datatype:
# - {name: time, datatype: float64}
# - {name: band, datatype: string}
# - {name: flux, datatype: float64}
# - {name: fluxerr, datatype: float64}
# - {name: zp, datatype: float64}
# - {name: zpsys, datatype: string}
# - {name: pwv, datatype: float64}
# - {name: airmass, datatype: float64}
# meta: {SNID: '31887706', alt: 1024.0, c: -0.01901983842253685, dec: -52.416012, lat: -30.244573, lon: -70.7499537, ra: 174.430695, t0: 62947.24609375,
#   x0: 3.2737115462436993e-06, x1: 0.2712646424770355, z: 0.7293921113014221}
# schema: astropy-2.0
time band flux fluxerr zp zpsys pwv airmass
62879.361 lsst_hardware_y 137.5864988120937 54.91999816894531 30.049999237060547 AB 4.517281856185283 1.0819836781282115
62883.3543 lsst_hardware_r -38.56609658304892 30.84000015258789 31.56999969482422 AB 2.4871227307209507 1.081357709009109
62883.3673 lsst_hardware_y -101.27418774282066 59.08000183105469 30.049999237060547 AB 2.4889454822715233 1.0821502096832711
62885.3576 lsst_hardware_r -14.91594234000162 24.09000015258789 31.510000228881836 AB 6.663115061466359 1.0814404449469288
62885.3696 lsst_hardware_y 2.2512269665250204 65.7300033569336 30.049999237060547 AB 6.697180513797951 1.0845929197221977
62889.3612 lsst_hardware_u -0.29364871537554577 3.2200000286102295 28.56999969482422 AB 10.283551951596213 1.0857077046581969
62889.3749 lsst_hardware_y 26.74095498184139 68.22000122070312 30.049999237060547 AB 10.291575696520288 1.0945282706144785
62891.3357 lsst_hardware_g 10.203945846646771 13.350000381469727 31.40999984741211 AB 10.422533477184817 1.0811756719071386
62891.349 lsst_hardware_r 1.6638968518885515 22.219999313354492 31.489999771118164 AB 10.47976258173155 1.0830863059235087
62893.3391 lsst_hardware_z -17.046519749069393 41.560001373291016 30.950000762939453 AB 11.886156300911923 1.081969502768325
62893.3512 lsst_hardware_u 1.7911643441131684 2.7100000381469727 28.440000534057617 AB 11.904081804443837 1.0861553677316087
62895.3382 lsst_hardware_g -20.870007728193805 13.289999961853027 31.40999984741211 AB 12.528154400792133 1.08312574070249
62895.3497 lsst_hardware_r 14.178779705537117 22.219999313354492 31.489999771118164 AB 12.532828732982331 1.0883127925015412
62897.3404 lsst_hardware_i 28.023899792573626 30.459999084472656 31.25 AB 12.577495512706697 1.0862176765201896
62897.3518 lsst_hardware_z 28.584169957419363 41.779998779296875 30.950000762939453 AB 12.659820796397364 1.093524200516598
62906.2602 lsst_hardware_i -66.33433868540054 68.31999969482422 31.31999969482422 AB 5.801727974152615 1.096510413586244
62906.272 lsst_hardware_z 53.5274157483015 61.93000030517578 30.979999542236328 AB 5.740683793449141 1.0879375477161985
62908.3197 lsst_hardware_z -15.256643387104061 56.81999969482422 30.969999313354492 AB 4.058824575886772 1.0919624901497906
62908.3264 lsst_hardware_r 168.94166534822386 71.06999969482422 31.639999389648438 AB 4.236129273248672 1.0974428169038009
62910.2999 lsst_hardware_r 20.278624438338984 50.59000015258789 31.6200008392334 AB 6.179041638789667 1.084042392770117
62910.3108 lsst_hardware_i 37.95681669400055 46.2400016784668 31.299999237060547 AB 6.210688753262668 1.0895945181162574
62912.2964 lsst_hardware_z 113.13291018295088 60.9900016784668 31.700000762939453 AB 4.3826930934586015 1.0848250231333172
62917.2689 lsst_hardware_r 6.9042603496572745 22.07631368448216 31.489999771118164 AB 2.9779834253163187 1.0813302197953227
62917.2808 lsst_hardware_i 33.23283429427786 30.524348630952314 31.25 AB 2.9354326539108246 1.0840521895405273
62919.2696 lsst_hardware_z 48.36960320408444 41.75127478679457 30.950000762939453 AB 10.134283402418433 1.0823082405153048
62919.2817 lsst_hardware_i 44.15112337246547 30.813587270202763 31.239999771118164 AB 10.360130083626972 1.0869359579947513
62921.272 lsst_hardware_u 4.097042582785458 2.784481522871661 28.40999984741211 AB 10.715242924800048 1.0849047848261946
62921.2821 lsst_hardware_g 11.043807601302971 13.60859844869935 31.3799991607666 AB 10.782077650187457 1.0904848064648627
62923.2563 lsst_hardware_g 37.790393383429915 14.100951178509312 31.3799991607666 AB 7.022119520223724 1.081823990174661
62923.2676 lsst_hardware_r 81.50767432629986 24.201333480890856 31.479999542236328 AB 7.035024364827255 1.0853727484948195
62925.2685 lsst_hardware_z 120.2486530029408 43.27031660323457 30.940000534057617 AB 5.961681425863485 1.0887590112370158
62925.2798 lsst_hardware_u 5.412981696930507 2.914117362836843 28.360000610351562 AB 5.987892903466504 1.0972865866715236
62927.2532 lsst_hardware_r 264.83696901096926 27.40263452937712 31.469999313354492 AB 3.7475726046937936 1.0839488829619535
62927.2656 lsst_hardware_g 60.1995541205737 15.208058597427263 31.360000610351562 AB 3.8124326413007346 1.0904088019737062
62932.2504 lsst_hardware_z 402.6292404444469 60.41168231263979 30.969999313354492 AB 10.549166025664857 1.0893959855078108
62932.2632 lsst_hardware_i 701.1128183985849 66.0773106950067 31.309999465942383 AB 10.651776619830372 1.0996328237952897
62935.2526 lsst_hardware_z 897.9151712344805 104.23085394353396 31.739999771118164 AB 10.362619327776564 1.0973863526185164
62937.2468 lsst_hardware_r 896.111407457935 82.40181486240785 31.639999389648438 AB 8.118413917016168 1.0970829617589417
62937.2597 lsst_hardware_i 1092.7429416349723 70.43964834404134 31.309999465942383 AB 8.882089734336185 1.1107934719973518
62939.2571 lsst_hardware_z 1335.868536626335 77.94625519311225 31.709999084472656 AB 12.133380702391287 1.114440741442303
62943.2054 lsst_hardware_r 1006.5932720527111 37.633928668594756 31.5 AB 7.433885319188071 1.0826572143096451
62943.2186 lsst_hardware_i 1099.3262361880907 45.39613045790669 31.25 AB 6.421074443900685 1.0883177023560482
62946.2031 lsst_hardware_z 778.1300042437855 49.533354234957436 30.950000762939453 AB 5.74866385812411 1.0846535581366246
62946.216 lsst_hardware_i 1182.066987966821 45.74634918756298 31.25 AB 6.212355621685146 1.0920263009436872
62948.2018 lsst_hardware_u -2.003463398982063 2.8738773233881068 28.549999237060547 AB 7.447141193188956 1.086579054267949
62948.2153 lsst_hardware_g 175.94352966379066 18.083559452752382 31.420000076293945 AB 7.038654775340132 1.095808940231212
62950.1977 lsst_hardware_r 766.2074912686577 36.08239746085949 31.5 AB 7.56264431261289 1.0873028425250666
62950.2095 lsst_hardware_i 1130.230171209313 45.143734741497624 31.25 AB 7.796460919152844 1.0955214406304161
62952.1902 lsst_hardware_z 751.4009512003136 49.20498649362458 30.950000762939453 AB 7.34623085678165 1.0862384824458877
62952.2006 lsst_hardware_u -1.9005462625561262 2.80913843621743 28.510000228881836 AB 7.322603463416708 1.0927627911381448
62954.1881 lsst_hardware_g 94.68046963888696 16.679146855392524 31.420000076293945 AB 7.127281347042976 1.0880514994340853
62954.1997 lsst_hardware_r 709.3097797875223 34.54315437235596 31.5 AB 7.229888201828808 1.0964897935133004
62956.1857 lsst_hardware_i 1046.1527031142448 43.567018624065774 31.25 AB 5.1249382047117065 1.0899485760765428
62956.1975 lsst_hardware_z 630.8689691716878 48.946583869344245 30.950000762939453 AB 5.272391560328891 1.0994838510348441
62958.1853 lsst_hardware_i 945.6307784232787 50.131973903337354 31.280000686645508 AB 8.967544268895866 1.0936029596214472
62958.1971 lsst_hardware_z 591.0337525579838 52.277294336634334 30.959999084472656 AB 9.058385780160494 1.1046811927024993
62960.1502 lsst_hardware_z 1137.168539777208 81.00569595554306 31.709999084472656 AB 6.425190439814668 1.08127231937641
62962.1837 lsst_hardware_i 787.977269683881 79.31847617039291 31.31999969482422 AB 15.249130836085886 1.102054696544474
62962.1955 lsst_hardware_r 433.89660851717014 96.85896628059504 31.639999389648438 AB 15.264229732041008 1.1160510149916654
62965.1236 lsst_hardware_i 723.381545732634 79.56946440095695 31.31999969482422 AB 7.7771906854781685 1.0826464377361777
62965.1353 lsst_hardware_z 480.2397783057152 70.13076653571754 30.979999542236328 AB 7.526977307316005 1.0812292332566265
62970.1161 lsst_hardware_r 270.68145099663076 27.84338844113444 31.479999542236328 AB 6.798054639703701 1.0814882099488854
62970.1275 lsst_hardware_i 488.28333758267667 37.7279382446307 31.239999771118164 AB 5.302861783018615 1.0817751495346013
62973.1899 lsst_hardware_g 61.50720926802403 14.49985418631005 31.3799991607666 AB 15.834803179859 1.1576417867353146
62975.118 lsst_hardware_r 276.99089735837583 26.416036929308074 31.5 AB 9.922216383151182 1.082669666722566
62975.1287 lsst_hardware_i 410.2074255929144 36.09259439784205 31.25 AB 10.343673149797675 1.0869198917456706
62977.102 lsst_hardware_z 310.74415159896085 45.144844975574706 30.950000762939453 AB 7.568594389553224 1.081227769936175
62977.1143 lsst_hardware_u -0.47753221751607705 2.731680194783974 28.43000030517578 AB 7.582233760496539 1.0831762514995056
62979.115 lsst_hardware_g 27.912733203673852 14.246487230302655 31.389999389648438 AB 4.894729154621039 1.0855464969219426
62979.1269 lsst_hardware_r 133.35191616837528 25.280309408182607 31.479999542236328 AB 5.954643029874583 1.0927955643007126
62984.1126 lsst_hardware_i 288.3671302546864 34.396166712856065 31.239999771118164 AB 2.5516411555631127 1.0923121385116066
62984.1246 lsst_hardware_z 221.65756803783395 44.540828454450974 30.940000534057617 AB 2.5655738022186645 1.1030772349202917
62988.1124 lsst_hardware_z 416.2619450892751 71.66157940697232 31.709999084472656 AB 9.852897342431541 1.101754350362718
62990.0929 lsst_hardware_r 7.046299536077081 74.39071572570067 31.639999389648438 AB 12.860801611758998 1.0899908137773537
62990.1053 lsst_hardware_i 268.75795640006066 63.11321462791698 31.31999969482422 AB 12.91594572326574 1.1001188810754003
62995.0907 lsst_hardware_z 371.294394678302 80.33909205305225 31.719999313354492 AB 9.437061214327203 1.0992073164692877
62999.0799 lsst_hardware_i 133.29586173887822 32.27584282359015 31.239999771118164 AB 8.079587131623022 1.0993258753837842
62999.0941 lsst_hardware_z 234.65556460266026 43.464610708851666 30.940000534057617 AB 7.148030203083273 1.1155724078163516
63005.0204 lsst_hardware_r 39.238095188376064 22.72981000035154 31.479999542236328 AB 8.798499759238377 1.08151681052672
63005.0314 lsst_hardware_u 0.21103826158072525 2.7300132582521512 28.360000610351562 AB 8.753161273978492 1.081705545474384
63010.0219 lsst_hardware_g 20.357611234614293 13.631320218029723 31.360000610351562 AB 8.039703522513753 1.0825453576095716
63010.0339 lsst_hardware_r 32.44482484473885 22.65548497712448 31.469999313354492 AB 8.198607743671607 1.087348507118213
63013.0153 lsst_hardware_i 50.10115913470257 32.15841091714678 31.25 AB 6.364398567063249 1.0829792941784575
63013.0277 lsst_hardware_z 35.632719802201095 42.74981003170106 30.940000534057617 AB 6.343459120194207 1.0884919772114516
63020.0261 lsst_hardware_z 167.06155285823434 85.4729024402995 31.729999542236328 AB 9.827122817934391 1.1028802788423298
63021.9983 lsst_hardware_g 40.11054028830041 96.99109397341967 31.709999084472656 AB 12.871394861596313 1.0858958396724048
63022.0113 lsst_hardware_r -38.98642772498718 88.84115128508877 31.639999389648438 AB 11.120294425570245 1.0942299684043144
63030.9964 lsst_hardware_i 123.5267712503166 31.27117241376541 31.239999771118164 AB 15.242320556755747 1.1032368671653097
63031.0087 lsst_hardware_z 56.48574072315011 42.41160404031925 30.940000534057617 AB 15.564799970508927 1.1182814218851835
