data/validation/pwv_sim_epoch_fit_seasonal/31965111.ecsv
# %ECSV 0.9
# ---
# datatype:
# - {name: time, datatype: float64}
# - {name: band, datatype: string}
# - {name: flux, datatype: float64}
# - {name: fluxerr, datatype: float64}
# - {name: zp, datatype: float64}
# - {name: zpsys, datatype: string}
# - {name: pwv, datatype: float64}
# - {name: airmass, datatype: float64}
# meta: {SNID: '31965111', alt: 1024.0, c: -0.035637352615594864, dec: -16.334824, lat: -30.244573, lon: -70.7499537, ra: 262.441406,
#   t0: 61603.171875, x0: 6.7512622492732425e-06, x1: 0.34672465920448303, z: 0.5418379902839661}
# schema: astropy-2.0
time band flux fluxerr zp zpsys pwv airmass
61494.396 lsst_hardware_r 38.70042447864753 42.81999969482422 31.6299991607666 AB 7.587363500906691 1.0317328665905354
61494.4155 lsst_hardware_y 119.834078264163 77.26000213623047 30.079999923706055 AB 7.6103032531260135 1.03181225468333
61499.3878 lsst_hardware_z -10.358352092142695 41.650001525878906 30.950000762939453 AB 8.417210704839114 1.0304160005923932
61499.4053 lsst_hardware_y -12.810698641560268 48.650001525878906 30.049999237060547 AB 8.438342343189131 1.0332136943857064
61503.384 lsst_hardware_r 27.725670668261458 24.540000915527344 31.530000686645508 AB 8.682010937137132 1.0302611768288992
61503.4021 lsst_hardware_y 39.22082341289661 47.63999938964844 30.049999237060547 AB 8.77115224105955 1.0378833559412555
61505.3641 lsst_hardware_z 13.047069355711606 41.4900016784668 30.950000762939453 AB 4.874594030787346 1.0324248715000204
61505.3822 lsst_hardware_u -5.134885810001865 2.809999942779541 28.469999313354492 AB 4.53291143747264 1.0308709633034847
61511.3531 lsst_hardware_g 3.205890305363212 15.529999732971191 31.489999771118164 AB 17.608823351717273 1.0307654194440328
61511.3716 lsst_hardware_r 2.1998017840944715 24.3799991607666 31.530000686645508 AB 17.803764673145462 1.0327908271105641
61513.3076 lsst_hardware_i 29.18070531577451 49.13999938964844 31.309999465942383 AB 13.762019294194584 1.0684244573930892
61513.3235 lsst_hardware_z 3.062123335863421 49.18000030517578 30.969999313354492 AB 13.484198765823578 1.0463005831870908
61515.36 lsst_hardware_i -78.83464081018481 69.18000030517578 31.34000015258789 AB 4.547148537282443 1.0325042091921988
61515.3783 lsst_hardware_z -97.10736509952545 62.209999084472656 30.989999771118164 AB 4.916273297368272 1.0460155951847385
61518.3415 lsst_hardware_z 130.17050599255214 110.33000183105469 31.75 AB 5.7872673451783525 1.0301447473431764
61522.342 lsst_hardware_z -65.84998075357962 74.2699966430664 31.729999542236328 AB 2.2808237933257645 1.0329817904554126
61524.3229 lsst_hardware_g 21.475806595293072 39.70000076293945 32.38999938964844 AB 12.396846876213122 1.030123275867362
61524.343 lsst_hardware_r 28.407517077708956 46.630001068115234 32.33000183105469 AB 11.77261658347599 1.036626056660639
61526.3159 lsst_hardware_i -16.546804934992515 31.889999389648438 31.260000228881836 AB 10.059479175862847 1.0302093477252134
61526.335 lsst_hardware_z -21.64638491591105 42.0 30.950000762939453 AB 9.211639914364051 1.0350157207150619
61528.3212 lsst_hardware_i 24.42093604199553 31.229999542236328 31.260000228881836 AB 12.87139606609325 1.031341204390397
61528.3402 lsst_hardware_u 3.8839014255972435 2.799999952316284 28.479999542236328 AB 12.015921113612459 1.0433430536924022
61530.2954 lsst_hardware_u 4.19911584337425 2.859999895095825 28.530000686645508 AB 8.623837619094523 1.0326094257432226
61530.3139 lsst_hardware_g 10.84249884523441 15.229999542236328 31.479999542236328 AB 8.576762266828444 1.0308608493784188
61533.301 lsst_hardware_z 11.637245260716893 41.54999923706055 30.959999084472656 AB 9.956086976768129 1.0301709324608754
61533.3212 lsst_hardware_u -2.083099828397794 2.859999895095825 28.520000457763672 AB 10.013353320781476 1.0386487898536398
61535.2829 lsst_hardware_g -2.292147257106949 15.34000015258789 31.479999542236328 AB 7.328273506106403 1.0321511980431555
61535.3024 lsst_hardware_r 22.952919746491744 24.079999923706055 31.520000457763672 AB 7.013756608471535 1.031434795363461
61539.1628 lsst_hardware_i -11.239671617682223 56.560001373291016 31.989999771118164 AB 8.462985424713786 1.3422657295343479
61539.1886 lsst_hardware_u -2.5133772042198896 7.659999847412109 29.56999969482422 AB 7.118857887064202 1.2061601785354206
61541.2625 lsst_hardware_z 24.981740484175134 67.33000183105469 31.719999313354492 AB 5.169784445925799 1.0339568891851598
61543.2409 lsst_hardware_r 47.14494217370355 80.20999908447266 31.649999618530273 AB 8.352873671428245 1.047064986128964
61543.261 lsst_hardware_i 64.77898845410671 64.47000122070312 31.329999923706055 AB 8.192878349083339 1.0321736502782362
61547.2378 lsst_hardware_z -80.21217349869424 144.85000610351562 31.75 AB 4.9351536650993815 1.0395268383568999
61551.2274 lsst_hardware_z 123.07859479266075 50.45000076293945 30.969999313354492 AB 6.2457996201485235 1.0391048737925335
61551.2463 lsst_hardware_r -37.7982428845762 54.040000915527344 31.639999389648438 AB 6.192426234598846 1.0303537827951492
61553.2385 lsst_hardware_i -23.728234720881265 36.220001220703125 31.280000686645508 AB 7.2518640496275975 1.0307531873537912
61553.2601 lsst_hardware_z 59.70178637152019 43.900001525878906 30.950000762939453 AB 7.925839202056151 1.0343447714533136
61560.2167 lsst_hardware_r 4.3078175731908575 24.420000076293945 31.510000228881836 AB 11.811127369220142 1.0314494253096016
61560.2391 lsst_hardware_i 60.49783477776748 31.56999969482422 31.260000228881836 AB 11.869026261056103 1.0333772174933578
61562.2086 lsst_hardware_z 117.02664706357106 41.709999084472656 30.950000762939453 AB 6.598196250936419 1.0323796207215623
61562.23 lsst_hardware_u -0.7416885924436257 2.8499999046325684 28.5 AB 6.6022313259595435 1.03186736013959
61571.1531 lsst_hardware_r -45.410843376262804 72.13999938964844 31.639999389648438 AB 13.068314793185824 1.0621479878507076
61571.1732 lsst_hardware_z -8.473284742482061 57.220001220703125 30.979999542236328 AB 12.450867702572873 1.0387842234751226
61573.1556 lsst_hardware_r 13.53563015627357 122.70770022912191 31.65999984741211 AB 5.472114122986853 1.0510495146270509
61573.1761 lsst_hardware_i 59.34693757909758 103.80123345737954 31.34000015258789 AB 5.275010969583199 1.0334715368979537
61575.1567 lsst_hardware_z 7.127746368106818 153.86887671452783 31.760000228881836 AB 3.9662092515221157 1.0437392767163463
61575.1761 lsst_hardware_i 141.6908974327009 180.79204315422035 32.099998474121094 AB 3.9126611323042138 1.0313439557967852
61579.1388 lsst_hardware_r 136.83229042651243 62.7798249788334 31.639999389648438 AB 3.60793952791629 1.0515708329688982
61579.1586 lsst_hardware_i 108.71150825960811 54.578100882752345 31.31999969482422 AB 3.521155630875037 1.0340373337860764
61581.1454 lsst_hardware_z 366.1564139438087 65.85206047013784 31.709999084472656 AB 4.103199899177146 1.039179409694098
61584.0037 lsst_hardware_i 462.7298958426761 41.54098462279719 31.15999984741211 AB 11.991625460839511 1.664829126280721
61584.0327 lsst_hardware_z 343.36332323350723 49.831725565769474 30.920000076293945 AB 10.105513886106792 1.391864179435082
61586.1087 lsst_hardware_z 447.79582647351367 47.38649984644546 30.950000762939453 AB 3.824098098531004 1.0677364507974323
61586.1307 lsst_hardware_i 655.6604849198852 41.10865915438474 31.260000228881836 AB 3.3423502220058627 1.040042595790626
61597.0696 lsst_hardware_g 1064.1726994006667 45.964577104780666 31.649999618530273 AB 7.187115218220036 1.084820289032248
61597.0857 lsst_hardware_r 2438.390093949666 61.15421352026475 31.59000015258789 AB 7.712784429326673 1.0568353561697277
61616.0711 lsst_hardware_i 1635.2892654413577 49.870977906380304 31.270000457763672 AB 4.944729386530111 1.0301519555271064
61616.0939 lsst_hardware_z 1223.605344481766 53.61550676929969 30.950000762939453 AB 5.39827240923128 1.0381293094675539
61621.0646 lsst_hardware_r 1146.9280827322607 41.28535507344327 31.510000228881836 AB 1.4934627512927032 1.030685128566393
61621.0872 lsst_hardware_i 1320.1040508224335 47.25562017002848 31.260000228881836 AB 1.9543374198395205 1.044262580731777
61623.0458 lsst_hardware_z 1804.0083667173144 72.7067428992187 31.700000762939453 AB 1.7630642251959723 1.0311322108564025
61623.0649 lsst_hardware_i 2275.5511339289906 65.23320689132571 32.0099983215332 AB 1.7773062105987367 1.0324172004639771
61625.0529 lsst_hardware_z 849.2703027527056 51.708836390315746 30.959999084472656 AB 3.4282652759592427 1.0305406641160049
61625.0735 lsst_hardware_g 150.70011813184917 26.455826571702897 31.600000381469727 AB 3.4372770536241055 1.041599107159081
61628.0247 lsst_hardware_y 193.54703450419373 55.28810717284644 30.059999465942383 AB 10.267021032958013 1.0340958889015437
61628.0458 lsst_hardware_r 787.1158786750857 78.37184835056344 31.65999984741211 AB 8.344006185342215 1.0307498813488287
61630.0206 lsst_hardware_i 868.1731067654887 87.92491557745979 31.34000015258789 AB 2.2963185902160608 1.033407953594327
61630.0403 lsst_hardware_z 827.7769144690832 77.15402920307272 31.0 AB 2.2964067511231456 1.0307417622396764
61649.9741 lsst_hardware_y 235.78295636517325 77.9149692461788 30.079999923706055 AB 2.409006164266848 1.0306643600685315
61649.9916 lsst_hardware_z 490.8590454720145 47.61639341962289 30.950000762939453 AB 2.4107579341583563 1.0325919192568631
61861.3982 lsst_hardware_g 18.14135961721764 16.239999771118164 31.479999542236328 AB 6.978813097892199 1.0302351783130261
61863.3814 lsst_hardware_i 48.21165855393637 31.639999389648438 31.260000228881836 AB 6.288108948282504 1.0335484793363396
61863.4007 lsst_hardware_z -70.77810841939639 42.36000061035156 30.950000762939453 AB 6.3828371803906085 1.0305980377379884
61865.3832 lsst_hardware_r -19.43590373347068 24.5 31.520000457763672 AB 8.486428236256453 1.0309072201477714
61865.4023 lsst_hardware_y -35.86003617270767 48.130001068115234 30.049999237060547 AB 8.55603486533984 1.0327762526814652
61867.3841 lsst_hardware_r 35.73104619417488 24.540000915527344 31.520000457763672 AB 8.425807533156668 1.0301127860085273
61867.4023 lsst_hardware_y 75.7464887706198 47.369998931884766 30.049999237060547 AB 8.42878889787179 1.0356685996033508
61869.3311 lsst_hardware_z 45.085063020327844 56.61000061035156 30.969999313354492 AB 8.454641978882131 1.0715189868043764
61869.3492 lsst_hardware_y 112.19456334487819 51.459999084472656 30.049999237060547 AB 7.503030296149662 1.0458399762318034
61879.3326 lsst_hardware_i 25.92160316995112 33.38999938964844 31.270000457763672 AB 11.050831907853949 1.036533758240428
61879.351 lsst_hardware_z 42.38984307312002 42.5099983215332 30.950000762939453 AB 11.282559416017914 1.030119856596681
61884.3317 lsst_hardware_r -37.21060187234532 23.989999771118164 31.510000228881836 AB 9.174318580231564 1.0308223123855689
61884.3501 lsst_hardware_i -32.18169206484725 31.34000015258789 31.260000228881836 AB 9.55601822055878 1.03263650535539
61887.2304 lsst_hardware_g -0.9986429014163096 26.100000381469727 32.58000183105469 AB 3.504152586343139 1.2297429676585854
61887.2504 lsst_hardware_r -7.2483799816110395 42.13999938964844 32.68000030517578 AB 3.088164018155085 1.1507971001136892
61890.3279 lsst_hardware_i -12.166932357570992 31.260000228881836 31.260000228881836 AB 11.289639314976336 1.0307819506940274
61890.3468 lsst_hardware_z 21.047308399649292 41.59000015258789 30.950000762939453 AB 10.938440605434607 1.0412025927896695
61893.2577 lsst_hardware_u 4.320162339646887 2.8499999046325684 28.5 AB 13.72936393626443 1.0869004303679455
61893.2755 lsst_hardware_g -7.411645724505635 15.210000038146973 31.459999084472656 AB 13.33212499823622 1.0558426386502116
61894.2491 lsst_hardware_r 5.398209885979229 24.209999084472656 31.5 AB 10.468752377671624 1.1001596361444241
61896.3184 lsst_hardware_z 50.009749701421505 62.040000915527344 31.719999313354492 AB 3.1346960962907593 1.0331040936939142
61898.3004 lsst_hardware_z -59.44946281705813 59.9900016784668 30.979999542236328 AB 9.941137975976812 1.0301163645383111
61898.3189 lsst_hardware_r 36.367656504847496 80.9800033569336 31.65999984741211 AB 9.969810901417917 1.0364706207940448
61900.2856 lsst_hardware_i -101.60823722574102 104.52999877929688 31.350000381469727 AB 7.3234028244827485 1.031465186546866
61900.3043 lsst_hardware_z 135.04146862636296 87.19000244140625 31.0 AB 7.016406631789824 1.031824504674974
61909.2433 lsst_hardware_u 2.4340235896193634 2.7300000190734863 28.420000076293945 AB 8.411727565926702 1.0425176690812774
61909.2623 lsst_hardware_g 7.764053581302336 16.399999618530273 31.489999771118164 AB 7.727252392262616 1.0311022874141154
61911.2424 lsst_hardware_r 7.121870122016247 24.239999771118164 31.520000457763672 AB 7.092987273032177 1.0385934288724772
61911.2633 lsst_hardware_i -0.8271693389897165 31.31999969482422 31.260000228881836 AB 6.092543548707067 1.0301319194116667
61927.2174 lsst_hardware_r -233.24997469592054 101.2300033569336 31.65999984741211 AB 6.541985084306565 1.0303014766281091
61927.242 lsst_hardware_i -2.4731343583687004 80.75 31.34000015258789 AB 6.524421208716915 1.038094066621668
61948.1636 lsst_hardware_g 22.700392024188055 15.569999694824219 31.469999313354492 AB 8.335348524244703 1.0301151626254776
61948.1837 lsst_hardware_r -30.98498792026436 24.450000762939453 31.520000457763672 AB 7.7176338893733325 1.0373860997880682
61957.1328 lsst_hardware_z 147.3283228987886 104.25 31.010000228881836 AB 4.943763642808409 1.0307381283219532
61957.1536 lsst_hardware_r 9.206903444730413 156.32000732421875 31.65999984741211 AB 5.060561088477835 1.0339633089582172
61961.1196 lsst_hardware_i 39.47710717477093 65.95999908447266 31.34000015258789 AB 8.921130467317953 1.0313048206987732
61961.1428 lsst_hardware_z 0.08017475031107237 60.560001373291016 30.989999771118164 AB 9.361218173961126 1.0340269342912565
61963.1231 lsst_hardware_r 38.223980534366106 69.80999755859375 32.380001068115234 AB 7.329328064835293 1.0301234103774128
61963.1442 lsst_hardware_z -0.6003816860915414 69.12000274658203 31.719999313354492 AB 5.609823508301527 1.0384715861350475
61967.1142 lsst_hardware_r 9.114603081458633 23.93000030517578 31.510000228881836 AB 3.8623884459782185 1.0302449842566601
61967.1374 lsst_hardware_i -34.680237650266704 31.360000610351562 31.25 AB 2.953178917974264 1.0419613364996962
61975.1048 lsst_hardware_z -55.84478507990337 41.369998931884766 30.950000762939453 AB 6.145937133743998 1.03414725454215
61975.1253 lsst_hardware_r 36.955483850272266 24.049999237060547 31.510000228881836 AB 6.526890246597309 1.0527242333221465
61977.0713 lsst_hardware_r -14.460636727989689 23.799999237060547 31.5 AB 8.801256118046053 1.0330112814608043
61977.0959 lsst_hardware_u 3.6501408337939947 2.680000066757202 28.3799991607666 AB 7.675522213797629 1.032523586856762
61980.0765 lsst_hardware_g -16.680922858651044 25.190000534057617 31.610000610351562 AB 3.9826161506079067 1.0301201406926517
61980.097 lsst_hardware_i 9.241209292308803 34.54999923706055 31.270000457763672 AB 3.8090201987353978 1.0378801631431602
61982.0723 lsst_hardware_z 18.563536215614402 51.31999969482422 30.969999313354492 AB 3.667924737452067 1.030171250513149
61982.0952 lsst_hardware_r -4.9576066670123575 54.880001068115234 31.6299991607666 AB 4.042813074174998 1.0408443872580986
61988.07 lsst_hardware_r -93.7333908882974 106.70999908447266 31.65999984741211 AB 1.7614558504039917 1.0345277116703162
61988.0905 lsst_hardware_i 70.87019125608738 83.4800033569336 31.329999923706055 AB 2.094446191933094 1.0536326948602803
61989.0448 lsst_hardware_z -40.45182349679258 63.959999084472656 30.989999771118164 AB 2.4612171367582367 1.030876287647831
61989.0684 lsst_hardware_r 132.55595339128595 92.30000305175781 31.65999984741211 AB 2.481588285511007 1.035181264161438
61991.0381 lsst_hardware_u -15.050744706202 7.329999923706055 29.1299991607666 AB 5.723614478351385 1.0311889880824043
61991.0563 lsst_hardware_r -23.71355521132629 51.939998626708984 31.639999389648438 AB 4.0144515515167365 1.031992686765228
61993.0371 lsst_hardware_i -16.948418771118902 31.3799991607666 31.260000228881836 AB 10.319889932067278 1.0303147317676054
61993.055 lsst_hardware_z -56.947959066223746 41.63999938964844 30.950000762939453 AB 8.37350310675423 1.033808359202547
61996.0195 lsst_hardware_z 13.522404514154525 41.810001373291016 30.959999084472656 AB 3.248365090969972 1.032975967024583
61996.0386 lsst_hardware_r 55.89531410766258 24.399999618530273 31.530000686645508 AB 3.1998132260133785 1.030812314420417
62000.0094 lsst_hardware_u 2.171861311461339 2.819999933242798 28.479999542236328 AB 2.3915465421816307 1.0326194050870598
62000.0298 lsst_hardware_g -15.984974143059448 15.539999961853027 31.489999771118164 AB 2.4386503424972106 1.0313598403456166
62003.9842 lsst_hardware_z -73.3662735258048 43.0 30.959999084472656 AB 3.4653108430306894 1.042250992941207
62004.004 lsst_hardware_r 29.707047486721947 24.540000915527344 31.530000686645508 AB 3.129459914516932 1.0308404879001698
62009.9776 lsst_hardware_y -104.23811130328654 57.54999923706055 30.06999969482422 AB 4.1249603886710755 1.0348621145687595
62009.9859 lsst_hardware_z -92.16297493745311 48.900001525878906 30.969999313354492 AB 4.09056794969521 1.0312789486186438
