data/validation/pwv_sim_epoch_fit_seasonal/31971897.ecsv
# %ECSV 0.9
# ---
# datatype:
# - {name: time, datatype: float64}
# - {name: band, datatype: string}
# - {name: flux, datatype: float64}
# - {name: fluxerr, datatype: float64}
# - {name: zp, datatype: float64}
# - {name: zpsys, datatype: string}
# - {name: pwv, datatype: float64}
# - {name: airmass, datatype: float64}
# meta: {SNID: '31971897', alt: 1024.0, c: -0.00969773344695568, dec: -30.17244, lat: -30.244573, lon: -70.7499537, ra: 196.523438, t0: 61127.5234375,
#   x0: 6.0791355802081585e-05, x1: -0.2111806422472, z: 0.21115261316299438}
# schema: astropy-2.0
time band flux fluxerr zp zpsys pwv airmass
[from data line 132]
61461.2242 lsst_hardware_z 39.17227624122077 67.68000030517578 30.979999542236328 AB 9.73841023780223 1.1285458508317407
61461.2456 lsst_hardware_r -54.92355614542643 85.27999877929688 31.649999618530273 AB 9.235230789239846 1.0711136081851655
61465.2148 lsst_hardware_i 7.035762087047678 33.66999816894531 31.25 AB 3.9792688417066397 1.1237697943255125
61465.2361 lsst_hardware_z 12.676635341248938 43.04999923706055 30.950000762939453 AB 3.7438581275312766 1.0679954721241696
61467.2076 lsst_hardware_r 22.378356604786124 23.280000686645508 31.489999771118164 AB 6.145341143108583 1.129243135448104
61467.2273 lsst_hardware_u -5.125601515515034 2.609999895095825 28.360000610351562 AB 5.614411410163664 1.0754547285056344
61469.2243 lsst_hardware_g -8.396481806059525 14.039999961853027 31.399999618530273 AB 11.61045929008024 1.069915846760222
61469.245 lsst_hardware_r -25.435970215546554 22.729999542236328 31.489999771118164 AB 11.249516275260623 1.0324445920760483
61471.212 lsst_hardware_i 18.624200039480723 31.020000457763672 31.25 AB 10.508894784355391 1.0859287804169913
61471.2336 lsst_hardware_z -18.54597455393087 41.16999816894531 30.950000762939453 AB 10.101699968534978 1.0416002854674764
61473.1927 lsst_hardware_z 39.37427489536113 42.2599983215332 30.940000534057617 AB 10.166047227592248 1.1245731130551258
61473.2131 lsst_hardware_r 6.702754595050625 23.0 31.489999771118164 AB 9.473672926362644 1.0705319991369793
61475.218 lsst_hardware_r 5.528145725076313 23.100000381469727 31.5 AB 8.959586229673391 1.0496952380383764
61475.2392 lsst_hardware_i -13.012270596895403 30.540000915527344 31.260000228881836 AB 8.790593340272574 1.019100764015771
61478.2203 lsst_hardware_z -44.463900022796196 41.06999969482422 30.950000762939453 AB 11.48137494626102 1.0326293019579251
61478.2404 lsst_hardware_i 21.933192981475376 30.31999969482422 31.260000228881836 AB 11.304371567485788 1.0102961108946857
61482.1676 lsst_hardware_y 46.54375388349715 49.83000183105469 30.020000457763672 AB 7.729658799720879 1.1262251772298597
61482.1874 lsst_hardware_r 44.08956973546652 45.220001220703125 31.6200008392334 AB 7.379569460373271 1.073053746994635
61486.1689 lsst_hardware_i -235.06571172945252 96.6500015258789 31.34000015258789 AB 5.276719598473578 1.0913587587329305
61486.1869 lsst_hardware_z -56.51842667392851 81.27999877929688 31.0 AB 4.967311147840222 1.0516537363105334
61488.1801 lsst_hardware_r -8.401891593172733 131.33999633789062 31.65999984741211 AB 6.2775906609024075 1.054171395617519
61488.1987 lsst_hardware_z 41.204891396312945 88.86000061035156 31.010000228881836 AB 6.105894750126151 1.024951907360972
61491.1525 lsst_hardware_r 27.116261295889352 62.31999969482422 31.6299991607666 AB 7.580375634627885 1.098605164438824
61491.1721 lsst_hardware_i 95.10313653236597 53.959999084472656 31.31999969482422 AB 7.108642594939839 1.0538087554884379
61495.1787 lsst_hardware_g 3.0691278356233336 14.630000114440918 31.459999084472656 AB 4.785703376596121 1.0260758727001678
61495.1979 lsst_hardware_r -35.46306772721229 23.309999465942383 31.520000457763672 AB 4.714652338844243 1.0074402234077233
61498.0809 lsst_hardware_r 42.6256677108071 24.360000610351562 31.459999084472656 AB 8.159257855077596 1.316593304300664
61498.0987 lsst_hardware_u 4.439700338026019 2.6700000762939453 28.329999923706055 AB 8.565767944940669 1.222880439465661
61500.0586 lsst_hardware_g 0.23040143710221625 14.460000038146973 31.280000686645508 AB 11.167440166871 1.431401950443298
61500.0754 lsst_hardware_r -15.896642982314471 24.440000534057617 31.440000534057617 AB 10.292992176879341 1.3168287823040117
61502.0789 lsst_hardware_i -24.404398140203604 32.63999938964844 31.219999313354492 AB 13.665171865768656 1.2665445995213163
61502.097 lsst_hardware_z -13.276511314568019 43.220001220703125 30.93000030517578 AB 12.131909841421228 1.1832161743908751
61504.0759 lsst_hardware_r 24.140577218813945 24.270000457763672 31.469999313354492 AB 9.600629669876598 1.2538642611014037
61504.0933 lsst_hardware_u 2.768925843289569 2.700000047683716 28.3700008392334 AB 8.44131164132779 1.176243522793533
61510.0754 lsst_hardware_r -2.7209544342654093 39.45000076293945 31.56999969482422 AB 12.886453164821546 1.1822434096166556
61510.0931 lsst_hardware_z 14.924397630386826 46.0 30.950000762939453 AB 11.623798744922594 1.1201951906060208
61512.0804 lsst_hardware_y 10.192176532489015 52.040000915527344 30.030000686645508 AB 16.715133978340614 1.1435537094222836
61512.099 lsst_hardware_r -0.2257903597079391 63.220001220703125 31.639999389648438 AB 15.496127960639258 1.0885807186877048
61517.0745 lsst_hardware_r -92.74876708709337 128.6699981689453 31.639999389648438 AB 10.464498497086312 1.1186393775391583
61517.0927 lsst_hardware_z 85.72078179196602 85.33000183105469 31.0 AB 9.713662989243035 1.0711236112522644
61519.0736 lsst_hardware_r -156.38383915261832 71.9000015258789 31.6299991607666 AB 10.270624812619866 1.1053488107858978
61519.0914 lsst_hardware_i -88.43241049351846 60.58000183105469 31.31999969482422 AB 9.736268479333612 1.0622156316096019
61521.0794 lsst_hardware_z -2.1475111597313417 45.130001068115234 30.950000762939453 AB 11.777199393072127 1.0765264527488234
61521.0974 lsst_hardware_i 25.738899097341665 38.83000183105469 31.290000915527344 AB 10.2026182362465 1.0410834934945408
61523.0729 lsst_hardware_u -0.35825161078545054 2.7200000286102295 28.420000076293945 AB 1.7633795321981747 1.0789595342840146
61523.0901 lsst_hardware_g -28.287850873505135 14.739999771118164 31.450000762939453 AB 2.4412226885996926 1.0441499951239062
61525.0732 lsst_hardware_r -5.845409908951909 23.450000762939453 31.5 AB 11.301972508894389 1.0660226852381414
61525.0926 lsst_hardware_i 10.786091858082806 30.729999542236328 31.25 AB 10.843520740297299 1.0317336574973643
61527.0534 lsst_hardware_i 7.582544423709287 31.56999969482422 31.25 AB 9.24668182756015 1.1007954556619226
61527.0732 lsst_hardware_z 46.032200559179074 41.709999084472656 30.950000762939453 AB 8.861724017558508 1.0549671449474414
61529.0736 lsst_hardware_g -6.924053912845035 14.579999923706055 31.43000030517578 AB 11.39489976708972 1.0443497174493375
61529.0936 lsst_hardware_r -38.4808348403436 23.3799991607666 31.510000228881836 AB 12.089425929647309 1.0171575389884573
61534.0478 lsst_hardware_z -30.77779347354245 41.72999954223633 30.950000762939453 AB 9.532124157006972 1.0677958037404198
61534.0674 lsst_hardware_i 37.65833521476528 30.719999313354492 31.260000228881836 AB 9.200821576761726 1.0326302496342286
61539.964 lsst_hardware_y -90.94943502852468 95.11000061035156 30.719999313354492 AB 8.68883474502159 1.3301272763721792
61541.9704 lsst_hardware_z 34.22177420788365 76.48999786376953 30.959999084472656 AB 13.19437169226194 1.2628005639337645
61541.9905 lsst_hardware_r 31.208298475963627 99.12000274658203 31.6200008392334 AB 12.215734004440318 1.1725322395258626
61544.9545 lsst_hardware_y 173.89334452512654 88.66000366210938 29.969999313354492 AB 9.678030570353858 1.3051963007894616
61544.9748 lsst_hardware_z -237.53284778563915 88.37000274658203 30.979999542236328 AB 9.04204917112778 1.2031467893809698
61545.9577 lsst_hardware_y -326.72060790350974 131.77000427246094 31.18000030517578 AB 6.822989583068067 1.2721546767684402
61545.9749 lsst_hardware_i -10.022079527495269 151.72999572753906 32.5 AB 8.5086507880139 1.1912011836454155
61547.9545 lsst_hardware_y 27.54899119891289 66.52999877929688 29.979999542236328 AB 3.2477974899959805 1.2603017035296782
61547.9758 lsst_hardware_r -13.264322869864984 23.65999984741211 31.469999313354492 AB 2.3071887583505197 1.1661302796818396
61549.9655 lsst_hardware_y -68.30073262688637 49.790000915527344 30.0 AB 5.651874124266277 1.1849827813609735
61549.9853 lsst_hardware_g 3.9667305282397645 14.3100004196167 31.40999984741211 AB 5.206244473018959 1.1159227235192293
61551.9647 lsst_hardware_z 2.89177739318993 43.709999084472656 30.940000534057617 AB 6.872446434909807 1.1667990551629552
61551.9846 lsst_hardware_i -17.67651832798881 31.09000015258789 31.239999771118164 AB 6.443513614016807 1.1022718162770382
61560.9615 lsst_hardware_y 52.30995924226044 49.27000045776367 30.030000686645508 AB 12.856800059146224 1.0982538365860355
61560.983 lsst_hardware_u -1.3230968456922816 2.6500000953674316 28.399999618530273 AB 12.42128369089489 1.0500334920060772
61562.9553 lsst_hardware_y -3.238800626633548 56.040000915527344 30.040000915527344 AB 4.878712031558321 1.1002545457375121
61562.9729 lsst_hardware_r -0.1588526893807311 23.3799991607666 31.510000228881836 AB 4.665455853524451 1.0588869390659215
61571.9717 lsst_hardware_z 113.88944989173325 96.48999786376953 31.75 AB 9.37721491432246 1.0220954727039577
