data/validation/pwv_sim_epoch_fit_seasonal/31971897.ecsv
# %ECSV 0.9
# ---
# datatype:
# - {name: time, datatype: float64}
# - {name: band, datatype: string}
# - {name: flux, datatype: float64}
# - {name: fluxerr, datatype: float64}
# - {name: zp, datatype: float64}
# - {name: zpsys, datatype: string}
# - {name: pwv, datatype: float64}
# - {name: airmass, datatype: float64}
# meta: {SNID: '31971897', alt: 1024.0, c: -0.00969773344695568, dec: -30.17244, lat: -30.244573, lon: -70.7499537, ra: 196.523438, t0: 61127.5234375,
#   x0: 6.0791355802081585e-05, x1: -0.2111806422472, z: 0.21115261316299438}
# schema: astropy-2.0
time band flux fluxerr zp zpsys pwv airmass
61058.3 lsst_hardware_i -38.9809307347257 32.9900016784668 31.219999313354492 AB 9.021926253879798 1.2358803087506574
61058.3178 lsst_hardware_z 24.944382185951987 43.43000030517578 30.93000030517578 AB 8.381856426311673 1.1608817459660978
61060.3021 lsst_hardware_r 1.953235298399877 24.229999542236328 31.469999313354492 AB 13.055518555744976 1.2015847362688366
61060.3209 lsst_hardware_u 2.565392833608397 2.640000104904175 28.329999923706055 AB 12.180755719408449 1.1313833246867246
61062.2914 lsst_hardware_g 6.193695183640187 15.069999694824219 31.399999618530273 AB 11.970552714338728 1.2249431436714606
61062.3094 lsst_hardware_i 7.882278731130204 32.22999954223633 31.239999771118164 AB 10.905153406559474 1.1517906006083143
61064.3029 lsst_hardware_z -31.64527502229056 43.029998779296875 30.940000534057617 AB 9.07933457966624 1.1554991510870174
61064.322 lsst_hardware_r -15.850724597590936 23.719999313354492 31.489999771118164 AB 8.538792127916587 1.0961222243795443
61066.3019 lsst_hardware_u 0.7529546887788605 2.5899999141693115 28.290000915527344 AB 13.832770912227158 1.1400008993099613
61066.3205 lsst_hardware_g -5.42984753185093 14.510000228881836 31.40999984741211 AB 13.18176320112767 1.0859466327081326
61068.2981 lsst_hardware_i 31.80394065530514 31.860000610351562 31.239999771118164 AB 13.273637476576122 1.1344989296218908
61068.316 lsst_hardware_z -0.053411859758676614 42.119998931884766 30.950000762939453 AB 12.677899643733701 1.0835811661310857
61070.3074 lsst_hardware_r -26.60831782838354 23.670000076293945 31.489999771118164 AB 12.188097501735992 1.0914632728176052
61070.3272 lsst_hardware_g 11.452962389695253 14.609999656677246 31.43000030517578 AB 11.734732989680305 1.048446101378629
61073.3092 lsst_hardware_r -33.37561478103978 84.08999633789062 31.649999618530273 AB 9.128009705426383 1.0678116247330531
61073.3284 lsst_hardware_i -105.76180471805131 64.93000030517578 31.329999923706055 AB 8.809054164576203 1.0332191376689905
61075.3063 lsst_hardware_z 62.54071541404112 62.349998474121094 30.989999771118164 AB 8.22830260146851 1.0624018852767605
61075.3245 lsst_hardware_i -109.85166253075359 67.75 31.34000015258789 AB 8.055450656061529 1.0309877119532673
61077.3206 lsst_hardware_z 54.602535638512045 89.81999969482422 31.739999771118164 AB 3.518372662495574 1.0288391439419764
61081.2127 lsst_hardware_u -6.603600490198575 3.9700000286102295 28.520000457763672 AB 5.94633121384932 1.3775816550096804
61081.2326 lsst_hardware_g 41.368942924361704 27.760000228881836 31.559999465942383 AB 5.461263154191445 1.2587422758585
61083.209 lsst_hardware_i -95.24916737392219 33.560001373291016 31.200000762939453 AB 8.00710525011123 1.365584591133492
61083.2291 lsst_hardware_z 1.158634925239414 44.459999084472656 30.93000030517578 AB 7.347674000941166 1.248825675759084
61085.2179 lsst_hardware_r 20.492997112985556 34.11000061035156 32.209999084472656 AB 2.9207463640982403 1.2786923155482992
61085.2373 lsst_hardware_u 5.95441861145298 3.75 29.09000015258789 AB 2.737388767543159 1.1871581210884679
61087.2138 lsst_hardware_g 28.535875616001068 14.520000457763672 31.3700008392334 AB 4.949493957803515 1.271382984280341
61087.2326 lsst_hardware_i 50.867721637397366 32.09000015258789 31.229999542236328 AB 4.70553279005152 1.1840797156646659
61089.2216 lsst_hardware_z -33.93969342617239 43.880001068115234 30.93000030517578 AB 6.390592676593054 1.207328822052279
61089.2421 lsst_hardware_r 6.998211535235604 23.520000457763672 31.479999542236328 AB 5.97500326732298 1.13018456846323
61091.2195 lsst_hardware_u -3.320975394512944 2.7100000381469727 28.389999389648438 AB 3.936892952915979 1.1929978645199937
61091.24 lsst_hardware_g 16.952875377807906 14.229999542236328 31.40999984741211 AB 3.694998869940802 1.1196966272547886
61093.2098 lsst_hardware_r -4.771517644226694 23.799999237060547 31.469999313354492 AB 9.81071052033235 1.2111988296706606
61093.2306 lsst_hardware_i 3.959900557181547 31.469999313354492 31.229999542236328 AB 9.169602188991615 1.1320496529619277
61098.2137 lsst_hardware_z 13.078039609051366 66.48999786376953 31.700000762939453 AB 6.58200942509371 1.1428257071914765
61098.237 lsst_hardware_r -59.90323316810353 50.970001220703125 32.33000183105469 AB 6.181479052128846 1.0766626310025036
61102.214 lsst_hardware_r 104.17356030187041 101.5999984741211 31.649999618530273 AB 5.779460762449192 1.1078307612956295
61102.2363 lsst_hardware_z 49.385185211331724 68.23999786376953 30.989999771118164 AB 5.495876063592132 1.055005643126204
61104.2159 lsst_hardware_y -140.76959850025554 61.97511979869564 30.040000915527344 AB 11.78642301416977 1.0880863176320497
61104.2349 lsst_hardware_r -23.65956437340836 117.6031359419794 31.65999984741211 AB 11.385151150493652 1.047512469280612
61106.2195 lsst_hardware_i 23.49691789068842 81.74924580341471 31.329999923706055 AB 10.325692703295447 1.0669609792266102
61106.241 lsst_hardware_z -62.55907660950928 70.45470797761638 30.989999771118164 AB 9.973856019786162 1.029417647785543
61108.217 lsst_hardware_r 589.2467123375271 62.92029199408049 31.6299991607666 AB 9.383612060235203 1.0607745941934499
61108.2387 lsst_hardware_z 196.78011611575474 53.19266572992077 30.969999313354492 AB 9.06356756319212 1.0252711181756196
61110.2198 lsst_hardware_r 1705.4514387641282 54.36005483532886 31.579999923706055 AB 8.993711854985678 1.0452740170443404
61110.2408 lsst_hardware_i 1404.4191216663664 51.31800075213131 31.280000686645508 AB 8.665132007805441 1.0166862292218557
61112.2192 lsst_hardware_z 1781.456727154625 58.33656558639923 30.950000762939453 AB 14.6344622203887 1.0373165736028587
61112.2384 lsst_hardware_i 2687.9140887924955 59.35890293439118 31.260000228881836 AB 14.238233310327097 1.0137340974696827
61115.1132 lsst_hardware_g 4824.026916902642 71.64831555522179 31.299999237060547 AB 10.37249855729061 1.4260997099849602
61115.1354 lsst_hardware_r 6135.973284612519 81.21104278841545 31.450000762939453 AB 10.93272885631061 1.2819302938804704
61117.1769 lsst_hardware_g 15949.315700689063 128.14643130461394 32.16999816894531 AB 7.558200618551236 1.0971935476460795
61117.1963 lsst_hardware_r 17738.729169806335 136.7748484885769 32.25 AB 7.245957985826644 1.0531915677073609
61119.1664 lsst_hardware_i 8488.855502889222 97.04224601010816 31.229999542236328 AB 5.388413455016935 1.11124220561295
61119.1833 lsst_hardware_z 5314.42384206335 83.14711757569006 30.940000534057617 AB 5.636726708563688 1.068489384768411
61121.1673 lsst_hardware_r 13594.015859784002 118.49482475220155 31.5 AB 5.257963211021959 1.0937000958963738
61121.1839 lsst_hardware_g 12822.493004335005 113.84657827646755 31.440000534057617 AB 5.111141701999641 1.0560210128098713
61123.1725 lsst_hardware_r 15179.401506143753 124.32348664983513 31.489999771118164 AB 6.30467274970653 1.0682264909702552
61123.1903 lsst_hardware_i 11424.320085139592 109.5230763992275 31.25 AB 6.18941370422485 1.0355818302965272
61125.1785 lsst_hardware_i 11985.531068265533 112.29529915025854 31.25 AB 7.716104461466955 1.0458732835314175
61125.1963 lsst_hardware_u 293.04380593339096 17.724210549455428 28.520000457763672 AB 7.5311553650165415 1.020481756777309
61127.1663 lsst_hardware_z 11915.045399542814 124.86388137403264 31.709999084472656 AB 7.791337138475143 1.0584138478276321
61129.1609 lsst_hardware_r 19091.193342802228 154.0429024127183 31.639999389648438 AB 6.761436648934409 1.0582934182085473
61129.179 lsst_hardware_i 13396.279277560818 127.94308675281695 31.31999969482422 AB 6.974303098564991 1.0283422889080323
61134.0638 lsst_hardware_i 11577.839468823788 156.37175753214885 31.260000228881836 AB 6.872442775837853 1.4075183183719748
61134.0809 lsst_hardware_z 5018.421773738824 118.85058059295434 30.959999084472656 AB 6.450928803577261 1.2965822330651868
61136.0677 lsst_hardware_r 15205.947829491686 140.15776754320012 31.56999969482422 AB 10.600359110564852 1.3432770766421136
61136.0841 lsst_hardware_z 4535.025280609576 90.28353865732672 30.950000762939453 AB 11.67374774632644 1.2503121470538852
61138.0744 lsst_hardware_g 7455.050361609596 88.2395739940189 31.360000610351562 AB 9.55353079553493 1.2722208978428886
61138.0935 lsst_hardware_i 9509.602588451242 103.9080111946359 31.260000228881836 AB 8.818707826601596 1.1835073579585214
61149.0639 lsst_hardware_r 7288.598612646237 88.63083465624227 31.479999542236328 AB 10.643798956433859 1.1817689440896215
61149.0818 lsst_hardware_i 6481.340415022958 85.34313242220426 31.239999771118164 AB 10.031611012806822 1.1192247029796742
61151.0844 lsst_hardware_r 6867.645646651668 85.41050611930203 31.5 AB 7.674177184984685 1.0963110264263836
61151.1027 lsst_hardware_g 2433.5894905139853 50.52332516936943 31.450000762939453 AB 7.382569701799419 1.054652814542774
61153.058 lsst_hardware_z 3257.372150357418 71.09819452666392 30.940000534057617 AB 5.985141834717049 1.1624644247152107
61153.0773 lsst_hardware_r 6245.704002958216 83.12817009093312 31.520000457763672 AB 5.5432741068789 1.100729568482795
61155.0794 lsst_hardware_z 3207.9548620275336 71.29060565151454 30.950000762939453 AB 14.797950175840528 1.0813262824874337
61155.0991 lsst_hardware_i 5825.019823200992 85.38028642552739 31.290000915527344 AB 13.935236568272682 1.041627250649509
61157.057 lsst_hardware_r 5616.331890564197 97.71495783491491 31.6200008392334 AB 4.626442121227572 1.1284005173725786
61157.0775 lsst_hardware_z 3205.9696001178113 77.5923566830209 30.969999313354492 AB 4.39941077961991 1.0730270194194902
61159.0582 lsst_hardware_y 1261.7400987461194 68.15512483655971 30.030000686645508 AB 9.40448159200996 1.1083219978012995
61159.0777 lsst_hardware_r 5067.182330614895 127.84673322084852 31.649999618530273 AB 9.007698050958322 1.060883673522165
61161.0494 lsst_hardware_i 5286.321233129476 136.9749111328388 31.329999923706055 AB 11.261716833899321 1.118121210673086
61161.0682 lsst_hardware_z 3100.279357046241 110.98397197873557 31.0 AB 10.713433954836907 1.0694184422875732
61163.0759 lsst_hardware_z 5787.291273736736 127.3251290359135 31.75 AB 13.562352287117061 1.0438935726590215
61163.096 lsst_hardware_r 8790.604684804699 177.7994247255979 32.41999816894531 AB 13.453021041532308 1.0167803674349867
61166.0678 lsst_hardware_i 4074.9707555041814 76.32740400029213 31.309999465942383 AB 3.785206230203631 1.0437389361530118
61166.0866 lsst_hardware_z 2662.8939496004223 69.33504659110166 30.969999313354492 AB 3.602985136892193 1.0180320612834075
61168.0552 lsst_hardware_z 2260.5829152507863 62.14914361105306 30.940000534057617 AB 10.815102558985703 1.0567471477366093
61168.0747 lsst_hardware_i 3338.4222488622377 65.29398379869707 31.25 AB 10.473072984065867 1.025498366479457
61169.9722 lsst_hardware_y 882.1652354739361 56.78904051757516 29.950000762939453 AB 10.602666688979946 1.360653636777167
61169.9915 lsst_hardware_z 2089.322555082544 62.343902462501944 30.93000030517578 AB 9.698539894316085 1.2491411262401477
61171.9718 lsst_hardware_y 624.3061507058916 55.65207104910545 29.950000762939453 AB 15.460320454833125 1.3282442614192904
61171.9914 lsst_hardware_u 4.650827361548383 3.275118100602411 28.290000915527344 AB 14.178611894398037 1.2234191119188584
61177.9694 lsst_hardware_y 505.6867593484091 54.755195774956306 29.979999542236328 AB 9.268124606317063 1.2504215604853026
61177.9899 lsst_hardware_u 4.8729926855829335 3.669302351548579 28.31999969482422 AB 8.622797977563026 1.1618672744812917
61181.9538 lsst_hardware_y 481.2065372971547 73.76213260702838 29.989999771118164 AB 7.351950394627551 1.2746836493025864
61181.9731 lsst_hardware_i 2046.8598592854687 56.24448267390545 31.239999771118164 AB 6.414370728725728 1.1845559979179552
61186.975 lsst_hardware_y 976.7939279740533 86.34505221778784 30.780000686645508 AB 6.659165401196078 1.1286721018976402
61188.9551 lsst_hardware_z -52.15941434299597 89.23999786376953 30.979999542236328 AB 11.220799849038789 1.180101649329233
61188.9756 lsst_hardware_i 70.47919937095189 94.02999877929688 31.329999923706055 AB 9.852994467435856 1.110290387067736
61193.9684 lsst_hardware_g 2.9909695799316065 14.609999656677246 31.43000030517578 AB 10.004059109224755 1.092603430390251
61193.9798 lsst_hardware_r 16.404496058307263 22.989999771118164 31.489999771118164 AB 9.758931462649382 1.065734570563448
61195.9549 lsst_hardware_y 127.05112018587558 59.599998474121094 30.030000686645508 AB 13.724888999776534 1.114930632728719
61195.9748 lsst_hardware_r 21.650526468132483 23.190000534057617 31.489999771118164 AB 12.422718305022606 1.064758793625068
61197.9564 lsst_hardware_y 65.61191741167112 55.20000076293945 30.040000915527344 AB 4.85274462811601 1.0954276812902959
61197.9778 lsst_hardware_z 69.81663628135858 41.11000061035156 30.940000534057617 AB 4.724693742093357 1.0483012518511996
61419.2862 lsst_hardware_r -28.865211063378343 25.3700008392334 31.450000762939453 AB 9.872167738600533 1.3839002472250552
61419.3042 lsst_hardware_u 5.837566088477486 2.7100000381469727 28.31999969482422 AB 10.447488364552191 1.2734627455573122
61421.2852 lsst_hardware_g -23.570742978275344 15.260000228881836 31.360000610351562 AB 6.10112511787801 1.3536998264650333
61421.3027 lsst_hardware_r 19.327430884841053 24.989999771118164 31.479999542236328 AB 7.287716483433848 1.2528845976591476
61425.3014 lsst_hardware_r 33.47696501434549 44.36000061035156 31.579999923706055 AB 12.929753316491269 1.2076357393983208
61425.3204 lsst_hardware_z -54.79886065449786 42.869998931884766 30.940000534057617 AB 12.28618293263112 1.1352794048601975
61433.3084 lsst_hardware_i 9.75449270730263 55.75 31.309999465942383 AB 12.932574961871866 1.1053482873394758
61433.3271 lsst_hardware_z 49.214444736827886 55.0 30.979999542236328 AB 12.406404532153195 1.0603764557395894
61435.3121 lsst_hardware_r -21.048253729225067 35.529998779296875 31.579999923706055 AB 12.070783625241269 1.081490301287156
61435.3318 lsst_hardware_g 7.2591168624166444 29.600000381469727 31.649999618530273 AB 11.618262615263347 1.0417397157887829
61437.3086 lsst_hardware_r 15.242250011990741 24.84000015258789 31.520000457763672 AB 10.468076873905844 1.0768518541205476
61437.3279 lsst_hardware_i 56.04417143817565 31.34000015258789 31.260000228881836 AB 10.277792429267361 1.0392105590765786
61441.3075 lsst_hardware_u 2.719359740079586 2.799999952316284 28.489999771118164 AB 6.869216125400735 1.0559360717463724
61441.326 lsst_hardware_g 7.042436189121697 14.65999984741211 31.459999084472656 AB 6.719150594909457 1.0262423268877165
61444.3124 lsst_hardware_r 24.200736740762153 23.350000381469727 31.510000228881836 AB 8.452611765828697 1.0336846624742104
61444.3317 lsst_hardware_i -11.819128936054883 30.559999465942383 31.25 AB 8.243015688300154 1.0115370828690828
61446.2104 lsst_hardware_u 2.2734580766189154 2.490000009536743 28.139999389648438 AB 6.062651377994912 1.398750606320444
61446.2295 lsst_hardware_g -15.088991661143424 14.4399995803833 31.3700008392334 AB 5.557594747821477 1.2787838812290557
61449.2194 lsst_hardware_i -16.92195308326979 46.560001373291016 31.969999313354492 AB 6.348506330064211 1.289298604805878
61449.2371 lsst_hardware_z -6.869353398007746 61.81999969482422 31.690000534057617 AB 5.953555664773426 1.2023336919771308
61453.2086 lsst_hardware_g -62.04302211425456 44.72999954223633 31.59000015258789 AB 5.812347902354439 1.2886260730194965
61453.2281 lsst_hardware_i -38.798779949679556 41.959999084472656 31.260000228881836 AB 5.546445477153561 1.1941964640227085
61455.2128 lsst_hardware_z 63.5698162428474 56.650001525878906 30.950000762939453 AB 3.2524697606916675 1.2384463629477906
61455.2328 lsst_hardware_r -25.116619098011242 70.05999755859375 31.6200008392334 AB 3.0324959302272143 1.1548332697383952
61457.2198 lsst_hardware_y -91.65196263710298 82.05999755859375 30.760000228881836 AB 6.553418912136153 1.1834616545618335
61459.2133 lsst_hardware_r -221.6675639526207 106.20999908447266 31.6299991607666 AB 13.887228110906637 1.1876700637917788
