data/validation/pwv_sim_epoch_fit_seasonal/32039397.ecsv
# %ECSV 0.9
# ---
# datatype:
# - {name: time, datatype: float64}
# - {name: band, datatype: string}
# - {name: flux, datatype: float64}
# - {name: fluxerr, datatype: float64}
# - {name: zp, datatype: float64}
# - {name: zpsys, datatype: string}
# - {name: pwv, datatype: float64}
# - {name: airmass, datatype: float64}
# meta: {SNID: '32039397', alt: 1024.0, c: 0.073736272752285, dec: -64.948082, lat: -30.244573, lon: -70.7499537, ra: 338.492645, t0: 61700.72265625,
#   x0: 3.4939437994733336e-05, x1: 0.5190197825431824, z: 0.26964327692985535}
# schema: astropy-2.0
time band flux fluxerr zp zpsys pwv airmass
61561.4184 lsst_hardware_u 2.153430246969196 2.700000047683716 28.389999389648438 AB 5.353524001349371 1.216710000306675
61561.4305 lsst_hardware_y 76.81867741614718 50.689998626708984 30.0 AB 5.343031300575003 1.214325295585228
61563.4243 lsst_hardware_r -9.606270987832863 22.760000228881836 31.459999084472656 AB 1.1124726442457926 1.2143793078276641
61563.4376 lsst_hardware_y -31.35173283876791 63.619998931884766 30.0 AB 1.1155407325965223 1.215185983220681
61572.4135 lsst_hardware_z -75.69627270848395 61.45000076293945 31.690000534057617 AB 8.5069715719225 1.2152816531317858
61574.4039 lsst_hardware_r -25.062959419367743 87.9000015258789 31.610000610351562 AB 5.721479608243614 1.2145795941643676
61574.4175 lsst_hardware_z 81.21051913520326 64.25 30.959999084472656 AB 5.969546451523633 1.2182747860252312
61576.3874 lsst_hardware_r 80.1087830803583 98.86000061035156 31.610000610351562 AB 4.629019286490974 1.2145141010099412
61576.402 lsst_hardware_i -107.55858431618756 77.58999633789062 31.299999237060547 AB 4.646365675141886 1.2151597093039541
61578.4035 lsst_hardware_z -28.03154720896485 60.2400016784668 30.950000762939453 AB 2.5558799542053396 1.2170856924787332
61578.4155 lsst_hardware_i 106.0669231140844 63.380001068115234 31.290000915527344 AB 2.5680555213474654 1.222883581594031
61580.4005 lsst_hardware_z 76.1960238048427 74.18000030517578 31.690000534057617 AB 4.742047364940807 1.2180176882914806
61582.4074 lsst_hardware_r 16.093609353939858 38.029998779296875 31.559999465942383 AB 6.613409038621239 1.2247053775224517
61582.4219 lsst_hardware_i -39.04429649335087 39.2400016784668 31.25 AB 7.187158572870713 1.2368905299800448
61587.4257 lsst_hardware_g 8.078689455973167 13.8100004196167 31.329999923706055 AB 11.766583277827158 1.2580096163036876
61587.4365 lsst_hardware_r 2.236592381139253 25.149999618530273 31.459999084472656 AB 11.945222398657013 1.2747916187958537
61591.401 lsst_hardware_z 85.09662009199323 43.41999816894531 30.93000030517578 AB 5.029728796977482 1.2407339876604404
61591.4128 lsst_hardware_i 4.6883025805471 31.600000381469727 31.209999084472656 AB 5.323809310013602 1.2552453427679213
61593.3955 lsst_hardware_u 0.5101065505365842 2.680000066757202 28.389999389648438 AB 1.7926941755730534 1.2406903573952732
61593.4076 lsst_hardware_g -8.708376362540644 13.369999885559082 31.350000381469727 AB 1.927768340576632 1.2556024797503031
61596.1588 lsst_hardware_u -2.6949677739151974 2.759999990463257 28.100000381469727 AB 14.716818816686379 1.631576365486295
61596.1702 lsst_hardware_g 9.057153559659458 16.59000015258789 31.309999465942383 AB 14.287543919205202 1.5714268551437829
61598.3132 lsst_hardware_i 26.222552573985084 31.309999465942383 31.219999313354492 AB 9.340113650113192 1.2182756934930252
61598.3256 lsst_hardware_z 2.760562545207952 43.0099983215332 30.93000030517578 AB 9.382396905655916 1.2147463221435484
61607.0929 lsst_hardware_z -136.7168913061211 105.37000274658203 31.6299991607666 AB 10.603423325694399 1.8713024282065531
61611.3378 lsst_hardware_y 30.209252700599407 50.130001068115234 29.979999542236328 AB 6.809542309895046 1.232217563428192
61611.349 lsst_hardware_r -50.131395968901245 39.810001373291016 31.549999237060547 AB 6.8619599019101365 1.2436531516352283
61617.343 lsst_hardware_r 6.5754435889242195 22.950000762939453 31.450000762939453 AB 4.919667310124637 1.2568875393122343
61617.3553 lsst_hardware_g -6.6258983950366135 13.350000381469727 31.31999969482422 AB 5.044184153917728 1.2759857044355314
61619.3462 lsst_hardware_r -5.9196143928826706 23.0 31.459999084472656 AB 1.8280758728288362 1.2699380846327448
61619.3584 lsst_hardware_i 24.159375838561253 32.13999938964844 31.219999313354492 AB 1.8630846529098446 1.2915664838194645
61622.236 lsst_hardware_g -8.196677065163916 13.229999542236328 31.31999969482422 AB 1.2782596530445516 1.2246799071085521
61622.2475 lsst_hardware_i 30.371347968220356 31.450000762939453 31.209999084472656 AB 1.3365454934923302 1.218364169090547
61624.2379 lsst_hardware_z 43.408773652324065 43.459999084472656 30.93000030517578 AB 3.864704915623223 1.2203046781254256
61624.2496 lsst_hardware_r 14.045699857817599 22.81999969482422 31.459999084472656 AB 3.8591146370791187 1.215788281568638
61626.2393 lsst_hardware_y -79.34880377299918 49.61000061035156 29.989999771118164 AB 4.082509382690673 1.2172968714694516
61626.2508 lsst_hardware_g 0.2593286084587028 13.489999771118164 31.360000610351562 AB 3.9126528336759527 1.214543794405076
61631.3126 lsst_hardware_r -12.566097222775083 75.9800033569336 31.600000381469727 AB 4.267572101339046 1.2686005057488248
61631.3243 lsst_hardware_i -74.54742894569925 63.869998931884766 31.280000686645508 AB 4.341171142609207 1.2890100883681517
61649.2368 lsst_hardware_u -0.5017668037045038 2.4800000190734863 28.219999313354492 AB 1.9998324115990518 1.2347820395774953
61649.248 lsst_hardware_g -3.7100402645291815 13.180000305175781 31.31999969482422 AB 2.0839328236268804 1.2469306349300706
61651.2438 lsst_hardware_r -10.343088466874121 22.850000381469727 31.459999084472656 AB 0.9188848377829671 1.248484833944249
61651.2552 lsst_hardware_z 14.948568359587338 44.25 30.93000030517578 AB 1.560519427434818 1.264260945801905
61655.2175 lsst_hardware_z 43.93055490224789 43.68000030517578 30.93000030517578 AB 2.34016712966497 1.2320992258678325
61655.2296 lsst_hardware_g -22.77152282761923 13.180000305175781 31.31999969482422 AB 2.331629840780826 1.2445315403154968
61682.0747 lsst_hardware_r 1133.8418106979402 40.78087169122045 31.459999084472656 AB 2.9199549222977073 1.223103150920782
61682.0867 lsst_hardware_i 988.9239158285251 43.86074353623186 31.219999313354492 AB 2.556209850626498 1.217242786012618
61688.074 lsst_hardware_i 4094.684818564672 80.37502735672452 31.280000686645508 AB 2.961354450242728 1.216078755831659
61688.0857 lsst_hardware_z 2760.277602499936 74.41617086220707 30.950000762939453 AB 3.851790715619183 1.2143098094637237
61692.1579 lsst_hardware_r 8691.21240056816 125.77662414724423 31.59000015258789 AB 10.785100964158762 1.2893641066579535
61692.1681 lsst_hardware_i 6378.932864090882 103.52136750835093 31.280000686645508 AB 10.506300788840424 1.3101759307694754
61694.1647 lsst_hardware_z 9575.189893639012 127.77913453343861 31.700000762939453 AB 10.369976586973255 1.3147355419300482
61698.1394 lsst_hardware_r 9874.096837162426 101.99683318747144 31.440000534057617 AB 4.341243644908705 1.2854057377345158
61698.151 lsst_hardware_i 8195.699274228811 98.5654429009411 31.239999771118164 AB 4.387391029324347 1.3086272706275024
61702.1424 lsst_hardware_u 58.76921883522804 8.045780399745691 28.229999542236328 AB 3.770067602881977 1.3137268413213614
61702.1531 lsst_hardware_g 6063.609339929251 78.6205198412778 31.299999237060547 AB 3.786985952798587 1.3392223332326363
61707.1438 lsst_hardware_z 4573.870106331733 79.99859992928087 30.920000076293945 AB 3.8923818421239185 1.3505835677044407
61707.1544 lsst_hardware_u 34.31951680374498 6.362819710474863 28.15999984741211 AB 3.990341859832722 1.380741127969701
61709.0855 lsst_hardware_z 4331.843088588654 77.40142107702034 30.93000030517578 AB 6.3249464449807125 1.2486322070833509
61709.0962 lsst_hardware_r 8742.176802700867 96.25239156470192 31.450000762939453 AB 6.293462019206087 1.2633668612276028
61711.0875 lsst_hardware_u 28.15782529604585 5.31795940231865 28.170000076293945 AB 7.174097177833827 1.258613539970847
61711.1002 lsst_hardware_r 7807.643674004328 92.71472646607975 31.440000534057617 AB 7.183474316966518 1.2787671236255482
61926.4253 lsst_hardware_r 58.535000035402334 22.93000030517578 31.459999084472656 AB 5.346045814097267 1.2150104122948333
61926.4391 lsst_hardware_y 83.45336927174412 69.91000366210938 30.010000228881836 AB 5.343300682962251 1.214386518855057
61928.4279 lsst_hardware_y 21.595964286963575 78.7300033569336 30.75 AB 1.1119560643568116 1.2141467490702904
61947.3844 lsst_hardware_z 24.34825215268246 43.22999954223633 30.93000030517578 AB 6.559523416754238 1.2147265586581921
61947.3988 lsst_hardware_r 46.012460017389444 22.450000762939453 31.450000762939453 AB 6.584080019581444 1.2192740777002673
61950.1958 lsst_hardware_z -9.985463766197489 48.209999084472656 30.8799991607666 AB 9.756116420307594 1.5976391195798403
61954.3569 lsst_hardware_g 1.9785081386885783 13.130000114440918 31.329999923706055 AB 7.9137893289561845 1.2141438062221823
61954.3694 lsst_hardware_i 31.955817479364864 31.209999084472656 31.219999313354492 AB 7.923065909282738 1.215567031187901
61960.3135 lsst_hardware_z -7.921704667599925 69.12999725341797 30.969999313354492 AB 2.1073574298618443 1.2226014870597395
61960.3253 lsst_hardware_r 17.889253959925476 97.83000183105469 31.6200008392334 AB 2.1327194571586614 1.2169583207753423
61962.3272 lsst_hardware_i 79.88684076306582 58.849998474121094 31.290000915527344 AB 10.336390165703088 1.2149738660832534
61962.3397 lsst_hardware_z -58.639352743655174 57.25 30.959999084472656 AB 11.411198084953156 1.2142801899391493
61964.292 lsst_hardware_z 8.645343146520899 50.150001525878906 30.950000762939453 AB 7.504702728533112 1.2302791358251004
61964.3046 lsst_hardware_r -7.813962578128011 49.599998474121094 31.59000015258789 AB 7.450667478337286 1.2214208980880799
61974.3809 lsst_hardware_z 47.26136821485758 44.0099983215332 30.920000076293945 AB 6.6185751958063745 1.281241871133209
61974.392 lsst_hardware_r -19.815339073371252 22.940000534057617 31.43000030517578 AB 6.733797063794092 1.302727232306847
61976.3482 lsst_hardware_r 10.334729037501768 22.75 31.450000762939453 AB 6.847637697286238 1.241863927690649
61976.3594 lsst_hardware_u -2.7213956219525883 2.450000047683716 28.190000534057617 AB 6.9138696640862305 1.2558494182767432
61979.3439 lsst_hardware_i -0.7651987576422212 31.510000228881836 31.209999084472656 AB 3.897445627095226 1.2463849143252628
61979.3565 lsst_hardware_z 5.730940368921653 43.720001220703125 30.920000076293945 AB 3.938683584325036 1.2635122573822777
61981.237 lsst_hardware_i 51.16899996881157 31.610000610351562 31.219999313354492 AB 5.572709001903751 1.2383797782008334
61981.2502 lsst_hardware_z 41.901891637475096 43.43000030517578 30.93000030517578 AB 5.407318066958622 1.2266359818428223
61990.2388 lsst_hardware_r 53.88469267755382 87.19999694824219 31.610000610351562 AB 3.7783183566516616 1.2188123731134393
61990.2514 lsst_hardware_i 113.820098488608 69.4800033569336 31.299999237060547 AB 3.660813539860306 1.2148717499536412
61992.2376 lsst_hardware_z 41.90524355413956 53.25 30.950000762939453 AB 5.523183643085356 1.2170964396397874
61992.2492 lsst_hardware_r -17.229317495362693 60.54999923706055 31.600000381469727 AB 5.425390850671831 1.2144131730658827
61997.3179 lsst_hardware_u 4.883906518297111 4.070000171661377 28.579999923706055 AB 6.063278972035223 1.2808842275970473
61997.3291 lsst_hardware_g -1.9301620986172836 21.670000076293945 31.489999771118164 AB 6.143095018908143 1.3025150227383155
62011.1506 lsst_hardware_r -14.09092354930996 41.02000045776367 31.559999465942383 AB 6.4652506115997666 1.2433174253076473
62011.1616 lsst_hardware_i 20.27184371951053 40.75 31.25 AB 6.407034957393833 1.2321221071911217
62013.2748 lsst_hardware_r -17.337403224534274 58.599998474121094 31.579999923706055 AB 6.343261616505465 1.281941786487682
62013.286 lsst_hardware_i -52.634109495360214 52.2400016784668 31.260000228881836 AB 6.3720689977751785 1.303748132537121
62016.2364 lsst_hardware_r 48.07096492139475 92.77999877929688 31.610000610351562 AB 1.002827893649143 1.2390789460244767
62016.2493 lsst_hardware_i 90.58769109828862 74.18000030517578 31.299999237060547 AB 0.9589732232423949 1.2546531485944983
62017.0518 lsst_hardware_r -138.78721627102698 101.52999877929688 31.559999465942383 AB 2.197665558350708 1.4286016630665492
62017.0589 lsst_hardware_i -16.782383840581826 79.9800033569336 31.270000457763672 AB 2.0897650321852583 1.4044119839954692
62020.2114 lsst_hardware_i 84.07398808135204 59.790000915527344 31.290000915527344 AB 2.2632892254328407 1.2264934386377389
62020.2232 lsst_hardware_z -86.14064490048064 57.900001525878906 30.950000762939453 AB 2.3151749467255427 1.2367387535927046
62030.135 lsst_hardware_i 36.63165684020399 31.219999313354492 31.229999542236328 AB 0.6148573293033539 1.2167361397823626
62030.1463 lsst_hardware_z 57.854515332696195 43.0 30.93000030517578 AB 0.704332732489574 1.214366780154438
62033.2241 lsst_hardware_r -17.538066937186976 22.739999771118164 31.440000534057617 AB 7.497484303249999 1.289187419599358
62033.2368 lsst_hardware_z -9.78662800401927 44.5099983215332 30.920000076293945 AB 7.672395670184489 1.315530935361556
62035.2012 lsst_hardware_i -12.10751445435879 31.780000686645508 31.229999542236328 AB 2.8478946468602007 1.2599909951820376
62035.2128 lsst_hardware_r 18.71302314205388 22.799999237060547 31.450000762939453 AB 2.510736680198615 1.2785419122590018
62037.2035 lsst_hardware_u -1.273031560498937 2.5199999809265137 28.25 AB 4.791725710576219 1.272027000418428
62037.2157 lsst_hardware_g -9.526272454986351 13.25 31.31999969482422 AB 4.972684327330723 1.2940712163421382
62039.2067 lsst_hardware_r 28.54339984465012 26.899999618530273 31.469999313354492 AB 4.343907785366614 1.287274495589494
62039.2189 lsst_hardware_i -9.081857107514454 34.349998474121094 31.209999084472656 AB 4.078175435157703 1.3121542584162493
62041.2244 lsst_hardware_z -46.05084084243931 51.15999984741211 30.93000030517578 AB 5.053578350646287 1.3381054767817109
62041.236 lsst_hardware_r 35.89707593754743 45.2599983215332 31.540000915527344 AB 5.118656102940733 1.3695400944321137
62043.177 lsst_hardware_i -29.724739594021724 55.54999923706055 31.280000686645508 AB 5.307636273002935 1.25664184508001
62048.0791 lsst_hardware_i -113.42233414250815 65.51000213623047 31.299999237060547 AB 3.4344919592294567 1.2194905761258863
62048.0917 lsst_hardware_z -52.80689472740714 60.56999969482422 30.959999084472656 AB 4.285346826435328 1.2151841277287192
62050.0763 lsst_hardware_r -44.20262132297413 55.720001220703125 31.59000015258789 AB 5.213085861324511 1.218295363711406
62050.0895 lsst_hardware_g 34.21866406327595 64.68000030517578 31.649999618530273 AB 9.369261544526559 1.2146313743385653
62052.0728 lsst_hardware_r -1.0400028362740157 22.729999542236328 31.469999313354492 AB 4.317303252609939 1.2175136076161632
62052.085 lsst_hardware_i -17.27181540306641 31.56999969482422 31.229999542236328 AB 7.269266949365051 1.2145133018542633
62057.1561 lsst_hardware_i 33.27777977574928 32.2400016784668 31.219999313354492 AB 10.674637669210876 1.2846047979314303
62057.1678 lsst_hardware_r -2.3182528969475142 23.149999618530273 31.440000534057617 AB 10.438515427387534 1.307920740181576
62059.1387 lsst_hardware_z -53.89426416198851 44.290000915527344 30.93000030517578 AB 9.862885100832484 1.2645399990383013
62059.1502 lsst_hardware_u 1.0924028050314232 2.5799999237060547 28.280000686645508 AB 10.089096371903313 1.283804214652879
62064.1435 lsst_hardware_g 0.21430414622657698 13.4399995803833 31.329999923706055 AB 3.4356788768159543 1.2971352416875752
62064.1541 lsst_hardware_r -22.021135618314844 23.200000762939453 31.440000534057617 AB 3.475133069657428 1.3200049644176557
62065.1403 lsst_hardware_i -32.28506636885853 32.029998779296875 31.209999084472656 AB 4.826060708983892 1.2961957185211557
62065.1518 lsst_hardware_z 25.182534924157945 44.58000183105469 30.920000076293945 AB 4.958713139459515 1.3210025013545164
62067.1425 lsst_hardware_i 6.5239331118254125 33.31999969482422 31.209999084472656 AB 3.8043844844388963 1.3123092391993434
62067.1537 lsst_hardware_u 0.16462674836082788 2.630000114440918 28.229999542236328 AB 3.804770753903926 1.3388829960073638
62070.1432 lsst_hardware_g -22.743084076978995 38.93000030517578 31.56999969482422 AB 4.883613562043805 1.3331065228509023
62070.1544 lsst_hardware_r -7.7599391782471585 42.72999954223633 31.540000915527344 AB 5.110061033468422 1.36268294225787
62075.0836 lsst_hardware_y 7.838107418846911 53.2400016784668 29.989999771118164 AB 6.85697015832711 1.2487084285593377
62075.0947 lsst_hardware_r 77.20841869414961 72.95999908447266 31.600000381469727 AB 6.934552070001327 1.2640836220569356
62077.0859 lsst_hardware_i -10.077147755453352 63.86000061035156 31.290000915527344 AB 5.050427872417532 1.2591443212210252
62077.0975 lsst_hardware_z 21.88071111109756 60.290000915527344 30.959999084472656 AB 5.23440929617675 1.2775160989692687
62079.0881 lsst_hardware_r -92.74995474474521 69.91000366210938 31.59000015258789 AB 4.8923240313028105 1.2708985663859749
62079.0987 lsst_hardware_g 38.5336697650992 79.62999725341797 31.6200008392334 AB 4.949817626034923 1.2896307158890763
62081.0865 lsst_hardware_r -25.099455055315566 23.06999969482422 31.440000534057617 AB 5.831052171909836 1.2773855573937505
62081.0982 lsst_hardware_i 34.35124753534234 32.2400016784668 31.209999084472656 AB 5.940960955006665 1.2994227810600167
