data/validation/pwv_sim_epoch_fit_seasonal/32118529.ecsv
# %ECSV 0.9
# ---
# datatype:
# - {name: time, datatype: float64}
# - {name: band, datatype: string}
# - {name: flux, datatype: float64}
# - {name: fluxerr, datatype: float64}
# - {name: zp, datatype: float64}
# - {name: zpsys, datatype: string}
# - {name: pwv, datatype: float64}
# - {name: airmass, datatype: float64}
# meta: {SNID: '32118529', alt: 1024.0, c: -0.08521073311567307, dec: -15.713861, lat: -30.244573, lon: -70.7499537, ra: 268.417969, t0: 61861.46875,
#   x0: 1.604238772232101e-05, x1: 0.9319767355918884, z: 0.37666288018226624}
# schema: astropy-2.0
time band flux fluxerr zp zpsys pwv airmass
[from data line 133]
62320.2224 lsst_hardware_i 10.934475079775257 35.61000061035156 31.260000228881836 AB 7.405520324498484 1.1018753117666684
62320.2349 lsst_hardware_z 7.283116661594213 45.13999938964844 30.940000534057617 AB 7.631601353948917 1.1355141506185618
62324.1743 lsst_hardware_r 1.641141276526609 24.239999771118164 31.510000228881836 AB 2.3318512893935344 1.043022792333473
62324.194 lsst_hardware_g -9.860751592968949 15.350000381469727 31.450000762939453 AB 2.3807745277570427 1.0671333607158418
62326.1544 lsst_hardware_r 11.99574125899219 24.290000915527344 31.520000457763672 AB 3.300209399960173 1.0345484012414334
62326.1742 lsst_hardware_i -32.61454576272076 31.68000030517578 31.260000228881836 AB 2.670930479229472 1.0481087557472977
62329.1226 lsst_hardware_z 47.798329962230554 58.88999938964844 31.700000762939453 AB 7.438965906972287 1.0366451932793939
62329.1441 lsst_hardware_i -73.01349769920145 44.459999084472656 32.0099983215332 AB 5.510875183964764 1.0339353065600334
62331.1175 lsst_hardware_u 1.2523717925962812 2.799999952316284 28.469999313354492 AB 7.7738292723819225 1.0364645045618242
62331.1391 lsst_hardware_g -5.446164010117117 15.3100004196167 31.469999313354492 AB 7.762829521436777 1.0340558383904417
62333.1198 lsst_hardware_r 4.051463753803011 24.0 31.510000228881836 AB 3.9022234085472665 1.0337015651780839
62333.1397 lsst_hardware_i -12.068332022164245 31.299999237060547 31.25 AB 2.9095326534529704 1.0363428863590278
62335.1332 lsst_hardware_z 90.41376853333473 60.439998626708984 31.700000762939453 AB 2.559259933443534 1.0358580410591745
62344.0827 lsst_hardware_r 86.45352849808918 85.69999694824219 31.649999618530273 AB 3.601846274812977 1.036129816558929
62344.1033 lsst_hardware_z 73.10563104192609 62.20000076293945 30.979999542236328 AB 3.11140618516934 1.033976023872392
62346.0794 lsst_hardware_r 77.46581962976416 42.470001220703125 31.6200008392334 AB 4.026923972228355 1.0351989645831245
62346.0994 lsst_hardware_i -0.09259735325179287 45.54999923706055 31.309999465942383 AB 3.7384063175028 1.034423441478362
62349.0567 lsst_hardware_i -22.59208985330172 31.309999465942383 31.260000228881836 AB 3.9431433674087137 1.0446796575463542
62349.0777 lsst_hardware_z -0.4073851942760204 41.470001220703125 30.950000762939453 AB 3.917361249005968 1.0334000524977822
62353.0488 lsst_hardware_g -23.957581248791467 15.100000381469727 31.459999084472656 AB 2.2925614231828284 1.042073374174013
62353.0658 lsst_hardware_r -4.6578788626967 23.940000534057617 31.510000228881836 AB 2.273867228768171 1.0335760130764413
62357.0532 lsst_hardware_r -13.53852674821701 34.099998474121094 32.279998779296875 AB 4.077233660397229 1.033956126897015
62357.0737 lsst_hardware_g 17.233520320624663 21.579999923706055 32.220001220703125 AB 4.134984361849629 1.0361205333513372
62363.0204 lsst_hardware_i -7.667651537666954 32.68000030517578 31.270000457763672 AB 4.2256283336661635 1.0429787322389643
62363.0406 lsst_hardware_z 3.6224064754465406 42.25 30.959999084472656 AB 4.161631841154042 1.0332398587683056
62365.0177 lsst_hardware_r 57.18219083725351 43.790000915527344 31.6200008392334 AB 4.118453499366192 1.0407800777591725
62365.0352 lsst_hardware_z 22.024887252006973 47.2599983215332 30.969999313354492 AB 4.0868655012257635 1.0332326138145826
62370.0144 lsst_hardware_i 58.91627735143481 79.72000122070312 31.34000015258789 AB 3.116717550070029 1.0349958656420286
62370.0358 lsst_hardware_z -4.395882514032354 70.66999816894531 30.989999771118164 AB 3.1140921422681904 1.0350979366023567
62372.009 lsst_hardware_r -25.10171525681101 87.98999786376953 31.65999984741211 AB 3.0860308637529292 1.0349730405811786
62372.0296 lsst_hardware_z -77.44857580552667 63.18000030517578 30.989999771118164 AB 3.0907625479285628 1.0348246582166445
62372.9991 lsst_hardware_r -28.11387032707467 63.119998931884766 31.639999389648438 AB 5.119541419996484 1.0385518653000272
62373.0142 lsst_hardware_i 48.22696339132388 59.939998626708984 31.329999923706055 AB 4.520519161639068 1.0331434491233158
62378.9863 lsst_hardware_y -4.1994833461312835 48.459999084472656 30.049999237060547 AB 2.9188776003747776 1.0365332387694524
62379.0038 lsst_hardware_u 2.1598593805423483 2.819999933242798 28.469999313354492 AB 2.7862821668636863 1.0332319531014906
62380.9866 lsst_hardware_y -49.38440705548333 47.9900016784668 30.049999237060547 AB 2.4173872308196813 1.0342500987534289
62381.004 lsst_hardware_r 3.6798319984744183 24.5 31.510000228881836 AB 1.6474065162081457 1.0344781891416928
62383.9852 lsst_hardware_z -70.91953172987311 73.98999786376953 31.719999313354492 AB 2.020079867809092 1.0330687583085065
62385.9766 lsst_hardware_y -81.82574562769656 71.44000244140625 30.06999969482422 AB 2.162759576842122 1.0334122370831194
62385.9952 lsst_hardware_g -9.210892088487123 16.290000915527344 31.489999771118164 AB 2.1683420775296347 1.0364511025833745
