data/validation/pwv_sim_epoch_fit_seasonal/32148462.ecsv
# %ECSV 0.9
# ---
# datatype:
# - {name: time, datatype: float64}
# - {name: band, datatype: string}
# - {name: flux, datatype: float64}
# - {name: fluxerr, datatype: float64}
# - {name: zp, datatype: float64}
# - {name: zpsys, datatype: string}
# - {name: pwv, datatype: float64}
# - {name: airmass, datatype: float64}
# meta: {SNID: '32148462', alt: 1024.0, c: -0.04428642615675926, dec: -33.868706, lat: -30.244573, lon: -70.7499537, ra: 55.371094, t0: 62060.39453125,
#   x0: 4.960858083569914e-06, x1: -0.24265716969966888, z: 0.6152915954589844}
# schema: astropy-2.0
time band flux fluxerr zp zpsys pwv airmass
61986.3752 lsst_hardware_r -24.984109461771435 64.4800033569336 31.610000610351562 AB 2.443430987758722 1.1916269142934515
61986.3918 lsst_hardware_y 149.69857001251478 50.290000915527344 30.020000457763672 AB 2.2775979089211553 1.1322882967542407
61992.3721 lsst_hardware_r -47.452296496826094 60.45000076293945 31.6200008392334 AB 5.844862679794321 1.143007221901339
61992.3912 lsst_hardware_i -31.380684029355702 50.47999954223633 31.309999465942383 AB 5.6591296258551935 1.0882941588183064
61995.3674 lsst_hardware_z 41.80106473864036 65.87000274658203 31.709999084472656 AB 5.296414137785643 1.1317527271880714
61997.3705 lsst_hardware_r 23.287999234275745 28.639999389648438 31.549999237060547 AB 6.182684329669083 1.1065867010116786
61997.3899 lsst_hardware_i 27.880328356636745 33.11000061035156 31.270000457763672 AB 5.222165435357857 1.0610922351636405
62009.3121 lsst_hardware_z -18.429206919810106 43.04999923706055 30.93000030517578 AB 3.594034911609197 1.1928756448433238
62009.3302 lsst_hardware_r 14.327769384682838 22.1299991607666 31.469999313354492 AB 3.3954066999984462 1.128573259839386
62011.3344 lsst_hardware_r -28.743027433853158 22.049999237060547 31.479999542236328 AB 7.717770156545036 1.1008610911770211
62011.3517 lsst_hardware_i -14.766718667128702 30.030000686645508 31.25 AB 7.480766152490795 1.0610514139980325
62016.3233 lsst_hardware_r 65.32390129412398 71.75 31.639999389648438 AB 1.7368191716566261 1.0942316406719963
62016.3411 lsst_hardware_z 33.11156502170657 54.34000015258789 30.979999542236328 AB 1.0567198241122226 1.0552249221391923
62020.3151 lsst_hardware_z 42.49722771559309 57.70000076293945 30.979999542236328 AB 2.0194155785055763 1.0874612700622381
62020.3339 lsst_hardware_i -174.71082082497898 60.970001220703125 31.31999969482422 AB 2.399132581739247 1.0485719325785319
62027.2867 lsst_hardware_r 9.726961532118636 23.280000686645508 31.489999771118164 AB 2.220053450186263 1.111879858190115
62027.3137 lsst_hardware_i 17.709179509214273 31.0 31.25 AB 1.7229452054248866 1.0504695897316654
62030.2692 lsst_hardware_u -1.7901593823064028 2.663901150663774 28.40999984741211 AB 2.2513985343753222 1.1402372926691933
62030.2892 lsst_hardware_r -32.304028139322014 21.76329666297074 31.479999542236328 AB 2.140904055434529 1.0840935380713288
62031.2512 lsst_hardware_g 11.308728524309817 13.083554307428505 31.34000015258789 AB 1.9621190691720358 1.1962924921280575
62031.2697 lsst_hardware_i -35.39211116861215 30.616359200529892 31.229999542236328 AB 1.8142972498636452 1.1299339318229054
62033.2572 lsst_hardware_z -18.943045284881887 42.71933576488309 30.940000534057617 AB 7.95608800006903 1.1530562318940623
62033.2749 lsst_hardware_r -17.85543389217976 22.023244670455906 31.479999542236328 AB 7.585711010676064 1.099378407344357
62035.2547 lsst_hardware_u 2.069951143037939 2.667714818743197 28.420000076293945 AB 1.7385527367795677 1.1430327000523128
62035.2714 lsst_hardware_g 0.0047269200541915106 13.246220120978625 31.389999389648438 AB 1.8253009491645482 1.0943051253984102
62039.2381 lsst_hardware_i 212.8900666543976 34.350602973495654 31.229999542236328 AB 3.603095187687602 1.162663823067958
62039.2559 lsst_hardware_z 89.80754496559555 43.723142381469536 30.940000534057617 AB 3.492030395231355 1.1064150800754147
62041.1966 lsst_hardware_i 432.2536563357573 44.307704669363545 31.239999771118164 AB 6.088464276036012 1.3334836888562174
62041.2171 lsst_hardware_z 277.0809396768906 49.3498278719315 30.940000534057617 AB 4.576010567432139 1.2255803327570152
62046.1952 lsst_hardware_i 699.4550523824314 72.76172551868792 31.280000686645508 AB 3.582638988417504 1.2652050577105287
62046.2292 lsst_hardware_r 1094.5012900167344 87.85034695150188 31.6299991607666 AB 3.64121481149811 1.12853395676371
62048.2171 lsst_hardware_z 738.7065831115038 70.31485858027568 30.969999313354492 AB 7.744665795459593 1.150126719206831
62048.238 lsst_hardware_r 1444.118593792609 99.75693134094898 31.649999618530273 AB 7.368920660825079 1.0890701142915322
62050.2161 lsst_hardware_i 1226.3336003764232 72.46183408577264 31.309999465942383 AB 4.549573514844208 1.1353828049940218
62050.2373 lsst_hardware_z 830.2322823920795 64.91309986897089 30.979999542236328 AB 4.425350266670354 1.077820239497685
62052.2349 lsst_hardware_z 914.1822139713527 58.6338718281728 30.969999313354492 AB 3.268970677506873 1.0710620649853686
62052.2553 lsst_hardware_r 1697.0463290044922 69.53232144891624 31.639999389648438 AB 2.662964854995431 1.0347973919220612
62054.1951 lsst_hardware_u 3.721826081123244 3.9095228447171926 28.579999923706055 AB 4.518377929029321 1.1701600299627668
62054.2154 lsst_hardware_g 511.09818957569945 33.62542655803781 31.59000015258789 AB 3.978647851810685 1.1051799588363014
62055.2066 lsst_hardware_z 999.3141557119712 52.051481798328474 30.950000762939453 AB 7.004611666246699 1.1225339208730174
62055.2262 lsst_hardware_r 1697.577287079484 46.55810406904481 31.489999771118164 AB 5.896891285449785 1.0721620518999608
62057.2069 lsst_hardware_u 2.982487026479469 2.84263347810976 28.360000610351562 AB 9.100374158415447 1.1060250557140794
62057.2248 lsst_hardware_g 378.5900094139131 24.324066778491595 31.3799991607666 AB 6.7011260824348895 1.0636708067356968
62059.2106 lsst_hardware_r 1710.8014283510627 46.898368556425346 31.489999771118164 AB 7.764585300446392 1.0827380582808754
62059.2302 lsst_hardware_i 1446.247597733838 48.04759758813722 31.25 AB 7.438771054350855 1.043928155541642
62067.1908 lsst_hardware_g 219.3151494486797 19.92328868507717 31.399999618530273 AB 2.630812692689163 1.0780178354881325
62067.2088 lsst_hardware_i 1328.792326400292 46.6423067708636 31.25 AB 1.5439561982179795 1.0432136474458935
62075.1173 lsst_hardware_r 912.2982543846148 86.79644997236011 31.600000381469727 AB 6.787882751614201 1.2587636071607233
62075.1359 lsst_hardware_i 1010.0103837827845 71.45058773069056 31.299999237060547 AB 5.441257717845488 1.1771881048938262
62077.1274 lsst_hardware_z 1775.769903769571 105.10173192388929 31.729999542236328 AB 4.650112780513596 1.1890590757562096
62081.1203 lsst_hardware_i 768.2312672490082 50.410366089153996 31.270000457763672 AB 5.340544470676877 1.174219166113132
62081.1388 lsst_hardware_z 750.5249764333396 55.51116860236692 30.959999084472656 AB 4.967180338966131 1.1132183637306432
62086.1451 lsst_hardware_r 380.1199901617169 29.2705063840175 31.469999313354492 AB 4.5201360158729615 1.0647305313773183
62086.1634 lsst_hardware_z 538.9777912165483 47.159982732834905 30.950000762939453 AB 4.3689144320176325 1.0334918227450636
62090.1221 lsst_hardware_g 161.03907162268374 21.192438432940936 32.11000061035156 AB 6.319508836015615 1.092128203006841
62090.1415 lsst_hardware_r 499.3580920810252 39.02844179880939 32.22999954223633 AB 6.188901426838521 1.0508216076697878
62096.1049 lsst_hardware_z 330.62676068124415 46.28752385301479 30.940000534057617 AB 4.180008180893046 1.094195239534036
62096.1224 lsst_hardware_r 195.23864493488043 26.340619916603572 31.489999771118164 AB 4.03387528956741 1.0557579820024328
62100.1085 lsst_hardware_r 171.29051059529812 39.125672283532865 31.59000015258789 AB 3.77619527512324 1.061474427300981
62100.1258 lsst_hardware_i 320.36375402688697 40.34749452226554 31.280000686645508 AB 5.373365668868148 1.0326279651268802
62105.0357 lsst_hardware_y 68.48161108160988 57.44085202430665 29.979999542236328 AB 9.35364356284032 1.257210156295742
62105.0522 lsst_hardware_z 352.5292922071661 64.23885185954212 30.969999313354492 AB 9.834046216686916 1.1841115251880692
62107.0354 lsst_hardware_y 90.58120636975056 58.94954089470187 30.0 AB 8.271385361504779 1.2324453897252121
62107.0518 lsst_hardware_z 312.3972551735307 67.94446929326087 30.979999542236328 AB 7.724388978176232 1.1649885139065979
62110.0397 lsst_hardware_y 257.4911854351245 51.89728440548963 30.0 AB 3.780717980770533 1.1796311952482161
62110.0609 lsst_hardware_r 100.13930547152775 24.3851336419891 31.479999542236328 AB 3.7607198531761923 1.1096023760934424
62112.0404 lsst_hardware_y 159.24305182829247 51.02212334610372 30.010000228881836 AB 4.249778331424885 1.156926950478644
62112.0623 lsst_hardware_r 86.2911124342792 24.100825003485816 31.479999542236328 AB 3.3038323527763547 1.0914543616704178
62114.041 lsst_hardware_z 230.56039664621812 47.47390233024944 30.950000762939453 AB 8.182494993481876 1.1365365641338812
62114.0627 lsst_hardware_g 22.334406713206707 13.82477996475684 31.389999389648438 AB 7.909161976193937 1.077505803779441
62116.0433 lsst_hardware_y 163.59611762558572 50.45555582926624 30.030000686645508 AB 15.132936870494513 1.1130364899568674
62116.067 lsst_hardware_i 176.3035201626587 32.47420537887745 31.260000228881836 AB 14.354228594047616 1.0572459743719242
62118.0421 lsst_hardware_y 130.33832506602312 50.3123265100987 30.020000457763672 AB 8.700281522259868 1.1013014585139071
62118.0636 lsst_hardware_r 96.56339958408844 23.491226625989455 31.469999313354492 AB 8.322018071247197 1.0534200090186325
62120.0448 lsst_hardware_y 68.59227485711547 49.67659675544811 30.030000686645508 AB 10.81478587409999 1.080983631534754
62120.0678 lsst_hardware_g 12.775779769879918 13.591721306781375 31.3799991607666 AB 10.382380051040208 1.0374745302573904
62122.0443 lsst_hardware_y 81.67734953838344 50.58970824439979 30.040000915527344 AB 4.330334263610013 1.069944842450968
62122.0669 lsst_hardware_z 344.7740604100845 42.671146077626666 30.940000534057617 AB 4.1396449110816915 1.0310448097339207
62124.0443 lsst_hardware_y 231.0446472892285 51.90777521757667 30.049999237060547 AB 5.573680220646077 1.0588801179098022
62124.0655 lsst_hardware_u -2.680170429181499 3.13912111817123 28.510000228881836 AB 5.54878693281364 1.0258908126305029
62126.0432 lsst_hardware_z 101.81062005742528 48.10328217926484 30.969999313354492 AB 5.722118855396742 1.0508298583613018
62126.0649 lsst_hardware_r 98.78632800264297 24.31652846498528 31.510000228881836 AB 5.568385112897735 1.020411418892827
62128.0427 lsst_hardware_y 102.22762497775608 52.842543497384156 30.049999237060547 AB 6.689828071772461 1.0424893756495202
62128.0628 lsst_hardware_z 274.6195539259079 43.36568678557345 30.950000762939453 AB 6.562538573546382 1.017053634024978
62129.043 lsst_hardware_y 28.508352988334515 55.10501783202818 30.059999465942383 AB 7.442829524753433 1.0378102985945428
62129.0634 lsst_hardware_z 131.46486901638585 44.470332894546274 30.959999084472656 AB 7.213740000562969 1.014067756979003
62347.3813 lsst_hardware_z -66.0027054090361 72.75 31.700000762939453 AB 5.77609824947858 1.2147420083025406
62348.3768 lsst_hardware_r 35.839377553073746 47.84000015258789 31.579999923706055 AB 5.5295836490653665 1.222570313934305
62348.3976 lsst_hardware_i 52.945722442025954 43.75 31.280000686645508 AB 5.147546907844698 1.1422071541075516
62351.3756 lsst_hardware_z -59.79172396172883 44.61000061035156 30.93000030517578 AB 3.2217244877398983 1.1927895178600143
62351.3948 lsst_hardware_r -3.7043833380979625 29.229999542236328 31.530000686645508 AB 3.0566203757858466 1.125136334645097
62352.376 lsst_hardware_z 9.707704294290968 43.470001220703125 30.940000534057617 AB 2.395042038954709 1.1804051448766433
62352.3971 lsst_hardware_g 1.9227277189592529 18.360000610351562 31.5 AB 2.24142295849328 1.1104399100784146
62354.3782 lsst_hardware_r 29.760111069471233 22.649999618530273 31.459999084472656 AB 3.325437463763228 1.152398335600056
62354.3984 lsst_hardware_z -13.078742760922939 41.72999954223633 30.940000534057617 AB 3.143814184150424 1.0924556282340108
62356.3737 lsst_hardware_r -44.848820291928014 22.68000030517578 31.479999542236328 AB 2.8561070656594114 1.1491076506374618
62356.3923 lsst_hardware_u -3.867813043199298 2.6700000762939453 28.420000076293945 AB 1.531703988700516 1.0940742776432257
62358.3194 lsst_hardware_g -6.942321507141829 13.470000267028809 31.299999237060547 AB 6.7127548555477015 1.3915329302544988
62358.3364 lsst_hardware_r 11.145022472486403 23.040000915527344 31.450000762939453 AB 6.59972285804113 1.2871647753298263
62362.3465 lsst_hardware_z 48.73957950489176 43.34000015258789 30.93000030517578 AB 4.161670799694847 1.1890487999128134
62362.3651 lsst_hardware_r 17.53193880182639 22.389999389648438 31.469999313354492 AB 3.9344718660626787 1.124134818875051
62367.3531 lsst_hardware_y 83.78319136694694 47.83000183105469 30.020000457763672 AB 2.60524201650308 1.1192104033951584
62367.3711 lsst_hardware_g -5.697547959014162 13.09000015258789 31.399999618530273 AB 2.5700677616072705 1.0732092124886818
62369.3512 lsst_hardware_r -5.144762724800105 50.189998626708984 31.610000610351562 AB 2.0403035172037813 1.1090112880574976
62369.3703 lsst_hardware_i -34.35933008004125 42.70000076293945 31.299999237060547 AB 1.9378368225120148 1.0634308259086376
62371.3648 lsst_hardware_z -17.42243257323611 56.099998474121094 30.969999313354492 AB 2.1488242048846637 1.063511113528663
62371.3844 lsst_hardware_r -0.4063134984107959 72.9000015258789 31.649999618530273 AB 2.3600665098299096 1.0308968447131233
62378.3177 lsst_hardware_z 25.343361962064844 96.4800033569336 32.45000076293945 AB 3.471941886986539 1.13570403826737
62380.3377 lsst_hardware_y 66.27283179677765 47.63999938964844 30.040000915527344 AB 0.8637933293631724 1.0687204817359255
62380.3559 lsst_hardware_g -18.387978040367965 27.049999237060547 31.6299991607666 AB 0.8518196873383777 1.0363820590145525
62382.3295 lsst_hardware_g -2.075968675585098 14.5 31.420000076293945 AB 1.6452702105033785 1.0746376293294437
62382.3464 lsst_hardware_r -27.419490455755913 23.149999618530273 31.5 AB 1.0717494373803924 1.0425578184633117
62387.2762 lsst_hardware_i -59.518643961074496 31.049999237060547 31.219999313354492 AB 3.3766375134486912 1.197353806370506
62387.2969 lsst_hardware_z 24.1728061743342 41.810001373291016 30.940000534057617 AB 3.1471445630107646 1.123980201075273
62389.2749 lsst_hardware_i 5.189781837853578 31.270000457763672 31.219999313354492 AB 4.078694445339931 1.1807472098832184
62389.2935 lsst_hardware_u 3.0517986133902024 2.5399999618530273 28.31999969482422 AB 3.1678217066652525 1.117857451037553
62390.2704 lsst_hardware_g 18.84702464990609 13.109999656677246 31.350000381469727 AB 3.2871284807900465 1.1876894426556834
62390.2892 lsst_hardware_r 31.75605527588223 22.09000015258789 31.479999542236328 AB 3.0865162150858656 1.122505594042623
62395.2755 lsst_hardware_z -41.91688765959097 42.040000915527344 30.940000534057617 AB 4.572570465644743 1.1226541776687315
62395.2947 lsst_hardware_g -2.9737478378914113 12.930000305175781 31.3799991607666 AB 2.802270162265377 1.0731185201424727
62399.2336 lsst_hardware_r -45.019135097403634 68.52999877929688 31.600000381469727 AB 7.201344862449194 1.2408623869129751
62399.2489 lsst_hardware_i -63.55113254182685 55.41999816894531 31.290000915527344 AB 6.883674891006976 1.1757586354486977
62409.1423 lsst_hardware_r 15.30428335073774 33.7599983215332 32.11000061035156 AB 7.194324558023659 1.7487419927135779
62409.1641 lsst_hardware_z -3.8916891352588725 65.5999984741211 31.649999618530273 AB 6.330481965897956 1.5176159419605137
62411.2177 lsst_hardware_z -0.049904308777046345 42.709999084472656 30.93000030517578 AB 3.9475208335290515 1.1698957793669857
62411.2397 lsst_hardware_i -13.234827473234626 30.40999984741211 31.239999771118164 AB 3.7331831414226686 1.100422444044901
62413.1495 lsst_hardware_u 0.6094091242226253 2.309999942779541 27.989999771118164 AB 2.827213487802055 1.5511412698256486
62413.1687 lsst_hardware_g -1.787937684412278 13.25 31.280000686645508 AB 3.1267194034294796 1.3953377776554017
62416.191 lsst_hardware_i -7.058777004490533 31.459999084472656 31.219999313354492 AB 5.558731397613635 1.2232674999333142
62416.21 lsst_hardware_z 45.12346040737151 42.279998779296875 30.940000534057617 AB 4.5988445193116645 1.148753834965445
62418.2156 lsst_hardware_g -14.837149880231609 13.140000343322754 31.3799991607666 AB 3.4766802517814086 1.1141717992090752
