data/validation/pwv_sim_epoch_fit_seasonal/32199605.ecsv
# %ECSV 0.9
# ---
# datatype:
# - {name: time, datatype: float64}
# - {name: band, datatype: string}
# - {name: flux, datatype: float64}
# - {name: fluxerr, datatype: float64}
# - {name: zp, datatype: float64}
# - {name: zpsys, datatype: string}
# - {name: pwv, datatype: float64}
# - {name: airmass, datatype: float64}
# meta: {SNID: '32199605', alt: 1024.0, c: 0.20684054493904114, dec: -19.78805, lat: -30.244573, lon: -70.7499537, ra: 294.785156, t0: 62289.6171875,
#   x0: 9.818162083475568e-06, x1: -0.18812710046768188, z: 0.46370360255241394}
# schema: astropy-2.0
time band flux fluxerr zp zpsys pwv airmass
62249.4046 lsst_hardware_u 3.508089954903609 2.9800000190734863 28.5 AB 5.80357949868292 1.0266370951146153
62249.422 lsst_hardware_y 38.42965402688154 60.08000183105469 30.06999969482422 AB 6.286595738329053 1.0177974751746983
62251.4078 lsst_hardware_r -61.07756049969679 25.639999389648438 31.540000915527344 AB 14.87566245309671 1.0209496950851356
62251.4245 lsst_hardware_y 72.64078311042422 67.08999633789062 30.079999923706055 AB 13.380350664088471 1.0171561927900217
62253.4089 lsst_hardware_r 35.61504249894977 50.540000915527344 31.639999389648438 AB 1.4256804976714554 1.0183432126224683
62253.4258 lsst_hardware_y -68.6859920932577 69.69999694824219 30.079999923706055 AB 1.6401858954410853 1.0182746518336707
62255.412 lsst_hardware_z 88.51217340047378 90.20999908447266 31.739999771118164 AB 12.677328917415348 1.0171156063394855
62260.3965 lsst_hardware_r -107.63169323299586 66.02084935798133 31.649999618530273 AB 9.080312109453251 1.0171739788790468
62260.4137 lsst_hardware_y -81.9197454135329 53.27057608390151 30.059999465942383 AB 9.107489017275824 1.021057104220168
62262.394 lsst_hardware_g 56.76746048601852 28.56288527097294 31.65999984741211 AB 2.693631606206433 1.0171364509417287
62262.4136 lsst_hardware_y -88.21413627937694 48.232377163609634 30.059999465942383 AB 2.7592377101464924 1.0243109828849497
62265.3654 lsst_hardware_r 8.534019894290434 25.95809847327566 31.540000915527344 AB 7.933703691670423 1.0233735816408156
62265.3841 lsst_hardware_u -1.0587895000325602 3.0978004075132572 28.610000610351562 AB 7.7648843072405525 1.0171227124428188
62267.3759 lsst_hardware_g 6.0883418755319285 15.894817024230127 31.5 AB 7.7315115535079695 1.0173041517773644
62267.3947 lsst_hardware_r 203.5672446168689 28.015035452546382 31.540000915527344 AB 7.760472788443491 1.02111484058467
62269.3527 lsst_hardware_i 409.55054012174736 37.084955633562934 31.260000228881836 AB 6.3240106660572435 1.0245875760148087
62269.3746 lsst_hardware_z 255.11465466297759 44.799505570326936 30.950000762939453 AB 6.266779274512719 1.0171279001035303
62271.3551 lsst_hardware_r 783.6027863276981 36.798070389922735 31.530000686645508 AB 7.798256102062844 1.0200465797335516
62271.3762 lsst_hardware_u 5.47296081290384 3.3246369459846594 28.579999923706055 AB 7.758405052762801 1.018152258102532
62278.3338 lsst_hardware_r 2263.520561738638 53.648994668063565 31.520000457763672 AB 4.309042608626167 1.02110014422421
62278.3547 lsst_hardware_z 1585.6135759660444 56.11788798135442 30.950000762939453 AB 4.281125169236379 1.0176194840114996
62281.3231 lsst_hardware_r 3178.9286268445476 78.59306016943907 31.639999389648438 AB 7.4643099924720335 1.0225082181468539
62281.3431 lsst_hardware_y 851.2723728377484 55.64925501407066 30.059999465942383 AB 7.544580358641753 1.0171896444435822
62286.2919 lsst_hardware_i 3346.9934512538466 114.85500762774535 31.34000015258789 AB 13.36016007568816 1.0384889293189106
62287.3193 lsst_hardware_r 3908.2995582034164 124.5596948918735 31.670000076293945 AB 7.567865268405785 1.017596513164688
62287.3415 lsst_hardware_z 2617.1376199096944 92.5996423059828 31.0 AB 7.273644682944378 1.0218783140587941
62290.2822 lsst_hardware_z 2509.5508379098974 67.70031014975253 30.959999084472656 AB 9.033840305847484 1.0370215396626026
62290.301 lsst_hardware_g 966.626708618154 50.81082891341231 31.700000762939453 AB 9.605177262553413 1.0211212738589155
62301.2765 lsst_hardware_r 2423.077375688267 54.792794047156384 31.520000457763672 AB 12.667180706664228 1.018767130544152
62301.2985 lsst_hardware_z 1827.2098353004915 59.643259107635565 30.950000762939453 AB 12.527827654892617 1.0195587104693846
62303.2614 lsst_hardware_i 2409.6499218018457 56.887542097994306 31.260000228881836 AB 6.755392904386603 1.0235443794525156
62303.2807 lsst_hardware_r 2151.3890747197024 52.357162588705684 31.520000457763672 AB 6.712999068149486 1.0171210709317404
62305.2603 lsst_hardware_u -3.533634643363766 2.955138956671312 28.510000228881836 AB 5.152097167093986 1.0209922714457602
62307.2648 lsst_hardware_r 1589.884741491468 47.4279056473146 31.520000457763672 AB 3.5823888422458863 1.0175795603595756
62307.2839 lsst_hardware_i 2012.5787838056503 54.226873841745004 31.260000228881836 AB 3.599736851451568 1.0203335746744657
62309.2671 lsst_hardware_z 1392.7002464332772 60.61801256107821 30.969999313354492 AB 2.604352675669936 1.0172259254643468
62309.2845 lsst_hardware_r 1595.633335539333 59.69255056472564 31.6200008392334 AB 2.590157837044182 1.023777801203234
62311.2576 lsst_hardware_z 5213.268985646424 146.86381229026594 32.5 AB 3.8258749993587724 1.0171592518678054
62313.2502 lsst_hardware_r 1058.3854100897959 159.45452491187697 31.670000076293945 AB 5.875282971762358 1.0173209768862848
62313.2706 lsst_hardware_z 1137.025350155841 107.32460205682634 31.010000228881836 AB 5.85232868990934 1.0219284393258272
62318.1994 lsst_hardware_i 1250.3715454153228 60.22954817602726 31.309999465942383 AB 7.769143344259253 1.0452699808403845
62318.2197 lsst_hardware_r 769.4464251048464 60.6388976123818 31.639999389648438 AB 7.800171127363955 1.0240476732787127
62324.248 lsst_hardware_r 453.52468857352176 33.40457931624701 31.530000686645508 AB 1.8488074223816082 1.027115234656449
62324.2682 lsst_hardware_i 988.3386016649592 44.59293980449401 31.260000228881836 AB 1.6675162240125971 1.0511764387556113
62326.2159 lsst_hardware_z 906.7624193122595 51.298377072786025 30.959999084472656 AB 2.168940235100906 1.017207285778433
62326.2351 lsst_hardware_r 480.493955935851 32.69221541761245 31.540000915527344 AB 2.1910078174810645 1.021925288004302
62331.2001 lsst_hardware_r 325.3154495541049 31.021145447590794 31.530000686645508 AB 7.390738138367295 1.0174474309426198
62331.2223 lsst_hardware_z 716.6940419762471 49.99205804640415 30.959999084472656 AB 6.644896353550021 1.022422826549561
62333.1728 lsst_hardware_i 1381.023258702851 57.90844015366564 32.0099983215332 AB 3.1060212190427516 1.0287393289864808
62333.1935 lsst_hardware_r 611.6905774074457 43.101784818039384 32.279998779296875 AB 3.117532037213022 1.0176373550556626
62335.1812 lsst_hardware_z 710.7240959899317 49.2750987932232 30.950000762939453 AB 2.24544885100657 1.019692950315188
62335.2012 lsst_hardware_g 8.480261084891128 17.065173947567214 31.479999542236328 AB 2.2402161997892636 1.0180872712543518
62344.1631 lsst_hardware_r 179.1248253608976 114.37870003889356 31.670000076293945 AB 3.2808360576932025 1.0177079667136728
62344.1842 lsst_hardware_i 567.6842942000877 92.9324774395287 31.34000015258789 AB 3.1156874624415227 1.0209789609307918
62346.1321 lsst_hardware_i 466.86635232415426 57.56431904649937 31.31999969482422 AB 4.2909013051488625 1.0338690800294423
62346.1523 lsst_hardware_z 355.3143455136258 57.34791556009778 30.979999542236328 AB 4.262476520984613 1.0192435487768086
62349.1385 lsst_hardware_i 418.2550987801939 37.2657318309789 31.260000228881836 AB 4.172218523048851 1.021892931309675
62349.1608 lsst_hardware_u 1.693925558092697 2.965498638534187 28.5 AB 4.1007291013514235 1.0176137729018981
62350.1271 lsst_hardware_g 20.22171872224695 16.71700993498683 31.489999771118164 AB 1.8757852323354856 1.0281091983203539
62350.1461 lsst_hardware_r 193.8964148473674 28.4860742149616 31.530000686645508 AB 1.8356684551764446 1.0178366815505653
62353.1181 lsst_hardware_i 353.9674055636678 36.841332494291066 31.260000228881836 AB 2.420991187207474 1.02882265905835
62353.1384 lsst_hardware_r 195.09466656678075 28.255389060434236 31.520000457763672 AB 2.0793989544821962 1.017733398066067
62355.1114 lsst_hardware_u 1.8302742408030386 2.983762525651556 28.549999237060547 AB 2.789819466612611 1.0299604233125563
62355.1331 lsst_hardware_g 18.42878990040571 16.580243727649496 31.5 AB 2.7454189737361077 1.0177013371071695
62361.1214 lsst_hardware_z 375.8810052995254 45.437386381885545 30.959999084472656 AB 2.6120308570145605 1.017145972357449
62361.14 lsst_hardware_r 128.909875529986 27.68427173972936 31.530000686645508 AB 3.4693233608049807 1.022193093931933
62363.101 lsst_hardware_i 13.437019850010632 32.06999969482422 31.260000228881836 AB 3.68945091946224 1.0214898028135961
62363.119 lsst_hardware_z -3.9213886162972456 41.619998931884766 30.950000762939453 AB 3.6793909089675694 1.0171790473335998
62365.0953 lsst_hardware_g -34.33580099511765 33.2599983215332 31.690000534057617 AB 4.16591361144002 1.0216206514474944
62365.1155 lsst_hardware_r 45.8635474853496 36.810001373291016 31.610000610351562 AB 4.088026009662776 1.0173647756268962
62370.1059 lsst_hardware_z 123.28873373751763 135.10000610351562 31.760000228881836 AB 2.783893048211408 1.0181560019059737
62372.0851 lsst_hardware_r 43.226946399189714 161.83999633789062 32.41999816894531 AB 2.857339801445984 1.0180545610852674
62373.0517 lsst_hardware_z 38.401252708828466 114.0199966430664 32.18000030517578 AB 4.349698021253138 1.0418854296586224
62373.0699 lsst_hardware_r 79.23306648059037 93.43000030517578 31.65999984741211 AB 4.288598522823109 1.023796571784193
62377.0536 lsst_hardware_i -28.224611389055973 31.329999923706055 31.260000228881836 AB 5.756334611769077 1.0279168949587638
62377.0726 lsst_hardware_u -3.7946757589087743 2.7799999713897705 28.459999084472656 AB 5.699616639650198 1.0177886856518212
62379.0546 lsst_hardware_g -0.771368489476545 15.239999771118164 31.459999084472656 AB 3.95551328917529 1.0230878213191827
62379.0721 lsst_hardware_r 32.55507696718607 24.049999237060547 31.520000457763672 AB 3.9342604531203262 1.0171523308724317
62381.0444 lsst_hardware_i 23.920041555952142 31.200000762939453 31.25 AB 1.4083414977550206 1.0264879721246505
62381.0637 lsst_hardware_r 0.0630982022397217 24.110000610351562 31.520000457763672 AB 1.5678595961737107 1.017429978049131
62384.0474 lsst_hardware_u -0.916284685195771 2.799999952316284 28.469999313354492 AB 1.2130140257534683 1.0196965540484497
62384.0663 lsst_hardware_g 28.392051966395446 15.420000076293945 31.469999313354492 AB 1.2115523221899884 1.0178260897703628
62386.0472 lsst_hardware_r 23.4244625151791 24.239999771118164 31.520000457763672 AB 2.2239345177821206 1.0179742986491245
62386.0657 lsst_hardware_i 2.7483203000320495 31.309999465942383 31.260000228881836 AB 2.1839731596501957 1.0192780769991578
62391.0289 lsst_hardware_i -58.900808530624225 31.709999084472656 31.270000457763672 AB 2.2927370026647194 1.0194473111003644
62391.0474 lsst_hardware_u -2.9398404589341043 3.0999999046325684 28.6200008392334 AB 2.9793992528742614 1.017873054362737
62399.9873 lsst_hardware_y 45.73970252991013 61.150001525878906 30.059999465942383 AB 3.549526720419677 1.0311397464180954
62399.9961 lsst_hardware_r 53.59116279508267 94.05000305175781 31.65999984741211 AB 3.484662483014533 1.0238467703877612
62402.0001 lsst_hardware_y -9.440776404240014 52.38999938964844 30.059999465942383 AB 1.5284762171916262 1.0189841447944175
62402.0217 lsst_hardware_z -56.780511521135686 59.279998779296875 30.989999771118164 AB 1.5287414583818268 1.0191609722545512
62407.9841 lsst_hardware_y -139.66770261504527 79.69000244140625 30.079999923706055 AB 3.857709461899399 1.0188509891449569
62408.0026 lsst_hardware_r -42.31477228120688 25.059999465942383 31.530000686645508 AB 3.4814994458719055 1.0182800368154155
62409.985 lsst_hardware_y 78.29542619633776 69.12999725341797 30.06999969482422 AB 2.4647324109378133 1.0173634057255696
62410.004 lsst_hardware_r 9.995452487605863 24.920000076293945 31.510000228881836 AB 6.209715578998108 1.020984955100052
62617.4182 lsst_hardware_r -36.95404824314056 32.40999984741211 31.579999923706055 AB 4.559303950003017 1.017247646140789
62619.4096 lsst_hardware_g 10.031661459689026 17.270000457763672 31.5 AB 5.116127666205865 1.0176960513621056
62619.4265 lsst_hardware_y -33.69141540227444 72.44000244140625 30.06999969482422 AB 6.050646831848741 1.019170741727982
62621.4069 lsst_hardware_z 9.610142749509823 41.7599983215332 30.950000762939453 AB 11.609252445229721 1.0172846517025693
62621.4256 lsst_hardware_y -5.424019112718967 65.0999984741211 30.06999969482422 AB 12.255564437379034 1.0212119354536318
62626.3927 lsst_hardware_r 50.28656739840798 35.189998626708984 32.290000915527344 AB 7.007909378475322 1.0173469053326702
62626.4115 lsst_hardware_z -9.904360303366705 41.91999816894531 30.959999084472656 AB 6.913480625440157 1.0209799464080864
62630.2916 lsst_hardware_g 19.003065621582337 15.739999771118164 31.440000534057617 AB 10.18477725865742 1.1831528887673435
62630.3175 lsst_hardware_i 21.580521320513288 32.13999938964844 31.260000228881836 AB 9.122030148652222 1.0990839168623907
62632.393 lsst_hardware_z -45.109339382777044 41.650001525878906 30.950000762939453 AB 7.7518213075348905 1.0199764878335382
62632.4137 lsst_hardware_r 22.149740422886616 24.860000610351562 31.520000457763672 AB 7.876897392132382 1.0364338673858398
62635.3179 lsst_hardware_y -16.428339508867985 48.65999984741211 30.040000915527344 AB 7.2071084185553405 1.0674825473681164
62635.3434 lsst_hardware_g -4.346271030434449 15.59000015258789 31.469999313354492 AB 8.223027038732143 1.030702074065266
62640.3045 lsst_hardware_z -14.195607570922618 106.16999816894531 31.739999771118164 AB 7.903253269335206 1.0669978762434462
62640.3357 lsst_hardware_r -11.375813881549982 153.6699981689453 32.41999816894531 AB 8.421983637005237 1.025570340599761
62645.3246 lsst_hardware_g -9.869269750317985 32.650001525878906 31.670000076293945 AB 7.344546332120498 1.0237490531472409
62645.3471 lsst_hardware_i -1.3560771079512786 38.20000076293945 31.290000915527344 AB 6.9448989189052135 1.0172446723489803
62647.3401 lsst_hardware_z -61.84999278022987 41.939998626708984 30.959999084472656 AB 5.8557247905742225 1.0171486521754771
62647.3615 lsst_hardware_r 15.685919955661937 26.229999542236328 31.549999237060547 AB 5.9002413483558716 1.0256384074321938
62651.3216 lsst_hardware_u 0.5552643686750337 2.8399999141693115 28.510000228881836 AB 13.081325412479462 1.0178303590169564
62651.3407 lsst_hardware_g -13.636279197195487 15.34000015258789 31.469999313354492 AB 12.558423929412585 1.0197940609635257
62653.3122 lsst_hardware_r 23.24490899993709 24.190000534057617 31.530000686645508 AB 7.017810689757808 1.0189445392155725
62653.3316 lsst_hardware_i 26.154190088713122 31.31999969482422 31.260000228881836 AB 6.996938916612965 1.0184772804385378
62656.2997 lsst_hardware_i 12.628999352292675 31.219999313354492 31.260000228881836 AB 12.258845301921198 1.020762338308965
62656.3243 lsst_hardware_z 14.87042085094833 41.220001220703125 30.950000762939453 AB 12.274257039779178 1.0187584951988196
62673.2314 lsst_hardware_z 97.23374980404088 95.4800033569336 32.47999954223633 AB 2.987687805060792 1.0399191803205172
62677.2525 lsst_hardware_r 13.755873686794846 24.56999969482422 31.530000686645508 AB 4.4759096527361875 1.0174834400400516
62677.2794 lsst_hardware_z 24.149232903550743 41.7599983215332 30.959999084472656 AB 4.507041922138852 1.0254930425799433
62679.2197 lsst_hardware_r 11.846306447790614 24.40999984741211 31.510000228881836 AB 7.5393326468823965 1.0343911982368603
62679.241 lsst_hardware_u -5.450494651242272 2.690000057220459 28.3799991607666 AB 7.393346200409507 1.0190222641380373
62681.2448 lsst_hardware_g 24.799154729423382 15.649999618530273 31.479999542236328 AB 2.831102614680512 1.0171626160528784
62681.2637 lsst_hardware_r -28.414623812032907 24.479999542236328 31.520000457763672 AB 2.677609325035059 1.022280929668821
62687.2183 lsst_hardware_z -65.17802268253456 58.77000045776367 31.700000762939453 AB 3.673618768384015 1.0193406530073195
62687.2395 lsst_hardware_r 16.706848700579407 34.86000061035156 32.27000045776367 AB 3.6914538197829883 1.0187067849644749
62689.219 lsst_hardware_u 0.418214294593411 2.799999952316284 28.450000762939453 AB 1.831691214567245 1.017606230315136
62689.2393 lsst_hardware_g 12.419188378407648 15.859999656677246 31.489999771118164 AB 1.8375902963188848 1.020883497954936
62698.1671 lsst_hardware_i -26.67034307995783 111.52999877929688 31.34000015258789 AB 3.167957495065828 1.0351956523374979
62698.1864 lsst_hardware_r -1.060551310368909 141.2100067138672 31.670000076293945 AB 3.078719203014593 1.0201190202168964
62708.1417 lsst_hardware_u -0.9181974338841911 2.7100000381469727 28.3799991607666 AB 9.576561348704388 1.0331259883169952
62708.1634 lsst_hardware_g -9.524900006023069 15.829999923706055 31.469999313354492 AB 9.408335865969422 1.0185029219173753
62710.1415 lsst_hardware_r 58.32971308658727 24.540000915527344 31.510000228881836 AB 3.8038942712335606 1.0280795327658272
62710.1597 lsst_hardware_z 55.9309762531712 41.34000015258789 30.940000534057617 AB 3.7666790372655594 1.0180213614231242
62717.1211 lsst_hardware_u 3.313981938009187 2.7799999713897705 28.450000762939453 AB 1.9393144566006308 1.0292235407194539
62717.1391 lsst_hardware_g -3.6484992202230297 15.609999656677246 31.479999542236328 AB 1.360441007289461 1.0184212156876813
62721.1081 lsst_hardware_r -98.42924176440246 48.279998779296875 31.639999389648438 AB 4.537256306992967 1.0311946152256743
62721.1272 lsst_hardware_i 5.8431865921221995 44.66999816894531 31.309999465942383 AB 3.9628401437257508 1.0187249726801415
62724.1036 lsst_hardware_z 52.90164672898077 91.19000244140625 31.0 AB 7.707039029407014 1.0277993437969857
62724.1219 lsst_hardware_r 122.97856349429934 130.6199951171875 31.670000076293945 AB 7.628975648492588 1.0179206077867713
62730.0848 lsst_hardware_i -15.938811026332074 40.0099983215332 31.299999237060547 AB 4.182185560040698 1.029968122162467
62730.102 lsst_hardware_z 20.27577534054509 46.79999923706055 30.969999313354492 AB 4.148088443235672 1.018935996864572
62734.0834 lsst_hardware_i -32.524247963248534 31.329999923706055 31.260000228881836 AB 2.491320931552248 1.0226047948907402
62734.1031 lsst_hardware_r 1.989502817481873 24.059999465942383 31.520000457763672 AB 2.4694505675918226 1.0171766316926465
62737.0817 lsst_hardware_u 0.8717523481967675 2.7899999618530273 28.469999313354492 AB 2.6264134696652097 1.0193725867126762
62741.0534 lsst_hardware_i -2.9710491938986987 31.3700008392334 31.260000228881836 AB 3.6094934171181023 1.031283833462315
62741.0703 lsst_hardware_z 18.32450363723315 41.349998474121094 30.959999084472656 AB 3.5684659281322206 1.019561693752063
62743.0565 lsst_hardware_i 42.92328132586623 31.350000381469727 31.260000228881836 AB 4.248274731253417 1.0241125128074289
62743.0745 lsst_hardware_u 2.624868294331194 2.799999952316284 28.479999542236328 AB 4.203182540824633 1.0172271395993788
62745.0549 lsst_hardware_g 7.041223973807187 15.510000228881836 31.479999542236328 AB 1.307619076328316 1.0217104385946902
62745.0724 lsst_hardware_r -8.609317292470005 24.190000534057617 31.520000457763672 AB 1.3011010706171362 1.0171474167690966
62746.0112 lsst_hardware_i -10.912369270484282 32.0 31.25 AB 1.7041528832907977 1.074836255623335
62754.0274 lsst_hardware_i -181.32314334086436 83.76000213623047 31.34000015258789 AB 3.286148453545497 1.0234831280995085
62754.0454 lsst_hardware_z -120.50279866295432 74.0 31.0 AB 3.1532173733042796 1.0171668946142838
62759.0139 lsst_hardware_i -13.450669109110612 31.639999389648438 31.270000457763672 AB 1.3031077539505815 1.0233830528407708
62759.0312 lsst_hardware_r 4.650736549703113 24.5 31.530000686645508 AB 1.3015899902262913 1.0171982991022792
62762.996 lsst_hardware_y -41.561895265334 48.0099983215332 30.059999465942383 AB 6.23999768925951 1.0287688878508796
62763.016 lsst_hardware_r -38.507900890997185 24.56999969482422 31.530000686645508 AB 6.004961975003162 1.0177901652547732
62765.9972 lsst_hardware_y -12.639214358376021 47.470001220703125 30.059999465942383 AB 1.9690531446815576 1.0219115014353246
62766.0171 lsst_hardware_z -35.19672892750987 41.529998779296875 30.950000762939453 AB 2.6179774754690874 1.0172828737008306
62769.9842 lsst_hardware_y -8.099859503587979 70.3499984741211 30.06999969482422 AB 3.1965402296642638 1.0231657176837774
62770.0115 lsst_hardware_r 2.1593261718455765 24.56999969482422 31.510000228881836 AB 3.336858601609869 1.0182921755542158
62774.9854 lsst_hardware_y 120.78690065416652 68.83000183105469 30.079999923706055 AB 3.035622690843826 1.0174134814581028
62775.0044 lsst_hardware_i 6.397535242914175 32.310001373291016 31.270000457763672 AB 6.22203838267621 1.0208430488393938
