data/validation/pwv_sim_epoch_fit_seasonal/32252297.ecsv
# %ECSV 0.9
# ---
# datatype:
# - {name: time, datatype: float64}
# - {name: band, datatype: string}
# - {name: flux, datatype: float64}
# - {name: fluxerr, datatype: float64}
# - {name: zp, datatype: float64}
# - {name: zpsys, datatype: string}
# - {name: pwv, datatype: float64}
# - {name: airmass, datatype: float64}
# meta: {SNID: '32252297', alt: 1024.0, c: -0.13157901167869568, dec: -58.730057, lat: -30.244573, lon: -70.7499537, ra: 260.680481, t0: 61973.62109375,
#   x0: 2.8425776297087046e-06, x1: 0.9749071002006531, z: 0.7714263200759888}
# schema: astropy-2.0
time band flux fluxerr zp zpsys pwv airmass
61856.3927 lsst_hardware_i -16.974094949079802 31.209999084472656 31.239999771118164 AB 8.92358294150563 1.1415367385675497
61856.4041 lsst_hardware_y 29.251977641152738 50.0 30.020000457763672 AB 8.898275854862169 1.138420724320291
61858.3989 lsst_hardware_r 28.75544578210896 23.100000381469727 31.469999313354492 AB 10.338053133018844 1.1383849434391622
61858.4112 lsst_hardware_y 51.227599740487605 60.189998626708984 30.020000457763672 AB 10.413891433126173 1.13846200347564
61860.3986 lsst_hardware_g -16.93956332511767 14.239999771118164 31.3799991607666 AB 5.689964936638202 1.1379929873276404
61860.4107 lsst_hardware_y 103.22722268814596 57.68000030517578 30.020000457763672 AB 5.697401650432429 1.1394803300864857
61862.3946 lsst_hardware_i 19.86814289364457 31.06999969482422 31.229999542236328 AB 11.99113461900153 1.137993716066419
61862.4061 lsst_hardware_z 59.37792775324809 43.77000045776367 30.940000534057617 AB 12.067207188122786 1.1397149758567033
61864.4007 lsst_hardware_r 34.530689526102094 22.860000610351562 31.469999313354492 AB 9.383797418303777 1.139732479955924
61864.4125 lsst_hardware_y -83.65202113995542 56.13999938964844 30.010000228881836 AB 9.501047242350836 1.1447044870302212
61866.3932 lsst_hardware_r -26.230060157378023 22.719999313354492 31.479999542236328 AB 22.043942402540246 1.1392022050889863
61866.4068 lsst_hardware_y 30.44814789287556 49.56999969482422 30.020000457763672 AB 22.17406944215787 1.1445714808902931
61872.3837 lsst_hardware_z 41.718229154382335 93.69000244140625 31.729999542236328 AB 7.144185359845893 1.1413804145617914
61876.3579 lsst_hardware_z 47.83290760507027 124.79000091552734 32.90999984741211 AB 19.522682076485342 1.1380501953706226
61878.3781 lsst_hardware_r 40.95404728355656 31.489999771118164 31.549999237060547 AB 14.934643368599097 1.147017315262499
61878.3907 lsst_hardware_g -7.462017331818116 26.520000457763672 31.59000015258789 AB 15.009705704522124 1.1571146630750706
61883.3267 lsst_hardware_i -0.4889201485602787 30.920000076293945 31.229999542236328 AB 6.4363442994431015 1.1391087781446112
61883.3387 lsst_hardware_z -22.235196076518786 42.34000015258789 30.940000534057617 AB 6.395928002067191 1.138048605815547
61885.3571 lsst_hardware_u 1.2768650260658898 2.559999942779541 28.309999465942383 AB 17.87500350066945 1.1458335577352212
61885.3694 lsst_hardware_g 8.415143114286002 13.449999809265137 31.360000610351562 AB 18.01932932070056 1.1550852128654205
61888.3559 lsst_hardware_r 0.23905842324156645 22.6200008392334 31.459999084472656 AB 4.22900557815307 1.150645450250246
61888.3692 lsst_hardware_i 3.8250314622307955 31.200000762939453 31.229999542236328 AB 4.308011884650911 1.1630701632428166
61891.3058 lsst_hardware_z -0.13676440003900642 42.470001220703125 30.940000534057617 AB 11.248432699829332 1.1389087935836917
61891.3179 lsst_hardware_r -31.895819534065005 22.770000457763672 31.489999771118164 AB 11.152396006725667 1.138115726780862
61895.3026 lsst_hardware_z -1.9128606279646394 42.40999984741211 30.940000534057617 AB 9.49446321620919 1.1380154879790683
61895.3144 lsst_hardware_r -34.952435111483766 22.719999313354492 31.479999542236328 AB 9.550761683296303 1.1393011670399977
61897.3052 lsst_hardware_i -14.652336169065975 52.40999984741211 31.299999237060547 AB 7.976184581664194 1.1385468136125987
61897.3179 lsst_hardware_z -9.954807188306196 52.34000015258789 30.959999084472656 AB 7.899716358584541 1.1424304791994806
61899.3037 lsst_hardware_r 80.47417572839544 101.91999816894531 31.639999389648438 AB 9.4345416192344 1.1393571249087935
61899.3149 lsst_hardware_z -78.05341540508998 69.7699966430664 30.979999542236328 AB 9.479733023293845 1.1436177004305388
61903.3022 lsst_hardware_y -12.723538280274171 54.060001373291016 30.010000228881836 AB 7.982084221638078 1.1427464884234393
61903.3151 lsst_hardware_r 25.311441183541707 74.05000305175781 31.6200008392334 AB 7.924185788689109 1.1507676138089968
61908.2898 lsst_hardware_r 67.04445327242838 27.940000534057617 31.520000457763672 AB 9.102818771248451 1.1433547410975886
61908.3023 lsst_hardware_i -6.8311309367572015 33.599998474121094 31.239999771118164 AB 9.093486905548447 1.1514386711678946
61910.284 lsst_hardware_z 5.8559212873084014 42.27000045776367 30.93000030517578 AB 8.646500014189252 1.14318767953849
61910.2962 lsst_hardware_r -2.2099149114854386 23.15999984741211 31.469999313354492 AB 8.261126204259572 1.1509353494144505
61926.2193 lsst_hardware_r 65.4325979201191 70.62000274658203 31.6200008392334 AB 9.170416118946953 1.138015837054814
61926.2301 lsst_hardware_z -74.35816305217978 57.15999984741211 30.959999084472656 AB 9.155076740340354 1.139399718772979
61928.221 lsst_hardware_r -37.26769686666214 117.08000183105469 31.6299991607666 AB 4.528345538982576 1.1386335275289354
61928.2335 lsst_hardware_y -93.01556608496443 61.40999984741211 30.020000457763672 AB 4.5439305776114995 1.1425523202442796
61944.1889 lsst_hardware_u 6.547057482553989 3.0244548132271585 28.350000381469727 AB 3.510210906618738 1.14215105421434
61944.2003 lsst_hardware_g 25.662957289085707 14.736418295918481 31.3799991607666 AB 3.5307185960830827 1.1486681077130616
61962.1301 lsst_hardware_g 156.57279747070618 66.44216421041158 31.68000030517578 AB 8.500905209312968 1.139022582757432
61962.1426 lsst_hardware_r 828.8124166240867 68.03810301128982 31.610000610351562 AB 8.534340156417485 1.1435024774119007
61964.1022 lsst_hardware_r 834.8840835693941 36.904788194823155 31.479999542236328 AB 7.968905854847526 1.1400437560583012
61964.1152 lsst_hardware_i 969.253620463993 48.03343526524464 31.260000228881836 AB 7.924160344538932 1.1380382514058835
61965.1127 lsst_hardware_z 556.8018280959242 48.31009198007951 30.940000534057617 AB 8.544676650938397 1.1380383779094114
61965.1241 lsst_hardware_i 879.1542583148034 43.62560679763843 31.229999542236328 AB 8.555531487458222 1.1395473377749756
61976.109 lsst_hardware_r 697.0798527424331 35.31928694467836 31.459999084472656 AB 6.116137086004654 1.1460952095951311
61976.1214 lsst_hardware_i 1063.5656454599075 44.38238131507592 31.229999542236328 AB 6.189077399342147 1.1555409632826565
61978.0508 lsst_hardware_r 744.3001947902429 35.133038571285 31.469999313354492 AB 3.998983653159427 1.1460868820403889
61978.0622 lsst_hardware_i 958.7909305493021 44.21192317599874 31.229999542236328 AB 3.981359001265785 1.1406271311460912
61979.0471 lsst_hardware_z 455.6496006903908 49.296665974134044 30.940000534057617 AB 5.128965001694059 1.1466926262311121
61979.0597 lsst_hardware_r 700.9237695212206 36.29180469337809 31.5 AB 5.123723574752725 1.140548395359366
61983.0899 lsst_hardware_z 540.8583349864535 60.843692260761124 30.959999084472656 AB 4.60906789807786 1.1461066512688947
61983.1014 lsst_hardware_i 891.3697348955939 64.56400268914706 31.299999237060547 AB 4.680569148893676 1.1547456781810055
61987.05 lsst_hardware_i 817.8145322280182 86.14658813818286 31.31999969482422 AB 2.503876146773735 1.1381255212607886
61987.0621 lsst_hardware_z 350.3271096607916 74.46742756480253 30.979999542236328 AB 2.5060014516434173 1.139091568928826
61990.0283 lsst_hardware_z 306.77126338706324 59.94668967134736 30.959999084472656 AB 4.439590588187359 1.141038489146462
61990.0394 lsst_hardware_r 366.62139338684506 75.03871874514228 31.6200008392334 AB 4.4266143225179455 1.138337302207598
61992.0312 lsst_hardware_u -1.6909222760918183 2.7357475331914163 28.40999984741211 AB 3.716087313160581 1.1387397282412404
61992.0426 lsst_hardware_r 346.2214649052913 29.56267968767765 31.479999542236328 AB 3.767460800758405 1.1382056799874336
61994.029 lsst_hardware_i 592.7590628967276 39.25429940964506 31.239999771118164 AB 2.626584827700993 1.1382816154717195
61994.0404 lsst_hardware_z 368.9155901356456 46.588420150982955 30.940000534057617 AB 2.613097140652992 1.1386044185851818
61995.0223 lsst_hardware_r 330.9445158223172 28.50653838353933 31.479999542236328 AB 2.506468478137147 1.1388724626143794
61995.0336 lsst_hardware_u -1.032018963578376 2.650379865182623 28.389999389648438 AB 2.4000647836273776 1.1381457183769426
61997.0279 lsst_hardware_g 78.41121397024692 15.712992923678957 31.389999389648438 AB 4.612276100469442 1.1381310550202204
61997.0411 lsst_hardware_r 195.50349590611594 27.920115982088415 31.479999542236328 AB 4.6730033840071545 1.1409396042256374
62001.979 lsst_hardware_z 302.73232184186605 48.51856810336266 30.950000762939453 AB 2.9790630304244825 1.1504024574446916
62001.9854 lsst_hardware_r 212.03575964146168 26.811690856535584 31.479999542236328 AB 2.96339686898728 1.1460123244552807
62013.0093 lsst_hardware_i 216.93715995352184 59.98277800530924 31.299999237060547 AB 3.155060347632121 1.1469471121352757
62013.0197 lsst_hardware_z 213.43538973097094 57.91798144060702 30.959999084472656 AB 3.0355988875188293 1.154952018079453
62220.396 lsst_hardware_u -3.2201930971571118 2.9200000762939453 28.510000228881836 AB 8.460965331031378 1.1415995859180124
62220.4069 lsst_hardware_y -72.76752542950305 53.95000076293945 30.030000686645508 AB 8.4318677669627 1.1385184670487036
62222.3931 lsst_hardware_r -11.827480879659316 23.09000015258789 31.489999771118164 AB 8.95032583750356 1.1406290228546836
62222.4041 lsst_hardware_y 43.89452878288857 50.560001373291016 30.020000457763672 AB 8.896428624253279 1.13818439476139
62224.3996 lsst_hardware_z 83.75341297999299 78.12000274658203 31.719999313354492 AB 10.466764241485517 1.1381041219447567
62226.3987 lsst_hardware_z -32.22753347134058 62.88999938964844 30.979999542236328 AB 5.690052982678524 1.1380105965357048
62226.4102 lsst_hardware_y 24.681539222087693 62.7599983215332 30.030000686645508 AB 5.699518331759602 1.1399036663519204
62232.3775 lsst_hardware_z 51.46575710459749 44.59000015258789 30.940000534057617 AB 21.864527548725516 1.1381254254711113
62232.389 lsst_hardware_g 18.826450598126115 28.280000686645508 31.610000610351562 AB 22.075696851240856 1.1387393973120168
62234.3727 lsst_hardware_r -14.142736824467555 24.450000762939453 31.489999771118164 AB 10.563839475178327 1.13807905573537
62234.3866 lsst_hardware_i 25.95676840700977 31.829999923706055 31.239999771118164 AB 9.649346293642234 1.139417416394816
62236.3835 lsst_hardware_u -0.5227646791847375 2.7699999809265137 28.459999084472656 AB 5.003278219521464 1.1400884629193262
62236.395 lsst_hardware_g -2.170699332163973 14.149999618530273 31.40999984741211 AB 5.037407226415428 1.14521231276495
62238.3783 lsst_hardware_r -11.632661397734763 22.719999313354492 31.479999542236328 AB 7.084735784663506 1.1401707156972047
62238.389 lsst_hardware_i -33.98641745034976 31.190000534057617 31.239999771118164 AB 7.156500725838372 1.1449027278068027
62242.3768 lsst_hardware_z -12.337055393331694 42.38999938964844 30.940000534057617 AB 18.395333221184746 1.1441959240856132
62242.3881 lsst_hardware_r 41.44965155863486 22.809999465942383 31.489999771118164 AB 18.571099187547745 1.1517853593331417
62244.3254 lsst_hardware_z -42.05893602424883 42.2400016784668 30.940000534057617 AB 14.738580362683638 1.1439888510640508
62244.3373 lsst_hardware_i -23.6218929989351 30.90999984741211 31.239999771118164 AB 14.60788009108048 1.1393565399207415
62246.3236 lsst_hardware_u 3.509326950488589 2.630000114440918 28.3700008392334 AB 4.013451700348321 1.1422132195939727
62246.3363 lsst_hardware_g 20.367847947550086 13.550000190734863 31.3799991607666 AB 5.07301436978215 1.1384682158398003
62248.3201 lsst_hardware_r -2.1084077152828335 22.770000457763672 31.489999771118164 AB 7.835274381210207 1.1413918201238527
62248.3326 lsst_hardware_i -18.203209619594386 30.959999084472656 31.239999771118164 AB 7.813670605413352 1.1382447225522023
62250.3154 lsst_hardware_z -76.90037937664685 42.36000061035156 30.940000534057617 AB 10.155772830939947 1.1410980708921288
62250.3263 lsst_hardware_u 4.127224708824065 2.6600000858306885 28.389999389648438 AB 10.131261730761837 1.1383440146923411
62254.3265 lsst_hardware_i 23.419032282334076 79.0999984741211 31.31999969482422 AB 3.301248720518991 1.1383616277651694
62254.3373 lsst_hardware_z 5.620470004552432 69.44000244140625 30.979999542236328 AB 4.187112044338026 1.141109750455494
62257.3194 lsst_hardware_i 12.336435350825477 66.81999969482422 31.31999969482422 AB 11.230336353442805 1.1385174729767644
62257.3313 lsst_hardware_z -2.7338570763159535 63.630001068115234 30.979999542236328 AB 11.244112450513226 1.1419980144742257
62259.3082 lsst_hardware_z -13.243021704378327 74.37000274658203 31.709999084472656 AB 14.208436141028503 1.138010156532612
62261.3011 lsst_hardware_r -10.145605077116485 34.22999954223633 31.56999969482422 AB 9.552133991329697 1.13800553880324
62261.3144 lsst_hardware_i 33.90634136550252 36.61000061035156 31.270000457763672 AB 9.555282998908627 1.139840510426891
62264.3006 lsst_hardware_z -37.878888500316464 42.65999984741211 30.940000534057617 AB 10.959592675640597 1.138570259526852
62264.3145 lsst_hardware_u -6.91832552597446 2.7899999618530273 28.440000534057617 AB 11.006516489785337 1.1430591431909167
62270.3011 lsst_hardware_i 6.3359169157339394 31.31999969482422 31.239999771118164 AB 7.575892348583098 1.1446107419956384
62270.3132 lsst_hardware_u 5.206332670550717 2.6700000762939453 28.389999389648438 AB 7.748607579003111 1.1530666040183202
62272.2767 lsst_hardware_u 4.639125853889931 2.6700000762939453 28.399999618530273 AB 5.519563894031135 1.138289109925992
62272.2905 lsst_hardware_g 13.851198931632409 13.729999542236328 31.389999389648438 AB 5.668663811525395 1.1420698723733334
62277.2838 lsst_hardware_r -14.931951199956547 22.850000381469727 31.469999313354492 AB 6.805208565515157 1.1456580076624843
62277.2946 lsst_hardware_i -0.8642328786032747 31.200000762939453 31.229999542236328 AB 7.700219213786724 1.15350448862064
62280.2858 lsst_hardware_z -35.8702635474065 49.540000915527344 30.950000762939453 AB 7.835420758216569 1.1529883762964541
62280.2982 lsst_hardware_r 37.99270860134307 42.459999084472656 31.579999923706055 AB 8.357649183034537 1.1653163947343024
62283.2724 lsst_hardware_i -48.172042556112075 92.5999984741211 31.31999969482422 AB 4.0212623563698555 1.1489321018199588
62283.2862 lsst_hardware_z 89.43127150979423 79.30000305175781 30.979999542236328 AB 4.063933052811541 1.161123729374726
62285.2724 lsst_hardware_z 38.78414768030132 74.4800033569336 30.979999542236328 AB 9.595602055978553 1.1532020497921143
62285.2863 lsst_hardware_r -31.47111268097909 112.37000274658203 31.6299991607666 AB 9.710946985867334 1.1673682063472512
62288.2173 lsst_hardware_y -55.37169497586589 72.0199966430664 30.770000457763672 AB 7.665532003072877 1.1393478006946118
62288.2303 lsst_hardware_r -26.567814109416027 78.41999816894531 32.36000061035156 AB 7.610668906516403 1.138072311810847
62304.2036 lsst_hardware_u -0.7830826394787308 2.619999885559082 28.34000015258789 AB 5.828928914761282 1.1422926311711925
62304.2168 lsst_hardware_r -6.923493586569754 23.209999084472656 31.479999542236328 AB 5.896327573636761 1.1502223991489018
62306.2018 lsst_hardware_i 85.06073734781067 31.479999542236328 31.239999771118164 AB 4.294591939017307 1.1440804366346
62306.2147 lsst_hardware_z 5.123340371773868 42.939998626708984 30.940000534057617 AB 3.9256464727140954 1.1529064530731559
62308.197 lsst_hardware_r -43.78175149065908 45.880001068115234 31.600000381469727 AB 3.35320155220999 1.144437389832761
62308.211 lsst_hardware_z 0.5833602136270613 48.68000030517578 30.950000762939453 AB 3.3333941077091134 1.154422201804022
62310.1888 lsst_hardware_y 41.27998244676351 54.11000061035156 30.020000457763672 AB 3.531579325133573 1.1430292345884907
62310.2014 lsst_hardware_r 170.93441049601117 78.5999984741211 31.6200008392334 AB 3.5373489035545553 1.1509812050611352
62312.1886 lsst_hardware_i -57.798812651051726 91.25 31.31999969482422 AB 4.352003343823094 1.1458922682583965
62312.201 lsst_hardware_z 40.15844667312154 80.73999786376953 30.979999542236328 AB 4.376266971699812 1.1552466817809195
