data/validation/pwv_sim_epoch_fit_seasonal/32474813.ecsv
# %ECSV 0.9
# ---
# datatype:
# - {name: time, datatype: float64}
# - {name: band, datatype: string}
# - {name: flux, datatype: float64}
# - {name: fluxerr, datatype: float64}
# - {name: zp, datatype: float64}
# - {name: zpsys, datatype: string}
# - {name: pwv, datatype: float64}
# - {name: airmass, datatype: float64}
# meta: {SNID: '32474813', alt: 1024.0, c: -0.07425542175769806, dec: -40.228184, lat: -30.244573, lon: -70.7499537, ra: 290.566406, t0: 60498.5703125,
#   x0: 5.760719317347246e-06, x1: 1.1114469766616821, z: 0.5781980752944946}
# schema: astropy-2.0
time band flux fluxerr zp zpsys pwv airmass
60421.411 lsst_hardware_z 24.777533373580738 59.099998474121094 31.700000762939453 AB 6.163963818613917 1.0167362999775533
60421.4235 lsst_hardware_y 93.44661891236017 96.58999633789062 30.829999923706055 AB 5.406362227801596 1.015279291605914
60425.4091 lsst_hardware_z -33.08236562670545 62.869998931884766 30.989999771118164 AB 4.067979162994835 1.0152603875865815
60425.4209 lsst_hardware_y 26.562362275907102 61.59000015258789 30.06999969482422 AB 4.602885816550554 1.0166506497074663
60431.4108 lsst_hardware_g -28.47913139594929 39.77000045776367 31.700000762939453 AB 10.512311042801656 1.0189309918388734
60431.4238 lsst_hardware_y 69.7033381190562 57.04999923706055 30.06999969482422 AB 11.455720512825073 1.027111821233569
60434.3979 lsst_hardware_r -5.3437974551702405 23.899999618530273 31.520000457763672 AB 6.892850319259805 1.0171196457430667
60434.4099 lsst_hardware_i -40.875152753948086 31.219999313354492 31.260000228881836 AB 7.022041510935485 1.0229377618358217
60442.3399 lsst_hardware_u -0.2567875967509181 2.680000066757202 28.420000076293945 AB 6.311265591863251 1.0232687109340375
60442.3551 lsst_hardware_r -8.725402439139446 23.06999969482422 31.5 AB 6.2454984462393845 1.0163545071179076
60444.3902 lsst_hardware_i -3.800186901655877 30.770000457763672 31.260000228881836 AB 7.82760909201528 1.0286965327746134
60444.4037 lsst_hardware_z 33.85361706130893 41.2599983215332 30.950000762939453 AB 7.947368415215675 1.043041582170421
60446.3295 lsst_hardware_r 29.236751723310462 23.020000457763672 31.5 AB 6.43625550808264 1.0229268131091291
60446.3429 lsst_hardware_z 20.010197418463868 40.7400016784668 30.940000534057617 AB 7.523528074794521 1.0166929830803406
60451.2639 lsst_hardware_z -11.130042170934786 78.0199966430664 31.719999313354492 AB 4.623797805193323 1.097420365156643
60451.2764 lsst_hardware_r 73.36701327744696 98.9000015258789 32.38999938964844 AB 4.51461209715756 1.0715060357177753
60461.3098 lsst_hardware_r -98.7504470667099 29.6200008392334 31.56999969482422 AB 6.923780883605628 1.0153163872722775
60461.3211 lsst_hardware_y 13.407576162530107 47.09000015258789 30.059999465942383 AB 7.005078408950519 1.0162597430655038
60463.3049 lsst_hardware_g 8.301610772606677 14.65999984741211 31.450000762939453 AB 9.534258862647624 1.0152819383593532
60463.3177 lsst_hardware_r -15.316323451531549 23.469999313354492 31.510000228881836 AB 9.534828461521897 1.0168043361883172
60465.3086 lsst_hardware_i 24.236489309784062 30.520000457763672 31.25 AB 6.496556223716038 1.01592028206201
60465.3215 lsst_hardware_z 50.366148100149736 41.0 30.950000762939453 AB 6.47648637617569 1.0206826171034538
60467.3036 lsst_hardware_r -12.060800153881967 22.949971968892367 31.489999771118164 AB 3.4458052387781968 1.0160121594509455
60467.3166 lsst_hardware_u 3.165817994594443 2.6349592108060906 28.3700008392334 AB 3.4213468826292806 1.020992802933238
60486.2269 lsst_hardware_r 1818.2911971299059 94.50348433928072 31.65999984741211 AB 6.092327325224508 1.019238343501758
60486.24 lsst_hardware_i 1440.6324959974634 77.83125536476867 31.34000015258789 AB 6.088677076050984 1.0154564836642734
60486.2783 lsst_hardware_r 1790.5665967524008 96.26762482647563 31.65999984741211 AB 5.9667819771722685 1.0312001688783354
60486.2908 lsst_hardware_y 385.5182342707494 57.26493762053873 30.049999237060547 AB 6.048478606308089 1.0453192665902942
60492.2203 lsst_hardware_i 1539.5937304588504 49.936382117883845 31.260000228881836 AB 8.462640874826008 1.015974093321147
60492.2331 lsst_hardware_z 1141.3258097984483 52.16032952295145 30.959999084472656 AB 8.452066877334667 1.0156191110801183
60494.2171 lsst_hardware_i 1674.423954811272 50.49038791092595 31.260000228881836 AB 7.386890317493723 1.0155895122697227
60494.2292 lsst_hardware_u 9.304574204170883 3.772056640001664 28.510000228881836 AB 7.366136232415345 1.0158786694822024
60498.211 lsst_hardware_i 1633.7109977374346 51.22625599485495 31.260000228881836 AB 1.6116792033648202 1.015230994245556
60498.2231 lsst_hardware_r 2144.1985903425907 51.63218229016551 31.510000228881836 AB 1.6032002468962756 1.0170976982688504
60500.2113 lsst_hardware_u 1.3353663765827362 3.152667521956677 28.549999237060547 AB 9.78792382934319 1.015625743221809
60500.2228 lsst_hardware_g 605.3800124596372 28.537800908264753 31.479999542236328 AB 9.893122768624607 1.0191040863192136
60502.2077 lsst_hardware_r 1965.016133787623 50.08829243043489 31.510000228881836 AB 5.916610137802599 1.0159450762485682
60502.2199 lsst_hardware_i 1653.3686747018019 50.53627601286204 31.260000228881836 AB 7.22175989907801 1.0203708750507603
60505.194 lsst_hardware_i 1564.7875017415042 51.38047401760429 31.270000457763672 AB 6.49774262760872 1.0152722855638625
60505.2055 lsst_hardware_z 1131.6744474707461 53.74196452500064 30.950000762939453 AB 6.512709643286344 1.0176108817634912
60507.1931 lsst_hardware_i 1419.9033848233898 58.65659668370161 31.299999237060547 AB 2.1871244490763107 1.0157710886645919
60507.2045 lsst_hardware_z 1151.4053554854927 58.14623194612421 30.959999084472656 AB 2.1959747731510646 1.0194868956133076
60509.187 lsst_hardware_z 1065.9780930618003 70.44505930873106 30.989999771118164 AB 3.2271137941642745 1.015667371222495
60509.1985 lsst_hardware_r 1744.0561352339714 91.7741170999103 31.65999984741211 AB 3.2487993210584976 1.0192311595477308
60512.1916 lsst_hardware_z 1998.9388644358396 134.97213868255506 31.75 AB 5.575898433921732 1.019857048028606
60515.1329 lsst_hardware_r 1398.6299076332486 76.78679725144869 31.649999618530273 AB 5.7605741055061115 1.0292253181179403
60515.145 lsst_hardware_z 930.1562251031717 62.49824666926522 30.979999542236328 AB 5.621546744730564 1.0206148774020631
60517.1298 lsst_hardware_r 1078.8478915146343 45.835979886705395 31.56999969482422 AB 3.294811390749425 1.0272210103661497
60517.1429 lsst_hardware_i 1113.529798485831 48.710400636426634 31.280000686645508 AB 3.244499672491388 1.0189478165374681
60518.1308 lsst_hardware_z 860.8103918128637 50.10866747266698 30.940000534057617 AB 3.790192834142227 1.0243764416600614
60518.1435 lsst_hardware_i 932.959133222316 43.56514765984868 31.25 AB 3.7651258118479425 1.0176015707697141
60524.1264 lsst_hardware_r 1315.9267142482956 48.4075820418066 32.25 AB 1.9678750555383646 1.0178664080370852
60524.1328 lsst_hardware_i 1514.543997622459 57.64705552683692 32.0 AB 1.9604622550510098 1.0160028961614522
60526.1264 lsst_hardware_z 633.6155792925038 48.230523517698344 30.950000762939453 AB 2.086611573706796 1.0162069352468162
60526.1375 lsst_hardware_u 6.889295218236726 3.2078186345438793 28.440000534057617 AB 2.0306470052262005 1.0153235026131002
60530.0267 lsst_hardware_u -0.23663060803707278 3.053043692246787 28.399999618530273 AB 6.416692177769142 1.1562301960062122
60530.0336 lsst_hardware_r 789.1623695689353 44.414919928177845 32.2400016784668 AB 6.3533895784882795 1.1352433804142374
60530.04 lsst_hardware_i 527.4129399669249 39.360892480213664 31.239999771118164 AB 6.25642526893382 1.1176179472907861
60532.1142 lsst_hardware_z 635.03815887063 47.67752045343142 30.959999084472656 AB 7.590571714080029 1.0154837406515234
60532.1269 lsst_hardware_i 512.7451117840765 37.99434515779902 31.270000457763672 AB 8.338460342923636 1.0161831672734658
60534.1152 lsst_hardware_z 558.9478115106269 48.83966175279846 30.959999084472656 AB 2.4930571243578425 1.0152951025686061
60534.1266 lsst_hardware_g 49.748961963669586 25.624427855311822 31.6299991607666 AB 3.4164717625251617 1.017715746954174
60536.1078 lsst_hardware_r 328.1495313278532 53.9878184118445 31.639999389648438 AB 3.6811519747926797 1.0152334742366793
60536.1193 lsst_hardware_i 430.3837297428666 50.77384706806572 31.309999465942383 AB 3.677531194565738 1.0170866886719871
60540.1051 lsst_hardware_z 535.3465334820497 86.29062415564391 31.0 AB 2.2169960219423555 1.0161937457337
60540.1162 lsst_hardware_r 153.06491959843345 121.30381626361094 31.670000076293945 AB 2.22507482643234 1.0204034821411734
60542.1072 lsst_hardware_i 413.7428516675431 82.51439074736126 31.34000015258789 AB 2.5380798443210213 1.0186955024366933
60542.1186 lsst_hardware_z 463.79774072080176 73.42689491862141 30.989999771118164 AB 2.5561676005075045 1.0254408185768746
60544.1077 lsst_hardware_i 253.97743895221774 53.756951297560164 31.31999969482422 AB 2.3743436333537313 1.0217724081134938
60544.1187 lsst_hardware_z 473.2660798141247 55.5576136835378 30.979999542236328 AB 2.4322202672932147 1.030056227546094
60545.1022 lsst_hardware_g 6.880514501321321 35.09255754573494 31.690000534057617 AB 2.9458885887598476 1.0202211562804668
60545.1154 lsst_hardware_r 152.3467314111362 45.40621865709744 31.6200008392334 AB 2.9041694990934945 1.0295431015988754
60548.0556 lsst_hardware_i 255.65948769587257 34.55877238804678 31.260000228881836 AB 1.6801690130708549 1.0202422911066824
60548.0661 lsst_hardware_z 461.968204201605 45.68411339038722 30.959999084472656 AB 1.628899336102972 1.0162624536360436
60550.0585 lsst_hardware_r 185.70338157429666 26.445165704872373 31.520000457763672 AB 5.69424421002957 1.0168293232195662
60550.0696 lsst_hardware_g 32.632124790388445 15.080132446389552 31.469999313354492 AB 5.685315454699918 1.0152349026249854
60554.0512 lsst_hardware_r 132.2959250045304 26.01329817492352 31.510000228881836 AB 1.56556794278996 1.0159428570992604
60554.0616 lsst_hardware_i 248.26659414532313 33.758012238323516 31.260000228881836 AB 1.4154248152411784 1.0153693079205008
60556.0377 lsst_hardware_i 202.7904302067493 33.59489810980412 31.260000228881836 AB 1.8247082451205934 1.0183944440466546
60556.0493 lsst_hardware_z 295.0186229282578 44.48501723257456 30.950000762939453 AB 1.5593430799149406 1.0154176773919734
60567.0361 lsst_hardware_i 161.90574185319304 66.95771697837615 31.34000015258789 AB 1.3200513650194863 1.0175766930194536
60567.047 lsst_hardware_z 275.79210636677607 63.831894518458256 30.989999771118164 AB 1.2038413086321844 1.0230945965712614
60572.0231 lsst_hardware_i 96.76800664474291 56.449805314642596 31.329999923706055 AB 6.315547445162222 1.0178158654571798
60572.0368 lsst_hardware_z 249.30880810936014 56.7087678648582 30.979999542236328 AB 6.394873297173343 1.025531613381157
60575.0151 lsst_hardware_r 90.76632555721089 25.420343091259177 31.510000228881836 AB 1.5268324384313736 1.0178882922875825
60575.0298 lsst_hardware_u -3.044020821991099 2.847478575253312 28.440000534057617 AB 1.5396761143595712 1.0264507429063807
60579.014 lsst_hardware_g -9.163116158514201 14.90999984741211 31.440000534057617 AB 3.188428942135262 1.0229432747539466
60579.0255 lsst_hardware_r 1.9502932716574362 23.75 31.510000228881836 AB 3.20708508884108 1.03229583611204
60790.4202 lsst_hardware_z 26.971289872344634 79.73999786376953 31.729999542236328 AB 13.39879985190556 1.0162796171093276
60792.3923 lsst_hardware_g -12.220195378321835 14.899999618530273 31.459999084472656 AB 1.4248087856095892 1.0177205611497067
60792.405 lsst_hardware_y -32.93197576141974 46.869998931884766 30.059999465942383 AB 1.4213252981948516 1.0152323558534655
60794.3476 lsst_hardware_i 96.38939761394265 30.959999084472656 31.25 AB 12.067451350842287 1.0539872496950873
60794.3696 lsst_hardware_y -24.281662483004222 46.90999984741211 30.049999237060547 AB 11.721931014388254 1.0281794352132845
60795.406 lsst_hardware_i -4.026870192129139 30.75 31.25 AB 11.608855511938343 1.0161516802093493
60795.4184 lsst_hardware_y -57.95115403205358 50.11000061035156 30.059999465942383 AB 12.264959156063512 1.021030537175418
60802.3804 lsst_hardware_z -35.99334022898774 41.04999923706055 30.959999084472656 AB 7.0395117301703705 1.0152653810158698
60802.392 lsst_hardware_u 3.0273703909881067 2.8399999141693115 28.540000915527344 AB 7.068616872858921 1.0176528754475842
60804.3984 lsst_hardware_g 20.932841360182845 14.420000076293945 31.450000762939453 AB 7.895526602812937 1.0238971117280171
60804.411 lsst_hardware_r -14.42190354236445 23.31999969482422 31.510000228881836 AB 7.929644719534157 1.0348639111953573
60806.3752 lsst_hardware_i -36.554022401219825 60.36000061035156 31.34000015258789 AB 7.7214992717222035 1.0159867462792374
60806.3881 lsst_hardware_z 4.971343449228606 55.09000015258789 30.989999771118164 AB 7.758681448144951 1.0208791379138094
60808.3763 lsst_hardware_i -1.759357617413412 79.73999786376953 31.34000015258789 AB 6.658463349084988 1.0179061377524952
60808.3896 lsst_hardware_z 20.199081420162695 68.97000122070312 30.989999771118164 AB 6.715510710538042 1.025425364259861
60812.3283 lsst_hardware_y 107.50525164635708 56.56999969482422 30.059999465942383 AB 6.357601000854126 1.022396301397072
60812.3421 lsst_hardware_r 20.2386883939776 82.36000061035156 31.65999984741211 AB 7.52108376973396 1.0163626715856702
60814.3296 lsst_hardware_i -71.29803330538203 48.88999938964844 31.31999969482422 AB 7.456762281942998 1.0187877558415135
60814.3425 lsst_hardware_z -48.6054711923718 50.41999816894531 30.969999313354492 AB 8.22721163513521 1.0153708616671209
60819.3943 lsst_hardware_r -43.35986275007178 23.360000610351562 31.489999771118164 AB 7.097638474383078 1.069404621724134
60819.4071 lsst_hardware_i -9.79966437461266 31.329999923706055 31.239999771118164 AB 7.284636817706439 1.095489019656089
60823.1722 lsst_hardware_i -12.466063950885381 33.849998474121094 31.200000762939453 AB 10.623003486548926 1.3991750651818213
60823.1845 lsst_hardware_z -60.082856945501455 45.40999984741211 30.920000076293945 AB 10.007379690963099 1.3248958108071183
60824.3147 lsst_hardware_r -17.514478845431746 23.209999084472656 31.520000457763672 AB 8.730065589530907 1.0154190857261827
60824.3288 lsst_hardware_u -2.575955456001466 2.7799999713897705 28.5 AB 8.733328646765376 1.0166460727288862
60828.0955 lsst_hardware_g 15.806116810498441 22.420000076293945 31.209999084472656 AB 19.90321231292507 2.090838281684489
60828.1077 lsst_hardware_r 4.968908409918378 29.93000030517578 31.3700008392334 AB 18.067447836755353 1.897093879696029
60830.3223 lsst_hardware_r -11.565591990309015 23.15999984741211 31.5 AB 12.310454687274765 1.020725068386462
60830.3362 lsst_hardware_g 22.48632257833082 14.479999542236328 31.440000534057617 AB 12.357743401013245 1.031057811606822
60833.2888 lsst_hardware_r 22.783455252147842 52.029998779296875 31.639999389648438 AB 3.918787991370049 1.0155808547088931
60833.3014 lsst_hardware_i -11.601014578032279 44.529998779296875 31.309999465942383 AB 3.291739204418503 1.0159688902526245
60844.3063 lsst_hardware_r -26.823966114350956 36.18000030517578 31.600000381469727 AB 4.859470381226381 1.0399037836991696
60844.3189 lsst_hardware_z 42.71374438604063 44.459999084472656 30.959999084472656 AB 4.883619648526565 1.0572893804993646
60847.2927 lsst_hardware_g 20.244163506467714 14.520000457763672 31.43000030517578 AB 3.084018416224176 1.0339224728918286
60847.3078 lsst_hardware_r -13.184050504975371 23.6200008392334 31.5 AB 3.103930516868319 1.0528341399292558
60849.098 lsst_hardware_g -7.054095035491894 14.680000305175781 31.299999237060547 AB 4.546538923060536 1.4207934134564175
60849.1073 lsst_hardware_r -10.300029524456543 24.780000686645508 31.440000534057617 AB 4.354736135811009 1.36085504244094
60860.0289 lsst_hardware_z 141.7569309403671 76.5199966430664 31.6200008392334 AB 14.089024789055385 1.7834208593740992
60860.0385 lsst_hardware_r 26.954684333638948 60.47999954223633 32.20000076293945 AB 13.220554639324307 1.6734879290283933
60861.2117 lsst_hardware_y -98.12457019870982 68.52999877929688 30.809999465942383 AB 3.6826838657977032 1.0156793010703846
60863.1951 lsst_hardware_r -26.61596602380167 73.30999755859375 31.65999984741211 AB 2.265153246162318 1.019115137745494
60863.2065 lsst_hardware_i 52.50920414302404 60.81999969482422 31.329999923706055 AB 2.265891380571904 1.0156393458412838
60867.2014 lsst_hardware_z 134.87247149858845 93.79000091552734 31.0 AB 7.945818249540127 1.0152237967896245
60867.2141 lsst_hardware_r 120.67352140749523 138.6999969482422 31.670000076293945 AB 8.44522179143772 1.0174966013780387
