data/validation/pwv_sim_epoch_fit_seasonal/3254508.ecsv
# %ECSV 0.9
# ---
# datatype:
# - {name: time, datatype: float64}
# - {name: band, datatype: string}
# - {name: flux, datatype: float64}
# - {name: fluxerr, datatype: float64}
# - {name: zp, datatype: float64}
# - {name: zpsys, datatype: string}
# - {name: pwv, datatype: float64}
# - {name: airmass, datatype: float64}
# meta: {SNID: '3254508', alt: 1024.0, c: -0.06903883069753647, dec: -28.971533, lat: -30.244573, lon: -70.7499537, ra: 102.832031, t0: 62168.76953125,
#   x0: 2.5394551975329015e-06, x1: 0.5907273888587952, z: 0.8083126544952393}
# schema: astropy-2.0
time band flux fluxerr zp zpsys pwv airmass
62048.2658 lsst_hardware_i 14.649343957581728 71.52999877929688 31.190000534057617 AB 11.655707026600114 1.7635668177935413
62048.2847 lsst_hardware_z -112.86104642488493 64.69000244140625 30.920000076293945 AB 10.23020105903315 1.5482320121626603
62050.2666 lsst_hardware_r 92.32200713513589 75.08999633789062 31.479999542236328 AB 7.4109328045798355 1.6843029101317806
62050.2861 lsst_hardware_z 37.532872403228986 59.95000076293945 30.920000076293945 AB 6.53621178564673 1.4855026785560748
62052.3061 lsst_hardware_z 8.610871569618661 53.380001068115234 30.940000534057617 AB 3.5233199918575764 1.3037663789290732
62052.3253 lsst_hardware_r -43.612337103164215 54.83000183105469 31.59000015258789 AB 3.2885527937773156 1.2062550366903955
62055.2539 lsst_hardware_u -2.3494147462486534 3.2799999713897705 28.170000076293945 AB 9.173158515326074 1.6730181497949215
62055.2732 lsst_hardware_g 18.49071357908628 27.520000457763672 31.469999313354492 AB 8.049003820548588 1.479052521232743
62057.2548 lsst_hardware_r 11.238000450114445 24.15999984741211 31.3799991607666 AB 9.188726184308672 1.6020793626202898
62057.2736 lsst_hardware_i -45.85751845378314 33.45000076293945 31.190000534057617 AB 8.289349025463439 1.4312339146999509
62059.2617 lsst_hardware_z 23.988314091404707 46.22999954223633 30.899999618530273 AB 10.79507554830807 1.484029173785048
62059.2801 lsst_hardware_u -2.1798913195536587 2.450000047683716 28.170000076293945 AB 9.80238618028686 1.3461734282838445
62065.2602 lsst_hardware_i -9.409246113902956 32.45000076293945 31.209999084472656 AB 3.898580609604081 1.369604991956765
62065.2786 lsst_hardware_z -19.459652034007433 43.529998779296875 30.93000030517578 AB 3.6426193052175564 1.259768046071857
62075.2483 lsst_hardware_r -52.38541162807103 69.58999633789062 31.59000015258789 AB 6.256197111583998 1.2756684735859978
62075.2663 lsst_hardware_i 10.914272699152335 55.310001373291016 31.290000915527344 AB 5.973455269125484 1.1900893749087829
62077.2532 lsst_hardware_z -21.81623359048339 86.05999755859375 31.719999313354492 AB 6.50275673866274 1.2236260563249213
62079.2529 lsst_hardware_z -159.33572469406928 60.29999923706055 30.959999084472656 AB 4.157925712151023 1.200556028532538
62079.269 lsst_hardware_r -76.88813398934059 78.0199966430664 31.6299991607666 AB 3.9515928633715776 1.1391158441543896
62081.2495 lsst_hardware_i 6.169517874825368 55.189998626708984 31.299999237060547 AB 5.5364560123914135 1.1918318051934358
62081.2659 lsst_hardware_z 52.76970343996128 54.02000045776367 30.969999313354492 AB 5.835445355012032 1.1313204882329388
62083.2927 lsst_hardware_g 0.7857449634764323 45.119998931884766 31.700000762939453 AB 8.404182851735936 1.050522856466992
62083.3111 lsst_hardware_i 8.418019226624232 43.41999816894531 31.309999465942383 AB 8.181918159046617 1.0227397698808272
62088.2766 lsst_hardware_r -13.49553127326738 21.639999389648438 31.479999542236328 AB 5.894027038956681 1.0551426850978662
62088.2932 lsst_hardware_u -4.4710071382283205 2.5999999046325684 28.420000076293945 AB 6.079904617604647 1.028110808455777
62095.1854 lsst_hardware_g 13.890842285079051 13.039999961853027 31.290000915527344 AB 4.121787029282493 1.323560191367137
62095.2014 lsst_hardware_i -34.72781370533896 31.34000015258789 31.209999084472656 AB 3.7910659412318974 1.2362171547497403
62096.2013 lsst_hardware_u -1.4280586295746067 2.4000000953674316 28.149999618530273 AB 4.574382196499235 1.2237512564205442
62096.2169 lsst_hardware_g -7.4815762951730385 12.979999542236328 31.34000015258789 AB 3.6686064746502156 1.1591173695574648
62098.2005 lsst_hardware_r -25.052429639800938 22.559999465942383 31.459999084472656 AB 9.437408392816216 1.2028305369382122
62098.2173 lsst_hardware_i -29.809320850568387 30.889999389648438 31.239999771118164 AB 8.71035718330647 1.1385343681205764
62100.2155 lsst_hardware_z 53.980252185021754 61.41999816894531 31.690000534057617 AB 5.95727188677127 1.1265997831698245
62103.1846 lsst_hardware_r -21.034962321795984 53.38999938964844 31.600000381469727 AB 5.280693412401806 1.212744410717708
62103.2004 lsst_hardware_z 6.210422257704419 49.290000915527344 30.959999084472656 AB 5.019655838973175 1.1497150341210947
62105.2055 lsst_hardware_i 11.661899917786725 58.540000915527344 31.309999465942383 AB 8.612020947169043 1.1153661579625964
62105.2219 lsst_hardware_z 113.99262488737529 55.029998779296875 30.969999313354492 AB 8.235358083780245 1.072498448139408
62107.2048 lsst_hardware_i 174.86874556366172 72.29000091552734 31.31999969482422 AB 7.032096328897902 1.101680852114971
62107.2224 lsst_hardware_z -6.981885786189929 63.5099983215332 30.979999542236328 AB 6.6826852310425915 1.0597424191194524
62110.1501 lsst_hardware_z -61.437359112896075 59.22999954223633 30.950000762939453 AB 6.957219224662582 1.2902854645145738
62110.1707 lsst_hardware_r -110.58543515195396 68.83999633789062 31.610000610351562 AB 6.189403364299882 1.1902698777499774
62112.1377 lsst_hardware_u 2.6207437255292896 2.450000047683716 28.15999984741211 AB 4.926666184045507 1.33153140109338
62112.1591 lsst_hardware_g -13.15119796293447 28.270000457763672 31.56999969482422 AB 4.502646979704789 1.2169316161364294
62114.1407 lsst_hardware_z -44.21153053571349 44.72999954223633 30.93000030517578 AB 9.558837673963842 1.2818037288526516
62114.1639 lsst_hardware_u -3.0332913368509447 2.630000114440918 28.360000610351562 AB 8.810614494491253 1.1737053056604687
62116.1506 lsst_hardware_g 8.484823760470139 13.170000076293945 31.34000015258789 AB 14.320609704505475 1.2061238249430843
62116.1727 lsst_hardware_r -16.887179889770454 22.139999389648438 31.469999313354492 AB 14.272508428171882 1.1238195612733766
62118.124 lsst_hardware_r 25.97978649763595 22.8700008392334 31.440000534057617 AB 9.708469065603287 1.3150800752603349
62118.1451 lsst_hardware_i 7.212834133292416 31.209999084472656 31.229999542236328 AB 8.63467077544016 1.206296559854678
62122.1325 lsst_hardware_u 2.070195903001642 2.6500000953674316 28.3700008392334 AB 3.527974422431055 1.2137526682675648
62122.1536 lsst_hardware_g -12.107017483097106 13.1899995803833 31.3799991607666 AB 3.2922539573324507 1.132493836548558
62124.133 lsst_hardware_r 23.783154833419374 22.75 31.479999542236328 AB 3.5871856050336874 1.1881048621457937
62124.155 lsst_hardware_i 7.8937669790084595 30.75 31.25 AB 3.3350175862423406 1.111302094715875
62126.1526 lsst_hardware_u -2.34860462390024 2.740000009536743 28.479999542236328 AB 3.8799779168960367 1.102579686529138
62126.1736 lsst_hardware_g 18.416367021302577 13.289999961853027 31.420000076293945 AB 3.819418614013089 1.0537053904440603
62128.1506 lsst_hardware_r 22.748334110571268 24.43000030517578 31.510000228881836 AB 6.859233718311983 1.0932356406442176
62128.172 lsst_hardware_i 62.231446528852295 29.90999984741211 31.25 AB 6.8694106378350455 1.0466344293298697
62129.1563 lsst_hardware_z 18.177756096941486 42.66999816894531 30.950000762939453 AB 6.836083116648847 1.072663285210918
62129.1768 lsst_hardware_r -18.851577174110517 25.6200008392334 31.540000915527344 AB 6.9387305828074135 1.0344091806159386
62131.1668 lsst_hardware_z 100.31306933071431 63.29999923706055 31.709999084472656 AB 5.759165619340891 1.0415346087966166
62133.1578 lsst_hardware_r 12.584739665768444 55.7307876674388 31.639999389648438 AB 7.407001381555728 1.047604650582459
62133.1803 lsst_hardware_z -48.60874999531308 49.01456084950434 30.969999313354492 AB 7.196304195129305 1.0164630382610953
62135.1306 lsst_hardware_i 25.683320136089765 66.60612889988406 31.31999969482422 AB 7.417351463613888 1.0955801430691965
62135.1532 lsst_hardware_r 133.7967460299709 82.5345942662021 31.649999618530273 AB 7.0537587011074026 1.046086119102388
62137.1555 lsst_hardware_z 59.602993809155976 67.07544150172677 30.989999771118164 AB 7.197278308505785 1.033605352151938
62137.1772 lsst_hardware_r 56.44850335112325 97.91647663518964 31.670000076293945 AB 7.065460301937948 1.0095750204599516
62139.0356 lsst_hardware_y 36.995391934254776 88.1129712464889 29.899999618530273 AB 8.882285025857113 1.5545456181766968
62139.0577 lsst_hardware_r 24.30509384090719 23.33583487679889 31.420000076293945 AB 9.265646154329842 1.3727730582376423
62141.0357 lsst_hardware_y -124.0417184295399 88.15962044559114 29.899999618530273 AB 15.386874798021946 1.5026244919943306
62141.0576 lsst_hardware_r 68.43576860387384 23.783671164270878 31.43000030517578 AB 14.154255926195734 1.337325767781154
62143.0366 lsst_hardware_y 54.55449095894922 84.3698408748058 29.920000076293945 AB 14.031986012094286 1.4486624580168577
62143.0582 lsst_hardware_z 48.08592816281974 46.13210222546106 30.920000076293945 AB 12.703899400727177 1.3005630017124483
62145.1245 lsst_hardware_r 121.82494853228349 24.351470349452267 31.479999542236328 AB 6.8492087886507 1.0485622762784292
62145.142 lsst_hardware_z 165.67658787765527 41.996979893898754 30.950000762939453 AB 6.544183614768049 1.0225286898075077
62147.0349 lsst_hardware_y 150.45329475274724 86.84379083586943 29.950000762939453 AB 9.256394787743371 1.3794068606385657
62147.052 lsst_hardware_r 209.9567837452172 27.194020671846253 31.459999084472656 AB 7.8997354634505825 1.2741508812017068
62149.0424 lsst_hardware_z 538.4136398485074 93.8568056831067 31.690000534057617 AB 2.712122351326794 1.2972006941656316
62151.0357 lsst_hardware_y 95.14126160236167 79.30206020140697 29.989999771118164 AB 7.659336076424985 1.3043828468026202
62151.0524 lsst_hardware_g 44.84788467858316 16.72745839414991 31.399999618530273 AB 7.268180819278467 1.2179097347037775
62155.0356 lsst_hardware_y 193.10438571376227 74.06720943422724 29.989999771118164 AB 5.838706576975908 1.2459229825502227
62155.053 lsst_hardware_i 629.6732015333616 41.05910614465111 31.239999771118164 AB 4.232126749850225 1.1696612312168104
62157.0355 lsst_hardware_y 176.27655156423464 70.78619410722538 30.010000228881836 AB 14.71622914515049 1.2202764688447467
62157.0537 lsst_hardware_g 170.19320022768594 21.919558953505245 31.489999771118164 AB 13.762071987947193 1.1471181457671369
62159.0352 lsst_hardware_y 301.75030584836804 70.49430412307488 30.010000228881836 AB 10.1486105096685 1.1974526176085103
62159.052 lsst_hardware_i 863.4354903352632 45.415514970187566 31.260000228881836 AB 8.53730150325153 1.134374369286677
62161.0425 lsst_hardware_z 1203.8063289637907 88.2884349772303 31.719999313354492 AB 7.69870670434861 1.1480896810183343
62164.0344 lsst_hardware_y 256.2827613565691 69.59407846927145 30.030000686645508 AB 12.649941715919944 1.147768725736748
62164.0522 lsst_hardware_r 818.4475105631901 84.06560692322309 31.649999618530273 AB 12.695623654975122 1.0935076360874352
62166.034 lsst_hardware_y 326.51426884280346 98.61895610676763 30.790000915527344 AB 12.232647986077705 1.1307418469787354
62166.0514 lsst_hardware_z 1100.334563333399 101.03144716058715 31.739999771118164 AB 12.216434036868339 1.0817385510804178
62168.032 lsst_hardware_y 147.30749265065657 66.23247599620899 30.040000915527344 AB 9.480688444190895 1.1198545291980742
62168.0493 lsst_hardware_z 617.5932469199573 58.150152286974865 30.969999313354492 AB 8.715268938671002 1.0738269409921868
62170.0329 lsst_hardware_y 208.73171710932476 59.16776636054882 30.040000915527344 AB 7.69171826176716 1.101360512865498
62170.0525 lsst_hardware_r 539.836324104888 32.760689703667886 31.5 AB 8.137238307369357 1.055550435512969
62172.0312 lsst_hardware_y 204.1700167795825 61.48556850621225 30.049999237060547 AB 6.066747680224179 1.0913052340382223
62172.0495 lsst_hardware_r 611.4901126084623 32.279426693835326 31.510000228881836 AB 6.31934841177203 1.0508894254609806
62174.0309 lsst_hardware_z 612.0712820368448 55.285207432005485 30.969999313354492 AB 5.187218012453086 1.0785171298525145
62174.05 lsst_hardware_g 90.2998230573797 15.60959419528056 31.40999984741211 AB 6.555358933743223 1.0405331640862259
62176.0296 lsst_hardware_y 181.58931193782868 58.40822063068916 30.049999237060547 AB 5.936283587619829 1.0690227962578578
62176.048 lsst_hardware_i 777.812200921735 41.413198468878676 31.25 AB 6.272502601318025 1.035109138383271
62178.0296 lsst_hardware_y 221.27677158411387 54.710403066913706 30.049999237060547 AB 0.5708502407580006 1.057619714234445
62178.048 lsst_hardware_r 407.7530441886535 29.629862851602315 31.489999771118164 AB 1.0333097613063498 1.0274021986640316
62180.028 lsst_hardware_y 431.3601192877034 56.29722000458752 30.049999237060547 AB 3.538920781777346 1.0502547145128762
62180.048 lsst_hardware_g 28.489568980818174 14.750223855876314 31.399999618530273 AB 2.545899788004778 1.0207075425497756
62411.2659 lsst_hardware_u -1.9200779009900055 2.0999999046325684 27.739999771118164 AB 6.716653032319709 1.8491714591008699
62411.2864 lsst_hardware_g -25.597696733756774 16.010000228881836 31.280000686645508 AB 5.762838626133603 1.5928243853328075
62413.2412 lsst_hardware_r 15.145547604492503 24.979999542236328 31.25 AB 5.762312042850049 2.1998455290363816
62413.2598 lsst_hardware_z -99.5641720431577 50.63999938964844 30.860000610351562 AB 5.131243975399578 1.8588096270241463
62414.2633 lsst_hardware_r -4.911927908999149 24.6299991607666 31.34000015258789 AB 11.692688335190535 1.7696978031718895
62414.2823 lsst_hardware_u -3.763238497733925 2.369999885559082 28.030000686645508 AB 10.305782857921052 1.551686252133659
62418.2887 lsst_hardware_z 76.7593596393747 45.54999923706055 30.90999984741211 AB 3.624142484437863 1.404751762435943
62418.3097 lsst_hardware_r 13.02014681380929 22.889999389648438 31.440000534057617 AB 3.4396947767732162 1.27215488261353
62422.2166 lsst_hardware_g 10.317598400976324 12.979999542236328 31.020000457763672 AB 12.780846270360813 2.2004957853070355
62422.2331 lsst_hardware_i 1.0782716185806243 35.619998931884766 31.1200008392334 AB 11.018285122328102 1.8917405386510748
62427.2557 lsst_hardware_r -41.233671963290746 56.439998626708984 31.530000686645508 AB 7.56352253703961 1.4712162102780801
62427.274 lsst_hardware_i -13.66673591388037 47.61000061035156 31.25 AB 6.890122018997674 1.3371737458634076
62429.2582 lsst_hardware_z 4.956058854951994 57.59000015258789 30.93000030517578 AB 1.7480778857472095 1.4082260089258538
62429.2766 lsst_hardware_r -50.082147658859014 69.18000030517578 31.59000015258789 AB 1.6387696546060846 1.289016508604681
62435.2358 lsst_hardware_g 7.861788144312728 68.19000244140625 31.56999969482422 AB 1.6686648334714889 1.45512520904569
62435.2535 lsst_hardware_i -51.38901702858455 56.86000061035156 31.270000457763672 AB 1.8602545387973133 1.328753241998081
62437.2592 lsst_hardware_r 86.34658661001022 51.97999954223633 31.579999923706055 AB 2.876938333371048 1.2648662709917147
62437.2758 lsst_hardware_z 41.938962170523595 50.720001220703125 30.950000762939453 AB 2.625314026530857 1.1875218937151903
62442.2531 lsst_hardware_z -113.19792295957258 43.290000915527344 30.920000076293945 AB 3.8341984205272976 1.2273035035964568
62442.2706 lsst_hardware_r 13.3354289525798 22.209999084472656 31.459999084472656 AB 3.608597485911048 1.154966789292203
62451.2809 lsst_hardware_r -8.640159262559102 21.729999542236328 31.469999313354492 AB 1.8564806201426272 1.0587789288394813
62451.298 lsst_hardware_i -25.88871501664024 29.59000015258789 31.239999771118164 AB 2.0480394447796573 1.0299418882473574
62456.1689 lsst_hardware_z -77.67978947533257 52.619998931884766 30.90999984741211 AB 8.55049397016632 1.539519980224343
62456.1869 lsst_hardware_r -51.47409835598863 49.790000915527344 31.549999237060547 AB 7.661392649776873 1.3906206406903812
62458.1697 lsst_hardware_i -74.76240357468434 54.939998626708984 31.229999542236328 AB 8.545872040094865 1.4828431198290635
62458.1867 lsst_hardware_r -90.11372401922232 63.529998779296875 31.56999969482422 AB 7.400863060229324 1.3544358200819544
62460.1969 lsst_hardware_z -94.90939485857771 62.099998474121094 30.959999084472656 AB 6.516737062785427 1.2622811975953176
62460.2148 lsst_hardware_r -139.08049300089627 83.58999633789062 31.6299991607666 AB 5.807473284477527 1.1802608036739455
