data/validation/pwv_sim_epoch_fit_seasonal/32694005.ecsv
# %ECSV 0.9
# ---
# datatype:
# - {name: time, datatype: float64}
# - {name: band, datatype: string}
# - {name: flux, datatype: float64}
# - {name: fluxerr, datatype: float64}
# - {name: zp, datatype: float64}
# - {name: zpsys, datatype: string}
# - {name: pwv, datatype: float64}
# - {name: airmass, datatype: float64}
# meta: {SNID: '32694005', alt: 1024.0, c: 0.021789206191897392, dec: -13.094776, lat: -30.244573, lon: -70.7499537, ra: 204.609375, t0: 60781.5390625,
#   x0: 1.4329794828405868e-05, x1: 0.6279975175857544, z: 0.3955382704734802}
# schema: astropy-2.0
time band flux fluxerr zp zpsys pwv airmass
60713.3729 lsst_hardware_u 2.275704175325534 3.6600000858306885 28.65999984741211 AB 4.975231542390323 1.0477480346194215
60714.3234 lsst_hardware_r 4.449781583499122 25.190000534057617 31.510000228881836 AB 9.037324090655009 1.1081263062540594
60714.3427 lsst_hardware_y -33.319702215304645 47.880001068115234 30.040000915527344 AB 8.799527463539953 1.0723829258785118
60716.3764 lsst_hardware_z -43.41036925553791 87.02999877929688 32.15999984741211 AB 3.9602632698128297 1.0458441733660642
60718.3638 lsst_hardware_r 65.35858788152403 82.04000091552734 31.649999618530273 AB 6.466122482492109 1.0464110177730288
60718.3817 lsst_hardware_y 90.47853895366008 56.66999816894531 30.059999465942383 AB 5.345306313400949 1.0485104577091022
60720.3648 lsst_hardware_z -12.553559036961056 68.58000183105469 30.989999771118164 AB 2.550224347585137 1.045816833129029
60720.3818 lsst_hardware_y 36.53825239577544 59.310001373291016 30.059999465942383 AB 2.6843739041931736 1.0515616116710111
60722.2956 lsst_hardware_i 86.35666379897813 85.13999938964844 31.329999923706055 AB 5.481337017499988 1.1226305099759324
60722.3122 lsst_hardware_z 142.11930009350252 74.58999633789062 30.989999771118164 AB 5.604502382334763 1.0863895032471351
60724.3443 lsst_hardware_z -80.71145261853887 67.1500015258789 30.989999771118164 AB 5.467917517052492 1.0472430006325228
60724.3627 lsst_hardware_r 111.03636610512822 85.2300033569336 31.649999618530273 AB 5.508374885309455 1.047468483063375
60727.3443 lsst_hardware_i -20.181057511448017 37.0099983215332 31.290000915527344 AB 5.983364942779507 1.0458142788340847
60727.3613 lsst_hardware_r -34.44936801605804 34.65999984741211 31.59000015258789 AB 6.044967666268915 1.050689629131353
60729.3349 lsst_hardware_u -1.8001069661503044 3.390000104904175 28.639999389648438 AB 10.27449898760687 1.0461942117206824
60729.3523 lsst_hardware_g -5.347177027550094 17.889999389648438 31.530000686645508 AB 10.321205414867926 1.0487964043154074
60731.3383 lsst_hardware_r 5.9754165643695165 24.299999237060547 31.510000228881836 AB 8.996751065132376 1.0461338447828343
60731.3558 lsst_hardware_i 19.510838799842233 31.670000076293945 31.25 AB 9.068659375524293 1.054495276223755
60736.3127 lsst_hardware_i -18.660848261163647 31.549999237060547 31.260000228881836 AB 3.6209232411465413 1.0468878181847607
60736.3311 lsst_hardware_u 3.2227382431837386 2.8299999237060547 28.489999771118164 AB 3.654972399736698 1.0478955631786018
60738.3145 lsst_hardware_g 1.0798877695725353 15.239999771118164 31.450000762939453 AB 7.647985119808718 1.0458067988252042
60738.3332 lsst_hardware_r -13.177831228828657 24.219999313354492 31.510000228881836 AB 7.607461016092754 1.0519166228004362
60740.3013 lsst_hardware_i 23.925997290160783 31.469999313354492 31.260000228881836 AB 7.5061316683606565 1.0470263172493706
60740.3198 lsst_hardware_r 15.369700635661468 24.200000762939453 31.510000228881836 AB 7.478306872793377 1.0477487737714126
60742.2991 lsst_hardware_u -0.8411792106500684 2.680000066757202 28.3799991607666 AB 10.171242425089975 1.0462447205647432
60742.32 lsst_hardware_g 25.023649609121563 15.210000038146973 31.450000762939453 AB 10.280689366441873 1.0504791586963766
60749.1169 lsst_hardware_i 232.26532564844902 131.9499969482422 31.170000076293945 AB 16.77935224742122 1.895972005358385
60749.1489 lsst_hardware_z 279.01999176567455 146.63999938964844 31.690000534057617 AB 15.08697571636658 1.5017893406695777
60749.1823 lsst_hardware_r -73.1990595488819 143.35000610351562 31.600000381469727 AB 12.95827316032084 1.2714577099252167
60751.2901 lsst_hardware_i -143.37563729490128 102.76000213623047 31.34000015258789 AB 8.278204506617485 1.0478739881794283
60751.3135 lsst_hardware_z -114.66165064569999 87.45999908447266 31.0 AB 8.614315725866783 1.0673170271176577
60753.2759 lsst_hardware_z -35.57303331336253 62.779998779296875 30.989999771118164 AB 5.871147525021858 1.0458667879024552
60753.2949 lsst_hardware_r -86.97613417137947 80.19000244140625 31.649999618530273 AB 5.796071013049069 1.0538310932816488
60757.2643 lsst_hardware_z 39.496709385745454 43.671207041076904 30.959999084472656 AB 6.411791319532693 1.045827046817901
60757.2839 lsst_hardware_g 22.611056469010496 23.67026583777519 31.610000610351562 AB 6.48700321771821 1.0537692036579378
60759.2521 lsst_hardware_r 268.733151114955 28.69472926757249 31.520000457763672 AB 6.841842405620605 1.0463532640979707
60759.2693 lsst_hardware_i 224.88950897227062 35.07843458162824 31.260000228881836 AB 6.836218316007909 1.0482987641951942
60761.249 lsst_hardware_z 361.91680032895636 45.52429974431041 30.959999084472656 AB 6.589671525138074 1.0459796071647738
60761.2672 lsst_hardware_r 649.4033104453443 34.46996747292455 31.520000457763672 AB 7.263010954427449 1.049947373245746
60766.2392 lsst_hardware_r 1948.216320876828 50.88586765850362 31.520000457763672 AB 4.4450290503137335 1.045807164217815
60766.2571 lsst_hardware_z 1081.7088892413997 52.55302928051947 30.959999084472656 AB 4.892831593940205 1.052146425476354
60768.2387 lsst_hardware_r 2606.441882968555 56.78458616351534 31.520000457763672 AB 7.4709168107765995 1.0463835303444124
60768.2578 lsst_hardware_u 14.158105536745348 3.9810911627112757 28.510000228881836 AB 6.260350337774875 1.0570898455443243
60772.2385 lsst_hardware_i 2797.764127584304 64.63224556083422 31.280000686645508 AB 9.079062829377671 1.0507161148860262
60772.2548 lsst_hardware_z 1931.5902602030528 60.382406187228966 30.950000762939453 AB 8.524776609664034 1.0655970762080043
60777.2153 lsst_hardware_z 2653.7693905942187 113.14579089838196 31.0 AB 7.088002821174056 1.0466502658473964
60777.2316 lsst_hardware_i 3917.5265251215 136.7185046865291 31.34000015258789 AB 7.244345869162261 1.055642385305976
60779.2172 lsst_hardware_z 2723.5558117858586 119.80665890521428 31.010000228881836 AB 6.922935603231045 1.0494861825560593
60779.2341 lsst_hardware_r 5675.941587033258 181.0714213533574 31.65999984741211 AB 7.013108792959625 1.0636935402249237
60781.1789 lsst_hardware_y 1732.3416625356847 85.86817014108763 30.809999465942383 AB 18.003374757746528 1.0521726072087505
60783.1949 lsst_hardware_g 2576.0791004907883 75.02991497325681 31.709999084472656 AB 13.49264209409697 1.0459412476044163
60783.2123 lsst_hardware_r 5503.607079708179 91.99729886585412 31.6299991607666 AB 12.51199199040891 1.0533014176820599
60785.1948 lsst_hardware_i 3936.586737844187 72.22221544564145 31.280000686645508 AB 3.319920033288547 1.0470181445325246
60785.2155 lsst_hardware_z 2540.429957111352 67.746600780364 30.959999084472656 AB 2.871699613391957 1.0612014707819875
60791.1807 lsst_hardware_r 3879.149937561362 67.38892238524564 31.520000457763672 AB 6.720215454258478 1.0477961832948097
60791.1983 lsst_hardware_u 5.373999504702747 3.5689477958962277 28.510000228881836 AB 6.790625925979128 1.0603311747634974
60796.1774 lsst_hardware_z 1885.3220944977531 59.57639033522754 30.950000762939453 AB 10.164748167335016 1.0537512678330976
60796.1954 lsst_hardware_r 2985.9547149705154 60.43285405333826 31.510000228881836 AB 10.329954099410635 1.0738928284928322
60799.1518 lsst_hardware_r 2605.1445964298227 57.598194486037904 31.540000915527344 AB 10.548539873568414 1.0460065155792337
60799.1701 lsst_hardware_y 455.3250981724774 51.055447363285765 30.040000915527344 AB 9.663696617936182 1.0544515113773385
60801.1522 lsst_hardware_z 1677.1372961650577 61.82563664960121 30.969999313354492 AB 3.7521801164961284 1.0473636054420457
60801.1695 lsst_hardware_r 2461.105792782344 66.69488269652732 31.6200008392334 AB 3.446768373647214 1.0588065862115137
60805.1429 lsst_hardware_r 2088.791469516738 139.63874022359886 31.65999984741211 AB 7.352326591807841 1.0479619800652196
60805.1602 lsst_hardware_z 1620.8608349227973 99.78771401688651 31.0 AB 7.482004555397698 1.060462465774197
60807.1189 lsst_hardware_z 1572.737482332008 105.37331160683073 31.0 AB 12.780129957544272 1.0468651669023636
60807.1392 lsst_hardware_i 2011.419291350174 127.05273668993202 31.34000015258789 AB 13.55350167044338 1.0487214838561867
60809.1172 lsst_hardware_z 1471.7048475926335 81.32126246075308 30.989999771118164 AB 6.470999500092997 1.0460716941631099
60809.1372 lsst_hardware_r 1417.7611647041044 112.64242464512267 31.65999984741211 AB 6.5267104081550595 1.0505489443323226
60811.1244 lsst_hardware_y 868.5971165787453 76.26097851777683 30.809999465942383 AB 5.504083761980259 1.0472001069216625
60813.0902 lsst_hardware_g 546.2359127877627 42.35614020847138 32.369998931884766 AB 8.924109109269631 1.0531164868148684
60813.1109 lsst_hardware_r 2121.128551754364 68.62522094830926 32.34000015258789 AB 8.970911358925546 1.04580454172594
60816.0866 lsst_hardware_i 1449.455624697971 49.1397914676908 31.260000228881836 AB 7.528008624629537 1.050126749460086
60816.1066 lsst_hardware_z 1169.2597885685425 54.26448822373848 30.950000762939453 AB 7.501143940154527 1.0461846499518168
60822.0756 lsst_hardware_r 760.3785952678471 35.10484333058892 31.520000457763672 AB 6.050277196959406 1.0476216955039785
60822.0968 lsst_hardware_u -2.4198701364339197 2.9300513828151766 28.43000030517578 AB 6.434926640630971 1.0480905544217147
60825.0753 lsst_hardware_g 124.82893856968707 19.28234654846024 31.459999084472656 AB 11.460182943839564 1.0458756964489972
60825.0952 lsst_hardware_i 960.0626213152902 45.00011995894352 31.25 AB 12.787914120249999 1.0516016408634796
60831.0442 lsst_hardware_r 458.1444013967956 69.59280266591593 31.649999618530273 AB 10.011121628592075 1.0509812218352923
60831.0651 lsst_hardware_y 272.2034990053172 54.50019854517481 30.059999465942383 AB 9.9578131540884 1.0460986610030942
60843.024 lsst_hardware_r 731.3705525174646 43.4742633810108 32.27000045776367 AB 6.313544444797203 1.046125947054281
60843.0528 lsst_hardware_i 1134.4462133033157 56.33976877846853 32.0099983215332 AB 6.203664665891123 1.0568873744010616
60845.0126 lsst_hardware_z 483.9765080467223 47.36694034004234 30.959999084472656 AB 4.161445915959806 1.0476953464148555
60845.0372 lsst_hardware_r 314.7159340317347 30.676871799080757 31.530000686645508 AB 4.106715613181584 1.0495950621524455
60849.9914 lsst_hardware_r 322.1884093751702 30.355557830970582 31.520000457763672 AB 4.756590288631066 1.0515674919598255
60850.0094 lsst_hardware_z 545.6705137902848 46.86539949280009 30.950000762939453 AB 4.19992137159204 1.0457971542808864
60858.9677 lsst_hardware_z 9.658103895253072 51.310001373291016 30.969999313354492 AB 7.672374999904969 1.0510102739595848
60858.9868 lsst_hardware_g 24.939764179877937 45.619998931884766 31.700000762939453 AB 7.634978034597925 1.0458874019997157
60861.9675 lsst_hardware_y 46.878369525600505 56.68000030517578 30.049999237060547 AB 6.8077322044383894 1.0472360072461717
60861.9873 lsst_hardware_i 57.946543888123614 71.4000015258789 31.329999923706055 AB 6.8562304788118675 1.0479793873967291
60863.9568 lsst_hardware_y -119.55056972328474 70.44999694824219 30.06999969482422 AB 1.7179386467293833 1.0494432783930259
60863.9749 lsst_hardware_r 48.814092387499485 78.4800033569336 31.65999984741211 AB 1.4764646641052723 1.046087026584594
60865.9572 lsst_hardware_y 140.99049017581171 73.73999786376953 30.06999969482422 AB 7.535730310428386 1.0470412398992657
60865.9752 lsst_hardware_z 58.84890297857463 60.380001068115234 30.979999542236328 AB 8.327369753575484 1.0475337761588979
61080.3228 lsst_hardware_r 69.62245919240091 49.119998931884766 31.610000610351562 AB 6.055470452468082 1.1048616434736271
61080.3412 lsst_hardware_y -84.97817313522332 50.13999938964844 30.040000915527344 AB 7.093313307522435 1.0715919037461663
61082.3607 lsst_hardware_r -6.918307676769682 29.030000686645508 31.549999237060547 AB 4.674363663244912 1.0485337961518328
61082.3791 lsst_hardware_y 42.748112255693684 49.7599983215332 30.040000915527344 AB 4.091845023917794 1.0464630724822797
61084.3717 lsst_hardware_z -15.537839952371561 60.65999984741211 31.709999084472656 AB 5.806187121719242 1.0460970131017793
61090.3446 lsst_hardware_z -5.509582123024016 42.2599983215332 30.959999084472656 AB 3.283130334377062 1.0465550275607582
61090.3621 lsst_hardware_i 0.7267593322854281 31.969999313354492 31.270000457763672 AB 3.2858363046946466 1.0479743696036081
61094.3387 lsst_hardware_r -68.7677420453684 24.270000457763672 31.510000228881836 AB 10.291007288077667 1.0458163602998933
61094.3567 lsst_hardware_i -34.02072993465514 31.65999984741211 31.260000228881836 AB 10.350992051482068 1.0507554615249226
61099.3492 lsst_hardware_i -2.210513651359079 31.65999984741211 31.260000228881836 AB 4.9831615387091235 1.0551956672756218
61099.3695 lsst_hardware_z -3.316777460701208 42.310001373291016 30.950000762939453 AB 5.113186766583329 1.080326804686949
61101.3138 lsst_hardware_z 12.09206327816439 61.02000045776367 30.979999542236328 AB 3.609530948334657 1.0467465292415632
61101.3324 lsst_hardware_i -28.387342230366965 66.05999755859375 31.329999923706055 AB 3.6102907231461194 1.048106657257855
61105.3154 lsst_hardware_r -9.680523892871458 119.11000061035156 31.65999984741211 AB 7.483439720744351 1.0462690976224303
61105.3339 lsst_hardware_i -67.30176287100204 97.20999908447266 31.329999923706055 AB 7.5153721976494285 1.0561231306421228
61107.3117 lsst_hardware_z -46.07144548929284 93.36000061035156 31.739999771118164 AB 9.986891640775877 1.0466611326577338
61109.2999 lsst_hardware_z -25.13574035054833 48.61000061035156 30.969999313354492 AB 9.050516125659298 1.0457785455062163
61109.3197 lsst_hardware_r 77.07993403726152 47.72999954223633 31.6299991607666 AB 9.153006994787752 1.0534420695297804
61113.304 lsst_hardware_i -24.686491203487535 31.920000076293945 31.25 AB 11.095143394494226 1.0502620551702402
61113.3232 lsst_hardware_u -1.4090533680073416 3.109999895095825 28.530000686645508 AB 11.294489620578677 1.0683399187077878
61114.2785 lsst_hardware_u -1.9253852450661277 2.759999990463257 28.43000030517578 AB 9.106231222898728 1.0466932440113481
61114.2977 lsst_hardware_g -15.327897774261167 15.270000457763672 31.450000762939453 AB 8.702081177854177 1.0484435154041176
61116.2804 lsst_hardware_r 21.00483796137333 24.1299991607666 31.510000228881836 AB 8.26158765679596 1.045770589467843
61116.2992 lsst_hardware_i 27.104461799989156 31.450000762939453 31.25 AB 8.582552414033445 1.0524282543266028
61118.2795 lsst_hardware_z -61.76014662948256 41.61000061035156 30.950000762939453 AB 5.8670436006610425 1.0461917975500952
61118.299 lsst_hardware_u 3.211611682758758 2.7300000190734863 28.40999984741211 AB 5.8115660596553 1.056648374482782
61120.2768 lsst_hardware_g 17.7219598395261 15.399999618530273 31.459999084472656 AB 4.718524137829013 1.0468162258078426
61120.2964 lsst_hardware_r 21.263897950827413 24.329999923706055 31.510000228881836 AB 4.220599656874929 1.059387464075053
61122.2755 lsst_hardware_i 22.03939924838483 31.75 31.260000228881836 AB 6.408696025933916 1.048285928835196
61122.2951 lsst_hardware_z -25.45471845155628 42.209999084472656 30.950000762939453 AB 6.555289655837948 1.063940108608202
61124.2545 lsst_hardware_i 23.503244886878974 31.579999923706055 31.239999771118164 AB 6.783524026469283 1.0460330033105856
61124.2723 lsst_hardware_u 1.378458836347711 2.700000047683716 28.3700008392334 AB 6.819913063707257 1.0493519267148188
61130.2556 lsst_hardware_z 161.72466855948952 100.18000030517578 31.739999771118164 AB 4.752564350385006 1.0491891054440103
61133.2408 lsst_hardware_r -180.17095527459202 162.89999389648438 31.65999984741211 AB 7.521694299466926 1.0466786292526598
61133.2609 lsst_hardware_i 4.6649682402030335 130.32000732421875 31.34000015258789 AB 6.285557501600955 1.0593785027768854
61135.2392 lsst_hardware_z 21.223730460999306 73.91000366210938 30.989999771118164 AB 7.441138028926424 1.0479492107210402
61135.2587 lsst_hardware_r 191.47131860638729 101.55000305175781 31.649999618530273 AB 7.272279163638405 1.0628879221921084
61137.2507 lsst_hardware_z 65.03567118334668 74.38999938964844 31.719999313354492 AB 8.480947684932712 1.060118460616589
