data/validation/pwv_sim_epoch_fit_seasonal/32706619.ecsv
# %ECSV 0.9
# ---
# datatype:
# - {name: time, datatype: float64}
# - {name: band, datatype: string}
# - {name: flux, datatype: float64}
# - {name: fluxerr, datatype: float64}
# - {name: zp, datatype: float64}
# - {name: zpsys, datatype: string}
# - {name: pwv, datatype: float64}
# - {name: airmass, datatype: float64}
# meta: {SNID: '32706619', alt: 1024.0, c: -0.11969126760959625, dec: -26.777105, lat: -30.244573, lon: -70.7499537, ra: 139.21875, t0: 61400.52734375,
#   x0: 8.339349497529937e-06, x1: 0.5059887170791626, z: 0.4958384037017822}
# schema: astropy-2.0
time band flux fluxerr zp zpsys pwv airmass
61373.2606 lsst_hardware_r 57.613516879835586 57.69368505280064 31.559999465942383 AB 6.778689583309002 1.35067289331202
61373.2758 lsst_hardware_y -3.457075221498997 52.83505589556567 29.969999313354492 AB 6.201433932501215 1.2609880062698395
61378.2218 lsst_hardware_g 66.19276467971325 15.455180021790872 31.260000228881836 AB 6.770640233281988 1.5547712803908347
61378.243 lsst_hardware_r 238.9820634515856 28.337151144415262 31.43000030517578 AB 6.03216225612201 1.3775991449893257
61380.2237 lsst_hardware_i 396.75860241641004 38.80098400821152 31.18000030517578 AB 7.962421678209179 1.4862889874859637
61380.2449 lsst_hardware_z 289.9658485222869 47.9199522067275 30.920000076293945 AB 7.086296471347831 1.3287013493363018
61382.2372 lsst_hardware_g 318.93095875537546 22.363760112801142 31.309999465942383 AB 6.631726696727036 1.34299852100588
61382.2591 lsst_hardware_i 556.2912585946162 39.8593103222376 31.219999313354492 AB 7.884940755253576 1.2220609235017037
61384.243 lsst_hardware_z 599.2159689759909 49.263199352355905 30.93000030517578 AB 11.901264359363156 1.2758189415075742
61384.2665 lsst_hardware_r 1244.9022710900472 41.70528529077001 31.479999542236328 AB 10.796502121290922 1.167662795326854
61388.2428 lsst_hardware_r 1986.4801000672169 49.53226853423562 31.459999084472656 AB 9.56934701423552 1.2216837509529894
61388.2641 lsst_hardware_i 1202.1037430223894 46.6089749062081 31.229999542236328 AB 9.04808963750397 1.137123242114361
61391.2474 lsst_hardware_z 1179.103434575127 54.02144292719379 30.940000534057617 AB 9.87611852379524 1.1676199239954392
61391.2703 lsst_hardware_r 2625.6945540111847 55.076759342840866 31.489999771118164 AB 7.683302288592603 1.0941368206191182
61393.2428 lsst_hardware_z 1357.1734231292555 55.23069704983347 30.950000762939453 AB 6.031040066812365 1.1643496436724488
61393.2653 lsst_hardware_r 2786.6537695673214 57.32006569550166 31.489999771118164 AB 4.72498707154056 1.0929247837947285
61395.2459 lsst_hardware_i 2008.0807426525535 62.50369008016434 31.290000915527344 AB 6.6911493078146425 1.1340931030194308
61395.2683 lsst_hardware_z 1419.5126412362442 59.37732437688098 30.959999084472656 AB 5.782072813404388 1.0723097357408893
61404.2537 lsst_hardware_r 3249.4206563311973 68.24119237931198 31.600000381469727 AB 9.150903195577431 1.0518279535146473
61404.2766 lsst_hardware_z 1519.4978443168202 58.88737307195258 30.959999084472656 AB 8.86368790084822 1.018814701246922
61406.1339 lsst_hardware_r 2478.6921608272773 54.915522130131556 31.3700008392334 AB 11.703205932686492 1.6797960012697635
61406.1554 lsst_hardware_i 1822.2761723947858 53.972003965111305 31.190000534057617 AB 10.191822190100803 1.4632847511210725
61408.1284 lsst_hardware_z 1327.0505979803906 61.23059751998905 30.8799991607666 AB 6.439219979948953 1.6802713758102819
61408.15 lsst_hardware_u 1.8177650435158454 2.720139823919109 28.059999465942383 AB 5.704833387919938 1.462777791774343
61410.1302 lsst_hardware_g 1118.8482242009588 39.00102756585172 31.969999313354492 AB 18.10010307078074 1.598137259853055
61410.1532 lsst_hardware_r 4589.321798655841 74.20039739650396 32.18000030517578 AB 15.823833069149861 1.3950306858106203
61412.1371 lsst_hardware_i 1684.8853893355613 51.633988989518265 31.18000030517578 AB 11.798703572118624 1.4796158727706499
61412.1581 lsst_hardware_z 1330.551944538965 56.386983505841194 30.920000076293945 AB 10.536568949121445 1.3251601168534737
61416.2105 lsst_hardware_r 1687.4749046921913 46.97606435950304 31.479999542236328 AB 6.869520297714671 1.0733625465179173
61416.2273 lsst_hardware_u 1.4897980569749638 3.12688980996621 28.440000534057617 AB 6.6609307089252345 1.0407704232695678
61419.2078 lsst_hardware_g 322.9475593227067 22.549499703671245 31.399999618530273 AB 8.440795773707839 1.0614905292751573
61419.2256 lsst_hardware_r 1478.5838662301373 43.88643830302346 31.5 AB 8.119514223480513 1.0310166945151606
61421.2106 lsst_hardware_i 1265.8732914107509 46.05802627336614 31.25 AB 5.284303454563014 1.0458789618135604
61421.2281 lsst_hardware_z 865.6925611326955 49.71784110696747 30.950000762939453 AB 5.158254754666594 1.0210659010919987
61423.1226 lsst_hardware_r 1134.6265168791995 56.355220266855405 31.549999237060547 AB 5.382657231398995 1.3606312516175485
61423.1396 lsst_hardware_i 1190.7186908641804 53.88038082706318 31.260000228881836 AB 5.554097000499562 1.2593610340682642
61425.1198 lsst_hardware_z 800.9073167093281 62.14481525385342 30.940000534057617 AB 10.25712030378473 1.3429944751272933
61425.1369 lsst_hardware_r 936.6810712532194 70.59366111855115 31.59000015258789 AB 9.125148674063938 1.245244087617889
61427.1287 lsst_hardware_z 1685.3564225076452 109.2149138229266 31.709999084472656 AB 12.89691297711805 1.259248954242981
61429.1275 lsst_hardware_r 872.2556858931208 102.3302655305482 31.610000610351562 AB 17.570560083567305 1.2377120374448651
61429.1445 lsst_hardware_z 840.1616797260738 75.08733813838903 30.979999542236328 AB 16.43028775926848 1.1643877746812208
61431.1197 lsst_hardware_r 668.5316562228916 60.99571067231021 31.59000015258789 AB 17.109216464020033 1.2493646859299492
61431.1389 lsst_hardware_y 388.5698169076044 53.93779817481809 30.020000457763672 AB 15.423466817523769 1.1649144121996804
61433.1134 lsst_hardware_g 94.53900606151066 16.896204870884304 31.350000381469727 AB 15.42706506536766 1.2536468777090108
61433.132 lsst_hardware_r 575.927039088686 38.27945395205537 31.540000915527344 AB 13.823472476741687 1.170422709139339
61435.1127 lsst_hardware_i 647.6210792605269 40.67595303652461 31.229999542236328 AB 15.633156716276305 1.2300613109566894
61435.1314 lsst_hardware_z 664.529848295369 49.61960910313363 30.940000534057617 AB 13.858751771291967 1.152303298519329
61439.1133 lsst_hardware_g 56.27783639855926 16.15341700743551 31.389999389648438 AB 8.606512105826356 1.1795532655289294
61439.1323 lsst_hardware_i 563.7644793906256 38.584552258950424 31.239999771118164 AB 8.328945154698237 1.1136194078705164
61441.1158 lsst_hardware_z 619.7834826349888 49.12457378334766 30.940000534057617 AB 7.1164403487554475 1.1495125075389114
61441.1337 lsst_hardware_r 364.61282415893885 29.131991673344235 31.489999771118164 AB 6.9809366123420595 1.0943622217184605
61444.1191 lsst_hardware_u 5.537985457077307 3.6259164261021124 28.440000534057617 AB 9.43492771075833 1.112281486679419
61444.138 lsst_hardware_g 48.82584411701469 15.559287652428955 31.399999618530273 AB 9.212564797399954 1.0646979049897491
61446.1164 lsst_hardware_r 256.2123855914371 27.9851177016466 31.489999771118164 AB 3.9074705609507956 1.1043251703110855
61446.1354 lsst_hardware_i 415.9308424729066 36.759793924587925 31.260000228881836 AB 3.687685042204475 1.0588175457351223
61449.1122 lsst_hardware_z 524.6482233241505 46.91611619540542 30.950000762939453 AB 3.72121260231074 1.0934558800070697
61449.133 lsst_hardware_r 230.5810669880183 27.011124219454196 31.489999771118164 AB 3.806039015773415 1.047894188121624
61451.1146 lsst_hardware_z 430.6485347120157 48.14303914634074 30.950000762939453 AB 1.5980387286341056 1.074131224086107
61451.1325 lsst_hardware_r 238.6868030685953 33.8180797218743 31.56999969482422 AB 2.8206308632845474 1.0395445442080642
61453.1075 lsst_hardware_i 325.3918300588745 49.33254567504213 31.299999237060547 AB 2.5827443246369213 1.077940035324275
61453.1267 lsst_hardware_z 401.14195693261684 52.23598901679761 30.969999313354492 AB 3.2780052518670164 1.0400862776944526
61455.0163 lsst_hardware_y -37.57754519101316 85.00173737882297 29.90999984741211 AB 9.341485809652015 1.5097757477080078
61455.0358 lsst_hardware_r 337.526888910227 89.2979282045425 31.579999923706055 AB 8.5564677955443 1.3567696496542139
61457.0152 lsst_hardware_y 171.05769279308808 93.41569581994573 29.940000534057617 AB 5.909896641324365 1.471313036988701
61457.0339 lsst_hardware_r 402.57616340647377 115.81899832576484 31.600000381469727 AB 5.131435563129532 1.3335331505014376
61459.0136 lsst_hardware_z 301.8836294087529 77.52005342518856 30.940000534057617 AB 10.217086977562145 1.4394487083151835
61459.0334 lsst_hardware_g 21.128387452371367 49.12682446922134 31.610000610351562 AB 9.225049515922478 1.3032031807766171
61461.0129 lsst_hardware_y 123.51033072170124 71.91968612875006 29.959999084472656 AB 13.32900074528266 1.4027573926839256
61461.0315 lsst_hardware_i 308.33206491691965 35.8852458016686 31.219999313354492 AB 12.1776411750424 1.2828021884591174
61463.0113 lsst_hardware_y -9.801662815875472 78.46396765064256 29.959999084472656 AB 10.900616937838867 1.3749516823711856
61463.0294 lsst_hardware_r 171.73148489302957 26.683092471336398 31.459999084472656 AB 10.00876472326256 1.2645312347773292
61465.0097 lsst_hardware_y 125.53689469830924 72.5617272049958 29.950000762939453 AB 6.987721613944978 1.3487640239237533
61465.0305 lsst_hardware_g 20.935688821373883 15.114253090267793 31.350000381469727 AB 6.359834478581289 1.2314322507942792
61467.009 lsst_hardware_y 79.04303519695284 74.2082478378325 29.979999542236328 AB 7.036401628359662 1.3185424207551133
61467.0286 lsst_hardware_z 277.9054762013871 46.30648491458057 30.93000030517578 AB 6.441859718601793 1.2147958107807386
61471.007 lsst_hardware_z 283.0739920096878 59.87697931359851 30.950000762939453 AB 8.196847824821369 1.2674884528871915
61471.0278 lsst_hardware_r 145.16223446639833 26.02172521069858 31.459999084472656 AB 7.59166154141099 1.172140586159864
61473.0038 lsst_hardware_y 91.48411561288782 70.63060904687383 29.979999542236328 AB 13.544265284286814 1.2556100198652838
61473.025 lsst_hardware_z 159.79519047652113 45.65919217540544 30.93000030517578 AB 12.433214315450726 1.1619826463038063
61475.005 lsst_hardware_y 154.38282075398496 62.18223775819764 29.989999771118164 AB 9.904561994698417 1.222886080504373
61475.026 lsst_hardware_u -3.6917607538323005 2.8924851294213867 28.350000381469727 AB 9.198954810652422 1.1390013798323195
61479.9997 lsst_hardware_y 26.36865205933101 65.02999877929688 30.010000228881836 AB 9.034309400687846 1.1862535595607195
61480.0188 lsst_hardware_r -47.78842507305766 33.4900016784668 31.559999465942383 AB 9.129654065044765 1.1182819775900006
61482.0063 lsst_hardware_y 76.86617879258887 83.3499984741211 30.770000457763672 AB 8.838115396103415 1.140990885115339
61487.993 lsst_hardware_y 45.81251552671689 88.87000274658203 30.780000686645508 AB 6.316052744236448 1.130727031640122
61488.0117 lsst_hardware_r 164.58573394325543 94.30000305175781 32.38999938964844 AB 5.00957118150551 1.0784867990324027
61490.9907 lsst_hardware_y 47.894023566549414 61.68000030517578 30.040000915527344 AB 6.786097938091905 1.1124750718183452
61491.0065 lsst_hardware_r 39.37472474408168 22.610000610351562 31.5 AB 5.87526190751182 1.0715903346882167
61494.9883 lsst_hardware_y -54.168738336196085 57.11000061035156 30.049999237060547 AB 10.228760824559371 1.0890349560350674
61495.0043 lsst_hardware_u 5.002009262498587 2.8399999141693115 28.530000686645508 AB 6.290347433224119 1.053571297751297
61497.9863 lsst_hardware_y -23.49487695717555 56.68000030517578 30.049999237060547 AB 9.838294157959746 1.074049580563291
61498.004 lsst_hardware_r -14.91991078380184 22.079999923706055 31.489999771118164 AB 6.48709112438511 1.0398062311176293
61499.9928 lsst_hardware_z 29.525244301071595 63.040000915527344 31.700000762939453 AB 9.280155142043945 1.0495835261168822
61503.9836 lsst_hardware_y -37.61018306950058 50.97999954223633 30.049999237060547 AB 9.613334300728654 1.046520172080146
61504.0018 lsst_hardware_i 58.83885732260656 29.850000381469727 31.260000228881836 AB 8.236174986994502 1.020697096395064
61729.2609 lsst_hardware_i -66.04374460545348 47.290000915527344 31.209999084472656 AB 6.850150362181105 1.5528819183181877
61729.2772 lsst_hardware_z 70.30464910480694 52.209999084472656 30.920000076293945 AB 6.088999210930871 1.4119418460129556
61731.2552 lsst_hardware_i 16.6913288616678 36.0099983215332 31.18000030517578 AB 4.568284670512287 1.5552489799738014
61731.2728 lsst_hardware_u -0.07553385232565224 3.069999933242798 28.34000015258789 AB 4.53581506020312 1.4039873277550956
61734.2649 lsst_hardware_g 4.67390309155086 13.850000381469727 31.299999237060547 AB 9.18725932944616 1.4018324363068717
61734.2806 lsst_hardware_r -39.06202374711004 23.459999084472656 31.440000534057617 AB 8.592982156983235 1.2986057034671228
61736.2894 lsst_hardware_r 17.42911542959638 23.15999984741211 31.459999084472656 AB 5.378747982938012 1.2240191116448482
61736.3072 lsst_hardware_u -2.429664919392582 2.6600000858306885 28.3799991607666 AB 4.4789413529152435 1.1509549923975957
61738.2604 lsst_hardware_u -0.16265026198186208 2.4700000286102295 28.149999618530273 AB 6.763684553513959 1.3565805556103543
61738.2756 lsst_hardware_g -21.554376556473954 13.800000190734863 31.329999923706055 AB 6.358437893943997 1.2656756195957197
61742.2642 lsst_hardware_z -48.05600741977914 44.130001068115234 30.93000030517578 AB 7.8862569060301055 1.2682337244542938
61742.28 lsst_hardware_r 7.106619917036437 22.93000030517578 31.469999313354492 AB 7.4303653530033955 1.1929746247094728
61744.2214 lsst_hardware_z 3.67457067779107 47.880001068115234 30.889999389648438 AB 4.025371519063355 1.5387505806815278
61744.2416 lsst_hardware_i -34.14640082778037 33.209999084472656 31.200000762939453 AB 3.673736709928812 1.3731028629896513
61746.2248 lsst_hardware_z 19.060648164341217 46.119998931884766 30.90999984741211 AB 6.191521694409724 1.45946138785496
61746.2466 lsst_hardware_g -1.0315221956460385 13.619999885559082 31.329999923706055 AB 5.502526024198 1.3058759649232505
61748.2368 lsst_hardware_r -36.987629789221565 39.650001525878906 31.540000915527344 AB 7.297794166367663 1.3324639775483766
61748.26 lsst_hardware_y -49.41151544340091 48.970001220703125 29.989999771118164 AB 8.331688432223352 1.2086588634753412
61750.2362 lsst_hardware_z -65.42691499300763 53.810001373291016 30.940000534057617 AB 12.42635411501583 1.3028032062432504
61750.2581 lsst_hardware_r -12.361517217380388 55.27000045776367 31.600000381469727 AB 11.224649977842557 1.1932231293550075
61752.2478 lsst_hardware_i -82.62698320119404 64.66999816894531 31.299999237060547 AB 13.213720110403205 1.2144126195715557
61752.2695 lsst_hardware_z -16.197869720335767 58.599998474121094 30.969999313354492 AB 11.832738808655403 1.1305884586905603
61756.2495 lsst_hardware_z 116.75095399566544 58.619998931884766 30.969999313354492 AB 9.773955422775021 1.1622747054194618
61756.2714 lsst_hardware_i -55.870878240649205 59.150001525878906 31.31999969482422 AB 7.668846978025418 1.0930511656250597
61758.2456 lsst_hardware_z 7.769415836380295 50.150001525878906 30.950000762939453 AB 5.982880467792814 1.156503255747001
61758.2672 lsst_hardware_r -65.78110959173779 48.16999816894531 31.6200008392334 AB 4.7835839936214475 1.0897787888418835
61760.2531 lsst_hardware_y 11.047019342135146 48.31999969482422 30.020000457763672 AB 5.96024065315859 1.113682037898276
61760.275 lsst_hardware_g -23.305669220760723 22.579999923706055 31.59000015258789 AB 5.721231355043216 1.0594872879709658
61764.2493 lsst_hardware_r -26.245283200202593 22.010000228881836 31.479999542236328 AB 7.240044911060447 1.0937312133533752
61764.2717 lsst_hardware_i 6.987014565831854 29.84000015258789 31.25 AB 6.611227842082069 1.0452809574031403
61766.2567 lsst_hardware_z 65.1352596696864 41.11000061035156 30.950000762939453 AB 6.672432628245758 1.0634206117213736
61766.2768 lsst_hardware_r 31.193960896017472 21.940000534057617 31.5 AB 6.467788468266907 1.0291515165312324
61768.2516 lsst_hardware_u 0.6740404846230809 2.5999999046325684 28.389999389648438 AB 7.643611144335162 1.0626704095745991
61768.2748 lsst_hardware_r -0.9312615595345012 21.780000686645508 31.479999542236328 AB 7.356310075653654 1.024722226311655
61772.1532 lsst_hardware_g 1.0365458170794775 13.449999809265137 31.239999771118164 AB 6.758155060014858 1.4646005331246534
61772.1745 lsst_hardware_r 25.68212403909011 23.280000686645508 31.43000030517578 AB 6.275684283002989 1.3125385421785385
