data/validation/pwv_sim_epoch_fit_seasonal/32805223.ecsv
# %ECSV 0.9
# ---
# datatype:
# - {name: time, datatype: float64}
# - {name: band, datatype: string}
# - {name: flux, datatype: float64}
# - {name: fluxerr, datatype: float64}
# - {name: zp, datatype: float64}
# - {name: zpsys, datatype: string}
# - {name: pwv, datatype: float64}
# - {name: airmass, datatype: float64}
# meta: {SNID: '32805223', alt: 1024.0, c: -0.058772578835487366, dec: -33.152889, lat: -30.244573, lon: -70.7499537, ra: 244.511719,
#   t0: 63057.8984375, x0: 1.5715600608915627e-05, x1: 0.007268073502928019, z: 0.38018080592155457}
# schema: astropy-2.0
time band flux fluxerr zp zpsys pwv airmass
62917.3067 lsst_hardware_i -31.08527750279083 35.400001525878906 31.209999084472656 AB 5.312644583823698 1.4551204009377428
62917.3278 lsst_hardware_z -73.10782029774312 45.86000061035156 30.93000030517578 AB 4.789269514576478 1.311709366296566
62919.3305 lsst_hardware_u 1.7206464931873988 2.7699999809265137 28.309999465942383 AB 14.164878265748982 1.2671254179357248
62919.3513 lsst_hardware_g -8.129516690273645 16.68000030517578 31.450000762939453 AB 11.00588482047774 1.1747128637504356
62921.3062 lsst_hardware_g -1.9871224943450498 16.149999618530273 31.3700008392334 AB 13.677176226544937 1.3786896948090155
62921.3261 lsst_hardware_r -17.37447537193948 25.969999313354492 31.479999542236328 AB 12.49356998068701 1.2617112540984146
62925.3298 lsst_hardware_g -5.066913217603288 16.049999237060547 31.43000030517578 AB 6.2560739790054924 1.1949334311919573
62925.3515 lsst_hardware_r -1.7091056966768567 25.329999923706055 31.510000228881836 AB 5.313907353749137 1.1188940051058878
62927.3066 lsst_hardware_r -47.30148522191559 25.690000534057617 31.479999542236328 AB 4.424685669294403 1.2778875579189612
62927.3265 lsst_hardware_i 21.23532235688642 33.099998474121094 31.239999771118164 AB 4.0514262931534 1.1862172872475492
62929.3305 lsst_hardware_r 1.609702061455238 25.09000015258789 31.489999771118164 AB 8.246561288252254 1.1511514623280061
62929.3522 lsst_hardware_u -0.7970674549579065 2.759999990463257 28.389999389648438 AB 8.126579409280493 1.0875315368725986
62935.3012 lsst_hardware_r 50.09312932653685 88.8499984741211 31.610000610351562 AB 10.346298059119192 1.2003130120019174
62935.3197 lsst_hardware_z -26.666471520169406 62.5 30.969999313354492 AB 9.841483840386013 1.1326805616956204
62937.3068 lsst_hardware_r 12.552089344918459 118.95999908447266 32.380001068115234 AB 8.688829023524374 1.1576615846412037
62937.3276 lsst_hardware_y 197.77826241156419 77.2699966430664 30.790000915527344 AB 8.193067428451167 1.094451967466115
62939.3081 lsst_hardware_z 32.2308450467909 63.81999969482422 30.979999542236328 AB 11.973973680147404 1.1348483118910195
62939.3288 lsst_hardware_r 66.44869979370435 77.16999816894531 31.649999618530273 AB 11.408983546618886 1.078285887463198
62941.3151 lsst_hardware_i -15.273697957146368 44.0099983215332 31.290000915527344 AB 8.464393646456228 1.0985585524278223
62941.3363 lsst_hardware_z -46.76339745662364 47.97999954223633 30.959999084472656 AB 7.917980737975653 1.0518040300180198
62943.3397 lsst_hardware_r 11.694042427895333 26.790000915527344 31.549999237060547 AB 7.683085661235073 1.0372035992217554
62943.3565 lsst_hardware_i -71.75578334457258 32.59000015258789 31.270000457763672 AB 7.576050292099951 1.0166806846847989
62946.259 lsst_hardware_u 1.8173873116837538 2.7799999713897705 28.389999389648438 AB 5.639748887361115 1.2559289360563668
62946.2779 lsst_hardware_g 10.465828045641045 15.420000076293945 31.440000534057617 AB 5.286778109840712 1.1735356514629771
62948.2576 lsst_hardware_r 23.448314125536996 24.899999618530273 31.489999771118164 AB 7.589071348280326 1.2362735688988369
62948.2756 lsst_hardware_z -36.34882591842368 43.560001373291016 30.950000762939453 AB 7.144796245670807 1.1618499464461838
62950.2565 lsst_hardware_r -13.316391423789234 24.84000015258789 31.489999771118164 AB 7.923418627722011 1.2164142970979868
62950.2747 lsst_hardware_u -3.600060082492827 2.9000000953674316 28.510000228881836 AB 7.544987623746047 1.1459290151240673
62952.2666 lsst_hardware_r 6.915050164399952 24.530000686645508 31.5 AB 8.016753753458955 1.1550131473347034
62952.2847 lsst_hardware_i -27.23013711599416 31.829999923706055 31.25 AB 7.607864459151396 1.0995347887488673
62954.2666 lsst_hardware_z -70.84428413525097 43.41999816894531 30.950000762939453 AB 9.06508849458256 1.13661695123598
62954.2877 lsst_hardware_r 9.592068797307336 24.530000686645508 31.520000457763672 AB 8.602338924859556 1.0786293752370737
62956.2654 lsst_hardware_u 1.1863106746489926 2.759999990463257 28.420000076293945 AB 5.113779784720971 1.123290452437336
62956.2838 lsst_hardware_r -8.15974621883497 24.049999237060547 31.510000228881836 AB 4.91317314686793 1.0750925923124575
62958.2617 lsst_hardware_i 11.233136002114215 32.279998779296875 31.25 AB 8.832485297528436 1.1180361136111943
62958.2791 lsst_hardware_z -17.343218166721766 42.380001068115234 30.950000762939453 AB 8.479892634992115 1.0734041310116602
62960.261 lsst_hardware_r 17.692113309019643 52.22999954223633 31.610000610351562 AB 7.05522061502092 1.1045355170286841
62960.2806 lsst_hardware_z -1.3989572047314067 48.0099983215332 30.959999084472656 AB 6.845123305933686 1.0589745596865192
62962.2613 lsst_hardware_y 5.203148841775557 52.72999954223633 30.040000915527344 AB 15.907097276516454 1.0895272107203051
62962.2819 lsst_hardware_r -26.069731174958395 78.62999725341797 31.649999618530273 AB 15.28140854488987 1.0466718181431418
62965.2554 lsst_hardware_i -127.56048634071266 91.06999969482422 31.329999923706055 AB 5.638694663838516 1.0839474555629596
62965.2746 lsst_hardware_z -83.5917502854005 77.93000030517578 31.0 AB 5.387865873139416 1.0451728172918362
62968.2705 lsst_hardware_z -66.70900608672268 61.939998626708984 30.989999771118164 AB 6.0640880219550395 1.0386380100976347
62968.291 lsst_hardware_r 108.92541080447056 76.16999816894531 31.65999984741211 AB 5.950125550848057 1.014168322967114
62970.2486 lsst_hardware_r 47.735221200999085 38.34000015258789 31.600000381469727 AB 7.049258821363298 1.0685147328603954
62970.2673 lsst_hardware_i -22.37896144963423 38.7599983215332 31.299999237060547 AB 7.313674417418333 1.0352713450942506
62972.2318 lsst_hardware_z -61.2738716342303 42.61000061035156 30.950000762939453 AB 17.87324226035458 1.0950902817097086
62972.2494 lsst_hardware_i 6.052301028987729 31.799999237060547 31.260000228881836 AB 17.29355280112686 1.055987347921445
62975.2474 lsst_hardware_r 0.8936032966859788 23.8799991607666 31.520000457763672 AB 9.394156989608378 1.0450047172681334
62975.2659 lsst_hardware_i -5.080417772933908 31.040000915527344 31.270000457763672 AB 10.113872123636062 1.01993768999809
62977.1597 lsst_hardware_g -12.936292623460387 14.9399995803833 31.360000610351562 AB 9.660055620147148 1.3374021348673886
62977.1767 lsst_hardware_r 20.27949067940472 24.5 31.479999542236328 AB 8.431251831383635 1.244495829867938
62990.1786 lsst_hardware_y -150.6926640562537 72.5199966430664 30.790000915527344 AB 10.273863173203663 1.1058956959342305
63002.1617 lsst_hardware_i 22.871483194373763 31.649999618530273 31.260000228881836 AB 7.011022149765493 1.0675328739649785
63002.1808 lsst_hardware_z -16.202300380619224 41.529998779296875 30.959999084472656 AB 5.575651567429996 1.0340280469996592
63013.0556 lsst_hardware_z 13.642087587932147 46.4900016784668 30.90999984741211 AB 7.941848039953691 1.3748348429643162
63013.0768 lsst_hardware_u -1.2130633701634803 2.819999933242798 28.309999465942383 AB 7.244361165144791 1.2523566085390292
63015.0551 lsst_hardware_g 11.7419818041194 26.43000030517578 31.520000457763672 AB 12.963647981495452 1.342687517503413
63015.0737 lsst_hardware_r -18.477343421072295 31.43000030517578 31.530000686645508 AB 11.983761097556805 1.240908239670383
63019.0554 lsst_hardware_i -87.45133111358277 62.939998626708984 31.280000686645508 AB 13.524339786386141 1.2780312588523786
63019.0752 lsst_hardware_z -14.398027956017811 59.470001220703125 30.959999084472656 AB 12.629413755365052 1.1867240250290167
63022.0548 lsst_hardware_i -89.18649711930954 140.22999572753906 31.309999465942383 AB 11.805684423647005 1.2398975396362975
63022.0758 lsst_hardware_r -67.72150786168653 168.3300018310547 31.6299991607666 AB 10.966354907170889 1.1539178983896483
63031.051 lsst_hardware_u 0.4879817327800987 2.743706080908032 28.389999389648438 AB 16.03681896339033 1.1547110103366371
63031.0711 lsst_hardware_g 25.23870262944057 15.245668927049126 31.440000534057617 AB 15.20612074651205 1.0941032681461371
63036.0733 lsst_hardware_i 198.23818993255225 34.1917216342118 31.260000228881836 AB 4.10151700266379 1.0585925932801112
63040.0624 lsst_hardware_i 1568.377558643194 58.813731395408205 32.0 AB 3.1756520526502543 1.0585506842167514
63040.081 lsst_hardware_z 484.78493079866166 47.250215373173404 30.950000762939453 AB 3.0859868145495017 1.0286622715165006
63044.051 lsst_hardware_z 1073.4645005290895 53.55724521091768 30.950000762939453 AB 7.996247438538845 1.0594798302101047
63044.0707 lsst_hardware_g 1494.430414287516 44.76496422359526 31.600000381469727 AB 7.769286166092028 1.0278646365441915
63045.9702 lsst_hardware_y 526.0393510172994 56.56927317537561 29.950000762939453 AB 5.21476423861996 1.3443001259598535
63045.9913 lsst_hardware_z 1411.9636323925342 61.790628575142556 30.950000762939453 AB 4.7944220029595845 1.2303905910074289
63047.9682 lsst_hardware_y 616.2351808113066 63.136462192777586 29.959999084472656 AB 10.296675096519275 1.3231399507220334
63047.9871 lsst_hardware_r 3997.771557795432 106.64510027420312 31.610000610351562 AB 9.524516118945138 1.224624380449342
63050.9775 lsst_hardware_z 4491.563505253815 146.17804477806408 31.729999542236328 AB 10.09602920310715 1.2310729427029816
63052.969 lsst_hardware_y 678.761996609343 55.38022952571776 29.979999542236328 AB 8.138339011709114 1.2454417341355857
63052.9884 lsst_hardware_g 3938.049742589216 79.85768573894703 31.65999984741211 AB 7.614608009652105 1.1637496639728957
63060.9696 lsst_hardware_y 683.292871594939 55.330894206870546 30.010000228881836 AB 9.827269946912407 1.1529167174681667
63060.9898 lsst_hardware_i 3813.7305870856385 68.7563085806106 31.239999771118164 AB 9.191540271494706 1.0925401487573394
63065.9708 lsst_hardware_y 538.5038174349162 54.953117842643984 30.020000457763672 AB 2.3186299354897324 1.1067005777764125
63065.9909 lsst_hardware_g 1807.2870279550286 45.20505058564465 31.440000534057617 AB 2.2010991744034962 1.0595366879073878
63074.9952 lsst_hardware_i 2628.2940928760054 68.34536588215205 31.299999237060547 AB 4.180041489701461 1.0175575185397614
63075.0033 lsst_hardware_z 1541.50662882572 62.565527600107295 30.969999313354492 AB 4.5476818830709815 1.0105959740157737
63075.9701 lsst_hardware_y 385.4969042255609 58.761599405109514 30.059999465942383 AB 4.670201917116727 1.0476002505869733
63075.9888 lsst_hardware_r 2835.492743630508 84.45036499351937 31.649999618530273 AB 4.525715251283054 1.0213755927066246
