data/validation/pwv_sim_epoch_fit_seasonal/32849359.ecsv
# %ECSV 0.9
# ---
# datatype:
# - {name: time, datatype: float64}
# - {name: band, datatype: string}
# - {name: flux, datatype: float64}
# - {name: fluxerr, datatype: float64}
# - {name: zp, datatype: float64}
# - {name: zpsys, datatype: string}
# - {name: pwv, datatype: float64}
# - {name: airmass, datatype: float64}
# meta: {SNID: '32849359', alt: 1024.0, c: -0.02293405309319496, dec: -17.113819, lat: -30.244573, lon: -70.7499537, ra: 222.890625, t0: 60511.5625,
#   x0: 1.0939636134472567e-05, x1: 0.6859187483787537, z: 0.4430946111679077}
# schema: astropy-2.0
time band flux fluxerr zp zpsys pwv airmass
60364.3793 lsst_hardware_z 22.490457367069567 58.7400016784668 30.979999542236328 AB 11.01719714110098 1.0282271766584388
60364.3976 lsst_hardware_y -38.558648974753666 74.52999877929688 30.06999969482422 AB 11.014123896472631 1.027564737200457
60366.3697 lsst_hardware_r 68.37816539841974 93.48999786376953 31.65999984741211 AB 6.977644726681583 1.0299866745415283
60366.3873 lsst_hardware_y 183.50717891189447 57.310001373291016 30.059999465942383 AB 6.1282021950952945 1.0266141716152493
60368.3684 lsst_hardware_r -78.78185051464406 90.86000061035156 31.65999984741211 AB 4.86784801491163 1.0282194676900522
60368.387 lsst_hardware_y -46.60625506314164 57.47999954223633 30.059999465942383 AB 4.923156001496665 1.0276557197669074
60370.3769 lsst_hardware_z -62.00246672485984 95.5 31.739999771118164 AB 3.0974845521135492 1.0266770142902053
60371.3716 lsst_hardware_i -83.29749932031916 59.290000915527344 31.329999923706055 AB 6.1306748273480585 1.0264552116332277
60371.3902 lsst_hardware_y 14.236855518478178 54.75 30.059999465942383 AB 6.312322174525843 1.0332401153211677
60380.3444 lsst_hardware_r 35.94191750935863 24.200000762939453 31.520000457763672 AB 6.998422841192729 1.0264627223808755
60380.3647 lsst_hardware_z 78.97380977010667 41.619998931884766 30.950000762939453 AB 7.029504264110408 1.032611717092984
60383.2638 lsst_hardware_r 7.512309177987512 24.43000030517578 31.489999771118164 AB 9.812882367793577 1.1279175135394917
60383.282 lsst_hardware_u -1.2037766830013068 2.6700000762939453 28.350000381469727 AB 9.414623677614056 1.082140652599317
60389.1812 lsst_hardware_z 17.382861570060054 74.63999938964844 31.65999984741211 AB 7.871064311762367 1.4851064739174278
60389.1976 lsst_hardware_r 2.8466934947502 68.77999877929688 32.29999923706055 AB 7.198337211160271 1.3581768322943908
60392.3167 lsst_hardware_r -58.58474018611136 75.18000030517578 31.649999618530273 AB 6.210242379753049 1.026656038973888
60392.3385 lsst_hardware_z -41.91489056940996 56.720001220703125 30.979999542236328 AB 7.056345815044384 1.0376979139771154
60395.2723 lsst_hardware_y 165.50521555803434 91.54000091552734 30.81999969482422 AB 7.31578836682842 1.0449882204730319
60397.3077 lsst_hardware_r -20.835297065143056 125.37000274658203 31.670000076293945 AB 7.636893652854163 1.0276152033443593
60397.3284 lsst_hardware_i -8.118030936790609 99.66999816894531 31.34000015258789 AB 7.798195319096443 1.041101239699583
60399.2896 lsst_hardware_i -22.59081493213337 72.05999755859375 31.329999923706055 AB 4.6853239197280665 1.0267515300998338
60399.3084 lsst_hardware_z -9.036404968480523 65.8499984741211 30.989999771118164 AB 4.17939890026622 1.0300428589688773
60401.2864 lsst_hardware_r -11.577627789075114 43.52000045776367 31.6200008392334 AB 8.109355053974676 1.0265006397436298
60401.305 lsst_hardware_z -0.1544175866001573 46.619998931884766 30.959999084472656 AB 9.07447253222847 1.0311510017304422
60413.2869 lsst_hardware_r 25.26570553588236 24.649999618530273 31.530000686645508 AB 7.31856818263251 1.043422894586899
60413.3044 lsst_hardware_i -27.29831325280323 32.060001373291016 31.260000228881836 AB 7.881399674631865 1.0686643626619479
60420.1419 lsst_hardware_z 14.504049579293422 80.05000305175781 31.709999084472656 AB 8.693437044960227 1.202411762788413
60420.1623 lsst_hardware_i 78.76470092328671 80.02999877929688 32.060001373291016 AB 8.274762560994965 1.1293520623713136
60423.2395 lsst_hardware_z -19.467405292817375 91.56999969482422 31.0 AB 8.28254462216019 1.0285468112625453
60423.2573 lsst_hardware_r -189.7214365022188 136.75 31.670000076293945 AB 8.830996904977058 1.0409819534354094
60426.241 lsst_hardware_y -137.3879923341997 92.05999755859375 30.81999969482422 AB 2.963713414572734 1.033913627968859
60429.2153 lsst_hardware_r 30.49970300092345 51.63999938964844 31.639999389648438 AB 10.084622739454101 1.0266075626146236
60429.2326 lsst_hardware_i -61.7785832964283 46.68000030517578 31.309999465942383 AB 10.174290222774507 1.0337624692922684
60432.2147 lsst_hardware_z 50.95793248825751 42.36000061035156 30.959999084472656 AB 12.1461105979434 1.0284598304778492
60432.2338 lsst_hardware_r -23.6524835547975 27.229999542236328 31.549999237060547 AB 12.338417929779075 1.0420961089340435
60443.1467 lsst_hardware_g 21.4386418880032 15.869999885559082 31.479999542236328 AB 6.54647094896044 1.0392323445275673
60443.1655 lsst_hardware_i 18.958103595493906 31.719999313354492 31.260000228881836 AB 6.396223985559656 1.027615913708542
60445.1427 lsst_hardware_z -85.08712359437222 42.56999969482422 30.950000762939453 AB 6.977387714414991 1.0378770167587656
60445.1631 lsst_hardware_r -31.144355045215498 26.8799991607666 31.540000915527344 AB 6.754169043514674 1.0268986344619215
60449.1347 lsst_hardware_r 171.0947297459363 71.70999908447266 31.649999618530273 AB 7.972572656345154 1.0353990462785914
60449.1542 lsst_hardware_i -2.663541117139374 60.209999084472656 31.329999923706055 AB 7.9048406068479125 1.0266026762140146
60458.1069 lsst_hardware_g -26.693980818283826 35.27000045776367 31.68000030517578 AB 9.941355620946085 1.0381532603327157
60458.1263 lsst_hardware_i 31.11851548407738 42.54999923706055 31.299999237060547 AB 9.336582998131204 1.0271645089439883
60460.1034 lsst_hardware_z 18.633390078129597 41.83000183105469 30.950000762939453 AB 9.037016005921624 1.0364342846458505
60460.1233 lsst_hardware_r -2.903544966167113 24.360000610351562 31.510000228881836 AB 9.102827104851112 1.0267118322638775
60462.1084 lsst_hardware_u -2.5263024882599803 2.799999952316284 28.469999313354492 AB 9.846747109563262 1.0295906009215112
60462.1274 lsst_hardware_g -11.625018959863292 15.529999732971191 31.479999542236328 AB 10.86346726863762 1.0269383436817716
60464.1054 lsst_hardware_r 15.121621205183038 24.31999969482422 31.520000457763672 AB 11.912739740077855 1.0285415572858725
60464.1241 lsst_hardware_i -17.259782714644558 31.440000534057617 31.260000228881836 AB 11.964561323426288 1.027427229330591
60466.0822 lsst_hardware_i -36.26844546876593 31.6200008392334 31.25 AB 4.2913178175874815 1.0409082675261754
60466.1014 lsst_hardware_z -18.963950760512073 41.66999816894531 30.950000762939453 AB 5.242895560735935 1.028018737399203
60468.0795 lsst_hardware_r -19.839527797352005 24.110000610351562 31.510000228881836 AB 3.114722009310955 1.0382406697703184
60468.0983 lsst_hardware_u -0.12987776729193357 2.7699999809265137 28.450000762939453 AB 2.4786915657974755 1.0273304593502504
60485.0383 lsst_hardware_z -133.04868174497648 53.71333400719357 30.969999313354492 AB 5.258351287433005 1.0339551590941216
60485.058 lsst_hardware_g 20.19971721981093 72.01597436380672 31.729999542236328 AB 4.844049585205957 1.0264447921186874
60487.0315 lsst_hardware_r 56.17259836660965 26.107784238305744 31.520000457763672 AB 8.483058841948749 1.0349611226680986
60487.0509 lsst_hardware_z 133.53794159254466 42.16334287441742 30.950000762939453 AB 7.787789357103445 1.0265551241842654
60490.0374 lsst_hardware_r 404.9211037845905 31.22528361936984 31.510000228881836 AB 3.6287931873820125 1.02755010261419
60490.0569 lsst_hardware_u 0.5639679780192843 3.500023653555969 28.459999084472656 AB 3.2197590167524734 1.0286770021574247
60493.0352 lsst_hardware_g 359.1791420860755 24.585522975280988 31.469999313354492 AB 6.8043139697368185 1.0264981348290483
60493.0572 lsst_hardware_r 1042.6905712843284 39.94415243782354 31.520000457763672 AB 6.524433505071593 1.0333008058712199
60497.0228 lsst_hardware_z 1764.9436361248818 72.51767801118673 31.700000762939453 AB 3.0799271138127438 1.0266423712709145
60497.0446 lsst_hardware_r 3932.629938541564 71.48152769129278 32.27000045776367 AB 3.2770170235629164 1.0321855289714346
60499.0146 lsst_hardware_u 0.30280560639193244 3.6421538461043594 28.520000457763672 AB 2.502808195581334 1.027109139460829
60499.0371 lsst_hardware_g 1118.7410508879384 37.452510816958124 31.489999771118164 AB 2.5142646121582324 1.0309644744882553
60501.0204 lsst_hardware_r 3144.657140670787 60.385449216537765 31.530000686645508 AB 5.197556446802948 1.0268468449396668
60501.0442 lsst_hardware_z 1374.1495641015679 55.75265587740279 30.950000762939453 AB 6.922707173083259 1.0408520783466033
60503.0022 lsst_hardware_r 3642.477060677449 66.05513379868034 31.559999465942383 AB 5.866847576417004 1.0274689275686895
60503.0245 lsst_hardware_y 613.5243369195821 52.58454936691722 30.049999237060547 AB 5.9647908726046035 1.0300698030056303
60510.976 lsst_hardware_y 602.9639268557082 59.33103743457699 30.059999465942383 AB 5.6051462058360375 1.0289706656167
60510.9973 lsst_hardware_r 4591.841427614491 111.38303099391364 31.65999984741211 AB 5.633431416196965 1.027873388188231
60515.9606 lsst_hardware_y 834.0833736374733 71.06762075798524 30.06999969482422 AB 8.517391798629639 1.0297587182867933
60515.9799 lsst_hardware_z 2045.4764500091426 61.019349661749395 30.950000762939453 AB 8.451886249071256 1.0269294674002925
60519.9626 lsst_hardware_y 701.382848332191 75.65977010603883 30.06999969482422 AB 5.4216545973827035 1.0264397193075925
60519.9839 lsst_hardware_u 5.786162882283783 3.41429892565182 28.479999542236328 AB 5.44914087816911 1.033600318317378
60727.3791 lsst_hardware_r 10.296784889925284 38.689998626708984 31.610000610351562 AB 5.370451695846922 1.031159722713736
60727.3957 lsst_hardware_y -7.8187792392543525 69.08000183105469 30.06999969482422 AB 5.352398135197484 1.0264123245712382
60729.3802 lsst_hardware_g 5.908229769058647 19.559999465942383 31.56999969482422 AB 9.972943698045915 1.028138525571744
60729.3982 lsst_hardware_z 42.58320599117383 68.31999969482422 31.0 AB 9.96692464844673 1.0275180049945083
60731.3847 lsst_hardware_i 12.632357424685097 32.5099983215332 31.270000457763672 AB 8.313932972331086 1.0264114780655662
60733.367 lsst_hardware_r 24.300344163419204 24.729999542236328 31.520000457763672 AB 5.350886874747632 1.0290167066822369
60733.385 lsst_hardware_y -66.5898758088963 48.15999984741211 30.049999237060547 AB 5.136936434060291 1.0269764962135728
60738.3762 lsst_hardware_z -75.60040509996185 41.650001525878906 30.950000762939453 AB 7.09599155943733 1.0283424758559019
60738.3933 lsst_hardware_y 18.324268914269698 49.29999923706055 30.049999237060547 AB 7.090745707826825 1.0397623082290206
60740.3497 lsst_hardware_r -12.426577095949401 24.389999389648438 31.520000457763672 AB 7.394011746589771 1.0283028644169072
60740.3681 lsst_hardware_u 1.5308832177825022 2.819999933242798 28.479999542236328 AB 7.325798275638788 1.027497215980755
60742.3513 lsst_hardware_g 9.495148984196062 15.449999809265137 31.459999084472656 AB 8.347365500951014 1.0266099496926595
60742.3693 lsst_hardware_r 1.849661429744 24.329999923706055 31.510000228881836 AB 8.392444275415476 1.0300953420375558
60749.2051 lsst_hardware_r 143.08533510755603 171.3699951171875 32.31999969482422 AB 14.374649664450011 1.4069803913001997
60749.2354 lsst_hardware_z -172.26738816039878 79.30999755859375 30.969999313354492 AB 11.281259452061866 1.2266238395195905
60751.3635 lsst_hardware_z 121.7776481627423 112.66999816894531 31.75 AB 9.25908586994469 1.0459092405239123
60751.3852 lsst_hardware_i -26.922130167129097 129.49000549316406 32.08000183105469 AB 9.76715169670492 1.0809552916263363
60753.315 lsst_hardware_r 206.9793625958827 96.70999908447266 31.670000076293945 AB 5.6541390481734854 1.0280252814860882
60753.335 lsst_hardware_z -49.082860429324846 72.8499984741211 31.0 AB 6.6849998494913505 1.0282505921079805
60755.3152 lsst_hardware_r -143.61511203166148 51.790000915527344 31.649999618530273 AB 4.032566843726781 1.0266862309787692
60755.3353 lsst_hardware_y -65.09764089881632 50.02000045776367 30.059999465942383 AB 6.117892440093364 1.0308882859105577
60761.3062 lsst_hardware_u -1.1753158823096395 2.890000104904175 28.549999237060547 AB 7.146438693953527 1.0266027931698254
60761.3243 lsst_hardware_r 38.806508574819475 24.299999237060547 31.520000457763672 AB 7.187324224473822 1.0344078328318385
60768.2876 lsst_hardware_u 1.126599554790518 2.859999895095825 28.530000686645508 AB 6.10455722512943 1.026666199988145
60768.3056 lsst_hardware_g -26.708521326257003 15.3100004196167 31.459999084472656 AB 5.952909359584907 1.0347187391729125
60770.289 lsst_hardware_r -6.2570957835980865 24.1200008392334 31.510000228881836 AB 7.059616489679935 1.0283990224842403
60770.3085 lsst_hardware_i 25.57966670407175 31.40999984741211 31.25 AB 7.160104444433123 1.0423794503469153
60772.2705 lsst_hardware_z -0.6855201834550924 41.52000045776367 30.950000762939453 AB 8.211979962319965 1.0264974952899957
60772.2912 lsst_hardware_r -7.088005885542581 24.299999237060547 31.520000457763672 AB 8.25818779417534 1.0322734742719175
60774.2717 lsst_hardware_z 108.79303370965819 51.209999084472656 30.969999313354492 AB 5.439635854315075 1.0267338343365562
60774.2891 lsst_hardware_r 93.89955983260191 51.36000061035156 31.6299991607666 AB 5.2621146126003 1.0346273324027329
60779.2487 lsst_hardware_r 6.0462342576825945 162.6199951171875 31.670000076293945 AB 6.757518445279487 1.026835437608158
60779.2673 lsst_hardware_z 72.21278685189144 106.83999633789062 31.010000228881836 AB 7.273678109858335 1.029609754385779
60781.2025 lsst_hardware_y -32.457561200626905 63.0099983215332 30.059999465942383 AB 18.08431837374055 1.0635331906457628
60781.2186 lsst_hardware_r 74.61076688596118 112.66000366210938 31.65999984741211 AB 17.07185299611121 1.041734183993972
60783.2512 lsst_hardware_i -9.710629105677175 55.40999984741211 31.31999969482422 AB 13.112855469716918 1.0276331161001484
60783.2691 lsst_hardware_z 89.02817066885783 54.41999816894531 30.979999542236328 AB 13.212073512708995 1.0384809206295142
60791.2259 lsst_hardware_u 1.9845182073269103 2.819999933242798 28.459999084472656 AB 6.102632000757803 1.026831711616894
60791.2429 lsst_hardware_r 14.993621112772107 24.829999923706055 31.520000457763672 AB 6.14009857709893 1.0347899405256327
60793.2143 lsst_hardware_i 9.564181775057223 31.899999618530273 31.260000228881836 AB 2.202971757116121 1.0264283084991406
60793.2324 lsst_hardware_z 18.422080266179893 41.959999084472656 30.950000762939453 AB 2.2001734985846597 1.0313716154152865
60796.2104 lsst_hardware_r 26.414273520787813 24.739999771118164 31.520000457763672 AB 9.409227422414986 1.026573163153979
60796.2286 lsst_hardware_u -6.994229882576937 2.7899999618530273 28.440000534057617 AB 9.512620896035564 1.0342990663105194
60799.2106 lsst_hardware_g 0.7554457633388059 15.899999618530273 31.479999542236328 AB 9.821479398211022 1.0286964543818824
60799.2293 lsst_hardware_r 3.221023372768922 24.81999969482422 31.520000457763672 AB 9.933103812059109 1.0423530942923667
60805.1879 lsst_hardware_z 78.49780191904694 79.83999633789062 31.0 AB 6.434370631437416 1.0268705125179745
60805.2053 lsst_hardware_r -9.835071111299701 114.41999816894531 31.65999984741211 AB 6.5287953454272 1.0352759678779133
60807.1709 lsst_hardware_i -32.556729365273966 137.1199951171875 31.350000381469727 AB 11.973401153787048 1.0270985334580356
60807.1917 lsst_hardware_z 32.25634840749977 114.06999969482422 31.010000228881836 AB 12.000777113551365 1.0300212096430663
60809.1551 lsst_hardware_r -173.6940299032163 126.23999786376953 31.670000076293945 AB 6.469207263501459 1.0312232619821666
60809.1752 lsst_hardware_z -74.97062897897126 85.23999786376953 31.0 AB 6.065444729155167 1.0266059711683098
60811.1514 lsst_hardware_y -30.09565547633002 51.9900016784668 30.059999465942383 AB 6.7584835740095315 1.0302566423795019
60811.1719 lsst_hardware_r -123.86456087869799 71.66000366210938 31.649999618530273 AB 5.534530287599167 1.0269415427262183
60813.1588 lsst_hardware_i -45.019448402863084 60.560001373291016 32.060001373291016 AB 8.232347146692122 1.0264772003356761
60813.179 lsst_hardware_z -61.72761131850991 66.63999938964844 31.719999313354492 AB 7.645333178066853 1.0321070777005539
60825.112 lsst_hardware_i 48.43579096145652 31.530000686645508 31.260000228881836 AB 12.460010075772429 1.0308888645151155
60825.1322 lsst_hardware_z -23.11527151627911 41.52000045776367 30.950000762939453 AB 12.331971622423621 1.026694645814255
60827.1202 lsst_hardware_r -11.159267128168871 24.469999313354492 31.520000457763672 AB 7.633782115631021 1.0265058873551922
60827.142 lsst_hardware_u -1.5728217901027404 2.869999885559082 28.510000228881836 AB 7.4286706783671 1.0329074914303233
60831.0955 lsst_hardware_y -160.66782035043568 70.80999755859375 30.809999465942383 AB 9.348610402197936 1.030954600251576
60843.119 lsst_hardware_z 11.38795417323603 59.41999816894531 31.700000762939453 AB 5.680855087362209 1.0546957692943952
60843.1425 lsst_hardware_r 47.28126942000552 46.220001220703125 32.31999969482422 AB 5.829079498214587 1.1001030759086412
60845.0612 lsst_hardware_r -11.49337476725336 24.170000076293945 31.520000457763672 AB 3.8953293421788397 1.029013166603841
60845.0848 lsst_hardware_u 1.5965960427940304 2.819999933242798 28.489999771118164 AB 3.76525029679555 1.0286163903279744
60848.046 lsst_hardware_g -3.352726066807394 15.369999885559082 31.469999313354492 AB 3.074821558317659 1.0328591059178878
60848.0673 lsst_hardware_i 30.201682337977633 31.389999389648438 31.260000228881836 AB 3.035281856919758 1.0264734044368475
60850.0392 lsst_hardware_z -77.8946424134938 41.630001068115234 30.950000762939453 AB 4.213217627517221 1.0337915906066055
60850.0594 lsst_hardware_r 16.863987566362177 24.170000076293945 31.510000228881836 AB 3.489784656410452 1.026407251885427
60853.0442 lsst_hardware_u -1.6665182885820529 2.880000114440918 28.530000686645508 AB 7.809990776826738 1.0273600074752351
60853.0627 lsst_hardware_g -8.113539285488574 15.5600004196167 31.489999771118164 AB 7.7478215559086845 1.0285173975718418
60859.0272 lsst_hardware_r 17.268482746546564 42.79999923706055 31.610000610351562 AB 6.863869096115906 1.0275253137897424
60859.048 lsst_hardware_i -9.460076245324272 41.86000061035156 31.299999237060547 AB 6.513621645592628 1.0292113996591157
60862.0068 lsst_hardware_i 44.41737594855374 81.7699966430664 31.34000015258789 AB 5.923678843785423 1.0335302876708405
60862.0255 lsst_hardware_z -35.88100805527056 73.2300033569336 31.0 AB 5.864602505478283 1.0264465748627432
60865.9926 lsst_hardware_z -162.13581033158644 65.7699966430664 30.989999771118164 AB 8.298685575694067 1.0360406461540257
60866.0117 lsst_hardware_i -0.9159710267132597 74.66000366210938 31.34000015258789 AB 8.392786374490436 1.0267451982249425
60870.9931 lsst_hardware_u 1.4817592147908278 2.9100000858306885 28.540000915527344 AB 6.471405429677159 1.027927848308019
60871.0134 lsst_hardware_g 11.525702296082539 15.850000381469727 31.479999542236328 AB 5.606225104895821 1.0284607227728573
60875.9733 lsst_hardware_z 43.06400953434327 42.2400016784668 30.950000762939453 AB 3.122412321069734 1.0305841475596955
60875.9919 lsst_hardware_r 15.452542596868575 24.770000457763672 31.520000457763672 AB 3.115629103936605 1.0265664263382552
60877.9737 lsst_hardware_y -38.914482530504685 47.880001068115234 30.059999465942383 AB 5.541898789308904 1.0280226537595742
60877.9924 lsst_hardware_z 73.025970709159 41.880001068115234 30.959999084472656 AB 5.4482541142611325 1.0278108689063605
60879.9609 lsst_hardware_y 28.438763837657508 73.55000305175781 30.06999969482422 AB 5.833454666672521 1.0314201771067983
60879.9786 lsst_hardware_u 0.555763135999533 3.0399999618530273 28.530000686645508 AB 5.655448950366961 1.0264127921535948
60881.9628 lsst_hardware_y 114.87687533606254 65.68000030517578 30.06999969482422 AB 8.510680150530636 1.028015117080554
60881.9838 lsst_hardware_i -9.985133807157515 32.290000915527344 31.260000228881836 AB 8.46561847202638 1.028629218958248
