data/validation/pwv_sim_epoch_fit_seasonal/32846698.ecsv
# %ECSV 0.9
# ---
# datatype:
# - {name: time, datatype: float64}
# - {name: band, datatype: string}
# - {name: flux, datatype: float64}
# - {name: fluxerr, datatype: float64}
# - {name: zp, datatype: float64}
# - {name: zpsys, datatype: string}
# - {name: pwv, datatype: float64}
# - {name: airmass, datatype: float64}
# meta: {SNID: '32846698', alt: 1024.0, c: 0.005630701780319214, dec: -23.155577, lat: -30.244573, lon: -70.7499537, ra: 144.492188, t0: 62519.25,
#   x0: 2.794377026367194e-06, x1: -0.006185437086969614, z: 0.7780919075012207}
# schema: astropy-2.0
time band flux fluxerr zp zpsys pwv airmass
62473.2583 lsst_hardware_z 49.099037453073805 46.52000045776367 30.90999984741211 AB 8.81087756558734 1.4150463530094766
62473.277 lsst_hardware_u -0.03393755027269715 2.549999952316284 28.219999313354492 AB 8.025770221812145 1.2905425874624092
62475.1929 lsst_hardware_z 30.700007915453313 53.9900016784668 30.799999237060547 AB 5.4208711763559965 2.2420367448898113
62475.2142 lsst_hardware_r 15.366286038102873 25.06999969482422 31.329999923706055 AB 4.818249669653717 1.8358733738438358
62479.2412 lsst_hardware_i 36.994532869970996 33.22999954223633 31.190000534057617 AB 7.832657401769969 1.4206110487922197
62479.2627 lsst_hardware_u 2.342619590744575 2.5 28.209999084472656 AB 8.718280342457941 1.2788089977936106
62483.2433 lsst_hardware_i 33.53832748757846 32.619998931884766 31.219999313354492 AB 14.369809874327972 1.3290919485123867
62483.2644 lsst_hardware_r 19.2042233060498 23.190000534057617 31.479999542236328 AB 12.839851140409172 1.2152045372335012
62485.2414 lsst_hardware_z -18.777846025016267 46.07771289636664 30.920000076293945 AB 10.553837164701928 1.3071682651485135
62485.261 lsst_hardware_g 10.807718920479779 13.655767998875248 31.350000381469727 AB 9.844408277440486 1.2059516096750138
62488.3137 lsst_hardware_r -33.919867789560165 40.280624369253566 31.610000610351562 AB 7.240918957192709 1.0373933247330138
62488.3351 lsst_hardware_z 57.42429878288778 41.19480098852934 30.959999084472656 AB 5.816715512075616 1.0147793984779512
62489.2499 lsst_hardware_z 57.82345044279235 56.723489458873686 30.959999084472656 AB 6.195730169996282 1.20674493256002
62489.2706 lsst_hardware_r 100.70498564336606 70.19221142031641 31.6299991607666 AB 4.882648102927358 1.1284793674067966
62490.3217 lsst_hardware_z 75.82010503768535 56.62642281524752 30.979999542236328 AB 4.54389324062472 1.0213291167957037
62490.3423 lsst_hardware_y -78.67455408633802 52.64520240982309 30.06999969482422 AB 4.855564798177116 1.008634150016019
62494.3168 lsst_hardware_i 143.6408699351608 65.9733450591247 31.34000015258789 AB 6.168649534490167 1.0161682784762651
62494.3387 lsst_hardware_y 8.368938842570639 53.30294363672631 30.06999969482422 AB 6.024412068972042 1.0074408064168014
62497.2509 lsst_hardware_g 71.84769269438503 48.33517159917586 31.670000076293945 AB 7.04297693633487 1.1217759684105393
62497.2732 lsst_hardware_r 234.5720234603423 51.48262057184801 31.6299991607666 AB 6.694899394567119 1.065049219625695
62499.2558 lsst_hardware_i 310.8297588097431 38.55004648258303 31.260000228881836 AB 7.862314524343415 1.0925824730133247
62499.2776 lsst_hardware_z 278.37754221175646 44.980570947090264 30.950000762939453 AB 7.516891138925195 1.0467749810507165
62503.2571 lsst_hardware_g 74.8825118343307 16.22838784315968 31.389999389648438 AB 5.163050616033461 1.0644733590887487
62503.279 lsst_hardware_i 538.4742391620227 37.60275769565992 31.239999771118164 AB 5.013598585565784 1.0291341605677284
62504.2988 lsst_hardware_u 8.318466736507744 2.9529922820342027 28.350000381469727 AB 4.651271721575926 1.0105601944327782
62504.3188 lsst_hardware_r 386.8161313233136 29.776854960186853 31.489999771118164 AB 4.635682548610429 1.0079762010459747
62506.3002 lsst_hardware_i 693.004865050768 39.67062643735321 31.25 AB 10.14050599239073 1.0082280820651468
62506.3216 lsst_hardware_z 475.6750866375123 45.2514833658258 30.940000534057617 AB 10.154849809122299 1.0106507017223236
62508.2814 lsst_hardware_r 568.56458274303 32.32341024784036 31.489999771118164 AB 9.462151293986693 1.0141641258292275
62508.3042 lsst_hardware_u 2.283665485481873 2.950214977533205 28.450000762939453 AB 8.290127569164266 1.0074895265436337
62511.2782 lsst_hardware_g 125.42660862521944 17.436807658325897 31.43000030517578 AB 6.7178399090784495 1.011265980592872
62511.3029 lsst_hardware_r 678.8447088253286 33.61196254325516 31.5 AB 7.231084013866609 1.0087538731271717
62512.209 lsst_hardware_r 646.6385845678486 34.04890109827636 31.489999771118164 AB 7.198128729737743 1.1247076140215222
62512.2261 lsst_hardware_u -4.108524811479207 2.7999294087363085 28.43000030517578 AB 6.902064123228041 1.0784475192543814
62513.2493 lsst_hardware_i 1012.6143166954508 43.337900710507554 31.25 AB 5.31368008058097 1.0321332648144457
62513.263 lsst_hardware_z 644.2712300199593 47.39727713544488 30.950000762939453 AB 5.923174046435654 1.0176837844483766
62519.2167 lsst_hardware_y 330.16517854350496 78.29398733415572 30.799999237060547 AB 7.08643806020571 1.0579931412669021
62522.2251 lsst_hardware_y 300.993439999866 61.281327073152674 30.06999969482422 AB 12.192068266982535 1.0316524172434027
62522.2449 lsst_hardware_r 876.8081608732197 110.8061039182896 31.670000076293945 AB 11.965441731353453 1.0130689449615933
62524.2193 lsst_hardware_i 1029.3179544814852 72.61332904877084 31.329999923706055 AB 9.413941471063982 1.0320889648966953
62524.239 lsst_hardware_z 735.2530440325743 64.98127109824722 30.979999542236328 AB 9.236998880441291 1.0133380862576689
62527.1225 lsst_hardware_i 823.3812670520028 43.17102343708038 31.200000762939453 AB 18.2650721591704 1.3333467120282072
62527.1405 lsst_hardware_u 2.8508561729852997 2.4964144876595826 28.209999084472656 AB 16.09538323142379 1.2329139379477805
62528.2038 lsst_hardware_r 400.15231705064633 33.3684386950153 31.530000686645508 AB 11.33503287611456 1.0383870351882154
62528.2212 lsst_hardware_i 903.7316200853662 43.52185463515273 31.260000228881836 AB 11.061471013574252 1.0183875539000853
62529.117 lsst_hardware_g 34.06106129608447 14.910052076056733 31.299999237060547 AB 16.393921546306355 1.3335981083792692
62529.1359 lsst_hardware_r 436.7477258803416 30.239911829626642 31.450000762939453 AB 14.513092654077813 1.228777635600526
62530.2037 lsst_hardware_z 565.4688373583385 46.72872017971625 30.950000762939453 AB 9.938487309512588 1.0310881997661463
62530.2237 lsst_hardware_i 798.3929382416513 40.86555856534261 31.25 AB 10.729823038998175 1.0126853314560391
62534.2048 lsst_hardware_r 297.852563083745 28.49238699003537 31.510000228881836 AB 9.064795054362255 1.0184018710664464
62534.2223 lsst_hardware_i 678.036632963467 39.475554176224044 31.260000228881836 AB 10.447823129616975 1.0085907160990113
62536.1845 lsst_hardware_i 604.8299820078286 38.67128400793834 31.239999771118164 AB 9.199321028681 1.0347942664433072
62536.2053 lsst_hardware_z 399.51487416275967 45.571541631473984 30.940000534057617 AB 8.9841922878825 1.0139313588446104
62537.1177 lsst_hardware_z 527.361439070663 47.99041410534616 30.93000030517578 AB 7.492779748619332 1.2118683044913603
62537.1357 lsst_hardware_r 256.99963372488696 27.730005977398292 31.469999313354492 AB 7.253000112273778 1.1411265123149523
62538.1851 lsst_hardware_r 264.0456249522344 27.140723444787678 31.489999771118164 AB 5.553572287057826 1.0271711998257262
62538.2048 lsst_hardware_g 10.136036975133587 14.473097476564284 31.40999984741211 AB 5.452382539042946 1.0111047823908912
62539.1127 lsst_hardware_u 1.8725014155114563 2.461416410240919 28.190000534057617 AB 6.663864044644869 1.2097969490572966
62539.1306 lsst_hardware_g 27.53206090999472 14.381676658704432 31.360000610351562 AB 5.592758136100801 1.1399058637341244
62541.1184 lsst_hardware_r 175.51839113447298 28.00115927884123 31.489999771118164 AB 6.969181994285304 1.163922840441792
62541.1361 lsst_hardware_z 454.34335450267696 46.077296688187616 30.940000534057617 AB 6.194123366402515 1.1060934582861635
62543.129 lsst_hardware_y 120.24325973963673 50.28563631500095 30.020000457763672 AB 2.3608315553633896 1.1107617590417829
62543.1488 lsst_hardware_g 17.749845522079564 22.035384167649628 31.579999923706055 AB 2.194675525328755 1.0626253350526107
62546.1035 lsst_hardware_z 349.34254845556865 54.56473319828957 30.950000762939453 AB 3.7266647099455232 1.1686608613219593
62546.1221 lsst_hardware_r 123.74837949147181 56.4039549883823 31.6200008392334 AB 3.5275957605944583 1.107072969300246
62547.1727 lsst_hardware_z 606.505904728964 80.52775529675367 31.729999542236328 AB 3.925039283067576 1.0157092943330224
62550.1132 lsst_hardware_r -26.981779995414325 125.12291603351866 31.649999618530273 AB 6.080059859624104 1.1014601194971203
62550.1335 lsst_hardware_z 286.8746095969478 83.63196256114894 31.0 AB 5.901147305692902 1.055283852949394
62551.1479 lsst_hardware_i 264.47701523752283 94.59377829361544 31.34000015258789 AB 3.158216785942801 1.0291820940504457
62551.1655 lsst_hardware_z 267.04339780185404 79.9420784046911 31.0 AB 3.0642510378199717 1.013198844203672
62553.1504 lsst_hardware_i 210.89048234038998 62.77168215936827 31.329999923706055 AB 5.187453362700893 1.0206499483917153
62553.1679 lsst_hardware_z 354.34368185647907 60.12430502039307 30.989999771118164 AB 6.15625263570325 1.0093872168721254
62561.0085 lsst_hardware_y 108.06216947783388 72.72093932960006 29.920000076293945 AB 7.684926920351438 1.4943951230629922
62561.0283 lsst_hardware_z 75.83271748546498 47.10352559502969 30.920000076293945 AB 6.948553832264572 1.342175388123539
62567.1113 lsst_hardware_g -6.091042431254508 14.559922731110204 31.420000076293945 AB 7.392777197916906 1.021478057928828
62567.1308 lsst_hardware_r 56.46789160677943 23.252548689298244 31.5 AB 8.59628894075117 1.0090034458748378
62568.004 lsst_hardware_y 2.5927445673109 75.00515118921827 29.950000762939453 AB 11.040646348170577 1.3774979847998223
62568.0238 lsst_hardware_r 21.765818793131675 24.27582955075551 31.450000762939453 AB 9.943551728344998 1.2567684186482064
62569.1108 lsst_hardware_i 105.71845800699836 31.588804449128475 31.25 AB 10.4632615906439 1.0171096834084736
62569.1284 lsst_hardware_r 7.343716042617438 22.99201605635627 31.489999771118164 AB 9.587370442810418 1.0081710304753388
62571.0023 lsst_hardware_z 172.82762894491734 66.47899563275018 30.950000762939453 AB 10.748550440159317 1.333732527628662
62571.0215 lsst_hardware_g 9.881097323048156 20.66250727270577 31.489999771118164 AB 9.89753190075302 1.2274486142187662
62572.0015 lsst_hardware_y 226.60111583621304 69.23202862961874 29.969999313354492 AB 9.759137631695916 1.3215556235439705
62572.0204 lsst_hardware_i 113.54547763256997 36.21048590055403 31.239999771118164 AB 9.00310733446778 1.2197955065328367
62574.9994 lsst_hardware_y 250.30363434790632 71.62462757878615 29.989999771118164 AB 11.833638579371437 1.2854500131479791
62575.0199 lsst_hardware_r -16.73281787537643 57.044745590907645 31.600000381469727 AB 11.226003736158578 1.1861978786294602
62579.0865 lsst_hardware_i -20.751826849958448 90.21047904378639 31.350000381469727 AB 8.232662016798097 1.0148640834308449
62579.1059 lsst_hardware_z 101.84785267300136 79.71385106801647 31.0 AB 8.150849606593 1.0074696943824073
62581.0845 lsst_hardware_g -24.92158778940206 95.793167793799 31.75 AB 4.961979770144931 1.012648932682639
62581.1057 lsst_hardware_r -30.338524320926027 89.2583333350721 31.670000076293945 AB 4.936993024559553 1.0075495968488883
62581.9929 lsst_hardware_y 45.35631789916206 71.18957807142426 30.0 AB 6.206234518919749 1.2206984793810358
62582.0099 lsst_hardware_u -5.596284050274675 6.008876312399986 28.889999389648438 AB 6.005956115986795 1.151301491882407
62583.0836 lsst_hardware_i 88.81917476621518 45.321061121836706 31.309999465942383 AB 6.163004380626258 1.0103285869879113
62583.1022 lsst_hardware_r 21.724401923289804 51.717826911576594 31.639999389648438 AB 6.147614645787716 1.0078056796373305
62588.9883 lsst_hardware_y 167.8360105698472 63.547291517174614 30.020000457763672 AB 8.785204223300596 1.160324587034507
62589.0067 lsst_hardware_u 1.5029614387375068 2.6164299150074988 28.299999237060547 AB 7.159656792180986 1.1014856603355363
62597.9818 lsst_hardware_z -10.237652694906936 53.563067836362734 30.959999084472656 AB 12.474190752136357 1.1023741910289955
62597.9978 lsst_hardware_i 58.27175252165249 31.392213497645663 31.239999771118164 AB 12.05503111739412 1.0642817875468422
62599.0279 lsst_hardware_u 0.0957927965743 2.6512562991080624 28.3799991607666 AB 7.757305778552377 1.017907811291728
62599.0472 lsst_hardware_g 12.70657479710628 14.050211415412404 31.420000076293945 AB 7.567858291292239 1.0080173544322124
62601.9808 lsst_hardware_y 80.83388744962757 55.57645890179152 30.040000915527344 AB 3.211181112991036 1.0774269077559746
62601.9989 lsst_hardware_r 50.69381098987204 33.586497008857926 31.59000015258789 AB 2.985543660922358 1.0426811388553054
62609.0194 lsst_hardware_r 92.18036524722537 93.5 31.670000076293945 AB 10.786880123960525 1.0081196377533201
62609.0389 lsst_hardware_y -132.1807704163012 54.619998931884766 30.06999969482422 AB 10.807020360458608 1.010001902846599
62614.9829 lsst_hardware_i -10.336167974715798 30.360000610351562 31.25 AB 9.799102595129876 1.019023789291978
62614.9931 lsst_hardware_z 3.6977158392700877 40.470001220703125 30.950000762939453 AB 9.737373357759097 1.0118416041869154
62620.9766 lsst_hardware_y -21.291881878667763 47.400001525878906 30.059999465942383 AB 11.463188294828322 1.0119042190520808
62620.9941 lsst_hardware_z -53.32867966632056 40.369998931884766 30.950000762939453 AB 11.408826270019981 1.0074018781474596
62623.9747 lsst_hardware_y 3.6257505439884867 47.779998779296875 30.059999465942383 AB 13.317593280467527 1.0091506760814484
62623.9929 lsst_hardware_u -1.0430511959354003 2.7300000190734863 28.5 AB 13.293203852540424 1.008346794716021
62844.2358 lsst_hardware_z -27.481857438332096 63.68000030517578 30.93000030517578 AB 7.862032917436784 1.4704321162273264
62844.2584 lsst_hardware_i -24.61130619890932 65.16000366210938 31.280000686645508 AB 8.744470492406489 1.3075843726962975
62849.243 lsst_hardware_z 24.668491711812095 63.0099983215332 30.940000534057617 AB 10.196936711897731 1.318214280019098
62849.2657 lsst_hardware_r 38.91947951258904 74.83999633789062 31.610000610351562 AB 9.499524192159607 1.2003442244326012
62853.2442 lsst_hardware_r -5.437826572926825 35.72999954223633 31.540000915527344 AB 6.003241956882844 1.250154509971438
62853.268 lsst_hardware_i 34.62061449041172 38.040000915527344 31.270000457763672 AB 6.037968997655869 1.1486307541514018
62856.3271 lsst_hardware_i 52.33367089399958 30.360000610351562 31.260000228881836 AB 6.113564856158348 1.0151207731271645
62856.3468 lsst_hardware_z -6.865737272203623 45.22999954223633 30.969999313354492 AB 6.457421251512947 1.0074765974745217
62864.3207 lsst_hardware_z 14.840127537283072 57.279998779296875 31.709999084472656 AB 7.0268994314268935 1.0080670569185184
62864.3418 lsst_hardware_y 84.85636042068643 67.31999969482422 30.809999465942383 AB 6.903425672359254 1.0108244633368848
62865.2506 lsst_hardware_g -0.6356376281328 13.460000038146973 31.389999389648438 AB 9.578099518551435 1.100930979143843
62865.2742 lsst_hardware_r -10.249659180612733 22.110000610351562 31.479999542236328 AB 9.126835640277722 1.0490615678480142
62870.1313 lsst_hardware_i 39.31561229302677 52.4900016784668 31.149999618530273 AB 4.552113371795171 1.8618050600389249
62870.1511 lsst_hardware_z 0.12983355738305327 55.630001068115234 30.899999618530273 AB 3.864014768422032 1.6030484778241794
62871.3008 lsst_hardware_i -27.271892429521962 32.95000076293945 31.270000457763672 AB 10.107682916647315 1.00823929144203
62871.3242 lsst_hardware_z -17.61197458969626 40.58000183105469 30.950000762939453 AB 10.298631443828564 1.011570576458564
62872.1291 lsst_hardware_i 56.85932583337426 63.400001525878906 31.18000030517578 AB 14.51673466215624 1.8122887158597956
62872.1497 lsst_hardware_z 44.92645400148071 60.5099983215332 30.90999984741211 AB 12.58572989146585 1.5605046258352813
62881.2099 lsst_hardware_i 58.998739640144166 43.58000183105469 31.299999237060547 AB 5.902349224934141 1.093027634247063
62881.2274 lsst_hardware_z 58.042805414267235 47.43000030517578 30.969999313354492 AB 5.694760329571843 1.054585246217008
62882.2408 lsst_hardware_r -6.3046291843698095 35.040000915527344 31.59000015258789 AB 5.2432476740220775 1.0299389767272047
62882.2602 lsst_hardware_z -29.357062547827383 43.709999084472656 30.959999084472656 AB 4.563317402236076 1.0124955407668066
