data/validation/pwv_sim_epoch_fit_seasonal/33079704.ecsv
# %ECSV 0.9
# ---
# datatype:
# - {name: time, datatype: float64}
# - {name: band, datatype: string}
# - {name: flux, datatype: float64}
# - {name: fluxerr, datatype: float64}
# - {name: zp, datatype: float64}
# - {name: zpsys, datatype: string}
# - {name: pwv, datatype: float64}
# - {name: airmass, datatype: float64}
# meta: {SNID: '33079704', alt: 1024.0, c: -0.05247148871421814, dec: -40.228184, lat: -30.244573, lon: -70.7499537, ra: 72.949219, t0: 61312.30078125,
#   x0: 7.894351395397235e-05, x1: -2.0542774200439453, z: 0.18783316016197205}
# schema: astropy-2.0
time band flux fluxerr zp zpsys pwv airmass
61313.39 lsst_hardware_z 7187.1132506084305 101.78127138825953 30.979999542236328 AB 3.256127238508649 1.0184946007222286
61315.3875 lsst_hardware_i 15404.074029972231 131.27376710143955 31.309999465942383 AB 2.1417160770291535 1.019864798585311
61323.3708 lsst_hardware_z 4116.737147161293 74.97254768918638 30.950000762939453 AB 3.0684583740605977 1.0228194580201992
61323.3825 lsst_hardware_r 15091.318006997972 126.22006756759255 31.56999969482422 AB 3.20705426180119 1.0323136035840739
61326.3708 lsst_hardware_i 8886.674316198618 97.5157343735973 31.260000228881836 AB 5.649688733197661 1.0290559606321814
61326.3825 lsst_hardware_z 3806.7650303857354 86.16848309478327 30.989999771118164 AB 5.834172924669973 1.0413207266783628
61328.3693 lsst_hardware_r 10517.811235884985 105.01169717999117 31.489999771118164 AB 6.0607427885846015 1.0327584201388091
61328.3805 lsst_hardware_u 76.50974935005468 15.579877541371571 29.350000381469727 AB 7.274799445449316 1.0457306342284594
61332.3612 lsst_hardware_i 7454.717156900849 91.36771708822471 31.25 AB 3.9750889154601343 1.035673867417639
61332.3724 lsst_hardware_z 4530.785384651226 82.33775045119154 30.969999313354492 AB 4.010337946241304 1.049597717664084
61334.359 lsst_hardware_r 7440.148338165591 89.09688637522588 31.489999771118164 AB 2.6173083779191324 1.0393361969300634
61334.3707 lsst_hardware_g 2386.497493336502 52.83599394371279 31.559999465942383 AB 2.653326463896451 1.0551404283788017
61337.3549 lsst_hardware_r 6971.154660197577 94.364120532013 31.610000610351562 AB 3.738714597683952 1.0443823076541001
61337.3657 lsst_hardware_i 6943.4163356384415 88.48207957872062 31.260000228881836 AB 3.7863187684020114 1.0601975270866189
61340.3494 lsst_hardware_z 4737.084758634556 89.16956526850153 30.979999542236328 AB 3.2389574751361643 1.0479802011872132
61340.3593 lsst_hardware_i 6437.024947023013 101.54862468267768 31.31999969482422 AB 3.2637885989918414 1.0631810409876241
61345.1713 lsst_hardware_g 1824.1565559404937 47.405886948890945 32.099998474121094 AB 5.409676661344462 1.2239087469105119
61345.188 lsst_hardware_r 3681.4681852803174 64.60626344730383 31.469999313354492 AB 5.1288109804324895 1.1620734066913445
61348.2024 lsst_hardware_i 6470.973828392844 90.00689255005605 32.0 AB 5.103115191332695 1.0990986843274264
61348.2174 lsst_hardware_z 2796.24999720477 65.9352607024667 30.950000762939453 AB 6.01373600310373 1.0682698331271072
61355.3245 lsst_hardware_u -8.138511445310803 4.343074672660626 28.440000534057617 AB 2.0998006599900867 1.0742499965841734
61355.3352 lsst_hardware_r 2373.721556752879 52.44316144393885 31.479999542236328 AB 2.7122733591051307 1.0966434283251312
61360.3205 lsst_hardware_z 1574.5155645071918 56.73724016569486 30.940000534057617 AB 5.352393775357114 1.0942653480752074
61360.3322 lsst_hardware_r 2069.7267206250435 50.66652475556161 31.459999084472656 AB 5.51511911603869 1.123213587442008
61362.3148 lsst_hardware_u 3.309489586816511 3.248259306133513 28.360000610351562 AB 4.986306606081995 1.0937281434704968
61362.3268 lsst_hardware_g 708.5028462914964 29.85756591638888 31.360000610351562 AB 5.1329001358068265 1.1233777426533778
61363.3078 lsst_hardware_r 2015.0100774736777 49.509960827420464 31.459999084472656 AB 6.7480256736340145 1.084499284605089
61363.3194 lsst_hardware_i 1752.081889877671 51.47970270669276 31.229999542236328 AB 6.980350102588567 1.1111668421821979
61367.3007 lsst_hardware_r 2184.0961792429753 79.68814275125125 31.6299991607666 AB 7.029883582172859 1.0927280179543304
61367.3133 lsst_hardware_z 1246.7660966596218 63.89392100790084 30.959999084472656 AB 7.28449598479156 1.1237893143600786
61369.3018 lsst_hardware_z 1255.5252050661122 69.32118499945284 30.969999313354492 AB 7.492318065148949 1.1081261697393205
61369.314 lsst_hardware_i 1890.3878217906854 78.53101969065993 31.309999465942383 AB 7.701390603783368 1.1413271985157172
61371.2742 lsst_hardware_r 1914.6935565112422 74.05897511148396 31.639999389648438 AB 4.647143182466091 1.062406519138752
61371.2868 lsst_hardware_z 1064.211290528134 60.86891500871512 30.969999313354492 AB 4.7621153852954645 1.086269595748606
61373.2953 lsst_hardware_y -120.06752992009415 69.47000122070312 30.770000457763672 AB 5.008509884716407 1.1194493959022682
61378.285 lsst_hardware_i -46.86698320434164 30.959999084472656 31.239999771118164 AB 4.9641738484996045 1.1285633180887247
61378.2962 lsst_hardware_z 13.599327867082426 42.9900016784668 30.93000030517578 AB 4.183706160413549 1.1625442613167207
61380.283 lsst_hardware_r 40.100505640846784 21.93000030517578 31.459999084472656 AB 5.97545220930803 1.1384705085687852
61380.2951 lsst_hardware_u 0.2953751589895309 2.5799999237060547 28.34000015258789 AB 5.112025164892468 1.1773434281190311
61384.1965 lsst_hardware_g 2.0176064161815215 12.869999885559082 31.420000076293945 AB 9.852700023776858 1.0186564681204058
61384.208 lsst_hardware_r 5.164753487334494 21.489999771118164 31.5 AB 10.003333894756155 1.0254483281116158
61386.1977 lsst_hardware_i -31.434012109541754 29.469999313354492 31.25 AB 12.981213094818923 1.0221427633715687
61386.2091 lsst_hardware_r 26.01030883294528 21.489999771118164 31.489999771118164 AB 12.908504693602573 1.0309895526219315
61388.188 lsst_hardware_u 3.708739838529679 2.6500000953674316 28.469999313354492 AB 7.750351807962806 1.019783132626685
61388.2009 lsst_hardware_g -7.708787019645207 12.819999694824219 31.399999618530273 AB 7.816806234252378 1.0285271360858392
61391.1904 lsst_hardware_r 24.41826305866837 21.90999984741211 31.5 AB 8.747648189527188 1.026618858428681
61391.2032 lsst_hardware_i 18.625859625504027 29.75 31.25 AB 8.862178690240853 1.0391454395436457
61393.1769 lsst_hardware_i 25.26886766733146 39.16999816894531 31.299999237060547 AB 5.365780158817337 1.0211456785366666
61393.1905 lsst_hardware_z 46.872714178730405 62.93000030517578 31.719999313354492 AB 5.416627257320244 1.0314765629023293
61393.2028 lsst_hardware_r -56.48869611052539 34.189998626708984 31.600000381469727 AB 5.326847898663616 1.045436588773443
61395.1754 lsst_hardware_i 35.34922415780217 49.56999969482422 31.31999969482422 AB 4.94611688106338 1.0236169041934051
61395.1872 lsst_hardware_z -25.92592578674335 50.439998626708984 30.979999542236328 AB 4.884129946737828 1.033605378118716
61404.1705 lsst_hardware_g -7.693717065705143 17.920000076293945 31.520000457763672 AB 9.695513984108503 1.042528385388011
61404.1845 lsst_hardware_r 27.04774911693464 27.030000686645508 31.530000686645508 AB 9.886789295881005 1.0630956232130113
61406.1177 lsst_hardware_g -9.97723663407881 12.680000305175781 31.389999389648438 AB 7.033860324913886 1.0153467534189797
61406.1308 lsst_hardware_r 0.07907153272734696 21.31999969482422 31.489999771118164 AB 7.0787403420343 1.0166652675984837
61408.1147 lsst_hardware_i -34.658616079619044 29.360000610351562 31.25 AB 4.357922914146281 1.01524121471084
61408.1261 lsst_hardware_z -35.71483121515359 40.20000076293945 30.950000762939453 AB 3.959497005958183 1.0168852663777028
61410.1118 lsst_hardware_r 3.8917941970147227 21.219999313354492 31.479999542236328 AB 10.595384464922965 1.0153049923266015
61410.1253 lsst_hardware_g 7.68065376675329 12.640000343322754 31.3799991607666 AB 11.590100171837568 1.01857411155334
61412.12 lsst_hardware_r -11.39992150115865 21.290000915527344 31.489999771118164 AB 8.962705008517274 1.0186435454444545
61412.1326 lsst_hardware_i -9.828039909288561 29.5 31.25 AB 8.170417812232971 1.026262495256193
61414.0954 lsst_hardware_z 54.0947767937844 40.220001220703125 30.950000762939453 AB 6.652302576125624 1.015386182725427
61414.1078 lsst_hardware_i 34.47031750432776 29.43000030517578 31.25 AB 6.628980558676674 1.0163640704782375
61416.0957 lsst_hardware_u -1.0805076453553202 2.700000047683716 28.510000228881836 AB 5.799530984933783 1.0153240519842093
61416.1106 lsst_hardware_g 12.854915024473407 12.699999809265137 31.389999389648438 AB 5.76686606691643 1.0193311651641945
61419.0947 lsst_hardware_r -19.13192507573488 22.809999465942383 31.5 AB 6.833627764687647 1.0165055183490075
61419.1072 lsst_hardware_i 5.455339788495659 30.010000228881836 31.25 AB 6.869965553687158 1.0219107824802318
61421.1013 lsst_hardware_z 5.955216324318023 59.900001525878906 31.709999084472656 AB 3.811771003438376 1.0216486205945794
61423.0795 lsst_hardware_r 0.29674014311812424 45.779998779296875 31.639999389648438 AB 3.960978124928212 1.0156354166482595
61423.0933 lsst_hardware_z -42.58798477413439 46.56999969482422 30.969999313354492 AB 3.99090227906588 1.0202344932743401
61425.0781 lsst_hardware_r -48.61410235477841 61.40999984741211 31.649999618530273 AB 8.31414493388111 1.0164509113807112
61425.0921 lsst_hardware_i -13.934007573905753 51.470001220703125 31.31999969482422 AB 7.834223380214872 1.0227111883051951
61427.0788 lsst_hardware_z 70.45320276634912 57.400001525878906 30.979999542236328 AB 11.00027114070361 1.0185436241392232
61427.0923 lsst_hardware_i 50.11501958308267 62.93000030517578 31.329999923706055 AB 11.50770770544948 1.026786322145841
61431.0644 lsst_hardware_r -24.657455897350946 21.450000762939453 31.489999771118164 AB 12.116636834998067 1.017235979878942
61431.0776 lsst_hardware_i 19.881263057113667 29.6299991607666 31.260000228881836 AB 12.224128655267037 1.0239678886971886
61435.0626 lsst_hardware_g -2.6027652081030337 18.200000762939453 32.16999816894531 AB 11.437358412397222 1.0213751038040026
61435.0755 lsst_hardware_r -21.515195034870306 30.43000030517578 32.2400016784668 AB 11.419607619525399 1.031185644131693
