data/validation/pwv_sim_epoch_fit_seasonal/33184526.ecsv
# %ECSV 0.9
# ---
# datatype:
# - {name: time, datatype: float64}
# - {name: band, datatype: string}
# - {name: flux, datatype: float64}
# - {name: fluxerr, datatype: float64}
# - {name: zp, datatype: float64}
# - {name: zpsys, datatype: string}
# - {name: pwv, datatype: float64}
# - {name: airmass, datatype: float64}
# meta: {SNID: '33184526', alt: 1024.0, c: -0.12004648894071579, dec: -60.623394, lat: -30.244573, lon: -70.7499537, ra: 104.43396, t0: 60716.98828125,
#   x0: 2.0894829543336034e-06, x1: 1.0453760623931885, z: 0.8741385340690613}
# schema: astropy-2.0
time band flux fluxerr zp zpsys pwv airmass
60641.3412 lsst_hardware_u 0.2888126086619915 3.7799999713897705 28.610000610351562 AB 4.5198194761062265 1.1773940371049085
60641.3546 lsst_hardware_g 15.896416700275466 32.40999984741211 31.600000381469727 AB 4.5604847159185065 1.191816206956423
60643.3366 lsst_hardware_r -22.121109181315166 22.549999237060547 31.459999084472656 AB 7.205421277881116 1.178190648805982
60643.3483 lsst_hardware_i 9.644374005931324 37.880001068115234 31.25 AB 7.273905458416482 1.1907842282748184
60645.3412 lsst_hardware_z -26.89637431993431 45.70000076293945 30.950000762939453 AB 7.895833855762857 1.1888182867110109
60645.3525 lsst_hardware_r -38.096372407378 32.54999923706055 31.549999237060547 AB 8.061616293695774 1.203765311885288
60649.3353 lsst_hardware_g -14.984980584346003 13.670000076293945 31.3700008392334 AB 5.115764188498264 1.1950625914847313
60649.3483 lsst_hardware_i -33.88442974679465 38.459999084472656 31.260000228881836 AB 5.115249785438703 1.2142305585280588
60651.3324 lsst_hardware_z 9.888373030411357 43.06999969482422 30.940000534057617 AB 6.618274281157462 1.1984923093877187
60651.3442 lsst_hardware_r 22.979232491007714 25.030000686645508 31.489999771118164 AB 7.728404034814119 1.2164967786579757
60653.2885 lsst_hardware_r -25.629233039782093 22.059999465942383 31.469999313354492 AB 10.782830505404254 1.163886934578649
60653.2993 lsst_hardware_u 1.2618091727022438 2.5999999046325684 28.360000610351562 AB 11.757012314948774 1.1700557126811546
60655.2773 lsst_hardware_g -47.46143596485197 12.789999961853027 31.329999923706055 AB 14.211692709930581 1.1617029231151361
60655.2903 lsst_hardware_r 3.0959280818951953 22.079999923706055 31.459999084472656 AB 14.208359819265995 1.167738412229328
60657.2875 lsst_hardware_i -89.29773466651882 47.25 31.280000686645508 AB 9.355658175248923 1.1694572719061154
60657.3004 lsst_hardware_z -50.207711874211256 49.95000076293945 30.950000762939453 AB 8.535983556771587 1.1801442771701012
60661.2861 lsst_hardware_z 12.581072731116029 54.83000183105469 30.959999084472656 AB 6.146121736905153 1.1769670120461801
60661.299 lsst_hardware_i 36.05130011479685 55.7599983215332 31.290000915527344 AB 8.313364548511426 1.1906142164500964
60667.2264 lsst_hardware_u 1.417221518839372 3.380000114440918 28.549999237060547 AB 8.033021443178773 1.15972398120964
60667.2381 lsst_hardware_g -4.34171440683284 20.68000030517578 31.540000915527344 AB 8.067155721100189 1.1601575783562506
60669.226 lsst_hardware_r -16.638572695955197 21.739999771118164 31.459999084472656 AB 8.49204333559993 1.1595343865459249
60669.2389 lsst_hardware_i 40.59159140918089 30.739999771118164 31.229999542236328 AB 8.542107929491658 1.1616647229589743
60673.2239 lsst_hardware_u 0.3522023752931415 2.549999952316284 28.329999923706055 AB 10.413578843622668 1.1605890679421949
60673.2376 lsst_hardware_g -2.764957787047616 12.770000457763672 31.350000381469727 AB 10.470535932665284 1.165724330067375
60675.2253 lsst_hardware_r 28.32906524415683 22.020000457763672 31.469999313354492 AB 8.12958170555513 1.1626274631141489
60675.2371 lsst_hardware_z -36.450905488191935 42.63999938964844 30.940000534057617 AB 8.168771428277209 1.1686498897067046
60677.207 lsst_hardware_i 13.737418273895505 30.829999923706055 31.229999542236328 AB 5.541774993225303 1.1596906375331961
60677.2193 lsst_hardware_r -16.85153111390773 22.06999969482422 31.459999084472656 AB 6.3631470575768665 1.1624309568098026
60679.225 lsst_hardware_g -8.259948967354136 12.819999694824219 31.34000015258789 AB 3.0365616278856145 1.167908318417544
60679.2373 lsst_hardware_r -18.839268242768107 22.1299991607666 31.459999084472656 AB 3.0859045456919363 1.177301918620946
60681.2075 lsst_hardware_r 11.779635411227703 21.81569199814034 31.459999084472656 AB 7.795539144161275 1.1621256923317327
60681.2209 lsst_hardware_i 62.1123417868382 30.553738854914947 31.229999542236328 AB 8.206261432257453 1.1687749948025572
60683.2051 lsst_hardware_z -29.014195844491958 42.46129089238508 30.940000534057617 AB 7.933594212795526 1.1632836089143002
60683.2185 lsst_hardware_r -3.2716325955680503 22.01089842418341 31.459999084472656 AB 9.409775911776958 1.1708798496580548
60685.1925 lsst_hardware_z 30.056386632796773 68.66539963727465 31.700000762939453 AB 8.824566540101486 1.1609235055386975
60687.1801 lsst_hardware_r 102.64457255566052 69.38491334166532 31.6200008392334 AB 7.263829878037534 1.1597386713205218
60687.1936 lsst_hardware_z 63.65657994584187 55.116159878070825 30.959999084472656 AB 7.321622029009056 1.1630545173295475
60689.179 lsst_hardware_r 2.228631019983507 80.96692445285072 31.6299991607666 AB 9.208423376724857 1.1603599760652974
60689.191 lsst_hardware_y -62.52869776414065 53.48189132161727 30.020000457763672 AB 9.223914883796756 1.1642927021243854
60693.1651 lsst_hardware_r 100.09722882601741 51.13355894580969 31.600000381469727 AB 5.185889427919926 1.159894750149838
60693.1776 lsst_hardware_i 235.9465717190688 47.83392874160331 31.280000686645508 AB 7.256138736815052 1.1632155717882415
60696.1637 lsst_hardware_z 202.37995825828546 46.128415867808194 30.940000534057617 AB 13.842339145516952 1.161261944101366
60696.1774 lsst_hardware_r 187.9407925233567 32.61657277309594 31.520000457763672 AB 13.42294748519474 1.1672128247995426
60700.1591 lsst_hardware_r 310.24125405684873 29.230063051045857 31.469999313354492 AB 9.083084718635131 1.1634787539081315
60700.1726 lsst_hardware_z 318.6141393964545 46.19052991839544 30.940000534057617 AB 9.084435791915032 1.1712784672402052
60702.153 lsst_hardware_r 433.7589369778614 30.4866898614894 31.469999313354492 AB 12.795378424639217 1.163216220421747
60702.164 lsst_hardware_u 0.37568017376914103 2.600284650853015 28.360000610351562 AB 12.85998793202749 1.169089812002499
60704.1542 lsst_hardware_g 80.09607431038995 16.18706093831507 31.360000610351562 AB 11.635835853059456 1.1664413666542486
60704.1666 lsst_hardware_r 504.50335812346907 31.590496815575207 31.469999313354492 AB 11.742265744683639 1.175186309954827
60708.1541 lsst_hardware_r 589.8814402518693 32.948458666041255 31.469999313354492 AB 8.432738444146327 1.1738766336800606
60708.1658 lsst_hardware_u -3.5129806966087935 2.895886474034324 28.420000076293945 AB 8.521423149993772 1.1850397241850186
60710.1571 lsst_hardware_g 142.80624767198233 16.88880257315136 31.360000610351562 AB 12.126083183592906 1.181620325327575
60710.1683 lsst_hardware_i 768.7490634663911 40.90514766884485 31.229999542236328 AB 10.828345649989 1.1945553545314542
60712.0905 lsst_hardware_g 86.61196865565734 33.41607821816763 31.6200008392334 AB 5.0289334270433725 1.1629384322153793
60712.1031 lsst_hardware_r 632.1236146030185 42.28979943903915 31.559999465942383 AB 5.098949704271644 1.1598187211172
60717.1414 lsst_hardware_r 588.3707790746972 79.64567745299374 31.6200008392334 AB 2.600027800496079 1.1852428812472628
60717.1537 lsst_hardware_i 751.9027611586638 66.55851081836151 31.299999237060547 AB 2.564529164676318 1.200669110690797
60719.0968 lsst_hardware_r 436.00981681198346 83.44509959099247 31.6299991607666 AB 3.9626514950644216 1.1603381552615373
60719.1096 lsst_hardware_i 706.5674337258819 69.12486897647993 31.309999465942383 AB 3.9753509591986087 1.1645683057975076
60721.0813 lsst_hardware_z 563.3420583193881 57.37719376883047 30.959999084472656 AB 1.9817949094186011 1.1596225333052084
60721.0941 lsst_hardware_r 471.1048327440326 66.81496006878812 31.6200008392334 AB 1.7326981966428605 1.160936815171106
60723.0895 lsst_hardware_u -3.1794273119178773 5.674675297020078 28.850000381469727 AB 2.704342022754264 1.161160164342769
60723.1009 lsst_hardware_g 135.66326388179507 38.68160472646801 31.6299991607666 AB 2.7221727398148667 1.165687930549154
60725.0818 lsst_hardware_r 430.7598319517143 29.324282924418945 31.469999313354492 AB 3.3840802782350003 1.1606208619514706
60725.0956 lsst_hardware_z 464.08717623708935 47.59439074939111 30.940000534057617 AB 3.8213142815692525 1.165775298813551
60728.0836 lsst_hardware_r 331.1010647502202 28.536331994774986 31.469999313354492 AB 7.106027451570313 1.16392079793134
60728.0958 lsst_hardware_u 0.6812354458170083 2.6701901753612756 28.3700008392334 AB 7.160717395405554 1.1710564447288203
60730.0807 lsst_hardware_g 36.838869400247205 14.129223334351837 31.360000610351562 AB 9.220491207660068 1.1651351511301211
60730.0936 lsst_hardware_r 321.8045034992739 27.889080042536293 31.469999313354492 AB 9.050547261720528 1.1735541319427794
60732.0757 lsst_hardware_i 430.27172147164526 38.32833265897535 31.229999542236328 AB 7.512758311091538 1.1653709893109936
60732.0882 lsst_hardware_z 401.20078499231215 47.27453707873987 30.93000030517578 AB 6.705196548547666 1.1736049968286462
60734.0571 lsst_hardware_z 379.0547745811352 46.46540444356473 30.93000030517578 AB 6.426343816508595 1.1606008849138858
60734.0708 lsst_hardware_r 234.5115918160591 26.561036251673734 31.450000762939453 AB 6.499062654540044 1.165664028913841
60737.0533 lsst_hardware_u 0.440897737702092 2.542067676776 28.309999465942383 AB 7.313761543429023 1.161759726271074
60737.0652 lsst_hardware_g 1.0810650050689747 13.343367193512927 31.31999969482422 AB 7.341986483496166 1.1671082913001098
60739.0506 lsst_hardware_r 134.81791022078306 26.972490352973377 31.479999542236328 AB 12.441034191405869 1.1627134758323243
60739.0644 lsst_hardware_z 277.0203322656987 46.612505061271676 30.940000534057617 AB 12.520028308597649 1.170096103607257
60741.0478 lsst_hardware_r 144.2841940308866 33.80710831002107 31.530000686645508 AB 7.5736062216605635 1.1637975037126123
60741.0601 lsst_hardware_y 219.72401636333333 49.760219800938955 29.989999771118164 AB 7.581321701227311 1.1709207734596996
60743.0451 lsst_hardware_z 332.66375247654247 50.282354378569 30.940000534057617 AB 12.541843487664812 1.1650935301602485
60743.0579 lsst_hardware_r 168.01505024176296 46.33379824453576 31.579999923706055 AB 12.657300468314183 1.1734028029524435
60750.0411 lsst_hardware_i 178.75900732455582 59.27825143903332 31.299999237060547 AB 9.63096017411557 1.1753195510046257
60750.0534 lsst_hardware_z 324.46433374233624 58.313957858024075 30.959999084472656 AB 9.236843405792657 1.1876492930333753
60993.2293 lsst_hardware_r 25.14839771362937 22.530000686645508 31.440000534057617 AB 9.397473571387739 1.3031232852232877
60993.2369 lsst_hardware_i 60.0053949888178 31.56999969482422 31.209999084472656 AB 9.325403034481868 1.282371154356583
61001.3407 lsst_hardware_i 30.053898240578402 31.290000915527344 31.229999542236328 AB 5.566037065975653 1.1664765070155054
61001.3533 lsst_hardware_z 95.58244726443851 57.70000076293945 30.959999084472656 AB 5.551516187514334 1.1754423334835342
61004.3515 lsst_hardware_r 33.839608920752966 28.239999771118164 31.510000228881836 AB 6.576044372576739 1.1814314529886047
61006.3481 lsst_hardware_r 15.06674611239424 25.670000076293945 31.5 AB 4.672157464158314 1.183573771794442
61011.3403 lsst_hardware_z -15.693674607563795 44.84000015258789 30.940000534057617 AB 7.883167712315245 1.1902265069738989
61011.3522 lsst_hardware_g -38.75293868575707 30.309999465942383 31.59000015258789 AB 8.073916074209517 1.2064125624518702
61013.3363 lsst_hardware_y -100.01107553426168 52.439998626708984 30.0 AB 5.200390997139879 1.1920211637697247
61013.3485 lsst_hardware_r -69.02014865263546 55.54999923706055 31.59000015258789 AB 5.2596769240999395 1.2091211319768824
61015.3366 lsst_hardware_i -94.9716563909275 58.689998626708984 31.290000915527344 AB 5.066591296482215 1.1996191065424917
61015.349 lsst_hardware_z -12.389403527936608 68.30000305175781 30.959999084472656 AB 5.183682665625583 1.2189013381049818
61017.2899 lsst_hardware_z -2.3002391139464726 50.09000015258789 30.950000762939453 AB 7.472365578871737 1.163059353106617
61017.3025 lsst_hardware_r -68.17649832110325 53.59000015258789 31.600000381469727 AB 6.436994639069549 1.1699372299289907
61020.2848 lsst_hardware_z 96.02349402414026 44.720001220703125 30.940000534057617 AB 11.01299447508289 1.1644104964137707
61020.2986 lsst_hardware_r 58.501666528808066 33.59000015258789 31.549999237060547 AB 9.73371624433663 1.1731255830952123
61022.2828 lsst_hardware_i -32.27702000846145 32.16999816894531 31.239999771118164 AB 12.180194349931043 1.1661826176390486
61022.2961 lsst_hardware_z 33.474686125945546 43.18000030517578 30.940000534057617 AB 11.759906287081794 1.1755791759965806
61024.2866 lsst_hardware_r -21.314112053341606 22.290000915527344 31.459999084472656 AB 9.56696267819146 1.172288232571642
61024.3001 lsst_hardware_u 2.6017021577533868 2.5799999237060547 28.299999237060547 AB 9.789682332582615 1.1848258689612574
61026.2874 lsst_hardware_g -0.9617749392489309 18.139999389648438 32.09000015258789 AB 8.320347664055026 1.1775604378948294
61026.3002 lsst_hardware_r 1.4894001355641684 31.3700008392334 32.209999084472656 AB 7.89195934591884 1.1912841006707378
61028.2862 lsst_hardware_i -19.737082595222695 30.84000015258789 31.229999542236328 AB 5.131768026730151 1.181686264862161
61028.2989 lsst_hardware_z -106.6506831830059 42.790000915527344 30.93000030517578 AB 5.874624630732941 1.1966237026206774
61030.2262 lsst_hardware_i 7.185462789130381 30.700000762939453 31.229999542236328 AB 6.848701516568235 1.160796867214955
61030.2383 lsst_hardware_z -162.0190406241533 42.380001068115234 30.940000534057617 AB 6.841455968246832 1.1595688081774291
61030.2928 lsst_hardware_r -15.891629187833612 22.040000915527344 31.450000762939453 AB 7.372964784208027 1.1957775025068451
61030.306 lsst_hardware_g 8.198897603418143 12.8100004196167 31.329999923706055 AB 7.319052748699085 1.215452988989607
61032.2256 lsst_hardware_r 18.758164157077424 21.989999771118164 31.469999313354492 AB 7.8012501232024505 1.159907835290109
61032.2387 lsst_hardware_u 6.213318522225904 2.5999999046325684 28.3700008392334 AB 7.819229478921917 1.160166100956498
61034.2211 lsst_hardware_g -11.850861967898055 12.920000076293945 31.360000610351562 AB 7.760492627359825 1.1597971421422342
61034.2331 lsst_hardware_i -7.477194141983505 31.0 31.239999771118164 AB 7.631337823745383 1.1601451052757001
61036.2218 lsst_hardware_z 25.745811054638658 42.630001068115234 30.940000534057617 AB 5.850328256418967 1.1595715289468247
61036.2342 lsst_hardware_r 10.370655429733596 22.040000915527344 31.459999084472656 AB 5.895126022778242 1.161715641497267
61038.2205 lsst_hardware_y -14.936734386435127 48.380001068115234 30.010000228881836 AB 8.32899098505656 1.1599054395510495
61038.2331 lsst_hardware_g -18.10249182825119 12.84000015258789 31.350000381469727 AB 8.290564604569656 1.1633022913065978
61040.2263 lsst_hardware_r 23.67707560929904 64.66999816894531 32.34000015258789 AB 7.822745583021967 1.1627724693586632
61040.2401 lsst_hardware_i -49.51958378626642 59.81999969482422 32.02000045776367 AB 7.801997029057425 1.1702410423064984
61042.2307 lsst_hardware_z 31.598723406977555 56.18000030517578 30.959999084472656 AB 6.4112460163835605 1.1676625819056996
61042.2433 lsst_hardware_r -27.980552458727807 72.56999969482422 31.610000610351562 AB 6.555449147829295 1.177202648359145
61043.2258 lsst_hardware_z 26.856374383450085 58.439998626708984 30.959999084472656 AB 3.9908248212737694 1.1663962651684243
61043.2387 lsst_hardware_r 103.62818309799883 79.93000030517578 31.6200008392334 AB 4.1385277629925294 1.1755511327915138
61045.2034 lsst_hardware_z 0.3661891706732358 54.970001220703125 30.959999084472656 AB 13.335033134633367 1.1602154652639545
61045.2148 lsst_hardware_i 27.41855376581124 56.349998474121094 31.299999237060547 AB 13.516433617340649 1.163654910881206
61048.2052 lsst_hardware_z 106.36923449817733 47.84000015258789 30.950000762939453 AB 7.796076428798822 1.1630727180066869
61048.2182 lsst_hardware_r -59.935097412647956 44.7400016784668 31.59000015258789 AB 9.40966738454962 1.1702110912261698
61054.1891 lsst_hardware_u -6.637674494775285 2.5199999809265137 28.299999237060547 AB 9.205907159734561 1.1631942669082964
