data/validation/pwv_sim_epoch_fit_seasonal/332649.ecsv
# %ECSV 0.9
# ---
# datatype:
# - {name: time, datatype: float64}
# - {name: band, datatype: string}
# - {name: flux, datatype: float64}
# - {name: fluxerr, datatype: float64}
# - {name: zp, datatype: float64}
# - {name: zpsys, datatype: string}
# - {name: pwv, datatype: float64}
# - {name: airmass, datatype: float64}
# meta: {SNID: '332649', alt: 1024.0, c: -0.09716152399778366, dec: -6.880079, lat: -30.244573, lon: -70.7499537, ra: 332.402344, t0: 63076.6015625,
#   x0: 6.943357335745556e-06, x1: 0.34813252091407776, z: 0.5352290868759155}
# schema: astropy-2.0
time band flux fluxerr zp zpsys pwv airmass
63016.4145 lsst_hardware_r 10.505723109475356 26.1299991607666 31.530000686645508 AB 14.183355444303112 1.0974714692143441
63016.4329 lsst_hardware_y 56.077052867394556 56.75 30.040000915527344 AB 13.907030983077066 1.09061921994094
63018.4108 lsst_hardware_r 28.700990517312118 25.5 31.510000228881836 AB 6.805851807815806 1.0962151578989598
63018.4305 lsst_hardware_y -21.52655453245667 52.0099983215332 30.030000686645508 AB 6.848963088558364 1.0908163390098657
63021.4087 lsst_hardware_z -103.6954214181328 52.459999084472656 30.969999313354492 AB 12.741884536999203 1.0928562760897316
63021.428 lsst_hardware_y -42.35258323888372 51.25 30.030000686645508 AB 12.219275643126325 1.092193213740481
63033.3643 lsst_hardware_g 37.96194793690936 22.399999618530273 32.209999084472656 AB 7.31502608616023 1.1006245756870763
63033.3849 lsst_hardware_r -15.473898033080449 35.470001220703125 32.27000045776367 AB 7.6347197820030495 1.0906742545718642
63037.388 lsst_hardware_r -39.88542689089035 24.729999542236328 31.510000228881836 AB 4.16379900975219 1.0937936585675945
63037.4075 lsst_hardware_g 10.35774373264947 15.600000381469727 31.450000762939453 AB 4.225863672526217 1.111679324585992
63045.3313 lsst_hardware_i 20.337622815463174 32.099998474121094 31.25 AB 5.95448606144609 1.1008478575422715
63045.3508 lsst_hardware_z 60.265924984254355 42.47999954223633 30.950000762939453 AB 5.551346803247801 1.0907986055406595
63047.3327 lsst_hardware_r 11.90378065267951 24.51461874802495 31.510000228881836 AB 3.8603537531020637 1.0955243002772794
63047.3529 lsst_hardware_u 6.405660086509114 2.8215924572420286 28.440000534057617 AB 3.887872208206196 1.091077326905387
63049.3252 lsst_hardware_y 16.915118280289864 50.29817004401861 30.030000686645508 AB 8.620284952178993 1.0969028092481619
63049.3457 lsst_hardware_r -0.02044018759351442 49.1203242706071 31.610000610351562 AB 7.5585800642165415 1.0908091299138583
63062.2736 lsst_hardware_u 22.81574022722221 6.058945237295605 29.15999984741211 AB 6.00635905943472 1.1139906448620058
63062.2972 lsst_hardware_r 2654.166262257768 62.00261610204372 32.25 AB 5.22397426712652 1.0926911487801683
63065.2967 lsst_hardware_r 1785.3078453002345 49.028064654156516 31.5 AB 1.9633552155650194 1.0907528975361218
63065.3188 lsst_hardware_u 12.803631580797724 4.520872138425361 28.420000076293945 AB 1.9774278830336682 1.0985710461298157
63073.2371 lsst_hardware_u 9.693652516800118 3.666064548010872 28.43000030517578 AB 11.342417919083402 1.1240782510550509
63073.2564 lsst_hardware_r 2469.8778862278796 55.87817824089872 31.510000228881836 AB 11.527017134643739 1.0994865637775408
63083.1568 lsst_hardware_i 3573.5959608914814 167.1499684758196 32.040000915527344 AB 2.626703248131877 1.2929870775938357
63083.1854 lsst_hardware_z 2965.6659088927254 139.7001039135212 31.729999542236328 AB 1.9260981797366645 1.1806895257887196
63094.2259 lsst_hardware_g 250.69732803707188 22.253510754699327 31.459999084472656 AB 4.872729465122223 1.091377896886026
63094.2489 lsst_hardware_r 1210.4492319560286 42.876037533427514 31.510000228881836 AB 4.965658293105794 1.107911265753189
63099.2148 lsst_hardware_i 2062.7631344829633 63.637023664597095 32.0 AB 1.526255076795471 1.0921324342006948
63099.236 lsst_hardware_z 1672.8124214688248 72.6558894475999 31.700000762939453 AB 1.59394367809878 1.1088303847643686
63100.18 lsst_hardware_r 780.9135091262416 37.484578050984574 31.520000457763672 AB 2.7544791673408455 1.101938592081949
63100.1946 lsst_hardware_g 144.57797880727676 20.257978852529735 31.479999542236328 AB 2.716899247291288 1.0922573944686742
63102.1542 lsst_hardware_z 683.2104956123168 50.967012344745626 30.940000534057617 AB 3.1361944808219304 1.1307714010535173
63102.1715 lsst_hardware_r 599.4346834736883 35.83873847072953 31.510000228881836 AB 3.2950745204099405 1.1050807480204379
63108.1476 lsst_hardware_i 506.119267114014 88.60511771129491 31.31999969482422 AB 4.5905883938628325 1.1145811898339673
63108.1656 lsst_hardware_z 705.3411102419396 79.17950418279628 30.979999542236328 AB 4.519577927346918 1.095898788178444
63110.145 lsst_hardware_r 643.3896759685477 174.1665837494613 31.649999618530273 AB 1.4438744941061106 1.1106726877739312
63110.1633 lsst_hardware_z 755.5650780002361 117.50092637892175 31.0 AB 1.4222412593188054 1.0940317379375426
63113.1413 lsst_hardware_y 473.26431693563137 78.87529440926846 30.780000686645508 AB 1.5473712308534533 1.1052651648953238
63115.1333 lsst_hardware_r 329.32077136720665 32.7348624333747 31.530000686645508 AB 0.6812747498539818 1.108214314524574
63115.1509 lsst_hardware_i 450.9562264178344 44.376815682461576 31.280000686645508 AB 0.7268417975174538 1.0934062392134103
63118.1228 lsst_hardware_z 560.1947936322175 48.511151227673864 30.940000534057617 AB 2.8974855523948384 1.1111410785101004
63118.1402 lsst_hardware_r 194.49256789648777 29.17329199622455 31.5 AB 3.62272022353768 1.094725458498959
63125.123 lsst_hardware_r 139.32652993329845 28.011095116179852 31.5 AB 3.937307585214747 1.0936965514485408
63125.1418 lsst_hardware_u 3.0212747385514205 3.9798229472168924 28.43000030517578 AB 3.4767593887226553 1.0915185271870826
63128.0971 lsst_hardware_u 5.914320963135058 4.202662704805055 28.5 AB 6.160215869161567 1.1090828546771936
63128.1171 lsst_hardware_g 22.916522380238206 16.288847771230625 31.459999084472656 AB 6.067550006308327 1.0926616254833026
63135.0987 lsst_hardware_z 307.24536582252284 58.880563378068544 30.969999313354492 AB 4.025980297497856 1.0923837464381647
63135.1179 lsst_hardware_r 258.4862047765578 66.28439211302432 31.639999389648438 AB 4.04174634118355 1.09265918929014
63136.0703 lsst_hardware_z 344.91998427248086 72.67595421566996 30.979999542236328 AB 3.124272947198043 1.115811766856444
63136.0884 lsst_hardware_i 187.93086679836725 78.95268490151005 31.329999923706055 AB 3.6268076006879966 1.0964023481109149
63142.0749 lsst_hardware_r 175.72103329041192 57.54538522247788 31.6200008392334 AB 3.2087996149425457 1.0945930803149329
63142.0939 lsst_hardware_i 192.285059308306 57.337509206090424 31.309999465942383 AB 3.9369383182005757 1.0911691569292061
63146.065 lsst_hardware_u 3.8195094664336438 2.8616298584580506 28.459999084472656 AB 4.405676250987715 1.0940343310118346
63146.0841 lsst_hardware_r 105.11367714504757 26.59846500236944 31.5 AB 8.95168789241469 1.0914252373345081
63148.0633 lsst_hardware_i 186.21813219219388 34.39245002251949 31.25 AB 3.261748541869377 1.0923471339147277
63148.0811 lsst_hardware_z 215.2929399887274 44.93715171691782 30.940000534057617 AB 3.2306273198977733 1.0921660986807888
63150.0367 lsst_hardware_z 215.41097146140393 45.14298673743594 30.940000534057617 AB 3.7685870884919033 1.109495708093789
63150.0553 lsst_hardware_r 138.58191225645382 26.537119203684444 31.510000228881836 AB 3.5128013261812456 1.0934222845549928
63152.0382 lsst_hardware_u 0.3604316384305731 2.7610306575870407 28.389999389648438 AB 6.302089613677182 1.1017639184749122
63152.0575 lsst_hardware_g 22.28964951798126 15.691783007072706 31.43000030517578 AB 5.134866269908138 1.0909772528133437
63154.0364 lsst_hardware_r 3.8491573649088457 24.31999969482422 31.5 AB 7.319867818039568 1.098529437424733
63154.0539 lsst_hardware_i 29.667166623136136 31.770000457763672 31.239999771118164 AB 6.495739966998076 1.090743305775974
63160.034 lsst_hardware_i 33.1686318749732 32.7599983215332 31.260000228881836 AB 3.6411311392719066 1.0913026043074798
63160.0512 lsst_hardware_z 27.2365023307423 42.9900016784668 30.950000762939453 AB 3.191731390249835 1.0933395187975798
63162.006 lsst_hardware_y 6.762339836851225 51.529998779296875 30.030000686645508 AB 4.35762748608183 1.1069801819083382
63162.0234 lsst_hardware_r 20.537387970849505 38.41999816894531 31.59000015258789 AB 4.335755443660854 1.093024628136599
63169.0042 lsst_hardware_y 114.09349034382028 97.3499984741211 30.799999237060547 AB 4.9991168770004695 1.0930615233410146
63169.021 lsst_hardware_r 175.37032419815827 125.33000183105469 32.38999938964844 AB 4.948726473438957 1.0913499776025928
63171.0051 lsst_hardware_y -11.983558599027322 61.84000015258789 30.049999237060547 AB 4.562472619561883 1.0910655925616302
63171.023 lsst_hardware_r 22.841000514560488 24.950000762939453 31.510000228881836 AB 4.589631384422395 1.0942674815336493
