data/validation/pwv_sim_epoch_fit_seasonal/33386447.ecsv
# %ECSV 0.9
# ---
# datatype:
# - {name: time, datatype: float64}
# - {name: band, datatype: string}
# - {name: flux, datatype: float64}
# - {name: fluxerr, datatype: float64}
# - {name: zp, datatype: float64}
# - {name: zpsys, datatype: string}
# - {name: pwv, datatype: float64}
# - {name: airmass, datatype: float64}
# meta: {SNID: '33386447', alt: 1024.0, c: -0.06399835646152496, dec: -28.29155, lat: -30.244573, lon: -70.7499537, ra: 124.628906, t0: 60325.5078125,
#   x0: 7.194656200599368e-06, x1: -0.007965940982103348, z: 0.5276451706886292}
# schema: astropy-2.0
time band flux fluxerr zp zpsys pwv airmass
60249.2392 lsst_hardware_g 59.44232856748171 60.22999954223633 31.3700008392334 AB 9.684047594394332 1.9662375407386286
60249.2575 lsst_hardware_r 14.398017704051352 62.31999969482422 31.489999771118164 AB 8.49956197832362 1.699006258993261
60261.2915 lsst_hardware_r 13.467664842185307 66.48999786376953 31.610000610351562 AB 5.362817517375438 1.1992883005684916
60261.31 lsst_hardware_i -66.00654014312208 63.900001525878906 31.309999465942383 AB 4.522638357826675 1.1300945421854882
60263.2698 lsst_hardware_i 11.75933500829933 62.709999084472656 31.280000686645508 AB 5.938414548918613 1.2782237594084906
60263.2888 lsst_hardware_z 8.551001539324346 70.63999938964844 30.969999313354492 AB 5.430483457827929 1.187683194101027
60265.2833 lsst_hardware_r -49.371082046696905 67.37000274658203 31.610000610351562 AB 4.763067921863388 1.18784685694253
60265.3004 lsst_hardware_u -10.445201548265521 20.43000030517578 29.399999618530273 AB 4.2225931908624 1.125874734265498
60268.2659 lsst_hardware_y 30.209720686320683 71.22000122070312 30.010000228881836 AB 5.421474726047263 1.2285468173463279
60268.2823 lsst_hardware_g -29.288136488294057 69.5 31.68000030517578 AB 5.107886711084576 1.1597850621194874
60270.256 lsst_hardware_r 0.6146610490297356 65.31999969482422 31.59000015258789 AB 3.7441396260592685 1.250269242896707
60270.2726 lsst_hardware_i -30.447388502247545 63.15999984741211 31.299999237060547 AB 3.6439036563260045 1.1759585810002167
60272.2669 lsst_hardware_z 143.1487765084489 70.47000122070312 30.969999313354492 AB 10.18611199150342 1.1769049094748425
60272.2839 lsst_hardware_r 76.81338389020658 66.41999816894531 31.6200008392334 AB 9.957263039789318 1.1177888459574896
60274.2641 lsst_hardware_z 18.129191338922332 70.44999694824219 30.969999313354492 AB 6.216406049696991 1.1665969066114708
60274.2803 lsst_hardware_r 27.19713527499943 66.44999694824219 31.6200008392334 AB 6.013095461378623 1.1122317272418687
60276.2645 lsst_hardware_i 2.3875752782779522 62.970001220703125 31.309999465942383 AB 5.06651743286105 1.1453207971202737
60276.2811 lsst_hardware_z -45.05169665202004 70.6500015258789 30.979999542236328 AB 4.819461732006171 1.0947309391446751
60278.2664 lsst_hardware_r 67.64886047840969 66.63999938964844 31.6299991607666 AB 6.820340871720151 1.1212133604668426
60278.2816 lsst_hardware_z 31.205699897346914 71.12000274658203 30.989999771118164 AB 6.502538263928784 1.0797074742928658
60280.2881 lsst_hardware_r 38.53938731850925 67.69999694824219 31.649999618530273 AB 7.246689901815617 1.0540256575129074
60280.3037 lsst_hardware_i 72.28999844423157 64.55000305175781 31.329999923706055 AB 6.726435664263299 1.0286904897810139
60282.2308 lsst_hardware_g 49.653593606574866 69.05000305175781 31.649999618530273 AB 5.327835211949902 1.2141138749955331
60282.2515 lsst_hardware_r 91.85236934013093 66.97000122070312 31.6200008392334 AB 4.950790267710502 1.1338985993153574
60290.2421 lsst_hardware_u 21.03807565326151 20.350000381469727 29.40999984741211 AB 13.7536817480928 1.0968066945587545
60290.2636 lsst_hardware_g -42.21246960197189 70.79000091552734 31.719999313354492 AB 13.081852140813645 1.0488206159329463
60293.2454 lsst_hardware_r 32.988930475910756 21.93000030517578 31.479999542236328 AB 8.623445519333197 1.0688115350884273
60293.2685 lsst_hardware_i -12.527271055561853 29.68000030517578 31.239999771118164 AB 8.39402275626048 1.0282979774158671
60295.1412 lsst_hardware_g 8.475900172797108 13.461671974129024 31.219999313354492 AB 14.94993054033936 1.5937101147234296
60295.1628 lsst_hardware_r -22.60873416699507 23.185416676551654 31.420000076293945 AB 13.155225177312573 1.4034111403987275
60297.1426 lsst_hardware_i 16.667022358643507 50.964051631648644 31.940000534057617 AB 5.30254234628457 1.5259114665567106
60297.1655 lsst_hardware_z 29.782583924382337 64.56932673461857 31.670000076293945 AB 4.432682519114495 1.3468082093771074
60301.1459 lsst_hardware_r -2.809383366348197 55.58574141221096 31.549999237060547 AB 6.913136446193357 1.4072542384108613
60301.1672 lsst_hardware_z 27.323966817177606 51.56975442669492 30.940000534057617 AB 7.281547102878606 1.2719970482797947
60304.125 lsst_hardware_r 78.65834427147801 93.17074946762718 31.549999237060547 AB 10.58381228642945 1.5119731837756358
60304.1489 lsst_hardware_z 96.99550714044294 66.17369476640845 30.950000762939453 AB 9.206202378104553 1.330760679113178
60306.16 lsst_hardware_y 309.8780454182775 81.14001862441484 30.75 AB 7.678685958185285 1.238897379507145
60308.1567 lsst_hardware_r 1888.6774656404311 108.10628427746026 32.36000061035156 AB 9.707668950188614 1.2285078398112648
60308.1784 lsst_hardware_i 1395.6028790036469 91.14368294948896 32.060001373291016 AB 10.611015571407323 1.1409694162803572
60310.131 lsst_hardware_i 764.0453846586364 42.43131784238382 31.200000762939453 AB 9.334704588225119 1.3403862600281038
60310.1537 lsst_hardware_z 592.0407889289484 54.58135936785714 30.940000534057617 AB 8.477552124073334 1.2170782010572592
60314.1532 lsst_hardware_i 1255.9635084690278 46.61058538545621 31.229999542236328 AB 13.306474018881845 1.1731000633766948
60314.1739 lsst_hardware_z 898.0472578202333 50.99842796392846 30.940000534057617 AB 12.758867406941867 1.1041539901005482
60316.1316 lsst_hardware_z 1072.847893058703 54.191599160868144 30.93000030517578 AB 9.935752230690108 1.2443020952648862
60316.1548 lsst_hardware_r 2025.154336566573 49.83111185135568 31.459999084472656 AB 9.126908368842807 1.1470288260453456
60318.1379 lsst_hardware_u 7.65906349452261 3.7929963149106514 28.350000381469727 AB 7.620730205146227 1.1907390945540979
60318.1607 lsst_hardware_g 941.9059233879934 33.572592749043686 31.3799991607666 AB 7.108339502698794 1.1106780472966864
60320.1207 lsst_hardware_r 2394.9752071147977 53.428330716518026 31.450000762939453 AB 7.1068440154283605 1.2441953808523083
60320.1392 lsst_hardware_i 1760.0473082101767 51.75900828683329 31.229999542236328 AB 5.675015416028969 1.163986343150237
60326.1233 lsst_hardware_i 1824.0656029644351 54.08616819775149 31.229999542236328 AB 2.4109453159137204 1.1621814007778841
60326.1402 lsst_hardware_z 1438.2826145615684 56.82611308122501 30.940000534057617 AB 1.551461680602154 1.1068034104527582
60328.122 lsst_hardware_r 2613.6427999272523 61.55249394527411 31.549999237060547 AB 4.447130156706011 1.1471530928734337
60328.1396 lsst_hardware_z 1423.249183819625 58.01006201521927 30.940000534057617 AB 4.534660715679246 1.0934797964020366
60330.1224 lsst_hardware_y 544.9559675484495 53.50033119330674 30.010000228881836 AB 14.273164030226988 1.1275705619665823
60330.1401 lsst_hardware_r 2453.4401490499044 69.92906494422778 31.610000610351562 AB 12.855573364741039 1.0785781831312222
60332.123 lsst_hardware_i 1950.197205481099 71.90738849090435 31.309999465942383 AB 9.430288041532487 1.109152052872165
60332.1413 lsst_hardware_z 1587.1445230333627 66.13699741936436 30.969999313354492 AB 8.166360483149212 1.0636975273292653
60334.1254 lsst_hardware_r 2216.8832821712676 105.81143065605711 31.639999389648438 AB 8.503133738463672 1.087844142322481
60334.1441 lsst_hardware_z 1425.100886531212 74.90983965310865 30.979999542236328 AB 8.179792969889327 1.047684017917302
60344.0266 lsst_hardware_y 262.7993034831915 79.52846519381755 29.93000030517578 AB 12.8551121348675 1.4215539240149841
60344.0439 lsst_hardware_u 4.408384027220647 3.14046043580409 28.280000686645508 AB 12.705777866826551 1.3051646499051415
60346.0254 lsst_hardware_z 741.8517948289475 71.56783822685831 30.93000030517578 AB 7.229157726205003 1.3899553405508562
60346.0444 lsst_hardware_r 850.2815745068053 37.845807020040716 31.440000534057617 AB 6.073329952832328 1.2716352497555126
60350.0243 lsst_hardware_y 287.93870871906194 77.33765191345289 29.959999084472656 AB 3.311371702653531 1.3245486810614124
60350.0435 lsst_hardware_u 3.7069310071012267 3.207432249104489 28.360000610351562 AB 3.1761495993953397 1.2215959997674384
60354.0225 lsst_hardware_y 201.30629211627277 74.63466782668034 29.979999542236328 AB 3.18238342138639 1.2719358198986372
60354.0409 lsst_hardware_r 402.10488904283596 32.43131628142493 31.469999313354492 AB 3.0438010386387333 1.1853961790044723
60356.022 lsst_hardware_y 235.63042850775153 69.13212150472701 30.0 AB 3.5392256569037635 1.2462062172196349
60356.0393 lsst_hardware_g 110.93274694148705 24.913859713682506 31.549999237060547 AB 3.2674653149637547 1.17008605728335
60359.0198 lsst_hardware_z 665.9409876146376 72.02993338698592 30.969999313354492 AB 7.2344224623673155 1.2175746079720586
60359.0377 lsst_hardware_i 614.5761997143819 50.881829464333606 31.290000915527344 AB 7.126095606860749 1.145950889581209
60362.0184 lsst_hardware_y 349.2694462294356 70.47742813683809 30.020000457763672 AB 5.6914276786582 1.1880861467147672
60362.0382 lsst_hardware_r 339.42647995698326 80.77530896701796 31.639999389648438 AB 5.40219667271691 1.11769586332074
60363.0171 lsst_hardware_y 326.13259247640156 73.57006785847796 30.010000228881836 AB 8.378316365495062 1.1822508717670388
60363.0329 lsst_hardware_r 311.00521208530523 90.65587881808402 31.6299991607666 AB 7.973894821619105 1.1256468703318503
60365.016 lsst_hardware_y 199.29044075974195 67.72049561933697 30.030000686645508 AB 11.146541817657287 1.1652249443505045
60365.0353 lsst_hardware_z 634.4738762630939 68.15787247840335 30.979999542236328 AB 10.336540538281396 1.1023291605291028
60367.0163 lsst_hardware_y 145.64017399284387 59.337366308944354 30.030000686645508 AB 9.074029951459949 1.1444103861092128
60367.0367 lsst_hardware_u 10.972117706218684 7.823067166607809 29.079999923706055 AB 8.65018718382075 1.0843230565742086
60369.0136 lsst_hardware_y 233.22061254392858 61.92892032338184 30.030000686645508 AB 5.8905717461429745 1.1350760490359806
60369.0325 lsst_hardware_r 232.3202514875682 26.333892214286152 31.469999313354492 AB 5.6152323923973855 1.0812385864693297
60372.0217 lsst_hardware_z 883.3572840151984 70.97757096145097 31.700000762939453 AB 4.104775552398086 1.0876939148694305
60379.0072 lsst_hardware_y 301.31413744425635 76.13794680816491 30.790000915527344 AB 8.71332037640437 1.0764716521522442
60379.0277 lsst_hardware_i 505.45740741613355 47.352419333941505 32.0 AB 8.37986586363031 1.0369196143822625
60382.0057 lsst_hardware_y 110.46935594775391 53.0158217195312 30.049999237060547 AB 14.686054907514569 1.0617704475850995
60382.0278 lsst_hardware_i 244.71844757558992 32.88382698341134 31.239999771118164 AB 14.120536464318812 1.0253014102915157
60386.0097 lsst_hardware_z 630.4784956407369 68.48616735599931 31.719999313354492 AB 8.050897866037218 1.0352189618152319
60389.9992 lsst_hardware_y 105.66575881970137 58.351609466602 30.059999465942383 AB 5.3065614991460235 1.0345855075508088
60390.0177 lsst_hardware_z 156.51090670145823 55.268941138552464 30.979999542236328 AB 5.298306970741288 1.0128024029708083
60616.2494 lsst_hardware_r 8.997496202035078 24.5 31.3700008392334 AB 7.984561331801536 1.7410731207590484
60616.2673 lsst_hardware_i -39.52490629687558 33.93000030517578 31.18000030517578 AB 8.199295477171471 1.5407865220654835
60628.2815 lsst_hardware_z -70.44626313143755 78.62999725341797 31.700000762939453 AB 5.649454594374202 1.2226271913378135
60632.281 lsst_hardware_i 151.95519200867133 56.09000015258789 31.299999237060547 AB 6.210773828358184 1.1778444582512642
60632.297 lsst_hardware_z -87.29063680959504 54.02000045776367 30.959999084472656 AB 6.987435929653644 1.1215788009074872
60636.2935 lsst_hardware_g 7.109233187424736 35.720001220703125 31.65999984741211 AB 7.082784050651454 1.0999535215195735
60636.3104 lsst_hardware_r -18.398063079372537 39.2400016784668 31.600000381469727 AB 6.798036002510232 1.0598471096547069
60641.2647 lsst_hardware_r -3.9906145592172604 22.3700008392334 31.469999313354492 AB 5.049734819824518 1.147015291271895
60641.2809 lsst_hardware_i 2.9658975120720332 30.399999618530273 31.239999771118164 AB 4.851286602774517 1.0971004133444058
60643.2582 lsst_hardware_z 18.583152559077433 42.68000030517578 30.940000534057617 AB 6.954700140341915 1.1506783819229438
60643.2744 lsst_hardware_u -0.3262227762067112 2.5999999046325684 28.360000610351562 AB 6.61494176135716 1.0999238046819924
60645.2869 lsst_hardware_r -20.15204816991586 22.0 31.5 AB 7.293194264682817 1.0577000287173992
60645.3032 lsst_hardware_i -11.298844486767958 29.84000015258789 31.260000228881836 AB 6.7265750610044 1.0303137538554354
60647.2306 lsst_hardware_u 4.035626203464011 2.609999895095825 28.34000015258789 AB 5.274258302530475 1.2181438426075633
60647.2503 lsst_hardware_r -33.5063990555622 22.290000915527344 31.469999313354492 AB 4.957011401028066 1.1401981370967376
60649.2309 lsst_hardware_i 27.14414415866329 31.1299991607666 31.229999542236328 AB 6.400768987987142 1.1928936286608849
60649.2509 lsst_hardware_z -29.387147019524356 41.810001373291016 30.940000534057617 AB 5.745764910888927 1.1206146621159006
60655.2365 lsst_hardware_z 72.56212295198918 45.84000015258789 30.950000762939453 AB 13.991461065532365 1.1146132174649148
60655.2587 lsst_hardware_g -8.537537462834607 25.899999618530273 31.610000610351562 AB 12.97169161123514 1.0594974056099251
60657.2438 lsst_hardware_r -62.62120070036534 60.470001220703125 31.6299991607666 AB 8.367244415051946 1.080341435126139
60657.268 lsst_hardware_i -39.44344022669276 48.380001068115234 31.309999465942383 AB 8.226471155539492 1.0338009620533448
60659.2475 lsst_hardware_z 24.38398590226787 59.9900016784668 30.979999542236328 AB 11.005187373956172 1.0600624069716036
60659.2701 lsst_hardware_r 13.452220668038375 82.19999694824219 31.65999984741211 AB 10.735411604828181 1.0236514628857873
60661.1223 lsst_hardware_g -28.786054846176388 82.18000030517578 31.399999618530273 AB 7.011347763147044 1.7985500888786277
60661.1427 lsst_hardware_i 101.1502612120183 73.52999877929688 31.229999542236328 AB 4.5842341205790005 1.5577179512087875
60664.1512 lsst_hardware_r 27.261411042306992 38.099998474121094 31.510000228881836 AB 5.880908120292811 1.4135948849931643
60664.1725 lsst_hardware_z 103.78194691734097 51.310001373291016 30.940000534057617 AB 6.006752221130884 1.2765837817646273
60666.1263 lsst_hardware_u -1.1399853277477334 2.319999933242798 27.989999771118164 AB 7.61540075504794 1.5854408233965176
60666.1477 lsst_hardware_g 12.542549724443196 13.430000305175781 31.290000915527344 AB 6.700213722272631 1.3990354039891109
60667.1307 lsst_hardware_r 29.283992513050904 23.850000381469727 31.399999618530273 AB 9.461683935483245 1.5160525453426126
60667.1514 lsst_hardware_i 8.265605437420918 32.81999969482422 31.200000762939453 AB 8.504765790353373 1.3542620685276072
60673.1552 lsst_hardware_z 26.264557205354446 61.63999938964844 31.68000030517578 AB 9.706928641668133 1.2390242064844004
60673.1773 lsst_hardware_i 16.48786069151628 43.59000015258789 31.989999771118164 AB 10.66831864263217 1.1471310368421688
60675.1312 lsst_hardware_r -19.902070055070055 23.059999465942383 31.440000534057617 AB 9.292200089763842 1.3435163748486618
60675.1534 lsst_hardware_u -2.986563542460506 2.5899999141693115 28.329999923706055 AB 8.449553756038675 1.2216102712544457
60677.1339 lsst_hardware_g -15.346114058559682 13.239999771118164 31.309999465942383 AB 5.988248423015713 1.2939171181969993
60677.1567 lsst_hardware_r 13.868140190465763 22.420000076293945 31.459999084472656 AB 5.474851864342861 1.1836237951233082
60679.1329 lsst_hardware_i -1.5191739124673291 31.799999237060547 31.219999313354492 AB 3.1488605517812336 1.2692753315880014
60679.1538 lsst_hardware_z 83.44093593071875 42.58000183105469 30.940000534057617 AB 2.8729664936434594 1.1734376420599562
60681.1387 lsst_hardware_r -54.31643053061655 25.350000381469727 31.489999771118164 AB 9.564607529564123 1.2139238950678428
60681.1591 lsst_hardware_g 15.448373336906844 14.619999885559082 31.40999984741211 AB 9.106180669465507 1.1347501301541707
60683.1349 lsst_hardware_r 58.86150261516141 36.689998626708984 31.559999465942383 AB 8.764885885421892 1.206522863493693
