data/validation/pwv_sim_epoch_fit_seasonal/33596308.ecsv
# %ECSV 0.9
# ---
# datatype:
# - {name: time, datatype: float64}
# - {name: band, datatype: string}
# - {name: flux, datatype: float64}
# - {name: fluxerr, datatype: float64}
# - {name: zp, datatype: float64}
# - {name: zpsys, datatype: string}
# - {name: pwv, datatype: float64}
# - {name: airmass, datatype: float64}
# meta: {SNID: '33596308', alt: 1024.0, c: -0.015451228246092796, dec: -9.594068, lat: -30.244573, lon: -70.7499537, ra: 247.675781, t0: 61283.66015625,
#   x0: 1.198376562329697e-05, x1: -0.5284435749053955, z: 0.4265747368335724}
# schema: astropy-2.0
time band flux fluxerr zp zpsys pwv airmass
[from data line 133]
61560.1717 lsst_hardware_g -17.254954273980143 15.399999618530273 31.459999084472656 AB 12.26787206388407 1.0713986839291978
61560.1929 lsst_hardware_r -12.029042280215254 24.360000610351562 31.510000228881836 AB 12.264473953235493 1.0696073100876813
61562.1597 lsst_hardware_i -102.78083698614368 55.25 32.45000076293945 AB 6.035060016796361 1.0754807122509777
61562.1823 lsst_hardware_z -137.82839344292577 73.16000366210938 32.13999938964844 AB 5.858649928709105 1.0684467955092996
61571.1137 lsst_hardware_z 20.260650651278326 62.599998474121094 30.969999313354492 AB 13.67540692517365 1.1010720748121867
61571.1331 lsst_hardware_r 117.6364140302523 80.80000305175781 31.639999389648438 AB 13.250734548658283 1.0770911655234556
61573.1153 lsst_hardware_z -188.27919769031243 102.9000015258789 31.0 AB 5.919163176680081 1.0905036941761108
61573.1351 lsst_hardware_r -209.94219825870456 145.97999572753906 31.65999984741211 AB 5.601409992346784 1.0719718025670462
61575.1166 lsst_hardware_i 57.23899395572389 109.48999786376953 31.34000015258789 AB 3.9230789892293747 1.0823779801984292
61575.1367 lsst_hardware_z -54.895193660620535 91.83999633789062 31.0 AB 4.0627349662645695 1.0691407805959394
61577.111 lsst_hardware_r 76.19124484247261 90.08000183105469 31.649999618530273 AB 3.2475786780660703 1.0825262260220234
61577.1305 lsst_hardware_z -48.088863418131915 64.68000030517578 30.989999771118164 AB 3.131402821989131 1.0693464389263583
61579.106 lsst_hardware_g 52.574937042478744 55.84000015258789 31.690000534057617 AB 3.4625245557286135 1.0820389236651917
61579.1247 lsst_hardware_r 19.621213647092365 56.189998626708984 31.6299991607666 AB 3.4222333331410506 1.0694479166065782
61583.9722 lsst_hardware_r -11.433320286895752 25.950000762939453 31.3799991607666 AB 10.592558685958707 1.674227552376182
61583.9894 lsst_hardware_i 22.19759635063422 34.84000015258789 31.18000030517578 AB 9.493062743412917 1.4974072364603161
61588.1637 lsst_hardware_r 39.25651765191615 34.13999938964844 32.2400016784668 AB 9.883113202625433 1.130877244941502
61588.1923 lsst_hardware_u 5.578519488874383 3.7799999713897705 29.06999969482422 AB 10.075369568873912 1.2211829063540283
61595.0822 lsst_hardware_i -27.479692145335424 32.380001068115234 31.260000228881836 AB 3.0913437338838503 1.0691142085020524
61595.1031 lsst_hardware_z 16.04707527619 42.349998474121094 30.940000534057617 AB 3.375256586294803 1.072134020740545
61606.0426 lsst_hardware_i -57.48162866207679 65.5199966430664 31.31999969482422 AB 3.025138111538402 1.0733783955783804
61606.0626 lsst_hardware_z -10.614822346368127 60.279998779296875 30.979999542236328 AB 3.0110638596364576 1.0685109509000916
61610.0543 lsst_hardware_g -24.105073597957002 15.210000038146973 31.469999313354492 AB 6.521023892390318 1.069020310227921
61610.0769 lsst_hardware_r -26.452009949151098 24.139999389648438 31.510000228881836 AB 6.61606575788932 1.084600943916282
61616.0232 lsst_hardware_r 18.64784041971737 24.219999313354492 31.520000457763672 AB 5.469938062502836 1.069600716171849
61616.0458 lsst_hardware_i 22.978996405407027 31.649999618530273 31.260000228881836 AB 5.146364091892553 1.0721591858109487
61618.0212 lsst_hardware_z 30.97465864318875 42.09000015258789 30.950000762939453 AB 3.9528986439727576 1.0687120362210902
61618.0419 lsst_hardware_r -23.18994795644754 23.969999313354492 31.5 AB 4.072296183610807 1.0730688230858516
61621.0039 lsst_hardware_u 1.0859060879181797 2.680000066757202 28.360000610351562 AB 0.49957554730260256 1.0720505306922803
61621.0275 lsst_hardware_r -3.521808628116111 24.149999618530273 31.5 AB 0.3274250814882317 1.0700166061706917
61623.0054 lsst_hardware_i 62.61698584940567 45.2400016784668 32.0099983215332 AB 1.2841198258961581 1.0692088475405146
61623.028 lsst_hardware_z 15.746807753249767 59.84000015258789 31.700000762939453 AB 1.2193719107852958 1.0729185312673082
61624.9817 lsst_hardware_y 71.19151155835586 48.529998779296875 30.030000686645508 AB 3.536632195548361 1.0807126647970546
61625.009 lsst_hardware_r -10.492669591988589 44.040000915527344 32.31999969482422 AB 4.127466393418824 1.068323124995166
61625.034 lsst_hardware_z 65.01836144241581 44.06999969482422 30.950000762939453 AB 4.18207736212537 1.0824582275463621
61627.9904 lsst_hardware_y -97.60608587858238 79.05999755859375 30.799999237060547 AB 8.292170554257975 1.0696124545963206
61629.98 lsst_hardware_z 15.308114558279684 64.3499984741211 30.979999542236328 AB 4.494323985151261 1.0716931846000939
61629.9998 lsst_hardware_i -66.88191775362654 68.76000213623047 31.31999969482422 AB 4.060073114987031 1.069049839378689
