data/validation/pwv_sim_epoch_fit_seasonal/33869710.ecsv
# %ECSV 0.9
# ---
# datatype:
# - {name: time, datatype: float64}
# - {name: band, datatype: string}
# - {name: flux, datatype: float64}
# - {name: fluxerr, datatype: float64}
# - {name: zp, datatype: float64}
# - {name: zpsys, datatype: string}
# - {name: pwv, datatype: float64}
# - {name: airmass, datatype: float64}
# meta: {SNID: '33869710', alt: 1024.0, c: -0.05346423014998436, dec: -20.264481, lat: -30.244573, lon: -70.7499537, ra: 327.65625, t0: 62041.7109375,
#   x0: 6.79642864834964e-06, x1: -0.3104259967803955, z: 0.5403339862823486}
# schema: astropy-2.0
time band flux fluxerr zp zpsys pwv airmass
61925.3671 lsst_hardware_r -62.77190699397208 24.579999923706055 31.520000457763672 AB 12.530813244901546 1.0424535788779061
61925.3769 lsst_hardware_y -11.525335930316652 47.060001373291016 30.049999237060547 AB 11.974421452315735 1.0307671044431346
61927.4282 lsst_hardware_r 11.749828656006823 25.09000015258789 31.520000457763672 AB 3.9061523249658188 1.027934822359426
61946.238 lsst_hardware_z 68.00606490751879 63.04999923706055 31.68000030517578 AB 5.542327538685395 1.2615552355739965
61946.2675 lsst_hardware_r -16.803048587896964 24.31999969482422 31.489999771118164 AB 5.006479031612241 1.137922349786857
61952.283 lsst_hardware_r 13.588864627879286 24.059999465942383 31.510000228881836 AB 8.654893179593204 1.0587888732528488
61952.3084 lsst_hardware_i -22.221274302807743 31.030000686645508 31.25 AB 8.991247421263745 1.0259589127101691
61957.3127 lsst_hardware_i 169.30776367985536 69.97000122070312 31.34000015258789 AB 5.192734082356184 1.0165387524800438
61957.3343 lsst_hardware_z 38.42404742069364 62.59000015258789 30.989999771118164 AB 5.795774943076509 1.019500422417783
61961.2956 lsst_hardware_z -197.76960637602073 90.87999725341797 31.0 AB 8.09629854076156 1.0185518051825215
61961.3134 lsst_hardware_i 56.505613254921776 102.62000274658203 31.350000381469727 AB 8.07184777278303 1.016200227379877
61963.3004 lsst_hardware_z 34.56367091372074 64.11000061035156 30.989999771118164 AB 7.804719020723341 1.0159087563584255
61963.321 lsst_hardware_r -96.76114748429895 85.3499984741211 31.65999984741211 AB 7.819816187427848 1.02119702088516
61966.2832 lsst_hardware_y 2.6096672510578105 47.869998931884766 30.049999237060547 AB 5.452629319105273 1.0180413217149502
61966.3039 lsst_hardware_g 49.280496299058946 34.529998779296875 31.68000030517578 AB 4.741699749117206 1.0171683408903553
61967.2991 lsst_hardware_r 32.54189074313075 30.510000228881836 31.559999465942383 AB 2.9861340297725047 1.016613945678338
61967.3202 lsst_hardware_i -22.672433828815088 34.630001068115234 31.270000457763672 AB 3.022014575072302 1.0290628518974922
61975.2764 lsst_hardware_i 10.472052459708502 30.979999542236328 31.25 AB 6.02402153446407 1.0164265806182344
61975.2952 lsst_hardware_z -2.4497385306996713 41.22999954223633 30.940000534057617 AB 5.390257859525282 1.026227103193771
61977.275 lsst_hardware_r -17.491877564265895 23.93000030517578 31.510000228881836 AB 10.887602707135727 1.017532963283713
61977.2939 lsst_hardware_u 2.468546946975538 2.680000066757202 28.3799991607666 AB 8.51634436815692 1.0300368127911128
61980.2556 lsst_hardware_g 0.41285164340136604 15.260000228881836 31.459999084472656 AB 4.242628658451855 1.0158132425112683
61980.2753 lsst_hardware_i 24.692411543291904 31.15999984741211 31.25 AB 4.26405661936408 1.0216368060770482
61982.2472 lsst_hardware_z 60.86054158051456 43.72999954223633 30.959999084472656 AB 3.251372558587623 1.0160539245586322
61982.2669 lsst_hardware_r -36.115803322291555 31.040000915527344 31.56999969482422 AB 3.6666855220198653 1.0199403399220766
61989.2154 lsst_hardware_i -36.406106074237 124.23999786376953 31.350000381469727 AB 3.2329758965716624 1.0204027027580207
61989.2356 lsst_hardware_z 79.78853503813508 102.81999969482422 31.010000228881836 AB 3.2029718803648706 1.0160101127247805
61991.1957 lsst_hardware_r 89.15648545470174 93.98999786376953 31.65999984741211 AB 3.905767538777474 1.031816010596374
61991.2138 lsst_hardware_z 2.532017346220603 68.48999786376953 30.989999771118164 AB 3.431352276811436 1.0185076511758493
61996.1966 lsst_hardware_z 41.99956411265555 41.720001220703125 30.959999084472656 AB 2.3813886178294963 1.0202307538005697
61996.2172 lsst_hardware_r 15.484537764598562 27.799999237060547 31.559999465942383 AB 2.4599858841666533 1.0161032152691671
62000.1963 lsst_hardware_u 0.2575953935942177 2.930000066757202 28.559999465942383 AB 3.2116182924571417 1.0163349026763107
62000.2164 lsst_hardware_g -23.614295108950337 15.970000267028809 31.510000228881836 AB 2.5872149548697503 1.0192573689572229
62004.1775 lsst_hardware_g 8.074246114951034 15.75 31.5 AB 2.5461355941276325 1.0188617823639985
62004.1963 lsst_hardware_r -32.608060814491665 24.399999618530273 31.520000457763672 AB 2.5304687154096355 1.0162524961484478
62012.1497 lsst_hardware_r -10.714733362275336 50.51095938715882 31.639999389648438 AB 4.194094337808266 1.0221603650371758
62012.1678 lsst_hardware_z 17.325240683922956 48.714377481539834 30.969999313354492 AB 3.4679618945939965 1.0158308574005408
62014.1408 lsst_hardware_z 32.728475074356425 66.2564855250431 30.989999771118164 AB 1.3320015690597495 1.0246165915844228
62014.1566 lsst_hardware_i -22.18916652432094 73.14075552622764 31.34000015258789 AB 1.321644886870302 1.0166499129771553
62022.1197 lsst_hardware_r 437.22209834713345 50.47558760448368 31.6299991607666 AB 2.571732820110403 1.0240507645780739
62022.1361 lsst_hardware_y 94.35555012366649 50.02166257378455 30.059999465942383 AB 3.3567811685557247 1.016359448506767
62028.0977 lsst_hardware_u 19.529562000023144 5.684514498603137 28.579999923706055 AB 1.0471466785352803 1.0287997496662324
62028.1163 lsst_hardware_g 490.8197091200151 27.13913082427212 31.489999771118164 AB 1.0368815143779289 1.0172153509268862
62032.0952 lsst_hardware_z 1003.3616719929119 51.70454760985064 30.950000762939453 AB 5.653853560524909 1.0220886219689502
62032.1139 lsst_hardware_r 1833.1460141218024 49.31762352285645 31.510000228881836 AB 5.6952787979089905 1.0158047796508307
62034.0741 lsst_hardware_i 1572.1157223905207 50.32863329911317 31.260000228881836 AB 4.050625741627114 1.0365400456246872
62034.094 lsst_hardware_u 6.607056746371478 3.8094074410865666 28.450000762939453 AB 3.881701708472244 1.019622198180591
62036.0768 lsst_hardware_g 966.7674992838615 33.97990225389021 31.469999313354492 AB 1.4073995540126396 1.0279242025656865
62036.0966 lsst_hardware_r 2265.818450622521 53.49659850872483 31.520000457763672 AB 1.3216219777118017 1.0166322905475398
62040.0729 lsst_hardware_z 1313.882396365844 59.040715797079464 30.959999084472656 AB 2.8626890458009244 1.0223889449289016
62040.0922 lsst_hardware_g 1046.9215646427065 49.917394367579234 31.690000534057617 AB 3.268340948084535 1.015801382466056
62042.0578 lsst_hardware_r 2679.1008792160537 93.53542273695946 31.65999984741211 AB 3.4767490603653095 1.030427739000314
62042.0785 lsst_hardware_i 2141.9360726510904 79.86999350904487 31.34000015258789 AB 3.4467363701509064 1.0170864221170235
62045.0587 lsst_hardware_z 1436.7039720498494 84.37660920123287 31.0 AB 4.950919956451029 1.0227588610134855
62045.078 lsst_hardware_r 2852.585014358127 122.21930848274582 31.670000076293945 AB 4.958961422349964 1.0158163409331242
62047.0687 lsst_hardware_z 2922.1208368686966 115.15147520141107 31.75 AB 2.3558989591749047 1.0162037207080825
62049.0608 lsst_hardware_r 2268.51652024868 90.65892289648171 31.65999984741211 AB 3.8591563768410135 1.016704571386686
62049.0792 lsst_hardware_z 1474.5681640229002 69.40816675247831 30.989999771118164 AB 3.8427407650780094 1.017809764290323
62051.0409 lsst_hardware_i 1616.878354013781 50.99474234970943 31.260000228881836 AB 4.639956718272054 1.0237645139327567
62051.061 lsst_hardware_r 1831.4784914789172 48.69510872857717 31.520000457763672 AB 5.104621772867897 1.0158451289289345
62053.04 lsst_hardware_u -2.101629153469894 2.879476705493867 28.520000457763672 AB 2.4498506909684936 1.0207711212368724
62053.0588 lsst_hardware_g 354.2168819304971 23.767913566553748 31.479999542236328 AB 2.4583176389417587 1.0158337350999003
62056.0419 lsst_hardware_r 1399.3356877660792 43.913085355397385 31.530000686645508 AB 4.803682730898691 1.0166524298198287
62056.0583 lsst_hardware_i 1408.071894213696 48.50880221936268 31.260000228881836 AB 4.805883271408745 1.0172078535480191
62058.0256 lsst_hardware_z 987.2133631610612 51.675544777002294 30.950000762939453 AB 6.817870232251333 1.0212125418088498
62058.0442 lsst_hardware_r 1205.0163707744184 41.75962297765853 31.520000457763672 AB 6.045027664680973 1.0158003133390627
62060.0279 lsst_hardware_u -3.829486082208427 3.066525268791137 28.530000686645508 AB 7.19235184834123 1.017545651734199
62060.0457 lsst_hardware_g 173.57679877955357 20.320067004659833 31.479999542236328 AB 6.638631574654871 1.0167395713684524
62066.0104 lsst_hardware_y 213.74799458304474 50.89642073930244 30.059999465942383 AB 4.022421108277481 1.0179478952998813
62066.0285 lsst_hardware_r 651.6619621724227 35.5270835735933 31.540000915527344 AB 3.9985820606395945 1.0165455855191545
62068.9971 lsst_hardware_y 389.0824772746171 84.70432027920661 30.079999923706055 AB 3.709729386539729 1.0203243786039289
62069.0142 lsst_hardware_i 773.0931117396904 50.411028725354946 31.309999465942383 AB 3.7308655733976983 1.015800401161056
62074.0008 lsst_hardware_y 119.32200059015776 84.00920638525513 30.09000015258789 AB 4.763369062206642 1.0158061656355795
62074.0184 lsst_hardware_r 330.34402377931553 84.3901969190408 31.670000076293945 AB 4.733814562563758 1.0214845039788008
62281.4051 lsst_hardware_g -12.417682434380206 22.829999923706055 32.25 AB 8.093477862146575 1.0279607784267453
62281.4266 lsst_hardware_y -105.54766800549915 68.97000122070312 30.809999465942383 AB 8.63122526103183 1.0162951423001938
62284.4115 lsst_hardware_i -83.10271230563612 65.81999969482422 31.34000015258789 AB 9.50075506572721 1.01833810415457
62284.4328 lsst_hardware_z 52.04459228890108 68.58999633789062 31.0 AB 8.924518455535601 1.0171453947366387
62287.4057 lsst_hardware_r -83.70530927065948 83.54000091552734 31.65999984741211 AB 7.529140741785315 1.01745145159261
62287.4273 lsst_hardware_y -45.58498683596883 55.79999923706055 30.06999969482422 AB 7.371848230780586 1.0180704641321068
62290.3945 lsst_hardware_z -3.923228339228944 50.869998931884766 30.979999542236328 AB 10.955385618089622 1.018600286811779
62290.417 lsst_hardware_y 78.01581171613371 50.36000061035156 30.059999465942383 AB 10.978974012497313 1.0173252420772159
62301.3616 lsst_hardware_r -26.957447254433426 24.170000076293945 31.520000457763672 AB 12.161737698620868 1.0199805173498442
62301.3845 lsst_hardware_u 3.7473389037801623 2.7899999618530273 28.469999313354492 AB 12.606378176354658 1.016643401318924
62303.3633 lsst_hardware_g 8.300555420940794 15.550000190734863 31.479999542236328 AB 6.72350832999683 1.0170568135229483
62303.385 lsst_hardware_r -8.107655299283257 24.260000228881836 31.520000457763672 AB 7.130492177973272 1.0186417397104675
62307.344 lsst_hardware_z -20.309771585853756 41.2400016784668 30.950000762939453 AB 3.7764103098174835 1.0206514350858062
62307.3646 lsst_hardware_r -31.699455465815856 24.049999237060547 31.520000457763672 AB 3.75927862534556 1.0160212500933945
62309.3446 lsst_hardware_z 7.302909567467091 41.25 30.950000762939453 AB 2.111798484937164 1.0178159618943678
62309.366 lsst_hardware_r 35.310446422466555 24.0 31.520000457763672 AB 2.114270343107842 1.017617684794405
62313.3402 lsst_hardware_r -88.2252533640662 148.7100067138672 32.41999816894531 AB 5.505962800984752 1.016141515361197
62313.3607 lsst_hardware_z -79.93502413598293 100.11000061035156 31.75 AB 5.537108908273183 1.0201011253266734
62318.301 lsst_hardware_y -12.152257154373311 52.43000030517578 30.059999465942383 AB 9.00584312237957 1.0309476415064658
62318.3208 lsst_hardware_r -54.231630098312266 68.48999786376953 31.65999984741211 AB 8.86764899057892 1.0175448510374847
62329.2847 lsst_hardware_i 5.415130806110693 44.02000045776367 32.0099983215332 AB 7.745914468763772 1.0202284500281562
62329.3065 lsst_hardware_z -5.869971340989609 58.20000076293945 31.700000762939453 AB 7.811690252694108 1.0163200849171063
62331.2789 lsst_hardware_r 22.499638265841238 23.940000534057617 31.520000457763672 AB 6.411270361830854 1.0204154642417402
62331.2983 lsst_hardware_u -1.6041445473427038 2.759999990463257 28.450000762939453 AB 6.1842916775975585 1.015941792697451
62333.2774 lsst_hardware_g -7.734560424670522 15.210000038146973 31.469999313354492 AB 3.3281342173192834 1.0184788362999873
62333.3 lsst_hardware_r -80.50334497723755 23.950000762939453 31.520000457763672 AB 3.0523748818573804 1.0174582939524601
62335.2815 lsst_hardware_i -1.130375391966916 31.100000381469727 31.25 AB 1.9128215427705098 1.0159721379739795
62335.3044 lsst_hardware_z 27.772457771790226 41.369998931884766 30.950000762939453 AB 1.8402538509685549 1.022363250538086
62344.2472 lsst_hardware_z -78.05492737358021 93.2300033569336 31.0 AB 2.334858020671758 1.0185508305969573
62344.2662 lsst_hardware_r -101.74360841331315 136.00999450683594 31.670000076293945 AB 2.0496674458027173 1.0164480266812386
62346.2421 lsst_hardware_z -137.87477910014667 62.63999938964844 30.989999771118164 AB 4.202422634012739 1.018398796561863
62346.2637 lsst_hardware_r 3.06511132983949 84.91000366210938 31.65999984741211 AB 4.251821636566559 1.0172024888613949
62349.243 lsst_hardware_i 51.61633972631805 39.22999954223633 31.299999237060547 AB 4.557618110466646 1.0160025510978963
62349.262 lsst_hardware_z -9.76186644542662 45.119998931884766 30.959999084472656 AB 4.51060965031052 1.0198846058887217
62350.2011 lsst_hardware_z -30.698415451661692 42.0 30.950000762939453 AB 1.9820065651323078 1.0466041268023671
62350.2192 lsst_hardware_r 46.91067562401794 28.309999465942383 31.559999465942383 AB 1.820309123694748 1.0258152289065923
62355.2011 lsst_hardware_r 3.2031441045459785 24.610000610351562 31.540000915527344 AB 2.8856735253151995 1.0298314439786966
62355.2194 lsst_hardware_i -33.938155883425665 31.530000686645508 31.270000457763672 AB 3.2443626268287504 1.017679619456948
62357.2234 lsst_hardware_z -68.75776300894314 41.459999084472656 30.950000762939453 AB 3.386032779840565 1.01583522983301
62357.2432 lsst_hardware_r -13.703342430216885 24.459999084472656 31.520000457763672 AB 3.4316614129425616 1.0216318585718602
62363.1988 lsst_hardware_i 42.85222642618417 31.68000030517578 31.270000457763672 AB 3.6079070305649847 1.0172670198961422
62363.2186 lsst_hardware_z -30.320391823175502 41.689998626708984 30.959999084472656 AB 4.38073491399134 1.017631711794806
62365.1931 lsst_hardware_r -24.89464339186088 31.969999313354492 31.59000015258789 AB 4.500129948334032 1.0173425402688039
62368.1656 lsst_hardware_y -80.76337710985254 73.19000244140625 30.809999465942383 AB 1.9281131537613503 1.0298374435899855
62370.1843 lsst_hardware_r 15.98904083453776 185.38999938964844 32.41999816894531 AB 2.525139056679084 1.0161866152503105
62370.203 lsst_hardware_i -138.16771535996946 102.69999694824219 31.350000381469727 AB 2.5414563725176214 1.0190622671905032
62373.1373 lsst_hardware_z 58.87428165749084 85.37999725341797 31.0 AB 3.7571268925284254 1.04811053353034
62373.1585 lsst_hardware_r -128.38977468471512 125.04000091552734 31.670000076293945 AB 3.631678530353062 1.0241620220961822
62377.1404 lsst_hardware_i 4.7852920675922395 39.790000915527344 31.290000915527344 AB 5.358387573437105 1.030459148737905
62377.1596 lsst_hardware_z -55.9038675433589 46.470001220703125 30.959999084472656 AB 5.291448690204248 1.01758628657774
62379.118 lsst_hardware_z 13.493485414224914 41.7400016784668 30.950000762939453 AB 3.488865867088961 1.0527128590663197
62379.134 lsst_hardware_r 76.37054948271144 24.309999465942383 31.520000457763672 AB 4.772368296585778 1.031417397144106
62384.1216 lsst_hardware_r 4.425149407585305 24.15999984741211 31.510000228881836 AB 1.538181093292759 1.0301469538739316
62384.1393 lsst_hardware_i -17.25096893000946 31.260000228881836 31.25 AB 1.5193920842653155 1.0180181469114342
62386.1216 lsst_hardware_z 68.33739179181961 41.5099983215332 30.950000762939453 AB 1.5799141253440223 1.0252525148241547
62386.1417 lsst_hardware_r -36.392329627634396 24.209999084472656 31.520000457763672 AB 2.1067480852466756 1.0160347650092478
62388.1174 lsst_hardware_u -5.382985733688625 2.809999942779541 28.479999542236328 AB 2.601987809341038 1.0242702306814215
62388.1359 lsst_hardware_r 28.281298425188055 24.030000686645508 31.510000228881836 AB 3.375663966915768 1.016077648255179
62398.0896 lsst_hardware_r -40.993460550226594 154.6999969482422 32.41999816894531 AB 5.6857787491966105 1.0246492609834266
62400.0197 lsst_hardware_i -108.78280264009472 105.08999633789062 31.31999969482422 AB 4.511432821347912 1.1567776464994646
62400.0298 lsst_hardware_z 20.21841181686791 91.98999786376953 30.989999771118164 AB 4.3816890334024725 1.1235100085647365
62405.0754 lsst_hardware_g -7.8943702110819665 33.0099983215332 31.68000030517578 AB 3.0122065655589996 1.0212600663023166
62405.0947 lsst_hardware_i 1.3888598686578522 43.79999923706055 31.299999237060547 AB 3.842913754289188 1.0158376299996186
62408.0598 lsst_hardware_z 21.11064221237823 41.349998474121094 30.950000762939453 AB 3.470035938798374 1.0266884773800604
62408.076 lsst_hardware_r -52.68161176321422 23.969999313354492 31.520000457763672 AB 3.4465927111851147 1.017244147135161
62415.0387 lsst_hardware_i 47.719492861163516 31.299999237060547 31.260000228881836 AB 3.5174443827245154 1.0284674494455346
62415.0578 lsst_hardware_z 51.11352328290143 41.31999969482422 30.959999084472656 AB 3.838149606446993 1.016975320218241
62417.0403 lsst_hardware_r 13.53326558999316 23.989999771118164 31.510000228881836 AB 4.6262237641356 1.0227654372709003
62417.0576 lsst_hardware_u 1.57551776100908 2.759999990463257 28.450000762939453 AB 5.396841944458103 1.0159717515914322
62419.0419 lsst_hardware_g 29.939522188380657 15.289999961853027 31.469999313354492 AB 2.4552500105161905 1.018775937973523
62419.0606 lsst_hardware_i -14.291718663635715 31.1200008392334 31.260000228881836 AB 2.487366345064795 1.0162885985964434
62428.0086 lsst_hardware_y 62.35633334874095 56.5099983215332 30.06999969482422 AB 4.194622137463205 1.0239526760558997
62428.0267 lsst_hardware_z -72.52829639223225 66.58999633789062 30.989999771118164 AB 4.1147554063333285 1.0160726165939573
62430.0107 lsst_hardware_y 103.75656129546836 55.380001068115234 30.06999969482422 AB 3.3922848354512536 1.0193163568062662
62430.0294 lsst_hardware_z -82.69613705846565 64.20999908447266 30.989999771118164 AB 3.3633011922968103 1.016103079243813
62430.9992 lsst_hardware_y -75.05198059248762 69.86000061035156 30.06999969482422 AB 3.8219292072938114 1.0248748712296254
62431.0042 lsst_hardware_i 13.27108616120786 69.83999633789062 31.329999923706055 AB 4.239763877106247 1.0213837333429194
62433.9981 lsst_hardware_y 210.88067019856118 76.0999984741211 30.079999923706055 AB 3.8473415786243823 1.020176752701279
62434.0151 lsst_hardware_r -37.50365869288328 24.950000762939453 31.530000686645508 AB 3.6762587292896423 1.0158216991681797
62435.9988 lsst_hardware_y -35.09879902940168 69.20999908447266 30.06999969482422 AB 4.782163590840319 1.0174816150724082
62436.0147 lsst_hardware_g -31.673046918996967 16.829999923706055 31.5 AB 4.367912908475403 1.016384620936685
62439.0006 lsst_hardware_z 13.602099277315514 69.98999786376953 30.989999771118164 AB 4.646570812470014 1.0158104197343856
62439.0181 lsst_hardware_i -11.4540320595652 32.13999938964844 31.270000457763672 AB 4.665768726860153 1.0209001098102883
