data/validation/pwv_sim_epoch_fit_seasonal/33901812.ecsv
# %ECSV 0.9
# ---
# datatype:
# - {name: time, datatype: float64}
# - {name: band, datatype: string}
# - {name: flux, datatype: float64}
# - {name: fluxerr, datatype: float64}
# - {name: zp, datatype: float64}
# - {name: zpsys, datatype: string}
# - {name: pwv, datatype: float64}
# - {name: airmass, datatype: float64}
# meta: {SNID: '33901812', alt: 1024.0, c: 0.007272346876561642, dec: -34.228867, lat: -30.244573, lon: -70.7499537, ra: 198.457031, t0: 61065.203125,
#   x0: 7.786024581422712e-06, x1: 0.1398124098777771, z: 0.5108957290649414}
# schema: astropy-2.0
time band flux fluxerr zp zpsys pwv airmass
[from data line 132]
61451.2293 lsst_hardware_r 24.54171777671975 23.510000228881836 31.469999313354492 AB 3.9718240680976127 1.2286208547205182
61451.2491 lsst_hardware_u 5.395417458157286 2.640000104904175 28.350000381469727 AB 3.647536706020736 1.1504610332820489
61455.2258 lsst_hardware_z -75.38302727551165 55.529998779296875 30.959999084472656 AB 3.115611220409612 1.1966627610957763
61455.2465 lsst_hardware_r -195.024430332532 68.26000213623047 31.6299991607666 AB 2.942562489887854 1.1238661280961917
61457.2337 lsst_hardware_y -72.75341582669041 80.05999755859375 30.770000457763672 AB 6.35607014116314 1.1471497795719243
61459.2231 lsst_hardware_r -41.58236199757569 99.48999786376953 31.6299991607666 AB 13.575795696306198 1.1650543399533317
61459.2416 lsst_hardware_i 17.347274422707017 79.16999816894531 31.31999969482422 AB 12.929632363809517 1.1066416676108686
61461.2252 lsst_hardware_z -4.620639168943252 67.1500015258789 30.969999313354492 AB 9.730045648231702 1.1391828652985867
61461.2467 lsst_hardware_r -0.44786854820876765 84.1500015258789 31.649999618530273 AB 9.3157324361735 1.0801892862506715
61463.2225 lsst_hardware_z -48.35107977699718 50.13999938964844 30.959999084472656 AB 6.664361953018337 1.1304470122727022
61463.2441 lsst_hardware_r -0.8140331520574376 48.0 31.6200008392334 AB 6.27904312122157 1.0737995931973945
61465.2236 lsst_hardware_i 14.49959178176566 33.52000045776367 31.25 AB 3.8950151511407345 1.1111154332165838
61465.2455 lsst_hardware_z -20.305434168018948 42.61000061035156 30.950000762939453 AB 3.7226964557615223 1.0597418387137227
61467.2146 lsst_hardware_r -13.517228739688786 23.139999389648438 31.479999542236328 AB 5.844501965279318 1.1213011588621646
61467.2346 lsst_hardware_u -0.817928581757873 2.6500000953674316 28.389999389648438 AB 5.5824116413558516 1.0707437254650547
61469.2249 lsst_hardware_g -12.419781989654341 13.84000015258789 31.399999618530273 AB 11.736049594147707 1.0800956762439506
61469.2455 lsst_hardware_r -0.38344040813668356 22.520000457763672 31.489999771118164 AB 11.325356593322004 1.0408617598347543
61471.2125 lsst_hardware_i -23.704760858484057 30.93000030517578 31.25 AB 10.640362668436104 1.0969446049934128
61471.2341 lsst_hardware_z -14.28649656531667 41.189998626708984 30.950000762939453 AB 10.18377102022667 1.0506134239130662
61473.1962 lsst_hardware_z -46.44034867775605 42.11000061035156 30.940000534057617 AB 10.103182337417696 1.1273671255522297
61473.2169 lsst_hardware_r -14.073714338094595 22.770000457763672 31.489999771118164 AB 9.458230787692582 1.0735789770366215
61475.2214 lsst_hardware_r -0.2627154797713833 22.709999084472656 31.489999771118164 AB 9.10459974809913 1.0537731189929707
61475.2431 lsst_hardware_i -17.136830855100733 30.25 31.260000228881836 AB 8.811155563502167 1.022521800319385
61478.2208 lsst_hardware_z 31.875233227279914 41.04999923706055 30.950000762939453 AB 11.728153222178502 1.0410604471298257
61478.241 lsst_hardware_i -41.48024150197927 30.219999313354492 31.260000228881836 AB 11.406557551453705 1.0164611443276088
61480.2145 lsst_hardware_u 0.2570662559640362 2.6600000858306885 28.40999984741211 AB 8.657226875888947 1.0423695869187075
61480.236 lsst_hardware_g -14.489708459714215 14.010000228881836 31.43000030517578 AB 8.4840110678106 1.0160492296779162
61482.177 lsst_hardware_y 10.458608434423608 49.220001220703125 30.040000915527344 AB 7.617697632531322 1.1116398918958053
61482.1977 lsst_hardware_r -5.304932710834509 44.45000076293945 31.6200008392334 AB 7.311916279494065 1.0624439415146487
61486.1693 lsst_hardware_i -146.72741466001483 92.91999816894531 31.329999923706055 AB 5.270138676785358 1.102827868539935
61486.1874 lsst_hardware_z 39.1110428320186 78.12000274658203 31.0 AB 5.04834102456626 1.061226106591839
61488.1812 lsst_hardware_r 12.687911228045147 129.42999267578125 31.65999984741211 AB 6.3348914391503035 1.0626783710044405
61488.1998 lsst_hardware_z 57.88703749467707 87.68000030517578 31.0 AB 6.15424371516188 1.0319851958014252
61491.1567 lsst_hardware_r 23.360493003123633 62.650001525878906 31.6299991607666 AB 7.5903407310496185 1.1000493813115388
61491.1765 lsst_hardware_i 95.03725950273721 54.349998474121094 31.31999969482422 AB 7.109336565455166 1.0559988956956887
61495.1803 lsst_hardware_g -1.8551264179302356 20.34000015258789 32.209999084472656 AB 4.763901960328763 1.032507152707342
61495.1997 lsst_hardware_r 3.0755131501839372 32.900001525878906 32.27000045776367 AB 4.836326189376178 1.012242548444489
61502.0794 lsst_hardware_i -2.037806548406923 32.5099983215332 31.219999313354492 AB 13.936480586841839 1.2809265245259043
61502.0975 lsst_hardware_z -40.97514902627311 43.20000076293945 30.93000030517578 AB 12.323194270679647 1.19658152550618
61504.0763 lsst_hardware_r -1.7267772491441598 24.209999084472656 31.459999084472656 AB 9.74233569078687 1.2686434183679405
61504.0938 lsst_hardware_u 1.8958935895214641 2.6700000762939453 28.34000015258789 AB 8.500107125560222 1.1894916212650744
61506.0729 lsst_hardware_g 11.232465685317855 14.579999923706055 31.3700008392334 AB 4.008595015761027 1.2582563481332023
61506.0939 lsst_hardware_i -37.3596893773875 32.040000915527344 31.229999542236328 AB 4.483773142386932 1.1682577233941034
61510.087 lsst_hardware_r -49.50663444627644 38.47999954223633 31.579999923706055 AB 11.974905492484625 1.1539482358169688
61510.1054 lsst_hardware_z -14.769049888253436 45.209999084472656 30.950000762939453 AB 11.406406476217258 1.0985479519302643
61512.0813 lsst_hardware_y 6.375049246997111 51.779998779296875 30.010000228881836 AB 16.87012037338799 1.154775848681497
61512.0999 lsst_hardware_r 19.206019696453975 62.310001373291016 31.6299991607666 AB 15.625914723319076 1.0986499213695717
61517.0827 lsst_hardware_r 33.12257974942045 128.9499969482422 31.649999618530273 AB 10.398955051898573 1.108138359140244
61517.1015 lsst_hardware_z -49.381959648460956 86.44000244140625 31.0 AB 9.717389690978797 1.063714846126264
61521.0789 lsst_hardware_z 68.5647284942348 45.060001373291016 30.950000762939453 AB 11.624200325270042 1.0896325764220138
61521.0968 lsst_hardware_i -45.23915015124371 38.70000076293945 31.290000915527344 AB 10.309581753014598 1.051998138062714
61523.0781 lsst_hardware_u -0.22200574744367155 2.7100000381469727 28.420000076293945 AB 1.7777988993495304 1.0786523810391861
61523.0957 lsst_hardware_g -5.0886642264878885 14.479999542236328 31.43000030517578 AB 2.433227530081481 1.0446025458277681
61527.0575 lsst_hardware_i -28.222482102848307 31.479999542236328 31.25 AB 9.26055247590255 1.102446723321732
61527.0776 lsst_hardware_z -35.915760154358324 41.689998626708984 30.950000762939453 AB 8.879905368685815 1.057131591510216
61529.0731 lsst_hardware_g 6.898995303393117 14.3100004196167 31.43000030517578 AB 11.603564467095461 1.0553492011910377
61529.0931 lsst_hardware_r 17.553959951460456 23.079999923706055 31.510000228881836 AB 12.058417617795975 1.0254192455288043
61531.055 lsst_hardware_r 14.787310295290968 23.530000686645508 31.5 AB 3.893859575810277 1.0815275185104
61531.0749 lsst_hardware_i -1.443295717017034 30.959999084472656 31.260000228881836 AB 3.7664558198629203 1.042930286783927
61534.0483 lsst_hardware_z -3.124567441588642 41.810001373291016 30.950000762939453 AB 9.59987208417827 1.078122479060928
61534.0679 lsst_hardware_i -4.037948082278094 30.649999618530273 31.25 AB 9.283012981542667 1.0410661088438782
61536.052 lsst_hardware_u -0.7071426248336706 3.0199999809265137 28.579999923706055 AB 8.174270780804218 1.0590720078778948
61536.0714 lsst_hardware_g -5.783692830683038 15.199999809265137 31.479999542236328 AB 7.960977834174618 1.0285501077744985
61539.9801 lsst_hardware_y 2.2095826284377296 74.18000030517578 30.729999542236328 AB 8.211106691626785 1.2580858056629796
61541.9699 lsst_hardware_z 1.8616100966642097 72.95999908447266 30.959999084472656 AB 13.379903647779757 1.282429123023004
61541.9901 lsst_hardware_r -24.0128951797044 93.81999969482422 31.6299991607666 AB 12.436198864292766 1.1892702366159287
61544.9688 lsst_hardware_y 67.74312338433758 66.25 30.0 AB 9.429306655748626 1.2466032067356723
61544.9899 lsst_hardware_z 64.82154789768647 86.01000213623047 30.979999542236328 AB 8.760905099067962 1.1593099244499407
61547.9689 lsst_hardware_y -118.19275575924023 49.4900016784668 29.989999771118164 AB 2.2223075974645874 1.2090900965532985
61547.9909 lsst_hardware_r -112.66199986924903 45.130001068115234 31.600000381469727 AB 2.1049711064914187 1.1289735084428905
61549.965 lsst_hardware_y -36.444551239491204 49.869998931884766 30.0 AB 5.766059989546106 1.2025151177364142
61549.9848 lsst_hardware_g -20.800955820384416 14.199999809265137 31.399999618530273 AB 5.314516150608262 1.1309486399591975
61551.9652 lsst_hardware_z 7.693337770347071 43.43000030517578 30.93000030517578 AB 6.917646756035024 1.1798817595147992
61551.9851 lsst_hardware_i 8.333403595462665 30.959999084472656 31.239999771118164 AB 6.4884042020667705 1.1138253951820212
61553.9633 lsst_hardware_y -66.16661441015243 49.47999954223633 30.010000228881836 AB 10.27838543617104 1.16657326971836
61553.9826 lsst_hardware_r 15.90280153808663 23.020000457763672 31.489999771118164 AB 9.793470132401609 1.1056073755251115
61560.9619 lsst_hardware_y 114.16606753551305 49.2400016784668 30.020000457763672 AB 13.1515678421911 1.1099618389290864
61560.9835 lsst_hardware_u 1.5052623832726184 2.630000114440918 28.3799991607666 AB 12.474334216115949 1.0595264123766042
61562.9598 lsst_hardware_y 28.635352726084946 51.09000015258789 30.030000686645508 AB 4.890041263308276 1.1008647598622863
61562.9776 lsst_hardware_r -21.088373509819736 23.020000457763672 31.5 AB 4.695326020092099 1.0603717299214317
61571.9722 lsst_hardware_z -116.32599203514644 99.30999755859375 31.75 AB 9.382030330170165 1.0296910860089081
