data/validation/pwv_sim_epoch_fit_seasonal/33944759.ecsv
# %ECSV 0.9
# ---
# datatype:
# - {name: time, datatype: float64}
# - {name: band, datatype: string}
# - {name: flux, datatype: float64}
# - {name: fluxerr, datatype: float64}
# - {name: zp, datatype: float64}
# - {name: zpsys, datatype: string}
# - {name: pwv, datatype: float64}
# - {name: airmass, datatype: float64}
# meta: {SNID: '33944759', alt: 1024.0, c: -0.09434682875871658, dec: -46.37508, lat: -30.244573, lon: -70.7499537, ra: 153.927032, t0: 61927.9765625,
#   x0: 6.3903222311570606e-06, x1: 0.8969985246658325, z: 0.5538684725761414}
# schema: astropy-2.0
time band flux fluxerr zp zpsys pwv airmass
[from data line 132]
62168.266 lsst_hardware_i 57.16656025739339 67.73999786376953 31.34000015258789 AB 11.00218645982694 1.042383722448825
62168.2792 lsst_hardware_z -20.809349722066667 61.040000915527344 30.989999771118164 AB 10.8694163487579 1.0469986368788615
62172.2574 lsst_hardware_g -68.52951348155703 35.029998779296875 31.690000534057617 AB 5.805142041895051 1.042871111451535
62172.2693 lsst_hardware_r 38.1465929099106 37.43000030517578 31.600000381469727 AB 5.860496889812992 1.0475461417129308
62174.2629 lsst_hardware_i -17.352387894398408 31.31999969482422 31.25 AB 4.521660601073775 1.0470442517248524
62174.2737 lsst_hardware_z 32.88497537098973 41.66999816894531 30.950000762939453 AB 4.522753444953099 1.0542344037496783
62180.244 lsst_hardware_z -60.69412449397692 40.869998931884766 30.950000762939453 AB 5.196645038578579 1.045813048617131
62180.255 lsst_hardware_i 39.282228015617385 29.979999542236328 31.25 AB 5.578243957316945 1.0524326691372137
62182.2453 lsst_hardware_u -1.3686933520627134 2.640000104904175 28.440000534057617 AB 3.498259596983336 1.0495041166978816
62182.2558 lsst_hardware_g 11.359443101365152 13.0600004196167 31.399999618530273 AB 3.571127109137377 1.0576416730749176
62184.2452 lsst_hardware_r 28.93854221623537 21.75 31.479999542236328 AB 4.78983398301477 1.0532894959900359
62184.2556 lsst_hardware_i -7.682035671481184 30.100000381469727 31.239999771118164 AB 4.658368236946929 1.0628466364362388
62186.2458 lsst_hardware_z 9.955983498387935 40.91999816894531 30.950000762939453 AB 2.7573037348056553 1.0584997862269383
62186.2574 lsst_hardware_u 1.4901148307103018 2.6500000953674316 28.440000534057617 AB 2.6901324720328637 1.0713035431053781
62188.1934 lsst_hardware_z -42.2836929436992 40.86000061035156 30.950000762939453 AB 6.331369021734387 1.043316968235021
62188.2056 lsst_hardware_r -40.421870687706395 21.780000686645508 31.489999771118164 AB 6.3126986724343395 1.041785406788405
62190.1924 lsst_hardware_z 4.2009021900947845 42.59000015258789 30.959999084472656 AB 11.445315915210402 1.0423152129691946
62190.204 lsst_hardware_r -3.0342300304675356 23.229999542236328 31.510000228881836 AB 11.50821723754468 1.042096339047209
62192.192 lsst_hardware_i -107.07601905692059 45.209999084472656 31.299999237060547 AB 9.729341540493955 1.041796931201837
62192.2035 lsst_hardware_z -28.872892485660504 47.93000030517578 30.959999084472656 AB 9.82750741992496 1.043056809883933
62194.1922 lsst_hardware_r 14.763290459859535 81.91000366210938 31.65999984741211 AB 6.970420927280044 1.0419943085851027
62194.2044 lsst_hardware_z 56.92052805164043 59.459999084472656 30.979999542236328 AB 6.9872670623502176 1.0452157161331663
62196.1841 lsst_hardware_y 92.08600688261285 56.41999816894531 30.059999465942383 AB 4.048787678767219 1.0418014440605248
62196.1975 lsst_hardware_r -302.0178391248338 101.9800033569336 31.65999984741211 AB 4.072690187971376 1.0446366761212489
62199.1838 lsst_hardware_i -88.71350422893426 51.61000061035156 31.309999465942383 AB 6.758078637698869 1.0429133700152575
62199.1958 lsst_hardware_z -19.952688750881368 51.810001373291016 30.969999313354492 AB 6.799620327109917 1.0476803873208058
62202.1706 lsst_hardware_u 3.858738868159035 3.4100000858306885 28.610000610351562 AB 9.820476571675576 1.0420248720973586
62202.182 lsst_hardware_r -0.9629822394696665 27.290000915527344 31.540000915527344 AB 9.846232053951246 1.0449887204816153
62204.1646 lsst_hardware_i -49.106619546810116 29.850000381469727 31.25 AB 9.951840752328927 1.0419684590439668
62204.1769 lsst_hardware_z 38.94434581691691 40.75 30.950000762939453 AB 9.469302035776296 1.045138372662134
62206.1608 lsst_hardware_r 4.915411194222129 22.020000457763672 31.5 AB 7.851710182439009 1.0421701861480257
62206.1735 lsst_hardware_u -0.9050225358251812 2.7699999809265137 28.530000686645508 AB 9.270643961583197 1.0460529152703275
62208.1691 lsst_hardware_g -3.7075749113670855 13.260000228881836 31.420000076293945 AB 14.523736146336368 1.0465671876300753
62208.1806 lsst_hardware_r -8.06492990459336 21.989999771118164 31.489999771118164 AB 14.577047965522581 1.0540355368334686
62211.1539 lsst_hardware_i -75.36335036142897 29.8799991607666 31.239999771118164 AB 8.791585151578772 1.0437180631078555
62211.1664 lsst_hardware_z 52.23447576855333 40.939998626708984 30.950000762939453 AB 8.841952470947666 1.0496975628350687
62213.1446 lsst_hardware_r 27.649429322196546 22.030000686645508 31.5 AB 6.399807767688442 1.0426960641421437
62213.1573 lsst_hardware_g -9.168565552675073 13.34000015258789 31.43000030517578 AB 6.455441148652138 1.047536089030773
62216.1451 lsst_hardware_r -8.20148369266243 22.079999923706055 31.510000228881836 AB 5.433414256203283 1.045557586184083
62216.1591 lsst_hardware_i -44.924116262358034 30.219999313354492 31.260000228881836 AB 5.413035086612254 1.0543161993076677
62220.1343 lsst_hardware_z -44.883287844439046 64.19999694824219 31.719999313354492 AB 8.897647446207692 1.0456134257250946
62222.1267 lsst_hardware_r 21.704027889549145 64.08000183105469 31.649999618530273 AB 7.2085832163712205 1.0447222052711913
62222.1382 lsst_hardware_i 31.74811402184621 54.06999969482422 31.31999969482422 AB 7.251386003136879 1.050925507700997
62226.1276 lsst_hardware_z -3.2736975373331796 66.55999755859375 30.989999771118164 AB 5.315668952409359 1.051150672811801
62226.1392 lsst_hardware_r -40.38359498467118 96.79000091552734 31.65999984741211 AB 5.3855010940618495 1.0610779418898335
62228.1152 lsst_hardware_r -2.8977604644007333 57.91999816894531 31.639999389648438 AB 8.976419980250721 1.0469349172207765
62228.126 lsst_hardware_i 11.141213973196082 50.040000915527344 31.309999465942383 AB 8.884598385515751 1.0540512973681042
62230.1043 lsst_hardware_z -2.5120493112864866 42.720001220703125 30.950000762939453 AB 6.2670762700981175 1.0445127116830195
62230.1165 lsst_hardware_i 30.38735519361964 34.959999084472656 31.270000457763672 AB 6.306169723236033 1.0510282872060055
62232.108 lsst_hardware_u 1.8115034828526706 2.559999942779541 28.360000610351562 AB 9.785798559328482 1.0490404030011462
62232.1199 lsst_hardware_g 18.436319626949683 13.020000457763672 31.3700008392334 AB 9.970379534700594 1.0582394694535089
62234.1024 lsst_hardware_r 17.493802926395393 21.8700008392334 31.479999542236328 AB 7.822064987083585 1.0489560127509165
62234.1153 lsst_hardware_i 44.491233394890315 30.010000228881836 31.239999771118164 AB 7.834532253779882 1.059054510942173
62236.1004 lsst_hardware_z 77.36787298185943 41.0 30.950000762939453 AB 5.326573352035421 1.051228212361441
62236.1116 lsst_hardware_u 0.2186456791474211 2.6500000953674316 28.43000030517578 AB 5.393380095187326 1.0607841267660119
62238.0588 lsst_hardware_r -12.538271648562048 21.93000030517578 31.489999771118164 AB 6.559472610788734 1.0428414325578272
62238.0692 lsst_hardware_g -10.055732088875567 13.1899995803833 31.40999984741211 AB 6.698314350339531 1.0418095264545502
62242.0888 lsst_hardware_i -26.249249335733264 30.020000457763672 31.25 AB 16.8164361423984 1.0548952079958847
62242.0997 lsst_hardware_z 26.33516148662802 41.20000076293945 30.950000762939453 AB 16.956164338262138 1.0655765431058364
62244.0949 lsst_hardware_i -25.022393822327786 30.170000076293945 31.260000228881836 AB 12.049545068921974 1.0663314220284932
62244.1053 lsst_hardware_u -2.217589233045897 2.7300000190734863 28.5 AB 12.202301702996595 1.079849708229787
62246.0898 lsst_hardware_g -10.738431108459382 14.430000305175781 31.43000030517578 AB 7.2976323039213025 1.0667493500835115
62246.1007 lsst_hardware_r -1.0226040751125405 22.579999923706055 31.489999771118164 AB 7.380392120106115 1.0811121269686692
62250.0353 lsst_hardware_i -70.57686285283374 47.040000915527344 31.299999237060547 AB 9.223837876445922 1.0417903216812967
62250.047 lsst_hardware_z 34.11010767744901 49.029998779296875 30.959999084472656 AB 9.632463401723333 1.04360383550632
62252.0276 lsst_hardware_r 57.688067185148256 76.30000305175781 31.649999618530273 AB 12.085384908469683 1.0418435265922141
62252.0406 lsst_hardware_z 35.55115082212461 58.43000030517578 30.979999542236328 AB 12.102614047677369 1.0433287972135663
62254.0306 lsst_hardware_r 51.92080390928857 97.83000183105469 31.65999984741211 AB 1.5634770031127718 1.0423180020751812
62254.0433 lsst_hardware_i 8.3168067961616 76.48999786376953 31.329999923706055 AB 1.6825740449602686 1.0464853601908999
62259.0216 lsst_hardware_u -2.98746773829439 2.559999942779541 28.3799991607666 AB 14.218250029314758 1.0433626067204216
62259.0334 lsst_hardware_g 0.9439390626260561 12.859999656677246 31.3799991607666 AB 14.349001669946983 1.048520399703835
62261.0195 lsst_hardware_r -24.11013007444927 21.690000534057617 31.489999771118164 AB 10.432452049934753 1.044463746030484
62261.0316 lsst_hardware_i 3.962827406791924 29.90999984741211 31.25 AB 10.574301946237167 1.050862305216116
62269.9991 lsst_hardware_z 29.31947832370658 40.90999984741211 30.950000762939453 AB 7.604768404590103 1.046239806189595
62270.0104 lsst_hardware_i -3.288080175139832 29.950000762939453 31.25 AB 6.196611383561801 1.0533379126093096
62271.9965 lsst_hardware_u 1.1661366294242501 2.609999895095825 28.40999984741211 AB 7.523670045380913 1.0477189869630363
62272.0087 lsst_hardware_g -0.0741485020329861 12.9399995803833 31.3799991607666 AB 5.536623757921485 1.0564563770302886
62279.9938 lsst_hardware_z 139.6188112419712 53.720001220703125 30.969999313354492 AB 8.467566804656117 1.063230387324977
62280.0058 lsst_hardware_r 153.84029407597725 64.47000122070312 31.639999389648438 AB 7.999340226841923 1.07813874006967
62281.9904 lsst_hardware_i 36.633961756996136 64.86000061035156 31.329999923706055 AB 6.146151039008049 1.0654985909866597
62282.0027 lsst_hardware_z -115.66551335294274 60.08000183105469 30.979999542236328 AB 6.154926846651438 1.081566901840969
