data/validation/pwv_sim_epoch_fit_seasonal/34003961.ecsv
# %ECSV 0.9
# ---
# datatype:
# - {name: time, datatype: float64}
# - {name: band, datatype: string}
# - {name: flux, datatype: float64}
# - {name: fluxerr, datatype: float64}
# - {name: zp, datatype: float64}
# - {name: zpsys, datatype: string}
# - {name: pwv, datatype: float64}
# - {name: airmass, datatype: float64}
# meta: {SNID: '34003961', alt: 1024.0, c: 0.14954674243927002, dec: -22.508005, lat: -30.244573, lon: -70.7499537, ra: 149.0625, t0: 60774.03125,
#   x0: 4.7510361604234925e-06, x1: 1.007599949836731, z: 0.6263879537582397}
# schema: astropy-2.0
time band flux fluxerr zp zpsys pwv airmass
[from data line 133]
61056.2072 lsst_hardware_i -82.10777900647503 30.899999618530273 31.239999771118164 AB 5.864743350925543 1.1296818551334955
61056.2254 lsst_hardware_z 52.389969685414194 41.40999984741211 30.940000534057617 AB 5.471259590994994 1.0797828282997817
61057.2467 lsst_hardware_r -9.914824931961252 22.06999969482422 31.479999542236328 AB 3.3156536529531517 1.035925948641893
61057.2655 lsst_hardware_u -0.9409444116024738 2.5999999046325684 28.399999618530273 AB 2.1656754812492043 1.0165501965574204
61059.242 lsst_hardware_g 22.469326823298537 13.399999618530273 31.389999389648438 AB 6.161796306428624 1.0349002866020531
61059.2616 lsst_hardware_r -56.596135676281314 22.059999465942383 31.479999542236328 AB 6.461188445423038 1.0154843533250792
61061.2418 lsst_hardware_i -8.89458652365939 30.010000228881836 31.25 AB 12.15002361812685 1.028377546552136
61061.262 lsst_hardware_z 26.980928019702407 40.470001220703125 30.950000762939453 AB 11.989872378036315 1.0122021931030207
61063.2428 lsst_hardware_r 38.7127598793772 22.1200008392334 31.479999542236328 AB 9.26383142748115 1.0216991602387226
61063.2625 lsst_hardware_g 4.81824831343161 13.489999771118164 31.40999984741211 AB 9.595163849631735 1.0100172473296563
61064.2127 lsst_hardware_u 0.9780935917056618 2.630000114440918 28.399999618530273 AB 10.710863287595645 1.0603765258484947
61064.2301 lsst_hardware_g -7.178432614713616 13.520000457763672 31.40999984741211 AB 10.305528948266774 1.0326181310888471
61067.2199 lsst_hardware_z 10.45500034898312 40.689998626708984 30.940000534057617 AB 11.30737040051539 1.035244373621402
61067.2371 lsst_hardware_i 8.275833967871419 29.920000076293945 31.25 AB 11.098826699389576 1.017346525552266
61069.2229 lsst_hardware_z 19.434943943588976 45.560001373291016 30.959999084472656 AB 10.852123432474492 1.0251553270069582
61069.243 lsst_hardware_g -15.288434917220135 29.170000076293945 31.65999984741211 AB 10.651463109108109 1.0110148887427115
61071.2164 lsst_hardware_r 66.80403358234332 76.12999725341797 31.65999984741211 AB 11.002856292553057 1.0262582041306794
61071.2343 lsst_hardware_i 76.71321933949189 61.52000045776367 31.329999923706055 AB 10.752226588672064 1.012387162325535
61077.1368 lsst_hardware_r 22.805800801818037 63.86000061035156 31.610000610351562 AB 4.624930756037586 1.1761787197993345
61077.1562 lsst_hardware_z 68.8129017660658 55.130001068115234 30.969999313354492 AB 4.3762250850764675 1.1104821531173177
61080.185 lsst_hardware_z -11.63609291459135 42.810001373291016 30.950000762939453 AB 5.893608435634388 1.0344503455946057
61080.2043 lsst_hardware_g -35.9913157751239 28.200000762939453 31.649999618530273 AB 5.728194000437815 1.0154571885193695
61082.1833 lsst_hardware_i -26.772881787294263 30.420000076293945 31.260000228881836 AB 2.7802762524418516 1.0297319453488338
61082.2001 lsst_hardware_r 22.641952220583068 23.5 31.520000457763672 AB 2.73957301633048 1.0146566727149926
61084.1844 lsst_hardware_u 1.0754715203929364 2.630000114440918 28.40999984741211 AB 4.107146001265614 1.022695717446617
61084.2007 lsst_hardware_g -10.460593343587306 13.859999656677246 31.43000030517578 AB 4.086624845989953 1.0115408034628695
61086.1639 lsst_hardware_g 0.552577849872583 13.960000038146973 31.43000030517578 AB 3.0885785997755777 1.0410939100367116
61086.1806 lsst_hardware_r 13.491093068407217 22.610000610351562 31.5 AB 3.88683965676624 1.0211506235483598
61087.1102 lsst_hardware_i -38.90135721197594 31.649999618530273 31.239999771118164 AB 3.658515137450443 1.1734158777303938
61087.1288 lsst_hardware_z -62.79950152008786 42.13999938964844 30.950000762939453 AB 3.830261300767731 1.1107572646015653
61090.167 lsst_hardware_i -16.292916070261455 30.3799991607666 31.260000228881836 AB 3.166267891087158 1.0236882932709854
61090.1848 lsst_hardware_u -1.1828864119166032 2.859999895095825 28.59000015258789 AB 3.153875371904256 1.0113437139343453
61094.1528 lsst_hardware_i -42.0705760592194 30.329999923706055 31.239999771118164 AB 8.358027763364099 1.0271317414807335
61094.1714 lsst_hardware_r -27.561345347785537 22.59000015258789 31.489999771118164 AB 11.262298338048168 1.012432428806919
61096.1797 lsst_hardware_z 0.13224789990780852 40.5099983215332 30.950000762939453 AB 9.559866294986291 1.0089036246093916
61096.1971 lsst_hardware_g 6.735576813739816 13.970000267028809 31.43000030517578 AB 9.529086848756197 1.0132026881779421
61099.1573 lsst_hardware_z -52.729522659051156 74.79000091552734 31.729999542236328 AB 6.160286755284149 1.012649877580956
61099.1751 lsst_hardware_r 47.062696022077034 88.9000015258789 32.400001525878906 AB 6.164920496466685 1.0089886246262987
61101.1603 lsst_hardware_z 5.840791733125769 101.61000061035156 31.75 AB 3.4676623230630725 1.0096311507159255
61102.1092 lsst_hardware_z -149.77635901027355 113.63999938964844 31.75 AB 6.095378682766372 1.0598815306496907
61104.0143 lsst_hardware_y 56.45563958118129 98.22000122070312 30.65999984741211 AB 16.714006883796092 1.465177022467332
61105.1325 lsst_hardware_i 80.22872715686317 63.59000015258789 31.329999923706055 AB 7.833043686723591 1.0179834976681152
61105.1514 lsst_hardware_r 51.928066962385365 78.4000015258789 31.65999984741211 AB 7.663594845306759 1.0092530524986951
61107.1268 lsst_hardware_z 32.08826916540896 48.540000915527344 30.969999313354492 AB 11.677553086818076 1.018169272991472
61107.1449 lsst_hardware_g 4.573782400397151 52.189998626708984 31.729999542236328 AB 11.586074259284464 1.00943043192976
61111.1103 lsst_hardware_z 26.40711544028874 40.709999084472656 30.950000762939453 AB 8.074311482188653 1.0230575852754134
61111.1289 lsst_hardware_r -18.548921524375412 22.5 31.5 AB 8.344493857112125 1.0108003541684782
61116.9944 lsst_hardware_y -11.783620183947948 81.94000244140625 29.969999313354492 AB 8.714677578563823 1.3477694986953612
61117.0123 lsst_hardware_g 2.997156765766355 14.289999961853027 31.3700008392334 AB 9.547661019704424 1.244319173687556
61118.1071 lsst_hardware_g -18.919609067613457 13.9399995803833 31.43000030517578 AB 8.233616886818172 1.0118634097170003
61118.1259 lsst_hardware_r -5.040777462673137 22.549999237060547 31.5 AB 7.136403001500332 1.0093208403224914
61126.0716 lsst_hardware_r 8.704611634369764 41.630001068115234 31.610000610351562 AB 6.378724882497356 1.0209499105018547
61126.0896 lsst_hardware_z 29.043179623964935 45.34000015258789 30.959999084472656 AB 6.490412759292424 1.0102595936325665
61128.0699 lsst_hardware_r 165.13291928306208 69.47000122070312 31.649999618530273 AB 6.864556867167552 1.0178258588198812
61128.0885 lsst_hardware_y -86.24015835781968 51.119998931884766 30.059999465942383 AB 6.9519914985558575 1.0092658663731313
61130.0686 lsst_hardware_z -93.09283131696489 70.16999816894531 30.989999771118164 AB 4.869178053783831 1.0149230801168294
61130.0871 lsst_hardware_r -31.29972458871723 103.86000061035156 31.670000076293945 AB 5.1810839977852154 1.0088926243151484
61133.0692 lsst_hardware_i 117.54231215945963 76.0 31.34000015258789 AB 6.295967767841311 1.0106698399295788
61133.0885 lsst_hardware_z -38.50273125189433 66.54000091552734 30.989999771118164 AB 7.112100063766188 1.010121916974722
61137.0497 lsst_hardware_g -6.8964233913446975 13.579999923706055 31.420000076293945 AB 11.048346531411397 1.0147890390739853
61137.0685 lsst_hardware_i 37.993890174424834 36.90999984741211 31.290000915527344 AB 10.947723413047733 1.0088827867279966
61139.0465 lsst_hardware_z 44.94355022988715 40.40999984741211 30.950000762939453 AB 7.766716738060143 1.0134686159144182
61139.0657 lsst_hardware_r -10.326762043052716 22.100000381469727 31.5 AB 7.740148011969404 1.0089703674245334
61142.0422 lsst_hardware_u -2.600412548298386 2.8299999237060547 28.579999923706055 AB 6.303721091283714 1.011589680058367
61142.0583 lsst_hardware_g 25.311015558042417 13.729999542236328 31.450000762939453 AB 6.300700165100062 1.0090403435320594
61150.0181 lsst_hardware_r 21.107967726549038 22.260000228881836 31.5 AB 7.0171876158191315 1.0126177157645126
61150.0357 lsst_hardware_u -0.2852636056635158 2.690000057220459 28.469999313354492 AB 7.020431623079742 1.0089726391318974
61156.0047 lsst_hardware_y -131.03737269504884 70.62000274658203 30.809999465942383 AB 11.730993849958999 1.0112925732723275
61158.0031 lsst_hardware_r -114.37875465459476 78.37999725341797 31.65999984741211 AB 1.5150126055421347 1.0100084036947565
61158.0206 lsst_hardware_i 120.52249915045404 66.18000030517578 31.34000015258789 AB 1.5153389281899856 1.010225952126657
61159.9949 lsst_hardware_z 69.40184705044847 64.73999786376953 30.989999771118164 AB 11.411872779448888 1.010869368519869
61160.0132 lsst_hardware_r -64.93624085278609 92.2699966430664 31.670000076293945 AB 10.904922608455609 1.0097150563384822
61161.977 lsst_hardware_y -11.377871643411707 52.900001525878906 30.06999969482422 AB 9.37526932651353 1.017870873608157
61161.9963 lsst_hardware_z -28.277123150347137 59.68000030517578 30.989999771118164 AB 9.40546724518212 1.0091703052770515
61163.9747 lsst_hardware_y -44.51800227673971 48.959999084472656 30.059999465942383 AB 11.244288330043835 1.0156065871872677
61163.9929 lsst_hardware_i -10.215103653521535 46.13999938964844 31.31999969482422 AB 11.04656470346724 1.0089569076555913
61170.9559 lsst_hardware_z -10.46533725585489 69.94999694824219 31.0 AB 9.265183333027206 1.015399649268708
61170.9744 lsst_hardware_i -21.793250778228042 30.18000030517578 31.25 AB 7.571606705957527 1.008919788481504
