data/validation/pwv_sim_epoch_fit_seasonal/34046539.ecsv
# %ECSV 0.9
# ---
# datatype:
# - {name: time, datatype: float64}
# - {name: band, datatype: string}
# - {name: flux, datatype: float64}
# - {name: fluxerr, datatype: float64}
# - {name: zp, datatype: float64}
# - {name: zpsys, datatype: string}
# - {name: pwv, datatype: float64}
# - {name: airmass, datatype: float64}
# meta: {SNID: '34046539', alt: 1024.0, c: -0.01885394938290119, dec: -6.579593, lat: -30.244573, lon: -70.7499537, ra: 324.667969, t0: 63014.64453125,
#   x0: 7.738195304532513e-06, x1: 0.2780333459377289, z: 0.5121031403541565}
# schema: astropy-2.0
time band flux fluxerr zp zpsys pwv airmass
63008.4287 lsst_hardware_r 2649.3891491609643 58.483021519413555 31.530000686645508 AB 4.267637910386567 1.0934483810106843
63012.4036 lsst_hardware_g 1023.2200791959831 35.746556846049465 31.469999313354492 AB 6.15498971156202 1.1002186220989132
63012.4238 lsst_hardware_y 527.3269573179861 53.50882923215539 30.030000686645508 AB 5.533839357254091 1.0930680847881402
63014.4049 lsst_hardware_i 2005.0730949969768 55.498188210758784 31.25 AB 10.25779823342287 1.0959576445125514
63014.424 lsst_hardware_z 1693.0856543840075 58.99246005040103 30.950000762939453 AB 9.60845810696332 1.0940562799111913
63016.4071 lsst_hardware_r 2716.4578949348443 58.124375081285145 31.530000686645508 AB 14.118721128996501 1.0934079389481708
63016.4255 lsst_hardware_y 611.2026483511595 54.02206724069679 30.040000915527344 AB 14.020276754539063 1.0970697200288788
63018.4036 lsst_hardware_r 2703.517649606604 56.65754208696495 31.510000228881836 AB 6.780574112345297 1.093141431981938
63018.4242 lsst_hardware_y 623.5741989611554 53.63443096656843 30.020000457763672 AB 6.843682505340902 1.0998284460169918
63021.377 lsst_hardware_i 4099.7092417767535 103.90324679074789 32.060001373291016 AB 12.859977974046858 1.1018745586536594
63021.3971 lsst_hardware_z 1500.5524776136242 66.41692333357095 30.959999084472656 AB 12.72378331890132 1.0930381048387192
63033.3567 lsst_hardware_g 217.39535172271974 21.54648353863996 31.450000762939453 AB 7.3070489823196985 1.0944430438582384
63033.3771 lsst_hardware_r 1218.2101700219534 42.961509033015304 31.510000228881836 AB 7.672090443151438 1.0960129204502054
63034.3903 lsst_hardware_r 1079.5329246296878 41.67680889339633 31.5 AB 4.104053098020707 1.1092035400055964
63034.4063 lsst_hardware_i 1294.9465997574623 48.32807997213802 31.25 AB 4.194589490347795 1.1336728352291336
63037.358 lsst_hardware_z 912.9068672324012 51.355883318566065 30.940000534057617 AB 4.0453807791764165 1.0933461565341664
63037.3771 lsst_hardware_r 969.8653582544832 38.78295713097257 31.510000228881836 AB 4.208328086256403 1.103896146962121
63043.3364 lsst_hardware_u 2.887649563088533 3.3394132236437657 28.469999313354492 AB 5.962349293522334 1.0930730799662063
63043.3554 lsst_hardware_r 607.2026218552246 34.01564798567097 31.5 AB 5.973964668905529 1.0994352497832394
63047.3248 lsst_hardware_r 493.7819052460325 32.108169783924396 31.510000228881836 AB 3.8953341124916054 1.0931202785160026
63047.345 lsst_hardware_u 10.6195995061532 3.0671704116624214 28.399999618530273 AB 3.855238728216443 1.099820861986368
63049.3258 lsst_hardware_y 338.86420793266615 52.635910858281704 30.030000686645508 AB 8.618636244819086 1.0934464760567641
63049.3462 lsst_hardware_r 388.32971100198694 53.558016873715175 31.610000610351562 AB 7.673333485277525 1.1057473139675085
63062.2646 lsst_hardware_u 20.822804535417436 5.212190033512638 29.209999084472656 AB 5.911874767875305 1.1022933422598806
63062.2881 lsst_hardware_r 377.09632575393533 39.75526973338308 32.25 AB 5.821837547848646 1.0931488612587232
63069.2659 lsst_hardware_r 323.33720498001037 38.97053414724362 32.2599983215332 AB 5.380684837734703 1.093061198436036
63069.2875 lsst_hardware_i 442.51842208642637 50.83609596949413 31.989999771118164 AB 5.399247787178768 1.101887303505871
63072.2475 lsst_hardware_z 490.2384908785741 46.351955337715125 30.940000534057617 AB 5.918069547078056 1.0955330520322206
63072.267 lsst_hardware_r 178.9435563845444 27.445595241527 31.510000228881836 AB 6.4663455228681626 1.0945066897204068
63073.2298 lsst_hardware_u -3.519445280806113 3.3552501390539606 28.459999084472656 AB 11.236219893541064 1.1069622081218722
63073.2491 lsst_hardware_r 127.28309331717247 27.368449134314318 31.5 AB 10.999634548105062 1.0939648807145879
63077.3105 lsst_hardware_i 222.36540043788366 44.94502607555291 31.270000457763672 AB 5.24263907175238 1.186855865471137
63077.3293 lsst_hardware_z 351.8572084252957 48.97837519058473 30.93000030517578 AB 5.58110129523338 1.2558027327970704
63083.1153 lsst_hardware_r 38.43247326279422 133.15405117783533 31.559999465942383 AB 3.3287522994675665 1.4171939116444616
63083.1417 lsst_hardware_i 268.28321904869546 106.1790268388231 31.290000915527344 AB 2.594810791204349 1.2663791074691797
63085.2185 lsst_hardware_z 288.8227367852504 55.87293326942054 30.969999313354492 AB 3.472502396969482 1.0934719419448353
63085.2414 lsst_hardware_r 154.57319961282522 61.877713436862976 31.6299991607666 AB 3.458959104652282 1.0999445955010436
63094.2167 lsst_hardware_g -43.64740981153639 15.819999694824219 31.459999084472656 AB 4.920183614312718 1.0998510370655454
63094.2398 lsst_hardware_r 13.096771955828256 25.030000686645508 31.510000228881836 AB 5.03593698387493 1.1287542270256483
63099.1826 lsst_hardware_r 13.970504690728337 24.8799991607666 31.510000228881836 AB 1.900630697079087 1.0931541585961007
63099.2028 lsst_hardware_i 19.22447219265032 32.15999984741211 31.25 AB 1.9256995813530553 1.0996666496733922
63100.1354 lsst_hardware_z -97.43092034358779 61.20000076293945 31.690000534057617 AB 2.297476738259614 1.1389622762585874
63100.1574 lsst_hardware_r 3.6206614596762945 35.31999969482422 32.27000045776367 AB 2.2234145116226447 1.1055804972225474
63102.1479 lsst_hardware_z -21.484267122848042 43.040000915527344 30.950000762939453 AB 3.0543614799584744 1.110071408307641
63102.1652 lsst_hardware_r -31.85112895066314 24.850000381469727 31.510000228881836 AB 2.988847095361794 1.0957188508337616
63108.1135 lsst_hardware_z -0.17487888795031367 81.05000305175781 30.979999542236328 AB 3.5715847101119995 1.1390797991108275
63108.1309 lsst_hardware_i -48.15388553263265 92.12000274658203 31.31999969482422 AB 4.578715988362279 1.1108220661979127
63110.1192 lsst_hardware_z -288.5247040559436 109.4800033569336 30.989999771118164 AB 1.2335178088057717 1.1193446540887222
63110.1361 lsst_hardware_r -41.30834009797751 166.44000244140625 31.649999618530273 AB 1.4302624262349994 1.100201866334615
63113.134 lsst_hardware_y 75.7571640160113 73.58000183105469 30.790000915527344 AB 1.5348098137468267 1.0962927241048763
63115.1276 lsst_hardware_r 4.7378307074403665 24.420000076293945 31.5 AB 0.7205943887193569 1.0967951122060227
63115.1451 lsst_hardware_i 14.693404949013637 38.0099983215332 31.270000457763672 AB 0.7194412477535705 1.093375756464393
63118.0927 lsst_hardware_i -10.431028790457637 32.040000915527344 31.239999771118164 AB 2.8558434760546594 1.1268618214078623
63118.114 lsst_hardware_z 25.652923910788598 42.400001525878906 30.940000534057617 AB 2.825463719741622 1.1004012929020985
63123.0945 lsst_hardware_g 1.272337530745465 15.3100004196167 31.440000534057617 AB 1.4009043516493351 1.1056861496837689
63123.1113 lsst_hardware_i -58.925035502468525 31.93000030517578 31.25 AB 1.3438708644603212 1.0943573814826228
63125.0909 lsst_hardware_z 4.95125861565282 42.54999923706055 30.950000762939453 AB 3.9738466241548798 1.1038462844874666
63125.1073 lsst_hardware_r -50.06118695058312 24.329999923706055 31.510000228881836 AB 3.9381289633245804 1.0939247120346056
63135.0606 lsst_hardware_r 113.72808467488436 70.9800033569336 31.6299991607666 AB 3.2888195233642783 1.1068807819484319
63135.0804 lsst_hardware_z -60.36447869556542 59.54999923706055 30.969999313354492 AB 3.2273177047046047 1.0938206082711153
63136.0635 lsst_hardware_z 156.93103164310594 77.12000274658203 30.989999771118164 AB 3.084183293275974 1.101494033312848
63136.0816 lsst_hardware_i -73.78391672710357 86.48999786376953 31.329999923706055 AB 3.0608323365165995 1.0931544058987857
63144.0186 lsst_hardware_i 21.917952438737693 32.08000183105469 31.239999771118164 AB 3.0658101118941556 1.1324444036916264
63144.0316 lsst_hardware_z 37.48607330860627 42.54999923706055 30.940000534057617 AB 3.0276266723051966 1.1120759126924504
63146.0358 lsst_hardware_r 13.48051670488171 24.31999969482422 31.5 AB 4.287761069282637 1.1018273337485311
63146.0543 lsst_hardware_u -4.608950849630759 2.809999942779541 28.459999084472656 AB 4.807962785602554 1.0931535919064523
63148.0362 lsst_hardware_g -12.975512842344305 15.329999923706055 31.450000762939453 AB 4.2645195586063425 1.0975471776106918
63148.0542 lsst_hardware_i -0.6124483931479938 31.889999389648438 31.25 AB 3.813293272577844 1.0932606859447045
63150.0303 lsst_hardware_z -27.35862655130325 42.68000030517578 30.940000534057617 AB 3.725627520247208 1.0978177547138417
63150.0489 lsst_hardware_r -7.506558451756624 24.34000015258789 31.5 AB 3.5189097478781144 1.09328181893451
63152.0314 lsst_hardware_u 1.2705465991698728 2.75 28.40999984741211 AB 6.1713563343517315 1.0946002721446846
63152.0506 lsst_hardware_g 35.095212803283445 15.1899995803833 31.43000030517578 AB 5.2834570553969415 1.0953007629742297
63154.0291 lsst_hardware_r -11.423300205469502 24.3700008392334 31.5 AB 7.392374829304754 1.0936813950396231
63154.0466 lsst_hardware_i -47.62422277532857 31.84000015258789 31.239999771118164 AB 6.4812056796556545 1.095970747926665
63160.0059 lsst_hardware_y 18.161893925768933 50.43000030517578 30.030000686645508 AB 3.6654200054149797 1.09617305649653
63160.0239 lsst_hardware_i -19.666443317837434 32.959999084472656 31.260000228881836 AB 3.6690068578426054 1.0937023622344135
63162.0002 lsst_hardware_y -1.6083401746422565 63.220001220703125 30.049999237060547 AB 4.3026834827052385 1.0962949188369293
63162.0176 lsst_hardware_r -46.78959347898938 40.060001373291016 31.59000015258789 AB 4.3248869689075145 1.0935238859437457
63164.0093 lsst_hardware_y 17.186485910507116 89.20999908447266 30.799999237060547 AB 3.9517662038989494 1.093132810372914
