data/validation/pwv_sim_epoch_fit_seasonal/34257211.ecsv
# %ECSV 0.9
# ---
# datatype:
# - {name: time, datatype: float64}
# - {name: band, datatype: string}
# - {name: flux, datatype: float64}
# - {name: fluxerr, datatype: float64}
# - {name: zp, datatype: float64}
# - {name: zpsys, datatype: string}
# - {name: pwv, datatype: float64}
# - {name: airmass, datatype: float64}
# meta: {SNID: '34257211', alt: 1024.0, c: -0.09340231865644455, dec: -18.839405, lat: -30.244573, lon: -70.7499537, ra: 187.558594, t0: 62162.875,
#   x0: 4.35746060428731e-06, x1: -1.0575203895568848, z: 0.6486653685569763}
# schema: astropy-2.0
time band flux fluxerr zp zpsys pwv airmass
62160.3647 lsst_hardware_g 377.8864907262801 26.337104442755194 31.520000457763672 AB 7.175774186681766 1.0210991372012577
62162.3257 lsst_hardware_z 861.4467787060747 50.87499725364315 30.950000762939453 AB 12.80862335759523 1.0516111131030568
62162.3441 lsst_hardware_y 439.31171045285834 49.92759718895364 30.049999237060547 AB 14.410947020767669 1.0299050934977778
62163.3631 lsst_hardware_u 8.723357373898716 3.6559839869782484 28.68000030517578 AB 11.166355180325224 1.0197119017693461
62165.3544 lsst_hardware_r 1674.771053042833 73.16595358007123 31.649999618530273 AB 11.757913710567928 1.0202094325872388
62165.3724 lsst_hardware_y 381.61796807141553 56.93444864962746 30.06999969482422 AB 11.805366229619342 1.0219253003096995
62167.3479 lsst_hardware_r 1596.3475233712509 101.06547630077301 31.670000076293945 AB 11.822693839594232 1.0204439766606543
62167.3664 lsst_hardware_y 442.52478768481177 58.00692850799547 30.06999969482422 AB 11.891047335953278 1.0217139340644374
62169.3577 lsst_hardware_z 1855.680991469246 106.98369875584137 31.75 AB 10.02666779337215 1.020655838490608
62171.3356 lsst_hardware_r 2569.1632478358965 112.26811635367312 32.40999984741211 AB 8.477839729138855 1.0208115266873998
62171.3536 lsst_hardware_i 1181.3949291327083 71.79482931667556 31.34000015258789 AB 8.571085731513069 1.0210561567144187
62179.3265 lsst_hardware_u -2.255544164299984 2.964150497896914 28.520000457763672 AB 6.205374897183958 1.0198520682901908
62179.3434 lsst_hardware_g 92.21960738074624 17.639908895337424 31.459999084472656 AB 6.322808626602069 1.0270691111788293
62181.148 lsst_hardware_g 70.46393560247571 16.583962543682897 31.219999313354492 AB 3.445824675731766 1.7844767870181475
62183.279 lsst_hardware_i 591.6793954879467 39.62876613808737 31.260000228881836 AB 4.706116062620672 1.0375416636312338
62183.2975 lsst_hardware_z 585.8950383835107 47.77679141268027 30.950000762939453 AB 5.309919987204551 1.0228431977406662
62185.3129 lsst_hardware_r 398.0041809032126 30.5762863282323 31.520000457763672 AB 5.0503219459018736 1.0203701274677994
62185.3308 lsst_hardware_u 0.5886138985224008 2.95761068864344 28.549999237060547 AB 5.059259128697776 1.030031888572866
62187.2737 lsst_hardware_g 0.14371695465429182 15.199541426115108 31.459999084472656 AB 2.8252267300267064 1.031795019791846
62187.29 lsst_hardware_i 509.77047294623935 37.70023559795737 31.260000228881836 AB 2.759896582731678 1.0214273067104656
62189.2964 lsst_hardware_z 517.2641687167113 46.171014599467746 30.950000762939453 AB 11.333776900079938 1.0195913008348272
62189.316 lsst_hardware_r 248.41101701501327 28.390162146083338 31.510000228881836 AB 11.467959387593984 1.0269967660049169
62191.2998 lsst_hardware_y 85.90790352691933 48.50583243528674 30.059999465942383 AB 10.132665013719633 1.0213178907439977
62191.3165 lsst_hardware_g 57.80737853263182 16.99831163983659 31.469999313354492 AB 10.23407266635306 1.031877259137392
62193.2974 lsst_hardware_r 214.65699932027633 52.614066510214386 31.6299991607666 AB 6.689066236715082 1.02253241835135
62193.3144 lsst_hardware_i 345.03888299604 47.89352479487596 31.299999237060547 AB 6.752170905862576 1.0351856458292992
62195.2803 lsst_hardware_i 324.9462842547587 86.15608430157684 31.34000015258789 AB 5.553613438934685 1.0196040706712803
62195.2978 lsst_hardware_z 409.393589512358 74.56006187708918 31.0 AB 5.353667002821342 1.0257540839816721
62197.2773 lsst_hardware_r 108.81129267672218 129.22418521324207 31.670000076293945 AB 3.5510853624421337 1.0198407129357077
62197.2962 lsst_hardware_z 358.5728644852827 89.95394565636101 31.0 AB 3.4982744662654275 1.0285261201809415
62198.2326 lsst_hardware_z 425.7623569728184 82.66658629190887 30.989999771118164 AB 5.450084623425131 1.0442108743310379
62198.2496 lsst_hardware_i 392.16730254534974 93.1588285322052 31.34000015258789 AB 5.353408795212981 1.026950772001531
62201.2628 lsst_hardware_z 228.2897681690058 49.618230186404105 30.959999084472656 AB 7.925826813829539 1.0195628639754994
62201.2808 lsst_hardware_r 85.2055235654237 45.909950990896654 31.6200008392334 AB 7.993768569366061 1.0253569937083016
62203.2642 lsst_hardware_y 171.5163942453235 48.14919037723639 30.049999237060547 AB 10.102688491097037 1.0204735849592967
62203.2827 lsst_hardware_g -2.308175707224734 22.459354029834703 31.579999923706055 AB 10.206257424339842 1.0309350933676609
62205.2613 lsst_hardware_r 92.81691436189881 25.709274596608065 31.530000686645508 AB 9.673005315387279 1.0212210003576179
62205.2809 lsst_hardware_i 217.73696903891724 33.758625809914676 31.260000228881836 AB 9.759000389399132 1.0344224913903206
62209.2433 lsst_hardware_r 105.95412575057033 25.428490299543526 31.510000228881836 AB 11.494584421117116 1.0196938963517914
62209.2623 lsst_hardware_u 6.756542324892673 4.020971265631017 28.440000534057617 AB 11.17966766262118 1.027653179350225
62212.2424 lsst_hardware_z 185.6791416079748 43.26188548341417 30.950000762939453 AB 8.445828383545292 1.021291862939655
62212.26 lsst_hardware_r 133.3204651141677 25.46402796188004 31.520000457763672 AB 8.1579962355526 1.0326577513357722
62215.2263 lsst_hardware_u 3.8182879296259644 4.496837799508509 28.6200008392334 AB 5.027845727581745 1.0196401800003538
62215.2472 lsst_hardware_g 31.417325214659048 16.938800456451595 31.479999542236328 AB 5.052150684953779 1.0286370121050308
62217.2242 lsst_hardware_r 81.858772312963 25.531329709417 31.540000915527344 AB 5.946234313784378 1.0200830845662978
62217.2445 lsst_hardware_i 81.27182423405493 33.04023646980746 31.270000457763672 AB 5.991560961562763 1.0309539939597987
62221.2228 lsst_hardware_z 66.9113331509928 50.19838119826945 30.969999313354492 AB 6.679750272756636 1.0234158966469573
62221.2409 lsst_hardware_r 124.74416997826621 46.853376068046515 31.6299991607666 AB 6.773176410841256 1.0384192987197736
62223.2014 lsst_hardware_i -79.21295603921706 78.03965466810499 31.350000381469727 AB 7.347676074070706 1.019566522766518
62223.2201 lsst_hardware_z 82.6609275272656 68.25646990914649 31.0 AB 7.812939318858304 1.0249614289214148
62225.2047 lsst_hardware_r 30.289625364826996 158.0894564754048 31.670000076293945 AB 6.93662086825287 1.0206166215335644
62225.2238 lsst_hardware_z 276.24168054321194 106.27123676277321 31.010000228881836 AB 6.734085721197606 1.0319910688390284
62227.1993 lsst_hardware_y 81.18015225206283 58.438848901396454 30.06999969482422 AB 5.465743409345096 1.0206327266411646
62227.2176 lsst_hardware_r 83.46168115807788 102.17057646580659 31.65999984741211 AB 4.369332602218317 1.0313137534740322
62231.2017 lsst_hardware_r 33.29795253539895 34.45257298102559 31.579999923706055 AB 7.575852549394117 1.02725745884347
62231.2189 lsst_hardware_g 125.70006816138547 31.62589373820239 31.649999618530273 AB 7.428238253387908 1.0450532151643241
62233.181 lsst_hardware_u 3.995932014603807 2.9253115178794165 28.469999313354492 AB 10.396107805831841 1.020176419786256
62233.1995 lsst_hardware_r 106.00588007485653 25.17701954355726 31.510000228881836 AB 10.397008198076016 1.0298145996509525
62235.1818 lsst_hardware_i 70.79213727812325 32.5133225056286 31.270000457763672 AB 8.128696179406655 1.0221239419580215
62235.1988 lsst_hardware_z 145.2483814104395 42.79141520783757 30.950000762939453 AB 8.24483960703352 1.0342247374603009
62237.1842 lsst_hardware_u -2.502456073870868 2.7574232167264903 28.440000534057617 AB 3.361846894251998 1.026465898199175
62237.2019 lsst_hardware_g 39.59573466316719 16.15487904836236 31.459999084472656 AB 3.4400270016387444 1.0442255393014503
62241.1167 lsst_hardware_g 51.80281536225282 15.771311407105872 31.469999313354492 AB 10.813891489529542 1.0422525651322334
62241.1337 lsst_hardware_r 70.97920798803332 24.817641118270075 31.520000457763672 AB 10.834161050684743 1.0259136452520945
62243.1734 lsst_hardware_i 80.3736144486881 32.38255007251407 31.270000457763672 AB 14.076810464540065 1.0308528039647076
62243.1903 lsst_hardware_z 96.0689420956366 42.91822596883022 30.950000762939453 AB 14.345028409052244 1.0510076618796982
62245.1661 lsst_hardware_r 9.348928380570452 24.87126798609079 31.530000686645508 AB 9.68403733588023 1.0292860005187043
62245.1832 lsst_hardware_g -14.775151560039912 15.373160388816533 31.469999313354492 AB 9.449838027487974 1.0485838911992869
62255.1273 lsst_hardware_i 191.7357994146283 91.61000061035156 31.34000015258789 AB 8.468150399641294 1.022167952156593
62255.1445 lsst_hardware_z 36.69177686603931 77.94999694824219 30.989999771118164 AB 8.587691091393756 1.034536934272285
62260.1306 lsst_hardware_r 0.5352602506576926 23.479999542236328 31.510000228881836 AB 10.422051160612428 1.0342842227222284
62260.1474 lsst_hardware_i -16.016015246376952 34.709999084472656 31.270000457763672 AB 10.660259312051231 1.0565609064184578
62262.1089 lsst_hardware_z 38.1801260392945 41.209999084472656 30.959999084472656 AB 3.7218144546780803 1.0224764985380068
62262.1269 lsst_hardware_i 6.890942097182727 31.040000915527344 31.260000228881836 AB 3.688952355913177 1.0361255563841898
62265.1059 lsst_hardware_r -49.88102535690657 23.5 31.520000457763672 AB 8.73993003959054 1.025251822897196
62265.1235 lsst_hardware_i 25.139537743572454 31.1200008392334 31.260000228881836 AB 8.958705861194126 1.041709983859782
62267.1036 lsst_hardware_z 69.07385284774054 41.290000915527344 30.959999084472656 AB 8.10771000641056 1.027397833923913
62267.1233 lsst_hardware_u 0.8401261039382248 2.8299999237060547 28.520000457763672 AB 8.259006556219838 1.048829329636188
62269.0449 lsst_hardware_r 3.991854412982313 23.420000076293945 31.510000228881836 AB 7.614441993629515 1.0367425418227827
62269.0636 lsst_hardware_g 40.13619754949701 14.670000076293945 31.459999084472656 AB 7.5552397551095085 1.0224175591915525
62271.0465 lsst_hardware_r -48.806561084567846 23.329999923706055 31.510000228881836 AB 6.694264885955673 1.029886905531642
62271.0674 lsst_hardware_i -40.95937745054656 30.639999389648438 31.260000228881836 AB 6.628637749426165 1.0197904229886408
62276.0503 lsst_hardware_z 37.02753245459929 42.04999923706055 30.950000762939453 AB 7.410862286787685 1.0204285420706662
62276.0711 lsst_hardware_i -21.436984570377835 32.91999816894531 31.270000457763672 AB 7.176583383274583 1.0226695238011518
62281.0294 lsst_hardware_r -123.4825579743418 105.4800033569336 31.670000076293945 AB 4.818729183862305 1.023084752412379
62281.0461 lsst_hardware_i 4.170825817791791 88.41000366210938 31.34000015258789 AB 4.9926465784078955 1.019635776249953
62284.0405 lsst_hardware_z 56.23982913583654 129.77999877929688 32.5 AB 7.222992821797046 1.0199446212866718
62287.0113 lsst_hardware_r -18.98598527519832 23.68000030517578 31.510000228881836 AB 9.08471906050556 1.0239764495610415
62287.033 lsst_hardware_i 60.661136581352004 31.020000457763672 31.260000228881836 AB 9.058944416726598 1.0200652441208904
62290.0113 lsst_hardware_z 2.571491381315035 41.33000183105469 30.959999084472656 AB 9.131205961317063 1.0206265977627118
62290.0341 lsst_hardware_i -1.5547473473920312 31.079999923706055 31.260000228881836 AB 9.141976572711568 1.0232601331269362
62304.9823 lsst_hardware_z -7.309071246225994 60.63999938964844 31.709999084472656 AB 6.845525389806246 1.0198175627271875
62308.9512 lsst_hardware_y -164.59287926295164 78.2699966430664 30.079999923706055 AB 4.5274111557825165 1.0239922698543087
62308.9753 lsst_hardware_i -10.18346652078703 68.4000015258789 31.34000015258789 AB 5.131082245504519 1.0206031318755882
62310.9529 lsst_hardware_y -218.82555430833665 104.80999755859375 30.829999923706055 AB 4.5193238290806255 1.020931587894815
62310.976 lsst_hardware_i 39.781621551197944 92.72000122070312 32.08000183105469 AB 4.788830739475318 1.0228901543913105
62312.9532 lsst_hardware_y -3.0945115713978257 72.05000305175781 30.079999923706055 AB 5.070114868031228 1.019733481100408
62312.9794 lsst_hardware_g -25.442955851587996 87.83000183105469 31.739999771118164 AB 6.597598847986686 1.028464356661993
62526.3633 lsst_hardware_r 74.24157401693674 69.41999816894531 31.649999618530273 AB 9.734969398812533 1.020882922186056
62528.3218 lsst_hardware_r -1.1988387636816293 35.619998931884766 31.59000015258789 AB 12.48501244875407 1.05450709046601
62528.3396 lsst_hardware_y 96.60223863126392 47.880001068115234 30.049999237060547 AB 11.327576225889386 1.0320783769203576
62530.357 lsst_hardware_g -12.819121965270892 16.920000076293945 31.5 AB 11.842216490938396 1.0198550157259993
62530.3752 lsst_hardware_y -46.66391642190572 54.619998931884766 30.059999465942383 AB 12.095636011102538 1.0228218938420428
62532.3532 lsst_hardware_z -18.52511988718419 41.20000076293945 30.950000762939453 AB 11.79918375526705 1.0196615660608137
62532.3723 lsst_hardware_y 11.225075389207113 49.88999938964844 30.059999465942383 AB 11.880892211726069 1.024141272471179
62534.3556 lsst_hardware_u 0.3532397321211538 2.809999942779541 28.489999771118164 AB 10.067746145125254 1.0200092343279261
62534.3752 lsst_hardware_y -119.9775241321753 50.72999954223633 30.049999237060547 AB 9.889336496137402 1.0300319233556465
62536.3356 lsst_hardware_g -2.6987540539987185 14.770000457763672 31.450000762939453 AB 8.479430667437489 1.0210030906005405
62536.3534 lsst_hardware_r 50.82732339757576 23.5 31.510000228881836 AB 8.482217741136735 1.0207651018255992
62538.3377 lsst_hardware_i -33.526544449401996 30.75 31.25 AB 4.426319741937721 1.0195956791103151
62538.3561 lsst_hardware_z 16.20529464003554 41.22999954223633 30.950000762939453 AB 4.416615421477914 1.0242416669771799
62540.3351 lsst_hardware_r -39.25768818651491 23.59000015258789 31.510000228881836 AB 8.25304581142552 1.0195658637076495
62540.3533 lsst_hardware_u -2.1502805463681276 2.75 28.450000762939453 AB 8.462988247506594 1.0258685688174238
62544.3251 lsst_hardware_r -0.8264012383459173 23.670000076293945 31.520000457763672 AB 6.20945033296241 1.0196141761843038
62544.3419 lsst_hardware_u 2.795931581441511 2.8399999141693115 28.530000686645508 AB 6.3481935406240435 1.025556307047503
62545.3196 lsst_hardware_g 4.0519710383720815 14.760000228881836 31.450000762939453 AB 5.811448114733989 1.0195523008305243
62545.3372 lsst_hardware_r -13.836238496098053 23.549999237060547 31.510000228881836 AB 5.729929945298471 1.0243602786422437
62547.3053 lsst_hardware_r 22.76497461450167 40.310001373291016 31.6200008392334 AB 4.117955956843099 1.0210862998681265
62547.322 lsst_hardware_i 3.4823980892501067 30.93000030517578 31.260000228881836 AB 4.098612836425437 1.0204015360395278
62549.3141 lsst_hardware_z 2.7434377519688553 61.83000183105469 30.989999771118164 AB 5.012198490800813 1.0199142286103533
62549.3315 lsst_hardware_r -93.95581407596084 84.18000030517578 31.65999984741211 AB 5.071792706892519 1.0278230229795358
62551.3099 lsst_hardware_z -6.007260235473024 77.45999908447266 31.0 AB 2.6034829743568864 1.0201402675031064
62551.3261 lsst_hardware_r -25.2772030380717 113.5999984741211 31.670000076293945 AB 2.580377568649876 1.0278682431136437
62555.2993 lsst_hardware_r -36.03211633154648 63.099998474121094 31.639999389648438 AB 11.225834166573609 1.0202057678532694
62555.3172 lsst_hardware_z 99.94256024970718 54.77000045776367 30.969999313354492 AB 11.40547448183428 1.0294678654963698
62558.2783 lsst_hardware_y 45.196837749405056 47.08000183105469 30.059999465942383 AB 6.627015709388 1.0202602926763231
62558.2964 lsst_hardware_g 3.453667890715453 20.420000076293945 31.56999969482422 AB 6.756138782502536 1.0217995738812062
62560.2775 lsst_hardware_r -23.235175083884464 23.43000030517578 31.510000228881836 AB 5.605757558946212 1.0195994105031305
62560.2962 lsst_hardware_i -30.13961692283318 31.100000381469727 31.260000228881836 AB 5.368257688649442 1.0243300460142999
62562.2771 lsst_hardware_z 26.727152892109142 41.279998779296875 30.950000762939453 AB 3.5169841928663836 1.019711276563173
62562.2945 lsst_hardware_r 13.108003862325246 23.65999984741211 31.510000228881836 AB 3.478879301137369 1.0267228631000598
