data/validation/pwv_sim_epoch_fit_seasonal/34486480.ecsv
# %ECSV 0.9
# ---
# datatype:
# - {name: time, datatype: float64}
# - {name: band, datatype: string}
# - {name: flux, datatype: float64}
# - {name: fluxerr, datatype: float64}
# - {name: zp, datatype: float64}
# - {name: zpsys, datatype: string}
# - {name: pwv, datatype: float64}
# - {name: airmass, datatype: float64}
# meta: {SNID: '34486480', alt: 1024.0, c: -0.026635028421878815, dec: -23.155577, lat: -30.244573, lon: -70.7499537, ra: 60.117188, t0: 62786.68359375,
#   x0: 5.960447707725654e-06, x1: 0.9970299601554871, z: 0.5704050660133362}
# schema: astropy-2.0
time band flux fluxerr zp zpsys pwv airmass
62716.365 lsst_hardware_z 58.074701647829066 45.130001068115234 30.90999984741211 AB 3.013249979275205 1.3677939079778505
62716.3839 lsst_hardware_r -6.576282952058017 23.280000686645508 31.450000762939453 AB 3.3714341642645644 1.2542537813484245
62722.3543 lsst_hardware_r 6.699010117056568 23.520000457763672 31.440000534057617 AB 6.556628261011076 1.3300797770587434
62722.3719 lsst_hardware_z -59.89228509601779 43.56999969482422 30.93000030517578 AB 6.05175891497534 1.232370129305323
62731.3411 lsst_hardware_z -15.79660023634055 53.61000061035156 30.950000762939453 AB 5.288887729085135 1.2639486338004426
62731.359 lsst_hardware_r -91.92163515808234 56.380001068115234 31.610000610351562 AB 4.722482399010454 1.1808420076293802
62736.319 lsst_hardware_r -32.23403737505652 35.040000915527344 32.20000076293945 AB 2.6465517276504413 1.3119602070395049
62736.3389 lsst_hardware_z -26.277391630190913 62.41999816894531 31.68000030517578 AB 2.448534054376035 1.208158250514491
62738.3344 lsst_hardware_g 8.105641869607561 13.550000190734863 31.3700008392334 AB 2.3885686149864993 1.203915632553679
62738.3518 lsst_hardware_r 38.31091166426842 22.510000228881836 31.479999542236328 AB 2.221759979012918 1.137177212546599
62740.3425 lsst_hardware_i 9.857867866838655 31.0 31.239999771118164 AB 3.106722651905434 1.1503539812041843
62740.3627 lsst_hardware_z -14.644378333012769 41.58000183105469 30.950000762939453 AB 2.959973204081667 1.0896275369340847
62746.3079 lsst_hardware_r 22.527944897273375 23.010000228881836 31.459999084472656 AB 3.2087744921917944 1.2251127555297974
62746.3237 lsst_hardware_y -6.504469096032518 48.5099983215332 30.010000228881836 AB 3.0189389748441204 1.1590871124021578
62751.3234 lsst_hardware_g -9.7653897125039 13.289999961853027 31.3799991607666 AB 2.0812962616534665 1.1149303664944241
62751.3396 lsst_hardware_r -21.499722819547653 22.059999465942383 31.479999542236328 AB 2.5233005903322816 1.0732882136676842
62754.378 lsst_hardware_z -46.22359140828071 49.540000915527344 30.969999313354492 AB 2.314982410656329 1.0118667198905786
62754.3961 lsst_hardware_y -29.62922331227161 49.08000183105469 30.059999465942383 AB 2.314850357067926 1.007990575688189
62756.3728 lsst_hardware_z -10.341683309224912 58.699026079447655 30.989999771118164 AB 3.3037396644526913 1.0117360207587673
62756.392 lsst_hardware_y 23.41876280776367 52.39090672599717 30.059999465942383 AB 3.1019988290642093 1.0081244163354597
62758.33 lsst_hardware_i 59.715834862738205 62.71132597206715 31.31999969482422 AB 1.6873906431749541 1.0541799103548954
62758.3537 lsst_hardware_y 70.84284214561069 51.87080748323722 30.059999465942383 AB 1.4927369156148158 1.021606192960978
62759.3727 lsst_hardware_r -57.242673556785626 69.44314637235757 31.65999984741211 AB 1.329387656854866 1.0087676667673195
62759.3913 lsst_hardware_y -36.790403621329794 51.65153853693652 30.06999969482422 AB 1.2021494787361149 1.0099267533487384
62764.2397 lsst_hardware_g 65.35163148854124 15.878681226822215 31.31999969482422 AB 7.718818052274914 1.3296844189965873
62764.2579 lsst_hardware_r 295.8371936074653 31.55842468717951 31.5 AB 8.481401557973363 1.2291886315903424
62765.2518 lsst_hardware_i 302.96944244098734 36.65945108947051 31.219999313354492 AB 4.762288582623482 1.245721264119494
62765.2681 lsst_hardware_z 293.26013060916546 45.67001495681978 30.940000534057617 AB 4.438201318291595 1.1732220689391313
62766.3396 lsst_hardware_u -8.398343065568449 3.2851364630754962 28.540000915527344 AB 1.5601781772387548 1.015245275574472
62766.3597 lsst_hardware_r 536.1620270802523 32.92126963277449 31.510000228881836 AB 1.5234768889939676 1.007923843198333
62771.1961 lsst_hardware_i 751.2353873543229 44.13640473162248 31.170000076293945 AB 6.073816259992608 1.5197838758895552
62771.216 lsst_hardware_u -3.7143094760752984 3.1697607306549114 28.1299991607666 AB 4.5482800344720165 1.3598604846936466
62777.3257 lsst_hardware_r 1896.6878625630638 48.24502346732847 31.5 AB 3.273726856485679 1.0083347607245419
62777.3463 lsst_hardware_i 1570.2205344057072 48.49698048380636 31.260000228881836 AB 2.9339331155542467 1.0117010743290507
62781.1828 lsst_hardware_i 1592.3982006188864 62.32968297315836 31.239999771118164 AB 6.267568208549438 1.4020098518518644
62783.1811 lsst_hardware_z 1088.0543844036672 68.9898906589928 30.940000534057617 AB 4.523168325986105 1.3746839203685863
62784.3302 lsst_hardware_z 2546.7506353702775 96.57875314583518 31.739999771118164 AB 2.8286600754099673 1.0133421173514305
62785.2091 lsst_hardware_r 7452.782622538107 189.0832986937538 32.81999969482422 AB 4.287597692546595 1.1909993590407209
62785.2506 lsst_hardware_z 1335.5578426746795 73.96272281551191 30.989999771118164 AB 4.498962281900831 1.0651582792307384
62786.2959 lsst_hardware_r 2566.300984042437 109.334647246801 31.670000076293945 AB 5.329684780010861 1.0096490229715105
62786.3143 lsst_hardware_z 1246.051970473423 74.43168616509455 30.989999771118164 AB 5.331679393902533 1.0089119723540432
62791.1899 lsst_hardware_r 2062.984311328271 61.4229019416651 31.579999923706055 AB 7.875514028010331 1.2030573271737184
62791.2094 lsst_hardware_i 1597.5512949494293 60.89362702945664 31.290000915527344 AB 5.8924340900116565 1.1296844497722407
62796.2053 lsst_hardware_z 1145.7596171676537 54.093696087100255 30.950000762939453 AB 3.0184798684776464 1.101433996890469
62796.2242 lsst_hardware_r 1618.2360771264202 45.86062639005005 31.489999771118164 AB 2.6758452732625853 1.057994836215849
62800.2769 lsst_hardware_i 1404.6259671825096 47.08578870242893 31.260000228881836 AB 1.412783975802755 1.0091314112876821
62800.2948 lsst_hardware_z 1169.3277609129968 52.38426606465791 30.959999084472656 AB 1.4101731138491296 1.0194022509752745
62801.1854 lsst_hardware_g 211.1556814548128 19.532134674514648 31.40999984741211 AB 2.7024072580473453 1.1193954814141576
62801.2053 lsst_hardware_r 1365.5587729576532 42.590121711611474 31.5 AB 2.529273987734093 1.0685191991837968
62803.1867 lsst_hardware_i 1268.1034358913068 45.995886122682755 31.25 AB 2.3706004206891538 1.1000465989273644
62803.2063 lsst_hardware_z 1003.4949677072739 51.95917641726906 30.959999084472656 AB 2.168454929282901 1.0557229451228067
62804.2063 lsst_hardware_u 1.7217964225062925 2.9846362038584355 28.6299991607666 AB 5.3970005051346455 1.0508178553610223
62804.2229 lsst_hardware_g 147.9996717429221 18.864329499015874 31.459999084472656 AB 5.231723198802364 1.0270363562627334
62808.2465 lsst_hardware_g 137.695126015456 17.949534281164663 31.450000762939453 AB 4.581139233304466 1.0078959866463817
62808.2654 lsst_hardware_r 847.230906115272 36.697010881804836 31.510000228881836 AB 5.389079900803608 1.0137789435592304
62813.1323 lsst_hardware_z 1370.0148925786534 99.64735216158003 31.729999542236328 AB 7.060468505803445 1.1924788468633545
62817.131 lsst_hardware_r 495.6234417209284 94.58506968106023 31.6299991607666 AB 4.969229429125926 1.1549185224182608
62817.1501 lsst_hardware_i 601.2579662926591 77.5306451477889 31.31999969482422 AB 4.663408988991901 1.095725796285691
62820.1912 lsst_hardware_z 699.4067537521013 54.02076357254978 30.969999313354492 AB 3.9561880868573236 1.0159267503161837
62820.2093 lsst_hardware_i 441.98501560323285 51.11225845662693 31.309999465942383 AB 7.4796791941745875 1.008178891248765
62821.2312 lsst_hardware_r 300.45537923400735 46.113725906026765 31.6200008392334 AB 7.5638774946516305 1.01460462704901
62821.252 lsst_hardware_z 675.1997498764629 51.91154534996354 30.950000762939453 AB 6.059640100600484 1.0357031321797179
62828.2181 lsst_hardware_i 388.65084266461463 35.42111751442002 31.25 AB 6.271182907294165 1.0191797568667549
62828.2378 lsst_hardware_z 564.5162228200094 47.09504791667479 30.950000762939453 AB 6.411348828050069 1.0429196954941145
62829.1082 lsst_hardware_i 263.7409615460157 35.891408269464044 31.239999771118164 AB 8.90765514549319 1.1216825653323612
62829.1249 lsst_hardware_z 521.7651417925692 47.25536721434805 30.950000762939453 AB 8.568379541999931 1.0771964390897957
62831.1037 lsst_hardware_r 211.16248672092306 26.51248022661436 31.479999542236328 AB 4.02426366997836 1.1187574201260355
62831.1195 lsst_hardware_u -2.478741484888857 2.939772816887817 28.420000076293945 AB 3.889972541817423 1.0770574642780129
62839.1769 lsst_hardware_y 165.21707952309063 49.87195538032275 30.059999465942383 AB 3.6820035849797605 1.0116320867239932
62839.196 lsst_hardware_r 211.42275642020337 45.32405495481012 31.6200008392334 AB 3.780211727576426 1.0270918971812748
62840.027 lsst_hardware_y 149.69963793590316 78.90694972552924 29.969999313354492 AB 2.9685905089501947 1.364033010698512
62840.0467 lsst_hardware_r 164.1378858984459 61.92875693270756 31.600000381469727 AB 1.932191762042179 1.2473800916987763
62841.1791 lsst_hardware_i 248.85451938989237 57.49601989421327 31.329999923706055 AB 5.285089052110881 1.0163632792520925
62841.1987 lsst_hardware_z 429.2652830077214 58.185340838180736 30.979999542236328 AB 5.395175348147051 1.0375337207975097
62844.0303 lsst_hardware_y 134.01439261794903 77.19172494020641 29.989999771118164 AB 6.38965205568654 1.2763137470577013
62844.051 lsst_hardware_z 302.7436626137323 74.49175802908465 30.979999542236328 AB 6.337486986745401 1.1787749370845186
62845.1719 lsst_hardware_z 406.91307695094287 71.47100498726728 31.0 AB 9.951717958288215 1.0193647184807648
62845.1924 lsst_hardware_r 179.25434244367815 103.42174363893037 31.65999984741211 AB 10.162598299485467 1.0445228781600953
62850.1459 lsst_hardware_i 186.9312641207142 39.81172786164064 31.290000915527344 AB 7.965304489274936 1.0111709229097618
62850.1643 lsst_hardware_z 268.5061582037388 47.95403462202527 30.959999084472656 AB 8.073312581198532 1.0252493142955756
62859.0953 lsst_hardware_z 244.38976543605696 42.985780367823565 30.950000762939453 AB 6.210249887876444 1.0100978429141116
62859.1158 lsst_hardware_r 136.23132424895363 23.97238239530466 31.489999771118164 AB 6.247297435336373 1.009120597981343
62867.0707 lsst_hardware_r -7.103082734331815 35.529998779296875 31.600000381469727 AB 6.970251028808502 1.011259985841202
62867.0946 lsst_hardware_z -36.421654619838215 43.5 30.959999084472656 AB 6.99275112913237 1.0093076880189151
62869.0749 lsst_hardware_y 26.185777675840622 49.41999816894531 30.059999465942383 AB 6.7382878294042605 1.0082603333397921
62869.0971 lsst_hardware_r -10.783999680649124 53.34000015258789 31.639999389648438 AB 4.313516781650146 1.0127409242590002
62882.0341 lsst_hardware_y 180.76428639756514 76.5 30.079999923706055 AB 2.8154166565113 1.0095320587502419
62882.054 lsst_hardware_u 1.3351728567692176 2.880000114440918 28.469999313354492 AB 3.377759904396718 1.0094164824495235
63092.2789 lsst_hardware_r 31.17003016557903 25.059999465942383 31.280000686645508 AB 7.25126796812352 2.03591987874315
63092.3046 lsst_hardware_u 2.6215106638781704 2.2300000190734863 27.8799991607666 AB 5.563223854087968 1.649095554791157
63110.3974 lsst_hardware_z 51.18280580249085 55.5099983215332 30.979999542236328 AB 0.6832826813188191 1.0154046038174402
63110.4155 lsst_hardware_y -53.54517242977355 62.52000045776367 30.06999969482422 AB 0.6477859460499248 1.0080964015820384
63112.3317 lsst_hardware_i -57.00236980431859 62.040000915527344 31.309999465942383 AB 1.7139367274511532 1.124999492911817
63112.3498 lsst_hardware_z 88.57438730087664 57.189998626708984 30.969999313354492 AB 1.0992353570744975 1.0764504884032944
63113.4081 lsst_hardware_y 62.380496111361694 89.55999755859375 30.81999969482422 AB 2.2961821158139912 1.0080184887421948
63114.3305 lsst_hardware_r -26.246223866115972 64.0 31.6200008392334 AB 2.05795131381739 1.1121556300742632
63114.3478 lsst_hardware_z -59.31968192843111 53.59000015258789 30.969999313354492 AB 1.3689445419867006 1.0688616373114976
63117.3228 lsst_hardware_r 60.9889683631931 37.56999969482422 31.579999923706055 AB 3.11006157753542 1.1107362776912215
63117.3401 lsst_hardware_i 22.015726115485947 38.099998474121094 31.280000686645508 AB 3.1223272357262535 1.0678273719994027
63118.3941 lsst_hardware_r -11.749807157000935 30.25 31.56999969482422 AB 3.6214214728886853 1.008050514374025
63124.2321 lsst_hardware_g -2.2744248231932365 13.380000114440918 31.260000228881836 AB 1.1802025760018588 1.4962948665663156
63124.2473 lsst_hardware_r 8.67970836333415 23.290000915527344 31.43000030517578 AB 1.2407545328467917 1.374797266314599
63130.2326 lsst_hardware_r -10.29595863082454 23.260000228881836 31.43000030517578 AB 4.467335947613127 1.3631008790520118
63130.2713 lsst_hardware_i 3.9024065220648527 43.72999954223633 31.969999313354492 AB 4.479960355379891 1.1636260663324391
63136.3393 lsst_hardware_i 7.232394716353724 29.6200008392334 31.25 AB 4.96820572246969 1.0091142293438775
63136.3583 lsst_hardware_z -62.952451140496755 40.29999923706055 30.950000762939453 AB 4.885833263755519 1.0096087471600126
63144.3196 lsst_hardware_r -48.239360341708206 60.5099983215332 31.649999618530273 AB 6.971962927499005 1.008590072813927
63144.3405 lsst_hardware_z -43.73576094999057 52.599998474121094 30.979999542236328 AB 7.685207423798314 1.011211503131357
63145.2031 lsst_hardware_z -56.725810103111044 52.59000015258789 30.940000534057617 AB 6.254869607498957 1.2911280023736107
63145.2232 lsst_hardware_r 113.0993221279899 51.529998779296875 31.59000015258789 AB 5.73600809717001 1.192021632828553
63146.3314 lsst_hardware_r -15.06279949291207 40.41999816894531 31.6200008392334 AB 4.628664627180147 1.0097435923169684
63146.35 lsst_hardware_i 9.0380075050347 39.560001373291016 31.299999237060547 AB 3.678556453534248 1.0218212370928466
63147.2049 lsst_hardware_u 3.495745694630321 2.5199999809265137 28.25 AB 5.131011537811651 1.2517206434994879
63147.2253 lsst_hardware_g 11.033069926194928 18.200000762939453 31.479999542236328 AB 3.907506950292936 1.162083851388234
63148.3159 lsst_hardware_z -40.06073142418955 41.5 30.959999084472656 AB 2.7441172755334775 1.0079093785437154
63148.3355 lsst_hardware_i -22.18012504866708 32.310001373291016 31.270000457763672 AB 2.9304465834902995 1.0145219260828455
63151.1788 lsst_hardware_i -24.916754962933418 32.720001220703125 31.200000762939453 AB 8.335278367984197 1.3395026303810045
63151.1979 lsst_hardware_r 15.223757371330686 22.8700008392334 31.450000762939453 AB 7.593721014428612 1.2322134921725354
63155.2016 lsst_hardware_i -16.392569574044877 31.219999313354492 31.239999771118164 AB 8.876894927831026 1.1691149453867937
63155.2202 lsst_hardware_z 49.679507352496515 41.84000015258789 30.950000762939453 AB 7.889320862905041 1.10746739609125
63164.2687 lsst_hardware_r -10.52303723601762 30.309999465942383 31.579999923706055 AB 3.830515602468413 1.008030421702214
63164.2867 lsst_hardware_i -16.64802978613074 29.899999618530273 31.260000228881836 AB 3.8440481376153346 1.0115916151619302
63166.1849 lsst_hardware_i 50.418526165460655 52.22999954223633 31.309999465942383 AB 2.749127299983878 1.1230477480785204
63166.2024 lsst_hardware_z 76.70608449710492 51.65999984741211 30.969999313354492 AB 2.63311051511019 1.0763865161413375
63168.1848 lsst_hardware_r 164.31092644537608 96.1500015258789 31.639999389648438 AB 2.348379324694273 1.1072038305960739
63168.2037 lsst_hardware_z -54.711941001057546 65.87999725341797 30.989999771118164 AB 2.2477958022323032 1.0620343974635689
63169.2581 lsst_hardware_r 12.314572713351481 104.12000274658203 31.670000076293945 AB 3.574519689629128 1.007900659700868
63169.2746 lsst_hardware_z 36.23555780089237 68.48999786376953 30.989999771118164 AB 3.520579098533719 1.0123879506926583
63181.138 lsst_hardware_i -6.673266280012396 30.93000030517578 31.229999542236328 AB 3.3037142026862756 1.1423631406245767
63181.1564 lsst_hardware_r -44.263752801370806 22.440000534057617 31.479999542236328 AB 2.794952998840237 1.088377335996977
63182.2446 lsst_hardware_r 34.69595115793755 22.030000686645508 31.489999771118164 AB 6.971656479489865 1.015844548040613
63182.2631 lsst_hardware_u -1.2929438365548853 2.5299999713897705 28.329999923706055 AB 4.243529335759801 1.0350071550633662
63186.1185 lsst_hardware_g -9.463416668189932 13.5600004196167 31.3700008392334 AB 6.7328521590873445 1.1632767862044906
63186.1349 lsst_hardware_r 21.117776534807586 22.489999771118164 31.479999542236328 AB 6.491981725393 1.1093453998535565
63188.2132 lsst_hardware_r -15.712112665116457 22.100000381469727 31.489999771118164 AB 4.579607919783613 1.0087242114061512
63188.2346 lsst_hardware_i -45.6507431220851 29.959999084472656 31.25 AB 4.6366667190072395 1.0211235410466457
63190.2132 lsst_hardware_z -35.97121794741075 40.5099983215332 30.950000762939453 AB 4.964742377284435 1.0104631704106932
63190.2326 lsst_hardware_r -6.004148075634117 22.200000762939453 31.489999771118164 AB 5.040174768850873 1.024564595917646
63195.1066 lsst_hardware_z 37.231580423464905 53.91999816894531 30.959999084472656 AB 5.738972578191876 1.1203460377143732
63195.1242 lsst_hardware_r 50.49706346827895 62.36000061035156 31.639999389648438 AB 5.561592896839214 1.074185011460978
63200.1967 lsst_hardware_r -15.97788428083892 97.36000061035156 31.670000076293945 AB 4.574766091686916 1.0167653189405457
63200.2157 lsst_hardware_i -2.9040466039999617 77.1500015258789 31.34000015258789 AB 5.67615365010111 1.0374351742599812
63203.1762 lsst_hardware_z -86.46256463087363 48.779998779296875 30.969999313354492 AB 6.446745707894832 1.0098856228566224
63203.1955 lsst_hardware_r 39.6494933557953 53.689998626708984 31.639999389648438 AB 6.535627348092606 1.0229151154630336
63208.0291 lsst_hardware_z -78.10014591401185 62.5 30.950000762939453 AB 4.865238951804653 1.3027237464670827
63208.0497 lsst_hardware_u -0.6568014355858917 2.7699999809265137 28.360000610351562 AB 3.497984547097578 1.1983503073301933
63211.0317 lsst_hardware_y 29.477585805106028 64.80000305175781 29.989999771118164 AB 12.034181965309093 1.2439073818087854
63211.0555 lsst_hardware_r 15.836975459817461 22.540000915527344 31.469999313354492 AB 11.394146422125312 1.144373594455075
63212.1182 lsst_hardware_u -5.070249673342175 2.6500000953674316 28.440000534057617 AB 12.689342824885433 1.0159059691143728
63212.1381 lsst_hardware_g -8.344659442171407 13.34000015258789 31.420000076293945 AB 11.968063020472824 1.0079854311559873
63213.0347 lsst_hardware_y 22.634694181273446 63.52000045776367 30.020000457763672 AB 12.871138701017582 1.2042043973445486
63213.0547 lsst_hardware_z -4.0869540794042605 42.22999954223633 30.940000534057617 AB 12.691350683092255 1.1289228503016238
63215.145 lsst_hardware_r -9.613551290405452 21.780000686645508 31.489999771118164 AB 7.950161208608971 1.0104838500687419
63215.1634 lsst_hardware_i 23.232886453357448 29.81999969482422 31.25 AB 8.063259293709962 1.0235850413930672
63216.0356 lsst_hardware_y 30.775149945672737 61.65999984741211 30.020000457763672 AB 11.56413795657158 1.1670001541988246
63216.0559 lsst_hardware_u 2.931810890607154 2.8499999046325684 28.489999771118164 AB 11.017811695161443 1.101219265326908
63219.1068 lsst_hardware_u -0.9420392011374181 2.890000104904175 28.530000686645508 AB 3.103196024346393 1.0113071612665447
63219.1253 lsst_hardware_r 11.280898820810242 22.649999618530273 31.510000228881836 AB 3.623001954924422 1.0081396744137523
63220.0401 lsst_hardware_y 61.39455888805731 55.06999969482422 30.040000915527344 AB 5.341117529846831 1.1150558517425535
63220.062 lsst_hardware_r -8.444253390858172 26.610000610351562 31.540000915527344 AB 5.477208836405682 1.0614745806984562
63223.0866 lsst_hardware_z -24.43312177779639 48.630001068115234 30.969999313354492 AB 4.357497755977796 1.017077201270784
63223.1061 lsst_hardware_r 61.8948175612917 51.2599983215332 31.639999389648438 AB 4.3303715480832885 1.0081963947265717
