data/validation/pwv_sim_epoch_fit_seasonal/3450492.ecsv
# %ECSV 0.9
# ---
# datatype:
# - {name: time, datatype: float64}
# - {name: band, datatype: string}
# - {name: flux, datatype: float64}
# - {name: fluxerr, datatype: float64}
# - {name: zp, datatype: float64}
# - {name: zpsys, datatype: string}
# - {name: pwv, datatype: float64}
# - {name: airmass, datatype: float64}
# meta: {SNID: '3450492', alt: 1024.0, c: -0.06753148138523102, dec: -9.442778, lat: -30.244573, lon: -70.7499537, ra: 162.773438, t0: 61515.88671875,
#   x0: 2.92679315311961e-06, x1: 1.0322201251983643, z: 0.7629273533821106}
# schema: astropy-2.0
time band flux fluxerr zp zpsys pwv airmass
[from data line 133]
61820.2548 lsst_hardware_z -79.9149527773096 42.45000076293945 30.959999084472656 AB 2.7108482878458426 1.0750935109442168
61822.2409 lsst_hardware_i -4.530572174840023 31.639999389648438 31.25 AB 5.922279889058515 1.0705011322804494
61822.2593 lsst_hardware_u -2.558055446646737 2.819999933242798 28.479999542236328 AB 5.584360827019538 1.0841664766904135
61824.2384 lsst_hardware_g -23.90775176476469 14.880000114440918 31.43000030517578 AB 12.493710538637743 1.0717928429937584
61824.2552 lsst_hardware_r 6.161269387740044 23.8700008392334 31.489999771118164 AB 11.598567301375835 1.085720139916923
61826.2359 lsst_hardware_i 33.17980944149901 31.360000610351562 31.239999771118164 AB 9.2435576826798 1.0734280949548323
61826.2534 lsst_hardware_r -12.448629714730249 23.950000762939453 31.489999771118164 AB 9.643762963197647 1.0902861785002331
61828.2324 lsst_hardware_u -0.22096918931976745 2.6500000953674316 28.350000381469727 AB 6.257357912564356 1.0747011543141394
61828.2497 lsst_hardware_g -7.315607723851156 14.859999656677246 31.420000076293945 AB 6.422616660594667 1.092684378131658
61830.2277 lsst_hardware_r -30.510292306012932 23.989999771118164 31.510000228881836 AB 3.7832171180890386 1.0752357874346974
61830.2457 lsst_hardware_i -25.779566868273466 31.700000762939453 31.25 AB 3.8638255880186683 1.094774911603325
61832.1534 lsst_hardware_i -11.262492925992069 31.760000228881836 31.239999771118164 AB 5.6017957781867995 1.1196313952304602
61832.1704 lsst_hardware_z 73.09025537024475 42.13999938964844 30.940000534057617 AB 5.945228957268008 1.0905675423769619
61834.2069 lsst_hardware_i 38.35573728262453 31.350000381469727 31.239999771118164 AB 12.601019195228183 1.0700593745947846
61834.2251 lsst_hardware_u 1.9196402334720095 2.609999895095825 28.299999237060547 AB 11.741940856330103 1.0826056478268582
61836.2036 lsst_hardware_z 16.219753314557153 44.970001220703125 30.950000762939453 AB 10.06763848256358 1.0708639814102747
61836.2212 lsst_hardware_r 23.67052834756772 31.450000762939453 31.549999237060547 AB 10.49630938057651 1.0843014778106466
61838.203 lsst_hardware_i 38.68816978369401 61.619998931884766 31.31999969482422 AB 9.72170561190817 1.0733419880843327
61838.2216 lsst_hardware_r -102.90378773394336 72.52999877929688 31.6299991607666 AB 9.62081883736311 1.0915796116670824
61840.2008 lsst_hardware_z 0.3842355779484312 138.47000122070312 31.739999771118164 AB 9.560620085484535 1.0755260663705732
61843.1725 lsst_hardware_z 40.406796340997836 68.30999755859375 30.979999542236328 AB 11.86445859486873 1.0686775891612905
61843.1894 lsst_hardware_r -27.669985570763526 95.25 31.649999618530273 AB 11.932683073619659 1.0733725891535104
61845.2002 lsst_hardware_z 31.53226440781783 70.62999725341797 31.709999084472656 AB 8.535712556729951 1.0885652870052724
61847.1897 lsst_hardware_r 37.02655602880332 34.25 31.579999923706055 AB 7.465234571860533 1.0827026210095043
61847.2097 lsst_hardware_z 33.90688993420669 44.650001525878906 30.950000762939453 AB 6.563275907934908 1.1124196454126962
61849.1156 lsst_hardware_i 36.00535787066511 31.899999618530273 31.239999771118164 AB 5.551001169319519 1.1032680330562006
61849.1366 lsst_hardware_r -9.149424334634727 24.049999237060547 31.5 AB 5.0303617860640735 1.0770499488414138
61851.1616 lsst_hardware_u -1.1041375209651698 2.759999990463257 28.43000030517578 AB 5.343858111277262 1.0704486584870876
61851.1807 lsst_hardware_g 7.771875811344243 15.0600004196167 31.440000534057617 AB 5.172747388626023 1.0848124547974882
61853.1627 lsst_hardware_r 59.00901234858264 23.790000915527344 31.489999771118164 AB 5.7982200821677035 1.0737444596606858
61853.1832 lsst_hardware_i -18.236206811621155 31.6200008392334 31.239999771118164 AB 6.5099164940844885 1.0952080239038506
61855.128 lsst_hardware_r -58.296223701218366 23.8700008392334 31.5 AB 8.435585131527404 1.0719227148655566
61855.1478 lsst_hardware_u 0.7997734209961403 2.690000057220459 28.3799991607666 AB 8.305365373041223 1.0695324835166033
61859.1538 lsst_hardware_r -15.697268142115123 23.489999771118164 31.479999542236328 AB 6.843116080826169 1.0795828903280662
61859.1736 lsst_hardware_z 58.837766909520674 42.130001068115234 30.93000030517578 AB 7.519348761975809 1.1062339566700958
61861.1498 lsst_hardware_r -2.9759800028722663 23.739999771118164 31.489999771118164 AB 5.371777523927487 1.080985549488985
61861.1674 lsst_hardware_u 2.299170089090132 2.5799999237060547 28.280000686645508 AB 5.976853852222439 1.1049320797194506
61863.1362 lsst_hardware_g 19.08158007580479 14.609999656677246 31.420000076293945 AB 6.706359506875115 1.0742636669536847
61863.1546 lsst_hardware_r -31.777933067271118 23.559999465942383 31.489999771118164 AB 6.844522543053179 1.0933305447950448
61865.1384 lsst_hardware_i 30.45079820775917 62.52000045776367 32.040000915527344 AB 7.6102543376669995 1.0805160090395498
61865.1565 lsst_hardware_z 102.57376722205571 69.23999786376953 31.709999084472656 AB 7.772907454495433 1.10496942988065
61870.1626 lsst_hardware_z 1.275567958303977 88.83999633789062 30.979999542236328 AB 5.576144361145857 1.1487730451474778
61870.1795 lsst_hardware_r -23.1370501231438 135.42999267578125 31.6200008392334 AB 5.94981719101439 1.2029553560481985
61875.0543 lsst_hardware_g 3.772506888592848 14.710000038146973 31.450000762939453 AB 11.868470130267411 1.088850470666735
61875.0733 lsst_hardware_r 12.367779437359003 31.969999313354492 31.56999969482422 AB 11.684430285712834 1.071966081258058
61877.0961 lsst_hardware_i 16.454191616833945 31.290000915527344 31.260000228881836 AB 15.241625361099656 1.073089404801617
61877.1122 lsst_hardware_z 74.21129750703443 42.099998474121094 30.950000762939453 AB 15.45329812100376 1.087775273070961
61879.091 lsst_hardware_r 21.402881024165072 23.600000381469727 31.510000228881836 AB 9.81447586728367 1.0733045694650876
61882.0768 lsst_hardware_z 85.89116892545186 41.88999938964844 30.950000762939453 AB 10.028642082075871 1.0703878411892773
61884.0795 lsst_hardware_u 2.8499310531035693 2.6700000762939453 28.389999389648438 AB 9.920510485367107 1.0746951018705564
61884.0976 lsst_hardware_g -21.234545368009062 14.550000190734863 31.420000076293945 AB 9.966843337184747 1.093815116021153
61886.0791 lsst_hardware_r 22.413137499795308 23.520000457763672 31.489999771118164 AB 11.75988928005341 1.0786909998214465
61886.0966 lsst_hardware_i -15.225103866056893 31.479999542236328 31.239999771118164 AB 10.786364002710474 1.100649388031681
61887.0316 lsst_hardware_z 30.170909781726 41.68000030517578 30.940000534057617 AB 5.026581929804985 1.0780872771699699
61887.0404 lsst_hardware_r 29.584723833090642 23.31999969482422 31.489999771118164 AB 4.953691179033282 1.07203415957438
61890.08 lsst_hardware_u -4.346935402844794 2.7899999618530273 28.459999084472656 AB 11.682931488192917 1.0921009087520255
61890.0984 lsst_hardware_r 32.66651638539214 24.0 31.489999771118164 AB 11.851298131597286 1.1251054380402796
61894.0448 lsst_hardware_y -27.05338149907816 71.7300033569336 30.790000915527344 AB 11.759646779287127 1.070681042120224
61898.0532 lsst_hardware_z -19.85207632413342 72.12999725341797 30.979999542236328 AB 11.137128381234337 1.0857722976635582
61898.0713 lsst_hardware_r 102.5118747337672 104.41999816894531 31.639999389648438 AB 11.408221219558117 1.1140841034724724
61908.9656 lsst_hardware_y -35.807551865354135 49.5099983215332 30.030000686645508 AB 10.331285316922704 1.0839191778336306
61908.9859 lsst_hardware_r 53.75501654760295 23.81999969482422 31.5 AB 10.210220124407847 1.0697771039535044
61910.9651 lsst_hardware_y 30.849455213890746 48.91999816894531 30.030000686645508 AB 7.665876139502216 1.0789410470798333
61910.9841 lsst_hardware_g -17.742735300343362 15.100000381469727 31.440000534057617 AB 7.659926174986 1.068951204789301
61918.9546 lsst_hardware_z -27.069838298201034 55.97999954223633 30.979999542236328 AB 10.21324570684984 1.0712726583820469
61918.9745 lsst_hardware_i 27.902045498879144 32.130001068115234 31.260000228881836 AB 9.488341363785795 1.0699527924882306
61924.9514 lsst_hardware_y 105.33494165208123 73.08999633789062 30.049999237060547 AB 12.396768977817917 1.0686869808463721
61924.9639 lsst_hardware_r -53.54442341927999 73.7300033569336 31.639999389648438 AB 11.582446986467714 1.0724487950433068
