data/validation/pwv_sim_epoch_fit_seasonal/34565364.ecsv
# %ECSV 0.9
# ---
# datatype:
# - {name: time, datatype: float64}
# - {name: band, datatype: string}
# - {name: flux, datatype: float64}
# - {name: fluxerr, datatype: float64}
# - {name: zp, datatype: float64}
# - {name: zpsys, datatype: string}
# - {name: pwv, datatype: float64}
# - {name: airmass, datatype: float64}
# meta: {SNID: '34565364', alt: 1024.0, c: 0.20262596011161804, dec: -27.279613, lat: -30.244573, lon: -70.7499537, ra: 256.464844, t0: 61878.92578125,
#   x0: 1.9409594026487782e-05, x1: -0.20105819404125214, z: 0.3475661873817444}
# schema: astropy-2.0
time band flux fluxerr zp zpsys pwv airmass
[from data line 132]
62280.154 lsst_hardware_r -16.462887318535536 57.040000915527344 31.6200008392334 AB 8.42515276416457 1.1180120885765215
62280.1744 lsst_hardware_i 32.647537331379034 49.130001068115234 31.309999465942383 AB 8.407948668846373 1.0655561847980224
62282.1512 lsst_hardware_z 109.86814155327149 73.91000366210938 30.979999542236328 AB 6.4831310223474565 1.1100934943090877
62282.1706 lsst_hardware_r 114.1779799557617 107.51000213623047 31.65999984741211 AB 6.532980154751774 1.0620717188747388
62283.1594 lsst_hardware_z -261.30259896146237 139.19000244140625 31.75 AB 5.752513958955061 1.0810286818382098
62288.1543 lsst_hardware_r 44.056530312786634 77.79000091552734 32.38999938964844 AB 7.602167339323276 1.0619035255375437
62288.1753 lsst_hardware_y 61.79465434501673 70.19999694824219 30.809999465942383 AB 7.621045536837835 1.026922086823335
62291.1607 lsst_hardware_g -16.166662720187862 15.670000076293945 31.459999084472656 AB 11.18559999121486 1.0358955353968198
62291.181 lsst_hardware_r -9.956762358401017 24.479999542236328 31.520000457763672 AB 11.616280181996204 1.0122531892406719
62304.0372 lsst_hardware_u -3.9402991642641605 3.0999999046325684 28.3799991607666 AB 8.143834719230279 1.3558745855869503
62304.0571 lsst_hardware_r 0.8420836474167066 26.190000534057617 31.489999771118164 AB 7.4306319313341715 1.2411795934912255
62306.0607 lsst_hardware_z -48.17673027115962 45.369998931884766 30.940000534057617 AB 4.5767046914863085 1.199346093156692
62306.0809 lsst_hardware_i -40.40212101182116 35.31999969482422 31.260000228881836 AB 4.23785726481426 1.1245475029359853
62308.0748 lsst_hardware_z -50.48368381322399 70.0999984741211 31.709999084472656 AB 3.7587999429526393 1.1265697416311897
62310.0639 lsst_hardware_r 143.54614666765562 93.29000091552734 31.6299991607666 AB 3.433908674401446 1.144636224800482
62310.0841 lsst_hardware_i 22.88309713510769 73.16999816894531 31.31999969482422 AB 3.471688330386019 1.0849026032456308
62312.0409 lsst_hardware_i 109.21293377207965 133.75999450683594 31.309999465942383 AB 6.084026387752119 1.214457326718818
62312.0594 lsst_hardware_z 125.89153425442258 111.08000183105469 30.989999771118164 AB 5.382517243079823 1.1413310523918199
62314.067 lsst_hardware_z 2.5809451821418907 79.55000305175781 30.989999771118164 AB 8.359554954969926 1.101100494595617
62314.0868 lsst_hardware_r 175.726151815408 115.0999984741211 31.65999984741211 AB 8.228605702092558 1.0549494489862254
62315.0446 lsst_hardware_r -19.45944420724114 86.1500015258789 31.6299991607666 AB 8.127172296969052 1.1651024725065462
62315.0642 lsst_hardware_i -2.3125602813772757 70.27999877929688 31.31999969482422 AB 7.765215724725022 1.1012928272195948
62323.0693 lsst_hardware_i 30.80248997794269 31.540000915527344 31.260000228881836 AB 6.478565112751684 1.0422821240802291
62323.0888 lsst_hardware_u -7.066016418987865 2.880000114440918 28.540000915527344 AB 5.367125529434109 1.0166294095405128
62326.9546 lsst_hardware_y 29.426749305329274 85.75 29.899999618530273 AB 10.858969913480452 1.5109708718795634
62326.9727 lsst_hardware_u -0.7134396791032354 2.7899999618530273 28.25 AB 10.875504551458919 1.3673860000576468
62329.9564 lsst_hardware_y 33.642429684411034 83.5 29.950000762939453 AB 7.029130154864241 1.4266551968468115
62329.9756 lsst_hardware_z 21.984551278034317 45.150001525878906 30.920000076293945 AB 7.622747343216812 1.2974336995390514
62331.9575 lsst_hardware_y 86.07666019435528 71.7300033569336 29.959999084472656 AB 8.406579372638548 1.3781277660063194
62331.9753 lsst_hardware_u -3.098910249030443 3.009999990463257 28.399999618530273 AB 7.940430719952123 1.2686927453488512
62333.9591 lsst_hardware_y -29.145405230109564 71.36000061035156 29.959999084472656 AB 2.4836712249878254 1.3311324117844532
62333.978 lsst_hardware_i -14.630604036052885 34.20000076293945 31.229999542236328 AB 2.2950539197880557 1.2275750852443357
62342.964 lsst_hardware_y -45.096874423244266 69.0 30.020000457763672 AB 9.746672922170887 1.181307508065435
62342.9817 lsst_hardware_r 130.06785085264139 84.80999755859375 31.639999389648438 AB 9.260432826856244 1.1188827193688449
62344.9663 lsst_hardware_y 31.51017946194992 57.45000076293945 30.030000686645508 AB 4.733512023040374 1.1517995027269663
62344.9847 lsst_hardware_g 32.01993334057327 15.460000038146973 31.459999084472656 AB 4.492674792461606 1.0947507921361992
62346.9664 lsst_hardware_z 43.91059069752497 54.45000076293945 30.959999084472656 AB 5.972200311335636 1.1327433099833666
62346.9842 lsst_hardware_i 15.656545507280393 31.829999923706055 31.25 AB 5.708415987051295 1.0821299776407625
62350.9688 lsst_hardware_y -33.514131582733555 55.040000915527344 30.040000915527344 AB 4.295162544224893 1.0934731528067447
62350.9874 lsst_hardware_r 4.427377820433485 24.350000381469727 31.520000457763672 AB 4.11139550870422 1.0518664954897374
62351.9692 lsst_hardware_y -69.23384828694883 57.43000030517578 30.040000915527344 AB 9.08684562968242 1.0854501140395891
62351.9875 lsst_hardware_z -19.412632711641205 41.77000045776367 30.950000762939453 AB 11.618886194675685 1.0467465040248365
62353.9708 lsst_hardware_y 110.60586030812699 54.4900016784668 30.040000915527344 AB 1.0268646534814139 1.0689083832214579
62353.9889 lsst_hardware_u -0.35937731447973315 2.799999952316284 28.440000534057617 AB 0.8146461703556562 1.0355671657063428
62355.9731 lsst_hardware_y -57.69347100373695 52.5 30.049999237060547 AB 3.4554188296604735 1.0530800242774776
62355.9928 lsst_hardware_r -38.612615564121235 24.280000686645508 31.520000457763672 AB 3.342254467318132 1.0230086368528908
62357.9821 lsst_hardware_z 65.47150403626851 62.0 31.709999084472656 AB 2.1745613491082714 1.029662478368751
