data/validation/pwv_sim_epoch_fit_seasonal/3464716.ecsv
# %ECSV 0.9
# ---
# datatype:
# - {name: time, datatype: float64}
# - {name: band, datatype: string}
# - {name: flux, datatype: float64}
# - {name: fluxerr, datatype: float64}
# - {name: zp, datatype: float64}
# - {name: zpsys, datatype: string}
# - {name: pwv, datatype: float64}
# - {name: airmass, datatype: float64}
# meta: {SNID: '3464716', alt: 1024.0, c: -0.09224175661802292, dec: -53.572231, lat: -30.244573, lon: -70.7499537, ra: 178.392853, t0: 60699.84765625,
#   x0: 3.698388313991658e-06, x1: -1.182023525238037, z: 0.6936860084533691}
# schema: astropy-2.0
time band flux fluxerr zp zpsys pwv airmass
[from data line 133]
61100.2683 lsst_hardware_i 6.487021789497602 53.029998779296875 31.309999465942383 AB 4.261443654618575 1.0937763107270742
61100.281 lsst_hardware_z 62.86579836110894 52.65999984741211 30.959999084472656 AB 4.280654324183711 1.1010385366786244
61102.258 lsst_hardware_z 58.52547683706535 90.70999908447266 31.729999542236328 AB 6.368947078559657 1.092053510648223
61104.255 lsst_hardware_r 119.94630554744487 93.05999755859375 31.639999389648438 AB 11.36428939597825 1.0928602445164364
61104.2677 lsst_hardware_i -106.86728934178419 73.08999633789062 31.31999969482422 AB 11.395767589434318 1.099376234630445
61106.2612 lsst_hardware_z -173.029208447521 82.26000213623047 31.719999313354492 AB 10.636369223555695 1.098694430474631
61110.2545 lsst_hardware_i 20.782808355544045 36.02000045776367 31.270000457763672 AB 9.677904156481734 1.1016396307890257
61110.2662 lsst_hardware_z -23.417109425305263 44.38999938964844 30.950000762939453 AB 9.790245224522138 1.1121592530341806
61112.2521 lsst_hardware_i -33.63079550692397 31.1200008392334 31.239999771118164 AB 16.783843867934724 1.104054984076748
61112.2639 lsst_hardware_z -13.538567089389572 42.040000915527344 30.940000534057617 AB 16.830860593095238 1.1156116168644656
61115.2536 lsst_hardware_g -0.6896892603486624 13.09000015258789 31.360000610351562 AB 8.351193978356356 1.113282243801463
61115.2653 lsst_hardware_r -13.868337379061881 22.139999389648438 31.459999084472656 AB 8.486772577879606 1.1277228889737774
61117.2085 lsst_hardware_r 33.20236329062201 22.06999969482422 31.479999542236328 AB 6.433407548042626 1.0904080589902756
61117.2205 lsst_hardware_i 48.04258409883548 30.389999389648438 31.239999771118164 AB 6.450100967520149 1.0932374521220591
61119.2033 lsst_hardware_z 32.956718957015894 41.439998626708984 30.93000030517578 AB 5.75431007273093 1.0904338077026634
61119.2158 lsst_hardware_u -0.24228257345813162 2.509999990463257 28.299999237060547 AB 5.373362510280832 1.0935359980220467
61125.2075 lsst_hardware_u -2.8090165700532466 2.7100000381469727 28.469999313354492 AB 8.119131185601303 1.0975754126173354
61125.2189 lsst_hardware_g -12.3440702822054 13.399999618530273 31.399999618530273 AB 7.219059070402793 1.1060301931059937
61129.1934 lsst_hardware_i -4.173440048278042 54.470001220703125 31.309999465942383 AB 7.427423336516377 1.095799943914785
61129.2043 lsst_hardware_r -22.910751596201386 65.23999786376953 31.6299991607666 AB 7.48377126474445 1.1029470196005275
61132.1546 lsst_hardware_z -252.72241578741273 104.52999877929688 31.739999771118164 AB 9.189018549353648 1.091267567169841
61134.1924 lsst_hardware_r 100.88725329063332 95.68000030517578 31.639999389648438 AB 5.03651157328356 1.104377058060204
61134.2042 lsst_hardware_i 35.310032987206824 76.33999633789062 31.31999969482422 AB 5.186267065803484 1.1160462805688582
61136.1478 lsst_hardware_i 27.50362758432409 54.61000061035156 31.309999465942383 AB 12.717577591765968 1.0905610420414156
61136.1587 lsst_hardware_z 29.95213549793869 54.04999923706055 30.969999313354492 AB 12.671854465305312 1.0906618294362709
61140.1409 lsst_hardware_g 8.318742092502164 13.390000343322754 31.389999389648438 AB 5.307149493088087 1.090267473286033
61140.1514 lsst_hardware_r -1.8184689049214435 22.270000457763672 31.479999542236328 AB 5.325705643410945 1.0913331236497839
61147.1399 lsst_hardware_i 22.396948651642884 30.530000686645508 31.25 AB 16.031527775069435 1.09377961213546
61147.1515 lsst_hardware_r 9.372617991433343 22.389999389648438 31.489999771118164 AB 16.098979376828716 1.1002332307557725
61149.1345 lsst_hardware_u -4.336106896678487 2.569999933242798 28.350000381469727 AB 10.434909416719037 1.0938060185240437
61149.147 lsst_hardware_g 2.6162577092122117 13.34000015258789 31.3799991607666 AB 10.502766596250337 1.1009189304245994
61151.1174 lsst_hardware_g 1.5650767013361866 13.399999618530273 31.399999618530273 AB 7.634371585608241 1.0906245122297487
61151.1291 lsst_hardware_r 36.65305679258956 22.309999465942383 31.479999542236328 AB 7.929193591053441 1.0938327481105588
61153.1128 lsst_hardware_i 1.9548276920412697 31.239999771118164 31.239999771118164 AB 5.166059658408606 1.0907489381701991
61153.1246 lsst_hardware_z 109.74830261074399 41.68000030517578 30.940000534057617 AB 5.0513119377835105 1.094245748775309
61155.1134 lsst_hardware_i 40.15355117775766 37.2400016784668 31.270000457763672 AB 14.760962521357719 1.0921237453375217
61155.1257 lsst_hardware_z -36.48560853611158 44.70000076293945 30.950000762939453 AB 15.425828681561901 1.0976633312306856
61157.1126 lsst_hardware_z -76.27603732822158 50.540000915527344 30.959999084472656 AB 4.871731251633342 1.093787887659035
61157.1245 lsst_hardware_r -93.240242748805 56.15999984741211 31.6299991607666 AB 4.916829834001076 1.1004543048346187
61159.11 lsst_hardware_i 54.02976727378432 67.73999786376953 31.31999969482422 AB 9.63736782561787 1.0950724746933416
61159.1209 lsst_hardware_r -172.41022698653808 83.87999725341797 31.639999389648438 AB 9.719396747840095 1.1018162672909275
61161.111 lsst_hardware_z 79.92650719935085 104.13999938964844 31.739999771118164 AB 10.712462010177916 1.09871405232594
61163.1081 lsst_hardware_r -18.05040607337377 96.0 31.639999389648438 AB 14.474704428402214 1.1004450852170307
61163.1201 lsst_hardware_i -66.00980985553949 75.69999694824219 31.31999969482422 AB 14.644292696619924 1.1107624921586714
61166.1024 lsst_hardware_z -95.91005181780567 49.7599983215332 30.959999084472656 AB 3.917255016052035 1.1022877287518917
61166.1149 lsst_hardware_r -64.02981475495149 53.439998626708984 31.6200008392334 AB 3.9585741278158775 1.113914633222899
61168.0913 lsst_hardware_i -71.60643455982363 30.520000457763672 31.239999771118164 AB 11.380316360336817 1.0983447780533537
61168.1023 lsst_hardware_u 1.415595122907512 2.559999942779541 28.34000015258789 AB 11.41978758030445 1.106783056823459
61170.0453 lsst_hardware_u 1.1943966348045152 2.680000066757202 28.440000534057617 AB 8.038756663800411 1.0928905803549847
61170.0574 lsst_hardware_g -7.087120072794077 13.34000015258789 31.399999618530273 AB 7.923054846378922 1.090353656695694
61172.0882 lsst_hardware_i -27.475202511881015 30.489999771118164 31.239999771118164 AB 13.417678097263828 1.1040327562202632
61174.9974 lsst_hardware_z 1.9591220620786816 41.72999954223633 30.93000030517578 AB 7.343646779225442 1.1197428380013381
61177.0891 lsst_hardware_r -19.483571858178355 22.1299991607666 31.459999084472656 AB 9.53372674399717 1.1187850430085073
61177.1017 lsst_hardware_i 29.801494335108075 30.639999389648438 31.229999542236328 AB 9.742971364532329 1.1361403258739815
61178.0805 lsst_hardware_z 35.553413444119805 41.68000030517578 30.93000030517578 AB 9.262531304155617 1.112171059134182
61178.0918 lsst_hardware_r 7.402987289435738 22.1200008392334 31.459999084472656 AB 9.588954676340764 1.125728419387215
61182.0215 lsst_hardware_z 54.25238795812226 41.900001525878906 30.940000534057617 AB 5.007561643410139 1.0906750108161953
61182.0335 lsst_hardware_i 4.581824659457262 31.489999771118164 31.25 AB 4.9710677987030065 1.0907444429409299
61187.0183 lsst_hardware_r -33.54465502067756 67.80000305175781 31.6299991607666 AB 6.337953875068483 1.0905413816954417
61187.0302 lsst_hardware_i -50.8611138606342 57.25 31.309999465942383 AB 6.3710583260905045 1.0936031113745877
61189.0255 lsst_hardware_z 128.9366321258617 91.19999694824219 31.729999542236328 AB 10.297583226773169 1.0939165269849862
61196.0147 lsst_hardware_i -41.89295936887595 30.209999084472656 31.239999771118164 AB 11.191314931261722 1.0982644682297837
61196.0268 lsst_hardware_z 7.821532267388768 41.5 30.940000534057617 AB 11.229952695802751 1.1076724671184697
61197.9993 lsst_hardware_z -23.08386673042364 41.400001525878906 30.93000030517578 AB 4.8027258322082504 1.0932678880508928
61198.0117 lsst_hardware_i -30.917513857368657 30.200000762939453 31.229999542236328 AB 4.966873821949573 1.0998797907988072
