data/validation/pwv_sim_epoch_fit_seasonal/34745150.ecsv
# %ECSV 0.9
# ---
# datatype:
# - {name: time, datatype: float64}
# - {name: band, datatype: string}
# - {name: flux, datatype: float64}
# - {name: fluxerr, datatype: float64}
# - {name: zp, datatype: float64}
# - {name: zpsys, datatype: string}
# - {name: pwv, datatype: float64}
# - {name: airmass, datatype: float64}
# meta: {SNID: '34745150', alt: 1024.0, c: -0.03130887448787689, dec: -6.129201, lat: -30.244573, lon: -70.7499537, ra: 42.890625, t0: 60593.1484375,
#   x0: 1.1941327942071082e-05, x1: -1.9922257661819458, z: 0.4272470772266388}
# schema: astropy-2.0
time band flux fluxerr zp zpsys pwv airmass
60529.4201 lsst_hardware_u 6.2390675366083235 3.309999942779541 28.59000015258789 AB 2.0702478101680355 1.1027598420639393
60529.4344 lsst_hardware_y -97.0219726114594 67.33000183105469 30.049999237060547 AB 1.997475949889715 1.096710807040473
60531.4199 lsst_hardware_i 52.20599244038622 32.40999984741211 31.25 AB 5.473371115341926 1.0995488898131782
60537.3911 lsst_hardware_i -27.170178031369158 31.420000076293945 31.25 AB 5.327973494548905 1.109012539844701
60537.4115 lsst_hardware_z -84.58686885209154 42.38999938964844 30.950000762939453 AB 5.322842587000759 1.0968713795271585
60539.3852 lsst_hardware_r -23.187729656261585 63.68000030517578 32.36000061035156 AB 2.682511436481107 1.109469126551778
60539.4047 lsst_hardware_y 15.044136532891073 49.27000045776367 30.030000686645508 AB 2.6408126707787893 1.0971386251677562
60541.4046 lsst_hardware_r -161.68622263309487 78.76000213623047 31.639999389648438 AB 1.7980118762090949 1.0965158568129867
60541.4229 lsst_hardware_y -4.39043586118516 58.7599983215332 30.040000915527344 AB 2.7738773875499 1.1032989277626384
60543.3931 lsst_hardware_z -2.5206109959266243 64.7699966430664 30.979999542236328 AB 1.4452400396015352 1.0973034150723455
60543.4112 lsst_hardware_y -87.84498692146738 55.720001220703125 30.040000915527344 AB 1.4242168034380065 1.0994275742203974
60546.3959 lsst_hardware_z 11.865111687871503 57.2400016784668 30.979999542236328 AB 2.4435403718775377 1.096987821269377
60546.4168 lsst_hardware_y -33.10673701422232 58.869998931884766 30.040000915527344 AB 2.282274096125359 1.110190488203993
60549.3179 lsst_hardware_g -12.593379165154209 20.940000534057617 31.520000457763672 AB 3.646464180319154 1.1891936668069858
60549.3345 lsst_hardware_r 4.514575314068299 29.739999771118164 31.540000915527344 AB 3.492605698379614 1.1463694852449497
60553.3144 lsst_hardware_i -1.413180005036187 31.739999771118164 31.229999542236328 AB 1.8492254193698057 1.168177775975872
60553.3308 lsst_hardware_z 14.910383139068097 42.45000076293945 30.940000534057617 AB 1.7982828288252934 1.1322416677634461
60555.3226 lsst_hardware_z -65.84334252888593 42.54999923706055 30.940000534057617 AB 1.7559944489546089 1.137302104245213
60555.3395 lsst_hardware_r 12.769602673388796 23.329999923706055 31.489999771118164 AB 1.1379825220148307 1.1116729293534653
60557.3559 lsst_hardware_u -5.40902097748936 2.680000066757202 28.389999389648438 AB 1.3886138250238802 1.0970680031790483
60557.3737 lsst_hardware_r 7.219333432256187 23.469999313354492 31.5 AB 1.3827172266715229 1.0997949705082704
60566.3115 lsst_hardware_g -1.3736985013700096 23.590346259915098 31.59000015258789 AB 1.8141535332827508 1.1094609315764452
60566.3308 lsst_hardware_r -35.9401123163278 23.514141611888096 31.489999771118164 AB 1.7640934970689943 1.097186791999101
60571.2674 lsst_hardware_i -66.43838042097933 88.75572590520756 31.31999969482422 AB 6.475890819395947 1.1626896753706983
60571.2887 lsst_hardware_z 40.33179842382544 75.29749263911597 30.989999771118164 AB 6.209340949216858 1.120870246710927
60578.2509 lsst_hardware_u 95.87415159372593 9.98466746700616 29.100000381469727 AB 3.650348417188371 1.1563323215844055
60578.2691 lsst_hardware_g 316.4234760978782 30.479973207350103 32.220001220703125 AB 3.5722496598024422 1.121585450487423
60580.2645 lsst_hardware_r 1552.8630978206324 44.90749987098038 31.489999771118164 AB 3.8827047167569466 1.1203341492998788
60580.2837 lsst_hardware_i 1092.5390654791117 44.95100061233766 31.239999771118164 AB 3.7851470821376223 1.1008935016762655
60582.2975 lsst_hardware_z 1080.3157244054837 53.51790029287506 30.940000534057617 AB 4.16628975397396 1.0969693928315694
60582.3158 lsst_hardware_r 2300.090211215496 52.31485017407276 31.479999542236328 AB 4.1930246879785615 1.1074347145535983
60584.2884 lsst_hardware_u 21.602084076195748 5.308430468490731 28.489999771118164 AB 3.9862057762005927 1.0965424045665615
60584.3081 lsst_hardware_r 2819.117749919784 58.66954291388049 31.489999771118164 AB 3.5102811169282764 1.1053972604282498
60586.2885 lsst_hardware_i 2290.1700079292036 56.88302918774697 31.239999771118164 AB 3.0019747714429026 1.097413551980714
60586.3075 lsst_hardware_z 1832.7844243843008 58.49635463697094 30.940000534057617 AB 2.992809490214794 1.1100925408808582
60588.2912 lsst_hardware_r 3970.0186393663357 66.94714042683033 31.5 AB 6.499118058266195 1.1010011533732524
60588.3102 lsst_hardware_u 0.26563757751153366 3.0183701424175973 28.420000076293945 AB 6.395717925643775 1.1203032552545567
60590.2834 lsst_hardware_g 1694.1210630093926 43.85754136470787 31.440000534057617 AB 4.085346856290661 1.0996895979248078
60590.3037 lsst_hardware_r 4199.354462988615 69.12934075936708 31.5 AB 4.064733290580969 1.1188365787447234
60594.2155 lsst_hardware_z 2354.747133151922 63.79990975282597 30.950000762939453 AB 6.2617824396967645 1.1385058981266845
60594.2326 lsst_hardware_r 4510.183328982397 72.83452045479257 31.549999237060547 AB 6.116869124207728 1.1121580225832233
60599.2565 lsst_hardware_i 3136.152486569245 98.98804267171484 31.329999923706055 AB 6.678725926877548 1.0986101783735738
60599.2745 lsst_hardware_z 2143.062419668183 85.25182209860671 30.979999542236328 AB 6.723382775587341 1.1128971709754802
60601.2522 lsst_hardware_r 3929.6723096273654 144.4951976626302 31.649999618530273 AB 4.055750054384313 1.099119255930708
60601.2694 lsst_hardware_z 2086.028189171919 99.14525598987453 30.989999771118164 AB 4.092582575001784 1.1133249659961328
60603.246 lsst_hardware_y 625.5954235900008 59.47317288051181 30.030000686645508 AB 1.9904537161771672 1.098787588284387
60603.2631 lsst_hardware_r 3180.2292135835824 99.5159599617847 31.639999389648438 AB 2.1971412487334008 1.1123357796397422
60605.245 lsst_hardware_i 2390.0463036573988 64.73093767530771 31.290000915527344 AB 3.7541199063968422 1.1011302032844075
60605.2624 lsst_hardware_z 1760.8801740159686 62.462442352700506 30.959999084472656 AB 4.07408049819707 1.1183567649175747
60607.246 lsst_hardware_r 2005.5970918860296 52.528209039056456 31.520000457763672 AB 4.917291932315648 1.1060035835167898
60607.2634 lsst_hardware_g 494.5309292841318 29.93644198560665 31.530000686645508 AB 4.287047319588601 1.1281703472601583
60611.1781 lsst_hardware_i 1601.8775870434936 52.29320393377579 31.260000228881836 AB 2.408125771778596 1.1229311129767294
60611.1951 lsst_hardware_z 1231.5049430484717 55.12531843666323 30.950000762939453 AB 2.3352264971194407 1.1036042046875025
60615.1589 lsst_hardware_u -0.7846008923224391 3.943476499084957 28.389999389648438 AB 4.434632460169626 1.13708524619734
60615.1783 lsst_hardware_g 201.9973201098777 20.20866976833672 31.440000534057617 AB 3.8962470755709573 1.1088572253492586
60620.1712 lsst_hardware_z 945.1865979202119 51.94062042552506 30.940000534057617 AB 5.870942692651544 1.103094122345163
60620.1896 lsst_hardware_r 647.8766500424786 33.85920879814001 31.489999771118164 AB 5.909967015938181 1.0965196931097325
60624.2001 lsst_hardware_i 874.6002275828891 49.44522356481988 31.270000457763672 AB 0.8342744173435993 1.1064647444875322
60624.2174 lsst_hardware_z 916.4902072170843 53.72057719094195 30.950000762939453 AB 2.6191513125329653 1.1288634347531925
60629.1986 lsst_hardware_y 354.27933297350125 67.46403714042533 30.040000915527344 AB 6.170495833608867 1.1207875458375507
60629.2161 lsst_hardware_r 604.0706724443686 133.97631464472462 31.639999389648438 AB 8.861811467872693 1.1534311425056958
60631.181 lsst_hardware_r 257.8792677875082 99.85931529143255 31.639999389648438 AB 6.242541262959271 1.1064738878542917
60631.2009 lsst_hardware_i 749.1766789033295 83.54455860291974 31.31999969482422 AB 6.255894853366321 1.1334340621804215
60633.1804 lsst_hardware_z 573.2512300244073 55.62759135755353 30.959999084472656 AB 5.648453696157536 1.1114263003625382
60633.1996 lsst_hardware_r 410.5721792631775 59.962480187772485 31.610000610351562 AB 5.832064275382093 1.1413972323996595
60640.1106 lsst_hardware_g 32.71731120133306 15.589168103847589 31.43000030517578 AB 4.237812619394537 1.1082870531270748
60640.1313 lsst_hardware_i 435.25435044578387 37.490970512135185 31.25 AB 3.9481709164828716 1.0967141434674643
60642.0943 lsst_hardware_z 356.17488688124814 45.89384530310991 30.940000534057617 AB 5.625982882041329 1.1216633368970403
60642.1084 lsst_hardware_r 279.6957339688861 28.013297803194533 31.5 AB 5.549824951796242 1.1052676030463244
60648.1486 lsst_hardware_z 374.73238401522974 45.67126126050826 30.940000534057617 AB 2.905872018260565 1.1235851206420744
60648.167 lsst_hardware_r 180.87904709107227 27.78574035197447 31.479999542236328 AB 2.8548042298945915 1.1600179723261241
60650.0745 lsst_hardware_r 247.55628283993443 28.482515887106718 31.510000228881836 AB 5.150668149173509 1.118737651862413
60650.0938 lsst_hardware_u 16.540288390079905 4.973821946220275 28.510000228881836 AB 6.301801701401472 1.1001748780379665
60652.0758 lsst_hardware_g 100.27757940746561 26.452949136669563 31.600000381469727 AB 5.988198755826475 1.1103993737045723
60652.0949 lsst_hardware_i 330.3254756184149 39.19938001911269 31.270000457763672 AB 6.767448356956925 1.0974537187962257
60654.0775 lsst_hardware_z 226.1413921611123 53.92998966754375 30.959999084472656 AB 10.935871823100987 1.103741605076713
60654.0961 lsst_hardware_r 298.5422178250798 55.73346406220906 31.6200008392334 AB 11.72301196332033 1.0965052695727593
60656.1214 lsst_hardware_y 222.2245174606606 79.9467009112344 30.790000915527344 AB 13.191255591141635 1.116011471331682
60658.1162 lsst_hardware_r 191.9839064685681 107.67131728790454 31.639999389648438 AB 8.684885643988823 1.1163496801860329
60658.1341 lsst_hardware_i 321.33093259195147 87.93975756920584 31.31999969482422 AB 9.028436538599072 1.1471473893431852
60660.1185 lsst_hardware_z 275.1074973943001 65.05376056875971 30.979999542236328 AB 10.871444081452697 1.1278406585754766
60660.1362 lsst_hardware_r -6.937926007216725 88.80799420877129 31.6299991607666 AB 10.928097685306739 1.164928553745466
60663.0836 lsst_hardware_i 251.98197027778764 35.36473178491354 31.25 AB 3.728442971943128 1.0994302902889965
60663.103 lsst_hardware_z 261.55354868615996 45.49964354729725 30.950000762939453 AB 3.7636347340758998 1.1169436579428151
60665.0459 lsst_hardware_y -82.72300175726006 71.01000213623047 30.790000915527344 AB 5.983605623404025 1.105005655291602
60665.0672 lsst_hardware_r 19.50015165883834 33.119998931884766 32.25 AB 6.015522574842539 1.0965225254908846
60668.0458 lsst_hardware_y 100.72731022242051 50.38999938964844 30.030000686645508 AB 7.895240031074522 1.0995645556484641
60668.0666 lsst_hardware_g 4.565975932585572 14.34000015258789 31.420000076293945 AB 7.869843096434611 1.0980155003862522
60670.0432 lsst_hardware_z 20.680747313002126 49.459999084472656 30.959999084472656 AB 7.0038250751998685 1.098294664450348
60670.065 lsst_hardware_i -79.17006111899461 31.389999389648438 31.239999771118164 AB 7.138062736588807 1.099686140284984
60672.0418 lsst_hardware_y -60.19727334678552 59.22999954223633 30.040000915527344 AB 9.008616957019294 1.0970732456943668
60672.0638 lsst_hardware_r -3.0258905183508444 23.579999923706055 31.5 AB 9.080336925123936 1.1022501729940057
60674.0394 lsst_hardware_y 69.89235035012427 63.459999084472656 30.049999237060547 AB 8.29066888307581 1.0966009721452947
60674.0605 lsst_hardware_r -2.8696702163207637 23.510000228881836 31.5 AB 8.28516090187406 1.1038418415047058
60676.0419 lsst_hardware_y -86.32548321250232 59.56999969482422 30.040000915527344 AB 7.560512824804983 1.097173493274461
60676.0634 lsst_hardware_z 40.21075162394256 42.56999969482422 30.940000534057617 AB 7.665173432433903 1.1118800839343712
60895.4173 lsst_hardware_z 59.99158776209232 55.130001068115234 30.969999313354492 AB 2.0809432717917153 1.1033633466552042
60900.4022 lsst_hardware_r 44.13928188773505 103.29000091552734 32.38999938964844 AB 4.873612285714057 1.1045013678672084
60900.4238 lsst_hardware_y -75.61825844424716 55.79999923706055 30.040000915527344 AB 5.133697897727834 1.096631564595806
60903.4031 lsst_hardware_z 43.823113079729055 65.56999969482422 31.709999084472656 AB 5.353799184382779 1.0988350729914882
60905.3964 lsst_hardware_g 9.828965160864819 17.290000915527344 31.479999542236328 AB 2.7001395218147968 1.0994053427584678
60905.4189 lsst_hardware_y -28.997390477961513 50.279998779296875 30.030000686645508 AB 2.5571707394947154 1.0989130810033156
60913.3992 lsst_hardware_i 2.076557020050529 31.299999237060547 31.239999771118164 AB 2.3419871004317625 1.0999548025511212
60913.4165 lsst_hardware_y 47.0083473813174 51.83000183105469 30.030000686645508 AB 2.330866736696009 1.1154696247398648
60931.3445 lsst_hardware_i -12.29476389236453 45.75 31.299999237060547 AB 3.036105399101643 1.0976519881061615
60931.3646 lsst_hardware_z 117.64098224314043 49.650001525878906 30.959999084472656 AB 3.1434422058966685 1.1121323919679318
60933.3429 lsst_hardware_r -2.7182586665842465 27.989999771118164 31.540000915527344 AB 1.4658564695817569 1.0991175727929487
60933.3616 lsst_hardware_g 34.66809205445347 21.850000381469727 31.559999465942383 AB 1.4670941205987371 1.1150956072450497
60935.2695 lsst_hardware_u 2.9619937231180993 2.640000104904175 28.34000015258789 AB 2.306160619199002 1.1661017794702522
60935.2889 lsst_hardware_r 16.15239764252456 23.31999969482422 31.479999542236328 AB 2.221644780614452 1.1258335036897562
60937.333 lsst_hardware_i 20.50671238180346 31.25 31.239999771118164 AB 6.136641360295052 1.0996087193110338
60937.3532 lsst_hardware_z -19.871297535536886 42.459999084472656 30.940000534057617 AB 5.80082588479206 1.1184111603069522
60939.2584 lsst_hardware_z 62.71796314969076 42.90999984741211 30.93000030517578 AB 4.42565768978401 1.1665654536498213
60939.2769 lsst_hardware_r 13.475601891360558 23.270000457763672 31.479999542236328 AB 4.365648654674089 1.127588976670019
60942.2551 lsst_hardware_u -1.8947711965164973 2.619999885559082 28.34000015258789 AB 4.65095225796231 1.1545599316414508
60942.274 lsst_hardware_g -7.035225712599825 14.149999618530273 31.40999984741211 AB 4.503849148901936 1.1195018287553749
60946.2511 lsst_hardware_z -42.84578258246674 42.599998474121094 30.940000534057617 AB 3.777631733537347 1.1397003344424428
60946.2693 lsst_hardware_r 24.986977986333798 23.34000015258789 31.489999771118164 AB 3.7908827747768434 1.1116143317281837
60949.29 lsst_hardware_z 2.857899400034571 42.29999923706055 30.940000534057617 AB 5.156382598502065 1.0966360269038362
60949.3087 lsst_hardware_r 33.38925096213388 23.5 31.479999542236328 AB 4.886770828991593 1.1053541798216677
60951.2835 lsst_hardware_i -11.66661303763097 44.25 31.290000915527344 AB 2.901538468201577 1.0965753848078523
60951.3022 lsst_hardware_z -60.133436814294434 47.380001068115234 30.959999084472656 AB 3.6337574040404195 1.1044855331429846
60954.2888 lsst_hardware_r -143.19385958991236 103.44999694824219 31.649999618530273 AB 6.548047384816919 1.1008205186018918
60954.3066 lsst_hardware_z -64.98191892547788 71.66000366210938 30.979999542236328 AB 6.38186735739523 1.1181545961270458
60956.2836 lsst_hardware_y 5.197133133454505 62.970001220703125 30.049999237060547 AB 4.176002693518972 1.10097619127828
60956.3025 lsst_hardware_r 121.5075156130357 120.30000305175781 31.639999389648438 AB 3.821612784182814 1.1200506401469588
60958.2131 lsst_hardware_r 246.37671872903346 78.43000030517578 31.6200008392334 AB 3.048832458638937 1.1507199315489476
60958.2305 lsst_hardware_i -58.09360738610648 64.86000061035156 31.309999465942383 AB 2.925889788785188 1.1192437827676842
60960.2121 lsst_hardware_z -5.482522291414137 46.75 30.940000534057617 AB 6.2768616501458805 1.1412475727537965
60960.2299 lsst_hardware_r -70.15998363577415 38.560001373291016 31.579999923706055 AB 6.121357229764856 1.1129740417754284
60962.2113 lsst_hardware_u 3.5607201729065068 2.619999885559082 28.309999465942383 AB 7.134157594479985 1.1324059673777755
