data/validation/pwv_sim_epoch_fit_seasonal/34932478.ecsv
# %ECSV 0.9
# ---
# datatype:
# - {name: time, datatype: float64}
# - {name: band, datatype: string}
# - {name: flux, datatype: float64}
# - {name: fluxerr, datatype: float64}
# - {name: zp, datatype: float64}
# - {name: zpsys, datatype: string}
# - {name: pwv, datatype: float64}
# - {name: airmass, datatype: float64}
# meta: {SNID: '34932478', alt: 1024.0, c: -0.0013775244588032365, dec: -23.806295, lat: -30.244573, lon: -70.7499537, ra: 312.539062,
#   t0: 62988.36328125, x0: 3.138252525608915e-06, x1: 0.7496427297592163, z: 0.742046594619751}
# schema: astropy-2.0
time band flux fluxerr zp zpsys pwv airmass
62984.3439 lsst_hardware_r 829.6362680945233 39.0409673606984 31.479999542236328 AB 4.806969689614486 1.2935871070008131
62984.3622 lsst_hardware_i 1137.3808560775346 47.12276902434856 31.239999771118164 AB 4.23574016060727 1.201514795936253
62990.3521 lsst_hardware_r 784.3984094270303 44.863350839897564 31.559999465942383 AB 9.710885792281893 1.175474146440538
62990.3705 lsst_hardware_i 1111.191003855983 46.436021003136894 31.239999771118164 AB 9.158985164283596 1.1125962643255876
62995.3597 lsst_hardware_z 1490.8778077210413 93.64135904269993 31.729999542236328 AB 8.602047882847863 1.104455014810023
63002.3597 lsst_hardware_i 868.5904395770175 43.64197894998343 31.270000457763672 AB 4.351825749182039 1.0594398480521074
63002.3795 lsst_hardware_u -0.47707870109127215 3.3984020251638154 28.670000076293945 AB 4.541228440474857 1.028357889600381
63005.3562 lsst_hardware_g 17.146227819606512 17.138932261127387 31.479999542236328 AB 8.682581032415394 1.0507359054960137
63005.3763 lsst_hardware_r 421.0329566849683 32.006064009306314 31.530000686645508 AB 9.786864439206338 1.0227677332225247
63010.2387 lsst_hardware_r 341.8884364501863 30.692849514132668 31.399999618530273 AB 11.608355960154194 1.5561146531630763
63010.2583 lsst_hardware_u 0.8245515053021328 2.5216123540349566 28.1200008392334 AB 9.434566720300355 1.3884401790952312
63013.2608 lsst_hardware_r 210.7499213733061 29.570492522516993 31.469999313354492 AB 4.609466762350536 1.3169905035287246
63013.2806 lsst_hardware_i 331.8208452974068 39.270869710301945 31.239999771118164 AB 4.243022109891583 1.2122920313975951
63015.2391 lsst_hardware_i 357.59779676238605 39.83707975449099 31.200000762939453 AB 12.834353459236596 1.4305959863903797
63015.2582 lsst_hardware_z 407.794296773874 48.872582005433266 30.93000030517578 AB 10.826597044427956 1.2998155567986018
63016.3641 lsst_hardware_z 396.8105229336522 45.307650308793804 30.959999084472656 AB 12.375654550837321 1.0096530961740104
63016.3841 lsst_hardware_r 190.78587690620782 28.20230348361979 31.530000686645508 AB 12.99965375495986 1.0071915720323752
63021.3629 lsst_hardware_i 273.2128766859162 63.8207819516029 31.329999923706055 AB 12.080479577883395 1.0066227462614017
63021.3842 lsst_hardware_z 318.020277376358 58.51387053189339 30.979999542236328 AB 11.825320327543224 1.0129187826068253
63031.2564 lsst_hardware_r 111.19778901690964 25.929196388840484 31.5 AB 13.936775104225488 1.1190601496888848
63031.2769 lsst_hardware_i 118.35362182028922 34.37406638678604 31.25 AB 13.240157304052566 1.066779607674653
63033.3094 lsst_hardware_u -1.4322624931994434 2.8415639831020676 28.510000228881836 AB 6.588464060723316 1.0144422183417137
63033.3307 lsst_hardware_g -5.8770469555062315 15.706765767670692 31.479999542236328 AB 6.529164833615585 1.0066033455391723
63034.378 lsst_hardware_r 64.51986910421196 25.4159083631074 31.520000457763672 AB 3.871228724812364 1.0462780337330713
63034.3964 lsst_hardware_i 126.05595573312185 34.14101715713176 31.25 AB 4.009507303454932 1.0836506225553868
63040.2163 lsst_hardware_z 133.1909505048564 44.807513011322975 30.940000534057617 AB 3.6960145445955215 1.1727174652340004
63040.2308 lsst_hardware_r 48.99312672713444 25.147629227051453 31.5 AB 3.5690983558542873 1.122210933322545
63046.1447 lsst_hardware_z 207.76649385331817 73.80276657048461 31.649999618530273 AB 7.161969754114365 1.5146922285754736
63046.1638 lsst_hardware_r -4.094892300251369 56.472167428552076 32.27000045776367 AB 6.5410356915644945 1.361770095398576
63051.1524 lsst_hardware_z 271.76469658557505 122.72678524719663 31.709999084472656 AB 11.778069668446756 1.3466422373527804
63061.1511 lsst_hardware_z 148.21497746080163 44.529710575659834 30.93000030517578 AB 9.042923271014232 1.2053882727261485
63061.1683 lsst_hardware_r 34.871164410300175 25.22497921104792 31.489999771118164 AB 8.304793696297658 1.1388650418893778
63062.2049 lsst_hardware_r -40.533890715597394 25.214948892308648 31.520000457763672 AB 6.678280602619893 1.0434813441593582
63062.231 lsst_hardware_u 5.436123653395696 2.949060666696779 28.559999465942383 AB 5.8189427527327116 1.0139002908783583
63070.1493 lsst_hardware_g 9.87720861635522 15.557121945066596 31.43000030517578 AB 6.501580354198864 1.120962130034287
63070.1685 lsst_hardware_r 49.520236496942694 25.259822974331453 31.510000228881836 AB 5.71766160899363 1.0708902654584604
63071.1401 lsst_hardware_g 8.767928989200254 15.720662656051239 31.440000534057617 AB 7.07980862515841 1.1419046169610338
63071.1541 lsst_hardware_r 23.68440160269497 25.542602451436785 31.510000228881836 AB 6.815516844713305 1.0992769104376299
63073.1872 lsst_hardware_r 95.93607396215741 25.274273762746688 31.530000686645508 AB 11.166563947400485 1.0265430260989237
63073.2061 lsst_hardware_u -5.385268895525445 2.973278778102882 28.579999923706055 AB 11.00063644746162 1.0108014530926395
63077.1717 lsst_hardware_z 30.44750808901604 50.880001068115234 30.979999542236328 AB 4.98084502388796 1.0321925238602505
63077.1897 lsst_hardware_i -0.8640481489294249 49.189998626708984 31.31999969482422 AB 4.961681614490349 1.014140340212577
63082.0685 lsst_hardware_z -3.1940530285159277 97.8499984741211 30.959999084472656 AB 1.943820146025849 1.3417994565295783
63082.0861 lsst_hardware_r -156.13548504121394 137.6999969482422 31.610000610351562 AB 2.3277460751620165 1.241299066877492
63085.1822 lsst_hardware_i -0.15507918501550197 46.33000183105469 31.309999465942383 AB 2.823738668460421 1.0074586436797601
63085.2034 lsst_hardware_z -30.629785891427662 48.7599983215332 30.969999313354492 AB 2.8497983305433148 1.0096418755430834
63092.0756 lsst_hardware_i 67.96178931945173 32.529998779296875 31.239999771118164 AB 3.940446809869941 1.1677993064740138
63092.0903 lsst_hardware_r 13.264607430403151 24.649999618530273 31.510000228881836 AB 3.992582118012101 1.11771807806241
63095.0589 lsst_hardware_z 60.34307716605112 44.040000915527344 30.940000534057617 AB 4.7238905780238545 1.20261980092257
63095.0775 lsst_hardware_u -0.9358432796323738 2.809999942779541 28.43000030517578 AB 4.416520200668305 1.132150782022124
63100.1039 lsst_hardware_i 2.4824138167343253 31.809999465942383 31.270000457763672 AB 2.823564623147501 1.0392214292040858
63100.1312 lsst_hardware_z 37.514186847184014 41.439998626708984 30.950000762939453 AB 2.043525813969223 1.0114378126471715
63101.077 lsst_hardware_z 16.000187965645278 42.599998474121094 30.950000762939453 AB 2.313878611694007 1.086838239405358
63101.0952 lsst_hardware_r -1.0700233100749512 24.760000228881836 31.530000686645508 AB 2.43719980389068 1.0488218628900183
63102.1253 lsst_hardware_r -44.01489288301 25.450000762939453 31.540000915527344 AB 2.8112228964265173 1.0116861525601502
63102.1432 lsst_hardware_z 68.0228545079893 41.470001220703125 30.950000762939453 AB 2.7590708852137866 1.006592807447569
63107.0851 lsst_hardware_z 7.271666635573115 97.16000366210938 31.739999771118164 AB 5.174383387927805 1.0387546951139865
63109.0791 lsst_hardware_r 86.54023260513449 141.92999267578125 31.65999984741211 AB 3.9927790778041614 1.0395606190854836
63109.0981 lsst_hardware_z 166.81808036723652 92.29000091552734 31.0 AB 3.4057196334175295 1.0173919741351845
63110.0892 lsst_hardware_r -67.49096978205607 122.63999938964844 31.670000076293945 AB 1.126217346337203 1.0232138216267743
63110.1069 lsst_hardware_z 59.45340801619851 83.6500015258789 31.0 AB 1.0341441297875085 1.0099063767456138
63111.9743 lsst_hardware_z -31.416741282903285 64.52999877929688 30.93000030517578 AB 4.431042255715516 1.4303297126721235
63111.9928 lsst_hardware_i -15.596775955719915 33.290000915527344 31.219999313354492 AB 3.694992031798041 1.3031566313468477
63113.0834 lsst_hardware_r 16.191812306928085 48.880001068115234 31.6299991607666 AB 0.9837996480623121 1.020803785278335
63113.1027 lsst_hardware_y -24.201431342246007 49.4900016784668 30.059999465942383 AB 0.9354715649983759 1.0083228940965376
63116.9769 lsst_hardware_y 32.876112175534935 75.54000091552734 29.979999542236328 AB 3.2843068865859206 1.3167072911609998
63116.9933 lsst_hardware_r 19.632620473282973 24.93000030517578 31.489999771118164 AB 3.06482069461201 1.2278519125077327
63121.9802 lsst_hardware_y -7.157521387606898 66.26000213623047 30.010000228881836 AB 3.276578465491089 1.2252326691562452
63121.9971 lsst_hardware_u -6.785887376242466 2.869999885559082 28.450000762939453 AB 3.0716702867902863 1.1550889486848872
63123.981 lsst_hardware_y -19.93070718568048 65.44999694824219 30.010000228881836 AB 2.7564439462913644 1.1970659870977303
63123.9974 lsst_hardware_r -0.0544520772550373 24.670000076293945 31.510000228881836 AB 2.62977232568087 1.135153521876229
63131.0053 lsst_hardware_z 13.535421274868487 42.439998626708984 30.950000762939453 AB 2.7093669246095944 1.063817914250217
63131.0206 lsst_hardware_r 23.684094684144455 26.010000228881836 31.540000915527344 AB 2.6461740250592802 1.0372407493536082
63132.9864 lsst_hardware_y 51.549498611558754 61.22999954223633 30.040000915527344 AB 2.797503598972631 1.095056210453796
63133.0047 lsst_hardware_i 32.919920213385744 39.209999084472656 31.280000686645508 AB 2.95966750975403 1.05438814027575
63136.9919 lsst_hardware_y 2.3912910395574674 60.2400016784668 30.059999465942383 AB 4.54375930139874 1.0579183472406593
63137.0136 lsst_hardware_z 50.36927002006627 68.01000213623047 30.989999771118164 AB 4.8229039659472575 1.0252408785007456
63143.9975 lsst_hardware_y 29.28827482581351 48.900001525878906 30.059999465942383 AB 3.3693300271617965 1.022041464255348
63144.0112 lsst_hardware_i 13.812410940470716 31.479999542236328 31.260000228881836 AB 2.7885648036007584 1.011357259443561
63151.9899 lsst_hardware_y -137.5888730406921 81.5 30.079999923706055 AB 5.030276778766575 1.0110601032644742
63152.0084 lsst_hardware_u 1.6617627289707475 3.1500000953674316 28.549999237060547 AB 5.710170085369795 1.0066408259796908
63155.9927 lsst_hardware_y -53.68196342819263 73.63999938964844 30.079999923706055 AB 6.578341275891412 1.0067348787264314
63156.0113 lsst_hardware_z 43.245917397455024 41.7599983215332 30.950000762939453 AB 7.1554759628633064 1.0104701510350824
