data/validation/pwv_sim_epoch_fit_seasonal/34977100.ecsv
# %ECSV 0.9
# ---
# datatype:
# - {name: time, datatype: float64}
# - {name: band, datatype: string}
# - {name: flux, datatype: float64}
# - {name: fluxerr, datatype: float64}
# - {name: zp, datatype: float64}
# - {name: zpsys, datatype: string}
# - {name: pwv, datatype: float64}
# - {name: airmass, datatype: float64}
# meta: {SNID: '34977100', alt: 1024.0, c: 0.05433854088187218, dec: 1.193748, lat: -30.244573, lon: -70.7499537, ra: 43.066406, t0: 60599.48046875,
#   x0: 3.0214243912746214e-05, x1: 1.262195348739624, z: 0.28718629479408264}
# schema: astropy-2.0
time band flux fluxerr zp zpsys pwv airmass
60531.4175 lsst_hardware_i 26.637686653109004 33.09000015258789 31.239999771118164 AB 5.892861641100534 1.1787294921523939
60537.3854 lsst_hardware_i 19.593937840708765 32.810001373291016 31.239999771118164 AB 5.802835037426186 1.196090907436089
60537.4057 lsst_hardware_z -26.20280773663906 43.779998779296875 30.940000534057617 AB 5.692783463192389 1.1759519651295989
60539.386 lsst_hardware_r -178.02232109821347 79.4000015258789 32.779998779296875 AB 2.8807494964223905 1.187937936669027
60539.4025 lsst_hardware_y -3.643643938114287 71.0199966430664 30.760000228881836 AB 2.822232619385862 1.1749511321339974
60541.408 lsst_hardware_r -86.22760493984141 80.05999755859375 31.6200008392334 AB 1.900230678928932 1.1735251992767837
60541.4262 lsst_hardware_y 0.35171854731309815 68.36000061035156 30.010000228881836 AB 2.958905254588985 1.1837593950681053
60549.316 lsst_hardware_g -44.526475996474126 22.18000030517578 31.5 AB 3.968752643730324 1.2895329720774367
60549.3326 lsst_hardware_r 21.752856694088248 31.8700008392334 31.530000686645508 AB 3.787186601612455 1.2371036372862985
60555.3207 lsst_hardware_z -49.7426815614203 44.41999816894531 30.93000030517578 AB 1.9075971902798938 1.2259622045500602
60555.3376 lsst_hardware_r 1.2302307545339326 24.520000457763672 31.479999542236328 AB 1.2156264315433205 1.1941320545612186
60557.3535 lsst_hardware_u -1.200386486798144 2.700000047683716 28.350000381469727 AB 1.4492438192562764 1.1749037853719306
60557.3713 lsst_hardware_r 6.555242954785804 24.459999084472656 31.489999771118164 AB 1.4459669858638986 1.175582915336503
60559.3397 lsst_hardware_i 4.2940954338583905 32.41999816894531 31.229999542236328 AB 2.8196236774950627 1.1797588608765952
60559.3574 lsst_hardware_z -13.958759252910784 43.599998474121094 30.93000030517578 AB 2.764125635507348 1.1733942134600317
60568.3481 lsst_hardware_i 11.812901711542647 45.27000045776367 31.280000686645508 AB 4.92141936681358 1.1798428209323215
60568.3675 lsst_hardware_z 24.241117944075665 48.880001068115234 30.950000762939453 AB 4.939711561107064 1.20451391394954
60571.265 lsst_hardware_i 2.2072938478399395 89.91000366210938 31.299999237060547 AB 7.044655907363825 1.258648545178527
60571.2862 lsst_hardware_z -6.812216651541435 76.56999969482422 30.979999542236328 AB 6.688678712612901 1.2067437125276985
60574.2 lsst_hardware_z -106.5193298789862 85.0504109265902 30.93000030517578 AB 3.4664901700786994 1.5756773500357724
60574.2223 lsst_hardware_i -30.41623901557695 89.34439721910142 31.280000686645508 AB 2.84878964555751 1.4113399284400274
60580.2626 lsst_hardware_r 1090.603109320834 41.178560111134566 31.479999542236328 AB 4.128275625758714 1.2049841289429988
60580.2818 lsst_hardware_i 946.0567733441708 43.82009363499189 31.239999771118164 AB 4.024827287229516 1.1802147312451172
60584.2903 lsst_hardware_u 32.812642883040326 6.292532668461653 28.43000030517578 AB 4.251880664049453 1.1734991137927144
60584.31 lsst_hardware_r 3430.0695755395896 64.05320677765658 31.479999542236328 AB 3.791222495341191 1.1850039056078288
60586.2904 lsst_hardware_i 3469.372620802081 66.70819609311168 31.229999542236328 AB 3.2279424060777426 1.174865297935484
60586.3094 lsst_hardware_z 2543.535445630324 65.83205691421914 30.93000030517578 AB 3.195980302255707 1.1907527206615898
60590.2854 lsst_hardware_g 5069.3342109949435 72.81173486059782 31.420000076293945 AB 4.39527018139546 1.1779355497754496
60590.3056 lsst_hardware_r 7236.791340330227 88.26677055505218 31.489999771118164 AB 4.422173098866783 1.2013510184370506
60592.2865 lsst_hardware_i 6128.63970942744 84.08722654305735 31.239999771118164 AB 3.8074015058202444 1.1833109235669352
60592.3046 lsst_hardware_z 3945.154377957677 76.07507535403442 30.940000534057617 AB 3.370161782388463 1.209352034588127
60594.2136 lsst_hardware_z 4117.781569454932 77.28303320839171 30.940000534057617 AB 6.750966282683376 1.2274484150333411
60594.2307 lsst_hardware_r 9112.655687536631 99.99128466687367 31.540000915527344 AB 6.571118931592466 1.1947488966531756
60596.2111 lsst_hardware_z 4014.856422760518 79.9083896283612 30.950000762939453 AB 7.689935373554362 1.2206246624689463
60596.2286 lsst_hardware_r 9763.343014252201 110.15114509435531 31.59000015258789 AB 7.497971848948565 1.1901542617378675
60601.2556 lsst_hardware_r 10592.433717172595 179.13795521729898 31.6299991607666 AB 4.248585615454895 1.1780901050340349
60601.2727 lsst_hardware_z 4478.187251159822 118.3527140611494 30.979999542236328 AB 4.3853499522838755 1.1967661108753855
60603.248 lsst_hardware_y 1069.1154152882496 65.23552369109954 30.010000228881836 AB 2.1249394724915116 1.1767628256909937
60603.2651 lsst_hardware_r 10018.925498776483 134.01092911313364 31.6200008392334 AB 2.3645696080127525 1.1936242342315764
60609.1175 lsst_hardware_u 24.85333665336092 5.607241078684416 28.229999542236328 AB 6.18143420665264 1.4715364719852342
60609.1226 lsst_hardware_r 7392.965388456679 89.34717510097765 31.450000762939453 AB 6.089424172399113 1.4370887757392492
60613.2121 lsst_hardware_r 6653.466169711854 84.6112248699111 31.5 AB 4.474957320241082 1.1736310314259524
60613.227 lsst_hardware_u 15.005890637009847 5.209785418442214 28.520000457763672 AB 4.516912587179378 1.1813039631713451
60615.157 lsst_hardware_u 17.53136709888965 4.687202423467197 28.350000381469727 AB 4.780241424564934 1.225702929375624
60615.1763 lsst_hardware_g 2870.0665651800973 55.00799704191855 31.43000030517578 AB 4.204364318483129 1.190700741569742
60617.1576 lsst_hardware_r 5273.23031873912 77.11434342704652 31.489999771118164 AB 6.183870044883337 1.212523538212419
60617.1754 lsst_hardware_i 4499.13603787659 74.17011331667726 31.239999771118164 AB 5.530517186076554 1.1852801513236313
60620.1678 lsst_hardware_z 2226.441945168678 64.28276343706709 30.940000534057617 AB 6.232165083657537 1.1846533448003878
60620.1862 lsst_hardware_r 4629.700535977274 71.87501190266943 31.489999771118164 AB 6.253384971668599 1.1736282966583198
60622.2046 lsst_hardware_z 2424.236310733984 64.6267268343221 30.940000534057617 AB 7.05285529562365 1.1833153467763349
60622.2232 lsst_hardware_r 4009.1481193990826 68.33526219970065 31.479999542236328 AB 9.5204419014901 1.21032823563342
60624.202 lsst_hardware_i 3848.3345320847034 73.30165270897102 31.260000228881836 AB 0.9146531950874703 1.1863206161964597
60624.2192 lsst_hardware_z 2343.8249909533656 67.01064447876918 30.940000534057617 AB 2.852289747584208 1.213224052566656
60626.2029 lsst_hardware_r 3650.625673709675 89.40788183409555 31.610000610351562 AB 5.08547042061061 1.1944733812358714
60626.2212 lsst_hardware_z 2285.0032902308535 74.4692973392488 30.950000762939453 AB 8.216013272433113 1.229896077606824
60631.1829 lsst_hardware_r 2662.688721233102 121.2982672438937 31.6200008392334 AB 6.6313997391868345 1.186332282868618
60631.2028 lsst_hardware_i 3589.875527412737 107.123210649965 31.299999237060547 AB 6.664316893121235 1.218915129287976
60633.1823 lsst_hardware_z 2513.5107619049954 72.85902186243993 30.950000762939453 AB 6.0264898142879275 1.1923805073611726
60633.2015 lsst_hardware_r 2384.217282464105 77.74340368615148 31.59000015258789 AB 6.242543748871196 1.2284643071625483
60640.1092 lsst_hardware_g 363.25417288476456 24.31973925767295 31.40999984741211 AB 4.548562397602409 1.1892184576937435
60640.1299 lsst_hardware_i 2631.525605165894 60.87075218638764 31.239999771118164 AB 4.226265181300055 1.1739625503611262
60644.1467 lsst_hardware_u 9.860062807629154 3.7565975734624497 28.399999618530273 AB 9.603747130825264 1.185550217779494
60644.1664 lsst_hardware_g 275.4612147854896 22.602515145335687 31.3799991607666 AB 9.844446749234448 1.216966385680932
60646.1503 lsst_hardware_r 1113.4788261010171 41.78334559724535 31.479999542236328 AB 7.738960493737103 1.19747079558891
60646.1686 lsst_hardware_i 2253.761160174237 55.82250144494157 31.229999542236328 AB 7.8922614444847525 1.2349313509846225
60650.1493 lsst_hardware_u -1.5825390685606944 3.246927378831362 28.350000381469727 AB 5.473805625871595 1.2154558956083823
60650.1671 lsst_hardware_r 987.969432481486 39.802806558644484 31.469999313354492 AB 5.114578589588438 1.2619241523780997
60652.0724 lsst_hardware_g 347.3875798924321 31.824706889251654 31.56999969482422 AB 6.426222298496756 1.1946501561883975
60652.0914 lsst_hardware_i 1721.9088832698897 54.14475834881944 31.260000228881836 AB 7.369545753957046 1.1761164624891551
60654.0755 lsst_hardware_z 1196.1640621867375 62.881815028755085 30.959999084472656 AB 11.786470010138162 1.18409383264388
60654.0942 lsst_hardware_r 972.6878306384858 64.64650683573583 31.610000610351562 AB 12.406857264879424 1.1735026970801063
60656.1259 lsst_hardware_y 889.6395854391682 89.42668348516793 30.75 AB 12.434409061071074 1.2021858935275536
60658.1181 lsst_hardware_r 824.8154807596464 121.49872252285262 31.6200008392334 AB 9.325152118216987 1.198351211369872
60658.136 lsst_hardware_i 1487.8019383551407 102.5358454345935 31.299999237060547 AB 9.726039666813024 1.2353543299322844
60660.1204 lsst_hardware_z 892.1445550855968 73.19378082115742 30.969999313354492 AB 11.660346890743138 1.2121992782545064
60660.1381 lsst_hardware_r 853.4490268220494 98.35270071694994 31.610000610351562 AB 11.781352759972313 1.2566441172205873
60663.0428 lsst_hardware_y 416.8396159709923 57.65550491140042 30.0 AB 6.090995710209194 1.1940202323373776
60663.0658 lsst_hardware_i 1208.83368546829 48.18362917370467 31.239999771118164 AB 6.377960424257984 1.174308018275348
60665.043 lsst_hardware_y 128.8776297121225 54.88999938964844 30.010000228881836 AB 6.493511801181755 1.1867520806303222
60665.0642 lsst_hardware_r 13.868759868869306 24.239999771118164 31.489999771118164 AB 6.336093744527004 1.1734955694271523
60668.0436 lsst_hardware_y -18.11523206117943 76.58000183105469 30.760000228881836 AB 8.47470395793759 1.1786246290766664
60668.0645 lsst_hardware_g -3.659677756882657 20.850000381469727 32.15999984741211 AB 8.342982228461251 1.1741859019226757
60670.0451 lsst_hardware_z 71.13363331148456 48.7400016784668 30.950000762939453 AB 7.432061628407643 1.1748437604187065
60670.0669 lsst_hardware_i 32.143555418945326 32.439998626708984 31.229999542236328 AB 7.603166518674424 1.1778724273701664
60672.0432 lsst_hardware_y 0.12931210662191586 56.630001068115234 30.010000228881836 AB 9.646299868756078 1.173801395565354
60672.0652 lsst_hardware_r 5.281624900830984 24.389999389648438 31.5 AB 9.734152110220526 1.1806843483801959
60674.0428 lsst_hardware_y -39.23756416527784 56.34000015258789 30.010000228881836 AB 8.831333755313654 1.1733522853858258
60674.0639 lsst_hardware_r -15.996323362463592 24.549999237060547 31.489999771118164 AB 8.916080462106992 1.184598821360523
60676.0443 lsst_hardware_y 55.737368491170585 56.65999984741211 30.010000228881836 AB 8.097092687135666 1.1747115210411487
60676.0658 lsst_hardware_z -6.313129450130241 43.599998474121094 30.93000030517578 AB 8.22512683350016 1.193634555151257
60895.4139 lsst_hardware_z 89.25053066108808 57.11000061035156 30.959999084472656 AB 1.659037600899923 1.1850268577856593
60900.4001 lsst_hardware_r 46.8336917243489 77.25 31.6200008392334 AB 5.321496911682185 1.1851886217554977
60900.4214 lsst_hardware_y 35.043736815014135 56.70000076293945 30.020000457763672 AB 5.4493844436467525 1.1734247294674316
60903.3997 lsst_hardware_z -35.392800470311066 99.4800033569336 32.459999084472656 AB 5.667314527668111 1.1783583590120548
60905.3996 lsst_hardware_g -37.48531633567466 25.90999984741211 32.22999954223633 AB 2.851235905539564 1.1753634787521392
60905.4208 lsst_hardware_y -6.0755249797849356 52.869998931884766 30.010000228881836 AB 2.7125825226986238 1.176867937104866
60907.3587 lsst_hardware_i 38.31142319600804 46.459999084472656 31.979999542236328 AB 3.202459733539281 1.2218465217624117
60907.3805 lsst_hardware_y -39.86370116548107 69.18000030517578 30.75 AB 1.922349454098692 1.1857205576553227
60911.4127 lsst_hardware_g 28.92887406063585 16.549999237060547 31.43000030517578 AB 4.50622047711865 1.1832785340034533
60913.4016 lsst_hardware_i 1.784374267226024 32.2599983215332 31.229999542236328 AB 2.3993408522056443 1.1785546551972057
60913.4189 lsst_hardware_y 133.24429356565318 59.09000015258789 30.010000228881836 AB 2.81064977790567 1.1980604338898848
60931.3465 lsst_hardware_i 67.94114304634947 48.279998779296875 31.290000915527344 AB 3.2794956560729647 1.1752358559662048
60931.3665 lsst_hardware_z 5.92166468956722 51.970001220703125 30.950000762939453 AB 3.3321213785431802 1.1932395267835918
60933.3453 lsst_hardware_r -16.3219869235892 29.450000762939453 31.530000686645508 AB 1.5917022527122997 1.1774397135092833
60933.3639 lsst_hardware_g 19.202286796391327 22.940000534057617 31.540000915527344 AB 1.620545411290956 1.197447348244549
60935.2676 lsst_hardware_u -0.012526746724827552 2.640000104904175 28.290000915527344 AB 2.4994741805826526 1.2612989977708928
60935.287 lsst_hardware_r -23.340714327880676 24.18000030517578 31.479999542236328 AB 2.396176565275015 1.2118222683453588
60937.335 lsst_hardware_i -16.003021191909426 32.33000183105469 31.229999542236328 AB 5.787093460495872 1.1778344899245328
60937.3551 lsst_hardware_z 46.666343051134746 43.91999816894531 30.93000030517578 AB 6.324439829749384 1.2008430056486172
60942.2527 lsst_hardware_u -3.9363114620632134 2.5999999046325684 28.280000686645508 AB 4.9503783181845735 1.2485978480823692
60942.2716 lsst_hardware_g 2.318373341673475 14.510000228881836 31.389999389648438 AB 4.756515347615881 1.204841984451188
60946.2555 lsst_hardware_z -21.815776664955216 43.630001068115234 30.93000030517578 AB 4.069054649577383 1.2147942727933474
60946.2736 lsst_hardware_r 13.040986687449697 23.889999389648438 31.479999542236328 AB 3.937292605101257 1.186199474309334
60949.2919 lsst_hardware_z -62.52827477078802 43.61000061035156 30.940000534057617 AB 5.25807411351911 1.173677257481944
60949.3107 lsst_hardware_r 11.79627435385722 24.200000762939453 31.479999542236328 AB 5.266423991384188 1.1850639044518874
60951.2865 lsst_hardware_i -42.39862145377607 45.290000915527344 31.270000457763672 AB 3.1341360158485054 1.173687186062354
60951.3051 lsst_hardware_z 10.09748752461028 48.970001220703125 30.950000762939453 AB 3.8233306298821312 1.184916517525454
60954.2918 lsst_hardware_r -105.2354103887511 108.41000366210938 31.6200008392334 AB 6.744373802646114 1.1801695266890264
60954.3095 lsst_hardware_z -47.13281290597918 75.66000366210938 30.969999313354492 AB 6.88063793057629 1.2022081416266086
60956.2861 lsst_hardware_y 107.6467248421453 68.05999755859375 30.020000457763672 AB 4.470936082403414 1.1799778523102176
60956.305 lsst_hardware_r -29.32345828879385 134.66000366210938 31.6200008392334 AB 4.097955163939513 1.203864619253237
60958.2107 lsst_hardware_r -83.30863461074165 86.37000274658203 31.600000381469727 AB 3.268811293772888 1.243839913916722
60958.2281 lsst_hardware_i -29.412289872298604 72.93000030517578 31.299999237060547 AB 3.189762898659374 1.2045174266447065
60960.2102 lsst_hardware_z 17.994153074172576 48.0 30.940000534057617 AB 6.7695821425902745 1.2308331168345954
60960.228 lsst_hardware_r 28.57454615009368 39.4900016784668 31.559999465942383 AB 6.576831402641365 1.1957875277529755
60962.2094 lsst_hardware_u -1.3221229740668101 2.5899999141693115 28.25 AB 7.685675556332291 1.2199485010051256
60962.2277 lsst_hardware_r 15.972929315405027 24.3799991607666 31.479999542236328 AB 7.489386856063897 1.1887915644545868
60964.2529 lsst_hardware_i 12.315389432526166 32.689998626708984 31.239999771118164 AB 8.552151471308747 1.1740741065748195
60964.2707 lsst_hardware_z 37.610839663298144 44.11000061035156 30.940000534057617 AB 8.64112326805323 1.1860985452122677
60966.2515 lsst_hardware_r 31.12272012930514 24.329999923706055 31.489999771118164 AB 6.054588455842689 1.1754770578735765
60966.2693 lsst_hardware_u -4.0868935377325 2.7699999809265137 28.399999618530273 AB 6.13045096893138 1.1910148076994531
