data/validation/pwv_sim_epoch_fit_seasonal/35047363.ecsv
# %ECSV 0.9
# ---
# datatype:
# - {name: time, datatype: float64}
# - {name: band, datatype: string}
# - {name: flux, datatype: float64}
# - {name: fluxerr, datatype: float64}
# - {name: zp, datatype: float64}
# - {name: zpsys, datatype: string}
# - {name: pwv, datatype: float64}
# - {name: airmass, datatype: float64}
# meta: {SNID: '35047363', alt: 1024.0, c: 0.044869814068078995, dec: -40.033035, lat: -30.244573, lon: -70.7499537, ra: 7.382812, t0: 59888.1953125,
#   x0: 2.792786978239036e-06, x1: 0.16215869784355164, z: 0.7783708572387695}
# schema: astropy-2.0
time band flux fluxerr zp zpsys pwv airmass
59842.283 lsst_hardware_u -1.6519536414794354 2.609999895095825 28.3700008392334 AB 7.380578984978416 1.0696491282577414
59842.295 lsst_hardware_g -32.44753588835921 13.699999809265137 31.3799991607666 AB 7.316666122726728 1.0942172666091816
59844.2748 lsst_hardware_r 27.97663588577017 22.59000015258789 31.489999771118164 AB 1.7323407081597784 1.0647453645726972
59844.2881 lsst_hardware_z -23.32631630494876 42.060001373291016 30.950000762939453 AB 1.7985065804757945 1.0909958025330873
59850.2998 lsst_hardware_g 27.269523958190817 13.680000305175781 31.360000610351562 AB 4.3927230846127765 1.169002861158372
59850.3118 lsst_hardware_r 30.472256927139675 23.139999389648438 31.450000762939453 AB 4.572086141814615 1.2134523311757064
59853.253 lsst_hardware_g 13.137846849501605 13.42293042488167 31.3799991607666 AB 5.0406609899969474 1.0697119492087983
59853.2645 lsst_hardware_r -16.93455452480442 22.45346692007564 31.469999313354492 AB 5.189622616823793 1.0931658369941988
59856.0506 lsst_hardware_i -12.427045891881518 43.15918816592696 31.25 AB 2.9845799833583464 1.2970795234064956
59856.0593 lsst_hardware_z 6.4903456581125525 49.233577645240466 30.93000030517578 AB 2.935404988964683 1.2546252980332822
59860.2452 lsst_hardware_i 131.22675844523485 85.34167467816673 31.329999923706055 AB 3.4740206155181714 1.092745671984746
59860.2563 lsst_hardware_r 137.33191010029338 107.63157705339492 31.639999389648438 AB 4.215622812656979 1.1199848067634013
59862.2403 lsst_hardware_z 254.61535988099652 101.60479707095716 31.739999771118164 AB 2.9003981850336733 1.0940082422960582
59864.2407 lsst_hardware_r 42.302947645610324 71.68637547189103 31.639999389648438 AB 6.093537037503066 1.1079158250005574
59864.2519 lsst_hardware_i 228.78274314406573 59.99536425135059 31.309999465942383 AB 6.1662922227509975 1.1383223597472765
59867.2378 lsst_hardware_z 236.25483593558263 48.4397506660135 30.959999084472656 AB 7.184058193790211 1.1216328171413288
59867.2489 lsst_hardware_r 160.9001238857306 44.44142393556503 31.59000015258789 AB 7.397958757521853 1.15424777785342
59869.2295 lsst_hardware_i 415.88565352840055 36.60184839043025 31.239999771118164 AB 5.870365067552716 1.1141326755652043
59869.241 lsst_hardware_u 3.2271919637455326 3.4497918956594664 28.5 AB 6.0008051318973346 1.1466141457719183
59871.1845 lsst_hardware_u 3.076483907095697 2.9207218836668725 28.440000534057617 AB 2.6804273981550817 1.0402693653900705
59871.1944 lsst_hardware_g 73.87803923497295 15.536882912170563 31.399999618530273 AB 2.7336457235748335 1.05383412628174
59873.1839 lsst_hardware_r 470.7152489941174 29.81242408550099 31.510000228881836 AB 2.6038145222456497 1.0465492452755827
59873.1946 lsst_hardware_i 582.1837991950139 39.06711349902354 31.260000228881836 AB 2.7102682930957522 1.0629892638628913
59875.2236 lsst_hardware_u -3.007177388748874 2.850791522567506 28.3799991607666 AB 3.9099475323331028 1.1435102821768233
59875.2342 lsst_hardware_g 109.02947967776801 16.3535164096615 31.360000610351562 AB 4.210754623903468 1.17821796126548
59877.2113 lsst_hardware_r 510.9317272119523 32.21082749391896 31.479999542236328 AB 4.986760632244063 1.1238192530599145
59877.2233 lsst_hardware_i 749.6939356279054 41.99576382579002 31.229999542236328 AB 5.122598279252036 1.1597460446575765
59879.2112 lsst_hardware_z 515.3070154857336 48.7475005102697 30.940000534057617 AB 3.6128871570922785 1.1390832055150244
59879.2224 lsst_hardware_r 538.829309529117 33.18014046355297 31.479999542236328 AB 3.635584629752785 1.1751384661830722
59883.165 lsst_hardware_z 700.5711380484006 49.07873151118463 30.959999084472656 AB 4.018427332623283 1.0591532242024093
59883.1764 lsst_hardware_g 94.9840548856579 19.65648095591073 31.510000228881836 AB 3.736684459536639 1.079966606802303
59887.2041 lsst_hardware_z 1531.338356348775 92.11201965427988 31.719999313354492 AB 5.502723754543552 1.1878091281932064
59896.0775 lsst_hardware_z 688.3058037490702 47.26261491580877 30.950000762939453 AB 4.461554860953179 1.0146815694686135
59896.0891 lsst_hardware_r 489.7991781072744 30.074832446981162 31.489999771118164 AB 3.4394786113394105 1.0179485852136567
59898.0949 lsst_hardware_u 8.478551283172589 2.693020671718378 28.469999313354492 AB 4.303587389818423 1.0246636642424816
59899.1473 lsst_hardware_z 596.8955201026514 48.08314032016616 30.93000030517578 AB 6.57000142179876 1.113402302804576
59899.1593 lsst_hardware_i 828.393144098655 41.57442297325384 31.219999313354492 AB 6.74074879162401 1.1472801290616002
59901.1506 lsst_hardware_u 1.0383933241179177 2.6173968775072542 28.360000610351562 AB 5.486007146552271 1.1375267526934365
59901.1621 lsst_hardware_g 31.59282991623897 14.435760889941152 31.3700008392334 AB 5.538510650157215 1.1743462815069632
59903.057 lsst_hardware_u 1.5348587865828103 2.6031877033941497 28.399999618530273 AB 6.638791786503115 1.0145369751673041
59903.0687 lsst_hardware_g 9.514065952833285 14.253033574319359 31.40999984741211 AB 6.671218460138409 1.0174063864988359
59905.0625 lsst_hardware_r 303.1954480523885 27.333669129707392 31.489999771118164 AB 4.577018222329829 1.0171151605177398
59905.0762 lsst_hardware_i 650.3394506777405 38.8119030898041 31.25 AB 4.48889761035077 1.0249794749059868
59909.0506 lsst_hardware_u 3.6916270498557515 2.780879505008433 28.530000686645508 AB 4.373053891664177 1.0167528229863234
59909.0622 lsst_hardware_r 157.66869679298125 26.398528153901175 31.5 AB 4.487177549584194 1.02275738100242
59913.0994 lsst_hardware_r 194.62800524414837 36.70138169866456 31.579999923706055 AB 5.461922573058979 1.0903491961124312
59913.1117 lsst_hardware_z 351.5775470824374 48.892891717983204 30.950000762939453 AB 5.6594105235560175 1.1203056133730156
60133.4053 lsst_hardware_z -53.57661852757192 105.37000274658203 31.010000228881836 AB 1.6698498261149581 1.0186669672807431
60133.4169 lsst_hardware_y 113.13822495038421 114.5 30.09000015258789 AB 2.151562704852646 1.0148880683268187
60140.4407 lsst_hardware_i -63.28969361829404 85.9000015258789 31.34000015258789 AB 4.7363798769918715 1.0328661503943894
60144.4339 lsst_hardware_u 82.13069490767613 29.200000762939453 29.530000686645508 AB 3.174212351036723 1.0373242977244193
60147.4247 lsst_hardware_z -76.55365539510044 107.68000030517578 31.010000228881836 AB 5.180923110400481 1.036184622080096
60147.4364 lsst_hardware_r -79.3357773094508 81.16000366210938 31.649999618530273 AB 5.256432098188409 1.0512864196376817
60153.4246 lsst_hardware_r 61.955863620192616 80.05000305175781 31.649999618530273 AB 3.8101108499895533 1.058364124997098
60153.4349 lsst_hardware_u 35.82604416722123 28.649999618530273 29.489999771118164 AB 3.8765240599546957 1.0768122388763044
60158.4054 lsst_hardware_y 267.1959432632714 164.66000366210938 30.829999923706055 AB 1.9594144808014067 1.049873806466194
60160.1445 lsst_hardware_z -221.53346481861894 244.24000549316406 32.810001373291016 AB 2.788633200060748 1.9754190319202465
60164.3928 lsst_hardware_z -50.170795614424826 105.05000305175781 31.0 AB 1.477769642669509 1.055549744763935
60164.4041 lsst_hardware_r 144.78087794154345 79.7300033569336 31.639999389648438 AB 1.505432433144419 1.0753088808174422
60165.3955 lsst_hardware_i 140.1316341204478 85.56999969482422 31.34000015258789 AB 4.203401403571638 1.0645115828731144
60165.4066 lsst_hardware_z -92.64456997628261 104.93000030517578 31.0 AB 4.27860338773765 1.0859399461263073
60168.4056 lsst_hardware_r 104.71218777652376 79.58999633789062 31.639999389648438 AB 3.3770067639612504 1.1021862313361168
60168.4163 lsst_hardware_u -19.045076734218426 27.969999313354492 29.43000030517578 AB 3.3537561022271585 1.1300986528902028
60176.3744 lsst_hardware_u 11.719163552588274 28.709999084472656 29.489999771118164 AB 2.899628925722121 1.0814130752320192
60176.385 lsst_hardware_g 88.05383296820709 87.44000244140625 31.709999084472656 AB 1.7705114074152954 1.1051881444539922
60178.3338 lsst_hardware_g 126.78681006489279 88.55999755859375 31.739999771118164 AB 2.008083143709774 1.029786227543474
60178.3441 lsst_hardware_r -57.557692327323124 80.23999786376953 31.65999984741211 AB 2.042799633520429 1.0409170107110466
60179.3669 lsst_hardware_z 130.09341155894782 107.2300033569336 31.0 AB 2.171086134938023 1.0828359775251986
60179.3776 lsst_hardware_r -99.39140440051315 80.41000366210938 31.6299991607666 AB 2.5043325167331814 1.1071319702622375
60181.3758 lsst_hardware_u -16.88505746174744 28.6200008392334 29.43000030517578 AB 2.3685602328927122 1.116455447981481
60181.3878 lsst_hardware_r -70.44276849140232 79.9800033569336 31.6200008392334 AB 2.5982608140165384 1.1509460970172927
60183.3613 lsst_hardware_i 36.51616773976806 85.29000091552734 31.329999923706055 AB 2.97525643045877 1.094380737049572
60183.3714 lsst_hardware_z -49.486256126630146 104.62999725341797 30.989999771118164 AB 3.0846726714635055 1.1192571376862386
60198.3042 lsst_hardware_z -56.382022470880024 107.3499984741211 31.0 AB 2.6518514245790215 1.0624404745909541
60198.3153 lsst_hardware_r -0.7022428007519508 80.6500015258789 31.639999389648438 AB 2.7135689254741466 1.083405213790583
60202.2894 lsst_hardware_r 81.29724253888268 81.02999877929688 31.649999618530273 AB 2.697968061676948 1.0560939698631058
60202.3016 lsst_hardware_z -73.25562365314184 107.3499984741211 31.0 AB 1.9322354970289521 1.0777552274959294
60204.2951 lsst_hardware_r -16.06283591355468 80.81999969482422 31.639999389648438 AB 1.20408054687228 1.0757122217440456
60204.3067 lsst_hardware_u -8.983186627295144 28.850000381469727 29.450000762939453 AB 1.23886548390081 1.1007245525550386
60208.2816 lsst_hardware_u -11.332725612993558 28.549999237060547 29.479999542236328 AB 4.135987936488869 1.0708059382495454
60208.2941 lsst_hardware_g -166.43391024439907 87.2300033569336 31.709999084472656 AB 3.4603950776272376 1.0967971719898315
60210.2755 lsst_hardware_r -34.898139812310816 80.81999969482422 31.639999389648438 AB 1.8328023268434428 1.0696249354207428
60210.2872 lsst_hardware_i -92.12564942993592 86.93000030517578 31.329999923706055 AB 1.865900418248494 1.0935146033884513
60214.27 lsst_hardware_z -98.52286708315845 148.44000244140625 31.75 AB 4.107216615799036 1.08008852098502
60216.2945 lsst_hardware_r 95.02402144007026 78.9000015258789 31.6200008392334 AB 7.0141506971074525 1.1581513617327512
60216.3056 lsst_hardware_z -15.881923385620206 104.05999755859375 30.979999542236328 AB 7.259473374880943 1.1971591586649348
60222.2519 lsst_hardware_z 89.4459148643532 107.1500015258789 31.0 AB 7.192601402059572 1.0879199458595703
60222.2639 lsst_hardware_u 57.780102231836956 28.559999465942383 29.43000030517578 AB 7.428872073645289 1.1165639389246427
60228.2408 lsst_hardware_i -297.0789853692328 85.11000061035156 31.31999969482422 AB 3.9594503280569366 1.099847313349149
60228.2515 lsst_hardware_u 12.57767894116835 27.860000610351562 29.43000030517578 AB 4.717419710717873 1.127333197821517
60237.1045 lsst_hardware_r 74.77064641104751 80.19000244140625 31.65999984741211 AB 3.369768438351567 1.0308254629403142
60237.1149 lsst_hardware_i 58.06004885542061 85.86000061035156 31.34000015258789 AB 3.304598866123908 1.0223834375818417
60239.2274 lsst_hardware_g 249.66037194048974 88.0 31.690000534057617 AB 2.808647329615 1.1446346733020887
60239.2384 lsst_hardware_r 84.41448225700876 79.86000061035156 31.6200008392334 AB 2.9617397653731325 1.1809562114798113
60241.2151 lsst_hardware_i -93.12884781522271 85.08000183105469 31.31999969482422 AB 1.8469731808575551 1.1248314134333466
60241.2257 lsst_hardware_z 134.04494460959904 104.44000244140625 30.989999771118164 AB 1.7808707568073066 1.1564095823438054
60243.2162 lsst_hardware_i -185.45133841872757 85.04000091552734 31.31999969482422 AB 1.502462814576335 1.1437894927942662
60243.2268 lsst_hardware_z -146.41379189265132 104.38999938964844 30.989999771118164 AB 1.4962643128308055 1.1785475388230826
60245.2123 lsst_hardware_z -162.95043544624394 106.80999755859375 30.989999771118164 AB 3.0525399507140603 1.148578935424742
60245.2234 lsst_hardware_r -70.7160189181579 79.7300033569336 31.6200008392334 AB 3.1492645540176545 1.185940332900642
60247.1658 lsst_hardware_g 73.46526464805693 89.44999694824219 31.729999542236328 AB 5.893249854556584 1.0549563400413975
60247.1773 lsst_hardware_r -100.924382759541 80.87000274658203 31.649999618530273 AB 5.570414455426976 1.0749545456246576
60249.1678 lsst_hardware_i 11.997217129182946 85.51000213623047 31.329999923706055 AB 4.753425171040385 1.067425840272502
60249.1789 lsst_hardware_z 21.028503177076978 104.83000183105469 31.0 AB 4.854051779665006 1.0894923940591306
60251.1989 lsst_hardware_g -46.99004744301353 86.26000213623047 31.68000030517578 AB 4.358868402676383 1.1580415522517704
60251.2099 lsst_hardware_r 79.51655187061942 78.58000183105469 31.610000610351562 AB 5.467193763665776 1.1966497977927013
60265.1494 lsst_hardware_r -59.966921147271805 79.22000122070312 31.6299991607666 AB 3.051554766036554 1.1243753743687925
60265.161 lsst_hardware_u 6.090147925637042 27.40999984741211 29.389999389648438 AB 3.173057745792559 1.1591078523443137
60268.0602 lsst_hardware_r -132.32685926218684 80.27999877929688 31.65999984741211 AB 6.735949931789371 1.014819640449979
60268.0732 lsst_hardware_y -138.05362715240966 114.29000091552734 30.09000015258789 AB 6.728276541357917 1.0191270132320382
60270.0567 lsst_hardware_z -98.09745203220201 105.19999694824219 31.0 AB 4.412963983183193 1.0151745993061476
60270.0696 lsst_hardware_r -93.17527969401446 80.16999816894531 31.65999984741211 AB 4.513537180015085 1.020123670474649
60272.0594 lsst_hardware_i -111.36471694603743 85.9800033569336 31.350000381469727 AB 7.6550289757037175 1.017775524158445
60272.0717 lsst_hardware_z 161.7541798243829 105.4000015258789 31.010000228881836 AB 7.790577509020941 1.0251659148636525
60276.0966 lsst_hardware_g 167.40821081534335 87.61000061035156 31.719999313354492 AB 4.103175568863374 1.0720716518543332
60276.1083 lsst_hardware_i 33.999662611306455 85.08000183105469 31.31999969482422 AB 4.18830419823747 1.0965103931157842
