data/validation/pwv_sim_epoch_fit_seasonal/35142114.ecsv
# %ECSV 0.9
# ---
# datatype:
# - {name: time, datatype: float64}
# - {name: band, datatype: string}
# - {name: flux, datatype: float64}
# - {name: fluxerr, datatype: float64}
# - {name: zp, datatype: float64}
# - {name: zpsys, datatype: string}
# - {name: pwv, datatype: float64}
# - {name: airmass, datatype: float64}
# meta: {SNID: '35142114', alt: 1024.0, c: -0.010063929483294487, dec: -64.198746, lat: -30.244573, lon: -70.7499537, ra: 36.964287, t0: 59874.734375,
#   x0: 3.830657629077289e-06, x1: -0.7150440216064453, z: 0.6842789649963379}
# schema: astropy-2.0
time band flux fluxerr zp zpsys pwv airmass
59842.3571 lsst_hardware_z 55.457672411788046 44.01694085121739 30.93000030517578 AB 6.405831705277949 1.2377222887216148
59842.3693 lsst_hardware_i -6.887275608999824 32.27637367014504 31.209999084472656 AB 6.517436484298085 1.2546802356912283
59850.3482 lsst_hardware_i 86.6463115269751 32.269352431542 31.200000762939453 AB 5.955166435717507 1.2558343390379367
59850.3597 lsst_hardware_z 123.55877872384985 44.50119197831234 30.920000076293945 AB 6.009448384063691 1.2754851711905097
59853.3598 lsst_hardware_r 150.0320732435549 25.642970757669545 31.43000030517578 AB 5.399684839287778 1.2918421402657947
59853.3714 lsst_hardware_g 29.491876135699957 14.805437071168223 31.299999237060547 AB 5.498606225379244 1.3179784816344935
59856.2368 lsst_hardware_z 439.3642042734095 69.2640185663025 31.690000534057617 AB 3.1706835853617825 1.211996401246819
59858.3318 lsst_hardware_r 511.4026512264606 48.9575191958751 31.559999465942383 AB 7.228761595417268 1.2647091974661482
59858.343 lsst_hardware_z 280.73589993226295 53.58809993310606 30.940000534057617 AB 8.052564157083998 1.2854109728634249
59860.3294 lsst_hardware_y 277.74111557496786 56.15261895042216 29.979999542236328 AB 4.394323827941782 1.2700357884224802
59860.341 lsst_hardware_r 671.7927503898644 83.13656490759601 31.59000015258789 AB 5.700775328350184 1.2924974293417888
59864.3274 lsst_hardware_r 1125.9803707032727 74.39024023556878 31.579999923706055 AB 6.807196428286968 1.286987082911018
59864.3385 lsst_hardware_z 591.9799155472102 61.2307610090826 30.940000534057617 AB 7.242410950100088 1.3111600295878993
59869.3071 lsst_hardware_i 1134.3613158584142 49.27774730353505 31.239999771118164 AB 6.8964884835839255 1.2741583932965943
59869.3186 lsst_hardware_z 698.740674564837 53.179641531964805 30.93000030517578 AB 7.0076103472912195 1.2971251163444542
59871.2996 lsst_hardware_r 1118.7738697197772 41.42382893225858 31.469999313354492 AB 4.827755094214892 1.2704618668986558
59871.3103 lsst_hardware_u 3.199667001270014 2.974123582897467 28.389999389648438 AB 4.906240515577751 1.2911159251520397
59873.2965 lsst_hardware_g 150.42022428678135 18.823259004287827 31.31999969482422 AB 2.955199015229896 1.2747542392881546
59873.3085 lsst_hardware_r 1095.5411734682286 40.17716577793373 31.450000762939453 AB 3.0024283867944286 1.2989091009276637
59875.2976 lsst_hardware_i 1259.1111255808255 47.09990823228506 31.219999313354492 AB 4.063252496799784 1.2874691054497416
59875.3086 lsst_hardware_z 862.3883106251976 52.58583214268917 30.920000076293945 AB 4.072476621928251 1.3114810794390952
59877.2944 lsst_hardware_r 928.3887286843358 38.672258614433964 31.43000030517578 AB 4.902326047060765 1.2921260008067381
59877.305 lsst_hardware_g 145.50394890935937 17.77205966131994 31.290000915527344 AB 4.999949485882417 1.3158916095839688
59883.294 lsst_hardware_u -3.8502676925963772 2.562114049767045 28.280000686645508 AB 4.565259226762917 1.3292354714697678
59883.3053 lsst_hardware_g 86.74740818995738 15.805619392920482 31.299999237060547 AB 4.696937613114849 1.360182715318664
59885.2805 lsst_hardware_y 288.47367912064556 52.59105584600733 29.959999084472656 AB 4.069150479733711 1.3096367374763183
59885.2925 lsst_hardware_r 693.9540415811855 34.52515343597926 31.43000030517578 AB 4.151038245903093 1.3396207764319
59887.2813 lsst_hardware_i 906.3085797710055 55.61381658838305 31.260000228881836 AB 6.6832866772404005 1.3247347229414697
59887.2925 lsst_hardware_z 714.967319719849 57.70643638723689 30.93000030517578 AB 7.7221078370165515 1.3547557608800966
59896.2316 lsst_hardware_i 533.6066355495957 50.33543925672266 31.25 AB 8.505871192752698 1.2709557254766826
59896.2436 lsst_hardware_z 411.5582447614763 55.25128485363657 30.93000030517578 AB 8.669471425058665 1.2944178509748836
59898.1529 lsst_hardware_z 974.7123207684949 68.39244345853943 31.68000030517578 AB 5.039030475769048 1.2043092154795572
59898.1674 lsst_hardware_r 534.0684696651523 39.06603234121997 32.20000076293945 AB 4.590706669851639 1.2078158306998392
59899.2357 lsst_hardware_g 17.423760095864587 18.8517727035975 31.440000534057617 AB 9.754243127562638 1.2950402452948793
59899.2477 lsst_hardware_i 403.5972586556785 40.52065577200723 31.219999313354492 AB 10.043025206691535 1.3226689327922474
59901.2398 lsst_hardware_z 396.4627319060472 48.818192456806514 30.90999984741211 AB 6.0061815247512405 1.3167119422890823
59901.2513 lsst_hardware_r 205.07242415400154 26.703542940318467 31.40999984741211 AB 5.385649688946025 1.3464124222365061
59903.2381 lsst_hardware_u -2.5182170385207745 2.60526058267918 28.25 AB 6.530113085566671 1.3259785949675964
59903.2503 lsst_hardware_g 24.894107244221434 14.169700160868858 31.299999237060547 AB 6.0223544702956096 1.3590644784870207
59905.1843 lsst_hardware_u -0.40902996386920176 2.646560917435301 28.270000457763672 AB 4.587966284335462 1.236815280856242
59905.1973 lsst_hardware_g 37.823676464439984 14.443201885399795 31.329999923706055 AB 4.616260159835948 1.2547594889469822
59907.1836 lsst_hardware_r 159.99508035730815 25.347697525344824 31.450000762939453 AB 9.80157659450446 1.24290852073351
59907.1953 lsst_hardware_i 270.635982019327 35.65925831648411 31.219999313354492 AB 9.694687012357836 1.2602504999165225
59909.1335 lsst_hardware_z 246.67676720876938 46.448628664938056 30.93000030517578 AB 6.287393226910423 1.2064459804107115
59909.1471 lsst_hardware_r 101.82017789536954 24.775284044060502 31.440000534057617 AB 6.3228952840826596 1.2127734189375816
59911.2192 lsst_hardware_g -11.21394519214761 13.793846780876322 31.290000915527344 AB 5.130141819155846 1.3335434934119694
59911.2308 lsst_hardware_i 270.0010787988874 35.38983384465253 31.200000762939453 AB 5.431845036671728 1.3659864294404707
59913.1661 lsst_hardware_g 29.370144637232663 23.202475120202532 31.520000457763672 AB 6.574340652037398 1.2414371244936058
59913.1777 lsst_hardware_r 66.4742656167591 29.933713951376113 31.5 AB 5.583045992130461 1.258292988985905
59917.1842 lsst_hardware_z 452.8580995409189 77.86788253480825 31.700000762939453 AB 4.868760385461079 1.2901365681562014
59921.1013 lsst_hardware_i 129.52865145606108 63.657041166626584 31.290000915527344 AB 4.597705411462198 1.2066412592412383
59921.1132 lsst_hardware_z 221.1657378647349 60.172194800294356 30.959999084472656 AB 4.622153279019928 1.212103132610154
59923.1004 lsst_hardware_i 90.46407728580301 53.71161582565942 31.290000915527344 AB 11.116983256521106 1.2083677452740333
59923.112 lsst_hardware_z 167.6605366865275 55.93123965540591 30.959999084472656 AB 11.17638526450592 1.2148244852723826
59926.1018 lsst_hardware_g -64.12295476554789 88.4792830549965 31.65999984741211 AB 14.496207842268491 1.213494901340927
59926.1138 lsst_hardware_r 62.43524690099657 81.04875447728992 31.610000610351562 AB 14.669641661683483 1.2228098078646972
59928.1009 lsst_hardware_i 66.58434996063284 88.46927219075495 31.309999465942383 AB 9.46649412321909 1.2166533023996093
59928.1119 lsst_hardware_r 101.51915074157847 81.08723218041833 31.610000610351562 AB 9.530815256264002 1.2262090322897274
59930.0769 lsst_hardware_z 124.76351754347522 109.27789126050261 30.979999542236328 AB 13.159944431445972 1.2067070114722596
59930.0887 lsst_hardware_u -50.107142729349825 28.286014486026907 29.350000381469727 AB 11.636192351878329 1.2121559809239326
59932.0828 lsst_hardware_g -25.174800048364425 88.41276735375807 31.65999984741211 AB 4.9015311088429305 1.2119003854229027
59932.0954 lsst_hardware_r 22.978304120603962 81.01686412746385 31.610000610351562 AB 3.745688330234856 1.221021948354294
59936.0824 lsst_hardware_i 53.114441145226145 88.21550099120034 31.299999237060547 AB 5.9609332501490755 1.2192748734687373
59936.0937 lsst_hardware_u -12.405776792014118 27.96469304866454 29.329999923706055 AB 5.2387769785514005 1.2300004645394982
59938.0846 lsst_hardware_g 27.36784217883304 88.03725506054036 31.649999618530273 AB 7.407320337855416 1.2262252763077097
59938.0971 lsst_hardware_r -6.9522521010085825 80.70593527981845 31.600000381469727 AB 7.493604573030815 1.240508972069892
60158.4367 lsst_hardware_r -86.31934443951143 80.76000213623047 31.610000610351562 AB 1.507008287873471 1.204001295238658
60160.3113 lsst_hardware_i 159.84768860379086 86.76000213623047 31.280000686645508 AB 2.4969922426790445 1.3729796055786536
60160.3312 lsst_hardware_z 127.11858618833485 108.05999755859375 30.969999313354492 AB 2.4269862803508517 1.3184171735722146
60178.4077 lsst_hardware_z -47.294177819233695 108.5 30.979999542236328 AB 1.501539510881421 1.2113259919715664
60178.4186 lsst_hardware_u 29.466862938429813 27.8799991607666 29.31999969482422 AB 2.0631933188088754 1.2188411276377937
60183.4053 lsst_hardware_i -163.77465404736455 87.70999908447266 31.299999237060547 AB 3.925895155590943 1.2191274452576486
60183.4177 lsst_hardware_u 44.282901854430946 27.90999984741211 29.329999923706055 AB 3.4575630470161665 1.231070129193069
60193.3175 lsst_hardware_z 93.31266096242199 153.39999389648438 31.729999542236328 AB 0.8469536815761962 1.2099338308231375
60198.3816 lsst_hardware_r 42.53725081187534 80.11000061035156 31.600000381469727 AB 3.08253632378332 1.2367247036242004
60198.3932 lsst_hardware_i -11.621097694674305 87.19999694824219 31.290000915527344 AB 3.1142576766676795 1.2525503458912775
60200.2608 lsst_hardware_i 52.040805949361555 87.54000091552734 31.299999237060547 AB 4.4562095675269795 1.2451860475101586
60200.2742 lsst_hardware_z 61.49525850161855 108.48999786376953 30.979999542236328 AB 4.265146481215376 1.2288537280812608
60202.3735 lsst_hardware_u 36.17282911278105 27.43000030517578 29.34000015258789 AB 1.6433591675043795 1.2402710698148198
60202.3856 lsst_hardware_g -117.9228234312772 86.4800033569336 31.649999618530273 AB 1.4793658949227162 1.2576968288396055
60204.3815 lsst_hardware_r 80.72208153995366 80.5 31.610000610351562 AB 0.8819206840820794 1.2598866915458278
60204.3931 lsst_hardware_i -75.10155776015847 87.4800033569336 31.299999237060547 AB 0.8963598396119311 1.2805140565884732
60210.3621 lsst_hardware_r -104.35781316659299 80.30999755859375 31.600000381469727 AB 2.2267495030355784 1.2550960092261072
60210.3737 lsst_hardware_g 21.20236162772732 87.25 31.639999389648438 AB 2.2459946440384497 1.274805398186614
60214.3437 lsst_hardware_z 94.73218161044504 108.33999633789062 30.969999313354492 AB 6.175420319289942 1.244208257748349
60214.3567 lsst_hardware_i 107.45523406824285 87.33000183105469 31.290000915527344 AB 6.32526221200941 1.2640412094343347
60216.3205 lsst_hardware_z -34.46617836562063 108.51000213623047 30.979999542236328 AB 7.275415906062923 1.2238045230905266
60216.3325 lsst_hardware_r 11.449563144491664 80.36000061035156 31.600000381469727 AB 7.3085835700578645 1.236786479590117
60217.2196 lsst_hardware_r -55.641213001737626 113.7699966430664 32.349998474121094 AB 4.689273005797624 1.2383370979854678
60217.2539 lsst_hardware_y -183.47135927429346 164.08999633789062 30.770000457763672 AB 3.115224123170966 1.2090132431447793
60217.2937 lsst_hardware_r 81.23625920747212 80.87000274658203 31.6200008392334 AB 4.515294096667846 1.2077015303691998
60222.3307 lsst_hardware_r -86.9249614955993 80.13999938964844 31.600000381469727 AB 8.692128261050026 1.2572385508485646
60222.3427 lsst_hardware_i 94.90973414834104 87.16000366210938 31.290000915527344 AB 9.713688627213145 1.2781169246333086
60225.3238 lsst_hardware_u 9.466305794756533 27.459999084472656 29.290000915527344 AB 4.422684406830517 1.259306493972243
60225.3349 lsst_hardware_r 104.33321485458877 79.93000030517578 31.59000015258789 AB 5.64831014276024 1.2788626738322673
60228.3241 lsst_hardware_i -39.04853660339743 87.27999877929688 31.290000915527344 AB 5.7428659853551824 1.2739747813853775
60228.3344 lsst_hardware_z 110.83434704161414 108.0 30.969999313354492 AB 5.6744679295475144 1.294358560571878
60241.2942 lsst_hardware_z -73.65069045609191 107.91000366210938 30.969999313354492 AB 4.211877249044923 1.2846964310032003
60241.3053 lsst_hardware_r -39.0041760635704 79.41000366210938 31.579999923706055 AB 4.29990275162124 1.308519083494624
60243.2944 lsst_hardware_i 77.68854505941528 87.12000274658203 31.290000915527344 AB 1.71644770702052 1.2964106548493353
60243.3055 lsst_hardware_z 14.15888735659612 107.7699966430664 30.959999084472656 AB 1.7561151794003014 1.3220440497363268
60249.2816 lsst_hardware_r 64.23534298687223 79.73999786376953 31.579999923706055 AB 6.541053763961993 1.3042978592147545
60249.2936 lsst_hardware_i -16.006308806421462 86.76000213623047 31.280000686645508 AB 7.321066878441792 1.3334467024057663
60251.2809 lsst_hardware_z -98.92446330887886 108.02999877929688 30.969999313354492 AB 7.000173610849458 1.3153482193162473
60251.2924 lsst_hardware_r 29.34413620347405 79.62000274658203 31.579999923706055 AB 6.455335518618004 1.3448615663787509
60261.2313 lsst_hardware_z -28.296444302676544 108.0 30.969999313354492 AB 8.491860235080432 1.269146649989603
60261.2424 lsst_hardware_r -0.5025304066930546 79.6500015258789 31.579999923706055 AB 8.63279103444129 1.2904183212707419
60265.1769 lsst_hardware_u 38.299932688992875 28.059999465942383 29.34000015258789 AB 2.805482155176555 1.215722441936973
60265.1904 lsst_hardware_g 35.56578250739131 87.83000183105469 31.649999618530273 AB 3.069742669409258 1.2274879051276952
60268.1821 lsst_hardware_r 165.9148313492248 80.43000030517578 31.600000381469727 AB 6.274262526104089 1.2273796572265634
60268.1953 lsst_hardware_i 24.37361154264243 87.41000366210938 31.299999237060547 AB 6.2379320141448185 1.242966709890537
60274.1808 lsst_hardware_i 130.6273412814177 87.08999633789062 31.290000915527344 AB 5.749000345981443 1.2455406252578811
60274.1929 lsst_hardware_z 37.15619605089909 107.5199966430664 30.969999313354492 AB 5.900171083523558 1.2641417833572017
60278.1632 lsst_hardware_u -21.15615627199751 27.739999771118164 29.309999465942383 AB 6.505757945210262 1.2368361112566308
60278.1748 lsst_hardware_g 40.41191216905764 87.30999755859375 31.639999389648438 AB 5.6177940290470705 1.2526670200045498
60280.1631 lsst_hardware_r -9.44541325776967 80.19000244140625 31.600000381469727 AB 8.022773730525987 1.2437444741533195
60280.1747 lsst_hardware_i 52.07655446589107 87.20999908447266 31.290000915527344 AB 7.953036053461189 1.26111888368216
60286.182 lsst_hardware_i 1.6434431766356064 87.08000183105469 31.290000915527344 AB 5.840996288033577 1.3075881549213288
60287.095 lsst_hardware_z -177.78572020626626 108.58999633789062 30.979999542236328 AB 7.362419402377564 1.2053731831005752
60287.1074 lsst_hardware_i -58.7668347445549 87.75 31.299999237060547 AB 7.461307977326363 1.209974536175523
60290.0979 lsst_hardware_u -35.94837817826346 28.25 29.350000381469727 AB 15.071514062218606 1.2093329995361028
60290.1103 lsst_hardware_g 87.1622132627024 88.12000274658203 31.65999984741211 AB 15.07185334039838 1.216976907498389
60293.078 lsst_hardware_g 1.116264857801602 13.25 31.350000381469727 AB 9.252089786489904 1.2052378183892123
60293.0906 lsst_hardware_r -21.06760725833197 22.639999389648438 31.459999084472656 AB 9.41440777371756 1.2097711119878851
60295.0759 lsst_hardware_i -6.257535042737658 31.420000076293945 31.219999313354492 AB 13.172612470339514 1.2061083149121705
60295.0879 lsst_hardware_z -43.556205570754344 43.02000045776367 30.93000030517578 AB 11.649031892673472 1.2112328456120065
60297.0757 lsst_hardware_r -15.02765486069633 29.010000228881836 31.520000457763672 AB 4.9768223684944335 1.2079665942947653
60297.0876 lsst_hardware_g 2.4292127687953053 23.350000381469727 31.540000915527344 AB 3.7209796528227335 1.21441894674363
60301.0809 lsst_hardware_r -33.08725346288282 53.93000030517578 31.59000015258789 AB 5.938932793960898 1.2174725989977668
60301.0924 lsst_hardware_i 43.08258511312428 47.7599983215332 31.280000686645508 AB 5.254942069840917 1.2278380162406626
60303.0794 lsst_hardware_z -36.61384391208279 55.290000915527344 30.959999084472656 AB 8.764643452114303 1.2207024306565881
60303.0919 lsst_hardware_i 63.08701311927847 56.599998474121094 31.290000915527344 AB 7.4180604632907325 1.2332602598987723
