data/validation/pwv_sim_epoch_fit_seasonal/3517287.ecsv
# %ECSV 0.9
# ---
# datatype:
# - {name: time, datatype: float64}
# - {name: band, datatype: string}
# - {name: flux, datatype: float64}
# - {name: fluxerr, datatype: float64}
# - {name: zp, datatype: float64}
# - {name: zpsys, datatype: string}
# - {name: pwv, datatype: float64}
# - {name: airmass, datatype: float64}
# meta: {SNID: '3517287', alt: 1024.0, c: -0.08563132584095001, dec: -32.619843, lat: -30.244573, lon: -70.7499537, ra: 283.710938, t0: 60772.609375,
#   x0: 4.788551399631944e-06, x1: 0.6977739930152893, z: 0.6238820552825928}
# schema: astropy-2.0
time band flux fluxerr zp zpsys pwv airmass
[from data line 132]
61194.1744 lsst_hardware_r 127.7992631777615 190.05999755859375 32.380001068115234 AB 11.614384871932094 1.2121887912536715
61196.1737 lsst_hardware_i 46.904517173172295 69.08000183105469 31.299999237060547 AB 9.661261171449608 1.1920737654351479
61196.1986 lsst_hardware_z 19.625833648027704 63.18000030517578 30.969999313354492 AB 9.064608135195755 1.1072967641100326
61198.1674 lsst_hardware_i -26.993487701150904 39.220001220703125 31.260000228881836 AB 5.367788476102786 1.1955207355970356
61198.1869 lsst_hardware_z 30.763370047801576 47.20000076293945 30.950000762939453 AB 5.0599900117527845 1.125609523599153
61220.1464 lsst_hardware_z 148.66125078497907 111.19000244140625 31.0 AB 5.348043920733377 1.0739044017535786
61220.1608 lsst_hardware_r 16.21167869376199 161.08999633789062 31.65999984741211 AB 4.959234401027744 1.0457004535639858
61225.077 lsst_hardware_z 0.9758371038212794 54.189998626708984 30.940000534057617 AB 10.8786200117331 1.2735448386482204
61225.0971 lsst_hardware_r -95.37850896454793 57.38999938964844 31.610000610351562 AB 10.469493895518598 1.1817584892082962
61237.0768 lsst_hardware_g -8.852184065892132 15.369999885559082 31.420000076293945 AB 4.417084381790771 1.1370806088488523
61237.0965 lsst_hardware_r 27.806089101977914 24.450000762939453 31.5 AB 4.101033220130281 1.0819240786521445
61238.0753 lsst_hardware_i -6.2587439033676935 32.13999938964844 31.239999771118164 AB 1.8724637333636995 1.1331096722323353
61238.0956 lsst_hardware_z -112.36704118096402 42.0099983215332 30.940000534057617 AB 1.832006761098827 1.0776510359404865
61242.0779 lsst_hardware_r 0.3391296203254233 30.739999771118164 31.549999237060547 AB 6.236742560648652 1.0941653615173075
61242.097 lsst_hardware_g 28.374302116897823 25.549999237060547 31.610000610351562 AB 5.948874640756015 1.052277353907314
61244.0752 lsst_hardware_r -92.75848565220238 47.47999954223633 31.610000610351562 AB 5.154731852258426 1.0872094600070499
61244.0936 lsst_hardware_i -31.887678347668547 44.189998626708984 31.299999237060547 AB 6.718545831778999 1.0485849360925512
61246.0548 lsst_hardware_i 41.97255497706569 62.31999969482422 31.309999465942383 AB 5.305639919912709 1.1288595574282358
61246.073 lsst_hardware_z -46.34843665609485 59.130001068115234 30.969999313354492 AB 5.073186710322272 1.079401427728143
61248.0857 lsst_hardware_z -141.49842337762323 134.19000244140625 31.75 AB 3.1595491786038754 1.0434442465666696
61249.0714 lsst_hardware_r -9.194868675239384 152.52999877929688 31.65999984741211 AB 4.7324872528126924 1.0649161234952054
61249.0897 lsst_hardware_i 120.81516892171237 119.91999816894531 31.350000381469727 AB 3.925893405497366 1.0331298435519385
61256.0566 lsst_hardware_r -28.961747085065202 24.040000915527344 31.510000228881836 AB 1.5105655225861152 1.0563395262843025
61256.0749 lsst_hardware_i 17.926152089199864 31.15999984741211 31.25 AB 1.4851623437317185 1.0273200440846566
61257.9787 lsst_hardware_y 33.1685203607329 51.0 29.959999084472656 AB 1.1144596677126652 1.3194076571183881
61257.9965 lsst_hardware_g -6.609629787491424 14.979999542236328 31.3799991607666 AB 1.0472914636654846 1.2263366085087821
61259.98 lsst_hardware_y 19.43278901071588 50.2599983215332 29.979999542236328 AB 4.353907515211142 1.2811890677423663
61259.999 lsst_hardware_z 3.702246905873295 43.63999938964844 30.940000534057617 AB 3.9477026459252302 1.191909215023529
61260.9799 lsst_hardware_y 17.26912845270997 50.560001373291016 29.969999313354492 AB 4.321627222480568 1.2673083910404637
61260.9989 lsst_hardware_u 1.4232399644705234 2.740000009536743 28.3799991607666 AB 4.049012617209707 1.1813886259121882
61262.98 lsst_hardware_z -27.022151416360114 45.13999938964844 30.93000030517578 AB 9.668069747134911 1.2396550515623685
61262.9988 lsst_hardware_r 8.7849434837998 24.540000915527344 31.5 AB 9.02464577009261 1.161174185549744
61265.9799 lsst_hardware_y -37.7255171917639 50.880001068115234 29.989999771118164 AB 6.4346771973388135 1.2032119418475382
61265.9976 lsst_hardware_z 18.397910495805444 42.97999954223633 30.940000534057617 AB 5.837303826409482 1.1371371090408082
61267.9799 lsst_hardware_y 1.7644458761095376 49.970001220703125 30.010000228881836 AB 7.156125957121777 1.180943829218622
61267.9983 lsst_hardware_u -2.2057525451014857 2.809999942779541 28.420000076293945 AB 6.800701247691263 1.11798475220972
61273.9817 lsst_hardware_z -20.917946800835026 61.189998626708984 30.969999313354492 AB 3.7199973254805063 1.1186279733815987
61273.9991 lsst_hardware_i -89.60531011391457 53.040000915527344 31.309999465942383 AB 3.551249455336845 1.0735877831420906
61275.9802 lsst_hardware_y 48.39972778489662 65.47000122070312 30.040000915527344 AB 2.869262281706451 1.1072176538083227
61275.9979 lsst_hardware_r 56.19923986798646 104.81999969482422 31.649999618530273 AB 2.749310852550901 1.0644553859008457
61277.9809 lsst_hardware_y 17.13128270552897 62.959999084472656 30.049999237060547 AB 2.740597798264157 1.090857555365858
61277.9986 lsst_hardware_r 112.7190552918625 109.18000030517578 31.65999984741211 AB 2.7248348371031663 1.0524661402484228
61279.9818 lsst_hardware_y 57.081924820599596 59.709999084472656 30.049999237060547 AB 4.308497471587947 1.075645355533129
61280.0004 lsst_hardware_z -15.088221633883132 65.66999816894531 30.989999771118164 AB 3.674666713485827 1.0400981357163395
61280.9815 lsst_hardware_y -133.00919624977436 54.560001373291016 30.049999237060547 AB 5.687108504482801 1.0702627154991022
61280.9987 lsst_hardware_z -20.938162352801736 56.439998626708984 30.979999542236328 AB 5.508766895129058 1.0384919133068682
61285.9816 lsst_hardware_y -51.108045611921675 52.29999923706055 30.049999237060547 AB 3.458277344739999 1.0440082550158487
61285.9985 lsst_hardware_r -15.072153599273717 24.219999313354492 31.520000457763672 AB 3.2537112587111543 1.0207721595956563
