data/validation/pwv_sim_epoch_fit_seasonal/35233980.ecsv
# %ECSV 0.9
# ---
# datatype:
# - {name: time, datatype: float64}
# - {name: band, datatype: string}
# - {name: flux, datatype: float64}
# - {name: fluxerr, datatype: float64}
# - {name: zp, datatype: float64}
# - {name: zpsys, datatype: string}
# - {name: pwv, datatype: float64}
# - {name: airmass, datatype: float64}
# meta: {SNID: '35233980', alt: 1024.0, c: -0.024485936388373375, dec: -13.094776, lat: -30.244573, lon: -70.7499537, ra: 186.328125,
#   t0: 62457.13671875, x0: 4.099398115039374e-05, x1: 0.05545370280742645, z: 0.2513267993927002}
# schema: astropy-2.0
time band flux fluxerr zp zpsys pwv airmass
62524.367 lsst_hardware_z -127.31142830136453 113.66000366210938 31.75 AB 9.949504292981137 1.0465451028695842
62526.3613 lsst_hardware_r -35.950780122576205 73.05000305175781 31.649999618530273 AB 10.040469456654884 1.0466090469063465
62528.3102 lsst_hardware_r 9.467591420382183 35.75 31.579999923706055 AB 13.041315393283924 1.0992033877406167
62528.3278 lsst_hardware_y 48.00584766927441 48.400001525878906 30.040000915527344 AB 12.611969723671134 1.0690223821380895
62530.3592 lsst_hardware_g -10.806721486026445 17.5 31.5 AB 12.154451006727589 1.0456191273978857
62530.3772 lsst_hardware_y 67.49119442406992 62.029998779296875 30.059999465942383 AB 12.500447472626877 1.0524476929174387
62532.3554 lsst_hardware_z -7.996570890785775 41.86000061035156 30.950000762939453 AB 12.11414088778318 1.0457498788101443
62532.3743 lsst_hardware_y -35.945931710381764 53.06999969482422 30.049999237060547 AB 12.210354379549843 1.0543968089418063
62534.3333 lsst_hardware_r 14.80399337319538 24.139999389648438 31.510000228881836 AB 8.758169097925816 1.0489872160406206
62534.351 lsst_hardware_u 1.5191186954872984 2.7899999618530273 28.459999084472656 AB 10.286809966802391 1.0458858183928006
62536.3334 lsst_hardware_g 2.684100752053358 15.210000038146973 31.459999084472656 AB 8.703940427757082 1.0467757579984465
62536.3513 lsst_hardware_r -50.54456289386286 24.09000015258789 31.510000228881836 AB 8.75442158198468 1.0473466560039162
62538.3366 lsst_hardware_i -16.680125459595743 31.190000534057617 31.25 AB 4.536988451230894 1.0455898101549976
62538.3551 lsst_hardware_z 10.738789694299909 41.599998474121094 30.950000762939453 AB 4.621181815370938 1.0522615139364564
62542.3252 lsst_hardware_g 23.28059353099244 15.069999694824219 31.450000762939453 AB 3.049442013075094 1.0455827234956605
62542.3436 lsst_hardware_i 3.2023538857929026 31.399999618530273 31.25 AB 3.578862804561308 1.0518590623021757
62545.2983 lsst_hardware_u -3.0816638901422495 2.759999990463257 28.440000534057617 AB 5.995995251903175 1.0519289915619605
62545.3157 lsst_hardware_g 16.11072349312243 15.029999732971191 31.450000762939453 AB 5.9599661533371435 1.045608097076692
62547.3038 lsst_hardware_r 7.999870717554049 41.41999816894531 31.6200008392334 AB 4.132516806297828 1.0466484102062883
62547.3205 lsst_hardware_i -6.4056805343228875 31.459999084472656 31.260000228881836 AB 4.117198191022339 1.0470780606605505
62549.312 lsst_hardware_z -134.09380607873888 64.25 30.979999542236328 AB 5.174007708180846 1.0462404370815948
62549.3294 lsst_hardware_r -74.76156193764399 88.62999725341797 31.649999618530273 AB 5.183291920337 1.0556602689077448
62551.3077 lsst_hardware_z -2.3833669388766037 82.13999938964844 31.0 AB 2.657723449202279 1.0465194877908892
62551.324 lsst_hardware_r 122.80822533025739 122.08000183105469 31.65999984741211 AB 2.7320952355198256 1.0557122146591384
62553.2994 lsst_hardware_i -32.10084969427739 94.06999969482422 31.34000015258789 AB 6.793613377311123 1.045922207324919
62553.3173 lsst_hardware_z 64.37036497380913 82.9800033569336 31.0 AB 6.832631365098849 1.0546625553907307
62555.3003 lsst_hardware_r 91.97424904652061 62.04999923706055 31.639999389648438 AB 11.464119203322689 1.0476691069977326
62555.3183 lsst_hardware_z 60.86974944077631 54.470001220703125 30.969999313354492 AB 11.749711638740054 1.0607783721157455
62558.2761 lsst_hardware_y -82.40688922515007 47.5099983215332 30.049999237060547 AB 6.797427364446324 1.0460933423963563
62558.2943 lsst_hardware_g -26.23928880836651 20.700000762939453 31.56999969482422 AB 6.882055950134748 1.048614345594202
62560.276 lsst_hardware_r 29.098076134602007 24.1299991607666 31.510000228881836 AB 5.725929702820202 1.0455772784990325
62560.2948 lsst_hardware_i 61.64535360413836 31.81999969482422 31.260000228881836 AB 5.510320927761012 1.0520899146083078
62562.2761 lsst_hardware_z 1.106389093887683 41.689998626708984 30.950000762939453 AB 3.565629426897039 1.0461504430993758
62562.2935 lsst_hardware_r 16.48050781376546 24.040000915527344 31.510000228881836 AB 3.629374173802621 1.0553062778200013
62564.2755 lsst_hardware_u 1.243759705496576 2.680000066757202 28.389999389648438 AB 6.0206939329639955 1.047578221403975
62564.294 lsst_hardware_r -23.387658593313784 23.799999237060547 31.489999771118164 AB 7.698318316156623 1.0610686490688293
62565.2632 lsst_hardware_i 2.178352836111103 31.299999237060547 31.239999771118164 AB 10.818379455208941 1.0455907978616887
62565.2817 lsst_hardware_z -57.245667670072386 41.77000045776367 30.940000534057617 AB 10.838411529043256 1.0524773285145907
62569.2637 lsst_hardware_g -20.05618442800306 15.239999771118164 31.440000534057617 AB 8.092473450545716 1.048349703733616
62569.2828 lsst_hardware_r -11.233682445332995 24.280000686645508 31.5 AB 8.156189316187351 1.0638392169025142
62573.2392 lsst_hardware_r 1.9114149330574994 24.229999542236328 31.510000228881836 AB 14.74579624209837 1.045603401869538
62573.2581 lsst_hardware_i 72.21611631132097 31.65999984741211 31.25 AB 15.879174750248625 1.0512760791531508
62577.242 lsst_hardware_z -42.68468589488836 58.68000030517578 30.979999542236328 AB 8.629482331872909 1.0484123838990191
62577.2601 lsst_hardware_r -27.478267149765646 75.93000030517578 31.639999389648438 AB 8.396439244402945 1.062840410683917
62579.2412 lsst_hardware_i -4.555397993870642 111.27999877929688 31.34000015258789 AB 7.08519763665744 1.0509433955067216
62579.2598 lsst_hardware_z -87.62190272608778 93.08000183105469 30.989999771118164 AB 6.008641440358454 1.069280123447366
62581.1875 lsst_hardware_r 41.44423223776047 145.1300048828125 31.65999984741211 AB 5.6364697488832 1.063484858279849
62581.2071 lsst_hardware_z 97.78044708580556 97.27999877929688 31.0 AB 5.554389559423313 1.0479980300798704
62583.229 lsst_hardware_y -34.61840232412573 52.849998474121094 30.049999237060547 AB 6.769644299912162 1.0501678184855012
62583.25 lsst_hardware_r -90.03298667790656 74.08000183105469 31.639999389648438 AB 6.532005770702466 1.0708206181479454
62585.1697 lsst_hardware_i -66.38893112087248 39.65999984741211 31.270000457763672 AB 7.492035790500162 1.0724612845759507
62585.1861 lsst_hardware_z 52.98852918869782 45.779998779296875 30.950000762939453 AB 7.364474428868696 1.054138404561631
62590.0317 lsst_hardware_r -23.488980979855533 26.280000686645508 31.329999923706055 AB 10.46945128900163 1.8063235488269935
62593.2321 lsst_hardware_z 29.511614449840724 42.599998474121094 30.940000534057617 AB 9.256661972647434 1.0858042234928924
62593.2523 lsst_hardware_i 70.07555588064545 32.630001068115234 31.239999771118164 AB 8.938617232419451 1.1314705357492976
62595.187 lsst_hardware_r -31.244018559906248 24.469999313354492 31.510000228881836 AB 4.850960074134655 1.0463675742309435
62595.2061 lsst_hardware_u -1.6485270209690819 2.7300000190734863 28.389999389648438 AB 4.775169231508197 1.0577404433510238
62597.176 lsst_hardware_g -18.204754218099378 15.760000228881836 31.479999542236328 AB 14.368517144418432 1.0455914091411809
62597.1953 lsst_hardware_r -3.0105593989319424 24.68000030517578 31.520000457763672 AB 14.650831363601247 1.0531831905399267
62599.1784 lsst_hardware_i 19.287503725899796 31.690000534057617 31.260000228881836 AB 8.926770366643947 1.047026140159587
62599.1977 lsst_hardware_z -58.267625738010906 41.91999816894531 30.950000762939453 AB 8.89480613922321 1.0602729082216997
62601.1663 lsst_hardware_r -13.152335052966045 24.389999389648438 31.520000457763672 AB 5.049519218408941 1.0456656074568111
62601.1829 lsst_hardware_g -0.30978521402138415 15.479999542236328 31.459999084472656 AB 5.18936753026759 1.0521120896670115
62603.1631 lsst_hardware_r 7.906359952721181 36.540000915527344 31.600000381469727 AB 6.589469107564023 1.0459474773911148
62603.1799 lsst_hardware_i -21.507214140689495 37.16999816894531 31.290000915527344 AB 6.850604924512734 1.0539392191558052
62605.1615 lsst_hardware_z 79.22108124691935 55.29999923706055 30.979999542236328 AB 5.1664350634346725 1.0468613143969483
62605.1778 lsst_hardware_i -6.434700092420925 56.68000030517578 31.31999969482422 AB 5.950083280839121 1.0568062307781412
62607.13 lsst_hardware_z -106.30549264176287 124.70999908447266 31.75 AB 17.5561160491339 1.0512644340798745
62609.1641 lsst_hardware_r -79.64973296514026 213.24000549316406 32.40999984741211 AB 12.366764848937855 1.0544050061619272
62609.1822 lsst_hardware_i -38.976107150410456 170.4499969482422 32.09000015258789 AB 13.873739399997543 1.0754836744184142
62613.1565 lsst_hardware_z 21.70487283274917 67.3499984741211 31.709999084472656 AB 10.729843699448868 1.0573097528587558
62617.1264 lsst_hardware_r -4.987900994897151 24.010000228881836 31.510000228881836 AB 8.969784396038063 1.0462423479049061
62617.1456 lsst_hardware_i 11.770663110541328 31.5 31.25 AB 9.102904719704448 1.0573298032799032
62621.1224 lsst_hardware_u -4.205424347228981 2.7300000190734863 28.420000076293945 AB 10.9715832238666 1.048657894754306
62621.1407 lsst_hardware_g -9.94523126664473 15.0600004196167 31.43000030517578 AB 11.108111042542246 1.0636896526421762
62624.124 lsst_hardware_r -7.951245262586174 24.09000015258789 31.520000457763672 AB 13.92168972244462 1.055113094277511
62624.143 lsst_hardware_i 34.380075940278445 31.780000686645508 31.260000228881836 AB 12.206952476454193 1.0782336293655022
62626.1191 lsst_hardware_z 80.73602022058914 41.720001220703125 30.950000762939453 AB 9.80117501769245 1.0555923551634303
62626.1376 lsst_hardware_u -0.763763481273964 2.809999942779541 28.469999313354492 AB 9.262865857535903 1.0783312988982425
62628.1102 lsst_hardware_g -1.9786944893253258 15.140000343322754 31.450000762939453 AB 7.02587479729249 1.052841538574531
62628.1281 lsst_hardware_r 5.64365103797884 24.1299991607666 31.5 AB 6.643635833692709 1.0721882565537753
62630.0205 lsst_hardware_i 18.68117314261323 33.11000061035156 31.239999771118164 AB 10.237074856619135 1.125747076962965
62630.0366 lsst_hardware_z 53.39176901254572 42.70000076293945 30.940000534057617 AB 9.905415192505075 1.089444964622119
62632.1074 lsst_hardware_g -21.243460884924648 35.18000030517578 31.670000076293945 AB 8.304024931942294 1.060065734594025
62632.1254 lsst_hardware_r 24.370040144340088 39.02000045776367 31.59000015258789 AB 8.41146110640922 1.085419847268777
62635.0654 lsst_hardware_i 96.18065829572723 84.55000305175781 31.34000015258789 AB 6.662406095007619 1.0461773506947152
62635.0843 lsst_hardware_r 72.04908192932518 100.38999938964844 31.65999984741211 AB 6.438781493567268 1.0487184147186304
62638.0578 lsst_hardware_z -81.95608454234173 109.45999908447266 31.739999771118164 AB 9.255704839259845 1.0460590524507483
62640.0086 lsst_hardware_g 52.1872613667174 61.27000045776367 31.700000762939453 AB 8.936622112647777 1.0907631041923322
62640.0227 lsst_hardware_r -54.37769344431903 69.20999908447266 31.639999389648438 AB 8.720144759448402 1.0680779928283675
62643.0305 lsst_hardware_i -12.572819284014226 31.399999618530273 31.25 AB 4.771579404041552 1.052070791887954
62643.0509 lsst_hardware_z 143.09675880149393 41.54999923706055 30.940000534057617 AB 5.219787627189889 1.0456130794805427
62645.0283 lsst_hardware_i -10.495317768953601 31.520000457763672 31.260000228881836 AB 7.794112116435895 1.0500066842237523
62645.0476 lsst_hardware_u 2.351856555034532 2.809999942779541 28.479999542236328 AB 8.680322954558857 1.0458220427179346
62647.0309 lsst_hardware_g -4.930215432855466 15.4399995803833 31.479999542236328 AB 5.94267133242401 1.0465981183364121
62647.051 lsst_hardware_r -3.649823619179485 24.329999923706055 31.520000457763672 AB 5.464434652170218 1.0484668834709998
62651.0032 lsst_hardware_r 21.383372831968156 24.100000381469727 31.510000228881836 AB 10.14199375948431 1.0564210019948241
62651.0228 lsst_hardware_i 31.769104724648848 31.389999389648438 31.260000228881836 AB 10.133790572545452 1.0459697307828935
62652.9975 lsst_hardware_z 63.155723431750815 42.2599983215332 30.950000762939453 AB 7.289389543463373 1.056637448318038
62653.0193 lsst_hardware_u -2.5091082094748103 2.819999933242798 28.469999313354492 AB 7.11079006495214 1.0457044213164912
62656.0044 lsst_hardware_g -15.744684620275683 15.279999732971191 31.459999084472656 AB 11.75476189984498 1.0471948240396418
62656.023 lsst_hardware_r -11.539023300671774 24.139999389648438 31.510000228881836 AB 11.757659569665606 1.0471031565994082
62657.9919 lsst_hardware_i -61.791959593257126 31.989999771118164 31.25 AB 4.517317521455714 1.050538958478073
62658.0134 lsst_hardware_z -15.508245465034113 42.040000915527344 30.950000762939453 AB 4.625108615962951 1.0460299551735759
62676.9531 lsst_hardware_y 118.47968825542921 70.19999694824219 30.06999969482422 AB 4.90366461420619 1.0457804679475773
62676.9734 lsst_hardware_g -30.00514836392595 16.1299991607666 31.479999542236328 AB 5.300794721267226 1.0508067640533487
