data/validation/pwv_sim_epoch_fit_seasonal/35248767.ecsv
# %ECSV 0.9
# ---
# datatype:
# - {name: time, datatype: float64}
# - {name: band, datatype: string}
# - {name: flux, datatype: float64}
# - {name: fluxerr, datatype: float64}
# - {name: zp, datatype: float64}
# - {name: zpsys, datatype: string}
# - {name: pwv, datatype: float64}
# - {name: airmass, datatype: float64}
# meta: {SNID: '35248767', alt: 1024.0, c: -0.020976923406124115, dec: -31.03924, lat: -30.244573, lon: -70.7499537, ra: 165.058594, t0: 62479.84765625,
#   x0: 5.237813300993473e-06, x1: 0.9922821521759033, z: 0.6016284823417664}
# schema: astropy-2.0
time band flux fluxerr zp zpsys pwv airmass
62491.2749 lsst_hardware_z 2066.182902402544 97.61387767394204 31.700000762939453 AB 7.037460408478518 1.3087673945656861
62493.2624 lsst_hardware_r 1361.2049535080305 86.63682969127049 31.579999923706055 AB 9.059095913759291 1.3521038677252675
62493.2849 lsst_hardware_z 956.7852987068718 66.77446904527316 30.959999084472656 AB 8.227701666435454 1.228015174094844
62495.2661 lsst_hardware_r 978.9614603735006 76.9158499068514 31.59000015258789 AB 8.170262083256242 1.2965754393731106
62495.2881 lsst_hardware_y 388.55573252515535 55.438530041241904 30.010000228881836 AB 7.527643521641563 1.1901883112599807
62497.2619 lsst_hardware_g 342.6130544701091 73.85111962942467 32.36000061035156 AB 8.117884657038365 1.2895083115066555
62497.2848 lsst_hardware_r 1944.7952610443642 89.50114009598659 32.349998474121094 AB 7.419523234627845 1.1814841001026126
62499.249 lsst_hardware_i 972.1642760235512 47.75440642062014 31.229999542236328 AB 9.528716216433308 1.3332003520840734
62499.2706 lsst_hardware_z 869.3914549663034 53.955055799003674 30.940000534057617 AB 8.743318807270365 1.2184819548613282
62501.2527 lsst_hardware_r 666.5538298986978 35.50888675330908 31.450000762939453 AB 7.1802328799830395 1.2800700414463682
62501.2733 lsst_hardware_u 1.1540332446595738 2.8699786644244205 28.329999923706055 AB 6.63426884899099 1.1837924519768235
62503.2625 lsst_hardware_g 188.85135408738526 23.703903160127084 32.11000061035156 AB 5.788879314111238 1.2060165237731746
62503.2847 lsst_hardware_i 1377.4653992638794 58.02252634711523 31.989999771118164 AB 5.413658699951824 1.1242541949228488
62505.2651 lsst_hardware_z 668.5221521506642 50.13692818422009 30.940000534057617 AB 3.2061643171132297 1.173130009920684
62505.2873 lsst_hardware_r 555.6057952441961 32.64800734438194 31.489999771118164 AB 3.02531689899781 1.100849135422819
62507.2636 lsst_hardware_u 1.397821674901172 2.9294335573471892 28.360000610351562 AB 8.784265032040338 1.158364619609717
62507.2856 lsst_hardware_g 25.173997458176846 15.570375371406044 31.399999618530273 AB 8.083837644199543 1.090936254277941
62510.2992 lsst_hardware_g 40.82091047469622 14.716427577543483 31.43000030517578 AB 7.805718746992703 1.0448257106961767
62510.3167 lsst_hardware_r 352.156298900166 29.818588927980652 31.5 AB 7.629100845356395 1.0202742688540793
62512.2926 lsst_hardware_i 494.54269462592833 37.42403943184207 31.25 AB 7.746253556857598 1.0467910211969726
62512.31 lsst_hardware_z 564.6153036252383 46.98667436456984 30.950000762939453 AB 7.560419267153039 1.0216782793450052
62514.2169 lsst_hardware_g 25.078872005017693 14.670666533886282 31.34000015258789 AB 5.6460790473794935 1.2817432570668543
62514.2361 lsst_hardware_i 419.2086189438089 37.76011994264123 31.229999542236328 AB 5.2424073842992795 1.1907120286864525
62517.1997 lsst_hardware_z 472.69460780348027 58.11362809881264 30.93000030517578 AB 6.92505037359182 1.3341778968484386
62517.2166 lsst_hardware_r 219.39070770931582 58.54912535277119 31.579999923706055 AB 6.309857558843796 1.2412020638995074
62519.2234 lsst_hardware_y 454.98481381938655 76.95393575225144 30.75 AB 7.938766781582374 1.1868391062314854
62521.2202 lsst_hardware_r 180.87552386699207 96.80395971631295 31.6200008392334 AB 11.636164299214535 1.1778487692161563
62521.2406 lsst_hardware_i 442.6549888072196 75.45452568205201 31.31999969482422 AB 11.13789024746859 1.1092595482581382
62523.2159 lsst_hardware_z 355.14641693196876 70.53058299729977 30.969999313354492 AB 11.14682384550476 1.1733498784741854
62523.234 lsst_hardware_r 263.33764540369054 90.74708132498037 31.639999389648438 AB 10.569166587481499 1.112543851313842
62525.2209 lsst_hardware_z 395.21822408050195 64.44948465377038 30.969999313354492 AB 11.299102001057706 1.136159075018363
62525.2382 lsst_hardware_r 195.02979682280497 74.47272774553419 31.6299991607666 AB 10.908958952465499 1.086549696460707
62529.2076 lsst_hardware_r 125.55215447143223 26.241766512747876 31.479999542236328 AB 12.216000733391397 1.1441059627926509
62529.225 lsst_hardware_u 3.2073592290792674 2.7821587842120503 28.399999618530273 AB 10.923135237354387 1.0923135237354387
62531.2092 lsst_hardware_g -5.913025070717007 13.702873417890892 31.360000610351562 AB 13.791908441055751 1.1213541471940824
62531.2278 lsst_hardware_r 152.05197908471615 25.00721603829022 31.469999313354492 AB 13.193718369763097 1.0724565830137722
62533.2069 lsst_hardware_i 187.69740215972323 33.77148738713966 31.239999771118164 AB 12.351625253750486 1.1119576209714157
62533.2247 lsst_hardware_z 338.86319827916276 44.77894872637449 30.950000762939453 AB 13.43098743162109 1.0672925579726713
62535.2095 lsst_hardware_r 104.76616364077869 24.88787688117105 31.479999542236328 AB 9.86139669475349 1.0900585882188794
62535.2282 lsst_hardware_g 22.773892225110114 13.505415381403385 31.389999389648438 AB 9.47685154606083 1.0496402066817725
62537.2279 lsst_hardware_i 178.31539348381855 32.65320218185444 31.25 AB 5.5822416233520995 1.0408157159761529
62537.2461 lsst_hardware_z 222.31170547298018 43.50256130625421 30.940000534057617 AB 5.397035002728412 1.0169653293251202
62539.1992 lsst_hardware_z 242.5660694881254 44.67272782484926 30.940000534057617 AB 5.5023164782365885 1.0884899066739047
62539.217 lsst_hardware_i 159.9676294696754 32.68756625091667 31.229999542236328 AB 6.147548030847791 1.0501448634861275
62546.1142 lsst_hardware_z 227.6342151397281 54.602387504682916 30.920000076293945 AB 4.366670498815845 1.375401490518934
62546.1332 lsst_hardware_r 129.04665704305793 53.35307513408859 31.56999969482422 AB 2.302464202651702 1.2623159005765912
62548.118 lsst_hardware_i 17.390628830683763 65.66242516303507 31.280000686645508 AB 4.099202600535211 1.3163080333535597
62548.1369 lsst_hardware_z 178.8647067661417 61.24834571220467 30.969999313354492 AB 4.170040544647313 1.218122846537654
62550.107 lsst_hardware_r 27.60143746340764 120.09669226384757 31.579999923706055 AB 7.382758350442971 1.350669292067888
62550.1271 lsst_hardware_z 53.82374627868774 80.97146915339611 30.969999313354492 AB 6.9320976371655 1.238316834077461
62552.1162 lsst_hardware_g 77.00141866533846 155.75159474350752 32.40999984741211 AB 4.025082554323655 1.2655170867996923
62552.1376 lsst_hardware_i 75.84244287725092 124.43333062476601 32.06999969482422 AB 4.541941527566553 1.1700003934998848
62554.1204 lsst_hardware_z 68.00171465774656 60.36945072850928 30.959999084472656 AB 7.492904035897902 1.2186556128971135
62554.1423 lsst_hardware_r 142.4333747978942 68.32474976222424 31.6299991607666 AB 7.381291447614553 1.1342745213391552
62556.1035 lsst_hardware_u 1.6847035016606686 2.6237160112061884 28.260000228881836 AB 9.88786412469072 1.2748938379315424
62556.1222 lsst_hardware_g 17.4374300749336 15.316338748314067 31.40999984741211 AB 9.167058886390501 1.1875710529708088
62557.1133 lsst_hardware_r 80.60762986877499 24.746805721446744 31.459999084472656 AB 9.23769753741368 1.213769672819851
62557.1329 lsst_hardware_i 103.66596515021139 33.012066603573494 31.229999542236328 AB 9.880880048652061 1.138240957894065
62559.1051 lsst_hardware_z 217.9443012756799 45.35494518916372 30.93000030517578 AB 8.172543915364876 1.226188134338316
62559.1242 lsst_hardware_r 55.25587590490744 24.500529368119082 31.469999313354492 AB 7.737246571220672 1.149238257886472
62561.1356 lsst_hardware_r 27.326089486819622 22.770000457763672 31.479999542236328 AB 4.448181937003184 1.0976389727336668
62561.1554 lsst_hardware_i -5.129482782434322 30.40999984741211 31.239999771118164 AB 4.2817226081826085 1.0529689174971577
62563.128 lsst_hardware_z 84.65203958809057 42.029998779296875 30.940000534057617 AB 5.356944349441858 1.1034439156376452
62563.1471 lsst_hardware_i 2.1668789553250756 30.510000228881836 31.25 AB 5.209840797942287 1.058426694690901
62566.1056 lsst_hardware_r -46.02393997704577 23.06999969482422 31.469999313354492 AB 8.361934796293363 1.1474615492123361
62566.1253 lsst_hardware_u -2.325186856125915 2.619999885559082 28.360000610351562 AB 8.270556159854516 1.088947486485124
62571.0979 lsst_hardware_i -40.876547502234914 32.099998474121094 31.25 AB 8.494017730120579 1.1278238997238819
62571.1191 lsst_hardware_z -8.803352033592136 41.54999923706055 30.950000762939453 AB 8.109879954258092 1.0713183559125472
62575.1023 lsst_hardware_r 152.32967387549792 48.86000061035156 31.6200008392334 AB 9.770726400028517 1.0850334702974476
62575.1227 lsst_hardware_i -20.13902356538599 43.939998626708984 31.299999237060547 AB 9.273148047853939 1.0431965554912392
62578.0889 lsst_hardware_z -8.507255351580488 71.62000274658203 30.979999542236328 AB 8.74323455596515 1.098396301000615
62578.1058 lsst_hardware_i 30.12681186956233 81.25 31.329999923706055 AB 8.647360224128638 1.0591090020059881
62580.0957 lsst_hardware_z 6.334687604605903 117.23999786376953 31.75 AB 5.447758852275622 1.0687468321230895
62582.0856 lsst_hardware_r 41.857128989716905 77.55999755859375 31.639999389648438 AB 5.6174057065622565 1.079232604526829
62582.1023 lsst_hardware_i 35.56184016869659 63.939998626708984 31.329999923706055 AB 5.454765094718909 1.0453746827748005
62584.092 lsst_hardware_z -45.59512625471391 64.44999694824219 31.709999084472656 AB 5.773301678789837 1.0540992658005859
62589.077 lsst_hardware_i -37.94338484261207 30.549999237060547 31.239999771118164 AB 7.179804765015345 1.056682412433577
62589.0948 lsst_hardware_z 16.213860805618665 40.84000015258789 30.950000762939453 AB 7.0704574738523425 1.0278072645212368
62591.0685 lsst_hardware_i 33.90992911296172 30.440000534057617 31.239999771118164 AB 5.088311231402908 1.062758637811726
62591.0844 lsst_hardware_u -0.526640981140467 2.549999952316284 28.34000015258789 AB 5.352911231708346 1.0347122226240357
62593.9949 lsst_hardware_y -30.311749090999033 50.75 29.950000762939453 AB 11.88946291223674 1.3017066278621852
62594.012 lsst_hardware_r 29.518032633669165 23.360000610351562 31.459999084472656 AB 7.52807971812647 1.2149902708402953
62595.9928 lsst_hardware_y 24.759486978500043 50.02000045776367 29.969999313354492 AB 11.343074864523265 1.2828992975964333
62596.0105 lsst_hardware_g 12.19952894648039 13.75 31.360000610351562 AB 9.20261350462127 1.1978280569615278
62597.9903 lsst_hardware_z -29.095430397520758 45.560001373291016 30.93000030517578 AB 14.350462201370753 1.2670837147199852
62598.0067 lsst_hardware_i -39.50133398034204 31.65999984741211 31.229999542236328 AB 12.68215934976222 1.1909249084197726
62599.9909 lsst_hardware_y 39.860146485997326 50.33000183105469 29.979999542236328 AB 11.154912164719835 1.236777902807228
62600.0101 lsst_hardware_r 12.320929632134506 24.850000381469727 31.479999542236328 AB 9.327302821717657 1.156850854355603
62603.9858 lsst_hardware_y -109.6276699402889 52.900001525878906 30.010000228881836 AB 9.413067992619487 1.2101003365089729
62604.0043 lsst_hardware_z 79.22583182160166 49.77000045776367 30.959999084472656 AB 7.488386762138301 1.1391347042613882
62605.9729 lsst_hardware_y 72.00362796215676 75.63999938964844 30.0 AB 14.128074057019429 1.2445997495502295
62605.9904 lsst_hardware_z 169.21118822540606 65.13999938964844 30.969999313354492 AB 13.266120058469511 1.169078656838027
62607.972 lsst_hardware_y -152.82125361849666 82.18000030517578 30.010000228881836 AB 17.43999919677504 1.2230013461973817
62607.9904 lsst_hardware_r -98.51862953844248 118.05999755859375 31.639999389648438 AB 16.440243961586653 1.149265568793195
62611.9863 lsst_hardware_z 69.08881741111225 60.880001068115234 31.700000762939453 AB 8.1229391933187 1.1267254290713935
62615.976 lsst_hardware_y 152.67043468408625 49.130001068115234 30.020000457763672 AB 15.428871222645103 1.1247855769032795
62615.9947 lsst_hardware_i -39.80149721275391 30.40999984741211 31.239999771118164 AB 14.810218809298156 1.0747488885691867
62617.9732 lsst_hardware_y 51.45208594196742 50.15999984741211 30.030000686645508 AB 6.912379545856047 1.1167010574888605
62617.9912 lsst_hardware_i 10.733934086615289 30.3700008392334 31.239999771118164 AB 6.5385846057647425 1.0703637578497633
62619.9665 lsst_hardware_y -159.00351328377798 59.90999984741211 30.030000686645508 AB 11.839597526729436 1.120422462211689
62619.9843 lsst_hardware_g 2.3312096919695615 13.609999656677246 31.399999618530273 AB 11.384004599840262 1.0735660188301739
62621.9718 lsst_hardware_y -97.68192494348101 49.20000076293945 30.030000686645508 AB 12.451845790881446 1.0904497583747654
62621.9905 lsst_hardware_i -70.71355265825504 30.329999923706055 31.25 AB 12.102419521432315 1.049919278340619
62624.9653 lsst_hardware_y -35.47100324331684 56.04999923706055 30.049999237060547 AB 11.806759590160125 1.0862034168366452
62624.9833 lsst_hardware_r -38.933000901157435 22.360000610351562 31.5 AB 11.58801531502715 1.0481437546097867
62626.9679 lsst_hardware_y 6.419141000488134 49.56999969482422 30.040000915527344 AB 7.326189857494998 1.0675945777667943
62626.9861 lsst_hardware_z -67.49791372552349 40.83000183105469 30.950000762939453 AB 7.479427921825059 1.0347136918895576
62630.965 lsst_hardware_y -33.586263837346124 52.41999816894531 30.049999237060547 AB 8.200433385430545 1.0516072564029937
62630.9837 lsst_hardware_z -22.98110866560748 42.16999816894531 30.950000762939453 AB 7.941379073156054 1.0233076571298312
62632.9648 lsst_hardware_y -8.928420951562618 53.36000061035156 30.049999237060547 AB 12.110793769154409 1.0424164029225877
62632.9847 lsst_hardware_r -10.85074038675594 51.150001525878906 31.639999389648438 AB 11.874471585523578 1.0162439309799376
62855.2595 lsst_hardware_z 31.74918279216317 46.77000045776367 30.90999984741211 AB 6.1400425954847355 1.43570754376101
62855.2828 lsst_hardware_r -3.4226910609050165 25.739999771118164 31.479999542236328 AB 5.48562850909259 1.2834631618692327
62858.2607 lsst_hardware_u 1.675831073186284 2.559999942779541 28.200000762939453 AB 9.164895141853581 1.3678947972915791
62858.2837 lsst_hardware_r -46.91580648290825 23.829999923706055 31.459999084472656 AB 8.287530837763297 1.236944901158701
62863.2592 lsst_hardware_r 6.161014499778884 23.59000015258789 31.459999084472656 AB 7.984898830805743 1.293205738246877
62863.2842 lsst_hardware_u 3.427081774371184 2.6700000762939453 28.3799991607666 AB 7.260271634005062 1.17584770167701
62865.2601 lsst_hardware_g -12.515176364205235 13.800000190734863 31.34000015258789 AB 10.954536740268251 1.2591421540538221
62865.2841 lsst_hardware_r 5.013136064441668 22.920000076293945 31.469999313354492 AB 10.055984766839103 1.1558603180274831
62866.2609 lsst_hardware_i -10.71677078748852 32.22999954223633 31.219999313354492 AB 6.98038983687019 1.2415651806430148
62866.2855 lsst_hardware_z -29.045895690547262 42.61000061035156 30.940000534057617 AB 6.3991223984413494 1.1415283233182414
62870.2581 lsst_hardware_r 21.834921059491347 54.650001525878906 32.310001373291016 AB 3.337378567253901 1.2044312293478887
62870.2823 lsst_hardware_i 31.37042102262929 43.880001068115234 31.989999771118164 AB 3.0672820809138015 1.1170678291643585
62872.2577 lsst_hardware_z -6.254242367358703 53.0 30.959999084472656 AB 8.919213558090314 1.1834427542800063
62872.2814 lsst_hardware_i -1.8129364909081678 49.83000183105469 31.299999237060547 AB 8.151647362220409 1.103960910376543
62874.2593 lsst_hardware_z -18.965365857385574 85.63999938964844 31.719999313354492 AB 10.294467466823008 1.1566817378452818
62879.2121 lsst_hardware_y 104.59394909477726 56.540000915527344 29.969999313354492 AB 5.7935962414904765 1.3128723425150735
62879.2285 lsst_hardware_r -87.82513947308357 78.44000244140625 31.610000610351562 AB 5.412068152448247 1.2269017612381257
62881.2043 lsst_hardware_i -94.18962111781389 54.09000015258789 31.260000228881836 AB 8.03549498153351 1.3269198664960593
62881.2216 lsst_hardware_z 20.454434659356018 55.209999084472656 30.950000762939453 AB 6.661694369006655 1.2336471053716027
62883.2068 lsst_hardware_r -5.797543072568007 27.979999542236328 31.489999771118164 AB 3.930890061858797 1.2810461338956538
