data/validation/pwv_sim_epoch_fit_seasonal/35338489.ecsv
# %ECSV 0.9
# ---
# datatype:
# - {name: time, datatype: float64}
# - {name: band, datatype: string}
# - {name: flux, datatype: float64}
# - {name: fluxerr, datatype: float64}
# - {name: zp, datatype: float64}
# - {name: zpsys, datatype: string}
# - {name: pwv, datatype: float64}
# - {name: airmass, datatype: float64}
# meta: {SNID: '35338489', alt: 1024.0, c: -0.11327942460775375, dec: -15.404094, lat: -30.244573, lon: -70.7499537, ra: 297.597656, t0: 60871.4609375,
#   x0: 5.019129234496669e-06, x1: -1.3002581596374512, z: 0.6119741797447205}
# schema: astropy-2.0
time band flux fluxerr zp zpsys pwv airmass
60793.4031 lsst_hardware_i -80.7876892636839 32.2599983215332 31.260000228881836 AB 5.257439606540612 1.0414552358692486
60793.4207 lsst_hardware_y 47.66930717378903 54.5099983215332 30.059999465942383 AB 6.111211946930482 1.034863165544787
60801.3894 lsst_hardware_i -14.694708515978894 31.8700008392334 31.260000228881836 AB 2.7823500632454934 1.0370294682241867
60801.4083 lsst_hardware_z 100.20666769287972 42.029998779296875 30.959999084472656 AB 2.7815637105424793 1.0358676884992009
60803.3953 lsst_hardware_r 11.83975884965247 24.809999465942383 31.530000686645508 AB 10.915377119532534 1.0348127276018773
60803.415 lsst_hardware_y -35.782369762825304 48.18000030517578 30.049999237060547 AB 11.041498926276878 1.0418474170859482
60805.3724 lsst_hardware_z 75.72450337337247 49.25 30.969999313354492 AB 7.1485874898491995 1.0401097287443515
60805.3927 lsst_hardware_r -9.683537254110226 24.739999771118164 31.530000686645508 AB 8.090579990101276 1.0349760130611614
60807.3669 lsst_hardware_i 105.9030729995571 67.08999633789062 31.34000015258789 AB 10.203721397221557 1.0401346990032168
60807.3871 lsst_hardware_z -12.125372651466106 60.619998931884766 30.989999771118164 AB 10.907202661421039 1.0349617043217685
60809.3672 lsst_hardware_r 201.28148179687835 98.68000030517578 31.65999984741211 AB 8.293777075600548 1.03717589890584
60809.3878 lsst_hardware_z 17.94914917024247 68.08999633789062 30.989999771118164 AB 8.44817579608413 1.0362681135951226
60816.3621 lsst_hardware_r -16.192094932651646 31.649999618530273 31.579999923706055 AB 7.271191386223373 1.0349222706046637
60816.3845 lsst_hardware_g -10.603093573301214 26.0 31.6200008392334 AB 7.383772523623843 1.045860130824907
60825.3181 lsst_hardware_i -48.88955325405299 31.399999618530273 31.25 AB 13.24461930694337 1.0399287567692574
60825.3416 lsst_hardware_z 21.99337145960422 41.619998931884766 30.950000762939453 AB 12.701659562023911 1.0355739397236234
60827.3229 lsst_hardware_r -6.6802267626040805 24.06999969482422 31.520000457763672 AB 7.074605206049842 1.0356111846466713
60827.3431 lsst_hardware_u 4.0998282308566045 2.819999933242798 28.489999771118164 AB 6.930639740108117 1.0380518588761394
60831.3175 lsst_hardware_g 20.545767685931786 15.140000343322754 31.459999084472656 AB 6.62194831385383 1.0348411179643429
60831.3373 lsst_hardware_r -24.3329919570356 24.059999465942383 31.510000228881836 AB 5.407055642872365 1.0409861658024768
60841.2464 lsst_hardware_r -39.607133499363364 98.11425805185259 31.649999618530273 AB 12.431306362436061 1.0716643415893157
60841.2678 lsst_hardware_i 72.03312732318743 79.96172248250312 31.34000015258789 AB 12.27234512341571 1.0447364643023547
60845.2702 lsst_hardware_r -32.74314332195339 30.661814878866704 31.56999969482422 AB 3.611978242959789 1.0366835425859235
60845.2922 lsst_hardware_z 25.98103023236409 43.18761052011445 30.959999084472656 AB 3.2046311881726184 1.0372653141843202
60850.226 lsst_hardware_z 242.68102882152448 43.314123692841015 30.950000762939453 AB 4.341271507693833 1.0649942369025676
60850.2468 lsst_hardware_r 104.88816266438535 26.341411635508667 31.520000457763672 AB 4.240541247208414 1.041944694019048
60853.2168 lsst_hardware_u 55.54273277015016 8.344271893807495 28.489999771118164 AB 7.722839968442292 1.0665432907668158
60853.2392 lsst_hardware_g 165.477991544969 19.464762905636718 31.469999313354492 AB 7.498310090757041 1.0415283948639282
60859.2432 lsst_hardware_r 1097.7958212297804 40.63743620170487 31.520000457763672 AB 6.961691422524244 1.0348366994139535
60859.2635 lsst_hardware_i 815.3918157620956 42.081885602354646 31.260000228881836 AB 6.741692561259473 1.0428791958016046
60864.2142 lsst_hardware_r 1799.3871931448398 96.44664741842519 31.65999984741211 AB 1.635454046875904 1.0384934153090724
60864.2357 lsst_hardware_z 827.0026482254247 69.88127582617686 30.989999771118164 AB 1.6426499863666948 1.0357187808112829
60869.1967 lsst_hardware_z 947.0360652280231 83.95256365566392 30.989999771118164 AB 6.477694041954619 1.0407327420465746
60869.2163 lsst_hardware_r 2186.1432556348987 120.07819809951215 31.65999984741211 AB 7.060466994086263 1.0348544548690675
60871.2048 lsst_hardware_y 795.3271713561977 75.75121159202396 30.799999237060547 AB 6.625327306613051 1.0352073916582891
60880.1733 lsst_hardware_r 1290.3977426509327 43.824135302439274 31.530000686645508 AB 5.7090503554204215 1.037207676871585
60880.1933 lsst_hardware_u -2.438846352289856 3.0576254088182155 28.520000457763672 AB 5.7024642592910455 1.0360738733249435
60882.1589 lsst_hardware_g 152.63392595378292 20.126771845821697 31.469999313354492 AB 9.702035581776691 1.0423330019098294
60882.1793 lsst_hardware_i 1129.1277824574868 45.48182763789902 31.260000228881836 AB 11.172719718755213 1.034822489985895
60887.1577 lsst_hardware_y 364.292686173588 49.60890614271308 30.049999237060547 AB 3.8331273026430615 1.0359803520656923
60887.1796 lsst_hardware_g 126.44384780053932 19.345474518721005 31.469999313354492 AB 3.800112585356171 1.0382112110801642
60889.1334 lsst_hardware_g 161.8464198345529 34.467806630498195 31.670000076293945 AB 1.9305470058599308 1.0477867060298132
60889.1572 lsst_hardware_r 1392.1343063544957 62.592762267926744 32.34000015258789 AB 1.8688561714272873 1.0349951106298434
60889.1786 lsst_hardware_i 693.6351450615589 46.34377706441848 31.280000686645508 AB 1.9730298286888557 1.0407647784195468
60893.1444 lsst_hardware_r 1145.5647183808828 141.0816751093473 32.40999984741211 AB 2.1678465577850035 1.0352657869078334
60893.1654 lsst_hardware_z 1162.4340961731377 105.7557661818014 31.739999771118164 AB 2.1662223529676337 1.0393709810320513
60895.1409 lsst_hardware_z 552.323148755899 109.48728536436722 31.010000228881836 AB 3.942953480727989 1.0349864766983334
60895.1612 lsst_hardware_i 653.8797314166576 132.35264510904582 31.350000381469727 AB 3.97706911787139 1.0401192009078695
60898.1276 lsst_hardware_z 984.3749891040627 97.39399892254897 31.739999771118164 AB 8.51488107958782 1.0359996446754862
60898.1478 lsst_hardware_r 836.5733438886357 132.01517495048506 32.40999984741211 AB 8.534596668568186 1.037399187857131
60900.123 lsst_hardware_y 123.60081424306695 50.67988895791653 30.049999237060547 AB 2.5215672265528113 1.0357639049302985
60900.1442 lsst_hardware_g 97.44486260402101 53.003283352079954 31.709999084472656 AB 3.3712257967158767 1.0382586377320224
60903.095 lsst_hardware_g 97.74287361792831 18.79762431887248 31.469999313354492 AB 5.34737580617456 1.0479571086048918
60903.1142 lsst_hardware_r 220.34050590444647 27.90276721712433 31.520000457763672 AB 5.335374653978793 1.0359280280846792
60905.1088 lsst_hardware_i 297.8837529138424 35.66539267826168 31.260000228881836 AB 2.7037282685752753 1.0359112140135154
60905.1306 lsst_hardware_z 426.1150361837495 46.167412931316306 30.950000762939453 AB 2.827682543047989 1.0382849520080741
60911.0939 lsst_hardware_z 359.23028733947706 45.15469686644776 30.950000762939453 AB 2.8632625770191886 1.0355380025387793
60911.1147 lsst_hardware_r 165.68465166292114 26.680516522841355 31.520000457763672 AB 2.998752587198272 1.0385290345275402
60913.0777 lsst_hardware_u 11.800049125053302 4.223952878772735 28.43000030517578 AB 2.108893993018546 1.0400167639100215
60913.0967 lsst_hardware_g 21.58662521559429 16.614212447487684 31.450000762939453 AB 1.9405860207608066 1.0348872210972215
60931.0272 lsst_hardware_u 10.222522901657866 4.2258641165312865 28.399999618530273 AB 2.1988463144144332 1.0408739949890806
60931.0462 lsst_hardware_g 70.83328785918934 17.14812497393176 31.459999084472656 AB 2.5257569960377984 1.0348282274046086
60935.0142 lsst_hardware_z 56.26148432461508 43.523810837233185 30.950000762939453 AB 1.6400948290172095 1.0423227384920302
60935.0321 lsst_hardware_r 66.14415196105807 25.636253459824076 31.520000457763672 AB 1.745692452476805 1.0349443915671208
60937.0217 lsst_hardware_u 9.009843454725978 3.410495682598296 28.469999313354492 AB 6.111428352365715 1.0358353139602907
60937.0403 lsst_hardware_g 53.26459728198989 17.743720474798206 31.469999313354492 AB 6.11820844841067 1.0369844827814694
60939.0204 lsst_hardware_r 59.26530819457808 25.69438579677521 31.520000457763672 AB 4.036605135356083 1.0350269577836109
60939.0399 lsst_hardware_z 133.25768244740405 43.34478380839451 30.950000762939453 AB 4.053775057787842 1.0394295019968827
60941.9977 lsst_hardware_y 44.15019502771929 48.03180105245623 30.049999237060547 AB 2.6198691724483556 1.040525255490179
60942.0175 lsst_hardware_r 58.795668916807756 25.839100907425554 31.520000457763672 AB 2.898370035076181 1.034885754014347
60943.9979 lsst_hardware_z 109.13040652435687 44.145324130016355 30.950000762939453 AB 3.2014997281597943 1.0374830337001764
60944.017 lsst_hardware_g 12.676564490473291 17.97795609417817 31.489999771118164 AB 3.3544857639307573 1.035654758854587
60945.9983 lsst_hardware_y 88.3586819605308 48.518681251272206 30.049999237060547 AB 4.448440298146532 1.0355445028566432
60946.0173 lsst_hardware_i 101.01607758865154 34.77674253078995 31.270000457763672 AB 4.9215579696285126 1.0376466307460495
60948.9866 lsst_hardware_y 162.62968506854114 71.92135618675141 30.06999969482422 AB 2.7638078893992435 1.0365575282157433
60949.0064 lsst_hardware_r 51.704759058401386 62.67593340234435 31.639999389648438 AB 6.295045064157381 1.0365626649361734
60950.9881 lsst_hardware_y 80.60331351434009 71.75810408355551 30.06999969482422 AB 2.561820220913768 1.034974334274828
60951.0068 lsst_hardware_z 193.7420057008399 66.08418087300316 30.989999771118164 AB 2.0891322194120465 1.0392400046816535
61156.4012 lsst_hardware_u 3.1035457891326033 2.9000000953674316 28.489999771118164 AB 4.214015816325328 1.0482409111731503
61156.4202 lsst_hardware_y 111.5292700787282 52.689998626708984 30.059999465942383 AB 4.607924181597621 1.0360706422928883
61158.4056 lsst_hardware_r 28.97470148249203 25.18000030517578 31.510000228881836 AB 5.250146500643597 1.0402852945365602
61158.4236 lsst_hardware_z -90.96871165363343 52.400001525878906 30.969999313354492 AB 5.938368430762608 1.034829385860871
61160.4079 lsst_hardware_z -29.576901877606208 50.880001068115234 30.969999313354492 AB 11.849790476506568 1.0365154803487098
61160.4275 lsst_hardware_y 13.20432408232609 70.37000274658203 30.06999969482422 AB 12.53800674634022 1.0365415630241583
61162.3576 lsst_hardware_z 41.52720386042298 87.70999908447266 31.729999542236328 AB 9.822728121703209 1.0898803300950375
61162.3761 lsst_hardware_y -77.74149775495938 76.0 30.809999465942383 AB 10.909592920477428 1.0583275266429406
61164.3918 lsst_hardware_i 11.605909944697398 69.5199966430664 31.329999923706055 AB 9.28784058643311 1.0387921470118677
61164.4107 lsst_hardware_y -99.24668748560448 54.45000076293945 30.059999465942383 AB 9.257969317769183 1.0351039040439607
61171.3825 lsst_hardware_r 15.461183607719782 42.02000045776367 32.31999969482422 AB 7.868233727458766 1.0352939115077324
61171.4036 lsst_hardware_i -13.349428767680344 48.54999923706055 32.029998779296875 AB 7.899123922209427 1.03935841081703
61174.3744 lsst_hardware_z -16.210471494021263 41.58000183105469 30.940000534057617 AB 8.277393106687787 1.0352780505321173
61174.3939 lsst_hardware_r 9.407114410926676 24.479999542236328 31.510000228881836 AB 8.46825681624546 1.0385402031205977
61176.3492 lsst_hardware_u -1.4425874111830055 2.700000047683716 28.3799991607666 AB 4.341793696267657 1.0457953503655537
61176.3678 lsst_hardware_r 24.919033198845593 24.209999084472656 31.5 AB 4.3006257194409905 1.0355052095447628
61181.3348 lsst_hardware_g 8.687385243409851 15.420000076293945 31.469999313354492 AB 7.367539701226172 1.0464759766904272
61181.3515 lsst_hardware_r -18.287928831705123 24.270000457763672 31.520000457763672 AB 7.288540072891983 1.0362116540850475
61186.33 lsst_hardware_z 16.06314583785954 41.77000045776367 30.959999084472656 AB 5.926027267381786 1.0397755177298724
61186.3499 lsst_hardware_r 26.750219336735768 24.290000915527344 31.530000686645508 AB 5.935025772284262 1.0350134319717943
61188.3315 lsst_hardware_z -26.097533188594323 49.2400016784668 30.969999313354492 AB 8.17414013460028 1.0365053269424989
61188.3539 lsst_hardware_r 34.62650332359662 44.31999969482422 31.6200008392334 AB 9.4826979777295 1.0376835284766623
61197.3252 lsst_hardware_y -15.646427837775162 104.43000030517578 31.559999465942383 AB 6.36415584171896 1.036127777560171
61218.2107 lsst_hardware_z 8.050942570441334 83.70999908447266 31.719999313354492 AB 7.809712069650883 1.0780938804045945
61218.2315 lsst_hardware_r 60.07921444427261 109.30000305175781 32.400001525878906 AB 7.583019307512069 1.048681967571883
61221.2594 lsst_hardware_r 112.48319440129947 153.74000549316406 31.670000076293945 AB 3.6206457096917277 1.036048944017091
61221.2799 lsst_hardware_z -16.415038756242183 100.26000213623047 31.0 AB 3.66325088841369 1.0496671520562484
61224.2559 lsst_hardware_z -263.68631720467437 74.4800033569336 31.0 AB 6.6775891961373794 1.0378193567451341
61224.2747 lsst_hardware_i -17.14304684884561 85.13999938964844 31.34000015258789 AB 6.83421367462297 1.052956424716556
61226.2311 lsst_hardware_r 21.455239763599614 58.58000183105469 31.639999389648438 AB 3.730500105971845 1.035554865290942
61226.2498 lsst_hardware_z 72.68388108624168 52.150001525878906 30.969999313354492 AB 3.7570754102628516 1.0375317559523685
61232.2178 lsst_hardware_r -19.655096098558392 24.579999923706055 31.520000457763672 AB 8.590731355952641 1.0350278742111616
61232.2352 lsst_hardware_u 1.222071438500753 2.799999952316284 28.450000762939453 AB 8.618475933272912 1.0383705943702302
61236.2163 lsst_hardware_i -73.11640708786558 31.739999771118164 31.260000228881836 AB 5.9558635917511324 1.0355022182124025
61236.2361 lsst_hardware_z 78.98839604267957 42.04999923706055 30.950000762939453 AB 6.057358223080574 1.0468538730750614
61239.2067 lsst_hardware_r 14.605069160808046 24.649999618530273 31.520000457763672 AB 2.305977696832586 1.0352312892626647
61239.2273 lsst_hardware_u 0.5823435079421186 2.809999942779541 28.450000762939453 AB 2.0685173390940568 1.046291016233716
61245.1751 lsst_hardware_r -21.76926989874614 53.58000183105469 31.639999389648438 AB 5.721013681611924 1.036791171006148
61245.1954 lsst_hardware_z -2.435458659542263 49.849998474121094 30.969999313354492 AB 5.717732787049477 1.0365409771972343
61247.1636 lsst_hardware_r -236.66718825289087 122.13999938964844 32.400001525878906 AB 9.381105944014035 1.0396977264203964
61247.1839 lsst_hardware_y -11.746988795923793 77.41999816894531 30.799999237060547 AB 11.07958340934381 1.035088136149459
61250.1619 lsst_hardware_z 29.981026670940473 112.80000305175781 31.0 AB 4.269519847431553 1.0366267030021579
61250.1818 lsst_hardware_r -48.29081905288167 172.39999389648438 31.670000076293945 AB 4.320897809497397 1.03655938814859
61252.1669 lsst_hardware_i -77.98448325602845 94.27999877929688 31.34000015258789 AB 3.813386999046255 1.0348404339338548
61252.1867 lsst_hardware_z 186.8247181191601 80.95999908447266 30.989999771118164 AB 3.7750612185576813 1.0421148981524797
61257.1297 lsst_hardware_u -1.905999868546039 2.75 28.420000076293945 AB 2.096077770583767 1.0443835428917623
61257.1491 lsst_hardware_g 14.97261722474325 15.359999656677246 31.450000762939453 AB 2.0863847841469902 1.0350842322541707
61259.1347 lsst_hardware_r -12.214153163721083 24.34000015258789 31.520000457763672 AB 2.713898358011237 1.0376873660506896
61259.1556 lsst_hardware_z 26.29237918684146 41.72999954223633 30.950000762939453 AB 2.790740254885975 1.036037713730717
61262.1317 lsst_hardware_r -20.482289949623908 24.34000015258789 31.520000457763672 AB 4.451995648128557 1.0358296063584358
61262.1515 lsst_hardware_u 0.8634903441007058 2.799999952316284 28.459999084472656 AB 4.494930527372302 1.037531090414473
61265.1214 lsst_hardware_g -5.840523280782806 15.460000038146973 31.479999542236328 AB 2.66165044148258 1.0364682404524674
61265.1403 lsst_hardware_r -44.46021685372521 24.31999969482422 31.520000457763672 AB 3.3645908325290423 1.0363748136544102
61267.0895 lsst_hardware_r -5.2721660070315775 24.309999465942383 31.520000457763672 AB 3.8347165546406394 1.0582420811261077
61267.1084 lsst_hardware_i 34.75420632707238 31.399999618530273 31.260000228881836 AB 3.7662955223517107 1.040053993055327
61269.0945 lsst_hardware_z -110.8479546997914 41.790000915527344 30.959999084472656 AB 4.256190856688696 1.0465185288145307
61269.1152 lsst_hardware_r -0.44483443801284406 24.25 31.530000686645508 AB 4.169758398098911 1.035257500614137
61273.101 lsst_hardware_z 20.29942996318208 46.4900016784668 30.959999084472656 AB 2.553256647784452 1.0360140587480025
61273.1206 lsst_hardware_g -24.125786346327764 40.189998626708984 31.690000534057617 AB 2.516941642380631 1.0371656093048855
61275.0816 lsst_hardware_r 87.99290484845281 77.19999694824219 31.649999618530273 AB 2.2722935861742655 1.043533219827298
61275.102 lsst_hardware_z 33.986438449081305 61.65999984741211 30.989999771118164 AB 2.4537204316005536 1.03488841484629
61277.0881 lsst_hardware_r 76.82446741128237 122.69000244140625 31.670000076293945 AB 3.8890132764779772 1.0366555448428567
61277.1072 lsst_hardware_y 60.36305246942954 64.95999908447266 30.06999969482422 AB 4.023822864789829 1.036266511663618
61279.071 lsst_hardware_z -15.230185427256067 87.77999877929688 31.0 AB 1.693243126428742 1.0432798067954145
61279.0907 lsst_hardware_r -99.18248682990904 132.07000732421875 31.670000076293945 AB 1.4933800153933818 1.0349133855809993
61285.0601 lsst_hardware_r 10.023870953089943 24.079999923706055 31.520000457763672 AB 1.5842713789602862 1.0395481489240723
61285.0774 lsst_hardware_i -29.249501313528402 31.34000015258789 31.260000228881836 AB 1.4788097450118893 1.0348563645989428
61287.0529 lsst_hardware_z 43.42843011684281 41.47999954223633 30.940000534057617 AB 1.5990754329089574 1.040613079984137
61287.0718 lsst_hardware_r -41.69704586340962 23.920000076293945 31.5 AB 1.593326856274669 1.0348518226507917
61298.0257 lsst_hardware_i 18.564465840680757 31.850000381469727 31.270000457763672 AB 1.3367600091821346 1.038932649623337
61298.0435 lsst_hardware_u 6.137998438766931 3.0299999713897705 28.59000015258789 AB 1.2293588965056768 1.0349590822273131
61300.0174 lsst_hardware_g -42.88514636111639 21.040000915527344 31.56999969482422 AB 1.7786707639668127 1.0406147514797792
61300.0347 lsst_hardware_r 24.045716817324443 27.969999313354492 31.549999237060547 AB 1.8270224790343734 1.0348470569433077
61304.0298 lsst_hardware_z 44.24629180017131 91.76000213623047 31.739999771118164 AB 4.037808582471758 1.0353355339671175
61305.9975 lsst_hardware_y 12.231501399878413 57.61000061035156 30.059999465942383 AB 1.1488063431478885 1.043105033124596
61306.0181 lsst_hardware_r 10.074432134336131 94.0 31.65999984741211 AB 1.552279875291346 1.0348532501942307
61311.9856 lsst_hardware_y -128.88228275657582 71.48999786376953 30.06999969482422 AB 3.9026321792175502 1.0400085754076842
61312.003 lsst_hardware_r 4.219689702509839 24.68000030517578 31.510000228881836 AB 3.5247494656904683 1.034839468311216
61313.9874 lsst_hardware_y 49.723899654226756 90.4800033569336 30.81999969482422 AB 2.8900409312506627 1.03653808282049
61314.0066 lsst_hardware_r -2.7113863637233657 35.11000061035156 32.279998779296875 AB 6.314304610433019 1.0364061732348
61315.9867 lsst_hardware_z 42.56326432198827 64.66000366210938 30.989999771118164 AB 2.561470348358714 1.035286095665361
61316.0052 lsst_hardware_g -0.6194049389444333 16.350000381469727 31.510000228881836 AB 2.034678872285594 1.0380573303608733
