data/validation/pwv_sim_epoch_fit_seasonal/354040.ecsv
# %ECSV 0.9
# ---
# datatype:
# - {name: time, datatype: float64}
# - {name: band, datatype: string}
# - {name: flux, datatype: float64}
# - {name: fluxerr, datatype: float64}
# - {name: zp, datatype: float64}
# - {name: zpsys, datatype: string}
# - {name: pwv, datatype: float64}
# - {name: airmass, datatype: float64}
# meta: {SNID: '354040', alt: 1024.0, c: 0.08536131680011749, dec: -12.329984, lat: -30.244573, lon: -70.7499537, ra: 33.574219, t0: 61728.78125,
#   x0: 7.806872151883297e-06, x1: 1.0026072263717651, z: 0.5103160738945007}
# schema: astropy-2.0
time band flux fluxerr zp zpsys pwv airmass
61616.4189 lsst_hardware_r -2.805019923636 23.65999984741211 31.5 AB 3.959310790235283 1.0569436172544802
61616.4376 lsst_hardware_z -56.90903219378683 55.88999938964844 30.979999542236328 AB 3.9590298551349057 1.0518145204928018
61618.4149 lsst_hardware_z -10.440713465905565 41.599998474121094 30.950000762939453 AB 6.641903568694609 1.0560724360924767
61618.4356 lsst_hardware_y -117.70536331437634 59.54999923706055 30.059999465942383 AB 7.075346412682811 1.0522917141004366
61621.4143 lsst_hardware_u 1.9217944060544403 2.759999990463257 28.459999084472656 AB 2.11356440687902 1.0528340756558006
61621.4327 lsst_hardware_y 30.838876414595184 56.040000915527344 30.059999465942383 AB 1.5641367887412247 1.0538821709654518
61623.3942 lsst_hardware_i -3.635619142381719 30.739999771118164 31.25 AB 3.0499440827770856 1.0610346435126408
61623.4158 lsst_hardware_y 28.394664026077173 47.279998779296875 30.040000915527344 AB 3.0452629405632474 1.0517529223416022
61628.3949 lsst_hardware_g 13.76195790543657 14.020000457763672 31.40999984741211 AB 6.340855160048869 1.0529192416985362
61628.4136 lsst_hardware_y 94.46374860805217 47.189998626708984 30.040000915527344 AB 6.327717008183317 1.053887634950726
61630.396 lsst_hardware_i 19.192729859704965 30.81999969482422 31.260000228881836 AB 4.688314503050878 1.0517811560405783
61630.4162 lsst_hardware_z 21.88070948181894 42.279998779296875 30.950000762939453 AB 4.759410718000941 1.0583327826556341
61648.2962 lsst_hardware_u 1.2331455310498816 2.640000104904175 28.3700008392334 AB 6.558621367973884 1.1040056167948296
61648.3129 lsst_hardware_r -4.944998399822264 23.0 31.489999771118164 AB 6.398821035548092 1.0753417419624836
61650.3659 lsst_hardware_i 5.563291222321485 30.690000534057617 31.25 AB 2.263854325043289 1.0617208699934897
61650.3844 lsst_hardware_z -52.251015514924845 41.779998779296875 30.950000762939453 AB 2.2387230116695065 1.0846526219329005
61652.2754 lsst_hardware_r 23.515615500167446 23.110000610351562 31.479999542236328 AB 2.51655159066419 1.1269823513946216
61652.2935 lsst_hardware_z 11.419659354599425 41.75 30.940000534057617 AB 2.5165035748371887 1.088374644923458
61654.2784 lsst_hardware_r -35.99497321222225 23.040000915527344 31.489999771118164 AB 0.9606140442242025 1.1070170489471147
61654.2979 lsst_hardware_u 2.818770539013612 2.680000066757202 28.40999984741211 AB 0.7514531828226979 1.0735045468895685
61673.2522 lsst_hardware_r -4.828425156876912 23.139999389648438 31.5 AB 6.210825030637215 1.0662360567617537
61673.2715 lsst_hardware_i -25.52250380335999 30.780000686645508 31.25 AB 6.300104166959866 1.0530888703652095
61677.2207 lsst_hardware_i 23.325437068895518 31.270000457763672 31.239999771118164 AB 5.060635799680037 1.0966416786362652
61677.24 lsst_hardware_z -54.95466494843942 41.7599983215332 30.940000534057617 AB 4.91210374268346 1.0676165491596306
61679.2148 lsst_hardware_i -23.925013824312398 31.219999313354492 31.239999771118164 AB 4.631955262191642 1.0974896960530165
61679.2327 lsst_hardware_u -1.2956105384732106 2.640000104904175 28.3700008392334 AB 4.501276282951613 1.0697161183368522
61681.2164 lsst_hardware_g 26.90010361602376 14.470000267028809 31.43000030517578 AB 3.4901283057557735 1.084901556032258
61681.2352 lsst_hardware_r 29.595484668310583 23.209999084472656 31.489999771118164 AB 3.474859931428759 1.061593196800965
61683.2044 lsst_hardware_i 14.284758298439462 31.229999542236328 31.239999771118164 AB 6.743380565207231 1.0964846447491434
61683.2235 lsst_hardware_r 24.971641722438438 23.290000915527344 31.5 AB 7.193945414613365 1.06774700031359
61687.2048 lsst_hardware_r 22.87130461114019 39.060001373291016 31.600000381469727 AB 3.463408168045812 1.0776005501077344
61687.2232 lsst_hardware_i -76.81999408956304 38.5099983215332 31.280000686645508 AB 3.2486014901166858 1.0581763811456786
61690.201 lsst_hardware_z -1.2915210945986302 56.2599983215332 30.969999313354492 AB 6.650477584866708 1.0717357517511885
61690.2192 lsst_hardware_r 9.450067799720918 70.06999969482422 31.649999618530273 AB 5.805770456117231 1.055594628384951
61691.1832 lsst_hardware_i 129.32608371713906 72.80999755859375 31.31999969482422 AB 7.145493566685795 1.0952626558375897
61691.2023 lsst_hardware_z 35.207104229340516 64.87000274658203 30.979999542236328 AB 6.886689313387681 1.0670420380210228
61695.1815 lsst_hardware_i 1.907781516800321 85.4800033569336 31.329999923706055 AB 7.033043231649133 1.0797226223986387
61695.1992 lsst_hardware_r -58.08834746076694 105.02999877929688 31.649999618530273 AB 6.857563340277267 1.059765100880023
61701.1782 lsst_hardware_r 35.24540834040229 23.771802005003174 31.5 AB 3.449456174385795 1.0637714353575973
61701.1949 lsst_hardware_i -31.5588593714039 31.186140036702508 31.25 AB 3.4286532803058964 1.0531340064419983
61704.1685 lsst_hardware_z 136.24764646768358 42.78041200004956 30.950000762939453 AB 1.3329961022575958 1.0652606038286594
61704.1855 lsst_hardware_r 86.27028181464614 25.74008953492649 31.510000228881836 AB 1.3453827432342178 1.0535495248509428
61706.168 lsst_hardware_u -1.0618477074327073 3.123026301932689 28.489999771118164 AB 2.1514479858570295 1.060697445779749
61706.1848 lsst_hardware_g 54.104255310568355 15.9937372773269 31.440000534057617 AB 2.189331406872066 1.0522259244819285
61708.1509 lsst_hardware_g 130.96208390289917 18.01964079400032 31.420000076293945 AB 5.938989523293935 1.0729397088286772
61708.1667 lsst_hardware_r 546.9738231297559 33.04148955534423 31.510000228881836 AB 5.497425869872953 1.0576040534575828
61710.0696 lsst_hardware_i 713.6300677563746 41.78833757608003 31.219999313354492 AB 5.442268283362542 1.3190712866158452
61710.0891 lsst_hardware_r 812.1480480824628 37.34909664407534 31.479999542236328 AB 6.6717871722435955 1.2210072604380533
61712.1496 lsst_hardware_u -4.885116401024984 3.1385941053648074 28.389999389648438 AB 4.157224549310411 1.0624362600729407
61712.1702 lsst_hardware_g 353.49584741720463 23.073263445748886 31.43000030517578 AB 3.836973778989797 1.0519462039723493
61723.1162 lsst_hardware_i 2111.581760839858 98.64888605445697 31.329999923706055 AB 3.170159770316021 1.065689476532825
61723.1341 lsst_hardware_z 1812.5191068480021 85.04007471122294 30.989999771118164 AB 5.259673315226157 1.0533742745537884
61730.0946 lsst_hardware_r 2639.222811979904 56.39568354404351 31.5 AB 3.55183342017179 1.0683812363276062
61730.1148 lsst_hardware_i 2328.913249587342 56.003477462023 31.25 AB 3.452119279036296 1.0534389011399579
61733.0952 lsst_hardware_z 1914.372141756383 58.70910399397402 30.950000762939453 AB 8.446030670322699 1.0599494670975986
61733.1146 lsst_hardware_u -3.510854227301177 2.739905386517807 28.389999389648438 AB 8.362729898690914 1.0517834107270128
61735.1012 lsst_hardware_g 505.080477962999 26.633643153284556 31.420000076293945 AB 3.792746786424878 1.0534188505289914
61735.1186 lsst_hardware_r 2452.8165373475313 53.757301417606925 31.5 AB 3.6978317844502713 1.0528883951455639
61737.1018 lsst_hardware_i 1971.6478741917947 54.06117349107416 31.239999771118164 AB 4.062310382156798 1.0519578028891148
61737.1224 lsst_hardware_z 1680.479914051214 58.082596789010196 30.940000534057617 AB 4.061430008694618 1.0572052083371077
61739.0715 lsst_hardware_z 1754.9485266592558 57.54437121629505 30.950000762939453 AB 5.275358779975884 1.0667526980387674
61739.0903 lsst_hardware_i 2004.8135266719291 53.41223302412572 31.25 AB 5.320950364117128 1.053410175362262
61741.0697 lsst_hardware_u -5.266060117745758 2.796543636880786 28.40999984741211 AB 6.691419473994895 1.0630862904191434
61741.0889 lsst_hardware_g 325.50943879525244 23.180135126073296 31.420000076293945 AB 6.6855078099673815 1.0522834957975942
61743.0742 lsst_hardware_r 1741.0317769109454 48.878363101307066 31.520000457763672 AB 3.6405439724933895 1.0557401563538737
61743.0928 lsst_hardware_i 1715.6820485763476 52.35164272781724 31.25 AB 2.7352525091456155 1.0520201958252366
61747.0648 lsst_hardware_z 1237.7805194720595 62.44216668623544 30.969999313354492 AB 3.1891122342598472 1.054949465517647
61747.0862 lsst_hardware_r 1681.187881444445 68.36007521544653 31.6299991607666 AB 4.021476697914794 1.052995273188975
61749.0614 lsst_hardware_i 1595.8385044658507 76.389274321712 31.329999923706055 AB 8.078700325049539 1.0540184820015246
61749.0772 lsst_hardware_z 1332.0862500528924 69.05392463199675 30.989999771118164 AB 7.620152045210251 1.0521438792143942
61751.0422 lsst_hardware_y 476.13221309174384 60.18591685624097 30.059999465942383 AB 14.456689953848185 1.0632655428859115
61751.0614 lsst_hardware_i 1322.3617986852228 83.10383678340565 31.329999923706055 AB 14.282801615400261 1.052320959924385
61753.0422 lsst_hardware_y 313.2530128712089 58.34838985978562 30.049999237060547 AB 8.363935401461978 1.0587260001850605
61753.0602 lsst_hardware_g 305.48284581834304 81.61488206256617 31.719999313354492 AB 8.308960263006329 1.0517671218995353
61755.0454 lsst_hardware_y 328.530353026921 52.339539863682525 30.049999237060547 AB 10.541066994684932 1.0538619564353817
61755.0656 lsst_hardware_i 1175.5635335726724 45.41325668863627 31.260000228881836 AB 10.540514466696687 1.0534035841722968
61759.0348 lsst_hardware_y 427.2971010824171 73.47371193844913 30.059999465942383 AB 5.059683251995137 1.0537347973612416
61759.0569 lsst_hardware_r 549.7410785562605 33.25504578517451 31.5 AB 5.7036496272112265 1.054279043846807
61980.4171 lsst_hardware_u -1.724206705352567 2.6500000953674316 28.360000610351562 AB 4.851369206182241 1.0607563586273623
61980.4362 lsst_hardware_y 78.90447530686528 58.130001068115234 30.049999237060547 AB 4.7986755108433226 1.051918200469838
61984.416 lsst_hardware_r 11.01378369320636 23.1299991607666 31.5 AB 1.9799982939542404 1.0544993576891037
61984.437 lsst_hardware_y 14.2625226731426 66.19999694824219 30.059999465942383 AB 1.3116253107238518 1.053232315891744
61991.3815 lsst_hardware_r 48.419156692856056 77.33000183105469 31.649999618530273 AB 4.116725292800533 1.0659568339721732
61991.4053 lsst_hardware_y -26.45340953151145 52.52000045776367 30.049999237060547 AB 3.984375444507111 1.0520266091815995
61993.3829 lsst_hardware_z 132.6196250168169 57.15999984741211 30.979999542236328 AB 6.392623745932675 1.0597265423991835
61993.408 lsst_hardware_y 30.371885366391076 52.13999938964844 30.049999237060547 AB 6.326333426384331 1.0521384970564622
61996.4026 lsst_hardware_z 41.86879110972312 45.4900016784668 30.959999084472656 AB 3.6993429035879313 1.0527441387558143
61996.423 lsst_hardware_y 42.32521927869192 52.540000915527344 30.049999237060547 AB 4.413883251530071 1.0660909972900359
62000.3678 lsst_hardware_r 2.9007276354289653 23.25 31.510000228881836 AB 4.130029671614275 1.0569268315747433
62000.3876 lsst_hardware_u 1.3875030117184624 2.819999933242798 28.520000457763672 AB 2.562569240382658 1.0519578162490386
62010.2683 lsst_hardware_i -79.1607791639849 45.52000045776367 31.989999771118164 AB 4.4825856720515365 1.2166612698954682
62010.294 lsst_hardware_z -4.087284810942801 60.220001220703125 31.700000762939453 AB 3.464471031529995 1.1301487625281341
62012.3373 lsst_hardware_r -21.97530239731289 23.040000915527344 31.5 AB 2.7669529645364555 1.0556188584738813
62012.3566 lsst_hardware_u 2.4703700356657503 2.7300000190734863 28.459999084472656 AB 2.7436722449968127 1.052223296259564
62019.2732 lsst_hardware_z 79.07019453774207 75.04000091552734 30.989999771118164 AB 0.9435336019038503 1.1205862255390144
62019.2914 lsst_hardware_r -108.52592841355744 108.72000122070312 31.649999618530273 AB 0.9571516969298145 1.0839770067155317
62022.2734 lsst_hardware_i 60.50686144188803 69.48999786376953 31.31999969482422 AB 4.737800001242883 1.1018139537774148
62022.2921 lsst_hardware_r -66.07740089937136 82.16000366210938 31.639999389648438 AB 3.913761068546316 1.0713827179157722
62029.2553 lsst_hardware_r -29.585618981434596 23.229999542236328 31.5 AB 4.392140060019353 1.0997763275234171
62029.2742 lsst_hardware_i -37.423858267831704 30.899999618530273 31.25 AB 4.276109586619477 1.069918995818051
62032.255 lsst_hardware_i -33.8682380793429 43.97999954223633 32.0 AB 6.077438313158023 1.0854506721125243
62032.2789 lsst_hardware_z -7.762956982014173 58.779998779296875 31.700000762939453 AB 5.836595221605419 1.0579291683171557
62038.2458 lsst_hardware_i 14.692170015332513 30.790000915527344 31.239999771118164 AB 6.518985070722151 1.0747498983150352
62038.2647 lsst_hardware_r 20.654037749292932 22.829999923706055 31.489999771118164 AB 6.154317265490511 1.0565351528739075
62040.245 lsst_hardware_z -10.860252301207376 42.91999816894531 30.940000534057617 AB 3.533225709446284 1.0689468665127249
62040.263 lsst_hardware_g -8.48229358923358 14.09000015258789 31.40999984741211 AB 4.0215476808645745 1.0545555738467483
62042.2187 lsst_hardware_z -60.61135943975949 47.41999816894531 30.950000762939453 AB 5.091747832324478 1.102010532742269
62042.2371 lsst_hardware_r 47.224970982154204 44.689998626708984 31.610000610351562 AB 4.944468043890514 1.0718745646587933
62047.2191 lsst_hardware_i -83.39503836601929 94.11000061035156 31.329999923706055 AB 2.810089061047098 1.0776947501618785
62047.2381 lsst_hardware_z -9.400160203070971 79.55000305175781 30.989999771118164 AB 2.776524297673344 1.0578242871410015
62051.2067 lsst_hardware_i 4.29317523601149 65.08999633789062 31.31999969482422 AB 4.260016641553381 1.079852127136755
62051.2241 lsst_hardware_r -3.2154848500751805 77.54000091552734 31.649999618530273 AB 3.369293417231878 1.0600818302774655
62053.2023 lsst_hardware_z 35.548143491810706 48.11000061035156 30.959999084472656 AB 3.685612802960694 1.0782951442248958
62053.221 lsst_hardware_g 53.59113322423534 45.91999816894531 31.700000762939453 AB 2.7759677153395557 1.0583178480135553
62056.2069 lsst_hardware_r 12.363043060422855 23.229999542236328 31.5 AB 7.046474783557338 1.0631374145379207
62056.2229 lsst_hardware_i 2.913412574909944 30.860000610351562 31.25 AB 6.126416591651954 1.0531616064496383
62058.1785 lsst_hardware_i 45.44740930933665 31.290000915527344 31.25 AB 7.239786347773179 1.0951673579729495
62058.197 lsst_hardware_z 35.86236170859262 41.7400016784668 30.950000762939453 AB 6.953985846293315 1.067653917035821
62066.1819 lsst_hardware_i -22.924738898675873 31.190000534057617 31.260000228881836 AB 3.476152840091204 1.0610967155345556
62066.2 lsst_hardware_r -48.62599282624164 23.459999084472656 31.510000228881836 AB 3.471947819836774 1.0521053999505376
62068.1499 lsst_hardware_z -91.34305879068694 43.11000061035156 30.950000762939453 AB 4.81711759277727 1.0976475155864382
62068.1659 lsst_hardware_g -16.53689385296725 18.3700008392334 31.530000686645508 AB 4.693193398164333 1.0721376911414773
62069.1683 lsst_hardware_r 3.7052013942892335 30.610000610351562 31.56999969482422 AB 1.369373513952901 1.06621348088694
62069.1851 lsst_hardware_i 29.157522363081014 34.08000183105469 31.280000686645508 AB 1.2915013639088886 1.054000024953203
62074.1437 lsst_hardware_i 47.405178867766836 69.25 31.329999923706055 AB 3.972257789910763 1.0801516763863395
62074.1611 lsst_hardware_z 28.741693574776242 63.029998779296875 30.989999771118164 AB 4.01141711046525 1.0602397543188187
62076.116 lsst_hardware_i 87.25184107119621 99.83999633789062 31.329999923706055 AB 6.28402105033262 1.124489302177027
62076.1295 lsst_hardware_z 28.359709582143545 84.44000244140625 30.989999771118164 AB 4.27006745290495 1.0948890904884487
62078.1509 lsst_hardware_z 35.92465063859353 74.5999984741211 31.0 AB 5.40432329210522 1.0596712337461216
62078.1706 lsst_hardware_r -272.4273329572949 110.80000305175781 31.65999984741211 AB 4.940924151608707 1.0517826193731725
62080.1499 lsst_hardware_i -9.839947506500849 59.869998931884766 31.31999969482422 AB 2.653575892761126 1.056605193387935
62080.1669 lsst_hardware_r -81.67232874847258 71.0199966430664 31.649999618530273 AB 3.2500061929199906 1.0517819394563077
62084.1266 lsst_hardware_g 28.13584964022047 14.34000015258789 31.440000534057617 AB 9.404933795092612 1.067004552633129
62084.1454 lsst_hardware_r -23.741518389589423 23.079999923706055 31.5 AB 9.304990397860035 1.053514405162073
62087.1238 lsst_hardware_i -32.38934583723955 30.860000610351562 31.25 AB 3.612762298113374 1.0617444057938625
62087.1427 lsst_hardware_z 50.32706380162175 41.349998474121094 30.940000534057617 AB 5.260475630079107 1.0520951260158213
62089.1173 lsst_hardware_i 4.694291978480286 30.670000076293945 31.239999771118164 AB 4.463209742147263 1.0626689862255387
62089.1355 lsst_hardware_u -5.371771337273522 2.700000047683716 28.440000534057617 AB 4.4141224267906765 1.0524223464959852
62092.1082 lsst_hardware_u 0.9354433349247635 2.609999895095825 28.360000610351562 AB 5.87767442111938 1.0635116564147462
62092.1288 lsst_hardware_g -11.52591657247238 14.029999732971191 31.420000076293945 AB 4.9313497668805555 1.0521335111757106
62094.1081 lsst_hardware_r 49.84721671704907 22.93000030517578 31.5 AB 6.090472509576793 1.0589977412542222
62094.1284 lsst_hardware_i 3.042871576997628 30.600000381469727 31.25 AB 5.669397506737322 1.051771227519218
62097.1094 lsst_hardware_z -52.792164827685994 59.349998474121094 31.700000762939453 AB 7.253657208507266 1.0536980256401713
62099.0965 lsst_hardware_g -39.81343383853367 30.110000610351562 31.649999618530273 AB 5.4514657871641035 1.0575616251348956
62099.1164 lsst_hardware_r -29.167965447193186 33.779998779296875 31.579999923706055 AB 5.451778741125034 1.0518577544134737
62101.0972 lsst_hardware_i 68.42876491897024 48.880001068115234 31.309999465942383 AB 4.010049443693892 1.054212709204049
62101.1166 lsst_hardware_z 21.929052916043407 50.79999923706055 30.969999313354492 AB 4.009716012798657 1.052925558089717
62104.0814 lsst_hardware_z -4.364727378474553 96.81999969482422 31.739999771118164 AB 5.207035412648923 1.0585556846207058
62106.0703 lsst_hardware_r -39.96184353544547 101.26000213623047 31.65999984741211 AB 6.64305919311603 1.0632013432925973
62106.0889 lsst_hardware_i -117.44765761776489 81.3499984741211 31.329999923706055 AB 6.686622428144911 1.0524589341256418
62111.0649 lsst_hardware_g 13.82378751265204 14.020000457763672 31.43000030517578 AB 4.752232322561741 1.0568148824285888
62111.0843 lsst_hardware_r 2.8812901237591686 22.75 31.5 AB 5.9741970608472625 1.051918721830132
62113.0706 lsst_hardware_i -5.658222319663665 30.739999771118164 31.260000228881836 AB 5.630951278945048 1.0522847875438468
62113.089 lsst_hardware_z 47.20791717807522 41.54999923706055 30.950000762939453 AB 6.542213215828137 1.0549404524434634
62117.042 lsst_hardware_y -87.21694677626706 50.470001220703125 30.040000915527344 AB 12.183354602624922 1.0616377311454273
62117.061 lsst_hardware_g -8.418043685673894 14.100000381469727 31.420000076293945 AB 11.940826355152959 1.0520551854760316
62119.0436 lsst_hardware_y 14.07649256264781 50.119998931884766 30.049999237060547 AB 8.108292530148336 1.0564832892077132
62119.0627 lsst_hardware_i -11.977729687726013 30.799999237060547 31.260000228881836 AB 8.076423047929305 1.051944209671275
62121.0343 lsst_hardware_z -12.236130799913298 60.099998474121094 30.979999542236328 AB 10.728331998404682 1.059047926003654
62121.0527 lsst_hardware_u 5.181977306901932 2.9000000953674316 28.489999771118164 AB 11.474274471485929 1.0517931545693726
62123.0364 lsst_hardware_y -4.519092865440584 61.59000015258789 30.059999465942383 AB 3.911599586396937 1.0545290042406095
62123.0564 lsst_hardware_r -47.67519166272648 23.09000015258789 31.510000228881836 AB 4.251541395168757 1.0528829606660253
62125.0348 lsst_hardware_y 50.49708705865838 72.68000030517578 30.06999969482422 AB 4.738734091695295 1.0530520203767322
62125.0534 lsst_hardware_z 40.95249502765525 41.65999984741211 30.950000762939453 AB 4.575109963333504 1.0537074556167985
