data/validation/pwv_sim_epoch_fit_seasonal/35440868.ecsv
# %ECSV 0.9
# ---
# datatype:
# - {name: time, datatype: float64}
# - {name: band, datatype: string}
# - {name: flux, datatype: float64}
# - {name: fluxerr, datatype: float64}
# - {name: zp, datatype: float64}
# - {name: zpsys, datatype: string}
# - {name: pwv, datatype: float64}
# - {name: airmass, datatype: float64}
# meta: {SNID: '35440868', alt: 1024.0, c: 0.0020635875407606363, dec: -27.279613, lat: -30.244573, lon: -70.7499537, ra: 57.128906, t0: 62708.390625,
#   x0: 2.5284276901276794e-05, x1: 0.8092871308326721, z: 0.31021103262901306}
# schema: astropy-2.0
time band flux fluxerr zp zpsys pwv airmass
[from data line 132]
63168.1853 lsst_hardware_r 102.04146944225072 93.87000274658203 31.649999618530273 AB 2.321490999732493 1.0740185055432923
63168.2042 lsst_hardware_z 93.73074437925447 64.62999725341797 30.989999771118164 AB 2.2282655325350706 1.0378507370910228
63170.1861 lsst_hardware_z 51.87194915348018 69.37000274658203 30.989999771118164 AB 3.5171317719024837 1.0604950314795192
63170.2034 lsst_hardware_i -49.98102872980017 78.66000366210938 31.34000015258789 AB 3.5419389311604292 1.0309820786378778
63172.107 lsst_hardware_u 15.565505707738875 11.039999961853027 29.040000915527344 AB 7.409350844975215 1.3528942504519565
63181.1385 lsst_hardware_i -27.328282496997414 30.610000610351562 31.239999771118164 AB 3.0992300279777623 1.10266723006734
63181.1568 lsst_hardware_r -19.488493644699663 22.18000030517578 31.479999542236328 AB 2.9101700525598138 1.059013847365927
63183.1336 lsst_hardware_u 0.7445774176045447 2.630000114440918 28.389999389648438 AB 5.505555010015649 1.1011110020031298
63183.1524 lsst_hardware_g -2.197722731460439 13.380000114440918 31.40999984741211 AB 5.284546727431847 1.0569093454863694
63186.1189 lsst_hardware_g -17.8328154898788 13.460000038146973 31.3799991607666 AB 6.4663290650214 1.120098573535666
63186.1354 lsst_hardware_r 28.909421462946373 22.270000457763672 31.479999542236328 AB 6.331721201437376 1.0757561152095216
63187.1186 lsst_hardware_i -14.931344968890652 30.670000076293945 31.229999542236328 AB 3.4495847795371906 1.1127692837216743
63187.1359 lsst_hardware_z -78.51111732806496 41.189998626708984 30.940000534057617 AB 2.956211934861056 1.0684781548246338
63189.0994 lsst_hardware_u 1.6330180047759406 2.759999990463257 28.420000076293945 AB 5.195757906298135 1.158216207378015
63189.1162 lsst_hardware_g -1.5365739577889779 14.069999694824219 31.420000076293945 AB 4.903453077017075 1.1039462097184838
63191.156 lsst_hardware_r -39.12257446587028 25.760000228881836 31.530000686645508 AB 2.92715141251916 1.0188483858405126
63193.1059 lsst_hardware_r 21.594848274014275 41.7400016784668 31.600000381469727 AB 7.532769637013245 1.1022086749845623
63193.1228 lsst_hardware_y -40.063147622702445 48.099998474121094 30.040000915527344 AB 7.238774310575298 1.0615205939913184
63195.1086 lsst_hardware_z 32.25636712396529 53.31999969482422 30.969999313354492 AB 5.518914451760917 1.0810272663946434
63195.1262 lsst_hardware_r 26.084893093664515 63.380001068115234 31.649999618530273 AB 8.024344731424517 1.0448478908961056
63199.1257 lsst_hardware_z -66.50607921075414 68.87000274658203 30.989999771118164 AB 5.220253674745172 1.0289593314214769
63199.141 lsst_hardware_r 16.11009578912745 101.70999908447266 31.670000076293945 AB 5.140662715348123 1.0124064955060965
63204.0267 lsst_hardware_y 100.40682303491953 69.04000091552734 29.969999313354492 AB 5.690208537043078 1.3083946969517308
63204.0473 lsst_hardware_g 1.5677240930647225 13.800000190734863 31.350000381469727 AB 4.161752684555695 1.20293458460999
63206.0284 lsst_hardware_y 12.89421290507459 66.55999755859375 30.0 AB 4.114747687853786 1.267961898573483
63206.049 lsst_hardware_i 21.1169551514697 31.15999984741211 31.239999771118164 AB 3.9055209602104424 1.173328280863363
63208.0295 lsst_hardware_z 2.0456550814018044 59.939998626708984 30.959999084472656 AB 4.464195275833661 1.2345672776085839
63208.0502 lsst_hardware_u -7.110501156033755 2.759999990463257 28.3799991607666 AB 3.3876909588712216 1.1485644885134798
63211.0322 lsst_hardware_y -8.321364935165827 63.400001525878906 30.010000228881836 AB 11.500296160795036 1.1859439520954613
63211.056 lsst_hardware_r -23.402287907280513 22.260000228881836 31.469999313354492 AB 11.040173857094224 1.1043118688744555
63213.0357 lsst_hardware_y -86.3234221938024 59.81999969482422 30.030000686645508 AB 12.273480998797236 1.1515744979167983
63213.0557 lsst_hardware_z 82.68668233599466 41.65999984741211 30.950000762939453 AB 12.391235351420056 1.0903938183227786
63216.0361 lsst_hardware_y -22.569854761328113 59.83000183105469 30.030000686645508 AB 11.115176981874924 1.122843611939129
63216.0564 lsst_hardware_u 5.239600129910703 2.8299999237060547 28.5 AB 10.69980395976622 1.0691720549065336
63218.0375 lsst_hardware_y 10.855115456593717 57.47999954223633 30.040000915527344 AB 3.9693323576353303 1.1025923215653695
63218.0576 lsst_hardware_r -13.27439035070167 22.489999771118164 31.489999771118164 AB 4.282880038737373 1.0554164708568372
63220.0412 lsst_hardware_y -117.74736767868238 52.61000061035156 30.040000915527344 AB 5.172715558861583 1.0789603112521988
63220.0631 lsst_hardware_r 5.661979543182102 26.5 31.540000915527344 AB 5.315902923266226 1.0364909428742335
63222.0503 lsst_hardware_z 7.926644761217527 69.26000213623047 31.719999313354492 AB 5.657549280984004 1.0486652976801554
63224.0427 lsst_hardware_y 142.02209591123363 57.41999816894531 30.049999237060547 AB 6.754651900564919 1.0525910033864427
63224.0643 lsst_hardware_i 43.723369228475335 52.61000061035156 31.31999969482422 AB 6.5631081617168565 1.0205688472281942
