data/validation/pwv_sim_epoch_fit_seasonal/3545615.ecsv
# %ECSV 0.9
# ---
# datatype:
# - {name: time, datatype: float64}
# - {name: band, datatype: string}
# - {name: flux, datatype: float64}
# - {name: fluxerr, datatype: float64}
# - {name: zp, datatype: float64}
# - {name: zpsys, datatype: string}
# - {name: pwv, datatype: float64}
# - {name: airmass, datatype: float64}
# meta: {SNID: '3545615', alt: 1024.0, c: 0.07582845538854599, dec: -26.944359, lat: -30.244573, lon: -70.7499537, ra: 168.574219, t0: 60670.48046875,
#   x0: 1.0610957067913422e-05, x1: -1.6578291654586792, z: 0.44918668270111084}
# schema: astropy-2.0
time band flux fluxerr zp zpsys pwv airmass
60664.2432 lsst_hardware_r 3327.0876458216726 87.774734727524 31.479999542236328 AB 10.150279649245173 1.7203863812279951
60664.2657 lsst_hardware_z 1773.0714483194818 72.30951132147297 30.920000076293945 AB 7.965045976711293 1.4828805963841305
60666.242 lsst_hardware_r 3679.5491049551183 78.63939946797382 31.469999313354492 AB 11.227813448719715 1.6680750926636752
60666.263 lsst_hardware_y 751.959873374461 59.13656162414279 29.899999618530273 AB 9.778093717349492 1.45941697273873
60667.2431 lsst_hardware_g 1104.057768727668 45.17580992892225 31.420000076293945 AB 11.324808724893868 1.6242882975007553
60667.2644 lsst_hardware_r 3882.5816985724896 74.11513401509295 31.510000228881836 AB 7.884448018783586 1.4261889693307663
60669.2461 lsst_hardware_i 2618.410643843691 61.38207998592599 31.18000030517578 AB 11.226811669088594 1.537182401463533
60669.2671 lsst_hardware_z 2065.707587674117 63.806176073703604 30.920000076293945 AB 10.932518773756886 1.3665648467196108
60673.2483 lsst_hardware_g 793.0578015784278 31.97529926985319 31.309999465942383 AB 12.810026458298317 1.4240087217072694
60673.2701 lsst_hardware_i 2778.2768075438707 61.27940784612691 31.219999313354492 AB 11.141811374811699 1.2806679741162874
60675.2483 lsst_hardware_z 2113.1868965948142 64.04347590583866 30.920000076293945 AB 9.668005070239314 1.383456547878748
60675.2707 lsst_hardware_r 3367.301943197214 62.5378075249882 31.469999313354492 AB 8.774748194685573 1.2485857059066696
60677.2532 lsst_hardware_u -0.5370914187545862 2.773086589521624 28.15999984741211 AB 6.389053280304802 1.3153417403866599
60677.2744 lsst_hardware_g 625.0780456449675 28.384176199579407 31.360000610351562 AB 5.808125955667515 1.2053388120505362
60679.2489 lsst_hardware_r 2778.7115760799347 57.203532354250584 31.450000762939453 AB 3.437509971292116 1.308364617340313
60679.2727 lsst_hardware_i 2650.2529457052074 58.843665622320586 31.229999542236328 AB 3.1662836442032756 1.189251736531325
60681.2559 lsst_hardware_z 1727.356449735761 60.0055794616557 30.93000030517578 AB 9.211696654431758 1.2406882447380478
60681.2769 lsst_hardware_r 2521.837126410721 54.78995872285729 31.489999771118164 AB 8.70245360340951 1.151930851139628
60687.2881 lsst_hardware_g 306.3502180839675 64.22552221678497 31.709999084472656 AB 6.299044110184848 1.0723146121096034
60687.3056 lsst_hardware_r 1645.4184173500496 67.06243545533086 31.6299991607666 AB 7.070994722555956 1.038884576505601
60689.2919 lsst_hardware_i 1719.6992686799304 78.57072560633154 31.329999923706055 AB 8.804343910311397 1.053151185443947
60689.3109 lsst_hardware_r 1303.400618519477 91.3074997918228 31.65999984741211 AB 8.41883061134266 1.0239395051499223
60691.3021 lsst_hardware_z 2383.0802561622004 98.47845525089542 31.739999771118164 AB 5.952707694654503 1.0281458948407967
60696.208 lsst_hardware_z 1025.806156694381 59.347966572964616 30.93000030517578 AB 14.683701903887885 1.2768436438163377
60696.2253 lsst_hardware_r 735.1232645957654 51.65300767222591 31.579999923706055 AB 14.113279839593329 1.1933858864469573
60698.2075 lsst_hardware_i 2068.942577991159 65.79263389103694 31.979999542236328 AB 10.763880187918552 1.2506444834916988
60698.2244 lsst_hardware_z 1836.0029065804763 74.64301463476961 31.690000534057617 AB 10.780715193466387 1.1747964250054224
60700.2116 lsst_hardware_r 494.5857200166594 31.791553628170377 31.469999313354492 AB 10.375581639373177 1.2053650712769204
60700.2299 lsst_hardware_u -1.224433665562272 3.60508233642922 28.43000030517578 AB 9.773531959825245 1.135126291053155
60702.2178 lsst_hardware_r 365.05495563340935 30.915828417873275 31.469999313354492 AB 12.526243483352925 1.158344739419383
60702.2361 lsst_hardware_i 935.2812465552322 42.882249273184215 31.239999771118164 AB 12.077455750231033 1.0998753045312053
60704.1987 lsst_hardware_i 762.6411315390042 42.60197214776067 31.229999542236328 AB 11.702743711678842 1.2142084813860357
60704.2165 lsst_hardware_z 771.5324592095818 50.28674710049987 30.940000534057617 AB 12.109330916099019 1.1435134447624562
60706.2255 lsst_hardware_g 45.74284443422748 15.515403472995063 31.40999984741211 AB 11.598821308846349 1.0989976604933165
60706.2426 lsst_hardware_r 389.27797127177195 29.131508739429023 31.5 AB 11.272248406598475 1.0587584602315412
60708.2052 lsst_hardware_r 327.9262251881406 28.973976525847483 31.489999771118164 AB 9.98306379486146 1.144824884256226
60708.2234 lsst_hardware_i 663.4323758305367 40.00436677650531 31.25 AB 11.276190809559857 1.0900926417632846
60710.2074 lsst_hardware_z 561.4068423855146 47.9498861662359 30.940000534057617 AB 10.078410754104102 1.1197923117806985
60710.2253 lsst_hardware_i 636.4591693715356 38.997362534829435 31.25 AB 8.126891451565491 1.072326102796035
60712.2246 lsst_hardware_g 27.182721146497805 15.120554020373948 31.43000030517578 AB 4.594233272362035 1.0620458344893937
60712.2436 lsst_hardware_r 261.26979363720505 27.669976869623277 31.510000228881836 AB 4.432703293734022 1.0297038120873427
60717.221 lsst_hardware_z 1468.4735569800655 127.29598614928996 32.4900016784668 AB 3.872095983068147 1.0432698324311322
60721.1009 lsst_hardware_r 191.20632796141894 106.70444884062753 31.530000686645508 AB 2.3195806973817237 1.5689627624474904
60721.1196 lsst_hardware_z 176.01933081928826 79.97269142367041 30.950000762939453 AB 2.0914930431716066 1.4061245177914325
60723.1082 lsst_hardware_g 41.828240846481094 56.41420324955742 31.559999465942383 AB 3.4223881968806302 1.4526265691343931
60723.1271 lsst_hardware_i 489.2124385961076 67.12323062317522 31.280000686645508 AB 3.984999592579614 1.3184448610685804
60725.1047 lsst_hardware_z 369.15401981060967 49.48753715466553 30.90999984741211 AB 4.8599412709895145 1.4367897327389547
60725.1223 lsst_hardware_r 211.5152405622025 37.93853307366684 31.530000686645508 AB 4.3365120905213 1.31442649876877
60728.1043 lsst_hardware_u 7.074522011745561 3.3278259262746444 28.190000534057617 AB 8.469762245803157 1.3784859414579742
60728.124 lsst_hardware_g 40.949282960127185 15.24115293592419 31.350000381469727 AB 7.745320878424965 1.2588388734183844
60730.105 lsst_hardware_r 186.75826373790457 27.534802442243492 31.459999084472656 AB 10.298156143443382 1.3371334529465546
60730.1251 lsst_hardware_i 373.13836113726876 36.58214536111998 31.229999542236328 AB 11.45850769420341 1.226295772068002
60732.0993 lsst_hardware_z 264.97250180135075 47.78247788901309 30.920000076293945 AB 7.651933444761747 1.3386672304337317
60732.1189 lsst_hardware_r 149.79621153005522 26.953276352948357 31.459999084472656 AB 7.043085273114108 1.22980360976324
60737.1027 lsst_hardware_i 327.26713321332574 36.11064194512433 31.219999313354492 AB 7.260035932382097 1.2421996633385728
60737.1228 lsst_hardware_z 228.90751159645183 45.54550676941194 30.940000534057617 AB 6.635371754628737 1.156290277011194
60739.0984 lsst_hardware_r 169.83023612304774 26.847642754100264 31.469999313354492 AB 12.790912307295383 1.2364940120156007
60739.1184 lsst_hardware_z 238.24652941071048 45.45365422066234 30.940000534057617 AB 11.920758475608473 1.1524507492975014
60743.0953 lsst_hardware_i 92.59097236818576 44.31999969482422 31.270000457763672 AB 12.272311493867765 1.2005489489953547
60743.1139 lsst_hardware_z 5.578067300226064 48.119998931884766 30.950000762939453 AB 11.553947007475609 1.1305231905553346
60750.0943 lsst_hardware_r -38.01277669373079 112.56999969482422 31.639999389648438 AB 8.26977632687259 1.132109425630253
60750.1159 lsst_hardware_z -17.02008679471692 76.18000030517578 30.989999771118164 AB 7.931446502537019 1.0727472924771317
60752.0824 lsst_hardware_r -25.696282812046256 70.25 31.6299991607666 AB 7.925792724519135 1.1542696751648052
60752.0977 lsst_hardware_i -2.027097457713473 60.119998931884766 31.31999969482422 AB 8.973311736740934 1.1051216769901384
60754.0796 lsst_hardware_z 86.64401280264013 46.290000915527344 30.950000762939453 AB 4.296582253009523 1.1448393959524124
60754.0966 lsst_hardware_i 7.732106448093153 39.119998931884766 31.290000915527344 AB 5.632476723005927 1.0932248677914003
60756.0832 lsst_hardware_u -1.7543319394494687 2.8299999237060547 28.510000228881836 AB 4.3670177249891875 1.1155528929638592
60756.1003 lsst_hardware_g -0.09098688092714748 14.369999885559082 31.450000762939453 AB 5.563780650398099 1.0709876131661191
60758.0834 lsst_hardware_r -10.416307207053837 23.549999237060547 31.510000228881836 AB 6.022956257875513 1.099330368765774
60758.1008 lsst_hardware_i -18.503973368690925 31.06999969482422 31.260000228881836 AB 5.817422782268139 1.0584027985993552
60762.0744 lsst_hardware_g 14.965476860813066 14.329999923706055 31.440000534057617 AB 7.684678727589978 1.0941640333540346
60762.0919 lsst_hardware_r 34.6502227966497 23.110000610351562 31.520000457763672 AB 8.551629447456504 1.0544549257036449
60764.0711 lsst_hardware_i 22.20341681099317 31.219999313354492 31.25 AB 5.345349277546485 1.0885549898272038
60764.0892 lsst_hardware_z 28.854918368831246 41.52000045776367 30.959999084472656 AB 6.296613711237831 1.049319027536597
60769.07 lsst_hardware_g -13.309267924729316 17.899999618530273 31.510000228881836 AB 5.099007168563385 1.0599377429109034
60769.088 lsst_hardware_r -4.329613996057355 24.56999969482422 31.510000228881836 AB 6.177958065883772 1.0296596776472953
60772.9762 lsst_hardware_z -21.58539605526611 86.30000305175781 30.940000534057617 AB 12.382778205299179 1.416834372298872
60772.9944 lsst_hardware_i 25.57381993688571 55.7599983215332 31.270000457763672 AB 11.379284280217645 1.295750885927755
60774.9746 lsst_hardware_y -127.33373898536344 80.68000030517578 29.950000762939453 AB 7.604003112082053 1.3882251231551772
60774.9935 lsst_hardware_r -166.59835012174386 92.69999694824219 31.600000381469727 AB 6.952512479559653 1.2703293403178608
60777.9728 lsst_hardware_y 87.00663915589236 88.30000305175781 29.969999313354492 AB 10.306026625823618 1.3444835517734786
60777.9912 lsst_hardware_r -174.74725906767904 116.81999969482422 31.610000610351562 AB 9.55147993738196 1.2399822496736463
60779.9718 lsst_hardware_y -84.70392063166577 75.87999725341797 29.969999313354492 AB 14.934933376516394 1.3164040789331566
60779.9904 lsst_hardware_z -85.91436039600691 60.31999969482422 30.959999084472656 AB 13.819152363167419 1.217814704839605
60781.9713 lsst_hardware_y 220.97658516994952 100.30000305175781 30.729999542236328 AB 18.460441965623975 1.2873390492066927
60781.9895 lsst_hardware_u -1.8333123225561376 4.039999961853027 29.15999984741211 AB 17.075162355299558 1.197584679148517
60789.975 lsst_hardware_z 89.8155245225554 75.33999633789062 31.700000762939453 AB 16.11595618936254 1.1678229122726476
60793.9707 lsst_hardware_y -51.68213057706881 73.2699966430664 30.770000457763672 AB 12.134214572056258 1.1437301657712948
60794.0092 lsst_hardware_i 12.316222275413812 42.84000015258789 32.0 AB 8.917035258677828 1.0459251960210931
60794.9653 lsst_hardware_y -45.657763878739985 62.61000061035156 30.030000686645508 AB 12.85083086548021 1.1531441739756414
60794.9827 lsst_hardware_i 2.3978162086797705 31.15999984741211 31.25 AB 12.435183852475518 1.0984336122908076
60796.9637 lsst_hardware_y 32.61762672515353 62.97999954223633 30.030000686645508 AB 10.529635759523021 1.1396531957056448
60796.9817 lsst_hardware_g -10.647410638602011 15.65999984741211 31.450000762939453 AB 9.993880324545193 1.086763845644274
60799.9632 lsst_hardware_y 144.42317510321746 60.209999084472656 30.030000686645508 AB 11.552684903168645 1.1151240254023789
60799.9823 lsst_hardware_i 8.450960484812024 38.220001220703125 31.280000686645508 AB 11.022853576354912 1.0662978066606927
60803.9623 lsst_hardware_y 23.681479950137987 65.12000274658203 30.049999237060547 AB 9.55319310002891 1.0874849852047783
60803.9811 lsst_hardware_r 110.33018790974792 88.36000061035156 31.65999984741211 AB 9.121767010004834 1.0473152830194232
60805.9628 lsst_hardware_y -24.972875086506917 61.58000183105469 30.049999237060547 AB 8.077024944290512 1.0731805273928599
60805.9803 lsst_hardware_z 5.191241820903112 69.29000091552734 30.989999771118164 AB 7.8238091393068805 1.0394901368669114
60807.9636 lsst_hardware_y 134.261313585432 57.83000183105469 30.059999465942383 AB 8.2616570498457 1.0597529085852315
60807.9816 lsst_hardware_z -29.911257301312567 62.08000183105469 30.989999771118164 AB 8.014934257860977 1.0295355501427075
60809.9625 lsst_hardware_y -77.67159665752007 50.630001068115234 30.059999465942383 AB 6.938718051205132 1.0513209168492625
60809.9826 lsst_hardware_r 0.2011038140401543 45.47999954223633 31.6299991607666 AB 6.662968140462182 1.021509833472362
60811.9616 lsst_hardware_y -19.05171656278661 52.119998931884766 30.049999237060547 AB 10.874616714270735 1.043278813668224
60811.9806 lsst_hardware_r -14.113376640605335 22.3799991607666 31.5 AB 10.656515197862179 1.0177899475048044
60813.9628 lsst_hardware_z 1.6618636345437265 43.33000183105469 30.959999084472656 AB 9.829403052577431 1.0329071906031717
60813.9835 lsst_hardware_g 4.94882009382827 13.850000381469727 31.450000762939453 AB 9.71977349005539 1.010423981501678
61032.2448 lsst_hardware_u -0.2372573318593336 2.380000114440918 28.010000228881836 AB 10.868976312071124 1.6132061316616881
61032.2659 lsst_hardware_r -19.12219988469707 24.309999465942383 31.43000030517578 AB 9.51346107606204 1.4199195635913493
61034.2401 lsst_hardware_i -1.065738673320467 34.56999969482422 31.170000076293945 AB 10.601022661629482 1.6049996459696414
61034.263 lsst_hardware_z 29.42671952193843 45.7599983215332 30.920000076293945 AB 8.833451378543979 1.4006344596732039
61036.2426 lsst_hardware_r 21.30345529697381 24.3700008392334 31.40999984741211 AB 7.709531542405423 1.5251298798032489
61036.2644 lsst_hardware_u -1.2249498580305551 2.509999990463257 28.18000030517578 AB 8.513719620161757 1.3526006916530884
61038.2428 lsst_hardware_g -7.2691683093833115 14.270000457763672 31.280000686645508 AB 10.498199190111702 1.4744144082176471
61038.2654 lsst_hardware_r -19.675998482315368 24.139999389648438 31.450000762939453 AB 9.424053914932383 1.3117810808396775
61042.253 lsst_hardware_r -12.574952567179505 75.0199966430664 31.56999969482422 AB 6.371866606695664 1.320776606100117
61042.274 lsst_hardware_z -103.82225921607564 56.65999984741211 30.950000762939453 AB 5.893967310774167 1.2101773959566422
61043.2496 lsst_hardware_r -37.178383602211845 84.08999633789062 31.59000015258789 AB 4.607397272541435 1.3249165413490829
61043.2721 lsst_hardware_i 11.096554856985048 64.41999816894531 31.299999237060547 AB 5.275761568965479 1.2064858563781253
61045.2502 lsst_hardware_z -12.132194239242189 63.66999816894531 30.950000762939453 AB 13.491470110530352 1.2889529101490729
61045.2727 lsst_hardware_i 78.92243760241742 65.8499984741211 31.299999237060547 AB 12.357363000668286 1.18090303577246
61048.2663 lsst_hardware_z -23.592853516765445 80.94999694824219 31.719999313354492 AB 10.446702746112573 1.173786825405907
61056.2014 lsst_hardware_i 29.84837739318229 33.40999984741211 31.190000534057617 AB 7.230030994712559 1.4121154286547966
61056.2195 lsst_hardware_z 93.35736532589209 44.630001068115234 30.920000076293945 AB 6.535321640609506 1.2927578083758782
61058.2062 lsst_hardware_r 29.819777818748136 23.489999771118164 31.43000030517578 AB 8.36526645384175 1.3404085651769369
61058.2225 lsst_hardware_g -8.368864328016157 13.720000267028809 31.34000015258789 AB 8.235569502254277 1.247309597473891
61060.2073 lsst_hardware_r -7.733613729120587 23.360000610351562 31.440000534057617 AB 11.65801043465939 1.300149862601419
61060.2241 lsst_hardware_i 38.37666124033456 31.600000381469727 31.219999313354492 AB 11.98818583801832 1.2135838540258204
61066.2094 lsst_hardware_r -20.29515793785996 22.920000076293945 31.450000762939453 AB 17.087602787402798 1.20607021367891
61066.2268 lsst_hardware_i -39.78258839867861 30.850000381469727 31.229999542236328 AB 16.063829015058865 1.138672976435149
61068.2118 lsst_hardware_z 31.004608406626616 45.43000030517578 30.940000534057617 AB 11.80929417386254 1.1733806684194223
