data/validation/pwv_sim_epoch_fit_seasonal/35500007.ecsv
# %ECSV 0.9
# ---
# datatype:
# - {name: time, datatype: float64}
# - {name: band, datatype: string}
# - {name: flux, datatype: float64}
# - {name: fluxerr, datatype: float64}
# - {name: zp, datatype: float64}
# - {name: zpsys, datatype: string}
# - {name: pwv, datatype: float64}
# - {name: airmass, datatype: float64}
# meta: {SNID: '35500007', alt: 1024.0, c: 0.020303543657064438, dec: -17.426323, lat: -30.244573, lon: -70.7499537, ra: 243.28125, t0: 63105.60546875,
#   x0: 2.4633620295747566e-05, x1: 0.4802249073982239, z: 0.31378379464149475}
# schema: astropy-2.0
time band flux fluxerr zp zpsys pwv airmass
62936.386 lsst_hardware_z -14.664019567459414 63.029998779296875 30.989999771118164 AB 6.805613308086864 1.0311535315283127
62936.4034 lsst_hardware_y -101.67194161895463 64.80999755859375 30.06999969482422 AB 6.766732923382654 1.025262564148887
62940.3886 lsst_hardware_r -116.30466500209221 65.9800033569336 31.649999618530273 AB 9.946846867478342 1.0256684202770336
62940.4066 lsst_hardware_y 91.21844211273732 67.66000366210938 30.06999969482422 AB 9.965444941444924 1.0281604272834588
62942.3771 lsst_hardware_r 28.78849712816061 31.940000534057617 31.579999923706055 AB 9.296337627166197 1.0273331447857441
62942.3963 lsst_hardware_y -11.977961776082442 48.86000061035156 30.059999465942383 AB 9.27857963854575 1.0263915529364769
62945.3771 lsst_hardware_g 9.389393771150525 16.09000015258789 31.510000228881836 AB 5.792365343743106 1.025378888961428
62945.3963 lsst_hardware_z 76.64605429384862 42.75 30.969999313354492 AB 5.808421438495979 1.0298619571801382
62947.3526 lsst_hardware_r 13.789185185826485 24.700000762939453 31.540000915527344 AB 6.427441812427118 1.033516933980884
62947.3711 lsst_hardware_i -11.485452436245984 31.809999465942383 31.280000686645508 AB 6.35949983345649 1.025436341912608
62951.3101 lsst_hardware_g -16.904233880234475 15.609999656677246 31.469999313354492 AB 6.861114780385439 1.076309576508871
62951.327 lsst_hardware_i 63.104875789606005 31.760000228881836 31.260000228881836 AB 6.705607437493904 1.048625016288663
62953.3642 lsst_hardware_z -20.23380460190314 41.689998626708984 30.959999084472656 AB 8.02633133083136 1.025882197238929
62953.3822 lsst_hardware_r -26.65948127762346 24.459999084472656 31.530000686645508 AB 7.7501486232196415 1.0353087329247923
62955.3472 lsst_hardware_u 4.135006049008454 2.990000009536743 28.610000610351562 AB 6.3871612710225545 1.025747908946132
62955.3658 lsst_hardware_g 16.298849964307998 15.670000076293945 31.5 AB 6.408001521528567 1.028227829890256
62961.3235 lsst_hardware_r 64.43569337272066 55.36000061035156 31.639999389648438 AB 7.067781473756972 1.0280409416373546
62961.3421 lsst_hardware_z -21.635587857112792 48.75 30.969999313354492 AB 7.864256612115903 1.0258283531212657
62963.3228 lsst_hardware_z -117.54169817526922 66.02999877929688 30.989999771118164 AB 8.593618897424907 1.0263386324143753
62963.3407 lsst_hardware_i -6.449757042221727 74.47000122070312 31.34000015258789 AB 8.362290683114976 1.0269299623130268
62964.3257 lsst_hardware_z -10.972797763372622 76.44999694824219 31.0 AB 10.21234605651475 1.0253359494492722
62964.3452 lsst_hardware_r 100.26500653347554 113.2699966430664 31.65999984741211 AB 9.565560637719374 1.0303090176163043
62967.3171 lsst_hardware_y -116.50591056163495 61.279998779296875 30.06999969482422 AB 3.6777533806663305 1.025372100276387
62967.3345 lsst_hardware_r 146.88896850784934 107.26000213623047 31.670000076293945 AB 4.297494648363223 1.028929285322387
62969.2939 lsst_hardware_r -15.364745939330072 53.040000915527344 31.639999389648438 AB 12.568764530335436 1.0325116676526276
62969.3118 lsst_hardware_i 107.6788922297957 48.459999084472656 31.31999969482422 AB 12.492866472716363 1.0253571831211663
62971.2991 lsst_hardware_z 28.94131044348106 42.7599983215332 30.959999084472656 AB 10.118141412559071 1.0269097140525107
62971.3162 lsst_hardware_r 6.126235071780905 29.8700008392334 31.56999969482422 AB 10.039279410009556 1.0261439576848321
62976.2862 lsst_hardware_i -0.13990474306642736 31.3700008392334 31.270000457763672 AB 3.6763999005287875 1.0266644668810465
62976.3038 lsst_hardware_z -12.812381555384514 41.54999923706055 30.959999084472656 AB 3.642303926681963 1.026483023019811
62982.1963 lsst_hardware_g -7.780258130314043 15.279999732971191 31.420000076293945 AB 7.399585801263552 1.1543815602595244
62982.2147 lsst_hardware_r 8.131141366259513 24.3700008392334 31.5 AB 6.497139427715882 1.1002776338214872
62985.2635 lsst_hardware_r -33.637661758156085 24.209999084472656 31.520000457763672 AB 10.913493268738113 1.0261382416189284
62985.2835 lsst_hardware_i 73.50375918966036 31.399999618530273 31.260000228881836 AB 10.932795366391309 1.0280497782116047
62989.2161 lsst_hardware_z 18.185445926328963 49.15999984741211 30.969999313354492 AB 12.50147604321769 1.0589385924740398
62989.2377 lsst_hardware_r 10.048455382695934 51.5 31.6299991607666 AB 12.231713958561734 1.0336950865006294
62994.2681 lsst_hardware_r -4.397712687378398 162.8800048828125 31.670000076293945 AB 9.61220700622568 1.0335706458307181
62994.291 lsst_hardware_z 7.833000482955281 108.72000122070312 31.0 AB 9.86511532646678 1.0607650888673956
63001.1934 lsst_hardware_z -6.194090722006402 41.939998626708984 30.959999084472656 AB 6.815373471765335 1.044995485238031
63001.2134 lsst_hardware_r -68.25669793537057 24.770000457763672 31.530000686645508 AB 6.670852240700911 1.0284473365590263
63004.1712 lsst_hardware_i 17.004396114358414 55.439998626708984 32.45000076293945 AB 7.904403495603182 1.0654988873226638
63004.1933 lsst_hardware_z 112.54979556086951 72.44999694824219 32.13999938964844 AB 7.591263085940837 1.0365621746351932
63008.2029 lsst_hardware_r 7.568450435910786 24.770000457763672 31.530000686645508 AB 5.419839317907573 1.0256753164310084
63008.2237 lsst_hardware_u 0.8811610831435471 2.890000104904175 28.520000457763672 AB 4.902439429358176 1.0295277230810855
63016.179 lsst_hardware_z 11.153634921803528 43.77000045776367 30.959999084472656 AB 12.723693898356371 1.0261043466416429
63016.202 lsst_hardware_r 1.6146790568697484 30.059999465942383 31.56999969482422 AB 12.767112143247475 1.0296058180038286
63018.1729 lsst_hardware_z -2.1700046467580716 50.83000183105469 30.979999542236328 AB 7.64415347539493 1.026267500220819
63018.1944 lsst_hardware_r -42.157662510970475 55.459999084472656 31.639999389648438 AB 7.695296684312393 1.0285079770532255
63021.1612 lsst_hardware_i 53.5995903056181 121.80000305175781 31.350000381469727 AB 11.130579998001451 1.0274144440975779
63021.1842 lsst_hardware_z 88.15561366508337 101.30000305175781 31.010000228881836 AB 11.766621342249982 1.0276226027408117
63023.161 lsst_hardware_r 100.73987547313644 148.72000122070312 31.670000076293945 AB 5.783255018947743 1.0258545488155926
63023.182 lsst_hardware_z 5.621597568816239 100.12000274658203 31.010000228881836 AB 5.649244151849533 1.0291311911311998
63037.1151 lsst_hardware_z 14.168333534134138 58.84000015258789 31.700000762939453 AB 3.8885759190685305 1.0284517109411613
63037.1426 lsst_hardware_r -80.13061010309998 34.369998931884766 32.27000045776367 AB 3.0479227959515645 1.0285453754617202
63043.0894 lsst_hardware_r -64.52995093491622 25.760000228881836 31.540000915527344 AB 4.9942975540089956 1.0343729832258879
63043.1112 lsst_hardware_z -10.419838055470628 41.81999969482422 30.959999084472656 AB 5.019094396888414 1.0252639843843354
63047.0849 lsst_hardware_z -21.120706536509477 54.7400016784668 30.979999542236328 AB 3.746494605170464 1.0299641526241825
63047.107 lsst_hardware_r -34.787200921484434 63.400001525878906 31.649999618530273 AB 3.657899292762788 1.0257709738538383
63049.0816 lsst_hardware_y -7.196820908364345 90.22000122070312 30.81999969482422 AB 8.78344758163672 1.0288079158579193
63052.0786 lsst_hardware_r -229.53959221335103 110.45999908447266 31.65999984741211 AB 4.315030409045602 1.0266955805319524
63052.1046 lsst_hardware_i 88.22778647129351 87.1500015258789 31.34000015258789 AB 3.78412235753646 1.0301136130492898
63061.9675 lsst_hardware_r 26.440654579637467 36.65999984741211 32.2400016784668 AB 7.87088565964044 1.193341940613601
63061.9867 lsst_hardware_u -5.767736269677395 3.8499999046325684 29.1299991607666 AB 7.054735339507863 1.1262049231620908
63067.0648 lsst_hardware_u -1.81777541723268 2.9100000858306885 28.549999237060547 AB 2.9074037772588417 1.0308114792621315
63067.0958 lsst_hardware_g 37.04374943871673 15.430000305175781 31.459999084472656 AB 3.4222713851806934 1.0678191482401602
63069.049 lsst_hardware_r 42.491654441043835 34.18000030517578 32.27000045776367 AB 5.300364357224994 1.026241122441833
63069.0721 lsst_hardware_i 44.20878950270795 44.630001068115234 32.0099983215332 AB 5.388410245049471 1.041674822640617
63072.0179 lsst_hardware_i -1.96910932715944 32.189998626708984 31.260000228881836 AB 5.317547573392398 1.0292691606024384
63072.0398 lsst_hardware_z -23.05659333379909 41.90999984741211 30.950000762939453 AB 5.29310353247989 1.0259940942973231
63073.0144 lsst_hardware_r -28.18285710935501 28.889999389648438 31.549999237060547 AB 9.46144532052432 1.0296864239125356
63073.0339 lsst_hardware_z -80.96668312458625 42.529998779296875 30.950000762939453 AB 9.376674542169635 1.025445597350135
63079.0047 lsst_hardware_z -12.662804536170594 67.94000244140625 30.989999771118164 AB 3.7142775363119207 1.0267526016066124
63079.0239 lsst_hardware_r 37.64124191411333 95.94000244140625 31.65999984741211 AB 3.8372002577923126 1.0269046184992807
63082.9715 lsst_hardware_z 40.862474407940155 47.79364674567405 30.959999084472656 AB 1.2222956723247889 1.0426919789512
63082.9821 lsst_hardware_r 145.16998061581918 27.439856084196766 31.520000457763672 AB 1.2517909216706584 1.0329018125591625
63084.9814 lsst_hardware_y 104.36325814142438 48.19854294725547 30.049999237060547 AB 3.1841951749222774 1.0298173269478343
63085.0024 lsst_hardware_z 264.01708066027453 44.8940910950325 30.950000762939453 AB 3.626092536432136 1.0256236844667335
63092.9691 lsst_hardware_y 848.2549949165985 71.5173708017607 30.06999969482422 AB 4.5940221135947965 1.0260239226342371
63092.995 lsst_hardware_r 3923.984999945447 67.11548818027312 31.520000457763672 AB 4.637991894418453 1.0315818270503674
63093.9676 lsst_hardware_y 989.7170469457955 74.55380886653535 30.079999923706055 AB 6.181940588203206 1.025764478131063
63093.9864 lsst_hardware_g 3365.647367981536 59.47341567695396 31.520000457763672 AB 6.160109525187171 1.0282844744915154
