data/validation/pwv_sim_epoch_fit_seasonal/35832271.ecsv
# %ECSV 0.9
# ---
# datatype:
# - {name: time, datatype: float64}
# - {name: band, datatype: string}
# - {name: flux, datatype: float64}
# - {name: fluxerr, datatype: float64}
# - {name: zp, datatype: float64}
# - {name: zpsys, datatype: string}
# - {name: pwv, datatype: float64}
# - {name: airmass, datatype: float64}
# meta: {SNID: '35832271', alt: 1024.0, c: 0.007221064064651728, dec: -43.804489, lat: -30.244573, lon: -70.7499537, ra: 11.890244, t0: 61231.59765625,
#   x0: 3.0780102619424972e-06, x1: -1.1486412286758423, z: 0.7482458353042603}
# schema: astropy-2.0
time band flux fluxerr zp zpsys pwv airmass
61231.41 lsst_hardware_i 1124.847375160348 45.098728701312304 31.260000228881836 AB 9.719824561922856 1.0329982175771775
61231.4211 lsst_hardware_y 369.53197095774374 49.65981256228973 30.049999237060547 AB 10.706376703778417 1.0289398816730417
61242.4302 lsst_hardware_g 13.46106230250416 15.98507235539914 31.450000762939453 AB 6.4783447029125405 1.0405725740533334
61242.442 lsst_hardware_r 476.95339336472404 39.2041561660411 31.56999969482422 AB 6.596419218087732 1.0522283008594244
61244.4194 lsst_hardware_i 791.2414205349817 40.33879278171591 31.25 AB 5.2865293425156095 1.0365743808854138
61244.4302 lsst_hardware_z 574.7493795203482 48.2734555872341 30.950000762939453 AB 5.331929530292459 1.0454763784887176
61248.4215 lsst_hardware_g 30.64121562872868 38.35843596331251 31.670000076293945 AB 3.228779349677317 1.0477096940625674
61248.4328 lsst_hardware_r 321.6575906852323 29.653401358579366 31.5 AB 3.2624817314953614 1.0612860413115839
61249.4164 lsst_hardware_i 687.3433754747282 63.057609772547096 31.31999969482422 AB 3.687576365237406 1.0453301611747348
61249.4278 lsst_hardware_r 330.02997205447787 64.13807055734128 31.639999389648438 AB 3.8097258833027103 1.0582571898063085
61251.4145 lsst_hardware_z 906.2982373784719 97.2099462807077 31.739999771118164 AB 4.910901995252273 1.048964470328004
61256.4036 lsst_hardware_i 383.16162286856076 47.09168487954913 31.290000915527344 AB 2.200300605264087 1.052020370673721
61256.4148 lsst_hardware_z 277.1977021268736 51.00534966562485 30.959999084472656 AB 2.1089921894167305 1.0667638793205516
61258.4008 lsst_hardware_i 307.6077493614907 37.555695006088285 31.260000228881836 AB 3.0562554568234934 1.0551850125696096
61258.412 lsst_hardware_z 339.42703406548935 46.142494534996366 30.940000534057617 AB 3.08111812725364 1.0708241869509871
61260.403 lsst_hardware_g 30.372607563364344 15.602697397882837 31.450000762939453 AB 1.4916569738400125 1.0654692670285804
61260.4133 lsst_hardware_r 82.77075567772664 25.500236297457512 31.5 AB 1.515005600928172 1.0821468578058373
61263.3999 lsst_hardware_u 0.8136880050657792 2.706749268782772 28.389999389648438 AB 6.464259483652506 1.0732921078649316
61263.4111 lsst_hardware_g 7.777115816259846 14.744905238915765 31.389999389648438 AB 6.566569167597495 1.093425887536008
61266.3884 lsst_hardware_r 41.0290562879863 23.722677956223315 31.5 AB 3.7699075425386845 1.0681137675415842
61266.4002 lsst_hardware_i 171.5621631147638 33.17524930447054 31.25 AB 3.7536593231678257 1.0881749016285913
61268.3924 lsst_hardware_z 168.0093426457688 43.6706507982053 30.940000534057617 AB 5.235212285022296 1.0838387837114636
61268.4035 lsst_hardware_r 27.312026964922172 23.718575750345554 31.469999313354492 AB 5.346146770226464 1.1060611917298984
61271.1757 lsst_hardware_u 5.157922872528665 3.986769594177226 29.020000457763672 AB 3.3013691994927683 1.3679706627732466
61271.196 lsst_hardware_g 22.56083953877958 19.572754397583285 32.08000183105469 AB 3.0492470149133806 1.2644607152865486
61272.1984 lsst_hardware_r 69.04777033108797 41.18849288431863 32.25 AB 2.650448112488754 1.242446085779329
61272.221 lsst_hardware_i 173.21545227395634 35.085799900345606 31.239999771118164 AB 2.077904269631034 1.1618139612138854
61274.3455 lsst_hardware_z 190.9188705828338 60.35263423723359 31.700000762939453 AB 2.0522595766254366 1.042858984522771
61276.3771 lsst_hardware_r 14.88618279256745 23.439114744958918 31.489999771118164 AB 4.179836660432388 1.0964224960147912
61276.3881 lsst_hardware_i 59.066223055309955 32.68089212652441 31.239999771118164 AB 4.287361887609161 1.120952189714141
61278.37 lsst_hardware_z 131.44670280797885 61.75135410121969 30.979999542236328 AB 2.721170374072331 1.0931321802647287
61278.3807 lsst_hardware_r 59.216880679198646 73.73540111320366 31.6299991607666 AB 2.308894893150286 1.1163069588156098
61281.363 lsst_hardware_r -97.66665854101467 100.46596330673049 31.639999389648438 AB 7.6833718077000315 1.0955117712554405
61281.3741 lsst_hardware_z 120.83084928706181 70.81929051953745 30.979999542236328 AB 7.858284639943703 1.1201051893301235
61286.3657 lsst_hardware_i 46.63348834098232 38.71186481686105 31.260000228881836 AB 1.1495725077829038 1.1333281378076607
61286.3768 lsst_hardware_r 18.683696009146118 37.650538767862365 31.559999465942383 AB 1.3619864293749393 1.1649206808623858
61299.3007 lsst_hardware_r 22.960039162472825 22.88656535513708 31.479999542236328 AB 2.84392298571067 1.0718302709964838
61299.3121 lsst_hardware_i 98.79375285906495 31.495459404444063 31.239999771118164 AB 2.8956731542303347 1.092020045592835
61303.291 lsst_hardware_i 112.47429439726272 31.424573862598958 31.239999771118164 AB 7.4091707978626795 1.0737928692554608
61303.3042 lsst_hardware_z 158.02301002712025 42.62541308930523 30.940000534057617 AB 7.088207251560697 1.0980956237895947
61305.2886 lsst_hardware_r 31.58884554444844 52.34638556600917 31.6299991607666 AB 1.6318647695530841 1.0789188559028655
61305.3007 lsst_hardware_z 70.87605333190707 50.02557881119313 30.959999084472656 AB 2.21176250775285 1.102207229777168
61307.2864 lsst_hardware_y 47.4927569879646 53.850407419178964 30.040000915527344 AB 4.437920713959483 1.0847125747006754
61307.2983 lsst_hardware_r -94.60842085136633 80.22585144526826 31.639999389648438 AB 4.9570475167525165 1.1088971571506105
61309.2827 lsst_hardware_i 45.181056918712706 83.08512034351577 31.31999969482422 AB 3.4643304825916754 1.0879865425569248
61309.2938 lsst_hardware_z 101.88943379632633 72.61290148019593 30.979999542236328 AB 3.7976250742113833 1.1110664348189447
61311.3101 lsst_hardware_r 107.16480944760363 85.19369098319956 31.6200008392334 AB 4.401452663517919 1.169769488886825
61311.3216 lsst_hardware_z -74.88246316864176 63.69770087957381 30.959999084472656 AB 4.577872918761645 1.2090517436644894
61317.3061 lsst_hardware_u 1.534515384617859 3.32754448192282 28.5 AB 3.2645019512155296 1.2123301276447978
61317.3171 lsst_hardware_g -1.7185315935305003 19.629160275468845 31.469999313354492 AB 3.343046793735735 1.256666401178737
61319.2501 lsst_hardware_u -4.2339099335112556 2.630000114440918 28.399999618530273 AB 6.373626651946425 1.0784478260484645
61319.2617 lsst_hardware_g -26.470067028080063 13.390000343322754 31.3799991607666 AB 6.461247013203155 1.1005672698145899
61321.2431 lsst_hardware_r -24.179509054862855 22.190000534057617 31.479999542236328 AB 3.587051489692824 1.0758464852868594
61321.2538 lsst_hardware_i -3.841165706316845 30.5 31.239999771118164 AB 4.120685268327221 1.0955384442557305
61323.248 lsst_hardware_z 90.66150799349944 41.709999084472656 30.950000762939453 AB 2.859215930412856 1.0948558033363416
61323.2596 lsst_hardware_r -24.226280083985436 22.600000381469727 31.489999771118164 AB 3.6009002668645715 1.1205249384740517
61325.2461 lsst_hardware_u -6.117019249113431 2.640000104904175 28.40999984741211 AB 6.062239931836133 1.1022254421520241
61325.2581 lsst_hardware_r 13.454429516964455 22.299999237060547 31.469999313354492 AB 6.1871055541027555 1.1304262648522825
61326.283 lsst_hardware_z -4.367193683709152 43.31999969482422 30.93000030517578 AB 6.804579386495322 1.2178944700346608
61326.2941 lsst_hardware_i 6.875948738009504 31.899999618530273 31.219999313354492 AB 6.6179006869375785 1.2635609903459522
61328.2412 lsst_hardware_r 10.609204917849054 22.399999618530273 31.489999771118164 AB 7.075603165946074 1.1094344586754938
61328.2509 lsst_hardware_u 3.619107652161026 2.690000057220459 28.43000030517578 AB 7.153382077401364 1.1329996426906759
61330.2361 lsst_hardware_g -14.700678042888464 13.270000457763672 31.3799991607666 AB 5.78245330052793 1.1102487976821254
61330.2482 lsst_hardware_r 32.035253405607506 22.399999618530273 31.469999313354492 AB 5.9778203462558865 1.1403701538069897
61334.2268 lsst_hardware_z -26.217588231534354 51.349998474121094 30.959999084472656 AB 2.0223124409672972 1.1139659991557294
61334.2383 lsst_hardware_r -22.10582467752292 53.29999923706055 31.610000610351562 AB 2.0618126922795623 1.143175729212898
61340.2205 lsst_hardware_i 117.29457314542898 65.27999877929688 31.309999465942383 AB 3.483687782367187 1.1392977785522844
61340.2312 lsst_hardware_z 1.2118685373741482 60.70000076293945 30.969999313354492 AB 3.7270979958327857 1.170662896217943
61342.2232 lsst_hardware_r 8.309339190682115 54.41999816894531 31.610000610351562 AB 3.8046105632728526 1.1627782895087446
61342.2343 lsst_hardware_z 55.27291840811367 50.779998779296875 30.959999084472656 AB 3.9218934237149843 1.1994169194296298
61355.1662 lsst_hardware_r -29.586873133106195 22.280000686645508 31.469999313354492 AB 2.9760121227332754 1.1065984591224376
61355.1779 lsst_hardware_u 3.091187420737365 2.5899999141693115 28.34000015258789 AB 0.848342803756142 1.1349067608773107
61358.1547 lsst_hardware_u 0.34043334994751845 2.619999885559082 28.3799991607666 AB 5.493674953611679 1.0995046439731169
61358.1658 lsst_hardware_g -22.749517621064427 13.300000190734863 31.3700008392334 AB 5.619221753809741 1.1248754866246642
61362.1514 lsst_hardware_r -44.83048089057457 40.13999938964844 31.59000015258789 AB 5.403575043560511 1.116441124702585
61362.164 lsst_hardware_y 68.58616940754344 49.810001373291016 30.010000228881836 AB 5.461460391350742 1.1492367597137507
61363.0765 lsst_hardware_z -26.20273502166925 67.81999969482422 31.709999084472656 AB 4.852653889662683 1.0287766845564885
61367.0569 lsst_hardware_i 62.12359905495269 60.97999954223633 31.329999923706055 AB 6.997028663981945 1.028067684981185
61367.0691 lsst_hardware_z 35.92926776388746 57.13999938964844 30.979999542236328 AB 7.009210981756079 1.0296306987522545
61369.0619 lsst_hardware_i 32.71641934010751 57.79999923706055 31.31999969482422 AB 5.342074514342815 1.0291692488459057
61369.0751 lsst_hardware_z 38.4867758932852 55.41999816894531 30.979999542236328 AB 5.343102117110597 1.0346828267061574
61371.0605 lsst_hardware_g 12.21475615093711 13.369999885559082 31.40999984741211 AB 3.7886810885795392 1.0303728823986853
61371.0728 lsst_hardware_r 7.770759243034685 22.09000015258789 31.489999771118164 AB 3.724158568077707 1.0366962702268172
61373.1042 lsst_hardware_i -0.7931265131373852 30.290000915527344 31.239999771118164 AB 5.432254362067503 1.0811532216275257
61373.1169 lsst_hardware_r -16.426286907338834 22.3799991607666 31.479999542236328 AB 5.536900165149403 1.1062737592706327
61375.0968 lsst_hardware_u -1.8485849092932725 2.619999885559082 28.3799991607666 AB 9.576097009329875 1.077792552096329
61375.1086 lsst_hardware_g 11.13971929540379 13.460000038146973 31.389999389648438 AB 9.789659274094548 1.100178043333738
61378.1114 lsst_hardware_r -34.54056765348387 22.65999984741211 31.479999542236328 AB 2.926063131290738 1.1254088966502838
61378.123 lsst_hardware_i -50.902528096336425 31.350000381469727 31.229999542236328 AB 3.0083834084441303 1.1570705417092808
61593.4444 lsst_hardware_r -29.08432660615856 32.4900016784668 31.579999923706055 AB 1.6764373783058273 1.0284891891448424
61608.4314 lsst_hardware_r 28.081506151466225 72.20999908447266 31.649999618530273 AB 5.216779877338224 1.043355975467645
61608.4422 lsst_hardware_z -43.99979023019845 78.8499984741211 31.0 AB 5.274325068122146 1.0548650136244293
61611.427 lsst_hardware_r -0.9333612938807534 43.02000045776367 31.610000610351562 AB 6.417157440220867 1.0470154087487138
61611.4382 lsst_hardware_y -14.248450143667 60.470001220703125 30.049999237060547 AB 6.5310933622500285 1.060242428936693
61612.4233 lsst_hardware_g 38.24871640522752 31.309999465942383 31.65999984741211 AB 6.363062628517699 1.046040215110587
61612.4345 lsst_hardware_r 42.010066738125104 36.18000030517578 31.59000015258789 AB 6.360766589557698 1.0589511525345778
61617.4228 lsst_hardware_i -33.89227333978593 30.530000686645508 31.25 AB 3.6869409006976643 1.0615757086251567
61617.4335 lsst_hardware_z 48.33205652746308 47.09000015258789 30.959999084472656 AB 3.760787648260189 1.078052930560435
61619.4234 lsst_hardware_r 23.276889576892174 22.270000457763672 31.489999771118164 AB 1.3321993322463146 1.0704695317366932
61619.4356 lsst_hardware_u 27.24295033866529 8.859999656677246 29.18000030517578 AB 1.3621477403221496 1.09190199625022
61622.4087 lsst_hardware_u -2.400321145673616 2.5999999046325684 28.3799991607666 AB 1.528577767355284 1.0609597552353178
61622.4185 lsst_hardware_g 3.123836425604266 13.479999542236328 31.389999389648438 AB 1.1833535507681396 1.0757759552437631
61624.4015 lsst_hardware_r -28.008434694398463 21.93000030517578 31.479999542236328 AB 3.2622751699447377 1.058636037733223
61624.4127 lsst_hardware_z 29.455830924750668 41.279998779296875 30.940000534057617 AB 3.378584885159333 1.075211993049354
61626.4046 lsst_hardware_r 21.12774566217682 22.25 31.489999771118164 AB 4.170301246902221 1.0709556360817207
61626.4163 lsst_hardware_u -4.38102297296263 2.759999990463257 28.440000534057617 AB 4.2817137835137915 1.0915313860079345
61627.3947 lsst_hardware_g -35.90342548166493 13.260000228881836 31.399999618530273 AB 5.5145255616948825 1.0604856849413236
61627.4069 lsst_hardware_r -4.219548543530671 22.190000534057617 31.489999771118164 AB 5.612137799694363 1.0792572691719928
61629.4075 lsst_hardware_i 13.412891318338632 30.700000762939453 31.25 AB 3.172185271744868 1.0903478248435616
61629.4181 lsst_hardware_z 42.42127057982658 42.810001373291016 30.950000762939453 AB 3.444639648738861 1.1127594633447204
61631.3922 lsst_hardware_r -14.632978424203994 42.61000061035156 31.610000610351562 AB 3.6705425094665993 1.0729443172951183
61631.4042 lsst_hardware_z -48.09127269402892 41.9900016784668 30.950000762939453 AB 3.8825376996837986 1.0945976035195373
61649.3696 lsst_hardware_u -2.6005259506733864 2.640000104904175 28.3799991607666 AB 0.9161931660856897 1.127506716544793
61649.3802 lsst_hardware_g -12.740199239492174 13.550000190734863 31.3799991607666 AB 0.7634446376541878 1.1565882656041224
61651.3633 lsst_hardware_g 5.598730872276246 13.479999542236328 31.360000610351562 AB 1.1294269404902257 1.1253942776619372
61651.3744 lsst_hardware_r -14.780941832994163 22.729999542236328 31.459999084472656 AB 1.160977592643352 1.1555848632813723
61653.3512 lsst_hardware_i 36.52761619957941 30.860000610351562 31.229999542236328 AB 1.3984036053979783 1.1096239677825657
61653.3632 lsst_hardware_r 18.570248354997084 22.770000457763672 31.469999313354492 AB 1.412799729524187 1.1393546205840217
61671.2846 lsst_hardware_z 6.226444562809551 42.63999938964844 30.940000534057617 AB 1.8577010054305407 1.075577152618281
61671.2965 lsst_hardware_r 38.575352827018996 29.809999465942383 31.549999237060547 AB 2.204926404969554 1.0976609358905398
61672.2827 lsst_hardware_u 4.612700896370465 2.940000057220459 28.5 AB 4.259854828659172 1.0769674063817565
61672.2947 lsst_hardware_r -30.685201577268224 24.860000610351562 31.510000228881836 AB 4.926340992558492 1.0995887785183198
61678.0635 lsst_hardware_g -17.2781248766476 13.460000038146973 31.299999237060547 AB 5.039755118385848 1.3577536127841179
61680.3069 lsst_hardware_g -11.464449978958626 13.520000457763672 31.350000381469727 AB 3.8105045196358693 1.1930195740876235
61680.3184 lsst_hardware_r 17.746914990695384 23.079999923706055 31.450000762939453 AB 3.9290122889825994 1.2362835951383886
61682.3065 lsst_hardware_i -72.3960368056285 31.760000228881836 31.219999313354492 AB 3.2076329384295583 1.2112273910807356
61682.3175 lsst_hardware_z 41.05210554120582 44.2400016784668 30.920000076293945 AB 3.388305456186096 1.2553929070716878
61684.2525 lsst_hardware_i -15.341980241179945 30.510000228881836 31.239999771118164 AB 6.483007933016108 1.0814024909118711
61684.2645 lsst_hardware_z 43.93869279996639 42.0099983215332 30.940000534057617 AB 6.499599988515374 1.1050609218218261
61686.2482 lsst_hardware_r -22.97566477286253 27.770000457763672 31.530000686645508 AB 3.510474423092144 1.0834797602139707
61686.2602 lsst_hardware_z -91.8081351502054 42.029998779296875 30.93000030517578 AB 4.169429091559902 1.1076142101019288
