data/validation/pwv_sim_epoch_fit_seasonal/35869932.ecsv
# %ECSV 0.9
# ---
# datatype:
# - {name: time, datatype: float64}
# - {name: band, datatype: string}
# - {name: flux, datatype: float64}
# - {name: fluxerr, datatype: float64}
# - {name: zp, datatype: float64}
# - {name: zpsys, datatype: string}
# - {name: pwv, datatype: float64}
# - {name: airmass, datatype: float64}
# meta: {SNID: '35869932', alt: 1024.0, c: -0.12426211684942245, dec: -35.501846, lat: -30.244573, lon: -70.7499537, ra: 151.523438, t0: 59988.9921875,
#   x0: 4.078763751958737e-06, x1: -0.17457318305969238, z: 0.666081964969635}
# schema: astropy-2.0
time band flux fluxerr zp zpsys pwv airmass
59917.2365 lsst_hardware_r -97.33055629711299 60.9900016784668 31.5 AB 7.279397426601807 1.6744832771525187
59917.2588 lsst_hardware_i 80.29134188577562 48.75 31.239999771118164 AB 6.414071011388212 1.4643997742895458
59919.2427 lsst_hardware_z -39.61778226828639 60.40999984741211 30.90999984741211 AB 8.28454744004359 1.5555644632293273
59919.2643 lsst_hardware_r -76.14986638167552 72.9800033569336 31.56999969482422 AB 7.167252582185305 1.3845304408600074
59923.2583 lsst_hardware_i 8.983209902649998 61.439998626708984 31.270000457763672 AB 12.559567035114712 1.3526363894472104
59923.2811 lsst_hardware_z -66.06771936870457 57.38999938964844 30.959999084472656 AB 11.439044717907061 1.2309644311863615
59926.2536 lsst_hardware_g 6.762146325513713 90.4800033569336 32.36000061035156 AB 14.100963382352926 1.3313471540718596
59926.2783 lsst_hardware_r 20.209654602645475 87.52999877929688 32.36000061035156 AB 12.766626669593334 1.20753148920242
59928.2561 lsst_hardware_i 47.71418108956127 59.380001068115234 31.270000457763672 AB 10.496469658952972 1.2865983169567792
59928.2785 lsst_hardware_r -33.96909568669206 61.06999969482422 31.600000381469727 AB 9.670966740519095 1.184798386698872
59930.2535 lsst_hardware_u 15.68155166891438 18.780000686645508 29.260000228881836 AB 8.986614079034176 1.27172066497335
59930.2761 lsst_hardware_g -11.959607404625391 66.26000213623047 31.68000030517578 AB 8.32281602861666 1.1732604093204102
59932.2591 lsst_hardware_r 9.668144005920936 61.040000915527344 31.600000381469727 AB 5.341079370517284 1.2195637334210032
59932.28 lsst_hardware_i 40.61300547367589 60.40999984741211 31.309999465942383 AB 5.019333398259001 1.1410169125389864
59936.258 lsst_hardware_u -12.201041399349423 19.34000015258789 29.34000015258789 AB 7.903862290012589 1.179680938807849
59936.279 lsst_hardware_g -140.09924879858158 66.04000091552734 31.700000762939453 AB 7.446734687595747 1.1114529384471263
59938.2589 lsst_hardware_r -125.21049056901545 61.869998931884766 31.6200008392334 AB 7.319709149237306 1.1567176278820015
59938.2793 lsst_hardware_z 34.7407123858112 69.44999694824219 30.989999771118164 AB 6.922716926712125 1.0962772756977117
59941.2523 lsst_hardware_r 97.73183202709376 61.95000076293945 31.610000610351562 AB 7.093755378720206 1.1513033155433845
59941.2744 lsst_hardware_u 9.467923378650061 20.270000457763672 29.43000030517578 AB 6.653407786785537 1.0882250223725671
59943.2547 lsst_hardware_g -28.390815090953406 66.0999984741211 31.68000030517578 AB 9.79929905449158 1.1263562131599518
59943.2774 lsst_hardware_r -186.40953314467464 62.4900016784668 31.6299991607666 AB 9.304401953940156 1.0694714889586387
59945.2567 lsst_hardware_i -28.131779266387817 60.849998474121094 31.31999969482422 AB 7.819563183819688 1.1053026654293305
59945.2804 lsst_hardware_z 7.843822310257549 69.66999816894531 30.989999771118164 AB 7.450533855175395 1.0533722966218713
59947.2581 lsst_hardware_r -36.575927560409845 62.43000030517578 31.6299991607666 AB 4.734215681662044 1.0880336342732706
59947.2797 lsst_hardware_z -79.18507487076727 69.73999786376953 30.989999771118164 AB 4.592518336144218 1.0454173312415702
59951.2574 lsst_hardware_z 43.899222529610135 69.51000213623047 30.989999771118164 AB 10.113072449054373 1.0657492701207736
59951.2795 lsst_hardware_r 35.365365300807966 62.79999923706055 31.649999618530273 AB 9.653514298782607 1.030257662623544
59953.2786 lsst_hardware_y -362.12691440603567 103.51000213623047 30.829999923706055 AB 8.099779237540517 1.0249209234081258
59955.2143 lsst_hardware_g 68.15257151216873 65.94000244140625 31.68000030517578 AB 7.363572792114084 1.1505582487678256
59955.2329 lsst_hardware_r -25.38699631100638 62.310001373291016 31.6299991607666 AB 7.015984319993452 1.0962475499989768
59957.2173 lsst_hardware_i 6.348932412305557 60.50677374691673 31.309999465942383 AB 4.969392533132975 1.1239155338986713
59957.2376 lsst_hardware_z -132.23564544368458 69.58125814517022 30.989999771118164 AB 4.739470363025847 1.0727637761489015
59962.2144 lsst_hardware_r 57.07590963191122 62.4670277401501 31.639999389648438 AB 7.249962390553012 1.0947195073313345
59962.2318 lsst_hardware_u -35.68529661174981 20.67098740175599 29.479999542236328 AB 7.044735961453549 1.0572919047656535
59964.2155 lsst_hardware_g 73.48743366059425 67.56716504814784 31.709999084472656 AB 10.642351894063438 1.0792548189703477
59964.2339 lsst_hardware_i 142.02598457689965 62.25165492718553 31.329999923706055 AB 10.5280663395383 1.0444510257478472
59966.2151 lsst_hardware_z 117.2118827733019 70.39085524896659 30.989999771118164 AB 10.150398473137155 1.068462997172332
59966.2342 lsst_hardware_r 201.248783282382 64.04582782468003 31.639999389648438 AB 9.841596729871162 1.0359575505127538
59968.2188 lsst_hardware_u 60.27399642472784 21.49195357744432 29.459999084472656 AB 10.609784899899266 1.0513064704616792
59968.2356 lsst_hardware_g 135.23249107453697 68.09232967757447 31.729999542236328 AB 10.185069320530767 1.0272384589541874
59973.1347 lsst_hardware_z 775.6031340310788 100.51797301093173 31.709999084472656 AB 12.784492957088679 1.278939555871952
59975.1318 lsst_hardware_z 471.7735469836036 71.82321414603626 30.959999084472656 AB 11.499449966980121 1.2658667437576159
59975.1514 lsst_hardware_r 1066.7445625380174 68.81041742307974 31.610000610351562 AB 10.707865944886537 1.1801468712218814
59977.1333 lsst_hardware_i 949.8006609096308 67.19886108336152 31.290000915527344 AB 8.86292040607665 1.2326446405150575
59977.1528 lsst_hardware_z 749.4461420292603 73.29464548665943 30.979999542236328 AB 8.259926463620083 1.1554230009959783
59979.1211 lsst_hardware_i 1013.0173396211818 68.09376462993224 31.290000915527344 AB 13.27776023493584 1.2647593870345857
59979.1395 lsst_hardware_z 753.730560498475 73.76122469232062 30.979999542236328 AB 12.109911315984458 1.1838802733389875
59983.123 lsst_hardware_g 522.6678775700647 69.5196251113563 31.65999984741211 AB 10.208329570613389 1.2061949689083056
59983.1413 lsst_hardware_r 1619.667344025339 74.28489018400245 31.6200008392334 AB 9.834760584561712 1.1392934221602942
59987.1214 lsst_hardware_u -13.522065474421474 19.66843433590015 29.350000381469727 AB 5.29725360939403 1.1698881646188195
59987.1388 lsst_hardware_g 412.2954393186977 70.45515313140547 31.700000762939453 AB 4.479512348138025 1.1141217911137447
59989.1188 lsst_hardware_r 3220.4299938650665 103.88020070575956 32.36000061035156 AB 3.700592503120127 1.1596968044876659
59989.1383 lsst_hardware_i 2610.3508281396803 100.22651640408708 32.060001373291016 AB 2.1542021768131283 1.1007675916265347
59991.1141 lsst_hardware_z 797.206612874474 74.87626374369849 30.979999542236328 AB 3.603464686271217 1.157058124672328
59991.1344 lsst_hardware_r 1528.9689065833809 73.12306089994372 31.6299991607666 AB 3.7583032625017014 1.0967811077339595
59993.113 lsst_hardware_u -19.208056655069555 19.723762995613374 29.3700008392334 AB 6.351684539722617 1.142492047796152
59993.1323 lsst_hardware_g 305.2193203981079 68.77698437930871 31.700000762939453 AB 6.1683635630924165 1.0885347464280735
59995.1147 lsst_hardware_r 1428.1773469994612 71.92982374883353 31.6200008392334 AB 3.582966625034645 1.120552501965487
59995.1338 lsst_hardware_z 940.8990616518595 75.36123351373504 30.989999771118164 AB 4.173473657356174 1.0728724054900192
59999.1104 lsst_hardware_g 197.66446516374626 67.96625487252136 31.700000762939453 AB 8.582464394884711 1.102318021391593
59999.1311 lsst_hardware_r 1187.2545783310013 70.84619635754156 31.639999389648438 AB 9.742164280637981 1.056710277023427
60001.1068 lsst_hardware_i 1026.888681514789 68.51837914881787 31.31999969482422 AB 6.273210239806467 1.097530549762755
60001.1261 lsst_hardware_z 888.82509754346 74.72956832470123 30.989999771118164 AB 5.60934403367915 1.0558765239866637
60005.1259 lsst_hardware_i 696.651285866345 67.80935159830942 31.329999923706055 AB 3.5392046831696495 1.038524421030341
60005.1466 lsst_hardware_z 585.3394968672865 74.55190122547587 31.0 AB 3.385749027531132 1.0154708405492023
60008.1263 lsst_hardware_r 654.3765283558927 67.68135641714804 31.649999618530273 AB 10.531991345062856 1.0273443028836993
60008.1469 lsst_hardware_z 593.9522707198673 74.01151148329153 30.989999771118164 AB 10.32632324784253 1.0097447765165448
60012.028 lsst_hardware_z 917.4264877523156 101.82916691549605 31.709999084472656 AB 13.766718236988927 1.2800593446606316
60014.0192 lsst_hardware_y 171.20250155837607 70.83459819610822 29.969999313354492 AB 10.44673842362092 1.2978927101032245
60014.0416 lsst_hardware_r 283.4729386041676 64.56093425764908 31.600000381469727 AB 9.643883492615378 1.193008555434668
60018.0138 lsst_hardware_y 228.13900146102725 70.97923495017866 29.979999542236328 AB 12.007034036157343 1.2688512917430992
60018.0351 lsst_hardware_u -11.805771448035795 19.424465098535613 29.329999923706055 AB 11.140549972755169 1.1759904967721815
60021.0084 lsst_hardware_y 243.4488727627267 71.16687082883885 29.989999771118164 AB 9.629104906914641 1.255015302302332
60021.0253 lsst_hardware_r 195.9618742673869 64.04268719249227 31.610000610351562 AB 9.033856092618787 1.182055098805206
60023.0057 lsst_hardware_y 130.415163764829 71.69077930417855 30.010000228881836 AB 5.949339295034243 1.2418604150502874
60023.0225 lsst_hardware_r 207.13871111179677 64.14141943730445 31.6200008392334 AB 5.737027584927128 1.1720977087157032
60026.0029 lsst_hardware_z 297.54123535346366 71.22129393826697 30.969999313354492 AB 7.472111149721944 1.217617243300697
60026.02 lsst_hardware_g 52.26186190590064 66.46790485748659 31.690000534057617 AB 7.136614518844811 1.1520578754054258
60028.001 lsst_hardware_y 132.40836890195973 71.8292983328445 30.010000228881836 AB 10.032079501559307 1.202598837396225
60028.0174 lsst_hardware_i 132.33902393086834 62.279460474704834 31.309999465942383 AB 9.50760508853385 1.1426036640468513
60029.9981 lsst_hardware_y 169.8542428068962 71.96218345008413 30.010000228881836 AB 7.272800480683527 1.1922623738825455
60030.0137 lsst_hardware_r 218.7112804993289 63.28789541830555 31.6200008392334 AB 6.230568831093561 1.1369824050414807
60036.9941 lsst_hardware_y 156.82491706275846 72.33196119539268 30.030000686645508 AB 10.46014496081387 1.1385191794082643
60037.0133 lsst_hardware_z 217.383452026237 70.83000308907025 30.989999771118164 AB 6.914367363456767 1.0858415238438643
60038.9999 lsst_hardware_y 611.6683455604342 102.51147602159006 30.790000915527344 AB 10.128477209274324 1.1056987756091508
60040.9892 lsst_hardware_z 309.77715463491097 70.5260542283054 30.979999542236328 AB 12.687111881802714 1.1202582933410319
60041.007 lsst_hardware_r 215.22450085877648 63.222398338409384 31.639999389648438 AB 11.459151764304353 1.075438130917628
60042.9871 lsst_hardware_y 209.70667133798307 72.68969167626832 30.040000915527344 AB 10.10439661062408 1.1107801330843117
60043.0057 lsst_hardware_z 75.73438372556458 70.92090310092613 30.989999771118164 AB 8.611650885737296 1.0667665644236473
60044.9856 lsst_hardware_y 62.74186733803679 72.76657763101615 30.049999237060547 AB 3.1700573667765624 1.1002368301176788
60045.0044 lsst_hardware_u 35.85781916598645 20.893236623076607 29.459999084472656 AB 1.8421895384699498 1.058729619810316
60049.98 lsst_hardware_y 75.70516440818355 72.94769935965851 30.059999465942383 AB 15.997534440524362 1.0807927783261588
60049.9988 lsst_hardware_i 75.50242067692794 62.017604123604954 31.329999923706055 AB 15.513359827505095 1.0449052420861087
60051.9784 lsst_hardware_y -7.698552524755498 73.05854016720794 30.059999465942383 AB 12.045147661947727 1.0723717565000388
60051.9959 lsst_hardware_r 62.754058538250035 63.50921517993505 31.649999618530273 AB 11.696600621634964 1.040970129859603
60053.9776 lsst_hardware_y 219.64132361618408 73.21050737936955 30.06999969482422 AB 9.496384360027779 1.062948775467627
60053.9964 lsst_hardware_g -2.1544793148131105 68.35867650686862 31.729999542236328 AB 9.095524873136416 1.0326436050335681
60055.0007 lsst_hardware_r 4.109956189190941 63.50982977491537 31.649999618530273 AB 7.381614645214381 1.024275852712449
60055.0112 lsst_hardware_i 135.63543528922844 62.276211588898825 31.34000015258789 AB 7.271002913860123 1.0145939389318404
60056.9751 lsst_hardware_y -65.77527274655473 73.14608865554422 30.06999969482422 AB 6.87916242870525 1.0525034315644508
60056.9939 lsst_hardware_r 162.15803428348545 64.0586648907329 31.649999618530273 AB 6.722770242196308 1.0257507235575853
60058.9722 lsst_hardware_y 4.710034196113383 73.02261378752809 30.059999465942383 AB 14.43664368765439 1.0481717122172831
60058.9898 lsst_hardware_r -28.77478003999053 63.88288067916864 31.649999618530273 AB 13.987695004455063 1.024251821803175
60060.9715 lsst_hardware_y 203.0636591905028 73.31147228739142 30.06999969482422 AB 6.375642474637432 1.0407088307916639
60060.9901 lsst_hardware_z -28.127823175940723 70.73825818650911 31.0 AB 6.228333675366095 1.018533716331332
60284.2398 lsst_hardware_i -11.10785973791517 58.09000015258789 31.209999084472656 AB 8.523824846208859 1.5898209169466293
60284.2594 lsst_hardware_z -58.91784202011503 68.05000305175781 30.93000030517578 AB 7.484505054004197 1.4236314457274024
60290.2519 lsst_hardware_u 24.212706918118336 17.579999923706055 29.1200008392334 AB 16.936299224647577 1.3629361751641067
60290.2738 lsst_hardware_g 35.24995195378265 64.55000305175781 31.6299991607666 AB 15.381661384899429 1.2425943600466736
60293.2532 lsst_hardware_r 30.96803148720662 40.290000915527344 32.630001068115234 AB 10.66343619220782 1.3061416590120274
60293.2766 lsst_hardware_i 12.699498167078907 54.36000061035156 32.40999984741211 AB 9.75167866949009 1.1949696149423228
60297.2571 lsst_hardware_g 11.79251517250364 13.649999618530273 31.350000381469727 AB 5.372106553206628 1.2314990092741693
60297.2808 lsst_hardware_r 21.427831002978074 22.799999237060547 31.479999542236328 AB 5.005524903031131 1.1406653912221902
60301.2533 lsst_hardware_i 2.351563543529439 42.599998474121094 31.270000457763672 AB 8.045831952990921 1.2008704407449136
60301.2767 lsst_hardware_z 24.78742501027506 46.099998474121094 30.950000762939453 AB 7.503302978053923 1.1198959668737198
60303.256 lsst_hardware_i 33.589769065693964 56.06999969482422 31.290000915527344 AB 7.381549462696655 1.169416121674561
60303.2795 lsst_hardware_z 25.11912925774235 52.779998779296875 30.969999313354492 AB 6.939608191526777 1.097518296936089
60310.2571 lsst_hardware_r 18.33591897774574 56.13999938964844 31.6200008392334 AB 7.822486105943175 1.1060793262049957
60310.2791 lsst_hardware_i 73.66139307240282 49.2599983215332 31.309999465942383 AB 7.474090587207145 1.056935911091632
60312.2586 lsst_hardware_z -7.96453627593276 46.13999938964844 30.950000762939453 AB 4.785548739699757 1.0884905583304343
60312.2819 lsst_hardware_r -34.90666505843992 40.619998931884766 31.610000610351562 AB 4.5769512738152915 1.0430609101675687
60314.2533 lsst_hardware_z -16.155434613812407 42.5099983215332 30.950000762939453 AB 11.405196195733975 1.0881090344157083
60314.2783 lsst_hardware_g -11.15874753634824 21.270000457763672 31.56999969482422 AB 10.903598035568516 1.0402542250502644
60316.2596 lsst_hardware_r -41.42465961282757 31.479999542236328 32.22999954223633 AB 10.058459673070839 1.0627940131799778
60316.2817 lsst_hardware_z 50.0903265456041 57.41999816894531 31.700000762939453 AB 9.610642853649523 1.0284262015676324
60318.2613 lsst_hardware_r 21.064035187373577 22.0 31.489999771118164 AB 8.313469051098998 1.0498571793777156
60318.2827 lsst_hardware_u -0.6962210505158202 2.6700000762939453 28.469999313354492 AB 8.084897823265228 1.0213577627032606
60320.2232 lsst_hardware_u -1.122341150382195 2.630000114440918 28.389999389648438 AB 7.197815345504878 1.1246586477351372
60320.2392 lsst_hardware_g 4.72823960588912 13.199999809265137 31.3799991607666 AB 6.9298337596185196 1.0827865249403936
60322.216 lsst_hardware_r -0.836268435555087 22.3700008392334 31.479999542236328 AB 4.98409477425582 1.1298813105200785
