data/validation/pwv_sim_epoch_fit_seasonal/3589587.ecsv
# %ECSV 0.9
# ---
# datatype:
# - {name: time, datatype: float64}
# - {name: band, datatype: string}
# - {name: flux, datatype: float64}
# - {name: fluxerr, datatype: float64}
# - {name: zp, datatype: float64}
# - {name: zpsys, datatype: string}
# - {name: pwv, datatype: float64}
# - {name: airmass, datatype: float64}
# meta: {SNID: '3589587', alt: 1024.0, c: 0.011060111224651337, dec: 0.74606, lat: -30.244573, lon: -70.7499537, ra: 84.726562, t0: 62025.6015625,
#   x0: 2.596252218229427e-05, x1: 1.1205809116363525, z: 0.3066657781600952}
# schema: astropy-2.0
time band flux fluxerr zp zpsys pwv airmass
62051.3722 lsst_hardware_y 1021.7071530369461 89.06995943816719 30.770000457763672 AB 5.237300393958773 1.1718303387435418
62053.3602 lsst_hardware_i 3068.2732671666126 84.24566599304391 31.299999237060547 AB 3.5321825033509384 1.1773941677836461
62053.3782 lsst_hardware_z 2016.8670910964443 78.3916673158182 30.969999313354492 AB 3.7012837695866434 1.1669838474787104
62056.3623 lsst_hardware_r 2003.6203019075663 55.23279388675323 31.540000915527344 AB 6.3830800223292545 1.1695620880099578
62056.3797 lsst_hardware_y 660.1653462941591 67.35211540401903 30.020000457763672 AB 6.547211881149195 1.1676853720615652
62058.3597 lsst_hardware_r 1775.110347534932 48.45709220091525 31.479999542236328 AB 6.883893968686937 1.1682797932941158
62058.3788 lsst_hardware_y 652.893095890172 67.30869479564882 30.020000457763672 AB 8.16024844506903 1.1695368495703748
62060.3038 lsst_hardware_z 2198.9816953079376 62.783112246150466 30.93000030517578 AB 6.77122149213039 1.2516892277029497
62060.3209 lsst_hardware_y 725.7890139358003 54.49125297387872 29.989999771118164 AB 6.549303376284222 1.2080799402876128
62066.3626 lsst_hardware_r 1212.68973379324 42.75141266978756 31.5 AB 3.8503937820076004 1.1731851864739424
62068.3381 lsst_hardware_z 3336.0174020751883 83.00794256244926 31.690000534057617 AB 4.259644980669871 1.1668661774194964
62069.3489 lsst_hardware_g 303.73642981513456 21.64847935454886 31.40999984741211 AB 2.7750737031213673 1.169601167373434
62069.3663 lsst_hardware_y 508.50672279398646 60.52102132603616 30.020000457763672 AB 2.8347565742357443 1.1859252158285964
62076.2544 lsst_hardware_i 3041.539247656344 115.8641222254195 32.040000915527344 AB 3.9444776727182433 1.2703631796194443
62076.2773 lsst_hardware_z 1218.400894651564 72.54693246438487 30.969999313354492 AB 3.7692721301386185 1.2079064669568156
62078.3123 lsst_hardware_r 724.9087093439238 109.6578520749732 31.6299991607666 AB 6.650441264003502 1.1667440814041232
62078.3314 lsst_hardware_z 1090.7997381539276 80.68859592647027 30.979999542236328 AB 6.694425717131778 1.174460652128382
62080.3038 lsst_hardware_y 364.81809606268763 62.05633971761845 30.020000457763672 AB 3.8514052856374854 1.167092510799238
62080.3224 lsst_hardware_r 867.5692845264992 102.32775152953339 31.6200008392334 AB 3.8667003138038183 1.171727367819339
62082.3018 lsst_hardware_i 1379.9752666439153 70.6117004012904 31.309999465942383 AB 7.03634230903293 1.1667280324498033
62082.3203 lsst_hardware_z 925.9097923861882 66.42832947296577 30.969999313354492 AB 7.106704186683195 1.1743059987358972
62084.3058 lsst_hardware_r 769.3420004093945 48.91796180606871 31.579999923706055 AB 12.144165593520801 1.168588416934604
62084.3238 lsst_hardware_g 210.3571944858252 40.773986562987815 31.6299991607666 AB 12.29009700781248 1.1838649827715593
62087.3018 lsst_hardware_r 713.2004226719783 35.34735120400716 31.479999542236328 AB 4.737166521473236 1.1707547782447632
62087.3198 lsst_hardware_i 1101.4986374418556 45.97531805719191 31.229999542236328 AB 4.833184483522636 1.1897069497901873
62089.2712 lsst_hardware_i 1028.9634247824538 44.923631336143785 31.229999542236328 AB 5.427186637100984 1.1700935993320394
62089.289 lsst_hardware_z 726.7373979386665 49.89352352330001 30.93000030517578 AB 5.392010163580939 1.1675018848985244
62092.2645 lsst_hardware_z 14.629055804364844 42.83000183105469 30.93000030517578 AB 4.67721850338889 1.1693046258472224
62092.2848 lsst_hardware_r 34.70373846994645 23.399999618530273 31.469999313354492 AB 4.675812646676643 1.1689531616691609
62094.2645 lsst_hardware_u -0.5017646750875371 2.640000104904175 28.34000015258789 AB 5.1575817988185255 1.167313873742405
62094.2833 lsst_hardware_g -6.4420393647354 14.279999732971191 31.389999389648438 AB 5.0646773345893505 1.1711364874279258
62099.2633 lsst_hardware_z 22.302031465752098 43.290000915527344 30.940000534057617 AB 7.612866772090292 1.1679908107790513
62099.2827 lsst_hardware_r -5.810014905233343 23.860000610351562 31.479999542236328 AB 7.740703389674409 1.1836692026262237
62102.1245 lsst_hardware_i -14.614596483981218 50.61000061035156 31.200000762939453 AB 6.382046990088835 1.6403479241150256
62102.1394 lsst_hardware_z 38.77358467096034 54.290000915527344 30.920000076293945 AB 6.436662347946263 1.5068269249971744
62104.2615 lsst_hardware_r 14.168936877955625 66.36000061035156 31.610000610351562 AB 7.1144459962801845 1.175407210983468
62104.2819 lsst_hardware_z 109.01503500242292 55.15999984741211 30.950000762939453 AB 7.247931369427615 1.2043754352654727
62106.2548 lsst_hardware_y 83.87212573328253 62.54999923706055 30.010000228881836 AB 8.077532186388055 1.1743159389965916
62106.2744 lsst_hardware_r -117.27917427702523 117.6500015258789 31.6200008392334 AB 8.277898049690409 1.2005073068292977
62108.252 lsst_hardware_i 203.12780122060883 107.33000183105469 31.309999465942383 AB 5.121983334280499 1.1767460562751948
62108.2717 lsst_hardware_z -19.233302804443966 93.06999969482422 30.979999542236328 AB 5.24560616354182 1.2057940763639727
62113.2289 lsst_hardware_u -4.634009180950444 7.260000228881836 29.020000457763672 AB 6.555104678890971 1.169649321160585
62113.2467 lsst_hardware_r 23.03099364948565 38.7400016784668 31.56999969482422 AB 6.613314840089898 1.1866350381450188
62115.2223 lsst_hardware_i 16.63073088684898 32.36000061035156 31.239999771118164 AB 11.153413552322187 1.1690800690740115
62115.2406 lsst_hardware_z 42.33862665463816 43.709999084472656 30.940000534057617 AB 11.321773388152124 1.1857536408196028
62117.2307 lsst_hardware_r -47.54857859093078 24.229999542236328 31.489999771118164 AB 12.794610982567386 1.1802057912155477
62117.2497 lsst_hardware_u -1.4560622404865797 2.7699999809265137 28.399999618530273 AB 13.091316541663431 1.2110936252059237
62119.224 lsst_hardware_g -34.434571910510684 14.640000343322754 31.3799991607666 AB 9.511916544274573 1.178830788605599
62119.2421 lsst_hardware_r -27.603535841109895 24.15999984741211 31.469999313354492 AB 9.733907552518088 1.2066559057751665
62121.1876 lsst_hardware_i -10.059031319117372 32.040000915527344 31.239999771118164 AB 9.942148617384252 1.168290084298972
62121.2074 lsst_hardware_z -121.25466227201673 43.189998626708984 30.940000534057617 AB 9.995688057634442 1.1698274412797638
62123.152 lsst_hardware_z 48.016351539031106 43.95000076293945 30.940000534057617 AB 4.272920062302887 1.2019465716745112
62123.1708 lsst_hardware_r -1.818967585367138 24.139999389648438 31.489999771118164 AB 6.185007069557948 1.1757078449292768
62127.1566 lsst_hardware_i 6.4916554582402854 32.59000015258789 31.239999771118164 AB 5.629740797091868 1.1790033082914906
62127.175 lsst_hardware_z -0.18399332500374851 43.70000076293945 30.940000534057617 AB 6.652841027553759 1.167165092553291
62130.151 lsst_hardware_r 11.03720062958997 37.939998626708984 31.56999969482422 AB 8.192708621333875 1.1763527347739982
62130.1713 lsst_hardware_z -37.726551106495194 46.060001373291016 30.950000762939453 AB 8.213562666269475 1.166699242367823
62132.1512 lsst_hardware_y -18.5521233320617 52.349998474121094 30.010000228881836 AB 7.193919065928312 1.1716957638223562
62132.1706 lsst_hardware_r 34.7556823313737 59.27000045776367 31.610000610351562 AB 7.145904384867289 1.1672340926755254
62134.1647 lsst_hardware_i 160.86272599950337 81.12000274658203 31.309999465942383 AB 9.115356599899902 1.1671391293085662
62134.1858 lsst_hardware_z -100.40504707807133 73.6500015258789 30.969999313354492 AB 10.992418761464226 1.1819805119854006
62136.1258 lsst_hardware_z 61.53765809427659 88.30000305175781 30.979999542236328 AB 8.204012805737818 1.186721949645989
62136.1464 lsst_hardware_r 229.4220209660085 131.05999755859375 31.639999389648438 AB 8.08255139990848 1.1683786491140156
62138.1284 lsst_hardware_z 79.72832942715277 72.52999877929688 30.969999313354492 AB 5.441189920556041 1.177088551615664
62138.1503 lsst_hardware_r 67.55381857102884 102.30000305175781 31.6299991607666 AB 5.397506568662585 1.1667131194082865
62140.1279 lsst_hardware_i -48.14089315849474 48.599998474121094 31.280000686645508 AB 2.9074264774540266 1.1727434530907
62140.1489 lsst_hardware_z -91.68975257605192 52.709999084472656 30.950000762939453 AB 2.96095804282648 1.1672633545965099
62142.1238 lsst_hardware_r -10.065252361996794 23.540000915527344 31.489999771118164 AB 10.066180385151853 1.1717577663920364
62142.1458 lsst_hardware_u 10.741022464088774 3.8499999046325684 28.639999389648438 AB 9.39712649966291 1.1679373387738596
62144.1262 lsst_hardware_g 30.354627643599144 14.5600004196167 31.420000076293945 AB 8.336730957969136 1.1677865630362874
62144.1449 lsst_hardware_r -32.39840097848028 23.850000381469727 31.489999771118164 AB 8.489287610450095 1.1699814097162218
62148.1188 lsst_hardware_r -2.6665579655193805 23.690000534057617 31.479999542236328 AB 6.533743014532081 1.166948207632084
62148.1379 lsst_hardware_g 1.2658267516441863 14.449999809265137 31.40999984741211 AB 8.210019979263057 1.1725249898976025
62150.0826 lsst_hardware_u 0.414109498635086 2.7100000381469727 28.389999389648438 AB 7.924559723753996 1.1942971551925041
62150.1027 lsst_hardware_r -5.5264692356045195 23.639999389648438 31.489999771118164 AB 7.934067584502153 1.1712529649397923
62152.0826 lsst_hardware_i -48.53760784506434 32.0 31.239999771118164 AB 3.963749413951666 1.1860411172805703
62152.1024 lsst_hardware_z -23.01460967859031 43.09000015258789 30.940000534057617 AB 4.361129815001893 1.1684988452011233
62154.0837 lsst_hardware_r -5.991092038778004 23.59000015258789 31.479999542236328 AB 4.664455678411236 1.1781159761094295
62154.1039 lsst_hardware_u 5.916551489824556 2.630000114440918 28.329999923706055 AB 4.647236751718485 1.1667679517244502
62156.0815 lsst_hardware_g 28.79065589310662 15.0600004196167 31.420000076293945 AB 9.65087116556329 1.1749652918049918
62156.1015 lsst_hardware_r 45.39028940944922 23.649999618530273 31.479999542236328 AB 8.924557904914762 1.1667232610928835
62158.0778 lsst_hardware_i 22.59499192669825 34.380001068115234 31.25 AB 12.67355754519005 1.1734775504805601
62158.0979 lsst_hardware_z -39.84926574808527 43.810001373291016 30.940000534057617 AB 13.052854331708543 1.1669094239775202
62160.0767 lsst_hardware_r -39.23778107144991 45.91999816894531 31.600000381469727 AB 15.127275342225586 1.1704340858234832
62160.0971 lsst_hardware_z 87.10046883930434 49.13999938964844 30.959999084472656 AB 15.169272424021761 1.168087611339163
62162.0751 lsst_hardware_r -39.09113830344417 77.4000015258789 31.6299991607666 AB 13.947130858131978 1.1684928668006014
62162.0932 lsst_hardware_i 11.350273592260935 66.19000244140625 31.309999465942383 AB 15.979373829163618 1.1687093833802442
62163.07 lsst_hardware_z -51.439927796937894 71.83000183105469 30.979999542236328 AB 13.333438214404442 1.1695998433688106
62163.0899 lsst_hardware_i 62.91766956938844 80.12999725341797 31.309999465942383 AB 13.336900927403718 1.1684686286493533
62165.0804 lsst_hardware_z -171.2941624480633 110.06999969482422 31.729999542236328 AB 14.78531117848503 1.1671999772500108
62167.0677 lsst_hardware_r -9.752936101062273 89.4800033569336 31.6200008392334 AB 10.561611017074842 1.1668354435259174
62167.0846 lsst_hardware_i 26.695847389097754 72.91999816894531 31.309999465942383 AB 10.41054583093663 1.171512232820124
62169.0468 lsst_hardware_z 139.87155583508925 66.43000030517578 31.700000762939453 AB 7.867608200333682 1.1742698806468181
62171.0362 lsst_hardware_y 15.985743139562098 52.66999816894531 30.010000228881836 AB 10.748450071432373 1.1792693040136457
62171.0547 lsst_hardware_g -9.80103062102715 14.25 31.399999618530273 AB 11.22537000018196 1.1671817000449216
62173.0344 lsst_hardware_y -39.09620776385523 52.400001525878906 30.010000228881836 AB 6.192927053685415 1.175574611557596
62173.0529 lsst_hardware_i -4.768491163241548 31.700000762939453 31.239999771118164 AB 5.526288198760491 1.1667040532217658
62177.032 lsst_hardware_y 23.040048718734358 53.150001525878906 30.010000228881836 AB 2.923695165540528 1.1694780662162112
62177.0499 lsst_hardware_g 2.460878243375988 14.180000305175781 31.389999389648438 AB 3.0363164778976746 1.167814029960644
62179.0274 lsst_hardware_y -66.72763783757235 58.36000061035156 30.010000228881836 AB 3.106176661498884 1.1690540690624556
62179.0452 lsst_hardware_i 7.698655162405174 31.790000915527344 31.229999542236328 AB 2.2933209813093285 1.168075202704242
62183.025 lsst_hardware_y -50.09425779879879 81.4800033569336 30.770000457763672 AB 3.1501899115627054 1.1667370042824834
62183.0441 lsst_hardware_r -44.34793104141687 33.540000915527344 32.220001220703125 AB 2.8173674482184476 1.1739031034243532
62417.3627 lsst_hardware_i 44.16834711314985 31.790000915527344 31.229999542236328 AB 5.224790568317437 1.1783469933056916
62417.3807 lsst_hardware_y 10.769378527710572 54.560001373291016 30.010000228881836 AB 4.7055312608167394 1.167142933646153
62419.3632 lsst_hardware_i -61.43099678979443 31.639999389648438 31.239999771118164 AB 3.5187747143967316 1.1729249047989105
62419.3813 lsst_hardware_y 21.89553933078539 59.720001220703125 30.020000457763672 AB 3.669601680453407 1.1668049858355496
62421.3629 lsst_hardware_g -11.572530040190408 14.649999618530273 31.399999618530273 AB 6.471439130641716 1.169607650576851
62421.3816 lsst_hardware_y -46.32813344236902 67.08999633789062 30.020000457763672 AB 6.909159558427661 1.1680743124983366
62424.3037 lsst_hardware_i -5.788433926583169 32.279998779296875 31.219999313354492 AB 7.170579957022924 1.262944864150015
62424.3208 lsst_hardware_y 59.2345652772758 48.869998931884766 29.989999771118164 AB 6.831611553749594 1.2156613477222127
62426.3605 lsst_hardware_u -3.5645379561230177 2.9100000858306885 28.40999984741211 AB 5.710246074059632 1.1667254582539983
62426.3769 lsst_hardware_z -8.86368049752308 59.689998626708984 30.959999084472656 AB 5.728470950244176 1.1731458018112177
62428.352 lsst_hardware_r 23.518125339929863 23.559999465942383 31.479999542236328 AB 4.489528554395079 1.166919568808349
62428.3707 lsst_hardware_y 1.2111851776777347 55.650001525878906 30.010000228881836 AB 4.490206522858606 1.1725817869582649
62431.2757 lsst_hardware_z -0.3428815772630374 67.8499984741211 30.959999084472656 AB 3.6523435743083845 1.295157295853752
62431.2906 lsst_hardware_y 13.328516206599204 56.40999984741211 30.0 AB 3.428506085842877 1.244241003753539
62436.3176 lsst_hardware_i 103.3351161690944 69.37000274658203 31.299999237060547 AB 3.698651928396617 1.1723143988578817
62436.3339 lsst_hardware_r -138.6469208303293 81.36000061035156 31.6200008392334 AB 3.5515515040140135 1.1667383390321195
62439.3199 lsst_hardware_z -11.47519841600325 46.77000045776367 30.950000762939453 AB 5.214014932583906 1.167294998059947
62439.3368 lsst_hardware_g 19.649057609674 33.90999984741211 31.6200008392334 AB 5.691542635486435 1.1700560478626263
62441.3122 lsst_hardware_g -5.615448309012886 17.200000762939453 31.450000762939453 AB 6.408826118717967 1.167930892732071
62441.3315 lsst_hardware_r 23.839551868705296 25.649999618530273 31.489999771118164 AB 6.355062650797286 1.1701459493274324
62450.3056 lsst_hardware_i -10.93078304221892 31.719999313354492 31.239999771118164 AB 12.10729723386197 1.1694293759263965
62450.3226 lsst_hardware_z -0.15402996366944 43.31999969482422 30.940000534057617 AB 12.279249337204954 1.1849507209088908
62452.3054 lsst_hardware_i 10.247497534882902 31.670000076293945 31.229999542236328 AB 4.319396863786041 1.1727399965029053
62452.3236 lsst_hardware_u 1.3044838828926968 2.549999952316284 28.25 AB 4.4167686157148305 1.1946091326566917
62455.2719 lsst_hardware_z 57.72745506003287 42.9900016784668 30.940000534057617 AB 5.302898458453344 1.1687257842609484
62455.2901 lsst_hardware_g -19.549387550715306 14.1899995803833 31.389999389648438 AB 5.41400817279714 1.1685750426931016
62457.2932 lsst_hardware_r 25.683793202194025 39.189998626708984 31.56999969482422 AB 4.412628214928698 1.1738835368259373
