data/validation/pwv_sim_epoch_fit_seasonal/35907527.ecsv
# %ECSV 0.9
# ---
# datatype:
# - {name: time, datatype: float64}
# - {name: band, datatype: string}
# - {name: flux, datatype: float64}
# - {name: fluxerr, datatype: float64}
# - {name: zp, datatype: float64}
# - {name: zpsys, datatype: string}
# - {name: pwv, datatype: float64}
# - {name: airmass, datatype: float64}
# meta: {SNID: '35907527', alt: 1024.0, c: -0.017052551731467247, dec: -29.82786, lat: -30.244573, lon: -70.7499537, ra: 354.023438, t0: 62363.1953125,
#   x0: 2.65319863170635e-06, x1: 0.7620988488197327, z: 0.7943872809410095}
# schema: astropy-2.0
time band flux fluxerr zp zpsys pwv airmass
62285.3613 lsst_hardware_r -72.46015066632236 81.05000305175781 31.59000015258789 AB 11.311623036237362 1.329319535753364
62285.3836 lsst_hardware_z 117.27624413929357 59.150001525878906 30.959999084472656 AB 9.818349351451854 1.2116183564449747
62291.3664 lsst_hardware_i 38.96097303979687 41.25 31.270000457763672 AB 14.503277976392583 1.2152905963124654
62291.3867 lsst_hardware_z 1.797461508483805 46.900001525878906 30.950000762939453 AB 13.270891172684253 1.1364496829530661
62302.3399 lsst_hardware_z 72.23742006311802 43.34000015258789 30.940000534057617 AB 13.476370759075651 1.1997926291771877
62302.3544 lsst_hardware_r -8.938618990813088 23.579999923706055 31.489999771118164 AB 12.83111952867548 1.1441033908761016
62306.3434 lsst_hardware_i 57.33288994012019 31.59000015258789 31.25 AB 2.925220332296517 1.1443777788211391
62306.3571 lsst_hardware_z -12.506063174872093 42.04999923706055 30.950000762939453 AB 2.837550399698282 1.1020326492452386
62310.3553 lsst_hardware_r 76.72565389128623 59.029998779296875 32.36000061035156 AB 3.6893371438684186 1.0786747003489272
62310.3777 lsst_hardware_i -85.716793538188 43.45000076293945 32.0099983215332 AB 3.4075908047374455 1.0355058283787888
62312.3631 lsst_hardware_z -6.644040333864333 81.04000091552734 31.729999542236328 AB 3.8090100176329407 1.0508338554749819
62314.3669 lsst_hardware_z -29.42054115394322 64.54000091552734 30.989999771118164 AB 7.454333698300419 1.035324124763947
62314.3913 lsst_hardware_r -118.01420262699372 90.80000305175781 31.670000076293945 AB 7.250767690467515 1.0084049451301609
62315.3534 lsst_hardware_i -167.42071851344957 70.55999755859375 31.329999923706055 AB 5.302280898365372 1.0536600722073695
62315.3751 lsst_hardware_z -22.2726458615276 63.33000183105469 30.989999771118164 AB 5.290093745328037 1.0208594645557771
62323.2703 lsst_hardware_g -12.905278503782796 14.140000343322754 31.3700008392334 AB 5.662646425250254 1.2573413719007878
62323.2892 lsst_hardware_i -66.39482453235725 31.610000610351562 31.239999771118164 AB 5.278409359945005 1.1728061087124142
62325.2556 lsst_hardware_z 38.068395822746105 45.220001220703125 30.920000076293945 AB 2.123686197559465 1.3081584297887372
62325.2737 lsst_hardware_r -13.098818932634392 23.610000610351562 31.469999313354492 AB 1.9667725392880895 1.2147444784320898
62327.2497 lsst_hardware_u 1.1296876875296502 2.5399999618530273 28.209999084472656 AB 12.599866949358153 1.3107566699519826
62327.2696 lsst_hardware_g 0.5898259168529318 14.140000343322754 31.3700008392334 AB 11.556969887288584 1.2086878798617995
62328.2622 lsst_hardware_r 10.039640845334182 23.330620009689728 31.450000762939453 AB 10.697152814145308 1.230005497879908
62328.2808 lsst_hardware_i -20.73986957372891 31.25367875833846 31.219999313354492 AB 10.028974160682786 1.1532748452674426
62330.2573 lsst_hardware_z 86.87610364937683 43.87093352563365 30.93000030517578 AB 7.660834600441752 1.2273700294432917
62330.2773 lsst_hardware_r 3.603359102936064 23.228620320506405 31.469999313354492 AB 7.1545300027434235 1.146375581275985
62334.2471 lsst_hardware_g 27.840021499738814 14.380930232937578 31.3700008392334 AB 2.1140741224135486 1.224012808499594
62334.2676 lsst_hardware_i 42.405793594759466 32.06807251451976 31.239999771118164 AB 2.1282702506293387 1.1421843921087687
62343.2586 lsst_hardware_r 290.8444387035318 115.77934863689003 31.649999618530273 AB 11.703670872024054 1.095234032568225
62343.2763 lsst_hardware_z 280.9543140835784 77.08348880171437 30.989999771118164 AB 11.200419775014275 1.0549183512822689
62347.263 lsst_hardware_i 571.7524055898355 63.69359741163061 31.31999969482422 AB 4.669422822893155 1.0596069263954513
62347.2806 lsst_hardware_z 424.46130783857825 59.44948515650147 30.979999542236328 AB 4.5554406438634025 1.0298466066268688
62348.261 lsst_hardware_r 448.1380653976835 58.33822146549684 31.6299991607666 AB 3.796095985869911 1.0581452225421355
62348.2799 lsst_hardware_z 288.9466373176348 53.97197743905847 30.969999313354492 AB 3.6872634464005447 1.027116724083812
62351.262 lsst_hardware_r 587.0342056466183 34.917025271860005 31.530000686645508 AB 2.418961398544328 1.0414586962733905
62351.2822 lsst_hardware_i 842.1758302902273 42.510574462958 31.260000228881836 AB 2.3378113409944676 1.0151891181853374
62352.2619 lsst_hardware_z 601.8381673833375 47.06652485627544 30.950000762939453 AB 0.952886246002704 1.0372491792482263
62352.2812 lsst_hardware_i 827.2912418905133 41.774000523911674 31.25 AB 0.9949823162243892 1.0135643289212792
62354.151 lsst_hardware_g 143.44322155022013 17.80304142732184 31.280000686645508 AB 3.1132402934690697 1.4908964610754583
62354.1692 lsst_hardware_r 644.8212833385702 34.34427514160848 31.440000534057617 AB 2.199458688107625 1.3530967013888802
62356.1503 lsst_hardware_i 966.5721718458509 44.877904421336645 31.200000762939453 AB 5.506575892386617 1.4510081402863286
62356.168 lsst_hardware_r 651.5630082141073 34.871181129824556 31.459999084472656 AB 4.3664682075039005 1.3260184357850224
62360.1827 lsst_hardware_r 660.0613276432696 34.64052805241706 31.479999542236328 AB 3.235798393454987 1.1949401668398167
62360.2098 lsst_hardware_i 906.677434902918 44.27232790382345 31.260000228881836 AB 2.9967755455231013 1.10168820986083
62362.1544 lsst_hardware_z 607.7279408146385 51.41465108976905 30.920000076293945 AB 4.012865344670788 1.3092545985875328
62362.1724 lsst_hardware_r 585.6982548091022 34.26987459992153 31.469999313354492 AB 2.8602114879952794 1.2160332278456458
62366.149 lsst_hardware_r 552.4627932649431 47.35608979560875 31.549999237060547 AB 3.472986787955359 1.2779688281703327
62366.1679 lsst_hardware_z 619.504996290855 53.08251111726892 30.940000534057617 AB 3.722774735286335 1.188372441568313
62367.1476 lsst_hardware_r 539.9968144077851 55.00120871812087 31.579999923706055 AB 2.358618564549406 1.2708074162442922
62367.1655 lsst_hardware_y 272.0443320805469 52.83356082812147 30.010000228881836 AB 2.1582999805891574 1.1870204760561844
62369.1564 lsst_hardware_z 657.4190779738469 64.2404345738772 30.959999084472656 AB 2.099212438500167 1.2022980747423637
62369.1744 lsst_hardware_r 564.248925996268 78.28456243648075 31.6299991607666 AB 1.9389252432979727 1.1343166399949138
62371.1652 lsst_hardware_i 879.8601258855357 98.03201010770384 31.31999969482422 AB 2.512671388134781 1.1469457437566044
62371.1835 lsst_hardware_z 693.1357441542141 82.15699615484273 30.989999771118164 AB 2.061696697893399 1.0917112512011047
62376.1856 lsst_hardware_z 992.7189090876133 83.51300448013777 31.719999313354492 AB 4.5411799602236265 1.0560883628427038
62380.1588 lsst_hardware_u -2.0731053637807135 2.678707164962449 28.3799991607666 AB 1.4196550934358574 1.092042379566044
62380.177 lsst_hardware_g 4.421613801169503 15.253817400003726 31.420000076293945 AB 1.7268403923645643 1.0516689356666045
62382.165 lsst_hardware_r 222.79503741902874 27.99887446311117 31.489999771118164 AB 1.4905074180477509 1.0646481557483936
62382.1835 lsst_hardware_i 531.6107558281194 38.77501421991528 31.25 AB 1.3854806083077706 1.0320153506944034
62387.1687 lsst_hardware_u -1.4334817941465943 2.686761762113696 28.399999618530273 AB 2.624262456018207 1.0336828974960934
62387.1853 lsst_hardware_r 175.03940456057043 26.51281867187238 31.5 AB 2.5542129782516203 1.0138783281735857
62389.1666 lsst_hardware_i 375.2304232412858 36.16440322604257 31.25 AB 3.720959707692841 1.0289316179443748
62389.1832 lsst_hardware_z 253.88367022200637 44.52627254750287 30.940000534057617 AB 3.7971535160862446 1.0109567401720567
62390.0571 lsst_hardware_u 3.1015791555848646 2.53650442608535 28.1299991607666 AB 3.45304665035968 1.4540164153384856
62390.0728 lsst_hardware_g 30.991592073855447 15.371827808065746 31.34000015258789 AB 3.145925156038971 1.3408788048754823
62396.0593 lsst_hardware_i 177.35979432265364 50.92046159200784 31.25 AB 0.40425304461905953 1.3228897015045584
62396.0826 lsst_hardware_z 261.8587080133068 53.283986777141024 30.940000534057617 AB 0.4032895869248399 1.2026528437096484
62399.0755 lsst_hardware_i 55.82015710572653 83.98270518942584 31.309999465942383 AB 6.6925136440384065 1.1979797089481168
62399.0935 lsst_hardware_z 239.77108408617715 73.84222476605453 30.979999542236328 AB 4.36371749599195 1.1310339529120406
62401.0626 lsst_hardware_i 178.15809571471783 106.47824624911631 31.309999465942383 AB 3.1450014117123968 1.2314022755334366
62401.0797 lsst_hardware_z 239.96507673760246 88.87482689109224 30.979999542236328 AB 2.9116212767044205 1.1597774454108984
62403.0738 lsst_hardware_g 112.97275880703519 100.36778553739792 31.690000534057617 AB 3.50586673191726 1.1613957813330145
62403.0906 lsst_hardware_r 40.22108123863852 96.79844642461123 31.639999389648438 AB 4.068207053562288 1.106719064241257
62404.0958 lsst_hardware_y 58.820157471305606 54.089452810221694 30.030000686645508 AB 5.438769993747261 1.085618948151466
62404.1031 lsst_hardware_r 147.19424917749745 76.69174030269646 31.639999389648438 AB 5.394389663165051 1.0685839076559687
62406.1006 lsst_hardware_g 11.641039817434793 14.527119780798607 31.40999984741211 AB 3.530789860329758 1.0622910448528795
62409.0915 lsst_hardware_i 135.1872952198573 32.65240691308138 31.25 AB 4.101105491737897 1.0641856611710405
62411.1058 lsst_hardware_g 32.180394360043216 14.328151554591685 31.440000534057617 AB 4.64276735078795 1.02993323121715
62411.1255 lsst_hardware_i 139.32860994012262 31.940234643847297 31.25 AB 4.4332757516932695 1.0091107384495008
62413.9862 lsst_hardware_y 22.14139911656305 89.16472092962405 29.90999984741211 AB 4.8052896082975725 1.4995052736853691
62414.0046 lsst_hardware_r 0.4123692905836257 25.074918915288116 31.440000534057617 AB 3.721289643343348 1.3582588350555151
62416.0148 lsst_hardware_z 255.63806300879682 64.66394584945868 31.68000030517578 AB 4.883899855757939 1.2655869022435027
62418.0047 lsst_hardware_y 12.938023856437919 51.3885700882108 29.959999084472656 AB 5.136155567309546 1.290815674116498
62418.025 lsst_hardware_g 6.203999633882876 14.497856036064935 31.3799991607666 AB 4.768738920894539 1.1921847302236348
62419.9915 lsst_hardware_y 35.98853403042202 74.82876190477658 29.969999313354492 AB 3.071178323782313 1.3369903822016236
62420.0109 lsst_hardware_i 30.96661204721585 33.727323365678316 31.229999542236328 AB 4.1974283745438 1.230556544867722
62422.9939 lsst_hardware_y 289.9652967170039 67.20366610346126 29.989999771118164 AB 8.939707198666815 1.275097304046044
62423.0154 lsst_hardware_g 26.675449300532584 27.391013913343325 31.59000015258789 AB 8.55900850673547 1.1758225767696124
62424.9956 lsst_hardware_y 200.0677404588012 69.05433199710379 30.010000228881836 AB 8.732524208329568 1.2384509714698722
62425.015 lsst_hardware_i 111.84408963561509 49.647622572783675 31.290000915527344 AB 9.023772459502968 1.1567456043459619
62427.0156 lsst_hardware_z 6.148441243505626 90.55745014215005 31.719999313354492 AB 5.964824349554565 1.1357604042184442
62428.9978 lsst_hardware_y -55.810384016352984 73.37160668255522 30.020000457763672 AB 2.756283473293811 1.1806318643414502
62429.0155 lsst_hardware_r 73.27852214377165 100.77280269371792 31.639999389648438 AB 3.3495389427370625 1.1187816214224995
62433.0083 lsst_hardware_y 11.57533490987723 51.00231992147432 30.030000686645508 AB 3.118231178006589 1.107818164315335
62433.0273 lsst_hardware_z -22.458679673103283 51.89938520484378 30.969999313354492 AB 3.03725483130702 1.0614205246574697
62435.0027 lsst_hardware_y 112.18995360012903 60.96563123696255 30.040000915527344 AB 4.299599162176701 1.108215519602217
62435.0196 lsst_hardware_u 3.7351490835694787 2.8244903974395776 28.450000762939453 AB 4.090041083243708 1.0661097160741857
62437.005 lsst_hardware_y 147.64580751437012 57.88990436659446 30.040000915527344 AB 3.913753302707305 1.0873550572441113
62437.0228 lsst_hardware_r 22.878454148571358 23.185206267686613 31.489999771118164 AB 3.7200703406873443 1.0490399043157104
62438.0098 lsst_hardware_y 75.13892434891092 51.374752234773844 30.040000915527344 AB 3.3364413881043973 1.069600786953608
62438.0282 lsst_hardware_r 22.459157172891196 23.131212584769305 31.5 AB 3.2543760296935607 1.0355460425414384
62440.0095 lsst_hardware_z 150.69787202483732 45.980824261915416 30.959999084472656 AB 4.902058397995072 1.0587599131738106
62440.0267 lsst_hardware_g -1.6192807667720353 14.104996704650558 31.43000030517578 AB 4.762387114300081 1.0298166535409408
62442.0113 lsst_hardware_y 67.7784465963047 51.11417560944903 30.049999237060547 AB 9.185525381843371 1.045235022967919
62442.0302 lsst_hardware_i 61.93751099640986 31.030756368749486 31.25 AB 8.962470892429613 1.018809922977251
62655.3653 lsst_hardware_z 94.84600731868767 43.79999923706055 30.93000030517578 AB 13.074276320424097 1.2364063884145633
62655.3879 lsst_hardware_r -15.190490728876219 23.760000228881836 31.479999542236328 AB 12.31706821084068 1.1439647265571247
62657.3455 lsst_hardware_u 5.53618345673243 3.640000104904175 28.989999771118164 AB 6.919097866224307 1.3134410249891908
62657.3648 lsst_hardware_g -29.980751481918833 20.579999923706055 32.13999938964844 AB 6.306425423198248 1.213357464780868
62675.3619 lsst_hardware_r 25.333106873839423 33.2400016784668 31.579999923706055 AB 3.7140833837754124 1.0654283946573184
62675.3826 lsst_hardware_z -53.94771547047139 43.45000076293945 30.959999084472656 AB 3.377280600683847 1.0294494820210873
62676.3551 lsst_hardware_r -42.0888523511473 27.760000228881836 31.549999237060547 AB 3.672699068001595 1.0744122090691974
62676.3766 lsst_hardware_y -27.63406207011823 47.29999923706055 30.049999237060547 AB 4.025618376824327 1.0341101280535154
62680.3581 lsst_hardware_i 20.87710579933967 30.549999237060547 31.239999771118164 AB 5.259765113929033 1.04635502341056
62680.3811 lsst_hardware_z -37.4589731574884 40.7400016784668 30.950000762939453 AB 5.2769388566751525 1.0152677731654427
62686.2759 lsst_hardware_z 19.61171740524557 44.029998779296875 30.93000030517578 AB 8.777168414252651 1.260227346890047
62686.2951 lsst_hardware_i 3.5273733126400204 31.639999389648438 31.239999771118164 AB 8.193995875804035 1.1738127985584998
62688.2739 lsst_hardware_u 2.1886615632931705 2.5799999237060547 28.270000457763672 AB 5.604098667682377 1.242777646588345
62688.2932 lsst_hardware_g -0.22910612077199646 13.970000267028809 31.3799991607666 AB 5.9336240326912 1.1603462680446908
62695.256 lsst_hardware_r 92.71432059057285 72.37000274658203 31.600000381469727 AB 7.698762028233794 1.2368813840679795
62695.3015 lsst_hardware_i 105.70207896454451 56.41999816894531 31.31999969482422 AB 6.57843847357243 1.0784325366512182
62697.2528 lsst_hardware_z -177.29387677279868 71.62000274658203 30.969999313354492 AB 6.527114723801581 1.2261522047248545
62697.2717 lsst_hardware_r 47.32233913817544 103.06999969482422 31.6299991607666 AB 6.120616190471544 1.1493035753396947
62707.2464 lsst_hardware_u 2.937347247058686 2.569999933242798 28.290000915527344 AB 6.264828966455559 1.1423831083981042
62707.2657 lsst_hardware_g 24.6557632238955 13.819999694824219 31.389999389648438 AB 6.452560578368101 1.0858022063666313
62709.2669 lsst_hardware_i 21.782812614854766 30.489999771118164 31.239999771118164 AB 2.065393378167742 1.0701520094133377
62709.288 lsst_hardware_r -20.471874355563305 22.56999969482422 31.489999771118164 AB 2.0024743375754115 1.03193730356888
62716.2663 lsst_hardware_r -33.78696156031157 22.760000228881836 31.5 AB 2.3922512137212957 1.0357560457733999
62716.2869 lsst_hardware_i -11.70255043164931 30.209999084472656 31.25 AB 2.331343391082138 1.0115750901426692
62719.1685 lsst_hardware_g -17.784850992230048 18.860000610351562 31.420000076293945 AB 2.196393097101764 1.362385876419992
62719.1883 lsst_hardware_i -10.868574135169814 33.34000015258789 31.219999313354492 AB 2.0005737557277885 1.2475645725060263
62722.1649 lsst_hardware_z -28.91933819448879 51.150001525878906 30.93000030517578 AB 5.773408084872397 1.3326581071896582
