data/validation/pwv_sim_epoch_fit_seasonal/36047282.ecsv
# %ECSV 0.9
# ---
# datatype:
# - {name: time, datatype: float64}
# - {name: band, datatype: string}
# - {name: flux, datatype: float64}
# - {name: fluxerr, datatype: float64}
# - {name: zp, datatype: float64}
# - {name: zpsys, datatype: string}
# - {name: pwv, datatype: float64}
# - {name: airmass, datatype: float64}
# meta: {SNID: '36047282', alt: 1024.0, c: 0.013680932112038136, dec: -8.536388, lat: -30.244573, lon: -70.7499537, ra: 156.445312, t0: 60705.51171875,
#   x0: 3.148731418022737e-06, x1: 1.2557204961776733, z: 0.7409757971763611}
# schema: astropy-2.0
time band flux fluxerr zp zpsys pwv airmass
60672.3249 lsst_hardware_g 26.163115216243195 15.101035293242166 31.450000762939453 AB 7.691792642248634 1.1024235208535742
60672.3482 lsst_hardware_y 39.85744493349766 51.07090848709671 30.040000915527344 AB 7.367089304952145 1.0789527394482088
60680.3295 lsst_hardware_i 373.4821476230739 48.02894701563123 32.0 AB 10.948259195403747 1.077478515441761
60680.3504 lsst_hardware_y 53.62288968910549 70.90338055557122 30.790000915527344 AB 12.070059538010861 1.0775876741372075
60682.3309 lsst_hardware_u -1.467436789410097 2.888097390776781 28.43000030517578 AB 8.87020723740191 1.0756220944918897
60682.3507 lsst_hardware_z 144.41401495871082 45.75565923788762 30.950000762939453 AB 7.46365086696356 1.080644430544917
60684.3323 lsst_hardware_r 328.83698039859996 28.641394574299504 31.5 AB 8.06262227337089 1.0756138663752137
60684.3523 lsst_hardware_y 69.69270103121926 50.094835061796076 30.040000915527344 AB 7.973880050938598 1.0862116947198743
60686.3017 lsst_hardware_i 442.86931632327463 38.38310401515826 31.25 AB 8.026874307659185 1.0847127442782682
60686.3238 lsst_hardware_z 409.14793841600715 45.85256600030374 30.950000762939453 AB 7.95787263492274 1.0753881939084784
60688.2702 lsst_hardware_i 618.8789771466566 75.35924581520392 31.31999969482422 AB 5.1009445073568465 1.1217030252571405
60688.2892 lsst_hardware_z 312.5929442258698 66.4555609697706 30.979999542236328 AB 5.078050733310375 1.0918191213309774
60692.2658 lsst_hardware_i 1126.6812539144657 86.01385677159409 31.329999923706055 AB 2.355617910234112 1.1096139322005631
60692.2843 lsst_hardware_r 707.1021552299322 99.75680319273688 31.649999618530273 AB 2.3616577424244984 1.0856116801031979
60694.3237 lsst_hardware_z 1249.361026772612 89.87326784727672 31.719999313354492 AB 7.161201374509775 1.08503051128936
60695.3143 lsst_hardware_r 920.4516891068396 60.750949829985615 31.6299991607666 AB 11.697590306303653 1.0800683543695977
60695.3344 lsst_hardware_i 972.4935364294474 57.878886902081355 31.299999237060547 AB 10.618677097237754 1.1006091518695849
60697.2374 lsst_hardware_i 986.3747216625011 47.79136826871828 31.25 AB 10.828821344216202 1.1398759309701265
60697.2575 lsst_hardware_z 757.7927858782791 50.7125273078829 30.950000762939453 AB 10.789755565087251 1.101145281509788
60699.1428 lsst_hardware_i 1038.8668648631497 46.67339531502101 31.15999984741211 AB 23.606721825080825 1.6749879490845203
60699.1681 lsst_hardware_u -1.9162950793023585 2.669319953298093 28.1200008392334 AB 16.144686578586395 1.4330663432431152
60701.2457 lsst_hardware_r 880.4040151375495 37.75129725344182 31.510000228881836 AB 15.557726835060684 1.102446629468586
60701.2639 lsst_hardware_z 723.4409771681542 49.49711281970496 30.950000762939453 AB 13.707653459461337 1.0821831678522107
60703.2855 lsst_hardware_r 852.3025732021143 37.12568404048331 31.5 AB 12.693711843392238 1.0767877035578943
60703.3034 lsst_hardware_u 0.43860212480218547 2.907087070278248 28.510000228881836 AB 12.743154146712914 1.089158474078027
60707.2171 lsst_hardware_r 751.0107112147273 36.565433518204614 31.5 AB 14.090328753787087 1.1241909846444271
60707.2338 lsst_hardware_i 1187.7932775725337 45.62613686701652 31.25 AB 13.756712773009252 1.0961524121919723
60709.2126 lsst_hardware_z 726.5237094990212 50.60098011858681 30.950000762939453 AB 10.140451616658126 1.122227934557119
60709.2304 lsst_hardware_r 685.7230595875053 36.2038506756097 31.510000228881836 AB 9.878768288755046 1.0935502330639142
60711.2194 lsst_hardware_u 0.44127773057595865 2.866070702774221 28.5 AB 5.861505149100928 1.1009588935200736
60711.2377 lsst_hardware_g 86.4237599784387 17.927835504539093 31.459999084472656 AB 5.767064262068956 1.081392136146428
60714.2074 lsst_hardware_r 702.493681572215 49.41219940054291 31.600000381469727 AB 10.023099769571374 1.1068317925687157
60714.2251 lsst_hardware_y 383.25336353397483 51.37586772701484 30.030000686645508 AB 7.713166922370623 1.0848336037089483
60716.2504 lsst_hardware_z 731.9422176245628 65.42119849314896 30.979999542236328 AB 3.6625924069253437 1.0769163207660524
60716.2698 lsst_hardware_r 694.1169352790665 80.70817648736733 31.639999389648438 AB 3.682890937605899 1.091226944475822
60718.1978 lsst_hardware_i 929.6637351024078 106.86322166742713 31.329999923706055 AB 6.636786246848982 1.1047194551710007
60718.2145 lsst_hardware_z 833.7233773608071 90.258533356966 31.0 AB 6.347535829916427 1.0845544760080512
60720.1956 lsst_hardware_r 607.5407307358846 136.61501770092102 31.649999618530273 AB 1.6957728326641808 1.0998418545006037
60720.2116 lsst_hardware_z 603.9915739228342 94.80838334877313 31.0 AB 2.4238797757468307 1.0824918983610705
60722.189 lsst_hardware_z 530.3576642912067 68.49635500776263 30.979999542236328 AB 4.589000241947974 1.1014922371359632
60722.2043 lsst_hardware_i 761.3357737860658 75.22605034453497 31.31999969482422 AB 4.520595146503719 1.0839456052040979
60724.2309 lsst_hardware_z 488.8368925246792 55.00999122593869 30.969999313354492 AB 5.688923186152465 1.0778388340753364
60724.2497 lsst_hardware_r 479.96528974718177 56.64593839032277 31.6200008392334 AB 5.79085032875419 1.0932664791078073
60729.23 lsst_hardware_r 275.89144022532463 29.499865912818876 31.510000228881836 AB 12.713922731643395 1.0867219840141942
60729.2504 lsst_hardware_i 542.0155058713716 39.652293096605206 31.25 AB 11.894913476568068 1.1151132911379082
60731.1625 lsst_hardware_i 463.8866225072867 38.64306951286944 31.239999771118164 AB 9.49793684788133 1.1044112613815502
60731.1798 lsst_hardware_z 380.67479265151746 46.6575631819218 30.950000762939453 AB 10.13375470812027 1.0838819945580265
60733.1614 lsst_hardware_r 241.87061335239576 28.08049621059875 31.5 AB 8.47460154456056 1.0980307779943717
60733.1804 lsst_hardware_u 3.4204861499460235 2.823196212397468 28.43000030517578 AB 7.178961791098368 1.0796243012404367
60736.1536 lsst_hardware_g 23.197992449390043 15.299222714698336 31.420000076293945 AB 3.629519319733923 1.097498597374501
60736.1726 lsst_hardware_i 364.87098767067215 36.77333274413579 31.239999771118164 AB 4.189510055892937 1.0793997052283417
60738.1987 lsst_hardware_z 388.42939297500317 45.42397553033913 30.940000534057617 AB 6.986635227822687 1.0812156345447919
60738.2168 lsst_hardware_r 150.57775405994485 26.843323357777447 31.489999771118164 AB 6.129259602618861 1.100306902902587
60740.1961 lsst_hardware_y 173.6579936752045 49.22083511618192 30.030000686645508 AB 8.449978494990592 1.0833305762808452
60740.2149 lsst_hardware_g 10.893174282203772 15.221003270601152 31.43000030517578 AB 8.672064552681087 1.1057075803494947
60742.1952 lsst_hardware_r 109.28991519063462 33.07425428934578 31.559999465942383 AB 11.71800940049393 1.0873921262492916
60742.2132 lsst_hardware_i 251.31795240781898 35.52049027009233 31.25 AB 11.995087074500793 1.1120290860167608
60744.1238 lsst_hardware_i 224.90791586738345 59.61820757797106 31.309999465942383 AB 12.407205822662778 1.1096356268777825
60744.1428 lsst_hardware_z 249.20510101417096 57.76345017977316 30.969999313354492 AB 11.387372801222487 1.0851662400707665
60751.1227 lsst_hardware_z 101.4898544654328 62.61241628690492 30.979999542236328 AB 8.292793742011039 1.0860602098063237
60751.1421 lsst_hardware_i 275.2234639305603 67.45017443310367 31.329999923706055 AB 8.784073462895366 1.0756557125847686
60753.1166 lsst_hardware_z 206.0391833161744 51.3704743190854 30.969999313354492 AB 8.866245781455794 1.0866607024560262
60753.1362 lsst_hardware_r 55.28219091212178 52.261127392548616 31.6299991607666 AB 7.622054378438804 1.0757256902743355
60755.1537 lsst_hardware_u -7.76411350487999 6.470010569464546 29.049999237060547 AB 5.624378503709644 1.0822182641628435
60755.1725 lsst_hardware_g -2.464362691684146 34.609430825501576 31.649999618530273 AB 5.848266137450007 1.1034464410283031
60757.1527 lsst_hardware_r 77.01757267149726 24.843724000941886 31.510000228881836 AB 8.075976844134985 1.0859186290352423
60757.172 lsst_hardware_i 169.26585828519063 33.861902888327016 31.25 AB 7.592206318912447 1.111596825609423
60759.095 lsst_hardware_z 96.16823113523274 43.72887453869017 30.950000762939453 AB 9.819597273335056 1.0921990145337601
60759.1142 lsst_hardware_r 49.68158634763271 24.590980680659214 31.520000457763672 AB 9.505860987752902 1.0772938051586847
60763.1361 lsst_hardware_i 64.93632980099729 33.111416700736235 31.260000228881836 AB 7.069116057249287 1.0857189459759484
60763.1546 lsst_hardware_z 115.46420922654379 43.99320367854707 30.950000762939453 AB 7.272742352183967 1.109834022918353
60766.1349 lsst_hardware_r 3.734828177183088 24.211343565397737 31.510000228881836 AB 5.338011118621567 1.0931080788986607
60766.1524 lsst_hardware_u 2.3848934466677125 2.778667555724551 28.440000534057617 AB 5.476739238862457 1.1209044696812234
60768.0636 lsst_hardware_u -4.068296898672608 2.7550293057601034 28.389999389648438 AB 6.62777938260173 1.1011886824676198
60768.0827 lsst_hardware_g -22.634426536311786 14.712010747142115 31.40999984741211 AB 6.562705002217342 1.0809479105978739
60774.0569 lsst_hardware_z 4.694410986114306 71.90012136489678 30.979999542236328 AB 8.372404775007695 1.0890224733360685
60774.0763 lsst_hardware_r -60.34301203333521 95.03428644924055 31.649999618530273 AB 8.265140712167296 1.0762836242947256
60777.0501 lsst_hardware_i 38.16293835537731 91.99612617832551 31.329999923706055 AB 6.919311049424855 1.0875999763320259
60777.0674 lsst_hardware_z 44.96156740678891 79.01383206824882 30.989999771118164 AB 6.771894908645284 1.0764845064015076
60779.0516 lsst_hardware_r 74.37353931053092 92.88183032092549 31.649999618530273 AB 6.21208262782462 1.0816790227798398
60779.0697 lsst_hardware_z -13.551966626941267 66.02557023499372 30.989999771118164 AB 6.14783058059854 1.0753595558157318
60781.0395 lsst_hardware_g 58.52004491977426 56.23692969825418 31.700000762939453 AB 17.09025953758534 1.0872819131111444
60781.0568 lsst_hardware_r -26.861710728693616 59.33614154560576 31.6299991607666 AB 17.890955595451384 1.0763904998391447
60783.0855 lsst_hardware_i 44.239273415987775 40.66638116430438 31.290000915527344 AB 12.313676614726411 1.0897058951085319
60783.1031 lsst_hardware_z 78.66264181982774 47.830580660408884 30.959999084472656 AB 12.603678827308736 1.1153698077264367
60791.009 lsst_hardware_u -1.2798677264992362 2.702754804193871 28.389999389648438 AB 12.651244072268417 1.0906244889886567
60791.027 lsst_hardware_r 13.898815281450782 24.141184678270953 31.489999771118164 AB 12.495789703654747 1.0772232503150645
60793.0096 lsst_hardware_i 28.80961957720757 31.219999313354492 31.239999771118164 AB 1.6269622328808486 1.0846414885872324
60793.0275 lsst_hardware_z -42.31759747592198 41.869998931884766 30.940000534057617 AB 1.6134591328192214 1.075639421879481
60796.0059 lsst_hardware_r -14.63387410358101 23.6200008392334 31.5 AB 11.521219624050925 1.081178624963723
60796.0233 lsst_hardware_u 2.734921827438625 2.690000057220459 28.399999618530273 AB 11.497199750426216 1.0753589066479181
60801.0412 lsst_hardware_i 3.374954243160934 54.470001220703125 31.309999465942383 AB 3.17674650603796 1.095429829668262
60801.0595 lsst_hardware_z 43.51885109177766 56.310001373291016 30.969999313354492 AB 4.081254232345406 1.1263811128828167
60803.042 lsst_hardware_r -87.29628627570678 85.8499984741211 31.649999618530273 AB 11.365618817919755 1.1043158587174267
60803.0598 lsst_hardware_z 50.249510468568985 67.12000274658203 30.979999542236328 AB 11.71384785063323 1.1394054714966275
60804.9668 lsst_hardware_y -44.30600331037959 57.400001525878906 30.040000915527344 AB 8.511646926127112 1.0953795670969984
60804.9844 lsst_hardware_r -175.84555075775782 88.12000274658203 31.639999389648438 AB 8.40685371184048 1.0792776932352695
60806.9684 lsst_hardware_y 149.86432843040583 56.09000015258789 30.049999237060547 AB 12.627082625659648 1.0873854774228442
60806.9881 lsst_hardware_z 21.52509966039837 63.59000015258789 30.989999771118164 AB 12.48082824118823 1.0758407241779355
60808.9693 lsst_hardware_y -32.114290354785865 51.45000076293945 30.040000915527344 AB 7.830097793039673 1.0819535433245369
60808.9925 lsst_hardware_z 20.65429583574524 55.380001068115234 30.979999542236328 AB 7.8521256891295685 1.0758301547035702
60810.9675 lsst_hardware_y 118.44310509877455 48.810001373291016 30.040000915527344 AB 7.984505094663403 1.079570726698766
60810.9887 lsst_hardware_r 4.218463117360335 23.959999084472656 31.510000228881836 AB 7.70454364388452 1.0762038893539863
60812.9774 lsst_hardware_z -45.333859768120234 60.11000061035156 31.700000762939453 AB 7.9808515740999715 1.0753690728423984
60815.9566 lsst_hardware_y -135.9850862159156 60.5099983215332 30.049999237060547 AB 5.778790596098328 1.078132573899025
60815.9766 lsst_hardware_g -5.385120511768952 15.199999809265137 31.450000762939453 AB 7.713313836723606 1.076651925563413
60821.9546 lsst_hardware_y 4.0184285892507585 63.290000915527344 30.049999237060547 AB 6.452894203459033 1.0754823672431721
60821.9748 lsst_hardware_i 5.761725988320893 31.979999542236328 31.25 AB 6.312771136808329 1.0855390009414758
61039.3324 lsst_hardware_u 3.3345925683650406 2.7799999713897705 28.420000076293945 AB 10.135197327371674 1.0872147741803353
61039.3541 lsst_hardware_y 121.16317669399514 57.439998626708984 30.040000915527344 AB 9.510488152104967 1.0755023637339052
61041.3381 lsst_hardware_r -4.448605255072026 23.860000610351562 31.489999771118164 AB 7.709896148813089 1.0788420480942074
61041.3582 lsst_hardware_y -3.3088135126712963 63.060001373291016 30.049999237060547 AB 7.689391657508882 1.076246200999474
61044.3457 lsst_hardware_z -119.69899459993688 96.44000244140625 31.739999771118164 AB 2.963980711200251 1.0754646992744017
61047.3333 lsst_hardware_z 23.508967375292382 66.27999877929688 30.979999542236328 AB 8.996392251607794 1.0754052518682053
61047.3533 lsst_hardware_y 16.8865305664657 59.150001525878906 30.049999237060547 AB 7.538616269662784 1.081903907623673
61055.273 lsst_hardware_z 18.76970030015075 42.13999938964844 30.940000534057617 AB 6.118472755695753 1.1078169030772684
61055.2929 lsst_hardware_i -31.32437283033295 31.110000610351562 31.239999771118164 AB 6.46438795679631 1.083477505468961
61057.2711 lsst_hardware_u -0.143050872315828 2.5999999046325684 28.309999465942383 AB 2.3242795441508184 1.1022072527093387
61057.2916 lsst_hardware_g 8.358081642367926 14.479999542236328 31.420000076293945 AB 2.3131126631984418 1.080473022903142
61059.3112 lsst_hardware_r -17.970676821297268 23.219999313354492 31.489999771118164 AB 7.107519409514796 1.0768968802295147
61059.3315 lsst_hardware_i -44.6807209558509 31.09000015258789 31.239999771118164 AB 7.209030520522137 1.0922773515942632
61061.3117 lsst_hardware_z -27.01490428959125 41.75 30.940000534057617 AB 12.896855654846041 1.0796865345203885
61061.3318 lsst_hardware_u -3.937568420768587 2.75 28.440000534057617 AB 13.203075782664174 1.099752262101888
61065.2384 lsst_hardware_r -2.571982111587155 23.690000534057617 31.479999542236328 AB 9.665805689041417 1.121117237441856
61065.2577 lsst_hardware_i 8.965910455055921 31.3700008392334 31.239999771118164 AB 10.156067578258039 1.0911214552047679
61067.2511 lsst_hardware_i -42.56639070430767 31.260000228881836 31.239999771118164 AB 12.565318056350533 1.0924384472103343
61067.2693 lsst_hardware_u -1.8405636062887039 2.609999895095825 28.329999923706055 AB 12.411408138941548 1.0777767960351299
61071.2844 lsst_hardware_i 40.16645475862087 65.95999908447266 31.31999969482422 AB 12.495532795030897 1.0796831332111951
61071.3023 lsst_hardware_r -62.05160754169348 70.91000366210938 31.6299991607666 AB 11.80242424182456 1.0967266869697125
61072.291 lsst_hardware_z -17.894120453980108 102.27999877929688 31.739999771118164 AB 11.472207309917911 1.086915060391092
61074.2203 lsst_hardware_z 29.053413950185735 94.0199966430664 30.989999771118164 AB 10.040203807058642 1.1091900875025626
61074.2376 lsst_hardware_r -388.36720755814144 134.6699981689453 31.649999618530273 AB 9.817342998491968 1.0864700086865835
