data/validation/pwv_sim_epoch_fit_seasonal/36119184.ecsv
# %ECSV 0.9
# ---
# datatype:
# - {name: time, datatype: float64}
# - {name: band, datatype: string}
# - {name: flux, datatype: float64}
# - {name: fluxerr, datatype: float64}
# - {name: zp, datatype: float64}
# - {name: zpsys, datatype: string}
# - {name: pwv, datatype: float64}
# - {name: airmass, datatype: float64}
# meta: {SNID: '36119184', alt: 1024.0, c: 0.06916851550340652, dec: -16.957764, lat: -30.244573, lon: -70.7499537, ra: 42.363281, t0: 62744.828125,
#   x0: 1.0150915196167681e-05, x1: -1.6397169828414917, z: 0.45760560035705566}
# schema: astropy-2.0
time band flux fluxerr zp zpsys pwv airmass
62721.4084 lsst_hardware_z -15.995195725239748 41.17081293600762 30.950000762939453 AB 1.4562398266082508 1.0401713047201793
62721.4302 lsst_hardware_y -68.66803648678037 54.05847828367376 30.059999465942383 AB 1.886442513263965 1.0284076939472824
62724.4051 lsst_hardware_z 33.58429855492055 41.991314708278125 30.950000762939453 AB 6.254350471666419 1.036060265875166
62724.4251 lsst_hardware_y -59.65124183320565 50.95522745392415 30.059999465942383 AB 5.04792624727956 1.0280908853929858
62732.4019 lsst_hardware_r 1880.550944178069 67.19344247647102 31.639999389648438 AB 1.8740486105637755 1.028190532496585
62732.4213 lsst_hardware_y 400.8377123014997 58.67973960550459 30.059999465942383 AB 2.385929400361266 1.0328698702862622
62734.3895 lsst_hardware_g 809.9245255001385 40.31805468181202 31.649999618530273 AB 1.1326655611070695 1.0296959646427903
62734.4095 lsst_hardware_y 673.0084993687178 53.64455243486907 30.049999237060547 AB 1.13288464904482 1.0298951354952908
62737.3916 lsst_hardware_i 2029.7581208716795 54.56335009642484 31.260000228881836 AB 3.9150363718692223 1.0280632951645732
62737.4115 lsst_hardware_z 1659.3942622738907 58.11818234434831 30.959999084472656 AB 3.952618596073456 1.0353719227451963
62739.3277 lsst_hardware_z 1790.3521021253562 58.99108000384562 30.950000762939453 AB 2.9601520059914987 1.088891670403347
62739.3446 lsst_hardware_r 3422.1089993298556 61.88777524801985 31.489999771118164 AB 2.538112536179724 1.0578407347234193
62741.3239 lsst_hardware_u 3.2694434261545857 2.637576955987021 28.3799991607666 AB 3.3050931080139363 1.085297649304051
62741.3417 lsst_hardware_r 3657.048480960915 63.88229739933552 31.489999771118164 AB 3.214136730211204 1.0541609479210245
62743.3271 lsst_hardware_i 2529.847621055622 59.21923610579939 31.239999771118164 AB 3.2469147291706872 1.0685034073782598
62743.3429 lsst_hardware_z 1959.9733132130018 60.49090274464484 30.940000534057617 AB 2.736625989730776 1.0457777172399627
62746.252 lsst_hardware_g 1685.0406272808316 45.9614737353959 32.09000015258789 AB 3.8124166574549907 1.3039847192298453
62746.2746 lsst_hardware_r 7040.578836256828 90.41377506854472 32.22999954223633 AB 3.4757629684727216 1.1932243061557049
62749.2997 lsst_hardware_r 3278.6801496152502 61.869097599501465 31.489999771118164 AB 2.0476695369160836 1.090442639699278
62749.317 lsst_hardware_i 2611.9271570243054 59.58841957178359 31.25 AB 1.8403624377477732 1.0582877732879663
62756.3401 lsst_hardware_r 2520.111242394115 108.14056278036952 31.65999984741211 AB 3.397784123826759 1.0280738650005323
62756.3576 lsst_hardware_z 1677.44019150015 76.9232602737574 30.989999771118164 AB 3.415610809783512 1.0339891452422336
62759.2827 lsst_hardware_y 1094.7755316411697 82.9409938066621 30.809999465942383 AB 2.7136619025482815 1.0697747316221873
62761.2718 lsst_hardware_r 1769.7300190559 71.99089764295076 31.6299991607666 AB 2.1439324476304233 1.0801120690022705
62761.2887 lsst_hardware_i 2013.3686962734105 67.41230647433758 31.31999969482422 AB 2.082849386087908 1.0519884099943135
62763.2655 lsst_hardware_i 1736.7693079992941 54.80689315189114 31.270000457763672 AB 6.038456687539971 1.0818214157818438
62763.2857 lsst_hardware_z 1098.799883604551 55.17186487788884 30.950000762939453 AB 5.829482609454041 1.0488453777355238
62766.259 lsst_hardware_r 955.7724905686349 37.70987381588519 31.489999771118164 AB 1.7357032456762729 1.0784114605009463
62766.2775 lsst_hardware_u -1.6506348557887 3.44972469405215 28.489999771118164 AB 1.5795787763835776 1.0488570892316909
62769.2426 lsst_hardware_z 882.4623836404759 51.61586675444994 30.940000534057617 AB 6.54593112402953 1.096164854707708
62769.2614 lsst_hardware_r 670.2165056671056 34.62473388489621 31.489999771118164 AB 6.436537606096397 1.059803118456965
62770.2723 lsst_hardware_u 16.19986557175155 3.3544923764920282 28.3799991607666 AB 3.2937460464430686 1.042434659703403
62770.286 lsst_hardware_g 79.30315374586021 16.90204039191629 31.399999618530273 AB 3.276395174316085 1.03193548797357
62777.2753 lsst_hardware_u 5.668726196958229 2.833433246623872 28.489999771118164 AB 2.782888269153757 1.0287941845300395
62777.2927 lsst_hardware_r 412.0269593841786 30.228382690421242 31.510000228881836 AB 3.3640089879394295 1.0301140108012217
62779.2644 lsst_hardware_r 341.3737325740338 29.514658245857667 31.5 AB 6.8132549156583915 1.0305417337387908
62779.285 lsst_hardware_u -2.901591748479481 2.87855458670464 28.530000686645508 AB 6.7951052832536805 1.029353456360384
62784.2214 lsst_hardware_r 407.480217416585 100.06682934278427 31.65999984741211 AB 2.8109841511184976 1.0583524665356614
62784.2402 lsst_hardware_i 524.5760033267948 80.56019014693034 31.34000015258789 AB 2.7151313689027807 1.0369033297319057
62788.2128 lsst_hardware_z 336.3132252467054 67.0133462563409 30.989999771118164 AB 6.64633140813288 1.0549732393861715
62788.2303 lsst_hardware_r 232.58333183331 85.00528524353786 31.65999984741211 AB 6.5275132735843995 1.0361132180292698
62790.2611 lsst_hardware_i 491.22970085750404 54.5557242333119 31.31999969482422 AB 7.5296859821777025 1.0318525447501048
62790.278 lsst_hardware_z 307.3325329594687 54.92273347893556 30.979999542236328 AB 7.627228514353214 1.0456972382492244
62792.2439 lsst_hardware_r 199.95025001786135 40.36246366370405 31.600000381469727 AB 5.105085286279265 1.0282145591700433
62792.2622 lsst_hardware_z 361.81735931488646 48.43666155037628 30.959999084472656 AB 5.29343765853087 1.0359991503142911
62795.2436 lsst_hardware_g 4.967022738511054 14.852382833466947 31.450000762939453 AB 1.8567204135466853 1.0301282982366962
62795.2617 lsst_hardware_r 219.460870520564 27.17133745318506 31.510000228881836 AB 2.0587333727998876 1.0428366599239616
62797.191 lsst_hardware_i 374.72149224861437 35.72114286689011 31.25 AB 3.4220485105135627 1.0512129358530298
62797.2076 lsst_hardware_z 319.99826745343927 44.2311586123366 30.950000762939453 AB 3.334692070678579 1.0347617099748678
62798.2729 lsst_hardware_r 182.40498577491718 27.11569399920727 31.5 AB 3.1734055334490034 1.0700479487857717
62798.2893 lsst_hardware_g 28.55007257658855 15.161135436013115 31.420000076293945 AB 3.2818760791686503 1.1053189152406344
62800.1785 lsst_hardware_u 6.289436851943987 4.014591314640908 28.549999237060547 AB 1.3271188572107373 1.0571844321912405
62800.1947 lsst_hardware_r 218.90356351345096 26.993262317128387 31.510000228881836 AB 1.3381486732775307 1.0383978323415914
62802.182 lsst_hardware_i 330.1283871859236 35.48621779457751 31.260000228881836 AB 2.1845408874744447 1.0455683890273348
62802.1988 lsst_hardware_z 343.5124097691896 44.315682185154635 30.959999084472656 AB 2.1022102756750836 1.0318440489242884
62804.1751 lsst_hardware_r 139.8002011490993 26.813278063504544 31.520000457763672 AB 5.416255314414049 1.0472264722378286
62804.1912 lsst_hardware_u 5.369377648120246 3.8348496542642305 28.649999618530273 AB 5.348668096399193 1.0330267359297172
62808.1609 lsst_hardware_y 77.05512455776653 48.856066540081095 30.049999237060547 AB 4.123451904408383 1.0512975726708862
62808.1809 lsst_hardware_g 22.655819600103783 31.00252307002999 31.65999984741211 AB 3.8533926795386986 1.0326658661498211
62816.0788 lsst_hardware_z 208.02022335781794 79.36147610032518 30.969999313354492 AB 4.2219303668611685 1.2129660123140689
62816.0959 lsst_hardware_r 20.552420769188384 110.43850261554252 31.6299991607666 AB 2.302601722765459 1.1477142543382195
62818.1953 lsst_hardware_z -64.5992078993435 55.540000915527344 30.979999542236328 AB 4.330751704178824 1.0393596218104815
62818.213 lsst_hardware_r 30.163890046166717 70.5199966430664 31.639999389648438 AB 7.102466748196055 1.0611387215771195
62821.1784 lsst_hardware_z 39.88322971991581 43.70000076293945 30.950000762939453 AB 5.727676084823301 1.0329132430326653
62821.1971 lsst_hardware_r 26.547281416940162 36.779998779296875 31.59000015258789 AB 5.8045153133592535 1.05017917197345
62828.1098 lsst_hardware_g 12.866164802813758 13.720000267028809 31.40999984741211 AB 7.1606300266232905 1.0469522664848256
62828.1306 lsst_hardware_r -19.309618592060197 22.40999984741211 31.5 AB 6.801555390630302 1.0305386955500457
62830.1065 lsst_hardware_i 3.055505960372505 30.3700008392334 31.239999771118164 AB 5.381054098517134 1.0445099429354023
62830.1262 lsst_hardware_z 2.8310096202873587 40.95000076293945 30.950000762939453 AB 7.911201907532282 1.0301155925128027
62832.1121 lsst_hardware_r 13.465124574138663 22.6200008392334 31.5 AB 3.9452673284981485 1.0347111341269604
62832.1312 lsst_hardware_u -1.4604765508652877 2.75 28.5 AB 3.7009804899171033 1.0280501360880843
62837.1398 lsst_hardware_z 50.310154851222286 43.5 30.959999084472656 AB 6.693740109044472 1.0363431040477253
62837.1603 lsst_hardware_r 1.3116606023558068 31.200000762939453 31.56999969482422 AB 6.83199504797332 1.0598539257915875
62839.1522 lsst_hardware_y 41.81047548810864 70.38999938964844 30.799999237060547 AB 3.3815986124133652 1.0559246252656878
62841.0761 lsst_hardware_z 12.814273673670558 60.90999984741211 30.979999542236328 AB 3.267513089528232 1.0449075835933055
62841.0953 lsst_hardware_r 6.023340752344318 78.06999969482422 31.65999984741211 AB 5.411777152620909 1.030454854359603
62845.0746 lsst_hardware_r -111.1176365959251 91.02999877929688 31.65999984741211 AB 7.687827277017022 1.0361535050733337
62845.0961 lsst_hardware_z 5.687259047493897 65.06999969482422 30.989999771118164 AB 9.458003489305682 1.0280438575332265
62850.1112 lsst_hardware_g 2.0456776727297 13.420000076293945 31.399999618530273 AB 8.110099552533754 1.0424886385523977
62850.1298 lsst_hardware_i -27.24821409657565 36.689998626708984 31.270000457763672 AB 8.413544474704898 1.0680572217716855
62852.0716 lsst_hardware_z 28.21771573153313 40.630001068115234 30.950000762939453 AB 11.218292087749395 1.0285562953881568
62852.0933 lsst_hardware_r -21.589250556805965 22.190000534057617 31.489999771118164 AB 9.996424672227796 1.0326440499868355
62854.0464 lsst_hardware_y 21.28460352409037 49.41999816894531 30.059999465942383 AB 4.1897913930810775 1.0391347701093943
62854.0655 lsst_hardware_u -2.548927316352373 2.7899999618530273 28.530000686645508 AB 4.282924305286007 1.0286836328297455
62856.0495 lsst_hardware_z -17.993252727156786 41.689998626708984 30.959999084472656 AB 4.483946815303654 1.0328501570875859
62856.0701 lsst_hardware_r 3.1026692715042894 22.329999923706055 31.510000228881836 AB 4.488258891467472 1.028316532335776
62862.0377 lsst_hardware_y -145.25475932481282 63.33000183105469 30.06999969482422 AB 6.509520865677691 1.0305581992682167
62862.0593 lsst_hardware_u 0.6254017313474812 2.809999942779541 28.510000228881836 AB 6.552818057785293 1.0296292662585933
62864.0355 lsst_hardware_y -46.45227252061976 76.12999725341797 30.079999923706055 AB 7.185567888332455 1.0293772492415965
62864.0546 lsst_hardware_i 33.87001757775862 31.3700008392334 31.260000228881836 AB 8.466229146017472 1.0298922384304448
63088.3705 lsst_hardware_z -71.721932317672 64.06999969482422 31.709999084472656 AB 5.578407635303541 1.0924309549038382
63088.3967 lsst_hardware_y -15.807421055966987 67.87999725341797 30.799999237060547 AB 5.447129676315547 1.0475249377529898
63091.4225 lsst_hardware_i -79.85941775454503 32.54999923706055 31.270000457763672 AB 4.8306076784045375 1.0280805217943823
63108.3526 lsst_hardware_i -108.16102586179683 47.15999984741211 31.309999465942383 AB 2.7161714741557166 1.0371025101778222
63108.3719 lsst_hardware_z 7.943319271170148 47.650001525878906 30.969999313354492 AB 2.679004833318704 1.0282771878142416
63110.3163 lsst_hardware_r -203.1056837900551 126.9000015258789 32.400001525878906 AB 1.6964873585481328 1.0798773765424141
63110.3344 lsst_hardware_z -20.98514755797074 87.75 31.729999542236328 AB 0.8458275261269036 1.0502825241642015
63113.3129 lsst_hardware_y 58.27935256261106 76.51000213623047 30.799999237060547 AB 2.4803533570730005 1.0707331565176392
63118.339 lsst_hardware_z 9.81602942933778 42.2400016784668 30.950000762939453 AB 4.510796524226854 1.0294900681017563
63118.3594 lsst_hardware_r -12.891049143181194 29.549999237060547 31.559999465942383 AB 4.597960880404201 1.0303168988058413
63121.338 lsst_hardware_u -2.522687554877687 2.6600000858306885 28.43000030517578 AB 3.4609479686594202 1.0281315911353643
63121.3587 lsst_hardware_r -32.50758207270717 22.559999465942383 31.489999771118164 AB 3.414382050012687 1.0342694585422756
63125.3386 lsst_hardware_r 22.448299172012387 22.15999984741211 31.489999771118164 AB 4.2281996210494315 1.0296985378507766
63125.3571 lsst_hardware_u -2.3594439164873457 2.630000114440918 28.40999984741211 AB 4.311507259670257 1.0419931749551279
63132.3524 lsst_hardware_i 29.57131946345082 52.59000015258789 32.439998626708984 AB 1.8857874209571026 1.0603246673922422
63132.3954 lsst_hardware_z 196.42879541854742 73.37999725341797 31.709999084472656 AB 1.674538434142714 1.1690982784331898
63136.2568 lsst_hardware_z -32.247360644356554 48.220001220703125 30.959999084472656 AB 4.059711846255862 1.0595620112894801
63136.2756 lsst_hardware_i -51.466071099398754 44.31999969482422 31.299999237060547 AB 3.994059410372308 1.0375527757818699
63139.2221 lsst_hardware_y -114.54549063189997 115.41999816894531 31.540000915527344 AB 4.21317680548034 1.1152608842510228
63144.2704 lsst_hardware_z -48.63824810754597 52.52000045776367 30.969999313354492 AB 6.823601283175547 1.028838711842288
63144.2972 lsst_hardware_r -37.10584919656176 61.83000183105469 31.639999389648438 AB 7.146517405477023 1.0351520757275459
63146.2922 lsst_hardware_z -46.504235850652805 44.720001220703125 30.959999084472656 AB 4.94131571354043 1.0354810799541676
63146.3134 lsst_hardware_r 49.84756036892231 39.11000061035156 31.600000381469727 AB 4.900938531505815 1.0591280503182139
63148.2176 lsst_hardware_g 19.68278181666701 13.989999771118164 31.420000076293945 AB 3.308920849535756 1.0702708947285464
63148.236 lsst_hardware_i -5.861706327051696 30.479999542236328 31.25 AB 3.197293813307579 1.0440143063863245
63150.2166 lsst_hardware_z 1.1568170231756874 41.369998931884766 30.940000534057617 AB 3.825612166752154 1.0626700463200427
63150.2346 lsst_hardware_r -6.606008716213781 22.59000015258789 31.489999771118164 AB 3.7438888965443318 1.039969137928981
63152.2153 lsst_hardware_u -3.9711255636844185 2.640000104904175 28.389999389648438 AB 6.153610806175099 1.0563080903786817
63152.2334 lsst_hardware_g 11.968428585042338 13.979999542236328 31.420000076293945 AB 6.03299418909594 1.0363743507143737
63154.2119 lsst_hardware_r 0.6766578228688473 22.670000076293945 31.479999542236328 AB 6.656152943025187 1.0534109954144795
63154.2301 lsst_hardware_i 20.495375454279216 30.299999237060547 31.239999771118164 AB 6.595137925486934 1.034801975756318
63158.2392 lsst_hardware_u -0.39830060691297126 2.7100000381469727 28.459999084472656 AB 2.5204880473299465 1.0280712633573121
63158.2566 lsst_hardware_r -32.673768521219046 22.850000381469727 31.5 AB 3.79320600047566 1.0335711172958202
63160.2438 lsst_hardware_i 27.2488123650734 30.440000534057617 31.260000228881836 AB 1.8631963429156746 1.0299592829826836
63160.2614 lsst_hardware_z 70.64712070620584 41.13999938964844 30.950000762939453 AB 2.055215658730475 1.0418463967880616
63162.2474 lsst_hardware_r -45.1572684223344 22.959999084472656 31.510000228881836 AB 3.593404863209851 1.0346936618722786
63162.2654 lsst_hardware_u 2.508084696973212 2.7300000190734863 28.450000762939453 AB 3.8124696231023805 1.052926017887884
63164.1814 lsst_hardware_y -84.42647190321831 68.88999938964844 30.799999237060547 AB 4.838123324188314 1.05797579798566
63167.1783 lsst_hardware_r 34.1982434389712 89.22000122070312 31.65999984741211 AB 2.1210512227383145 1.050892430753913
63167.1965 lsst_hardware_i 114.63101027280773 71.01000213623047 31.34000015258789 AB 2.142568615220229 1.0335593898793058
63169.1786 lsst_hardware_z -23.465731660890402 80.80999755859375 31.0 AB 5.3307236863756575 1.04407984978305
63169.1959 lsst_hardware_r 101.45373754567323 119.83000183105469 31.65999984741211 AB 5.3455158501718545 1.030957733880782
63171.1633 lsst_hardware_r -195.14244375436374 94.45999908447266 31.65999984741211 AB 4.8636171375051385 1.0564850867994438
63171.1824 lsst_hardware_z -62.753793417540436 66.01000213623047 30.989999771118164 AB 4.580098779315797 1.0357137404701127
63188.1773 lsst_hardware_g -21.801056552013872 13.829999923706055 31.420000076293945 AB 5.728885581507995 1.0353095837188027
63188.1969 lsst_hardware_r 18.82193406092549 22.56999969482422 31.479999542236328 AB 6.053906099719436 1.0564052058607671
63190.1761 lsst_hardware_i 36.82177441080083 30.540000915527344 31.260000228881836 AB 5.38600680248928 1.0386835135375068
63190.1967 lsst_hardware_z -58.59800073479991 41.56999969482422 30.950000762939453 AB 5.350759934967837 1.064580681427584
63192.1777 lsst_hardware_r 0.6435908540697688 32.4900016784668 31.56999969482422 AB 3.9157641545986426 1.045737522926597
63192.1979 lsst_hardware_z 19.38636526386267 43.54999923706055 30.940000534057617 AB 3.980046951866599 1.0765612528716795
63194.1172 lsst_hardware_z 77.73367865175915 73.4800033569336 31.719999313354492 AB 8.28609577495388 1.0375777329018132
63196.1095 lsst_hardware_r -42.80387440330703 86.7300033569336 31.65999984741211 AB 3.759554287648057 1.0395080979673534
63196.1283 lsst_hardware_z -70.39048729888985 62.7599983215332 30.989999771118164 AB 5.35477635285259 1.028857837390639
63200.1576 lsst_hardware_g -2.1007994630687574 99.88999938964844 31.729999542236328 AB 5.492377689066779 1.0477637712833088
63200.1766 lsst_hardware_r 55.910105193637776 94.08000183105469 31.649999618530273 AB 4.772417747396937 1.0776195425403288
63205.1443 lsst_hardware_r -2.7855211465497187 22.299999237060547 31.489999771118164 AB 2.6427405492004143 1.048186633297355
63205.1631 lsst_hardware_u 3.1492482617857855 3.990000009536743 28.700000762939453 AB 2.669194355005521 1.0779179626473583
63207.079 lsst_hardware_u -0.5507406831165456 2.619999885559082 28.40999984741211 AB 4.743378836930027 1.0399295888033013
63207.0984 lsst_hardware_g 5.7805780010537156 13.529999732971191 31.40999984741211 AB 5.784049000917494 1.0288240841190848
63209.0793 lsst_hardware_r -3.9230087062439716 22.229999542236328 31.479999542236328 AB 5.559710490635656 1.0352314478420361
63209.0994 lsst_hardware_z 8.333972320638367 40.779998779296875 30.950000762939453 AB 6.299945486306463 1.0280589892798795
63212.0797 lsst_hardware_r -33.8669424003589 22.15999984741211 31.5 AB 14.010259884152534 1.0304313524916442
63212.0984 lsst_hardware_u 0.6662595505091707 2.6600000858306885 28.440000534057617 AB 12.781136039092367 1.028911289574333
63215.1114 lsst_hardware_g 4.0732697483804925 13.489999771118164 31.40999984741211 AB 8.110498873183085 1.0420056738357528
63215.1295 lsst_hardware_r -18.49032726815668 22.360000610351562 31.489999771118164 AB 8.400950842643939 1.066360343641344
63217.0691 lsst_hardware_i -2.2084206230690713 29.950000762939453 31.25 AB 11.227650268306093 1.029351388338848
63217.0875 lsst_hardware_z 55.48873762343444 40.709999084472656 30.950000762939453 AB 9.988217145912317 1.0297131078260122
63219.0469 lsst_hardware_y -63.72879256552903 49.060001373291016 30.049999237060547 AB 4.33189504268653 1.039322227132085
63219.0666 lsst_hardware_r 8.845610791657846 24.270000457763672 31.520000457763672 AB 4.269781329385547 1.0286151118733284
63221.0476 lsst_hardware_y -65.88225158948308 49.5 30.049999237060547 AB 4.520035534230847 1.034490891264479
63221.0677 lsst_hardware_g 20.594864450896967 31.700000762939453 31.65999984741211 AB 4.5645440972632425 1.0280697679605069
63225.0455 lsst_hardware_y 142.81354114304517 92.05000305175781 30.81999969482422 AB 7.38906509005108 1.0299305519747823
63227.0357 lsst_hardware_z -5.8395090492920945 80.05000305175781 31.0 AB 6.5294141385738875 1.031829035804976
63227.0576 lsst_hardware_r -46.85802056184423 88.73999786376953 31.65999984741211 AB 6.509121297688132 1.0289474071591986
