data/validation/pwv_sim_epoch_fit_seasonal/36200858.ecsv
# %ECSV 0.9
# ---
# datatype:
# - {name: time, datatype: float64}
# - {name: band, datatype: string}
# - {name: flux, datatype: float64}
# - {name: fluxerr, datatype: float64}
# - {name: zp, datatype: float64}
# - {name: zpsys, datatype: string}
# - {name: pwv, datatype: float64}
# - {name: airmass, datatype: float64}
# meta: {SNID: '36200858', alt: 1024.0, c: -0.0129036670550704, dec: -12.941632, lat: -30.244573, lon: -70.7499537, ra: 96.503906, t0: 59862.66796875,
#   x0: 1.8241266351830498e-05, x1: -1.111562728881836, z: 0.3570134937763214}
# schema: astropy-2.0
time band flux fluxerr zp zpsys pwv airmass
[from data line 135]
60302.2049 lsst_hardware_y -80.16925205961903 51.380001068115234 30.049999237060547 AB 6.778345497394116 1.0475632795694538
60305.1807 lsst_hardware_z 42.237450909368725 73.44999694824219 30.989999771118164 AB 5.828119016602634 1.0544178657464662
60305.2007 lsst_hardware_r 66.63896811705084 105.33999633789062 31.65999984741211 AB 5.788219306971479 1.047325568209556
60307.1718 lsst_hardware_r -117.45535368891395 82.94000244140625 31.649999618530273 AB 7.447837231587433 1.0571430725080166
60307.1935 lsst_hardware_i 54.15567130252878 67.8499984741211 31.329999923706055 AB 7.369722245310194 1.0473562488893902
60309.1748 lsst_hardware_z -54.80895567658393 50.31999969482422 30.969999313354492 AB 6.871432324950174 1.0512403159106822
60309.1937 lsst_hardware_r 63.97253528673499 55.970001220703125 31.639999389648438 AB 6.850392268178249 1.0476608324493595
60313.1606 lsst_hardware_r -24.77640743739799 22.600000381469727 31.5 AB 2.6527614042418017 1.0532055202945119
60313.1825 lsst_hardware_z -27.1069632885053 41.040000915527344 30.950000762939453 AB 2.718217223470645 1.0476171210703924
60315.1618 lsst_hardware_r -28.867821211775116 22.68000030517578 31.489999771118164 AB 8.316307555301735 1.0496302014537802
60315.1813 lsst_hardware_u 0.2603877351880607 2.640000104904175 28.399999618530273 AB 7.082098524080913 1.0485784015518067
60317.1643 lsst_hardware_g -14.802945595355547 13.84000015258789 31.40999984741211 AB 7.541660246209636 1.0475134319638362
60317.1851 lsst_hardware_r 7.782182784461641 22.649999618530273 31.489999771118164 AB 7.185567225052166 1.0529846461096375
60319.1674 lsst_hardware_i -8.162532790831587 30.43000030517578 31.25 AB 8.00580218457284 1.0478341500684316
60319.1889 lsst_hardware_z 7.2633198871745055 41.310001373291016 30.940000534057617 AB 8.173860682940285 1.0606220609351582
60321.1335 lsst_hardware_z 45.17570589255306 58.72999954223633 31.700000762939453 AB 7.4659635465092755 1.0572024279962215
60321.1541 lsst_hardware_r -23.503731598994207 32.11000061035156 32.25 AB 7.43888696229087 1.0474355058139777
60323.1216 lsst_hardware_u 5.559892773946555 2.630000114440918 28.389999389648438 AB 7.183918106965844 1.0635488709483583
60323.139 lsst_hardware_g 6.739566157840276 13.699999809265137 31.40999984741211 AB 7.679900487630449 1.0500393752955597
60325.1263 lsst_hardware_r 5.752126558772922 22.520000457763672 31.479999542236328 AB 4.587793626212457 1.0542612699071137
60325.1473 lsst_hardware_z -61.73049893582226 40.849998474121094 30.940000534057617 AB 4.6092698733333854 1.0473629706495102
60327.1163 lsst_hardware_r -13.418623928406875 29.8700008392334 31.549999237060547 AB 4.156557775743396 1.0579174791914983
60327.1347 lsst_hardware_y -31.891310122698865 47.209999084472656 30.040000915527344 AB 4.542042082807892 1.0478814356460702
60329.1141 lsst_hardware_z 82.69783835093743 48.0 30.959999084472656 AB 8.102431624716507 1.0552102135464592
60329.1337 lsst_hardware_r 33.45052796320667 47.119998931884766 31.6200008392334 AB 7.769671529592789 1.0473372689347966
60331.1125 lsst_hardware_i 6.408876423162535 60.15999984741211 31.31999969482422 AB 11.683053432015196 1.0525273362175853
60331.1319 lsst_hardware_z 31.996869436562392 57.099998474121094 30.979999542236328 AB 10.769734640153814 1.0474357751559826
60333.1146 lsst_hardware_r 99.19894113654104 96.33000183105469 31.649999618530273 AB 13.62273284185666 1.0488909042641452
60333.1348 lsst_hardware_z 47.82000524639045 69.1500015258789 30.989999771118164 AB 14.818348813122496 1.049507683067366
60337.1003 lsst_hardware_z 43.16190171530379 53.7400016784668 30.969999313354492 AB 12.880025300961766 1.0502517827713191
60337.1195 lsst_hardware_r 71.42209688370446 68.61000061035156 31.639999389648438 AB 12.89059170680679 1.0481007973661915
60339.0768 lsst_hardware_r -20.74628111384057 22.309999465942383 31.489999771118164 AB 11.89343169358799 1.064805314455583
60339.0947 lsst_hardware_u -4.169090456812248 4.739999771118164 28.850000381469727 AB 13.411315903500865 1.0503164661481106
60341.078 lsst_hardware_g 7.721661178026906 13.539999961853027 31.399999618530273 AB 8.576067002777009 1.0579791312422164
60341.0959 lsst_hardware_r 12.32477438088668 22.399999618530273 31.5 AB 8.009344123634598 1.0480005395661889
60349.0635 lsst_hardware_r -16.055991528638025 22.229999542236328 31.479999542236328 AB 6.3326504920095426 1.052430627705639
60349.0812 lsst_hardware_u -2.564429550264218 2.630000114440918 28.40999984741211 AB 6.239029001759761 1.04732948200484
60353.056 lsst_hardware_z 1.9893323203350686 41.060001373291016 30.950000762939453 AB 2.613568589619977 1.0505400641602374
60353.0733 lsst_hardware_r 28.016689278232413 22.15999984741211 31.489999771118164 AB 2.614570905127925 1.0476092978575224
60357.0303 lsst_hardware_z -18.95942655463783 47.13999938964844 30.959999084472656 AB 1.5148576429260774 1.0618781304464588
60357.0477 lsst_hardware_r 9.969754458885271 37.2400016784668 31.600000381469727 AB 1.2198236738393058 1.0493859119701534
60360.0282 lsst_hardware_y -44.531660587374624 54.189998626708984 30.049999237060547 AB 3.907923139672483 1.0561954431547251
60360.0451 lsst_hardware_z -14.458426494123186 54.38999938964844 30.979999542236328 AB 3.498171582649583 1.047775034739292
60364.0256 lsst_hardware_y 88.41845435394976 55.150001525878906 30.049999237060547 AB 7.856482897911227 1.0507182316909596
60364.0431 lsst_hardware_i -69.74045868048118 67.30999755859375 31.329999923706055 AB 8.300441519900836 1.0475836206898332
60366.0247 lsst_hardware_y -40.35025980593988 51.529998779296875 30.049999237060547 AB 7.410049551420433 1.048814543382383
60366.0428 lsst_hardware_r 18.637554911966 61.40999984741211 31.639999389648438 AB 6.705721485824812 1.04880686395258
60368.0126 lsst_hardware_y -61.71843004678452 65.93000030517578 30.059999465942383 AB 5.259206406560893 1.0518412813121787
60368.03 lsst_hardware_g 19.754712856787407 13.710000038146973 31.40999984741211 AB 5.236802853754192 1.0473605707508384
60370.0111 lsst_hardware_z 81.94480238206822 57.970001220703125 30.979999542236328 AB 2.5282722263064366 1.0498379430318434
60370.0302 lsst_hardware_i -8.841192883252868 30.1200008392334 31.25 AB 2.5429163150701646 1.0483010677399422
60371.0107 lsst_hardware_y 46.35395077214081 63.93000030517578 30.059999465942383 AB 5.588707218281817 1.0489315349628037
60371.0294 lsst_hardware_r 12.108951188068252 22.399999618530273 31.489999771118164 AB 5.569612635339488 1.0488912684255156
