data/validation/pwv_sim_epoch_fit_seasonal/3627511.ecsv
# %ECSV 0.9
# ---
# datatype:
# - {name: time, datatype: float64}
# - {name: band, datatype: string}
# - {name: flux, datatype: float64}
# - {name: fluxerr, datatype: float64}
# - {name: zp, datatype: float64}
# - {name: zpsys, datatype: string}
# - {name: pwv, datatype: float64}
# - {name: airmass, datatype: float64}
# meta: {SNID: '3627511', alt: 1024.0, c: -0.015668226405978203, dec: 0.0, lat: -30.244573, lon: -70.7499537, ra: 268.417969, t0: 61536.140625,
#   x0: 0.00019475396246272728, x1: -1.108927845954895, z: 0.12444110959768295}
# schema: astropy-2.0
time band flux fluxerr zp zpsys pwv airmass
61497.3892 lsst_hardware_r -52.73265407834203 24.969999313354492 31.5 AB 12.271500202633163 1.171596805088694
61497.4087 lsst_hardware_y 193.26934530249946 53.36000061035156 30.020000457763672 AB 12.161329253065231 1.158083966486393
61499.3942 lsst_hardware_z -87.58824051099292 43.08000183105469 30.93000030517578 AB 9.497472605594998 1.1621257394426245
61499.4117 lsst_hardware_y -33.15903037248463 55.0099983215332 30.010000228881836 AB 9.459508517922558 1.157716493779405
61501.3915 lsst_hardware_u -2.507151210683026 2.700000047683716 28.3700008392334 AB 22.510112050905867 1.1604895263930162
61501.4118 lsst_hardware_y -39.3076860910892 54.060001373291016 30.020000457763672 AB 22.46304745013134 1.1592684138841152
61503.3886 lsst_hardware_r -4.3599133608449945 23.690000534057617 31.489999771118164 AB 9.844298019824926 1.1592892663189032
61503.4067 lsst_hardware_y -130.4074056263069 49.849998474121094 30.010000228881836 AB 9.736799107894077 1.159418803035732
61505.3918 lsst_hardware_u -6.838955534407451 2.6500000953674316 28.34000015258789 AB 5.075802189399643 1.1574715670485476
61505.4088 lsst_hardware_z 46.69278742290579 44.47999954223633 30.940000534057617 AB 5.10977210568367 1.163957199472362
61511.3615 lsst_hardware_g 21.615838850413784 14.34000015258789 31.40999984741211 AB 19.920229621936603 1.1620884461584495
61511.3798 lsst_hardware_r -34.31696632350513 23.610000610351562 31.489999771118164 AB 18.65033081981489 1.1578662622886784
61513.3113 lsst_hardware_i 82.04576895779407 50.38999938964844 31.280000686645508 AB 16.010042680939936 1.2419871752901275
61513.3273 lsst_hardware_z -67.28589344023018 50.939998626708984 30.950000762939453 AB 15.46906165694552 1.2010607288284159
61518.3609 lsst_hardware_z -398.404899099639 72.58591097160888 30.979999542236328 AB 6.510059170790401 1.1579099418898842
61518.3798 lsst_hardware_r 746.3227495852143 99.19570543461185 31.6200008392334 AB 6.652679738251189 1.1700105061996464
61520.3287 lsst_hardware_r 3753.698079829938 108.57763904046028 31.6299991607666 AB 14.960802734760238 1.1690791053763738
61520.3461 lsst_hardware_i 3053.7722463614996 97.21690589599125 31.309999465942383 AB 18.0655040197004 1.1580451294679743
61522.3374 lsst_hardware_z 6442.196814218102 108.1076345111591 31.709999084472656 AB 2.612839866077126 1.1590299568580007
61524.3311 lsst_hardware_g 14245.02952679693 123.50303577690958 31.59000015258789 AB 13.917979252434174 1.1593646380569638
61524.3512 lsst_hardware_r 14625.231333910337 124.48417405932355 31.549999237060547 AB 13.29757864673428 1.1602796794893502
61526.3249 lsst_hardware_i 17676.55085191142 135.89001560498724 31.239999771118164 AB 11.40145894571065 1.1596866140172557
61526.3438 lsst_hardware_z 9156.03464044534 103.06258122064622 30.940000534057617 AB 10.318481265635441 1.1593799174871282
61530.324 lsst_hardware_g 35839.11183378206 190.19162187995627 31.389999389648438 AB 9.661764587457128 1.1574787609640453
61530.3433 lsst_hardware_r 36542.51009657974 192.13393779280835 31.469999313354492 AB 7.809538023678627 1.166284473313299
61533.3312 lsst_hardware_u 1284.150402897702 35.99155596876067 28.350000381469727 AB 11.210817344557928 1.1630986740560683
61533.3507 lsst_hardware_g 42724.81028367475 207.27141675283633 31.3799991607666 AB 12.330479605987742 1.1863835413073516
61535.2913 lsst_hardware_g 45379.29444635641 213.19531155068813 31.399999618530273 AB 8.276284409815393 1.1656738605373793
61535.3108 lsst_hardware_r 47342.796660068096 217.78027560607237 31.479999542236328 AB 7.870935271746901 1.1574904811392501
61539.1745 lsst_hardware_i 58753.32131157624 247.07129512893928 31.940000534057617 AB 9.697816668541005 1.6374071367415024
61539.1996 lsst_hardware_u 1824.673809382885 42.77344282282831 29.25 AB 8.455096977972017 1.4299367731049848
61541.2871 lsst_hardware_z 13814.333704600784 124.14376824356404 30.950000762939453 AB 5.702709300017594 1.158498588119369
61541.3117 lsst_hardware_r 48497.72020998577 222.76514736229936 31.549999237060547 AB 4.40049822303681 1.1649234210554575
61543.2707 lsst_hardware_i 28181.75771924617 177.87235762574045 31.309999465942383 AB 9.251794940678257 1.1646267548688414
61543.291 lsst_hardware_r 47994.77156668239 232.1673820818813 31.6200008392334 AB 9.184232169527865 1.157652003469826
61547.232 lsst_hardware_z 18898.033055910615 185.29826211578606 31.729999542236328 AB 5.736989589167908 1.206432690838618
61551.2353 lsst_hardware_z 8962.4450274556 105.9289244166755 30.959999084472656 AB 7.1125856588955525 1.1801367187028657
61551.2543 lsst_hardware_r 30749.268638139616 184.30537785332064 31.610000610351562 AB 6.548552576389266 1.1608850516556046
61553.2486 lsst_hardware_i 17542.695621784787 135.71307372317705 31.260000228881836 AB 8.13672818062767 1.1610213934473643
61553.2702 lsst_hardware_z 9184.096826988842 103.82373948454122 30.950000762939453 AB 8.909331081111924 1.1594401146659048
61562.2031 lsst_hardware_z 10587.159158090579 110.41900614579153 30.940000534057617 AB 6.504718450181495 1.1834650585568856
61562.2244 lsst_hardware_u 59.664743519901606 7.773536425113921 28.360000610351562 AB 7.402140589955019 1.160816611075016
61571.1843 lsst_hardware_z 7630.846786656678 100.98493431174225 30.959999084472656 AB 14.083998801145155 1.1751436570532534
61571.2052 lsst_hardware_r 10761.390509984787 123.39614443022903 31.610000610351562 AB 13.892183713292235 1.158510633018804
61573.1876 lsst_hardware_i 8799.779575561623 127.50361513981626 31.31999969482422 AB 5.986770525138941 1.1656484667326834
61573.207 lsst_hardware_z 6767.852243607894 110.30470064383199 30.979999542236328 AB 5.9549845357273155 1.1575063889582704
61577.1664 lsst_hardware_z 20623.4509161287 206.23871667466122 32.47999954223633 AB 3.5440784060210975 1.1771739612559005
61579.1471 lsst_hardware_r 7976.828467023256 110.48517276080541 31.610000610351562 AB 4.132696744070183 1.2011034640907312
61579.167 lsst_hardware_i 6152.247501229989 96.85450869612171 31.290000915527344 AB 3.5993484799683517 1.169759012014414
61584.0092 lsst_hardware_i 4036.612588960165 73.2801978988429 31.040000915527344 AB 16.782912294793956 2.3388102141159006
61584.0381 lsst_hardware_z 3632.224210577797 76.50657918994477 30.8700008392334 AB 12.896928060718269 1.7971681673183444
61586.1402 lsst_hardware_i 4559.972672028204 74.79258243055293 31.239999771118164 AB 3.78524036627827 1.1794781853324636
61586.1615 lsst_hardware_u 8.993242414515313 3.338861810348055 28.389999389648438 AB 3.73088578229087 1.159530428828306
61595.1379 lsst_hardware_z 13.00552502059894 60.68000030517578 31.690000534057617 AB 3.6709794796762933 1.159134663617358
61597.0747 lsst_hardware_g 11.331478752217691 31.600000381469727 31.559999465942383 AB 8.36274400140269 1.265867702921886
61597.0909 lsst_hardware_r 11.104402529157234 35.13999938964844 31.540000915527344 AB 8.956955750992348 1.2172946873835224
61599.137 lsst_hardware_i -6.900302150178612 51.119998931884766 31.290000915527344 AB 7.550431048922743 1.1575681289231514
61599.1607 lsst_hardware_z 10.725834667680937 53.220001220703125 30.950000762939453 AB 7.6368854390443754 1.1723803253061675
61606.0887 lsst_hardware_z 42.98278757036302 70.51000213623047 30.979999542236328 AB 3.7842617480947762 1.17520615349337
61606.1089 lsst_hardware_i -42.64259935270908 79.4000015258789 31.31999969482422 AB 3.7404869920006103 1.1587630086742535
61616.1056 lsst_hardware_z 70.72532823069466 74.62000274658203 32.130001068115234 AB 6.052251472568484 1.1638945139554777
61616.1278 lsst_hardware_u 0.6376093708771424 4.679999828338623 29.579999923706055 AB 6.589407237273082 1.1930307766755228
61618.0986 lsst_hardware_g 6.496920824561194 14.029999732971191 31.3799991607666 AB 4.657452763593887 1.162764389862411
61618.1179 lsst_hardware_r 3.448882488648444 23.3799991607666 31.469999313354492 AB 4.780790222565983 1.185221937666139
61623.0546 lsst_hardware_z 62.26042039053115 43.02000045776367 30.940000534057617 AB 2.007723999833022 1.162886765035055
61623.0737 lsst_hardware_i -12.513636220186795 31.6299991607666 31.229999542236328 AB 2.012545134889229 1.1578550972610389
61625.0612 lsst_hardware_z 75.75163666276403 43.900001525878906 30.940000534057617 AB 3.881557397859442 1.1577522562714582
61625.0816 lsst_hardware_g -23.582459485268522 21.719999313354492 31.540000915527344 AB 3.795772739049451 1.1643474659663848
61628.056 lsst_hardware_r -20.133348352834343 60.209999084472656 31.610000610351562 AB 9.361823029483263 1.1575192815731363
61628.0775 lsst_hardware_i 27.55567993713896 53.75 31.299999237060547 AB 9.459730265987332 1.168012133101288
61630.0599 lsst_hardware_z 172.44976040932923 101.94999694824219 31.729999542236328 AB 2.934848473291802 1.1594463104362673
61649.9819 lsst_hardware_y 23.43897657601217 51.880001068115234 30.010000228881836 AB 2.7334774065967102 1.1621927749135674
61649.9994 lsst_hardware_z 57.52081275476263 43.040000915527344 30.940000534057617 AB 2.735416980723259 1.1577667807801604
61651.9804 lsst_hardware_y -46.17421610343583 56.54999923706055 30.020000457763672 AB 1.449359366708074 1.1599514739560415
61651.9985 lsst_hardware_u 1.421043866578989 2.799999952316284 28.3799991607666 AB 1.4631500902988879 1.1589307645931786
61653.9821 lsst_hardware_y -15.857902843764885 54.150001525878906 30.010000228881836 AB 0.7812852695751167 1.1577455217215857
61654.0015 lsst_hardware_r 30.063074722948286 28.06999969482422 31.520000457763672 AB 1.007909538542575 1.1636438774784394
61655.9913 lsst_hardware_z -67.69076789400138 73.33999633789062 31.709999084472656 AB 2.8902656383093546 1.1605938850125048
61869.3353 lsst_hardware_z -52.056396171608185 58.33000183105469 30.959999084472656 AB 8.936961283884134 1.2459023363570942
61869.3535 lsst_hardware_y -48.72185753935667 52.779998779296875 30.0 AB 8.620376869690089 1.1991343337616334
61873.2888 lsst_hardware_r -146.6331312313012 97.72000122070312 31.56999969482422 AB 16.710905416882003 1.405498226769632
61875.3714 lsst_hardware_z 86.01905433852671 90.0999984741211 31.719999313354492 AB 11.375117620287076 1.1588343133951606
61877.3639 lsst_hardware_g -11.392077012738323 40.33000183105469 31.649999618530273 AB 17.077810343230034 1.1596521283316004
61877.3838 lsst_hardware_r 68.30260463167647 44.18000030517578 31.600000381469727 AB 16.980388979246804 1.1598626351944539
61879.3373 lsst_hardware_i 13.363980613155352 33.7400016784668 31.239999771118164 AB 12.876877110605193 1.1797053481895676
61879.3549 lsst_hardware_z 73.05003855148473 43.790000915527344 30.940000534057617 AB 12.729975637066055 1.1615294537911178
61881.3062 lsst_hardware_i -72.28535380272821 32.470001220703125 31.229999542236328 AB 11.066166395758854 1.2348909355010578
61881.3234 lsst_hardware_u 0.46454137144271385 2.7300000190734863 28.3799991607666 AB 10.705289940266416 1.193887410741508
61887.2353 lsst_hardware_g -9.350875923269669 19.809999465942383 32.0099983215332 AB 4.264524777308154 1.5126451280688673
61887.2543 lsst_hardware_r 6.931152482740814 24.0 31.420000076293945 AB 3.715157158535053 1.3835423735350723
61892.2685 lsst_hardware_i 93.3994109104701 32.52000045776367 31.229999542236328 AB 10.0377737721022 1.2589707477865546
61892.2855 lsst_hardware_u -2.549291568690632 2.700000047683716 28.3700008392334 AB 9.605051100575352 1.2105427059771063
61893.2854 lsst_hardware_g -20.572851270782166 14.220000267028809 31.389999389648438 AB 15.260623756809563 1.2045958867133792
61893.3027 lsst_hardware_r -7.469055442639964 23.440000534057617 31.479999542236328 AB 14.67336426831262 1.1747384479164678
61896.3373 lsst_hardware_z 2.3563119481016885 43.11000061035156 30.940000534057617 AB 3.556257203547567 1.163062423486613
61896.3558 lsst_hardware_g -1.647961403470761 14.239999771118164 31.399999618530273 AB 3.6631071479617616 1.184640914556706
61898.2965 lsst_hardware_z 72.07050650109404 60.209999084472656 30.969999313354492 AB 11.251555852542477 1.1665385399593042
61898.3149 lsst_hardware_r -32.84310013546382 80.02999877929688 31.6200008392334 AB 11.190705634804951 1.1575294804690803
61900.293 lsst_hardware_i 93.87011697209635 90.69000244140625 31.31999969482422 AB 7.92081548601628 1.1648258067671
61900.3117 lsst_hardware_z -149.68884885324368 77.63999938964844 30.979999542236328 AB 7.871026561375631 1.1575039060846517
61909.2736 lsst_hardware_g -9.551334045688382 16.040000915527344 31.440000534057617 AB 8.808994138506423 1.1611789933770207
61909.2951 lsst_hardware_r 0.2196293973918048 25.479999542236328 31.5 AB 8.548597034144894 1.1592889929678458
61911.2725 lsst_hardware_i 16.175199603494374 31.719999313354492 31.239999771118164 AB 6.841623786123674 1.1590733769127526
61911.2934 lsst_hardware_r -2.4729792602421896 23.59000015258789 31.489999771118164 AB 7.816281607718293 1.1611500568548307
61925.1681 lsst_hardware_z -74.72571303716809 74.87000274658203 31.690000534057617 AB 14.863202583956998 1.297737387094416
61925.1968 lsst_hardware_r 154.23417009653406 76.22000122070312 32.349998474121094 AB 13.848125187923726 1.2073519104831856
61927.2125 lsst_hardware_r 17.282339363611776 91.12000274658203 31.6299991607666 AB 7.497948476447843 1.1715544494449754
61927.2369 lsst_hardware_i -58.22639409803114 73.18000030517578 31.309999465942383 AB 7.380990569549159 1.1574998279481168
61943.1667 lsst_hardware_i 48.84983849813376 32.119998931884766 31.229999542236328 AB 2.4656355776469034 1.1741121798318588
61943.1876 lsst_hardware_z -80.15149567719652 43.290000915527344 30.940000534057617 AB 2.4324024936693127 1.1582869017472917
61957.1417 lsst_hardware_z 89.77545743472466 99.0199966430664 30.989999771118164 AB 5.578546458897364 1.1617131317987013
61957.1624 lsst_hardware_r -76.87345586543849 133.39999389648438 31.6299991607666 AB 5.624736870604462 1.1587042925093307
61959.1341 lsst_hardware_z -80.77235494019804 121.3499984741211 31.729999542236328 AB 1.9694171757855543 1.1631561231138228
61959.1557 lsst_hardware_r -502.0934748619095 182.13999938964844 32.380001068115234 AB 1.9533302806910713 1.158329875879303
61961.1305 lsst_hardware_i -94.11867712247768 70.62000274658203 31.309999465942383 AB 10.473469311612492 1.1618899116146006
61961.1537 lsst_hardware_z 68.61545456805085 64.61000061035156 30.969999313354492 AB 10.481030602801335 1.159555687806465
61963.1279 lsst_hardware_r 51.43875545310825 52.939998626708984 31.600000381469727 AB 6.222855372644089 1.160258925912509
61963.1489 lsst_hardware_z -87.77889719976493 51.15999984741211 30.950000762939453 AB 6.274032886603151 1.1598532573212628
61967.1488 lsst_hardware_i 106.93394385637147 44.91999816894531 31.979999542236328 AB 3.3020487735718396 1.1676268647708061
61967.1701 lsst_hardware_z 10.298015459306894 61.380001068115234 31.68000030517578 AB 3.649407392314708 1.1996736989857686
61975.1141 lsst_hardware_z 16.061700973421217 42.689998626708984 30.940000534057617 AB 6.854761886989893 1.1590083785701222
61975.1344 lsst_hardware_r 1.2548170076979477 23.440000534057617 31.469999313354492 AB 7.292608809880775 1.176227227400125
61982.1043 lsst_hardware_r 75.47186222494992 51.34000015258789 31.600000381469727 AB 4.507119646871799 1.164479950102519
61982.1243 lsst_hardware_z 14.300653035267995 51.439998626708984 30.950000762939453 AB 4.604052901211075 1.1903441809482678
61988.0797 lsst_hardware_r 144.11021604953197 111.62999725341797 31.6299991607666 AB 1.9791753843562554 1.1594466223529558
61989.0563 lsst_hardware_z -47.083187371489416 95.81999969482422 31.719999313354492 AB 2.6472889338439485 1.1605826101902448
61989.0769 lsst_hardware_r 40.64842594381358 96.8499984741211 31.6299991607666 AB 2.609849034290027 1.1594176074144942
61991.0455 lsst_hardware_u -4.886699311825212 8.3100004196167 29.06999969482422 AB 4.49823573578532 1.164089472275692
61991.0638 lsst_hardware_r -55.356764718290044 58.119998931884766 31.610000610351562 AB 4.518386748052497 1.1575713274259172
61993.0421 lsst_hardware_i 19.621327468770794 31.56999969482422 31.239999771118164 AB 9.401477038944662 1.1625779254885662
61993.0601 lsst_hardware_z 124.90766234234226 42.72999954223633 30.940000534057617 AB 9.356238355522306 1.157759242145146
61996.0487 lsst_hardware_r 1.4368833569748956 23.440000534057617 31.489999771118164 AB 3.8861032173864034 1.1575257181879226
61996.0677 lsst_hardware_u -0.09688797641905493 2.680000066757202 28.3799991607666 AB 3.8773508537841437 1.1658575821345993
62000.0187 lsst_hardware_u -2.211232904293848 2.680000066757202 28.3700008392334 AB 2.753100016137804 1.1659502450557135
62000.0391 lsst_hardware_g -3.7390498307990154 14.25 31.40999984741211 AB 2.687290133883761 1.157566286402654
62004.0161 lsst_hardware_r 47.418637221497455 23.43000030517578 31.479999542236328 AB 3.4838756418283805 1.16019613981075
62004.0372 lsst_hardware_i -22.792965907171563 31.579999923706055 31.229999542236328 AB 3.487297679955246 1.159983705495782
62009.9907 lsst_hardware_z -108.7978795290807 47.75 30.950000762939453 AB 4.682652541166941 1.1665801049244997
62010.0012 lsst_hardware_r -41.24505621131973 40.119998931884766 31.579999923706055 AB 4.104866238396041 1.1595121430429944
62011.9809 lsst_hardware_y -57.74864639384602 57.380001068115234 30.010000228881836 AB 6.6267528724004245 1.1710285312089341
62011.9983 lsst_hardware_z 45.75633432718498 62.400001525878906 30.969999313354492 AB 6.781391526628322 1.1585685775645393
62013.9816 lsst_hardware_y 59.64804235364053 61.290000915527344 30.020000457763672 AB 5.222029708666218 1.1649815300984312
62013.9989 lsst_hardware_i 64.70293121233209 68.54000091552734 31.309999465942383 AB 4.522892383793673 1.1575394259837075
62018.9817 lsst_hardware_y -46.336654908305405 56.900001525878906 30.020000457763672 AB 0.7515009196754467 1.1579367021193323
62018.9998 lsst_hardware_r 33.71850730852313 60.56999969482422 31.610000610351562 AB 0.7641930179189755 1.1619762056548033
62021.9827 lsst_hardware_y -72.35888491708045 55.81999969482422 30.010000228881836 AB 3.349323141543033 1.1581004955630714
62022.0014 lsst_hardware_g 27.424295161697167 14.430000305175781 31.389999389648438 AB 3.0746055927359484 1.1705351241380513
