data/validation/pwv_sim_epoch_fit_seasonal/36347145.ecsv
# %ECSV 0.9
# ---
# datatype:
# - {name: time, datatype: float64}
# - {name: band, datatype: string}
# - {name: flux, datatype: float64}
# - {name: fluxerr, datatype: float64}
# - {name: zp, datatype: float64}
# - {name: zpsys, datatype: string}
# - {name: pwv, datatype: float64}
# - {name: airmass, datatype: float64}
# meta: {SNID: '36347145', alt: 1024.0, c: -0.054960060864686966, dec: 1.193748, lat: -30.244573, lon: -70.7499537, ra: 175.605469, t0: 61776.31640625,
#   x0: 1.0420245676772336e-05, x1: -1.6390297412872314, z: 0.4523018002510071}
# schema: astropy-2.0
time band flux fluxerr zp zpsys pwv airmass
[from data line 132]
62201.2534 lsst_hardware_z -32.19850070260866 48.15999984741211 30.950000762939453 AB 9.207768556219625 1.1839109245211579
62203.2331 lsst_hardware_r 15.566839584711923 28.229999542236328 31.520000457763672 AB 12.629649003500859 1.1720617448553465
62203.252 lsst_hardware_y -1.6849054716721534 49.11000061035156 30.0 AB 11.771446968854269 1.189035047359017
62205.2301 lsst_hardware_g 7.745375917243669 15.850000381469727 31.43000030517578 AB 11.828753872158524 1.1732934903777672
62205.2491 lsst_hardware_r 36.274026510580065 25.3700008392334 31.5 AB 12.03688686857563 1.1926960053416642
62207.2352 lsst_hardware_i 16.43313620489639 32.970001220703125 31.239999771118164 AB 8.745922413047944 1.181881407168641
62207.254 lsst_hardware_z 57.51369534983709 44.27000045776367 30.940000534057617 AB 9.666510946600956 1.2110260621100535
62209.2337 lsst_hardware_r -29.13790749993214 25.280000686645508 31.489999771118164 AB 13.243524388760092 1.186509677134866
62209.2527 lsst_hardware_u 3.1179631130276637 2.7200000286102295 28.31999969482422 AB 13.287146288492986 1.2200396013583046
62210.2299 lsst_hardware_g -0.9701285888591981 15.890000343322754 31.420000076293945 AB 10.950493874287204 1.1851825179162314
62210.2491 lsst_hardware_i -41.68832773726443 33.529998779296875 31.229999542236328 AB 11.27084241110189 1.2180743986925202
62212.1992 lsst_hardware_r 8.237881402435121 25.43000030517578 31.5 AB 10.001413206929902 1.1699839976911564
62212.2178 lsst_hardware_z -20.912449562149327 44.279998779296875 30.940000534057617 AB 9.685217136215035 1.1782144261080911
62217.1957 lsst_hardware_g -7.231493889067524 16.049999237060547 31.450000762939453 AB 5.596451303559581 1.1724409155501916
62217.2148 lsst_hardware_r 12.760636138520159 25.559999465942383 31.5 AB 6.907633239645223 1.1904581197148165
62219.1939 lsst_hardware_i -65.47474405264855 36.439998626708984 31.260000228881836 AB 7.024816423315767 1.1745220570666874
62219.2128 lsst_hardware_z 24.240616110961657 44.650001525878906 30.940000534057617 AB 7.117221049915718 1.195669223001391
62221.1812 lsst_hardware_r 22.900206524370045 62.81999969482422 31.6200008392334 AB 8.617730645655282 1.1710199042901608
62221.1993 lsst_hardware_z -10.782856975881334 55.91999816894531 30.959999084472656 AB 8.727213035857337 1.1845019615704306
62223.1743 lsst_hardware_z 42.452203439709734 89.29000091552734 30.989999771118164 AB 8.386705597120876 1.1706191221031326
62223.1929 lsst_hardware_i -158.11940763714256 105.23999786376953 31.31999969482422 AB 8.481896900884758 1.1834104131082646
62225.1766 lsst_hardware_z -123.74734241883422 106.0999984741211 30.989999771118164 AB 7.974380348270261 1.1739402333248705
62225.1942 lsst_hardware_r 157.92528120593806 160.17999267578125 31.6299991607666 AB 8.076954746722123 1.1922584318727762
62227.1824 lsst_hardware_y 14.12603352724666 79.29000091552734 30.760000228881836 AB 6.393330069703556 1.1838952029449668
62229.1686 lsst_hardware_r 13.957839667995595 50.310001373291016 31.600000381469727 AB 7.3135160951785245 1.175932483949811
62229.1867 lsst_hardware_i -74.14831795458278 46.43000030517578 31.280000686645508 AB 7.672803011016669 1.1976279413657651
62231.1722 lsst_hardware_z -94.33769613570885 45.29999923706055 30.940000534057617 AB 8.762568067272323 1.184744538919574
62231.1908 lsst_hardware_r 84.36545735844504 33.83000183105469 31.540000915527344 AB 8.992448675409985 1.215948888443516
62233.1719 lsst_hardware_u 2.588375138937543 2.7200000286102295 28.329999923706055 AB 12.216148553812216 1.1915868663492482
62233.1906 lsst_hardware_r 17.821899469629376 25.1299991607666 31.469999313354492 AB 12.384384838524824 1.2282136055860073
62235.1352 lsst_hardware_g 25.59520543120319 15.569999694824219 31.43000030517578 AB 8.01867740490002 1.1700120237688802
62235.1569 lsst_hardware_i 18.66678932149343 32.68000030517578 31.239999771118164 AB 8.066373452525706 1.1799844137691202
62243.1325 lsst_hardware_r 7.006355716889231 24.959999084472656 31.5 AB 17.305047307235935 1.1776413647061927
62243.1512 lsst_hardware_i -2.583205086430304 33.02000045776367 31.239999771118164 AB 17.577922134247412 1.2023476687280203
62245.1254 lsst_hardware_z -74.1071618984828 43.90999984741211 30.940000534057617 AB 11.1737234970667 1.1763052423483207
62245.1433 lsst_hardware_r 35.62204849546141 24.979999542236328 31.5 AB 11.29036212521915 1.198107086031639
62247.1273 lsst_hardware_z 103.08202687037777 44.959999084472656 30.940000534057617 AB 8.665540124946048 1.1833319848349102
62247.1441 lsst_hardware_r 33.685452720419214 27.079999923706055 31.5 AB 8.763816871025153 1.2096365591477092
62249.1204 lsst_hardware_i -15.299781964796795 49.880001068115234 31.290000915527344 AB 5.489817636275699 1.1817495719030673
62249.1377 lsst_hardware_z 33.663620821277995 53.40999984741211 30.950000762939453 AB 6.5530690056773375 1.2077720141321178
62251.1254 lsst_hardware_r 44.12169113713359 108.13999938964844 31.6200008392334 AB 16.760921389000053 1.1956287326746837
62251.1416 lsst_hardware_z -93.61188479502054 82.55999755859375 30.969999313354492 AB 17.335536241599037 1.2285847964185896
62253.1225 lsst_hardware_y -44.63104792713423 67.62999725341797 30.010000228881836 AB 5.281891276228701 1.1998844334912997
62253.14 lsst_hardware_r -140.90445875588478 136.35000610351562 31.610000610351562 AB 5.691653811433972 1.2386624181575565
62255.1194 lsst_hardware_i 96.04667681550971 80.26000213623047 31.299999237060547 AB 10.603447043025966 1.2041161756786243
62255.1367 lsst_hardware_z -95.67491675816176 71.45999908447266 30.959999084472656 AB 10.371481971252539 1.2447023067809828
62258.0863 lsst_hardware_z -11.845822594132084 69.12999725341797 31.700000762939453 AB 10.50963383442839 1.1738235853791947
62258.1062 lsst_hardware_r -86.65550543283759 70.31999969482422 32.34000015258789 AB 10.63738602880631 1.1954917569250827
62260.0885 lsst_hardware_u -0.2164572655987227 2.809999942779541 28.420000076293945 AB 13.956470739019537 1.1798521209755293
62260.1078 lsst_hardware_r 12.831273685984598 24.969999313354492 31.479999542236328 AB 14.187818938625455 1.20803941748269
62262.0841 lsst_hardware_i 38.758989308139 32.720001220703125 31.239999771118164 AB 4.173539916518784 1.1809120254238483
62262.101 lsst_hardware_z -29.391941433976292 44.150001525878906 30.940000534057617 AB 4.29041347103968 1.2054544990043587
62263.0832 lsst_hardware_r 28.137298212807565 24.950000762939453 31.489999771118164 AB 7.437889622479174 1.182870487035492
62265.0739 lsst_hardware_g 5.110649956227642 15.420000076293945 31.420000076293945 AB 10.524914247378485 1.1789538773107107
62265.0933 lsst_hardware_r 7.11400240338015 24.889999389648438 31.489999771118164 AB 10.45782068385019 1.206393218932249
62267.0783 lsst_hardware_i -35.673410626653485 33.0099983215332 31.239999771118164 AB 9.075035432578357 1.1904938528662508
62267.0945 lsst_hardware_z -25.554684225086987 44.66999816894531 30.940000534057617 AB 9.477794364643989 1.2204216282055098
62269.036 lsst_hardware_r -7.38498606873836 24.90999984741211 31.489999771118164 AB 8.301622823112817 1.1713048074938632
62269.0549 lsst_hardware_g 10.460511281722182 15.5 31.420000076293945 AB 8.62141341972333 1.173047916964412
62271.0367 lsst_hardware_r -4.016945936935255 24.829999923706055 31.489999771118164 AB 6.872942147778864 1.1700284547218844
62271.0574 lsst_hardware_i -20.37462371756731 32.650001525878906 31.239999771118164 AB 7.662507430239792 1.178847296959968
62276.0027 lsst_hardware_i 16.801804520479443 36.18000030517578 31.25 AB 8.256788634024916 1.181101975328109
62276.0229 lsst_hardware_z -49.54012044192698 45.2400016784668 30.940000534057617 AB 8.170185120457727 1.1700386835035053
62278.0003 lsst_hardware_r -60.73082319753396 63.709999084472656 31.610000610351562 AB 5.456391138264214 1.178168127020679
62278.0209 lsst_hardware_z -40.03696070736632 58.2400016784668 30.959999084472656 AB 5.389682910081266 1.1700804146715795
62280.9958 lsst_hardware_y -42.8979277691824 58.099998474121094 30.010000228881836 AB 5.612239336855491 1.1752355299235588
62281.0185 lsst_hardware_r 7.924587600338973 94.19999694824219 31.6200008392334 AB 5.534127772887967 1.1714092512992238
62283.996 lsst_hardware_i -96.38782549475523 67.94999694824219 31.299999237060547 AB 7.5347452550725755 1.1709915696748114
62284.0164 lsst_hardware_z 26.371840664157062 62.310001373291016 30.969999313354492 AB 8.241583378931717 1.1745166565386516
62286.999 lsst_hardware_r -19.05510147951431 25.520000457763672 31.5 AB 10.630960172582052 1.1704990601894327
62287.0208 lsst_hardware_i -49.23174322019433 33.290000915527344 31.239999771118164 AB 10.543352883721033 1.1866129691028426
62289.9611 lsst_hardware_y -59.61993276022061 73.44000244140625 30.760000228881836 AB 10.894298504671186 1.1848712278722398
62289.9829 lsst_hardware_z -44.794461829733464 44.33000183105469 30.940000534057617 AB 10.72835184567933 1.17023799356572
62302.96 lsst_hardware_y 133.90502778831058 51.93000030517578 30.010000228881836 AB 10.667970240498862 1.1720468293231006
62302.9837 lsst_hardware_r -37.78502983693658 27.360000610351562 31.510000228881836 AB 10.955385163001147 1.1961006810602557
