data/validation/pwv_sim_epoch_fit_seasonal/3639874.ecsv
# %ECSV 0.9
# ---
# datatype:
# - {name: time, datatype: float64}
# - {name: band, datatype: string}
# - {name: flux, datatype: float64}
# - {name: fluxerr, datatype: float64}
# - {name: zp, datatype: float64}
# - {name: zpsys, datatype: string}
# - {name: pwv, datatype: float64}
# - {name: airmass, datatype: float64}
# meta: {SNID: '3639874', alt: 1024.0, c: 0.0008723249775357544, dec: -64.386185, lat: -30.244573, lon: -70.7499537, ra: 314.352509, t0: 60935.1484375,
#   x0: 1.6942738091365233e-05, x1: 0.37478840351104736, z: 0.36836251616477966}
# schema: astropy-2.0
time band flux fluxerr zp zpsys pwv airmass
[from data line 132]
61268.2371 lsst_hardware_i 26.07112650730157 31.809999465942383 31.219999313354492 AB 5.580378106774471 1.2571958562150312
61268.2482 lsst_hardware_z -78.07791802527323 43.91999816894531 30.93000030517578 AB 5.66725049141825 1.2758330687569226
61274.1317 lsst_hardware_i 36.53411476095347 48.099998474121094 31.280000686645508 AB 2.454636913187816 1.2118671504259766
61274.1432 lsst_hardware_z -6.420791377142528 51.58000183105469 30.950000762939453 AB 2.4322821064258706 1.2078871576357577
61276.134 lsst_hardware_r 74.71880925456236 75.76000213623047 31.610000610351562 AB 3.3301235422149578 1.2088659741228633
61276.1445 lsst_hardware_z -73.2987945481192 60.529998779296875 30.959999084472656 AB 3.339474671110023 1.2068936288796612
61280.1343 lsst_hardware_z 30.10051696986045 69.23999786376953 30.969999313354492 AB 4.706715392407812 1.2068501006173877
61280.1442 lsst_hardware_i -79.24875569355027 78.27999877929688 31.309999465942383 AB 4.708609644806458 1.2073358063606303
61281.1355 lsst_hardware_z -87.93096632237229 90.55999755859375 31.709999084472656 AB 6.275306705215528 1.2067897510029861
61286.1169 lsst_hardware_g 1.6697333266400252 13.199999809265137 31.329999923706055 AB 0.6396707847924664 1.2069260090423894
61286.1279 lsst_hardware_r 12.016003351264608 22.709999084472656 31.450000762939453 AB 1.6902962322992428 1.2073544516423163
61296.9917 lsst_hardware_r -14.779264455627393 23.739999771118164 31.450000762939453 AB 3.235090094849155 1.3188300427432347
61296.9953 lsst_hardware_i -9.179954451168792 32.34000015258789 31.209999084472656 AB 3.2032590459022257 1.3103943734515138
61299.0614 lsst_hardware_r -17.590998302686327 24.190000534057617 31.479999542236328 AB 3.2198358533761913 1.2128964791722527
61299.0725 lsst_hardware_u 0.12638523196328721 2.9800000190734863 28.440000534057617 AB 3.143741823103086 1.2085117208237453
61303.1462 lsst_hardware_i 28.769487991978995 46.16999816894531 31.260000228881836 AB 8.930832318204045 1.2646769311010908
61303.1579 lsst_hardware_z 21.803825739842235 51.5099983215332 30.940000534057617 AB 9.112549754224027 1.2858422550116353
61305.1454 lsst_hardware_r -15.952465473784523 67.80000305175781 31.59000015258789 AB 4.306528433250091 1.2726774663597173
61305.1571 lsst_hardware_z -25.392425754914218 58.099998474121094 30.950000762939453 AB 4.387732849242289 1.2953035545992733
61307.0458 lsst_hardware_r 1.9586361756742265 77.7699966430664 31.610000610351562 AB 3.642209369964311 1.2101033401509422
61307.0577 lsst_hardware_y 83.75381673880177 54.150001525878906 30.0 AB 3.640502038495203 1.207129717102499
61309.0409 lsst_hardware_z -20.933786992238662 62.439998626708984 30.959999084472656 AB 3.922380098776278 1.2098954112871712
61309.0525 lsst_hardware_r -95.2025226060919 87.23999786376953 31.610000610351562 AB 3.5042134650855408 1.2071007458095646
61311.0532 lsst_hardware_i -72.82526678143427 58.150001525878906 31.290000915527344 AB 5.413330051785447 1.2068061347519297
61311.0652 lsst_hardware_z -96.34405961404012 57.11000061035156 30.950000762939453 AB 5.42748661402314 1.208592465406255
61313.0507 lsst_hardware_r -13.994445179451354 22.68000030517578 31.459999084472656 AB 4.481836119663908 1.2069576623870488
61313.0627 lsst_hardware_u 1.4972539239303209 2.630000114440918 28.360000610351562 AB 4.48518871615298 1.2095162721372226
61315.054 lsst_hardware_g 19.370932109460814 13.380000114440918 31.350000381469727 AB 5.8567800003391035 1.208517926301672
61315.0664 lsst_hardware_i -27.68204658869648 31.479999542236328 31.219999313354492 AB 5.8458546145895145 1.2135882529769342
61317.0305 lsst_hardware_r -22.913115918792528 22.770000457763672 31.459999084472656 AB 2.9141962696652355 1.2071230664819754
61317.0413 lsst_hardware_z -9.209610981200571 43.130001068115234 30.93000030517578 AB 2.9204036191842166 1.2071108924707425
61319.0529 lsst_hardware_u 1.795586444166059 2.6600000858306885 28.3799991607666 AB 4.587389088479369 1.212258732916845
61319.0654 lsst_hardware_g 10.014034300846104 13.510000228881836 31.3700008392334 AB 4.617053029574329 1.2200976955492946
61321.0294 lsst_hardware_g 0.2873809867105077 13.4399995803833 31.350000381469727 AB 5.534144794465043 1.2070108602976377
61321.0403 lsst_hardware_r 33.04088657194111 22.809999465942383 31.459999084472656 AB 5.470119248162522 1.209333830357049
61323.0793 lsst_hardware_i -16.490699215050352 31.969999313354492 31.219999313354492 AB 3.0277824060959717 1.2462574217312088
61323.0913 lsst_hardware_z 47.68671751947158 44.209999084472656 30.93000030517578 AB 4.021062143698577 1.264219915226886
61325.0758 lsst_hardware_r -14.499368694360486 23.059999465942383 31.450000762939453 AB 6.64181216030336 1.2489500262264408
61325.0881 lsst_hardware_u 1.5902462164965558 2.569999933242798 28.270000457763672 AB 7.32310369491409 1.2680150114564894
61326.0777 lsst_hardware_g 14.422241797484668 13.619999885559082 31.34000015258789 AB 5.959775446385435 1.2556808946822091
61326.088 lsst_hardware_i 5.814550639458679 32.22999954223633 31.219999313354492 AB 6.634678392537661 1.2725958362976237
61328.081 lsst_hardware_z 69.2660744770738 44.34000015258789 30.920000076293945 AB 7.523289257536392 1.2698963468524829
61328.0922 lsst_hardware_r 10.092575878630782 23.940000534057617 31.459999084472656 AB 8.00418802577967 1.29099806867414
61332.0795 lsst_hardware_r 9.618624919612655 42.150001525878906 31.549999237060547 AB 4.862606990691023 1.287425732245439
61332.0906 lsst_hardware_i 31.982351705129954 42.68000030517578 31.25 AB 5.538630478445459 1.3112029383366635
