data/validation/pwv_sim_epoch_fit_seasonal/36444514.ecsv
# %ECSV 0.9
# ---
# datatype:
# - {name: time, datatype: float64}
# - {name: band, datatype: string}
# - {name: flux, datatype: float64}
# - {name: fluxerr, datatype: float64}
# - {name: zp, datatype: float64}
# - {name: zpsys, datatype: string}
# - {name: pwv, datatype: float64}
# - {name: airmass, datatype: float64}
# meta: {SNID: '36444514', alt: 1024.0, c: -0.06063169613480568, dec: -42.210369, lat: -30.244573, lon: -70.7499537, ra: 231.20079, t0: 60752.2421875,
#   x0: 2.282962907065044e-06, x1: 1.4253822565078735, z: 0.8438188433647156}
# schema: astropy-2.0
time band flux fluxerr zp zpsys pwv airmass
[from data line 133]
61149.2964 lsst_hardware_g -5.133366559280737 14.130000114440918 31.420000076293945 AB 11.034212086671328 1.0366602862336836
61151.28 lsst_hardware_r -46.07401808519754 22.799999237060547 31.5 AB 8.436891037315904 1.0287218790419328
61151.2918 lsst_hardware_i -9.851091455350169 30.549999237060547 31.25 AB 9.278999978110795 1.0374262770059866
61153.2702 lsst_hardware_z 105.71856735652868 41.02000045776367 30.950000762939453 AB 5.81844147050773 1.026481882477106
61153.2816 lsst_hardware_r -37.10175390800007 23.030000686645508 31.5 AB 5.859754307435153 1.033466368154348
61155.274 lsst_hardware_u 1.6636243881998392 2.690000057220459 28.43000030517578 AB 13.997337405994577 1.031884215753572
61155.2857 lsst_hardware_g -4.261227183683381 14.319999694824219 31.440000534057617 AB 14.143473700643005 1.0421068155498825
61157.2643 lsst_hardware_r 73.49583344803894 43.97999954223633 31.6200008392334 AB 2.7627618905792715 1.0291213002312978
61157.2783 lsst_hardware_z 76.07554536959994 46.119998931884766 30.959999084472656 AB 2.8036231313162823 1.0401446151119302
61159.2198 lsst_hardware_r -108.28595011264325 80.5 31.65999984741211 AB 10.759568405715466 1.02634992741324
61159.232 lsst_hardware_i -29.389154620144858 65.31999969482422 31.329999923706055 AB 10.729093749683448 1.0228575457306146
61161.2703 lsst_hardware_z 114.58361885327032 84.77999877929688 31.0 AB 9.577521022340415 1.0431419649117781
61161.2813 lsst_hardware_r 62.00748327987253 128.07000732421875 31.65999984741211 AB 9.576631775624552 1.056673482911238
61163.227 lsst_hardware_z -14.726113914305481 86.05999755859375 31.0 AB 12.163376216752301 1.0225907591709702
61163.2379 lsst_hardware_r -116.39088702313364 126.55000305175781 31.670000076293945 AB 12.15710410260907 1.024532622839126
61166.2101 lsst_hardware_i -87.80809748961599 59.02000045776367 31.329999923706055 AB 2.4682161863826284 1.0233068766097133
61166.2216 lsst_hardware_z -81.05400500796681 56.61000061035156 30.979999542236328 AB 2.3943460528579514 1.022787720144362
61170.2094 lsst_hardware_g -9.560006062301715 25.579999923706055 32.27000045776367 AB 6.340572115609289 1.022672921872466
61170.2205 lsst_hardware_r -27.876479627007985 37.779998779296875 32.290000915527344 AB 6.3557856317247134 1.0251267147943086
61175.0417 lsst_hardware_r 47.45966373184578 24.68000030517578 31.43000030517578 AB 9.16728273177611 1.4103511895040168
61175.0518 lsst_hardware_i -1.9515221205781528 33.45000076293945 31.200000762939453 AB 8.76701401645266 1.348771387146563
61177.2114 lsst_hardware_g -24.36726339549771 14.369999885559082 31.420000076293945 AB 7.098603139716581 1.030176539239055
61177.2221 lsst_hardware_r -17.548202283449438 23.239999771118164 31.5 AB 7.213869763500442 1.0386144498008987
61178.1947 lsst_hardware_i -17.274066170210872 30.6299991607666 31.25 AB 7.491703241545087 1.0238763484413564
61178.2065 lsst_hardware_z -45.36724756064348 41.08000183105469 30.950000762939453 AB 7.617103503398561 1.0288516922264552
61182.1868 lsst_hardware_i 33.069302205021174 30.799999237060547 31.260000228881836 AB 5.41493019160349 1.0247947750128832
61182.1992 lsst_hardware_u 0.7150334319696744 2.7799999713897705 28.489999771118164 AB 5.438382921459754 1.0311359623560816
61185.1845 lsst_hardware_z 92.93970168095284 45.7400016784668 30.969999313354492 AB 6.502736454169889 1.0272885393633315
61185.1962 lsst_hardware_r -3.236207564520959 41.43000030517578 31.6200008392334 AB 6.56293185549078 1.03504031155475
61187.1871 lsst_hardware_i 0.10467891607672306 58.31999969482422 31.329999923706055 AB 5.171019611937234 1.0322254901979007
61187.1978 lsst_hardware_r 42.56298010248428 69.18000030517578 31.649999618530273 AB 5.115727458223559 1.0415638117150556
61194.0269 lsst_hardware_z -17.231127091038992 60.720001220703125 30.959999084472656 AB 10.894097680455122 1.220171478117092
61194.0354 lsst_hardware_r -53.28490261642295 74.58999633789062 31.610000610351562 AB 10.679550409332968 1.1884874794769138
61196.1365 lsst_hardware_r 28.127759514730005 50.599998474121094 31.639999389648438 AB 8.50543674923699 1.0225850957393798
61196.151 lsst_hardware_i -16.12680672077499 46.0099983215332 31.309999465942383 AB 8.52553222807542 1.0257101996842357
61198.1287 lsst_hardware_z -56.326793880235414 40.88999938964844 30.950000762939453 AB 5.442643226572526 1.0226047272322651
61198.1408 lsst_hardware_i -17.855852513777364 30.520000457763672 31.25 AB 5.511217488634542 1.0240726209912434
61222.0442 lsst_hardware_r -121.14214462046785 92.11000061035156 31.65999984741211 AB 8.330033818645472 1.0281453738145485
61222.0564 lsst_hardware_y -28.691583048533325 54.59000015258789 30.059999465942383 AB 8.298385838844714 1.023481233207291
61223.0459 lsst_hardware_g -1.4450149105475947 76.83999633789062 31.739999771118164 AB 8.829919377326965 1.0259891796458347
61223.0569 lsst_hardware_r 65.80011763828598 72.75 31.65999984741211 AB 8.725444108899781 1.0229125567291963
61225.0448 lsst_hardware_i -0.9984858013628347 30.299999237060547 31.25 AB 8.732864950028567 1.0243829853406317
61225.0569 lsst_hardware_z 23.444428333463524 40.79999923706055 30.950000762939453 AB 8.626496690045128 1.0225813999579714
61235.024 lsst_hardware_r 1.4224644848597405 22.790000915527344 31.5 AB 7.1481594642082245 1.0229314122055395
61235.0357 lsst_hardware_z 18.159534890046146 40.869998931884766 30.950000762939453 AB 7.131343292736414 1.0231482485991985
61238.0243 lsst_hardware_g 10.733472903571654 14.0600004196167 31.420000076293945 AB 1.534091603055916 1.0227277353706106
61238.037 lsst_hardware_r -2.315426677210252 22.670000076293945 31.489999771118164 AB 1.538999614759092 1.0259997431727281
61242.0204 lsst_hardware_i 8.10849064516515 36.79999923706055 31.280000686645508 AB 5.717874489237878 1.0240052214854571
61242.0325 lsst_hardware_z 8.367998690420633 43.97999954223633 30.959999084472656 AB 5.762723960886535 1.0293029222826628
61244.0189 lsst_hardware_r -35.82925227130433 62.61000061035156 31.639999389648438 AB 4.333967380416986 1.0253057441251445
61244.0307 lsst_hardware_z 56.455267060889426 55.150001525878906 30.969999313354492 AB 4.347192743511668 1.03168880868088
61246.0124 lsst_hardware_z 74.60599717709097 90.81999969482422 31.739999771118164 AB 5.306202812062139 1.024924085644427
61248.0075 lsst_hardware_r -140.44479209997954 90.87000274658203 31.65999984741211 AB 4.707382212759439 1.0251267884929094
61248.0195 lsst_hardware_z -120.10478780203071 65.37999725341797 30.979999542236328 AB 4.606657220789995 1.0314951233296006
61251.0072 lsst_hardware_g -149.20847212138142 88.41999816894531 31.729999542236328 AB 5.2501755440319755 1.028874588110914
61251.0185 lsst_hardware_r -24.213528791738515 80.7699966430664 31.649999618530273 AB 5.30237557774976 1.0372071028754462
61253.0014 lsst_hardware_i -10.586123891925615 30.489999771118164 31.25 AB 3.8404023645669354 1.0286792047947149
61253.0136 lsst_hardware_z -92.64970531490252 46.349998474121094 30.959999084472656 AB 3.746579750520111 1.0377139528272668
