data/validation/pwv_sim_epoch_fit_seasonal/36572598.ecsv
# %ECSV 0.9
# ---
# datatype:
# - {name: time, datatype: float64}
# - {name: band, datatype: string}
# - {name: flux, datatype: float64}
# - {name: fluxerr, datatype: float64}
# - {name: zp, datatype: float64}
# - {name: zpsys, datatype: string}
# - {name: pwv, datatype: float64}
# - {name: airmass, datatype: float64}
# meta: {SNID: '36572598', alt: 1024.0, c: 0.04986852407455444, dec: -34.590576, lat: -30.244573, lon: -70.7499537, ra: 72.597656, t0: 62441.64453125,
#   x0: 1.1120586049149586e-05, x1: -0.27372443675994873, z: 0.4403180181980133}
# schema: astropy-2.0
time band flux fluxerr zp zpsys pwv airmass
[from data line 132]
62807.1748 lsst_hardware_z 36.518177047100195 43.790000915527344 30.940000534057617 AB 4.258095767600244 1.1949195362986513
62807.1925 lsst_hardware_r -2.6595588498045073 25.309999465942383 31.510000228881836 AB 3.9625262630693343 1.1318269817392126
62809.1398 lsst_hardware_z -76.02938899660714 68.4000015258789 31.690000534057617 AB 6.853971033482014 1.343915888918042
62817.2002 lsst_hardware_z 153.97196137597055 60.27000045776367 30.979999542236328 AB 3.5573765531858776 1.0488321819668271
62817.2177 lsst_hardware_r 64.5454314878771 81.87000274658203 31.65999984741211 AB 7.0081798422340515 1.0241509846776913
62819.2003 lsst_hardware_i 19.56947540631413 50.5 31.31999969482422 AB 4.214170275057611 1.0398939605323616
62819.2171 lsst_hardware_z 52.905318875771194 50.72999954223633 30.979999542236328 AB 7.35793999272232 1.0190346918802975
62822.1294 lsst_hardware_i 12.158412922936074 31.399999618530273 31.219999313354492 AB 3.294678558132369 1.2135095978389485
62822.1474 lsst_hardware_u 0.19971128094142296 2.5299999713897705 28.299999237060547 AB 3.1277035619981355 1.1451546222418802
62825.111 lsst_hardware_r -5.232298778514392 22.600000381469727 31.450000762939453 AB 7.2821161506140095 1.2609724936127704
62829.1158 lsst_hardware_i 15.452331659934634 31.34000015258789 31.229999542236328 AB 9.503289601099738 1.1906397495634886
62829.1327 lsst_hardware_z -79.41016745623979 42.2400016784668 30.940000534057617 AB 9.893448185421931 1.1310029363157397
62831.1106 lsst_hardware_r 4.023461751483747 22.40999984741211 31.459999084472656 AB 4.304874500142523 1.1896026252554441
62831.1266 lsst_hardware_u -5.764522920347122 2.559999942779541 28.329999923706055 AB 5.899695934160184 1.1329954103306694
62833.1343 lsst_hardware_u 2.7372180712927734 2.5999999046325684 28.389999389648438 AB 4.628992904869601 1.0957276823835724
62833.153 lsst_hardware_g -0.7407899830726127 12.979999542236328 31.389999389648438 AB 4.504561014185333 1.0550352721817224
62835.1335 lsst_hardware_r -27.752826281269193 22.950000762939453 31.5 AB 5.70944943760543 1.0843128739161392
62835.1513 lsst_hardware_z -33.56295616856476 40.90999984741211 30.950000762939453 AB 5.52410919676589 1.0484170045105123
62836.1499 lsst_hardware_r -50.00565413282982 34.63999938964844 32.279998779296875 AB 8.531012915529336 1.0461937925270537
62836.155 lsst_hardware_i -1.490913736740291 31.1200008392334 31.260000228881836 AB 8.512089857122955 1.0382285563249662
62838.1283 lsst_hardware_z 68.03713547579737 44.380001068115234 30.950000762939453 AB 6.9728043931919235 1.077446977425387
62838.145 lsst_hardware_r 9.029201364594917 35.7599983215332 31.59000015258789 AB 6.765987964305356 1.0452751710451567
62840.142 lsst_hardware_i -11.039459216330927 45.4900016784668 31.309999465942383 AB 2.587803185163393 1.0413694910112088
62840.1636 lsst_hardware_z 5.4866078430890015 47.81999969482422 30.969999313354492 AB 2.6297450342010373 1.0155089432152034
62842.0455 lsst_hardware_y -54.60281555072932 55.45000076293945 29.940000534057617 AB 6.110382825957448 1.3707325054023773
62842.0689 lsst_hardware_z 62.464698189418854 58.060001373291016 30.959999084472656 AB 5.757578724694913 1.240055723604083
62844.0451 lsst_hardware_y 20.10078316380749 58.900001525878906 29.950000762939453 AB 7.176758470122146 1.338614487090728
62844.0665 lsst_hardware_z 125.19333055575167 67.79000091552734 30.959999084472656 AB 6.5764025135457285 1.2259877297273851
62849.0477 lsst_hardware_y 29.214097038748992 50.209999084472656 29.969999313354492 AB 9.875062925620414 1.2500079652684069
62849.0712 lsst_hardware_r -33.56121379651037 22.209999084472656 31.459999084472656 AB 9.11291908719657 1.153534061670452
62853.0461 lsst_hardware_z -65.23288601821774 45.2400016784668 30.940000534057617 AB 4.837440089970237 1.2077748180438765
62853.0669 lsst_hardware_g -3.9173877104348556 13.109999656677246 31.3799991607666 AB 4.544357913956335 1.1318450595158993
62855.048 lsst_hardware_y 17.412831065525644 50.43000030517578 30.0 AB 6.37856151120228 1.1782150101508397
62855.0694 lsst_hardware_i 10.407634124373304 30.670000076293945 31.25 AB 5.997085535751481 1.1085185833182034
62858.0482 lsst_hardware_y -43.32349127463446 50.86000061035156 30.020000457763672 AB 5.610013005440372 1.148181130871955
62858.0705 lsst_hardware_r 11.535007965322105 21.950000762939453 31.479999542236328 AB 5.308497046341614 1.0847872989475906
62860.0477 lsst_hardware_y -42.479084909678484 50.08000183105469 30.020000457763672 AB 8.110850078484296 1.1321151181991482
62860.0695 lsst_hardware_g 1.0050623592532224 12.869999885559082 31.3799991607666 AB 7.641407092033349 1.0746400373195222
62863.0473 lsst_hardware_y 86.06271784284259 51.279998779296875 30.030000686645508 AB 6.920082555762036 1.1092246028684605
62863.0678 lsst_hardware_z -31.136369044834453 40.97999954223633 30.950000762939453 AB 6.566212526450746 1.0612346503261973
62865.0569 lsst_hardware_y -201.41848285515522 69.5999984741211 30.790000915527344 AB 9.15151134031639 1.0723589571497998
62866.047 lsst_hardware_z 25.23988554512617 46.369998931884766 30.959999084472656 AB 8.191070029986744 1.0887554315445385
62866.0683 lsst_hardware_r 28.55892364935351 28.040000915527344 31.559999465942383 AB 7.8467094364871715 1.0456818465673188
62868.0474 lsst_hardware_y -110.2072145064767 51.9900016784668 30.040000915527344 AB 7.5622520459121825 1.075201712688936
62868.0695 lsst_hardware_z -41.1058081251421 44.86000061035156 30.959999084472656 AB 7.085737248089776 1.0355227856717337
62870.0486 lsst_hardware_y -18.397558552531873 52.84000015258789 30.040000915527344 AB 2.432470913127056 1.061403256518842
62870.0719 lsst_hardware_z 9.751248701518932 49.720001220703125 30.969999313354492 AB 2.3420208788148393 1.025403186871646
62872.0467 lsst_hardware_y -140.1421127131753 56.36000061035156 30.049999237060547 AB 10.231963877912497 1.0546966614120923
62872.0687 lsst_hardware_i -37.91256777048998 59.880001068115234 31.329999923706055 AB 9.959205050293852 1.0228557052681122
62874.0448 lsst_hardware_y 162.48493828740098 59.33000183105469 30.059999465942383 AB 8.453053393124152 1.0484407309301362
62874.0637 lsst_hardware_r 96.28459843228805 86.72000122070312 31.65999984741211 AB 8.258846110860285 1.0223558457413777
