data/validation/pwv_sim_epoch_fit_seasonal/36797182.ecsv
# %ECSV 0.9
# ---
# datatype:
# - {name: time, datatype: float64}
# - {name: band, datatype: string}
# - {name: flux, datatype: float64}
# - {name: fluxerr, datatype: float64}
# - {name: zp, datatype: float64}
# - {name: zpsys, datatype: string}
# - {name: pwv, datatype: float64}
# - {name: airmass, datatype: float64}
# meta: {SNID: '36797182', alt: 1024.0, c: -0.06328162550926208, dec: -37.544327, lat: -30.244573, lon: -70.7499537, ra: 39.199219, t0: 61624.72265625,
#   x0: 6.057600460814657e-06, x1: 0.9182257056236267, z: 0.5664372444152832}
# schema: astropy-2.0
time band flux fluxerr zp zpsys pwv airmass
61600.407 lsst_hardware_g 46.36538830600433 14.752708798907664 31.389999389648438 AB 6.704370640028072 1.1235747678947665
61600.4296 lsst_hardware_r 122.88985740336611 25.268870002051045 31.489999771118164 AB 7.335432725925414 1.0692660946649777
61605.4333 lsst_hardware_z 318.37833972792686 62.26209638947433 30.979999542236328 AB 3.303171480260647 1.0402324567150705
61607.3474 lsst_hardware_z 489.84859427061144 62.561380418665124 30.950000762939453 AB 5.361688455364161 1.2816785152264927
61611.37 lsst_hardware_r 1737.8655828240496 59.79656574572269 31.600000381469727 AB 6.29700503752102 1.144632520150452
61611.3907 lsst_hardware_i 1163.4708697132469 53.47388627891922 31.290000915527344 AB 6.731566751306943 1.0881937845630363
61617.3754 lsst_hardware_g 761.693545695367 30.229917849392116 31.3799991607666 AB 4.9047854074259565 1.0857300293139915
61617.3956 lsst_hardware_r 1992.574123615015 49.95713363690257 31.479999542236328 AB 4.690499008816162 1.0474734922451652
61626.3697 lsst_hardware_i 1679.0086318761114 51.02648122955989 31.25 AB 5.148783473861708 1.049558362545704
61626.3886 lsst_hardware_r 2121.6813083847405 50.58176490164229 31.489999771118164 AB 4.08370470561122 1.0251978340446577
61629.3511 lsst_hardware_g 484.2447144299377 25.512372626254 31.399999618530273 AB 3.3128656618673893 1.067948635121791
61629.3698 lsst_hardware_r 1914.142938659968 49.4550379339369 31.5 AB 3.237842285488862 1.0374928551633202
61631.3614 lsst_hardware_z 1275.359724562272 59.469074790751684 30.969999313354492 AB 3.64531434043911 1.041518382982603
61631.3808 lsst_hardware_r 2102.6285848702296 62.76688721608464 31.6299991607666 AB 3.491515924215091 1.0198673650401902
61649.4073 lsst_hardware_i 797.2831591344027 41.88863129265295 31.25 AB 0.7743877678706508 1.038285275357297
61649.4186 lsst_hardware_z 787.0198398475411 69.65128158858963 30.979999542236328 AB 3.570869274268428 1.0555073353011586
61651.2751 lsst_hardware_z 683.5442267385023 49.333987012939794 30.940000534057617 AB 1.4039291479677758 1.1037178836224653
61651.2938 lsst_hardware_r 559.0723712178134 32.508921468434124 31.479999542236328 AB 1.6716369874953585 1.062706285756744
61653.2732 lsst_hardware_u 3.250275495880426 2.961687687293097 28.34000015258789 AB 2.548878315017388 1.094879001296129
61653.2921 lsst_hardware_g 66.74950238102865 15.074409403630769 31.3799991607666 AB 1.908445560036053 1.0559942232873445
61655.2483 lsst_hardware_g 40.92915359717136 14.799918809523517 31.3700008392334 AB 2.1746793821284744 1.1497115422303528
61655.2655 lsst_hardware_r 410.707483554362 30.440017736078815 31.479999542236328 AB 2.1174985769942065 1.1003803448783336
61672.251 lsst_hardware_r 213.53448639908189 25.611540801844868 31.489999771118164 AB 4.139699385021166 1.0393855425422236
61672.2674 lsst_hardware_u -0.7232772663856794 2.6618302357476074 28.459999084472656 AB 4.0544023035061345 1.02110998892005
61672.365 lsst_hardware_z 506.3216197215426 47.042408207535274 30.950000762939453 AB 4.2972409929199555 1.072701196435336
61672.3766 lsst_hardware_r 153.35304231545157 29.535358727438147 31.530000686645508 AB 4.151856626601816 1.0988108049760001
61678.2147 lsst_hardware_u 13.410165583932448 5.294068323523603 29.56999969482422 AB 4.161282862675696 1.0731870696775492
61678.2346 lsst_hardware_g 96.56424938434547 23.7897997959014 32.59000015258789 AB 3.9266394919486034 1.0394122141347721
61680.2128 lsst_hardware_i 190.76218857760267 33.32668913130134 31.239999771118164 AB 3.540935541742139 1.0661454397417054
61680.2345 lsst_hardware_r 168.9843099368597 24.831834126882327 31.489999771118164 AB 3.4383307749732093 1.0325317642561227
61682.348 lsst_hardware_u 5.066739451981916 3.0806880343305956 28.3799991607666 AB 2.616914164131889 1.0956307993016072
61682.3601 lsst_hardware_g -2.778759099537261 13.595849533857475 31.3700008392334 AB 2.66502588941245 1.1279737116587683
61688.244 lsst_hardware_z 863.4975325452664 83.67407114665984 32.15999984741211 AB 2.659298993072903 1.0094131687504695
61688.3022 lsst_hardware_i 193.97995541113062 38.498680090793954 31.280000686645508 AB 2.9098555038897045 1.040162825340377
61689.3186 lsst_hardware_z 289.26324036817437 49.01926888643313 30.950000762939453 AB 4.829873218563597 1.0727290644424874
61689.3302 lsst_hardware_r 100.79665304774147 24.76668947506641 31.469999313354492 AB 4.9542308199671465 1.098844238574652
61692.311 lsst_hardware_i 123.92304530291953 70.82590040778649 31.31999969482422 AB 5.396533319971887 1.0739369790988829
61692.3227 lsst_hardware_r 143.06688066599955 86.92528765113539 31.639999389648438 AB 5.52244786006364 1.1005642262723114
61694.3181 lsst_hardware_z 604.8700954139055 93.68164779110188 31.729999542236328 AB 7.770783047490356 1.1027340480343921
61696.3138 lsst_hardware_r 210.33178040836773 66.74383859347311 31.6299991607666 AB 6.8096881155524045 1.1057081807024565
61696.3253 lsst_hardware_i 172.975426392196 57.050557368975014 31.299999237060547 AB 6.9377883711628545 1.1382753685255662
61698.3148 lsst_hardware_z 211.47605772366688 50.01588594774053 30.950000762939453 AB 1.3221168085801953 1.1232938050808796
61698.3267 lsst_hardware_r 39.03211762500161 48.57381520888119 31.600000381469727 AB 1.3334953397013865 1.160570356572138
61705.1117 lsst_hardware_g -14.11315947685952 13.399999618530273 31.3799991607666 AB 4.889454171351716 1.1500088211724928
61705.1298 lsst_hardware_r 21.578630805815617 22.309999465942383 31.479999542236328 AB 3.9376651647822953 1.0983724309016165
61709.2889 lsst_hardware_r -1.35365043174117 22.350000381469727 31.469999313354492 AB 4.3148920288203145 1.1354979023211356
61709.2995 lsst_hardware_i 45.84446988891284 31.1299991607666 31.229999542236328 AB 4.032598985420465 1.1704524918984254
61724.2353 lsst_hardware_y -74.03323590409786 52.959999084472656 30.030000686645508 AB 8.008296871284683 1.100494279412489
61724.2468 lsst_hardware_r 59.36035227407454 82.33999633789062 31.6299991607666 AB 8.398635527651635 1.1320441471426925
61726.0265 lsst_hardware_z -9.736031916960926 46.09000015258789 30.93000030517578 AB 4.416166443482242 1.261761840994926
61726.0444 lsst_hardware_i 45.36663890306873 31.18000030517578 31.229999542236328 AB 4.557422146702252 1.1849771572288745
61729.2372 lsst_hardware_r 26.417212152859438 31.729999542236328 31.549999237060547 AB 5.61192590105734 1.1445513241899465
61729.2494 lsst_hardware_i -8.688142898940793 36.33000183105469 31.25 AB 5.822000615050899 1.1870328833188164
61740.033 lsst_hardware_y -28.35798203054861 52.529998779296875 30.030000686645508 AB 8.111298302065562 1.10145501442556
61740.0505 lsst_hardware_g -1.263947031434596 13.199999809265137 31.3799991607666 AB 8.839587463562072 1.0632811046565047
61740.1809 lsst_hardware_z 32.1247827625116 41.38999938964844 30.940000534057617 AB 8.355397427885903 1.0759292312893884
61740.1929 lsst_hardware_r -40.4504719378861 22.040000915527344 31.469999313354492 AB 8.554630087890184 1.1037520273388166
61744.1845 lsst_hardware_g -3.2733458333636087 13.050000190734863 31.3700008392334 AB 2.7351054331819245 1.1103269688153956
61744.1956 lsst_hardware_i 35.187186323041026 30.84000015258789 31.229999542236328 AB 2.823067826604041 1.1425184283581833
61746.1862 lsst_hardware_z 69.71050645974583 44.970001220703125 30.940000534057617 AB 4.608163734035177 1.1304678389160296
61746.1986 lsst_hardware_r 17.0729949749253 30.649999618530273 31.530000686645508 AB 4.696500389704739 1.170905108378024
61748.0903 lsst_hardware_r 15.528152093099063 53.02000045776367 31.639999389648438 AB 6.302927278214238 1.0079039383089252
61748.103 lsst_hardware_y 81.70496552263313 48.91999816894531 30.059999465942383 AB 6.197952967246556 1.0100143350844828
61756.0872 lsst_hardware_u 2.2109149514868798 2.6700000762939453 28.479999542236328 AB 9.806174701283965 1.012598712807913
61756.1004 lsst_hardware_g 17.861928756414162 13.020000457763672 31.40999984741211 AB 9.82767717159635 1.0218536180500493
61760.088 lsst_hardware_r 17.866507735407424 21.59000015258789 31.489999771118164 AB 3.163759093009918 1.0205674493580381
61760.1002 lsst_hardware_u 1.517834858082483 2.6600000858306885 28.459999084472656 AB 3.2027365832851493 1.03314083331779
61964.3501 lsst_hardware_z 69.25329966801098 53.880001068115234 30.93000030517578 AB 8.433858697329455 1.399113917937866
61964.3702 lsst_hardware_r 11.98486906109283 53.22999954223633 31.579999923706055 AB 7.76922246723425 1.2802893381875058
61965.4096 lsst_hardware_i 42.80391969541175 42.45000076293945 31.280000686645508 AB 6.64277572797087 1.1181712288803383
61965.4313 lsst_hardware_z -38.28856580494797 47.72999954223633 30.959999084472656 AB 7.335427582968664 1.0672817667639551
61978.3763 lsst_hardware_r -4.680084346174128 22.040000915527344 31.459999084472656 AB 3.248303112487622 1.1121786507033629
61978.398 lsst_hardware_i 25.786814731823426 29.989999771118164 31.239999771118164 AB 3.095290184121465 1.063125599904333
61979.3772 lsst_hardware_z -63.06113465655933 41.540000915527344 30.93000030517578 AB 3.862182235614142 1.1026930008891198
61979.3981 lsst_hardware_r 20.36280662229486 21.84000015258789 31.479999542236328 AB 3.728148354451968 1.0580059182552586
61986.2194 lsst_hardware_r -60.1167133699746 79.25 31.350000381469727 AB 3.5873029748038974 2.2849063533782785
61986.2421 lsst_hardware_i -0.08098223751980664 65.20999908447266 31.170000076293945 AB 2.8814059108043417 1.878667260508762
61994.3661 lsst_hardware_z 38.4755082300371 47.83000183105469 30.959999084472656 AB 3.2366215937699403 1.0435945703640617
61994.3859 lsst_hardware_i 63.26028128654341 43.97999954223633 31.309999465942383 AB 3.1191244940573135 1.0207394237281564
61995.384 lsst_hardware_z 75.21205612186446 79.98999786376953 32.15999984741211 AB 4.581250836808214 1.020039150973162
62001.4082 lsst_hardware_r 13.353109722507254 21.690000534057617 31.5 AB 1.8764700528431317 1.0095785793632344
62001.4204 lsst_hardware_z -73.6990295000581 42.9900016784668 30.959999084472656 AB 2.289251979944462 1.015414495428903
62009.2325 lsst_hardware_g 14.025784582715081 13.300000190734863 31.299999237060547 AB 3.9540728750524154 1.3647283277907556
62009.2561 lsst_hardware_r 22.313716816037637 22.6299991607666 31.459999084472656 AB 3.2192636548732354 1.2381783287973982
62013.2514 lsst_hardware_z -27.687254465151405 49.36000061035156 30.940000534057617 AB 6.040078367362176 1.2112456619041796
62013.2675 lsst_hardware_r -3.6616691259326397 47.95000076293945 31.600000381469727 AB 5.530679400030213 1.1516650378351245
62016.2699 lsst_hardware_i -30.1173718574379 61.91999816894531 31.309999465942383 AB 1.3929999855160708 1.1194749414809035
62016.2879 lsst_hardware_z -29.43210250953007 57.0099983215332 30.969999313354492 AB 1.36178226008695 1.0756573934336098
62016.394 lsst_hardware_i 5.078539846474868 50.25 31.31999969482422 AB 1.1980968742234577 1.0279681460518728
62016.4047 lsst_hardware_z -44.65379901522183 51.5099983215332 30.969999313354492 AB 1.2422316594201948 1.0412671076447566
62027.2366 lsst_hardware_g 5.15843805031743 13.319999694824219 31.389999389648438 AB 1.3634855702023538 1.1288689693961809
62027.2548 lsst_hardware_r 2.251380598867911 22.1200008392334 31.489999771118164 AB 2.1796195934861164 1.082234157639581
62031.2473 lsst_hardware_g 11.046278667205726 13.15999984741211 31.389999389648438 AB 1.4832204278385004 1.0749272336067563
62031.2658 lsst_hardware_i -22.86795482513841 29.84000015258789 31.239999771118164 AB 1.6776540829334736 1.0425607972658868
62031.381 lsst_hardware_g 4.231373901579121 13.170000076293945 31.389999389648438 AB 1.8068971418302788 1.0705423966605123
62031.3931 lsst_hardware_i -9.289800170462952 31.270000457763672 31.239999771118164 AB 1.8398897561044243 1.0974042980889571
62033.366 lsst_hardware_r 21.09723548544182 21.829999923706055 31.479999542236328 AB 5.441431118741334 1.0531122738032386
62033.3772 lsst_hardware_z -37.865769307778876 41.290000915527344 30.940000534057617 AB 6.405838206268624 1.0739041418723594
62035.2514 lsst_hardware_u -3.248781627395721 2.6700000762939453 28.459999084472656 AB 1.7392928739437499 1.0477667915323794
62035.268 lsst_hardware_g 11.696534830777866 13.270000457763672 31.420000076293945 AB 1.5831789770337323 1.026372108287671
62035.3665 lsst_hardware_r 23.13739690220034 22.299999237060547 31.5 AB 1.6526164293917949 1.0636308475570684
62035.3782 lsst_hardware_u -2.889431813700951 2.7300000190734863 28.459999084472656 AB 1.5231368575484412 1.0879548982488867
62037.3654 lsst_hardware_g -18.23011968686103 13.069999694824219 31.3799991607666 AB 4.390296259519179 1.0721114186860021
62037.3775 lsst_hardware_r -19.262070236238593 22.09000015258789 31.469999313354492 AB 4.174164472790569 1.0993322288098262
62041.1928 lsst_hardware_i -13.77333324457227 38.810001373291016 31.260000228881836 AB 5.1193260086048715 1.1460108591225742
62041.2131 lsst_hardware_z -16.249740887766254 44.939998626708984 30.950000762939453 AB 4.0075442151040575 1.090117433554317
62044.3382 lsst_hardware_r -30.582770908416144 43.33000183105469 31.610000610351562 AB 4.424925961532402 1.0569090672449744
62044.3499 lsst_hardware_z 12.46380458864996 47.63999938964844 30.959999084472656 AB 4.5222272870379685 1.0796555606401452
62046.1134 lsst_hardware_y 40.08343404931698 82.76000213623047 30.670000076293945 AB 5.361645880177393 1.4950216228770365
62046.132 lsst_hardware_r 247.58353285453177 132.82000732421875 32.33000183105469 AB 4.265569611720998 1.361496843830513
62046.1637 lsst_hardware_i -83.97776761576944 124.68000030517578 32.4900016784668 AB 3.7723959756364835 1.2014956527228229
62046.2214 lsst_hardware_r 35.81966937074081 87.88999938964844 31.65999984741211 AB 3.3694621043428117 1.0477183160268926
62048.2131 lsst_hardware_z 28.10817079312945 66.25 30.989999771118164 AB 7.025139452262491 1.0522582965381002
62048.2337 lsst_hardware_r 100.70095122199015 95.9000015258789 31.65999984741211 AB 6.869876963776967 1.0251635088642324
62050.2121 lsst_hardware_i -3.0620271385008277 61.529998779296875 31.329999923706055 AB 4.248492255150501 1.045246685019221
62050.233 lsst_hardware_z -72.65826466438389 56.720001220703125 30.989999771118164 AB 4.11576497366803 1.020753946140802
62052.2931 lsst_hardware_i -34.731452805392976 46.41999816894531 31.31999969482422 AB 2.7921938131983493 1.0252539934022886
62052.3034 lsst_hardware_z 40.05294891084961 48.81999969482422 30.969999313354492 AB 2.823756939555375 1.0371608850253895
62054.3315 lsst_hardware_z 44.691611055227874 45.040000915527344 30.950000762939453 AB 4.970615277892531 1.1003631142603423
62054.3421 lsst_hardware_g 62.36876191431192 35.779998779296875 31.639999389648438 AB 4.923668723269333 1.129217068578403
62055.2026 lsst_hardware_z 71.79112338207456 40.900001525878906 30.959999084472656 AB 6.389636114406464 1.0393032066374959
62055.2219 lsst_hardware_r 9.603492944917333 21.959999084472656 31.5 AB 5.602658959659392 1.0186652653926167
62059.1122 lsst_hardware_i -52.74723457975174 32.029998779296875 31.219999313354492 AB 9.821357646773153 1.2734062123052752
62059.1326 lsst_hardware_z -110.02623814715139 43.0099983215332 30.940000534057617 AB 9.242611126152811 1.184443971741148
62059.3177 lsst_hardware_g -3.5332580389003616 13.359999656677246 31.389999389648438 AB 7.718824024302144 1.0999915480087286
62059.3294 lsst_hardware_r -3.1865108178974166 22.450000762939453 31.469999313354492 AB 7.935631317087757 1.1320444104262135
62064.116 lsst_hardware_r 37.12018058146659 22.8799991607666 31.469999313354492 AB 3.1757700818651875 1.1957716028359664
62064.1359 lsst_hardware_g 3.1200251311299914 13.529999732971191 31.399999618530273 AB 3.0330297786409943 1.1279396722354014
62064.3065 lsst_hardware_r 9.995050315226395 22.40999984741211 31.479999542236328 AB 2.5634112008970664 1.1062298849485668
62064.3176 lsst_hardware_i -65.49606578033392 31.020000457763672 31.229999542236328 AB 2.63748770001394 1.1376654349449058
62065.3033 lsst_hardware_z 29.826922143363472 41.810001373291016 30.940000534057617 AB 2.687490495871421 1.105015794087958
