data/validation/pwv_sim_epoch_fit_seasonal/36797182.ecsv
# %ECSV 0.9
# ---
# datatype:
# - {name: time, datatype: float64}
# - {name: band, datatype: string}
# - {name: flux, datatype: float64}
# - {name: fluxerr, datatype: float64}
# - {name: zp, datatype: float64}
# - {name: zpsys, datatype: string}
# - {name: pwv, datatype: float64}
# - {name: airmass, datatype: float64}
# meta: {SNID: '36797182', alt: 1024.0, c: -0.06328162550926208, dec: -37.544327, lat: -30.244573, lon: -70.7499537, ra: 39.199219, t0: 61624.72265625,
#   x0: 6.057600460814657e-06, x1: 0.9182257056236267, z: 0.5664372444152832}
# schema: astropy-2.0
time band flux fluxerr zp zpsys pwv airmass
[from data line 132]
62067.1163 lsst_hardware_z 6.877813393250461 43.5 30.940000534057617 AB 3.6096630355583947 1.1644074308252885
62067.1354 lsst_hardware_i -29.407297447901705 31.360000610351562 31.239999771118164 AB 3.1523699193963473 1.1066771702286633
62067.3015 lsst_hardware_u -0.8379684621285656 2.5899999141693115 28.350000381469727 AB 3.587639257457991 1.1147218116953523
62067.3121 lsst_hardware_g -2.676765509144878 13.319999694824219 31.360000610351562 AB 3.656592920849966 1.1461176714169934
62070.1126 lsst_hardware_z -22.739058075958024 45.13999938964844 30.950000762939453 AB 4.868493730909091 1.1493139119238267
62070.1331 lsst_hardware_g -29.00681402369591 33.869998931884766 31.670000076293945 AB 3.883160411657048 1.0920535490950218
62075.2884 lsst_hardware_i -42.05444635182737 64.86000061035156 31.309999465942383 AB 5.7504589009826494 1.1402476422187082
62075.2995 lsst_hardware_r -74.02157325770453 76.06999969482422 31.6200008392334 AB 6.371278482349708 1.1778306289775486
62077.2061 lsst_hardware_z -13.134888336094487 133.91000366210938 32.4900016784668 AB 3.656599450894133 1.01164737886129
62079.1173 lsst_hardware_g 92.98054434632881 82.2699966430664 31.719999313354492 AB 4.12266376249716 1.0727722514954878
62079.2087 lsst_hardware_r 81.6477590292965 109.95999908447266 32.38999938964844 AB 4.290902989884011 1.01625981168407
62079.2922 lsst_hardware_i 115.87284225810633 63.9900016784668 31.299999237060547 AB 4.544224936392746 1.1914590813823422
62081.1159 lsst_hardware_i 61.779630463667125 39.25 31.290000915527344 AB 4.8500154083047375 1.0648063394133378
62081.2055 lsst_hardware_z 30.52852030454558 68.41000366210938 31.719999313354492 AB 5.53348809095614 1.0178869792517062
62081.289 lsst_hardware_r 48.01643848874715 55.88999938964844 31.610000610351562 AB 6.143794853149998 1.2003311284054239
62083.2434 lsst_hardware_i 28.623608189641896 38.15999984741211 31.280000686645508 AB 8.65467171075734 1.0796184967211875
62083.254 lsst_hardware_z 105.08910816061356 45.5099983215332 30.959999084472656 AB 8.57646669480967 1.1046216629571326
62086.1415 lsst_hardware_r -15.016285181349588 21.540000915527344 31.479999542236328 AB 4.323133416923234 1.0156147416421066
62086.1596 lsst_hardware_z 55.63059602452821 40.22999954223633 30.950000762939453 AB 4.326960393416806 1.0083020957162048
62088.2342 lsst_hardware_r -29.134393132238927 21.920000076293945 31.459999084472656 AB 7.791637369597169 1.0895871024469088
62088.2467 lsst_hardware_i 26.135770995856177 30.649999618530273 31.229999542236328 AB 8.021880683585087 1.1217844614159955
62090.1701 lsst_hardware_i 31.813762263407533 29.3799991607666 31.239999771118164 AB 5.6019280935735445 1.011421779051517
62090.1798 lsst_hardware_z -18.246553689275515 40.209999084472656 30.940000534057617 AB 5.637560241004059 1.0170593976193123
62096.1847 lsst_hardware_r 20.0234983791638 21.56999969482422 31.469999313354492 AB 3.9246290308782887 1.0390863200630895
62096.1982 lsst_hardware_u -0.3577238083400977 2.4700000286102295 28.290000915527344 AB 3.9405170235696856 1.060419005266331
62098.1861 lsst_hardware_g 11.051685079580269 15.039999961853027 31.459999084472656 AB 8.265404315328178 1.0491754652613667
62098.1973 lsst_hardware_r -3.6476801338744167 22.059999465942383 31.489999771118164 AB 8.272811563093754 1.0690228587733142
62103.2126 lsst_hardware_z -18.626084451293124 53.70000076293945 30.959999084472656 AB 5.70232011947743 1.1422916906003047
62103.2251 lsst_hardware_r 6.410466945164262 61.36000061035156 31.610000610351562 AB 5.917849998231315 1.1854667464404205
62107.0326 lsst_hardware_y -46.316352876253376 59.290000915527344 30.040000915527344 AB 7.319915747962383 1.0908191222481622
62107.0489 lsst_hardware_z -45.61848560357096 60.810001373291016 30.989999771118164 AB 7.0068440656190685 1.057544537399903
62110.1835 lsst_hardware_r -50.27704427969191 55.06999969482422 31.6200008392334 AB 5.788216735785478 1.1131186030356688
62110.1945 lsst_hardware_z 100.82742686584423 50.310001373291016 30.959999084472656 AB 5.9566359285933945 1.1455069093448835
62112.1889 lsst_hardware_g -71.56606014655719 36.880001068115234 31.639999389648438 AB 5.129884753157199 1.1450635609725097
62112.2009 lsst_hardware_r -9.406251758401249 41.59000015258789 31.579999923706055 AB 5.299149890782144 1.186886139376705
62114.0375 lsst_hardware_z 45.34472217221467 45.369998931884766 30.959999084472656 AB 7.628776954744004 1.045037939006028
62114.059 lsst_hardware_g -11.641103776377287 13.100000381469727 31.40999984741211 AB 7.661456629989538 1.0201333683948928
62120.0862 lsst_hardware_g 8.785962545516155 12.930000305175781 31.389999389648438 AB 10.207508327316665 1.0106007731713784
62120.0984 lsst_hardware_i -64.29328413819982 29.600000381469727 31.25 AB 10.278132245461206 1.0174387039592656
62122.0875 lsst_hardware_z -21.536726798422684 40.29999923706055 30.950000762939453 AB 4.156860600895845 1.0138684392428892
62122.1008 lsst_hardware_r -14.248683040885933 21.639999389648438 31.489999771118164 AB 4.162168941133004 1.0241137439736734
62124.0858 lsst_hardware_u -3.058058114527423 2.7100000381469727 28.5 AB 3.4336458195670367 1.0162473753803953
62124.0986 lsst_hardware_g -30.33125842442393 13.25 31.420000076293945 AB 3.4790972854131823 1.027418910421021
62128.0734 lsst_hardware_z 77.5124682785729 41.68000030517578 30.950000762939453 AB 6.542876010584626 1.0152651114259315
62128.0856 lsst_hardware_r 3.8966870313604414 28.020000457763672 31.559999465942383 AB 6.3080170424965285 1.0252770487600678
62129.074 lsst_hardware_z 52.925446555280836 43.150001525878906 30.959999084472656 AB 7.254927636702007 1.017568979854412
62129.0864 lsst_hardware_r 49.74504428062436 33.650001525878906 31.59000015258789 AB 6.258347375260705 1.0289949646926513
62133.0764 lsst_hardware_r 31.42090413636857 60.29999923706055 31.649999618530273 AB 8.384436306205785 1.0300290302464896
62133.0892 lsst_hardware_z -0.7780600229808261 51.7599983215332 30.969999313354492 AB 7.853281157789738 1.047104154371965
