data/validation/pwv_sim_epoch_fit_seasonal/36900038.ecsv
# %ECSV 0.9
# ---
# datatype:
# - {name: time, datatype: float64}
# - {name: band, datatype: string}
# - {name: flux, datatype: float64}
# - {name: fluxerr, datatype: float64}
# - {name: zp, datatype: float64}
# - {name: zpsys, datatype: string}
# - {name: pwv, datatype: float64}
# - {name: airmass, datatype: float64}
# meta: {SNID: '36900038', alt: 1024.0, c: -0.04175044968724251, dec: -12.48276, lat: -30.244573, lon: -70.7499537, ra: 179.648438, t0: 60077.1953125,
#   x0: 5.059345744967901e-06, x1: 0.7809874415397644, z: 0.6102041006088257}
# schema: astropy-2.0
time band flux fluxerr zp zpsys pwv airmass
[from data line 134]
60376.0886 lsst_hardware_i -48.1996343302602 35.880001068115234 31.149999618530273 AB 16.85576692848292 1.636151289316854
60380.2343 lsst_hardware_r -2.2616153839728352 34.0099983215332 32.25 AB 7.774006699885134 1.0505414459304234
60380.2494 lsst_hardware_u 4.388359020777065 2.690000057220459 28.3700008392334 AB 7.840031420710099 1.0594637055013647
60383.1615 lsst_hardware_g 4.511600876876562 15.3100004196167 31.43000030517578 AB 11.05679096889339 1.1103146605973329
60383.1791 lsst_hardware_r -14.70690856714364 24.420000076293945 31.5 AB 11.116859783743703 1.0773890922704552
60385.2437 lsst_hardware_i -6.613947866014781 31.690000534057617 31.239999771118164 AB 8.796304298078772 1.0676746227375233
60385.2606 lsst_hardware_z 34.375657841838894 42.56999969482422 30.940000534057617 AB 8.640246169882976 1.0937020468206298
60392.2019 lsst_hardware_r -34.512191509486684 112.2699966430664 31.65999984741211 AB 6.216716445345563 1.0506534469064528
60392.2218 lsst_hardware_z 20.115733640306704 77.43000030517578 30.989999771118164 AB 6.3127268307856985 1.0645108621093988
60395.137 lsst_hardware_y -18.495582765255918 71.68000030517578 30.049999237060547 AB 7.542594175126135 1.0931295905979905
60395.1559 lsst_hardware_r -56.84118402840195 151.9499969482422 31.65999984741211 AB 7.34878034195474 1.0650406292688028
60399.181 lsst_hardware_r -51.08372562816008 54.56999969482422 31.6299991607666 AB 4.951220326541019 1.0501368715488748
60399.2008 lsst_hardware_z -12.678955496536314 50.400001525878906 30.959999084472656 AB 5.0735560933340995 1.0625433798148571
60401.1775 lsst_hardware_r -4.087422029731363 35.40999984741211 31.579999923706055 AB 8.6158090560035 1.0507084214638414
60401.1961 lsst_hardware_i 27.393852774433345 37.31999969482422 31.270000457763672 AB 8.719213554320229 1.0633187261366133
60413.162 lsst_hardware_z -27.411751277304536 42.290000915527344 30.950000762939453 AB 5.251799040365256 1.0619706875907098
60413.1808 lsst_hardware_u -4.145482475503779 2.869999885559082 28.5 AB 5.911217461256406 1.0875704818097431
60415.1524 lsst_hardware_g -30.73178447088144 15.239999771118164 31.459999084472656 AB 17.67255130527645 1.0582366051063743
60415.1707 lsst_hardware_r 14.564108474995857 24.309999465942383 31.510000228881836 AB 18.421502607110355 1.0798911173466286
60417.1509 lsst_hardware_i -42.052925416764396 41.11000061035156 31.290000915527344 AB 12.514677399465265 1.06179564462784
60417.1689 lsst_hardware_z -24.986637499767916 46.34000015258789 30.950000762939453 AB 14.00776839381253 1.085873518900196
60420.063 lsst_hardware_z 81.98859176281167 70.12999725341797 30.979999542236328 AB 7.762886151131739 1.1047226627482196
60420.076 lsst_hardware_i -7.300027281238509 77.33999633789062 31.329999923706055 AB 7.615064534690597 1.0805597201812407
60423.1346 lsst_hardware_z -189.97594673182186 132.44000244140625 31.75 AB 10.247726732917318 1.061876404664725
60426.1113 lsst_hardware_r -27.515668241991232 82.04000091552734 31.649999618530273 AB 4.655868951945202 1.0514609195901539
60426.1284 lsst_hardware_i -74.67506536764762 66.1500015258789 31.329999923706055 AB 4.773820558991689 1.0639028082068953
60429.1227 lsst_hardware_z -71.25195464117914 65.26000213623047 31.709999084472656 AB 11.150309394400397 1.066657999177347
60432.1085 lsst_hardware_g -8.532338688594606 15.0600004196167 31.459999084472656 AB 14.030520805583162 1.0604278441223765
60432.1266 lsst_hardware_r 45.2425243207187 24.06999969482422 31.510000228881836 AB 12.268106423820715 1.0836113963539031
60436.0839 lsst_hardware_r 6.024836825323667 23.770000457763672 31.5 AB 6.956208754112082 1.0514221212381982
60436.1023 lsst_hardware_i -11.087924841554825 31.420000076293945 31.25 AB 7.071358725524718 1.0652042969834628
60445.0317 lsst_hardware_z 55.530307429292684 44.15999984741211 30.959999084472656 AB 5.507939618989881 1.0544538372719214
60445.0514 lsst_hardware_g -32.34002935358769 28.3700008392334 31.639999389648438 AB 5.3309880756535115 1.0494071015065967
60447.0296 lsst_hardware_r 18.061319055208276 57.68000030517578 31.6299991607666 AB 7.648255086742017 1.052572521829244
60447.0504 lsst_hardware_i 36.364568822665234 51.630001068115234 31.309999465942383 AB 8.7864355681453 1.0502552675287493
60458.0024 lsst_hardware_z 57.04430871651044 42.04999923706055 30.959999084472656 AB 9.904956279036297 1.051314151572074
60458.0238 lsst_hardware_i 38.85955095084644 31.639999389648438 31.260000228881836 AB 9.902887392145129 1.0514107508647856
60461.9954 lsst_hardware_r -19.93857511934613 24.40999984741211 31.510000228881836 AB 10.026560225157063 1.0500665261723896
60462.0153 lsst_hardware_i 28.70118633657169 31.709999084472656 31.25 AB 11.34487032518837 1.05248934203017
60463.9906 lsst_hardware_z 49.620500269706966 41.84000015258789 30.940000534057617 AB 11.339055298789493 1.0499125276656938
60464.0111 lsst_hardware_u -1.482414510240193 2.7699999809265137 28.43000030517578 AB 11.809623779423115 1.053137779906197
60467.9634 lsst_hardware_y -43.15438118611586 69.3499984741211 30.790000915527344 AB 2.608821573793407 1.0584528141974816
60467.9834 lsst_hardware_i -40.95306559764037 44.599998474121094 32.0 AB 2.5853249717961737 1.0493454984458694
