data/validation/pwv_sim_epoch_fit_seasonal/36916023.ecsv
# %ECSV 0.9
# ---
# datatype:
# - {name: time, datatype: float64}
# - {name: band, datatype: string}
# - {name: flux, datatype: float64}
# - {name: fluxerr, datatype: float64}
# - {name: zp, datatype: float64}
# - {name: zpsys, datatype: string}
# - {name: pwv, datatype: float64}
# - {name: airmass, datatype: float64}
# meta: {SNID: '36916023', alt: 1024.0, c: 0.04946773871779442, dec: -34.953865, lat: -30.244573, lon: -70.7499537, ra: 335.917969, t0: 60819.15234375,
#   x0: 4.581663118814147e-06, x1: 0.21851661801338196, z: 0.6359870433807373}
# schema: astropy-2.0
time band flux fluxerr zp zpsys pwv airmass
60808.3554 lsst_hardware_z 787.6956515002034 68.1031266328228 30.950000762939453 AB 8.04274252926355 1.3078693437293356
60808.3745 lsst_hardware_i 1098.6854396288134 72.95430053889498 31.299999237060547 AB 7.440346047864666 1.2133636738201001
60810.3702 lsst_hardware_z 1932.5906580471108 93.72159311007907 31.719999313354492 AB 9.276094485809839 1.20841484915291
60814.3682 lsst_hardware_z 2026.043989590436 90.81930199611632 31.719999313354492 AB 9.629644204737716 1.1730117189463898
60819.4349 lsst_hardware_i 1418.2148350626019 57.47060200236235 31.309999465942383 AB 6.174845238588402 1.0105440554116802
60823.3255 lsst_hardware_u 0.37834330164894453 2.673628786433827 28.280000686645508 AB 9.792736484668463 1.2500700794215367
60824.3666 lsst_hardware_g 163.17386208359906 19.633122121783373 31.43000030517578 AB 9.306244873357535 1.0938014307850277
60824.3887 lsst_hardware_r 1255.5556058644245 42.67386601000392 31.510000228881836 AB 8.530251603371877 1.0479210012127365
60830.3748 lsst_hardware_r 914.568174060318 39.07190487918439 31.510000228881836 AB 12.498314031142076 1.0438748877592983
60830.3977 lsst_hardware_i 1119.2768736985288 44.944436760102654 31.260000228881836 AB 11.812375238737221 1.01596535908463
60833.3445 lsst_hardware_z 940.2105084186144 51.510480220389425 30.950000762939453 AB 2.5493052937312006 1.0877422672725932
60833.3626 lsst_hardware_r 892.3241340517126 36.9762464856319 31.5 AB 2.4939381710291046 1.0505215547721587
60842.2412 lsst_hardware_i 1405.3639298513942 113.41798637861318 32.0099983215332 AB 10.76009166659725 1.4496912471276664
60842.2637 lsst_hardware_z 1274.27214796139 102.88323426590222 31.709999084472656 AB 8.590450215706104 1.3015833660160765
60844.2691 lsst_hardware_z 599.5274932104329 56.07752219506814 30.940000534057617 AB 6.333917243508696 1.2456081108178108
60844.2915 lsst_hardware_r 453.20223917044757 49.25364561297679 31.59000015258789 AB 5.846075996805614 1.1544003943009278
60847.2425 lsst_hardware_r 310.709485315541 29.40190674910634 31.440000534057617 AB 3.9028698147625036 1.345971886916625
60847.2655 lsst_hardware_u -0.611436028271703 2.6276843529532807 28.239999771118164 AB 3.940564642538587 1.2244432976116761
60849.2076 lsst_hardware_u 0.486923849716626 2.408056628836829 27.959999084472656 AB 4.8523873075849915 1.5751094917501596
60849.2225 lsst_hardware_g 26.991796179021506 14.894130394239454 31.280000686645508 AB 4.624066319422096 1.446527524323909
60860.2717 lsst_hardware_z 699.646961448423 64.87877530781225 31.700000762939453 AB 7.571297890242197 1.0855685554867538
60860.3062 lsst_hardware_r 280.3980687323681 36.33202329571431 32.2599983215332 AB 7.1585924647596775 1.0256475383811772
60861.2644 lsst_hardware_r 180.10316357285575 37.342041132672726 31.579999923706055 AB 4.30861384266034 1.096804542043434
60861.2835 lsst_hardware_i 296.00376921319906 39.45964679420945 31.280000686645508 AB 4.176091604271174 1.0552347705044718
60863.2635 lsst_hardware_z 638.8501672261424 75.60307744444479 31.719999313354492 AB 1.7241000631662444 1.0855913924858291
60867.2351 lsst_hardware_r 151.0792754165568 115.81167470783556 31.639999389648438 AB 9.407340802852564 1.1334145545605498
60867.2537 lsst_hardware_i 195.74941657714274 94.91222776407935 31.329999923706055 AB 9.40076755384982 1.0829649567156379
60870.2619 lsst_hardware_i 143.4790401410923 79.16269444627936 31.34000015258789 AB 6.524593466478874 1.049982855886526
60870.2816 lsst_hardware_z 366.94947520621145 71.57465242586748 31.0 AB 6.363354667851932 1.0226363467821507
60873.2631 lsst_hardware_g -8.215334936164531 50.93471519748565 32.439998626708984 AB 1.9159489916003736 1.0353682743044441
60873.2933 lsst_hardware_r 175.45180085139728 56.91234436349694 32.369998931884766 AB 1.7972664567030001 1.0072481543263592
60877.16 lsst_hardware_i 169.54723935985177 35.11606214209718 31.209999084472656 AB 7.832733899299825 1.3496956747788327
60877.1802 lsst_hardware_z 202.3349036671586 46.24053042324835 30.93000030517578 AB 7.758617874374234 1.2399735565358034
60879.1636 lsst_hardware_r 77.3205991054202 25.53780851059352 31.459999084472656 AB 7.51990079798564 1.2965346203423518
60879.1823 lsst_hardware_u 1.2622131628965083 2.873576900208393 28.34000015258789 AB 6.388983534198691 1.2064170324213501
60881.1667 lsst_hardware_g 13.843149166707562 14.817616727013439 31.3799991607666 AB 7.296410909116414 1.2522802555764891
60881.1861 lsst_hardware_i 83.64204769121135 33.74182031841085 31.229999542236328 AB 6.893364791336303 1.1700029348387666
60883.1679 lsst_hardware_z 226.8981153248717 45.77973156770021 30.93000030517578 AB 3.825046829958567 1.2214093123869827
60883.1889 lsst_hardware_r 107.25622891149258 24.85947254734175 31.479999542236328 AB 3.4623734504525605 1.1414417968524926
60888.1652 lsst_hardware_z 255.00151329523698 45.75772661063896 30.940000534057617 AB 4.782828690206169 1.1766599889799296
60888.1851 lsst_hardware_r 89.88027955499076 27.67083731021487 31.520000457763672 AB 5.100602083289156 1.1117266964448902
60890.1682 lsst_hardware_z 204.32341589452167 48.08720735045643 30.950000762939453 AB 2.590317097520986 1.146665381815399
60890.1865 lsst_hardware_r 20.649035758800633 39.76561558335783 31.59000015258789 AB 2.4575613682167465 1.093586102221269
60894.1589 lsst_hardware_r -45.9976372054233 94.74814760879683 31.639999389648438 AB 3.0953064771854404 1.141337196602301
60894.1769 lsst_hardware_z 171.46763394008477 69.9851313840764 30.989999771118164 AB 3.0590747263612186 1.090320087808442
60896.1544 lsst_hardware_y 81.25809956872526 70.4820808475929 30.030000686645508 AB 4.9115092628018155 1.1382408488532598
60896.1734 lsst_hardware_r 44.630491409858095 145.09001213334355 31.649999618530273 AB 4.101137431762693 1.0856031849017784
60897.1602 lsst_hardware_i 26.509031532632434 115.6718406088782 31.329999923706055 AB 4.855954891070157 1.112645281693307
60897.1779 lsst_hardware_z -18.850591635234323 94.85287034381615 31.0 AB 4.4527426941127395 1.0695138576731962
60899.1525 lsst_hardware_r 94.43464183753169 81.68730248517274 31.639999389648438 AB 3.5764582829492135 1.1190420159415562
60899.1703 lsst_hardware_z 199.80556438807952 62.77045130403127 30.989999771118164 AB 2.927811977932459 1.0740651076148955
60904.1563 lsst_hardware_u 2.257351043691318 2.859999895095825 28.530000686645508 AB 4.583046337946068 1.0748232499873518
60904.1748 lsst_hardware_g -9.314493530809349 14.680000305175781 31.459999084472656 AB 4.60119184157047 1.0407189297479105
60906.1627 lsst_hardware_r -34.044311129469854 23.579999923706055 31.510000228881836 AB 1.9188419014444367 1.0515642698695364
60906.1804 lsst_hardware_i -10.718863423302952 30.950000762939453 31.270000457763672 AB 2.4794141646974457 1.0258937306520015
60908.1612 lsst_hardware_z -14.445162512485933 41.38999938964844 30.950000762939453 AB 1.8409645801274472 1.0449141501054473
60908.1793 lsst_hardware_u 3.332267955355454 2.7100000381469727 28.440000534057617 AB 1.7660202887427308 1.0211160964109458
60912.0848 lsst_hardware_r -30.141767014084927 24.06999969482422 31.469999313354492 AB 4.683071865450688 1.2392357410560169
60912.103 lsst_hardware_u -3.2110332306670366 2.6500000953674316 28.34000015258789 AB 4.498737761474689 1.1644202825093022
60920.0917 lsst_hardware_r -126.06852365395324 48.41999816894531 31.610000610351562 AB 3.302883249392847 1.1293839115721822
60932.0679 lsst_hardware_r 3.789626825582226 23.299999237060547 31.489999771118164 AB 1.2873118002413773 1.103725464625751
60932.0873 lsst_hardware_u 3.0145155976565583 2.700000047683716 28.43000030517578 AB 1.3388264513088135 1.0596172942692066
60934.0841 lsst_hardware_r -0.8749172874405291 23.06999969482422 31.5 AB 3.799454409982781 1.0554040027729947
60934.1018 lsst_hardware_i 1.776990312661334 30.530000686645508 31.260000228881836 AB 3.7024895171653776 1.028469310323716
60936.0697 lsst_hardware_i -52.02641702644466 30.860000610351562 31.25 AB 1.1865498911275896 1.0731533534467195
60936.0869 lsst_hardware_z -36.785007994684086 41.20000076293945 30.950000762939453 AB 1.5622935242812426 1.041529016187495
60938.0669 lsst_hardware_r 11.181463417313429 23.1200008392334 31.489999771118164 AB 5.967671319415198 1.0675619533837564
60938.083 lsst_hardware_u 2.101827069738664 2.690000057220459 28.43000030517578 AB 5.806005903887898 1.0391681956664793
60940.0709 lsst_hardware_g -9.613294552194128 14.130000114440918 31.420000076293945 AB 2.6913728834997674 1.0497797692831858
60940.0874 lsst_hardware_i 14.335865086656401 30.420000076293945 31.25 AB 3.3626699710870143 1.0260906182435074
60942.997 lsst_hardware_y 4.280248391367223 50.2599983215332 29.969999313354492 AB 5.585943361983768 1.2543285992477937
60943.0146 lsst_hardware_i 30.51946659528921 32.0099983215332 31.229999542236328 AB 5.1556216191228215 1.1782931365838365
60944.9989 lsst_hardware_z 80.08053597335835 44.400001525878906 30.93000030517578 AB 2.695769515220029 1.2201732869131092
60945.02 lsst_hardware_u 0.41704431381551005 2.990000009536743 28.420000076293945 AB 3.536173552021231 1.14021073259498
60946.998 lsst_hardware_y 18.061939929429958 50.68000030517578 30.0 AB 4.549044105428484 1.2007507207149226
60947.0175 lsst_hardware_r -42.03181246989784 29.549999237060547 31.540000915527344 AB 3.8452899367969704 1.1308567601598776
60949.9996 lsst_hardware_y 42.29317615935632 54.279998779296875 30.020000457763672 AB 8.280631629847 1.1631461963963923
60950.0201 lsst_hardware_z -43.326395083844304 53.86000061035156 30.969999313354492 AB 5.479589576701207 1.1001719134054317
60952.0005 lsst_hardware_y 121.09755137573526 60.25 30.020000457763672 AB 2.7549215321826948 1.1414632410120964
60952.0211 lsst_hardware_z -133.39689732802125 71.93000030517578 30.989999771118164 AB 2.6058496922358922 1.0841895952719438
60957.0015 lsst_hardware_y 26.03672490581568 49.029998779296875 30.030000686645508 AB 4.283821314766088 1.0988383518704041
60957.0214 lsst_hardware_r 8.434726779118389 22.809999465942383 31.489999771118164 AB 4.0436057818489655 1.055220715513822
60959.0 lsst_hardware_z -41.301270338980885 43.63999938964844 30.950000762939453 AB 3.8112259704419857 1.0889217058405674
60959.0189 lsst_hardware_g -24.98676566713892 14.1899995803833 31.43000030517578 AB 3.5615548684338507 1.0499866947033758
60960.9999 lsst_hardware_y -91.36184833891139 50.25 30.040000915527344 AB 5.360917350663806 1.076507441690217
60961.018 lsst_hardware_i -55.41335940407796 30.59000015258789 31.25 AB 6.002295960070847 1.0425177525090485
60963.0019 lsst_hardware_y -7.2580771821110295 50.22999954223633 30.040000915527344 AB 7.185184852586871 1.0610659393433726
60963.0216 lsst_hardware_r -5.141673629477013 22.809999465942383 31.5 AB 6.967032634664564 1.0297375491559893
60965.0028 lsst_hardware_y 36.476461646991865 50.0 30.049999237060547 AB 7.397766941063062 1.04950232062938
60965.0223 lsst_hardware_g -23.497154376087227 14.100000381469727 31.43000030517578 AB 7.218870543953749 1.022551189001398
61177.3796 lsst_hardware_r 49.39700443982299 41.31999969482422 32.66999816894531 AB 8.410883098063925 1.1542708475059504
61177.4002 lsst_hardware_i 37.786426877873964 54.20000076293945 32.43000030517578 AB 7.973182444494695 1.0934525243590019
61178.3552 lsst_hardware_z 34.83367624661912 43.869998931884766 30.93000030517578 AB 8.704489704000112 1.2419756304531508
61182.3589 lsst_hardware_u 2.5767172810778445 2.6700000762939453 28.34000015258789 AB 5.021384756267368 1.1798366438597852
61182.3799 lsst_hardware_g -18.635660886415117 14.6899995803833 31.420000076293945 AB 4.621357045365793 1.1109921577126924
61185.357 lsst_hardware_r 0.6588337378536535 23.790000915527344 31.489999771118164 AB 8.574560990047638 1.1569005158598118
61185.3762 lsst_hardware_z -21.38502646510394 42.18000030517578 30.940000534057617 AB 8.660043680748577 1.0989438281902515
61187.3558 lsst_hardware_r 27.611827751883734 23.899999618530273 31.489999771118164 AB 4.148927220495978 1.1425354930683418
61187.3762 lsst_hardware_u 1.6418650934186425 2.7200000286102295 28.40999984741211 AB 5.361757740392563 1.0854309915264058
61189.3432 lsst_hardware_z -56.99722405855272 54.849998474121094 30.959999084472656 AB 9.93663056363539 1.1671387843430558
61189.3622 lsst_hardware_r -132.0981674857776 64.30999755859375 31.6299991607666 AB 9.41397722729464 1.107114278283937
61194.3231 lsst_hardware_z 98.95038385036584 62.619998931884766 30.959999084472656 AB 11.337529170921037 1.1916992953274568
61194.3372 lsst_hardware_r -9.131144071403586 84.94999694824219 31.6299991607666 AB 12.089667153983868 1.1408754647442296
61196.3807 lsst_hardware_r 4.090127379205442 75.88999938964844 31.649999618530273 AB 4.748642851224034 1.0323136633095726
61196.4011 lsst_hardware_z -83.44895582950258 61.15999984741211 30.989999771118164 AB 4.6538766218393866 1.011712309095519
61198.3564 lsst_hardware_z -96.23336801776233 51.9900016784668 30.959999084472656 AB 2.457228874693044 1.0632751513169316
61198.3751 lsst_hardware_i 14.729073393353504 50.16999816894531 31.309999465942383 AB 1.1543346852621788 1.0324997184813762
61220.2768 lsst_hardware_z 138.01136718855886 66.55000305175781 30.979999542236328 AB 2.951902324328165 1.109216467572819
61220.2897 lsst_hardware_r -91.77170089044074 95.80999755859375 31.649999618530273 AB 2.9919082734792357 1.0771946979221365
61223.2768 lsst_hardware_z -9.787424781634028 106.58000183105469 31.739999771118164 AB 8.947346524435128 1.0880988932680167
61225.2664 lsst_hardware_z 107.66844668391816 69.33999633789062 30.979999542236328 AB 7.684779647546048 1.1004983026702058
61225.2863 lsst_hardware_r -106.12924599167212 89.38999938964844 31.649999618530273 AB 7.318638916246865 1.0563855248624228
61231.265 lsst_hardware_i -12.251165217816 30.770000457763672 31.25 AB 10.327372218972506 1.06588628537233
61231.2846 lsst_hardware_z 71.30507025732965 41.0 30.950000762939453 AB 9.866179393438255 1.0330446894278629
61233.2691 lsst_hardware_i -29.393408919064864 30.469999313354492 31.25 AB 7.950699147545639 1.0482134670462138
61233.2883 lsst_hardware_u -0.49430558223089605 2.690000057220459 28.440000534057617 AB 7.760298491356874 1.0220556873398434
61235.2411 lsst_hardware_u -3.653108536460145 2.640000104904175 28.3700008392334 AB 7.221576785177202 1.0953538699630465
61235.2599 lsst_hardware_g 0.4204329066991245 14.1899995803833 31.43000030517578 AB 6.572345649969797 1.0547395225628562
61238.2624 lsst_hardware_u -1.2096371820784846 2.5999999046325684 28.360000610351562 AB 1.9472895378876758 1.0373556980667722
61238.2812 lsst_hardware_g 10.856300622121248 13.979999542236328 31.40999984741211 AB 1.8885256562365782 1.0157914780295356
61242.168 lsst_hardware_i 53.20502428381458 35.060001373291016 31.219999313354492 AB 8.183721245292821 1.306347255650226
61242.1866 lsst_hardware_z -14.515833833925916 44.439998626708984 30.93000030517578 AB 7.602841921560153 1.2143498344033254
61244.1609 lsst_hardware_r -33.84096633070359 41.40999984741211 31.530000686645508 AB 7.631034351409273 1.315695577829185
61244.1794 lsst_hardware_z -52.90004637510665 47.380001068115234 30.93000030517578 AB 6.567998719380582 1.2219532501173176
61246.1617 lsst_hardware_z -53.88091907917453 53.400001525878906 30.93000030517578 AB 7.244942519158605 1.2811569441482944
61246.1802 lsst_hardware_i -106.50403587369158 49.47999954223633 31.280000686645508 AB 7.022426002737342 1.1954591654657774
61248.165 lsst_hardware_z -13.900225481170823 64.80000305175781 30.959999084472656 AB 3.8431875806545706 1.237741571869427
61248.1837 lsst_hardware_r -58.6731436663512 88.0 31.6299991607666 AB 3.6035142305515473 1.1614872620633512
61251.1585 lsst_hardware_r -95.64788506577187 147.6699981689453 31.610000610351562 AB 6.845411310904196 1.229972385392902
61251.1777 lsst_hardware_i 29.606672349222322 114.7699966430664 31.31999969482422 AB 5.621797582062715 1.1538401317795095
61253.1856 lsst_hardware_r -80.16711696638289 103.80999755859375 31.639999389648438 AB 5.0692498465519344 1.1122874046191846
61253.205 lsst_hardware_z 50.22539944317463 72.77999877929688 30.989999771118164 AB 5.006935118698528 1.065758858811947
