data/validation/pwv_sim_epoch_fit_seasonal/36920970.ecsv
# %ECSV 0.9
# ---
# datatype:
# - {name: time, datatype: float64}
# - {name: band, datatype: string}
# - {name: flux, datatype: float64}
# - {name: fluxerr, datatype: float64}
# - {name: zp, datatype: float64}
# - {name: zpsys, datatype: string}
# - {name: pwv, datatype: float64}
# - {name: airmass, datatype: float64}
# meta: {SNID: '36920970', alt: 1024.0, c: -0.14999961853027344, dec: -53.764561, lat: -30.244573, lon: -70.7499537, ra: 101.769234, t0: 62088.06640625,
#   x0: 3.689100228158227e-06, x1: 1.2135788202285767, z: 0.6934511661529541}
# schema: astropy-2.0
time band flux fluxerr zp zpsys pwv airmass
62077.3669 lsst_hardware_z 587.9897437487807 79.66607474959831 30.989999771118164 AB 5.340749812876483 1.0910622702505353
62090.3074 lsst_hardware_u 0.8445551056699652 2.653898244913593 28.299999237060547 AB 5.331742116005356 1.0955306200939425
62090.3153 lsst_hardware_z 729.9818409322195 48.99707156168242 30.940000534057617 AB 5.2339285443505785 1.092521385364956
62095.2235 lsst_hardware_i 2172.2570282716397 63.26396872661988 31.969999313354492 AB 3.9278959801716855 1.1947972563259504
62095.2352 lsst_hardware_z 1341.6952118327506 70.26904838640542 31.68000030517578 AB 3.8448715500211645 1.1682692781063473
62096.3389 lsst_hardware_u -0.511142288209896 3.0830224151447836 28.420000076293945 AB 5.31901887079313 1.1004866629227164
62096.351 lsst_hardware_g 238.99332098126362 25.9291121380793 31.540000915527344 AB 5.285829204959466 1.1106627641309839
62098.3427 lsst_hardware_r 876.2233870669709 38.03682303097026 31.489999771118164 AB 9.287675659075381 1.1079399159880765
62098.3549 lsst_hardware_i 1033.3836023180595 56.79134498757713 31.290000915527344 AB 9.394952733635312 1.121138375898695
62103.3402 lsst_hardware_g 114.81613355674168 18.06046881811882 31.399999618530273 AB 5.140957862551217 1.119851410456048
62103.3538 lsst_hardware_r 762.9597443924488 43.01501157348758 31.549999237060547 AB 5.228014397760068 1.1389182480052176
62105.3381 lsst_hardware_i 804.0362550489218 48.70143574565212 31.280000686645508 AB 8.094568376389867 1.124089484292441
62105.3497 lsst_hardware_z 563.8728037664256 58.01211806913365 30.959999084472656 AB 8.315671894864941 1.1411131499677443
62107.3194 lsst_hardware_z 670.9003521602077 62.51113860695322 30.969999313354492 AB 6.815101330614665 1.1091403122097734
62107.332 lsst_hardware_i 691.9367266507559 68.00418896466101 31.309999465942383 AB 6.894378257370979 1.1232611484866157
62110.3112 lsst_hardware_r 587.5029525811245 63.26322587833179 31.6200008392334 AB 4.816690417525896 1.1091337096370364
62110.3228 lsst_hardware_z 522.6936122530658 56.1243263828974 30.959999084472656 AB 4.846096232422853 1.1219763228391968
62112.3117 lsst_hardware_y 215.23154246744048 50.97978065266449 30.030000686645508 AB 6.191718825515444 1.1152900916568982
62112.3254 lsst_hardware_r 554.8431941965483 49.4230349205412 31.600000381469727 AB 6.269091047522972 1.1330365168123508
62114.2892 lsst_hardware_i 454.80945263871575 40.79464210172399 31.260000228881836 AB 10.148061973410432 1.1001205456567218
62114.3021 lsst_hardware_z 445.40100590192594 47.99571923302752 30.950000762939453 AB 11.150011356017448 1.110918510077211
62116.2936 lsst_hardware_r 326.7610704272022 29.117413279640708 31.479999542236328 AB 11.639284172570795 1.1079932259027554
62116.3062 lsst_hardware_g 55.946538204373496 17.630276423350193 31.43000030517578 AB 11.823708964958554 1.121705333065876
62118.2828 lsst_hardware_r 230.5123873576034 27.281703904672742 31.469999313354492 AB 8.655836056957925 1.1034273767554241
62118.295 lsst_hardware_i 402.37043676746964 36.41088676452897 31.239999771118164 AB 8.030557323250656 1.1149422422136233
62122.2896 lsst_hardware_u 1.597065114163847 2.6943597353914277 28.34000015258789 AB 5.941374391993284 1.1214372200819578
62122.3013 lsst_hardware_g -10.581767861360747 13.269121059500524 31.34000015258789 AB 7.953835835209531 1.137942081435879
62124.2235 lsst_hardware_u -2.9170311213165827 2.967192767176433 28.510000228881836 AB 5.420382643081958 1.0922685426864724
62124.2354 lsst_hardware_g 46.103834025232715 13.99054824254298 31.389999389648438 AB 5.3982535635579465 1.090886847238142
62126.2217 lsst_hardware_r 161.22303876906219 25.390211190800287 31.489999771118164 AB 5.184898157996564 1.0914809117949877
62126.2333 lsst_hardware_i 253.58611838916516 34.29823930494884 31.260000228881836 AB 5.226630481635323 1.0911166239800487
62128.2182 lsst_hardware_z 219.39151239456513 44.36190596341398 30.940000534057617 AB 7.756927632642065 1.0911930459496133
62128.2314 lsst_hardware_r 132.52523708653595 24.891113371892914 31.479999542236328 AB 7.556452354632389 1.0916573757053438
62129.2223 lsst_hardware_z 300.58561093084535 44.37190509298354 30.950000762939453 AB 7.199094338363787 1.0909096105614178
62129.2348 lsst_hardware_r 156.43220918033703 24.76619269723607 31.479999542236328 AB 7.2149033583594075 1.0933052190971853
62131.2222 lsst_hardware_i 232.0572149908661 37.8683687251059 31.270000457763672 AB 5.469932803248163 1.0914761654691214
62131.2364 lsst_hardware_z 206.685457511858 44.19633630583985 30.940000534057617 AB 5.571588592751624 1.0963377789751327
62133.2208 lsst_hardware_r 92.75082282318091 51.58908310557803 31.6200008392334 AB 7.848936686019596 1.092367932364115
62133.2341 lsst_hardware_z 184.68473566411396 50.18789452512199 30.959999084472656 AB 7.883759188182125 1.0980930689019825
62135.2201 lsst_hardware_y 178.93036249370783 52.62316376945282 30.040000915527344 AB 7.290627576715087 1.0939223132012235
62135.2323 lsst_hardware_r 192.94751984683026 73.545496426949 31.639999389648438 AB 7.322479561517737 1.1004352503218946
62137.1975 lsst_hardware_r 15.995896445016584 83.26485575486869 31.639999389648438 AB 7.634262196735096 1.0909018703216145
62137.2114 lsst_hardware_i 241.81755309316534 66.00196111739216 31.31999969482422 AB 7.692186774615 1.0928078135019292
62139.2065 lsst_hardware_z 71.44293234770224 54.08607554506447 30.959999084472656 AB 4.1344864339474885 1.0929843193305104
62139.2188 lsst_hardware_r 121.36404319740173 63.98059487312264 31.6299991607666 AB 3.7951013818395016 1.098755466658802
62141.2062 lsst_hardware_z 179.2026637798765 48.9267438464469 30.959999084472656 AB 12.554122218037687 1.0949556028378984
62141.2196 lsst_hardware_r 138.97287256843742 47.44645706731174 31.610000610351562 AB 12.892029956508157 1.1031321758836408
62143.205 lsst_hardware_i 130.56509408223408 35.959544831374735 31.260000228881836 AB 8.668719213088727 1.0970747791295583
62143.2176 lsst_hardware_z 139.69768068963972 45.046050148412476 30.950000762939453 AB 9.673603926023581 1.105976058615501
62145.1839 lsst_hardware_r 75.94568818368396 23.104438890086954 31.479999542236328 AB 8.216628073480255 1.091475567678036
62145.197 lsst_hardware_u -1.987690292171588 2.638341992779746 28.34000015258789 AB 8.243775664537512 1.0957610542141132
62147.1837 lsst_hardware_g 15.687724206724726 13.073242677984297 31.3700008392334 AB 7.4735036062178235 1.092697361827302
62147.1958 lsst_hardware_r 37.11394565275046 22.991637479911777 31.469999313354492 AB 7.477613322671052 1.0980611355154644
62149.1635 lsst_hardware_r 18.84654761989398 22.948209179140264 31.489999771118164 AB 5.403201242132739 1.0909680795799042
62149.1758 lsst_hardware_i 108.24724215085175 31.78077458063713 31.25 AB 5.760473946754724 1.0920502276664101
62153.1608 lsst_hardware_u -2.647226296849074 2.774183814161826 28.3799991607666 AB 1.469694569303317 1.0912898231321622
62153.1734 lsst_hardware_r 50.30224902293524 22.813293242351925 31.469999313354492 AB 3.345621157181085 1.094950468722332
62157.1648 lsst_hardware_r 56.35659497974429 22.65227025030787 31.469999313354492 AB 13.065466043281512 1.0960501693118168
62157.1783 lsst_hardware_u 0.42455609015791546 2.640127598693656 28.329999923706055 AB 12.708347215782684 1.1050736709376248
62159.1601 lsst_hardware_g -1.8457762212228683 17.747654976750667 31.5 AB 8.496679781179552 1.0964400956443061
62159.1746 lsst_hardware_r 66.56402019277967 22.755941072637864 31.469999313354492 AB 9.588145323549858 1.1065904677335734
62161.1564 lsst_hardware_i 62.24358324474256 40.88003912964392 31.290000915527344 AB 8.589310448355645 1.0973949723208951
62161.1694 lsst_hardware_z 73.12024852147923 46.87280728997714 30.959999084472656 AB 8.54246431427605 1.106823570131644
62164.1561 lsst_hardware_r 133.98287221567296 67.70815643216059 31.639999389648438 AB 13.110451235834972 1.102614272308175
62164.1677 lsst_hardware_z 163.59520689922704 54.97228175445549 30.969999313354492 AB 11.837544267262798 1.1131439927840139
62166.1517 lsst_hardware_r 14.592694017617244 85.44625053091625 31.639999389648438 AB 13.269003025639599 1.1034361014239247
62166.1644 lsst_hardware_i 76.1728080495874 67.43110817814345 31.31999969482422 AB 13.392230101817914 1.115492414844483
62168.155 lsst_hardware_z 202.9447906126401 55.89400777147727 30.979999542236328 AB 9.226077613123065 1.1113078310194007
62168.1673 lsst_hardware_i 32.07578773002334 58.027881783344036 31.309999465942383 AB 12.818880222463035 1.1257469239012061
62170.1 lsst_hardware_z 140.84688782157812 46.93523077057484 30.959999084472656 AB 7.9702285944319895 1.0918121362235602
62170.1141 lsst_hardware_r 101.41986621267621 42.784523141708036 31.610000610351562 AB 7.958409591844571 1.0912644274302972
62172.0932 lsst_hardware_u 1.2144357233039385 2.838134158547667 28.5 AB 6.7412623406187775 1.0921150784024372
62172.1057 lsst_hardware_g 34.990883839272264 13.291829442807169 31.389999389648438 AB 6.734284476407724 1.0909846327477681
62174.0969 lsst_hardware_r -1.4790260123071768 21.65999984741211 31.479999542236328 AB 6.005874033682122 1.0909192359558202
62174.1091 lsst_hardware_i -39.256372641331424 30.200000762939453 31.25 AB 6.016039932845633 1.0924681334425046
62178.0891 lsst_hardware_u 1.606379878001228 2.5999999046325684 28.40999984741211 AB 1.769017887512902 1.0909761871803019
62178.1026 lsst_hardware_r 4.279017161179748 21.59000015258789 31.479999542236328 AB 1.8126284655220983 1.0939218259034993
62180.0846 lsst_hardware_i -20.1103169652869 29.940000534057617 31.239999771118164 AB 3.7243602830024627 1.091041266411873
62180.0971 lsst_hardware_z -57.8180792275147 41.380001068115234 30.950000762939453 AB 3.7341464295582543 1.0939080915630948
62182.082 lsst_hardware_r -39.793582091529174 21.670000076293945 31.479999542236328 AB 1.8796941941929535 1.0913649279231392
62182.0938 lsst_hardware_u 1.9004442646716604 2.609999895095825 28.399999618530273 AB 1.6323311839083594 1.094789526430834
62184.0814 lsst_hardware_g -4.253540284365013 12.600000381469727 31.350000381469727 AB 1.408061930247422 1.0923676728063785
62184.0934 lsst_hardware_r -6.672242790844889 21.579999923706055 31.459999084472656 AB 2.5613732620715863 1.0973003157637726
62186.0824 lsst_hardware_i 26.43213273222461 30.09000015258789 31.25 AB 3.186435457450182 1.094587510073632
62186.0941 lsst_hardware_z 6.479665804340439 41.29999923706055 30.950000762939453 AB 3.7028234723304476 1.1012114415853056
62188.0801 lsst_hardware_r 24.77451426775001 26.59000015258789 31.530000686645508 AB 3.509172359159238 1.0960455052033993
62188.0938 lsst_hardware_g 2.900658090175547 18.850000381469727 31.520000457763672 AB 5.06411817302768 1.1052200290326795
62190.0769 lsst_hardware_r -11.266423610818162 37.459999084472656 31.59000015258789 AB 7.862817361172705 1.0972393749892135
62190.089 lsst_hardware_i -7.558540012404467 37.84000015258789 31.280000686645508 AB 7.279465129588298 1.1057835304512778
62194.0571 lsst_hardware_r -140.441097163222 72.66000366210938 31.639999389648438 AB 8.554361675905808 1.0932790179443808
62194.0715 lsst_hardware_z -43.40911696660041 55.86000061035156 30.969999313354492 AB 8.574895089662332 1.1006861035443594
62196.0558 lsst_hardware_g -22.728824848673526 90.26000213623047 31.709999084472656 AB 4.231502367936955 1.0948967896854789
62196.069 lsst_hardware_r -96.60159375797627 81.5 31.639999389648438 AB 4.129888772624707 1.1028476594231142
62200.0642 lsst_hardware_r 83.26615802228396 40.5099983215332 32.68000030517578 AB 11.855823710418873 1.1080209075157825
62200.0962 lsst_hardware_g 22.358737907840645 27.600000381469727 31.600000381469727 AB 11.904006777699001 1.1513135816721312
62202.0466 lsst_hardware_r -7.702518172723714 21.600000381469727 31.459999084472656 AB 7.0616522471037895 1.0986908381553275
62202.0618 lsst_hardware_i 10.163799994178724 30.350000381469727 31.229999542236328 AB 7.18166733441955 1.1109679783044732
62204.0459 lsst_hardware_z 42.13350564161137 58.58000183105469 31.690000534057617 AB 11.846902668188841 1.101909328514251
62204.0584 lsst_hardware_i -19.472532440877963 30.290000915527344 31.239999771118164 AB 11.967105635913594 1.113089699887324
62206.0421 lsst_hardware_u -2.0874689425933486 2.5999999046325684 28.399999618530273 AB 7.905566551119767 1.1031664470426827
62206.055 lsst_hardware_g -1.9082477983094959 12.779999732971191 31.3700008392334 AB 7.920648870855367 1.1153225352061067
62208.0464 lsst_hardware_r 5.724673731945503 30.520000457763672 32.209999084472656 AB 11.764631527806593 1.111968953478911
62208.0598 lsst_hardware_i 38.83671246011591 42.790000915527344 31.979999542236328 AB 11.84718108588236 1.12812389327555
62213.0297 lsst_hardware_g 4.254251241858819 12.819999694824219 31.3799991607666 AB 8.626603946341758 1.1089605278752743
62213.0445 lsst_hardware_r -10.523275070598714 21.899999618530273 31.489999771118164 AB 7.80684519222549 1.1258790297412264
62458.358 lsst_hardware_y -102.65656239372086 72.3499984741211 30.040000915527344 AB 4.088560493889885 1.1088624039839954
62461.336 lsst_hardware_i -76.69386836404433 60.7400016784668 31.309999465942383 AB 4.0358917854479435 1.098201846380331
62461.3487 lsst_hardware_z -11.678479684345978 61.880001068115234 30.969999313354492 AB 4.0566844776965745 1.1078288137171475
62466.3402 lsst_hardware_z 67.9303960337555 49.45000076293945 30.950000762939453 AB 5.675836626707856 1.1129091424917366
62466.3515 lsst_hardware_r 18.87386827929525 53.529998779296875 31.610000610351562 AB 5.745161933326299 1.126502339867902
62468.3358 lsst_hardware_y 95.29381128027835 48.59000015258789 30.020000457763672 AB 4.2428261025776 1.1140412505127557
62468.348 lsst_hardware_g 91.71967667301882 36.06999969482422 31.639999389648438 AB 4.303999541413635 1.1292140998068045
62473.3437 lsst_hardware_r 8.53624190996659 24.1200008392334 31.489999771118164 AB 6.926965709348182 1.1436349395189394
62475.3059 lsst_hardware_i -59.53319471762839 30.100000381469727 31.229999542236328 AB 3.4326680575756954 1.1038996835294517
62475.3173 lsst_hardware_z 47.905522378315354 41.599998474121094 30.93000030517578 AB 3.4639675956005775 1.1147120178921965
62477.302 lsst_hardware_z -18.23348624680517 41.369998931884766 30.940000534057617 AB 4.589461674019485 1.1051842207463842
62477.31 lsst_hardware_r -15.122176533385078 21.59000015258789 31.469999313354492 AB 4.672028651263653 1.1127410252295689
62479.2894 lsst_hardware_u -0.951415421718783 2.5399999618530273 28.350000381469727 AB 7.526427141594325 1.0998188711535788
62479.3017 lsst_hardware_g -12.066086344842363 12.619999885559082 31.350000381469727 AB 7.354560775678532 1.1098710896670236
62481.2878 lsst_hardware_r 24.02040547038458 21.579999923706055 31.459999084472656 AB 10.347552266510908 1.1025628413970068
62481.3 lsst_hardware_z -17.85099773718587 41.58000183105469 30.93000030517578 AB 9.243879494978598 1.1137204210817588
62485.2791 lsst_hardware_g -1.7785886030985005 12.619999885559082 31.360000610351562 AB 9.012405666152382 1.104313753035077
62485.2905 lsst_hardware_r -0.9403026210751732 21.59000015258789 31.459999084472656 AB 9.10072931326899 1.1152739402525464
62489.289 lsst_hardware_r -39.280243583540795 68.16999816894531 31.6299991607666 AB 4.901261589871162 1.1269210990105216
62489.3012 lsst_hardware_z -110.92479302741444 54.41999816894531 30.959999084472656 AB 5.591165135673385 1.1456523056498977
62491.2268 lsst_hardware_i -26.275612140932523 64.47000122070312 31.31999969482422 AB 6.43675804838903 1.0909759404049202
62491.24 lsst_hardware_z -9.284579189465736 58.88999938964844 30.979999542236328 AB 6.444125230777721 1.0922246153860544
62495.2296 lsst_hardware_i -44.41832011113674 46.5099983215332 31.299999237060547 AB 7.246466230215852 1.0923634792108967
62495.2432 lsst_hardware_r 37.654449711967324 52.75 31.6200008392334 AB 7.283196895302607 1.0982453222370503
62497.2285 lsst_hardware_z 11.784357633819823 44.79999923706055 30.950000762939453 AB 5.50543432849504 1.0937586825260832
62497.2399 lsst_hardware_g 25.49425765735314 35.68000030517578 31.649999618530273 AB 5.533463602762756 1.0996002986264108
