data/validation/pwv_sim_epoch_fit_seasonal/37165149.ecsv
# %ECSV 0.9
# ---
# datatype:
# - {name: time, datatype: float64}
# - {name: band, datatype: string}
# - {name: flux, datatype: float64}
# - {name: fluxerr, datatype: float64}
# - {name: zp, datatype: float64}
# - {name: zpsys, datatype: string}
# - {name: pwv, datatype: float64}
# - {name: airmass, datatype: float64}
# meta: {SNID: '37165149', alt: 1024.0, c: -0.020476965233683586, dec: -49.896984, lat: -30.244573, lon: -70.7499537, ra: 118.255814,
#   t0: 61867.35546875, x0: 1.6599450698236447e-05, x1: -2.2580933570861816, z: 0.3716915249824524}
# schema: astropy-2.0
time band flux fluxerr zp zpsys pwv airmass
[from data line 132]
62164.1916 lsst_hardware_r -68.9958570025744 67.48999786376953 31.649999618530273 AB 11.35309400575008 1.0677560354019136
62166.1807 lsst_hardware_i 54.936387377320465 69.44000244140625 31.329999923706055 AB 13.084040004618313 1.065302068443113
62166.1926 lsst_hardware_z -133.58704944387816 62.08000183105469 30.979999542236328 AB 13.192042998644892 1.0716525587851253
62168.1765 lsst_hardware_i 12.00344964928471 59.849998474121094 31.329999923706055 AB 12.048401321013243 1.0658057694735055
62168.1895 lsst_hardware_z -6.486007307749932 56.220001220703125 30.979999542236328 AB 12.264042132802977 1.0733451892878503
62174.1617 lsst_hardware_z 38.135971695510655 41.0 30.950000762939453 AB 5.222282388020956 1.0664974243745995
62174.1742 lsst_hardware_u 0.8546755679023077 2.6700000762939453 28.469999313354492 AB 5.429946461519312 1.074173385068113
62176.1564 lsst_hardware_g -8.365481339209682 12.829999923706055 31.399999618530273 AB 5.97280484460662 1.0665722936797537
62176.1688 lsst_hardware_r 29.224997062153452 21.610000610351562 31.479999542236328 AB 6.0843941610537176 1.0742221329543993
62178.1532 lsst_hardware_i -75.96766748135136 29.860000610351562 31.25 AB 2.2424737001258808 1.0676751468620747
62178.1659 lsst_hardware_z -17.300449261667552 41.13999938964844 30.950000762939453 AB 2.322742588702192 1.0762988401909992
62180.1476 lsst_hardware_i -28.566333070314837 29.8700008392334 31.239999771118164 AB 3.9430202703403627 1.0676047663376433
62180.1593 lsst_hardware_u -0.8169555319515834 2.509999990463257 28.31999969482422 AB 3.9523802907506513 1.0753557077204092
62184.1458 lsst_hardware_i -2.9586011206761573 29.860000610351562 31.229999542236328 AB 3.165476333235344 1.0733460299186908
62184.1576 lsst_hardware_r -13.369428591533596 21.530000686645508 31.469999313354492 AB 3.353148479017956 1.0839919651997703
62186.1043 lsst_hardware_z 41.153341415812626 41.18000030517578 30.950000762939453 AB 3.535506683017631 1.0629106901217982
62186.1171 lsst_hardware_u 0.9057891089958207 2.75 28.530000686645508 AB 3.5433996302814625 1.062887028205913
62188.1442 lsst_hardware_r 8.275818099468344 21.649999618530273 31.479999542236328 AB 5.545141896728806 1.081451369425413
62188.1561 lsst_hardware_i -29.359420285428342 30.18000030517578 31.25 AB 5.489231822403288 1.0951996320365693
62192.1487 lsst_hardware_z -20.287067985938435 99.29000091552734 32.470001220703125 AB 9.565220451857428 1.100030144446683
62194.0906 lsst_hardware_z -88.57517716284526 80.83999633789062 31.729999542236328 AB 7.1360612134951475 1.0624276939732977
62196.0809 lsst_hardware_r -29.21973269343276 85.88999938964844 31.649999618530273 AB 3.93408200881178 1.0624757298795577
62196.0932 lsst_hardware_i 10.683754636451024 67.83000183105469 31.329999923706055 AB 4.3851130666994695 1.0635733850835483
62199.0859 lsst_hardware_z 51.395260267392395 66.62999725341797 31.709999084472656 AB 4.834443967188971 1.063801071006485
62200.1673 lsst_hardware_r -31.461303642021164 43.970001220703125 31.59000015258789 AB 13.859815072045292 1.1831838033161424
62200.1942 lsst_hardware_i -3.692314636931432 42.65999984741211 31.260000228881836 AB 14.884493984569426 1.2723964767113545
62202.0808 lsst_hardware_i -1.940211038855223 29.670000076293945 31.239999771118164 AB 6.8310271780956136 1.0647415978743098
62202.0936 lsst_hardware_z -3.3363781907126633 40.91999816894531 30.940000534057617 AB 7.722985778984811 1.0711987302674542
62204.0759 lsst_hardware_i 8.87893164948485 29.799999237060547 31.239999771118164 AB 11.44693735424408 1.0649387011941434
62204.0898 lsst_hardware_u 1.9099087905173797 2.5999999046325684 28.40999984741211 AB 10.97920249170434 1.07234482509199
62206.0738 lsst_hardware_g -8.57305014828788 12.729999542236328 31.389999389648438 AB 7.620350301658512 1.0662803593738397
62206.087 lsst_hardware_r -13.513547717710956 21.489999771118164 31.479999542236328 AB 8.067496065631403 1.0743291990808717
62208.0708 lsst_hardware_i 15.292911278381679 29.719999313354492 31.239999771118164 AB 11.0471554522291 1.067443960276586
62208.0837 lsst_hardware_r -0.8293926495004805 21.5 31.469999313354492 AB 14.072662985697788 1.0760767705222831
62211.0611 lsst_hardware_u -1.103383522586466 2.5299999713897705 28.360000610351562 AB 8.317436534681148 1.0667141023670073
62211.075 lsst_hardware_g 7.9980250469158545 12.670000076293945 31.3700008392334 AB 8.390117381581216 1.0756560745616945
62213.0356 lsst_hardware_g 22.240854818977105 12.8100004196167 31.399999618530273 AB 8.135528453318349 1.0624261773840482
62213.0561 lsst_hardware_r -13.75300894724704 21.65999984741211 31.489999771118164 AB 7.270609560082572 1.0669322122067022
62213.069 lsst_hardware_i -11.641188946313918 30.110000610351562 31.25 AB 7.422761261060113 1.0752171016238303
62216.0367 lsst_hardware_i 23.96795249672073 30.600000381469727 31.260000228881836 AB 3.8787904143754828 1.0631677700435311
62216.0514 lsst_hardware_z 10.411243033817613 41.61000061035156 30.950000762939453 AB 4.253642923532326 1.068754503400082
62218.0319 lsst_hardware_i -33.432162862121764 33.15999984741211 31.270000457763672 AB 6.566960498895584 1.0633031895880156
62218.0449 lsst_hardware_z -30.6117693895134 42.58000183105469 30.950000762939453 AB 6.3854087015684335 1.0681811193969555
62220.0304 lsst_hardware_z -36.828383899803235 45.7599983215332 30.959999084472656 AB 8.942583390420479 1.0643398465151725
62220.0452 lsst_hardware_r -46.3095672381596 42.25 31.610000610351562 AB 11.11189539069474 1.0717147137786278
62222.03 lsst_hardware_i 63.629472222771085 50.54999923706055 31.31999969482422 AB 5.863949478239612 1.0662372528467687
62222.0443 lsst_hardware_r -15.410297159972739 59.81999969482422 31.639999389648438 AB 6.784276372558013 1.075120062209551
62224.0367 lsst_hardware_z -8.209534802693087 84.62999725341797 31.729999542236328 AB 6.977467991382663 1.0734566140588713
62226.0223 lsst_hardware_r 76.64828496207461 75.5199966430664 31.639999389648438 AB 6.3636310730255135 1.0677830538104316
62226.037 lsst_hardware_i -23.882097428845505 61.130001068115234 31.31999969482422 AB 6.420399157941439 1.0782130247326644
62228.0225 lsst_hardware_z -36.583027757190635 45.349998474121094 30.959999084472656 AB 8.253480639469535 1.0711386882855427
62228.0355 lsst_hardware_r 51.73709752932776 38.45000076293945 31.59000015258789 AB 8.381119581211294 1.081993232792605
62232.0165 lsst_hardware_r -7.151538078959695 21.59000015258789 31.479999542236328 AB 8.705300047500842 1.0747284009260298
62232.0307 lsst_hardware_z 16.488520817261556 41.349998474121094 30.950000762939453 AB 8.818220776865395 1.0886692317117772
62234.0138 lsst_hardware_r 6.5180451025135095 21.420000076293945 31.459999084472656 AB 8.23739679815049 1.0770185397451248
62234.025 lsst_hardware_u -0.5190790236127459 2.5199999809265137 28.329999923706055 AB 8.380605107242433 1.0883902736678484
62236.0105 lsst_hardware_g 1.185646019363053 12.65999984741211 31.360000610351562 AB 6.143818449003457 1.0789513015767584
62236.0233 lsst_hardware_r -18.128034788928883 21.530000686645508 31.459999084472656 AB 6.225326245852095 1.0929774385905446
