data/validation/pwv_sim_epoch_fit_seasonal/3729887.ecsv
# %ECSV 0.9
# ---
# datatype:
# - {name: time, datatype: float64}
# - {name: band, datatype: string}
# - {name: flux, datatype: float64}
# - {name: fluxerr, datatype: float64}
# - {name: zp, datatype: float64}
# - {name: zpsys, datatype: string}
# - {name: pwv, datatype: float64}
# - {name: airmass, datatype: float64}
# meta: {SNID: '3729887', alt: 1024.0, c: -0.049022428691387177, dec: -7.331168, lat: -30.244573, lon: -70.7499537, ra: 221.132812, t0: 62962.51171875,
#   x0: 2.162135048648766e-06, x1: -0.4508975148200989, z: 0.8631482720375061}
# schema: astropy-2.0
time band flux fluxerr zp zpsys pwv airmass
62918.3834 lsst_hardware_z 18.515263944991517 44.31999969482422 30.959999084472656 AB 5.671112956337297 1.0861600107900018
62920.3793 lsst_hardware_g -13.486943637889137 16.049999237060547 31.479999542236328 AB 10.531454282801162 1.085716936371254
62920.3978 lsst_hardware_y -87.44930948846113 76.23999786376953 30.059999465942383 AB 10.544486781610622 1.0870604929495489
62922.3574 lsst_hardware_i -21.27322913445328 32.08000183105469 31.260000228881836 AB 9.426561109812583 1.0961117569549517
62922.376 lsst_hardware_y -24.080211590222437 47.970001220703125 30.040000915527344 AB 8.789848376607713 1.085166466247866
62928.3445 lsst_hardware_r 15.503843936374942 24.539848940735784 31.510000228881836 AB 6.460251282061318 1.0929818320654159
62928.363 lsst_hardware_i -21.99999213593129 31.906428047425806 31.25 AB 6.478791560702659 1.0846796518839394
62931.3561 lsst_hardware_z -31.088252116354898 60.26269873544374 31.700000762939453 AB 7.801358441643263 1.0846141519784753
62936.3407 lsst_hardware_i 60.50816701454695 90.87331343297122 31.329999923706055 AB 7.236871306004243 1.0847171580321124
62936.3593 lsst_hardware_z 141.78261910634407 78.53669212728309 30.989999771118164 AB 7.275558219415943 1.0899032349165847
62938.3391 lsst_hardware_i -53.887771152231885 86.8433815918447 31.329999923706055 AB 13.93017254588442 1.084650980758734
62938.3593 lsst_hardware_z 42.78280113367212 76.57272288323252 30.989999771118164 AB 14.103407190575506 1.0940931065959951
62940.34 lsst_hardware_z 86.71350305700527 51.76937061526249 30.969999313354492 AB 9.774759923177074 1.0858431374335784
62940.3601 lsst_hardware_r 40.20626160626984 52.3659123507321 31.6200008392334 AB 9.944956728094084 1.1004304435040604
62942.3146 lsst_hardware_r 156.5870498368061 31.24069610947607 31.549999237060547 AB 8.78015997746763 1.0875283306456258
62942.3333 lsst_hardware_i 285.4998627697705 37.6196570829047 31.270000457763672 AB 8.715885324644598 1.0854829472127276
62945.313 lsst_hardware_z 364.9993515365857 45.20875682136175 30.950000762939453 AB 5.201666777223628 1.0852066504404378
62945.3325 lsst_hardware_u 4.010840745936423 3.349454618022738 28.559999465942383 AB 5.223557732167166 1.0885435674146635
62947.3133 lsst_hardware_g 101.4366928546753 18.61247489437366 31.469999313354492 AB 6.2868265706602395 1.0846057024875024
62947.3328 lsst_hardware_r 399.8791121655259 29.950081423361297 31.520000457763672 AB 6.308015848929346 1.0924705247175235
62951.2667 lsst_hardware_u 3.809911909333325 2.969089616258694 28.450000762939453 AB 7.8821215565019065 1.110157965704494
62951.2844 lsst_hardware_g 102.14061188241618 17.98135211245409 31.450000762939453 AB 7.745412984640944 1.0909032372733725
62953.291 lsst_hardware_g 55.55058452678594 17.81632307096482 31.469999313354492 AB 8.307885974800444 1.0852415712096721
62953.3092 lsst_hardware_r 518.4828593699085 32.81652083004023 31.520000457763672 AB 8.156778799152265 1.0877638868001775
62955.2871 lsst_hardware_i 752.4947385664109 41.47963058306879 31.260000228881836 AB 7.258683938645846 1.0849375009497728
62955.3048 lsst_hardware_r 514.9096340051507 33.201727228532185 31.520000457763672 AB 6.863499649971058 1.0883215174774141
62957.285 lsst_hardware_u -4.0029314088146535 2.931987218475646 28.510000228881836 AB 4.992116570687897 1.084613971035899
62957.3012 lsst_hardware_g 79.08996410456295 17.194234953905962 31.450000762939453 AB 5.556447930037347 1.0894105899918007
62959.2781 lsst_hardware_r 503.62541175787777 42.22236012840879 31.579999923706055 AB 6.4298121319484505 1.0846969139974754
62959.2967 lsst_hardware_i 729.3052225582422 41.88379388822642 31.25 AB 6.268024665042288 1.0900280560620756
62961.2782 lsst_hardware_z 752.8150125826967 61.78605290235007 30.969999313354492 AB 7.469443275777587 1.0848339381938787
62961.2956 lsst_hardware_r 550.2300840266731 74.65101823952108 31.639999389648438 AB 7.594675033764178 1.0933095852247907
62964.2788 lsst_hardware_r 26.538653043197318 149.56036691659364 31.649999618530273 AB 9.384731131549877 1.0875803837698317
62964.2973 lsst_hardware_z 640.7325854051171 101.13400963611909 30.989999771118164 AB 10.970310168791322 1.10370845301992
62967.2612 lsst_hardware_r 362.2826723492756 89.27904324382658 31.649999618530273 AB 3.7295777672724344 1.0847577005009748
62967.2775 lsst_hardware_y 172.42221040134982 57.80455864750052 30.040000915527344 AB 3.7147205118459996 1.0919225490435036
62969.256 lsst_hardware_z 450.93169057798576 53.078761211128366 30.959999084472656 AB 12.895777039351396 1.0847878396134476
62969.2734 lsst_hardware_r 528.3711429002999 49.46932279572538 31.610000610351562 AB 12.982503729662408 1.093010353784379
62971.2555 lsst_hardware_i 689.5324720293413 41.81677788436853 31.260000228881836 AB 10.129485798311697 1.085883773269076
62971.2732 lsst_hardware_z 557.0376830884131 48.61780940403626 30.950000762939453 AB 10.272364954724337 1.0979440952035417
62974.2548 lsst_hardware_r 257.70414352275856 29.326723841079684 31.520000457763672 AB 13.90588491606095 1.0894186937256414
62974.2716 lsst_hardware_u -6.508177700250595 2.9706695674009103 28.549999237060547 AB 14.066178445596588 1.105788172288557
62982.1392 lsst_hardware_r 278.56741527900607 39.32216442533051 32.2400016784668 AB 10.485254328802856 1.2195937882447492
62982.1577 lsst_hardware_u -2.7660484328193116 2.877840716534388 28.459999084472656 AB 10.294129163215006 1.160119740407401
62985.2159 lsst_hardware_g 10.701482743333317 16.139470614175835 31.459999084472656 AB 11.387059526317637 1.0854811915399443
62985.2343 lsst_hardware_r 79.53079739307674 26.94197986006282 31.5 AB 11.47755064109803 1.0972452096266558
62989.1721 lsst_hardware_i 330.6331463613853 55.656667163298174 31.309999465942383 AB 12.683327828641374 1.0985357705899508
62989.1879 lsst_hardware_z 236.00955421226996 55.63703475159383 30.969999313354492 AB 12.535079020950228 1.0867937420626368
62992.1933 lsst_hardware_z 72.99400759007281 102.65848139638246 31.0 AB 3.5713447462157744 1.0848007126661594
62996.1073 lsst_hardware_r 83.49948236808086 73.24152151674133 31.610000610351562 AB 8.87195175833688 1.1968906250707427
63004.1149 lsst_hardware_g 14.46237640699234 15.623294290637974 31.43000030517578 AB 9.519115878028474 1.1217435632839983
63004.1395 lsst_hardware_i 67.16144980254452 33.28393355343024 31.25 AB 8.481780806477811 1.0910446110725254
63008.1285 lsst_hardware_r 14.821158021627593 25.084211945910994 31.510000228881836 AB 5.382951902202504 1.0911020375397797
63008.1505 lsst_hardware_z 150.50237032444807 43.45564631173094 30.950000762939453 AB 5.3381221410900555 1.0849290465098431
63014.1193 lsst_hardware_g 36.38229255841257 18.406444286829892 31.489999771118164 AB 8.28385171091993 1.0869413430762578
63014.1403 lsst_hardware_r 85.84980740196988 25.83779877505245 31.510000228881836 AB 7.8823159659924595 1.086691385674841
63016.1257 lsst_hardware_i 127.86206125186698 56.447697946337485 32.040000915527344 AB 13.073394001934803 1.0846289271516707
63016.1459 lsst_hardware_z 248.2726159156252 66.1300051625011 31.709999084472656 AB 13.217503674165206 1.0937115162734778
63021.1011 lsst_hardware_z 11.644929989068231 135.29329953944688 31.739999771118164 AB 12.696949684867239 1.0865637098834506
63023.0885 lsst_hardware_r -24.397728568417286 107.68559336326797 31.649999618530273 AB 5.5611829894441644 1.0904280371459147
63023.1099 lsst_hardware_z 27.031168608047224 73.65893903442046 30.989999771118164 AB 5.533452824957757 1.084990749991717
63033.0799 lsst_hardware_r 2.676665715027688 24.501393836670147 31.510000228881836 AB 9.446621068172362 1.084665277512054
63043.0364 lsst_hardware_z 65.22507501917394 43.537990344523976 30.950000762939453 AB 4.404702300271577 1.0888354400803175
63043.0575 lsst_hardware_r -5.9098818741900105 26.928389647097916 31.530000686645508 AB 4.134948278779611 1.0854781970895024
63045.0336 lsst_hardware_z 76.94244431144664 47.21775766451633 30.959999084472656 AB 7.928689519064348 1.0874252726301181
63045.0549 lsst_hardware_g -16.904618705113446 36.31457414542389 31.65999984741211 AB 7.5618731923123885 1.0863979875458265
63049.0344 lsst_hardware_r -24.315070539684058 102.60508488599696 31.649999618530273 AB 9.618333327984786 1.0846113360379777
63049.0547 lsst_hardware_y 84.99430078767074 59.9799171489523 30.040000915527344 AB 9.307907766268029 1.09279809407318
63052.0153 lsst_hardware_z 59.35041164982633 89.7000741839426 31.729999542236328 AB 4.075177738164919 1.0870522575463262
63056.9967 lsst_hardware_r 10.572184274460675 24.700000762939453 31.520000457763672 AB 8.771331557152257 1.0897417762644126
63057.0156 lsst_hardware_i 1.3388415657798969 32.029998779296875 31.260000228881836 AB 8.8690842818705 1.0847816389848846
63061.9567 lsst_hardware_y 143.21865707380627 68.01000213623047 30.030000686645508 AB 6.840844420913652 1.121449905067812
63066.9768 lsst_hardware_y -55.83961797775973 68.04000091552734 30.790000915527344 AB 3.375467363822973 1.0860868311000316
63067.0027 lsst_hardware_r 18.55559814060169 35.380001068115234 32.27000045776367 AB 3.231567293720675 1.09064032862662
63068.9723 lsst_hardware_z -4.165088134138168 43.25 30.950000762939453 AB 5.864994858213827 1.0857750431744202
63068.9948 lsst_hardware_g 9.355184590905148 15.930000305175781 31.450000762939453 AB 5.889985357694327 1.0890573850898602
63071.9653 lsst_hardware_y -137.54509166577162 55.9900016784668 30.049999237060547 AB 5.346426629886099 1.0854402957117293
63071.9863 lsst_hardware_i -24.156707284634386 33.81999969482422 31.260000228881836 AB 5.345650864462112 1.0888751081875567
63072.965 lsst_hardware_y -73.05001869962821 60.47999954223633 30.040000915527344 AB 8.899708966975519 1.084933434959834
63072.9851 lsst_hardware_r 12.237800916445075 32.68000030517578 31.559999465942383 AB 8.997563189659449 1.0898211227785184
