data/validation/pwv_sim_epoch_fit_seasonal/37514548.ecsv
# %ECSV 0.9
# ---
# datatype:
# - {name: time, datatype: float64}
# - {name: band, datatype: string}
# - {name: flux, datatype: float64}
# - {name: fluxerr, datatype: float64}
# - {name: zp, datatype: float64}
# - {name: zpsys, datatype: string}
# - {name: pwv, datatype: float64}
# - {name: airmass, datatype: float64}
# meta: {SNID: '37514548', alt: 1024.0, c: -0.07790333777666092, dec: -34.228867, lat: -30.244573, lon: -70.7499537, ra: 279.316406, t0: 61882.7890625,
#   x0: 3.528141613143082e-05, x1: -0.5681926608085632, z: 0.26830098032951355}
# schema: astropy-2.0
time band flux fluxerr zp zpsys pwv airmass
61852.3448 lsst_hardware_g 7.954643416315804 16.84000015258789 31.420000076293945 AB 7.781962016838543 1.283622600715636
61852.3618 lsst_hardware_r -3.499872227932277 26.420000076293945 31.489999771118164 AB 7.276632473029067 1.2030971724100625
61854.3424 lsst_hardware_i -43.61838532409991 34.310001373291016 31.219999313354492 AB 8.391976419959885 1.267638239716012
61854.3601 lsst_hardware_z 66.41383826392251 44.4900016784668 30.940000534057617 AB 7.883828158004074 1.187800546103457
61856.3446 lsst_hardware_u -0.6294920663507593 2.759999990463257 28.329999923706055 AB 9.583012319238682 1.230576547965883
61856.3616 lsst_hardware_g 22.702591177602013 16.31999969482422 31.450000762939453 AB 9.051454922525071 1.161609512440922
61858.3497 lsst_hardware_r -2.685648081475573 26.036054928192463 31.489999771118164 AB 10.44586502963939 1.1857500459321628
61858.3685 lsst_hardware_z 48.00351682016239 43.35874671171134 30.940000534057617 AB 9.908337479355982 1.1212966083127913
61860.3478 lsst_hardware_r 68.80316797876871 26.50947789980213 31.489999771118164 AB 4.859819575275612 1.172123545912034
61860.3658 lsst_hardware_u 3.35321010186246 3.09960260761568 28.31999969482422 AB 4.6656148843382415 1.1132904874141756
61864.3525 lsst_hardware_i 564.1260612932452 39.87051336181608 31.239999771118164 AB 8.517804163609444 1.1201741404010317
61864.3712 lsst_hardware_z 318.0718267651741 46.397950506500074 30.940000534057617 AB 8.236629332714495 1.0726174414265524
61866.3421 lsst_hardware_r 3005.707548363707 65.6254459539353 32.25 AB 20.58579823008812 1.135298399563663
61866.3607 lsst_hardware_u 31.292303982218638 6.959419396798581 29.170000076293945 AB 19.66403310530322 1.084015055419141
61872.3503 lsst_hardware_r 6087.824489575036 116.17125397962835 31.649999618530273 AB 7.251981777663967 1.0706007422275647
61872.3693 lsst_hardware_z 2988.861325287083 81.35921315560259 30.989999771118164 AB 7.033390795150826 1.0367234101265175
61876.3053 lsst_hardware_i 6094.359075887216 99.5552546909613 31.309999465942383 AB 19.97613173364091 1.1677623336565794
61876.3329 lsst_hardware_z 4190.945188192218 84.98554243555617 30.979999542236328 AB 18.518584585224456 1.085200487472621
61878.3473 lsst_hardware_z 4053.6478510291163 76.43849707986932 30.959999084472656 AB 13.402534602859767 1.045425925523051
61878.3644 lsst_hardware_r 9978.674727857002 106.16564285342425 31.610000610351562 AB 13.089516618717237 1.0221659644467738
61880.3515 lsst_hardware_r 10054.12736826082 103.32884891091813 31.540000915527344 AB 4.641572294075379 1.031116804193131
61880.3716 lsst_hardware_i 7183.949606973313 90.00397341727509 31.270000457763672 AB 4.489273356220763 1.0108699293449137
61883.2557 lsst_hardware_i 7110.923546871061 90.13168480395376 31.209999084472656 AB 7.38565622481422 1.3082763742585415
61883.2744 lsst_hardware_u 94.3736676861092 10.855554551991824 28.280000686645508 AB 6.902319995056119 1.2149119916198283
61885.2507 lsst_hardware_g 6936.08085998973 84.79118579372332 31.3700008392334 AB 17.722226467408397 1.3056650147894202
61885.2686 lsst_hardware_r 9589.54055788199 100.48057932281303 31.479999542236328 AB 16.537088370472702 1.216394677309782
61888.245 lsst_hardware_i 6782.389917893895 88.86692546700105 31.209999084472656 AB 2.7180067181085774 1.291828288074419
61888.2637 lsst_hardware_r 8825.254718685039 97.2627222902212 31.469999313354492 AB 3.3429215629453135 1.202345604703985
61895.2513 lsst_hardware_z 2716.0493399040784 68.16602625992877 30.950000762939453 AB 10.650181302383432 1.175689722812419
61895.2706 lsst_hardware_r 7442.628599193681 91.91897065410197 31.56999969482422 AB 10.013285641603527 1.1122989197175024
61897.2586 lsst_hardware_z 4911.719049512895 99.61660271033676 31.709999084472656 AB 8.273549362391467 1.131735088214413
61903.2458 lsst_hardware_r 4866.289759187007 132.85465866940118 31.639999389648438 AB 7.403122583851625 1.1208502631400699
61903.2663 lsst_hardware_y 707.7312704864182 67.08526351014305 30.049999237060547 AB 7.505534736049099 1.0692660370475338
61908.2536 lsst_hardware_g 1121.5874450059255 39.30364121613159 31.549999237060547 AB 8.436079986578708 1.067284054347814
61908.2737 lsst_hardware_r 3100.2653389629722 63.34850353833025 31.559999465942383 AB 8.219382765560578 1.0329426328895759
61918.1508 lsst_hardware_i 4793.301926340937 82.72796748514641 31.959999084472656 AB 9.722906830289148 1.3652891708613561
61918.1794 lsst_hardware_u 24.5656172817903 6.266641565606984 29.1200008392334 AB 9.203014299377879 1.2125183530141967
61926.1758 lsst_hardware_z 2298.3937631321865 91.14890778783797 31.719999313354492 AB 9.355279859828354 1.1433860398018052
61928.1676 lsst_hardware_r 1143.0428947877804 115.54278262688761 31.6299991607666 AB 5.165656542400845 1.1526195334475668
61928.1894 lsst_hardware_i 1438.6629417915094 98.08839059709908 31.329999923706055 AB 4.893903624522768 1.08890535293096
61947.1474 lsst_hardware_g -4.802726249721494 15.329999923706055 31.450000762939453 AB 6.433613303624285 1.0667130866112804
61947.1657 lsst_hardware_r 62.00353334576463 24.239999771118164 31.520000457763672 AB 6.254875839069586 1.035061366716794
61958.0899 lsst_hardware_y 12.207372790100385 111.6500015258789 30.790000915527344 AB 2.9358626236649945 1.1385932222862565
61960.0538 lsst_hardware_g -98.7002693706192 128.4600067138672 31.639999389648438 AB 3.627835646992434 1.2636139487956928
61960.0734 lsst_hardware_r -26.657179120830683 128.64999389648438 31.6299991607666 AB 3.3357315973958435 1.177351662365073
61962.0584 lsst_hardware_i 106.62956649269363 51.22999954223633 31.280000686645508 AB 8.079237990400882 1.2162947670908366
61962.0775 lsst_hardware_z -5.633760808889656 55.79999923706055 30.969999313354492 AB 7.5488692579857295 1.1434215780045032
61964.0732 lsst_hardware_u -2.7888353848471232 2.819999933242798 28.450000762939453 AB 7.097567207000487 1.1396222233462756
61964.091 lsst_hardware_r 10.820729993713549 24.31999969482422 31.510000228881836 AB 7.575578678013809 1.089175502446153
61965.0569 lsst_hardware_g -3.809821766061157 15.300000190734863 31.420000076293945 AB 8.542355011227434 1.1884188941607277
61965.0761 lsst_hardware_i 36.229251484192794 32.04999923706055 31.239999771118164 AB 8.074564289004664 1.1221166354146448
61976.0757 lsst_hardware_g 9.529886527763079 15.020000457763672 31.440000534057617 AB 4.946063103414194 1.052353851790254
61976.0966 lsst_hardware_r 7.551261130023422 23.760000228881836 31.5 AB 5.432851151851325 1.022429800862805
61978.0781 lsst_hardware_i -40.36990558059003 31.40999984741211 31.25 AB 3.56279154616042 1.0393965563884238
61978.0968 lsst_hardware_z -31.33141133768542 41.25 30.950000762939453 AB 3.0808792519298196 1.0167359062526218
61979.0751 lsst_hardware_r -30.803832637300076 25.739999771118164 31.520000457763672 AB 4.64169366250201 1.0398059279798408
61979.0952 lsst_hardware_g 21.275940966332193 17.829999923706055 31.520000457763672 AB 3.8597220170191227 1.0157163202681903
61982.9794 lsst_hardware_y -67.03010585483621 56.09000015258789 29.959999084472656 AB 6.19229990577304 1.3273954781935777
61982.9997 lsst_hardware_z -90.86481182719697 59.70000076293945 30.959999084472656 AB 5.717733022430277 1.2223037066512867
61989.9793 lsst_hardware_y 84.25539673399119 49.75 29.989999771118164 AB 4.084943394460516 1.2280927153582912
61989.9982 lsst_hardware_i -49.56113090629613 53.81999969482422 31.299999237060547 AB 3.8395890482228903 1.1530297442110782
61991.9796 lsst_hardware_y 12.57258105293174 49.529998779296875 29.989999771118164 AB 2.5349986754864795 1.2029890499406102
61991.9991 lsst_hardware_r -41.027614136646754 24.190000534057617 31.5 AB 2.428596934144948 1.132125056706525
61993.9792 lsst_hardware_y -75.05151418730365 49.709999084472656 30.0 AB 6.646206787107964 1.1825990724391395
61993.9975 lsst_hardware_g 7.437354830507225 14.899999618530273 31.43000030517578 AB 7.364694644329358 1.120389651774243
61994.977 lsst_hardware_y -4.8421656913711235 50.29999923706055 30.010000228881836 AB 4.427446398160415 1.1805474352929735
61994.9931 lsst_hardware_z 44.80842190627022 42.5 30.950000762939453 AB 4.225889127975847 1.1253782547149456
61996.9791 lsst_hardware_y 111.17538899195968 49.540000915527344 30.020000457763672 AB 5.160173771304018 1.1529826323995125
61996.9972 lsst_hardware_u -0.7704470855289036 2.799999952316284 28.459999084472656 AB 4.930633808955036 1.0985036891957303
62001.9988 lsst_hardware_r 17.14404538118818 24.100000381469727 31.510000228881836 AB 2.708441887063405 1.0635243012029076
62002.0141 lsst_hardware_g -4.221955937348916 15.119999885559082 31.459999084472656 AB 2.881628595524603 1.0371166440614012
62006.0661 lsst_hardware_z 24.998428778388128 41.029998779296875 30.950000762939453 AB 2.517449285113987 1.0052707537641958
62006.0727 lsst_hardware_i -18.711770286111037 30.90999984741211 31.260000228881836 AB 2.5484410824543744 1.00858457799718
62010.9798 lsst_hardware_y 2.4196351289054845 54.0099983215332 30.049999237060547 AB 5.572733233427323 1.0529491229905192
62010.9975 lsst_hardware_g -22.081886103563097 50.81999969482422 31.719999313354492 AB 5.539612252907097 1.0264877553255891
62218.3399 lsst_hardware_u 1.740756991830646 2.9000000953674316 28.420000076293945 AB 7.837775399526303 1.2993120973975387
62218.3575 lsst_hardware_g -8.70356567823506 16.530000686645508 31.450000762939453 AB 7.281511626096705 1.2127767531806795
62220.3477 lsst_hardware_z 59.741227009521786 44.779998779296875 30.940000534057617 AB 8.154006090012965 1.2321262381967455
62220.3663 lsst_hardware_r 27.262749328561473 25.940000534057617 31.520000457763672 AB 7.659493076160407 1.1571396529600777
62224.3457 lsst_hardware_r 111.98480460687678 76.76000213623047 31.6200008392334 AB 10.556477054979453 1.1936315077995867
62224.3625 lsst_hardware_i 17.79152087609282 60.0099983215332 31.309999465942383 AB 9.974392463225229 1.1334536890028668
62228.3536 lsst_hardware_z -42.413470278479686 59.70000076293945 30.969999313354492 AB 10.043135401207886 1.1271862327041693
62228.3714 lsst_hardware_r 4.522587591560473 75.81999969482422 31.639999389648438 AB 9.82206388112556 1.0798223264210374
62230.3449 lsst_hardware_i -31.37824994829091 63.310001373291016 31.309999465942383 AB 8.694159485346985 1.137333905552754
62230.3629 lsst_hardware_z -21.9248807950536 61.08000183105469 30.979999542236328 AB 8.332681035762326 1.086965958226236
62232.3469 lsst_hardware_r 68.31360858164983 42.5099983215332 31.59000015258789 AB 20.124186628588895 1.1147075311256773
62232.3659 lsst_hardware_z 49.30894569714539 47.84000015258789 30.959999084472656 AB 19.46492019430088 1.0679851965233134
62238.3493 lsst_hardware_g -0.9977890881186536 15.65999984741211 31.479999542236328 AB 7.248233053365853 1.0684437043545425
62238.3685 lsst_hardware_r 16.156332494791435 24.510000228881836 31.530000686645508 AB 7.025192448546953 1.034968318100565
62242.3468 lsst_hardware_i -1.573381163981481 31.709999084472656 31.260000228881836 AB 18.059635287882063 1.0521657100008486
62242.3648 lsst_hardware_z 14.684934382494115 41.61000061035156 30.959999084472656 AB 17.553761611138395 1.0256061237555663
62244.3521 lsst_hardware_i 5.026450782264347 31.549999237060547 31.270000457763672 AB 13.260633039939869 1.0349964323159373
62244.3709 lsst_hardware_u 2.1684839472909077 2.869999885559082 28.530000686645508 AB 13.00108739809489 1.014026510527046
62248.2689 lsst_hardware_u -1.9103249521291952 2.7799999713897705 28.389999389648438 AB 10.432659272459691 1.2431672154980566
62248.2887 lsst_hardware_g -1.6064158461944216 15.399999618530273 31.43000030517578 AB 9.777284418389348 1.1612436460338116
62250.2431 lsst_hardware_z -19.119563887380778 50.060001373291016 30.93000030517578 AB 10.916970775044623 1.355612174305506
62250.262 lsst_hardware_r 52.35551315732799 37.959999084472656 31.549999237060547 AB 10.614095933946189 1.250089816341024
62254.2541 lsst_hardware_r -98.48035323398939 96.7699966430664 31.610000610351562 AB 3.376847239822265 1.2357333153777499
62254.2726 lsst_hardware_z 3.6895919224458686 66.19000244140625 30.969999313354492 AB 3.2192952660049525 1.1602457710252445
62257.2483 lsst_hardware_z -76.52067537579495 78.55999755859375 30.969999313354492 AB 11.257804584595991 1.224806025631928
62257.2682 lsst_hardware_i 104.2890417203882 88.66999816894531 31.31999969482422 AB 10.43410214159539 1.1471508932746792
62259.2485 lsst_hardware_z -74.31012690746249 67.44000244140625 30.969999313354492 AB 14.224527640398739 1.2003820793585431
62259.2684 lsst_hardware_r -20.382951161150174 78.55000305175781 31.6299991607666 AB 14.323541366062472 1.1289342431807112
62264.249 lsst_hardware_r -8.046623383518355 24.420000076293945 31.510000228881836 AB 10.272853349107503 1.1474522743411246
62264.2677 lsst_hardware_i 6.886488533137361 31.739999771118164 31.260000228881836 AB 10.163207715321443 1.0928180339055313
62268.239 lsst_hardware_u 4.106794425936618 2.75 28.40999984741211 AB 12.873403354709312 1.1443788123394438
62268.2526 lsst_hardware_r -36.165288673683655 23.989999771118164 31.5 AB 11.615022849752748 1.1036699781216979
62270.2486 lsst_hardware_i 20.080314443224847 31.729999542236328 31.25 AB 7.374673271327427 1.0997946866493644
62270.2677 lsst_hardware_z -81.67320911006178 41.75 30.950000762939453 AB 7.266270628547312 1.057027403505446
62272.2423 lsst_hardware_r 26.27162359589889 24.18000030517578 31.5 AB 5.785014751915245 1.1020125253673005
62272.2606 lsst_hardware_u 1.8383828941986244 2.7899999618530273 28.459999084472656 AB 5.149691633243636 1.0601526779708978
62277.2489 lsst_hardware_g 6.696057511785391 15.130000114440918 31.459999084472656 AB 7.087347202358876 1.0564464676079015
62277.2684 lsst_hardware_r 22.040491153826355 23.950000762939453 31.520000457763672 AB 6.147054241715461 1.0266193133188433
62280.1662 lsst_hardware_r 6.540691872199031 77.16000366210938 32.31999969482422 AB 9.987615212979746 1.3248223924541478
62280.1874 lsst_hardware_i 60.86015686059558 66.98999786376953 32.029998779296875 AB 9.58193975646082 1.2164195785025107
62282.1612 lsst_hardware_z -9.789928400057693 67.19999694824219 30.950000762939453 AB 7.718640486407475 1.3221000576221087
62282.181 lsst_hardware_r -175.38504075688817 90.61000061035156 31.6200008392334 AB 7.537752520525719 1.2205568932680497
62283.1706 lsst_hardware_z 136.68880890711392 109.93000030517578 31.719999313354492 AB 6.19340056001439 1.2565014914904262
62288.1632 lsst_hardware_r -14.111640500626303 68.73999786376953 31.610000610351562 AB 8.77651497464758 1.2269126246012458
62288.185 lsst_hardware_y -2.655061044519569 53.150001525878906 30.020000457763672 AB 8.565646542670077 1.1423908432475192
62291.1674 lsst_hardware_g 30.35355716102069 14.869999885559082 31.389999389648438 AB 13.495604132511637 1.1755923401191815
62291.1881 lsst_hardware_r -34.71030387165573 24.040000915527344 31.489999771118164 AB 12.69079751399986 1.1083181969346094
62302.1631 lsst_hardware_i 4.846397892810755 31.760000228881836 31.239999771118164 AB 13.469320960760855 1.0949777221982648
62302.186 lsst_hardware_z -0.6504410922513039 41.65999984741211 30.950000762939453 AB 12.550558124345406 1.0469704379015934
62310.1671 lsst_hardware_y 32.30383510590033 74.1500015258789 30.809999465942383 AB 3.2169745864978916 1.0421882518823655
62314.0786 lsst_hardware_z 184.91949735040302 107.31999969482422 30.969999313354492 AB 9.719447749557535 1.2949479614812547
62314.0991 lsst_hardware_r 96.3416191174025 153.85000610351562 31.6299991607666 AB 9.338615951324584 1.1972584552980237
62315.0563 lsst_hardware_r 94.88114255949941 118.43000030517578 31.559999465942383 AB 9.871341331667617 1.419519892388274
62315.0763 lsst_hardware_i -3.614477496833718 96.91999816894531 31.290000915527344 AB 8.998994840309924 1.2925875955630457
62323.0777 lsst_hardware_i -58.94089329300585 32.63999938964844 31.239999771118164 AB 7.355220429184863 1.184558590680817
62323.0979 lsst_hardware_u 6.665004083600876 2.859999895095825 28.479999542236328 AB 5.878125796786368 1.1163117927681905
