data/validation/pwv_sim_epoch_fit_seasonal/37742164.ecsv
# %ECSV 0.9
# ---
# datatype:
# - {name: time, datatype: float64}
# - {name: band, datatype: string}
# - {name: flux, datatype: float64}
# - {name: fluxerr, datatype: float64}
# - {name: zp, datatype: float64}
# - {name: zpsys, datatype: string}
# - {name: pwv, datatype: float64}
# - {name: airmass, datatype: float64}
# meta: {SNID: '37742164', alt: 1024.0, c: -0.09587880223989487, dec: -13.094776, lat: -30.244573, lon: -70.7499537, ra: 285.820312, t0: 62655.23046875,
#   x0: 7.304170940124838e-06, x1: 0.039804331958293915, z: 0.5241506695747375}
# schema: astropy-2.0
time band flux fluxerr zp zpsys pwv airmass
62613.4123 lsst_hardware_z 26.454816464870145 99.37999725341797 31.739999771118164 AB 6.322153458209986 1.0473210400414392
62615.3484 lsst_hardware_i 30.72543843675047 52.54999923706055 31.309999465942383 AB 10.198168491526895 1.1005118829715805
62615.3649 lsst_hardware_y -79.136933513808 51.41999816894531 30.040000915527344 AB 9.894788964592017 1.071763542429204
62619.3711 lsst_hardware_u -6.82336297283007 2.809999942779541 28.399999618530273 AB 3.702934417260488 1.0537661972854082
62619.3893 lsst_hardware_g -18.9125076828158 16.260000228881836 31.469999313354492 AB 5.266403282800682 1.0468252342820636
62621.3672 lsst_hardware_r 3.7680667015815033 24.3799991607666 31.510000228881836 AB 10.973755366966445 1.0526888931811065
62621.3854 lsst_hardware_z 3.5528137526482766 41.790000915527344 30.950000762939453 AB 11.969437453101957 1.0467980164797794
62624.3712 lsst_hardware_r -0.3971455650885467 24.239999771118164 31.510000228881836 AB 11.963600371231413 1.047394372495035
62624.3909 lsst_hardware_u -1.6104305710509808 2.7699999809265137 28.440000534057617 AB 11.706753899419658 1.0503884104696797
62630.2687 lsst_hardware_g -39.78144652409365 21.68673918870089 32.150001525878906 AB 10.534253045937968 1.2220120503770664
62630.2973 lsst_hardware_i 146.11950687158017 46.45936503304091 32.0 AB 9.30955964197411 1.1243655840867228
62632.3783 lsst_hardware_z 138.69097375508636 43.07620175020441 30.950000762939453 AB 8.031304268806366 1.0567505616850483
62632.3996 lsst_hardware_r 203.25346952705692 27.499782051150618 31.510000228881836 AB 8.239458235666294 1.0841392415350388
62635.2961 lsst_hardware_r 561.2023953569819 50.951963311356856 31.610000610351562 AB 7.249439454731634 1.0957849759636678
62635.3149 lsst_hardware_y 204.8136661767757 49.43512249294057 30.040000915527344 AB 7.137352869882686 1.0657935371460314
62643.334 lsst_hardware_r 1893.9037936224001 80.9395606102466 31.649999618530273 AB 4.441002077526158 1.0482714687893426
62643.3572 lsst_hardware_z 920.5229153150109 64.52235137001303 30.979999542236328 AB 4.483294632519455 1.0660128316999578
62645.3083 lsst_hardware_g 1177.93942110708 46.360646986222406 31.65999984741211 AB 7.54344243717522 1.0491331824262609
62645.3306 lsst_hardware_i 1528.4810821240444 52.83672296809009 31.280000686645508 AB 7.503867339235159 1.0490273313779515
62647.2948 lsst_hardware_r 2454.1516402728225 54.71014292753974 31.530000686645508 AB 5.962005768672486 1.053668177084956
62647.3185 lsst_hardware_z 1186.9402770653835 53.77871856795077 30.959999084472656 AB 5.943286308136742 1.0471521069131513
62651.2951 lsst_hardware_r 2722.740426636263 56.72224279908301 31.520000457763672 AB 13.377408664489927 1.0480029767971426
62651.3177 lsst_hardware_u 3.405465781618687 3.6909682940532407 28.469999313354492 AB 13.49041540061124 1.0506622239716956
62653.2666 lsst_hardware_g 2216.35811552658 51.40808686320369 32.209999084472656 AB 6.4844271141500895 1.0647954975478404
62653.2912 lsst_hardware_r 5357.168617545848 80.83698416771695 32.27000045776367 AB 6.509255218833845 1.047584762227997
62656.2806 lsst_hardware_i 1832.2110487323628 53.41858284558566 31.260000228881836 AB 12.023911813957442 1.0482693763394524
62656.3053 lsst_hardware_z 1473.7232363107046 55.57236520601934 30.950000762939453 AB 12.700170298485926 1.0513603591536322
62677.2244 lsst_hardware_g 189.52442005782626 20.435688788362278 31.469999313354492 AB 4.605973574164008 1.0479236100782667
62677.2483 lsst_hardware_r 877.015207883691 38.433447490902516 31.520000457763672 AB 4.622394818670008 1.051559988322826
62681.2023 lsst_hardware_u -4.185704538620159 3.5215320068658973 28.420000076293945 AB 6.121023183594849 1.0534417319671023
62681.2254 lsst_hardware_g 162.6636916251356 19.273053991525035 31.469999313354492 AB 2.8963207542788467 1.0471152401587358
62683.2025 lsst_hardware_r 484.5479520434456 33.85882478444965 31.520000457763672 AB 7.777849329038735 1.0500674131279513
62683.224 lsst_hardware_i 802.4632241167101 41.84992110489465 31.25 AB 8.075588208434807 1.0480290971947512
62687.2031 lsst_hardware_z 608.4466833412881 49.206994603537794 30.950000762939453 AB 3.768719996384786 1.0468666656624406
62687.2245 lsst_hardware_r 458.21226313705847 31.83007484310271 31.510000228881836 AB 3.8178188514833704 1.053869760254872
62689.1775 lsst_hardware_i 499.12720257332353 39.530585591788004 31.25 AB 2.4238536583828854 1.0556853912817445
62689.1984 lsst_hardware_u 5.693526512454409 3.176626949749088 28.420000076293945 AB 2.314534565884961 1.0468270311555683
62696.1629 lsst_hardware_z 1398.9291769951283 160.89923046888978 31.75 AB 7.91034205693932 1.0523970008566985
62696.1852 lsst_hardware_r 744.8718283980535 231.52444543530225 32.40999984741211 AB 7.626184034021292 1.0472410730352173
62700.0262 lsst_hardware_z 896.3679966519319 75.20214323860561 31.639999389648438 AB 3.494475614463417 1.5740290294493824
62704.9901 lsst_hardware_i 216.60001934528165 39.35128865086701 31.1299991607666 AB 6.24200319047121 1.8621727895200504
62705.0047 lsst_hardware_z 345.4075961852277 52.102613727916804 30.8799991607666 AB 6.982194189411016 1.6610429854671147
62710.1162 lsst_hardware_g 17.031081568746526 15.898019423424975 31.43000030517578 AB 4.025021269236577 1.0592161234833097
62710.1358 lsst_hardware_r 121.24565907407228 26.905954773653917 31.5 AB 3.8758930161819554 1.04753865302215
62712.1078 lsst_hardware_i 203.7269098340599 34.79288826156162 31.25 AB 5.523575310536458 1.0622260212570112
62712.1268 lsst_hardware_r 125.18640112176932 26.849550023675633 31.510000228881836 AB 5.823593879527967 1.048587689314061
62717.1088 lsst_hardware_u 3.100014025400917 3.315371598914454 28.40999984741211 AB 1.901422594540421 1.0505097207405643
62717.1266 lsst_hardware_g 32.0803898833552 16.14124916641212 31.450000762939453 AB 1.3986801375369866 1.047046890233552
62724.0812 lsst_hardware_i 96.8637415509418 107.94535849267061 31.34000015258789 AB 8.534451209321892 1.0562984323847424
62724.0993 lsst_hardware_z 329.8300051205955 92.93640391194312 31.0 AB 7.837119643211465 1.0471949371267004
62730.0728 lsst_hardware_i 201.06822602487122 34.069297105822876 31.270000457763672 AB 4.126319629546258 1.0507785063462938
62730.0897 lsst_hardware_z 292.82659658475495 48.43407632874646 30.969999313354492 AB 4.195445689432542 1.0468984876937095
62732.0657 lsst_hardware_u 0.3772015516977549 2.819999933242798 28.489999771118164 AB 2.6436643006314173 1.051716337606982
62732.0858 lsst_hardware_g -2.7914056022316514 15.180000305175781 31.469999313354492 AB 2.2991015121735585 1.0470688886137614
62734.0589 lsst_hardware_r 2.826729204488672 24.040000915527344 31.520000457763672 AB 3.191353434309536 1.0525572012894249
62734.0792 lsst_hardware_i -55.84815412936181 31.40999984741211 31.260000228881836 AB 3.196295703317856 1.046936031221047
62737.0584 lsst_hardware_z -52.81695957412236 41.7400016784668 30.950000762939453 AB 2.6884488350057345 1.0486392335468493
62737.0784 lsst_hardware_u -0.6267942589393277 2.759999990463257 28.450000762939453 AB 2.6926653282100856 1.0486477765398057
62739.0421 lsst_hardware_g -10.29280501497654 15.109999656677246 31.459999084472656 AB 2.151527074328611 1.0547993991070528
62739.0596 lsst_hardware_r 19.585475249271127 23.959999084472656 31.510000228881836 AB 2.1366921674691937 1.0470131899885795
62741.0414 lsst_hardware_i -11.95700085867501 31.420000076293945 31.260000228881836 AB 3.7386194504935704 1.0515524424789715
62741.0583 lsst_hardware_z -64.95251360278479 41.81999969482422 30.950000762939453 AB 3.663881056325399 1.046823158950114
62743.0442 lsst_hardware_i -31.225513433470752 31.440000534057617 31.260000228881836 AB 4.321124572239457 1.0479264149968368
62743.062 lsst_hardware_u -2.6285281019637057 2.799999952316284 28.469999313354492 AB 4.33298647507829 1.048641450890196
62745.0203 lsst_hardware_u -1.72341411674583 2.799999952316284 28.450000762939453 AB 1.7973354400475652 1.0595414266341874
62745.0369 lsst_hardware_g 9.392757280581048 15.3100004196167 31.459999084472656 AB 1.8677548296780917 1.048515061570785
62750.0139 lsst_hardware_z -27.530303746823208 55.68000030517578 30.979999542236328 AB 0.8919178720771908 1.0534463056029812
62750.0342 lsst_hardware_r 39.830493411223166 62.959999084472656 31.649999618530273 AB 0.8901647513573138 1.0468421223331796
62752.0138 lsst_hardware_i 37.6900924091788 81.91999816894531 31.34000015258789 AB 2.5205285549818908 1.0502202312424544
62752.0322 lsst_hardware_z -73.4131423972005 74.55999755859375 31.0 AB 2.5133455431266074 1.0472273096360865
62754.0149 lsst_hardware_i 16.05604408046065 76.97000122070312 31.329999923706055 AB 3.3639860482140937 1.0477259357514892
62754.033 lsst_hardware_z -17.18063227841708 68.69000244140625 30.989999771118164 AB 3.3636648212993507 1.0490417094781872
62755.9911 lsst_hardware_y -75.53647865114282 54.63999938964844 30.059999465942383 AB 3.1732077787172073 1.0587358434245255
62756.0103 lsst_hardware_g -124.84046944215531 91.1500015258789 31.729999542236328 AB 2.3487934324635704 1.047516303919967
62758.9913 lsst_hardware_y 78.85382656520811 48.38999938964844 30.049999237060547 AB 2.4437525256068797 1.0521322584411634
62759.0092 lsst_hardware_i 44.70500622321245 31.81999969482422 31.270000457763672 AB 1.3348761875068753 1.0468248758387009
62760.9921 lsst_hardware_z 22.194967402710084 42.970001220703125 30.950000762939453 AB 6.493409483311931 1.0489313437213372
62761.011 lsst_hardware_u 4.091854538761578 2.819999933242798 28.469999313354492 AB 1.7685440869364941 1.0480261255919965
62762.982 lsst_hardware_y -9.190058867130267 68.58000183105469 30.06999969482422 AB 6.341665208230753 1.0511628059391271
62763.0018 lsst_hardware_r -0.028240890361021252 24.709999084472656 31.520000457763672 AB 6.178280668383887 1.0471662149803198
62765.9826 lsst_hardware_y 23.78621864961555 67.36000061035156 30.06999969482422 AB 2.13223354155814 1.0476090115745855
62766.0023 lsst_hardware_z 23.202140998049554 42.310001373291016 30.950000762939453 AB 2.6868438095813785 1.049958503157937
62974.4017 lsst_hardware_z 18.427752135669937 42.43000030517578 30.950000762939453 AB 13.703608588569423 1.052033158869126
62974.4201 lsst_hardware_y 44.47332468173466 60.36000061035156 30.059999465942383 AB 14.092007122984585 1.0468507668619689
62976.4037 lsst_hardware_u 2.5592569242011414 3.059999942779541 28.56999969482422 AB 4.927611420667523 1.0484279618441537
62976.4216 lsst_hardware_y -46.297533695767285 64.08000183105469 30.059999465942383 AB 4.590288813892972 1.0481307943585192
62985.3672 lsst_hardware_u -1.5289387430773604 3.950000047683716 29.200000762939453 AB 11.953218900323648 1.0551923464268755
62985.3874 lsst_hardware_g -28.413555727160993 21.90999984741211 32.209999084472656 AB 13.118383754667722 1.0468326820147407
62989.3168 lsst_hardware_r -29.79465822209342 24.709999084472656 31.5 AB 13.96145247942693 1.118235716499624
62989.3354 lsst_hardware_i -15.550683056419997 32.11000061035156 31.25 AB 12.36420585950683 1.0802678659304383
62993.2557 lsst_hardware_z -59.952073701892765 143.2899932861328 32.459999084472656 AB 9.741826391425635 1.319673041374375
62996.285 lsst_hardware_r -47.49907749957806 107.77999877929688 31.6299991607666 AB 8.192506700545362 1.1538741831754031
63001.3072 lsst_hardware_r -36.99615391808579 38.72999954223633 32.290000915527344 AB 7.739850772413371 1.073289836241138
63001.3276 lsst_hardware_i -52.406062615416005 46.709999084472656 32.0099983215332 AB 7.656399562432122 1.0522814131985074
63003.3181 lsst_hardware_z 10.512251075037312 59.209999084472656 31.700000762939453 AB 6.640838384515832 1.055162075819509
63003.3388 lsst_hardware_r 18.810820570798885 24.06999969482422 31.510000228881836 AB 7.746455753392544 1.0468183450530464
63008.3344 lsst_hardware_r -7.511695488266272 23.950000762939453 31.510000228881836 AB 4.413567841499405 1.0481874227753236
63008.3562 lsst_hardware_z -19.55334585773451 41.880001068115234 30.950000762939453 AB 4.512342695811757 1.0640226439328175
63014.2961 lsst_hardware_u -0.7605675184262322 4.050000190734863 29.280000686645508 AB 8.199495878699791 1.0500394914294593
63014.3167 lsst_hardware_g -7.390399982237258 21.469999313354492 32.220001220703125 AB 8.301204937449947 1.0478011912211986
63018.2845 lsst_hardware_z 6.292337295833882 44.900001525878906 30.959999084472656 AB 6.571877483861126 1.0503799920928811
63018.3047 lsst_hardware_r -28.52580808898556 23.979999542236328 31.510000228881836 AB 7.213309827519664 1.0475326499447353
63021.2989 lsst_hardware_z -165.41444799328897 92.79000091552734 31.739999771118164 AB 12.664195588825876 1.0481870210913653
63037.264 lsst_hardware_r -11.828932175886951 24.290000915527344 31.520000457763672 AB 3.7012264961961807 1.0524066524738567
63037.2903 lsst_hardware_i 16.74434090835632 31.860000610351562 31.260000228881836 AB 3.817523006152043 1.082806062207779
63043.2287 lsst_hardware_i 76.98847444380738 44.58000183105469 32.0 AB 6.199844764974602 1.046858462032071
63043.2509 lsst_hardware_z 14.888788275015843 59.459999084472656 31.700000762939453 AB 6.04910025396296 1.0547230293296934
63045.2181 lsst_hardware_i 12.615868516004273 31.690000534057617 31.260000228881836 AB 6.316895942057018 1.0476215335722074
63045.2391 lsst_hardware_z 53.83490845788941 41.83000183105469 30.950000762939453 AB 6.386156009318423 1.0506138042804287
63047.2089 lsst_hardware_z -46.055453635854654 47.36000061035156 30.959999084472656 AB 3.490362359959109 1.0487867668146198
63047.2282 lsst_hardware_r -45.97806507075744 45.369998931884766 31.6200008392334 AB 3.4743596411597326 1.0482831060524023
63049.209 lsst_hardware_i -52.43695715025055 64.79000091552734 31.329999923706055 AB 8.682938217965106 1.0472411539833966
63049.232 lsst_hardware_r 36.92301189692425 78.27999877929688 31.649999618530273 AB 8.751442438264974 1.0529106603085994
63062.0906 lsst_hardware_i -94.89193990125172 46.65999984741211 31.989999771118164 AB 7.735249327587179 1.2047893040566702
63062.1264 lsst_hardware_z -15.013871851812944 60.349998474121094 31.700000762939453 AB 7.569519522991305 1.0980927741283324
63064.1479 lsst_hardware_i 33.92768013053835 31.65999984741211 31.25 AB 1.693299981800271 1.0583124886251694
63064.1706 lsst_hardware_u -1.652238736689757 2.740000009536743 28.40999984741211 AB 2.2520848195615883 1.0469132189795871
63067.2044 lsst_hardware_i -4.751489477179748 31.889999389648438 31.25 AB 3.745867946879751 1.0763988353102734
63067.2231 lsst_hardware_r -36.26250886397619 24.709999084472656 31.510000228881836 AB 3.2791638163254477 1.112523771442052
63069.1471 lsst_hardware_z -38.513203019836254 41.83000183105469 30.950000762939453 AB 5.409492302584768 1.0495037772588958
63069.1673 lsst_hardware_u 1.976141880740533 2.7699999809265137 28.440000534057617 AB 5.674008365068238 1.0480251874895157
63072.1375 lsst_hardware_g -5.130535285037551 15.229999542236328 31.450000762939453 AB 5.775918736987564 1.050167043088648
63072.1566 lsst_hardware_r -3.231110481976226 24.170000076293945 31.510000228881836 AB 5.807806094054718 1.0473951477104992
63073.1249 lsst_hardware_i 75.22505777393461 32.529998779296875 31.260000228881836 AB 7.742394524324424 1.0568980205432228
63073.1447 lsst_hardware_z -13.093157120434729 42.18000030517578 30.950000762939453 AB 9.456128129079689 1.0470549905785176
63081.1336 lsst_hardware_i 44.744971967986885 105.98999786376953 31.34000015258789 AB 1.895143579560847 1.0477642457834675
63081.1553 lsst_hardware_r 170.17501671483603 135.58999633789062 31.649999618530273 AB 2.053264761198841 1.0622624330410042
63085.0984 lsst_hardware_g -11.020526818544726 21.360000610351562 32.20000076293945 AB 2.887502725062984 1.052201047668305
63085.1185 lsst_hardware_r -20.64173695884635 51.060001373291016 32.34000015258789 AB 2.947091787013645 1.0469862467926976
63094.0813 lsst_hardware_i -9.24685536826381 31.25 31.25 AB 6.148541011501769 1.048523364853644
63094.1037 lsst_hardware_r 17.213905380545516 23.969999313354492 31.510000228881836 AB 5.394816948578334 1.0498135663565011
63099.061 lsst_hardware_z 12.45727584543138 41.810001373291016 30.950000762939453 AB 3.2865384176588193 1.0516922936506132
63099.0782 lsst_hardware_u 0.11957691905640869 2.819999933242798 28.5 AB 3.259854303526351 1.0468382477605493
63100.0173 lsst_hardware_g 27.705971416555084 22.219999313354492 32.220001220703125 AB 3.37692000938452 1.1097338183978047
63100.0322 lsst_hardware_r 18.284981169971967 34.459999084472656 32.2599983215332 AB 3.247643105148843 1.0805067445321648
63102.0511 lsst_hardware_i -3.91168096043257 32.459999084472656 31.260000228881836 AB 2.6385125393015025 1.0527730830131987
63102.0691 lsst_hardware_z -23.119130001942004 42.189998626708984 30.950000762939453 AB 2.6406108213751365 1.0468229222499352
63108.0379 lsst_hardware_i -84.7592461094766 88.73999786376953 31.329999923706055 AB 4.938984694641753 1.0508478073705856
63108.0551 lsst_hardware_z -7.219536890737908 77.70999908447266 30.989999771118164 AB 4.339517189094576 1.0469281517719122
63110.0275 lsst_hardware_z 36.61833645579621 99.05999755859375 31.739999771118164 AB 1.8929807829882392 1.053998208790779
63115.0121 lsst_hardware_z 14.804548146855224 41.810001373291016 30.950000762939453 AB 0.9225370600481014 1.0553331478147967
63115.0314 lsst_hardware_u -2.880452402341929 2.8299999237060547 28.489999771118164 AB 0.885686747400383 1.046911048936623
63121.0131 lsst_hardware_i 66.15142493176873 31.5 31.25 AB 2.327513138899707 1.04713221860295
63121.0332 lsst_hardware_z -35.71201715190573 41.790000915527344 30.950000762939453 AB 2.2418441688175212 1.051521655167693
63124.9925 lsst_hardware_y 3.706020579977818 48.380001068115234 30.040000915527344 AB 2.8344393248004645 1.050311014624678
63125.0121 lsst_hardware_g 0.2258049953895673 15.430000305175781 31.459999084472656 AB 2.6456644227380828 1.04744219969835
