data/validation/pwv_sim_epoch_fit_seasonal/37952834.ecsv
# %ECSV 0.9
# ---
# datatype:
# - {name: time, datatype: float64}
# - {name: band, datatype: string}
# - {name: flux, datatype: float64}
# - {name: fluxerr, datatype: float64}
# - {name: zp, datatype: float64}
# - {name: zpsys, datatype: string}
# - {name: pwv, datatype: float64}
# - {name: airmass, datatype: float64}
# meta: {SNID: '37952834', alt: 1024.0, c: -0.02543656900525093, dec: -14.323464, lat: -30.244573, lon: -70.7499537, ra: 120.585938, t0: 61836.59765625,
#   x0: 3.5296576978847543e-06, x1: -1.3384590148925781, z: 0.707513689994812}
# schema: astropy-2.0
time band flux fluxerr zp zpsys pwv airmass
[from data line 133]
62162.1506 lsst_hardware_z 57.95160422560191 50.11000061035156 30.969999313354492 AB 13.99923453020795 1.0587233767716966
62162.1688 lsst_hardware_r 96.3211351495288 53.5099983215332 31.639999389648438 AB 14.585283986377775 1.0431471882690442
62163.1546 lsst_hardware_z -106.1659430484057 77.3499984741211 31.729999542236328 AB 11.566572521302179 1.0515065928456526
62165.15 lsst_hardware_r -61.87367024149694 112.5199966430664 31.65999984741211 AB 10.507080360608969 1.050708036060897
62165.1686 lsst_hardware_z 56.190465515972114 75.58000183105469 31.0 AB 9.990683882129256 1.0401725397417192
62167.145 lsst_hardware_r 68.6523545578425 113.6500015258789 31.65999984741211 AB 9.556255843196256 1.0502918936689907
62167.1622 lsst_hardware_y -92.2617352356129 60.540000915527344 30.06999969482422 AB 9.4643618287604 1.0404018059867426
62171.1382 lsst_hardware_i -13.020627371546622 38.29999923706055 31.290000915527344 AB 10.741479498396961 1.0469278263544797
62171.1558 lsst_hardware_z 14.568911837320927 45.56999969482422 30.969999313354492 AB 10.695520901027317 1.0395860229900475
62173.1356 lsst_hardware_r -10.580766290171569 22.670000076293945 31.5 AB 4.124997351766581 1.0449644969643017
62173.1566 lsst_hardware_u 1.551669405800815 2.7799999713897705 28.520000457763672 AB 4.070305976650771 1.0396694704088747
62175.1389 lsst_hardware_g 9.891246380040508 14.0 31.43000030517578 AB 8.860835812544876 1.0408186154124757
62175.1574 lsst_hardware_i -29.72679111094703 30.489999771118164 31.25 AB 8.977330817414686 1.0411617954071013
62177.1087 lsst_hardware_r -48.7150741372397 22.899999618530273 31.510000228881836 AB 3.7082236054193842 1.0598709840426965
62177.1285 lsst_hardware_z 12.54615742247045 41.2400016784668 30.950000762939453 AB 3.63819420031047 1.0428111212851832
62179.0987 lsst_hardware_r 12.467485688198071 22.75 31.5 AB 4.8169201185084365 1.0659064600509152
62179.1149 lsst_hardware_u -0.4702733792084137 2.75 28.5 AB 4.727451529876531 1.048041130605003
62183.1029 lsst_hardware_i 59.318463215927636 30.290000915527344 31.25 AB 3.2848592277857667 1.0489172627309526
62183.1203 lsst_hardware_z 74.32304220944081 40.88999938964844 30.950000762939453 AB 3.2778678558202436 1.0399876862630903
62185.0979 lsst_hardware_r -14.00775800770193 22.520000457763672 31.5 AB 5.763805337635726 1.0485365358624206
62185.1145 lsst_hardware_u 0.7293859308002782 2.7100000381469727 28.469999313354492 AB 5.676626487049187 1.040056153728338
62187.0857 lsst_hardware_g -10.077193097694286 15.84000015258789 31.479999542236328 AB 3.3608939383872682 1.054894519267818
62187.1021 lsst_hardware_i 72.80356048262507 31.020000457763672 31.260000228881836 AB 3.3228390367816587 1.0423775505549866
62189.0932 lsst_hardware_z 94.83785541756107 43.619998931884766 30.959999084472656 AB 6.4122824938929375 1.0441756218682523
62189.1104 lsst_hardware_r 1.5457792016488923 32.189998626708984 31.579999923706055 AB 6.3942548480345875 1.0394627079630314
62191.0912 lsst_hardware_y -69.52824253837416 70.91999816894531 30.809999465942383 AB 8.127417514578955 1.042366378185726
62195.0832 lsst_hardware_z 59.58956901139516 74.33000183105469 31.0 AB 5.754244144498201 1.041178071983993
62195.1018 lsst_hardware_r 54.2228731909738 110.9800033569336 31.65999984741211 AB 5.452633258474644 1.0408271550416883
62197.0557 lsst_hardware_r 105.74315702108417 79.08000183105469 31.649999618530273 AB 3.0390566938796257 1.0579218010720444
62197.0731 lsst_hardware_z 60.77617274769548 59.470001220703125 30.979999542236328 AB 2.975750886332584 1.0432080232541925
62198.0557 lsst_hardware_g -37.858802947437994 51.7400016784668 31.709999084472656 AB 6.631164191313366 1.0548540523856036
62198.0744 lsst_hardware_i -49.42595026019503 50.77000045776367 31.309999465942383 AB 6.555956277173156 1.0413993874573477
62201.0551 lsst_hardware_z 30.79631770281547 40.939998626708984 30.950000762939453 AB 5.525518591611617 1.047822741772094
62201.0731 lsst_hardware_r 10.812880858087418 22.190000534057617 31.489999771118164 AB 5.505041053567118 1.03966780992769
62203.0524 lsst_hardware_u 2.4242329693879765 2.6600000858306885 28.440000534057617 AB 9.733800159180777 1.0458017898662915
62203.0704 lsst_hardware_g -18.02829535828853 13.510000228881836 31.420000076293945 AB 9.731014815112749 1.0394532471190403
62205.0485 lsst_hardware_r 10.925535963285833 22.229999542236328 31.489999771118164 AB 10.526198205694053 1.0447839410118005
62205.0683 lsst_hardware_i -20.085086090420166 30.149999618530273 31.25 AB 10.420045221673194 1.0395615525189
62207.0393 lsst_hardware_z 57.628763560002106 40.88999938964844 30.950000762939453 AB 7.7265453325601845 1.0473712961392132
62207.0589 lsst_hardware_r 14.547853307501205 22.190000534057617 31.489999771118164 AB 8.120378077056943 1.039474920258199
62209.0367 lsst_hardware_u 4.980866098159706 2.630000114440918 28.420000076293945 AB 14.395266854782747 1.0453446430099422
62209.0559 lsst_hardware_r 44.389805368737555 22.149999618530273 31.489999771118164 AB 13.490244205452811 1.0394635216129375
62210.0368 lsst_hardware_i -3.957543501193329 30.280000686645508 31.25 AB 9.88334948107124 1.043636828817484
62210.0554 lsst_hardware_z 86.03974319984228 40.959999084472656 30.950000762939453 AB 9.979514363557081 1.0396410421457698
62212.0338 lsst_hardware_r -15.524435389060844 22.290000915527344 31.5 AB 8.245305967024992 1.0423901348957005
62212.0528 lsst_hardware_u 0.4609522854482829 2.700000047683716 28.469999313354492 AB 8.44923863425548 1.0401303215160878
62215.0331 lsst_hardware_g -4.700784282437758 14.0 31.440000534057617 AB 4.89260726658997 1.0399476973055057
62215.0528 lsst_hardware_r 36.86556255261934 22.459999084472656 31.510000228881836 AB 3.966462200405016 1.0431653021140286
62217.0296 lsst_hardware_i -15.83681288959522 32.25 31.280000686645508 AB 5.399902164602517 1.0396423112442275
62217.0493 lsst_hardware_z -48.01862171051284 41.91999816894531 30.959999084472656 AB 4.089384409040713 1.044253674132074
62219.0028 lsst_hardware_y -37.53669464575377 49.86000061035156 30.049999237060547 AB 4.881021162674449 1.050472648805469
62219.0226 lsst_hardware_r -26.437375881453303 42.93000030517578 31.6299991607666 AB 4.874909605138086 1.0398697963178856
62221.0015 lsst_hardware_y -13.061724238275197 52.7400016784668 30.059999465942383 AB 7.782003954843274 1.047047220008528
62221.0203 lsst_hardware_r 50.74501195967933 66.16000366210938 31.65999984741211 AB 7.688444381548191 1.0394940350914674
62224.997 lsst_hardware_y -98.22439495645494 54.40999984741211 30.059999465942383 AB 6.939566766728702 1.043021057123536
62225.0156 lsst_hardware_z 16.08201044935208 62.15999984741211 30.989999771118164 AB 6.0384797356811095 1.039802502987256
62226.9847 lsst_hardware_y 124.73524437805526 62.619998931884766 30.06999969482422 AB 5.19665410156085 1.0473605847955483
62227.0021 lsst_hardware_r 41.655832461593135 44.79999923706055 31.6200008392334 AB 3.8426045667256226 1.039665737750439
62230.9797 lsst_hardware_y -12.60439774169447 70.8499984741211 30.06999969482422 AB 9.732223595061082 1.0435022350357064
62230.997 lsst_hardware_g 14.23529173336806 13.699999809265137 31.40999984741211 AB 9.262235427187406 1.039532595643802
62232.9799 lsst_hardware_y 53.752810049337654 65.1500015258789 30.059999465942383 AB 11.773958472751808 1.041014298988528
62232.9989 lsst_hardware_i 59.44690480269189 30.479999542236328 31.25 AB 11.792980010772428 1.041108234721834
62236.9756 lsst_hardware_y -73.17330087488939 65.93000030517578 30.06999969482422 AB 2.990076081809421 1.0395744743361741
62236.9931 lsst_hardware_g -21.969756126692467 13.789999961853027 31.420000076293945 AB 3.0079211841556734 1.0433604338739149
