data/validation/pwv_sim_epoch_fit_seasonal/37968964.ecsv
# %ECSV 0.9
# ---
# datatype:
# - {name: time, datatype: float64}
# - {name: band, datatype: string}
# - {name: flux, datatype: float64}
# - {name: fluxerr, datatype: float64}
# - {name: zp, datatype: float64}
# - {name: zpsys, datatype: string}
# - {name: pwv, datatype: float64}
# - {name: airmass, datatype: float64}
# meta: {SNID: '37968964', alt: 1024.0, c: -0.06877618283033371, dec: -19.15501, lat: -30.244573, lon: -70.7499537, ra: 136.933594, t0: 61472.6875,
#   x0: 3.963534994889402e-06, x1: 0.7607404589653015, z: 0.6742494702339172}
# schema: astropy-2.0
time band flux fluxerr zp zpsys pwv airmass
[from data line 134]
61805.2016 lsst_hardware_i 11.039077701986567 30.110000610351562 31.25 AB 9.206549764119806 1.0189308576304363
61807.1699 lsst_hardware_z 94.32734557299482 45.709999084472656 30.959999084472656 AB 5.6321572802445985 1.0344514787317056
61807.1876 lsst_hardware_r 63.425553033530846 38.029998779296875 31.610000610351562 AB 5.525698168780097 1.02138598313865
61808.1732 lsst_hardware_z -45.166791659790675 49.349998474121094 30.969999313354492 AB 5.127380176325699 1.0287680931632783
61808.1915 lsst_hardware_r 32.96513584251867 53.45000076293945 31.639999389648438 AB 5.103971297358839 1.0192653614296392
61812.1555 lsst_hardware_r 206.7358864693839 117.16000366210938 31.670000076293945 AB 2.1218232906803705 1.035246167439091
61812.1722 lsst_hardware_z -60.06747118188855 77.98999786376953 31.0 AB 2.7599193122881402 1.0221923378844964
61814.1576 lsst_hardware_y -80.47576955907438 52.11000061035156 30.049999237060547 AB 3.800632011870957 1.028124078955173
61814.1756 lsst_hardware_r 24.186903762094506 75.63999938964844 31.649999618530273 AB 4.1523446163463 1.0191678508550872
61816.156 lsst_hardware_i -89.62436830763056 42.40999984741211 31.299999237060547 AB 2.8929563382647965 1.0252650933011682
61816.1727 lsst_hardware_z 22.644464862975227 46.63999938964844 30.969999313354492 AB 3.936933447551686 1.0187872287289794
61818.1537 lsst_hardware_r -15.111868840493266 26.360000610351562 31.540000915527344 AB 3.1662889514884474 1.0233091144051
61818.1701 lsst_hardware_g -35.77601893434546 20.440000534057617 31.56999969482422 AB 4.317601989154452 1.0186226775293612
61822.13 lsst_hardware_i 54.31460538497851 30.34000015258789 31.25 AB 5.168517020590018 1.0333589511342922
61822.148 lsst_hardware_z 17.86117049352488 40.810001373291016 30.950000762939453 AB 5.133488421317763 1.0208279237022646
61824.1287 lsst_hardware_r 4.307380191350663 22.489999771118164 31.489999771118164 AB 8.243624968504081 1.0294558357221544
61824.1455 lsst_hardware_u 3.96645870724388 2.569999933242798 28.360000610351562 AB 7.888152937519382 1.019832953556273
61826.1343 lsst_hardware_g -17.71556485902213 13.8100004196167 31.420000076293945 AB 8.86654534740533 1.0220310664124101
61826.153 lsst_hardware_r -0.5799925616936877 22.469999313354492 31.5 AB 8.794005818053206 1.0189549540543472
61828.1175 lsst_hardware_i -17.04846856971345 30.200000762939453 31.25 AB 6.69611946237253 1.0296969802202875
61828.1364 lsst_hardware_z 18.48385890284633 40.68000030517578 30.950000762939453 AB 7.867479471844483 1.0193676434107908
61830.1135 lsst_hardware_r -22.52900355513403 22.510000228881836 31.5 AB 4.223361352248739 1.0284576530497356
61830.1301 lsst_hardware_g 2.6992892837328495 13.850000381469727 31.43000030517578 AB 4.142842448102541 1.019567460566663
61832.1074 lsst_hardware_r 42.36611001741688 22.670000076293945 31.5 AB 6.002613252872541 1.028990015063461
61832.1259 lsst_hardware_i 93.08329069796844 30.15999984741211 31.25 AB 5.090515691186619 1.0192753048378873
61834.1155 lsst_hardware_z 13.875933992949188 41.58000183105469 30.950000762939453 AB 10.525881979938921 1.0207245790511776
61834.134 lsst_hardware_i 2.6672011154738504 31.610000610351562 31.25 AB 10.49209929568791 1.0195165111806543
61836.0901 lsst_hardware_r -72.40374016810178 44.75 31.6200008392334 AB 7.531394907457502 1.035101004323461
61836.1096 lsst_hardware_z 30.65482543700233 46.290000915527344 30.959999084472656 AB 7.405898055776314 1.0208929911928162
61838.0901 lsst_hardware_y 32.52587296209089 52.70000076293945 30.059999465942383 AB 10.548021001109849 1.0297784829746996
61838.1093 lsst_hardware_r -16.877725677710956 74.5199966430664 31.649999618530273 AB 10.452877977570216 1.019320605336077
61840.0875 lsst_hardware_i 111.89281078332496 89.4800033569336 31.34000015258789 AB 7.808336395492054 1.0274126836173756
61840.1069 lsst_hardware_z 23.02143134090103 77.13999938964844 31.0 AB 7.718523146544608 1.0188124533453673
61843.0732 lsst_hardware_r -58.21066383469982 71.12000274658203 31.649999618530273 AB 13.412123860453779 1.0328140967544899
61843.0894 lsst_hardware_i -25.226592767031995 59.11000061035156 31.329999923706055 AB 13.327439858085642 1.0213380226902937
61845.0729 lsst_hardware_z -1.081782773338536 44.279998779296875 30.950000762939453 AB 8.002025346415852 1.0281635239628908
61845.0895 lsst_hardware_i 39.705757945197156 39.15999984741211 31.290000915527344 AB 7.551945318364893 1.0194769362865368
61847.0675 lsst_hardware_u 2.19802001273393 2.6500000953674316 28.420000076293945 AB 6.993230033090892 1.0281137949266235
61847.0872 lsst_hardware_g 7.67698655711389 13.729999542236328 31.43000030517578 AB 8.325813267999047 1.0188843257662665
61849.066 lsst_hardware_r 7.9279270596740705 22.219999313354492 31.489999771118164 AB 3.8389887487069365 1.0251883786826428
61849.0849 lsst_hardware_i 16.638938557671462 29.989999771118164 31.25 AB 5.222589825350798 1.018627840783541
61851.0688 lsst_hardware_z -7.547830104011717 40.790000915527344 30.950000762939453 AB 3.9904225790704015 1.020829516262574
61851.0884 lsst_hardware_u 1.4695959198987079 2.690000057220459 28.459999084472656 AB 5.316515078407346 1.0197266949185937
61853.0434 lsst_hardware_r 14.69067417756614 22.270000457763672 31.5 AB 4.358609646435235 1.035401677862441
61853.0628 lsst_hardware_g -5.713202171047756 13.5600004196167 31.420000076293945 AB 4.3202866646782905 1.021042638624116
61855.0594 lsst_hardware_i -11.34511609398518 29.84000015258789 31.25 AB 7.078022713488261 1.0202800375006837
61855.0762 lsst_hardware_z -67.14771414704718 40.4900016784668 30.950000762939453 AB 7.177202270150264 1.019404491126483
61859.0366 lsst_hardware_u 3.2703202254120103 2.569999933242798 28.3700008392334 AB 6.095658788666159 1.026666088367343
61859.0566 lsst_hardware_g -13.490796337160619 13.270000457763672 31.389999389648438 AB 5.037330116655096 1.0186714088281286
61861.0343 lsst_hardware_r 70.92543260512974 31.65999984741211 32.2400016784668 AB 3.832968968966499 1.0244927750266837
61861.0523 lsst_hardware_i 14.507473478948365 42.29999923706055 31.989999771118164 AB 5.2968373806831694 1.0186225732083019
61863.0406 lsst_hardware_z -43.21950248292188 59.0 31.700000762939453 AB 6.3033034373566625 1.0194159119163708
61865.0285 lsst_hardware_z 67.62679230219098 47.720001220703125 30.969999313354492 AB 7.8328807085289744 1.0217023033364605
61865.0467 lsst_hardware_r -21.781068830514887 46.470001220703125 31.6299991607666 AB 7.973341247853948 1.0189790514627295
61875.0054 lsst_hardware_u 3.0520089841764584 2.859999895095825 28.600000381469727 AB 11.5773974620288 1.0200799561239526
61875.0245 lsst_hardware_g -5.7695296859766545 13.699999809265137 31.450000762939453 AB 11.561096599854613 1.020216784314738
61877.0029 lsst_hardware_r 9.626362819362482 22.149999618530273 31.510000228881836 AB 13.551555638372914 1.0192971521905163
61877.0222 lsst_hardware_i 24.882070512563935 29.989999771118164 31.260000228881836 AB 13.506305579185522 1.0214252120687835
61881.9779 lsst_hardware_y 30.16333387261544 48.189998626708984 30.059999465942383 AB 9.376463009363128 1.023910784533238
61881.9918 lsst_hardware_r -50.16239464327858 22.270000457763672 31.5 AB 9.340140681172276 1.0188596014259756
61883.9796 lsst_hardware_y 0.7735315468929723 47.099998474121094 30.049999237060547 AB 9.810227209956158 1.020490178655102
61883.9971 lsst_hardware_r -6.918648965584267 22.079999923706055 31.489999771118164 AB 9.800308506843605 1.0194230566310105
61885.9652 lsst_hardware_z -2.405460465191933 60.84000015258789 30.979999542236328 AB 13.929162398373654 1.0250321876792272
61885.9821 lsst_hardware_g 8.62739389962285 13.819999694824219 31.40999984741211 AB 13.80274154665437 1.0187276955239775
61889.9621 lsst_hardware_y 59.91940902390594 73.38999938964844 30.06999969482422 AB 11.506487260520927 1.0209082966820318
61889.9807 lsst_hardware_r -0.3365856434046634 23.1200008392334 31.5 AB 11.482056674829792 1.0194190596179158
