data/validation/pwv_sim_epoch_fit_seasonal/37993323.ecsv
# %ECSV 0.9
# ---
# datatype:
# - {name: time, datatype: float64}
# - {name: band, datatype: string}
# - {name: flux, datatype: float64}
# - {name: fluxerr, datatype: float64}
# - {name: zp, datatype: float64}
# - {name: zpsys, datatype: string}
# - {name: pwv, datatype: float64}
# - {name: airmass, datatype: float64}
# meta: {SNID: '37993323', alt: 1024.0, c: -0.039637088775634766, dec: -16.49037, lat: -30.244573, lon: -70.7499537, ra: 132.539062, t0: 61830.86328125,
#   x0: 2.9381624441464535e-06, x1: 0.8952446579933167, z: 0.7619618773460388}
# schema: astropy-2.0
time band flux fluxerr zp zpsys pwv airmass
[from data line 133]
62163.1802 lsst_hardware_z -43.36333302909693 52.4900016784668 30.969999313354492 AB 11.433274577480722 1.048635657844696
62163.1992 lsst_hardware_i -70.13914462811825 52.36000061035156 31.31999969482422 AB 11.47225211410099 1.0326059508641754
62165.1735 lsst_hardware_z 2.204814333961033 72.41999816894531 31.0 AB 10.107648049184682 1.0501452518633436
62165.1913 lsst_hardware_r -150.35182544841717 104.55000305175781 31.670000076293945 AB 9.945741415329673 1.0339325055786617
62167.1747 lsst_hardware_y 0.8901169601229069 85.72000122070312 30.81999969482422 AB 10.655456656164137 1.0427103098311123
62171.1702 lsst_hardware_z 15.629286104499068 46.349998474121094 30.969999313354492 AB 9.363719527595606 1.0371003214836614
62171.1889 lsst_hardware_r 53.35581143238264 43.66999816894531 31.6299991607666 AB 9.11838628791477 1.029163237913631
62173.15 lsst_hardware_r -11.530020571760375 22.799999237060547 31.510000228881836 AB 4.103792301762855 1.05225443634945
62173.1714 lsst_hardware_u 2.3984340279077054 3.2300000190734863 28.65999984741211 AB 5.536109234106367 1.0328562003929789
62175.1507 lsst_hardware_g 0.38084157348154374 14.109999656677246 31.43000030517578 AB 8.99338980611434 1.044932975148839
62175.1694 lsst_hardware_i 19.691183074696475 30.59000015258789 31.260000228881836 AB 9.359834235077843 1.0312730536665757
62177.1475 lsst_hardware_z -30.58145396691423 41.18000030517578 30.959999084472656 AB 3.6484213856111554 1.0426047015463389
62177.1666 lsst_hardware_r -36.20952747887936 22.780000686645508 31.510000228881836 AB 3.5977837796795575 1.0303423549270845
62179.1311 lsst_hardware_u -5.977811542350185 2.759999990463257 28.489999771118164 AB 4.227758627570657 1.055664062816754
62179.1485 lsst_hardware_g -4.721987963374593 14.140000343322754 31.440000534057617 AB 4.173884848735608 1.0369900245305927
62183.1381 lsst_hardware_z 56.69668684405333 58.220001220703125 31.700000762939453 AB 3.6527268471063685 1.0366021559720096
62183.157 lsst_hardware_r -36.29548659818649 32.15999984741211 32.25 AB 3.613820339633945 1.0290897977125615
62185.1322 lsst_hardware_u 1.0226330073619248 2.7100000381469727 28.459999084472656 AB 5.726601551825367 1.0369268864966261
62185.1497 lsst_hardware_r 12.94908328462296 22.739999771118164 31.510000228881836 AB 5.687060739330846 1.0292701627649745
62189.1149 lsst_hardware_r -45.50908580443243 30.950000762939453 31.56999969482422 AB 6.392498483769938 1.0424393140804529
62189.1326 lsst_hardware_z -18.130453269530317 42.41999816894531 30.959999084472656 AB 6.6963769186074735 1.0307404184618993
62193.1132 lsst_hardware_i 47.126769082599004 69.08000183105469 31.329999923706055 AB 5.912970038976784 1.0349422471954697
62193.1336 lsst_hardware_z -21.841983481633086 62.0099983215332 30.989999771118164 AB 5.465003061160697 1.029093882150588
62197.0907 lsst_hardware_z -25.252933337823677 65.16999816894531 30.989999771118164 AB 3.0899794892224257 1.0448532988804415
62197.1089 lsst_hardware_r -95.20397680508916 91.80999755859375 31.65999984741211 AB 3.106703324229459 1.0314420067162524
62198.0931 lsst_hardware_i 33.31541334116394 55.130001068115234 31.31999969482422 AB 5.989054650553334 1.039856697726076
62198.1119 lsst_hardware_z -75.78949285724968 53.7599983215332 30.979999542236328 AB 6.046165003348876 1.0296602526139094
62201.0919 lsst_hardware_r 5.611780352990046 22.450000762939453 31.489999771118164 AB 7.387005401880372 1.0345945941009225
62201.1107 lsst_hardware_u -0.5378913766935389 3.180000066757202 28.530000686645508 AB 7.421424491904583 1.0290383377571524
62205.0741 lsst_hardware_i -39.17269458636528 30.309999465942383 31.25 AB 10.446424188268173 1.0397555676588048
62205.0923 lsst_hardware_z 81.00056032638975 40.86000061035156 30.950000762939453 AB 11.489092315688703 1.0297653774033075
62209.0733 lsst_hardware_r -4.6232408414715325 22.34000015258789 31.489999771118164 AB 13.42132620671357 1.03274733714588
62209.0925 lsst_hardware_i 10.735835242649745 30.110000610351562 31.25 AB 13.481893379478047 1.0293879040603044
62215.0466 lsst_hardware_g 9.962538516924486 13.90999984741211 31.440000534057617 AB 3.876148524189046 1.0399253776217863
62215.0666 lsst_hardware_r 24.4827782618053 22.3700008392334 31.510000228881836 AB 3.8425701252036335 1.029443684194551
62217.0436 lsst_hardware_i -58.760736680422276 32.13999938964844 31.270000457763672 AB 4.050178163182857 1.037864100412016
62217.0635 lsst_hardware_z 25.31793713336025 41.68000030517578 30.959999084472656 AB 4.025805602034604 1.0291352567938077
62219.0436 lsst_hardware_r -37.39276947604225 39.7400016784668 31.6200008392334 AB 4.252191457718199 1.0340722969423122
62219.064 lsst_hardware_g -33.38646928181262 36.41999816894531 31.700000762939453 AB 4.306859316069298 1.029220587331076
62221.038 lsst_hardware_r -94.19683235724285 68.06999969482422 31.65999984741211 AB 7.728242456840649 1.0341552866105368
62221.0568 lsst_hardware_i 20.311311629315668 57.63999938964844 31.329999923706055 AB 7.2140217490613 1.0290676864678312
62223.0326 lsst_hardware_z 16.968366111471862 67.83999633789062 31.0 AB 7.215389429858595 1.0341184927181246
62223.0513 lsst_hardware_i -32.705639107748176 77.08999633789062 31.34000015258789 AB 7.256626109436944 1.029065390135213
62227.0156 lsst_hardware_r 118.86416454278985 50.5 31.6299991607666 AB 4.034616843413158 1.0384223172819307
62227.0344 lsst_hardware_i -28.10096402521626 50.86000061035156 31.31999969482422 AB 3.6905658259449945 1.0293508253843162
62231.0134 lsst_hardware_g -19.98777425527988 13.430000305175781 31.399999618530273 AB 7.884596088162532 1.032657226438224
62231.0335 lsst_hardware_r 10.836309726196221 22.049999237060547 31.479999542236328 AB 7.892220625115733 1.029576756260624
62235.0111 lsst_hardware_i -25.618559158005432 29.829999923706055 31.239999771118164 AB 8.334162891223857 1.0296081155381873
62235.0313 lsst_hardware_u 3.8863926347453406 2.609999895095825 28.399999618530273 AB 8.345700115954514 1.032628076708057
62236.987 lsst_hardware_y -62.10834108906908 48.650001525878906 30.049999237060547 AB 3.0007203701663383 1.0395105208428423
62237.0045 lsst_hardware_g -22.627677629708845 13.600000381469727 31.420000076293945 AB 1.9402590678245488 1.0298615009684442
62242.9839 lsst_hardware_z -39.648488207272145 41.59000015258789 30.959999084472656 AB 14.675958044796488 1.03119435390642
62243.0022 lsst_hardware_u -2.619494342833592 2.75 28.510000228881836 AB 13.610170520730206 1.029903179775271
62244.9758 lsst_hardware_y -115.49154774777351 83.0199966430664 30.81999969482422 AB 9.678159849300611 1.0323462270029717
62244.9929 lsst_hardware_r 1.3500752048725442 33.400001525878906 32.279998779296875 AB 9.553269522803802 1.0292068507141439
62246.9805 lsst_hardware_y 46.1398025881933 49.0099983215332 30.059999465942383 AB 7.417894322165405 1.0292505274438903
62246.9983 lsst_hardware_z 8.591692724772798 42.720001220703125 30.959999084472656 AB 7.438470973293405 1.032511499919278
62248.9659 lsst_hardware_y 10.69353463173719 76.23999786376953 30.079999923706055 AB 6.753766078202976 1.0318707562633622
62248.9843 lsst_hardware_z 20.408523394076955 49.34000015258789 30.969999313354492 AB 6.723241955031094 1.0295666708401154
62250.9653 lsst_hardware_y 29.521013985120224 73.0 30.06999969482422 AB 14.031087155765096 1.030113280855921
62250.9836 lsst_hardware_r 13.135392230606874 72.30000305175781 31.649999618530273 AB 14.213698748354318 1.030893274707907
62252.964 lsst_hardware_y 117.51492685125234 77.5999984741211 30.06999969482422 AB 6.326124876792805 1.0292657924413755
62252.9832 lsst_hardware_r -31.02494061647943 81.23999786376953 31.649999618530273 AB 6.385030055000433 1.0331763843042772
62254.9638 lsst_hardware_z 23.85990356933154 69.9000015258789 30.989999771118164 AB 10.975586401672311 1.02905769931609
62254.9838 lsst_hardware_g 46.39100874665589 80.43000030517578 31.729999542236328 AB 11.065941010356925 1.0371078735104897
