data/validation/pwv_sim_epoch_fit_seasonal/38007161.ecsv
# %ECSV 0.9
# ---
# datatype:
# - {name: time, datatype: float64}
# - {name: band, datatype: string}
# - {name: flux, datatype: float64}
# - {name: fluxerr, datatype: float64}
# - {name: zp, datatype: float64}
# - {name: zpsys, datatype: string}
# - {name: pwv, datatype: float64}
# - {name: airmass, datatype: float64}
# meta: {SNID: '38007161', alt: 1024.0, c: -0.10354197770357132, dec: -40.620186, lat: -30.244573, lon: -70.7499537, ra: 205.488281, t0: 61082.54296875,
#   x0: 2.700521924857052e-06, x1: 0.4284088611602783, z: 0.7880952954292297}
# schema: astropy-2.0
time band flux fluxerr zp zpsys pwv airmass
[from data line 133]
61495.2529 lsst_hardware_r -7.644980447859012 26.020000457763672 31.549999237060547 AB 4.633907122823511 1.0178818501534348
61498.2334 lsst_hardware_u 0.008788970164736851 2.690000057220459 28.450000762939453 AB 7.25937551142713 1.0172535311160695
61498.2451 lsst_hardware_g 2.038037317336645 14.039999961853027 31.440000534057617 AB 7.270311536528962 1.0179657710065755
61500.2222 lsst_hardware_r -11.464109651268858 22.559999465942383 31.489999771118164 AB 7.14336662540735 1.0182504930258656
61500.2344 lsst_hardware_i 13.552188214627241 30.1299991607666 31.239999771118164 AB 7.142044893871125 1.0171921136352722
61502.2287 lsst_hardware_z 15.076577930686536 40.75 30.950000762939453 AB 8.750669317106794 1.017174715990522
61502.2407 lsst_hardware_r 12.84827443616138 22.770000457763672 31.510000228881836 AB 8.80059774485845 1.019964969463989
61504.2253 lsst_hardware_u -0.06092620136142693 2.740000009536743 28.489999771118164 AB 7.4166858722194515 1.0173780345980044
61504.2375 lsst_hardware_r -20.867315580228517 22.780000686645508 31.5 AB 7.656956944572731 1.0209275926096975
61510.2119 lsst_hardware_r 35.23445643865087 29.309999465942383 31.56999969482422 AB 10.261541494051153 1.0178754292472378
61510.2229 lsst_hardware_z -7.145269941699578 42.279998779296875 30.959999084472656 AB 10.249873839409732 1.0217857884704327
61512.2002 lsst_hardware_y 163.53055322446352 70.0199966430664 30.809999465942383 AB 13.917643278651754 1.017111358837414
61514.1973 lsst_hardware_r -53.703824958881064 100.04000091552734 31.670000076293945 AB 9.134325064895156 1.0172987041870445
61514.2087 lsst_hardware_i 73.22998870241815 80.4000015258789 31.34000015258789 AB 9.162340885474961 1.0202768169566505
61517.1978 lsst_hardware_z -10.827549871097075 86.43000030517578 31.010000228881836 AB 9.31442504726525 1.0192509763380477
61517.2106 lsst_hardware_r 209.2043670033449 126.7300033569336 31.670000076293945 AB 8.568572773833319 1.025869233622666
61519.198 lsst_hardware_z 25.540006205257832 60.279998779296875 30.989999771118164 AB 8.07669966769687 1.0216234598484482
61519.2097 lsst_hardware_r 87.38273605606106 79.3499984741211 31.65999984741211 AB 8.32964372779335 1.029325336053867
61521.1851 lsst_hardware_i 52.36311432879561 44.619998931884766 31.309999465942383 AB 6.5386074904958 1.01868625215451
61521.1971 lsst_hardware_z 43.37183531457898 47.86000061035156 30.969999313354492 AB 6.568622713488759 1.0241735972072958
61523.1848 lsst_hardware_r -56.41142217454557 42.02000045776367 32.31999969482422 AB 2.285553890068978 1.0205643626118046
61523.1976 lsst_hardware_z -106.06278045636371 60.75 31.709999084472656 AB 2.3076779022649823 1.0283769617937353
61525.1894 lsst_hardware_g 15.156339942919777 14.270000457763672 31.43000030517578 AB 11.351468971625991 1.026322501277176
61525.2018 lsst_hardware_r -16.030196891718898 23.020000457763672 31.5 AB 11.402413158036365 1.0373295773203168
61527.1948 lsst_hardware_i -4.229474562555418 30.670000076293945 31.260000228881836 AB 8.156319773829404 1.0357231458830989
61527.2062 lsst_hardware_z -66.87695579001631 41.22999954223633 30.950000762939453 AB 8.265809751737011 1.0492935260853076
61529.1353 lsst_hardware_i -14.31270361308356 30.520000457763672 31.260000228881836 AB 10.284633691728333 1.021001549515127
61529.1474 lsst_hardware_z -83.15570338520382 40.83000183105469 30.950000762939453 AB 10.265296257989647 1.017415280577128
61534.1339 lsst_hardware_g 17.55516732710856 14.369999885559082 31.450000762939453 AB 7.732210823529923 1.0173961609907793
61534.1456 lsst_hardware_i 2.2911569957711926 30.489999771118164 31.260000228881836 AB 7.734734294151118 1.0177281965988314
61536.1257 lsst_hardware_z -21.765483801679203 40.83000183105469 30.950000762939453 AB 7.878163610831331 1.0178505957146422
61536.1371 lsst_hardware_r -14.866264712421513 22.950000762939453 31.510000228881836 AB 7.872541616954302 1.0172885306999582
61540.1295 lsst_hardware_y 46.265282997958366 69.0199966430664 30.809999465942383 AB 7.007434684519535 1.0177828154712851
61542.1248 lsst_hardware_r 136.21415880114853 85.52999877929688 31.670000076293945 AB 8.717111432339275 1.0179379263547936
61542.1375 lsst_hardware_i 24.420381878310593 71.11000061035156 31.34000015258789 AB 8.387296267772609 1.0228410082649524
61546.0923 lsst_hardware_z -51.782419824515145 109.79000091552734 31.75 AB 7.253356269206705 1.0195890173189368
61546.1015 lsst_hardware_i -66.30166761265922 129.35000610351562 32.099998474121094 AB 7.256097446010227 1.0173525418531248
61550.1055 lsst_hardware_y -68.18743569977053 48.18000030517578 30.059999465942383 AB 5.820280322028309 1.0185702765690492
61550.1171 lsst_hardware_g 35.44570757390391 46.439998626708984 31.709999084472656 AB 5.862095416628037 1.0236785849345902
61552.1 lsst_hardware_r 8.665383581472067 22.559999465942383 31.5 AB 6.3150692660594325 1.018559559041844
61552.1123 lsst_hardware_i -27.527389302715108 30.399999618530273 31.260000228881836 AB 6.262597372626146 1.0240811140236803
61558.0019 lsst_hardware_z 8.07186366529252 41.880001068115234 30.950000762939453 AB 11.585686173007911 1.0889143932775123
61558.0155 lsst_hardware_r 8.060649597098427 22.84000015258789 31.5 AB 11.316011902572813 1.0632767955060909
61563.0881 lsst_hardware_u -1.6200941716929995 2.740000009536743 28.489999771118164 AB 4.419036524163158 1.028161127073792
61563.0998 lsst_hardware_g -0.20093891964598368 13.770000457763672 31.420000076293945 AB 4.43692137211937 1.039253912894918
61572.0888 lsst_hardware_r -99.15990999346633 94.69000244140625 31.65999984741211 AB 8.38481438778231 1.0572203237652433
61572.1015 lsst_hardware_i -103.10519259743972 79.27999877929688 31.329999923706055 AB 8.581559283869314 1.0793395948645281
61574.0313 lsst_hardware_r -53.19255143840384 107.66000366210938 31.670000076293945 AB 5.13145299738273 1.0171363721273994
61574.045 lsst_hardware_i 22.50606102416245 84.9000015258789 31.34000015258789 AB 5.805041212879179 1.0203376868196354
61576.025 lsst_hardware_z -96.57632809711586 60.369998931884766 30.989999771118164 AB 3.559866936855212 1.0171048391014892
61576.0368 lsst_hardware_r -43.505827659152914 84.54000091552734 31.65999984741211 AB 3.6330961510878295 1.0192919155768716
61578.0151 lsst_hardware_u -6.511013463411386 5.28000020980835 28.93000030517578 AB 3.134153395801663 1.0172519947425067
61578.0272 lsst_hardware_g -4.357111442522431 36.290000915527344 31.690000534057617 AB 3.153556770491446 1.0180974238874554
61580.0241 lsst_hardware_r -39.02333160561737 22.40999984741211 31.5 AB 4.098829239046033 1.0187223161541028
61580.0364 lsst_hardware_z 47.33733106125599 40.709999084472656 30.950000762939453 AB 4.18172626596902 1.0244307363961345
61585.0163 lsst_hardware_g 12.895483540044616 13.8100004196167 31.43000030517578 AB 4.670041114184293 1.0209227823766622
61585.0284 lsst_hardware_r 21.77214957220453 22.459999084472656 31.489999771118164 AB 4.531803047744335 1.0284554073215257
61587.013 lsst_hardware_i 4.9824426843964895 30.139999389648438 31.25 AB 8.359470572302861 1.0219714016079786
61587.0257 lsst_hardware_z -48.63578398873055 40.81999969482422 30.950000762939453 AB 8.41090524324005 1.0307481915735355
61597.9941 lsst_hardware_z -79.53406170587574 53.27000045776367 30.979999542236328 AB 10.919613820434197 1.0294238812570538
61598.0054 lsst_hardware_r 42.559562396189754 59.91999816894531 31.639999389648438 AB 10.092632958516628 1.0405849013832669
61599.9919 lsst_hardware_i 132.06059955650412 65.70999908447266 31.329999923706055 AB 8.90845737706664 1.0322662082348366
61600.0038 lsst_hardware_z -13.114058781270481 61.06999969482422 30.979999542236328 AB 7.262809118541238 1.0452591679358552
