data/validation/pwv_sim_epoch_fit_seasonal/38048365.ecsv
# %ECSV 0.9
# ---
# datatype:
# - {name: time, datatype: float64}
# - {name: band, datatype: string}
# - {name: flux, datatype: float64}
# - {name: fluxerr, datatype: float64}
# - {name: zp, datatype: float64}
# - {name: zpsys, datatype: string}
# - {name: pwv, datatype: float64}
# - {name: airmass, datatype: float64}
# meta: {SNID: '38048365', alt: 1024.0, c: -0.030928876250982285, dec: -6.729813, lat: -30.244573, lon: -70.7499537, ra: 335.390625, t0: 63112.67578125,
#   x0: 2.2794613852468767e-05, x1: 0.9774329662322998, z: 0.3242920935153961}
# schema: astropy-2.0
time band flux fluxerr zp zpsys pwv airmass
63018.4113 lsst_hardware_r 25.46141554118187 25.90999984741211 31.510000228881836 AB 6.865807660005981 1.104064267796845
63018.431 lsst_hardware_y 50.411621135433535 52.29999923706055 30.030000686645508 AB 6.841897321356451 1.0923441081434424
63021.4161 lsst_hardware_z 55.831520355980594 51.86000061035156 30.959999084472656 AB 12.701256073336936 1.0945348534663537
63021.4354 lsst_hardware_y -42.489660704078496 56.470001220703125 30.040000915527344 AB 12.206114765368207 1.0931828013286051
63033.3645 lsst_hardware_g 7.139504752403963 22.559999465942383 32.209999084472656 AB 7.409508939216812 1.1107043830335241
63033.3851 lsst_hardware_r -3.916403829323785 35.66999816894531 32.27000045776367 AB 7.656511519033862 1.0937873598619803
63037.3885 lsst_hardware_r -20.39361245701117 24.920000076293945 31.510000228881836 AB 4.163904813288676 1.0923627685598383
63037.408 lsst_hardware_g -25.070949088181685 15.760000228881836 31.459999084472656 AB 4.201996500412004 1.103924469753794
63043.3438 lsst_hardware_u -0.8797529264340702 2.859999895095825 28.489999771118164 AB 5.977838978486815 1.1033294533936535
63043.3627 lsst_hardware_r 25.817197985981846 24.56999969482422 31.510000228881836 AB 5.916790949733654 1.0923642480815177
63057.3188 lsst_hardware_r 18.339329506913522 54.790000915527344 31.6200008392334 AB 8.663192299886651 1.0941137029409906
63057.3402 lsst_hardware_z 12.421279408400407 52.31999969482422 30.969999313354492 AB 8.74498139418396 1.094388060467918
63062.2736 lsst_hardware_u 3.1512732588216923 2.740000009536743 28.389999389648438 AB 6.085241587820107 1.1286208722251787
63062.2972 lsst_hardware_r -5.413264967652676 24.360000610351562 31.5 AB 5.253101977623751 1.0987837498951545
63065.3041 lsst_hardware_r -20.732089785793512 34.40999984741211 32.25 AB 1.9658456461955995 1.0921364701086664
63065.3262 lsst_hardware_u -2.2546240462945097 3.9700000286102295 29.209999084472656 AB 1.9785291614651566 1.0991828674806425
63069.2996 lsst_hardware_i 14.38370274240151 31.93000030517578 31.25 AB 5.266791425123655 1.092128859538342
63069.3197 lsst_hardware_z -20.156384546827546 42.68000030517578 30.940000534057617 AB 5.386042666412081 1.1030191821445998
63072.2838 lsst_hardware_r -5.878855139449682 24.389999389648438 31.510000228881836 AB 6.510249606478597 1.0923237594762747
63072.3022 lsst_hardware_g -2.5098060855597 15.369999885559082 31.450000762939453 AB 5.91511144053689 1.0958983678623022
63073.2668 lsst_hardware_r 7.779251701829154 24.43000030517578 31.5 AB 11.630324952473837 1.0990668070755847
63073.2847 lsst_hardware_i 31.79163200151801 31.959999084472656 31.25 AB 11.65024960094154 1.0919379156093671
63077.3182 lsst_hardware_i 67.87546986226856 39.83000183105469 31.280000686645508 AB 5.025977735638961 1.1317220751269896
63077.3369 lsst_hardware_z 34.41988892734897 43.599998474121094 30.940000534057617 AB 5.638201037419762 1.1757683242221109
63083.1568 lsst_hardware_i 1.8735315026794506 116.87000274658203 31.280000686645508 AB 2.7211848343534086 1.339495365175195
63083.1855 lsst_hardware_z -2.80512182409874 96.38999938964844 30.969999313354492 AB 2.0269605925186456 1.2086825238632353
63085.2545 lsst_hardware_r 91.06726295373504 93.95999908447266 32.38999938964844 AB 4.652974235933308 1.091991137276064
63085.2751 lsst_hardware_z -48.209903881692064 80.06999969482422 31.719999313354492 AB 4.6577303941694455 1.1021605286723724
63088.2054 lsst_hardware_r 41.779278800866166 25.84201958072077 31.5 AB 4.683257867451192 1.1238020798555093
63088.2241 lsst_hardware_i 68.29806785003599 33.61006126458513 31.260000228881836 AB 5.094653963539326 1.100476069454439
63094.2254 lsst_hardware_g 782.3890531916843 32.060475872941915 31.459999084472656 AB 4.859236444769461 1.0920859523023847
63094.2484 lsst_hardware_r 1284.1520286828438 43.632379815797776 31.510000228881836 AB 4.914749406243385 1.1002965033286043
63099.2141 lsst_hardware_i 2438.8414006212133 58.97148068148906 31.25 AB 1.598773990032212 1.091934426885973
63099.2353 lsst_hardware_z 1725.5251448576266 59.77386343725111 30.950000762939453 AB 1.5029993145677245 1.1007623908948851
63100.1805 lsst_hardware_r 3912.6543804436747 67.89703828152825 31.520000457763672 AB 2.7724008247085874 1.1121113119338684
63100.1951 lsst_hardware_g 3031.9161351986436 57.04154986585242 31.479999542236328 AB 2.722803148316826 1.0976094389882394
63108.1481 lsst_hardware_i 5312.04967350015 108.54694623528945 31.31999969482422 AB 4.653519827350322 1.1284679787451524
63108.1661 lsst_hardware_z 2950.152166576009 90.56977459589254 30.979999542236328 AB 4.526238214600329 1.1035792221225176
63110.1528 lsst_hardware_r 8131.466688172515 195.426140905086 31.639999389648438 AB 1.4464267022745243 1.1126359248265572
63110.1712 lsst_hardware_z 3211.162108165414 128.21618317843502 31.0 AB 1.7731075093690565 1.0955251834223394
63115.1338 lsst_hardware_r 7062.199867807874 89.37885559706233 31.540000915527344 AB 0.70583815352129 1.120378021462365
63115.1514 lsst_hardware_i 5464.025320788462 83.42731834173132 31.280000686645508 AB 0.7477585390049732 1.0996449103014314
63123.1224 lsst_hardware_i 4639.969516450921 74.98495348593568 31.239999771118164 AB 1.3623123588915522 1.1064465859020474
63123.1406 lsst_hardware_z 2622.4251010403627 66.5140466707058 30.940000534057617 AB 1.8323864101809042 1.0933636776973223
63128.1044 lsst_hardware_u 19.63580153487793 4.750168760607679 28.440000534057617 AB 6.136348904935706 1.111657410314523
63128.1243 lsst_hardware_g 2122.5979575975607 48.029155369008016 31.450000762939453 AB 6.089667542387548 1.0944109882682946
63136.098 lsst_hardware_i 3123.424994064508 93.51367822174173 31.329999923706055 AB 3.541375382799069 1.0968255153849225
63136.118 lsst_hardware_z 1903.0164651833877 80.93036608314698 30.979999542236328 AB 3.5341959997099606 1.0923464776952871
63142.076 lsst_hardware_r 2012.2377066307436 73.28801524513544 31.6299991607666 AB 3.2249593015594584 1.1010444867051754
63142.0949 lsst_hardware_i 2725.746879506496 76.83564650156904 31.309999465942383 AB 3.870525811316415 1.0920321107823987
63146.0655 lsst_hardware_u 0.3975378792873883 3.2717486003947873 28.440000534057617 AB 4.583512972509712 1.100681508676625
63146.0846 lsst_hardware_r 1369.1160537946187 44.95539402294924 31.5 AB 8.742516463135752 1.091984194910013
63148.0633 lsst_hardware_i 2134.933165971826 56.81895829512206 31.25 AB 3.2790126788234115 1.0981288274693275
63148.0811 lsst_hardware_z 1746.0405867350576 59.22403010643314 30.940000534057617 AB 3.229946189991057 1.0919358316399788
63152.0682 lsst_hardware_g 324.16428737323645 23.189363425734122 31.440000534057617 AB 5.206947134165724 1.091984718804416
63152.0866 lsst_hardware_r 1112.9071991174378 40.798355802515815 31.489999771118164 AB 5.725168656710179 1.0976868390190155
63154.0359 lsst_hardware_r 903.0595410704539 39.58505666738678 31.489999771118164 AB 7.414932831137279 1.1085677938534524
63154.0534 lsst_hardware_i 1786.2556192288266 52.65468703989783 31.239999771118164 AB 6.506203105317567 1.09436849631088
63156.0397 lsst_hardware_z 1423.151431768142 56.01079242198712 30.950000762939453 AB 7.800574140197405 1.099446672332263
63156.0583 lsst_hardware_r 863.0946222544841 38.73457152344057 31.510000228881836 AB 7.1083395376343335 1.09193879069628
63160.0335 lsst_hardware_i 1479.5256918133043 49.86685021551403 31.260000228881836 AB 3.642644805284222 1.0961916356557997
63160.0507 lsst_hardware_z 1148.4014467667837 54.32023575805487 30.950000762939453 AB 3.2544114843227776 1.0920843907123414
63162.0349 lsst_hardware_r 701.1954710771048 46.46312432000851 31.579999923706055 AB 4.297270379073398 1.093105342848559
63162.0532 lsst_hardware_z 1120.2160798557923 56.172538751229446 30.959999084472656 AB 4.752378715011907 1.0942617349784867
63167.0112 lsst_hardware_z 855.4721120235095 78.0027392942978 30.989999771118164 AB 3.9119072643983026 1.0982847590842644
63167.0291 lsst_hardware_i 1170.7809126668085 86.81754611222951 31.329999923706055 AB 3.913121008806194 1.0919321948115766
63169.0107 lsst_hardware_y 360.828313116287 60.727492023831985 30.040000915527344 AB 4.974427136724517 1.0952063268878287
63169.0276 lsst_hardware_r 875.2339199103044 94.64704886367981 31.639999389648438 AB 4.977572835730336 1.0922916031885748
63171.0056 lsst_hardware_y 216.51639138039175 62.58096790012998 30.040000915527344 AB 4.573450121804619 1.0950218771654276
63171.0235 lsst_hardware_r 591.1774802507575 34.61949821114113 31.510000228881836 AB 4.5751048264162355 1.0925623466068621
