data/validation/pwv_sim_epoch_fit_seasonal/38166662.ecsv
# %ECSV 0.9
# ---
# datatype:
# - {name: time, datatype: float64}
# - {name: band, datatype: string}
# - {name: flux, datatype: float64}
# - {name: fluxerr, datatype: float64}
# - {name: zp, datatype: float64}
# - {name: zpsys, datatype: string}
# - {name: pwv, datatype: float64}
# - {name: airmass, datatype: float64}
# meta: {SNID: '38166662', alt: 1024.0, c: -0.0937030166387558, dec: -13.554784, lat: -30.244573, lon: -70.7499537, ra: 13.886719, t0: 63172.1640625,
#   x0: 1.1181104456037942e-05, x1: -0.11437336355447769, z: 0.43882104754447937}
# schema: astropy-2.0
time band flux fluxerr zp zpsys pwv airmass
63057.4113 lsst_hardware_r -4.600429620448893 56.959999084472656 31.639999389648438 AB 10.063672008875539 1.0559252947197333
63057.4316 lsst_hardware_y -127.1902080234749 52.29999923706055 30.059999465942383 AB 10.894090686263407 1.0452473673555835
63065.4205 lsst_hardware_r -10.481417201622493 23.690000534057617 31.5 AB 2.280457285396614 1.0457215569857223
63065.4398 lsst_hardware_y 88.83617832854712 59.36000061035156 30.049999237060547 AB 2.2609177189334475 1.0572446663238004
63069.3924 lsst_hardware_u -0.3925136780858241 2.75 28.459999084472656 AB 5.5806952648744055 1.046985650743287
63069.4135 lsst_hardware_g 16.89968946328062 14.729999542236328 31.459999084472656 AB 5.585970748121112 1.0469441941938173
63077.4297 lsst_hardware_z -48.40797397830155 44.689998626708984 30.959999084472656 AB 4.131785446872846 1.0893185992282153
63079.2242 lsst_hardware_r 234.33929537828712 107.94999694824219 32.25 AB 7.385211479517365 1.660219890487231
63079.2777 lsst_hardware_z -17.643780122745333 56.81999969482422 30.950000762939453 AB 5.499094907975623 1.247172400742898
63083.3015 lsst_hardware_z -132.81577436049005 100.33000183105469 31.729999542236328 AB 1.7782807686309596 1.1222387180421518
63083.3285 lsst_hardware_r 68.06062055497863 136.39999389648438 32.400001525878906 AB 1.6637573353767614 1.0693673285763865
63085.3523 lsst_hardware_r -5.393698680051803 75.0199966430664 31.649999618530273 AB 4.454216829204796 1.045836306458041
63085.3745 lsst_hardware_i 20.286392432034656 63.41999816894531 31.31999969482422 AB 4.463771126524654 1.0491470839528334
63088.2886 lsst_hardware_z -12.628727457038817 45.15999984741211 30.950000762939453 AB 4.614278335463754 1.1203103697635823
63088.3062 lsst_hardware_r -57.191228060713655 33.45000076293945 31.579999923706055 AB 5.285800758888548 1.0827860892226455
63091.3464 lsst_hardware_u -2.2941807211485523 2.890000104904175 28.549999237060547 AB 4.853706269313203 1.0451563887410462
63091.3643 lsst_hardware_g 10.89315994069732 15.270000457763672 31.469999313354492 AB 4.918038721780341 1.0533011718965573
63110.2412 lsst_hardware_r -113.7646508518582 119.7699966430664 31.649999618530273 AB 1.7501939832085596 1.0918808317391586
63110.2582 lsst_hardware_z -89.1284913414323 78.87999725341797 30.989999771118164 AB 1.747890809897781 1.0649212895396716
63115.2418 lsst_hardware_z 37.64251280082985 103.72000122070312 32.47999954223633 AB 0.4431465728552951 1.0684667217728634
63118.2226 lsst_hardware_r -13.271835595162898 23.709999084472656 31.489999771118164 AB 3.3789781334833693 1.0857898886514683
63118.2414 lsst_hardware_i -55.1656214125284 31.440000534057617 31.25 AB 3.353424293998161 1.0591990821219712
63121.2245 lsst_hardware_z -12.084128485650629 41.689998626708984 30.950000762939453 AB 3.2576533805564205 1.0697198053490873
63121.2434 lsst_hardware_r -24.311205847094172 23.530000686645508 31.510000228881836 AB 3.1979428786038526 1.0506300866025908
63125.2056 lsst_hardware_g 0.03929218808544299 14.850000381469727 31.440000534057617 AB 3.2208708001415918 1.0820697556398304
63125.2222 lsst_hardware_r 10.50083095348849 23.729999542236328 31.510000228881836 AB 3.4222153395475146 1.0592907571858414
63132.1889 lsst_hardware_g 9.966353340496585 15.949999809265137 31.459999084472656 AB 2.1920440502406477 1.0780544509377492
63132.2076 lsst_hardware_r 25.853199436985303 23.760000228881836 31.5 AB 2.106469236423647 1.054992939777847
63135.1818 lsst_hardware_i -16.149511277458732 44.13999938964844 31.299999237060547 AB 3.6425344808547377 1.0763195629326585
63136.184 lsst_hardware_i 36.47502000170838 51.91999816894531 31.309999465942383 AB 4.23736070179313 1.0690956734687402
63136.203 lsst_hardware_z 5.1459911475864635 52.040000915527344 30.969999313354492 AB 4.188325714310424 1.0502760181328143
63139.1166 lsst_hardware_i -110.81008368823484 163.16000366210938 32.060001373291016 AB 4.721470738201011 1.2345328116619194
63139.1373 lsst_hardware_r -7.431060078332727 140.9199981689453 31.6299991607666 AB 4.7527681634876595 1.1548926365189518
63148.1469 lsst_hardware_i -26.08765419463632 32.31003560718227 31.260000228881836 AB 3.769615103941278 1.0753941909303761
63148.1647 lsst_hardware_u 3.960177067796812 2.8226286167272057 28.469999313354492 AB 3.6927681136894948 1.0543235156857944
63150.1446 lsst_hardware_g 25.244687955216907 15.728954978125483 31.43000030517578 AB 4.764371482583142 1.070725481140767
63150.1631 lsst_hardware_r 176.54008566442138 27.415700642385524 31.5 AB 4.627114890579641 1.0513780710246856
63152.1471 lsst_hardware_i 370.69111407739166 36.23361658079434 31.25 AB 6.224462087744401 1.0607618412686617
63152.165 lsst_hardware_r 438.66896592951036 32.044679948155185 31.5 AB 6.079619753809053 1.0473074511298037
63154.133 lsst_hardware_u 18.3689723644973 4.8268946854633485 28.459999084472656 AB 6.571706030088833 1.0716922247885574
63154.1501 lsst_hardware_g 315.7498769966963 23.623825619972347 31.459999084472656 AB 6.517407821927281 1.0528930245439874
63156.1455 lsst_hardware_r 1283.5571732879955 43.42639039351022 31.510000228881836 AB 6.7343692870946485 1.0522452011085388
63156.1636 lsst_hardware_i 767.9118626648453 42.59356508619986 31.25 AB 6.688003778998528 1.04500059046852
63158.1286 lsst_hardware_z 797.90073610368 49.97842442073591 30.950000762939453 AB 4.1342925701644715 1.063164556016696
63158.1458 lsst_hardware_r 1897.1312705761395 48.43246510874678 31.5 AB 4.0483988828907735 1.0486268907505025
63160.1338 lsst_hardware_u 29.34700274458554 5.878733307671291 28.510000228881836 AB 2.7794683360505834 1.0528289151706756
63160.1504 lsst_hardware_g 1235.9371073578516 37.76904629122807 31.450000762939453 AB 2.786637378700536 1.0452503295949376
63162.1354 lsst_hardware_r 3168.3786458957743 63.48016469694743 31.559999465942383 AB 5.010985417273997 1.0483598627443071
63162.1516 lsst_hardware_z 1341.5808604215783 55.51377236241339 30.950000762939453 AB 5.068319429155942 1.0450502276688425
63164.1048 lsst_hardware_i 2202.024276343861 66.84118127063384 31.309999465942383 AB 4.87462663411443 1.0729972780353136
63164.1216 lsst_hardware_r 3844.996827480274 81.60202834256839 31.639999389648438 AB 4.7566717219524355 1.0538376165614032
63167.1197 lsst_hardware_z 3767.395969328171 127.62408444618667 31.75 AB 3.9760675352946917 1.0494635409011766
63171.1135 lsst_hardware_z 2030.630423043521 74.88331130443244 30.989999771118164 AB 5.697364852044685 1.0471493065481654
63171.1324 lsst_hardware_r 4875.936841939371 107.46696019268853 31.649999618530273 AB 4.8234978477002075 1.0460660758029112
63180.0807 lsst_hardware_i 2438.479917901642 57.774753060361746 31.25 AB 9.02580564882281 1.0517135456563516
63180.0985 lsst_hardware_u 0.8057173377382683 2.8321493894643885 28.459999084472656 AB 9.874970360509 1.0449704085194251
63182.0837 lsst_hardware_g 951.8807603861774 33.53713743250843 31.420000076293945 AB 3.6000317677833964 1.047053520769041
63182.1014 lsst_hardware_r 3074.174190844122 59.504790348200785 31.489999771118164 AB 3.6463683608288298 1.0458035451707925
63188.0559 lsst_hardware_z 1368.0378559085245 54.17861226048302 30.940000534057617 AB 6.817609819177632 1.053970753525282
63188.0756 lsst_hardware_u 9.178544437294638 3.5601882979429664 28.479999542236328 AB 6.7421061954149035 1.0450447485724101
63190.0564 lsst_hardware_g 477.6990485085877 29.77039315436328 31.540000915527344 AB 6.834935403257445 1.0497520201594541
63190.0744 lsst_hardware_r 1919.8800470977435 50.77126660301462 31.530000686645508 AB 6.967276216763213 1.0449869338210998
63196.0329 lsst_hardware_y 349.49749065221556 60.873982693973716 30.049999237060547 AB 5.066888031584814 1.0549423342880428
63196.0532 lsst_hardware_z 1109.5063009249284 75.2149774261614 30.989999771118164 AB 4.538518334597959 1.0450994015808392
63198.0278 lsst_hardware_y 442.5482814849843 62.6665935258388 30.059999465942383 AB 4.664902773569769 1.05463240232177
63198.0381 lsst_hardware_i 1248.9093076001534 82.7494472342423 31.34000015258789 AB 4.637615661414216 1.0478711317661902
63200.045 lsst_hardware_z 1922.2952630115692 88.63668381924505 31.729999542236328 AB 5.2204728130149665 1.0449305070086001
63203.025 lsst_hardware_y 371.66347855322476 71.59999624042179 30.06999969482422 AB 7.038290838551351 1.0476192317406325
63203.044 lsst_hardware_r 734.4037962209431 35.60965859810901 31.5 AB 6.933233869963504 1.0457849182811154
63207.0281 lsst_hardware_y 258.54902376821593 69.15613859052905 30.059999465942383 AB 5.57128565997323 1.0449916051030645
63207.0473 lsst_hardware_u 9.5234754047578 3.6461832929132236 28.459999084472656 AB 4.824644138483063 1.0530708585579096
