data/validation/pwv_sim_epoch_fit_seasonal/38312936.ecsv
# %ECSV 0.9
# ---
# datatype:
# - {name: time, datatype: float64}
# - {name: band, datatype: string}
# - {name: flux, datatype: float64}
# - {name: fluxerr, datatype: float64}
# - {name: zp, datatype: float64}
# - {name: zpsys, datatype: string}
# - {name: pwv, datatype: float64}
# - {name: airmass, datatype: float64}
# meta: {SNID: '38312936', alt: 1024.0, c: -0.0792899802327156, dec: -32.97485, lat: -30.244573, lon: -70.7499537, ra: 242.226562, t0: 61237.75,
#   x0: 4.150620342122523e-06, x1: 0.6119489669799805, z: 0.6615994572639465}
# schema: astropy-2.0
time band flux fluxerr zp zpsys pwv airmass
61091.3277 lsst_hardware_r 56.889248138137916 26.049999237060547 31.489999771118164 AB 4.607783483018768 1.27339601575757
61091.3465 lsst_hardware_u -1.5620662382991992 2.890000104904175 28.440000534057617 AB 4.477984337029476 1.187085780907807
61093.329 lsst_hardware_g -5.567880375853209 16.3799991607666 31.420000076293945 AB 13.81708736825855 1.2396175725700167
61093.3488 lsst_hardware_r 5.074125449054104 25.940000534057617 31.510000228881836 AB 10.851125906354845 1.1578239336699674
61098.3099 lsst_hardware_z 162.30601126815176 44.810001373291016 30.93000030517578 AB 7.773693107009568 1.266589508270398
61098.3289 lsst_hardware_r 13.426274458131388 25.3700008392334 31.5 AB 7.126915686475299 1.1811262324287868
61100.3278 lsst_hardware_g 9.157085938983348 47.4900016784668 31.65999984741211 AB 4.834631926923835 1.1646441386575266
61100.3487 lsst_hardware_i -3.6236600066578464 44.470001220703125 31.290000915527344 AB 4.621439234861449 1.0991432131272896
61102.3056 lsst_hardware_r 23.68471026175696 83.86000061035156 31.610000610351562 AB 7.441313990181857 1.2340999195956477
61102.3254 lsst_hardware_z 123.96738452032885 59.54999923706055 30.959999084472656 AB 6.980448446035702 1.1536977846517977
61104.3111 lsst_hardware_r 41.71762468631336 85.19999694824219 31.610000610351562 AB 11.51777548704983 1.1867266485034085
61104.332 lsst_hardware_y 88.3534199701037 53.90999984741211 30.020000457763672 AB 10.867075448802543 1.1151818549089292
61110.3102 lsst_hardware_r -71.8889696187104 50.029998779296875 31.600000381469727 AB 9.07524644888387 1.1316121386432083
61110.3306 lsst_hardware_z -56.32286736895321 50.529998779296875 30.959999084472656 AB 8.493262336565323 1.0765614394987577
61112.3084 lsst_hardware_g 9.12114317481919 21.81999969482422 31.549999237060547 AB 15.358812376643044 1.1203656333832803
61112.3303 lsst_hardware_i 47.696102689210775 34.099998474121094 31.260000228881836 AB 14.553945035771617 1.065384040830252
61115.309 lsst_hardware_z -16.046302103539738 42.709999084472656 30.950000762939453 AB 8.447764543485965 1.0958669749941254
61115.3276 lsst_hardware_r -9.67171893701847 24.479999542236328 31.520000457763672 AB 8.125694549811964 1.054600201143686
61119.2588 lsst_hardware_g -7.390920375123382 21.440000534057617 32.130001068115234 AB 6.167273567354603 1.2359265666041288
61119.2766 lsst_hardware_r 64.48528059885453 34.72999954223633 32.2400016784668 AB 5.8026852806245 1.162202880253263
61121.259 lsst_hardware_i -4.771225951931765 32.939998626708984 31.229999542236328 AB 6.3487162202070895 1.2103743806695753
61121.2785 lsst_hardware_z 71.75699979245373 43.22999954223633 30.940000534057617 AB 5.9877864925926625 1.1369574656019488
61123.2605 lsst_hardware_r 24.72101487300981 24.329999923706055 31.479999542236328 AB 7.215226545165066 1.1817101167203206
61123.2771 lsst_hardware_u 1.2190548730629984 2.6500000953674316 28.329999923706055 AB 6.871360398983287 1.1241949198712893
61125.2635 lsst_hardware_i 0.5530733933567556 32.41999816894531 31.239999771118164 AB 8.169298479061673 1.1506054195861513
61125.2822 lsst_hardware_z -31.754275622536763 42.54999923706055 30.950000762939453 AB 7.77148014452375 1.0945746682427817
61132.2573 lsst_hardware_i 97.66077012287697 79.58999633789062 31.31999969482422 AB 8.77053319974243 1.1101940759167632
61132.2773 lsst_hardware_z 23.00888703100802 68.58000183105469 30.979999542236328 AB 8.390779280907243 1.0621239596085117
61134.2655 lsst_hardware_r 108.24659457585496 109.61000061035156 31.649999618530273 AB 6.8221510968142445 1.075610794258004
61134.2842 lsst_hardware_z 21.529625232649092 76.25 30.989999771118164 AB 6.73339906961082 1.040094596649716
61136.2616 lsst_hardware_r -196.66122252158414 106.87999725341797 31.649999618530273 AB 15.653360149436685 1.0721479554408688
61136.2806 lsst_hardware_i 70.8520233893035 88.86000061035156 31.34000015258789 AB 15.143746951276515 1.0372429418682545
61138.2581 lsst_hardware_z -0.509503177904888 56.029998779296875 30.969999313354492 AB 9.262437450654458 1.067931565520936
61138.2766 lsst_hardware_i -27.292235608206227 55.650001525878906 31.31999969482422 AB 8.923998233759455 1.0350864969853804
61147.1744 lsst_hardware_r 0.7059345388373759 24.68000030517578 31.479999542236328 AB 17.463688975759997 1.2755908387047135
61147.1919 lsst_hardware_u -4.691943625549771 2.8499999046325684 28.469999313354492 AB 16.346226810332503 1.1940267940345144
61149.1714 lsst_hardware_g -5.713351858948651 14.84000015258789 31.3700008392334 AB 11.279652103657272 1.2628361065447011
61149.1906 lsst_hardware_r 25.448363017045736 24.200000762939453 31.489999771118164 AB 10.545188632246209 1.1775097573833482
61151.1714 lsst_hardware_i -5.597976944712071 32.66999816894531 31.229999542236328 AB 8.370882031419072 1.2361018947754092
61151.1904 lsst_hardware_z -23.532336402011506 43.040000915527344 30.940000534057617 AB 7.856248676662576 1.1580270743145917
61153.1671 lsst_hardware_r 40.61356638865921 24.59000015258789 31.469999313354492 AB 4.987980556075441 1.230688516179482
61153.1859 lsst_hardware_u -1.0745116751578845 2.759999990463257 28.399999618530273 AB 4.721291576318419 1.1546323248516552
61155.1691 lsst_hardware_z -18.424012444179397 46.290000915527344 30.940000534057617 AB 15.139460903387432 1.1979791021473736
61155.1899 lsst_hardware_i -44.69713557530082 36.34000015258789 31.260000228881836 AB 14.219007205882074 1.1236990778134603
61161.1622 lsst_hardware_r -140.6317821404911 130.8800048828125 31.639999389648438 AB 10.803275339412682 1.1612471028946432
61161.1834 lsst_hardware_i 100.33760393954093 100.0199966430664 31.34000015258789 AB 10.51386562298541 1.0959078173795866
61163.1667 lsst_hardware_z 82.49463384367034 107.52999877929688 31.0 AB 12.972764062313946 1.1278702888466308
61163.1879 lsst_hardware_r 41.526076553496665 156.80999755859375 31.65999984741211 AB 12.365813921172453 1.0721184256262073
61166.1612 lsst_hardware_z -34.557193704213944 63.4900016784668 30.979999542236328 AB 3.881325533547382 1.1196938818320692
61166.1814 lsst_hardware_r -99.56535007355099 78.31999969482422 31.649999618530273 AB 3.4682668327528448 1.0684740704722258
61168.1621 lsst_hardware_i -10.350710499528589 42.31999969482422 31.280000686645508 AB 10.821343655964759 1.1016893515871478
61168.1795 lsst_hardware_z 25.057335073161855 47.38999938964844 30.959999084472656 AB 9.362578842740302 1.0611559382001927
61170.157 lsst_hardware_r -24.1216126422905 24.209999084472656 31.489999771118164 AB 7.6922187188578866 1.1007229266193017
61170.1778 lsst_hardware_u 0.8895597011427229 2.7100000381469727 28.399999618530273 AB 6.642280220351744 1.0539398456156919
61175.1315 lsst_hardware_r 19.054385028153533 24.350000381469727 31.489999771118164 AB 7.851092621726866 1.1355765860390035
61175.156 lsst_hardware_i -70.74339388305113 31.579999923706055 31.25 AB 7.426608503661521 1.070245010735418
61177.1691 lsst_hardware_r -12.50702804235594 24.1200008392334 31.510000228881836 AB 7.064368292283854 1.0365910920446018
61177.1924 lsst_hardware_g -0.1441379543534249 15.210000038146973 31.459999084472656 AB 6.893221223940678 1.010711550148938
61182.078 lsst_hardware_z 51.06329749418016 45.279998779296875 30.93000030517578 AB 6.48939944437714 1.2800656420238632
61182.0966 lsst_hardware_g -10.105771548372461 17.920000076293945 31.459999084472656 AB 5.52029997781124 1.1929765115569602
61185.0727 lsst_hardware_r -1.916500271062391 44.52000045776367 31.579999923706055 AB 6.175650599589864 1.2649405522663837
61185.0943 lsst_hardware_z 50.82922390648598 47.84000015258789 30.950000762939453 AB 6.705672019670612 1.1699680746175716
61187.0545 lsst_hardware_i -76.4168512354116 60.5 31.260000228881836 AB 7.7217469236812875 1.3366361301162
61187.0739 lsst_hardware_r 94.90379144043435 69.22000122070312 31.600000381469727 AB 7.11431390360662 1.2324137724229045
61189.0599 lsst_hardware_z 19.66551876556044 122.55000305175781 31.719999313354492 AB 12.276928083789667 1.2746972702182857
61194.0677 lsst_hardware_z -181.70680602708856 67.02999877929688 30.969999313354492 AB 10.568624405838836 1.1776610196772808
61194.0836 lsst_hardware_r 19.119878703919397 87.23999786376953 31.639999389648438 AB 10.214801762996643 1.123153661507663
61196.0719 lsst_hardware_r 44.58127248784392 37.88999938964844 31.56999969482422 AB 10.86455867444661 1.1429960731989
61196.092 lsst_hardware_z -21.904292758481056 48.189998626708984 30.959999084472656 AB 9.753047866072073 1.0854811203196835
61198.0527 lsst_hardware_u 3.431749842690987 2.7100000381469727 28.350000381469727 AB 4.569770894843735 1.1938530193569943
61198.0728 lsst_hardware_g -0.4044880675498788 15.199999809265137 31.43000030517578 AB 4.3572518822265165 1.122786029047701
61219.9872 lsst_hardware_r 607.9384602356281 141.48169555388182 31.6200008392334 AB 4.663020117364551 1.2169691476377158
61220.0007 lsst_hardware_z 507.43290884981536 95.51582155411101 30.989999771118164 AB 5.263305274024267 1.1627331238639766
61222.9784 lsst_hardware_z 1023.6149885039857 76.91695999733511 31.690000534057617 AB 11.342980392702776 1.2196753110433092
61230.9682 lsst_hardware_y 453.17254423253706 52.509502438736156 30.010000228881836 AB 9.353684806110206 1.1718472570921876
61230.987 lsst_hardware_i 1182.3206445150136 46.66970668465113 31.25 AB 8.921557717856082 1.1101988200417792
61232.9683 lsst_hardware_y 251.09864871114704 52.49585062394429 30.010000228881836 AB 12.213019899288886 1.151746122041902
61232.987 lsst_hardware_i 1219.3974731965602 47.02774544158811 31.25 AB 11.63635376881106 1.0954268013817314
61234.9685 lsst_hardware_y 310.7861586653127 53.12109336607096 30.020000457763672 AB 9.663595877106317 1.1329394517690787
61234.9872 lsst_hardware_g 369.3461997931723 24.431048106823248 31.440000534057617 AB 9.360714886953607 1.0814551030484258
61236.969 lsst_hardware_y 364.9307639314968 53.46659388117713 30.030000686645508 AB 4.716832706822151 1.1148269219623288
61236.9887 lsst_hardware_i 1315.5934121412356 47.27599793377553 31.25 AB 4.4983502445708465 1.0660439792805545
61237.968 lsst_hardware_z 815.6901929849506 53.30484527684485 30.940000534057617 AB 2.069460085385296 1.109878034620047
61237.9863 lsst_hardware_u 0.41371448470800604 2.8659753392240113 28.3799991607666 AB 1.9744650945954276 1.0653588639903386
61241.9696 lsst_hardware_y 251.33581924781095 54.47011733188241 30.040000915527344 AB 5.875137609713672 1.0779409717534716
61241.9897 lsst_hardware_r 1389.2192722631253 51.036185844575996 31.59000015258789 AB 5.623766382420783 1.0395131945324922
61243.9696 lsst_hardware_y 401.90841679431315 57.029189598451794 30.049999237060547 AB 3.5185600989338695 1.0660149764493645
61243.9895 lsst_hardware_z 808.3701637909514 60.882281385546584 30.969999313354492 AB 3.49716573759979 1.0318152254916768
61245.9695 lsst_hardware_y 388.5128463199147 63.7302396418757 30.049999237060547 AB 5.195086694577008 1.0554113959322153
61245.9885 lsst_hardware_z 894.6601422809007 78.73425710313104 30.989999771118164 AB 5.039566400734928 1.0260051713348568
61247.97 lsst_hardware_y 262.00039235368524 62.05761005900794 30.049999237060547 AB 4.498425189467281 1.0448494555901087
61247.9894 lsst_hardware_r 1267.9401785280118 103.29438937038964 31.65999984741211 AB 4.404043367408021 1.0188255785182034
61248.9693 lsst_hardware_y 371.2538602175217 62.10816502664806 30.059999465942383 AB 4.286707720900453 1.0415374405395015
61248.9875 lsst_hardware_r 1078.2607149634455 103.056219380758 31.65999984741211 AB 4.173726849785531 1.0179821584842759
61459.3187 lsst_hardware_z -0.691387864508777 85.7699966430664 31.700000762939453 AB 14.066943875241268 1.2814341949661825
61461.3315 lsst_hardware_i -4.2683303583283285 62.310001373291016 31.299999237060547 AB 10.758743082365456 1.1954158980406062
61461.3522 lsst_hardware_z -99.76709029703382 58.540000915527344 30.969999313354492 AB 9.650274043964147 1.1221248888330404
61463.3092 lsst_hardware_z -52.47910593295094 61.31999969482422 30.959999084472656 AB 7.708356051519861 1.2738978766352438
61463.3293 lsst_hardware_r -25.076170103901397 65.66999816894531 31.6200008392334 AB 7.225767728945232 1.1823231169017505
61465.3339 lsst_hardware_g 24.717399023248237 31.639999389648438 31.6200008392334 AB 4.766032402253794 1.1456808659264284
61465.3543 lsst_hardware_i -23.851377972678772 39.27000045776367 31.280000686645508 AB 4.592653738319676 1.0866971282625677
61467.3017 lsst_hardware_r -5.041560079342325 26.65999984741211 31.489999771118164 AB 7.56901031022147 1.2563715346039457
61467.3217 lsst_hardware_z -83.64592902653585 44.0099983215332 30.940000534057617 AB 7.047542969441957 1.1696196115578719
61469.3124 lsst_hardware_r 31.974681014112992 24.969999313354492 31.479999542236328 AB 11.515430295697561 1.184369812883511
61469.3336 lsst_hardware_u -4.82706089845788 2.740000009536743 28.3700008392334 AB 10.790320155809802 1.1126048674564795
61473.308 lsst_hardware_i 30.675425989128932 32.81999969482422 31.239999771118164 AB 8.350636141126875 1.1598105751565104
61473.3269 lsst_hardware_z 0.16371385942560895 42.84000015258789 30.940000534057617 AB 7.926605001522496 1.100917361322569
61475.3111 lsst_hardware_r 1.7831089780670426 24.899999618530273 31.5 AB 9.133114207289982 1.1310007996396374
61475.3318 lsst_hardware_u 3.198599624477349 2.7899999618530273 28.43000030517578 AB 8.558685979850646 1.0754482429995158
61482.2669 lsst_hardware_r 28.97259607021848 26.290000915527344 31.5 AB 7.827994587380897 1.2269583992760025
61482.2853 lsst_hardware_y 124.12093956994778 48.630001068115234 30.010000228881836 AB 7.256287067860607 1.153194957015512
61486.2523 lsst_hardware_z 122.45627002313826 65.79000091552734 30.969999313354492 AB 6.517953227503387 1.2442403794031658
61486.2685 lsst_hardware_r -74.47873292573053 91.83000183105469 31.6299991607666 AB 6.182676863355734 1.1746322529411484
61488.2678 lsst_hardware_i 41.85427560226735 82.20999908447266 31.31999969482422 AB 7.089275794116153 1.1571336597259685
61488.2858 lsst_hardware_z 15.332556253415687 71.19000244140625 30.989999771118164 AB 6.722722894683925 1.1013184084341163
61491.2648 lsst_hardware_z -141.39282419515547 72.05000305175781 30.979999542236328 AB 7.978812234932979 1.1394233823538495
61491.2823 lsst_hardware_r -76.25447481719594 89.52999877929688 31.649999618530273 AB 7.628989270981913 1.089207272478084
61495.2664 lsst_hardware_r 25.414196309848233 29.329999923706055 31.549999237060547 AB 4.978174881874937 1.1020976050198918
61495.2848 lsst_hardware_z -38.052150032627004 42.939998626708984 30.959999084472656 AB 4.809523221437734 1.0594830314875685
61498.2576 lsst_hardware_g 4.210680804106986 15.15999984741211 31.440000534057617 AB 6.558478960852637 1.1037494043844895
61498.275 lsst_hardware_r 29.355493852716595 24.010000228881836 31.5 AB 6.376087987351403 1.062681331225234
61500.2585 lsst_hardware_i 9.227551742360072 31.690000534057617 31.239999771118164 AB 7.511110991651111 1.087306165554623
61500.2774 lsst_hardware_z 57.96059328876072 41.75 30.950000762939453 AB 7.245625069867917 1.047964285488562
61502.2632 lsst_hardware_r -3.6335400529983306 23.780000686645508 31.510000228881836 AB 8.5157599645972 1.06446999557465
61502.2831 lsst_hardware_g 12.393614782686674 14.869999885559082 31.450000762939453 AB 8.246360277081802 1.0307950346352253
61510.2416 lsst_hardware_z 8.059466851501186 41.77000045776367 30.950000762939453 AB 10.711419395143029 1.0639778221783025
61510.261 lsst_hardware_g -0.6143606065618749 14.850000381469727 31.459999084472656 AB 9.641220612175035 1.0311465895374368
61512.1649 lsst_hardware_r -73.64673742280505 55.209999084472656 31.56999969482422 AB 19.5473445569193 1.3336524907497647
61512.1846 lsst_hardware_y -3.2782867354795315 50.9900016784668 29.989999771118164 AB 16.80092835612896 1.2287817708689222
61514.1667 lsst_hardware_z 51.29183743564641 64.87999725341797 30.959999084472656 AB 11.56254566569 1.2914716481280017
61514.1873 lsst_hardware_r -205.7262119152474 85.5199966430664 31.6200008392334 AB 10.70834494012432 1.1933962933383138
