data/validation/pwv_sim_epoch_fit_seasonal/38311862.ecsv
# %ECSV 0.9
# ---
# datatype:
# - {name: time, datatype: float64}
# - {name: band, datatype: string}
# - {name: flux, datatype: float64}
# - {name: fluxerr, datatype: float64}
# - {name: zp, datatype: float64}
# - {name: zpsys, datatype: string}
# - {name: pwv, datatype: float64}
# - {name: airmass, datatype: float64}
# meta: {SNID: '38311862', alt: 1024.0, c: -0.07526163756847382, dec: -2.238686, lat: -30.244573, lon: -70.7499537, ra: 124.101562, t0: 61386.328125,
#   x0: 2.160468581467499e-05, x1: -0.4598858952522278, z: 0.3318275809288025}
# schema: astropy-2.0
time band flux fluxerr zp zpsys pwv airmass
61372.3368 lsst_hardware_r 2363.3627954325107 94.30850960063758 31.6299991607666 AB 4.366300989443355 1.1393818091010364
61374.3386 lsst_hardware_z 1824.3131182726709 67.01004714669372 30.969999313354492 AB 6.925681691511089 1.1345826661861556
61376.3354 lsst_hardware_i 2796.862756733122 63.501216369597984 31.260000228881836 AB 7.53652767999429 1.1335681251401504
61379.3326 lsst_hardware_r 5430.929901934514 76.99361297152602 31.5 AB 3.505611787855251 1.1320597807926798
61379.3511 lsst_hardware_y 805.9517824446787 72.14592479024212 30.040000915527344 AB 4.655376291249209 1.1366127262459347
61383.3332 lsst_hardware_z 3104.596890904039 69.25896882228129 30.950000762939453 AB 7.401529625914979 1.1331184363006788
61383.3517 lsst_hardware_y 844.1055128760376 73.57111404240561 30.030000686645508 AB 8.431382615231827 1.14717891268061
61385.3297 lsst_hardware_u 51.11603179067421 7.810616093085464 28.479999542236328 AB 9.407230476013869 1.133879404087746
61385.3487 lsst_hardware_y 825.4563996274059 64.05110618156682 30.030000686645508 AB 9.771689869998635 1.150230795428747
61387.2997 lsst_hardware_g 4179.372623866008 66.45454349451244 31.399999618530273 AB 11.372527642673134 1.1365329600592524
61387.3176 lsst_hardware_r 6345.935859449755 83.62590362437659 31.479999542236328 AB 11.361323036527487 1.1319817040711544
61389.3004 lsst_hardware_i 4794.938218689252 75.27472561093873 31.239999771118164 AB 9.363701065696176 1.1333696852441213
61389.319 lsst_hardware_z 3041.6992167945714 68.82145014497533 30.940000534057617 AB 9.369103602876407 1.1339738273555986
61390.2979 lsst_hardware_r 6254.836134137933 81.80715018276122 31.489999771118164 AB 11.993570389457796 1.133283693744831
61390.3163 lsst_hardware_u 34.70762255070408 6.589929053833016 28.459999084472656 AB 11.996898198554458 1.1339867127922145
61392.1895 lsst_hardware_g 10073.705952775164 109.61693974224752 32.650001525878906 AB 4.922452825433946 1.4705594977396772
61396.2789 lsst_hardware_y 723.7380534126179 56.805284501086255 30.020000457763672 AB 5.312354562533497 1.134391322343187
61396.2997 lsst_hardware_g 3041.264474536516 72.32189792563393 31.670000076293945 AB 6.715066859466826 1.1338868420002821
61405.2522 lsst_hardware_g 1222.3053114326583 43.008441897099594 31.59000015258789 AB 6.361715544314263 1.1355137071511403
61405.2727 lsst_hardware_r 2933.3473848742447 61.74836965919701 31.549999237060547 AB 6.354675047818457 1.132959433250926
61411.2518 lsst_hardware_g 649.7217512993752 28.86640707317625 31.399999618530273 AB 8.46306949263931 1.1319308282620586
61411.2718 lsst_hardware_i 2317.7180375507082 57.60995797734967 31.229999542236328 AB 8.551523980159132 1.143353772193484
61413.2156 lsst_hardware_r 1488.7125653406542 45.90106489822917 31.489999771118164 AB 9.27471460901328 1.1489627562344193
61413.2356 lsst_hardware_z 1592.5286234303808 58.26489588472377 30.950000762939453 AB 9.145483214491616 1.1330937852862462
61415.2142 lsst_hardware_r 1281.1577382143237 43.634508345466436 31.479999542236328 AB 8.151534133820023 1.1442623307423472
61415.237 lsst_hardware_u -3.3616236518148397 3.381165059219984 28.31999969482422 AB 8.082309849610938 1.1317648221075811
61418.1936 lsst_hardware_g 401.7147108644791 24.083161723817756 31.420000076293945 AB 6.1341468290287064 1.1610921959768519
61418.2121 lsst_hardware_r 1063.2321880086288 41.20605695849584 31.5 AB 5.024725933027479 1.1386405664494335
61420.1997 lsst_hardware_i 1718.935931606855 52.3389560620193 31.239999771118164 AB 6.974709881424684 1.1451785372998415
61420.2192 lsst_hardware_z 1459.1729565909645 56.84388123392221 30.940000534057617 AB 6.114518705254944 1.1323182787509154
61424.1914 lsst_hardware_z 1321.041644471746 63.80493694243325 30.959999084472656 AB 6.626188709359003 1.1424463291998281
61424.2104 lsst_hardware_i 1705.9385007190526 63.41162495394921 31.290000915527344 AB 6.752759935474866 1.1319371853620495
61428.2015 lsst_hardware_y 879.3633304827399 101.37673871016987 30.780000686645508 AB 9.82884986268675 1.1317583682986232
61430.1571 lsst_hardware_g 229.8967908758056 82.25636986613043 31.68000030517578 AB 9.122180200500845 1.1676266109802576
61430.1767 lsst_hardware_r 724.7392279955423 84.72303955321476 31.6299991607666 AB 8.870746876534737 1.1408587070329514
61432.1769 lsst_hardware_z 902.344766903663 56.995401962772256 30.959999084472656 AB 12.351139907045392 1.1364685229154594
61432.1953 lsst_hardware_r 679.981370343233 54.82073629364114 31.610000610351562 AB 12.57812641045671 1.1320426973680617
61436.1436 lsst_hardware_g 164.07391135924618 19.704283883185337 31.420000076293945 AB 10.576085212053746 1.162515892907869
61436.1626 lsst_hardware_i 952.264416851185 43.861857543456665 31.239999771118164 AB 10.343597134251409 1.1389118183496378
61438.1459 lsst_hardware_z 666.8675979084496 49.757215554717 30.940000534057617 AB 8.236890441151905 1.1508055104648138
61438.164 lsst_hardware_r 523.4980318719602 32.757860743401544 31.5 AB 8.12987403214432 1.1344801775208948
61440.1463 lsst_hardware_u 20.063772052932674 4.848635731581098 28.510000228881836 AB 11.74756582414769 1.1438720374048426
61440.1653 lsst_hardware_g 163.64341870775775 19.008300267759648 31.440000534057617 AB 11.574357223470825 1.1321602448801336
61443.1398 lsst_hardware_z 504.21672472756416 48.6614385801595 30.950000762939453 AB 5.617182302640304 1.1421680159903016
61443.1584 lsst_hardware_r 490.57218133935567 32.017757612003635 31.5 AB 5.563512202214917 1.1319455141841133
61445.1394 lsst_hardware_u 8.825321817043147 4.505700677968544 28.420000076293945 AB 6.371972782388198 1.1378522825693211
61445.1571 lsst_hardware_r 460.86621280117487 31.757603440714064 31.5 AB 6.337822315750082 1.131753984955372
61447.1265 lsst_hardware_i 659.0053143008855 41.70890855010608 31.25 AB 2.4247390756833593 1.1445996974234025
61447.1438 lsst_hardware_z 549.501533536762 48.07167177856892 30.950000762939453 AB 2.3368565066200038 1.1327467312747945
61450.1285 lsst_hardware_r 367.66931392754276 33.488467147904174 31.520000457763672 AB 2.119756673529233 1.1359896428344354
61450.1463 lsst_hardware_z 444.2839843799771 47.33944619535672 30.940000534057617 AB 2.12827306894613 1.1320601430565458
61452.1249 lsst_hardware_y 101.94452032857035 51.43113099139792 30.020000457763672 AB 3.544174141919969 1.1349226050872412
61452.1427 lsst_hardware_r 374.49348842151517 51.90341509873721 31.610000610351562 AB 3.8989408480435794 1.1324528664292135
61454.1223 lsst_hardware_i -91.80033234185544 73.43000030517578 31.309999465942383 AB 6.210902906321978 1.1335833010260956
61454.1396 lsst_hardware_z 3.2090052141789505 67.0199966430664 30.969999313354492 AB 6.343491603669052 1.1331710617486903
61458.0917 lsst_hardware_z -54.99074864717691 71.83000183105469 30.979999542236328 AB 7.101147909052364 1.1502628831379873
61458.1091 lsst_hardware_r 127.82002544767131 102.22000122070312 31.639999389648438 AB 6.944435906305948 1.134619051761449
61460.0896 lsst_hardware_i 55.580494790323435 49.61000061035156 31.299999237060547 AB 8.895593256933777 1.146154711796911
61460.1069 lsst_hardware_z -95.268454858669 51.95000076293945 30.959999084472656 AB 8.759682460829652 1.1332060104565984
61462.0925 lsst_hardware_r 11.325545533300055 31.329999923706055 31.549999237060547 AB 6.488164636252801 1.1382079357206245
61462.1104 lsst_hardware_z 3.797231825806105 45.400001525878906 30.950000762939453 AB 6.470332185162937 1.131737548056369
61464.0888 lsst_hardware_g -4.492188446077723 14.359999656677246 31.40999984741211 AB 5.904125451786543 1.1369392358533177
61464.1067 lsst_hardware_r -23.937351556777024 23.420000076293945 31.479999542236328 AB 6.032263816702329 1.1318629921572505
61466.0876 lsst_hardware_i -8.104815811685912 31.540000915527344 31.25 AB 3.3715714990924344 1.1344453227094329
61466.1057 lsst_hardware_z -41.38326085256786 42.66999816894531 30.940000534057617 AB 3.3470223245712734 1.132791851727642
61468.0781 lsst_hardware_r -25.164256414457324 23.5 31.479999542236328 AB 5.08816936573706 1.1367882256678281
61468.0966 lsst_hardware_g -28.78787032376384 14.239999771118164 31.389999389648438 AB 5.109323877952567 1.131967479053076
61470.0818 lsst_hardware_r -31.400563304911653 23.350000381469727 31.479999542236328 AB 5.960424050202565 1.1325145449748144
61470.1006 lsst_hardware_i -7.0305962562681 31.469999313354492 31.239999771118164 AB 8.285605799400463 1.1353255411620577
61472.0494 lsst_hardware_i 36.161420664542334 31.559999465942383 31.239999771118164 AB 10.688759587584546 1.155958138527496
61472.0686 lsst_hardware_z -10.760292053216908 42.5 30.940000534057617 AB 10.477544297549674 1.1358797684578201
61474.0494 lsst_hardware_r -12.68904053032717 23.270000457763672 31.479999542236328 AB 11.517140993236179 1.1484983040721979
61474.0679 lsst_hardware_u -3.078015589499434 2.6700000762939453 28.3799991607666 AB 11.449435508033613 1.133495248790559
61476.0483 lsst_hardware_g 30.67778296339259 14.149999618530273 31.389999389648438 AB 8.824803528846761 1.143553651528672
61476.0674 lsst_hardware_r 41.77842741785633 23.270000457763672 31.479999542236328 AB 8.762655086171028 1.1320772257229699
61477.0474 lsst_hardware_i 60.34348347131473 31.850000381469727 31.239999771118164 AB 11.878862414940937 1.1417408808913996
61477.0666 lsst_hardware_z -82.46897420153633 42.63999938964844 30.940000534057617 AB 11.750157236454829 1.131818003190355
61481.0425 lsst_hardware_r -16.71441042615265 55.81999969482422 31.610000610351562 AB 9.321076474254333 1.1368552840900517
61481.0614 lsst_hardware_i -1.2507237773968998 51.369998931884766 31.299999237060547 AB 9.189662502258864 1.1320106556120797
61489.0375 lsst_hardware_r 43.93242483240167 50.56999969482422 31.6200008392334 AB 9.280557721802472 1.1317753319271309
61489.0576 lsst_hardware_i -55.52003641003106 50.08000183105469 31.299999237060547 AB 11.789614571089098 1.1421093939959845
61496.9921 lsst_hardware_y -37.00148221362962 50.630001068115234 30.010000228881836 AB 8.873611507097758 1.1424025113740275
61497.0123 lsst_hardware_i -44.91419969293856 31.600000381469727 31.239999771118164 AB 8.90642852413657 1.1317894600308798
61498.9899 lsst_hardware_y -28.312220248800926 51.18000030517578 30.020000457763672 AB 7.141795175669258 1.139451186736749
61499.009 lsst_hardware_i 30.342778729298576 31.579999923706055 31.239999771118164 AB 5.771789604264464 1.1317234518165618
61502.9866 lsst_hardware_y -200.9639408015746 50.459999084472656 30.010000228881836 AB 9.95629738962355 1.1344268660198884
61503.0057 lsst_hardware_i -4.663889379823497 31.75 31.229999542236328 AB 8.647653467986517 1.133127774796224
61504.9812 lsst_hardware_z 56.220960898394864 50.349998474121094 30.950000762939453 AB 6.264706172280675 1.134396771802748
61504.9985 lsst_hardware_u -1.8268554647284785 2.740000009536743 28.389999389648438 AB 6.200887132396212 1.1325821246385774
61510.9764 lsst_hardware_y -18.476399343294347 60.54999923706055 30.030000686645508 AB 16.900452725968584 1.131726745042539
61510.9939 lsst_hardware_r -27.287177733217398 70.0199966430664 31.6200008392334 AB 17.00956485277448 1.1389062506042702
61512.9743 lsst_hardware_y -27.31773934022784 63.2400016784668 30.040000915527344 AB 12.737612870972718 1.1320561575730634
61512.9922 lsst_hardware_z -10.273430595355123 60.61000061035156 30.969999313354492 AB 12.895307927856708 1.1422390653134955
61739.3359 lsst_hardware_i -13.84414719255027 32.09000015258789 31.239999771118164 AB 6.983173569741154 1.136491751931183
61741.3351 lsst_hardware_g 6.654560779873263 14.920000076293945 31.420000076293945 AB 7.533935486221497 1.133945738443934
61741.3548 lsst_hardware_y -40.150899740701256 73.26000213623047 30.040000915527344 AB 7.523145799722108 1.1337722552516174
61743.3374 lsst_hardware_i 7.001833589918863 32.029998779296875 31.25 AB 4.928408539513187 1.1318399769225722
61745.2333 lsst_hardware_u -2.5103165313328284 4.409999847412109 29.389999389648438 AB 7.434334446403019 1.3988116931941208
61745.252 lsst_hardware_z 26.87731621725679 44.529998779296875 30.93000030517578 AB 6.63433502073222 1.298134950573745
61747.337 lsst_hardware_r -9.543138235694851 23.8799991607666 31.479999542236328 AB 7.18002522897796 1.1332110525535617
61749.3087 lsst_hardware_z -1.1047473104846899 60.2400016784668 31.690000534057617 AB 11.43154034898928 1.1364207420025627
61749.3347 lsst_hardware_y 50.499813412063574 48.880001068115234 30.020000457763672 AB 10.495005579655032 1.1345747550120002
61753.2988 lsst_hardware_z -83.29428551295256 72.94000244140625 30.979999542236328 AB 8.198833471293376 1.1357822503638775
61753.3174 lsst_hardware_r -6.608689639385133 103.54000091552734 31.639999389648438 AB 8.175178641900702 1.1322700734379219
61755.3003 lsst_hardware_i -138.71335078988676 81.86000061035156 31.31999969482422 AB 11.992178846324187 1.1326821439667611
61755.319 lsst_hardware_r 33.438520663414764 98.08000183105469 31.639999389648438 AB 12.01096231634724 1.1349227521757221
61759.2875 lsst_hardware_r 12.39166413908833 36.119998931884766 31.56999969482422 AB 4.873213734384627 1.1333055196243318
61759.3076 lsst_hardware_i -36.32612825383078 38.060001373291016 31.260000228881836 AB 5.01070645646049 1.1346708461186108
61762.2864 lsst_hardware_z -28.507788533642678 42.380001068115234 30.940000534057617 AB 7.582777245388707 1.13175779781921
61762.3064 lsst_hardware_r 33.11968954519518 23.889999389648438 31.489999771118164 AB 7.685943554422901 1.1393334649307942
61763.2972 lsst_hardware_u 2.639133362653773 2.7200000286102295 28.399999618530273 AB 6.914434806439652 1.1349403304327272
61763.3116 lsst_hardware_g -8.243450711513498 14.59000015258789 31.40999984741211 AB 6.980639172259099 1.147313730169178
61769.2519 lsst_hardware_u -3.62855707763355 2.7300000190734863 28.43000030517578 AB 9.90002772967304 1.137934221801499
61769.2711 lsst_hardware_g -5.006815925508407 14.329999923706055 31.420000076293945 AB 9.846965512831506 1.1318351164174145
61771.2543 lsst_hardware_r -13.291910779352424 23.559999465942383 31.489999771118164 AB 8.016614975542359 1.1334661418579526
61771.2751 lsst_hardware_i -4.557247803535079 31.579999923706055 31.239999771118164 AB 8.026706984175197 1.134799184556893
61773.2538 lsst_hardware_z 33.49134254255057 42.33000183105469 30.940000534057617 AB 4.9591592943007905 1.1320558425583904
61773.274 lsst_hardware_r 4.797924026085415 23.40999984741211 31.479999542236328 AB 4.965004498872865 1.1375015080085986
61775.2498 lsst_hardware_u -1.4120713802930405 3.819999933242798 29.139999389648438 AB 13.140168032949457 1.1318461633101733
61775.2718 lsst_hardware_g 39.505470671575594 20.360000610351562 32.150001525878906 AB 11.902059884411589 1.1400804512671148
61777.2478 lsst_hardware_r -5.662223482383043 23.549999237060547 31.479999542236328 AB 9.976527780387833 1.1317243946594382
61777.2708 lsst_hardware_z 9.318235700353751 42.709999084472656 30.93000030517578 AB 10.92991498147434 1.1443938554898532
61779.21 lsst_hardware_i 19.653020230227234 52.88999938964844 31.299999237060547 AB 7.962764538152536 1.1536894433718539
61779.231 lsst_hardware_r -42.127815860600506 55.4900016784668 31.6200008392334 AB 7.866562025206494 1.1340823218058793
61781.225 lsst_hardware_z 15.187327313056693 107.6500015258789 31.729999542236328 AB 7.259741360113242 1.134334587517694
61784.1967 lsst_hardware_r -13.552104819493456 109.23999786376953 31.639999389648438 AB 9.167473104930217 1.153189622826561
61784.2158 lsst_hardware_i -156.7410177296046 88.12999725341797 31.31999969482422 AB 8.960052479616047 1.1348422582235744
61785.1982 lsst_hardware_z -47.85396765478063 64.12000274658203 30.969999313354492 AB 6.952580289119842 1.1476692454803306
61785.2194 lsst_hardware_r 3.751425252180762 82.05000305175781 31.6299991607666 AB 6.114929326954627 1.1323943198064124
61787.2008 lsst_hardware_z 94.26934672747147 68.61000061035156 31.700000762939453 AB 3.524178753568469 1.1394661055887751
61789.1937 lsst_hardware_r -50.91869578556602 27.020000457763672 31.510000228881836 AB 6.617168563034501 1.1408911315576726
