data/validation/pwv_sim_epoch_fit_seasonal/38369817.ecsv
# %ECSV 0.9
# ---
# datatype:
# - {name: time, datatype: float64}
# - {name: band, datatype: string}
# - {name: flux, datatype: float64}
# - {name: fluxerr, datatype: float64}
# - {name: zp, datatype: float64}
# - {name: zpsys, datatype: string}
# - {name: pwv, datatype: float64}
# - {name: airmass, datatype: float64}
# meta: {SNID: '38369817', alt: 1024.0, c: 0.006958726793527603, dec: -30.17244, lat: -30.244573, lon: -70.7499537, ra: 28.125, t0: 60913.12890625,
#   x0: 5.105398420209805e-06, x1: -1.433351755142212, z: 0.6084094047546387}
# schema: astropy-2.0
time band flux fluxerr zp zpsys pwv airmass
[from data line 132]
61276.253 lsst_hardware_i 9.17615324497215 47.52000045776367 31.290000915527344 AB 3.275140984669627 1.1621186852371603
61276.2733 lsst_hardware_z 21.831524866530874 49.040000915527344 30.959999084472656 AB 3.087516259356851 1.0976859867947208
61281.2591 lsst_hardware_z -141.02837283515916 70.41999816894531 30.979999542236328 AB 6.625057119417703 1.0991688617549558
61281.2765 lsst_hardware_r 29.775834138509342 102.08999633789062 31.65999984741211 AB 6.4222434776604 1.0584370945987585
61296.2709 lsst_hardware_r 29.84042356002256 22.309999465942383 31.510000228881836 AB 3.529143965666861 1.0101306520692268
61297.1881 lsst_hardware_r 51.07718888019698 32.7400016784668 32.220001220703125 AB 1.04311143097588 1.1917868391612452
61297.2323 lsst_hardware_i 0.21817044286390344 30.540000915527344 31.260000228881836 AB 1.293439726670351 1.059472813654985
61299.1566 lsst_hardware_z -3.8008733283127447 45.279998779296875 30.920000076293945 AB 4.225677227208793 1.3236263828375232
61299.1741 lsst_hardware_r -16.465436604257338 23.309999465942383 31.469999313354492 AB 3.679028757641591 1.2295534198100768
61303.1806 lsst_hardware_z 44.142542812151646 45.52000045776367 30.940000534057617 AB 7.256586264752988 1.1573041369567383
61303.2001 lsst_hardware_i 28.63923457120459 37.20000076293945 31.270000457763672 AB 6.856333017946567 1.096311643419662
61305.1727 lsst_hardware_z -7.989893985073141 71.13999938964844 31.709999084472656 AB 2.5971045165266013 1.1663206541040707
61307.1641 lsst_hardware_r -63.11710615009784 78.68000030517578 31.6200008392334 AB 4.1329326463172835 1.1784249336075514
61307.1809 lsst_hardware_i 75.10514800541186 62.970001220703125 31.309999465942383 AB 4.2909981629426985 1.1199264421093575
61309.183 lsst_hardware_z 187.4829443865005 103.97000122070312 31.739999771118164 AB 3.7269599835296305 1.0982373548696207
61313.0918 lsst_hardware_r -0.6302071210177849 24.139999389648438 31.40999984741211 AB 5.857650498804311 1.5237433826635396
61313.1112 lsst_hardware_i -37.08062296682101 46.849998474121094 31.25 AB 5.284014780630805 1.369891705393948
61317.0945 lsst_hardware_u 1.380138667330933 2.490000009536743 28.15999984741211 AB 2.9630596171292 1.4109807700615238
61317.115 lsst_hardware_g -4.873213104857924 13.899999618530273 31.350000381469727 AB 2.6881319329129894 1.2800628251966615
61319.1122 lsst_hardware_r 48.21023559317196 23.5 31.469999313354492 AB 4.3118319457910514 1.2658279515973339
61319.1312 lsst_hardware_i 0.7405137058502957 31.610000610351562 31.239999771118164 AB 5.141765075243306 1.1789659100586543
61321.0912 lsst_hardware_z 3.9414145689038005 45.599998474121094 30.920000076293945 AB 12.32856281406522 1.3575345137024806
61321.1108 lsst_hardware_u -0.21835433706914972 2.6600000858306885 28.34000015258789 AB 12.006721589995879 1.245155333280559
61325.1118 lsst_hardware_u 2.1954487225797297 2.6600000858306885 28.360000610351562 AB 6.889675521235342 1.191178213362112
61325.1331 lsst_hardware_r -49.19169666541352 22.90999984741211 31.479999542236328 AB 6.7497250975520116 1.1158722228890439
61326.1092 lsst_hardware_i -25.722139792124615 31.790000915527344 31.229999542236328 AB 6.250459565887066 1.1906393229830756
61326.1282 lsst_hardware_z -6.248099872875332 42.40999984741211 30.940000534057617 AB 6.590689780614512 1.1224563918162667
61328.1015 lsst_hardware_r -21.47811292175782 23.459999084472656 31.469999313354492 AB 7.440275893371376 1.200044498930867
61328.1195 lsst_hardware_u -5.832592576193132 2.7200000286102295 28.420000076293945 AB 7.02284535907187 1.1327169933986887
61332.0994 lsst_hardware_i -5.639260070718176 36.63999938964844 31.260000228881836 AB 4.897398685460709 1.1647531359110899
61332.1176 lsst_hardware_z -7.7258375917691 44.13999938964844 30.950000762939453 AB 4.66297211395496 1.105406269606075
61337.1115 lsst_hardware_r 91.94882654617274 90.94000244140625 31.649999618530273 AB 3.364863257892954 1.0854397606106303
61337.1306 lsst_hardware_i 102.01433665244204 72.08999633789062 31.329999923706055 AB 2.958326273928056 1.0454373262400323
61340.1055 lsst_hardware_z 55.73745615244816 65.26000213623047 30.979999542236328 AB 4.551760902409343 1.0801093697629445
61340.1248 lsst_hardware_i -5.805896406747324 72.12000274658203 31.34000015258789 AB 4.417983047442899 1.0414040341266082
61342.1111 lsst_hardware_u -3.508910583012888 5.860000133514404 29.030000686645508 AB 3.156930957460728 1.0561829901173396
61342.1301 lsst_hardware_g -39.19901790040403 40.16999816894531 31.709999084472656 AB 2.9370134549928255 1.0257322892873664
61343.1112 lsst_hardware_r -5.552603089371225 22.549999237060547 31.520000457763672 AB 6.304941984457111 1.0508236640761852
61348.095 lsst_hardware_i 33.13975472069217 30.329999923706055 31.260000228881836 AB 4.6518300756617785 1.0556346616480312
61355.0098 lsst_hardware_y -89.1066746203031 73.44000244140625 29.989999771118164 AB 8.415585332871112 1.2880340798223633
61355.0272 lsst_hardware_r 16.497940850979493 23.270000457763672 31.469999313354492 AB 8.664207497778056 1.2025270642301258
61358.0123 lsst_hardware_y -107.00031335299273 73.33000183105469 30.0 AB 7.513574546797361 1.232912546992593
61358.0287 lsst_hardware_z -90.48859626141477 43.56999969482422 30.940000534057617 AB 7.101757464337117 1.1636661373939428
61360.0142 lsst_hardware_y -15.59304991430176 71.33999633789062 30.020000457763672 AB 7.767252690948498 1.199730110585429
61360.0319 lsst_hardware_z 55.780372595243044 43.11000061035156 30.950000762939453 AB 7.446793877443078 1.1334541670385203
61362.0245 lsst_hardware_y -36.31132949766391 52.88999938964844 30.010000228881836 AB 8.63719139455872 1.139872170670236
61362.0427 lsst_hardware_r 0.5379593542929115 37.68000030517578 31.579999923706055 AB 7.116789445019721 1.086781620985019
61363.0339 lsst_hardware_z 96.53524951118676 70.95999908447266 31.709999084472656 AB 6.149059143757185 1.1027724432850046
61365.0258 lsst_hardware_y 104.79484465949116 57.290000915527344 30.040000915527344 AB 5.095179020782708 1.1102422009658894
61365.0437 lsst_hardware_z -34.81871370577644 56.2599983215332 30.979999542236328 AB 4.1121089744753085 1.0655432453833664
61367.0205 lsst_hardware_y -106.1425102276847 67.7699966430664 30.040000915527344 AB 8.509677127990168 1.1097769443664838
61367.036 lsst_hardware_i -37.44976748729787 71.05999755859375 31.329999923706055 AB 8.175174943527685 1.0703993379414316
61369.0272 lsst_hardware_y -58.42826621825406 58.119998931884766 30.049999237060547 AB 6.786114334527234 1.0780165741901881
61369.0447 lsst_hardware_i -96.75293089462566 58.61000061035156 31.31999969482422 AB 5.417302600562612 1.0429254830063426
61371.0247 lsst_hardware_y 90.28395841807769 58.02000045776367 30.049999237060547 AB 5.238891544312357 1.0712384304902067
61371.0406 lsst_hardware_g 3.5385656685217577 13.9399995803833 31.43000030517578 AB 5.024126367855498 1.040676581814613
