data/validation/pwv_sim_epoch_fit_seasonal/38421139.ecsv
# %ECSV 0.9
# ---
# datatype:
# - {name: time, datatype: float64}
# - {name: band, datatype: string}
# - {name: flux, datatype: float64}
# - {name: fluxerr, datatype: float64}
# - {name: zp, datatype: float64}
# - {name: zpsys, datatype: string}
# - {name: pwv, datatype: float64}
# - {name: airmass, datatype: float64}
# meta: {SNID: '38421139', alt: 1024.0, c: -0.08050453662872314, dec: 0.0, lat: -30.244573, lon: -70.7499537, ra: 139.042969, t0: 61751.3984375,
#   x0: 5.247977606435783e-06, x1: 0.8917567133903503, z: 0.6008303761482239}
# schema: astropy-2.0
time band flux fluxerr zp zpsys pwv airmass
61753.3353 lsst_hardware_r 2017.3794008432544 104.82397185828734 31.6299991607666 AB 9.831839003590682 1.1640593172749787
61753.3552 lsst_hardware_y 516.3491282721643 79.83507625723735 30.030000686645508 AB 9.80806146870171 1.1562247050358618
61757.3174 lsst_hardware_z 2162.316729676757 104.96909934450048 31.719999313354492 AB 8.186626918470646 1.171205224450074
61759.3289 lsst_hardware_i 2675.955744214491 77.47860032034988 32.02000045776367 AB 5.17089984606242 1.1578369561266684
61759.3498 lsst_hardware_y 819.9220721637953 88.78548501020197 30.770000457763672 AB 5.584358200510126 1.1597033505142558
61762.325 lsst_hardware_r 1326.6860042708786 44.34084933277217 31.489999771118164 AB 7.864753992840206 1.1565814695353245
61762.346 lsst_hardware_y 275.62737968027295 54.977725908475314 30.010000228881836 AB 7.0654726394411504 1.1626579956296117
61765.331 lsst_hardware_z 878.1527927600367 52.737884630980744 30.940000534057617 AB 9.875046131339925 1.158453775232463
61765.3507 lsst_hardware_y 207.53316935688187 56.49340120540077 30.010000228881836 AB 10.40156096468887 1.1766471679512707
61769.2879 lsst_hardware_g 167.11445220758569 18.807732078545545 31.40999984741211 AB 10.15780977265204 1.1675643416841426
61769.3091 lsst_hardware_r 1016.9676324512415 39.076575222233906 31.479999542236328 AB 10.768382563535281 1.156191535399801
61771.2925 lsst_hardware_i 832.5359826242943 43.01370370212516 31.229999542236328 AB 8.239883906378903 1.159557322395097
61771.3116 lsst_hardware_z 731.9352269223554 51.194000517302264 30.940000534057617 AB 8.225235118027413 1.157276014473263
61773.2923 lsst_hardware_r 706.4452754021378 35.86015950751727 31.489999771118164 AB 5.481333910097281 1.1572540715923767
61773.312 lsst_hardware_u 6.103611371678113 3.0382065285572795 28.360000610351562 AB 5.508937851533077 1.1599391882790049
61775.2945 lsst_hardware_g 101.8716314871752 18.003955906812827 31.399999618530273 AB 11.742536921465675 1.156178764133939
61775.3146 lsst_hardware_i 655.5637002197062 41.32846235737998 31.229999542236328 AB 11.762237187335993 1.1662233534775295
61777.2935 lsst_hardware_z 581.3306703729734 49.674732633591105 30.93000030517578 AB 9.6185311788286 1.156791819298274
61777.314 lsst_hardware_r 539.5427723856213 33.26179386265507 31.469999313354492 AB 9.701951685120555 1.1715092748110432
61779.2873 lsst_hardware_y 259.5885624063134 50.198369900653645 30.010000228881836 AB 9.186303160830136 1.156625235341856
61779.3096 lsst_hardware_g 36.35564264607097 16.53215451112665 31.40999984741211 AB 8.833732020799232 1.1728138988724988
61784.2303 lsst_hardware_i 490.7413608816415 107.27679970451574 31.309999465942383 AB 9.38230436860146 1.19164331900824
61784.2491 lsst_hardware_z 496.68530856447114 93.36721362250513 30.979999542236328 AB 9.197832793874017 1.165438235449584
61785.2368 lsst_hardware_r 323.68093290148823 105.07967325105503 31.6200008392334 AB 6.3534665748760855 1.176567884236312
61785.2549 lsst_hardware_z 468.65650050808733 79.29969608480404 30.979999542236328 AB 6.422404657897065 1.15920907127677
61787.228 lsst_hardware_z 470.7980373079319 55.41432133353875 30.950000762939453 AB 3.8702541891956446 1.1815164920715309
61787.2479 lsst_hardware_i 397.47003435724554 50.77900678651083 31.280000686645508 AB 3.7486054372029805 1.1600800816596804
61789.236 lsst_hardware_z 468.8732461951891 49.38491837330232 30.93000030517578 AB 6.960453262663251 1.1649294163453114
61789.2549 lsst_hardware_r 225.81415522428162 34.437162908539534 31.530000686645508 AB 7.377101897970286 1.1561647525812893
61791.196 lsst_hardware_r 223.4058747748215 28.286811807382524 31.469999313354492 AB 14.10452556921841 1.2264804842798618
61791.2164 lsst_hardware_u -1.5423125128261796 2.6856420413170894 28.329999923706055 AB 13.987273005830543 1.1825893813232147
61793.2019 lsst_hardware_g 35.20373325750793 15.740843339348947 31.389999389648438 AB 10.347104311882822 1.1992008087946049
61793.2215 lsst_hardware_r 163.91497076044234 27.870971455060246 31.479999542236328 AB 10.643328791600652 1.1684730387375495
61795.2009 lsst_hardware_i 302.49487582643843 36.51917930709932 31.229999542236328 AB 9.243638574163192 1.1904618402605582
61795.2217 lsst_hardware_z 366.26104675620667 47.76320350049111 30.93000030517578 AB 10.03192175356297 1.1631438389413868
61797.2069 lsst_hardware_u 0.21071860167315604 2.802609054854861 28.280000686645508 AB 12.75026321029556 1.1727615167674357
61797.225 lsst_hardware_r 187.56111239238038 27.147930140999875 31.479999542236328 AB 12.736603764664556 1.1578730695149597
61799.1797 lsst_hardware_g 13.373170386801736 15.543981906864706 31.389999389648438 AB 11.645984909365245 1.2122395034209652
61799.1988 lsst_hardware_i 216.14058875090493 35.85890132409598 31.229999542236328 AB 11.313942151038292 1.1762484908897588
61801.1803 lsst_hardware_z 299.5333167808651 47.47457488975038 30.940000534057617 AB 12.417878057515376 1.1986947302008093
61801.1973 lsst_hardware_r 146.47848585068473 27.239756942082167 31.489999771118164 AB 12.087368839062282 1.1711431875847576
61803.1121 lsst_hardware_u -1.5623559492850467 2.7511961639932636 28.110000610351562 AB 8.839107891437793 1.4660579778473188
61803.1205 lsst_hardware_g 7.603702928233831 15.365768459529708 31.329999923706055 AB 8.40897176011025 1.4099156227654157
61805.1784 lsst_hardware_r 95.04736956452936 27.232992505759302 31.479999542236328 AB 10.517957522883897 1.1822246913630143
61805.1957 lsst_hardware_i 240.35268439464014 35.33929378831525 31.229999542236328 AB 10.421968302681835 1.1621284904863627
61808.1791 lsst_hardware_z 258.1615663936842 56.95365368816212 30.950000762939453 AB 5.7906902734023555 1.1700727972120337
61808.1976 lsst_hardware_r 120.15634733422928 61.68803148324636 31.610000610351562 AB 5.798782381674261 1.1569797249948826
61810.177 lsst_hardware_i 159.93962576792023 94.62860804299795 31.31999969482422 AB 6.538568348636374 1.1664905474494007
61810.196 lsst_hardware_z 446.8607605277389 82.9789774725843 30.979999542236328 AB 6.537455673548674 1.1562532142816793
61812.1629 lsst_hardware_r 197.06486849820638 161.58124760850328 31.6299991607666 AB 2.4895397460579516 1.1768091449104001
61812.1796 lsst_hardware_z 183.08504273249164 108.1483001038333 30.989999771118164 AB 3.1322511529368016 1.1600930196062227
61814.1653 lsst_hardware_y 92.53982877949885 56.633825654448266 30.0 AB 4.35148779432692 1.1672706724471453
61814.1835 lsst_hardware_r 122.0644177607292 86.20534061920131 31.6200008392334 AB 4.665762541210593 1.1564661150602646
61816.1615 lsst_hardware_i 135.95924039367654 46.50800339989645 31.280000686645508 AB 3.35218237273396 1.1656386112086157
61816.1783 lsst_hardware_z 235.24793480105032 51.327676371900445 30.959999084472656 AB 4.48884534170951 1.1564221575893971
61818.158 lsst_hardware_r 149.65047408822034 29.79794830820869 31.530000686645508 AB 3.449937410160042 1.1638810492527554
61818.1746 lsst_hardware_g -20.989089923934667 22.058123295496607 31.549999237060547 AB 4.8859547553378455 1.1562109458500127
61820.1554 lsst_hardware_r 124.94543769492486 26.360058793786312 31.510000228881836 AB 3.563148296385659 1.161643652375242
61820.1712 lsst_hardware_i 58.627429216005524 34.25930372479167 31.25 AB 3.6097720185061477 1.156144453040643
61822.124 lsst_hardware_i 127.65930179106226 34.52120799029543 31.239999771118164 AB 5.4621448422735694 1.1965704864595792
61822.1418 lsst_hardware_z 128.69753043157556 45.4391438441282 30.940000534057617 AB 5.931349959880668 1.1690268459976978
61824.1245 lsst_hardware_r 79.00469979648717 25.835783847171765 31.479999542236328 AB 7.797678163932513 1.185537932890616
61824.1412 lsst_hardware_u 0.925578190420752 2.614872664286267 28.280000686645508 AB 9.32292330352171 1.1642375578060893
61826.1277 lsst_hardware_g 0.5623811971981669 15.110980175169969 31.40999984741211 AB 10.140100959105654 1.1727744350563138
61826.1463 lsst_hardware_r 56.763218058134576 25.652506900222267 31.479999542236328 AB 10.013895289296556 1.157675755988041
61828.126 lsst_hardware_i 94.08456093930059 34.03111315204264 31.229999542236328 AB 9.071979217654983 1.1683919399388218
61828.1449 lsst_hardware_z 162.95395018878574 45.05530609681201 30.940000534057617 AB 8.982472166950675 1.1565290716130525
61832.1133 lsst_hardware_r 16.285736511805386 24.299999237060547 31.489999771118164 AB 6.880061565738565 1.1703770631519204
61832.1319 lsst_hardware_i -8.222405516359355 32.189998626708984 31.229999542236328 AB 5.616174941120229 1.1570199713885927
61834.1216 lsst_hardware_z -44.65099857108682 44.099998474121094 30.940000534057617 AB 11.952877237563433 1.1589357717168254
61834.1401 lsst_hardware_i 19.73419647467121 33.040000915527344 31.239999771118164 AB 11.915594819976413 1.157415718307568
61836.1278 lsst_hardware_z 84.42745667320285 72.0 31.700000762939453 AB 9.975134996905268 1.156146423555913
61838.0829 lsst_hardware_y -64.48509303199776 60.27000045776367 30.0 AB 12.853017779695474 1.191546896342344
61838.102 lsst_hardware_r -196.977793745253 100.26000213623047 31.6200008392334 AB 11.917837383873849 1.1651028823808542
61840.0827 lsst_hardware_i -75.43888994350674 115.87999725341797 31.31999969482422 AB 8.442051858287936 1.182429206880131
61840.1019 lsst_hardware_z 95.5704186148583 96.95999908447266 30.979999542236328 AB 8.796340084805811 1.1608754291051133
61843.0693 lsst_hardware_r 36.08974694866639 74.5 31.610000610351562 AB 15.47006553262916 1.1914485266865003
61843.0855 lsst_hardware_i -22.096495262818348 62.040000915527344 31.299999237060547 AB 15.239090525596406 1.1679030157757657
61845.0807 lsst_hardware_z -7.656702420583946 47.630001068115234 30.940000534057617 AB 9.08834661607387 1.1672177682358669
61845.0974 lsst_hardware_i -24.327908750319185 42.380001068115234 31.270000457763672 AB 8.369616523355944 1.1567566746936482
61847.0738 lsst_hardware_u -4.55816006235163 2.6500000953674316 28.34000015258789 AB 8.012845770772097 1.168734797370466
61847.0935 lsst_hardware_g -4.672797102209985 14.579999923706055 31.40999984741211 AB 9.356173811765066 1.1564395045751272
61849.0715 lsst_hardware_r -40.525172295317546 23.93000030517578 31.479999542236328 AB 4.397549828751719 1.1655313619803125
61849.0905 lsst_hardware_i -37.10012161419777 31.920000076293945 31.229999542236328 AB 5.962835442197011 1.156167094416845
61851.0739 lsst_hardware_z 48.23957569452056 43.02000045776367 30.940000534057617 AB 4.554221143513281 1.1596217476268753
61851.0936 lsst_hardware_u 0.5424805428719254 2.7100000381469727 28.3799991607666 AB 6.122950739652769 1.157384677648412
61853.0726 lsst_hardware_g -10.84496469573182 14.729999542236328 31.399999618530273 AB 4.8544625754166475 1.157661981418843
61853.0923 lsst_hardware_r 22.17639522666729 23.940000534057617 31.479999542236328 AB 6.350649082136886 1.1591948675982269
61861.0274 lsst_hardware_r -6.516201096798457 24.440000534057617 31.479999542236328 AB 4.330294516110085 1.1792741056944676
61861.0453 lsst_hardware_i -39.0436611703212 32.119998931884766 31.229999542236328 AB 6.0340545144321736 1.1603950989292642
61863.0345 lsst_hardware_z 109.20544292157834 63.43000030517578 31.690000534057617 AB 7.207732207586689 1.1644155424210691
61865.0235 lsst_hardware_z -49.60968885833043 54.20000076293945 30.959999084472656 AB 8.965267666628662 1.1700186188096253
61865.0417 lsst_hardware_r -28.66833126711969 57.54999923706055 31.610000610351562 AB 9.053274484782925 1.1570419176666784
61867.0238 lsst_hardware_i -139.37155706555214 85.16000366210938 31.309999465942383 AB 12.43543732747503 1.1642214449639643
61867.044 lsst_hardware_z 86.7877983530168 75.7300033569336 30.979999542236328 AB 12.522627373951574 1.1561838587343343
61870.0359 lsst_hardware_g -43.787556646309476 107.5999984741211 31.690000534057617 AB 6.564560882315402 1.156190547719678
61870.0578 lsst_hardware_r 35.311871911650286 101.79000091552734 31.6299991607666 AB 6.571652241969956 1.168865177103465
61875.0115 lsst_hardware_u 0.9409956852790472 2.859999895095825 28.5 AB 13.140917186147286 1.158070650258634
61875.0305 lsst_hardware_g 1.5799587112565536 14.949999809265137 31.440000534057617 AB 13.180518724592941 1.1583450488492093
61877.0088 lsst_hardware_r 36.04651661424889 23.90999984741211 31.489999771118164 AB 15.34289030079611 1.1570807165004608
61877.0282 lsst_hardware_i 36.72878674989214 31.950000762939453 31.25 AB 15.411803476362408 1.160003272344002
61878.978 lsst_hardware_y 18.506668422261274 51.81999969482422 30.010000228881836 AB 11.038461449208556 1.1796483839957848
61878.9958 lsst_hardware_z 54.38278583270073 42.95000076293945 30.940000534057617 AB 10.869857985095976 1.1606172940033253
61881.9734 lsst_hardware_y 79.67602479045574 55.72999954223633 30.020000457763672 AB 10.688249884926181 1.1745652226628402
61881.9871 lsst_hardware_r 22.197476883849706 24.3700008392334 31.5 AB 10.66188662726354 1.16095131370769
61883.9742 lsst_hardware_y -54.69735558845457 52.2599983215332 30.010000228881836 AB 11.235517909608552 1.1672254775803188
61883.9915 lsst_hardware_r 17.523214069692084 24.3799991607666 31.489999771118164 AB 11.124299351066261 1.1566225552380118
61885.9726 lsst_hardware_z 21.330873189421414 46.459999084472656 30.940000534057617 AB 15.681239512141868 1.163641994074048
61885.9895 lsst_hardware_g 3.3921334255007802 15.270000457763672 31.40999984741211 AB 15.511117667376396 1.1561655983435002
61889.9683 lsst_hardware_y -30.89702904104951 55.86000061035156 30.010000228881836 AB 13.168730857951157 1.159134235277737
61889.9869 lsst_hardware_r -10.587283381671794 25.170000076293945 31.489999771118164 AB 13.139386439414277 1.1573153058791201
61893.983 lsst_hardware_y -122.82015957570148 79.70999908447266 30.760000228881836 AB 12.817503858272735 1.160769214451107
61895.9658 lsst_hardware_z -131.396366963955 65.45999908447266 30.969999313354492 AB 8.303014667619408 1.1562745272302761
61895.9862 lsst_hardware_r 24.106909348264317 77.8499984741211 31.6200008392334 AB 7.948327624489795 1.1682131579486752
61897.9637 lsst_hardware_y -82.54435550330825 61.150001525878906 30.020000457763672 AB 11.360978645395635 1.156912651324646
61897.9834 lsst_hardware_z 16.31038209006151 61.189998626708984 30.969999313354492 AB 11.502862035345816 1.1712217930859936
62119.3363 lsst_hardware_r 17.665930219638035 24.450000762939453 31.489999771118164 AB 9.705388517225279 1.1616177357336899
62119.3549 lsst_hardware_y 118.16587550514853 71.20999908447266 30.030000686645508 AB 9.66177508757961 1.1563475458725678
62121.3131 lsst_hardware_g -2.337438768992428 14.779999732971191 31.389999389648438 AB 7.887908369258844 1.181841910215956
62121.3326 lsst_hardware_z 15.837351022282386 43.529998779296875 30.93000030517578 AB 7.726154257467134 1.1604316998297948
62123.3139 lsst_hardware_i 31.915425649249396 32.15999984741211 31.239999771118164 AB 5.7552601160401045 1.172947034518944
62123.3353 lsst_hardware_y -30.695760125716607 48.84000015258789 30.010000228881836 AB 6.077742757329008 1.1568206244321304
62125.3098 lsst_hardware_r -27.3008072134438 34.0 32.2400016784668 AB 7.146704638421076 1.1712709049583845
62125.3308 lsst_hardware_y -158.39516058056898 68.79000091552734 30.760000228881836 AB 6.869220713058826 1.1565967245225237
62127.3129 lsst_hardware_g 1.4622333893718018 14.680000305175781 31.40999984741211 AB 7.8685498830278275 1.162782604260096
62127.334 lsst_hardware_y 93.81996604656491 48.63999938964844 30.010000228881836 AB 7.012426401508381 1.1564981283925755
62130.3137 lsst_hardware_z -23.12738884736639 42.880001068115234 30.940000534057617 AB 9.886022861581719 1.157591326662054
62130.3338 lsst_hardware_y 73.67516027808851 48.5 30.010000228881836 AB 10.238062252189984 1.159463448719178
62134.2915 lsst_hardware_g 71.32537933761819 43.40999984741211 31.649999618530273 AB 10.132924332795731 1.16470394629836
62134.3134 lsst_hardware_r -8.41858186569051 37.06999969482422 31.56999969482422 AB 10.80317991863642 1.1562653545696235
62136.2912 lsst_hardware_i 9.065583763082616 79.19000244140625 31.31999969482422 AB 8.158207399797949 1.16070913780685
