data/validation/pwv_sim_epoch_fit_seasonal/38430004.ecsv
# %ECSV 0.9
# ---
# datatype:
# - {name: time, datatype: float64}
# - {name: band, datatype: string}
# - {name: flux, datatype: float64}
# - {name: fluxerr, datatype: float64}
# - {name: zp, datatype: float64}
# - {name: zpsys, datatype: string}
# - {name: pwv, datatype: float64}
# - {name: airmass, datatype: float64}
# meta: {SNID: '38430004', alt: 1024.0, c: 0.058259833604097366, dec: -45.783966, lat: -30.244573, lon: -70.7499537, ra: 268.283905, t0: 60412.0078125,
#   x0: 3.6463772332104536e-06, x1: 0.8474485874176025, z: 0.6981564164161682}
# schema: astropy-2.0
time band flux fluxerr zp zpsys pwv airmass
60402.3971 lsst_hardware_z 673.2085528756278 53.92336950548464 30.959999084472656 AB 6.443622566074872 1.0407487723820725
60402.4095 lsst_hardware_y 415.0304221258569 56.24370404277929 30.059999465942383 AB 6.345815290087312 1.0380286734057411
60404.3973 lsst_hardware_u 1.2879200885243147 3.700289193298691 28.6200008392334 AB 8.60459329198713 1.0390138612554356
60404.409 lsst_hardware_y 338.505444857009 52.794247082708985 30.049999237060547 AB 8.578722656034982 1.0380521712236417
60414.3813 lsst_hardware_r 986.6016441800116 38.47466026489491 31.510000228881836 AB 9.747075371658962 1.0380271961298149
60414.3931 lsst_hardware_z 844.3057960971819 50.12925468483586 30.950000762939453 AB 9.920422337144217 1.0405127877434717
60416.3867 lsst_hardware_r 1832.26835138979 53.32093778548358 32.2599983215332 AB 15.129457787504661 1.0401827286012142
60416.3979 lsst_hardware_u -2.756511685491212 4.043739175727029 29.280000686645508 AB 15.262947514294238 1.045622217873141
60419.3741 lsst_hardware_g 119.56467601845793 17.242410740249657 31.43000030517578 AB 4.620166683760183 1.0389401132809046
60419.3855 lsst_hardware_r 845.7766443907406 36.3097872476288 31.5 AB 4.902998006132009 1.04319106513447
60421.3772 lsst_hardware_i 1047.3862586967011 44.44140400097006 31.25 AB 6.347257657767186 1.0418149622925215
60421.3906 lsst_hardware_z 844.670820124849 49.606975306029696 30.940000534057617 AB 6.330247886978768 1.050184212513586
60425.3775 lsst_hardware_r 768.8374112853434 107.02897734434103 31.65999984741211 AB 4.195033569729991 1.0484962683654062
60425.3894 lsst_hardware_z 876.020272177289 76.17920790130519 30.989999771118164 AB 4.243176440659973 1.0592934444520195
60428.3494 lsst_hardware_r 510.55906218276243 85.48306598124402 31.649999618530273 AB 11.778487367243006 1.0389116224194113
60428.3634 lsst_hardware_z 706.9143810155317 71.62924444898684 30.989999771118164 AB 11.98390264004782 1.0445612156471455
60431.3272 lsst_hardware_i 653.3455686260547 47.354746439764824 31.299999237060547 AB 9.4281514865073 1.0383426747254736
60431.3393 lsst_hardware_r 551.8424200134116 44.384457007229756 31.610000610351562 AB 9.315238740102542 1.0385363950502866
60434.3275 lsst_hardware_u 0.8799154919169901 2.8701354740815144 28.520000457763672 AB 8.716792738761066 1.0380841656259456
60434.3399 lsst_hardware_g 22.35572445459803 16.139863557487516 31.459999084472656 AB 6.963839172665388 1.0410493213238237
60442.2754 lsst_hardware_i 452.3962879430526 36.387325691242154 31.25 AB 7.367472332550955 1.047557561858533
60442.2835 lsst_hardware_z 407.9103836063178 45.927432097493 30.950000762939453 AB 7.322728886523926 1.0426781840415824
60444.3127 lsst_hardware_i 299.4162187292774 35.85455919071528 31.25 AB 7.530208472500181 1.0410906224941492
60444.3258 lsst_hardware_u -1.486565050788812 2.704191403358928 28.40999984741211 AB 7.565134719144738 1.0486256137057808
60448.2829 lsst_hardware_i 330.00570473864934 37.24675975932614 31.270000457763672 AB 7.805699886920851 1.0381070446974423
60448.2944 lsst_hardware_r 140.7261925642297 25.80436947102474 31.5 AB 7.535658537246177 1.0388280310513731
60457.2857 lsst_hardware_i 235.10969970466698 70.97890566823148 31.329999923706055 AB 8.020752479251898 1.0454578309765248
60457.2974 lsst_hardware_z 99.37756061784003 64.53437774846196 30.989999771118164 AB 8.281004797161385 1.0546251797924107
60461.279 lsst_hardware_i 166.435685610777 35.56487411696026 31.270000457763672 AB 6.496646949212711 1.0483394525724807
60461.2909 lsst_hardware_r 78.9318465824032 29.949083062450146 31.549999237060547 AB 6.617481482438681 1.059065333741307
60463.2724 lsst_hardware_u 4.135496897261681 2.7513078807717615 28.459999084472656 AB 9.15702661194462 1.0475149603749805
60463.285 lsst_hardware_g -0.9853062738915617 14.58255811927409 31.43000030517578 AB 9.21264078992939 1.0585997537072227
60467.2259 lsst_hardware_r 40.46828899788521 24.401672940712512 31.489999771118164 AB 4.1107035706595605 1.038887217217388
60467.2394 lsst_hardware_i 142.96692603072393 32.561169106701065 31.239999771118164 AB 4.141420837538158 1.038297051029122
60483.1944 lsst_hardware_i 24.123733131141563 105.38420771850026 31.34000015258789 AB 3.212038476276241 1.0381507680272097
60483.2074 lsst_hardware_z 218.97964771736028 88.5653209033971 31.0 AB 3.2173811385162283 1.041588843504845
60484.1996 lsst_hardware_r 595.1419029666997 188.52030605420805 32.40999984741211 AB 3.924102784476044 1.0397269466485435
60484.2137 lsst_hardware_z 255.32295353895273 119.94407060477032 31.75 AB 4.248924650058399 1.0465761279342767
60492.1504 lsst_hardware_u -0.15957335311326737 2.8296890916926825 28.520000457763672 AB 9.12880443851369 1.0411501412537931
60492.1623 lsst_hardware_r 62.81422502647807 24.375773200522442 31.520000457763672 AB 9.0638074485994 1.0381575422189295
60494.186 lsst_hardware_z 70.58618832975039 42.42675164063786 30.950000762939453 AB 8.043535847165188 1.046313606135302
60494.1979 lsst_hardware_i 68.80555289207066 32.177162589668534 31.25 AB 8.11380849904241 1.056095862946702
60498.1325 lsst_hardware_u 3.311571535487097 2.700000047683716 28.43000030517578 AB 1.7696667299162991 1.0417975254609297
60498.1456 lsst_hardware_g -26.614579331630498 14.369999885559082 31.43000030517578 AB 1.7395753847637196 1.038190909492415
60500.1342 lsst_hardware_r -11.47420727086065 23.280000686645508 31.510000228881836 AB 9.40509473625894 1.0392752664472777
60500.1452 lsst_hardware_i -19.50050709752917 30.860000610351562 31.260000228881836 AB 9.358307847314153 1.0379858967350941
60502.1284 lsst_hardware_z -36.84123252493414 41.2599983215332 30.950000762939453 AB 5.60252464715767 1.0393651562347639
60502.1394 lsst_hardware_r -12.966652905987361 23.170000076293945 31.5 AB 5.524818962452971 1.0379795144889503
60507.1237 lsst_hardware_i -34.3661184271717 48.470001220703125 31.309999465942383 AB 1.76460314610376 1.0380018506492705
60507.1356 lsst_hardware_z -56.673528214616006 50.22999954223633 30.959999084472656 AB 1.6630209616662335 1.039388101041396
60509.121 lsst_hardware_r 51.70535878193564 94.68000030517578 31.65999984741211 AB 2.986321351429482 1.037998384229921
60509.1342 lsst_hardware_z -30.95383682966556 69.6500015258789 30.989999771118164 AB 2.888114874810458 1.0406996125675785
60510.0433 lsst_hardware_r -101.79830176164747 117.86000061035156 31.649999618530273 AB 3.116386588508101 1.1114405166016945
60510.0505 lsst_hardware_y -16.062948120721952 63.13999938964844 30.049999237060547 AB 3.0795929530794455 1.097209567321438
60512.1095 lsst_hardware_r 269.4515627773514 127.9800033569336 31.65999984741211 AB 5.0621105127045025 1.0380267626871844
60512.121 lsst_hardware_i -220.74991959624896 100.2699966430664 31.34000015258789 AB 5.079857672494913 1.0391444558647667
60515.1095 lsst_hardware_z -29.593293423195046 51.5 30.969999313354492 AB 5.55237465914619 1.0384740634313323
60515.1206 lsst_hardware_r -57.414119330242826 60.77000045776367 31.639999389648438 AB 5.572668601437638 1.041847493491597
60517.1061 lsst_hardware_u -2.89821525360138 2.6600000858306885 28.40999984741211 AB 3.1215991280516513 1.0388593248826838
60517.1167 lsst_hardware_r -46.44169457979431 22.959999084472656 31.5 AB 3.1788257970963065 1.042579795702298
60518.1013 lsst_hardware_i -26.358954516931362 30.43000030517578 31.239999771118164 AB 3.9461983528009004 1.038473250737079
60518.1128 lsst_hardware_z -20.81490656297467 40.95000076293945 30.940000534057617 AB 3.9596973418127437 1.0420256162665116
60526.0522 lsst_hardware_g -20.039864470914065 14.010000228881836 31.420000076293945 AB 2.296164567444939 1.0437111670204269
60526.0642 lsst_hardware_r -3.988558771312765 22.799999237060547 31.5 AB 2.2858775850181643 1.0390352659173474
60528.0508 lsst_hardware_i -34.69636352834386 30.540000915527344 31.25 AB 2.3253529306362912 1.0417081109357336
60528.0619 lsst_hardware_z -53.72881641708463 41.02000045776367 30.950000762939453 AB 2.32815223437413 1.0384265095335103
60532.0449 lsst_hardware_g -1.6181022365563598 16.729999542236328 31.5 AB 8.411079865174123 1.0398277311762825
60532.0559 lsst_hardware_i 27.38439558450999 31.25 31.260000228881836 AB 8.384985148863707 1.0379919100690602
60534.0465 lsst_hardware_z 28.221671453668165 43.31999969482422 30.959999084472656 AB 2.6525723959126637 1.0382903986349599
60534.0581 lsst_hardware_r -17.435849915000595 32.400001525878906 31.59000015258789 AB 2.6724665627464095 1.0385569077028698
60538.0465 lsst_hardware_r -25.019983458715668 84.69000244140625 31.65999984741211 AB 4.0688921704705185 1.0384462886417454
60538.0583 lsst_hardware_i 127.17843299350537 67.5 31.329999923706055 AB 4.06923360625448 1.0420794996703677
60540.0327 lsst_hardware_i 91.82396914955962 80.48999786376953 31.34000015258789 AB 2.420387343424171 1.0380503259860634
60540.0437 lsst_hardware_z -82.97740019417219 70.63999938964844 30.989999771118164 AB 2.5294118632755227 1.0389506198632987
60542.0336 lsst_hardware_r -96.35824028179222 87.5999984741211 31.65999984741211 AB 2.706563766374587 1.0381909345510498
60542.0463 lsst_hardware_z 49.354101036553686 62.029998779296875 30.989999771118164 AB 3.2706179397452746 1.0415980699825715
60548.0275 lsst_hardware_r -24.12137220587617 23.020000457763672 31.5 AB 1.5619823099838104 1.0406277881304533
60548.0386 lsst_hardware_i 10.652297614426297 30.739999771118164 31.25 AB 1.5717106587332925 1.0463538366046885
60550.0138 lsst_hardware_i -22.540231539459263 30.690000534057617 31.25 AB 5.185021618248956 1.0384581650809044
60550.0255 lsst_hardware_z 67.05902385283085 41.20000076293945 30.950000762939453 AB 5.169428154361248 1.0420658477773015
60554.0162 lsst_hardware_r -13.679478961112805 23.049999237060547 31.5 AB 1.6513504500642406 1.042848405471576
60554.0275 lsst_hardware_u 3.2704194684788885 2.640000104904175 28.3799991607666 AB 1.7790894324057813 1.0502298892596111
60556.0077 lsst_hardware_g -1.868332834721119 14.569999694824219 31.450000762939453 AB 1.8663481038064225 1.0414404671321584
60556.0191 lsst_hardware_i -15.61960607630674 31.0 31.25 AB 1.8785079901327506 1.0479821423334732
60560.0115 lsst_hardware_u -1.938522642598541 2.8399999141693115 28.489999771118164 AB 2.5212996474947658 1.0505415197894858
60560.0231 lsst_hardware_g -7.108661969754863 15.149999618530273 31.459999084472656 AB 2.548439049090848 1.0618496037878533
60767.4041 lsst_hardware_g 19.683013270256904 15.739999771118164 31.469999313354492 AB 10.969642495065749 1.0388738847824874
60767.4161 lsst_hardware_y 26.214731859108227 70.08999633789062 30.06999969482422 AB 10.99679976352388 1.0381276573361646
60769.3997 lsst_hardware_z 56.82300306592371 41.650001525878906 30.950000762939453 AB 8.604420022056456 1.038658487724348
60769.4136 lsst_hardware_y -29.425621643500072 56.7599983215332 30.059999465942383 AB 8.608851006181322 1.0385143209266072
60771.3884 lsst_hardware_u -6.63967604444447 2.690000057220459 28.420000076293945 AB 20.218945003639536 1.0402074180111296
60771.4004 lsst_hardware_y 61.55554264979356 47.18000030517578 30.049999237060547 AB 20.117616353242962 1.0379803603045517
60773.395 lsst_hardware_r -13.84151041322129 23.149999618530273 31.5 AB 8.817283962747075 1.0379788058484234
60773.4076 lsst_hardware_z -20.354290573182087 42.709999084472656 30.950000762939453 AB 8.756694421945575 1.0396581947853698
60775.3872 lsst_hardware_z -64.36055111179027 41.2599983215332 30.959999084472656 AB 4.564431050443786 1.0381178235344648
60775.3991 lsst_hardware_r 56.87361431582269 23.239999771118164 31.510000228881836 AB 4.562924811089608 1.0388778836010186
60778.3844 lsst_hardware_z 144.9599389834451 63.13999938964844 30.989999771118164 AB 11.653391554302845 1.0380099365471656
60778.397 lsst_hardware_r 106.62642513542418 88.47000122070312 31.65999984741211 AB 11.777057005437332 1.0406825041623802
60782.388 lsst_hardware_r 35.057900695008975 91.30000305175781 31.65999984741211 AB 15.267156513862448 1.0414513805970496
60782.4 lsst_hardware_z -29.740255769205397 68.08000183105469 30.989999771118164 AB 15.412307671268492 1.0484563041679247
60784.3702 lsst_hardware_y 8.190918902662037 73.2699966430664 30.809999465942383 AB 11.387093383002663 1.0381790046803825
60784.3833 lsst_hardware_r 34.71222376913159 86.19000244140625 32.400001525878906 AB 10.105289508142338 1.0417824235198287
60790.3808 lsst_hardware_i -4.691707709787003 30.610000610351562 31.25 AB 15.42198195203181 1.0505139126635923
60790.3937 lsst_hardware_z 29.872067775125068 41.279998779296875 30.950000762939453 AB 15.522266777168387 1.0633206868903704
60792.3151 lsst_hardware_i -4.077582924972239 30.540000915527344 31.25 AB 2.1179394426806284 1.0490041816149451
60792.3274 lsst_hardware_z 6.17672414072731 41.060001373291016 30.950000762939453 AB 2.0944697029642207 1.0416360576721229
60794.2815 lsst_hardware_r 16.585742172257046 23.25 31.5 AB 11.520508823326125 1.081560196524151
60794.2953 lsst_hardware_u -3.176868088462563 2.7200000286102295 28.450000762939453 AB 12.808301755634625 1.062767912680059
60795.3248 lsst_hardware_g -18.538156176847917 14.210000038146973 31.440000534057617 AB 11.3696136162626 1.0396025800084818
60795.3357 lsst_hardware_i -29.24885083546939 30.6200008392334 31.260000228881836 AB 10.896561858373389 1.0379655037505608
60800.3215 lsst_hardware_u 0.042041369106801244 2.799999952316284 28.520000457763672 AB 8.662164394845854 1.0379754225272886
60800.334 lsst_hardware_g 4.24118006883172 14.270000457763672 31.450000762939453 AB 6.946967897902128 1.0396928795453477
60802.3085 lsst_hardware_r -10.508220088975106 22.799999237060547 31.5 AB 7.244685168792366 1.038887957093706
60802.3212 lsst_hardware_i 17.004649854076654 30.610000610351562 31.25 AB 7.145643731246245 1.038196030837419
60804.3235 lsst_hardware_z 58.61959569716137 48.2400016784668 30.969999313354492 AB 8.617519562808573 1.0398213650447683
60804.3361 lsst_hardware_r -2.2069770780499027 42.630001068115234 31.6200008392334 AB 8.148622194706968 1.0458012891464858
60808.3013 lsst_hardware_z -70.98043992475954 81.41999816894531 31.0 AB 7.201448938460101 1.0379718850475788
60808.3133 lsst_hardware_i -137.82360977466521 95.66000366210938 31.34000015258789 AB 7.2579998275598685 1.0400515623070672
60810.3051 lsst_hardware_z 27.424590428786892 81.2300033569336 31.0 AB 7.558803506100193 1.0392488780156086
60810.3159 lsst_hardware_r 50.01372005566147 119.91000366210938 31.65999984741211 AB 7.607813312697121 1.0435480745320613
60812.3032 lsst_hardware_y 40.366727173115585 77.20999908447266 30.809999465942383 AB 6.509693347888808 1.04033028146529
60814.2977 lsst_hardware_r -35.641837630331764 45.56999969482422 31.6200008392334 AB 7.5737660120608465 1.0403167490210976
60814.3095 lsst_hardware_i 31.30797238162666 43.02000045776367 31.299999237060547 AB 7.75277042796388 1.0462578175389852
60823.1283 lsst_hardware_i 61.770592136360136 46.93000030517578 31.969999313354492 AB 9.272040299934009 1.30088253945058
60823.138 lsst_hardware_u 5.366567406239115 3.799999952316284 29.079999923706055 AB 8.981382953700765 1.2578086903859345
60824.2825 lsst_hardware_z -20.051520572263872 41.470001220703125 30.950000762939453 AB 8.6883992813675 1.0464588824515215
60824.2941 lsst_hardware_r -16.685701743360994 23.34000015258789 31.510000228881836 AB 9.07383904808745 1.0560185101061852
60826.2751 lsst_hardware_u -3.1296083555098333 2.819999933242798 28.520000457763672 AB 7.257971860923136 1.0452148417228018
60826.2871 lsst_hardware_g 4.292635898924063 14.420000076293945 31.440000534057617 AB 7.279830006768809 1.0545383882330481
60830.2432 lsst_hardware_i 17.244847731277037 30.809999465942383 31.25 AB 11.909330214679484 1.0380612076250442
60830.2553 lsst_hardware_z -25.788254035191486 41.25 30.950000762939453 AB 11.947986486906379 1.0407880386686452
60833.2079 lsst_hardware_z 90.50471282218008 52.560001373291016 30.979999542236328 AB 4.688737355345248 1.0456984028573453
60833.2199 lsst_hardware_r 85.48705255643334 61.900001525878906 31.649999618530273 AB 4.1367951694487 1.0399619146391335
