data/validation/pwv_sim_epoch_fit_seasonal/38508366.ecsv
# %ECSV 0.9
# ---
# datatype:
# - {name: time, datatype: float64}
# - {name: band, datatype: string}
# - {name: flux, datatype: float64}
# - {name: fluxerr, datatype: float64}
# - {name: zp, datatype: float64}
# - {name: zpsys, datatype: string}
# - {name: pwv, datatype: float64}
# - {name: airmass, datatype: float64}
# meta: {SNID: '38508366', alt: 1024.0, c: -0.03612668812274933, dec: -40.228184, lat: -30.244573, lon: -70.7499537, ra: 355.605469, t0: 62368.78125,
#   x0: 5.419385289496892e-06, x1: 0.5955666899681091, z: 0.5932500958442688}
# schema: astropy-2.0
time band flux fluxerr zp zpsys pwv airmass
62306.4313 lsst_hardware_u 1.5215432420133752 3.4800000190734863 28.700000762939453 AB 2.651158733847541 1.0161589627625884
62306.4427 lsst_hardware_y -0.7253739532337191 67.12000274658203 30.079999923706055 AB 2.64741664863013 1.0148867451541883
62308.4227 lsst_hardware_r 41.896908908118995 31.479999542236328 32.25 AB 3.1712368865138254 1.01712841819014
62308.4366 lsst_hardware_y -39.31703895091195 71.3499984741211 30.809999465942383 AB 3.161980429792881 1.0148648004042964
62310.4306 lsst_hardware_r 0.6405331656084112 22.760000228881836 31.5 AB 2.960416020447261 1.014854799182125
62310.4446 lsst_hardware_y 117.23556617727989 72.37000274658203 30.079999923706055 AB 2.9134745002105644 1.0176595547236191
62312.4175 lsst_hardware_z -3.277877710554747 77.83000183105469 31.729999542236328 AB 4.064617551404663 1.015561976698092
62315.4131 lsst_hardware_r 26.87061555711715 80.37000274658203 31.65999984741211 AB 5.252946925027041 1.0150131732818783
62315.427 lsst_hardware_y 48.79953894832732 52.97999954223633 30.06999969482422 AB 5.08706222641718 1.0163283616976253
62323.4305 lsst_hardware_u 4.521506482410869 3.859999895095825 28.75 AB 5.449703013369842 1.0323851315879102
62323.4426 lsst_hardware_g 10.153297612218806 28.40999984741211 31.649999618530273 AB 5.489268008994826 1.0465715937073072
62325.4326 lsst_hardware_r 7.274403103151763 23.56999969482422 31.510000228881836 AB 2.266021499875717 1.0407324708553507
62327.3708 lsst_hardware_r -31.656875722933805 22.190000534057617 31.510000228881836 AB 8.132092384302371 1.0171366632787764
62327.3833 lsst_hardware_u 1.68730995591778 2.690000057220459 28.469999313354492 AB 9.609485001988109 1.0148541709103311
62330.4296 lsst_hardware_i 15.897776392034954 30.8799991607666 31.25 AB 6.782787941567617 1.0554404328277627
62330.4409 lsst_hardware_z -3.7960466121630083 52.11000061035156 30.969999313354492 AB 6.928807650473121 1.0750393292864953
62332.4189 lsst_hardware_r 10.27021496476129 22.290000915527344 31.489999771118164 AB 4.791418738865089 1.047762680705246
62332.4308 lsst_hardware_u -3.2609362837683205 3.2100000381469727 28.559999465942383 AB 4.901609964513967 1.0664754333248891
62343.3925 lsst_hardware_r 166.0208154630536 101.87835812593458 31.649999618530273 AB 7.158575191623351 1.0529897315454795
62343.4046 lsst_hardware_z 90.85760448934043 70.62862148262724 30.989999771118164 AB 7.2286295575767445 1.0734924161985142
62345.396 lsst_hardware_r 144.49202438276913 84.67674052430442 31.649999618530273 AB 3.749242418590227 1.067703949477496
62345.4076 lsst_hardware_y 30.728822956820146 55.002794414288026 30.040000915527344 AB 3.838905974902554 1.0908048801579524
62347.3933 lsst_hardware_z 219.9272589302076 55.052683070677666 30.969999313354492 AB 5.128309528584918 1.0727745897850434
62347.4044 lsst_hardware_r 411.2354288517993 63.90263467412608 31.6299991607666 AB 5.232775734571477 1.0958692637846026
62348.4 lsst_hardware_i 395.8496645886798 48.87111917433433 31.290000915527344 AB 5.0237027606971 1.0921092958037175
62348.4126 lsst_hardware_z 284.2474404747263 51.73523461235597 30.950000762939453 AB 5.065353258630685 1.1231381948183337
62351.3972 lsst_hardware_r 736.4871609124415 39.42338611449835 31.530000686645508 AB 3.0760135056938345 1.1046253910799024
62351.4085 lsst_hardware_z 358.8018798145153 47.90636316075229 30.940000534057617 AB 3.1246631609306275 1.1345908354867928
62352.3455 lsst_hardware_i 748.941365644446 40.91185267732349 31.25 AB 1.9382914960300488 1.0270907865565921
62352.3573 lsst_hardware_z 461.3153595243252 47.00104950219438 30.950000762939453 AB 1.930505519644294 1.038837050929665
62354.3496 lsst_hardware_g 295.02230429078367 22.51999532146287 31.40999984741211 AB 2.707747901313103 1.036293248788303
62354.3608 lsst_hardware_r 1087.5681815804069 40.050822153464495 31.489999771118164 AB 2.7358575607591327 1.0505356861895072
62356.3447 lsst_hardware_i 1092.1587579737643 44.51323708152664 31.25 AB 2.6783527156921294 1.0369154919443009
62356.3564 lsst_hardware_r 1342.715061240292 43.13699442938959 31.5 AB 2.564982329837017 1.0520846307783716
62360.054 lsst_hardware_z 1602.4392825563607 83.54889623129577 31.5 AB 9.061039875061692 2.745769659109604
62360.0739 lsst_hardware_r 2739.7700453964844 62.9921283080518 32.0 AB 7.3922377060367115 2.240072032132337
62367.3095 lsst_hardware_i 1811.0984714150652 55.26070122179516 31.290000915527344 AB 2.7610529273208453 1.0315266229094067
62367.3201 lsst_hardware_r 1975.3640656196812 54.55545847705202 31.56999969482422 AB 2.797106850062422 1.0434370243953328
62376.0643 lsst_hardware_i 1201.1073487334022 50.141224821704114 31.139999389648438 AB 6.012978268823547 1.717993791092442
62376.072 lsst_hardware_z 1089.573230117009 58.43338594911318 30.8799991607666 AB 5.725547152801332 1.6358706150860949
62380.3055 lsst_hardware_r 1396.3277786428764 47.52963441289959 31.549999237060547 AB 1.7006175869857802 1.0771924541475508
62380.3167 lsst_hardware_y 452.04396005371007 51.87833773454926 30.020000457763672 AB 1.6813599262096857 1.1014477079657292
62382.3065 lsst_hardware_u -3.5868518623080807 2.7840309960730663 28.43000030517578 AB 1.688556001320222 1.0906223163702387
62382.3181 lsst_hardware_g 172.53685871305584 20.05302915087462 31.440000534057617 AB 1.711260713900972 1.1186538414126306
62385.2988 lsst_hardware_r 971.5019954045641 39.18614543769713 31.489999771118164 AB 0.7641930890010465 1.091704412858638
62385.3111 lsst_hardware_i 1049.2087673881313 44.54195663333751 31.239999771118164 AB 0.7852827932280999 1.1218325617544285
62387.2449 lsst_hardware_r 952.9559200384305 37.454580456020174 31.489999771118164 AB 2.4672505673061136 1.023295434544408
62387.2561 lsst_hardware_i 944.2663139180373 42.87814663615037 31.239999771118164 AB 2.8940963520661573 1.032714509048556
62389.2954 lsst_hardware_u -0.9709732252126202 2.803056173140215 28.360000610351562 AB 3.1927353965064933 1.1094233149382615
62389.307 lsst_hardware_g 118.67481654535514 17.358135872575204 31.399999618530273 AB 3.361566043486022 1.1411902376890422
62390.2403 lsst_hardware_u -0.5413152672463025 2.9000463864164825 28.420000076293945 AB 2.3095309089095433 1.0259262199938741
62390.252 lsst_hardware_g 92.58616414728355 17.12977027017901 31.40999984741211 AB 2.8546828792193053 1.03706086675441
62393.24 lsst_hardware_r 576.1387310767761 32.92893197847383 31.5 AB 1.240631844477699 1.032999037866527
62393.2521 lsst_hardware_i 722.8112054487589 40.237750365831964 31.25 AB 2.1482326907700817 1.0474074552753039
62395.2526 lsst_hardware_z 1358.4294313559417 71.44310772271712 31.709999084472656 AB 4.24998998469919 1.056160532976936
62399.2742 lsst_hardware_z 631.4232686710404 70.53854187952373 30.979999542236328 AB 7.765520900268685 1.1254378116331427
62399.2877 lsst_hardware_r 523.7562523001494 93.0356636457581 31.6299991607666 AB 8.049094800076418 1.1665354782719446
62401.2292 lsst_hardware_z 789.1555689539892 77.70882372701973 30.989999771118164 AB 2.0705019120940253 1.045972170797689
62401.2408 lsst_hardware_i 394.76946252045417 89.0558683449908 31.329999923706055 AB 2.296187707309233 1.0636654116077555
62409.0169 lsst_hardware_u 6.456495117465551 2.568850698237336 28.18000030517578 AB 4.526139648946985 1.3612450072023126
62409.0248 lsst_hardware_r 160.67043072802468 27.44046630316509 31.440000534057617 AB 4.481930276038015 1.3159570176769313
62411.2437 lsst_hardware_i 276.1650432268841 35.35845915033419 31.239999771118164 AB 3.7787052347146313 1.1317724401989606
62411.2548 lsst_hardware_u 2.1351664543868294 2.705852072976882 28.389999389648438 AB 4.239294956195723 1.1660830576800227
62413.1206 lsst_hardware_r 191.7761084425835 25.639040878335486 31.489999771118164 AB 2.154271959764012 1.0258437903638151
62413.1328 lsst_hardware_u -0.21509396463289032 2.70161748419874 28.420000076293945 AB 1.8595348433061272 1.0184116708353579
62414.1838 lsst_hardware_g -7.2227476975626494 14.175586933577991 31.399999618530273 AB 6.411858956384242 1.0341707994168132
62414.1954 lsst_hardware_r 167.0972570117003 25.60064295266395 31.489999771118164 AB 6.5640649079462925 1.0482935706061018
62416.2243 lsst_hardware_z 380.07930154513355 46.163767857343665 30.940000534057617 AB 4.554216234981438 1.1161154869759473
62416.2359 lsst_hardware_u -2.2909084758373384 2.8259693592892328 28.360000610351562 AB 4.724510434797794 1.1491664177069731
62420.2251 lsst_hardware_i 192.87975686922036 34.18471766993131 31.229999542236328 AB 4.138363901480946 1.1495455281891516
62420.2362 lsst_hardware_z 317.47040376585113 46.70011784486555 30.93000030517578 AB 4.273042088100522 1.1869561355834783
62425.2175 lsst_hardware_i 239.15751484559743 49.2201592856334 31.280000686645508 AB 8.302530491445145 1.1692058148775024
62425.229 lsst_hardware_r 137.99064439305235 48.985491858954674 31.579999923706055 AB 8.66722646394938 1.2115640697465497
62427.1602 lsst_hardware_i 273.8468360404939 61.071096914386494 31.31999969482422 AB 6.415833018688193 1.0487100038719552
62427.1709 lsst_hardware_z 300.5951380854504 59.53839701353267 30.979999542236328 AB 6.2255250814710905 1.0655584221602208
62429.1744 lsst_hardware_z 166.22191885268484 66.77387686594989 30.979999542236328 AB 2.4546281167436823 1.0826057556940676
62429.1852 lsst_hardware_r -3.3133438733673097 91.66438879051532 31.639999389648438 AB 2.4769751710454155 1.1069867808481848
62433.1644 lsst_hardware_r 254.9371546293929 74.7631833207628 31.639999389648438 AB 3.1266717343877475 1.084520199232656
62433.1747 lsst_hardware_i 173.19537162637147 61.09768108674473 31.309999465942383 AB 2.7244620452477344 1.1080303851077984
62435.1541 lsst_hardware_z 252.35574776901512 50.67425801750798 30.959999084472656 AB 2.7242955574693135 1.0748141336678865
62435.1648 lsst_hardware_i 209.64818651043944 47.719325032992806 31.290000915527344 AB 2.6732886250590813 1.0974091235870989
62437.1574 lsst_hardware_u -2.8769252622204067 3.067838280049724 28.489999771118164 AB 3.1942164344561395 1.0930051388255633
62437.1686 lsst_hardware_g -5.546085968050719 25.931096145463886 31.59000015258789 AB 2.2517266314117785 1.1204478179192796
62440.1453 lsst_hardware_i 94.92995570262812 32.60534249189687 31.239999771118164 AB 3.9526423437208615 1.0845499639788343
62440.156 lsst_hardware_z 116.80423933981527 44.14736906869878 30.940000534057617 AB 4.1334678506650295 1.109060330202399
62442.1553 lsst_hardware_r 84.87814526020762 24.23897958765373 31.469999313354492 AB 4.37343504688444 1.121393601765241
62442.1669 lsst_hardware_g 5.606795862118344 13.738896682425564 31.350000381469727 AB 4.061385388241584 1.1554439226860838
62451.0545 lsst_hardware_r 5.8094679456122105 25.06999969482422 31.540000915527344 AB 3.509347694964949 1.016024231315851
62451.0664 lsst_hardware_u 4.126382163728662 3.609999895095825 28.709999084472656 AB 3.516813409582029 1.0209444773317904
62454.0556 lsst_hardware_z 70.24712759315982 47.25 30.969999313354492 AB 3.8806844968427936 1.019533539760783
62454.0673 lsst_hardware_i -86.49548001408182 43.38999938964844 31.309999465942383 AB 3.918314963937709 1.0273505411479114
62456.0116 lsst_hardware_y 65.5177195083314 69.87000274658203 30.06999969482422 AB 6.693902687240131 1.0202823859631853
62460.0469 lsst_hardware_r -70.46719628658028 78.91000366210938 31.65999984741211 AB 6.824136465110829 1.0242350107730882
62460.0596 lsst_hardware_i 97.19036651937319 63.0099983215332 31.329999923706055 AB 6.840539731100386 1.0356738890624992
62461.0504 lsst_hardware_z 19.09256776525637 56.68000030517578 30.979999542236328 AB 3.9801735166214423 1.0292664899461224
62461.0631 lsst_hardware_r -216.5939461671423 77.80000305175781 31.649999618530273 AB 4.016131615386855 1.0430156123586172
62675.4332 lsst_hardware_r 29.54968060842235 31.760000228881836 31.59000015258789 AB 2.916166433567221 1.014907111450309
62675.4452 lsst_hardware_y 20.6507489859745 72.88999938964844 30.079999923706055 AB 2.889575190364136 1.0176053495046113
62676.4286 lsst_hardware_g 4.204309310079764 20.280000686645508 31.579999923706055 AB 3.963618903358118 1.014837988399333
62676.4434 lsst_hardware_y 181.11074018541615 67.5 30.079999923706055 AB 4.059357340224767 1.0179781008671989
62678.4152 lsst_hardware_i -11.87429459446142 30.100000381469727 31.25 AB 5.484228871501986 1.0155979391670344
62678.4288 lsst_hardware_z -49.35179619560771 40.959999084472656 30.950000762939453 AB 5.9085833355867905 1.0153368087272525
62680.4189 lsst_hardware_r 8.615601512820705 22.049999237060547 31.489999771118164 AB 5.066240106185195 1.0148718161428676
62680.431 lsst_hardware_y -56.9292507917145 48.029998779296875 30.049999237060547 AB 5.139203753297738 1.0173954902925442
62686.4382 lsst_hardware_i 11.70235882476764 34.150001525878906 31.280000686645508 AB 5.955476372338611 1.0339368701976754
62688.4347 lsst_hardware_r -23.10893116296898 23.5 31.510000228881836 AB 5.479032126301515 1.0360276309542127
62695.1931 lsst_hardware_z -115.10385401934369 111.0999984741211 32.09000015258789 AB 10.507381198184534 1.6900820907207246
62695.2113 lsst_hardware_r -250.52579718771986 109.27999877929688 32.290000915527344 AB 10.355243214555133 1.5171776540177417
62707.4135 lsst_hardware_r -18.980426011953433 23.209999084472656 31.489999771118164 AB 6.691768336490969 1.0843896186178852
62707.4236 lsst_hardware_u 2.281011116730724 3.140000104904175 28.469999313354492 AB 6.85666459571135 1.1073871838674607
62709.4214 lsst_hardware_g 6.616409398981406 13.819999694824219 31.3799991607666 AB 3.4272690874459366 1.1156474894029742
62709.433 lsst_hardware_r -45.97354055653219 24.700000762939453 31.479999542236328 AB 3.553337206049064 1.1486153186054135
62711.1783 lsst_hardware_g 1.4135346374953537 13.720000267028809 31.280000686645508 AB 6.015283992908859 1.435343167924166
62711.1972 lsst_hardware_r 7.12860081570848 23.360000610351562 31.43000030517578 AB 5.5237966250724035 1.3175948060123406
62716.4042 lsst_hardware_r -9.066871529512877 22.760000228881836 31.469999313354492 AB 3.0280961801809805 1.120686965277935
62716.4159 lsst_hardware_g 13.748931642555764 13.84000015258789 31.3799991607666 AB 3.1294742486225564 1.1549296033791492
62722.3306 lsst_hardware_z 14.821236340232826 40.810001373291016 30.950000762939453 AB 4.632379494054555 1.0255244705959718
62722.3422 lsst_hardware_r -14.02834031259454 22.510000228881836 31.489999771118164 AB 5.085526692280327 1.0363820444834577
62723.3451 lsst_hardware_y 18.363879891045382 48.77000045776367 30.049999237060547 AB 5.339871854365634 1.0430795392041217
62723.357 lsst_hardware_g 35.52142677821031 32.13999938964844 31.649999618530273 AB 5.432021620132462 1.0604584408405926
62725.2808 lsst_hardware_r 9.597010289271125 93.61000061035156 31.670000076293945 AB 2.946292144935355 1.017336797951954
62725.2928 lsst_hardware_i -30.295329374774234 73.98999786376953 31.34000015258789 AB 2.564148385846782 1.0148679253986406
62731.3744 lsst_hardware_r 91.30699943448805 52.459999084472656 31.610000610351562 AB 4.7842046707935975 1.1531909057031007
62731.3856 lsst_hardware_z -75.14312358602139 50.970001220703125 30.950000762939453 AB 2.916454629232766 1.1916055686344296
62733.3205 lsst_hardware_r 56.00184023933743 34.619998931884766 31.59000015258789 AB 2.447557530775289 1.0466356770473761
62733.3314 lsst_hardware_z 28.62887475739766 44.099998474121094 30.959999084472656 AB 2.6178819510961375 1.0633151710382363
62735.3104 lsst_hardware_g -3.7884526105945544 17.989999771118164 31.530000686645508 AB 1.9267949652227845 1.0406670079518143
62735.3215 lsst_hardware_i 9.544502210038214 31.860000610351562 31.260000228881836 AB 1.9587306605483499 1.0560618199478904
62736.1132 lsst_hardware_g 13.075020000846825 14.079999923706055 31.299999237060547 AB 3.3075245200019934 1.4134720170948691
62738.3177 lsst_hardware_u 2.082252259310627 2.7300000190734863 28.469999313354492 AB 2.621575181126845 1.0632317890199454
62738.3285 lsst_hardware_g -15.866007236839522 13.989999771118164 31.420000076293945 AB 2.660668647900101 1.0836282845099514
62740.3169 lsst_hardware_r 2.7221948665119196 22.959999084472656 31.5 AB 3.2199826056561833 1.071541632497898
