data/validation/pwv_sim_epoch_fit_seasonal/38514008.ecsv
# %ECSV 0.9
# ---
# datatype:
# - {name: time, datatype: float64}
# - {name: band, datatype: string}
# - {name: flux, datatype: float64}
# - {name: fluxerr, datatype: float64}
# - {name: zp, datatype: float64}
# - {name: zpsys, datatype: string}
# - {name: pwv, datatype: float64}
# - {name: airmass, datatype: float64}
# meta: {SNID: '38514008', alt: 1024.0, c: -0.007541980594396591, dec: -13.401351, lat: -30.244573, lon: -70.7499537, ra: 15.820312, t0: 63172.23828125,
#   x0: 5.632107389857338e-06, x1: -1.3850139379501343, z: 0.5842590928077698}
# schema: astropy-2.0
time band flux fluxerr zp zpsys pwv airmass
63057.4108 lsst_hardware_r -14.66330685753639 56.83000183105469 31.6299991607666 AB 10.053308753251402 1.062773799170213
63057.431 lsst_hardware_y -16.634827850762527 52.27000045776367 30.049999237060547 AB 10.933759247185044 1.0476461694231824
63065.4199 lsst_hardware_r -22.741492997100224 23.639999389648438 31.510000228881836 AB 2.26595303788455 1.0457842565520827
63065.4393 lsst_hardware_y 21.104516483073382 58.40999984741211 30.059999465942383 AB 2.2681950875976837 1.053137591455686
63067.3727 lsst_hardware_r 31.631480924160577 23.600000381469727 31.5 AB 2.945322306583937 1.0773927047403518
63067.3904 lsst_hardware_y -81.60875137677314 47.220001220703125 30.049999237060547 AB 4.974004708380499 1.0558651424122765
63069.4195 lsst_hardware_g -6.085874913076119 14.869999885559082 31.459999084472656 AB 5.24024516379804 1.048049032759608
63069.4389 lsst_hardware_z -6.161486568722551 54.06999969482422 30.979999542236328 AB 5.31517709009556 1.063035418019112
63079.2603 lsst_hardware_r -118.58567161271522 125.01000213623047 32.75 AB 6.111523806181583 1.3805373505671876
63079.3011 lsst_hardware_z -9.607275107124567 95.1500015258789 32.150001525878906 AB 5.647626521224542 1.1740410264998145
63083.3012 lsst_hardware_z -103.09100779069338 69.0999984741211 30.979999542236328 AB 1.8224936630066442 1.138761986778429
63083.3282 lsst_hardware_r 106.25426606462152 93.19999694824219 31.649999618530273 AB 1.6953566651253236 1.078699892974755
63085.3828 lsst_hardware_i 69.3327459286127 62.630001068115234 31.31999969482422 AB 3.1749653706608894 1.0518064337001776
63085.4051 lsst_hardware_z 118.42896355558398 60.66999816894531 30.979999542236328 AB 3.3060903139185003 1.0763180620461748
63088.2876 lsst_hardware_z -90.02797392089482 45.61000061035156 30.950000762939453 AB 4.852783754560326 1.1386165543313764
63088.3052 lsst_hardware_r 47.30481853751893 34.09000015258789 31.579999923706055 AB 5.296711158698613 1.0956445891261006
63091.3464 lsst_hardware_u -3.5036686764811287 2.890000104904175 28.549999237060547 AB 4.8569169967056665 1.0458477598419214
63091.3643 lsst_hardware_g -11.46046041418515 15.270000457763672 31.469999313354492 AB 4.904847400104983 1.0504759736080636
63094.3444 lsst_hardware_r 14.02594977099174 23.190000534057617 31.510000228881836 AB 5.728552290438546 1.0461198485095957
63094.362 lsst_hardware_u -3.829637490688376 2.7899999618530273 28.5 AB 5.704654201729663 1.0545946885130015
63100.2453 lsst_hardware_i 8.854095480693315 31.780000686645508 31.239999771118164 AB 2.3071385349310605 1.168713851119622
63100.262 lsst_hardware_z -42.02501790019604 42.310001373291016 30.950000762939453 AB 1.9639639067279064 1.1192803419801898
63102.2798 lsst_hardware_r -15.665827368347248 23.40999984741211 31.510000228881836 AB 3.074652904596221 1.073364602756579
63113.2433 lsst_hardware_i -29.432356545714782 80.66000366210938 31.329999923706055 AB 1.7509255426635706 1.083717067875121
63113.2628 lsst_hardware_r 41.04148898792621 95.26000213623047 31.649999618530273 AB 2.382465055954196 1.0576981380484778
63115.2471 lsst_hardware_z 25.54285508458702 73.08999633789062 31.719999313354492 AB 0.4423006224948929 1.0694353153211191
63118.2347 lsst_hardware_r 8.38095161269176 23.440000534057617 31.489999771118164 AB 3.2511844827522127 1.075482792838972
63118.2537 lsst_hardware_i -3.2095143322628945 32.439998626708984 31.260000228881836 AB 4.531302902613971 1.0537913727009236
63121.225 lsst_hardware_z 4.062638732266225 42.0099983215332 30.950000762939453 AB 3.2334909880986293 1.0778303293662097
63121.2439 lsst_hardware_r 33.2545385653285 23.469999313354492 31.5 AB 3.22222246045353 1.055082665505341
63123.226 lsst_hardware_u -1.2831748678657977 2.7699999809265137 28.459999084472656 AB 1.2947773269237952 1.0684450504116951
63123.2457 lsst_hardware_g -4.533710635740711 14.84000015258789 31.450000762939453 AB 1.2754379453734845 1.0500312393306201
63125.2271 lsst_hardware_r 20.640576900243104 23.600000381469727 31.510000228881836 AB 3.4980005737606232 1.060642987799121
63125.2444 lsst_hardware_z 1.092048071754858 41.52000045776367 30.950000762939453 AB 3.4039817990351904 1.0480239529049231
63132.219 lsst_hardware_r -27.81918274604246 33.4900016784668 32.2599983215332 AB 2.0663415052343086 1.05130577727504
63132.2694 lsst_hardware_i 3.7986298975701906 31.229999542236328 31.25 AB 1.825039466283318 1.0660277256327793
63135.1823 lsst_hardware_i -16.431596418747823 43.58000183105469 31.299999237060547 AB 3.6676131779009427 1.0853602499336945
63136.184 lsst_hardware_i 20.573587245316563 51.91999816894531 31.309999465942383 AB 4.272268294374991 1.0779029379021607
63136.203 lsst_hardware_z 83.4992190656838 52.040000915527344 30.969999313354492 AB 4.207312287785643 1.055037143257206
63144.153 lsst_hardware_r -106.0141356146274 63.408632456016356 32.36000061035156 AB 4.476888818151701 1.0942594117079139
63144.1742 lsst_hardware_i -40.41973875369869 47.980530067821505 31.309999465942383 AB 6.750945479970032 1.0617476508470145
63146.1756 lsst_hardware_z -48.86746852948565 41.71176638238516 30.950000762939453 AB 4.722965781801973 1.0551166225751407
63146.1937 lsst_hardware_r -43.23464296479127 29.737221677871027 31.549999237060547 AB 4.705453796527282 1.0461407236373763
63150.1703 lsst_hardware_r 94.09719020444084 24.32284398976946 31.5 AB 4.044511810911897 1.0510230354485417
63150.1881 lsst_hardware_z 210.16342112252076 42.310656641072335 30.940000534057617 AB 4.0268377287934864 1.0457960599385758
63152.1471 lsst_hardware_i 190.30702624532807 33.84960577321982 31.25 AB 6.267382184684396 1.0680762084245226
63152.165 lsst_hardware_r 167.74767443620772 26.528897345786906 31.5 AB 6.100608979142072 1.0509231660881184
63154.1427 lsst_hardware_u 27.656185055831997 6.146299293771148 28.489999771118164 AB 6.552710057903707 1.0667099056479397
63154.1598 lsst_hardware_g 74.51362842794059 17.48400916793174 31.459999084472656 AB 6.5156082127369555 1.0507633188126595
63156.1455 lsst_hardware_r 551.6165120399363 32.7250380549343 31.510000228881836 AB 6.768629892749489 1.0575984207421076
63156.1636 lsst_hardware_i 502.30349024802206 37.72265976054172 31.25 AB 6.699103968192766 1.0467349950301197
63158.1296 lsst_hardware_z 532.0779120793278 47.35751571388633 30.940000534057617 AB 4.057924041960953 1.069563532409318
63158.1468 lsst_hardware_r 730.2919235795326 36.144139231734115 31.5 AB 3.9762530495388075 1.0521043524974796
63162.1354 lsst_hardware_r 1432.9480262159157 48.028138968273964 31.559999465942383 AB 5.030467305747863 1.0524357137448022
63162.1516 lsst_hardware_z 870.7248875462237 51.14991249005996 30.950000762939453 AB 5.072574451679581 1.045927582050156
63164.128 lsst_hardware_r 1682.5891740563563 66.43728618955011 31.6299991607666 AB 4.6306112361110685 1.0538686978840845
63164.1466 lsst_hardware_y 420.1695034991833 52.92166992224575 30.049999237060547 AB 4.594739456235366 1.045883255715778
63167.1192 lsst_hardware_z 2388.989171136838 121.70605865774061 31.75 AB 3.8989763313209584 1.054347304305289
63169.1128 lsst_hardware_r 1966.256105553069 127.44128939112794 31.65999984741211 AB 6.330683082939213 1.0551138471565356
63169.1297 lsst_hardware_i 1992.2926102248214 103.28479487980805 31.34000015258789 AB 5.848616862032541 1.0463577890746116
63171.1135 lsst_hardware_z 1328.3638564155149 70.31547304284068 30.989999771118164 AB 5.716627227508658 1.0506896420599996
63171.1324 lsst_hardware_r 2266.6882979380302 94.75483532204736 31.649999618530273 AB 4.8227065264347715 1.045894462928402
63180.0807 lsst_hardware_i 1423.4854242472172 48.352179973435206 31.25 AB 9.07045941929431 1.0569167349445712
63180.0985 lsst_hardware_u -1.1217668029907608 2.8532830411764403 28.459999084472656 AB 9.890563288020639 1.046620453758752
63182.0832 lsst_hardware_g 208.45792255206786 19.17747870075034 31.420000076293945 AB 4.7568403246918 1.050848378061397
63182.1008 lsst_hardware_r 1167.599179793502 42.013103563259556 31.489999771118164 AB 3.4773475956512043 1.0457926154185222
63185.0822 lsst_hardware_i 1123.8888914740335 45.70622043652836 31.25 AB 5.638185611735768 1.0474058353586788
63185.1001 lsst_hardware_r 1050.5097953439868 39.24107415523457 31.5 AB 4.397739971498588 1.0470809455949017
63190.0564 lsst_hardware_g 139.5644327805625 21.3519474763173 31.540000915527344 AB 6.864822131142438 1.0543422102815547
63190.0744 lsst_hardware_r 751.5241112118472 36.907518602244586 31.530000686645508 AB 6.974097848472628 1.0460100762632678
63194.0566 lsst_hardware_i 820.0220574905514 68.52910839670187 31.329999923706055 AB 7.889768983515345 1.0477780854601475
63194.0763 lsst_hardware_z 756.7539948420224 65.27176402353733 30.979999542236328 AB 7.898263964701193 1.0473299104536014
63196.0329 lsst_hardware_y 285.27193023017696 60.35408811016868 30.049999237060547 AB 5.095967212729536 1.0609967130398075
63196.0532 lsst_hardware_z 743.0476198480866 73.30710301249732 30.989999771118164 AB 4.547055995727942 1.047065396621517
63200.0445 lsst_hardware_z 1333.0319553748309 86.26111572674192 31.729999542236328 AB 5.162244283968181 1.0464715759108414
63205.0278 lsst_hardware_y 334.28932597268965 64.58500763741881 30.059999465942383 AB 2.2773322600387695 1.0473302081196196
63205.0468 lsst_hardware_z 623.1888250362152 47.889829842571665 30.950000762939453 AB 1.5613198840093836 1.047514179140378
63207.0281 lsst_hardware_y 294.23052818573854 68.27749201169726 30.059999465942383 AB 5.576615780739462 1.0459913620343801
63207.0473 lsst_hardware_u 0.48268487073512023 2.989919785458661 28.459999084472656 AB 4.811953568102423 1.0503008988546159
