data/validation/pwv_sim_epoch_fit_seasonal/38659392.ecsv
# %ECSV 0.9
# ---
# datatype:
# - {name: time, datatype: float64}
# - {name: band, datatype: string}
# - {name: flux, datatype: float64}
# - {name: fluxerr, datatype: float64}
# - {name: zp, datatype: float64}
# - {name: zpsys, datatype: string}
# - {name: pwv, datatype: float64}
# - {name: airmass, datatype: float64}
# meta: {SNID: '38659392', alt: 1024.0, c: -0.11479693651199341, dec: -5.67919, lat: -30.244573, lon: -70.7499537, ra: 18.808594, t0: 62801.77734375,
#   x0: 9.071462772700392e-06, x1: 0.8844486474990845, z: 0.4787221848964691}
# schema: astropy-2.0
time band flux fluxerr zp zpsys pwv airmass
62705.3324 lsst_hardware_r -4.817161006269171 59.689998626708984 32.72999954223633 AB 6.034099660241532 1.2512605353969743
62705.3565 lsst_hardware_y 149.80773591407154 85.2699966430664 31.200000762939453 AB 5.2534553443631715 1.171012615071065
62708.4392 lsst_hardware_g 23.422181665989978 29.670000076293945 31.610000610351562 AB 6.752602002838894 1.1255587292208402
62712.3566 lsst_hardware_r -14.271460720148125 24.530000686645508 31.489999771118164 AB 5.4190164217775205 1.1307285178461182
62712.3789 lsst_hardware_u 4.656864667103526 2.7100000381469727 28.3700008392334 AB 5.15474854105187 1.1057737306510984
62721.3508 lsst_hardware_i 6.2134850943691875 31.989999771118164 31.25 AB 2.8576949138363226 1.1082780352283585
62721.3752 lsst_hardware_z -2.461228416404151 42.630001068115234 30.940000534057617 AB 1.542287082959715 1.1016336306855108
62724.3502 lsst_hardware_r 0.6136462018634062 60.630001068115234 31.6200008392334 AB 5.959172128782944 1.1035503942190636
62724.374 lsst_hardware_z -34.90287244492106 50.7400016784668 30.959999084472656 AB 5.963165376506037 1.104289884538155
62730.3096 lsst_hardware_z -16.696929867286237 71.38999938964844 30.989999771118164 AB 4.719630678609244 1.1273676402514266
62732.3337 lsst_hardware_r -49.20731087354979 59.43000030517578 31.6200008392334 AB 2.5787420073683798 1.1016733984271623
62732.352 lsst_hardware_z 60.27028546699102 54.66999816894531 30.969999313354492 AB 2.5717021363757713 1.1042087318058271
62737.3188 lsst_hardware_g 15.584469951378418 14.949999809265137 31.440000534057617 AB 3.426142260415769 1.1020078032858698
62737.3368 lsst_hardware_r 26.39920769278801 24.299999237060547 31.510000228881836 AB 3.548806328520494 1.103455962020209
62739.2839 lsst_hardware_i 2.7373810705603496 31.799999237060547 31.239999771118164 AB 2.5156733598127428 1.129117306917748
62739.3016 lsst_hardware_z 82.55739076277787 42.459999084472656 30.940000534057617 AB 3.008372700280423 1.1083283925876541
62741.2796 lsst_hardware_r 14.980934117006155 23.809999465942383 31.489999771118164 AB 4.11134463591803 1.1273223569832822
62741.2973 lsst_hardware_u -1.47360924486244 2.7300000190734863 28.420000076293945 AB 3.3884127107301754 1.107445051987202
62746.1911 lsst_hardware_r -35.820979192551896 24.68000030517578 31.440000534057617 AB 3.526806736021305 1.4099237376238685
62746.2073 lsst_hardware_u -3.1123202542212693 2.619999885559082 28.260000228881836 AB 3.3087295013921705 1.3125538517919892
62750.2545 lsst_hardware_r 26.84764982554446 32.599998474121094 31.559999465942383 AB 0.9803479604160097 1.128133441215201
62750.2746 lsst_hardware_i 11.056213063592951 35.220001220703125 31.270000457763672 AB 0.9277761278641568 1.106141434115239
62752.2494 lsst_hardware_z 46.53896557568564 50.65999984741211 30.959999084472656 AB 2.71145441992479 1.1275801579947837
62752.2742 lsst_hardware_r 46.30930521717914 53.45000076293945 31.6200008392334 AB 3.1178959757828695 1.103354518118385
62754.2465 lsst_hardware_z -80.66785563867842 92.6500015258789 31.729999542236328 AB 4.117111619260296 1.1238191945572618
62756.237 lsst_hardware_r 172.10704737811693 133.25999450683594 31.639999389648438 AB 3.440897458502126 1.1298918974941308
62756.256 lsst_hardware_z 44.92412704445751 88.0 30.989999771118164 AB 4.04460163006809 1.1077053943951314
62759.2301 lsst_hardware_r -115.04931912335218 91.9800033569336 31.639999389648438 AB 0.986885668930184 1.1278693359202103
62759.2491 lsst_hardware_y -4.6643345565523875 56.90999984741211 30.040000915527344 AB 0.7941078780510981 1.1067705617436907
62761.2277 lsst_hardware_g 88.53616081289385 52.9900016784668 31.68000030517578 AB 2.0013052584422746 1.1233821265461925
62761.2461 lsst_hardware_r 7.2208443084941605 55.4900016784668 31.6200008392334 AB 1.9854636361844338 1.1051843229525216
62763.2164 lsst_hardware_r 15.160571117259046 28.770000457763672 31.540000915527344 AB 6.668618732731478 1.1323214963886368
62763.2362 lsst_hardware_i 8.465794357699817 35.470001220703125 31.260000228881836 AB 6.564803570168567 1.1082331163415509
62766.2106 lsst_hardware_z -22.12459050651834 43.060001373291016 30.940000534057617 AB 2.2414239281238717 1.1284701966634718
62766.2308 lsst_hardware_r -13.633275540481305 24.3799991607666 31.5 AB 2.394688479855262 1.1062194155690965
62768.183 lsst_hardware_u -0.3501173984750077 2.640000104904175 28.299999237060547 AB 4.392698313980956 1.174989518250891
62769.1957 lsst_hardware_r -25.108263226791166 24.540000915527344 31.5 AB 7.117966855169076 1.139969067131555
62769.2148 lsst_hardware_z -64.86640701719303 42.810001373291016 30.940000534057617 AB 6.627767007252782 1.1126948723666543
62773.1837 lsst_hardware_u 3.91519106527335 2.7665783024089197 28.350000381469727 AB 4.613191575757909 1.1420204420739966
62773.2041 lsst_hardware_g 15.581905429618965 15.30516746675833 31.43000030517578 AB 4.468070084641281 1.1124749152562992
62775.1795 lsst_hardware_r 65.40924691322391 25.389828351386413 31.489999771118164 AB 5.3915829370607256 1.1396286064385386
62775.1976 lsst_hardware_i 40.687209591534916 32.736735254346556 31.239999771118164 AB 5.282563856850093 1.1135252649347467
62779.1587 lsst_hardware_r 348.2041182233256 41.820856269714476 31.579999923706055 AB 4.985866003758333 1.1605157995368365
62779.1765 lsst_hardware_z 75.31085100008119 47.01527085155183 30.950000762939453 AB 7.061262436226003 1.1263478563697735
62782.1975 lsst_hardware_r 827.3207944443114 82.35080004667071 31.639999389648438 AB 4.619394408243511 1.101604389883462
62784.1763 lsst_hardware_z 521.5263187674274 95.77329051006421 30.989999771118164 AB 3.840420858134209 1.1103761154976874
62784.194 lsst_hardware_r 1353.4832602670122 142.60639367858593 31.649999618530273 AB 3.7783444766806866 1.101237096088804
62786.1689 lsst_hardware_i 1089.6641014959403 121.16466537759567 31.329999923706055 AB 6.7665356884008006 1.1121853531232284
62786.187 lsst_hardware_z 910.3020410979526 101.3839831764465 30.989999771118164 AB 6.739780593073008 1.1015113194168822
62788.1689 lsst_hardware_r 2388.0987676802774 100.02286184592973 31.639999389648438 AB 8.833447659006682 1.1075034677793452
62788.1865 lsst_hardware_z 743.8060206365924 71.33065966358845 30.979999542236328 AB 8.905805987135853 1.1009773750940601
62790.1432 lsst_hardware_u 3.4794434747351346 6.755977486465513 28.959999084472656 AB 8.86123745180439 1.1314625390684474
62790.1617 lsst_hardware_g 1584.2073942361117 57.791762717485675 31.670000076293945 AB 8.616730224775432 1.1088553640461682
62795.1423 lsst_hardware_r 3168.8610307902836 61.845008827589204 31.520000457763672 AB 2.9928766535468223 1.1142504294664268
62795.1592 lsst_hardware_u 21.439795223420766 5.432101933674394 28.559999465942383 AB 2.975758949795047 1.1024051431691493
62800.1383 lsst_hardware_r 3408.7082223879383 63.33000468825839 31.510000228881836 AB 2.843891774899748 1.1059988753823236
62800.1549 lsst_hardware_u 7.320654039802875 4.281467396806992 28.510000228881836 AB 2.773780506285794 1.100997819377796
62802.1379 lsst_hardware_g 1511.6653991960516 41.62523692968227 31.459999084472656 AB 3.182343369801466 1.1032564984580568
62802.156 lsst_hardware_i 2245.16293012966 56.27505725135269 31.260000228881836 AB 3.2126500299838248 1.1021728046142238
62804.1084 lsst_hardware_r 3257.752798016718 62.52675677837862 31.520000457763672 AB 6.756645424898135 1.126107570816356
62804.1256 lsst_hardware_z 1630.9381517485874 58.561787159205785 30.950000762939453 AB 6.118211505433667 1.1072182971422282
62818.0819 lsst_hardware_z 1260.439814382688 59.41175930784012 30.959999084472656 AB 4.871989684572303 1.1118187322164086
62818.0994 lsst_hardware_r 2235.3559654165506 68.5489159823028 31.6200008392334 AB 3.691675386401295 1.1015542231159385
62821.099 lsst_hardware_r 1479.723190223978 46.194864815299 31.479999542236328 AB 6.36701172530876 1.1010987433700408
62821.1186 lsst_hardware_z 963.1040951065792 52.039334524671645 30.93000030517578 AB 6.4419140541693345 1.1111378110136498
62824.0628 lsst_hardware_i 1268.40496146948 47.205028784533965 31.239999771118164 AB 5.267802755231836 1.1145840264970581
62824.0827 lsst_hardware_r 1256.8459831936527 42.992250542118306 31.489999771118164 AB 5.186357708894527 1.1016247899235854
62828.0604 lsst_hardware_u 4.765171153914834 3.3740654364992535 28.420000076293945 AB 7.546435811115462 1.1069754019678941
62828.0795 lsst_hardware_g 196.01117063994369 20.63224118569195 31.43000030517578 AB 7.512532796192392 1.1010600609984453
62832.0623 lsst_hardware_z 703.4529764315586 50.176133606226855 30.950000762939453 AB 3.9816737298582265 1.1013296320832269
62832.0835 lsst_hardware_r 726.9426771928502 36.067069089014986 31.5 AB 4.219285390353654 1.1069881648573143
62834.0644 lsst_hardware_u 9.597742014783071 3.618669067475827 28.420000076293945 AB 6.019184030506631 1.1012045427198374
62834.0839 lsst_hardware_g 135.98309372809587 19.207438204568412 31.440000534057617 AB 5.5905699446162 1.1118874193747643
62839.0289 lsst_hardware_y 341.7351719177588 71.89535037768275 30.049999237060547 AB 4.80232264763677 1.1080578328651265
62839.0475 lsst_hardware_r 435.86668794779143 77.75044423582692 31.639999389648438 AB 3.8519163057244405 1.1009669318953892
62841.0397 lsst_hardware_z 1475.1461694836173 111.90870811964474 31.739999771118164 AB 3.5289180128722433 1.101066462674647
62845.0318 lsst_hardware_y 279.50546082027404 72.86946495498292 30.049999237060547 AB 7.881081484414113 1.100978798507336
62845.0477 lsst_hardware_r 238.25484427679203 87.83900216896723 31.639999389648438 AB 8.136523478041271 1.1067715768312028
63067.3755 lsst_hardware_r -15.04429984863549 25.030000686645508 31.5 AB 5.332793718339643 1.1475159972757316
63067.3929 lsst_hardware_y -76.57180580454947 48.400001525878906 30.020000457763672 AB 5.278761045454939 1.1188951945712946
63077.4403 lsst_hardware_z 9.4951142152682 71.9000015258789 30.979999542236328 AB 4.293306713132164 1.1452380864621432
63079.2533 lsst_hardware_r -62.86239798337541 129.75999450683594 32.70000076293945 AB 7.2060286307038135 1.6360295822239286
63079.2952 lsst_hardware_z 57.52899954380877 80.47000122070312 31.690000534057617 AB 6.356502204189717 1.3134399733151372
63083.3055 lsst_hardware_z -24.412781028229812 71.18000030517578 30.969999313354492 AB 1.8745871275403774 1.2208979935138187
63083.3326 lsst_hardware_r -123.79785344814815 95.01000213623047 31.6299991607666 AB 1.829658816875885 1.1459241024274853
63085.3858 lsst_hardware_i 31.805704413963728 69.19999694824219 31.31999969482422 AB 3.501312365084776 1.1044278416796076
63085.408 lsst_hardware_z 28.113516556927205 64.9000015258789 30.979999542236328 AB 3.5554422330188573 1.1268932885086576
63088.313 lsst_hardware_r -25.687228167817004 36.95000076293945 31.579999923706055 AB 5.593912338440708 1.1588797054983857
63088.3327 lsst_hardware_z -43.66725639717516 46.209999084472656 30.959999084472656 AB 5.424258910663955 1.1226475841318984
63091.344 lsst_hardware_u -2.1902541483269955 2.9000000953674316 28.520000457763672 AB 5.152117228843712 1.1043011957655
63091.3618 lsst_hardware_g -46.03312997896774 15.720000267028809 31.469999313354492 AB 5.141977864225619 1.101577005225612
63094.3424 lsst_hardware_r -31.40680515232945 23.90999984741211 31.510000228881836 AB 6.015244791196409 1.1017604477434049
63094.3601 lsst_hardware_u -0.7051990256973018 2.819999933242798 28.479999542236328 AB 5.988781383508998 1.1038550104772054
63102.2822 lsst_hardware_r 2.8584483435877006 24.049999237060547 31.489999771118164 AB 3.210117612059531 1.1430007520240453
63110.2492 lsst_hardware_r 23.720156765146854 116.47000122070312 31.6299991607666 AB 1.8346897624321872 1.1679722625562996
63110.2663 lsst_hardware_z -21.132527167596088 77.31999969482422 30.979999542236328 AB 1.8810682167191612 1.1322641753927536
63113.2724 lsst_hardware_r 95.8681500039471 109.33999633789062 31.639999389648438 AB 2.472164965232538 1.1131699655831315
63113.2914 lsst_hardware_y 47.870792738759214 61.22999954223633 30.040000915527344 AB 2.4843916802954977 1.1015629679110985
63115.2453 lsst_hardware_z -29.46516338436113 78.52999877929688 31.719999313354492 AB 0.4880157558856443 1.1458010312321916
63118.2308 lsst_hardware_r -15.311931538262026 24.18000030517578 31.479999542236328 AB 3.505983182619862 1.159577702206007
63118.2497 lsst_hardware_i 21.20209452897488 33.369998931884766 31.25 AB 3.393907771933288 1.124182766456869
63123.2278 lsst_hardware_u -1.1594910369528288 2.7300000190734863 28.389999389648438 AB 1.3940862605001794 1.1374879394848416
63123.2476 lsst_hardware_g -18.408850791944285 15.069999694824219 31.43000030517578 AB 1.3536512518969102 1.11076415637055
63125.2295 lsst_hardware_r 3.421374824839509 24.229999542236328 31.489999771118164 AB 3.8095618061015077 1.1257570349002481
63125.2468 lsst_hardware_z -93.65302935982045 42.599998474121094 30.940000534057617 AB 3.6759776442513985 1.1069998928683191
63132.2257 lsst_hardware_r 6.982519369849762 34.34000015258789 32.25 AB 2.1874242714273695 1.1084920294394291
63132.2742 lsst_hardware_i -5.420024702799525 32.13999938964844 31.239999771118164 AB 1.9606977490054966 1.1193326825911494
63139.1205 lsst_hardware_i 25.063594367107253 116.86000061035156 31.280000686645508 AB 5.255452033405115 1.376042949114497
63139.136 lsst_hardware_r 125.81750322033614 144.32000732421875 31.600000381469727 AB 5.35475934045538 1.2903034555314168
63144.1551 lsst_hardware_r 64.416909132284 48.16999816894531 31.600000381469727 AB 5.007047890400424 1.171239272608286
63144.1762 lsst_hardware_i 11.400381874491458 50.20000076293945 31.299999237060547 AB 7.106703757866319 1.1278990225419365
63146.1776 lsst_hardware_z -15.563448104788657 42.54999923706055 30.940000534057617 AB 5.038554715213077 1.1184361188043632
63146.1958 lsst_hardware_r 0.31962541360097974 29.90999984741211 31.549999237060547 AB 5.0483331889513 1.1033603181388874
63148.1724 lsst_hardware_u 1.206661223699441 2.75 28.389999389648438 AB 3.6432029348489627 1.1181185477797329
63148.1905 lsst_hardware_g -9.333379440435413 15.399999618530273 31.450000762939453 AB 3.6140099973116 1.1032899147182427
63152.1727 lsst_hardware_r -11.238730629079846 24.3700008392334 31.5 AB 7.300248368485282 1.1072726176985677
63152.1903 lsst_hardware_u -3.1897671103897696 2.740000009536743 28.399999618530273 AB 7.0388247734740546 1.10102061214986
63156.1435 lsst_hardware_r 0.5378449736776053 24.520000457763672 31.510000228881836 AB 7.217916092632099 1.1277993894737655
63156.1616 lsst_hardware_i 26.745148535991866 31.920000076293945 31.239999771118164 AB 7.087371562709916 1.1074018066734244
63158.1368 lsst_hardware_z -27.013494607325683 42.9900016784668 30.940000534057617 AB 4.260609074584395 1.1297354802683395
63158.1541 lsst_hardware_r 52.535660932273515 24.469999313354492 31.5 AB 4.252580219729184 1.1089830197488098
63160.1418 lsst_hardware_u -2.6662562180984493 2.8299999237060547 28.459999084472656 AB 2.966372087421286 1.1155968737951432
63160.1585 lsst_hardware_g 5.638766812375481 15.229999542236328 31.440000534057617 AB 2.9184539041593784 1.1029682177473086
63162.1384 lsst_hardware_r -29.184537428221713 31.18000030517578 31.549999237060547 AB 5.287393819894025 1.113389471962523
63162.1546 lsst_hardware_z -43.85435550241379 44.06999969482422 30.950000762939453 AB 5.2994666387896325 1.1023904807924763
63164.1294 lsst_hardware_r 75.4291631402386 51.06999969482422 31.6200008392334 AB 4.910513346292017 1.1172954144008878
63164.1481 lsst_hardware_y -50.01219798658401 50.16999816894531 30.040000915527344 AB 4.8259687846395325 1.1027635040592787
63167.1356 lsst_hardware_z -44.49615050051291 85.44999694824219 30.989999771118164 AB 3.1307043521737326 1.10479200782459
63167.1525 lsst_hardware_r -9.684154352188834 122.7300033569336 31.649999618530273 AB 3.296063442324119 1.1012574147427052
63169.1103 lsst_hardware_r 219.58095116584337 133.9499969482422 31.639999389648438 AB 6.746395529283561 1.1243992548805934
63169.1271 lsst_hardware_i 136.9453870638214 106.05999755859375 31.329999923706055 AB 6.156805839017286 1.1066922822121859
63171.1159 lsst_hardware_z 21.207253901371057 66.75 30.979999542236328 AB 5.986955285541501 1.111353753987023
63171.1349 lsst_hardware_r 86.28857640113799 91.05999755859375 31.639999389648438 AB 5.077160073390642 1.101236708191373
63180.0889 lsst_hardware_i 39.12526602034244 31.709999084472656 31.25 AB 10.46182473561544 1.1137499718540214
63180.1068 lsst_hardware_u -1.980803877488668 2.809999942779541 28.469999313354492 AB 10.399287199556916 1.1019696089389548
63182.0919 lsst_hardware_g -16.71529626944938 14.850000381469727 31.40999984741211 AB 3.6901353488599797 1.1064873609777455
63182.1096 lsst_hardware_r -24.939787686977947 23.93000030517578 31.489999771118164 AB 3.7381832567532394 1.1010578798028632
63188.0653 lsst_hardware_z -45.173038892222884 42.52000045776367 30.940000534057617 AB 7.192002041284224 1.1156444646372798
63188.085 lsst_hardware_u 2.0867426870951102 2.7699999809265137 28.440000534057617 AB 6.167276907835874 1.1019553736454808
63192.0622 lsst_hardware_i 22.38547371807731 41.0 31.270000457763672 AB 4.965974872026761 1.1082291613540391
63192.0813 lsst_hardware_z -9.777377139910133 46.709999084472656 30.950000762939453 AB 4.895116612875627 1.1010158823383516
63194.0596 lsst_hardware_i -35.190364568089784 66.62999725341797 31.31999969482422 AB 8.356405157636313 1.106173740145124
63194.0793 lsst_hardware_z -17.598650035488244 62.900001525878906 30.979999542236328 AB 8.324958842418416 1.1013307107313688
63200.043 lsst_hardware_z 100.29365889236823 81.02999877929688 31.719999313354492 AB 5.508069244176168 1.1063156905200122
63203.0349 lsst_hardware_y -69.65877067478255 52.25 30.030000686645508 AB 7.427519077881212 1.1062542662666615
63203.054 lsst_hardware_r -5.89424835692491 24.149999618530273 31.5 AB 7.300460950638873 1.1012213742530168
63205.0361 lsst_hardware_y 109.4356862377937 52.11000061035156 30.030000686645508 AB 2.423068829471366 1.1027733892235139
63205.0551 lsst_hardware_z -5.896827603739525 42.38999938964844 30.940000534057617 AB 1.6655076526405062 1.1029852004241762
