data/validation/pwv_sim_epoch_fit_seasonal/38737248.ecsv
# %ECSV 0.9
# ---
# datatype:
# - {name: time, datatype: float64}
# - {name: band, datatype: string}
# - {name: flux, datatype: float64}
# - {name: fluxerr, datatype: float64}
# - {name: zp, datatype: float64}
# - {name: zpsys, datatype: string}
# - {name: pwv, datatype: float64}
# - {name: airmass, datatype: float64}
# meta: {SNID: '38737248', alt: 1024.0, c: 0.05191775783896446, dec: 2.537361, lat: -30.244573, lon: -70.7499537, ra: 220.078125, t0: 60005.84765625,
#   x0: 3.658509790395138e-05, x1: -0.3375788927078247, z: 0.26431480050086975}
# schema: astropy-2.0
time band flux fluxerr zp zpsys pwv airmass
59994.3772 lsst_hardware_i 4247.8120576590845 130.7557467083196 31.31999969482422 AB 2.6209540171856753 1.195418023801904
59994.3935 lsst_hardware_y 962.9170615473789 150.72164429307182 30.030000686645508 AB 2.5704758377380696 1.1881099319334734
59996.3729 lsst_hardware_r 7572.015591419838 131.44243332807565 31.6200008392334 AB 6.825375936388854 1.1944656735695822
59996.3903 lsst_hardware_y 1377.5021103627955 151.369679085045 30.030000686645508 AB 6.208594716813986 1.1881151482572572
59998.3768 lsst_hardware_g 7984.510043109389 136.61313214182022 31.670000076293945 AB 11.535404378406184 1.1892169462274418
59998.3937 lsst_hardware_y 1500.465127310834 151.19069323100567 30.030000686645508 AB 11.548098668711571 1.1905256359496466
60000.3753 lsst_hardware_z 5009.311138246384 154.97303674679523 30.989999771118164 AB 9.625087981370186 1.1882824668358254
60000.3926 lsst_hardware_y 1605.6846631114 151.05874381739824 30.020000457763672 AB 9.664248459606394 1.1931170937785673
60006.377 lsst_hardware_z 5213.44814858973 155.27534692933568 30.979999542236328 AB 7.309684705027633 1.193677759244619
60006.3968 lsst_hardware_y 1548.1080782823783 150.4802732336924 30.010000228881836 AB 7.450059542651841 1.2183087517453033
60011.343 lsst_hardware_z 4878.11808395365 154.07676377013823 30.979999542236328 AB 9.653899945958903 1.188720941475623
60011.3613 lsst_hardware_i 9150.944650067277 146.3238636004819 31.309999465942383 AB 9.690712351956062 1.1922628385772713
60013.3409 lsst_hardware_z 4401.843597983388 152.98258298749613 30.979999542236328 AB 10.049512337311077 1.1881548030753173
60013.3603 lsst_hardware_r 10849.25977969417 142.1469885016912 31.6200008392334 AB 10.148794435635722 1.1956051209749428
60015.3515 lsst_hardware_y 2132.0291422126616 212.82565336914965 30.780000686645508 AB 8.17301136331753 1.1930097235072845
60017.3444 lsst_hardware_r 9093.652569489725 136.81808175212257 31.6200008392334 AB 12.410449710755879 1.1919371600802862
60017.3638 lsst_hardware_i 6898.969951016991 139.0149648509044 31.309999465942383 AB 12.64346870041077 1.2133070853186714
60019.3439 lsst_hardware_z 3170.1668848498607 149.12615249581296 30.989999771118164 AB 9.063750636512934 1.1955877373055042
60019.3629 lsst_hardware_r 8363.503087119401 133.1752715754888 31.610000610351562 AB 9.219334136187497 1.2211847322587583
60020.3115 lsst_hardware_r 7960.901006476198 132.2544363529952 31.6200008392334 AB 9.658662759403782 1.1916183775712519
60020.3294 lsst_hardware_u 56.47240158108373 35.633489634244405 29.399999618530273 AB 9.54680080960435 1.1888917571113762
60025.3062 lsst_hardware_z 2647.6970921923275 147.83122485722393 30.989999771118164 AB 6.868529059945677 1.188412496854567
60025.3253 lsst_hardware_r 5942.774851712616 124.7096616317901 31.6299991607666 AB 6.892717464241513 1.1938025484722257
60027.31 lsst_hardware_u -50.1106991067591 35.31347401960821 29.399999618530273 AB 7.1344568385511495 1.1888119593231097
60027.3284 lsst_hardware_g 1975.5880510217462 111.83301620449853 31.670000076293945 AB 7.266573375560166 1.2020468212445479
60029.2653 lsst_hardware_i 4606.648032692093 130.68576237669677 31.309999465942383 AB 8.63437449476128 1.2161090837691944
60029.2831 lsst_hardware_z 2770.1434363434187 147.50288607573668 30.989999771118164 AB 8.479022938041899 1.1942285828228028
60031.2837 lsst_hardware_z 2539.0040053155553 147.6541272767062 30.989999771118164 AB 9.072255413211973 1.1904284756871766
60031.3018 lsst_hardware_r 4007.9699688550263 116.42542301745112 31.6200008392334 AB 8.831680255067985 1.1897189387159388
60036.285 lsst_hardware_z 2605.1776383194747 147.48439792185965 30.989999771118164 AB 9.39074228015977 1.1887015544506039
60036.3035 lsst_hardware_r 2644.447999543511 111.41058466502403 31.610000610351562 AB 10.58804334165136 1.2016619072371832
60038.2801 lsst_hardware_i 3531.440809115254 127.2456830763133 31.309999465942383 AB 7.642307775253964 1.1888474630936943
60038.2986 lsst_hardware_z 2685.506881502488 146.99407440637685 30.979999542236328 AB 8.198933032672535 1.2023218143743866
60040.2793 lsst_hardware_r 2330.913790290225 108.97708527129349 31.6200008392334 AB 17.383510350033657 1.1906513938379217
60040.2972 lsst_hardware_z 2717.5943385372193 146.42674857080092 30.989999771118164 AB 20.08760036213144 1.2075866639893857
60044.2568 lsst_hardware_i 2735.273734389669 124.48864853830659 31.31999969482422 AB 4.939585417136548 1.1881143516864818
60044.2744 lsst_hardware_z 2306.7732358711824 145.71407626517214 30.989999771118164 AB 4.833972560174751 1.1945566458421955
60046.2582 lsst_hardware_r 1815.4305843458997 106.51069747888033 31.6200008392334 AB 6.999848580643918 1.1888329790495784
60046.2755 lsst_hardware_z 1841.4128616864966 144.8338134175761 30.989999771118164 AB 7.013649086997115 1.2008644956762462
60051.2172 lsst_hardware_r 1520.0925120350296 105.12699611610192 31.6200008392334 AB 16.041202907825173 1.199611345185849
60051.2343 lsst_hardware_i 2107.9000132135916 121.44329729304775 31.31999969482422 AB 15.783810000540765 1.1885995783328052
60053.2575 lsst_hardware_z 1179.961820657519 143.07802907214878 30.989999771118164 AB 11.563080544592587 1.2021500427563683
60053.2745 lsst_hardware_i 1854.4395127588546 120.46401049353202 31.309999465942383 AB 12.197677404656318 1.2299352048255228
60058.2242 lsst_hardware_g 329.74237090859253 105.83573220455278 31.68000030517578 AB 9.565743748338614 1.1885372228211157
60058.2427 lsst_hardware_r 1086.3501148881435 103.93921655578858 31.6200008392334 AB 9.706070791370147 1.2008253035903433
60062.2193 lsst_hardware_r 1150.1386933663987 103.40770744568698 31.6200008392334 AB 2.556704853667227 1.1906880212677735
60062.2376 lsst_hardware_g 394.53342790784257 104.90909187006686 31.65999984741211 AB 2.6025689327110246 1.2082492723820912
60066.2214 lsst_hardware_z 660.6907976687794 141.0839000574363 30.979999542236328 AB 9.726897537906737 1.2014448539905105
60066.2394 lsst_hardware_i 1271.9823487225551 118.11643161496292 31.309999465942383 AB 9.771910105252218 1.2307708264728432
60068.1426 lsst_hardware_r 874.0958493368448 102.44470535885415 31.610000610351562 AB 12.612733151385585 1.2510563549068194
60068.1605 lsst_hardware_z 486.4196108684148 140.82811501645918 30.979999542236328 AB 12.247778813526512 1.2133421317608057
60077.1564 lsst_hardware_r 62.27933571690414 98.11000061035156 31.6200008392334 AB 8.242769719865437 1.1913238502479582
60077.1798 lsst_hardware_g 72.47236130706713 103.7300033569336 31.68000030517578 AB 7.132180862405677 1.1914769232217968
60080.1555 lsst_hardware_r 99.19466289623126 97.87999725341797 31.6200008392334 AB 8.006202536791124 1.1885251492730482
60080.1759 lsst_hardware_i 124.52763054902755 112.54000091552734 31.309999465942383 AB 6.398197018279648 1.1943991198058126
60085.1421 lsst_hardware_g 216.9106275296407 146.9199981689453 32.43000030517578 AB 8.485426650510993 1.1884767184440364
60085.1669 lsst_hardware_r 128.833367993967 138.63999938964844 32.369998931884766 AB 9.079409096961236 1.1986018609849407
60091.1377 lsst_hardware_i -27.23454056965974 159.22000122070312 32.060001373291016 AB 6.344247005788256 1.1896206648768066
60091.1585 lsst_hardware_z -45.0827030429532 195.55999755859375 31.729999542236328 AB 6.459965811673239 1.208373702146182
60095.1138 lsst_hardware_r -53.10810278379621 98.22000122070312 31.6299991607666 AB 10.48114240796897 1.1886975360618626
60095.1357 lsst_hardware_z 134.62933414349698 138.7100067138672 30.989999771118164 AB 9.782381817638653 1.1950136596186969
60100.0797 lsst_hardware_z 39.48669935812538 138.25999450683594 30.979999542236328 AB 11.44170675226879 1.2039466251663968
60100.1009 lsst_hardware_r -99.45388259245134 97.81999969482422 31.6200008392334 AB 10.68736568515023 1.188530542809012
60102.0745 lsst_hardware_i -37.57710794347311 112.56999969482422 31.309999465942383 AB 4.655602326049824 1.2036200429291168
60102.0935 lsst_hardware_z 248.88794922832076 138.7100067138672 30.989999771118164 AB 4.990722408933897 1.1890221749366021
60111.0747 lsst_hardware_r -164.73806170522644 97.87999725341797 31.6200008392334 AB 10.421404863166984 1.1880983712210997
60111.0982 lsst_hardware_u 20.539567059115313 34.5099983215332 29.3700008392334 AB 9.538985360329987 1.201081007344496
60121.0515 lsst_hardware_z -13.173868667903621 196.0399932861328 31.739999771118164 AB 4.656737200917643 1.188423181366022
60121.075 lsst_hardware_r 325.63240939415215 138.1999969482422 32.369998931884766 AB 4.583488315318106 1.2061811356100278
60123.0533 lsst_hardware_z -27.05054467779356 138.42999267578125 30.989999771118164 AB 8.250620063709087 1.1909953177494172
60123.0781 lsst_hardware_r 124.11928166714472 97.5 31.610000610351562 AB 8.591928416375481 1.219664762066219
60125.0552 lsst_hardware_i -155.7857442523745 112.66000366210938 31.31999969482422 AB 3.7596832150374873 1.19624018508418
60125.0791 lsst_hardware_z -34.932920832477905 138.25999450683594 30.979999542236328 AB 3.8710816612517664 1.2325014575489837
60128.0098 lsst_hardware_z -160.4797948656814 138.52999877929688 30.989999771118164 AB 7.825476083806671 1.1967999720340545
60128.0324 lsst_hardware_r -67.45345621644404 98.05999755859375 31.6200008392334 AB 7.857094561429569 1.1884281377577508
60132.034 lsst_hardware_r 15.390790942355316 138.27000427246094 32.369998931884766 AB 3.5834476188640623 1.194482539621354
60132.0654 lsst_hardware_i 160.60768682881474 158.22000122070312 32.04999923706055 AB 3.9449351724219723 1.245113678828567
60134.0084 lsst_hardware_z -357.6581362794985 138.6999969482422 30.989999771118164 AB 2.928100553712229 1.188473081161662
60134.0345 lsst_hardware_r 86.14759491544731 98.05000305175781 31.6200008392334 AB 2.9642167331327887 1.200087746207607
60139.005 lsst_hardware_i -115.64953811457477 112.62000274658203 31.309999465942383 AB 8.206563740631177 1.189069848920238
60139.0271 lsst_hardware_z 207.86899002351637 138.38999938964844 30.979999542236328 AB 8.40857931162433 1.2079122731727803
60140.9609 lsst_hardware_y -68.73064475980651 146.89999389648438 30.020000457763672 AB 5.111350075319172 1.2138090893658693
60140.9728 lsst_hardware_r 21.162760748562842 97.94999694824219 31.6200008392334 AB 5.02346835788456 1.1982511786319217
60142.9672 lsst_hardware_y -328.7649292963187 147.44000244140625 30.030000686645508 AB 2.4914547164002543 1.1983909169794391
60142.987 lsst_hardware_g 100.20993691746672 103.83000183105469 31.68000030517578 AB 2.333460025511107 1.1881161026023968
60144.9672 lsst_hardware_z -268.0530840739942 138.58999633789062 30.989999771118164 AB 3.6101384030930337 1.19363147729973
60144.9865 lsst_hardware_i 5.1195182979134195 112.69000244140625 31.31999969482422 AB 3.711881403984924 1.1885310149640782
60147.9685 lsst_hardware_y -162.87963087442319 147.08999633789062 30.020000457763672 AB 3.9200743198839754 1.188862005625953
60147.9887 lsst_hardware_r -113.28551872861608 97.6500015258789 31.610000610351562 AB 4.010205036567019 1.1932766425015926
60360.375 lsst_hardware_r -3.680736336213371 24.329999923706055 31.489999771118164 AB 3.22783282615134 1.195493639315311
60360.3929 lsst_hardware_y 34.667015335986825 63.529998779296875 30.020000457763672 AB 3.207653737789939 1.1880199028851626
60361.3749 lsst_hardware_z 1.363589119953077 44.099998474121094 30.940000534057617 AB 6.853659533804024 1.1934109323898756
60361.3928 lsst_hardware_y -26.38641571346741 63.939998626708984 30.010000228881836 AB 6.210396134621081 1.1882324911980895
60366.3752 lsst_hardware_r -212.97339541750728 104.62999725341797 31.6200008392334 AB 6.969021358580331 1.1880363720730194
60366.3928 lsst_hardware_y 150.13079504076586 66.2699966430664 30.010000228881836 AB 7.183581923579414 1.1947414220389314
60371.3451 lsst_hardware_r -14.032608279436673 58.04999923706055 31.600000381469727 AB 7.079826652664214 1.1953782056501938
60371.3626 lsst_hardware_i -20.453067593207614 52.689998626708984 31.290000915527344 AB 7.0425439306303295 1.188013483574617
60380.3504 lsst_hardware_r 10.772899534839503 33.790000915527344 32.22999954223633 AB 8.163066866925952 1.191775584630404
60380.3705 lsst_hardware_z -43.63396068227486 61.939998626708984 31.690000534057617 AB 8.279375380749096 1.2141181773287664
60383.2699 lsst_hardware_r -1.0177657561670341 24.049999237060547 31.440000534057617 AB 11.1379665223278 1.2802260370491725
60383.2882 lsst_hardware_u -1.3534075375592587 2.5199999809265137 28.200000762939453 AB 10.709767399312382 1.2310077470474003
60385.3186 lsst_hardware_u 2.248883100770131 2.630000114440918 28.309999465942383 AB 9.527576348673826 1.1887923574363748
60385.3391 lsst_hardware_g 3.5032210235652688 14.479999542236328 31.3799991607666 AB 10.586477646408774 1.1933355729776178
60389.1747 lsst_hardware_z -52.52850563864743 56.720001220703125 30.8700008392334 AB 9.947789986791241 1.8769415069417437
60389.191 lsst_hardware_r -14.21037196888019 51.02000045776367 31.489999771118164 AB 8.867337485006267 1.6730825443408053
60392.3102 lsst_hardware_r 201.28976612400857 117.62999725341797 32.369998931884766 AB 7.152914336940156 1.1886195480555277
60392.3322 lsst_hardware_z 95.14197800927249 88.7300033569336 31.709999084472656 AB 7.242166654829472 1.2058888807508694
60395.2783 lsst_hardware_y -59.80733454270173 94.86000061035156 30.760000228881836 AB 8.283273013018583 1.1965004653171591
60397.2791 lsst_hardware_z 53.80736308329234 83.36000061035156 30.979999542236328 AB 9.504813816212412 1.1917514658908421
60397.297 lsst_hardware_r 169.88219870854414 115.9000015258789 31.6200008392334 AB 8.907585544613717 1.1887347257046939
60399.2835 lsst_hardware_i -110.74114614793557 61.20000076293945 31.290000915527344 AB 5.4245839315312105 1.1881686412290666
60399.3024 lsst_hardware_z -5.05112122167076 59.540000915527344 30.959999084472656 AB 4.871732478604798 1.1944912292766607
60401.28 lsst_hardware_r 29.86932538356488 41.529998779296875 31.56999969482422 AB 9.385345618064967 1.1880184326664516
60401.2987 lsst_hardware_z -22.40609757152629 47.91999816894531 30.940000534057617 AB 10.547373532372935 1.195971637154988
60405.1603 lsst_hardware_z -73.36827861253256 48.040000915527344 30.889999389648438 AB 18.086289953318214 1.550940269546646
60405.1822 lsst_hardware_r 14.724873379576024 24.780000686645508 31.43000030517578 AB 19.09719902935109 1.4007040508545612
60413.2791 lsst_hardware_r 19.824594832278855 24.510000228881836 31.489999771118164 AB 8.513941180555689 1.212035188348735
60413.2968 lsst_hardware_i -9.677639572649712 33.04999923706055 31.239999771118164 AB 9.14422856417113 1.248429862563895
60415.2626 lsst_hardware_z 20.24041190130108 43.72999954223633 30.940000534057617 AB 19.809543099002422 1.1979646286285934
60415.2798 lsst_hardware_r 8.72836011573431 24.6200008392334 31.489999771118164 AB 20.226991661021476 1.2226918733616319
60420.1357 lsst_hardware_z -18.13817533425342 62.5099983215332 30.93000030517578 AB 10.44023876917937 1.4333111984046363
60420.156 lsst_hardware_i 9.114896673197899 62.61000061035156 31.270000457763672 AB 9.662475348455152 1.3285405401423278
60423.2335 lsst_hardware_z -52.265222565823336 98.81999969482422 30.979999542236328 AB 9.62847979659592 1.1920861454247766
60423.2515 lsst_hardware_r 81.9738642420071 148.0399932861328 31.6200008392334 AB 10.259210786310783 1.2115747100315848
60426.2352 lsst_hardware_y 173.94230597102032 85.41999816894531 30.75 AB 3.450065265974465 1.2007535947009362
60429.222 lsst_hardware_r 36.80138832120469 49.689998626708984 31.59000015258789 AB 11.754263033317292 1.195754123430021
60429.2392 lsst_hardware_i 10.271888076809846 46.060001373291016 31.270000457763672 AB 11.96958162447632 1.2183400299736697
60432.2202 lsst_hardware_z -25.88910787831432 44.529998779296875 30.940000534057617 AB 14.225896733369343 1.2023578025104389
60432.2392 lsst_hardware_r 13.638054143879726 27.420000076293945 31.510000228881836 AB 14.693681819332397 1.2346940075625228
60436.1856 lsst_hardware_r 15.027479587156986 24.299999237060547 31.479999542236328 AB 7.57513195614006 1.188023047424436
