data/validation/pwv_sim_epoch_fit_seasonal/39005426.ecsv
# %ECSV 0.9
# ---
# datatype:
# - {name: time, datatype: float64}
# - {name: band, datatype: string}
# - {name: flux, datatype: float64}
# - {name: fluxerr, datatype: float64}
# - {name: zp, datatype: float64}
# - {name: zpsys, datatype: string}
# - {name: pwv, datatype: float64}
# - {name: airmass, datatype: float64}
# meta: {SNID: '39005426', alt: 1024.0, c: -0.11511799693107605, dec: 4.031936, lat: -30.244573, lon: -70.7499537, ra: 239.765625, t0: 61149.83984375,
#   x0: 2.8999552591795373e-06, x1: 0.8290194272994995, z: 0.765399158000946}
# schema: astropy-2.0
time band flux fluxerr zp zpsys pwv airmass
61107.3864 lsst_hardware_z -244.2007568043727 88.11000061035156 31.709999084472656 AB 10.428763798121775 1.2151903749850588
61109.3808 lsst_hardware_i 10.602590823467953 49.2599983215332 31.280000686645508 AB 11.292779874572183 1.2153010465344125
61109.3994 lsst_hardware_y 89.56599982878843 58.439998626708984 30.0 AB 11.234704648867833 1.2092463384975423
61113.3829 lsst_hardware_g -26.94107975720625 16.459999084472656 31.43000030517578 AB 13.644829809244108 1.2092370922332045
61113.4022 lsst_hardware_y -59.50844605886623 57.18000030517578 30.0 AB 13.736852716625009 1.2159196916685113
61114.3867 lsst_hardware_z -4.576294928344208 43.63999938964844 30.93000030517578 AB 11.699954523808826 1.2094017941743984
61114.4045 lsst_hardware_y -41.08331209544408 60.40999984741211 29.989999771118164 AB 11.813437081203709 1.2207747319627653
61116.3854 lsst_hardware_u 3.5818478940923897 2.628126856330037 28.270000457763672 AB 10.978709847459335 1.2106200669844154
61116.4048 lsst_hardware_y -54.053968282912415 58.72668267777083 29.989999771118164 AB 11.157317130166215 1.2279679870312665
61118.3506 lsst_hardware_g 6.733035124650197 14.309216285357195 31.360000610351562 AB 7.994311966098449 1.220598819161541
61118.37 lsst_hardware_r 14.526928033558203 23.522382420359886 31.459999084472656 AB 7.862678429893685 1.2091467751528215
61124.3521 lsst_hardware_i 165.5960430042547 33.96152311232636 31.219999313354492 AB 8.01139207534493 1.209358000655888
61124.3696 lsst_hardware_z 25.79363524155422 44.51099689084522 30.93000030517578 AB 8.042579799882013 1.2139437699502518
61126.3508 lsst_hardware_r 123.33564209151236 26.57606116132586 31.459999084472656 AB 9.426306282153817 1.2090562479113889
61126.3687 lsst_hardware_u 2.502477534996504 2.585647089957253 28.280000686645508 AB 9.473077991029394 1.217684493517784
61139.3189 lsst_hardware_r 859.8617461851846 52.38501080314593 31.56999969482422 AB 9.42438101045294 1.2094944828610037
61139.3387 lsst_hardware_z 482.43109516162104 53.342869384106336 30.940000534057617 AB 8.785523558507926 1.2236247252416474
61154.2574 lsst_hardware_r 710.2762076866051 35.495099884282034 31.469999313354492 AB 10.266166973719178 1.215746296181168
61154.2766 lsst_hardware_u -0.725200450546434 2.6813390681271594 28.299999237060547 AB 10.192442390222434 1.2092591620132604
61156.2553 lsst_hardware_g 135.91936138267656 27.614268176390745 31.549999237060547 AB 7.102971213322287 1.2132671140003621
61156.2737 lsst_hardware_r 635.4611355518234 34.75015292775758 31.469999313354492 AB 7.200581731175631 1.2097920946208864
61160.2573 lsst_hardware_r 995.8515394696097 156.17455436201908 32.369998931884766 AB 12.79582829652672 1.209054642191501
61160.274 lsst_hardware_z 1319.5995813044526 111.11662148548106 31.719999313354492 AB 12.853801275586049 1.2160261053501353
61162.2129 lsst_hardware_r 534.439561588456 143.16191811503182 31.610000610351562 AB 10.004004996601891 1.248082464799687
61162.232 lsst_hardware_i 707.9193988796145 110.16721366362431 31.309999465942383 AB 9.820737824104368 1.2190083773558869
61169.1572 lsst_hardware_g 134.30669461692003 29.71035915347787 32.18000030517578 AB 10.39335261241812 1.3675463963708052
61169.1788 lsst_hardware_r 689.0110534389563 51.117968319770256 32.2599983215332 AB 9.821561811471991 1.2857691322401803
61174.2007 lsst_hardware_r 245.72271404692833 28.640892241278856 31.469999313354492 AB 7.200038977028186 1.217593964548171
61174.2224 lsst_hardware_g 83.19112597959253 16.330328289550927 31.3799991607666 AB 8.127705201136418 1.2093299741306511
61176.1965 lsst_hardware_r 172.9535788962598 28.133677378098888 31.469999313354492 AB 6.524491313372046 1.216461510836589
61176.2159 lsst_hardware_i 448.9910168423097 38.10532230537671 31.229999542236328 AB 6.338461706718159 1.209187804725103
61179.2046 lsst_hardware_z 325.1612001626145 46.823881815584166 30.93000030517578 AB 10.14027251205681 1.2090824827325017
61179.2246 lsst_hardware_i 301.7038203348027 37.12131131539884 31.219999313354492 AB 9.742142999497625 1.2182754897246515
61186.154 lsst_hardware_r 57.572707534026605 58.436250427785524 31.600000381469727 AB 7.2114980626260845 1.2357272133587465
61186.1744 lsst_hardware_z 305.11507056884193 54.98167682456299 30.950000762939453 AB 7.507105646187852 1.21264898441542
61188.153 lsst_hardware_r 165.50052993292817 88.70924024002522 31.600000381469727 AB 8.769261882149726 1.2287902868563172
61188.1761 lsst_hardware_i 187.11945477908287 73.73547450727004 31.299999237060547 AB 9.188244305863417 1.2096426952315908
61195.093 lsst_hardware_z 676.1831998520496 116.08994253717361 32.439998626708984 AB 15.587568162726363 1.3379408315347545
61219.0998 lsst_hardware_z 112.1561568985822 78.43986128364911 30.969999313354492 AB 8.598217414876652 1.2093983282757792
61219.1233 lsst_hardware_r -87.05196269627685 115.28348938934008 31.610000610351562 AB 8.914626128078192 1.2276140225260803
61224.0946 lsst_hardware_i 129.38060525561045 52.38082786703249 31.280000686645508 AB 7.821482371106232 1.2126955973600029
61224.1169 lsst_hardware_z 120.46134899053791 54.613648333978134 30.950000762939453 AB 8.029496907553735 1.2391198931410083
61232.0617 lsst_hardware_u -1.0894589419871672 3.7522988850148535 29.079999923706055 AB 8.042605051983456 1.209111258128326
61232.0835 lsst_hardware_g 34.77859548530729 20.105646424546237 32.119998931884766 AB 8.897813487665239 1.2221431890207044
61234.0588 lsst_hardware_r -4.178594583383874 24.085257100434823 31.459999084472656 AB 7.522450341887457 1.209397161075174
61234.0807 lsst_hardware_i 20.538656513650235 33.07800690907886 31.229999542236328 AB 7.631060008510605 1.225413768629259
61236.0634 lsst_hardware_z 48.56374022589509 44.45234916284014 30.93000030517578 AB 7.620163205826628 1.2137077881886296
61236.0851 lsst_hardware_r -32.332457438753934 24.209730790636723 31.450000762939453 AB 7.9333529385718915 1.240878978921568
61243.0094 lsst_hardware_g 33.58523920534816 42.38999938964844 31.6200008392334 AB 7.412792161522534 1.220547556781976
61243.031 lsst_hardware_i -27.237570807860394 45.0 31.270000457763672 AB 7.301923028705152 1.2090944714290304
61247.0158 lsst_hardware_y 127.11522032036066 78.63999938964844 30.739999771118164 AB 11.11625391931715 1.2094935808487246
61250.008 lsst_hardware_r -38.714722756364544 90.44999694824219 31.610000610351562 AB 5.4191069377940515 1.20941961452749
61250.0286 lsst_hardware_i -136.35578947827494 71.30999755859375 31.290000915527344 AB 5.468423209081793 1.2163539362913403
61252.0153 lsst_hardware_z 76.96002977438273 56.27000045776367 30.959999084472656 AB 3.968781714170329 1.211194541594668
61252.0339 lsst_hardware_r 22.728431476610538 73.66000366210938 31.600000381469727 AB 4.0347931115674704 1.228621532146002
61253.9732 lsst_hardware_y 101.31871002224771 50.880001068115234 29.979999542236328 AB 4.826954964487323 1.2282328153911761
61253.9957 lsst_hardware_u -2.141769544889511 2.640000104904175 28.31999969482422 AB 4.7501528572213445 1.2097163473400603
61256.9728 lsst_hardware_y -5.7260524015777845 52.150001525878906 29.989999771118164 AB 1.3548617920594086 1.2188575983741587
61256.9935 lsst_hardware_i -1.3798189884226344 32.150001525878906 31.219999313354492 AB 1.4688817931914782 1.209122068754132
61258.9742 lsst_hardware_y 48.40118287315695 52.630001068115234 29.989999771118164 AB 3.756953662175809 1.2132250792817467
61258.996 lsst_hardware_r -25.299282340098873 23.850000381469727 31.469999313354492 AB 3.8198490851513043 1.2111125824829754
61261.974 lsst_hardware_y 35.12836899452976 52.86000061035156 29.989999771118164 AB 2.5124117654700977 1.2096834725214334
61261.9951 lsst_hardware_g -5.453695513238314 14.600000381469727 31.3799991607666 AB 2.5101016258967226 1.2157418272021583
61264.9735 lsst_hardware_z -38.06755377056138 49.15999984741211 30.950000762939453 AB 4.7918579566738915 1.2093016925359978
61264.9913 lsst_hardware_i 12.12128441042272 32.58000183105469 31.229999542236328 AB 4.899304509188826 1.2198450931673726
61472.3829 lsst_hardware_u -5.700978742938834 2.5899999141693115 28.239999771118164 AB 10.419888517491989 1.218914256008889
61472.4015 lsst_hardware_y 10.1600729778756 60.56999969482422 30.0 AB 10.338258307770607 1.2090469617016653
61474.3823 lsst_hardware_r 19.911092424302414 23.860000610351562 31.479999542236328 AB 11.245524659726323 1.214638127063149
61474.4005 lsst_hardware_y 24.350677555269982 56.81999969482422 30.010000228881836 AB 11.229872606099605 1.2092685733160546
61476.3835 lsst_hardware_r -9.358238039140579 23.850000381469727 31.479999542236328 AB 8.800867747126306 1.2107398193872771
61476.4027 lsst_hardware_y 15.965655577541906 58.0099983215332 30.0 AB 8.793497839494535 1.211976823030077
61477.3827 lsst_hardware_g -1.0713800184340994 14.34000015258789 31.389999389648438 AB 17.163253878560504 1.2100290614107634
61477.4021 lsst_hardware_z 53.68067120049383 52.4900016784668 30.950000762939453 AB 17.198511023386587 1.2132560420010996
61479.2189 lsst_hardware_i 63.0082155256025 37.75 31.030000686645508 AB 22.664901235347052 2.480291227330561
61479.2409 lsst_hardware_y 33.03417445329443 53.86000061035156 29.739999771118164 AB 18.272771885548977 1.9938645736863625
61487.355 lsst_hardware_r 31.34347425324148 102.58999633789062 31.6200008392334 AB 7.262167293446331 1.210159522320684
61487.3706 lsst_hardware_z -99.60065039406787 71.44999694824219 30.979999542236328 AB 7.354421694307971 1.2109532283880906
61489.3594 lsst_hardware_r 55.086180113978756 93.36000061035156 31.610000610351562 AB 7.993913420966384 1.2092446683591747
61489.3804 lsst_hardware_y 199.76032680303086 58.45000076293945 30.0 AB 9.075591512410334 1.2236477623977438
61492.3505 lsst_hardware_r 85.74253662573756 57.16999816894531 31.610000610351562 AB 9.616055971654205 1.2091485299618354
61492.369 lsst_hardware_i 5.7156471394786825 51.04999923706055 31.290000915527344 AB 9.612505751046298 1.2199772505056061
61497.3187 lsst_hardware_r -14.256211311383426 24.149999618530273 31.479999542236328 AB 10.719136273311165 1.2152641624992544
61497.3377 lsst_hardware_u -7.6588180771382754 2.8499999046325684 28.389999389648438 AB 10.832313179023584 1.2092671908708998
61503.3177 lsst_hardware_u 0.6188319030971834 2.6700000762939453 28.350000381469727 AB 12.059008074132503 1.209014018510916
61503.3361 lsst_hardware_g -17.052077297177593 14.140000343322754 31.3700008392334 AB 11.31284035538289 1.2171542692326391
61511.2918 lsst_hardware_z -72.25938455682727 43.65999984741211 30.940000534057617 AB 20.633018743996544 1.2095092762762496
61511.3091 lsst_hardware_r 29.70470406237616 23.760000228881836 31.479999542236328 AB 20.65661710101009 1.2131445774055347
61513.245 lsst_hardware_z 31.981159791678152 56.869998931884766 30.959999084472656 AB 15.033284959933189 1.263442819357899
61513.2628 lsst_hardware_r -196.03515597293904 67.19999694824219 31.610000610351562 AB 15.703627650846927 1.2288860530839816
61515.2945 lsst_hardware_i -140.6893722019802 86.75 31.309999465942383 AB 4.374138974661086 1.2111136985679056
61515.3118 lsst_hardware_z -157.22310409524272 76.08999633789062 30.969999313354492 AB 4.392215362968167 1.2267330235218898
61518.2898 lsst_hardware_r 313.6542893722846 116.02999877929688 31.6200008392334 AB 6.8147843647834385 1.2130267648243926
61518.3082 lsst_hardware_z -143.25754207326136 79.23999786376953 30.969999313354492 AB 6.943954155942286 1.2335304635141437
61522.2526 lsst_hardware_r -48.12129912031263 45.33000183105469 31.56999969482422 AB 3.253862897108333 1.2136750828453313
61522.2719 lsst_hardware_i -24.27119514070769 43.36000061035156 31.260000228881836 AB 3.2600624648022083 1.2098203110349608
61524.2586 lsst_hardware_z -32.382437653564395 45.040000915527344 30.940000534057617 AB 12.823166433210494 1.2091338189302934
61524.2771 lsst_hardware_r 3.3605313261063663 30.3799991607666 31.520000457763672 AB 12.931266634885937 1.215715950350054
61526.2547 lsst_hardware_u 4.016111218896983 2.630000114440918 28.299999237060547 AB 10.910856057769541 1.2090261020299786
61526.2729 lsst_hardware_r 21.28297490936899 24.170000076293945 31.469999313354492 AB 11.09738668828158 1.2167964790425885
61528.2552 lsst_hardware_i -32.867033284501844 32.189998626708984 31.219999313354492 AB 15.284188254334783 1.2097344474844829
61528.272 lsst_hardware_z 41.40134724456189 43.880001068115234 30.93000030517578 AB 15.503548129511303 1.2213929723879904
61530.2537 lsst_hardware_r 33.56863379540683 24.020000457763672 31.479999542236328 AB 10.927767406265346 1.2111908308566166
61530.2717 lsst_hardware_u -6.079757366388725 2.7100000381469727 28.3700008392334 AB 11.052062742527404 1.227916014650108
61535.2175 lsst_hardware_z -8.900565611009368 44.02000045776367 30.93000030517578 AB 7.523173309015614 1.213415049841228
61535.2345 lsst_hardware_r -0.07604782371949888 24.139999389648438 31.479999542236328 AB 7.4981306590688686 1.2093759127530432
61539.0794 lsst_hardware_i 18.612728979174044 43.959999084472656 31.1299991607666 AB 12.497666407789104 1.9558163392470895
61539.102 lsst_hardware_z -16.320770839932557 51.869998931884766 30.889999389648438 AB 10.168877830226194 1.665572913882923
61541.1981 lsst_hardware_r 14.891978807264884 58.7400016784668 31.600000381469727 AB 6.50681903371375 1.215659791445796
61541.2212 lsst_hardware_z -40.80255116054566 53.040000915527344 30.950000762939453 AB 6.367751744050385 1.210196558949092
61551.1527 lsst_hardware_z 5.988024931482245 49.4900016784668 30.940000534057617 AB 7.209990060032986 1.2391492755921385
61551.1734 lsst_hardware_r 35.05475331020065 45.529998779296875 31.56999969482422 AB 7.470950155212565 1.2137032174823434
61560.166 lsst_hardware_g -14.62639744784966 14.479999542236328 31.389999389648438 AB 13.034517441721507 1.209344580097559
61560.1871 lsst_hardware_r 43.255479502431285 23.979999542236328 31.469999313354492 AB 14.048449810620385 1.2243546933506035
61573.11 lsst_hardware_z -106.70290646814644 85.33000183105469 30.969999313354492 AB 6.450379208995587 1.2162877201123043
61573.1297 lsst_hardware_r -36.51728723721492 133.74000549316406 31.6200008392334 AB 6.391965852931045 1.209225473501853
61575.1108 lsst_hardware_i 1.2033886927712811 92.37999725341797 31.309999465942383 AB 4.378368818196188 1.2119213392003323
61575.1308 lsst_hardware_z -104.728062384409 79.18000030517578 30.979999542236328 AB 4.602551407138279 1.2111977387205997
61577.0769 lsst_hardware_z -5.025319431558115 63.47999954223633 30.959999084472656 AB 4.223455643959052 1.248435011516068
61577.0963 lsst_hardware_r -29.2600627813963 84.08999633789062 31.610000610351562 AB 3.656616212007384 1.218872070669128
61579.0701 lsst_hardware_u -2.883203144983571 5.940000057220459 28.809999465942383 AB 3.753768315933538 1.2512561053111793
61579.0899 lsst_hardware_g 55.60290204033333 45.68000030517578 31.6200008392334 AB 3.903476485196389 1.2198364016238714
61581.069 lsst_hardware_r -31.23998035155058 23.690000534057617 31.459999084472656 AB 5.9038401264054405 1.2424559638881338
61581.0891 lsst_hardware_i 4.6078024632482135 32.04999923706055 31.219999313354492 AB 6.381195074834762 1.2155043159786412
61588.156 lsst_hardware_r 9.294345324306033 23.850000381469727 31.43000030517578 AB 11.820589217027305 1.342841852888591
61588.1848 lsst_hardware_u 1.2473897306554298 2.3499999046325684 28.010000228881836 AB 12.382909292060429 1.5025675117270176
61597.0217 lsst_hardware_z 11.89557663057199 48.369998931884766 30.940000534057617 AB 6.433739852256733 1.2496742995643986
61597.0371 lsst_hardware_r 32.083799989037324 40.66999816894531 31.56999969482422 AB 6.1558571595288285 1.224031249616337
61610.0159 lsst_hardware_u -1.6267463194927883 2.690000057220459 28.3700008392334 AB 7.52355347310184 1.2115873326161912
61610.0393 lsst_hardware_g 2.11576666504891 14.1899995803833 31.3700008392334 AB 7.570366601828994 1.2135239009076666
61618.0159 lsst_hardware_z -3.136998901610428 43.65999984741211 30.93000030517578 AB 4.5020740146495655 1.2125437812992315
61618.0366 lsst_hardware_r 0.9506408827062423 23.809999465942383 31.459999084472656 AB 4.497824138930032 1.2359489275740871
61620.9718 lsst_hardware_y 50.82472648991308 53.72999954223633 29.989999771118164 AB 11.608600292043734 1.2237506127794648
61620.9907 lsst_hardware_u -3.6974857954954685 2.549999952316284 28.239999771118164 AB 11.572774193580418 1.209739802109525
61624.976 lsst_hardware_y 5.332299044440944 52.2400016784668 29.989999771118164 AB 4.04603712011268 1.2110861921015754
61624.9989 lsst_hardware_r -2.844701779247491 31.239999771118164 31.530000686645508 AB 3.9613985328597536 1.2139117056771462
61627.9858 lsst_hardware_y -87.2522785648144 112.37000274658203 31.5 AB 9.4310491049506 1.211088523541812
61629.975 lsst_hardware_z -102.88821660055099 61.869998931884766 30.959999084472656 AB 5.079465758419434 1.2093966091474841
61629.9949 lsst_hardware_i -70.67196362822013 61.47999954223633 31.290000915527344 AB 4.879354066300597 1.2230745680364121
