data/validation/pwv_sim_epoch_fit_seasonal/39041220.ecsv
# %ECSV 0.9
# ---
# datatype:
# - {name: time, datatype: float64}
# - {name: band, datatype: string}
# - {name: flux, datatype: float64}
# - {name: fluxerr, datatype: float64}
# - {name: zp, datatype: float64}
# - {name: zpsys, datatype: string}
# - {name: pwv, datatype: float64}
# - {name: airmass, datatype: float64}
# meta: {SNID: '39041220', alt: 1024.0, c: -0.053074873983860016, dec: -49.896984, lat: -30.244573, lon: -70.7499537, ra: 337.604645,
#   t0: 61964.66796875, x0: 4.149406848795208e-06, x1: 0.13520430028438568, z: 0.6619387865066528}
# schema: astropy-2.0
time band flux fluxerr zp zpsys pwv airmass
61926.4286 lsst_hardware_r -6.955929835290753 23.229999542236328 31.5 AB 4.668287880399801 1.060974518272682
61928.4316 lsst_hardware_y 21.89466957155764 79.38999938964844 30.809999465942383 AB 0.9630519249705405 1.0612142423918407
61947.3821 lsst_hardware_z 356.74251031547175 45.2952139334856 30.940000534057617 AB 5.73263147778955 1.0615984218128796
61947.3965 lsst_hardware_r 594.9037603996122 32.48482652778456 31.479999542236328 AB 5.761733935287229 1.0669877657939313
61950.1693 lsst_hardware_i 622.824811927709 42.72572712136232 31.139999389648438 AB 10.43416787546203 1.7682782486060298
61950.1906 lsst_hardware_z 1508.8433206701736 90.45157686484183 32.08000183105469 AB 9.049697292959468 1.5759388108304229
61950.2167 lsst_hardware_r 2249.875738617398 62.98915575453077 32.61000061035156 AB 3.925015139652427 1.4027931163874685
61954.3587 lsst_hardware_g 258.43814886504424 22.092589227765778 31.3799991607666 AB 6.959361266912005 1.0609995452089804
61954.3712 lsst_hardware_i 948.7554714955892 43.369469507231706 31.239999771118164 AB 6.97923532788095 1.0640294740833098
61958.3772 lsst_hardware_r 1579.8555679041212 106.50464629470319 31.649999618530273 AB 1.5230261384498105 1.074445247583915
61958.3885 lsst_hardware_y 187.29632905644726 59.36754495414074 30.030000686645508 AB 1.6097379721328993 1.0855825371245809
61965.3228 lsst_hardware_z 851.1020344085632 54.66973653424657 30.950000762939453 AB 6.3859699406858965 1.0609245239333085
61965.3359 lsst_hardware_i 1244.6861746584564 54.398016368383004 31.280000686645508 AB 6.0549647684548225 1.0622745207815478
61974.3776 lsst_hardware_z 726.4652657257609 50.836805086979034 30.93000030517578 AB 5.871500053804504 1.138549554742002
61974.3888 lsst_hardware_r 949.3902977143133 38.19418672540158 31.459999084472656 AB 5.975042485618458 1.1644986329406468
61976.3463 lsst_hardware_r 830.7617730517064 37.171615987406554 31.479999542236328 AB 6.028798546746593 1.0941558161064597
61976.3575 lsst_hardware_u -3.2966596481770325 2.565669481350238 28.280000686645508 AB 6.111418297484392 1.1108976546566394
61978.3374 lsst_hardware_g 99.88828723430342 16.705414510387993 31.3700008392334 AB 2.749231840821258 1.089739779674146
61978.3502 lsst_hardware_r 731.9452788453009 35.77541797197999 31.469999313354492 AB 2.788015487892242 1.1078940941355107
61979.3406 lsst_hardware_i 904.8835478207201 42.44622562376107 31.229999542236328 AB 3.428879383715304 1.0975633547062777
61979.3532 lsst_hardware_z 764.9798742067551 49.81600306907877 30.93000030517578 AB 3.4805438577006163 1.1175887373543667
61992.2347 lsst_hardware_z 445.8489781451462 58.15482949620636 30.979999542236328 AB 4.965896277228437 1.0643867275165444
61992.2464 lsst_hardware_r 399.9328534330283 67.91357754478915 31.649999618530273 AB 4.720132602716723 1.061180890898766
61994.2382 lsst_hardware_z 932.527947814929 71.72661108009878 31.700000762939453 AB 2.8805409101289947 1.0616244140524551
61997.2992 lsst_hardware_r 259.7358422728526 30.112233295779532 31.520000457763672 AB 5.271075888263086 1.109310955088737
61997.3104 lsst_hardware_u 0.3302857520780544 4.1789251552674775 28.690000534057617 AB 5.347484175203999 1.1295115486595788
62009.0895 lsst_hardware_r 164.90932558848888 29.631651273630776 31.510000228881836 AB 1.8364123302973416 1.2484108295699128
62009.0942 lsst_hardware_z 282.4094436417691 47.15310319788834 30.940000534057617 AB 1.8187163560134836 1.231775385041303
62011.1525 lsst_hardware_r 146.70250444696828 40.92393576719037 31.600000381469727 AB 5.663269830435335 1.0890903520067952
62011.1634 lsst_hardware_i 165.71939492606248 41.2867674837652 31.280000686645508 AB 5.602554944435548 1.0774144123914515
62013.2293 lsst_hardware_z 408.50364420590006 78.06201527624222 31.719999313354492 AB 4.5085353738781775 1.0764081112279285
62016.2341 lsst_hardware_r 243.13137285091457 106.5413964284449 31.649999618530273 AB 0.7930158789790465 1.0903059747649586
62016.2469 lsst_hardware_i 107.12344757453447 84.84442554325345 31.31999969482422 AB 0.7996888466986436 1.1086259427430365
62017.0504 lsst_hardware_r 181.1823897393664 118.07861647198317 31.600000381469727 AB 2.0231091200655307 1.3188455802248924
62017.0575 lsst_hardware_i 102.75096518732238 92.97442791454685 31.299999237060547 AB 2.0539159297832064 1.287990758643315
62020.2648 lsst_hardware_z 185.68509922009534 61.308438198443916 30.969999313354492 AB 2.3160737129745432 1.1685538410567826
62020.2763 lsst_hardware_i 204.49633111002387 65.26455265472532 31.299999237060547 AB 2.330888477564803 1.200663707536815
62030.1321 lsst_hardware_i 30.840565871883747 31.914128547326527 31.25 AB 0.639067550876306 1.0639304398621312
62030.1435 lsst_hardware_z 114.30297031579964 42.82910086784228 30.950000762939453 AB 0.6338265113403331 1.061093489968546
62031.2177 lsst_hardware_u 2.3363891913559223 2.749152488592832 28.31999969482422 AB 1.571996916656783 1.1297815775217943
62031.228 lsst_hardware_g -4.759689563804663 14.078374597793331 31.360000610351562 AB 1.6057622657125918 1.1519786685330624
62033.2038 lsst_hardware_g -12.43100506447495 13.980499180219656 31.3799991607666 AB 6.940143322082476 1.114166531077617
62033.216 lsst_hardware_r 27.40025565169925 23.784438426221556 31.469999313354492 AB 6.622764519051501 1.1374760151803118
62035.2035 lsst_hardware_i 94.66755571802466 32.486969320372424 31.239999771118164 AB 2.5092276341854878 1.12345092195455
62035.2151 lsst_hardware_r 111.94551489379033 23.942811164329676 31.479999542236328 AB 2.32815349541424 1.147438883890705
62037.2067 lsst_hardware_u 5.527161925768769 2.6365342924290593 28.360000610351562 AB 4.39604115684027 1.1409398278846512
62037.219 lsst_hardware_g -6.1290531332004 13.997984899105507 31.3700008392334 AB 4.482863111808275 1.1701548190571105
62039.2044 lsst_hardware_r 39.04732613975494 27.376749893053873 31.5 AB 3.8972664698797286 1.1479429955463119
62039.2166 lsst_hardware_i 38.40256918411367 34.42738874040118 31.229999542236328 AB 3.5733181497208437 1.1782759341792186
62041.222 lsst_hardware_z 80.91081169408844 52.692105636050975 30.950000762939453 AB 4.456966124419953 1.2100360518785505
62041.2336 lsst_hardware_r 58.448840004263715 50.03973663473453 31.56999969482422 AB 4.736999859749998 1.249455947180838
62043.1751 lsst_hardware_i 170.0972756403767 60.652958655572576 31.309999465942383 AB 4.689578676925051 1.111801488128272
62043.1876 lsst_hardware_z 163.82447477318726 59.14545819114921 30.969999313354492 AB 4.788236656680191 1.1351912415078689
62046.0051 lsst_hardware_y 43.919974446403934 57.51214664670945 30.0 AB 2.4216739730916914 1.1939230762982866
62046.0106 lsst_hardware_r -8.405505563274401 95.15416199941484 31.6200008392334 AB 2.4349068691616953 1.1784183274833875
62050.0786 lsst_hardware_r -30.073914418950096 54.75 31.6299991607666 AB 4.294753431663553 1.0635184626171121
62050.0919 lsst_hardware_g -78.37271723726846 63.93000030517578 31.719999313354492 AB 8.757685512107656 1.0608946713633522
62052.0757 lsst_hardware_r -42.60713799272162 22.299999237060547 31.489999771118164 AB 3.42179495248451 1.062669239902022
62052.0878 lsst_hardware_i 58.655684762970594 30.389999389648438 31.25 AB 5.752600535839231 1.0608760785319007
62054.1597 lsst_hardware_i -31.068269262217722 30.979999542236328 31.239999771118164 AB 5.111154452545148 1.1396955074798594
62054.1712 lsst_hardware_u 0.4494468102427718 2.619999885559082 28.350000381469727 AB 4.50370253766649 1.166611200017223
62057.1533 lsst_hardware_i -17.75062136309513 31.18000030517578 31.239999771118164 AB 9.512751079815503 1.1435885890381858
62057.165 lsst_hardware_r 29.253794145880033 22.81999969482422 31.469999313354492 AB 9.730240983978405 1.1717534903634297
62059.1405 lsst_hardware_z -23.517625397655202 42.47999954223633 30.940000534057617 AB 8.87942190289945 1.1283217327770467
62059.1521 lsst_hardware_u 0.5072690101370995 2.6700000762939453 28.389999389648438 AB 9.040324241974355 1.1532864604654771
62064.1412 lsst_hardware_g -15.538130426409294 13.779999732971191 31.389999389648438 AB 3.1058013734160723 1.1598909648012221
62064.1518 lsst_hardware_r 34.481220462141756 23.15999984741211 31.469999313354492 AB 3.1618069863200526 1.1879049416355865
62065.1375 lsst_hardware_i -2.572622046486395 31.309999465942383 31.229999542236328 AB 4.3986361975407595 1.1575358414580947
62065.1491 lsst_hardware_z 12.797746415865294 43.29999923706055 30.93000030517578 AB 4.486453213603241 1.1879923774932453
62067.1402 lsst_hardware_i -11.046785160123191 32.560001373291016 31.229999542236328 AB 3.3847653390991583 1.178436883662341
62067.1513 lsst_hardware_u 4.235645400096112 2.740000009536743 28.34000015258789 AB 3.474284279941573 1.2109739560618937
62070.1404 lsst_hardware_g 12.70766634653435 42.63999938964844 31.639999389648438 AB 4.3793865525276345 1.2025775430281833
62070.1517 lsst_hardware_r 22.734555666369843 46.630001068115234 31.579999923706055 AB 4.398876916716918 1.239702278078981
62075.0813 lsst_hardware_y -46.417804174170676 52.59000015258789 30.040000915527344 AB 4.505810771904995 1.1016652254043657
62075.0924 lsst_hardware_r -108.53731705850856 75.70999908447266 31.6299991607666 AB 6.103491235537626 1.1199922750431157
62077.0831 lsst_hardware_i -49.453991593060024 63.119998931884766 31.31999969482422 AB 3.3642828723268994 1.1132329923596525
62077.0947 lsst_hardware_z 5.777865458302019 59.130001068115234 30.969999313354492 AB 4.640962233323022 1.1350796266075052
62079.0862 lsst_hardware_r 123.20447594720628 66.31999969482422 31.6200008392334 AB 4.333071807213319 1.1289431083972346
62079.0969 lsst_hardware_g -68.10242835449266 77.01000213623047 31.68000030517578 AB 4.389581249353088 1.151919502104617
62288.4232 lsst_hardware_i 5.486820788874038 54.13999938964844 31.309999465942383 AB 6.662242277724805 1.0645960814516842
62288.4376 lsst_hardware_y -14.595934217289788 70.97000122070312 30.059999465942383 AB 6.626567403422302 1.0609297796064903
62302.4029 lsst_hardware_g 6.824791843223879 13.449999809265137 31.40999984741211 AB 12.556566478350966 1.0608194715587973
62302.4161 lsst_hardware_r 52.74605546235493 22.219999313354492 31.489999771118164 AB 12.645730899787909 1.063172734897955
62306.4036 lsst_hardware_i 14.472407662537265 30.399999618530273 31.25 AB 3.0832214801109505 1.0626607048663415
62306.418 lsst_hardware_u -1.1905385985148165 2.75 28.479999542236328 AB 2.7886994881246676 1.069662581348783
62308.3882 lsst_hardware_g -13.255720963199739 13.390000343322754 31.399999618530273 AB 3.21091993078102 1.0608766291126717
62308.4012 lsst_hardware_r 7.4537982174659065 22.190000534057617 31.479999542236328 AB 3.2338507807597487 1.0637083868515154
62310.3963 lsst_hardware_i 9.332881759921978 42.810001373291016 32.0 AB 3.500314548573988 1.0639253947033398
62310.4117 lsst_hardware_r -29.992862903980395 31.420000076293945 32.22999954223633 AB 3.5132978132160297 1.0730357281392642
62312.3966 lsst_hardware_z 64.42467576330984 86.56999969482422 31.729999542236328 AB 4.763352794669924 1.0666212639678874
62314.4078 lsst_hardware_r 20.62528902345431 97.83999633789062 31.649999618530273 AB 7.742515995094277 1.0792341871915188
62314.4219 lsst_hardware_i 50.286147052074924 77.37999725341797 31.31999969482422 AB 7.791319811113886 1.095722831114835
62323.4009 lsst_hardware_i -101.74369671279756 31.309999465942383 31.25 AB 5.488877948743371 1.1007844004431733
62323.4125 lsst_hardware_u 0.19521567460838485 3.1600000858306885 28.520000457763672 AB 5.487187451879642 1.119834173852988
62327.3138 lsst_hardware_r -10.765066858664051 22.360000610351562 31.489999771118164 AB 8.443250765910419 1.0659772871699038
62327.3255 lsst_hardware_i 35.55802705748073 30.309999465942383 31.239999771118164 AB 8.4020777112678 1.0617397752281292
62328.3102 lsst_hardware_z -30.71653640588323 41.41999816894531 30.940000534057617 AB 9.093188228928897 1.066430730222992
62328.3231 lsst_hardware_u 1.0426483329221148 2.609999895095825 28.3799991607666 AB 9.099840270456694 1.0616701496814185
62330.3182 lsst_hardware_g -5.063590335808502 13.380000114440918 31.3700008392334 AB 6.4755059234277255 1.0615583481029058
62330.3325 lsst_hardware_r 13.080029725503802 22.270000457763672 31.469999313354492 AB 6.474258433999337 1.0613538416392356
62332.3407 lsst_hardware_r 7.744228572630511 22.399999618530273 31.479999542236328 AB 3.9290511070953227 1.0659389872749112
62332.3531 lsst_hardware_i 19.729591235817388 30.559999465942383 31.239999771118164 AB 4.022406629798846 1.0742172866334214
62343.34 lsst_hardware_z 166.81076224040117 107.61000061035156 31.739999771118164 AB 7.758285665343486 1.0921010227116394
62345.3375 lsst_hardware_r 78.3703099486897 79.05999755859375 31.639999389648438 AB 3.3977276429696324 1.0960411751514942
62345.3492 lsst_hardware_i 34.64832929832463 64.88999938964844 31.309999465942383 AB 3.4825124721581777 1.114106895918372
62347.2406 lsst_hardware_r 110.69782851824286 55.36000061035156 31.6299991607666 AB 4.8597339838424825 1.0799408852983294
62347.2526 lsst_hardware_i 58.871135066502326 48.439998626708984 31.309999465942383 AB 4.72790030049144 1.0699027609168226
62348.2383 lsst_hardware_z -21.198774887180093 46.779998779296875 30.959999084472656 AB 3.4544489708021753 1.0795153033756797
62348.2503 lsst_hardware_r -31.578536265556405 44.369998931884766 31.610000610351562 AB 3.822529894291559 1.0696131218724194
62351.2371 lsst_hardware_u 0.5572780034531176 2.680000066757202 28.420000076293945 AB 2.3889585842762826 1.0732872711087753
62351.2486 lsst_hardware_r -1.9326516983609832 24.139999389648438 31.510000228881836 AB 2.350660121692291 1.065817330171068
62352.2385 lsst_hardware_i 25.610708166333993 30.6299991607666 31.239999771118164 AB 1.6490175471432635 1.0702114962530644
62352.2501 lsst_hardware_z 10.488514471736194 41.4900016784668 30.940000534057617 AB 1.0341315013749852 1.0639212977108903
62356.2334 lsst_hardware_g -16.336874607813712 13.880000114440918 31.420000076293945 AB 3.3065416365697557 1.0666263343773406
62356.2455 lsst_hardware_r 11.844689805875142 22.719999313354492 31.5 AB 3.2919833150952833 1.0619301016436398
62362.3148 lsst_hardware_i 10.538122367024963 31.260000228881836 31.239999771118164 AB 3.8192687186214114 1.1370255190894347
62362.325 lsst_hardware_z -71.29414365901893 42.79999923706055 30.940000534057617 AB 3.9447806404972905 1.160229600146262
62364.2909 lsst_hardware_z -2.130828432731913 42.099998474121094 30.950000762939453 AB 5.016444387951914 1.1036876655681902
62367.2884 lsst_hardware_r -23.486153217127743 41.93000030517578 31.600000381469727 AB 2.7429092567617492 1.1128549576068176
62367.2986 lsst_hardware_i -63.64854924703474 41.310001373291016 31.290000915527344 AB 3.0526881377742336 1.1317779730370685
62369.2856 lsst_hardware_z 60.38862923966613 122.37000274658203 32.47999954223633 AB 1.1970974058809343 1.1174771583485967
62371.2968 lsst_hardware_z 35.327618374740176 74.7300033569336 30.979999542236328 AB 2.3205016493745285 1.1515660970387636
62371.308 lsst_hardware_r -59.058457421492875 110.27999877929688 31.6299991607666 AB 2.3672862820118388 1.1798577640130443
62380.2354 lsst_hardware_g -1.1710137135122844 17.440000534057617 31.489999771118164 AB 1.7556862141831244 1.0876734419306915
62380.2452 lsst_hardware_r 0.5886240088447997 26.3700008392334 31.520000457763672 AB 1.82758113542785 1.1006762170707252
62382.2413 lsst_hardware_i 3.8535712509232836 30.770000457763672 31.239999771118164 AB 0.8147507738513396 1.1030019501591377
62382.2525 lsst_hardware_z -71.82714278428391 42.150001525878906 30.940000534057617 AB 1.3506801854484467 1.1218273965518661
62385.1441 lsst_hardware_i 16.703425180490612 30.530000686645508 31.25 AB 0.6682127708166271 1.0734341699865497
62385.1567 lsst_hardware_z 103.89080680852966 41.310001373291016 30.950000762939453 AB 0.7207241110407837 1.0653719305850462
62387.1459 lsst_hardware_r -2.8955144253891225 22.3799991607666 31.479999542236328 AB 2.8456576573189607 1.0682900637518387
62387.1575 lsst_hardware_u -1.7257207155064798 2.5999999046325684 28.3700008392334 AB 2.7677243415906165 1.0628741711177483
