data/validation/pwv_sim_epoch_fit_seasonal/39255834.ecsv
# %ECSV 0.9
# ---
# datatype:
# - {name: time, datatype: float64}
# - {name: band, datatype: string}
# - {name: flux, datatype: float64}
# - {name: fluxerr, datatype: float64}
# - {name: zp, datatype: float64}
# - {name: zpsys, datatype: string}
# - {name: pwv, datatype: float64}
# - {name: airmass, datatype: float64}
# meta: {SNID: '39255834', alt: 1024.0, c: 0.014465909451246262, dec: -10.199918, lat: -30.244573, lon: -70.7499537, ra: 213.222656, t0: 61957.07421875,
#   x0: 6.074340220595441e-06, x1: 0.3807354271411896, z: 0.566216230392456}
# schema: astropy-2.0
time band flux fluxerr zp zpsys pwv airmass
[from data line 132]
62249.2343 lsst_hardware_g -12.199272751326596 19.09000015258789 31.520000457763672 AB 4.880892883105055 1.0832987699939085
62253.1947 lsst_hardware_i 300.4432472365542 114.41999816894531 31.34000015258789 AB 3.814392384471115 1.0637394518627326
62253.2128 lsst_hardware_r 244.2596606127176 146.89999389648438 31.649999618530273 AB 3.025235728358768 1.0723033153243307
62255.2001 lsst_hardware_z 40.856562793924816 142.61000061035156 31.75 AB 10.421645797285745 1.06735413737053
62258.1946 lsst_hardware_r 8.710586858756791 58.2400016784668 31.6299991607666 AB 8.470925041226259 1.068953882418608
62258.2119 lsst_hardware_i 16.388505706734055 51.209999084472656 31.299999237060547 AB 8.615885511746088 1.0861272600738827
62260.1883 lsst_hardware_z 43.06618392710834 45.0 30.950000762939453 AB 9.909547742338217 1.0684244504268556
62260.2068 lsst_hardware_r -14.437764889496721 37.5099983215332 31.59000015258789 AB 9.985727854582835 1.0866158333559492
62262.1839 lsst_hardware_u -0.9256891502583638 4.03000020980835 29.229999542236328 AB 3.4681536650027422 1.0690979238602782
62262.2026 lsst_hardware_g -6.4551068903668805 22.3700008392334 32.220001220703125 AB 3.550254101992117 1.08836729061687
62265.1773 lsst_hardware_r 9.859972256454693 24.8700008392334 31.520000457763672 AB 8.22120751635775 1.070191033110876
62265.1961 lsst_hardware_u 7.92126598840508 2.990000009536743 28.579999923706055 AB 8.297894022320886 1.0908234550178635
62267.1804 lsst_hardware_g 12.221733361531237 15.8100004196167 31.479999542236328 AB 8.388660514338193 1.077795307951537
62267.1994 lsst_hardware_r 32.51422123081841 24.969999313354492 31.520000457763672 AB 8.61814348188815 1.1055516311324844
62276.1172 lsst_hardware_z -22.135022948019465 42.70000076293945 30.950000762939453 AB 8.72657409026462 1.0660364146426362
62276.1383 lsst_hardware_g -10.971822031946079 17.049999237060547 31.489999771118164 AB 8.202967496669514 1.0653204541129238
62278.1152 lsst_hardware_r -48.45469583928422 43.130001068115234 31.610000610351562 AB 4.9372508579819465 1.064751101570353
62278.1361 lsst_hardware_z -66.12066350717359 47.09000015258789 30.959999084472656 AB 5.235783579506345 1.066731234046013
62281.0752 lsst_hardware_i 52.745024254740784 99.11000061035156 31.329999923706055 AB 5.344745972224499 1.0944498765689563
62281.0962 lsst_hardware_r -58.81029956923182 118.66999816894531 31.649999618530273 AB 6.14300749322021 1.0703035966931282
62284.0926 lsst_hardware_z -6.688187723311372 113.66999816894531 31.739999771118164 AB 8.121070635366076 1.0673915402453036
62287.0982 lsst_hardware_z 99.7488627103319 49.7599983215332 30.969999313354492 AB 9.346389571083417 1.0635400058128603
62287.1221 lsst_hardware_r 45.26303049347797 54.2599983215332 31.6299991607666 AB 9.443279553136357 1.074157831933308
62303.0548 lsst_hardware_i -19.247581586292117 31.889999389648438 31.260000228881836 AB 9.153342694940385 1.063538336715318
62303.0769 lsst_hardware_r -1.9009986506753591 24.469999313354492 31.510000228881836 AB 9.386161187157322 1.0728267444458592
62305.0438 lsst_hardware_z 21.20990879788937 42.90999984741211 30.950000762939453 AB 5.98902546642499 1.0641480928259683
62305.0663 lsst_hardware_g -7.09351719159633 21.100000381469727 31.56999969482422 AB 6.01049721180916 1.0689762648463055
62309.0503 lsst_hardware_z -29.21314668960823 105.37000274658203 31.739999771118164 AB 3.142586838755746 1.0661872226482225
62309.0731 lsst_hardware_r -5.372162206971079 138.5 32.400001525878906 AB 3.2086152581045684 1.08674521866366
62311.0116 lsst_hardware_i -102.6305228247808 81.75 31.329999923706055 AB 4.314772583024041 1.072392837833737
62311.0331 lsst_hardware_z -86.99583288312736 72.43000030517578 30.989999771118164 AB 4.332060715078446 1.063539118659206
62313.0179 lsst_hardware_g -12.635317816439782 102.69999694824219 31.729999542236328 AB 4.332026674381111 1.065339783846463
62313.0402 lsst_hardware_r 201.47238178343656 94.69999694824219 31.649999618530273 AB 4.353210641387258 1.0665712707062032
62323.9798 lsst_hardware_y -73.3544860245213 47.68000030517578 30.040000915527344 AB 4.347366185311962 1.0695943376336072
62324.0137 lsst_hardware_r -32.940949031985944 25.09000015258789 31.520000457763672 AB 3.205566096232988 1.0685220320776627
62325.9769 lsst_hardware_y 32.750819824074696 47.88999938964844 30.040000915527344 AB 3.234168767438121 1.067969873672467
62326.0082 lsst_hardware_z 17.29252014773737 42.599998474121094 30.950000762939453 AB 2.6114094660438485 1.0684981448623905
62330.9612 lsst_hardware_y -37.640527714711766 57.5099983215332 30.049999237060547 AB 9.016790922163233 1.0692480884831916
62330.9813 lsst_hardware_r -21.486095716022163 25.469999313354492 31.530000686645508 AB 9.120119630657726 1.0636948484555313
62332.9596 lsst_hardware_y 7.213025561617956 64.66000366210938 30.049999237060547 AB 4.530016845350437 1.0669742118278487
62332.9795 lsst_hardware_r 13.94023460612594 26.84000015258789 31.530000686645508 AB 4.478777889782204 1.064348357838081
62334.9603 lsst_hardware_z 37.91558494515799 61.2599983215332 30.979999542236328 AB 2.0636127165009546 1.064540993810139
62334.9828 lsst_hardware_g 47.03246680417728 35.66999816894531 31.670000076293945 AB 2.0767298977990203 1.068002004525081
