data/validation/pwv_sim_epoch_fit_seasonal/39260317.ecsv
# %ECSV 0.9
# ---
# datatype:
# - {name: time, datatype: float64}
# - {name: band, datatype: string}
# - {name: flux, datatype: float64}
# - {name: fluxerr, datatype: float64}
# - {name: zp, datatype: float64}
# - {name: zpsys, datatype: string}
# - {name: pwv, datatype: float64}
# - {name: airmass, datatype: float64}
# meta: {SNID: '39260317', alt: 1024.0, c: -0.06264468282461166, dec: -2.985506, lat: -30.244573, lon: -70.7499537, ra: 4.746094, t0: 62406.13671875,
#   x0: 2.2410531875442297e-05, x1: -0.9914377331733704, z: 0.32672131061553955}
# schema: astropy-2.0
time band flux fluxerr zp zpsys pwv airmass
62313.4192 lsst_hardware_z 93.88980184912744 59.86000061035156 30.969999313354492 AB 6.693536424227711 1.1439987052175202
62313.4391 lsst_hardware_y -10.00897035669248 64.33999633789062 30.030000686645508 AB 6.559021186937301 1.1280779430609358
62318.3901 lsst_hardware_i -58.41751941996817 65.68000030517578 31.299999237060547 AB 11.34058488854762 1.169132462736868
62318.4114 lsst_hardware_y 76.17440471941273 54.869998931884766 30.020000457763672 AB 11.033409555335384 1.1374649026118953
62320.4224 lsst_hardware_z 26.185324820411108 74.41999816894531 31.709999084472656 AB 7.89143159901033 1.12734737128719
62324.4312 lsst_hardware_r -7.81300250488004 26.670000076293945 31.520000457763672 AB 1.9248022614228026 1.1308507778250743
62326.4116 lsst_hardware_z 43.54815550549169 61.18000030517578 31.700000762939453 AB 2.3238463139560857 1.126622324154534
62326.4361 lsst_hardware_y -55.85304550258111 52.41999816894531 30.020000457763672 AB 2.624139652428925 1.1395677569987734
62329.3778 lsst_hardware_i -56.24054792739355 32.63999938964844 31.239999771118164 AB 8.936433577527243 1.141270531276427
62329.4011 lsst_hardware_u -5.270790483630738 2.759999990463257 28.3799991607666 AB 8.584513033054376 1.1267613497036786
62331.372 lsst_hardware_g -16.397473008197753 15.739999771118164 31.440000534057617 AB 6.507484746124777 1.1416639905482064
62331.3922 lsst_hardware_r 18.781625234191505 24.8700008392334 31.5 AB 6.663479283458497 1.1273968840975377
62333.3726 lsst_hardware_i 44.54630987210337 32.45000076293945 31.25 AB 1.680486378758244 1.135463769431246
62333.3938 lsst_hardware_r 44.97750421846941 24.950000762939453 31.510000228881836 AB 3.86216152875855 1.1266515544803237
62335.368 lsst_hardware_u 1.2370928726430717 2.7300000190734863 28.360000610351562 AB 1.7994765298313466 1.1347198296361618
62335.3926 lsst_hardware_g 1.0699998922257536 15.699999809265137 31.450000762939453 AB 2.091050536605901 1.127250963129866
62344.3708 lsst_hardware_r -168.87335603716338 102.70999908447266 31.639999389648438 AB 2.831267217336403 1.1280698123393598
62344.3918 lsst_hardware_i -118.13689708209533 81.81999969482422 31.31999969482422 AB 3.3552492984791638 1.1453317284448417
62346.3363 lsst_hardware_i -50.02017677038139 120.61000061035156 32.06999969482422 AB 4.782647644947428 1.1362007392177924
62346.3561 lsst_hardware_z -3.0639287978516228 106.91999816894531 31.739999771118164 AB 4.7346878718449 1.1266583605096037
62350.3136 lsst_hardware_g 29.173702642499133 35.970001220703125 31.639999389648438 AB 1.6055738252517475 1.1502618449563053
62350.3381 lsst_hardware_r -40.60646275977269 40.79999923706055 31.59000015258789 AB 1.6351690250337325 1.128091773048453
62353.2954 lsst_hardware_i 59.82869166497894 32.7599983215332 31.229999542236328 AB 1.8455446917542808 1.1674505166605889
62353.3192 lsst_hardware_r 43.86470385694462 24.920000076293945 31.5 AB 1.846303175661778 1.13444127536822
62355.3073 lsst_hardware_u -1.0982031455650307 2.7699999809265137 28.40999984741211 AB 4.7720717296962984 1.1407342780151644
62355.3304 lsst_hardware_g 14.804292912484664 15.270000457763672 31.43000030517578 AB 4.695518783647175 1.1267442289986822
62357.3282 lsst_hardware_r -34.721695842019365 24.510000228881836 31.5 AB 5.038044307328529 1.126659181661244
62357.348 lsst_hardware_i 47.64072391917876 32.33000183105469 31.239999771118164 AB 5.58009180048761 1.1361278225567768
62361.3236 lsst_hardware_z -77.26846728574391 60.650001525878906 31.700000762939453 AB 4.072525685152497 1.1278110454590133
62361.3441 lsst_hardware_r 36.751300150192606 34.61000061035156 32.25 AB 5.358242896318032 1.1437017921703376
62363.2884 lsst_hardware_i 6.42364486683669 32.380001068115234 31.25 AB 5.346854900948353 1.1376287023294367
62363.3104 lsst_hardware_u 3.6228184172085913 2.8499999046325684 28.479999542236328 AB 5.333896527241568 1.1266415251513555
62368.2633 lsst_hardware_i -52.897426827798526 48.290000915527344 31.290000915527344 AB 1.748645279688013 1.1520034782462891
62368.2846 lsst_hardware_r 21.06750555298413 53.31999969482422 31.610000610351562 AB 1.7718548312027826 1.1300695176419555
62370.2986 lsst_hardware_z 146.16418037689166 89.2699966430664 31.729999542236328 AB 2.039129783374073 1.127681340176454
62373.271 lsst_hardware_z -67.46955220701393 168.10000610351562 32.18000030517578 AB 3.6771600282472994 1.1300430326512905
62377.2617 lsst_hardware_z 50.037842304722204 84.0999984741211 31.719999313354492 AB 6.89198627858891 1.1292167578245074
62379.2095 lsst_hardware_g 4.177963369522882 23.829999923706055 31.540000915527344 AB 5.099998654779224 1.2028298714101944
62381.2092 lsst_hardware_i -44.16370826924546 46.28107222727416 31.979999542236328 AB 2.586697442435469 1.1891950543722944
62381.2261 lsst_hardware_r 27.158306984308183 24.738186181825867 31.489999771118164 AB 2.537899542071834 1.1546841518431092
62384.2034 lsst_hardware_z 33.91249563145675 43.948566761101475 30.940000534057617 AB 2.550012182969873 1.183391839880829
62384.2223 lsst_hardware_u 2.577513770156364 2.83401964293541 28.389999389648438 AB 2.044355271988011 1.1480842036623051
62388.1953 lsst_hardware_i 543.3941115438142 39.41487784912585 31.239999771118164 AB 3.792419140708428 1.1769475182583793
62388.2141 lsst_hardware_z 470.8806492094392 47.91556161542238 30.940000534057617 AB 3.4825826589563205 1.1444570026146303
62391.2007 lsst_hardware_i 1052.9481220259063 46.63109571225349 31.239999771118164 AB 3.094264006924253 1.151711168830367
62391.2207 lsst_hardware_u 19.050333762441618 5.438471226870476 28.3799991607666 AB 3.4252873433998383 1.1307066494496933
62394.1946 lsst_hardware_g 2339.7671151461277 54.68681694005547 31.56999969482422 AB 1.1912403434476193 1.1486447666831203
62394.2124 lsst_hardware_r 3057.04162045353 62.16906314115484 31.540000915527344 AB 0.8721084596424947 1.130772719147481
62397.1836 lsst_hardware_i 3410.3711086215235 76.85139923379366 31.290000915527344 AB 1.385395217103971 1.152814825965443
62400.0888 lsst_hardware_z 2919.467979124488 113.15351186410439 30.93000030517578 AB 5.739312738927395 1.541168834298441
62402.1885 lsst_hardware_i 4711.027371080762 144.34158596824201 31.329999923706055 AB 2.2179832038596183 1.1321054209406816
62402.2097 lsst_hardware_z 3467.823014409086 121.23523760545979 30.989999771118164 AB 2.2459101266896346 1.1272762891196595
62405.175 lsst_hardware_i 5202.5845525584045 96.35802327729446 31.309999465942383 AB 3.8638157645065014 1.1364164013254416
62405.1946 lsst_hardware_z 3588.8916297587825 84.24206219759759 30.969999313354492 AB 3.8165901178274373 1.1266963864776316
62410.1402 lsst_hardware_r 6238.302030652227 83.53703826648041 31.489999771118164 AB 7.008552299213741 1.166633757671867
62410.1592 lsst_hardware_i 5021.792379770268 77.16363220876262 31.25 AB 6.662258797292453 1.1385232920467612
62412.141 lsst_hardware_z 3122.7610631430443 70.30395915208494 30.940000534057617 AB 3.6586841681605597 1.1554347601959765
62412.1591 lsst_hardware_u 22.564127606136392 5.360287348977841 28.350000381469727 AB 3.60446299434935 1.133657177024485
62415.1434 lsst_hardware_g 2611.8959849152507 53.46650174183269 31.43000030517578 AB 4.9806261011768775 1.1408408867151987
62415.1624 lsst_hardware_r 5158.781933534245 76.43427133303996 31.5 AB 4.887053704968337 1.1275431054895282
62419.1358 lsst_hardware_i 3638.2495690801206 67.69235426812065 31.229999542236328 AB 3.540274340361979 1.1373461859649288
62419.1548 lsst_hardware_u 13.831512449841561 4.526472766251729 28.34000015258789 AB 3.565931376609279 1.1268545983913032
62421.1377 lsst_hardware_g 1466.6271085737774 42.05516235921938 31.450000762939453 AB 6.806975923418222 1.1313846793681082
62421.1558 lsst_hardware_r 3502.116336637575 64.9328346795308 31.489999771118164 AB 6.770174978074647 1.126891277178386
62424.1035 lsst_hardware_r 3212.549265524593 67.87756380594574 31.56999969482422 AB 7.215080405305491 1.1637226460170147
62424.1221 lsst_hardware_i 2987.1076342709816 67.31857512999404 31.270000457763672 AB 7.051838462535066 1.1373933004088816
62428.1091 lsst_hardware_z 1961.8424772858625 90.76008758422711 30.989999771118164 AB 4.793789121378685 1.139524374163972
62428.1265 lsst_hardware_r 2361.679197706267 120.75291956775462 31.639999389648438 AB 4.245260379161197 1.1276590346632187
62430.1054 lsst_hardware_i 2406.188833574869 132.1005144061693 31.31999969482422 AB 3.0537901183242626 1.137705104622294
62430.1227 lsst_hardware_z 1821.7441927611815 111.0233090840757 30.989999771118164 AB 2.9810407808950234 1.1272251259095725
62436.0764 lsst_hardware_r 1272.7856314882158 42.4169537679756 31.489999771118164 AB 3.37718495683699 1.1539356344545115
62436.0939 lsst_hardware_i 2039.8815307381249 54.79965037371455 31.239999771118164 AB 4.821474532703072 1.1333978685244643
62439.0784 lsst_hardware_z 1571.7434989632143 57.593837897898354 30.940000534057617 AB 5.9182618869505585 1.1402469758430207
62439.0955 lsst_hardware_u 3.803747617466966 3.3373530134872342 28.440000534057617 AB 6.7677891540965245 1.1279648590160873
62441.0808 lsst_hardware_g 295.0272399642339 22.706661737985097 31.40999984741211 AB 4.576286038144181 1.1329777688826952
62441.1005 lsst_hardware_r 891.8205888314286 38.02820575421149 31.479999542236328 AB 6.1593622287581065 1.126798486852615
62450.0524 lsst_hardware_r 547.3521861817609 34.8564809468259 31.5 AB 9.730673853999146 1.1361636819427219
62450.0703 lsst_hardware_i 1059.5827426702247 45.537281207413116 31.239999771118164 AB 9.753295293717049 1.1268321060270405
62455.0616 lsst_hardware_z 1485.0751808195012 93.92406082565435 31.729999542236328 AB 6.031373800396971 1.1267277788899066
62457.0242 lsst_hardware_y 300.2918076182447 65.31829439115691 30.020000457763672 AB 4.012444018102467 1.146412576600705
62457.044 lsst_hardware_r 563.2421270444779 105.20877715624384 31.6299991607666 AB 4.227374771689486 1.1288803716374887
62459.0341 lsst_hardware_z 1267.6029520468437 114.11090703671128 31.729999542236328 AB 6.499566476565261 1.1312775255103147
62464.0235 lsst_hardware_y 193.88002938941057 61.39943044435003 30.030000686645508 AB 8.753892274692754 1.1295344870571296
62464.0431 lsst_hardware_i 777.6387111949875 42.34267344394492 31.25 AB 8.566086512017986 1.1280566935627916
62677.4376 lsst_hardware_g -6.442292531823026 23.920000076293945 31.56999969482422 AB 4.664135725574886 1.1304255272843664
62679.4005 lsst_hardware_i -13.958406915414555 47.529998779296875 31.989999771118164 AB 8.428174206465345 1.1716781992097236
62679.4233 lsst_hardware_y 41.39252484558673 48.70000076293945 30.010000228881836 AB 8.084085379276228 1.1372420875397382
62681.4208 lsst_hardware_u 2.3764293544948316 2.859999895095825 28.40999984741211 AB 2.2802979307193163 1.1345706596165435
62681.4407 lsst_hardware_z 1.3357055449110882 51.65999984741211 30.959999084472656 AB 2.285675023906284 1.126688312802966
62683.416 lsst_hardware_r -6.530947043245055 26.0 31.5 AB 11.000089490961175 1.1340298444289871
62683.4385 lsst_hardware_y 2.855765380616196 55.040000915527344 30.020000457763672 AB 10.534886266565945 1.1270472434098329
62687.4138 lsst_hardware_z 20.5816586377794 43.02000045776367 30.940000534057617 AB 4.553521178532425 1.1286923519455734
62687.4334 lsst_hardware_y 80.15443121892642 49.470001220703125 30.020000457763672 AB 5.9108886987791855 1.128840047510945
62689.4162 lsst_hardware_u 2.7684718702850337 2.7899999618530273 28.3700008392334 AB 1.73058384604986 1.126743321176188
62689.435 lsst_hardware_y -35.889738227451346 51.65999984741211 30.010000228881836 AB 1.8165954470176453 1.1330117133168014
62705.2606 lsst_hardware_z -65.56601673783211 97.41000366210938 32.40999984741211 AB 7.619934784533731 1.4803175880590056
62705.2989 lsst_hardware_r -8.534667213846653 56.65999984741211 32.709999084472656 AB 5.944874521011789 1.2625388335718084
62708.3885 lsst_hardware_u -0.9391374815001214 2.6700000762939453 28.299999237060547 AB 7.668953289192108 1.137686234025285
62708.4156 lsst_hardware_g 41.48774058913655 16.0 31.420000076293945 AB 7.896153274217669 1.1821326092023208
62712.3116 lsst_hardware_i -41.03631795535341 32.52000045776367 31.229999542236328 AB 5.17220054049771 1.169255236915951
62712.3339 lsst_hardware_r -12.978212394041678 24.520000457763672 31.479999542236328 AB 5.423846461864707 1.136598168873601
62717.3088 lsst_hardware_u -3.25990518572752 3.7100000381469727 29.040000915527344 AB 2.0936801094179347 1.1503736864933707
62717.3322 lsst_hardware_g 22.14888451404292 21.5 32.15999984741211 AB 2.037842074655826 1.128581544022056
62721.304 lsst_hardware_r 21.307133737618976 24.450000762939453 31.489999771118164 AB 2.9374918280977322 1.1422521690593903
62721.3268 lsst_hardware_i -10.457793278744372 32.0 31.239999771118164 AB 2.8870115550062945 1.1270051613557428
62724.3086 lsst_hardware_z -3.0194206891237827 55.29999923706055 30.959999084472656 AB 6.336732128427133 1.1308525258190656
62724.3296 lsst_hardware_r 124.74792459301015 67.4800033569336 31.6299991607666 AB 6.345657404735216 1.1278161209873308
62730.2701 lsst_hardware_i -79.7098848417817 83.5 31.31999969482422 AB 4.129230392213777 1.1553526559076042
62730.2884 lsst_hardware_z 28.76994531582327 74.43000030517578 30.979999542236328 AB 4.074032035551633 1.1334859944496285
62734.284 lsst_hardware_i -23.49207970811646 36.15999984741211 31.260000228881836 AB 1.1912179833253833 1.129384198459714
62734.3047 lsst_hardware_r 52.221999833905386 32.86000061035156 31.559999465942383 AB 1.5959775396500122 1.12869698702297
62737.2818 lsst_hardware_u 0.8677401919814874 2.819999933242798 28.459999084472656 AB 3.209609177970325 1.1272663721030205
62737.3015 lsst_hardware_g 7.3077872224461995 15.369999885559082 31.440000534057617 AB 3.52627073028302 1.1313330150895982
62739.2524 lsst_hardware_r 10.741796178728597 24.65999984741211 31.5 AB 2.531986619357648 1.1453066241581582
62739.2692 lsst_hardware_i 61.39960964248448 32.310001373291016 31.25 AB 2.5147533342313513 1.129972291274478
62741.2478 lsst_hardware_z 16.749244335069587 43.060001373291016 30.940000534057617 AB 4.515233348296251 1.144207462506969
62741.265 lsst_hardware_r 29.826605753049275 24.43000030517578 31.5 AB 4.174013562769718 1.1293326739095557
62743.2211 lsst_hardware_i -2.758275197597363 32.45000076293945 31.239999771118164 AB 3.3075107425634167 1.1819925819935377
62743.2383 lsst_hardware_u -0.9435839993905899 2.7699999809265137 28.420000076293945 AB 3.214968899585934 1.1496744880362133
62746.1514 lsst_hardware_i 34.08098620449412 34.58000183105469 31.190000534057617 AB 4.446452252415876 1.4594482228936134
62746.1724 lsst_hardware_r 2.7285471067045473 25.149999618530273 31.450000762939453 AB 3.3353812543934507 1.3286165992604617
62750.2147 lsst_hardware_z -21.884888494217996 46.54999923706055 30.950000762939453 AB 0.46555957638102996 1.1566697549839253
62750.2353 lsst_hardware_r -13.287358304199643 35.97999954223633 31.56999969482422 AB 0.48343062156607536 1.1323770171370104
62752.2082 lsst_hardware_i 141.95838566640595 51.93000030517578 31.290000915527344 AB 2.960949576420624 1.1584309766903849
62752.2266 lsst_hardware_z -21.82965068030564 52.779998779296875 30.959999084472656 AB 2.7319003503867614 1.1349028666011611
62754.2024 lsst_hardware_i -75.59445772652096 84.36000061035156 31.31999969482422 AB 4.366889844745648 1.1590179403478598
62754.2207 lsst_hardware_z -41.756381047275895 73.38999938964844 30.979999542236328 AB 4.167242119330069 1.1352820884481394
62759.1937 lsst_hardware_i -92.70684718533519 75.55000305175781 31.31999969482422 AB 1.1486269526592747 1.1510249212452022
62759.2126 lsst_hardware_r 52.20438366592662 89.83000183105469 31.639999389648438 AB 0.9840849373716427 1.1311321119234465
62763.1834 lsst_hardware_g 15.350504231524514 15.710000038146973 31.440000534057617 AB 7.040092264820283 1.1501069658681287
62763.2033 lsst_hardware_r -16.574614972288316 24.940000534057617 31.510000228881836 AB 6.899274296215126 1.1301793946431167
62766.1748 lsst_hardware_i -26.44845084323385 32.86000061035156 31.25 AB 2.6046325498546246 1.1507102053698364
