data/validation/pwv_sim_epoch_fit_seasonal/39284993.ecsv
# %ECSV 0.9
# ---
# datatype:
# - {name: time, datatype: float64}
# - {name: band, datatype: string}
# - {name: flux, datatype: float64}
# - {name: fluxerr, datatype: float64}
# - {name: zp, datatype: float64}
# - {name: zpsys, datatype: string}
# - {name: pwv, datatype: float64}
# - {name: airmass, datatype: float64}
# meta: {SNID: '39284993', alt: 1024.0, c: 0.013804350048303604, dec: -2.985506, lat: -30.244573, lon: -70.7499537, ra: 74.355469, t0: 60643.3125,
#   x0: 2.3328562768073803e-06, x1: 0.19073505699634552, z: 0.837237536907196}
# schema: astropy-2.0
time band flux fluxerr zp zpsys pwv airmass
[from data line 132]
61012.2193 lsst_hardware_z -27.39635405774464 69.16999816894531 30.979999542236328 AB 7.1294399785589055 1.130979357849641
61012.2394 lsst_hardware_i -15.575102966330032 78.36000061035156 31.31999969482422 AB 7.281448262087571 1.1543395536601015
61014.2299 lsst_hardware_z 81.68748629697798 122.38999938964844 31.729999542236328 AB 3.0652043635348156 1.1481241178141994
61016.223 lsst_hardware_r -88.33299049520703 81.26000213623047 31.6299991607666 AB 4.826794733169169 1.1460987138001115
61016.242 lsst_hardware_i -85.01373966363755 67.80999755859375 31.309999465942383 AB 5.0149914971229075 1.1811096319178407
61021.1912 lsst_hardware_r 24.74327432246622 23.520000457763672 31.489999771118164 AB 14.335400049152428 1.128771657413577
61021.2091 lsst_hardware_g 26.29392296745496 14.960000038146973 31.420000076293945 AB 14.345461604711375 1.145757885444809
61023.184 lsst_hardware_r -6.920210877079491 23.5 31.489999771118164 AB 8.57193025662814 1.12788556008265
61023.2021 lsst_hardware_i 15.068277566441296 31.68000030517578 31.239999771118164 AB 8.692259682368983 1.1437183792590768
61025.1853 lsst_hardware_z 71.49136645863493 42.70000076293945 30.940000534057617 AB 11.657685751024381 1.1320746336347673
61025.205 lsst_hardware_i -29.818140182072554 31.81999969482422 31.229999542236328 AB 11.890794938520084 1.1561549123481225
61027.1514 lsst_hardware_u -0.9190571118403476 2.6500000953674316 28.360000610351562 AB 3.421321035220691 1.1279080335892389
61027.171 lsst_hardware_g 15.561860237060221 14.359999656677246 31.40999984741211 AB 3.7450198892210405 1.1269996657300052
61029.1495 lsst_hardware_r -26.0762161208732 23.350000381469727 31.479999542236328 AB 3.4561030414963527 1.126500339470894
61029.1679 lsst_hardware_i 2.517824159872982 31.329999923706055 31.239999771118164 AB 4.306581736515995 1.1280172182776516
61031.1173 lsst_hardware_i -22.20499389663073 31.5 31.239999771118164 AB 4.520920604117677 1.1509472006409567
61031.1367 lsst_hardware_z -82.41205113943849 42.43000030517578 30.940000534057617 AB 3.984218793152925 1.1300076936382675
61033.1185 lsst_hardware_r 14.721111554959098 23.389999389648438 31.489999771118164 AB 7.051362198953007 1.141797732868695
61033.1374 lsst_hardware_g -2.2792475753506305 14.300000190734863 31.420000076293945 AB 7.025397299497754 1.1269033643978672
61035.1246 lsst_hardware_r -19.144239365424237 24.639999389648438 31.489999771118164 AB 8.520979846118045 1.130790800701239
61035.1439 lsst_hardware_i 16.3161523450934 31.799999237060547 31.229999542236328 AB 7.7880465841089235 1.1256029172003068
61037.1292 lsst_hardware_z 14.616642129092753 44.790000915527344 30.950000762939453 AB 6.898805604834327 1.1260598391960623
61037.1499 lsst_hardware_i -28.1923496289419 35.86000061035156 31.260000228881836 AB 6.968508372148828 1.1301963868384508
61039.1329 lsst_hardware_z 163.90624224291014 75.20999908447266 31.709999084472656 AB 8.85238508951833 1.1255893561309482
61041.126 lsst_hardware_r -79.96299094035366 93.63999938964844 31.6299991607666 AB 7.837578278196624 1.125421018590495
61041.1464 lsst_hardware_i 8.892409345790966 76.7300033569336 31.309999465942383 AB 7.9164186592234485 1.1362671463381075
61044.089 lsst_hardware_i 97.6866405855518 75.8499984741211 31.31999969482422 AB 2.624642971813733 1.141149118179884
61044.1095 lsst_hardware_z -15.175380859128323 67.87000274658203 30.979999542236328 AB 2.5902855641223606 1.126211114835809
61047.0908 lsst_hardware_r -9.484243838442792 23.1200008392334 31.479999542236328 AB 9.952240058456905 1.1315257065847064
61047.1128 lsst_hardware_g -29.542879857077796 29.190000534057617 31.6200008392334 AB 9.878453324590387 1.1259100526673758
61050.0888 lsst_hardware_r 50.957329783623905 23.40999984741211 31.489999771118164 AB 9.5746972454168 1.12780602835802
61050.1103 lsst_hardware_i -28.89326419905134 31.559999465942383 31.239999771118164 AB 9.556667942921 1.1278855130959018
61057.0812 lsst_hardware_u 0.6292000708762874 2.630000114440918 28.360000610351562 AB 3.0820465395159427 1.1253478921098912
61057.0994 lsst_hardware_g 3.7433554444666446 13.930000305175781 31.3799991607666 AB 2.3480861046818826 1.1332461895183041
61061.0538 lsst_hardware_z -80.47510341607305 61.65999984741211 31.700000762939453 AB 13.509374706122802 1.13064929888041
61065.0431 lsst_hardware_y 73.71866901251511 52.189998626708984 30.020000457763672 AB 8.024365162500699 1.1304974576471158
61065.0633 lsst_hardware_i -3.049001519245442 33.33000183105469 31.25 AB 7.611634000961987 1.1258286969412723
61067.0412 lsst_hardware_y 41.44965658671362 55.310001373291016 30.020000457763672 AB 12.40888189217108 1.1283793635134538
61067.0595 lsst_hardware_i 14.618195130514636 44.560001373291016 31.290000915527344 AB 12.839060551425415 1.1262333817039838
61069.0362 lsst_hardware_y -72.81311202279794 62.52000045776367 30.030000686645508 AB 14.359316293026207 1.128145369004082
61069.0552 lsst_hardware_z 34.17428182585436 60.4900016784668 30.969999313354492 AB 14.233681732860902 1.1265874785263095
61071.0341 lsst_hardware_y 65.62380099624724 65.18000030517578 30.040000915527344 AB 9.651347442209842 1.1267260366428455
61071.0512 lsst_hardware_i 66.85616273462182 73.13999938964844 31.31999969482422 AB 10.279871959238388 1.1271171491955911
61072.0438 lsst_hardware_z -34.15751802857928 96.97000122070312 31.729999542236328 AB 9.128704094537238 1.1257496725289478
61074.0331 lsst_hardware_y 117.97741751398416 60.900001525878906 30.040000915527344 AB 7.849926216237385 1.1253433356212577
61074.052 lsst_hardware_r 68.42276830607078 62.779998779296875 31.6299991607666 AB 8.961030677058233 1.1324441649258477
61078.0306 lsst_hardware_y 37.94044720332566 58.36000061035156 30.030000686645508 AB 5.426819226616282 1.126577817133371
61078.0498 lsst_hardware_u 0.547540016914364 2.5799999237060547 28.280000686645508 AB 7.01967715736154 1.141070763300063
