data/validation/pwv_sim_epoch_fit_seasonal/39428649.ecsv
# %ECSV 0.9
# ---
# datatype:
# - {name: time, datatype: float64}
# - {name: band, datatype: string}
# - {name: flux, datatype: float64}
# - {name: fluxerr, datatype: float64}
# - {name: zp, datatype: float64}
# - {name: zpsys, datatype: string}
# - {name: pwv, datatype: float64}
# - {name: airmass, datatype: float64}
# meta: {SNID: '39428649', alt: 1024.0, c: -0.10695958137512207, dec: -5.979157, lat: -30.244573, lon: -70.7499537, ra: 323.613281, t0: 60154.38671875,
#   x0: 0.00010751537711739282, x1: 0.5917060971260071, z: 0.16316747665405273}
# schema: astropy-2.0
time band flux fluxerr zp zpsys pwv airmass
60085.435 lsst_hardware_i 42.62975009372516 97.0199966430664 31.329999923706055 AB 7.023512043337113 1.0978812072744193
60100.3691 lsst_hardware_i -223.27260985314803 136.99000549316406 32.08000183105469 AB 5.834386514529908 1.108672021763403
60100.3902 lsst_hardware_z 88.9047962352388 120.31999969482422 31.0 AB 5.050195715200852 1.0978686337393158
60111.3634 lsst_hardware_g 155.2211143658196 96.27999877929688 31.709999084472656 AB 7.316884591232092 1.0978483200768103
60111.3853 lsst_hardware_r 72.66739814465548 86.94000244140625 31.639999389648438 AB 7.763609864717451 1.1090871235310644
60118.327 lsst_hardware_r 46.19076278769094 86.97000122070312 31.639999389648438 AB 2.972219652681858 1.103000860718156
60118.3485 lsst_hardware_i 55.601569956856665 97.02999877929688 31.329999923706055 AB 3.8034296812283253 1.0984634458421156
60120.3501 lsst_hardware_z -39.41433101070408 120.3499984741211 31.0 AB 3.983900494091665 1.1011333593398742
60120.3744 lsst_hardware_u -32.84809225807874 32.45000076293945 29.459999084472656 AB 4.0608574838073075 1.1265556178492624
60121.3428 lsst_hardware_g 50.785235699464735 96.11000061035156 31.709999084472656 AB 5.993958617798622 1.09917025907857
60121.3617 lsst_hardware_r 26.181408547386766 86.77999877929688 31.639999389648438 AB 6.067699479974043 1.1129989874608455
60123.3392 lsst_hardware_i -36.28760051993504 96.9800033569336 31.329999923706055 AB 5.526274838493238 1.0998656261306077
60123.3595 lsst_hardware_z 245.95671253296305 120.16000366210938 31.0 AB 5.618210974840316 1.1169405516581148
60125.3338 lsst_hardware_i -58.230939110218635 96.91000366210938 31.329999923706055 AB 3.893615844419363 1.0998914814743963
60125.3531 lsst_hardware_z -240.4377023733231 120.06999969482422 30.989999771118164 AB 4.012635209758529 1.1157573110830377
60128.3138 lsst_hardware_z -111.12091813971965 170.16000366210938 31.75 AB 7.049104220557739 1.0978773056626112
60130.2657 lsst_hardware_r 89.16595666057023 86.5 31.6299991607666 AB 4.526128941387242 1.1396044334168465
60130.2854 lsst_hardware_i -24.645594253331534 96.80999755859375 31.329999923706055 AB 4.42616214047313 1.1104734619627339
60137.275 lsst_hardware_i 2168.786449416428 107.81458759795504 31.329999923706055 AB 8.383497214338782 1.103091738728787
60137.2976 lsst_hardware_z 881.2714459955212 123.91415554433479 31.0 AB 8.4527884634897 1.0987160047863562
60141.2848 lsst_hardware_u 715.3330719460964 42.50046182975495 29.459999084472656 AB 3.557875126797928 1.0982790945509886
60141.3116 lsst_hardware_g 13090.225611814216 149.33600334411307 31.700000762939453 AB 3.2856298675684474 1.1185757606338338
60143.2715 lsst_hardware_r 14970.818655686104 149.17124052676147 31.639999389648438 AB 2.0661945917697233 1.0980175856355643
60143.2901 lsst_hardware_i 9563.969777368646 137.54865488197458 31.329999923706055 AB 2.07431384928789 1.1027718497011643
60145.2506 lsst_hardware_z 6736.274074204742 145.45107950794448 31.0 AB 3.1484916661428666 1.1049277649211675
60145.2728 lsst_hardware_u 1687.982026119777 52.3882878580353 29.479999542236328 AB 3.1337778331608606 1.0980942007222174
60151.2225 lsst_hardware_i 16714.59559608262 159.51336440719447 31.329999923706055 AB 11.17440108363514 1.1169188795530558
60151.2435 lsst_hardware_z 8170.133768988266 148.36771951718492 31.0 AB 11.089526844708628 1.0995878611864252
60159.1813 lsst_hardware_z 13205.587914596554 204.18256441105143 31.739999771118164 AB 2.6149408714420033 1.1504359311227468
60161.2173 lsst_hardware_r 26680.63610492591 185.97803220067928 31.639999389648438 AB 1.1027672077479989 1.0991948245681524
60161.2387 lsst_hardware_i 15762.78543539579 159.15356142182983 31.329999923706055 AB 1.11203747148797 1.1014361485580983
60163.2065 lsst_hardware_z 11435.75734763052 200.6181693002436 31.75 AB 3.103432083634321 1.1015820689091564
60166.2041 lsst_hardware_g 20427.93499091326 171.79426363137335 31.700000762939453 AB 4.542001233580785 1.099048532081171
60166.2252 lsst_hardware_r 22132.063279962906 172.3012124042778 31.639999389648438 AB 5.09536016590862 1.1015208703258164
60175.1095 lsst_hardware_z 8286.27770170485 191.5248134034999 31.729999542236328 AB 2.6876945903889022 1.2347754626595262
60175.1271 lsst_hardware_i 18837.06060800242 192.40122634905603 32.06999969482422 AB 2.161029826655694 1.1765508788107768
60182.1528 lsst_hardware_z 9730.793636198989 196.29464817816634 31.75 AB 2.3694614243996264 1.1026734310399253
60184.1157 lsst_hardware_r 10298.053610108835 133.0142385173439 31.6299991607666 AB 4.023076639105578 1.1447623937509943
60184.1345 lsst_hardware_z 5074.781831467546 139.1331429856695 30.989999771118164 AB 4.345910398446087 1.1143359996015607
60194.125 lsst_hardware_r 13494.31226104274 168.29224704260167 32.38999938964844 AB 2.200079045931251 1.1000395229656255
60194.1484 lsst_hardware_u 104.41768158734735 47.31527644430708 30.219999313354492 AB 2.276182478279884 1.1013342098850292
60196.097 lsst_hardware_i 5142.201666462747 120.4382914674184 31.31999969482422 AB 2.905716889193762 1.1204563840078774
60196.115 lsst_hardware_z 3951.9279414573575 134.80811412342615 30.989999771118164 AB 2.760431429663841 1.1024087179168693
60207.2017 lsst_hardware_r 3783.880943682424 104.32322218387742 31.559999465942383 AB 8.480478674633133 1.3513630267919898
60207.2234 lsst_hardware_u 57.94911079341202 27.255310706226073 29.010000228881836 AB 8.808949890179726 1.5072204448934425
60209.0749 lsst_hardware_g 1651.1930168573176 104.99516264426387 31.709999084472656 AB 2.8021082145386673 1.1056952607431485
60209.0975 lsst_hardware_r 4035.1987627727776 107.50006258503119 31.639999389648438 AB 3.6220262602212334 1.0980273626378032
60211.062 lsst_hardware_i 2998.048696833438 110.62511844263466 31.31999969482422 AB 3.3892139069445615 1.1129205035939553
60211.0789 lsst_hardware_z 2308.12594772688 128.2580658208838 31.0 AB 3.3605812214224837 1.099906574761812
60215.0678 lsst_hardware_r -25.089311582949602 86.86000061035156 31.639999389648438 AB 4.920671950313349 1.0999806896995503
60215.086 lsst_hardware_z -174.47673216454388 120.25 31.0 AB 5.042306686370563 1.0991404220971006
60218.0653 lsst_hardware_r -141.5345175243625 86.77999877929688 31.639999389648438 AB 6.316227809789984 1.0982515680511171
60218.0858 lsst_hardware_i -58.04229005118199 96.79000091552734 31.329999923706055 AB 6.958870058615615 1.1030942472245135
60223.039 lsst_hardware_r 87.3667245547593 86.72000122070312 31.639999389648438 AB 3.7720103322678646 1.1039222492796381
60223.0581 lsst_hardware_u 35.6079482424664 32.52000045776367 29.459999084472656 AB 4.145236817906577 1.0979063238545683
60227.028 lsst_hardware_i 252.47500514179495 137.16000366210938 32.08000183105469 AB 2.649546224795368 1.1039775936647367
60227.0489 lsst_hardware_z 120.65593332803181 170.2899932861328 31.75 AB 2.6954775968057523 1.0981033121152328
60229.0326 lsst_hardware_r -1.0038301181179465 86.9800033569336 31.639999389648438 AB 6.685670689031823 1.0988939331085643
60229.0517 lsst_hardware_g -29.696831131848864 96.23999786376953 31.709999084472656 AB 5.972489237719736 1.1007505890437235
60238.0052 lsst_hardware_y 10.493366611735002 130.02999877929688 30.059999465942383 AB 3.648536015424785 1.0998952968169293
60238.0231 lsst_hardware_z 75.00058306549793 120.33000183105469 31.0 AB 3.67926303474506 1.0991077026871658
60240.0002 lsst_hardware_y -168.59168460606017 130.1199951171875 30.059999465942383 AB 4.316083099807464 1.099709051482888
60240.0176 lsst_hardware_r -57.82508530212872 86.95999908447266 31.639999389648438 AB 4.346920592408619 1.0990949664749985
60242.0093 lsst_hardware_z 166.87312429332985 170.00999450683594 31.75 AB 3.9706043962056388 1.0983438084522639
60244.0026 lsst_hardware_y 44.584884183258495 130.49000549316406 30.059999465942383 AB 4.701051337597173 1.0981199106744157
60244.0191 lsst_hardware_z 151.671950056453 120.37999725341797 31.0 AB 4.748898722198886 1.1063246877574575
60458.4049 lsst_hardware_z -57.73105848143966 64.97000122070312 30.979999542236328 AB 8.92262526834969 1.098822922561089
60458.428 lsst_hardware_y -25.70244842202437 58.06999969482422 30.040000915527344 AB 8.799147145343348 1.103249109208399
60460.4024 lsst_hardware_z 78.65542580243763 52.5099983215332 30.959999084472656 AB 8.126398298666825 1.0981619322522735
60460.4243 lsst_hardware_y 32.17648347889285 52.439998626708984 30.030000686645508 AB 7.98790064560182 1.1044962061533177
60464.3684 lsst_hardware_i 36.690901978580946 32.470001220703125 31.25 AB 13.321346516506297 1.1130339237587537
60464.3903 lsst_hardware_z 70.18544869290253 42.81999969482422 30.950000762939453 AB 12.825553133985903 1.0983838083358728
60466.3727 lsst_hardware_r 30.14052142261259 24.700000762939453 31.5 AB 6.012955389286122 1.10400355995345
60466.3953 lsst_hardware_g 17.23968601298727 15.5600004196167 31.440000534057617 AB 4.890016098870253 1.0984274865494439
60468.3684 lsst_hardware_r 26.73560577636414 24.6299991607666 31.5 AB 2.758004190299237 1.1032016761196948
60468.3903 lsst_hardware_i -1.6101542271528653 32.08000183105469 31.239999771118164 AB 3.2138525482906046 1.098533927122433
60485.3115 lsst_hardware_i -34.184451252615794 87.22000122070312 31.329999923706055 AB 4.469787387146884 1.1125562350036695
60485.3342 lsst_hardware_z 82.4310875635846 76.45999908447266 30.989999771118164 AB 3.9806633853189135 1.0981645276524659
60487.3294 lsst_hardware_r 155.54674664700903 91.08999633789062 31.639999389648438 AB 7.389999609824092 1.0980682926930807
60487.3529 lsst_hardware_z 27.31676319436447 70.87000274658203 30.979999542236328 AB 7.965690714194928 1.1063459325270733
60490.2936 lsst_hardware_y -93.31673987645175 48.7599983215332 30.020000457763672 AB 3.9200770804384617 1.117706773237903
60490.3217 lsst_hardware_g -58.18216687973686 39.599998474121094 32.369998931884766 AB 3.92483256581023 1.0980088308323963
60490.3492 lsst_hardware_r -17.59022355649391 33.70000076293945 31.56999969482422 AB 4.001748484681832 1.1105684971364935
60493.295 lsst_hardware_r 6.028234125656125 24.1299991607666 31.489999771118164 AB 7.08909262970395 1.1072093861470143
60493.3167 lsst_hardware_i 11.519131492523849 31.760000228881836 31.239999771118164 AB 7.0800924316433544 1.0978589597834323
60495.2642 lsst_hardware_z 24.890948850530663 43.060001373291016 30.940000534057617 AB 4.605698763596963 1.1440361242633732
60495.2843 lsst_hardware_r 2.5969100262816975 24.209999084472656 31.489999771118164 AB 4.422440186869033 1.1124469603275327
60497.3093 lsst_hardware_u -1.9929755091046217 2.740000009536743 28.40999984741211 AB 1.6307056480643638 1.0981799077822754
60497.3282 lsst_hardware_r -25.631182019711936 24.239999771118164 31.5 AB 1.6471441597950571 1.1086902578831437
60499.293 lsst_hardware_i -33.686361896746995 31.989999771118164 31.25 AB 1.883578332548949 1.0988303349824382
60499.3133 lsst_hardware_z -32.98447604318544 42.869998931884766 30.950000762939453 AB 1.8805675481632376 1.1015723214858366
60503.2936 lsst_hardware_g 16.36527122749653 15.1899995803833 31.440000534057617 AB 6.699643869481437 1.0983022736854815
60503.3151 lsst_hardware_r -11.644159134606552 24.350000381469727 31.5 AB 6.783566456772492 1.1120600748807365
60506.2605 lsst_hardware_r 6.038172325360496 24.170000076293945 31.489999771118164 AB 3.6318889138067654 1.1063556206859388
60506.2817 lsst_hardware_i -38.073073351618596 31.790000915527344 31.239999771118164 AB 3.539008473832571 1.0978776093788027
60508.2648 lsst_hardware_z -42.35345802155749 48.68000030517578 30.959999084472656 AB 2.0676993862570443 1.1001326875536284
60508.2841 lsst_hardware_r -33.470003874004945 46.65999984741211 31.600000381469727 AB 2.0814473119829056 1.0994527574520145
60514.242 lsst_hardware_i -20.095967675894997 117.9000015258789 31.329999923706055 AB 6.852242768224858 1.1037762191084592
60514.2649 lsst_hardware_z 20.80556952027294 100.02999877929688 30.989999771118164 AB 6.493535017870065 1.0985974737334627
60516.2439 lsst_hardware_r -99.0446721901897 76.41000366210938 31.6299991607666 AB 11.205306882468538 1.0997454983283679
60516.2649 lsst_hardware_z 42.94957720981924 61.09000015258789 30.969999313354492 AB 11.681319813011338 1.1005577362927585
60531.2137 lsst_hardware_i 33.37736900158274 45.41999816894531 32.0 AB 4.961667010152741 1.0978961133269327
60531.2339 lsst_hardware_z 81.39046601713542 60.59000015258789 31.690000534057617 AB 4.925453356480963 1.1073411323026066
60535.1986 lsst_hardware_g -59.06286273985839 26.479999542236328 31.6200008392334 AB 2.5406161380066234 1.0980512752054559
60535.2183 lsst_hardware_r -16.043656058435104 30.219999313354492 31.559999465942383 AB 2.674659439169522 1.1036350068782845
60537.153 lsst_hardware_r -6.995557286345373 52.380001068115234 31.6200008392334 AB 6.106458731769885 1.1372313925853745
60537.1716 lsst_hardware_i 46.18343244168674 46.93000030517578 31.299999237060547 AB 5.417955502621797 1.1103505487492153
60539.1963 lsst_hardware_z 21.11803386220689 66.66000366210938 30.989999771118164 AB 3.471329366887961 1.098521951546823
60539.2184 lsst_hardware_r -79.93983045234015 89.91000366210938 31.639999389648438 AB 2.795354068339903 1.113871785491577
60541.1791 lsst_hardware_z -68.07704868730316 114.13999938964844 31.0 AB 2.3900824758109964 1.0986359346407706
60541.1969 lsst_hardware_r 98.08908270108412 171.05999755859375 31.649999618530273 AB 2.4039005180299284 1.1006870503800037
60543.1712 lsst_hardware_i 121.2684657875671 99.87999725341797 31.329999923706055 AB 2.726717129026397 1.0993718895379083
60543.1921 lsst_hardware_z 195.80004667295853 85.63999938964844 30.989999771118164 AB 2.7379497810094047 1.101015293459095
60546.1673 lsst_hardware_r -3.275026367825257 41.650001525878906 31.600000381469727 AB 4.188693791084899 1.098241686178526
60546.1878 lsst_hardware_z 0.4525799342875957 48.5 30.959999084472656 AB 4.18709336493293 1.1033184097318771
60555.1254 lsst_hardware_z -14.373067623421777 42.54999923706055 30.940000534057617 AB 1.5505193704761362 1.107513836054383
60555.1455 lsst_hardware_r 43.56256825337717 24.540000915527344 31.5 AB 1.5370827347982758 1.0979162391416257
60557.1268 lsst_hardware_u -0.7821285172752046 2.7899999618530273 28.43000030517578 AB 1.6452421841514049 1.1023398218769882
60557.1462 lsst_hardware_r -23.902757959487214 24.489999771118164 31.5 AB 1.667801768187484 1.098321875658534
60559.1119 lsst_hardware_i 3.7515070210348127 32.09000015258789 31.25 AB 1.6960460941912836 1.1099778103346096
60559.1318 lsst_hardware_z 42.121495011168065 42.619998931884766 30.950000762939453 AB 2.248380089414057 1.098244029509858
60561.097 lsst_hardware_z -27.474118554248886 43.02000045776367 30.950000762939453 AB 2.908389962809136 1.1214871321886128
60566.0938 lsst_hardware_y -107.9386070048494 50.779998779296875 30.030000686645508 AB 1.3607139161090855 1.108976296747421
60568.0906 lsst_hardware_r 214.79370050022902 108.69000244140625 31.639999389648438 AB 3.9848362263832224 1.1068989517731174
60568.1086 lsst_hardware_i 35.83487670111635 86.1500015258789 31.329999923706055 AB 3.9529555596626684 1.0980432110174079
60577.0659 lsst_hardware_z 5.187244696120206 42.52000045776367 30.940000534057617 AB 4.97083887615237 1.107008880443702
60577.0855 lsst_hardware_r 13.215361185799146 24.190000534057617 31.5 AB 5.502192467446874 1.0979132929156687
60580.0657 lsst_hardware_r 42.100228726647316 24.139999389648438 31.489999771118164 AB 4.940359166066947 1.101365645998453
60580.0853 lsst_hardware_i 81.07949000601286 31.65999984741211 31.239999771118164 AB 5.024738626765965 1.098763844984084
60582.0633 lsst_hardware_z -70.61026542245628 42.650001525878906 30.940000534057617 AB 4.073622060487702 1.0999137035270443
60582.082 lsst_hardware_r 24.498990847402627 24.149999618530273 31.489999771118164 AB 4.092503688494978 1.0994457836021254
60586.0341 lsst_hardware_g 22.51954541692242 15.220000267028809 31.440000534057617 AB 2.689946608936378 1.1144648290027808
60586.0524 lsst_hardware_i -8.769482640997678 31.81999969482422 31.25 AB 2.592474091392125 1.0999041541758934
60594.0337 lsst_hardware_z 21.53226237370542 48.09000015258789 30.959999084472656 AB 6.682477977466435 1.0988206819807207
60594.0501 lsst_hardware_r 26.864630901945397 43.790000915527344 31.600000381469727 AB 5.927777260042558 1.0997731465756138
60596.0306 lsst_hardware_z 27.660298917287655 69.88999938964844 30.989999771118164 AB 8.036172210932282 1.098275343445068
60596.0479 lsst_hardware_r -85.9580422538889 89.30999755859375 31.649999618530273 AB 7.929259825955942 1.1012860869383252
60599.0044 lsst_hardware_y -136.67627093771677 60.22999954223633 30.040000915527344 AB 7.857863024664297 1.1083022601782888
60599.0231 lsst_hardware_i 0.5210452074328034 81.12999725341797 31.329999923706055 AB 7.744763640593204 1.0981586161776642
60601.0041 lsst_hardware_y -58.71123549482205 54.029998779296875 30.040000915527344 AB 4.508513791558997 1.1040357011409418
60601.0217 lsst_hardware_r -42.46940770387418 72.23999786376953 31.639999389648438 AB 4.446752911205149 1.0978733218349215
60603.0059 lsst_hardware_y -49.72324146551763 50.380001068115234 30.030000686645508 AB 3.6780047089757653 1.0999366123637837
60603.024 lsst_hardware_g 1.0421194009730221 15.65999984741211 31.469999313354492 AB 3.6660695341143255 1.099216291274097
60604.9995 lsst_hardware_z 63.915194980138175 57.0099983215332 30.969999313354492 AB 4.206243950670894 1.100342854204165
60605.0174 lsst_hardware_i 18.5700557961072 32.2400016784668 31.260000228881836 AB 4.3188098466083105 1.0988639009244476
60607.0013 lsst_hardware_y -14.201567031848079 61.79999923706055 30.049999237060547 AB 3.9646939765126 1.0981517800330347
60607.0181 lsst_hardware_r -7.2716123938160795 24.90999984741211 31.510000228881836 AB 3.9908758599317515 1.1014123483632479
60609.0012 lsst_hardware_y 27.542855809921097 64.94999694824219 30.049999237060547 AB 4.699041345683882 1.0979282335755483
60609.0202 lsst_hardware_r -0.6434733546409286 25.030000686645508 31.520000457763672 AB 4.750095518753548 1.106710925639114
