data/validation/pwv_sim_epoch_fit_seasonal/39704020.ecsv
# %ECSV 0.9
# ---
# datatype:
# - {name: time, datatype: float64}
# - {name: band, datatype: string}
# - {name: flux, datatype: float64}
# - {name: fluxerr, datatype: float64}
# - {name: zp, datatype: float64}
# - {name: zpsys, datatype: string}
# - {name: pwv, datatype: float64}
# - {name: airmass, datatype: float64}
# meta: {SNID: '39704020', alt: 1024.0, c: 0.031948234885931015, dec: -11.26298, lat: -30.244573, lon: -70.7499537, ra: 303.046875, t0: 60804.0703125,
#   x0: 7.890725298429139e-06, x1: 1.449605107307434, z: 0.5079154372215271}
# schema: astropy-2.0
time band flux fluxerr zp zpsys pwv airmass
[from data line 132]
61257.1565 lsst_hardware_g 25.74574064995422 15.34000015258789 31.440000534057617 AB 2.1575259581486512 1.0604698737521019
61257.1778 lsst_hardware_i 36.28273755847016 32.290000915527344 31.25 AB 1.6933183187449892 1.0598695923711596
61259.1627 lsst_hardware_z 14.444584399940767 42.060001373291016 30.950000762939453 AB 2.7857711945531647 1.0580217222002144
61259.1823 lsst_hardware_r 37.07755419274215 24.520000457763672 31.510000228881836 AB 3.005578849343735 1.0654932405354844
61262.144 lsst_hardware_r -19.307690246287045 24.440000534057617 31.510000228881836 AB 4.59085913425426 1.0599998001048856
61262.1637 lsst_hardware_u -0.2910511805485227 2.7799999713897705 28.440000534057617 AB 4.577579729999371 1.0597067049925237
61265.132 lsst_hardware_g 10.461325702580213 15.350000381469727 31.459999084472656 AB 3.4676754667690193 1.0617499898251743
61265.1509 lsst_hardware_r 39.55874800911351 24.309999465942383 31.510000228881836 AB 3.4617049718041133 1.0584635290642932
61267.1158 lsst_hardware_i 50.43074948328283 31.6200008392334 31.25 AB 3.855815258785167 1.06969791019355
61267.1372 lsst_hardware_z 65.84180945850117 41.90999984741211 30.950000762939453 AB 3.587954675290407 1.0582376272791856
61269.1227 lsst_hardware_r -21.03047580682432 24.399999618530273 31.520000457763672 AB 4.272129040311863 1.0609372422702832
61269.143 lsst_hardware_u 1.1634709685284523 2.869999885559082 28.520000457763672 AB 4.524498078124658 1.0591880011216523
61273.126 lsst_hardware_g 37.30011642394656 38.2400016784668 31.68000030517578 AB 1.879506179000637 1.0580819172456204
61273.1451 lsst_hardware_i 14.848675701366401 40.290000915527344 31.290000915527344 AB 1.8780942152263567 1.0662911895683327
61275.0939 lsst_hardware_r 16.18456210441551 71.02999877929688 31.649999618530273 AB 2.5470804924522077 1.0697524117815522
61275.1142 lsst_hardware_z 61.65545260744561 58.290000915527344 30.979999542236328 AB 2.514256211627556 1.0584113709229872
61277.1002 lsst_hardware_r 48.024293331528455 123.73999786376953 31.649999618530273 AB 4.086361883903055 1.0612548718098205
61277.1193 lsst_hardware_y -223.324157927182 64.13999938964844 30.059999465942383 AB 4.0288936105197735 1.0587028276231174
61279.0831 lsst_hardware_z -21.588001168205842 93.4800033569336 31.0 AB 1.7636525600068578 1.0696366481392041
61279.103 lsst_hardware_r -153.81697580230377 138.82000732421875 31.65999984741211 AB 1.5011616267357726 1.058460515942727
61287.0643 lsst_hardware_z 7.013918436895192 41.93000030517578 30.940000534057617 AB 1.6413014952610372 1.0669348831599375
61287.0833 lsst_hardware_r 35.50052000075641 23.93000030517578 31.5 AB 1.6722416189644254 1.0581575315109208
61298.0248 lsst_hardware_i -69.42092598446085 32.060001373291016 31.260000228881836 AB 1.3767264203229952 1.0765487452023943
61298.0426 lsst_hardware_u 0.4274787277625289 2.990000009536743 28.549999237060547 AB 1.2542030322819033 1.0613847945968153
61304.0308 lsst_hardware_z 19.759832465892707 88.20999908447266 31.729999542236328 AB 4.131932278470621 1.0594698149924668
61306.0258 lsst_hardware_r -89.72386254035219 100.83000183105469 31.649999618530273 AB 1.5889817691055903 1.059321179403727
61306.0457 lsst_hardware_i 1.4000419520154501 84.79000091552734 31.329999923706055 AB 1.4536734648890184 1.0605594345005829
61308.0227 lsst_hardware_z -44.076773146905964 70.52999877929688 30.989999771118164 AB 4.639341825897386 1.0586867590379807
61308.0419 lsst_hardware_r -109.61055594748585 102.61000061035156 31.649999618530273 AB 4.691123487541044 1.0613401555522723
61310.0323 lsst_hardware_z 165.5161880760597 87.79000091552734 31.729999542236328 AB 3.3068022020289733 1.059589490636787
61311.9959 lsst_hardware_y 4.667567968252231 49.43000030517578 30.030000686645508 AB 4.009432152403166 1.0670478116840838
61312.0134 lsst_hardware_r -1.219779975925047 24.31999969482422 31.5 AB 3.621311272004425 1.0583729575501863
61313.9985 lsst_hardware_y -43.031743117034964 48.38999938964844 30.040000915527344 AB 2.999007344824163 1.0615955202930614
61314.0176 lsst_hardware_r 24.18831903107076 24.520000457763672 31.520000457763672 AB 6.43780490471782 1.0585593156565338
61315.9882 lsst_hardware_z -70.37418986374561 59.9900016784668 30.979999542236328 AB 2.6472219503787775 1.0645664679806972
61316.0068 lsst_hardware_g -13.453019191091585 15.970000267028809 31.489999771118164 AB 2.1268884464681506 1.0580218611950674
61319.9908 lsst_hardware_y -157.5616104549089 63.22999954223633 30.059999465942383 AB 6.509374416961653 1.0585065790842927
61320.0088 lsst_hardware_r -36.85394878722479 24.809999465942383 31.520000457763672 AB 4.117358662327545 1.0611749129710168
