data/validation/pwv_sim_epoch_fit_seasonal/39749648.ecsv
# %ECSV 0.9
# ---
# datatype:
# - {name: time, datatype: float64}
# - {name: band, datatype: string}
# - {name: flux, datatype: float64}
# - {name: fluxerr, datatype: float64}
# - {name: zp, datatype: float64}
# - {name: zpsys, datatype: string}
# - {name: pwv, datatype: float64}
# - {name: airmass, datatype: float64}
# meta: {SNID: '39749648', alt: 1024.0, c: -0.0640048012137413, dec: -17.582775, lat: -30.244573, lon: -70.7499537, ra: 174.902344, t0: 62255.2578125,
#   x0: 2.136369515355797e-06, x1: 0.11425250768661499, z: 0.8671266436576843}
# schema: astropy-2.0
time band flux fluxerr zp zpsys pwv airmass
62150.3588 lsst_hardware_r 46.25989645166715 25.31999969482422 31.530000686645508 AB 7.053911020448375 1.0252777646000544
62152.3582 lsst_hardware_z -7.977031349437762 42.849998474121094 30.959999084472656 AB 4.567497703591854 1.0244088749084541
62154.3625 lsst_hardware_u -3.039342748344026 5.010000228881836 28.950000762939453 AB 6.868247151312733 1.0251115151213035
62156.3531 lsst_hardware_r -0.12695007468240788 23.610000610351562 31.510000228881836 AB 10.056613070601392 1.0244340612322198
62156.3722 lsst_hardware_y 75.28852560599921 66.80000305175781 30.06999969482422 AB 9.949838233430434 1.0327301088204301
62158.3567 lsst_hardware_z -121.31966526784161 60.630001068115234 31.709999084472656 AB 9.190788446017503 1.026789011955927
62160.3234 lsst_hardware_r 2.2200112731460573 23.100000381469727 31.5 AB 8.022295314667101 1.0285323650972276
62160.3445 lsst_hardware_g 3.5703943623311813 14.34000015258789 31.43000030517578 AB 7.42512214473026 1.0247672831665262
62163.3276 lsst_hardware_i -8.648661141781261 30.889999389648438 31.260000228881836 AB 12.113282679616578 1.0244657205359082
62163.345 lsst_hardware_u 2.715600223899769 2.9000000953674316 28.579999923706055 AB 11.301581447832364 1.027665626318411
62165.3337 lsst_hardware_z 23.930021975663536 57.9900016784668 30.989999771118164 AB 11.893701049926069 1.02542955490256
62165.3509 lsst_hardware_r -48.84911796611923 65.62000274658203 31.649999618530273 AB 12.019227438477015 1.035433642713121
62167.3136 lsst_hardware_i -67.7772036311763 84.19000244140625 31.34000015258789 AB 10.973699058146781 1.0249806475793806
62167.3315 lsst_hardware_r 109.37294738370093 105.12000274658203 31.670000076293945 AB 11.037010319565647 1.026531524595126
62171.2983 lsst_hardware_z -24.169202469948054 54.84000015258789 30.989999771118164 AB 7.924130028507377 1.0262755419792706
62171.3166 lsst_hardware_r 72.86732682890829 63.099998474121094 31.649999618530273 AB 7.936168220886224 1.025234348698834
62173.3039 lsst_hardware_i 83.44298277364581 35.2400016784668 31.280000686645508 AB 3.532714845962646 1.0242722081654527
62173.3227 lsst_hardware_z -41.7324345544577 43.310001373291016 30.959999084472656 AB 3.380367516220281 1.0305213066748817
62175.303 lsst_hardware_i -19.616188034743594 31.190000534057617 31.260000228881836 AB 8.389808113865458 1.0246676712030605
62175.3215 lsst_hardware_u -2.67067719148316 3.240000009536743 28.6200008392334 AB 8.438210335633913 1.033651048647506
62181.1104 lsst_hardware_u 2.1088197883348885 3.0999999046325684 28.559999465942383 AB 5.878992148643049 1.8470939357940144
62181.119 lsst_hardware_g 21.318536276182762 14.260000228881836 31.190000534057617 AB 5.4863753816281315 1.7237845830266763
62183.2441 lsst_hardware_r -7.5947383937343345 23.079999923706055 31.5 AB 4.0312214435935685 1.0423326292420032
62183.262 lsst_hardware_i -20.795040735213632 30.59000015258789 31.25 AB 4.671709088115078 1.0278034074761773
62185.2794 lsst_hardware_z 55.630355407296406 41.06999969482422 30.950000762939453 AB 4.907074337658937 1.0255118782986283
62185.2961 lsst_hardware_r 20.37374413887093 23.190000534057617 31.510000228881836 AB 5.078186585424308 1.0352554070484374
62187.2442 lsst_hardware_u 1.492029919226461 2.8499999046325684 28.549999237060547 AB 3.405703944077873 1.0320314982054162
62187.2594 lsst_hardware_g -18.747499473308828 14.640000343322754 31.469999313354492 AB 2.7781340831270245 1.0248896027276282
62191.2645 lsst_hardware_r 17.162059110407878 23.290000915527344 31.510000228881836 AB 10.132933777601618 1.0259813470857895
62191.2832 lsst_hardware_y 9.895581916513914 47.040000915527344 30.049999237060547 AB 10.2662484144677 1.0385333572768782
62193.2616 lsst_hardware_z 10.109321284342455 52.790000915527344 30.979999542236328 AB 6.6672845689753935 1.0269737225336266
62193.2802 lsst_hardware_r 162.73379494669084 60.7599983215332 31.639999389648438 AB 6.758329503134846 1.0411178098979184
62195.2466 lsst_hardware_r 71.69222039429492 118.18000030517578 31.670000076293945 AB 5.422435873103701 1.0244219036689508
62195.2637 lsst_hardware_i 47.21358698731802 92.26000213623047 31.350000381469727 AB 5.630387492855454 1.0312379790937674
62197.2427 lsst_hardware_z 148.4896034232629 88.41999816894531 31.0 AB 3.4133667179395424 1.0246247902560164
62197.2593 lsst_hardware_r -218.13313143249349 132.27999877929688 31.670000076293945 AB 3.5710524562664214 1.0319966639822045
62198.2081 lsst_hardware_z -35.73994012716018 106.22000122070312 31.739999771118164 AB 5.6283723956660925 1.0371534335773884
62201.2416 lsst_hardware_r 10.573886851390972 40.86000061035156 31.610000610351562 AB 8.050627661437922 1.0278271761134465
62201.2593 lsst_hardware_z -74.2067927002716 45.560001373291016 30.959999084472656 AB 8.113169667591166 1.0421652555807062
62203.2282 lsst_hardware_r 37.425117228787144 26.3700008392334 31.540000915527344 AB 11.055089246116149 1.0249796871881955
62203.2471 lsst_hardware_y -33.910007191395636 47.189998626708984 30.040000915527344 AB 11.168027654999745 1.0353788473156564
62205.2251 lsst_hardware_g -8.238551843269352 14.829999923706055 31.450000762939453 AB 10.340081845576634 1.0255982786725486
62205.2442 lsst_hardware_r 22.59889337033127 23.719999313354492 31.510000228881836 AB 10.454923626594317 1.0377610428898993
62207.2303 lsst_hardware_i 16.40993115476962 31.139999389648438 31.260000228881836 AB 7.627913304738557 1.0307990952349402
62207.2492 lsst_hardware_z -20.532186957968435 41.900001525878906 30.950000762939453 AB 7.770077125528174 1.0500104223686721
62209.2286 lsst_hardware_r 26.387050328782212 23.809999465942383 31.510000228881836 AB 11.669269045550859 1.033585731922617
62209.2477 lsst_hardware_u -2.9589307248682117 2.75 28.43000030517578 AB 11.863915465736474 1.0557354827834824
62210.2005 lsst_hardware_u -1.4262573127804092 2.7699999809265137 28.459999084472656 AB 10.583997195615442 1.0243404012209478
62210.2194 lsst_hardware_g 15.308265902461596 14.989999771118164 31.450000762939453 AB 9.5335919764858 1.0291010337311788
62212.2073 lsst_hardware_r -19.013172085492442 23.610000610351562 31.520000457763672 AB 8.781059051745746 1.0260244266888956
62212.2257 lsst_hardware_z -17.638038784371236 41.47999954223633 30.950000762939453 AB 8.57689531699762 1.0383650504839734
62215.2045 lsst_hardware_r -9.752377108785565 23.920000076293945 31.530000686645508 AB 5.332278436824395 1.0284047129844542
62215.2227 lsst_hardware_u -2.0133407840342983 2.940000057220459 28.59000015258789 AB 5.143769063612391 1.0440491325138217
62217.2022 lsst_hardware_g 10.509807294845393 14.9399995803833 31.479999542236328 AB 4.855154628489829 1.0302715392020856
62217.2212 lsst_hardware_r -12.92830558648166 23.790000915527344 31.530000686645508 AB 6.083264189358638 1.0490647448775405
62219.1999 lsst_hardware_i -46.612183857945176 31.369884502109986 31.270000457763672 AB 6.127056475281012 1.0324904537693915
62219.2187 lsst_hardware_z -41.09681501171055 41.9265187115589 30.959999084472656 AB 6.256923468780344 1.0532063630995108
62221.1873 lsst_hardware_r 67.8113948045251 55.72772308329315 31.649999618530273 AB 7.563515481954163 1.0279774586989827
62221.2052 lsst_hardware_z -1.887856982318296 51.0649013514599 30.979999542236328 AB 7.698371622039827 1.0427394571243866
62223.1797 lsst_hardware_z -23.523943538060685 74.6046106402874 31.0 AB 7.305883090229846 1.0269726019440324
62223.1982 lsst_hardware_i -231.23484291561218 87.16406924637563 31.34000015258789 AB 7.449492869112645 1.041013536768102
62225.184 lsst_hardware_z -53.38610165194487 103.73599292254023 31.010000228881836 AB 7.004595413407249 1.0328595736214472
62225.2014 lsst_hardware_r -12.170823105859794 157.18920853666967 31.65999984741211 AB 7.124770965567197 1.0518854771998813
62227.1755 lsst_hardware_y 21.418821903483465 77.5324834226417 30.809999465942383 AB 5.606054738871807 1.0306668637903766
62229.1631 lsst_hardware_r 88.54874890903288 49.43327827261618 31.6299991607666 AB 6.393089199110692 1.0268785606731226
62229.1814 lsst_hardware_i 87.42582944921915 46.048276379834405 31.299999237060547 AB 6.676230919537121 1.0405596819727767
62233.1446 lsst_hardware_r 171.4764908015169 25.848292242187227 31.510000228881836 AB 10.40053620154848 1.0246497193735984
62233.1628 lsst_hardware_u -5.654651224480826 2.991469205752826 28.489999771118164 AB 10.54548513808035 1.0333645407232093
62235.1431 lsst_hardware_g 69.08314571303224 17.091474009702686 31.459999084472656 AB 7.117948802171234 1.025567149653661
62235.1646 lsst_hardware_i 245.91412073340982 35.51513815327174 31.260000228881836 AB 7.149212907447474 1.0401124474354366
62237.1516 lsst_hardware_r 261.82088322270266 28.081321013280863 31.510000228881836 AB 3.033137099522263 1.0331434911798796
62237.1691 lsst_hardware_u -1.3984148984739577 2.910985750709782 28.399999618530273 AB 3.4655169151351304 1.0525487973075567
62243.138 lsst_hardware_r 426.38011628276564 31.61491833615704 31.520000457763672 AB 15.19353511552765 1.035475711546899
62243.1565 lsst_hardware_i 648.9893295072745 39.50163396038463 31.260000228881836 AB 15.483576475379754 1.0582719209472868
62245.1323 lsst_hardware_z 420.31876288425235 46.51846924743355 30.959999084472656 AB 9.86089101257137 1.0352641483014562
62245.1501 lsst_hardware_r 498.56306255842543 32.4818903172298 31.520000457763672 AB 10.048035493994876 1.056798011568666
62249.1157 lsst_hardware_i 784.6114665524528 51.62843623826757 31.309999465942383 AB 4.771786121504658 1.030845997300639
62249.133 lsst_hardware_z 566.4606213056187 53.08767210651555 30.969999313354492 AB 5.703289148834281 1.047965299064593
62251.1201 lsst_hardware_r 522.4754505266013 91.8101184163029 31.65999984741211 AB 14.023090948378504 1.0392606928146124
62251.1365 lsst_hardware_z 530.0476078451629 72.29483942296092 30.989999771118164 AB 14.864732601789083 1.061267565974744
62253.1171 lsst_hardware_y 119.43089745351614 67.28338444244777 30.059999465942383 AB 4.625827313632212 1.0419116647631537
62253.1347 lsst_hardware_r 354.4775660573469 134.20100246248106 31.649999618530273 AB 4.890617885388239 1.0676262438540818
62255.114 lsst_hardware_i 835.4663821428552 85.72779049227735 31.329999923706055 AB 9.210736055417428 1.0446663389980353
62255.1315 lsst_hardware_z 523.2359887099018 74.64462414069271 30.989999771118164 AB 8.848229763276525 1.0718306245451712
62258.0929 lsst_hardware_z 1181.3984378385055 73.42614441140589 31.719999313354492 AB 9.20205589991448 1.0321027273481052
62258.1127 lsst_hardware_r 989.370379431683 74.72668288657256 32.380001068115234 AB 9.441779220393776 1.0539170331121532
62260.095 lsst_hardware_u 5.661459347366501 2.8553161395020488 28.520000457763672 AB 12.352493250294565 1.0387229440207335
62260.1141 lsst_hardware_r 353.70430623873034 30.5657727166411 31.5 AB 12.62743806101515 1.0649774868023234
62262.0895 lsst_hardware_i 669.0991335046949 40.120054727376974 31.260000228881836 AB 3.7583031084870355 1.0386834938241463
62262.1064 lsst_hardware_z 493.15086199253153 47.44842829931027 30.950000762939453 AB 3.857316284039211 1.0611599130782627
62263.076 lsst_hardware_r 352.45968679004795 29.710469801475814 31.510000228881836 AB 6.458416815233032 1.0298862725614786
62267.0725 lsst_hardware_i 506.5132882738452 38.704865302331434 31.260000228881836 AB 7.873274935622155 1.0355030603624407
62267.0888 lsst_hardware_z 514.8971560140407 46.670183857699826 30.950000762939453 AB 8.26847480478543 1.05492151120002
62269.03 lsst_hardware_r 246.1188219364705 27.80531046390701 31.510000228881836 AB 7.288084873491613 1.0265390215726016
62269.0494 lsst_hardware_g 24.84267418663577 15.105954594312408 31.450000762939453 AB 7.56343906458227 1.0253193490169912
62276.0091 lsst_hardware_i 706.8443135622734 54.52846387074237 32.02000045776367 AB 7.184095701870791 1.0273022286333027
62276.0295 lsst_hardware_z 389.38497598050003 45.81411085325812 30.950000762939453 AB 7.152244383015699 1.0251174405927694
62278.007 lsst_hardware_r 140.2320700936418 53.415055209486155 31.639999389648438 AB 4.7313731637937755 1.0259573177724126
62278.027 lsst_hardware_z 333.10195537940183 52.71202773890746 30.969999313354492 AB 4.738355471941754 1.0259881931306578
62280.9873 lsst_hardware_y 92.62040286049388 57.76137728514543 30.059999465942383 AB 4.8453121543493 1.0321985771736482
62281.0109 lsst_hardware_r 49.08311579857062 95.0883334567341 31.65999984741211 AB 4.8599603950789225 1.0243356296930797
62286.993 lsst_hardware_r 79.79624419181165 24.751216495457204 31.510000228881836 AB 9.313546143887228 1.02426388421983
62287.0153 lsst_hardware_i 194.51985566103244 33.653693482831535 31.260000228881836 AB 9.117247987330153 1.0333208270569407
62289.9686 lsst_hardware_y 190.39618643113175 47.95381215589614 30.049999237060547 AB 9.45662055662981 1.0284338391506203
62289.9894 lsst_hardware_z 239.8660303875908 43.121040713675086 30.950000762939453 AB 9.41583730516602 1.0247229164731213
62302.952 lsst_hardware_y -4.219293351595645 67.73608073389397 30.079999923706055 AB 9.91287810348314 1.0244457029332537
62302.9758 lsst_hardware_r 45.384134193944 24.867366092811807 31.520000457763672 AB 9.447608278167039 1.0369737154643732
62515.3558 lsst_hardware_g -14.2967052583814 16.40999984741211 31.489999771118164 AB 7.074535678519678 1.0264603310791978
62518.3608 lsst_hardware_i -22.305767435613028 33.209999084472656 31.270000457763672 AB 2.3559194830136443 1.0243128187015846
62520.3419 lsst_hardware_z 50.11674798388941 59.56999969482422 30.979999542236328 AB 6.35438856894788 1.0265571193776866
62520.3617 lsst_hardware_y -81.46322191931361 54.119998931884766 30.049999237060547 AB 6.304563958852008 1.0254102399867706
62522.3499 lsst_hardware_i -61.6817142325512 75.37999725341797 31.34000015258789 AB 11.51908255504137 1.024312999529422
62522.3705 lsst_hardware_y 170.00423196159912 65.41000366210938 30.06999969482422 AB 11.595717461985355 1.0329647054653368
62524.354 lsst_hardware_z -20.336054100693094 97.08999633789062 31.739999771118164 AB 9.711936905314632 1.026496171786465
62528.2883 lsst_hardware_z -36.233946155134944 44.0 30.950000762939453 AB 12.1623783773435 1.0572686809771015
62528.3051 lsst_hardware_r 27.717607349004034 32.93000030517578 31.579999923706055 AB 12.25760390600387 1.03643775980867
62530.3363 lsst_hardware_u 0.9757806150841969 2.990000009536743 28.5 AB 11.846949661574936 1.026006033046328
62530.3544 lsst_hardware_g -4.400245344671781 16.219999313354492 31.479999542236328 AB 11.963366277381278 1.0380361195124752
62532.3212 lsst_hardware_r 10.205205090323439 23.209999084472656 31.5 AB 11.020205000813787 1.0242540140635998
62532.338 lsst_hardware_z -4.748159742993454 41.130001068115234 30.950000762939453 AB 11.872650930047907 1.0293834121641248
62534.3213 lsst_hardware_r 17.231609671103868 23.06999969482422 31.5 AB 8.608941645494571 1.0248740054160204
62534.3393 lsst_hardware_u 0.57678954377231 2.7200000286102295 28.440000534057617 AB 10.183227467005626 1.034223939774597
62538.3022 lsst_hardware_r 16.337416405571236 22.940000534057617 31.5 AB 3.300894954837566 1.0243273715555268
62538.3203 lsst_hardware_i -54.78255339442617 30.360000610351562 31.239999771118164 AB 3.5315282568312645 1.0286254297913826
62542.2996 lsst_hardware_u 1.461536460264308 2.680000066757202 28.420000076293945 AB 2.998691836690948 1.0249017955081565
62542.3196 lsst_hardware_g 16.47155857210494 14.40999984741211 31.440000534057617 AB 3.0307526296831733 1.0360957083983362
62544.2934 lsst_hardware_z 22.658844747776012 41.0099983215332 30.950000762939453 AB 6.260819693618677 1.0247539565358375
62544.3098 lsst_hardware_r 26.425230058553577 23.15999984741211 31.510000228881836 AB 6.298923299369857 1.0324693292233178
62545.2667 lsst_hardware_r -4.801077182634629 23.020000457763672 31.5 AB 5.485073768184005 1.03015752994347
62545.283 lsst_hardware_u -0.2164941440200793 2.700000047683716 28.440000534057617 AB 5.435533883759472 1.0243322801814418
62547.2727 lsst_hardware_z -13.594772832184912 49.13999938964844 30.969999313354492 AB 3.4305092988754016 1.0251036303228453
