data/validation/pwv_sim_epoch_fit_seasonal/39799054.ecsv
# %ECSV 0.9
# ---
# datatype:
# - {name: time, datatype: float64}
# - {name: band, datatype: string}
# - {name: flux, datatype: float64}
# - {name: fluxerr, datatype: float64}
# - {name: zp, datatype: float64}
# - {name: zpsys, datatype: string}
# - {name: pwv, datatype: float64}
# - {name: airmass, datatype: float64}
# meta: {SNID: '39799054', alt: 1024.0, c: -0.0549490824341774, dec: -1.64151, lat: -30.244573, lon: -70.7499537, ra: 35.15625, t0: 62493.5234375,
#   x0: 0.0003660949491740968, x1: 1.136662244796753, z: 0.0926145613193512}
# schema: astropy-2.0
time band flux fluxerr zp zpsys pwv airmass
[from data line 132]
62786.2242 lsst_hardware_r -96.49624331742191 153.97000122070312 31.6299991607666 AB 6.294423082095654 1.144440560381028
62790.1772 lsst_hardware_g -28.181641299164177 55.63999938964844 31.670000076293945 AB 9.093162843237106 1.196862499932492
62790.1945 lsst_hardware_i -19.031387739898353 54.97999954223633 31.299999237060547 AB 8.818183052798686 1.1637069088284018
62792.1721 lsst_hardware_z 3.5307097125625084 43.95000076293945 30.940000534057617 AB 6.969337658593143 1.1960079498772662
62792.1898 lsst_hardware_r -8.943305723869846 30.8799991607666 31.549999237060547 AB 6.790749509307527 1.1626004980838087
62795.1731 lsst_hardware_u -2.9459200320233987 2.880000114440918 28.489999771118164 AB 2.947445353368807 1.1766248915643942
62795.1899 lsst_hardware_g 28.631383440336403 15.199999809265137 31.440000534057617 AB 2.94656708047409 1.1523531796928304
62800.1713 lsst_hardware_u -0.5508073816751431 2.880000114440918 28.489999771118164 AB 1.4591700543994466 1.1580714717455924
62800.1874 lsst_hardware_r -31.40026358254975 24.5 31.510000228881836 AB 1.4345096612472659 1.1436430995862923
62802.1737 lsst_hardware_i -5.4846679357186385 32.52000045776367 31.25 AB 2.3867955242727605 1.1495242531412513
62802.1904 lsst_hardware_z -19.196673149999636 43.33000183105469 30.950000762939453 AB 2.3538486358732493 1.140799015770328
62808.1533 lsst_hardware_y -46.31829094154143 49.689998626708984 30.010000228881836 AB 4.504046609969405 1.1535281041432996
62808.1731 lsst_hardware_g 6.910328390909307 32.209999084472656 31.6299991607666 AB 4.270011992096514 1.1409517680952608
62816.0677 lsst_hardware_i -7.488650321210121 99.98999786376953 31.280000686645508 AB 4.6557123597079135 1.3367600209718689
62816.0741 lsst_hardware_z 0.29510063112141643 86.19000244140625 30.959999084472656 AB 4.550143631404877 1.3058864339630194
62818.1184 lsst_hardware_r 117.17107225756678 65.95999908447266 31.6200008392334 AB 4.118949777814579 1.1631891684224447
62818.1375 lsst_hardware_z -54.991038144290485 58.439998626708984 30.969999313354492 AB 5.720241133386441 1.1440482266772882
62821.1838 lsst_hardware_z 11.48348426922085 46.529998779296875 30.940000534057617 AB 6.519243406551085 1.1810223562592546
62821.2024 lsst_hardware_r 44.52035359382167 39.939998626708984 31.559999465942383 AB 6.77812080897885 1.2275868530251917
62824.1001 lsst_hardware_r 11.484818967635919 24.229999542236328 31.469999313354492 AB 5.184349798514417 1.1660705799626754
62824.119 lsst_hardware_u 4.728611723373726 2.619999885559082 28.299999237060547 AB 5.094737352784346 1.1453352111018917
62828.1042 lsst_hardware_g -11.285440016600056 14.75 31.399999618530273 AB 7.8383474493595955 1.1482234599515997
62828.125 lsst_hardware_r -21.47275804260469 24.0 31.489999771118164 AB 7.528418345316974 1.1406694462601477
62830.0986 lsst_hardware_i 27.5222273291646 32.130001068115234 31.229999542236328 AB 5.866003919261411 1.148339239320983
62830.1183 lsst_hardware_z -13.177269765477321 43.15999984741211 30.940000534057617 AB 5.83033829120982 1.1405757893501303
62832.1032 lsst_hardware_r 18.378175796803237 23.899999618530273 31.489999771118164 AB 4.356701702518176 1.1421921792846743
62832.1221 lsst_hardware_u -4.462217353980693 2.7799999713897705 28.440000534057617 AB 4.358661322542427 1.1429306616810642
62834.1046 lsst_hardware_g -17.68571691820366 15.140000343322754 31.420000076293945 AB 5.718190859225973 1.1406155406624627
62834.1239 lsst_hardware_i -18.676130347938155 32.060001373291016 31.25 AB 5.768760597378778 1.1474792330020114
62837.07 lsst_hardware_r 11.956334520332472 36.36000061035156 31.56999969482422 AB 7.294920944187918 1.1584142934873891
62837.0872 lsst_hardware_z 28.730887016391613 45.95000076293945 30.950000762939453 AB 7.209495122038626 1.1432150412873767
62845.0645 lsst_hardware_r 33.79147249436773 99.79000091552734 31.639999389648438 AB 8.694387881130593 1.1436472856312438
62845.0858 lsst_hardware_z -43.87497565133138 70.97000122070312 30.979999542236328 AB 10.511643125372085 1.1425699049317486
62850.0397 lsst_hardware_y 102.51796540249633 54.88999938964844 30.020000457763672 AB 8.732785894920536 1.152366578845679
62850.0582 lsst_hardware_g 5.955056540935843 14.859999656677246 31.420000076293945 AB 8.76356328066061 1.140982306494338
62852.0433 lsst_hardware_y 73.33270138864096 52.0099983215332 30.020000457763672 AB 12.483294607439712 1.1448450120314408
62852.0637 lsst_hardware_z -46.456021895485755 42.849998474121094 30.940000534057617 AB 12.465241316788255 1.1414969040335394
62856.0402 lsst_hardware_z -42.79230537366671 50.83000183105469 30.959999084472656 AB 5.136110515611786 1.1413578923581746
62856.0608 lsst_hardware_r -7.894067682917162 24.260000228881836 31.510000228881836 AB 5.119701607646869 1.145283061942144
