data/validation/pwv_sim_epoch_fit_seasonal/39907900.ecsv
# %ECSV 0.9
# ---
# datatype:
# - {name: time, datatype: float64}
# - {name: band, datatype: string}
# - {name: flux, datatype: float64}
# - {name: fluxerr, datatype: float64}
# - {name: zp, datatype: float64}
# - {name: zpsys, datatype: string}
# - {name: pwv, datatype: float64}
# - {name: airmass, datatype: float64}
# meta: {SNID: '39907900', alt: 1024.0, c: 0.022891603410243988, dec: -7.782714, lat: -30.244573, lon: -70.7499537, ra: 108.105469, t0: 62917.078125,
#   x0: 1.1710324591840319e-05, x1: -0.45267197489738464, z: 0.4308295249938965}
# schema: astropy-2.0
time band flux fluxerr zp zpsys pwv airmass
62818.3482 lsst_hardware_r 53.05200880169391 84.5 31.649999618530273 AB 4.529119252545839 1.0819682877557875
62820.3037 lsst_hardware_z 32.714478670398485 61.869998931884766 30.969999313354492 AB 5.906933219131654 1.1192319621924822
62820.3211 lsst_hardware_y -33.40641162775775 53.81999969482422 30.030000686645508 AB 5.7000583373995735 1.0946914417898164
62821.3414 lsst_hardware_r 47.305439294719775 62.93000030517578 31.6299991607666 AB 4.297247053020101 1.0817941729512714
62824.2391 lsst_hardware_r -21.550922515391616 36.95000076293945 32.220001220703125 AB 6.883562331809227 1.297031498001299
62828.3373 lsst_hardware_g -24.43037045483178 14.069999694824219 31.399999618530273 AB 7.182801441751777 1.084824141025281
62828.3568 lsst_hardware_z -39.71964544432531 70.98999786376953 30.979999542236328 AB 7.293483993912935 1.102442503709018
62830.3301 lsst_hardware_i -27.00511620290132 30.780000686645508 31.239999771118164 AB 7.300808799628642 1.0840102152381057
62830.3496 lsst_hardware_y 17.225148982158345 56.43000030517578 30.040000915527344 AB 6.132802756862229 1.1002187633778444
62832.3009 lsst_hardware_z 15.007680691436128 41.77000045776367 30.950000762939453 AB 4.161203393846852 1.0849888257211007
62832.3198 lsst_hardware_r 19.951211354519565 22.610000610351562 31.489999771118164 AB 4.153658121968053 1.0823864812946067
62837.2973 lsst_hardware_r 22.58132041515357 22.540000915527344 31.479999542236328 AB 7.075537662721301 1.0818313535581214
62837.3164 lsst_hardware_z 6.850416972634408 41.70000076293945 30.940000534057617 AB 7.125231724481426 1.086936599890349
62839.3002 lsst_hardware_r 39.338579463409964 22.690000534057617 31.489999771118164 AB 3.832595117931525 1.0822718299840353
62839.3193 lsst_hardware_u -1.4134353419871557 2.7300000190734863 28.450000762939453 AB 3.914485116785238 1.0938135149939705
62841.2906 lsst_hardware_g -13.531159566526705 31.229999542236328 31.649999618530273 AB 5.524627500045555 1.0817049014578166
62841.3101 lsst_hardware_r 9.276264716235405 22.670000076293945 31.479999542236328 AB 4.7366070434018805 1.0903791536377117
62845.2296 lsst_hardware_r 119.89970325134033 114.62999725341797 31.639999389648438 AB 10.574191577365296 1.1305668317508568
62845.2552 lsst_hardware_z -50.852070788183006 76.41000366210938 30.989999771118164 AB 10.130880982694766 1.0923666045982268
62850.2741 lsst_hardware_z 3.3383307576477708 76.55999755859375 31.719999313354492 AB 8.841852458285725 1.0834368168500514
62852.2398 lsst_hardware_r -0.8837953168439442 37.439998626708984 31.600000381469727 AB 9.168755509277297 1.0891845461245957
62852.26 lsst_hardware_z 7.18797907293426 45.31999969482422 30.959999084472656 AB 7.677732273841979 1.081675440101716
62854.2341 lsst_hardware_r 32.07831432060312 24.93000030517578 31.520000457763672 AB 5.578127221267056 1.0893715889595537
62854.2585 lsst_hardware_y -9.321887024981018 48.09000015258789 30.030000686645508 AB 4.723961575704586 1.0821123756052196
62856.2312 lsst_hardware_g -6.315453065078591 14.079999923706055 31.420000076293945 AB 6.416148996291903 1.087482880727441
62856.2532 lsst_hardware_r 38.21596682115956 23.049999237060547 31.5 AB 5.81254638801808 1.0821421846874917
62862.2127 lsst_hardware_z -21.05972338116197 41.77000045776367 30.950000762939453 AB 5.472064763233378 1.0890222922997916
62862.2355 lsst_hardware_r 6.790505691049431 22.90999984741211 31.489999771118164 AB 5.428241827908949 1.0819157562228212
62864.2097 lsst_hardware_u -1.8579731933949049 3.9700000286102295 29.25 AB 7.8156760305974675 1.0872471350903707
62864.2317 lsst_hardware_g -10.378099895726441 20.260000228881836 32.189998626708984 AB 7.709107236279106 1.0822077962067953
62869.2083 lsst_hardware_r -20.381404100078992 38.31999969482422 31.59000015258789 AB 4.106486956278739 1.0820544888198518
62869.2282 lsst_hardware_y 9.851388355348789 48.5 30.030000686645508 AB 3.787169121429604 1.0863938959924266
62871.2031 lsst_hardware_z 4.1387850500936505 55.61000061035156 30.969999313354492 AB 12.45725204233009 1.0820083275401253
62871.2232 lsst_hardware_r 40.37985643560567 66.83000183105469 31.6299991607666 AB 12.685919156733194 1.0866814422420072
62873.204 lsst_hardware_i -105.95713793244386 88.51000213623047 31.329999923706055 AB 8.642679010487093 1.081743396358226
62873.2267 lsst_hardware_z 36.95769796036692 75.88999938964844 30.989999771118164 AB 9.628888558503508 1.0940261201147752
62875.1679 lsst_hardware_z -159.58695614990415 90.94999694824219 30.989999771118164 AB 8.253458057726435 1.097996681811016
62875.1868 lsst_hardware_r 101.04723425424818 133.58999633789062 31.649999618530273 AB 8.14357845815312 1.083486983444807
62880.1614 lsst_hardware_z 24.97166627486368 48.15999984741211 30.959999084472656 AB 7.852831418527281 1.0907720277609891
62880.1806 lsst_hardware_g 19.97009347519428 46.119998931884766 31.690000534057617 AB 8.596423994914515 1.0817420769171597
62882.1544 lsst_hardware_r -19.004267995306776 23.280000686645508 31.489999771118164 AB 4.723525605624144 1.0921446486992241
62882.1725 lsst_hardware_z 87.22053632092842 43.13999938964844 30.950000762939453 AB 5.624784094456919 1.0821054433353015
62884.1551 lsst_hardware_r -26.969536276179436 23.3799991607666 31.5 AB 4.854498486081499 1.0872337034896975
62884.1742 lsst_hardware_u 2.731085523874998 2.7699999809265137 28.469999313354492 AB 6.762802736913867 1.0817599685812636
62890.1249 lsst_hardware_z 2.1278237095555843 42.09984778460175 30.940000534057617 AB 14.29333330560972 1.1004536013506518
62890.1445 lsst_hardware_r 12.030626832739395 23.07981476842716 31.489999771118164 AB 15.296409953155587 1.0840316984660956
62892.1244 lsst_hardware_u -2.1615801684281486 2.927892118631835 28.489999771118164 AB 14.988328683692682 1.09478442859072
62892.1449 lsst_hardware_g 0.22721308036267682 14.56910987930651 31.43000030517578 AB 14.176020771538775 1.0821596420953663
62896.1098 lsst_hardware_r 285.1113557561365 33.044866692535685 31.549999237060547 AB 13.821958972327158 1.098885023439597
62896.1261 lsst_hardware_y 158.46703891670157 48.600552812295525 30.030000686645508 AB 13.022169315785641 1.0849924095776962
62898.1082 lsst_hardware_z 287.66755874502354 50.76736134462553 30.959999084472656 AB 8.351016963693063 1.0945932755627048
62898.1261 lsst_hardware_r 634.1503158344361 50.46505660361648 31.610000610351562 AB 9.000466277245343 1.0827628604204924
62907.1016 lsst_hardware_i 2223.6832610532956 73.27155360335534 31.31999969482422 AB 3.7201083196758344 1.0827382933812557
62907.1205 lsst_hardware_z 1555.9611038324333 67.71155622152833 30.979999542236328 AB 3.721272604787008 1.0842605622785786
62911.0921 lsst_hardware_g 1583.4242765015736 41.636155071164275 31.40999984741211 AB 3.449200604477573 1.082356822617894
62911.1089 lsst_hardware_i 2694.1414558730767 59.669042119206466 31.25 AB 3.438315435955684 1.0839582080566512
62913.061 lsst_hardware_r 4212.611187218515 67.67326283733996 31.489999771118164 AB 2.644427601858894 1.1018448341078726
62913.0782 lsst_hardware_z 2033.7572399065584 61.69625721528884 30.950000762939453 AB 2.605917182426679 1.0857988260111162
62915.0192 lsst_hardware_r 4480.786205726722 75.05944836998435 31.559999465942383 AB 4.281701826994834 1.180345093589182
62915.0241 lsst_hardware_u 4.787805984128007 6.451133421150549 28.90999984741211 AB 4.125811807118861 1.1657579864710699
62918.0602 lsst_hardware_g 1431.5108711553614 39.783332414362604 31.40999984741211 AB 3.372864185453852 1.0886938221332068
62918.0775 lsst_hardware_r 4094.6665009798976 68.07396001557166 31.479999542236328 AB 3.256944195397441 1.0816818981725145
62920.055 lsst_hardware_i 2989.8551769978167 62.436499195721694 31.239999771118164 AB 7.8350072545658715 1.0884978125265172
62920.0737 lsst_hardware_z 2205.928175498773 62.943847634411 30.950000762939453 AB 7.663944827340011 1.0816378275830938
62922.0519 lsst_hardware_r 3826.563932859787 65.4517412148738 31.489999771118164 AB 9.750893098863123 1.0868541444023545
62922.0692 lsst_hardware_u 4.496766367130048 3.0881385093800793 28.459999084472656 AB 9.597047419987778 1.081662149336464
62924.0486 lsst_hardware_g 1011.6235550744108 35.842621407820126 31.479999542236328 AB 8.557921332734642 1.085548466129846
62924.066 lsst_hardware_i 2818.1646609875324 61.51931052558355 31.25 AB 8.47424612028632 1.0818646904488896
62926.0484 lsst_hardware_z 2095.197691381926 62.63994748180093 30.950000762939453 AB 4.00741633751084 1.0831586830220528
62926.0667 lsst_hardware_r 3474.9550887548244 67.76876056525117 31.56999969482422 AB 3.9865580472222324 1.0834510251996827
62931.0464 lsst_hardware_r 2559.6979037802953 104.32350423567675 31.639999389648438 AB 5.746535637514696 1.0818026426044443
62931.0651 lsst_hardware_i 2380.7951582803416 88.94394431974283 31.31999969482422 AB 5.755986492772173 1.0909754535201024
62933.0146 lsst_hardware_y 572.5773354435337 60.97763323895591 30.040000915527344 AB 8.683207625328407 1.092639691119719
62933.0332 lsst_hardware_z 1549.7890586858578 78.28278272080604 30.979999542236328 AB 8.63082687649992 1.0820996585381044
62940.0016 lsst_hardware_y 278.4859793069199 61.520723415662864 30.040000915527344 AB 10.287778773983055 1.0876228027909756
62940.0202 lsst_hardware_r 1255.7037991675274 41.390446647605806 31.479999542236328 AB 10.232450886361606 1.0816663382598848
62944.9962 lsst_hardware_z 1119.0201439613627 64.63965504152169 30.979999542236328 AB 5.175591019079607 1.0832695346302355
62945.0158 lsst_hardware_i 1378.157591239403 47.28382337306125 31.25 AB 5.271082150313868 1.0838414291255383
62946.9955 lsst_hardware_y 329.23178317721863 61.45702638928418 30.049999237060547 AB 5.444725152909052 1.0820021832393856
62947.0139 lsst_hardware_r 723.1339326682969 35.69698876333894 31.5 AB 5.522046045042482 1.0855922762206713
62948.9922 lsst_hardware_y 424.7509860146964 67.0961499346409 30.059999465942383 AB 6.050087224868391 1.0817248748200134
62949.0128 lsst_hardware_r 748.914446764357 34.288558036869674 31.5 AB 5.053064047233024 1.0884359821718952
63180.3456 lsst_hardware_u -1.8629724192440331 3.4600000381469727 28.600000381469727 AB 11.491167305009162 1.0863355864033024
63185.3434 lsst_hardware_r 12.866795284513191 23.309999465942383 31.489999771118164 AB 5.940381382099874 1.0819545660650904
63190.3371 lsst_hardware_r -8.426195418487126 22.6200008392334 31.479999542236328 AB 5.423467158938271 1.0818985272589243
63190.356 lsst_hardware_y -125.64641123519438 67.62000274658203 30.049999237060547 AB 5.471757993664078 1.0916951405574817
63192.3335 lsst_hardware_z -15.144865578839326 42.130001068115234 30.940000534057617 AB 5.148685041603031 1.0822249167846623
63192.3515 lsst_hardware_y 20.790739183607723 57.290000915527344 30.040000915527344 AB 5.227546183976021 1.0925812802875947
63194.3315 lsst_hardware_z -61.06489521935266 41.470001220703125 30.940000534057617 AB 10.032594110500526 1.083199536871143
63194.3515 lsst_hardware_y -4.802394118925001 58.18000030517578 30.040000915527344 AB 9.189060412185967 1.0983597121962627
63196.3346 lsst_hardware_r -25.95678077518218 22.770000457763672 31.489999771118164 AB 5.547158996217767 1.0876782345525036
63196.3536 lsst_hardware_y -1.1922151784766493 68.38999938964844 30.040000915527344 AB 5.653234950011087 1.1084774411786447
63198.138 lsst_hardware_i -9.38650939475815 124.0199966430664 31.8700008392334 AB 9.257386871882401 2.169911953561653
63200.3176 lsst_hardware_z -105.2237373998685 108.16999816894531 31.739999771118164 AB 6.308183377879225 1.0841907839379934
63203.2993 lsst_hardware_r -138.37900399687845 81.87999725341797 31.649999618530273 AB 6.641910517180676 1.0816784702848505
63203.3188 lsst_hardware_i -79.90249910412312 68.91000366210938 31.31999969482422 AB 6.697428803911222 1.0902066686321579
63205.3017 lsst_hardware_z -13.304881170164366 50.2400016784668 30.959999084472656 AB 3.3861433079603565 1.0832769846847314
63205.3206 lsst_hardware_r 38.21493049427673 52.810001373291016 31.6200008392334 AB 3.4260218573891112 1.0973511888074026
63209.2937 lsst_hardware_r -3.5645418685987615 24.170000076293945 31.510000228881836 AB 7.1400684892777315 1.084498726300016
63209.3139 lsst_hardware_z -33.1279461958569 42.040000915527344 30.940000534057617 AB 7.320810584006547 1.1025317144586626
63212.2242 lsst_hardware_i -18.235156506346264 30.93000030517578 31.229999542236328 AB 14.236179593345037 1.1318767317308716
63212.2431 lsst_hardware_r 33.8197229961092 22.690000534057617 31.489999771118164 AB 13.831398714446676 1.100328053495119
63215.2676 lsst_hardware_u -6.26595227700665 2.5999999046325684 28.350000381469727 AB 8.833539266074252 1.0817452046535583
63215.2867 lsst_hardware_g -19.054377883089728 13.970000267028809 31.40999984741211 AB 8.911122791167953 1.0907616080225846
63217.2259 lsst_hardware_r 6.313966899985263 22.950000762939453 31.489999771118164 AB 9.297236341794251 1.1050160067105654
63217.2444 lsst_hardware_i 33.32024890972193 30.790000915527344 31.25 AB 9.208601985260636 1.0864325135984705
63219.2233 lsst_hardware_z 35.0462804279532 42.18000030517578 30.950000762939453 AB 5.630117641717755 1.101191656489775
63219.2417 lsst_hardware_r -5.504590362473854 22.969999313354492 31.489999771118164 AB 5.612594464872963 1.0848737730497657
63221.2252 lsst_hardware_u -2.0677816217038445 2.6700000762939453 28.399999618530273 AB 6.448526061882916 1.092970518963206
63221.2445 lsst_hardware_g -4.719553093591799 13.979999542236328 31.399999618530273 AB 6.38403848861678 1.0820404217994541
63223.2171 lsst_hardware_r 14.580467249365881 35.220001220703125 31.56999969482422 AB 7.406886153745195 1.0956526983092127
63223.2368 lsst_hardware_z 22.985061132656114 44.38999938964844 30.950000762939453 AB 7.3090243322772395 1.0825377616584204
63227.2224 lsst_hardware_z 68.09794481201133 100.83000183105469 31.739999771118164 AB 5.452400755856053 1.0837069825304626
63230.2062 lsst_hardware_r -109.8476720981427 122.80999755859375 31.649999618530273 AB 10.12076596227946 1.0882544045461784
63230.226 lsst_hardware_i 101.30817036800599 98.47000122070312 31.34000015258789 AB 9.722400914803211 1.08168898901924
