data/validation/pwv_sim_epoch_fit_seasonal/39967347.ecsv
# %ECSV 0.9
# ---
# datatype:
# - {name: time, datatype: float64}
# - {name: band, datatype: string}
# - {name: flux, datatype: float64}
# - {name: fluxerr, datatype: float64}
# - {name: zp, datatype: float64}
# - {name: zpsys, datatype: string}
# - {name: pwv, datatype: float64}
# - {name: airmass, datatype: float64}
# meta: {SNID: '39967347', alt: 1024.0, c: -0.10071604698896408, dec: -6.880079, lat: -30.244573, lon: -70.7499537, ra: 54.667969, t0: 61055.72265625,
#   x0: 4.201526781543027e-06, x1: -1.6803206205368042, z: 0.6584131121635437}
# schema: astropy-2.0
time band flux fluxerr zp zpsys pwv airmass
[from data line 133]
61368.1894 lsst_hardware_z 134.8616969232822 81.1500015258789 30.989999771118164 AB 8.600208953557336 1.0949171134218303
61368.2083 lsst_hardware_i 0.40250651301697893 97.43000030517578 31.329999923706055 AB 8.75987180239579 1.1143929864806787
61370.1872 lsst_hardware_z -62.45544129291099 66.55000305175781 30.979999542236328 AB 5.060984749360272 1.0971928203555033
61370.2075 lsst_hardware_r -51.57086011969952 92.63999938964844 31.6299991607666 AB 5.165375122452012 1.12160722114621
61372.182 lsst_hardware_u 13.796569349575458 10.149999618530273 29.239999771118164 AB 3.683218639704196 1.0973935762352356
61372.2011 lsst_hardware_g 18.797299436560426 52.20000076293945 31.68000030517578 AB 3.6005670893884862 1.1200727173729574
61374.1869 lsst_hardware_r 22.32836772336429 27.690000534057617 31.530000686645508 AB 4.894632651637846 1.107717105832343
61374.2056 lsst_hardware_i 82.78822519244603 35.84000015258789 31.260000228881836 AB 5.115903799735779 1.1384698018846775
61376.181 lsst_hardware_z -15.997107620155433 42.16999816894531 30.950000762939453 AB 7.002207683720424 1.1071851078459531
61376.2002 lsst_hardware_r 23.404136892799304 23.360000610351562 31.489999771118164 AB 7.191942551113035 1.1385961451931925
61379.1572 lsst_hardware_r -18.709284532022846 23.079999923706055 31.5 AB 2.8279840522702835 1.0936451378421979
61379.1758 lsst_hardware_u -3.709892053973552 2.740000009536743 28.450000762939453 AB 2.583098048711065 1.1109700937074938
61381.1542 lsst_hardware_g 21.613578099130578 14.319999694824219 31.420000076293945 AB 4.876483664637608 1.095100755589106
61381.1751 lsst_hardware_i -19.882110808574428 31.549999237060547 31.239999771118164 AB 4.5517523672396605 1.1178173789881287
61383.1562 lsst_hardware_z 43.19868348709614 42.150001525878906 30.950000762939453 AB 6.0333286432551185 1.1010560979250463
61383.1743 lsst_hardware_r -34.68307698527827 23.34000015258789 31.489999771118164 AB 6.811392631062485 1.1255244567377758
61385.1491 lsst_hardware_u 5.15256744496342 2.75 28.450000762939453 AB 10.547034341888594 1.099546610104279
61385.1667 lsst_hardware_g 8.947446901168203 14.149999618530273 31.40999984741211 AB 11.330796844947168 1.1218610737571453
61387.1492 lsst_hardware_r 25.70579279120849 23.34000015258789 31.5 AB 11.439940539580059 1.1051303049022758
61387.168 lsst_hardware_i -6.588114772655961 31.520000457763672 31.239999771118164 AB 12.573323652347684 1.13417938681632
61392.077 lsst_hardware_g -12.177749661154428 38.349998474121094 31.670000076293945 AB 4.520043899041262 1.110303094827134
61392.0944 lsst_hardware_i 10.688140096032845 40.470001220703125 31.290000915527344 AB 4.419876531992 1.0940288445524753
61394.0875 lsst_hardware_z -173.53369647217664 58.380001068115234 30.979999542236328 AB 3.722628648233325 1.0948907788921545
61394.109 lsst_hardware_r -17.305488341949623 70.31999969482422 31.639999389648438 AB 3.6091633448315115 1.0907936062958856
61405.049 lsst_hardware_z 76.88249249827771 44.25 30.950000762939453 AB 8.282189051309123 1.1017089780149814
61405.0699 lsst_hardware_r -45.23479039447285 22.93000030517578 31.489999771118164 AB 8.1888085746194 1.0902300255781063
61407.0484 lsst_hardware_y -20.109673226412593 51.04999923706055 30.030000686645508 AB 7.510769233581258 1.0974239090562903
61407.0703 lsst_hardware_z -84.1119556780898 41.790000915527344 30.940000534057617 AB 7.397449454543607 1.0902116507973494
61409.0493 lsst_hardware_y 61.652582501773324 50.38999938964844 30.020000457763672 AB 2.461855800725603 1.093307783157812
61409.0713 lsst_hardware_u -0.14953926944589752 2.6700000762939453 28.3799991607666 AB 2.4783961120047717 1.0918044546276504
61411.0422 lsst_hardware_y -44.864237075562976 60.02000045776367 30.040000915527344 AB 10.802017181087436 1.094207575069635
61411.0639 lsst_hardware_i 67.43054284003388 31.229999542236328 31.239999771118164 AB 10.569583426903092 1.091147635261847
61413.0408 lsst_hardware_y 104.07451779697642 64.0999984741211 30.049999237060547 AB 10.763414961910282 1.0921780783267663
61413.0627 lsst_hardware_r 11.967358829883162 23.360000610351562 31.5 AB 9.099400786997506 1.0927913996454206
61415.0398 lsst_hardware_y 29.697497510817936 62.86000061035156 30.049999237060547 AB 12.540614629459624 1.090725342853631
61415.0612 lsst_hardware_g 12.451084413446601 14.319999694824219 31.420000076293945 AB 9.880793792706042 1.0949865678444861
61418.0389 lsst_hardware_z 37.47074486858119 57.81999969482422 30.969999313354492 AB 4.018794984448803 1.0900890554562757
61418.0575 lsst_hardware_i -42.54312281399404 31.799999237060547 31.25 AB 2.209701989277959 1.0982614260824846
