data/validation/pwv_sim_epoch_fit_seasonal/39982821.ecsv
# %ECSV 0.9
# ---
# datatype:
# - {name: time, datatype: float64}
# - {name: band, datatype: string}
# - {name: flux, datatype: float64}
# - {name: fluxerr, datatype: float64}
# - {name: zp, datatype: float64}
# - {name: zpsys, datatype: string}
# - {name: pwv, datatype: float64}
# - {name: airmass, datatype: float64}
# meta: {SNID: '39982821', alt: 1024.0, c: 0.10547752678394318, dec: -40.033035, lat: -30.244573, lon: -70.7499537, ra: 100.898438, t0: 60741.32421875,
#   x0: 5.8549178019605685e-06, x1: -1.42599618434906, z: 0.5751586556434631}
# schema: astropy-2.0
time band flux fluxerr zp zpsys pwv airmass
[from data line 132]
61045.2187 lsst_hardware_i -64.48721972781762 59.79999923706055 31.329999923706055 AB 11.954938632974768 1.0291564517787368
61054.1853 lsst_hardware_u -1.753466990071535 2.5799999237060547 28.40999984741211 AB 8.131864056916628 1.0223830090627113
61054.1987 lsst_hardware_g 3.688750464669786 12.75 31.389999389648438 AB 8.204473780374292 1.0335476848610263
61056.1645 lsst_hardware_g -7.137765984965767 12.770000457763672 31.399999618530273 AB 4.4879862804757265 1.0157645297191384
61056.1774 lsst_hardware_r -0.31160940945329285 21.40999984741211 31.489999771118164 AB 5.275743419567017 1.0208975704256238
61058.1667 lsst_hardware_i -49.81429031542351 29.260000228881836 31.239999771118164 AB 6.363127453127136 1.0182633146306805
61058.1796 lsst_hardware_z -51.43663648514573 40.25 30.940000534057617 AB 6.3891745139765845 1.026126156585011
61060.1651 lsst_hardware_r -30.015292395581827 21.280000686645508 31.479999542236328 AB 7.563259057620988 1.0201320552496613
61060.1782 lsst_hardware_u -2.077810330118224 2.549999952316284 28.3799991607666 AB 9.178286353746161 1.0295714575694856
61062.164 lsst_hardware_g -6.384934652554564 12.710000038146973 31.389999389648438 AB 10.482308000954939 1.0227390297782686
61062.1782 lsst_hardware_i -7.588134152988883 29.610000610351562 31.25 AB 10.098058809318026 1.03495529459035
61064.154 lsst_hardware_z 8.183064303204132 40.20000076293945 30.940000534057617 AB 14.411433573467445 1.02003776620036
61064.1664 lsst_hardware_r 24.98404741820569 21.260000228881836 31.469999313354492 AB 14.494930115885111 1.0287875070420984
61066.1563 lsst_hardware_y 105.9328945908921 46.41999816894531 30.040000915527344 AB 13.408121306979034 1.0250073623560152
61066.1689 lsst_hardware_g -12.382051160820813 12.670000076293945 31.3700008392334 AB 14.458148877265748 1.0367237112624228
61068.1088 lsst_hardware_z 15.224411137334766 44.869998931884766 30.959999084472656 AB 12.630919364457265 1.0178017215517539
61068.1208 lsst_hardware_r 56.4068696556604 41.040000915527344 31.610000610351562 AB 12.642095865796366 1.0149606298935323
61070.1459 lsst_hardware_z 2.6468621211052126 50.84000015258789 30.969999313354492 AB 12.326631904226442 1.025403506642524
61070.1593 lsst_hardware_r -20.95550354372623 60.38999938964844 31.639999389648438 AB 12.474340573837765 1.0382233920284447
61073.1491 lsst_hardware_z -59.66001251269751 86.13999938964844 31.739999771118164 AB 7.44274188244101 1.0359683407100184
61073.161 lsst_hardware_r 192.56580244273772 123.30999755859375 32.40999984741211 AB 7.541773860042394 1.051118308019842
61075.0995 lsst_hardware_z 47.20382372005082 51.810001373291016 30.979999542236328 AB 10.636468912713044 1.015188557461796
61075.1128 lsst_hardware_g -90.80302272124605 69.04000091552734 31.739999771118164 AB 10.639333286430873 1.0158093602034501
61077.0975 lsst_hardware_r -24.55141900767863 35.9900016784668 31.600000381469727 AB 4.366733487420907 1.0148900265155503
61077.1118 lsst_hardware_z -9.40202645910085 45.040000915527344 30.959999084472656 AB 4.438927228066932 1.0170917042847931
61079.0964 lsst_hardware_r 33.98692742413535 21.190000534057617 31.479999542236328 AB 8.838402280726323 1.0149749977866533
61079.1082 lsst_hardware_u -1.0241426893784 2.5399999618530273 28.389999389648438 AB 8.713617175079786 1.0177873978056127
61081.0953 lsst_hardware_g -1.1642819843423102 12.6899995803833 31.389999389648438 AB 3.5845547304958973 1.0155744721036473
61081.1078 lsst_hardware_r -16.04527154255694 21.31999969482422 31.489999771118164 AB 3.6007368845055825 1.020159192871354
61083.0908 lsst_hardware_i 14.545533829251697 29.360000610351562 31.25 AB 4.57564875333567 1.0157762471561906
61083.1039 lsst_hardware_z 27.89586947306194 40.189998626708984 30.950000762939453 AB 4.622900724776315 1.0210338050746453
61085.0861 lsst_hardware_r -2.483506291675993 21.219999313354492 31.479999542236328 AB 3.248258497395391 1.0159538657894724
61085.0987 lsst_hardware_u 2.132175675832526 2.549999952316284 28.389999389648438 AB 3.2483110043456636 1.0211870805624197
61087.0824 lsst_hardware_g -9.961610510504409 12.760000228881836 31.399999618530273 AB 2.43941904218875 1.016424600911979
61087.0942 lsst_hardware_i -17.768567153369165 29.450000762939453 31.25 AB 3.219585523498226 1.0217662721352585
61089.0775 lsst_hardware_z 34.880973573682724 40.16999816894531 30.950000762939453 AB 4.483172949159149 1.0165925054782947
61089.0899 lsst_hardware_r 19.684705093640332 21.299999237060547 31.479999542236328 AB 5.660049862890959 1.0225002010461637
61093.0775 lsst_hardware_r 25.25168870461381 21.149999618530273 31.469999313354492 AB 5.423535794358983 1.021573892326047
61093.0901 lsst_hardware_i -29.939050492193246 29.3799991607666 31.239999771118164 AB 6.3506854133326565 1.0314577575658042
61095.0588 lsst_hardware_i -23.621535199896023 32.0099983215332 31.260000228881836 AB 8.036219967799912 1.0159570123640849
61095.0701 lsst_hardware_z 53.12669860122854 41.560001373291016 30.959999084472656 AB 8.081285023309107 1.0204501670985486
61098.058 lsst_hardware_r -59.31235291403711 69.4000015258789 32.380001068115234 AB 8.006943589051343 1.0185007427401058
61098.0702 lsst_hardware_z 8.775443558987966 47.220001220703125 30.969999313354492 AB 8.056627275555517 1.0259951958682607
61100.0582 lsst_hardware_z 2.6655009058025656 52.959999084472656 30.969999313354492 AB 3.848872788255664 1.0214630542079788
61100.071 lsst_hardware_i -82.17024633345505 54.7400016784668 31.31999969482422 AB 3.915987543501528 1.031473078757089
61102.0459 lsst_hardware_z -22.654639534271947 57.970001220703125 30.979999542236328 AB 6.391742756431849 1.0179960591569739
61102.0588 lsst_hardware_r -9.745889462210576 81.91999816894531 31.65999984741211 AB 6.451174797487439 1.0256239741633448
61106.0449 lsst_hardware_r -50.37993481655258 36.599998474121094 31.600000381469727 AB 6.595464138583284 1.0234517361894093
61106.0581 lsst_hardware_i -57.77382878791241 40.43000030517578 31.290000915527344 AB 6.725170384612913 1.0350131408114922
61108.043 lsst_hardware_z -4.524630804168604 40.2400016784668 30.940000534057617 AB 11.13339783952148 1.0260802125437407
61108.0577 lsst_hardware_r 38.274546834758304 21.31999969482422 31.469999313354492 AB 11.28698808256383 1.040794997431636
61110.0441 lsst_hardware_u 0.7577044727870744 2.619999885559082 28.440000534057617 AB 7.364965650690318 1.0318690929163319
61110.0575 lsst_hardware_r 1.3217803220860398 21.5 31.479999542236328 AB 7.445133604168366 1.0476266797610272
61112.0441 lsst_hardware_i 10.90945554109718 29.6299991607666 31.25 AB 10.765536228944613 1.0376420461633362
61112.0582 lsst_hardware_z 56.76919598987439 40.93000030517578 30.950000762939453 AB 11.039237422560651 1.0567234290900431
61117.0307 lsst_hardware_g 0.7425729890574515 12.720000267028809 31.389999389648438 AB 8.010756607043199 1.0379316671473438
61117.0448 lsst_hardware_r -12.322629973578705 21.469999313354492 31.479999542236328 AB 7.320582761965016 1.057123864543661
