data/validation/pwv_sim_epoch_fit_seasonal/40027946.ecsv
# %ECSV 0.9
# ---
# datatype:
# - {name: time, datatype: float64}
# - {name: band, datatype: string}
# - {name: flux, datatype: float64}
# - {name: fluxerr, datatype: float64}
# - {name: zp, datatype: float64}
# - {name: zpsys, datatype: string}
# - {name: pwv, datatype: float64}
# - {name: airmass, datatype: float64}
# meta: {SNID: '40027946', alt: 1024.0, c: -0.08482138067483902, dec: -1.193748, lat: -30.244573, lon: -70.7499537, ra: 224.472656, t0: 61961.125,
#   x0: 3.9923055207677596e-06, x1: 1.1134274005889893, z: 0.6720614433288574}
# schema: astropy-2.0
time band flux fluxerr zp zpsys pwv airmass
61828.3795 lsst_hardware_z -30.81209050938117 61.869998931884766 31.690000534057617 AB 5.796351635575523 1.1434901628675327
61830.3732 lsst_hardware_g -12.443204354854988 14.869999885559082 31.40999984741211 AB 4.838012280896487 1.1437381278715102
61830.3929 lsst_hardware_y -28.32128433776404 51.880001068115234 30.020000457763672 AB 4.7960880217994095 1.1462468883009942
61832.3212 lsst_hardware_i -1.2004735300329834 32.40999984741211 31.219999313354492 AB 7.309085564811803 1.2099632603255892
61832.3391 lsst_hardware_y -6.169688071624366 48.720001220703125 29.989999771118164 AB 6.99653389733561 1.171687043206812
61834.3844 lsst_hardware_i 52.36409297360655 32.220001220703125 31.229999542236328 AB 11.157768821984963 1.1477611598530686
61834.4034 lsst_hardware_y 92.48118211129227 72.0199966430664 30.020000457763672 AB 11.446565417418473 1.1691701423940424
61836.3439 lsst_hardware_u 2.437475946211136 2.619999885559082 28.309999465942383 AB 9.9036361761039 1.1515856018725465
61836.3608 lsst_hardware_g -12.897612475964596 14.729999542236328 31.40999984741211 AB 9.828430101696254 1.1428407094995645
61838.3428 lsst_hardware_r 39.23179950418174 23.950000762939453 31.479999542236328 AB 8.020607299020742 1.1480835421403135
61838.3636 lsst_hardware_i -12.224361231554422 31.889999389648438 31.239999771118164 AB 7.790741388813497 1.1432454499023776
61840.3519 lsst_hardware_z -98.56178491883587 88.44999694824219 31.719999313354492 AB 7.573907396654936 1.1426563837045416
61842.2996 lsst_hardware_z -25.089342867802205 77.0999984741211 30.969999313354492 AB 16.483497681094466 1.195864527512068
61842.3194 lsst_hardware_r -37.446333720086365 109.9800033569336 31.6299991607666 AB 16.067930613946398 1.1604745496133466
61843.3352 lsst_hardware_i -19.135541356966076 83.72000122070312 31.309999465942383 AB 11.924938982137835 1.1446659396999914
61843.3535 lsst_hardware_z -38.808185071770865 74.45999908447266 30.979999542236328 AB 11.926895291717502 1.1443594164823137
61845.3425 lsst_hardware_i 120.71666769193754 73.44000244140625 31.31999969482422 AB 8.572651110412917 1.1428677656863093
61845.3633 lsst_hardware_z -82.22606175720829 68.94999694824219 30.979999542236328 AB 8.680073691714663 1.1556866746616068
61847.3434 lsst_hardware_g 38.82982273895431 40.88999938964844 31.649999618530273 AB 8.546024812540207 1.1446974265867738
61847.3631 lsst_hardware_r -105.52748045624722 44.25 31.59000015258789 AB 8.685934505255924 1.1621145272443407
61853.3116 lsst_hardware_g -0.4487741245538006 14.6899995803833 31.40999984741211 AB 6.878258142841998 1.1433908366224756
61853.3306 lsst_hardware_r 11.589184384324298 23.8700008392334 31.489999771118164 AB 6.932872787836555 1.1465294982778582
61855.2682 lsst_hardware_z 23.81625283897998 43.56999969482422 30.93000030517578 AB 8.426769789912786 1.1868689844947586
61855.2852 lsst_hardware_r 27.711705517704445 23.899999618530273 31.479999542236328 AB 8.227827198339709 1.1588489011746068
61857.2589 lsst_hardware_u -0.47386099880272625 2.619999885559082 28.290000915527344 AB 9.069802401301754 1.195282340709229
61857.2759 lsst_hardware_g 3.118932628368233 14.600000381469727 31.389999389648438 AB 8.861650424447575 1.1639136322114778
61859.3213 lsst_hardware_r -33.00802309743882 23.969999313354492 31.479999542236328 AB 7.383547849324252 1.1518795396761703
61859.3381 lsst_hardware_z -29.308550161277815 43.209999084472656 30.93000030517578 AB 7.482647861512404 1.1740709781528444
61861.2866 lsst_hardware_i -0.12407347161826794 31.790000915527344 31.229999542236328 AB 5.300281479833023 1.1444396458542332
61861.3038 lsst_hardware_r -2.985445175732653 23.8799991607666 31.479999542236328 AB 5.776030482104718 1.1441460182445502
61863.2843 lsst_hardware_u -4.264157641758977 2.6700000762939453 28.350000381469727 AB 6.808605840629505 1.1433907117224913
61863.3034 lsst_hardware_g 19.408204923184414 14.770000457763672 31.40999984741211 AB 6.598436615050264 1.1465903933013288
61865.2869 lsst_hardware_r 47.05582430149832 24.020000457763672 31.489999771118164 AB 7.9565473992594935 1.1427442645432058
61865.3053 lsst_hardware_i 71.92300690149835 32.02000045776367 31.239999771118164 AB 8.018964424957918 1.1522328364045895
61867.2829 lsst_hardware_z 40.92162205655867 50.279998779296875 30.959999084472656 AB 9.14350707840189 1.1429383848002364
61867.3011 lsst_hardware_r 17.23146246036274 42.68000030517578 31.59000015258789 AB 9.686582001115132 1.1534505979993175
61875.2617 lsst_hardware_z 4.144358487087059 52.52000045776367 30.959999084472656 AB 10.748528071898678 1.1430550944947193
61875.2797 lsst_hardware_r 20.667302366652866 57.06999969482422 31.6200008392334 AB 10.74738940264948 1.1538962210274297
61877.2565 lsst_hardware_i -4.711595879525968 37.59000015258789 31.270000457763672 AB 15.475385954023345 1.143107250260256
61877.275 lsst_hardware_z -64.27321406686872 45.54999923706055 30.950000762939453 AB 15.472749811015165 1.1546828217175495
61879.2346 lsst_hardware_r -35.579961779466956 25.290000915527344 31.489999771118164 AB 10.296417433547797 1.1457756540201744
61879.2526 lsst_hardware_z 20.14186195249303 43.560001373291016 30.940000534057617 AB 11.281609743356519 1.1434836553168983
61882.2551 lsst_hardware_z -33.27563328114385 43.290000915527344 30.940000534057617 AB 9.682410982279878 1.1490202906186564
61882.2688 lsst_hardware_r -15.5126985141361 24.280000686645508 31.479999542236328 AB 9.850815979887104 1.1638487688902532
61884.2254 lsst_hardware_r 34.12577980551361 24.329999923706055 31.489999771118164 AB 9.227483530764786 1.143855650274549
61884.2436 lsst_hardware_u 4.194290286913198 2.7799999713897705 28.420000076293945 AB 9.27104194366377 1.145256462950786
61887.1187 lsst_hardware_i -2.6989678376660162 34.150001525878906 31.200000762939453 AB 6.4657832936115645 1.4493209960463018
61887.1381 lsst_hardware_z -79.15608708480836 45.22999954223633 30.920000076293945 AB 5.9677519311752585 1.3332034473443752
61890.2274 lsst_hardware_r 0.3960296552214856 24.420000076293945 31.489999771118164 AB 11.301995818529598 1.1453467931929362
61890.245 lsst_hardware_u -1.352982686042262 2.7300000190734863 28.3799991607666 AB 11.491072330002513 1.1611835418353387
61893.1804 lsst_hardware_z 37.076266790443164 44.310001373291016 30.950000762939453 AB 13.3798298442947 1.1601679152807707
61893.1998 lsst_hardware_r -44.97682682434087 24.559999465942383 31.510000228881836 AB 13.1760865137265 1.144221025333764
61896.2318 lsst_hardware_r -12.908534577313144 64.62000274658203 31.6200008392334 AB 2.7910637211362914 1.1656144168453921
61896.2489 lsst_hardware_i -8.544904144021531 56.540000915527344 31.290000915527344 AB 2.952526360446676 1.198265568363099
61898.1909 lsst_hardware_i 27.265829473362924 98.31999969482422 31.31999969482422 AB 10.083653843749119 1.1429366504990923
61898.2086 lsst_hardware_z -72.4085557837345 85.37000274658203 30.989999771118164 AB 10.214872458131579 1.1470618408390283
61900.1875 lsst_hardware_r 85.13433497677343 155.74000549316406 31.639999389648438 AB 7.0847065812428776 1.1426946098778834
61900.205 lsst_hardware_z -19.46332822788192 108.88999938964844 30.989999771118164 AB 7.1211051968323575 1.1483184041333623
61907.1352 lsst_hardware_g 6.0029538008067815 21.290000915527344 32.15999984741211 AB 9.43966327550379 1.1702666388351204
61907.1549 lsst_hardware_i -31.105146582247162 45.349998474121094 31.989999771118164 AB 9.237968438580802 1.1477519414294035
61909.162 lsst_hardware_z -97.81226874482111 43.25 30.940000534057617 AB 8.570863365137425 1.1427817820183235
61909.1804 lsst_hardware_r -41.30105787667621 24.219999313354492 31.489999771118164 AB 9.626397011975998 1.1483008026373411
61911.156 lsst_hardware_u 3.420309739713334 2.7699999809265137 28.420000076293945 AB 8.15594903466127 1.1428500013537828
61911.1744 lsst_hardware_g -17.77986944147433 15.0 31.43000030517578 AB 8.697421623003699 1.1479219036080162
61943.0444 lsst_hardware_i 551.9195275583025 39.6972229787186 31.239999771118164 AB 3.464654486165356 1.1595229204033588
61943.0649 lsst_hardware_u -6.7733442722818396 4.006002161324018 28.40999984741211 AB 3.4064553489738953 1.14368150041091
61946.0158 lsst_hardware_g 193.67318913310234 20.566628990871397 31.3700008392334 AB 6.075277722301442 1.19552857769133
61946.0296 lsst_hardware_r 949.4649187396047 38.1771835846171 31.479999542236328 AB 5.899233047323057 1.1688593317462452
61948.0399 lsst_hardware_i 854.6560492321996 43.487369171498266 31.239999771118164 AB 9.471257754074427 1.1500525473953527
61948.0622 lsst_hardware_r 1072.558589874132 40.606488698455784 31.489999771118164 AB 8.587252324583952 1.1430365149415775
61959.0084 lsst_hardware_i 2693.435983955639 111.54562446013435 32.060001373291016 AB 1.067836977804114 1.1513067146132145
61959.0293 lsst_hardware_z 1760.1740900427617 98.29498824507694 31.719999313354492 AB 1.0152796103394597 1.1426894882830159
61961.0048 lsst_hardware_i 1408.5846236714242 57.87085436958911 31.280000686645508 AB 9.403095818981999 1.1497335475921011
61961.0266 lsst_hardware_u -1.1602411858846082 10.137880307678191 29.190000534057617 AB 9.364578068423105 1.1430206971649741
61963.001 lsst_hardware_g 310.3301875534636 22.607479838379145 31.43000030517578 AB 11.173412812471232 1.1484646739100866
61963.0217 lsst_hardware_r 1346.2770112837718 43.62937188581979 31.5 AB 11.03234875806879 1.143130116886171
61974.9726 lsst_hardware_y 512.635241117686 74.51255464576205 30.770000457763672 AB 6.451241493165681 1.1457331564940234
61975.0006 lsst_hardware_r 1677.7774577646871 53.56280582039682 32.2400016784668 AB 7.1225723776966525 1.1486167356388732
61976.9711 lsst_hardware_y 585.6703755271772 74.88787246406609 30.760000228881836 AB 9.386822396121124 1.1440019982476006
61976.9946 lsst_hardware_z 1441.3966537224896 71.0413747186679 31.68000030517578 AB 9.45881081286177 1.148227466585144
61979.9706 lsst_hardware_y 251.56801767389302 54.04896510169072 30.020000457763672 AB 5.11138747001442 1.1426563393538076
61979.9983 lsst_hardware_z 678.26177594098 52.79023394028069 30.940000534057617 AB 5.118649193530872 1.1599680909932608
61981.9699 lsst_hardware_y 242.73434814103072 62.248759955599695 30.020000457763672 AB 4.636240832174855 1.1431513517321088
61981.9925 lsst_hardware_r 781.7501446539205 71.62965994289242 31.610000610351562 AB 4.752574650608802 1.1595416356397532
62189.3751 lsst_hardware_u -2.20966877256165 2.799999952316284 28.389999389648438 AB 9.942665667763153 1.1537091747230392
62189.3936 lsst_hardware_y 72.77503354801983 61.2400016784668 30.020000457763672 AB 9.831736540612878 1.1429040142533062
62191.3769 lsst_hardware_r 13.215742230072564 24.540000915527344 31.510000228881836 AB 12.285885829687315 1.1476058625980616
62191.3954 lsst_hardware_y 139.26139770528124 60.86000061035156 30.030000686645508 AB 12.24732531972963 1.1428830570380855
62193.3837 lsst_hardware_z -2.115752231840063 63.560001373291016 31.700000762939453 AB 6.808546066454245 1.1427569765784231
62195.3785 lsst_hardware_z 84.07214515978293 60.709999084472656 30.969999313354492 AB 5.42185711447308 1.1427266645650973
62195.3974 lsst_hardware_y 155.5481292008579 66.29000091552734 30.030000686645508 AB 5.44678832049058 1.1487075544092609
62197.376 lsst_hardware_i -3.085315488331377 76.56999969482422 31.31999969482422 AB 3.4683710763293547 1.1426028912302273
62197.394 lsst_hardware_y -7.234404481481847 60.97999954223633 30.020000457763672 AB 3.5105466419663864 1.1503388685070488
62198.3259 lsst_hardware_i -7.9789057587355865 78.22000122070312 31.299999237060547 AB 7.202881948421473 1.1934686961470482
62198.3429 lsst_hardware_y -17.748344368068125 57.75 30.010000228881836 AB 6.898443604700243 1.1627896850264483
62203.3442 lsst_hardware_r 8.33411887425444 30.450000762939453 31.530000686645508 AB 9.383038910363313 1.1475617819804809
62203.3616 lsst_hardware_i 10.651584240404834 35.060001373291016 31.25 AB 9.283034620911838 1.142738305030078
62205.3444 lsst_hardware_z -19.2398484851917 43.130001068115234 30.940000534057617 AB 9.547382231051346 1.1444955923101838
62205.3645 lsst_hardware_u -0.6747293228007452 2.930000066757202 28.420000076293945 AB 9.695332526318827 1.1452532810551286
62207.3429 lsst_hardware_g 1.3982761832309771 14.770000457763672 31.420000076293945 AB 7.831568022385114 1.143211155738284
62207.3613 lsst_hardware_r -11.811010800213248 24.059999465942383 31.489999771118164 AB 7.828127684972299 1.1464744705583332
62210.3423 lsst_hardware_i -0.531864734844368 31.959999084472656 31.239999771118164 AB 10.333582782874805 1.1427162205987842
62210.3613 lsst_hardware_u 0.9062963262885351 2.7200000286102295 28.389999389648438 AB 10.397267757385357 1.1528608542340357
62212.3445 lsst_hardware_g -18.50395711330592 14.789999961853027 31.420000076293945 AB 10.086762315552008 1.1448353112384728
62212.3648 lsst_hardware_r -32.034335160384344 24.040000915527344 31.489999771118164 AB 10.259311896583778 1.1634511109757064
62215.3111 lsst_hardware_r 12.06091064843205 24.1299991607666 31.510000228881836 AB 5.506234925746736 1.1477898641402338
62215.3306 lsst_hardware_i -28.92280091162195 32.11000061035156 31.260000228881836 AB 5.459662504586631 1.1430058105521717
62217.3116 lsst_hardware_z 17.58677318542507 43.279998779296875 30.950000762939453 AB 6.6291956774441765 1.1445105189383717
62217.3317 lsst_hardware_u -3.4955513038127974 2.890000104904175 28.520000457763672 AB 6.613150999429817 1.145233526613528
62219.3091 lsst_hardware_g -2.047080753900184 14.90999984741211 31.43000030517578 AB 6.8765001441139 1.1434787668278656
62219.3287 lsst_hardware_r 5.630986745727144 23.979999542236328 31.489999771118164 AB 6.923944699550314 1.1465699278917432
62221.3185 lsst_hardware_z -34.96724295860757 43.2599983215332 30.940000534057617 AB 7.264392128702404 1.1442390205873787
62221.3369 lsst_hardware_r -2.9037164374213216 24.100000381469727 31.489999771118164 AB 8.693006106922887 1.1590674809230517
62223.321 lsst_hardware_z -159.59783964061913 82.4000015258789 31.719999313354492 AB 8.491458015856425 1.1487362034437485
62227.2802 lsst_hardware_i 76.21056134167893 101.12000274658203 31.31999969482422 AB 5.313687267097445 1.1465915127161286
62227.2984 lsst_hardware_r -112.85715026862977 120.2699966430664 31.639999389648438 AB 5.842774152150558 1.1431204014968077
62229.2886 lsst_hardware_z 74.76781368058666 82.5999984741211 31.719999313354492 AB 6.84845390823745 1.1425991921980998
62231.2776 lsst_hardware_r -37.52665310980891 38.310001373291016 31.56999969482422 AB 7.828351496035141 1.143158804911708
62231.2961 lsst_hardware_i -3.123360393455744 39.04999923706055 31.260000228881836 AB 7.809380088110797 1.1466676584848097
62233.2792 lsst_hardware_z -28.798913159029112 43.29999923706055 30.940000534057617 AB 9.141484691434766 1.1426855864293457
62233.2981 lsst_hardware_r 6.369643512585194 26.959999084472656 31.510000228881836 AB 9.653379231301127 1.1524702857843458
62237.2608 lsst_hardware_r 26.901585347509858 24.15999984741211 31.489999771118164 AB 3.8967918961658734 1.1432571207762574
62237.2775 lsst_hardware_z -52.73627514038448 42.939998626708984 30.940000534057617 AB 3.896765735051656 1.1454337845536906
62241.207 lsst_hardware_r -9.508916232794405 24.43000030517578 31.489999771118164 AB 11.849469267452262 1.1969160876214406
62241.2253 lsst_hardware_u 6.573623153244533 2.7300000190734863 28.389999389648438 AB 11.624861770478288 1.1630677109032805
62243.2648 lsst_hardware_g -12.71166447928044 15.149999618530273 31.440000534057617 AB 15.566115451678586 1.147605090804968
62243.2827 lsst_hardware_r -5.557735352948088 24.420000076293945 31.5 AB 15.713785083664233 1.1671541285217306
62245.2589 lsst_hardware_i 22.674938728660916 32.400001525878906 31.239999771118164 AB 11.463958881584738 1.1473137391497936
62245.2769 lsst_hardware_z -68.26510993275276 43.790000915527344 30.940000534057617 AB 11.292299982585657 1.1666402626818988
62247.2591 lsst_hardware_r -3.547247562780612 24.3799991607666 31.5 AB 9.475813962272964 1.1517479088736284
