data/validation/pwv_sim_epoch_fit_seasonal/40093929.ecsv
# %ECSV 0.9
# ---
# datatype:
# - {name: time, datatype: float64}
# - {name: band, datatype: string}
# - {name: flux, datatype: float64}
# - {name: fluxerr, datatype: float64}
# - {name: zp, datatype: float64}
# - {name: zpsys, datatype: string}
# - {name: pwv, datatype: float64}
# - {name: airmass, datatype: float64}
# meta: {SNID: '40093929', alt: 1024.0, c: 0.12105311453342438, dec: -16.024099, lat: -30.244573, lon: -70.7499537, ra: 346.816406, t0: 60889.92578125,
#   x0: 5.4794389456987096e-06, x1: 0.871360182762146, z: 0.5907965898513794}
# schema: astropy-2.0
time band flux fluxerr zp zpsys pwv airmass
60843.3754 lsst_hardware_r -13.349691456918764 104.12000274658203 32.400001525878906 AB 3.9660059145201685 1.0718934904108564
60843.4029 lsst_hardware_y -122.34574360516717 75.8499984741211 30.809999465942383 AB 3.843615864111767 1.0388150984085855
60845.4215 lsst_hardware_z -14.226170904970715 45.4900016784668 30.969999313354492 AB 2.703738014098662 1.0326508217697554
60845.4444 lsst_hardware_y -53.91044168210091 77.29000091552734 30.06999969482422 AB 2.7254971045801875 1.0458546065158256
60850.3542 lsst_hardware_g -9.979225697046598 15.399999618530273 31.440000534057617 AB 3.683522168770044 1.0756379526266575
60850.3784 lsst_hardware_r 27.309499845590018 24.31999969482422 31.510000228881836 AB 4.044283623446639 1.043035601052254
60853.3468 lsst_hardware_i 2.4612608426406597 31.65999984741211 31.260000228881836 AB 7.734251689380595 1.0742016235250826
60853.3708 lsst_hardware_r -12.577338485812716 24.190000534057617 31.520000457763672 AB 7.506162060896231 1.0425225084578098
60859.3653 lsst_hardware_u 0.7045952820310091 4.024337135016843 29.25 AB 6.809050847008532 1.035321526135026
60859.388 lsst_hardware_g -41.929194783955765 21.874496172677595 32.22999954223633 AB 6.706006585614746 1.0338405281145064
60862.3675 lsst_hardware_r 16.311643762450263 24.707009560707757 31.530000686645508 AB 5.884289413463193 1.0323918498385718
60862.3882 lsst_hardware_i 70.25552968289196 32.10423117277864 31.260000228881836 AB 5.141076418953188 1.0379023726015855
60864.3366 lsst_hardware_i 112.75123393092605 52.89012081811637 31.31999969482422 AB 1.6169110893247962 1.0464315107268662
60864.3569 lsst_hardware_z 198.9364119560974 51.977572722692855 30.979999542236328 AB 1.6099825557411658 1.033364926663136
60869.3282 lsst_hardware_z 363.9860534442555 80.94201898735844 30.989999771118164 AB 6.353864142903798 1.04161707260718
60869.3484 lsst_hardware_r 583.5923093272899 113.36481326172351 31.65999984741211 AB 6.2057101020840015 1.0323922978014
60871.3318 lsst_hardware_i 695.2680851117887 79.09510505955309 31.329999923706055 AB 4.8896942380935915 1.0356778899854047
60871.3523 lsst_hardware_r 738.6675147290562 92.40204200034732 31.65999984741211 AB 3.8459035091042635 1.0330119551717065
60876.3237 lsst_hardware_u -5.267394887165584 2.8471403026126043 28.469999313354492 AB 3.3363739833887447 1.033493063854641
60876.3443 lsst_hardware_g 272.49691808256506 22.42180315289328 31.479999542236328 AB 2.9351835425036823 1.0348818131348372
60878.3276 lsst_hardware_r 1384.7437719517573 43.90028986688218 31.510000228881836 AB 4.940457232130801 1.0322727187903888
60878.3471 lsst_hardware_i 1365.5261823315286 47.17222608192644 31.25 AB 4.527042770270792 1.0396638069978088
60880.2952 lsst_hardware_i 1456.20206793005 49.097905085407355 31.260000228881836 AB 5.484743417217191 1.0442157862383992
60880.3192 lsst_hardware_z 2012.2627108616136 74.44378841157861 31.700000762939453 AB 5.313374132453663 1.0323244865851298
60880.3438 lsst_hardware_r 1559.8124187395754 45.95035987723625 31.510000228881836 AB 5.2440959203468065 1.0413216680593342
60882.2935 lsst_hardware_i 1580.4318672365594 49.83267425456091 31.25 AB 8.85389317072227 1.04098132591969
60882.3157 lsst_hardware_u -0.03082718996147405 3.0585992663385624 28.440000534057617 AB 8.743902990459622 1.0322567673295635
60885.2916 lsst_hardware_g 354.1040474084842 24.267827983806445 31.459999084472656 AB 4.345774331604223 1.0367240264651638
60885.3135 lsst_hardware_r 1848.5447555875044 48.44960555818343 31.520000457763672 AB 3.8216800026422697 1.0328864872006134
60887.2969 lsst_hardware_i 1681.074337479218 51.7138453347341 31.260000228881836 AB 3.505755155223997 1.03272441728908
60887.3179 lsst_hardware_r 1827.163709379324 48.70401934962644 31.520000457763672 AB 3.50727369329443 1.036683686869628
60889.2736 lsst_hardware_z 1409.4017187931588 55.4773740289139 30.950000762939453 AB 1.5710193024787755 1.0416173064669487
60889.2959 lsst_hardware_g 301.3087186531114 23.389768828994068 31.459999084472656 AB 1.4013008619684464 1.0322658283377137
60892.2893 lsst_hardware_r 1742.2079020427054 67.08849999957509 31.639999389648438 AB 0.3815104602070672 1.0322718201769574
60893.2483 lsst_hardware_z 2828.2003783694317 91.87351729250334 31.729999542236328 AB 2.418271235013712 1.0572833030993727
60893.2661 lsst_hardware_r 2027.9500540579807 77.18979514893216 31.649999618530273 AB 1.2512478174529438 1.0390266285679417
60895.2942 lsst_hardware_z 2654.51780996256 116.98862272093785 31.75 AB 2.6949031823599787 1.035704528193689
60898.2553 lsst_hardware_z 1332.338398829337 99.90330505825929 31.0 AB 6.804756624229243 1.037191879621879
60898.2749 lsst_hardware_r 1403.2680770533261 138.6036512328588 31.670000076293945 AB 6.914265429079023 1.0324036625598603
60900.2501 lsst_hardware_i 1516.5912265990046 73.44377720629949 31.329999923706055 AB 3.5259321433634168 1.0370388656951226
60900.2686 lsst_hardware_r 1528.9914700875777 83.42688929803256 31.65999984741211 AB 3.5099260428889494 1.0323311890849851
60907.2121 lsst_hardware_z 1014.8520396508848 52.91250752709261 30.950000762939453 AB 1.8846626467170289 1.0546025535371577
60907.2297 lsst_hardware_r 953.8119508284017 39.23979877406151 31.520000457763672 AB 1.8644442583395266 1.037820349757599
60911.2467 lsst_hardware_r 738.3961771625161 36.08086785968551 31.510000228881836 AB 2.637245758553328 1.0340788492563042
60911.2658 lsst_hardware_z 865.5161572964179 51.386924326913714 30.950000762939453 AB 2.947381181593327 1.0474922013659094
60937.1336 lsst_hardware_z 549.4810789942638 46.958923735370284 30.950000762939453 AB 7.7787864890742675 1.0504421172917313
60937.1543 lsst_hardware_i 307.850009392981 35.41716758488598 31.260000228881836 AB 7.700952736374796 1.0344833578096915
60939.1346 lsst_hardware_u 3.264690962055834 2.840197625493585 28.469999313354492 AB 4.716277761606579 1.043770667612389
60939.1531 lsst_hardware_g -17.543454323803726 15.633446288155728 31.469999313354492 AB 4.603045721535824 1.0331154127563291
60942.1321 lsst_hardware_r 105.10345472091387 26.54169465367757 31.510000228881836 AB 3.650197382401545 1.0391774474821436
60942.1508 lsst_hardware_i 197.44521505606752 34.75993407560688 31.260000228881836 AB 3.6166751423636514 1.0322788979940494
60944.1114 lsst_hardware_i 216.7016856804277 34.72155112486305 31.25 AB 3.83303143785292 1.0541890643159846
60944.1316 lsst_hardware_z 294.7804441610662 45.795561947790986 30.940000534057617 AB 2.9322589316401886 1.0361338981060737
60946.113 lsst_hardware_r 107.58859404079756 28.112076397322074 31.530000686645508 AB 4.8052403586977945 1.0461525844876276
60946.1323 lsst_hardware_g -15.472766330937125 17.956942022960718 31.520000457763672 AB 4.465925097752807 1.0335795790363296
60949.1096 lsst_hardware_r 82.91002993624478 45.62396685051424 31.6200008392334 AB 6.591435438549914 1.0417673163685899
60949.127 lsst_hardware_i 153.81858425430622 44.462645548166854 31.299999237060547 AB 6.055911156862174 1.032844426980473
60951.1074 lsst_hardware_z 457.32075415503954 64.88006335257121 30.989999771118164 AB 3.6835048410816986 1.0392659196130063
60951.1265 lsst_hardware_i 214.0123682690966 68.28563110577497 31.329999923706055 AB 3.2508737935172056 1.0322692048956184
60954.1076 lsst_hardware_z 586.4625895902491 132.2125616804309 31.75 AB 3.5576287882039543 1.034595421152759
60956.0955 lsst_hardware_r 212.05737276257773 94.74567528564677 31.65999984741211 AB 9.926735129229712 1.0380809016976658
60956.115 lsst_hardware_i -2.944782520610548 76.35498941389827 31.34000015258789 AB 10.078229394249652 1.032288169031
60958.1044 lsst_hardware_z 570.0590753361556 68.92028366624682 31.709999084472656 AB 3.2937097529065005 1.0325108943279895
60960.0745 lsst_hardware_r 32.927926664941396 25.7494310529953 31.520000457763672 AB 5.664661910577575 1.046427692840785
60960.0931 lsst_hardware_g 4.5592326469992575 15.269857392917237 31.459999084472656 AB 5.972365945837006 1.033892458778153
60962.0775 lsst_hardware_r 29.694113636293988 25.609301217417595 31.510000228881836 AB 7.482021593304138 1.0391696657366858
60962.0965 lsst_hardware_i 215.44627341152767 33.29365469342417 31.25 AB 7.451163228571171 1.0322672709550336
60964.0771 lsst_hardware_z 272.6097242648905 44.04442438387664 30.950000762939453 AB 8.548658009564702 1.0360753859610594
60964.0963 lsst_hardware_i 204.98225013406687 33.494238235750345 31.260000228881836 AB 7.992394176905363 1.0326090667836938
60966.0656 lsst_hardware_u 3.931002245771388 2.7926661891453337 28.459999084472656 AB 6.2239914465319615 1.0398738215413168
60966.0831 lsst_hardware_g -8.44204441377374 15.285593289580707 31.459999084472656 AB 6.185020225122734 1.0324427262056646
60969.0655 lsst_hardware_r 124.00723737773599 25.399235013965065 31.510000228881836 AB 3.1520823571863605 1.0350816376938918
60969.0838 lsst_hardware_i 190.17244257494673 33.37926378507117 31.260000228881836 AB 2.736955005740434 1.032813209713573
60973.0459 lsst_hardware_r 23.06588880576651 24.239999771118164 31.520000457763672 AB 3.9752924293814877 1.040312052177033
60973.0645 lsst_hardware_g 0.19430047922308796 15.300000190734863 31.459999084472656 AB 3.947506111774361 1.0323876153188984
60975.0462 lsst_hardware_r 42.3907176354426 25.5 31.530000686645508 AB 3.0264295063721396 1.0365372057101256
60975.0635 lsst_hardware_i -35.950476535837154 31.979999542236328 31.260000228881836 AB 3.005905068903476 1.0323067033038096
60977.0463 lsst_hardware_z -43.04509967689359 43.90999984741211 30.950000762939453 AB 2.4299535234490057 1.0340227759357472
60977.0635 lsst_hardware_i -38.24846186268258 36.25 31.280000686645508 AB 2.437397733390987 1.0331604662907752
60980.0514 lsst_hardware_z -81.62858131185601 91.47000122070312 31.739999771118164 AB 4.405086429814856 1.0324421319876067
60990.0102 lsst_hardware_y 10.255819633216372 67.45999908447266 30.06999969482422 AB 7.199522717114358 1.0342408193720054
60990.0277 lsst_hardware_r -7.596458912833368 24.829999923706055 31.530000686645508 AB 7.178386237682497 1.0330842969968335
60992.0215 lsst_hardware_z 22.6010034589729 73.69000244140625 31.719999313354492 AB 5.257278851081801 1.0329149469191612
60994.0126 lsst_hardware_y 62.331357013530344 73.41999816894531 30.079999923706055 AB 5.762748871024894 1.032380664819938
60994.0325 lsst_hardware_g -13.86029345659296 15.850000381469727 31.479999542236328 AB 5.829825182498276 1.041288136907289
61218.351 lsst_hardware_z 67.28484222133272 71.87000274658203 31.709999084472656 AB 7.690885669703126 1.0681785652365452
61219.4068 lsst_hardware_z -62.47186266510329 52.380001068115234 30.969999313354492 AB 5.36937759703326 1.035709619912863
61219.4272 lsst_hardware_r -44.51277045444064 51.08000183105469 31.6200008392334 AB 5.361595592597464 1.053358662592779
61221.387 lsst_hardware_i 103.97314679607989 72.16999816894531 31.329999923706055 AB 4.185562020698237 1.032282642395159
61221.4063 lsst_hardware_z -4.290091135191851 63.869998931884766 30.989999771118164 AB 4.239551870211825 1.0385967344957925
61224.3691 lsst_hardware_i 21.20615580029792 80.98999786376953 31.34000015258789 AB 6.744753268419986 1.0340748590908373
61224.3889 lsst_hardware_z -99.12285179029945 71.56999969482422 30.989999771118164 AB 6.665448660171839 1.0339372275344114
61226.3653 lsst_hardware_z -14.80553246747148 63.810001373291016 30.989999771118164 AB 4.648487562351877 1.0335331421519034
61226.385 lsst_hardware_r -36.64192834291704 80.88999938964844 31.65999984741211 AB 4.043570938895124 1.0345141409419558
61232.3402 lsst_hardware_r -30.691083505120883 24.219999313354492 31.520000457763672 AB 9.742674379192248 1.0374756413696777
61232.3604 lsst_hardware_i -13.562120345137165 31.420000076293945 31.260000228881836 AB 9.68725832002945 1.0324448890736042
61236.3424 lsst_hardware_g -3.051822756064576 15.050000190734863 31.450000762939453 AB 3.77972010989494 1.0325693511528315
61236.3625 lsst_hardware_r 5.873388463523677 23.899999618530273 31.5 AB 3.732603083407298 1.0368341898353606
61239.3261 lsst_hardware_i -13.714739023653271 31.280000686645508 31.25 AB 1.8627858698287099 1.0348810387937277
61239.3466 lsst_hardware_z 26.489189205533748 41.529998779296875 30.950000762939453 AB 1.639493323675586 1.0335112357694385
61243.3274 lsst_hardware_i 34.97966450592125 31.149999618530273 31.25 AB 4.991609300242873 1.0322840037726961
61243.3484 lsst_hardware_u -0.8334731446330284 2.6600000858306885 28.360000610351562 AB 4.565162788540845 1.0401373407474173
61245.294 lsst_hardware_z -10.616211367181217 45.06999969482422 30.959999084472656 AB 5.435933459726124 1.0460759087320552
61245.3162 lsst_hardware_g 18.173581186903103 24.239999771118164 31.600000381469727 AB 5.353769508916707 1.0328483667245505
61247.2951 lsst_hardware_r 30.426453288523795 58.66999816894531 31.639999389648438 AB 8.728900763633622 1.0403107536509164
61247.3149 lsst_hardware_i 0.22912768645745654 49.88999938964844 31.309999465942383 AB 8.803662048898447 1.032324349073458
61250.3106 lsst_hardware_z -87.0737232563594 150.99000549316406 32.5 AB 3.8198249521913916 1.0323851222138896
61252.2984 lsst_hardware_z -106.21829407458497 92.12000274658203 31.0 AB 3.487926754179948 1.0326183862571086
61252.3193 lsst_hardware_r 246.487469478577 133.77000427246094 31.670000076293945 AB 3.5098561440500466 1.0371149129201587
61254.2885 lsst_hardware_i -126.32391382369956 80.56999969482422 31.34000015258789 AB 1.5871627664677426 1.0336455659184256
61254.3083 lsst_hardware_z 186.1241886143186 73.30999755859375 30.989999771118164 AB 1.4380134461933227 1.0344180166838433
61257.2755 lsst_hardware_i -38.01860039986165 39.66999816894531 31.290000915527344 AB 0.28399834079774794 1.0355454541394638
61257.297 lsst_hardware_z 9.777110885525333 45.40999984741211 30.950000762939453 AB 1.6706351631419607 1.033382575139357
61259.2484 lsst_hardware_u 0.054795008960891095 2.799999952316284 28.479999542236328 AB 3.327445186918271 1.0544906312528883
61259.2694 lsst_hardware_g 8.089515031446803 15.140000343322754 31.459999084472656 AB 4.290533554593927 1.035860346352952
61262.2609 lsst_hardware_r -3.272565776141711 23.959999084472656 31.510000228881836 AB 4.455137605309556 1.0360182792418013
61262.2809 lsst_hardware_i 24.967415478446817 31.239999771118164 31.25 AB 4.438234980643429 1.0328081867807153
61265.25 lsst_hardware_z -47.14640454439625 41.68000030517578 30.950000762939453 AB 3.5276492779440667 1.0375439052776667
61265.2705 lsst_hardware_u -6.9626896194244505 2.859999895095825 28.530000686645508 AB 3.5104011441604053 1.0324709247530603
61267.2512 lsst_hardware_g 10.734307641513759 15.380000114440918 31.479999542236328 AB 4.861042323658389 1.034264324182636
61267.2709 lsst_hardware_r -1.6320955323924478 24.190000534057617 31.520000457763672 AB 4.858593722030004 1.0337433451127667
61269.2364 lsst_hardware_i -31.61108500353839 44.540000915527344 32.0099983215332 AB 4.355411148633629 1.0393122371858805
61269.2557 lsst_hardware_z 29.902101510936905 58.97999954223633 31.709999084472656 AB 3.6367708125882 1.0322937305104174
61277.2338 lsst_hardware_i -11.22204906354156 64.37000274658203 31.329999923706055 AB 3.499481955539617 1.0322955621060819
61277.2517 lsst_hardware_r -94.77546186688272 78.11000061035156 31.649999618530273 AB 3.3193357446151994 1.0375085678105438
61279.1956 lsst_hardware_z 169.35537323193918 132.97000122070312 31.75 AB 2.4177002040920916 1.0522414931490316
61285.1873 lsst_hardware_g -59.54772042297369 40.7400016784668 31.690000534057617 AB 2.6313054748243943 1.0436856514144486
61285.2051 lsst_hardware_r -31.954946235605945 46.61000061035156 31.6299991607666 AB 2.6021707315695712 1.0332908265663419
61287.1741 lsst_hardware_r 44.162373679103474 24.65999984741211 31.510000228881836 AB 1.5777428766456814 1.0518285844304542
61287.193 lsst_hardware_i -58.181309331524076 31.649999618530273 31.25 AB 1.5537566632630102 1.0358377755086734
61298.1519 lsst_hardware_z -37.4312957415628 41.7599983215332 30.950000762939453 AB 1.449212495868449 1.0435999730209666
61298.1697 lsst_hardware_i 27.707803070668362 31.520000457763672 31.270000457763672 AB 1.1219542551317354 1.0332656225311454
61300.1336 lsst_hardware_r 6.469556479076439 26.219999313354492 31.540000915527344 AB 0.5439741725144406 1.0583155107301883
61300.1525 lsst_hardware_z -75.72229219706666 42.040000915527344 30.950000762939453 AB 0.5277094753517408 1.0387981798245687
61304.1393 lsst_hardware_i -41.95440078298816 47.88999938964844 31.309999465942383 AB 4.689808897191454 1.0404456788001009
61304.1586 lsst_hardware_z -9.124343832612821 49.91999816894531 30.969999313354492 AB 4.738061431313471 1.0323698510323194
61306.1365 lsst_hardware_r 0.06132289035286776 92.58000183105469 31.65999984741211 AB 1.4231459667174575 1.0385399903070718
61306.1555 lsst_hardware_z 107.46933077959045 68.22000122070312 30.989999771118164 AB 1.371221032921578 1.0322868503801088
61308.1098 lsst_hardware_z 81.30325325601024 99.3499984741211 31.0 AB 5.348394167505394 1.0611191391122836
61308.1304 lsst_hardware_r -34.365318942268274 142.27000427246094 31.65999984741211 AB 5.6804176065960785 1.0389740775385286
61310.1091 lsst_hardware_i 73.83592525233249 98.3499984741211 31.34000015258789 AB 3.4106247002282646 1.054560587548202
61310.1271 lsst_hardware_z 16.26582309630053 83.77999877929688 31.0 AB 4.033793517365864 1.0375650485154027
61312.1084 lsst_hardware_r -32.12853137388012 67.83999633789062 31.649999618530273 AB 3.9031602611907124 1.0488841817106673
61312.1262 lsst_hardware_z -120.2754787586773 55.220001220703125 30.979999542236328 AB 4.1197804709108 1.0351423951701166
61318.0958 lsst_hardware_r -26.61501517052267 24.049999237060547 31.520000457763672 AB 3.7465438465900758 1.044988172816331
61318.1161 lsst_hardware_g 4.614488695729908 15.149999618530273 31.459999084472656 AB 3.7144731754161318 1.033017638994872
61320.0993 lsst_hardware_r 31.32640168100936 23.8700008392334 31.510000228881836 AB 8.234049322832943 1.0378726707561243
61320.1174 lsst_hardware_i -27.178283396451246 31.170000076293945 31.260000228881836 AB 8.369351646598428 1.0322868483122176
61324.0755 lsst_hardware_r -28.10030875086752 24.110000610351562 31.520000457763672 AB 3.203742912014116 1.049031732813768
61324.0946 lsst_hardware_u -4.651753800036162 2.8399999141693115 28.520000457763672 AB 4.345494602674337 1.0346415720653181
61327.0745 lsst_hardware_g 2.595067105817467 15.079999923706055 31.450000762939453 AB 7.502729586303878 1.0420457758755386
61327.092 lsst_hardware_r 49.27328291922652 23.75 31.510000228881836 AB 7.46072928212231 1.032912817682738
61333.0656 lsst_hardware_r -51.33053654354633 54.22999954223633 31.639999389648438 AB 2.981739590125537 1.0367962412421097
61333.0812 lsst_hardware_i 36.81808877463777 49.13999938964844 31.31999969482422 AB 2.9725552353644207 1.0322865815185371
61336.0436 lsst_hardware_i 40.897217713069026 85.62000274658203 31.34000015258789 AB 4.514371069101327 1.0480866142205183
61336.0616 lsst_hardware_z 53.66957027065494 74.56999969482422 31.0 AB 4.473684731444455 1.0347368408567443
61338.0455 lsst_hardware_r 123.07555760290599 105.11000061035156 31.65999984741211 AB 3.9632278928615072 1.0411965478104537
61338.0635 lsst_hardware_z -13.261449638903166 72.43000030517578 31.0 AB 3.9362138236505206 1.03263009671213
61341.045 lsst_hardware_g -0.848708469023484 15.3100004196167 31.489999771118164 AB 2.702196952856562 1.0361184635186202
61341.0634 lsst_hardware_r 24.077200691647228 45.939998626708984 31.639999389648438 AB 2.8182543569041787 1.032516708885942
61344.0342 lsst_hardware_i 18.834401741333533 31.579999923706055 31.270000457763672 AB 4.799422771927412 1.0376008587023529
61344.0523 lsst_hardware_z -23.917030297351985 41.72999954223633 30.959999084472656 AB 4.277303021443232 1.0322922701685124
61351.0147 lsst_hardware_y -43.090962160451596 51.27000045776367 30.059999465942383 AB 4.236982372129903 1.0378401401420463
61351.0282 lsst_hardware_r 17.753417406103154 24.5 31.520000457763672 AB 4.13005028373868 1.0325986208197384
61357.0114 lsst_hardware_y 52.33051999760532 70.9800033569336 30.06999969482422 AB 5.096537714519009 1.0326633218669778
61357.0287 lsst_hardware_u -2.2786285401371638 3.2799999713897705 28.59000015258789 AB 5.247839340939616 1.0350938064609114
61359.0124 lsst_hardware_y -209.39813541548182 73.7300033569336 30.079999923706055 AB 5.769305893731622 1.0323378125759473
61359.031 lsst_hardware_r 47.464320852906425 27.1200008392334 31.540000915527344 AB 5.8093084034873455 1.0396352319301885
