data/validation/pwv_sim_epoch_fit_seasonal/40156904.ecsv
# %ECSV 0.9
# ---
# datatype:
# - {name: time, datatype: float64}
# - {name: band, datatype: string}
# - {name: flux, datatype: float64}
# - {name: fluxerr, datatype: float64}
# - {name: zp, datatype: float64}
# - {name: zpsys, datatype: string}
# - {name: pwv, datatype: float64}
# - {name: airmass, datatype: float64}
# meta: {SNID: '40156904', alt: 1024.0, c: 0.06302368640899658, dec: -30.0, lat: -30.244573, lon: -70.7499537, ra: 155.566406, t0: 61439.21484375,
#   x0: 5.397195994118853e-06, x1: 1.024751901626587, z: 0.5944706797599792}
# schema: astropy-2.0
time band flux fluxerr zp zpsys pwv airmass
61382.2541 lsst_hardware_g 4.389626361901317 13.960000038146973 31.270000457763672 AB 9.953305070044037 1.5448645890853128
61382.2765 lsst_hardware_i -7.382089975638858 32.79999923706055 31.209999084472656 AB 8.710424656426154 1.3649315853840571
61384.238 lsst_hardware_z 21.01916975568033 48.630001068115234 30.889999389648438 AB 15.444186845007383 1.6558579226983363
61384.2614 lsst_hardware_r -4.457989444397649 24.18000030517578 31.43000030517578 AB 13.225451065785592 1.434741925123241
61386.2359 lsst_hardware_u 4.950016674705375 2.299999952316284 27.940000534057617 AB 20.341142376142713 1.6186478107818418
61386.26 lsst_hardware_g -10.320832097663963 13.920000076293945 31.290000915527344 AB 17.53879371955303 1.4040769909446307
61388.2553 lsst_hardware_r -72.43510573075119 23.760000228881836 31.43000030517578 AB 10.96529273830808 1.3985450849190841
61388.277 lsst_hardware_i 20.922283085920036 32.08000183105469 31.219999313354492 AB 9.937714361883215 1.2646620465618752
61391.2606 lsst_hardware_z -46.774500765062854 45.27000045776367 30.93000030517578 AB 9.209636191563892 1.310280802641079
61391.2841 lsst_hardware_r 29.065896417912786 23.3700008392334 31.469999313354492 AB 8.446978820802496 1.1931603673709297
61393.2531 lsst_hardware_z -87.84871886767218 45.15999984741211 30.93000030517578 AB 5.723474314197997 1.3225057626244576
61393.276 lsst_hardware_r 1.897791128266077 23.299999237060547 31.469999313354492 AB 5.256499723866932 1.2043761539389526
61395.2411 lsst_hardware_i 47.02548193098465 48.43000030517578 31.25 AB 8.049470546762107 1.3643170418240858
61395.2634 lsst_hardware_z 2.7360328406053753 49.56999969482422 30.950000762939453 AB 6.62644880940369 1.237008582695689
61404.2498 lsst_hardware_r 51.447410228132966 45.29999923706055 31.579999923706055 AB 10.669009998221625 1.1882401200848107
61404.2724 lsst_hardware_z 14.424353557656456 48.61000061035156 30.950000762939453 AB 9.656971580455446 1.1099967333856835
61406.2643 lsst_hardware_g -8.407351143831734 20.030000686645508 31.530000686645508 AB 7.905808070339181 1.1177802305798192
61406.2865 lsst_hardware_r -7.766713526215842 26.950000762939453 31.540000915527344 AB 7.5110975198536165 1.0619146478066914
61408.2612 lsst_hardware_i -5.588800317427167 30.92914764375598 31.239999771118164 AB 4.84514755532383 1.1108052933377779
61408.2827 lsst_hardware_z -29.38789422821179 41.23422883933786 30.940000534057617 AB 4.640881136000113 1.0585549065196986
61410.2587 lsst_hardware_r -34.088936289894505 22.74931564519442 31.479999542236328 AB 11.488374242156775 1.1024253183146309
61410.2799 lsst_hardware_g 2.1032618446021543 13.538994770858288 31.389999389648438 AB 11.018116435695877 1.0533907806841394
61412.2579 lsst_hardware_r 27.842621109890693 23.00680644727101 31.469999313354492 AB 10.288111655642577 1.0900347860472448
61412.2795 lsst_hardware_i 57.277708584353995 30.960264165912594 31.25 AB 9.785046224556908 1.0442952214041525
61414.2192 lsst_hardware_i 305.6095781643873 47.16062322992322 31.979999542236328 AB 8.386277957427252 1.2020752465315345
61414.2371 lsst_hardware_z 224.38618273429626 61.5216887301105 31.690000534057617 AB 7.87285232870781 1.1346211246561426
61416.2178 lsst_hardware_r 214.35969410321113 27.136002616586474 31.469999313354492 AB 7.5848925893475645 1.1851394670855568
61416.235 lsst_hardware_u 3.9594724201220064 2.8850969821283874 28.440000534057617 AB 7.192925090381724 1.1238945453721443
61419.2033 lsst_hardware_g 76.15436855078339 16.737199147135474 31.350000381469727 AB 9.585165547365014 1.2119058747063571
61419.221 lsst_hardware_r 503.6450899425853 32.03038698028749 31.479999542236328 AB 9.014981716029572 1.1428004964225873
61421.2103 lsst_hardware_i 1382.5085623370383 56.859594314765666 31.989999771118164 AB 5.860467114830109 1.161370105657121
61421.2278 lsst_hardware_z 946.3871840942414 66.43619695644564 31.690000534057617 AB 5.578155984920475 1.1048405872486333
61423.2116 lsst_hardware_r 1002.3766618462557 47.154136307980494 31.56999969482422 AB 7.544367808435958 1.1376849012419805
61423.2301 lsst_hardware_g 173.66777751354329 19.644988756385036 31.40999984741211 AB 7.236806224695669 1.0844364972071474
61427.2115 lsst_hardware_z 766.438475264218 69.89967797215344 30.969999313354492 AB 10.493821158085831 1.104612753482719
61427.2296 lsst_hardware_i 1336.5933625007447 78.37203121111253 31.31999969482422 AB 10.079752694371452 1.0610265994075212
61429.2283 lsst_hardware_z 2025.037293755169 103.2511896823333 31.739999771118164 AB 10.681412667699785 1.0528745852833696
61431.2144 lsst_hardware_r 1829.0419123177574 83.3336186135212 31.649999618530273 AB 15.159166271655538 1.0701091537240957
61431.232 lsst_hardware_i 1588.3264737549648 71.27089382808457 31.329999923706055 AB 14.588965166086139 1.0371793804980904
61433.2315 lsst_hardware_z 2385.8332203410787 81.08662879928308 31.719999313354492 AB 10.370251481992659 1.0299187091064368
61435.2036 lsst_hardware_g 479.1026606289977 28.165779307579733 31.540000915527344 AB 13.061172398621972 1.0698425194431727
61435.2215 lsst_hardware_r 1864.207261938991 51.424411700199315 31.559999465942383 AB 12.7213357175258 1.0365302466818056
61437.1298 lsst_hardware_r 1695.7011683726275 47.41822647244109 31.440000534057617 AB 11.313954384025093 1.3422653202070345
61437.149 lsst_hardware_u -4.741388233448793 2.761540704190706 28.309999465942383 AB 10.386825081870443 1.2357176945893098
61439.1091 lsst_hardware_g 274.64613154089136 22.28007480080865 31.290000915527344 AB 10.587397298175414 1.4516872823659703
61439.128 lsst_hardware_i 1566.9175278163411 51.0979916437292 31.209999084472656 AB 9.88849837237924 1.319536740562355
61441.1263 lsst_hardware_z 1270.7351612546413 56.200061592544365 30.93000030517578 AB 8.227535758564617 1.2974457146600953
61441.1445 lsst_hardware_r 1647.7628443035264 46.79977900931259 31.469999313354492 AB 7.707663318990342 1.2063329485064183
61446.1254 lsst_hardware_r 1548.844810441785 44.702600775476796 31.469999313354492 AB 4.288480771243078 1.2310839016055917
61446.1448 lsst_hardware_i 1535.380890872198 49.32149957024664 31.239999771118164 AB 4.005962728852513 1.1514144370354529
61449.107 lsst_hardware_z 1199.950022876295 56.560969963754125 30.93000030517578 AB 4.391519388381138 1.2831945227567316
61449.1276 lsst_hardware_r 1328.1480010958776 43.20356123507279 31.469999313354492 AB 4.380604186724159 1.185549170967296
61451.1102 lsst_hardware_z 1187.652869763568 57.02522710383247 30.93000030517578 AB 1.8466916366404613 1.2384898921190257
61451.128 lsst_hardware_r 1351.8119812430575 48.26506912274994 31.540000915527344 AB 3.2103475217658373 1.162818299462422
61453.1131 lsst_hardware_i 1297.8487820989958 57.33162368898498 31.280000686645508 AB 2.7919312176208084 1.200443391431069
61453.1325 lsst_hardware_z 1170.2190033963477 58.48427580808457 30.950000762939453 AB 3.28784013511038 1.128549245461229
61455.1074 lsst_hardware_r 1156.3105863939654 89.29359376830641 31.610000610351562 AB 4.0184083393384675 1.201467548824305
61455.1272 lsst_hardware_z 1004.5294606657267 68.90323770062493 30.969999313354492 AB 3.3953953028811905 1.1280383066050468
61457.1138 lsst_hardware_y 384.059976513055 63.37151259342604 30.030000686645508 AB 5.288468734846951 1.1548555979430073
61457.1329 lsst_hardware_r 1113.7845990353542 118.30527311020592 31.649999618530273 AB 5.566557639186264 1.0955993385310017
61459.1189 lsst_hardware_i 1127.1830663852697 83.42583372598888 31.31999969482422 AB 7.361023920800138 1.1198880147269386
61459.1395 lsst_hardware_z 998.46264431001 74.31264327322458 30.989999771118164 AB 8.637382301960244 1.06673858243303
61461.1082 lsst_hardware_r 773.7317606974176 60.007238842645265 31.610000610351562 AB 8.687549261357256 1.1365187416741571
61461.1279 lsst_hardware_g 67.16166495207246 55.816821963664566 31.700000762939453 AB 9.379315120423602 1.0806700090742507
61463.099 lsst_hardware_r 625.2895127351982 33.61149594056789 31.469999313354492 AB 7.651966351520736 1.1492458756461137
61463.1189 lsst_hardware_i 745.6752455456156 44.29872790473394 31.260000228881836 AB 7.345902866883041 1.0894116664515479
61467.1011 lsst_hardware_u 1.13544904764232 2.747853684194424 28.34000015258789 AB 6.523156107645106 1.1079670671159416
61467.12 lsst_hardware_g 42.21993042694886 15.183886993378856 31.40999984741211 AB 6.256237961334153 1.0618190701517571
61469.1101 lsst_hardware_r 373.3095164522885 29.97592677294319 31.479999542236328 AB 11.074625249929213 1.0713232216492854
61469.1307 lsst_hardware_i 610.1220845988402 38.540000843124034 31.25 AB 10.612156336481085 1.0334838178686336
61471.1029 lsst_hardware_z 609.0665309721405 48.39702309935611 30.950000762939453 AB 7.809981932501692 1.0752613950208847
61471.1219 lsst_hardware_u 3.5284988519107574 2.864554651615085 28.489999771118164 AB 7.4998397883793615 1.0385671789668613
61475.0003 lsst_hardware_y 65.2610428496185 87.11411382508255 29.899999618530273 AB 12.423361447597136 1.5437541407390043
61475.0212 lsst_hardware_u 2.4672026376458005 2.662493105536452 28.190000534057617 AB 11.077844653525247 1.3743371569412874
61478.0172 lsst_hardware_y 317.79728600255766 51.84747575169444 29.950000762939453 AB 18.6921868534668 1.3464568235884604
61478.0403 lsst_hardware_i 398.5506246679782 37.553015540604456 31.229999542236328 AB 16.809026918938162 1.2205144648126331
61480.0118 lsst_hardware_y 243.74755463987205 52.85764531284035 29.950000762939453 AB 10.951127109137364 1.346063888532474
61480.0313 lsst_hardware_r 245.9884956062375 36.25590389732047 31.540000915527344 AB 10.099900390678007 1.237126456476973
61482.093 lsst_hardware_i 420.8555604374013 49.01993445731055 31.309999465942383 AB 8.43562963949241 1.0367957768618725
61482.1092 lsst_hardware_r 187.5961105802803 52.11281842562099 31.639999389648438 AB 8.106292334256837 1.0162718403130242
61485.9907 lsst_hardware_z 402.3908186996311 107.12344939405737 30.959999084472656 AB 6.986407484818535 1.3775368027903785
61486.0076 lsst_hardware_i 337.415299035609 96.92993071725522 31.299999237060547 AB 6.55699263224216 1.2743572102051361
61487.989 lsst_hardware_y 184.05616482180892 81.93533462751137 29.969999313354492 AB 7.526916351883891 1.3522621226847724
61488.0076 lsst_hardware_r 106.65328126892408 74.3019195787466 31.600000381469727 AB 5.837163634545588 1.2461920654452578
61492.9989 lsst_hardware_y 179.85511474037637 51.07540881333733 30.0 AB 9.024002039576002 1.2225436289165124
61493.0172 lsst_hardware_z 277.9638338694441 46.446235633612865 30.950000762939453 AB 7.467501874648893 1.148846442253676
61494.9957 lsst_hardware_y 294.3005386059118 51.49241193884163 29.989999771118164 AB 10.983530836738774 1.2123102468805556
61495.0119 lsst_hardware_u 0.5233979204096101 2.8271225762264973 28.399999618530273 AB 6.878985958869226 1.1482838791791496
61499.9883 lsst_hardware_z 735.8896630197913 79.39556525306705 31.700000762939453 AB 11.056709927967209 1.1857379477162615
61501.9797 lsst_hardware_y 57.76792434865089 67.81876471365725 30.010000228881836 AB 13.550274912928218 1.1987680729798955
61501.9983 lsst_hardware_g 1.4726662422447243 13.83582335113525 31.389999389648438 AB 12.772094789981919 1.129848932037238
61503.9791 lsst_hardware_y 151.5438257996284 66.45380164102059 30.020000457763672 AB 10.76835284015733 1.1788446402157347
61503.9972 lsst_hardware_i 117.8992221408909 33.23315625511698 31.239999771118164 AB 10.236221694111538 1.1163539727473184
61509.982 lsst_hardware_y 24.323791007084335 51.466721704996466 30.030000686645508 AB 12.64977123833323 1.1128504652356297
61510.0002 lsst_hardware_z 216.45456436275043 48.27823464206574 30.959999084472656 AB 12.135523729378978 1.0668357820161296
61511.9745 lsst_hardware_y -14.351454508030773 64.17135406205637 30.049999237060547 AB 15.960383664160933 1.1189276264835202
61511.9909 lsst_hardware_i 68.17345950074798 61.74803286723215 31.31999969482422 AB 15.33967164004647 1.0753739451117204
61513.9817 lsst_hardware_z 417.74967356355063 108.26556898682139 31.739999771118164 AB 9.998591696273902 1.0842695544405474
61516.9731 lsst_hardware_y 114.33225620923199 58.37726059333367 30.049999237060547 AB 9.861093760225542 1.0852765178402026
61516.9921 lsst_hardware_r 50.225280196255625 79.52016879115718 31.65999984741211 AB 9.598595391780803 1.0455132088098251
61518.9707 lsst_hardware_y -125.4430096772341 56.369998931884766 30.040000915527344 AB 10.363629505565092 1.0778979516258242
61518.9887 lsst_hardware_z -13.805781287276545 40.88999938964844 30.950000762939453 AB 10.024346219764011 1.0420228050447253
61520.9705 lsst_hardware_y -5.368434751858815 54.2599983215332 30.049999237060547 AB 14.52369390418306 1.0661156796728373
61520.988 lsst_hardware_u -0.7909571878984306 2.6700000762939453 28.43000030517578 AB 14.08935737971372 1.0345368514364548
61524.9681 lsst_hardware_y 19.53565525047903 54.400001525878906 30.049999237060547 AB 11.716617114750061 1.049327601888206
61524.9861 lsst_hardware_r 35.632279181440715 22.020000457763672 31.489999771118164 AB 11.628212256515933 1.0224851401640276
61526.9691 lsst_hardware_z 5.595849408821186 44.79999923706055 30.959999084472656 AB 9.698599037945367 1.0383939012789474
61526.9885 lsst_hardware_g 4.454043802659344 13.350000381469727 31.40999984741211 AB 9.43719250565324 1.0141702793007494
61528.9674 lsst_hardware_y 44.39004876688713 50.779998779296875 30.049999237060547 AB 11.369361890182217 1.032709938477391
61528.987 lsst_hardware_i -14.772840943916473 29.90999984741211 31.260000228881836 AB 11.01286959060257 1.0107259169055223
61748.254 lsst_hardware_r 20.377500041703136 36.58000183105469 31.479999542236328 AB 10.260213436557018 1.526628161669984
61748.2778 lsst_hardware_y 45.858138115227554 50.5 29.950000762939453 AB 8.923311865110197 1.3430295043436893
61750.2512 lsst_hardware_z 29.893913309046248 56.56999969482422 30.920000076293945 AB 14.212644805936781 1.5025525748955262
61750.2735 lsst_hardware_r -32.57577152454477 53.52000045776367 31.56999969482422 AB 12.755721590730474 1.3356776534796309
61752.2436 lsst_hardware_i -12.411850621000273 68.56999969482422 31.229999542236328 AB 16.446871773791706 1.5218368941027713
61752.2652 lsst_hardware_z -1.4029911880027197 62.16999816894531 30.940000534057617 AB 14.276229031534442 1.3539028907519979
61754.2391 lsst_hardware_r 58.864288479358905 82.11000061035156 31.520000457763672 AB 12.201498576032607 1.5131005308587635
61754.2606 lsst_hardware_z -81.13967071696054 61.459999084472656 30.940000534057617 AB 11.01375427060453 1.3482994284282779
61756.2457 lsst_hardware_z -51.26321680397915 59.47999954223633 30.940000534057617 AB 11.935824466044187 1.41397383502333
61756.2676 lsst_hardware_i -34.438800454365534 57.650001525878906 31.280000686645508 AB 8.980460527896065 1.2747282509433735
61758.2574 lsst_hardware_z 13.18603259162638 53.790000915527344 30.940000534057617 AB 5.681655169435719 1.3011175747262194
61758.2795 lsst_hardware_r -5.939429794840925 51.970001220703125 31.600000381469727 AB 5.164516031329269 1.19245348218169
61760.2497 lsst_hardware_y 32.71956168939553 50.029998779296875 29.959999084472656 AB 7.75407288906565 1.314249642214517
61760.2715 lsst_hardware_g 3.6378439242597223 24.68000030517578 31.559999465942383 AB 6.453409521508943 1.203208636433102
61764.2565 lsst_hardware_r -5.814921958284538 23.030000686645508 31.459999084472656 AB 7.715617848389202 1.2213570538429226
61764.2793 lsst_hardware_i 51.440811918648954 30.969999313354492 31.239999771118164 AB 7.15337734502433 1.1328045203728303
61768.2582 lsst_hardware_u 2.2584789337886035 2.5999999046325684 28.329999923706055 AB 8.396826930720351 1.1686064572351405
61768.2819 lsst_hardware_r -12.729672959178249 22.530000686645508 31.479999542236328 AB 7.8651779538777635 1.0932969076838703
61770.2466 lsst_hardware_i 25.544583068120183 31.3799991607666 31.219999313354492 AB 8.055533473749534 1.1930294187666188
61770.2676 lsst_hardware_z 22.000072760835724 41.97999954223633 30.940000534057617 AB 6.282113652504668 1.118145414269594
