data/validation/pwv_sim_epoch_fit_seasonal/40151684.ecsv
# %ECSV 0.9
# ---
# datatype:
# - {name: time, datatype: float64}
# - {name: band, datatype: string}
# - {name: flux, datatype: float64}
# - {name: fluxerr, datatype: float64}
# - {name: zp, datatype: float64}
# - {name: zpsys, datatype: string}
# - {name: pwv, datatype: float64}
# - {name: airmass, datatype: float64}
# meta: {SNID: '40151684', alt: 1024.0, c: -0.03567026928067207, dec: -19.15501, lat: -30.244573, lon: -70.7499537, ra: 167.519531, t0: 61133.578125,
#   x0: 4.302001004844687e-06, x1: -1.0758485794067383, z: 0.6524667739868164}
# schema: astropy-2.0
time band flux fluxerr zp zpsys pwv airmass
61047.345 lsst_hardware_z 5.473772051646982 59.790000915527344 30.979999542236328 AB 7.170953137126982 1.025789596194018
61047.3651 lsst_hardware_y 35.661508540113026 73.95999908447266 30.079999923706055 AB 6.99436078763823 1.0185467871906553
61050.3435 lsst_hardware_i 105.56422086017098 60.880001068115234 32.04999923706055 AB 6.96103468500713 1.0218532554508541
61050.365 lsst_hardware_y 60.29602569754862 92.66999816894531 30.81999969482422 AB 6.933463064440581 1.019476998153298
61055.3438 lsst_hardware_i 35.893199695217824 30.540000915527344 31.25 AB 5.4817742978272594 1.0185385168761165
61055.3631 lsst_hardware_y -107.6816754873345 52.93000030517578 30.059999465942383 AB 5.483033673787002 1.024770334321468
61057.3518 lsst_hardware_g -5.30789959843495 14.5600004196167 31.440000534057617 AB 2.349566111490521 1.0215504832567484
61057.3708 lsst_hardware_y 22.818003249916526 69.12000274658203 30.06999969482422 AB 2.3836882340237864 1.0363861887059942
61059.3243 lsst_hardware_r -28.613426669311416 22.65999984741211 31.489999771118164 AB 6.730663319823648 1.0197974727005528
61059.3444 lsst_hardware_i -34.0586359475531 30.229999542236328 31.239999771118164 AB 6.316329078086163 1.020738377195566
61061.3249 lsst_hardware_z -9.766324516167368 40.939998626708984 30.950000762939453 AB 12.25589072974345 1.0186502705185132
61061.3448 lsst_hardware_u 1.27393598017063 2.759999990463257 28.479999542236328 AB 11.549413067783444 1.023581660364857
61063.3253 lsst_hardware_g 8.650309893835749 14.069999694824219 31.43000030517578 AB 9.195176025404681 1.0187149730402631
61063.3448 lsst_hardware_r 38.519541671499354 22.739999771118164 31.5 AB 9.746447044082316 1.0272934960824638
61065.3262 lsst_hardware_i 70.22454400302472 30.270000457763672 31.25 AB 9.99690121589322 1.0200919608054304
61065.3459 lsst_hardware_z 60.20728034983206 41.0099983215332 30.950000762939453 AB 10.034320521776053 1.0331346740567364
61069.3218 lsst_hardware_r 36.098962441558015 22.940000534057617 31.5 AB 11.323601498106333 1.0229242985988647
61069.341 lsst_hardware_z -25.88666242052674 41.310001373291016 30.940000534057617 AB 12.016387255791287 1.0398546698600666
61071.2948 lsst_hardware_i 16.69143631138005 55.33000183105469 31.31999969482422 AB 10.967241429587398 1.0190235939221741
61071.3126 lsst_hardware_r 48.70693834214076 56.880001068115234 31.639999389648438 AB 10.981144299204077 1.021121842961138
61072.3031 lsst_hardware_z 26.204666125833306 88.16999816894531 31.739999771118164 AB 10.17945891937628 1.0190668654896669
61074.3011 lsst_hardware_r -162.66071667735744 108.16000366210938 31.670000076293945 AB 9.498034434847554 1.0199231607889991
61074.319 lsst_hardware_i -15.957049856527629 87.93000030517578 31.34000015258789 AB 9.693919061540955 1.030884145428931
61078.2945 lsst_hardware_z -178.35380989753347 75.56999969482422 31.719999313354492 AB 3.882951891499988 1.0215606133912096
61080.2409 lsst_hardware_r 40.815045719845386 35.709999084472656 31.59000015258789 AB 5.554179058334136 1.0391030635154705
61080.2586 lsst_hardware_z -52.17457354914576 44.0 30.959999084472656 AB 5.422321224632523 1.0234173971844522
61082.2762 lsst_hardware_r -3.249739752354246 25.309999465942383 31.530000686645508 AB 3.7503630864842545 1.019143482366246
61082.2934 lsst_hardware_y 25.70529596761277 46.95000076293945 30.049999237060547 AB 3.9374778548175318 1.02765962542545
61084.2761 lsst_hardware_g 16.370275929643434 14.3100004196167 31.43000030517578 AB 5.411915537458143 1.0207149147268797
61084.2938 lsst_hardware_r -11.416351785333683 23.100000381469727 31.5 AB 5.88754612850815 1.0329028295628333
61086.26 lsst_hardware_i 18.57844578737709 30.329999923706055 31.25 AB 3.45896317113356 1.018540391971013
61086.2783 lsst_hardware_z -39.350946522875255 40.91999816894531 30.950000762939453 AB 3.455652474510988 1.024656033954333
61088.2648 lsst_hardware_r 1.2749188981470603 22.90999984741211 31.5 AB 4.487960705702183 1.0205709393296607
61088.2823 lsst_hardware_u -3.6843128333139643 2.7200000286102295 28.450000762939453 AB 4.537948330336145 1.0323294779911611
61090.2643 lsst_hardware_g -0.34987438049190045 14.470000267028809 31.459999084472656 AB 2.5728427201867095 1.0228296386364257
61090.2811 lsst_hardware_i -33.76249552239643 30.860000610351562 31.260000228881836 AB 2.5945658489194123 1.0368240762940142
61092.2466 lsst_hardware_r 3.3900578962815833 23.010000228881836 31.520000457763672 AB 5.684194804152984 1.0187641910839653
61092.2635 lsst_hardware_z 0.5049512810875381 40.900001525878906 30.950000762939453 AB 5.249975954451145 1.02571982177489
61096.2277 lsst_hardware_g 3.535796576407804 14.279999732971191 31.43000030517578 AB 8.707183285002662 1.0188308655846168
61096.2451 lsst_hardware_r 42.17663740949443 22.979999542236328 31.5 AB 8.780996809112528 1.0214420483651643
61099.2368 lsst_hardware_r -33.639878195985744 56.650001525878906 31.639999389648438 AB 5.396956030282215 1.0213931011305784
61099.2561 lsst_hardware_z 60.712067367947675 49.90999984741211 30.969999313354492 AB 5.694868102584279 1.0363412882686505
61101.2319 lsst_hardware_z -19.43518597134082 70.65151570037254 30.989999771118164 AB 3.4245534287931996 1.0216448176591322
61101.2499 lsst_hardware_i -89.15461459971881 81.95382146849587 31.34000015258789 AB 3.426207786518007 1.0355252226026619
61103.2296 lsst_hardware_z -80.59179927726372 89.49131475837022 31.0 AB 5.7031755478017025 1.0232664479773397
61103.2481 lsst_hardware_r 28.848935427827307 138.3801122584723 31.65999984741211 AB 5.773262176679641 1.039759059284942
61105.2415 lsst_hardware_y 91.41493781002374 81.39396869796677 30.809999465942383 AB 8.17384568983005 1.0383881884179613
61107.207 lsst_hardware_g 104.19757595206293 60.651884050251965 31.719999313354492 AB 10.936520413924145 1.01896211813324
61107.2266 lsst_hardware_r -14.271572162591307 60.77905536587291 31.639999389648438 AB 11.104149790988041 1.0288447387298398
61111.207 lsst_hardware_r 114.63269663390508 27.545400879469476 31.549999237060547 AB 8.137074746050915 1.0228452291189385
61111.2247 lsst_hardware_u 1.9019926766699864 5.204370143966014 28.729999542236328 AB 7.680431688225227 1.03789617408449
61113.1915 lsst_hardware_g 57.75007183141534 16.659409057981215 31.450000762939453 AB 11.36706471058973 1.0191249320264173
61113.2112 lsst_hardware_i 120.43187704501213 33.63748390789831 31.25 AB 11.497924803512323 1.0296879604927396
61114.1918 lsst_hardware_z 192.33563610242012 43.156712947811215 30.950000762939453 AB 10.456400925380622 1.0198879224950876
61114.2106 lsst_hardware_r 244.2040323119259 27.878518860166846 31.5 AB 9.447215414635574 1.031636954915142
61116.1915 lsst_hardware_u 26.972578089715736 5.699817870985175 28.459999084472656 AB 8.751742780871242 1.0219024362212272
61116.2099 lsst_hardware_g 127.27204260754878 18.406407474658295 31.440000534057617 AB 8.571221709779639 1.0365801009559554
61118.1892 lsst_hardware_r 536.0676753189551 33.10205282483147 31.5 AB 6.475023375636167 1.0235842511873798
61118.2089 lsst_hardware_i 464.924483462903 37.82885017460702 31.25 AB 6.997817352631842 1.0419620834770342
61120.1894 lsst_hardware_z 514.5772305363554 46.55358758069212 30.950000762939453 AB 5.445522445943246 1.0274570652723107
61120.2088 lsst_hardware_r 842.4146670504505 36.46827334394335 31.5 AB 5.971176770920934 1.049415952710177
61122.1884 lsst_hardware_u 7.537130402024008 4.261806454489248 28.459999084472656 AB 7.049180048749528 1.0312980576788746
61122.209 lsst_hardware_r 1023.8334395550677 39.2803271093412 31.5 AB 6.822253275844779 1.0584931966711577
61124.1713 lsst_hardware_i 895.8148075220156 43.2362569844373 31.239999771118164 AB 7.107994145614293 1.0227329705919845
61124.1893 lsst_hardware_z 750.0230927128295 48.45715938123055 30.940000534057617 AB 7.18602269673759 1.0380050840908948
61126.1698 lsst_hardware_r 1391.5784092674464 51.72540144344419 31.600000381469727 AB 6.885378159928677 1.0251183364658238
61126.1884 lsst_hardware_z 831.4094501810229 51.815385997604885 30.950000762939453 AB 7.007229932613428 1.0437262200407271
61128.1668 lsst_hardware_y 383.4056115176757 53.87992288661263 30.049999237060547 AB 6.7470725782738326 1.0268735375198061
61128.1841 lsst_hardware_r 1505.5921970244449 78.53947227695059 31.649999618530273 AB 6.884737390242707 1.0453065524939664
61130.1476 lsst_hardware_r 1863.6611845248938 119.61280946388074 31.65999984741211 AB 5.155777952554168 1.0197345634007295
61130.1641 lsst_hardware_i 1525.1236662621266 99.21908436634392 31.34000015258789 AB 5.167598348590514 1.0290945630967867
61133.1488 lsst_hardware_z 967.7304579173305 85.19986203840408 31.0 AB 6.421987109973522 1.0239137611565055
61133.1661 lsst_hardware_r 1453.1635854949586 126.33745149931258 31.65999984741211 AB 6.545353416192407 1.0396463354155434
61135.1473 lsst_hardware_z 1032.2686401503804 62.78021129283176 30.979999542236328 AB 7.227486057604108 1.0265829351267537
61135.1655 lsst_hardware_r 1503.2313004711414 80.64564318295163 31.649999618530273 AB 7.3348718075479695 1.0460207459721869
61137.1462 lsst_hardware_i 1397.4479286308776 56.15877743869484 31.299999237060547 AB 10.485944076701065 1.0301546396208925
61137.1637 lsst_hardware_z 1012.0110236364764 55.93647692243705 30.959999084472656 AB 10.703742357934292 1.0514137413248708
61142.1326 lsst_hardware_g 117.14398576080403 18.049908628303363 31.459999084472656 AB 6.490266529022181 1.0302010363527272
61142.1495 lsst_hardware_r 1005.157808781876 39.26590500119452 31.510000228881836 AB 6.61861288867266 1.0505734743924857
61148.1167 lsst_hardware_r 648.9500638625045 34.561988993571 31.510000228881836 AB 11.646214358494253 1.030638438804801
61148.1347 lsst_hardware_g 66.33603280621783 16.723597506824426 31.43000030517578 AB 12.336623923402122 1.0530322588689003
61152.095 lsst_hardware_i 695.4078346781158 40.020839325737455 31.260000228881836 AB 9.216220475739735 1.0228122753484465
61152.112 lsst_hardware_z 732.5278016385473 48.39745947379383 30.959999084472656 AB 9.521266155235756 1.0370243416245741
61154.0898 lsst_hardware_r 481.59146404786503 38.69090967322141 31.579999923706055 AB 9.33241026538151 1.0229541012146783
61154.1066 lsst_hardware_z 554.6556401748024 49.83204877514942 30.950000762939453 AB 9.38051314408254 1.037093769384471
61158.0969 lsst_hardware_i 432.5648010966718 81.29773349191203 31.34000015258789 AB 2.3996638585830663 1.0385158072344487
61158.1143 lsst_hardware_z 671.9308462667633 74.51768083825878 30.989999771118164 AB 2.4821590027174936 1.0649234191137378
61160.076 lsst_hardware_r 166.31448406515335 117.39253673665176 31.670000076293945 AB 10.877132206616936 1.0244853969153984
61160.0937 lsst_hardware_z 476.9812463100877 82.2275231426516 31.0 AB 10.956995571211475 1.0412920476323568
61162.0299 lsst_hardware_r 111.40294752028045 99.66323022598266 31.670000076293945 AB 9.023493526265941 1.0265732734970117
61162.0473 lsst_hardware_i 434.6295195114814 80.24574120101609 31.350000381469727 AB 8.558344814555596 1.0188505731613804
61164.0732 lsst_hardware_z 533.4044174088259 57.38717449515821 30.979999542236328 AB 11.293559586965634 1.0308104770870226
61164.0908 lsst_hardware_i 374.1952093701823 59.618044436227876 31.329999923706055 AB 12.498143624917628 1.052696873018962
61167.0713 lsst_hardware_u -1.638812261362653 2.8912889945942193 28.440000534057617 AB 6.493615678416183 1.0373187984690388
61167.0912 lsst_hardware_g 104.14227160512951 29.29099450167778 31.6299991607666 AB 7.091493550601976 1.0677146159674749
61169.0323 lsst_hardware_g 32.599760354354004 15.30540251213946 31.43000030517578 AB 9.247330239103425 1.0185219171109725
61169.0439 lsst_hardware_r 124.13305545321525 25.416894908839474 31.5 AB 9.111432454504108 1.0206600710769698
61171.0515 lsst_hardware_i 283.9148100698987 33.89551228112618 31.25 AB 7.903942341184066 1.028545335294787
61171.0696 lsst_hardware_z 312.81540804707595 44.901476832172605 30.950000762939453 AB 8.042181545318428 1.0494935407952195
61174.0079 lsst_hardware_r 106.24261462578032 25.018743436609153 31.5 AB 6.004919156958724 1.0205794108645823
61174.0285 lsst_hardware_g -10.571829057756997 15.045576108993144 31.440000534057617 AB 6.006892138240197 1.020047910719191
61175.9911 lsst_hardware_r 111.65630306226196 24.819212348996157 31.5 AB 7.582365906963298 1.0270033735559119
61176.0115 lsst_hardware_i 91.60925214204438 33.002701022847695 31.25 AB 5.344784716734965 1.0185877777378862
61179.9948 lsst_hardware_u 2.5777308675253843 3.56105092700603 28.440000534057617 AB 7.663525165680771 1.0195377160550916
61180.0156 lsst_hardware_g 66.03073885331547 15.950338513429445 31.440000534057617 AB 7.124998298056691 1.0213709019923343
61180.9812 lsst_hardware_r 87.09192283004984 25.8277264818099 31.520000457763672 AB 7.2710155251657556 1.0243872768064464
61180.9956 lsst_hardware_i 107.70507345803404 33.10581634043948 31.260000228881836 AB 7.211148806562317 1.0188236378259588
61182.9978 lsst_hardware_z 346.41582931264406 64.40510860075646 31.709999084472656 AB 1.8729078068329819 1.0187151519350914
61185.9662 lsst_hardware_y 74.36863745130793 54.10014333530838 30.059999465942383 AB 5.906752283308315 1.0252701622891744
61185.9854 lsst_hardware_z 173.9573830816525 61.50408054221475 30.989999771118164 AB 5.872509863263532 1.0185309354102212
61187.9678 lsst_hardware_y 123.01938394203506 54.37163950224464 30.06999969482422 AB 6.618005940048513 1.0213366163892916
61187.9874 lsst_hardware_i 213.92186508790283 67.77756465758944 31.34000015258789 AB 6.5582106560099955 1.0192657506329401
61189.9654 lsst_hardware_y 59.32661718966408 54.67757835023422 30.059999465942383 AB 9.696622048074762 1.0201601313071818
61189.9844 lsst_hardware_i 314.5511011274447 70.2889444304584 31.34000015258789 AB 9.758585481274466 1.0199190511365785
61196.9498 lsst_hardware_y 164.69916375401195 67.62861928710193 30.06999969482422 AB 5.009709943315778 1.0192004496098401
61196.9691 lsst_hardware_i 90.57349218681615 32.1073058784253 31.25 AB 4.3917461273458835 1.0213363086850893
61418.3518 lsst_hardware_z 39.53413070665699 41.650001525878906 30.950000762939453 AB 4.24658962321177 1.0185703673504147
61420.3497 lsst_hardware_g 4.970107491804939 14.670000076293945 31.450000762939453 AB 5.495923154393688 1.0189586220370226
61420.3692 lsst_hardware_y -44.0218191256923 70.70999908447266 30.06999969482422 AB 5.502935153448235 1.0287783050006047
61424.344 lsst_hardware_i 37.83969479701948 30.549999237060547 31.260000228881836 AB 6.29075537085787 1.020315525238479
61424.3637 lsst_hardware_y -6.593972805414756 52.0 30.059999465942383 AB 6.368355987621037 1.0338519961504948
61426.3229 lsst_hardware_z -51.23381275011726 52.33000183105469 30.979999542236328 AB 12.224785450957933 1.018986867630072
61426.3408 lsst_hardware_g 2.856688323164295 47.349998474121094 31.719999313354492 AB 11.456035633485104 1.0211887357140192
61428.3234 lsst_hardware_r -166.07522111719783 97.68000030517578 31.670000076293945 AB 9.189368231101282 1.0185228996205251
61428.3441 lsst_hardware_i 33.29077201433681 75.70999908447266 31.34000015258789 AB 9.613158103932726 1.0262245106947194
61430.3322 lsst_hardware_z 14.730590999042516 94.41999816894531 31.75 AB 10.01820343519807 1.022265656652864
61434.3137 lsst_hardware_z 29.108886808765263 44.75 30.969999313354492 AB 11.274623383020966 1.0194207311461263
61434.3307 lsst_hardware_r 19.64578857482997 38.0 31.610000610351562 AB 11.388708823111184 1.0285425513075306
61436.2977 lsst_hardware_i 5.067637942147298 31.93000030517578 31.270000457763672 AB 10.927177913119547 1.018684868494143
61436.3162 lsst_hardware_z -34.396135602118456 41.65999984741211 30.959999084472656 AB 10.999867038211278 1.022458767756027
61440.3038 lsst_hardware_i 23.92824659519173 30.469999313354492 31.270000457763672 AB 7.916705966107959 1.0217301741589107
61440.3234 lsst_hardware_r -40.10997274497483 22.93000030517578 31.520000457763672 AB 8.10456039264065 1.0375497382161263
61442.2809 lsst_hardware_u 2.253587574791634 2.8299999237060547 28.549999237060547 AB 3.806998379885296 1.0187311693564727
