data/validation/pwv_sim_epoch_fit_seasonal/40236122.ecsv
# %ECSV 0.9
# ---
# datatype:
# - {name: time, datatype: float64}
# - {name: band, datatype: string}
# - {name: flux, datatype: float64}
# - {name: fluxerr, datatype: float64}
# - {name: zp, datatype: float64}
# - {name: zpsys, datatype: string}
# - {name: pwv, datatype: float64}
# - {name: airmass, datatype: float64}
# meta: {SNID: '40236122', alt: 1024.0, c: -0.09204630553722382, dec: -22.831406, lat: -30.244573, lon: -70.7499537, ra: 254.53125, t0: 62567.265625,
#   x0: 1.1610705452514153e-05, x1: -1.17484450340271, z: 0.43200957775115967}
# schema: astropy-2.0
time band flux fluxerr zp zpsys pwv airmass
62563.2867 lsst_hardware_i 2303.436284684343 60.53117183368488 31.149999618530273 AB 10.284936601300778 1.7346344232692812
62563.3098 lsst_hardware_u 4.392728652470349 3.223416908565961 28.079999923706055 AB 8.962837277261995 1.4840363071880116
62568.3195 lsst_hardware_r 4065.453832451373 69.03679239456366 31.469999313354492 AB 12.568453527224563 1.312403779382968
62568.3402 lsst_hardware_u 8.345898238239991 3.968212020841047 28.360000610351562 AB 9.79355344068798 1.2049525933607792
62572.2952 lsst_hardware_r 3570.6335772996945 65.72538495926415 31.459999084472656 AB 10.594864368010764 1.4028287809348912
62572.3175 lsst_hardware_i 2671.160348381635 61.0135021806222 31.229999542236328 AB 9.587486179333272 1.2618434034394936
62580.328 lsst_hardware_r 2541.945681502497 101.4033265946341 31.6299991607666 AB 5.406232888773656 1.1277277567973973
62580.3453 lsst_hardware_z 1410.13075823864 71.69569002259267 30.969999313354492 AB 5.621811083450485 1.0803557267536645
62581.3466 lsst_hardware_z 1432.508557749231 72.74981337441406 30.979999542236328 AB 6.250113986927745 1.0712950698919146
62581.3652 lsst_hardware_y 357.3100217202393 57.0489721166651 30.059999465942383 AB 6.068677391099871 1.0380461648236057
62595.3786 lsst_hardware_r 709.4814520492597 36.03591336165203 31.520000457763672 AB 8.373006069316153 1.0096575675204122
62595.3976 lsst_hardware_u 22.292050273996676 5.489352508485778 28.510000228881836 AB 8.38011424175049 1.0211349604082807
62597.3659 lsst_hardware_g 203.30233173029367 20.058628837317723 31.489999771118164 AB 18.37860437324614 1.0083821154906352
62597.3846 lsst_hardware_r 658.7295763912565 34.942281081375356 31.530000686645508 AB 19.642587388136093 1.0151513984385108
62599.3448 lsst_hardware_i 1851.6920839249467 61.48758273415587 32.0099983215332 AB 9.36373476388979 1.011384492949392
62599.3634 lsst_hardware_z 1601.5506458422099 69.8566467646767 31.700000762939453 AB 9.337364649521422 1.008699661459616
62602.2391 lsst_hardware_u 10.167380369786555 3.5445653208121994 28.34000015258789 AB 3.482728963211386 1.243831772575495
62602.2578 lsst_hardware_r 457.5714266310752 32.66622427414949 31.5 AB 4.013259044075649 1.1626456600093618
62603.3332 lsst_hardware_r 479.79478610063796 32.176227396343826 31.540000915527344 AB 6.733836930476104 1.0116942503720108
62603.3523 lsst_hardware_i 763.1758996087706 41.932414881228276 31.270000457763672 AB 6.838293394892103 1.0086722317120884
62605.3323 lsst_hardware_z 586.9700440935916 47.7175373547334 30.959999084472656 AB 7.368083095547308 1.0099028800293284
62605.349 lsst_hardware_i 665.8290521546419 41.23137737400929 31.280000686645508 AB 6.778507470063768 1.0090693533235564
62606.263 lsst_hardware_z 1236.1540455684417 78.5582026934941 31.719999313354492 AB 10.35026533703339 1.1097100179085868
62607.3036 lsst_hardware_z 1120.1081705453298 82.42119877832906 31.739999771118164 AB 17.451464519396616 1.0262146648801351
62608.2399 lsst_hardware_y 170.89821227224823 57.23928032798186 30.020000457763672 AB 15.555916168938928 1.168387875089299
62608.2571 lsst_hardware_r 295.8783500029571 92.19787866458691 31.639999389648438 AB 14.998879004075693 1.110973211501335
62613.3414 lsst_hardware_z 680.3673386194955 99.05973536490635 31.75 AB 6.29595411413655 1.0154764700220242
62614.2079 lsst_hardware_r 310.1015089862478 65.08582673282798 31.59000015258789 AB 5.0243806692097 1.2361113668713384
62614.2412 lsst_hardware_i 398.0013018330323 59.05466236557571 31.309999465942383 AB 5.033022501366352 1.1095932467967926
62617.3057 lsst_hardware_r 258.3373181625995 31.46592420071886 31.549999237060547 AB 3.7729893266614667 1.0085510095326027
62617.3232 lsst_hardware_i 432.6209321121752 38.511629045977976 31.270000457763672 AB 3.7845646857116417 1.0113748492013588
62619.3004 lsst_hardware_z 361.5824998768124 44.910003768955725 30.950000762939453 AB 2.9247431795347825 1.008532130874063
62619.3197 lsst_hardware_i 411.69974412389604 36.95927456165824 31.25 AB 2.935693699993695 1.012308172411619
62620.2376 lsst_hardware_u 24.464791481177315 5.0757292341212015 28.389999389648438 AB 11.277224722182538 1.0768931170915332
62620.2585 lsst_hardware_g 92.29312900933321 17.051094454209984 31.450000762939453 AB 11.042554154860484 1.0383707889285332
62626.2828 lsst_hardware_z 322.63238669656994 44.48982223257557 30.950000762939453 AB 9.071858587613006 1.0083951151520627
62626.3021 lsst_hardware_u 8.740065109752987 4.488691390962126 28.510000228881836 AB 8.472921819840156 1.0131135407694563
62627.1509 lsst_hardware_r 211.92779108977516 29.229244218496788 31.459999084472656 AB 4.6936076077396125 1.3608933069049545
62627.1719 lsst_hardware_u 15.887737088566876 4.243740839486165 28.420000076293945 AB 4.074178534438978 1.2386031215360074
62632.2749 lsst_hardware_z 490.28648429856963 62.664764807216486 31.700000762939453 AB 7.9709984748487965 1.0089871487150375
62632.2932 lsst_hardware_g 108.22233704557273 24.762804974883796 32.2400016784668 AB 7.756735884751146 1.0182115889670709
62633.1522 lsst_hardware_z 346.2550467909959 50.086187554239835 30.940000534057617 AB 16.423413009080754 1.2553726741127689
62633.1717 lsst_hardware_r 205.48120211957078 41.80128024713758 31.579999923706055 AB 13.609714022813478 1.1681823715613306
62643.2282 lsst_hardware_i 35.04538207109863 65.83000183105469 32.060001373291016 AB 4.819130546158845 1.0100175798852067
62643.2571 lsst_hardware_z -157.86574810793186 69.01000213623047 31.719999313354492 AB 4.372001384617456 1.013934573090263
62645.196 lsst_hardware_z -63.68482093091122 42.849998474121094 30.959999084472656 AB 8.118773923734517 1.0306936554188664
62645.2212 lsst_hardware_i -39.29024787279682 34.209999084472656 31.280000686645508 AB 7.539315805091485 1.0105644132553429
62647.2044 lsst_hardware_u -2.9078450554303794 2.9000000953674316 28.520000457763672 AB 6.295108050691793 1.0169802989808865
62647.2297 lsst_hardware_g 23.170293694278453 16.049999237060547 31.5 AB 6.053939154496118 1.0084016248015522
62649.1375 lsst_hardware_r -19.9362751181113 25.1200008392334 31.489999771118164 AB 8.05537914090136 1.1345604423804734
62649.161 lsst_hardware_z -17.331624773581503 42.47999954223633 30.950000762939453 AB 7.685773326485649 1.0711879200677328
62651.1915 lsst_hardware_r 12.827526476129664 24.690000534057617 31.520000457763672 AB 12.629854524393458 1.0185366551930208
62651.2146 lsst_hardware_i 52.15277863517821 31.719999313354492 31.270000457763672 AB 12.30237497745246 1.008391391594464
62654.1661 lsst_hardware_r -7.188771084899557 24.709999084472656 31.520000457763672 AB 10.997308900534343 1.0377593602567676
62654.1858 lsst_hardware_g -12.241614631968766 15.9399995803833 31.489999771118164 AB 10.38227322132 1.0165991746904606
62655.1553 lsst_hardware_r -0.5581185335651273 24.799999237060547 31.520000457763672 AB 9.565837449343519 1.0504598392338869
62655.1753 lsst_hardware_i 60.23327232344175 31.729999542236328 31.260000228881836 AB 9.716578472895215 1.023336332058452
62673.0812 lsst_hardware_z -78.86767584968311 42.970001220703125 30.950000762939453 AB 3.694395216617545 1.106520469222725
62673.1112 lsst_hardware_i -5.413960774441025 31.940000534057617 31.260000228881836 AB 3.1266924866239973 1.0422308288746658
62675.0465 lsst_hardware_g -4.2560176795000215 15.720000267028809 31.420000076293945 AB 3.6358581625733155 1.2119527208577718
62675.0647 lsst_hardware_r -7.573712775660439 24.93000030517578 31.5 AB 3.4217682837750525 1.1405894279250175
62677.1364 lsst_hardware_r 10.762728868952934 24.360000610351562 31.510000228881836 AB 4.020602422976318 1.0096942297780809
62677.1569 lsst_hardware_u -1.6753481449027388 2.7200000286102295 28.399999618530273 AB 3.9586366714753565 1.0103717895547106
62678.0491 lsst_hardware_u -0.2668081471606213 2.7300000190734863 28.360000610351562 AB 4.499274567445238 1.1671774570744073
62678.0694 lsst_hardware_g -9.063366509489919 15.640000343322754 31.450000762939453 AB 4.231601750929667 1.101405973693406
62679.1206 lsst_hardware_g 4.570674565579454 15.59000015258789 31.469999313354492 AB 7.913123834541409 1.014503055710437
62679.14 lsst_hardware_r 52.84082345707391 24.350000381469727 31.510000228881836 AB 8.163413216040066 1.0083267312302453
62680.0456 lsst_hardware_r -24.667390247451035 24.780000686645508 31.489999771118164 AB 8.17274155522272 1.1598299233978684
62680.0652 lsst_hardware_i -5.9411553351839625 32.040000915527344 31.25 AB 7.6372634090720455 1.098017886431176
62681.1159 lsst_hardware_i 10.178301542652072 31.43000030517578 31.260000228881836 AB 4.000516853936628 1.0140298729930777
62681.1388 lsst_hardware_z -42.784810029693226 41.349998474121094 30.950000762939453 AB 4.844623146603305 1.0085960749347616
62682.0465 lsst_hardware_z -5.642711653827848 43.36000061035156 30.940000534057617 AB 3.6301395481778647 1.137529039773714
62682.0656 lsst_hardware_r -13.576287662747374 24.709999084472656 31.510000228881836 AB 3.488470427291498 1.0832357388406773
62683.1178 lsst_hardware_r 22.292586823697558 24.229999542236328 31.520000457763672 AB 8.582275245164551 1.0104323117418332
62683.1379 lsst_hardware_g -3.0344743737929103 15.40999984741211 31.459999084472656 AB 8.497732109305565 1.0095315841170542
62686.0685 lsst_hardware_g -30.612904535434627 15.449999809265137 31.459999084472656 AB 8.932909513727704 1.054279418591727
62686.0878 lsst_hardware_i -31.486134062916452 31.479999542236328 31.270000457763672 AB 9.053552310671561 1.0263343982623279
62687.0961 lsst_hardware_u -1.111391303057237 2.880000114440918 28.540000915527344 AB 3.7567738483037307 1.0163056535381674
62687.117 lsst_hardware_r -14.125998664472574 24.280000686645508 31.530000686645508 AB 3.6845261451500795 1.0083541721812217
62688.0507 lsst_hardware_r 24.979630272563107 25.510000228881836 31.530000686645508 AB 6.708793172395135 1.0797413904069422
62688.0706 lsst_hardware_z -9.41507424886118 41.849998474121094 30.950000762939453 AB 6.48388948603564 1.0416862869670294
62698.0696 lsst_hardware_y -136.4825769145381 54.790000915527344 30.059999465942383 AB 3.941678353687391 1.0139582894434755
62698.0888 lsst_hardware_r 3.1128460115985557 93.51000213623047 31.65999984741211 AB 3.869972449721965 1.008330497582586
62703.0471 lsst_hardware_z -10.92690534729983 41.310001373291016 30.950000762939453 AB 5.817525531520225 1.0206185143017938
62703.0663 lsst_hardware_r 20.788071073004186 24.020000457763672 31.510000228881836 AB 5.753820545713964 1.0094422010024497
62708.9653 lsst_hardware_y 118.36179694623559 58.31999969482422 30.010000228881836 AB 5.124248514717686 1.1639846705650836
62708.9846 lsst_hardware_i -2.2930257331492974 32.060001373291016 31.239999771118164 AB 4.797730921507843 1.1018290411485516
62710.034 lsst_hardware_r 2.210880529309336 24.1200008392334 31.510000228881836 AB 4.571131991010914 1.0158071091135363
62710.0522 lsst_hardware_u -2.5269063389873527 2.7699999809265137 28.450000762939453 AB 4.533221756691483 1.0085031716777029
62710.978 lsst_hardware_u 1.5082901122530061 3.0 28.479999542236328 AB 4.88200426032076 1.1049633362351066
62710.9963 lsst_hardware_g -18.48229974422616 15.380000114440918 31.459999084472656 AB 4.703433924969054 1.0617232336273257
62721.015 lsst_hardware_z 108.19283563566194 58.81999969482422 30.989999771118164 AB 3.9373447936391606 1.0100935848227708
62721.0329 lsst_hardware_r 28.434742983680263 70.31999969482422 31.65999984741211 AB 3.903290492844204 1.009210676422702
62731.9875 lsst_hardware_y 25.240868800209643 47.220001220703125 30.059999465942383 AB 3.028023665838754 1.0093412219462514
62732.0083 lsst_hardware_r 24.439537742723658 24.969999313354492 31.540000915527344 AB 2.3451497361950024 1.0109856600926868
62733.9689 lsst_hardware_y 157.08443653639878 81.12000274658203 30.09000015258789 AB 3.186661172756555 1.0155070658882044
62733.9882 lsst_hardware_g 12.880675108697366 16.450000762939453 31.510000228881836 AB 3.246975702797813 1.008377547452737
62736.9699 lsst_hardware_z -71.98616075252446 59.060001373291016 30.989999771118164 AB 2.6163650519762913 1.0106022668334727
62736.9885 lsst_hardware_i 25.637830652670715 32.2599983215332 31.270000457763672 AB 2.6115878525055263 1.0090493344731248
62937.2968 lsst_hardware_r 94.37211465123143 83.80999755859375 31.56999969482422 AB 10.48432375668208 1.3961413884655542
62937.3172 lsst_hardware_y 28.425989121289312 55.529998779296875 29.989999771118164 AB 9.603965281654675 1.2671810636831609
62941.3065 lsst_hardware_i -9.997677293400946 49.59000015258789 31.270000457763672 AB 9.76562050130672 1.2660016854716216
62941.3272 lsst_hardware_z -24.14764172888136 51.88999938964844 30.959999084472656 AB 9.121738831259401 1.1713308290541768
62947.3909 lsst_hardware_i 7.4331434873862605 32.25 31.280000686645508 AB 5.8720249831138664 1.0118511149983376
62947.4098 lsst_hardware_y -58.68901148860758 67.22000122070312 30.079999923706055 AB 5.8311985076490815 1.008596126895935
62951.3291 lsst_hardware_i 47.22292097337374 32.279998779296875 31.260000228881836 AB 6.849289981733062 1.0815806898199205
62951.3463 lsst_hardware_y -3.0031108317662354 47.38999938964844 30.049999237060547 AB 7.8541447013523396 1.0472192935136453
62953.3845 lsst_hardware_r -6.183608795811782 24.860000610351562 31.540000915527344 AB 7.447553234035178 1.0086979549483135
62953.4041 lsst_hardware_y -60.442749239508984 49.36000061035156 30.06999969482422 AB 7.5475284250867025 1.0118460630213433
62955.3814 lsst_hardware_g 2.454764652439598 16.079999923706055 31.510000228881836 AB 7.353414866099697 1.0084222251919353
62955.3994 lsst_hardware_y -93.94303321471475 47.599998474121094 30.059999465942383 AB 7.471521772949344 1.0122184482861285
62956.2528 lsst_hardware_u -3.8658513102369843 2.690000057220459 28.270000457763672 AB 6.067642901771589 1.341434345165908
62956.2705 lsst_hardware_r -2.2628671050227283 25.350000381469727 31.479999542236328 AB 5.6824730061001985 1.2405114896251046
62959.362 lsst_hardware_z -21.488292447382435 41.34000015258789 30.950000762939453 AB 5.872911981581033 1.0102486206848331
62959.3796 lsst_hardware_r 3.103134198155044 24.420000076293945 31.520000457763672 AB 6.249988736420063 1.0090391889602943
62960.25 lsst_hardware_r -72.58102206212473 55.63999938964844 31.56999969482422 AB 8.137536625364639 1.2916724802166095
62960.2689 lsst_hardware_z 37.49265811249079 50.65999984741211 30.950000762939453 AB 7.770776956825292 1.1975307376830804
62963.3434 lsst_hardware_i 6.741340105895415 69.13999938964844 31.34000015258789 AB 8.279375408310814 1.013914877177334
62963.3626 lsst_hardware_z 49.968823170034085 62.18000030517578 30.989999771118164 AB 8.221928585239304 1.0083307070443102
62967.3507 lsst_hardware_r -52.0931232014047 104.72000122070312 31.670000076293945 AB 4.2215321209683285 1.0083277359000784
62967.3675 lsst_hardware_i 61.75739148255017 87.29000091552734 31.350000381469727 AB 4.252846672377639 1.0126629111146057
62968.2625 lsst_hardware_z -62.85819615469431 68.94999694824219 30.979999542236328 AB 6.605252796429256 1.138836689039527
62968.282 lsst_hardware_r 156.92109352932584 86.4000015258789 31.649999618530273 AB 6.427801970813793 1.0832157011820238
62969.3291 lsst_hardware_i 16.898876564281903 54.400001525878906 31.329999923706055 AB 12.347049524214395 1.0127311608219487
62969.3464 lsst_hardware_z 60.16584190239882 54.209999084472656 30.979999542236328 AB 11.700715022225541 1.0083346279063405
62971.3343 lsst_hardware_r -23.64578900709841 31.06999969482422 31.579999923706055 AB 9.942255465515524 1.0088795216028335
62971.3514 lsst_hardware_g 0.7025779133110616 25.40999984741211 31.6299991607666 AB 9.921661638704649 1.0103525090330598
62974.3187 lsst_hardware_r -4.770477358103031 24.309999465942383 31.540000915527344 AB 13.023389412378634 1.0111654294493455
62974.3374 lsst_hardware_i -69.1389186450163 31.489999771118164 31.280000686645508 AB 12.924111427523938 1.0087964324156702
62976.3197 lsst_hardware_z 12.654881188373267 41.41999816894531 30.959999084472656 AB 3.5460516225925343 1.009073262298089
