data/validation/pwv_sim_epoch_fit_seasonal/40265455.ecsv
# %ECSV 0.9
# ---
# datatype:
# - {name: time, datatype: float64}
# - {name: band, datatype: string}
# - {name: flux, datatype: float64}
# - {name: fluxerr, datatype: float64}
# - {name: zp, datatype: float64}
# - {name: zpsys, datatype: string}
# - {name: pwv, datatype: float64}
# - {name: airmass, datatype: float64}
# meta: {SNID: '40265455', alt: 1024.0, c: -0.02891557291150093, dec: -19.471222, lat: -30.244573, lon: -70.7499537, ra: 202.675781, t0: 60677.2421875,
#   x0: 7.2715459020506064e-06, x1: 0.39559632539749146, z: 0.5254443287849426}
# schema: astropy-2.0
time band flux fluxerr zp zpsys pwv airmass
60709.3685 lsst_hardware_r 444.91832499647313 32.7076911812313 31.540000915527344 AB 10.908688553164083 1.0244182576689491
60711.3704 lsst_hardware_z 764.2550329875131 50.32927128092697 30.959999084472656 AB 7.059636625661134 1.0203015718166157
60713.3745 lsst_hardware_u 7.0527581161556485 4.1919014726630905 28.729999542236328 AB 4.815727411893076 1.0176938740264403
60714.3253 lsst_hardware_r 313.59898531393355 30.545534232745922 31.520000457763672 AB 8.63974708997313 1.0604169487539896
60714.3447 lsst_hardware_y 264.5120266009237 49.6861061217058 30.049999237060547 AB 8.543157905810165 1.033175728838447
60716.3654 lsst_hardware_z 1263.2116409255643 69.61566187298995 31.709999084472656 AB 3.4766664072683793 1.0178091458214333
60718.3628 lsst_hardware_r 263.51924329328494 83.44044390270474 31.65999984741211 AB 6.25531156148202 1.0175374642508412
60718.3807 lsst_hardware_y 290.6847202766006 57.68110338969103 30.059999465942383 AB 5.2588955789338465 1.022070921015907
60724.3459 lsst_hardware_z 485.11391593848344 69.6074513377384 31.0 AB 5.28498056375191 1.0175654515045796
60724.3641 lsst_hardware_r 59.55024962865107 85.62372683268951 31.65999984741211 AB 5.379709453138337 1.0219489225528073
60727.3329 lsst_hardware_i 285.07299732191143 40.71210535602359 31.290000915527344 AB 6.602239458011035 1.0182617471163204
60727.35 lsst_hardware_r 74.37117681487392 37.24722728126088 31.600000381469727 AB 5.911954894251646 1.0193025679744216
60731.3355 lsst_hardware_r 176.30586386884968 27.05278015910753 31.510000228881836 AB 8.757146795784879 1.0182728832308
60731.3532 lsst_hardware_i 268.25456951665683 35.167326921102315 31.260000228881836 AB 8.837433491716759 1.0276085455484603
60733.3102 lsst_hardware_i 268.68057527168696 34.8592519338857 31.260000228881836 AB 6.271626441819038 1.0203573483802224
60733.3296 lsst_hardware_z 381.89937665088956 45.49748393595682 30.950000762939453 AB 6.231745009169518 1.018175804128643
60738.3161 lsst_hardware_g -12.690915339772967 15.700483131210841 31.450000762939453 AB 7.2422556702856395 1.018207538615253
60738.3348 lsst_hardware_r 140.0144269630317 26.64651645361647 31.510000228881836 AB 7.483468341513101 1.0282078831454489
60740.2992 lsst_hardware_i 195.14678911013516 34.22731893968277 31.260000228881836 AB 7.250059065736697 1.017909310738743
60740.3178 lsst_hardware_r 152.43930611426654 26.59812241049668 31.520000457763672 AB 7.267125677740387 1.0206278821306087
60742.2962 lsst_hardware_u -2.9883276053936423 2.842020390687837 28.399999618530273 AB 9.771536315825884 1.0176033653554681
60742.3173 lsst_hardware_g 12.552602576903807 15.609353331400431 31.459999084472656 AB 9.808556729640257 1.023323602466408
60749.1226 lsst_hardware_i 597.1392227822877 249.20828971857011 32.7400016784668 AB 14.583580237080447 1.6228019551646915
60749.1457 lsst_hardware_z 487.1656192950473 102.22115640862731 30.950000762939453 AB 13.986874418966236 1.408263634611985
60751.2928 lsst_hardware_i 153.263427418562 102.00274166252035 31.350000381469727 AB 8.350166885674398 1.023367471741435
60751.3155 lsst_hardware_z 251.80331612867036 87.81270527766978 31.0 AB 8.412651370698136 1.0468053718283004
60755.2781 lsst_hardware_i -48.6036320845073 42.880001068115234 31.31999969482422 AB 4.550078845040394 1.0212274368848733
60755.2969 lsst_hardware_r 85.07165207922031 45.40999984741211 31.639999389648438 AB 4.0600693037820355 1.0367899141424808
60757.2609 lsst_hardware_z -40.81030129066515 42.470001220703125 30.969999313354492 AB 6.253051455940639 1.0176664424999007
60757.2814 lsst_hardware_g -18.26784580686354 23.3700008392334 31.6200008392334 AB 6.319774833642958 1.0269377370235637
60759.255 lsst_hardware_r -20.363703521326837 23.93000030517578 31.520000457763672 AB 6.714613779099761 1.0176226995352
60759.2719 lsst_hardware_i -2.4108256132445836 31.389999389648438 31.270000457763672 AB 6.730932938389805 1.0239755991465422
60766.2369 lsst_hardware_r -21.201598357442233 24.100000381469727 31.530000686645508 AB 4.283971415499589 1.0177315684588824
60766.2549 lsst_hardware_z 22.32308874835047 41.459999084472656 30.959999084472656 AB 4.7584418066456164 1.0254525838615651
60768.2371 lsst_hardware_r -2.575560029027652 24.190000534057617 31.520000457763672 AB 7.297152651618876 1.0189775041534364
60768.2562 lsst_hardware_u -1.1388524579391346 2.869999885559082 28.520000457763672 AB 6.124216653397827 1.0312299142745236
60777.2138 lsst_hardware_z -23.51059760216136 94.52999877929688 31.0 AB 6.981225450356005 1.0194050304730111
60777.2302 lsst_hardware_i -86.91370775447173 112.23999786376953 31.350000381469727 AB 7.061938799487267 1.0298750148125078
60779.1956 lsst_hardware_r 43.1616411956274 159.7100067138672 31.670000076293945 AB 5.718471699239047 1.0175669201012585
60779.2121 lsst_hardware_z 58.42952581663789 107.98999786376953 31.010000228881836 AB 6.725352620218076 1.0209909727701472
60781.1497 lsst_hardware_r -141.63567600403812 89.20999908447266 31.65999984741211 AB 17.508872712533595 1.0484354917684788
60781.1664 lsst_hardware_y -42.59123603807037 55.369998931884766 30.06999969482422 AB 17.17972759005012 1.0287262029970132
60785.1976 lsst_hardware_i -37.212741036102315 36.90999984741211 31.290000915527344 AB 3.2648355267962788 1.0219643760841592
60785.2181 lsst_hardware_z -9.265789440528069 44.43000030517578 30.959999084472656 AB 2.8339205506627505 1.0405754599906063
60791.1786 lsst_hardware_r 7.743936776912417 24.360000610351562 31.520000457763672 AB 6.533553951384145 1.0206418815706124
60791.1963 lsst_hardware_u -2.9399581724843893 2.880000114440918 28.520000457763672 AB 6.629222340332222 1.0342000530939504
60793.1795 lsst_hardware_g 0.15947521054011957 15.420000076293945 31.469999313354492 AB 2.2851266079889334 1.024261142083789
60793.1971 lsst_hardware_i 9.516098431887501 31.59000015258789 31.25 AB 2.3533796008368792 1.0416640924363747
60799.154 lsst_hardware_r -18.201159964659528 26.15999984741211 31.540000915527344 AB 10.278687895173368 1.0195003904788231
60799.1722 lsst_hardware_y -9.09238054524398 47.16999816894531 30.049999237060547 AB 9.568594082898246 1.0318583097717333
60803.1412 lsst_hardware_i 78.08568270111844 63.790000915527344 31.34000015258789 AB 9.968114758650412 1.0188700116165392
60803.1607 lsst_hardware_z 56.908163487905405 60.08000183105469 30.989999771118164 AB 10.123119754115416 1.0312876685121655
60805.1413 lsst_hardware_r 115.85891251637457 127.0199966430664 31.670000076293945 AB 7.200329084203394 1.021081883838855
60805.1587 lsst_hardware_z 80.28096798645444 89.37000274658203 31.0 AB 7.2454584405607125 1.0348806913852115
60807.1156 lsst_hardware_z -101.10076279159347 101.55000305175781 31.010000228881836 AB 12.416119440247362 1.0180206707136423
60807.1359 lsst_hardware_i 140.76214372782349 123.70999908447266 31.350000381469727 AB 13.217527223133544 1.021111862265787
60809.0939 lsst_hardware_r 54.18975270184852 102.5 31.670000076293945 AB 6.2475175261428 1.0255281559656948
60809.1127 lsst_hardware_z -3.6655184785401524 70.5 31.0 AB 6.275844144773233 1.017649447830946
60813.0922 lsst_hardware_g 67.9662713766222 25.149999618530273 31.6299991607666 AB 8.59795990386905 1.0201661015506702
60813.1129 lsst_hardware_r 9.567038851361493 35.599998474121094 31.600000381469727 AB 8.690556559394961 1.0185837505151645
60816.072 lsst_hardware_i 28.809364593970503 31.15999984741211 31.260000228881836 AB 7.289997521193311 1.0277252144539442
60816.0921 lsst_hardware_z 29.56414988668052 41.279998779296875 30.950000762939453 AB 7.274486389479731 1.0178377486329846
60822.074 lsst_hardware_r 38.77281528630028 33.880001068115234 32.27000045776367 AB 5.88735523036328 1.018147873068642
60822.0951 lsst_hardware_u -0.5210564212773697 3.9000000953674316 29.209999084472656 AB 6.252402003529527 1.0211893516217996
60827.0549 lsst_hardware_r 5.2918907861502 25.3700008392334 31.530000686645508 AB 7.485577031944687 1.0197870712426635
60827.0766 lsst_hardware_z 2.653205054895358 41.5 30.950000762939453 AB 7.469133507033704 1.0191667661739794
60831.0463 lsst_hardware_r -171.9805481364957 64.37000274658203 31.649999618530273 AB 9.690367257459062 1.0189660628243022
60831.0674 lsst_hardware_y 34.925349573370646 51.45000076293945 30.059999465942383 AB 9.698327595597863 1.0197941758937883
60843.0259 lsst_hardware_r 50.11550904142673 34.08000183105469 32.279998779296875 AB 6.149781684833217 1.017642243553288
60843.0547 lsst_hardware_i -45.01410487793902 44.38999938964844 32.0099983215332 AB 6.278565029351519 1.0346156429679554
60845.0146 lsst_hardware_z 55.42640531955584 41.58000183105469 30.959999084472656 AB 4.018617782881606 1.0176292182530755
60845.0392 lsst_hardware_r -15.327479334955385 24.399999618530273 31.530000686645508 AB 4.102489138112819 1.025451375965544
60847.9917 lsst_hardware_u 0.4467694787311121 2.799999952316284 28.469999313354492 AB 5.173692404436012 1.022670963517882
60848.0113 lsst_hardware_g -42.021566375574814 15.529999732971191 31.479999542236328 AB 3.1449476196719597 1.0175628622752242
60852.9915 lsst_hardware_r -12.63656118628423 24.530000686645508 31.530000686645508 AB 7.808034273890624 1.017775486494514
60853.0115 lsst_hardware_u 0.8712786134976255 2.950000047683716 28.56999969482422 AB 8.37257124529683 1.0217305809136794
60858.9693 lsst_hardware_z -57.434867379312855 49.970001220703125 30.969999313354492 AB 7.439740950318725 1.0191425959340719
60858.9885 lsst_hardware_g -2.380416561027723 43.09000015258789 31.700000762939453 AB 7.438216842544651 1.0189338140472124
60863.9552 lsst_hardware_y -54.437911610302635 76.83000183105469 30.079999923706055 AB 1.697805762869599 1.019295034742605
60863.9733 lsst_hardware_r 61.3529886525539 78.48999786376953 31.65999984741211 AB 1.4302192632190456 1.0184933332519088
60865.9557 lsst_hardware_y -131.08658220933694 78.9000015258789 30.079999923706055 AB 7.314387355135198 1.0178191041052735
60865.9736 lsst_hardware_z 71.8234154885677 59.31999969482422 30.989999771118164 AB 8.07913638900356 1.0205439763788597
61080.3252 lsst_hardware_r 7.63057650853208 49.02000045776367 31.6200008392334 AB 5.734137328445163 1.0570325505221738
61080.3438 lsst_hardware_y -87.35039805192034 49.63999938964844 30.049999237060547 AB 6.820484418614316 1.0319994581047516
61086.3429 lsst_hardware_r 3.6246172454626624 24.190000534057617 31.530000686645508 AB 4.133259779660064 1.0206839806544177
61086.3607 lsst_hardware_g 12.590832689054137 15.449999809265137 31.479999542236328 AB 4.130033616746146 1.0177510144766155
61090.3473 lsst_hardware_z 34.29553653487281 41.400001525878906 30.959999084472656 AB 3.1534717542056847 1.017522480518102
61090.3648 lsst_hardware_i 10.601226267750247 31.3700008392334 31.270000457763672 AB 3.170458708543653 1.0235540624838266
61092.3328 lsst_hardware_u -6.211220040925856 2.8399999141693115 28.520000457763672 AB 6.593425328944565 1.0184338059099072
61092.3509 lsst_hardware_g -6.078457356725676 15.279999732971191 31.479999542236328 AB 5.802248724628647 1.0193541423840682
61094.3365 lsst_hardware_r 7.727638862781718 23.989999771118164 31.510000228881836 AB 10.007559705936524 1.0175282275443416
61094.3546 lsst_hardware_i 0.380863060418346 31.25 31.260000228881836 AB 10.062579097662292 1.024024738987665
61099.3255 lsst_hardware_r 23.92569244624787 23.940000534057617 31.530000686645508 AB 5.373671403389988 1.0177889868630121
61099.3443 lsst_hardware_i -13.440409497253865 31.290000915527344 31.260000228881836 AB 4.878465904270846 1.0264511923141015
61101.3154 lsst_hardware_z -122.86990627350508 60.439998626708984 30.989999771118164 AB 3.480645614279174 1.0174847106296836
61101.334 lsst_hardware_i 33.639153959739865 65.51000213623047 31.329999923706055 AB 3.273820701425568 1.02306896919549
61103.3233 lsst_hardware_z -46.96094864368989 109.23999786376953 31.739999771118164 AB 7.283254900988057 1.020313788531931
61105.3177 lsst_hardware_r -75.05523986894238 112.61000061035156 31.670000076293945 AB 7.319549305079545 1.0202528912540747
61105.336 lsst_hardware_i 237.4343389044728 91.19999694824219 31.34000015258789 AB 7.405493018194548 1.0339257267985407
61107.3095 lsst_hardware_z -36.35804504808896 94.58999633789062 31.739999771118164 AB 9.750311096232622 1.0191962818361349
61109.2973 lsst_hardware_z 8.933799289948515 47.939998626708984 30.969999313354492 AB 8.771658119492393 1.0176724556608205
61109.3172 lsst_hardware_r 19.76762417502431 47.150001525878906 31.6299991607666 AB 8.91711876289132 1.0266081928265394
61114.2813 lsst_hardware_u 4.462581311502215 2.759999990463257 28.450000762939453 AB 8.852235285869908 1.017498308720679
61114.3003 lsst_hardware_g -6.4137110029268145 15.119999885559082 31.450000762939453 AB 8.501066802381498 1.024224915949578
61116.282 lsst_hardware_r 29.430042583778878 23.889999389648438 31.510000228881836 AB 8.044929183730678 1.0183454662950226
61116.3008 lsst_hardware_i -18.154100752202496 31.200000762939453 31.25 AB 8.253135531833578 1.0288768349851547
61118.2817 lsst_hardware_z 60.62035999100222 41.2400016784668 30.950000762939453 AB 5.710161733318192 1.020036036677043
61118.3011 lsst_hardware_u -0.9929817639906866 2.759999990463257 28.450000762939453 AB 5.690098243519692 1.0345633170035804
61120.2643 lsst_hardware_g 12.366221265624167 15.170000076293945 31.459999084472656 AB 4.586303156068302 1.0174826746684735
61120.2842 lsst_hardware_r 6.6315022203291605 23.979999542236328 31.510000228881836 AB 4.559675495763585 1.0244159729866515
61122.2623 lsst_hardware_i 48.72704566008854 31.260000228881836 31.260000228881836 AB 6.251239130158295 1.0177303625372947
61122.2821 lsst_hardware_z 76.01241705811424 41.560001373291016 30.950000762939453 AB 6.290050260874834 1.0269190379921365
61124.256 lsst_hardware_i -3.5736334993868297 31.139999389648438 31.25 AB 6.654472285392888 1.0176330753754894
61124.2737 lsst_hardware_u 0.6627729738786546 2.700000047683716 28.399999618530273 AB 6.665295027946954 1.02470745417159
61128.2382 lsst_hardware_i 23.298367869811127 48.189998626708984 31.31999969482422 AB 6.811979692672053 1.017726049702
61128.2556 lsst_hardware_r -32.78681351337521 51.16999816894531 31.639999389648438 AB 8.092767497403791 1.0205577095625702
61130.2431 lsst_hardware_z 41.823663906071616 95.0199966430664 31.739999771118164 AB 3.9341949463090775 1.0181883528308695
61133.2381 lsst_hardware_r 116.37246865336648 158.52999877929688 31.670000076293945 AB 7.261531444107783 1.0190550389934678
61133.2583 lsst_hardware_i -80.27821434173896 125.55999755859375 31.350000381469727 AB 6.180425814294274 1.0326094673228812
61135.2371 lsst_hardware_z 38.82600852027408 72.33999633789062 30.989999771118164 AB 7.198638598740767 1.0208421553402325
61135.2568 lsst_hardware_r 248.08630021755465 98.43000030517578 31.65999984741211 AB 7.1279793519755765 1.0369478254256004
61137.2484 lsst_hardware_z 81.75711721297287 73.87000274658203 31.729999542236328 AB 8.877961976760403 1.0336733490624677
61146.0324 lsst_hardware_u 2.442999599491864 2.4800000190734863 28.049999237060547 AB 26.048020766282427 1.6638343980804788
61146.0424 lsst_hardware_g 6.345511322499979 15.5600004196167 31.309999465942383 AB 25.869988489521706 1.5537919461160714
61148.1996 lsst_hardware_r 23.78168529323236 24.479999542236328 31.530000686645508 AB 13.157404900348617 1.0199538682440787
61148.2174 lsst_hardware_i 51.56145828325125 31.639999389648438 31.260000228881836 AB 12.278288281954987 1.0326639476269097
61150.1932 lsst_hardware_z 51.56585287089712 41.54999923706055 30.959999084472656 AB 3.313311896625165 1.019585156413529
61150.2105 lsst_hardware_r -49.69302085450007 24.530000686645508 31.530000686645508 AB 2.7902348773799566 1.031224199345841
61152.1811 lsst_hardware_u -2.753519888253806 2.880000114440918 28.520000457763672 AB 9.45103577547254 1.017827341066452
61152.199 lsst_hardware_g -0.9419938524217237 15.75 31.479999542236328 AB 9.433404353905111 1.0259833981081201
61154.1814 lsst_hardware_r 2.2753654371991345 24.34000015258789 31.520000457763672 AB 8.079728909815804 1.0192669244122372
61154.1992 lsst_hardware_z 70.55462508092612 41.689998626708984 30.950000762939453 AB 8.170403368287742 1.0308573275097561
61156.1789 lsst_hardware_r -49.96915390289961 47.88999938964844 31.6299991607666 AB 6.559058911590821 1.0204416706307349
61156.197 lsst_hardware_y 99.7220852541723 49.15999984741211 30.049999237060547 AB 6.6428876449599485 1.0341807438962036
61158.1846 lsst_hardware_z -43.462419168980375 61.540000915527344 30.979999542236328 AB 2.3215186829550998 1.0275616611508687
61158.2026 lsst_hardware_r -116.41817270889317 81.8499984741211 31.649999618530273 AB 2.3514622763757216 1.0483558967346789
61160.1796 lsst_hardware_i -56.106719730154246 116.48999786376953 31.350000381469727 AB 11.314883794807196 1.0279482881561877
61160.1981 lsst_hardware_z 114.75585995111804 99.26000213623047 31.0 AB 11.478303727444512 1.04980484531332
61162.1148 lsst_hardware_z 128.41453280808986 96.87000274658203 31.010000228881836 AB 9.231979850970376 1.0375925654364007
61162.1322 lsst_hardware_r -225.80819382407572 148.9199981689453 31.670000076293945 AB 7.576866747491801 1.0223351732695602
61164.1659 lsst_hardware_z 18.194539101521208 91.73999786376953 31.75 AB 10.336699570984113 1.0257291042827557
61167.1458 lsst_hardware_r -11.280347624007005 44.54999923706055 31.6200008392334 AB 6.237347934975956 1.0192300127963325
61167.1641 lsst_hardware_z 11.397188349032454 46.81999969482422 30.969999313354492 AB 6.320120450333251 1.031239059664949
61171.1409 lsst_hardware_g 6.800467999099505 15.140000343322754 31.469999313354492 AB 7.937945385350437 1.0219105127418207
61171.1631 lsst_hardware_r 7.853522626884819 24.020000457763672 31.510000228881836 AB 8.106175670959837 1.0426955231642714
61174.11 lsst_hardware_i 22.57883732688809 31.170000076293945 31.260000228881836 AB 6.309945797112718 1.0181711161434033
61174.1308 lsst_hardware_z -31.64833236003366 41.369998931884766 30.950000762939453 AB 6.345745550171268 1.0209275835530542
61176.0811 lsst_hardware_z 16.001496385007638 41.290000915527344 30.950000762939453 AB 5.170436304326442 1.032590005357552
61176.101 lsst_hardware_r -5.710783501973617 23.81999969482422 31.520000457763672 AB 5.44427653589983 1.0191457386559022
61181.0498 lsst_hardware_r -63.59997867542079 34.83000183105469 32.27000045776367 AB 7.484335825746964 1.0564132623149312
61181.0732 lsst_hardware_u 1.2741999783967637 4.019999980926514 29.25 AB 7.248566132722899 1.0272911185832074
61183.0663 lsst_hardware_g 10.009472224792203 26.329999923706055 31.6299991607666 AB 2.017244707588981 1.028506818961071
61183.0861 lsst_hardware_r -26.35830272782563 31.139999389648438 31.56999969482422 AB 2.641285791947983 1.0180326814215026
61186.0632 lsst_hardware_i 22.07720253031448 64.98999786376953 31.34000015258789 AB 5.341214853592758 1.02452970337457
61186.0838 lsst_hardware_z 64.11994884540698 60.41999816894531 30.989999771118164 AB 6.5220137838530725 1.0174748492750503
61188.0625 lsst_hardware_r -129.98681034088756 164.36000061035156 32.41999816894531 AB 7.457840187042478 1.0216219434304765
61188.0853 lsst_hardware_z 89.52981391704593 120.16999816894531 31.75 AB 7.7039588234254746 1.0183125613383548
61190.0629 lsst_hardware_z -131.77472729244133 84.73999786376953 31.0 AB 11.107205272704519 1.0191031537484938
61190.0833 lsst_hardware_i -110.98849920234429 101.18000030517578 31.350000381469727 AB 11.038878260646667 1.0193340653443526
61197.0272 lsst_hardware_r 13.577550654722868 23.829999923706055 31.510000228881836 AB 4.531403813352209 1.029279685031746
61197.0483 lsst_hardware_u -3.853761181167705 2.700000047683716 28.40999984741211 AB 4.208217773648253 1.0179530173314595
61218.9705 lsst_hardware_y -45.61030389410289 54.9900016784668 30.059999465942383 AB 6.5126881787971005 1.0264418779543363
61218.9917 lsst_hardware_r 103.63153591785733 91.80999755859375 31.65999984741211 AB 6.584969394359946 1.0175337084693776
61223.9722 lsst_hardware_y 81.36706736183969 47.36000061035156 30.059999465942383 AB 7.4348537870662605 1.0184731215159262
61223.9951 lsst_hardware_u 1.347156640864915 2.890000104904175 28.520000457763672 AB 7.455764327158324 1.021337579062784
61225.9763 lsst_hardware_y 124.67729408747452 66.44999694824219 30.799999237060547 AB 4.985903603699782 1.017531347693833
61226.0018 lsst_hardware_r 51.68103922410133 34.970001220703125 32.279998779296875 AB 3.8825983851448087 1.030094641205786
