data/validation/pwv_sim_epoch_fit_seasonal/402867.ecsv
# %ECSV 0.9
# ---
# datatype:
# - {name: time, datatype: float64}
# - {name: band, datatype: string}
# - {name: flux, datatype: float64}
# - {name: fluxerr, datatype: float64}
# - {name: zp, datatype: float64}
# - {name: zpsys, datatype: string}
# - {name: pwv, datatype: float64}
# - {name: airmass, datatype: float64}
# meta: {SNID: '402867', alt: 1024.0, c: 0.02172834426164627, dec: -63.823658, lat: -30.244573, lon: -70.7499537, ra: 353.345062, t0: 62320.6640625,
#   x0: 5.680707834561078e-06, x1: 0.15650883316993713, z: 0.5821341276168823}
# schema: astropy-2.0
time band flux fluxerr zp zpsys pwv airmass
62302.4252 lsst_hardware_r 599.9469459986556 32.80200299744606 31.459999084472656 AB 13.499177132403847 1.2026260836458582
62302.4383 lsst_hardware_y 122.83410019911707 59.10168764624858 30.010000228881836 AB 13.436955970703083 1.1985777910222852
62306.4264 lsst_hardware_u 5.081135606259291 3.899176052070377 28.479999542236328 AB 3.1487140473043933 1.1987490027808603
62306.4378 lsst_hardware_y 314.9049533343802 56.438264481935484 30.010000228881836 AB 3.1463559987280556 1.1980413131758658
62308.4162 lsst_hardware_r 2400.0734475741274 58.69524886922883 32.20000076293945 AB 3.6462343972448603 1.199879689764118
62308.4304 lsst_hardware_y 626.9134639700342 74.24268851520885 30.75 AB 3.754009551349309 1.197960712057047
62310.4239 lsst_hardware_r 3014.2871876438253 62.301308331268274 32.20000076293945 AB 3.5179822976974067 1.1979508391705131
62310.438 lsst_hardware_y 640.5071652625821 82.72038296799545 30.75 AB 3.4007459727049216 1.2000868011309826
62312.4217 lsst_hardware_z 2126.3544865680324 95.41336786582383 31.709999084472656 AB 5.000491076530129 1.1980571999833638
62314.4364 lsst_hardware_i 1678.6110562062097 81.46164103423017 31.299999237060547 AB 8.613464610130379 1.2038946063357778
62315.393 lsst_hardware_z 1208.1014660501567 69.32215997226444 30.959999084472656 AB 6.237991172543488 1.2012500051435626
62315.4061 lsst_hardware_r 2058.181509140293 91.27960352226079 31.610000610351562 AB 6.227473285856233 1.198147848042757
62323.4252 lsst_hardware_u 0.6479321614073966 3.3777947283450542 28.479999542236328 AB 6.397527292537239 1.2127439064569905
62323.4374 lsst_hardware_g 409.11253136322506 28.430588276214117 31.5 AB 6.447326752643094 1.224389071384495
62325.4258 lsst_hardware_r 1587.817778457115 46.47278683207139 31.450000762939453 AB 2.5754587369657758 1.218094941021177
62325.4395 lsst_hardware_z 1196.5748614410224 63.4491944212647 30.940000534057617 AB 2.706830987134864 1.233367703737028
62327.3753 lsst_hardware_r 1569.7898629635629 45.2777419946098 31.469999313354492 AB 11.701522382701507 1.1980058748607498
62327.3878 lsst_hardware_u 5.65381739504181 2.6300743045599058 28.31999969482422 AB 11.712022409601195 1.199080871215978
62328.3365 lsst_hardware_u -0.25557091382652486 2.508188064355898 28.209999084472656 AB 11.391899476055585 1.2141753964656274
62328.3482 lsst_hardware_g 234.72738527377342 19.805029738489672 31.329999923706055 AB 11.31722085289679 1.205755471222756
62332.4227 lsst_hardware_r 1201.6007244292555 41.81535755734649 31.459999084472656 AB 5.676347610107585 1.2363852271847788
62332.4346 lsst_hardware_u -3.1758118512011553 4.254406279416545 28.6200008392334 AB 5.751574991068142 1.2540454583792304
62343.3962 lsst_hardware_r 541.8663703221407 97.51617499745142 31.600000381469727 AB 8.317948239175946 1.2412532347212752
62343.4083 lsst_hardware_z 802.0299749304215 72.70940414985407 30.959999084472656 AB 8.539231779100772 1.2603257038215272
62345.4002 lsst_hardware_r 561.2192341320028 74.8397843360863 31.59000015258789 AB 4.40581284876702 1.2558434686145572
62345.4118 lsst_hardware_y 330.227115018764 55.99848223607377 29.959999084472656 AB 4.489766677745263 1.2769227154490828
62347.3446 lsst_hardware_z 1473.359123110544 80.70569317586705 31.700000762939453 AB 5.759510594432211 1.2030518744135936
62351.3414 lsst_hardware_i 522.0775778633271 40.2746084755051 31.229999542236328 AB 2.7564408568781293 1.2073766346378139
62351.3528 lsst_hardware_z 730.6933155406113 50.757739086827534 30.93000030517578 AB 2.769028377740235 1.2162197772000591
62352.3411 lsst_hardware_i 500.7827098312227 39.06643159887002 31.229999542236328 AB 2.2937015790662088 1.209014273425042
62352.3529 lsst_hardware_z 618.3522787720049 50.387513202581644 30.93000030517578 AB 2.2772697865998226 1.218877673470021
62354.3454 lsst_hardware_g 32.18598859144188 14.342087120669737 31.34000015258789 AB 3.183728340566854 1.2169440048035371
62354.3565 lsst_hardware_r 312.6773163965733 27.892481808024037 31.450000762939453 AB 3.2156844891287713 1.2286501056943906
62360.0596 lsst_hardware_z 493.70032418782455 56.220418340570134 30.829999923706055 AB 6.562166205992617 1.9885352139371568
62362.3746 lsst_hardware_r 193.582999402593 26.388601488055777 31.440000534057617 AB 4.537047666049109 1.2962993331568882
62362.3857 lsst_hardware_u 2.062817888021143 2.696713402076232 28.190000534057617 AB 4.609097898743113 1.3229328067574952
62369.3063 lsst_hardware_z 789.8473013714352 86.25364745828048 31.709999084472656 AB 1.7500583812426311 1.2187036081076819
62371.316 lsst_hardware_r 92.15238611964818 95.8709891276288 31.600000381469727 AB 2.4859914956634865 1.2360942217602486
62371.3272 lsst_hardware_i 162.85300661687995 76.5537971299117 31.290000915527344 AB 2.5082326379291744 1.2525506306763066
62376.0529 lsst_hardware_g -5.981500185398172 13.747283206939139 31.200000762939453 AB 5.9401807227595205 1.697194492217006
62376.0621 lsst_hardware_i 183.80220869390993 36.686551909994776 31.170000076293945 AB 5.740527052518839 1.640150586433954
62378.116 lsst_hardware_z 277.698217116985 48.096577406442954 30.90999984741211 AB 4.314262059928668 1.3768189117372482
62378.1246 lsst_hardware_r 98.90675200271993 25.015738417366475 31.420000076293945 AB 4.239390712395234 1.3506621146619622
62380.2887 lsst_hardware_i 155.0519883033228 36.962564586905685 31.229999542236328 AB 1.9963447004038675 1.2325651576891548
62380.3003 lsst_hardware_r 70.03488355008237 31.761946816413445 31.5 AB 1.8998532309708878 1.2488764049107641
62382.3023 lsst_hardware_u 6.2023912972431114 2.840614493617762 28.260000228881836 AB 1.9403102415203195 1.2611701277350142
62382.3139 lsst_hardware_g 27.86667115330241 14.871956915997115 31.350000381469727 AB 1.9504984169992852 1.2832226427626876
62385.2433 lsst_hardware_r 63.85279960265 24.4469713521993 31.459999084472656 AB 0.4864376883595946 1.20430209620696
62385.2541 lsst_hardware_g 4.566572908918303 13.674360492697062 31.34000015258789 AB 0.9987292619625328 1.211315053926662
62387.2416 lsst_hardware_r 72.95573000698117 24.247974198164503 31.450000762939453 AB 2.9053288702233573 1.2064484200526087
62387.2528 lsst_hardware_i 126.37063996896157 33.35932500185175 31.219999313354492 AB 3.4323041826039207 1.2147241039091352
62389.2405 lsst_hardware_z 268.23151734750655 45.500195371385 30.93000030517578 AB 4.459824028759063 1.2093344860376183
62389.2522 lsst_hardware_i 149.41292243675505 33.372508900691315 31.219999313354492 AB 4.255048656880702 1.2192116495360177
62390.236 lsst_hardware_u -0.3286155768872533 2.5493978420545544 28.270000457763672 AB 2.688052672827478 1.2081135608213385
62390.2478 lsst_hardware_g 13.641243461305256 13.532673385089845 31.329999923706055 AB 2.7442904655487763 1.2176102043402097
62393.2358 lsst_hardware_r 70.50022517333522 24.17061539678616 31.450000762939453 AB 1.4621991389247495 1.2141989943324685
62393.2479 lsst_hardware_i 87.97926729714044 33.41601766061312 31.219999313354492 AB 1.4925073433076672 1.2262144406197457
62395.2493 lsst_hardware_z 587.388019116709 68.64453277797587 31.690000534057617 AB 4.109475031088838 1.2345709085986896
62399.2569 lsst_hardware_i 83.21993071835087 66.06509533617039 31.280000686645508 AB 8.714493447978942 1.2629700649244844
62399.2687 lsst_hardware_z 264.5325122630396 63.356272949057924 30.950000762939453 AB 8.871754447930469 1.2857615141928216
62401.2259 lsst_hardware_z 21.945635617461033 64.7300033569336 30.959999084472656 AB 2.4591376749270024 1.22604396107484
62401.2375 lsst_hardware_i -61.45791018093856 71.83999633789062 31.299999237060547 AB 2.7297509594936002 1.2407958906789092
62411.2483 lsst_hardware_i -32.46304306518495 32.150001525878906 31.209999084472656 AB 4.450456406193194 1.3138848346572547
62411.2595 lsst_hardware_u 0.3850463133532895 2.4800000190734863 28.200000762939453 AB 4.876377303068843 1.3433546289444698
62413.1778 lsst_hardware_g -0.9962913756317687 13.050000190734863 31.350000381469727 AB 2.7271983409359657 1.2114599870893459
62413.1902 lsst_hardware_r -21.36448028445172 22.420000076293945 31.459999084472656 AB 2.7128656245414233 1.2228377843323972
62414.1796 lsst_hardware_g -3.6062582942412678 13.069999694824219 31.329999923706055 AB 7.573770825158487 1.215205908569352
62414.1912 lsst_hardware_r -11.766767437316977 22.510000228881836 31.450000762939453 AB 7.722726039547414 1.2269656093546106
62416.2201 lsst_hardware_z 8.582602959448861 44.22999954223633 30.920000076293945 AB 5.248955988839035 1.2812748548834096
62416.2317 lsst_hardware_u -1.5373430535698662 2.4700000286102295 28.190000534057617 AB 5.393733729530997 1.3067798254466374
62418.1388 lsst_hardware_r -9.44442453807193 22.450000762939453 31.459999084472656 AB 4.20897921217128 1.1990255091172575
62418.1509 lsst_hardware_g -0.28872636568943666 13.109999656677246 31.350000381469727 AB 4.237106259610743 1.2031821651087087
62420.2214 lsst_hardware_i -58.567274989986885 32.029998779296875 31.209999084472656 AB 4.7097485767126095 1.3082634935312805
62420.2325 lsst_hardware_z 26.720198799692586 44.720001220703125 30.920000076293945 AB 4.811919982310284 1.3366444395306345
62423.1471 lsst_hardware_r -38.267674085136015 31.18000030517578 31.520000457763672 AB 10.100149205744543 1.2089712970208524
62423.1542 lsst_hardware_z 56.85583820505736 63.79999923706055 31.68000030517578 AB 10.199355812573323 1.2144981915423696
62423.1639 lsst_hardware_g -19.761127336522875 24.770000457763672 31.540000915527344 AB 10.289154747173967 1.2239280032324307
62425.1612 lsst_hardware_y -5.099237941061346 51.15999984741211 29.979999542236328 AB 9.576367259484202 1.2270183878469962
62425.1719 lsst_hardware_r -26.362684564574966 47.04999923706055 31.56999969482422 AB 9.422887845815522 1.24072434767585
62427.1811 lsst_hardware_z -128.2178150831753 77.06999969482422 31.700000762939453 AB 7.338254800488785 1.2641628758486523
62429.1585 lsst_hardware_r -14.938551386843278 76.68000030517578 31.600000381469727 AB 4.149924485314695 1.237306048096212
62429.1692 lsst_hardware_z -86.1650641164768 59.40999984741211 30.950000762939453 AB 2.658645414957784 1.2531913339423484
62433.1607 lsst_hardware_r -56.43644809974942 73.83000183105469 31.600000381469727 AB 3.593070161615596 1.2571973973462547
62433.1709 lsst_hardware_i 13.003221402841946 59.65999984741211 31.280000686645508 AB 2.8369430256987287 1.2757472853057803
62435.1377 lsst_hardware_i 84.93103136799836 46.41999816894531 31.270000457763672 AB 3.1208378876058855 1.2315855910046902
62435.1493 lsst_hardware_z 35.55486488981848 51.560001373291016 30.940000534057617 AB 3.0833802641688433 1.2476585908429496
62437.1611 lsst_hardware_u 3.540623069683983 3.7799999713897705 28.540000915527344 AB 3.8092924206807792 1.2779644118697573
62437.1723 lsst_hardware_g 13.980070833094166 27.110000610351562 31.540000915527344 AB 2.7090118128088823 1.3019922201901069
62438.1418 lsst_hardware_g -15.446177486301302 13.270000457763672 31.329999923706055 AB 3.5844684966618434 1.248726178945077
62438.1525 lsst_hardware_r -32.04345005476983 22.93000030517578 31.440000534057617 AB 3.6711071010741847 1.2667726366716519
62440.1411 lsst_hardware_i 16.499630203013652 31.799999237060547 31.219999313354492 AB 4.763600557978692 1.2563894390024823
62440.1518 lsst_hardware_z 19.845674369293846 44.11000061035156 30.920000076293945 AB 4.729961406852295 1.2757819033991356
62442.1516 lsst_hardware_r -23.391554864966746 22.799999237060547 31.440000534057617 AB 5.017204623633751 1.2864627240086541
62442.1631 lsst_hardware_g -1.4498233771149585 13.220000267028809 31.299999237060547 AB 5.119002684327287 1.3125647908531506
62451.0496 lsst_hardware_r -8.217028964360233 25.610000610351562 31.489999771118164 AB 4.166412612201971 1.1992552493745179
62451.0616 lsst_hardware_u -4.525858975910143 3.450000047683716 28.530000686645508 AB 4.193764377139256 1.2036059630171734
62454.0513 lsst_hardware_z 36.07165901120132 47.41999816894531 30.940000534057617 AB 4.640485004978953 1.202613598387902
62454.0631 lsst_hardware_i 23.40562567304524 40.7599983215332 31.270000457763672 AB 4.597148066186094 1.2094575285940787
62458.0551 lsst_hardware_y 109.26031353449744 73.2300033569336 30.75 AB 7.863545682778454 1.2116403209211795
62675.4299 lsst_hardware_r -12.525764145355957 29.149999618530273 31.530000686645508 AB 3.415274906787011 1.1981669019572534
62675.4419 lsst_hardware_y -13.04959011096793 63.970001220703125 30.020000457763672 AB 3.39311715408481 1.201103417375264
62678.4207 lsst_hardware_i -3.2172281899587354 31.549999237060547 31.219999313354492 AB 6.9839077749685705 1.1980628616711866
62678.4344 lsst_hardware_z 18.771610060979697 45.72999954223633 30.93000030517578 AB 6.980746489671302 1.2013675693560066
62680.4234 lsst_hardware_r -21.654982217892943 22.420000076293945 31.450000762939453 AB 6.0108668099580465 1.1995343863416577
62680.4355 lsst_hardware_y -15.226873321764502 51.95000076293945 29.989999771118164 AB 6.11480812907608 1.2044136555202047
62688.4304 lsst_hardware_r 24.67895499819425 22.760000228881836 31.459999084472656 AB 6.386358555529805 1.2165651120163095
62688.4417 lsst_hardware_u 4.838767122171507 8.1899995803833 29.030000686645508 AB 6.420358837650428 1.2284241533818863
62695.1984 lsst_hardware_z -47.24123364796258 64.26000213623047 30.90999984741211 AB 9.836596374346769 1.5836741999350805
62695.216 lsst_hardware_r -57.84612395598257 80.26000213623047 31.540000915527344 AB 10.198661016171515 1.4974541429382608
62697.4185 lsst_hardware_r 150.98684457645163 93.11000061035156 31.600000381469727 AB 5.643338285690596 1.2300661065188205
62697.4305 lsst_hardware_z 46.29103878082374 68.91000366210938 30.959999084472656 AB 5.724730980660326 1.246426050402293
62707.4097 lsst_hardware_r -1.0517271746866914 23.56999969482422 31.450000762939453 AB 7.695379627013275 1.2567988938450556
62707.4199 lsst_hardware_u -0.942092760450851 2.7899999618530273 28.260000228881836 AB 7.864522754110368 1.2753107802505326
62709.4172 lsst_hardware_g -9.810974926804146 13.399999618530273 31.299999237060547 AB 3.966012024512951 1.280804787506158
62709.4288 lsst_hardware_r 25.794318203640525 23.850000381469727 31.440000534057617 AB 4.036769717705492 1.3062570545913574
62711.1829 lsst_hardware_g -10.27725954370842 13.319999694824219 31.25 AB 6.054150085681244 1.4526473851910529
62711.2018 lsst_hardware_r 19.378849972994132 23.420000076293945 31.40999984741211 AB 5.7702597841685686 1.3840319290430307
62716.3481 lsst_hardware_i 28.051909518313405 31.309999465942383 31.219999313354492 AB 2.7518218172763396 1.2115891325377388
62716.3594 lsst_hardware_z 26.2140772679974 43.22999954223633 30.93000030517578 AB 2.7077321844269333 1.221900805246811
62722.3352 lsst_hardware_z -7.861939931467631 43.13999938964844 30.93000030517578 AB 5.972479993687185 1.2144535182201888
62722.3468 lsst_hardware_r -20.404195047128354 22.549999237060547 31.450000762939453 AB 6.044479079914603 1.2260192177237963
62723.3408 lsst_hardware_y 97.72415242324803 51.099998474121094 29.989999771118164 AB 6.240045762331194 1.2224397869230974
62723.3526 lsst_hardware_g 27.30146623859681 34.720001220703125 31.600000381469727 AB 6.3299746799148116 1.2365646962130907
62725.2852 lsst_hardware_r -145.89260875574547 91.69000244140625 31.6200008392334 AB 3.4634622416578718 1.1979807713341153
62725.2971 lsst_hardware_i 28.33192320494257 72.69999694824219 31.299999237060547 AB 3.0131376553504774 1.1987418978286553
62733.3164 lsst_hardware_r -15.24571543334268 34.29999923706055 31.540000915527344 AB 3.022352053125195 1.2256091050791547
62733.3272 lsst_hardware_z -30.25108486095251 46.0099983215332 30.940000534057617 AB 2.8686611859843274 1.239162499345614
62735.3066 lsst_hardware_g -5.389724493714838 17.559999465942383 31.450000762939453 AB 2.2251857265196726 1.2209523876653232
62735.3178 lsst_hardware_i 51.03316055758463 33.06999969482422 31.229999542236328 AB 2.3194067535243685 1.233891077815863
62736.1094 lsst_hardware_g -46.6861126241897 23.149999618530273 32.459999084472656 AB 3.4144374037140093 1.4742821259559626
