data/validation/pwv_sim_epoch_fit_seasonal/40286717.ecsv
# %ECSV 0.9
# ---
# datatype:
# - {name: time, datatype: float64}
# - {name: band, datatype: string}
# - {name: flux, datatype: float64}
# - {name: fluxerr, datatype: float64}
# - {name: zp, datatype: float64}
# - {name: zpsys, datatype: string}
# - {name: pwv, datatype: float64}
# - {name: airmass, datatype: float64}
# meta: {SNID: '40286717', alt: 1024.0, c: 0.07129471749067307, dec: -19.946699, lat: -30.244573, lon: -70.7499537, ra: 354.375, t0: 60954.38671875,
#   x0: 3.955580233384429e-06, x1: -0.3978826105594635, z: 0.6755365133285522}
# schema: astropy-2.0
time band flux fluxerr zp zpsys pwv airmass
[from data line 132]
61306.1707 lsst_hardware_z -75.94819344111205 63.810001373291016 30.989999771118164 AB 2.007619630444434 1.0173748127254867
61310.1308 lsst_hardware_z -18.322715383675742 83.23999786376953 31.0 AB 4.040468392126317 1.0370590273461493
61310.1502 lsst_hardware_i -149.44249797882372 96.08999633789062 31.34000015258789 AB 3.9722637921157204 1.020688325847169
61312.1398 lsst_hardware_z 98.56405506211661 78.76000213623047 31.729999542236328 AB 4.073461678495171 1.023611428193257
61316.1315 lsst_hardware_z -14.038681739428677 41.2599983215332 30.950000762939453 AB 3.2173722881756843 1.0219557812040607
61316.1509 lsst_hardware_u 2.668676457018834 2.7300000190734863 28.450000762939453 AB 3.1883132911607412 1.016924740024158
61320.112 lsst_hardware_r -1.9464979684831771 23.350000381469727 31.510000228881836 AB 7.961439704401501 1.0282555154634918
61320.1304 lsst_hardware_i 35.95438206106365 30.770000457763672 31.260000228881836 AB 3.903038219524849 1.0178298555782352
61322.1094 lsst_hardware_z 16.02273916157819 41.09000015258789 30.950000762939453 AB 6.034854460310627 1.0258705451566679
61322.1276 lsst_hardware_i -55.53098530393581 30.670000076293945 31.260000228881836 AB 3.579775348170386 1.0172706303411156
61324.1124 lsst_hardware_u -0.31526858152322745 2.7899999618530273 28.510000228881836 AB 4.2859910563833585 1.0204740610436567
61324.13 lsst_hardware_g -25.03031774528354 14.489999771118164 31.459999084472656 AB 4.575145868330151 1.017000415307532
61327.095 lsst_hardware_r -17.716775831870564 23.209999084472656 31.510000228881836 AB 7.391921078659847 1.0264656191436705
61327.1157 lsst_hardware_i -16.360232160165644 30.6299991607666 31.260000228881836 AB 7.337202526676997 1.0170312609172014
61329.0984 lsst_hardware_z 33.097192761899656 41.31999969482422 30.950000762939453 AB 7.949820464505655 1.0206471260117673
61329.1155 lsst_hardware_u -4.094465785485387 3.1500000953674316 28.6299991607666 AB 7.855105526236782 1.016929900259314
61331.0772 lsst_hardware_r -15.939958989943708 30.899999618530273 31.56999969482422 AB 5.825370685606496 1.0328671428380314
61331.0958 lsst_hardware_g 3.2331048269270393 25.93000030517578 31.639999389648438 AB 8.905047909815249 1.0193409987100104
61333.0773 lsst_hardware_r 6.7102332440930645 51.16999816894531 31.639999389648438 AB 2.958864555669035 1.027561922441061
61333.0931 lsst_hardware_i 23.801395836643245 46.79999923706055 31.31999969482422 AB 3.3302344840105205 1.0183424765723832
61336.0798 lsst_hardware_z 35.67690984315077 71.19999694824219 31.0 AB 4.4534994206000675 1.0203916647038036
61336.0979 lsst_hardware_i -36.103028430216995 78.93000030517578 31.350000381469727 AB 5.425396322845983 1.017071109700553
61338.0739 lsst_hardware_z 29.300855135259486 100.5199966430664 31.75 AB 3.9062095927278273 1.0206086725468704
61341.0663 lsst_hardware_r -29.866886507217874 46.529998779296875 31.639999389648438 AB 2.712002813701354 1.0203170856664237
61341.0841 lsst_hardware_i -30.153338306032328 48.70000076293945 31.31999969482422 AB 3.8370032547505 1.0170533454895068
61344.0478 lsst_hardware_i -49.6827157360855 30.93000030517578 31.270000457763672 AB 4.301954063471062 1.027107474217461
61344.0659 lsst_hardware_z -1.3370502862492801 41.119998931884766 30.959999084472656 AB 4.2311933568771085 1.017582625859777
61351.0309 lsst_hardware_r 55.03463329659203 23.25 31.510000228881836 AB 4.046587045622544 1.0253393134878381
61351.0458 lsst_hardware_i -16.61050377332101 30.510000228881836 31.260000228881836 AB 3.6023870054204523 1.0178151267904838
61356.0236 lsst_hardware_y 15.126149087656628 48.16999816894531 30.049999237060547 AB 5.472394876225316 1.0212073480243182
61356.0411 lsst_hardware_z 14.696554183383748 41.0 30.950000762939453 AB 5.469588775465067 1.0168884546527517
61357.0237 lsst_hardware_y -2.0833376074614423 48.560001373291016 30.059999465942383 AB 5.1761331433967435 1.0198104933876389
61357.0412 lsst_hardware_u 2.3598387321671033 2.880000114440918 28.510000228881836 AB 5.156877009901576 1.0171522233899128
61359.0264 lsst_hardware_y -11.488432906905388 48.720001220703125 30.059999465942383 AB 5.669728479791964 1.017295779866979
61359.0449 lsst_hardware_r -18.78885514059635 26.040000915527344 31.540000915527344 AB 5.4393444506301325 1.0198452143303207
61361.0222 lsst_hardware_z 5.547576285083738 79.0 31.729999542236328 AB 3.559871555079349 1.0171061585940997
61364.0148 lsst_hardware_y 18.159372571594538 83.05999755859375 30.079999923706055 AB 7.6067562635439945 1.017014006757656
61364.0345 lsst_hardware_z 77.55558791127476 59.02000045776367 30.979999542236328 AB 7.6372786051409545 1.0214817572636
