data/validation/pwv_sim_epoch_fit_seasonal/40290693.ecsv
# %ECSV 0.9
# ---
# datatype:
# - {name: time, datatype: float64}
# - {name: band, datatype: string}
# - {name: flux, datatype: float64}
# - {name: fluxerr, datatype: float64}
# - {name: zp, datatype: float64}
# - {name: zpsys, datatype: string}
# - {name: pwv, datatype: float64}
# - {name: airmass, datatype: float64}
# meta: {SNID: '40290693', alt: 1024.0, c: -0.052145812660455704, dec: -48.336796, lat: -30.244573, lon: -70.7499537, ra: 51.860989, t0: 62733.1953125,
#   x0: 9.261782699804676e-06, x1: 0.49903157353401184, z: 0.4749963581562042}
# schema: astropy-2.0
time band flux fluxerr zp zpsys pwv airmass
62736.3714 lsst_hardware_z 3718.4855798933536 83.38763482930608 31.700000762939453 AB 2.1932057478961675 1.0814624003432227
62736.3895 lsst_hardware_y 604.2104420599123 53.13915050998494 30.040000915527344 AB 2.39455650963117 1.0629875005761336
62753.3922 lsst_hardware_g 270.96598891225284 21.27590175600641 31.3799991607666 AB 3.797409597461091 1.0558625323122732
62753.4034 lsst_hardware_r 1370.125416278883 44.21697600409812 31.489999771118164 AB 3.8022941310088485 1.062860294255806
62758.2084 lsst_hardware_i 2503.0946850794435 101.78064915078535 32.0099983215332 AB 1.7226108938561246 1.4105309263920334
62758.2289 lsst_hardware_z 1712.6465537691802 93.55136936563116 31.700000762939453 AB 1.6014326712975588 1.304452352400944
62764.3803 lsst_hardware_g 126.70806323418871 26.080125789170513 31.59000015258789 AB 6.0153039047016055 1.0688489776471002
62764.3921 lsst_hardware_r 636.2928947616173 38.990230971630254 31.540000915527344 AB 6.291635165133228 1.0820595348066435
62765.3857 lsst_hardware_i 942.6011783177927 43.371951253405435 31.25 AB 3.5321605593300958 1.077535252998809
62765.3982 lsst_hardware_z 809.4571246541936 58.61104423572357 30.969999313354492 AB 3.587886971034128 1.094535378594914
62767.3852 lsst_hardware_r 502.56675772665795 32.287862544290526 31.489999771118164 AB 1.5365648093646602 1.0837414900889404
62767.3973 lsst_hardware_u 0.7185926840771926 8.859775915205171 29.1299991607666 AB 1.5870822007314713 1.101885351121291
62772.3661 lsst_hardware_r 415.1043154064197 29.351676001004474 31.469999313354492 AB 5.066297695810909 1.076961831495189
62772.3782 lsst_hardware_z 687.9588582833443 48.867956756510715 30.940000534057617 AB 4.372704094406259 1.0931760236015649
62774.3706 lsst_hardware_r 365.5399330650783 28.798749791536427 31.469999313354492 AB 3.54122835575776 1.0900000069023708
62774.3814 lsst_hardware_u 1.3668622822482233 3.899519681642118 28.559999465942383 AB 3.4541187009062626 1.1074442773024247
62781.3644 lsst_hardware_z 572.733932794756 47.542765474505245 30.940000534057617 AB 4.000592688930284 1.1112757469250787
62781.3765 lsst_hardware_r 295.8909991349312 28.229477944104417 31.489999771118164 AB 4.411305297113523 1.1360315806889647
62787.3366 lsst_hardware_r 120.65124546784759 77.9774785232943 31.639999389648438 AB 5.9900119196501524 1.092204203424935
62787.3484 lsst_hardware_y 175.29349845653627 54.07204029347866 30.030000686645508 AB 6.066427622625072 1.111983800316208
62789.3375 lsst_hardware_z 339.63050492296134 54.72040951393748 30.959999084472656 AB 6.503771873977714 1.102334215928426
62789.3486 lsst_hardware_r 151.7889470911505 60.10136390736284 31.610000610351562 AB 6.619701854171226 1.1230302577269022
62793.3264 lsst_hardware_r 255.3780399123919 34.53524284438334 31.559999465942383 AB 4.1877266948580365 1.102033340752115
62793.3381 lsst_hardware_z 367.769219333583 47.45969167105707 30.950000762939453 AB 4.326432491014555 1.1238946593101844
62794.131 lsst_hardware_i 883.7388994322272 62.664370325081144 32.400001525878906 AB 4.365869427174182 1.3027261071733567
62794.147 lsst_hardware_z 267.9030838605406 46.99138116196606 30.93000030517578 AB 4.0922270144344255 1.2375686535586432
62796.3229 lsst_hardware_r 175.05496039979047 26.56651988893686 31.479999542236328 AB 2.7980759504452863 1.1102741685517967
62796.3336 lsst_hardware_z 333.44050042025617 45.71392830201999 30.940000534057617 AB 3.5182354743242406 1.1317202973300606
62799.3191 lsst_hardware_r 172.47977658448227 25.706614155545125 31.469999313354492 AB 4.242368176287939 1.1186204815525522
62799.3302 lsst_hardware_u 0.466156809507467 2.616838910263125 28.350000381469727 AB 4.331982501703436 1.1425762142656142
62801.3212 lsst_hardware_g 33.90263537132248 14.046866037681433 31.360000610351562 AB 3.5841066539359385 1.1344802259827296
62801.33 lsst_hardware_r 145.0689594577353 25.776452027211942 31.469999313354492 AB 3.5830130535673472 1.1554379405246658
62803.3206 lsst_hardware_i 264.84130208130836 34.84114619346663 31.239999771118164 AB 3.493089774786193 1.1457135870943616
62803.3308 lsst_hardware_z 295.61097933503635 46.04319844186485 30.940000534057617 AB 3.5254458434599414 1.1720881620635621
62807.3081 lsst_hardware_z -3.6495104388949824 42.04999923706055 30.940000534057617 AB 3.4285894529819383 1.1419749482564465
62807.3192 lsst_hardware_r 8.313636186225592 22.079999923706055 31.459999084472656 AB 3.5082938170883184 1.1702114133051376
62813.257 lsst_hardware_z 101.80622953338438 162.64999389648438 33.2400016784668 AB 5.5709249053483125 1.0804043387449052
62817.2541 lsst_hardware_z -16.778894359939034 56.36000061035156 30.969999313354492 AB 4.474477439874677 1.0913359609450433
62817.2644 lsst_hardware_r 7.231444540684235 74.54000091552734 31.639999389648438 AB 4.543516512478632 1.10817475914113
62819.1777 lsst_hardware_r 23.01719082613744 51.91999816894531 31.6299991607666 AB 4.237069884647619 1.0543909131884084
62819.1892 lsst_hardware_i -13.503528141750008 46.09000015258789 31.309999465942383 AB 4.259216137262403 1.051571756381138
62822.2404 lsst_hardware_z 28.157255931162084 44.0 30.950000762939453 AB 6.1101861068005565 1.0912670528591557
62822.252 lsst_hardware_i -28.397671485613635 36.34000015258789 31.260000228881836 AB 4.494348850065426 1.1104469239166757
62827.17 lsst_hardware_i 6.162721253261412 29.59000015258789 31.239999771118164 AB 3.986913683644755 1.0514012878810008
62829.2433 lsst_hardware_g -6.091089002831707 12.75 31.350000381469727 AB 8.515772015300648 1.1313007360164227
62829.2557 lsst_hardware_r 33.311447125352174 21.989999771118164 31.459999084472656 AB 10.159122584572657 1.160998352585348
62831.2305 lsst_hardware_i -41.680444317854146 30.209999084472656 31.229999542236328 AB 5.900242622756159 1.1162369773462701
62831.2427 lsst_hardware_z 14.219441060442215 41.93000030517578 30.93000030517578 AB 6.034516016796487 1.1422877906672215
62833.2408 lsst_hardware_i 1.9086891737973648 30.65999984741211 31.229999542236328 AB 4.571820873452376 1.150867431957624
62833.2524 lsst_hardware_u -4.527651566953845 2.5899999141693115 28.350000381469727 AB 5.213969560213186 1.1821049844614149
62835.1851 lsst_hardware_r -52.80060533260952 21.670000076293945 31.489999771118164 AB 4.777194236821422 1.067608962340803
62836.0859 lsst_hardware_g 3.3931932754746925 20.90999984741211 31.540000915527344 AB 9.76227517746453 1.0996339362411118
62836.0961 lsst_hardware_r 34.678856453384654 26.43000030517578 31.520000457763672 AB 9.649893081318204 1.0844708882441032
62838.1825 lsst_hardware_i 40.9878048979065 36.88999938964844 31.280000686645508 AB 6.859015362607509 1.0731812609665614
62838.1937 lsst_hardware_z 35.582612988017104 44.279998779296875 30.950000762939453 AB 6.938583045747157 1.0869553299318844
62844.1721 lsst_hardware_z 48.410059334610324 60.27000045776367 30.989999771118164 AB 6.54460220029219 1.0801010356549392
62844.1856 lsst_hardware_i 113.82584547267096 66.79000091552734 31.329999923706055 AB 6.628503331517156 1.0994822030300073
62849.1089 lsst_hardware_z -15.912494620169815 45.119998931884766 30.959999084472656 AB 7.7513570301104995 1.0514591739162222
62849.1234 lsst_hardware_r -3.6854463191275615 39.900001525878906 31.600000381469727 AB 7.770730542776624 1.0532656355632306
62853.1023 lsst_hardware_r 35.94368897738775 21.59000015258789 31.489999771118164 AB 4.095371789244204 1.0514433348506076
62853.1164 lsst_hardware_i -19.9621772164929 29.860000610351562 31.239999771118164 AB 4.032365025637339 1.0546726309426344
62855.1061 lsst_hardware_z 11.24183582954616 40.900001525878906 30.950000762939453 AB 3.567464590021433 1.0529965583630712
62855.1185 lsst_hardware_r 4.293870985281678 21.639999389648438 31.489999771118164 AB 3.5344957767681557 1.0584963643925953
62858.103 lsst_hardware_u 0.21733830919058506 2.630000114440918 28.440000534057617 AB 4.522717596948954 1.054779242884714
62858.1164 lsst_hardware_r 24.99003705619985 21.59000015258789 31.479999542236328 AB 4.5106288598938304 1.062657969191259
62860.1038 lsst_hardware_i 4.015344834931988 29.8799991607666 31.25 AB 6.3779660489559955 1.0578812487902345
62860.1157 lsst_hardware_z -43.73660512368586 41.13999938964844 30.950000762939453 AB 6.445418864216611 1.0665925639941438
62865.0826 lsst_hardware_y -14.339108527477094 47.15999984741211 30.040000915527344 AB 8.84251005548575 1.0542695400389814
62865.0954 lsst_hardware_g 2.485304731185862 17.25 31.510000228881836 AB 7.867362122604846 1.0612687500984528
62866.0856 lsst_hardware_r -48.20519163366362 28.5 31.559999465942383 AB 7.851295285030703 1.056879728760609
62866.0993 lsst_hardware_i 1.7690753712901952 33.29999923706055 31.270000457763672 AB 7.947889466761683 1.0665802619199092
62868.0874 lsst_hardware_z 43.629178068385464 45.279998779296875 30.950000762939453 AB 5.376824543660474 1.0614074014036368
62868.0991 lsst_hardware_r -18.6874997281216 40.13999938964844 31.600000381469727 AB 5.44015240870727 1.0716344742848953
62870.0828 lsst_hardware_z 86.28998766733191 49.22999954223633 30.959999084472656 AB 2.360111001213379 1.062036675087582
62870.094 lsst_hardware_r -33.675414941218044 54.16999816894531 31.6299991607666 AB 2.4656230256965066 1.0720100111723943
62872.0818 lsst_hardware_i -14.150460381332527 54.95000076293945 31.31999969482422 AB 10.415241057153304 1.0656068198438018
62872.0956 lsst_hardware_z 19.103471398730182 53.52000045776367 30.969999313354492 AB 9.262140740403552 1.080059557511565
63111.2996 lsst_hardware_y -103.60407311826238 120.62000274658203 31.75 AB 3.085525304595613 1.170792210439442
63117.4007 lsst_hardware_r 44.75306770357885 33.099998474121094 31.579999923706055 AB 2.4065982519924134 1.0586209319614723
63117.4124 lsst_hardware_z -0.6694805863997934 61.470001220703125 30.979999542236328 AB 2.4310380722264435 1.067571428921808
63119.3695 lsst_hardware_g 13.446142207832178 17.760000228881836 31.520000457763672 AB 3.760422241456023 1.051376209167574
63119.3806 lsst_hardware_i 27.35934494069629 30.8799991607666 31.25 AB 2.37130882668909 1.0524338309146046
63122.3985 lsst_hardware_z 1.3838600712315159 42.59000015258789 30.950000762939453 AB 2.1613685849543613 1.0673425110885735
63122.4093 lsst_hardware_r -15.691283318654811 34.560001373291016 31.579999923706055 AB 2.1901590359802867 1.0788075047928511
63124.3164 lsst_hardware_r -1.2072514136830261 21.610000610351562 31.479999542236328 AB 1.9019288822623555 1.0731214306540153
63124.3272 lsst_hardware_u 1.0160646712183867 2.6500000953674316 28.450000762939453 AB 1.9109635138068761 1.0631229562207933
63126.399 lsst_hardware_r 14.232793234845701 24.030000686645508 31.510000228881836 AB 0.7556952028648116 1.0795645755211596
63129.3798 lsst_hardware_i -17.959263116818505 29.950000762939453 31.25 AB 6.084941781096799 1.067720965274048
63129.3915 lsst_hardware_z -48.5236528852465 42.290000915527344 30.950000762939453 AB 6.211515267675485 1.080420107437394
63131.3295 lsst_hardware_r 15.600356916717391 30.190000534057617 32.220001220703125 AB 2.0405383051090324 1.0523663254817084
63131.35 lsst_hardware_u -1.3688735286127156 2.5 28.329999923706055 AB 1.579506672579308 1.0530044483862053
63133.3916 lsst_hardware_g 10.438435321627033 17.200000762939453 31.489999771118164 AB 4.137700377597644 1.0959344133486915
63137.3709 lsst_hardware_r -13.214403424573032 21.739999771118164 31.479999542236328 AB 5.154340964480299 1.0819923305128594
63137.3839 lsst_hardware_z 0.36301498618262745 42.779998779296875 30.940000534057617 AB 4.404593756341976 1.101148439085494
63140.3024 lsst_hardware_r 37.76689156462186 86.19999694824219 31.649999618530273 AB 4.693339935079041 1.0530266850077354
63140.315 lsst_hardware_y -44.04005291750198 53.130001068115234 30.049999237060547 AB 4.726890331971121 1.051354611203638
63147.3519 lsst_hardware_z 25.263534461481527 43.310001373291016 30.950000762939453 AB 4.87184267575204 1.0936492088636192
63147.3636 lsst_hardware_g 27.081018125058733 27.40999984741211 31.600000381469727 AB 4.992605981342955 1.113592412195249
63151.3369 lsst_hardware_r 6.483927683871781 21.889999389648438 31.469999313354492 AB 5.99234824165562 1.0876721154990039
63151.3486 lsst_hardware_u 3.5886085683741036 2.509999990463257 28.280000686645508 AB 6.0899500228470345 1.1061574830346081
63153.3381 lsst_hardware_g -2.2810557689624646 12.760000228881836 31.360000610351562 AB 5.9275193670557424 1.0976887716769892
63153.3513 lsst_hardware_r 8.843380237109635 21.84000015258789 31.459999084472656 AB 6.056463528252004 1.1215673200466674
63155.3369 lsst_hardware_i 17.690535562525895 30.459999084472656 31.239999771118164 AB 8.070180467284873 1.104797910096512
63155.3477 lsst_hardware_z -77.72384905727195 42.18000030517578 30.940000534057617 AB 8.225341551182755 1.1253845031091367
63157.3403 lsst_hardware_r -2.6184178504040023 21.8700008392334 31.459999084472656 AB 7.320463391112834 1.1214088299401412
63157.352 lsst_hardware_u 3.8801402168879586 2.559999942779541 28.31999969482422 AB 7.478788371170431 1.147346720200106
63159.3226 lsst_hardware_u -2.3426863944570786 2.5799999237060547 28.360000610351562 AB 1.3057497256670976 1.0991159306967846
63159.3334 lsst_hardware_g 2.633520790857702 12.869999885559082 31.360000610351562 AB 0.7494209523980161 1.118538734923794
63161.3228 lsst_hardware_r -59.66384404516657 21.860000610351562 31.469999313354492 AB 2.8701339986107963 1.1088377059115906
63161.334 lsst_hardware_z 1.8447606112218884 42.18000030517578 30.940000534057617 AB 3.6095965037779267 1.1310917363973134
63163.2807 lsst_hardware_i 30.034433787721554 29.969999313354492 31.25 AB 3.1583233285131356 1.0624545846085902
63163.292 lsst_hardware_r 32.08155875246006 21.649999618530273 31.479999542236328 AB 3.4981484421765674 1.0727226133629462
63165.2196 lsst_hardware_z -82.83736085548821 67.72000122070312 31.719999313354492 AB 1.3127209105437896 1.0599993894448525
63170.3112 lsst_hardware_z -34.29424478373504 61.52000045776367 30.969999313354492 AB 3.902320370284328 1.135000350075358
63170.3215 lsst_hardware_i -8.232412873928313 67.66000366210938 31.299999237060547 AB 3.9859993894112065 1.1599008844495755
63181.2568 lsst_hardware_r 8.041458351468426 21.65999984741211 31.469999313354492 AB 1.8646396100916227 1.090273123865419
63181.2702 lsst_hardware_i 3.6241320443883396 30.209999084472656 31.229999542236328 AB 1.8417025537568021 1.112531117295828
63183.2554 lsst_hardware_z -41.33638966364382 41.59000015258789 30.940000534057617 AB 4.89816831391573 1.096441198458874
63183.267 lsst_hardware_u -1.2388300763098976 2.5399999618530273 28.329999923706055 AB 5.016846411714678 1.1168402519401468
63186.257 lsst_hardware_g -6.099784517739297 12.880000114440918 31.3700008392334 AB 6.521911724137432 1.1133817121142815
63186.268 lsst_hardware_r 41.62701062375064 22.010000228881836 31.469999313354492 AB 6.745922685803731 1.1360956052087754
63187.2568 lsst_hardware_i -33.76241239199614 30.309999465942383 31.239999771118164 AB 4.508233790083748 1.118252211356447
63187.2704 lsst_hardware_z 17.83491578745989 42.119998931884766 30.940000534057617 AB 4.629554960953534 1.1481081989633701
63189.2406 lsst_hardware_z -7.375567907856739 41.61000061035156 30.940000534057617 AB 5.851068124798594 1.0989813191251154
63189.253 lsst_hardware_i 15.636010973570354 30.43000030517578 31.229999542236328 AB 5.873064026031934 1.1215628809378855
63191.1007 lsst_hardware_z -19.672171239138088 60.79999923706055 31.700000762939453 AB 3.731543435580649 1.1239588661385396
63191.1091 lsst_hardware_r 9.389917448905798 39.150001525878906 32.290000915527344 AB 3.7211484256029497 1.1078143571307717
63193.2352 lsst_hardware_r 8.680507804820477 30.389999389648438 31.540000915527344 AB 6.8525482186942215 1.1084379616683828
63193.2473 lsst_hardware_i 8.036429038269144 30.420000076293945 31.219999313354492 AB 6.9762509891958935 1.1325695636986297
63197.1608 lsst_hardware_r -33.414266592669144 77.6500015258789 31.649999618530273 AB 3.7852000527551106 1.0514444590986418
63197.1741 lsst_hardware_z -81.90244832444537 57.5099983215332 30.969999313354492 AB 3.732108129707817 1.0545160714972277
63199.2343 lsst_hardware_i 54.202609218810075 68.29000091552734 31.309999465942383 AB 5.71182987560017 1.140199595887847
63199.2458 lsst_hardware_z -39.90079134139298 62.52000045776367 30.969999313354492 AB 5.928505899753144 1.1692152449960396
63201.1862 lsst_hardware_i -24.206367862055647 55.650001525878906 31.309999465942383 AB 8.305111597519163 1.070625749784889
63201.1984 lsst_hardware_z -31.04484851548792 54.060001373291016 30.969999313354492 AB 8.426642667974402 1.0849638095695193
63206.2052 lsst_hardware_g -30.648505146466515 24.309999465942383 31.579999923706055 AB 5.817811033116987 1.118809814060959
63206.2169 lsst_hardware_r -31.894328346780846 31.940000534057617 31.549999237060547 AB 6.081524146948877 1.1442190304702224
63208.1193 lsst_hardware_r 39.86281980259197 30.260000228881836 32.220001220703125 AB 4.015669508122101 1.0523932406793162
63208.1341 lsst_hardware_i -23.00816924891421 41.970001220703125 31.989999771118164 AB 3.891656044167149 1.051798930855986
63213.121 lsst_hardware_u -0.4117378641481941 2.569999933242798 28.389999389648438 AB 12.60686107864372 1.051886614822171
63213.134 lsst_hardware_r -1.6465779730459842 21.5 31.479999542236328 AB 10.916632845310177 1.056124688754431
63216.1011 lsst_hardware_g 9.110466395899005 12.739999771118164 31.3799991607666 AB 10.614356920783065 1.0517369819970748
63216.1132 lsst_hardware_i 15.55446462895072 29.6200008392334 31.239999771118164 AB 10.62225729733557 1.0519528132495937
63218.106 lsst_hardware_z 22.947183646113988 40.880001068115234 30.950000762939453 AB 4.183993058667498 1.0516949456220552
63218.1201 lsst_hardware_r 24.008180770841278 21.559999465942383 31.479999542236328 AB 4.125463039338761 1.0560058974416624
63220.1007 lsst_hardware_y -43.736225476369114 47.22999954223633 30.040000915527344 AB 3.505721806070649 1.0517165418210315
63220.1134 lsst_hardware_g -22.244995313107143 19.670000076293945 31.549999237060547 AB 3.4745458524518584 1.0554246356009556
63222.0982 lsst_hardware_r -19.13933835336025 38.040000915527344 31.600000381469727 AB 4.196236553461606 1.0522157857223509
63222.1116 lsst_hardware_i 25.753186774342602 37.939998626708984 31.280000686645508 AB 4.268511402280059 1.0572600897325115
63224.1054 lsst_hardware_z 51.39901999239549 49.04999923706055 30.959999084472656 AB 6.516969803340951 1.0568630417873133
63224.1184 lsst_hardware_r 37.94158684981049 53.099998474121094 31.6200008392334 AB 6.5621582690459626 1.0659487672056684
63226.101 lsst_hardware_z 48.519096948135264 54.130001068115234 30.979999542236328 AB 7.973979657647472 1.0574401137337066
63226.1133 lsst_hardware_r -34.36838725663425 68.55000305175781 31.639999389648438 AB 8.084517406002371 1.0662659655111113
