data/validation/pwv_sim_epoch_fit_seasonal/40307854.ecsv
# %ECSV 0.9
# ---
# datatype:
# - {name: time, datatype: float64}
# - {name: band, datatype: string}
# - {name: flux, datatype: float64}
# - {name: fluxerr, datatype: float64}
# - {name: zp, datatype: float64}
# - {name: zpsys, datatype: string}
# - {name: pwv, datatype: float64}
# - {name: airmass, datatype: float64}
# meta: {SNID: '40307854', alt: 1024.0, c: 0.04766163229942322, dec: -4.031936, lat: -30.244573, lon: -70.7499537, ra: 59.0625, t0: 59842.1015625,
#   x0: 2.2856171181660863e-05, x1: 1.0746904611587524, z: 0.32404762506484985}
# schema: astropy-2.0
time band flux fluxerr zp zpsys pwv airmass
59843.3748 lsst_hardware_z 3645.4179493162897 73.29562968374428 30.950000762939453 AB 2.665443738557385 1.119463980915359
59843.3939 lsst_hardware_y 962.9927064015212 59.50057064606556 30.020000457763672 AB 3.3930795783206573 1.1389995227662495
59845.3389 lsst_hardware_i 5533.377002401952 81.24479342178613 31.239999771118164 AB 1.958114394983619 1.121057859723446
59845.3585 lsst_hardware_u 24.952323479009717 5.883374509606891 28.40999984741211 AB 1.9822335594650156 1.115494406001697
59851.3071 lsst_hardware_i 5407.661135213046 78.0714533245322 31.239999771118164 AB 6.809827882116739 1.1372299787828724
59851.3258 lsst_hardware_r 5880.534528223804 79.97315548170211 31.489999771118164 AB 6.63003088510604 1.118976816377723
59854.2777 lsst_hardware_u 8.824064296330413 4.395792301851698 28.450000762939453 AB 4.325856959972197 1.177985420375028
59854.3074 lsst_hardware_g 2313.8980337729986 50.67342121865376 31.40999984741211 AB 3.5939173333261003 1.1270025870832467
59857.3328 lsst_hardware_r 4444.72620104857 70.95635352630447 31.489999771118164 AB 7.739765735441997 1.1175077766517545
59857.3523 lsst_hardware_i 4360.867673763651 71.61940002552416 31.239999771118164 AB 8.620984298320362 1.1343400392526792
59861.3278 lsst_hardware_z 4287.633751250592 117.13350390588222 31.729999542236328 AB 3.0549630066292672 1.1208474051289083
59863.3235 lsst_hardware_r 3469.0489024819403 132.20437949790272 31.639999389648438 AB 5.061580323729557 1.1216798501339738
59863.3414 lsst_hardware_z 2213.5802658911894 93.17591324672378 30.979999542236328 AB 4.9307465422035905 1.14216968779328
59866.2915 lsst_hardware_i 3237.0467947268976 85.06793539167793 31.309999465942383 AB 6.413862643054037 1.1161823176948509
59866.3098 lsst_hardware_r 3119.4990401153227 92.3440837982108 31.6299991607666 AB 5.636328767122848 1.1182452418073237
59868.2876 lsst_hardware_z 1964.8463157197782 64.79967361861237 30.959999084472656 AB 8.125265333185132 1.1158013366087793
59868.305 lsst_hardware_g 910.7827167161062 50.89211067699947 31.670000076293945 AB 7.830855980693332 1.1185871794152606
59870.2925 lsst_hardware_r 2056.0326254161855 53.016263571025036 31.530000686645508 AB 6.91711459420216 1.1159036235001003
59870.3095 lsst_hardware_i 2859.119513294328 63.02310548011112 31.260000228881836 AB 6.876427505180382 1.1260525390579228
59872.2817 lsst_hardware_z 2063.643912114233 61.531578784247884 30.950000762939453 AB 1.3361055194347788 1.1152800663061593
59872.2991 lsst_hardware_r 1766.94466634247 48.49183965410599 31.5 AB 1.4056238959660294 1.1218067805001803
59878.2815 lsst_hardware_r 1431.2587898489014 43.46225598304821 31.5 AB 1.5692918927705184 1.1209227805503703
59878.2973 lsst_hardware_u 8.599062151108205 3.083331058495839 28.469999313354492 AB 1.570505751585706 1.1374981300717328
59880.2502 lsst_hardware_u 5.820402495198922 3.146234385255098 28.520000457763672 AB 2.485569911527664 1.117235604687117
59880.2682 lsst_hardware_g 326.2356290013546 22.864513432924273 31.440000534057617 AB 2.502717062056516 1.1167858375977313
59882.2039 lsst_hardware_r 1010.6118832962574 41.057921152559864 31.5 AB 6.1049871427267 1.171632639980722
59882.22 lsst_hardware_i 2011.6405555582942 55.831066323089374 31.260000228881836 AB 6.028089454421017 1.1408193517069645
59884.24 lsst_hardware_i 1936.2471760663702 54.87535494993166 31.260000228881836 AB 5.474178076641117 1.1169512500798033
59884.2591 lsst_hardware_z 1652.302650252637 58.29706416807371 30.950000762939453 AB 5.602821428034819 1.1175097589325482
59886.2386 lsst_hardware_i 1906.2454786744765 59.36778678814189 31.290000915527344 AB 5.125560234608014 1.1157682143363632
59886.2586 lsst_hardware_z 1462.5294720081572 60.04616280005304 30.959999084472656 AB 5.939061050123882 1.1202076767339082
59895.2348 lsst_hardware_g 356.94373902750044 72.04953747882065 31.690000534057617 AB 7.733906427680274 1.1207206512760566
59895.2521 lsst_hardware_r 799.3858636833495 75.98109527619128 31.6200008392334 AB 4.670880254464852 1.139239086454842
59897.2344 lsst_hardware_i 1295.8890633852552 54.88471703822234 31.290000915527344 AB 8.17466614228761 1.1247476805568122
59897.2529 lsst_hardware_r 767.7866920575599 52.60798733665844 31.600000381469727 AB 6.539836424562153 1.1493561378843853
59900.2223 lsst_hardware_z 882.1753105299715 51.04122934094591 30.940000534057617 AB 6.187333756154055 1.1215371903238904
59900.242 lsst_hardware_u -1.689417465953453 3.361628247585861 28.329999923706055 AB 6.253744050732678 1.144745387283622
59902.2172 lsst_hardware_g 193.6523064309307 19.778709700643958 31.399999618530273 AB 5.949490517326765 1.1218045662914615
59902.2386 lsst_hardware_r 570.1437550339207 33.73439264759931 31.469999313354492 AB 6.087950979648208 1.1482186523501756
59904.2186 lsst_hardware_i 1029.8928694893934 44.646272195641515 31.239999771118164 AB 3.7196590465068495 1.1279954653175506
59904.2385 lsst_hardware_z 706.2181850233776 50.77645008878902 30.940000534057617 AB 3.8084793486437407 1.1582379285245945
59906.2169 lsst_hardware_i 1002.62679341058 44.29736904619714 31.239999771118164 AB 7.008834016215041 1.1322833628779978
59906.2367 lsst_hardware_u 5.121853576027863 3.0111431354190454 28.350000381469727 AB 7.168458701890856 1.1659190081687485
59910.189 lsst_hardware_r 26.741687066882573 23.549999237060547 31.489999771118164 AB 4.007229054177323 1.1179065128471681
59910.2082 lsst_hardware_i 52.588597529604705 31.639999389648438 31.239999771118164 AB 4.0561592129289945 1.1351191827228306
59912.1968 lsst_hardware_z 75.39490640283007 60.13999938964844 31.700000762939453 AB 4.918621995011398 1.1280380693397136
59916.1897 lsst_hardware_i -31.53629188895601 52.08000183105469 31.299999237060547 AB 7.2370095851097895 1.1324076949397404
59916.2089 lsst_hardware_z 43.00819058207519 53.900001525878906 30.959999084472656 AB 7.3370236504476924 1.1648333296783777
59918.1721 lsst_hardware_i -21.55305779368436 76.51000213623047 31.31999969482422 AB 2.684362819790052 1.1207805517372613
59918.1878 lsst_hardware_z -48.147567450968296 69.08999633789062 30.979999542236328 AB 2.824227393041219 1.1370819901521472
59920.1847 lsst_hardware_z -34.28020958829719 87.12000274658203 30.989999771118164 AB 4.579515755248906 1.1405069953301277
59920.204 lsst_hardware_r 7.845204616745719 130.0800018310547 31.6299991607666 AB 4.799896139189137 1.1788529199808389
59924.1656 lsst_hardware_z -132.75894064516987 78.37999725341797 31.719999313354492 AB 10.818326888743053 1.1297432157488547
59927.1528 lsst_hardware_g 109.01279640283671 92.0 31.690000534057617 AB 8.074003127697232 1.1250222075030107
59927.1702 lsst_hardware_r -71.29132101270906 87.58999633789062 31.6299991607666 AB 8.724543476544428 1.1479662469137406
59929.1501 lsst_hardware_i 141.00155871536552 90.93000030517578 31.329999923706055 AB 11.499078125821592 1.1277348112170003
59929.1695 lsst_hardware_z -12.36367699427176 107.56999969482422 30.989999771118164 AB 11.909316886151723 1.1567594056315198
59931.106 lsst_hardware_i 113.5645059358309 91.05999755859375 31.329999923706055 AB 4.454836029595116 1.1197744523487116
59931.1265 lsst_hardware_u -16.43604242150452 28.280000686645508 29.450000762939453 AB 3.330851609264433 1.1160189672250809
59933.1141 lsst_hardware_g 28.85049770958065 92.66000366210938 31.709999084472656 AB 3.7519941455133914 1.1152818862066063
59933.1343 lsst_hardware_r -117.29022190563221 88.12999725341797 31.639999389648438 AB 3.420329542112023 1.1231687191895652
59935.0868 lsst_hardware_r -76.79290275095433 87.97000122070312 31.639999389648438 AB 4.473422159167073 1.1264282757681063
59935.1072 lsst_hardware_i -19.939332452499457 90.94999694824219 31.329999923706055 AB 4.547796414226506 1.1153849936786095
59939.0877 lsst_hardware_g 88.8221513428166 92.22000122070312 31.700000762939453 AB 8.449448024082276 1.1178366825311428
59939.1079 lsst_hardware_r -132.3208553463739 87.91999816894531 31.6299991607666 AB 8.399398565606496 1.1170650868588936
59942.08 lsst_hardware_i -169.60845955029924 91.13999938964844 31.329999923706055 AB 9.27393117470625 1.1176104090994148
59942.1021 lsst_hardware_z 56.20234482980925 107.95999908447266 31.0 AB 8.385948507240586 1.1181264676320781
59944.0852 lsst_hardware_i 131.2550599532434 91.0199966430664 31.329999923706055 AB 8.334609579655595 1.1152590345105
59944.1058 lsst_hardware_z 78.10762784676636 107.88999938964844 31.0 AB 8.420448839585335 1.1244882101405052
59946.0826 lsst_hardware_z 77.96568700114489 107.76000213623047 30.989999771118164 AB 7.686204964787478 1.1154515719022076
59946.1045 lsst_hardware_r 61.61119856592465 87.80000305175781 31.6299991607666 AB 5.677980545183901 1.1285987964984896
59948.0473 lsst_hardware_y -21.791767579295048 113.0 30.040000915527344 AB 2.532283466441603 1.130736086823665
59948.0701 lsst_hardware_i 0.6719816386185283 90.81999969482422 31.31999969482422 AB 2.501177198846742 1.115600891546272
59950.0576 lsst_hardware_z -38.32256375300847 152.2100067138672 31.739999771118164 AB 10.893952351259626 1.1178634920570147
59952.048 lsst_hardware_y 67.4642062980627 113.69000244140625 30.049999237060547 AB 9.386336584231975 1.1201881533827074
59952.0699 lsst_hardware_r -61.024410018726215 88.16999816894531 31.639999389648438 AB 9.228006098424084 1.1162122953127198
59954.0448 lsst_hardware_y 120.1242766906175 113.5199966430664 30.049999237060547 AB 10.088079867503522 1.1188258633090766
59954.0668 lsst_hardware_z 29.22796643588352 107.7699966430664 30.989999771118164 AB 10.098846275276442 1.1170054502020161
59958.0403 lsst_hardware_y -263.2960583635399 113.76000213623047 30.059999465942383 AB 7.031797295397845 1.1161583008568008
59958.0605 lsst_hardware_r -22.858641734846834 88.08999633789062 31.639999389648438 AB 7.320180958428289 1.1192509397084651
60187.3898 lsst_hardware_z -73.5532513877366 107.69999694824219 30.989999771118164 AB 5.4378907830752965 1.1334842695310674
60187.4078 lsst_hardware_y -82.11498282520726 113.72000122070312 30.049999237060547 AB 5.332877699549553 1.1179060598233503
60192.3391 lsst_hardware_i 23.211473252468167 90.18000030517578 31.309999465942383 AB 1.4842135168374355 1.215074512351564
60192.3555 lsst_hardware_y -173.05665583663773 112.73999786376953 30.040000915527344 AB 1.4288003075743572 1.1699490747794123
60195.3557 lsst_hardware_i -0.15072598194074519 90.73999786376953 31.31999969482422 AB 3.3947534381291464 1.1525871790842996
60195.3647 lsst_hardware_y -21.95631889732176 113.41000366210938 30.049999237060547 AB 3.402222105580568 1.1378669249433337
60196.3774 lsst_hardware_u -1.5312586261709311 28.170000076293945 29.440000534057617 AB 4.024943540319237 1.1213884628597162
60196.396 lsst_hardware_z 45.752974848788 107.83000183105469 30.989999771118164 AB 4.002536789297477 1.1153787903852521
60199.381 lsst_hardware_r 21.322110437950013 87.91999816894531 31.6299991607666 AB 3.4455949189858424 1.1158616890978061
60199.3994 lsst_hardware_y 159.49183116935464 113.37000274658203 30.049999237060547 AB 3.464010703296697 1.1191074854501497
60201.3785 lsst_hardware_z -23.106624106387258 107.95999908447266 31.0 AB 1.3509472347752567 1.115409853949572
60201.3954 lsst_hardware_y 172.2310265104534 113.79000091552734 30.059999465942383 AB 1.3620909758309225 1.1199870981204385
60206.3467 lsst_hardware_i 104.95955954796986 90.98999786376953 31.329999923706055 AB 6.066412110812858 1.1241035412249285
60206.3665 lsst_hardware_y -213.11433918234104 113.72000122070312 30.049999237060547 AB 5.864723114225856 1.1153197681570566
60209.3651 lsst_hardware_r -145.12300054237394 87.9000015258789 31.6299991607666 AB 1.7378754242662244 1.1161691870688661
60209.3869 lsst_hardware_i 189.41881225390702 90.62999725341797 31.31999969482422 AB 1.5853156002175164 1.1323682858696547
60211.3012 lsst_hardware_z -87.10769429623915 107.31999969482422 30.979999542236328 AB 5.125222674019835 1.1756670825270588
60211.3177 lsst_hardware_u 52.47691055396153 27.729999542236328 29.399999618530273 AB 5.074122945677543 1.1428419329968742
60215.3014 lsst_hardware_z -39.38028086221724 107.55999755859375 30.989999771118164 AB 4.316277716744964 1.1520314190601075
60215.3206 lsst_hardware_r -84.8214883955458 87.97000122070312 31.639999389648438 AB 4.221905842963727 1.1254914052420295
60221.2949 lsst_hardware_i -132.35681504454718 90.68000030517578 31.31999969482422 AB 3.0300178055420854 1.1362211701668465
60221.318 lsst_hardware_z -62.42708945027768 107.69999694824219 30.989999771118164 AB 2.991307388607433 1.116680313059367
60223.3363 lsst_hardware_g -94.83352411837188 92.30000305175781 31.700000762939453 AB 7.007592952298634 1.1206172098557656
60223.3567 lsst_hardware_r 48.08161998004587 87.76000213623047 31.6299991607666 AB 7.059569425579206 1.1437131511671457
60226.2714 lsst_hardware_i 81.82171814713053 90.54000091552734 31.31999969482422 AB 2.962873754109907 1.1519726882231365
60226.2895 lsst_hardware_r -19.582677258211064 87.87999725341797 31.6299991607666 AB 2.9022953541760215 1.126521679716401
60232.2554 lsst_hardware_i 57.575519968701464 90.68000030517578 31.31999969482422 AB 7.290640553147831 1.1512749583874577
60232.2771 lsst_hardware_z 139.17700824922406 107.76000213623047 30.989999771118164 AB 7.131771265157798 1.1229367446319214
60236.3015 lsst_hardware_i -29.83879166562834 91.02999877929688 31.329999923706055 AB 4.260155021390512 1.1210934266817136
60236.3193 lsst_hardware_u 1.9095476176456996 28.079999923706055 29.43000030517578 AB 4.334805053349624 1.1407381719341116
60238.2818 lsst_hardware_g 112.62577877993468 92.63999938964844 31.709999084472656 AB 2.2132658143338615 1.1154168145818202
60238.3004 lsst_hardware_r 17.817509115151783 88.04000091552734 31.639999389648438 AB 2.6051084600233567 1.1245881545535248
60242.2853 lsst_hardware_z -151.46714646117314 152.3000030517578 31.739999771118164 AB 4.260641737860757 1.1212215099633571
60244.2791 lsst_hardware_r -150.43593455399838 87.94000244140625 31.6299991607666 AB 3.689174089156068 1.1207050040472433
60244.2965 lsst_hardware_i 82.16490052264028 90.66999816894531 31.31999969482422 AB 3.5942351209284267 1.1393090168565094
60246.2477 lsst_hardware_i -118.93071405664985 90.9000015258789 31.31999969482422 AB 3.6677051063829142 1.1174646137357176
60246.2641 lsst_hardware_z -34.130188764948024 107.79000091552734 30.989999771118164 AB 2.9180398259122033 1.1161697663823293
60248.2508 lsst_hardware_i -22.017470056666372 90.8499984741211 31.31999969482422 AB 4.23836122005065 1.1153582158028026
60248.2682 lsst_hardware_z -0.7236040420374171 107.58000183105469 30.989999771118164 AB 4.258727721645748 1.1207178214857232
60250.198 lsst_hardware_z -151.75827314233769 107.4800033569336 30.989999771118164 AB 4.108231174154135 1.1680236474955639
60250.216 lsst_hardware_g 148.66507812210503 92.22000122070312 31.700000762939453 AB 4.997137519843985 1.1358421456629129
60260.2366 lsst_hardware_r 3.4090953525179417 87.83000183105469 31.6299991607666 AB 7.670384503648743 1.1215378828291083
60260.2538 lsst_hardware_i 69.85026501256411 90.61000061035156 31.31999969482422 AB 4.677160963144239 1.1407709666205461
60273.1844 lsst_hardware_y 74.23359097503638 113.44999694824219 30.049999237060547 AB 6.592205256865915 1.1153065514661484
60273.2033 lsst_hardware_r -136.4388948436406 87.9000015258789 31.6299991607666 AB 6.637459781401787 1.1232480239292264
60275.1892 lsst_hardware_i 17.049430045865595 90.66999816894531 31.31999969482422 AB 4.05263010084084 1.1177099795470025
60275.209 lsst_hardware_z -67.54399760380353 107.47000122070312 30.989999771118164 AB 4.293393442574613 1.135292772545677
60277.1449 lsst_hardware_r -52.48787969652047 87.94000244140625 31.6299991607666 AB 5.750402742526305 1.132452045004688
60277.1645 lsst_hardware_z 11.028255770997749 107.73999786376953 30.989999771118164 AB 5.64323264297003 1.1168820377958895
60279.1888 lsst_hardware_r 32.787020741924266 87.97000122070312 31.639999389648438 AB 8.696489561311527 1.124885469061076
60279.2065 lsst_hardware_i -30.470003625449518 90.7300033569336 31.31999969482422 AB 8.900521245503091 1.1481950844006954
60281.1849 lsst_hardware_z 18.60077981888344 107.7300033569336 30.989999771118164 AB 7.194744506529485 1.1263637929229577
60281.203 lsst_hardware_i 8.681176386187905 90.51000213623047 31.31999969482422 AB 7.358557757836412 1.151690461281745
60291.1559 lsst_hardware_i -42.56758268963635 90.72000122070312 31.31999969482422 AB 11.63430976871869 1.1247580460550108
60291.1744 lsst_hardware_z -135.86439984959188 107.45999908447266 30.989999771118164 AB 12.747107814818055 1.149354515642407
60292.153 lsst_hardware_r 34.084610930837336 23.360000610351562 31.489999771118164 AB 8.005217081164533 1.1246046543973849
60292.17 lsst_hardware_g 15.585090132045226 14.279999732971191 31.399999618530273 AB 8.713186972377603 1.1464719700496846
60296.1054 lsst_hardware_z 26.323264661401076 42.630001068115234 30.940000534057617 AB 4.406030078077764 1.1206519910332151
60296.1238 lsst_hardware_i 76.25846061971602 32.060001373291016 31.25 AB 4.469181265596874 1.1154362559723094
60300.0829 lsst_hardware_r -97.50322192182249 64.8499984741211 31.6299991607666 AB 6.14994109956237 1.1314745062362637
60300.1019 lsst_hardware_z -37.864856943190524 55.83000183105469 30.969999313354492 AB 4.528260298089298 1.1168021123203815
60302.0821 lsst_hardware_y -51.56716662923648 57.349998474121094 30.030000686645508 AB 7.237293832709908 1.1263978365349654
60302.1025 lsst_hardware_r 142.31332104444215 92.61000061035156 31.639999389648438 AB 6.913320177063231 1.1154114516074913
60305.0798 lsst_hardware_i -30.96230285479611 81.81999969482422 31.31999969482422 AB 7.071908383946544 1.121368173146371
60305.0982 lsst_hardware_z -2.750569685953311 71.7300033569336 30.979999542236328 AB 5.623560825080119 1.115343281451897
60307.0794 lsst_hardware_r -80.10072174220305 48.77000045776367 31.610000610351562 AB 9.248018737402164 1.1182610323339979
60307.1006 lsst_hardware_g -65.28999526171464 54.34000015258789 31.690000534057617 AB 8.378815342231112 1.1171753789641483
60309.0801 lsst_hardware_r -20.849932584992775 32.79999923706055 32.22999954223633 AB 8.390224791777653 1.1159687153772095
60309.1018 lsst_hardware_i 22.25800527544148 44.279998779296875 31.989999771118164 AB 8.35418841358003 1.1208034095026034
60311.0784 lsst_hardware_z -14.056909181309047 42.119998931884766 30.940000534057617 AB 7.627619586414658 1.115366482708323
60311.0994 lsst_hardware_i -3.9093267122155044 31.040000915527344 31.239999771118164 AB 5.712173413118232 1.123117069036223
60313.0484 lsst_hardware_y -10.807709552067916 50.34000015258789 30.010000228881836 AB 2.524248691222045 1.1303027834868666
60313.0706 lsst_hardware_u 1.8144326790514926 2.700000047683716 28.399999618530273 AB 2.4843162036026243 1.115669115797743
60317.0584 lsst_hardware_z 54.34458496793831 61.52000045776367 31.700000762939453 AB 8.98743517070158 1.1159317300265814
60319.0487 lsst_hardware_y 65.60783225426306 50.7599983215332 30.030000686645508 AB 10.082207489523327 1.1173071725673207
60319.0724 lsst_hardware_g -6.393258105459855 14.199999809265137 31.40999984741211 AB 10.140369995526953 1.1194520694233971
60321.0414 lsst_hardware_y -3.093760478270322 60.02000045776367 30.040000915527344 AB 5.659669527975503 1.1181434694716175
60321.0624 lsst_hardware_i -27.12054528683898 31.219999313354492 31.239999771118164 AB 4.213173952879445 1.1171823540946488
60323.0393 lsst_hardware_y 78.97239788220655 63.47999954223633 30.040000915527344 AB 7.035361871170869 1.1167241065350586
60323.0579 lsst_hardware_i -17.17497012247525 31.469999313354492 31.25 AB 7.39080015444738 1.1175886722620096
60325.0406 lsst_hardware_y -51.84407900908009 59.720001220703125 30.030000686645508 AB 3.3605898708167623 1.1153325344968097
60325.0599 lsst_hardware_g -2.008581256404682 17.3700008392334 31.469999313354492 AB 3.780079336501589 1.1221014728019494
