data/validation/pwv_sim_epoch_fit_seasonal/40314832.ecsv
# %ECSV 0.9
# ---
# datatype:
# - {name: time, datatype: float64}
# - {name: band, datatype: string}
# - {name: flux, datatype: float64}
# - {name: fluxerr, datatype: float64}
# - {name: zp, datatype: float64}
# - {name: zpsys, datatype: string}
# - {name: pwv, datatype: float64}
# - {name: airmass, datatype: float64}
# meta: {SNID: '40314832', alt: 1024.0, c: 0.11564598232507706, dec: -36.053589, lat: -30.244573, lon: -70.7499537, ra: 194.238281, t0: 62978.83203125,
#   x0: 1.0216928344964277e-05, x1: -0.6837899684906006, z: 0.45629605650901794}
# schema: astropy-2.0
time band flux fluxerr zp zpsys pwv airmass
62881.2999 lsst_hardware_z 23.850973374248625 55.34000015258789 30.950000762939453 AB 7.3966379127257555 1.2374822930695852
62881.3175 lsst_hardware_r 13.561546368828168 56.97999954223633 31.610000610351562 AB 6.996589441139247 1.166227821058881
62883.3027 lsst_hardware_i -96.56584669781301 39.04999923706055 31.270000457763672 AB 3.21151563208807 1.2018020889093721
62883.3201 lsst_hardware_z -5.387403748932379 46.040000915527344 30.959999084472656 AB 3.0097499437067836 1.1391937712743312
62887.2904 lsst_hardware_z -32.400316325607044 43.560001373291016 30.93000030517578 AB 14.286440023044156 1.2074748575611345
62887.2986 lsst_hardware_i -5.951660119130161 31.790000915527344 31.229999542236328 AB 14.202438217473714 1.1753579854738871
62889.3128 lsst_hardware_z -66.6650697673507 42.310001373291016 30.940000534057617 AB 10.040959506793278 1.112417616041354
62889.33 lsst_hardware_r -15.894273822885227 23.3700008392334 31.510000228881836 AB 9.641257106048506 1.0712111150752015
62891.3041 lsst_hardware_u 0.31526709531798613 2.75 28.440000534057617 AB 10.991155549823764 1.1215464846758942
62891.3221 lsst_hardware_g 8.08667517122378 14.479999542236328 31.440000534057617 AB 10.54826235054521 1.0763533010760418
62895.3081 lsst_hardware_r -20.755835023309192 23.329999923706055 31.5 AB 11.970236159057668 1.0831649291077263
62895.3276 lsst_hardware_g -35.09290907774319 14.34000015258789 31.450000762939453 AB 11.569330228108685 1.0458624324813492
62897.3123 lsst_hardware_r 27.400821995159887 23.209999084472656 31.510000228881836 AB 11.44145620688049 1.0629865942193981
62897.3315 lsst_hardware_i -54.87743059340992 30.68000030517578 31.260000228881836 AB 11.101985150686614 1.0325747111574037
62908.2016 lsst_hardware_r -95.53470623917079 90.43000030517578 31.56999969482422 AB 3.7048917639253296 1.372182134787159
62908.2283 lsst_hardware_z 8.183036602892612 67.30000305175781 30.959999084472656 AB 4.549077102315261 1.2279591773205025
62910.2332 lsst_hardware_r -39.68264639285193 64.23999786376953 31.610000610351562 AB 5.876849607220807 1.1851673044946505
62910.2534 lsst_hardware_y -10.421281170783553 52.400001525878906 30.030000686645508 AB 5.951682834582825 1.118194392055767
62919.2192 lsst_hardware_g 20.60170500049162 14.050000190734863 31.399999618530273 AB 9.295750520329921 1.1476235210283854
62919.2387 lsst_hardware_i -31.803020082607436 31.030000686645508 31.25 AB 8.847355921249353 1.0922661631172041
62921.2192 lsst_hardware_z -2.436827362604241 60.0 31.690000534057617 AB 9.55535626356329 1.130410063121154
62921.2397 lsst_hardware_r -42.728999167423815 32.20000076293945 32.2400016784668 AB 8.95884589172169 1.0774318570922055
62923.2219 lsst_hardware_u 5.661047901089204 2.7300000190734863 28.440000534057617 AB 6.101503919222384 1.1072170189733337
62923.2433 lsst_hardware_g -26.570858837579667 13.920000076293945 31.420000076293945 AB 5.834276512882889 1.059268892102067
62927.2195 lsst_hardware_z -66.85648978204016 41.790000915527344 30.940000534057617 AB 3.498386705971264 1.0860058069033312
62927.2391 lsst_hardware_r -19.173617329365083 22.59000015258789 31.489999771118164 AB 3.5020296034955956 1.0476753899567997
62929.2179 lsst_hardware_z 1.3718413026523355 45.599998474121094 30.950000762939453 AB 5.996851768710222 1.0773432724193466
62929.2385 lsst_hardware_r -32.243209233551745 35.70000076293945 31.59000015258789 AB 5.8007249605043665 1.0402399953083328
62932.211 lsst_hardware_i -100.57341650764974 60.970001220703125 31.31999969482422 AB 10.409935525934834 1.0745739897739184
62932.2333 lsst_hardware_z 79.29153006984836 56.90999984741211 30.979999542236328 AB 10.04457963134938 1.0360488183545977
62935.2146 lsst_hardware_r -11.3685660065686 118.56999969482422 31.65999984741211 AB 10.613092372600486 1.0520772593096068
62935.2353 lsst_hardware_z 52.845988106313726 78.31999969482422 31.0 AB 10.313696597598549 1.0238867540655592
62937.2113 lsst_hardware_y -7.517706283585606 57.5 30.059999465942383 AB 7.758772714079658 1.0484827991999537
62937.233 lsst_hardware_r 192.27438667507872 97.43000030517578 31.65999984741211 AB 7.553645214736875 1.0207628668563344
62939.126 lsst_hardware_z 121.19819627277987 77.06999969482422 31.690000534057617 AB 14.682586619005964 1.3171389228221366
62941.1131 lsst_hardware_g 2.873327744894548 13.9399995803833 31.31999969482422 AB 10.107940633379522 1.361934938980696
62941.2066 lsst_hardware_r 19.509350978063388 39.81999969482422 32.27000045776367 AB 8.143186046882905 1.0390030043869736
62941.2908 lsst_hardware_i 51.124422946924305 34.95000076293945 31.270000457763672 AB 7.682296082545144 1.023680561773824
62943.1744 lsst_hardware_u -2.2508365278729214 2.7699999809265137 28.479999542236328 AB 7.506220981191393 1.089331605242567
62943.1907 lsst_hardware_r -16.679597530445523 22.969999313354492 31.510000228881836 AB 7.253732681303931 1.0556514040900338
62946.1725 lsst_hardware_i 11.643330896922945 30.979999542236328 31.260000228881836 AB 5.698371071051903 1.075164353028661
62946.1884 lsst_hardware_z -35.67458897173686 41.310001373291016 30.959999084472656 AB 5.542791829081652 1.0458097790720098
62948.1692 lsst_hardware_r 2.9797794843734113 23.18000030517578 31.510000228881836 AB 7.305546132913942 1.0706449963968552
62948.1864 lsst_hardware_u 8.976058575019279 2.890000104904175 28.59000015258789 AB 7.09460884028611 1.0405703784520548
62950.1704 lsst_hardware_g -5.052845814138364 14.29165482103633 31.450000762939453 AB 7.318966092665715 1.0577814417919857
62950.1873 lsst_hardware_r -3.065294204596811 22.96549470071734 31.520000457763672 AB 7.114452686514308 1.0319525231255082
62952.1572 lsst_hardware_i -57.9229728026128 31.143990792595943 31.25 AB 7.402876920895838 1.0728807131733098
62952.1751 lsst_hardware_z 17.611651162165725 41.410838039282105 30.959999084472656 AB 7.004691602698805 1.041125386845855
62952.2285 lsst_hardware_g -4.850674761299309 14.330574494322136 31.459999084472656 AB 6.335596539373524 1.005650244345004
62952.2411 lsst_hardware_r 12.432861355828587 22.810326973049612 31.520000457763672 AB 6.357579092068334 1.009139538423545
62954.1544 lsst_hardware_r -1.0366093766908573 23.147576981533813 31.510000228881836 AB 6.9597495315876525 1.0674462471760204
62954.1722 lsst_hardware_g -18.389901566864708 14.902515307840602 31.459999084472656 AB 6.839341587003955 1.0374690175967975
62958.1317 lsst_hardware_z 483.6715418332475 84.38710281215143 32.150001525878906 AB 9.127766804861322 1.0935386132575957
62958.227 lsst_hardware_g 16.202835882690987 27.525337317884325 31.649999618530273 AB 8.634962384312674 1.0102522093806325
62960.0761 lsst_hardware_r 605.3739592492741 69.29711565038048 31.59000015258789 AB 6.150234964958319 1.2768653906488407
62960.0945 lsst_hardware_z 342.7700661639204 57.635091798901165 30.959999084472656 AB 7.162153459254503 1.1936922432090837
62962.0794 lsst_hardware_r 1097.263421782032 112.74240860615465 31.610000610351562 AB 9.746799931195197 1.2345535061678525
62962.0981 lsst_hardware_y 196.63654232261294 61.12847810598629 30.020000457763672 AB 11.224081143062767 1.1601117460530612
62962.2033 lsst_hardware_r 1169.200942060704 107.76085321781147 31.670000076293945 AB 13.735885478883084 1.0059235063261138
62962.2153 lsst_hardware_y 299.52479316053603 59.28229967144299 30.06999969482422 AB 15.049217266230873 1.009856438559792
62973.0622 lsst_hardware_r 3343.2889766790895 62.58394342886987 31.489999771118164 AB 17.251408572004234 1.1813470985976262
62973.0852 lsst_hardware_z 1875.534420213718 59.9560690645854 30.950000762939453 AB 15.749368149010376 1.1077192832248497
62975.1919 lsst_hardware_u -0.27199598962517607 3.1112846321728407 28.549999237060547 AB 9.233124192996172 1.0179850267911987
62975.2044 lsst_hardware_g 1037.5901168913663 35.91317713367214 31.459999084472656 AB 9.350640568259191 1.030941628253494
62984.0574 lsst_hardware_z 2302.997288570667 63.106194819413524 30.940000534057617 AB 1.7873890234438599 1.1018528861258767
62984.0773 lsst_hardware_r 3327.3658988197612 63.05125622174793 31.520000457763672 AB 1.7366234893562638 1.0582714743181927
62988.0475 lsst_hardware_z 2124.5180235007174 66.29730969191638 30.959999084472656 AB 9.23360993019111 1.0992392774037034
62988.068 lsst_hardware_r 3194.7544510585785 75.8430404883773 31.6299991607666 AB 8.865042978628681 1.0553622593605572
62990.0586 lsst_hardware_y 653.1542950757005 59.436617943385265 30.040000915527344 AB 11.589658024490927 1.0625889817998466
62990.0778 lsst_hardware_r 2892.1158057803686 100.64242932632199 31.65999984741211 AB 11.357874471842269 1.0323150669714354
62994.9744 lsst_hardware_z 1438.4158927432766 57.68746976305722 30.920000076293945 AB 11.419584744768901 1.3097856795498817
62994.9951 lsst_hardware_g 236.6256418685482 48.097805040631584 31.6299991607666 AB 10.614288054459518 1.2092839193140876
62998.9736 lsst_hardware_y 512.7770805520812 53.38785227886354 29.979999542236328 AB 9.797384382454993 1.2569612396504104
62998.9961 lsst_hardware_r 1342.4360501081521 42.7555808889855 31.489999771118164 AB 9.071355503539975 1.1635163860116842
63001.9694 lsst_hardware_y 509.07017183205835 53.508680536215905 29.979999542236328 AB 9.0729810394494 1.2381251418462609
63001.9892 lsst_hardware_g 134.8141420748631 18.580256211117366 31.399999618530273 AB 8.226700093816516 1.1590166376185567
63009.9664 lsst_hardware_y 507.94594388825607 53.16063409007322 30.010000228881836 AB 9.170078860792128 1.1623388787551592
63009.9875 lsst_hardware_u -3.4247144202812096 2.9228008473937788 28.3799991607666 AB 8.792484303127901 1.0990605378909877
63012.9634 lsst_hardware_z 835.5678151993819 52.48864941332939 30.940000534057617 AB 6.655754150942843 1.1448461930410663
63012.9825 lsst_hardware_r 462.443419319684 32.59396341773492 31.5 AB 6.432143007592802 1.0911801075989076
63014.9628 lsst_hardware_y 432.1605855676536 53.291696035102575 30.020000457763672 AB 10.029876988848356 1.129649667897886
63014.9837 lsst_hardware_z 836.3855678195963 51.285640555409024 30.950000762939453 AB 9.532798368135582 1.0760276962649864
63021.9619 lsst_hardware_y 262.51528211666886 61.79486249184554 30.040000915527344 AB 12.819450262040974 1.0819318850538153
63021.9823 lsst_hardware_g 38.36518427107573 106.21450709831764 31.729999542236328 AB 12.180017922287588 1.0436288116205001
63031.016 lsst_hardware_z 401.04095278983255 45.00319798715951 30.950000762939453 AB 13.951865888193415 1.0061199890526729
63031.0275 lsst_hardware_u 8.779080528300295 3.3232098203581533 28.43000030517578 AB 13.94634850081518 1.010165761322264
