data/validation/pwv_sim_epoch_fit_seasonal/40370145.ecsv
# %ECSV 0.9
# ---
# datatype:
# - {name: time, datatype: float64}
# - {name: band, datatype: string}
# - {name: flux, datatype: float64}
# - {name: fluxerr, datatype: float64}
# - {name: zp, datatype: float64}
# - {name: zpsys, datatype: string}
# - {name: pwv, datatype: float64}
# - {name: airmass, datatype: float64}
# meta: {SNID: '40370145', alt: 1024.0, c: -0.030416814610362053, dec: -46.964977, lat: -30.244573, lon: -70.7499537, ra: 193.891296,
#   t0: 63053.98046875, x0: 5.337252523139159e-06, x1: 0.8611219525337219, z: 0.596972644329071}
# schema: astropy-2.0
time band flux fluxerr zp zpsys pwv airmass
62895.3663 lsst_hardware_r 6.803360242252439 23.579999923706055 31.520000457763672 AB 12.09490452549557 1.0473290107226645
62895.3779 lsst_hardware_y -51.34779060089177 62.400001525878906 30.06999969482422 AB 12.287779197775953 1.045101356391746
62897.3676 lsst_hardware_z -10.160137637547185 41.97999954223633 30.959999084472656 AB 12.12040290738539 1.0456134787104578
62897.3791 lsst_hardware_y 84.55942862660321 61.279998779296875 30.059999465942383 AB 12.3972705983488 1.045374514652418
62908.3345 lsst_hardware_r -130.2311359808584 104.87000274658203 32.400001525878906 AB 4.634897678401971 1.0462522976076774
62908.3399 lsst_hardware_z -155.5880042936584 82.04000091552734 31.729999542236328 AB 4.670126662826982 1.0452972218291137
62910.3611 lsst_hardware_r 22.265781638434937 58.06999969482422 31.639999389648438 AB 5.882643698084323 1.0515048168887877
62910.3723 lsst_hardware_y -18.4524768194034 50.88999938964844 30.049999237060547 AB 5.891131345492774 1.0596195237411308
62912.3485 lsst_hardware_g 3.7336176177469937 28.850000381469727 31.639999389648438 AB 4.257715240049537 1.0480529821660398
62912.3593 lsst_hardware_r -70.6560472345533 33.34000015258789 31.579999923706055 AB 4.272861152037233 1.053791516625497
62914.346 lsst_hardware_i -106.16651308726557 43.52000045776367 32.0 AB 4.298558983693599 1.0493247854738434
62914.3567 lsst_hardware_z -8.280440224464511 41.22999954223633 30.950000762939453 AB 4.192152662756874 1.0558248741360023
62917.3536 lsst_hardware_r 24.310133760743703 22.3799991607666 31.5 AB 4.123425317281953 1.059983800847956
62917.3634 lsst_hardware_u -1.6104895947083329 2.7899999618530273 28.530000686645508 AB 4.0112543402277545 1.0699769285067475
62919.2972 lsst_hardware_i 35.57713055010102 30.110000610351562 31.25 AB 11.73364011961966 1.0487232533064896
62919.3091 lsst_hardware_u -2.6418946658613813 2.6500000953674316 28.43000030517578 AB 11.686968442378948 1.045392767331182
62923.3007 lsst_hardware_i 22.533809639129338 30.1200008392334 31.25 AB 6.84924157472467 1.045153851687386
62923.3137 lsst_hardware_r -15.303944094479625 22.170000076293945 31.489999771118164 AB 6.886223323086902 1.0464854855002637
62925.289 lsst_hardware_u 4.0278225887431445 2.5899999141693115 28.3799991607666 AB 5.717863378886008 1.046046293054732
62925.3023 lsst_hardware_g -2.2523672611892556 13.289999961853027 31.399999618530273 AB 5.476029222013748 1.0453429840629471
62929.2937 lsst_hardware_z -22.081256664269304 40.880001068115234 30.940000534057617 AB 7.616502939969477 1.0456842889952946
62929.3059 lsst_hardware_r -9.300874011393342 22.0 31.479999542236328 AB 7.6602083707024295 1.0497390620716947
62932.2745 lsst_hardware_i -11.720426043620765 58.11000061035156 31.31999969482422 AB 10.115667797955656 1.0452949639662086
62935.2742 lsst_hardware_z -7.265307484306223 71.12999725341797 30.989999771118164 AB 9.8489858744856 1.0452624966288777
62935.2856 lsst_hardware_r -7.238099449093815 105.0199966430664 31.65999984741211 AB 9.881531701896412 1.0480213922202215
62937.2769 lsst_hardware_i 13.81063014867988 70.19000244140625 31.329999923706055 AB 8.36926227142233 1.046899337625276
62937.2895 lsst_hardware_r -4.586979865023602 86.1500015258789 31.649999618530273 AB 8.397430023004258 1.0527932662883017
62939.2786 lsst_hardware_z -41.9364548793491 72.22000122070312 31.719999313354492 AB 11.440723247484005 1.0497440720109499
62943.2308 lsst_hardware_i -10.657285116288527 30.209999084472656 31.260000228881836 AB 6.189827220609846 1.0491232577304823
62943.2422 lsst_hardware_z -75.96630602437614 41.06999969482422 30.959999084472656 AB 6.169058750758892 1.0456031780947275
62946.2278 lsst_hardware_i 20.3832563203915 30.290000915527344 31.260000228881836 AB 5.941725962121093 1.0471078017630757
62946.2399 lsst_hardware_u 4.467674635937489 2.759999990463257 28.510000228881836 AB 5.945771035335002 1.0450887261651363
62952.231 lsst_hardware_g -7.287293195737459 13.670000076293945 31.43000030517578 AB 6.5879790565962555 1.045710961364485
62952.2436 lsst_hardware_r -6.304169033757862 22.469999313354492 31.510000228881836 AB 6.61496408342205 1.049994298955881
62954.2114 lsst_hardware_r -30.075749847373654 22.549999237060547 31.510000228881836 AB 7.101969786533568 1.0457401275940548
62954.2236 lsst_hardware_i 46.347231279660626 30.40999984741211 31.260000228881836 AB 6.919857288085352 1.045414101006238
62956.2122 lsst_hardware_z -12.15501580197135 41.060001373291016 30.950000762939453 AB 3.89003588498761 1.045099866114076
62956.2231 lsst_hardware_r -5.649561911219906 22.5 31.510000228881836 AB 4.045520457172012 1.046368045825335
62958.2128 lsst_hardware_z -56.170545810962416 44.52000045776367 30.959999084472656 AB 8.941054596468211 1.0454316979208729
62958.2243 lsst_hardware_g 16.233102307026947 27.649999618530273 31.639999389648438 AB 8.947178340840626 1.0486408306808368
62960.2061 lsst_hardware_r -21.707790130685726 58.65999984741211 31.639999389648438 AB 4.718955685071382 1.045288666534806
62960.2192 lsst_hardware_z 70.24665833462343 50.91999816894531 30.969999313354492 AB 5.7683850341367 1.0487972789339455
62962.2053 lsst_hardware_r 151.42737699895963 95.56999969482422 31.65999984741211 AB 14.559744327904827 1.046033790351642
62962.2172 lsst_hardware_y 90.12692203238338 55.619998931884766 30.049999237060547 AB 15.561557674697227 1.0504629185025878
62965.2019 lsst_hardware_z -41.474139246069186 74.70999908447266 30.989999771118164 AB 8.361229018799632 1.047379308380262
62965.2127 lsst_hardware_r 25.200384746065197 109.7300033569336 31.65999984741211 AB 7.824906549237756 1.0525836089907614
62968.1909 lsst_hardware_i 4.598662974124776 46.09000015258789 31.309999465942383 AB 6.802385702000283 1.0465208772308128
62968.2019 lsst_hardware_z -40.740170228530474 48.77000045776367 30.969999313354492 AB 6.831822319961368 1.0510495876863644
62970.1953 lsst_hardware_r 3.336201608062473 29.06999969482422 31.559999465942383 AB 5.917368166685117 1.0504359236116125
62970.2058 lsst_hardware_z -41.33987940737291 43.150001525878906 30.959999084472656 AB 5.747191753606046 1.0573923469216773
62975.194 lsst_hardware_u -3.934994021176243 2.759999990463257 28.489999771118164 AB 9.526619478969936 1.0589250796387413
62975.2065 lsst_hardware_g 4.6757606562471565 13.979999542236328 31.43000030517578 AB 9.641640431351009 1.0717101574335586
62977.1295 lsst_hardware_u -0.3869461434044131 2.7699999809265137 28.5 AB 7.73373841983593 1.0539300108797942
62977.1409 lsst_hardware_g -7.017562477956758 13.880000114440918 31.43000030517578 AB 7.686963522797831 1.0479126879964327
62979.143 lsst_hardware_r 3.711028872187995 22.540000915527344 31.489999771118164 AB 5.685098259437305 1.0457757202919853
62979.1544 lsst_hardware_i 44.62113785991122 30.280000686645508 31.239999771118164 AB 5.702186578225084 1.0453137631943326
62984.1396 lsst_hardware_z 17.768213552771968 40.97999954223633 30.940000534057617 AB 2.1821416643534053 1.0452121491334714
62984.1509 lsst_hardware_r -18.380271167507082 22.56999969482422 31.489999771118164 AB 2.1775496684458036 1.047696404368295
62988.1773 lsst_hardware_z 41.01271289753296 48.83000183105469 30.959999084472656 AB 8.50572866254417 1.0798182890116168
62988.1905 lsst_hardware_r -39.286636601938135 48.939998626708984 31.610000610351562 AB 8.764873166204357 1.1006307736804617
62995.1192 lsst_hardware_z 106.49959552284793 83.54000091552734 31.729999542236328 AB 8.896400024868678 1.0471280631908089
62997.1035 lsst_hardware_r 32.97951826751578 39.400001525878906 31.610000610351562 AB 8.186856381899728 1.045175077479858
62997.1159 lsst_hardware_i -55.60171636486126 41.529998779296875 31.299999237060547 AB 8.13629825019453 1.0478843776411688
63002.1059 lsst_hardware_u 4.378339724241838 2.700000047683716 28.459999084472656 AB 5.733073247343261 1.049436801636941
63002.1173 lsst_hardware_g -29.679772155925704 13.789999961853027 31.43000030517578 AB 5.766469063938166 1.056516867705663
63005.1001 lsst_hardware_r 21.447489188110964 22.420000076293945 31.489999771118164 AB 8.424033930546692 1.050640300641892
63005.1137 lsst_hardware_z -74.8123630552639 41.619998931884766 30.950000762939453 AB 8.504042801193064 1.060343446289171
63010.0912 lsst_hardware_i -51.36117188505644 30.440000534057617 31.25 AB 9.124326534838927 1.0534754596000069
63010.1036 lsst_hardware_r -16.201612672376864 22.3700008392334 31.479999542236328 AB 9.251149433270605 1.0636969242784744
63013.086 lsst_hardware_u 1.2377430619123861 3.880000114440918 29.190000534057617 AB 6.491726205997908 1.0555652367476274
63013.0971 lsst_hardware_g 14.799898147119597 14.3100004196167 31.43000030517578 AB 6.54768930299177 1.0654156266732826
63019.0873 lsst_hardware_z -0.1868098008776437 86.12000274658203 31.729999542236328 AB 10.260312145033058 1.0728616244087477
63022.0807 lsst_hardware_r -12.7513141303115 104.82062744552414 31.649999618530273 AB 10.225728035609642 1.0748461548939743
63031.0193 lsst_hardware_z 223.90165974220443 42.8005312723931 30.940000534057617 AB 14.542719828983357 1.046652979882929
63031.0306 lsst_hardware_u -3.0092881444629436 2.9826796742562296 28.389999389648438 AB 14.658052275875002 1.0514724920824452
63036.0145 lsst_hardware_g 173.0851757009755 19.236740950485185 31.420000076293945 AB 4.1949933474638526 1.0501485349125133
63036.0271 lsst_hardware_r 694.0328880589608 35.1575216741874 31.489999771118164 AB 4.18061923344564 1.058652629386027
63039.9539 lsst_hardware_y 624.1313507106021 94.51467495321674 30.809999465942383 AB 6.0180124560314185 1.056533085679673
63039.9598 lsst_hardware_r 1238.6690401651786 42.38960749175189 31.520000457763672 AB 8.980297599091555 1.052440291316861
63044.0029 lsst_hardware_z 817.4703891056781 51.73991720061401 30.950000762939453 AB 8.670582915260383 1.0567438044193032
63044.0173 lsst_hardware_i 1340.816173593432 49.12911799395265 31.260000228881836 AB 8.749380557071122 1.0707845498802009
63046.0011 lsst_hardware_z 1997.215540297205 81.68275384223439 31.719999313354492 AB 4.952248552520676 1.0597767745027116
