data/validation/pwv_sim_epoch_fit_seasonal/40396492.ecsv
# %ECSV 0.9
# ---
# datatype:
# - {name: time, datatype: float64}
# - {name: band, datatype: string}
# - {name: flux, datatype: float64}
# - {name: fluxerr, datatype: float64}
# - {name: zp, datatype: float64}
# - {name: zpsys, datatype: string}
# - {name: pwv, datatype: float64}
# - {name: airmass, datatype: float64}
# meta: {SNID: '40396492', alt: 1024.0, c: 0.022904900833964348, dec: -25.613083, lat: -30.244573, lon: -70.7499537, ra: 312.363281, t0: 61144.296875,
#   x0: 5.866976031964982e-06, x1: 0.8257449865341187, z: 0.5743421316146851}
# schema: astropy-2.0
time band flux fluxerr zp zpsys pwv airmass
[from data line 133]
61585.1735 lsst_hardware_r 12.920675781959922 24.760000228881836 31.450000762939453 AB 7.6701547476588745 1.2863991191040016
61589.1487 lsst_hardware_r -40.33924056803688 25.190000534057617 31.43000030517578 AB 8.465389968827283 1.3738427365492873
61589.1675 lsst_hardware_u -5.712025333233668 2.640000104904175 28.260000228881836 AB 8.314699988038607 1.2596121781606737
61591.1484 lsst_hardware_g 0.3559045982051273 15.050000190734863 31.350000381469727 AB 4.865364832065417 1.3391219519894377
61591.1667 lsst_hardware_i -9.505696894317415 32.689998626708984 31.229999542236328 AB 4.449712247485649 1.2360311798571246
61593.1443 lsst_hardware_z 17.454552017451512 45.130001068115234 30.93000030517578 AB 2.3947612900410378 1.3304229389116877
61593.162 lsst_hardware_r 49.72346388002125 24.700000762939453 31.479999542236328 AB 2.2182127052831766 1.232340391823987
61598.1478 lsst_hardware_r -62.040475990365685 39.95000076293945 31.559999465942383 AB 6.678471755627722 1.235000632859763
61598.1658 lsst_hardware_i 52.78424308621531 39.41999816894531 31.270000457763672 AB 6.161053520292081 1.1584556916876367
61600.1513 lsst_hardware_z -89.81408437672475 52.790000915527344 30.950000762939453 AB 8.969202442121665 1.194248250249212
61600.1711 lsst_hardware_r 26.63048589152577 57.709999084472656 31.6200008392334 AB 8.186578806853964 1.121987090639891
61605.1473 lsst_hardware_z -11.991657217348594 115.91999816894531 30.989999771118164 AB 3.2140755744349856 1.156211610205043
61605.166 lsst_hardware_r -4.918700493147447 172.30999755859375 31.649999618530273 AB 3.0600480000882437 1.0972502241396918
61608.1922 lsst_hardware_z 54.668743882603145 90.58999633789062 31.739999771118164 AB 5.647941120723987 1.0295189793517245
61617.0666 lsst_hardware_r 21.16765695891896 25.68000030517578 31.450000762939453 AB 4.988042444980839 1.4152482465543592
61617.0852 lsst_hardware_i -36.134404134345225 33.540000915527344 31.229999542236328 AB 5.014628518020321 1.291708715413297
61619.0501 lsst_hardware_i -8.770850436138668 34.709999084472656 31.190000534057617 AB 2.701883732839117 1.5077476187718288
61619.0693 lsst_hardware_z 8.000065195502618 45.560001373291016 30.920000076293945 AB 2.449386729575262 1.3566251617697382
61622.0666 lsst_hardware_u -0.9031645838329533 2.5899999141693115 28.190000534057617 AB 2.9065953265879862 1.32117969390363
61622.085 lsst_hardware_g 24.553204344864852 15.529999732971191 31.399999618530273 AB 2.9311816583703503 1.222004582422325
61624.0683 lsst_hardware_r -16.45984599486465 26.809999465942383 31.479999542236328 AB 2.8594196685398985 1.2792393103858173
61624.0861 lsst_hardware_z 14.580156942568843 44.33000183105469 30.940000534057617 AB 3.4363474148745237 1.1928655436516615
61627.0677 lsst_hardware_g -39.600537314960675 37.0 31.610000610351562 AB 4.0302936575955135 1.2395182708274683
61627.0853 lsst_hardware_r 19.494679030116714 39.52000045776367 31.579999923706055 AB 4.367135992082995 1.1633803646271796
61629.0564 lsst_hardware_r 49.02242998469242 61.16999816894531 31.59000015258789 AB 4.189879139547064 1.269660345317292
61629.075 lsst_hardware_i 68.54993257974081 54.93000030517578 31.299999237060547 AB 3.901596649286586 1.1823020149353292
61631.0724 lsst_hardware_r 100.91085944467436 113.05999755859375 31.6299991607666 AB 3.9007101841303182 1.1709448957989699
61631.0906 lsst_hardware_z -93.04493271871644 78.27999877929688 30.989999771118164 AB 3.971797304417703 1.10956972769206
61648.9731 lsst_hardware_y 32.850412678180426 85.2300033569336 29.940000534057617 AB 5.874638976002407 1.464540723216555
61648.9916 lsst_hardware_z 81.6056287081184 45.86000061035156 30.920000076293945 AB 5.932305497019695 1.3291696098479469
61650.9738 lsst_hardware_y -49.11719271825835 70.4800033569336 29.940000534057617 AB 4.622307462699617 1.4149920804182499
61650.9916 lsst_hardware_u -2.205141370325891 2.880000114440918 28.290000915527344 AB 4.27182439647358 1.2961287675773188
61652.9749 lsst_hardware_y 125.2343373664044 74.11000061035156 29.959999084472656 AB 2.656552377191181 1.3673012449622206
61652.9908 lsst_hardware_r -5.081269738744128 26.06999969482422 31.479999542236328 AB 2.510967361887626 1.2700361788261965
61670.987 lsst_hardware_y 62.895122303361646 55.27000045776367 30.040000915527344 AB 1.2530382840961636 1.0940380827386058
61671.0046 lsst_hardware_g 18.01941975301272 15.390000343322754 31.469999313354492 AB 1.581613056070303 1.0544087040468686
61673.9882 lsst_hardware_y -6.782323912016564 56.189998626708984 30.049999237060547 AB 3.285227406232584 1.0712698063803712
61674.0047 lsst_hardware_i 26.33377891889483 31.579999923706055 31.260000228881836 AB 3.510691189710187 1.0400507153637053
