data/validation/pwv_sim_epoch_fit_seasonal/40481463.ecsv
# %ECSV 0.9
# ---
# datatype:
# - {name: time, datatype: float64}
# - {name: band, datatype: string}
# - {name: flux, datatype: float64}
# - {name: fluxerr, datatype: float64}
# - {name: zp, datatype: float64}
# - {name: zpsys, datatype: string}
# - {name: pwv, datatype: float64}
# - {name: airmass, datatype: float64}
# meta: {SNID: '40481463', alt: 1024.0, c: 0.0035077203065156937, dec: -6.279288, lat: -30.244573, lon: -70.7499537, ra: 320.449219, t0: 60884.08203125,
#   x0: 3.829351739128133e-06, x1: -2.035160779953003, z: 0.684546947479248}
# schema: astropy-2.0
time band flux fluxerr zp zpsys pwv airmass
[from data line 134]
61285.145 lsst_hardware_r -9.212907487523772 33.52000045776367 31.56999969482422 AB 3.3944368174692596 1.0959223474394941
61287.0999 lsst_hardware_r -33.15007059838822 24.329999923706055 31.5 AB 1.0461390911746518 1.11976354420621
61287.118 lsst_hardware_u 1.2725414163811382 2.7100000381469727 28.3799991607666 AB 1.014007195091426 1.1006862361915073
61298.0865 lsst_hardware_g 7.387860436657498 21.979999542236328 32.220001220703125 AB 1.140450965820163 1.1017075825023903
61298.1047 lsst_hardware_i -61.5689628770597 45.16999816894531 32.0099983215332 AB 1.1030039498660014 1.0953365937100312
61300.0889 lsst_hardware_z 41.18487319710295 43.25 30.950000762939453 AB 1.1338553978746544 1.0972794172980525
61300.1072 lsst_hardware_r 16.232567966940323 26.829999923706055 31.530000686645508 AB 1.3947951281841535 1.0968244782566332
61304.0687 lsst_hardware_z 34.27121225985692 55.52000045776367 30.969999313354492 AB 4.323362729406999 1.1027814380462109
61304.0902 lsst_hardware_r -92.6706552176967 63.52000045776367 31.6299991607666 AB 4.065231913875743 1.0954545712414723
61306.064 lsst_hardware_i -135.91213444828983 94.31999969482422 31.329999923706055 AB 1.5057813295830194 1.1021944586433434
61306.0832 lsst_hardware_z -57.10955323135998 82.63999938964844 30.989999771118164 AB 1.501356589125787 1.0953477060740955
61308.0619 lsst_hardware_r 19.700489125679233 129.13999938964844 31.649999618530273 AB 4.860062759993259 1.099893503317726
61308.0808 lsst_hardware_z -6.365465009281431 88.66999816894531 30.989999771118164 AB 4.838048380793704 1.0956552534447401
61310.0605 lsst_hardware_z 137.70684981108568 70.95999908447266 30.979999542236328 AB 3.0736784520104545 1.097742304289448
61310.0807 lsst_hardware_i -10.614197555196222 81.66000366210938 31.31999969482422 AB 3.071935067096577 1.0971196668202061
61312.06 lsst_hardware_z 29.794194703278166 49.13999938964844 30.959999084472656 AB 3.7258043358888444 1.0960397144211487
61312.0808 lsst_hardware_r 16.053594017471276 51.81999969482422 31.6200008392334 AB 3.7353245187189237 1.0998918907718627
61316.0329 lsst_hardware_g -0.49352433863397405 15.180000305175781 31.440000534057617 AB 2.225284573105314 1.105365298338197
61316.0504 lsst_hardware_r -8.063324201409422 24.309999465942383 31.510000228881836 AB 3.178791430203006 1.0957571286465655
61318.027 lsst_hardware_i 39.26301172872074 31.989999771118164 31.25 AB 3.064093217590778 1.1057716411370544
61318.0466 lsst_hardware_z 3.7862316983986872 42.70000076293945 30.950000762939453 AB 3.0823805299598925 1.0955030908517567
61320.0267 lsst_hardware_r -7.043315857925073 24.389999389648438 31.510000228881836 AB 4.240454529279203 1.101512129867314
61320.0458 lsst_hardware_u -1.5015266060824413 2.7899999618530273 28.450000762939453 AB 4.526985222153308 1.0953929519456314
61322.03 lsst_hardware_g -16.89784836949091 15.260000228881836 31.450000762939453 AB 4.385161098820677 1.0968386940521953
61322.0463 lsst_hardware_i 33.18162828070509 32.08000183105469 31.25 AB 3.4431614401280757 1.0965482293401516
61324.0304 lsst_hardware_z -40.01730519064525 42.54999923706055 30.950000762939453 AB 3.760422051097525 1.0954812733825923
61324.0479 lsst_hardware_r -1.5620898923692237 24.5 31.520000457763672 AB 3.4504706960109024 1.0998100391024976
61327.0021 lsst_hardware_y 26.025510462683958 50.380001068115234 30.040000915527344 AB 8.031502375751762 1.1060771045966376
61327.0202 lsst_hardware_u 1.8436286369682402 2.940000057220459 28.520000457763672 AB 7.933046059984594 1.095787657206505
61329.0027 lsst_hardware_z 43.227425788218284 44.93000030517578 30.959999084472656 AB 8.598818711341664 1.1011068555036225
61329.0215 lsst_hardware_r -10.030537612900911 26.559999465942383 31.530000686645508 AB 8.564219207713892 1.0954138340055501
61331.0036 lsst_hardware_y 38.49841185061836 51.11000061035156 30.030000686645508 AB 5.813902348658557 1.0975494475647352
61331.0216 lsst_hardware_z -87.06622016065451 45.68000030517578 30.950000762939453 AB 5.79651160099907 1.0965089099563157
61332.9992 lsst_hardware_y -33.01472512286265 66.69000244140625 30.049999237060547 AB 2.5553733497014774 1.0971191483512603
61333.0167 lsst_hardware_z -12.267538952598704 59.65999984741211 30.979999542236328 AB 3.263200223040655 1.0966897069537116
61336.0009 lsst_hardware_y 52.458834062397685 67.77999877929688 30.049999237060547 AB 4.342728920184841 1.0953348685755322
61336.0183 lsst_hardware_i -111.5680612391626 74.0199966430664 31.31999969482422 AB 4.310538080787692 1.1019462084202811
