data/validation/pwv_sim_epoch_fit_seasonal/40577690.ecsv
# %ECSV 0.9
# ---
# datatype:
# - {name: time, datatype: float64}
# - {name: band, datatype: string}
# - {name: flux, datatype: float64}
# - {name: fluxerr, datatype: float64}
# - {name: zp, datatype: float64}
# - {name: zpsys, datatype: string}
# - {name: pwv, datatype: float64}
# - {name: airmass, datatype: float64}
# meta: {SNID: '40577690', alt: 1024.0, c: 0.010787208564579487, dec: -43.406857, lat: -30.244573, lon: -70.7499537, ra: 49.899193, t0: 60293.91015625,
#   x0: 2.878811606846945e-06, x1: 0.363102525472641, z: 0.7686907052993774}
# schema: astropy-2.0
time band flux fluxerr zp zpsys pwv airmass
60185.4208 lsst_hardware_r -53.2402385019068 80.22000122070312 31.649999618530273 AB 6.803012527147343 1.0330682247670695
60193.3226 lsst_hardware_z 62.33636370185695 181.99000549316406 32.189998626708984 AB 0.7464640927948278 1.0663772754211827
60198.4069 lsst_hardware_i 67.60172721485579 85.27999877929688 31.34000015258789 AB 2.6241712537942847 1.052193766557452
60200.3254 lsst_hardware_i 186.80777838747656 85.83999633789062 31.34000015258789 AB 2.860780829770942 1.0404731150286468
60200.3427 lsst_hardware_u 29.910402305174618 29.110000610351562 29.530000686645508 AB 2.9327407208760317 1.0295737127877942
60202.3995 lsst_hardware_g -11.113730140772423 87.41000366210938 31.729999542236328 AB 1.2439395828020758 1.0565738245769818
60204.3988 lsst_hardware_i 28.913062930952805 85.20999908447266 31.329999923706055 AB 0.7441599340213108 1.063085620030444
60208.3819 lsst_hardware_z 157.55216401837274 103.5999984741211 31.0 AB 3.6524644189679543 1.055015718939328
60208.3952 lsst_hardware_u -30.4657761994391 28.100000381469727 29.479999542236328 AB 3.6724157868867606 1.074460305806196
60216.3474 lsst_hardware_r -55.80247987302335 79.83999633789062 31.65999984741211 AB 7.207289454228466 1.0413904087988461
60216.359 lsst_hardware_z -116.69066159290409 103.7699966430664 31.0 AB 7.308978103655263 1.0536982777561108
60217.283 lsst_hardware_y 427.57277662532425 252.9199981689453 31.829999923706055 AB 2.452163622334394 1.037221130349409
60217.2993 lsst_hardware_r 16.2973161884839 160.27000427246094 33.16999816894531 AB 3.8586827885214996 1.0285021092881506
60222.3576 lsst_hardware_i -85.56927442232933 85.11000061035156 31.329999923706055 AB 8.173844470665088 1.0755058514033011
60222.3687 lsst_hardware_z 58.66428656281757 104.06999969482422 31.0 AB 8.331763286662552 1.0962846429819149
60225.3481 lsst_hardware_r -137.9070835302924 79.6500015258789 31.649999618530273 AB 4.626017322571874 1.0733218845872354
60225.3593 lsst_hardware_i -140.68143945382678 84.98999786376953 31.329999923706055 AB 4.7901980186203055 1.0938190025773267
60228.341 lsst_hardware_z -26.01911994473562 104.16000366210938 31.0 AB 4.694587477705141 1.0751374047189146
60228.3532 lsst_hardware_i -127.89648131274042 84.8499984741211 31.329999923706055 AB 4.784479931766531 1.0981133651059285
60234.277 lsst_hardware_g -83.55950511583839 88.25 31.739999771118164 AB 6.206525310585336 1.0285353771063364
60234.2903 lsst_hardware_r -20.192136672057615 80.29000091552734 31.65999984741211 AB 6.23250995102421 1.0351430348685904
60237.2785 lsst_hardware_i 114.69014523356448 85.52999877929688 31.34000015258789 AB 1.2966090700944604 1.032880300128354
60239.3229 lsst_hardware_r 2.746031928550638 79.47000122070312 31.639999389648438 AB 2.7660273236547845 1.097557300570644
60239.334 lsst_hardware_g 100.01832981199875 86.31999969482422 31.700000762939453 AB 3.5833751118231865 1.1228750840025652
60241.3179 lsst_hardware_r 94.53670121231116 79.37000274658203 31.639999389648438 AB 3.534852926536503 1.0985195814579929
60241.3292 lsst_hardware_i 104.94303228960277 84.70999908447266 31.31999969482422 AB 3.6788873737193626 1.1245261726176212
60249.2997 lsst_hardware_i -18.337005960139038 84.29000091552734 31.31999969482422 AB 6.0711574892272955 1.1063948771524275
60249.3116 lsst_hardware_z -38.434781125538336 103.01000213623047 30.989999771118164 AB 6.20986921903575 1.135536246318948
60261.255 lsst_hardware_r 53.0782983019015 79.55481595387599 31.639999389648438 AB 4.763615107417686 1.0823118238604255
60261.2661 lsst_hardware_u -6.830115740684914 27.91239571615147 29.450000762939453 AB 4.8662732547709515 1.104548669464646
60263.2459 lsst_hardware_g 73.71271895834688 86.84183801957464 31.709999084472656 AB 7.902654263915395 1.0759229767071559
60263.2574 lsst_hardware_i -11.174159312042395 84.84152494897991 31.31999969482422 AB 5.024448481097299 1.097620319549391
60265.2434 lsst_hardware_r 18.53929353764754 79.47151060736988 31.639999389648438 AB 5.928242658595962 1.0810891889906469
60265.255 lsst_hardware_z -11.590686306969195 104.06921033368987 30.989999771118164 AB 4.417370385888643 1.1041585700438201
60268.2476 lsst_hardware_r 37.656319453145336 79.53438074449079 31.639999389648438 AB 5.4395701664512535 1.1059033951852644
60268.2595 lsst_hardware_y 169.72220614436873 110.79942983048876 30.049999237060547 AB 5.012667015116683 1.1349434751208913
60270.2281 lsst_hardware_z 174.47673799348263 104.7213812530781 31.0 AB 3.2684130112179295 1.0781800625286797
60270.2407 lsst_hardware_r 267.90257915365817 79.90804794386271 31.6299991607666 AB 3.418150922822383 1.1027479049862512
60272.2395 lsst_hardware_i 347.28501707311335 86.99932238913841 31.31999969482422 AB 8.526591922785032 1.1123092476565428
60272.2521 lsst_hardware_z 17.37181266008948 105.48256909209779 30.989999771118164 AB 9.997766612932681 1.144596767272559
60274.2374 lsst_hardware_r 426.0715857021412 80.9678232024698 31.6299991607666 AB 5.912128484221506 1.1203224869825676
60274.2498 lsst_hardware_z 230.032688129133 104.88385918609754 30.989999771118164 AB 6.065752338656483 1.1536966345000148
60276.1896 lsst_hardware_i 542.5304604829641 88.04606534659071 31.329999923706055 AB 3.441194979560287 1.0473088273789202
60276.2018 lsst_hardware_z 434.1030265877848 105.65304598892452 31.0 AB 3.5146531008451185 1.0624974734886556
60280.1883 lsst_hardware_i 724.237175158065 89.58303545718469 31.34000015258789 AB 6.678786249032475 1.0589202096608317
60280.1999 lsst_hardware_r 690.4753914836499 83.24025107169913 31.649999618530273 AB 6.807408990707855 1.0766390053047366
60282.2096 lsst_hardware_u -38.454527545195134 27.992232227654426 29.450000762939453 AB 4.823119662889442 1.106410429062132
60282.2216 lsst_hardware_g 7.120986849517491 86.97687328151349 31.690000534057617 AB 4.97432587094984 1.1358204979905209
60284.2081 lsst_hardware_r 661.409182449872 83.8405295786739 31.639999389648438 AB 5.800690812921185 1.1155174640233048
60284.2196 lsst_hardware_i 966.0622137228103 89.75070503300394 31.31999969482422 AB 6.11358419931882 1.1453485456080137
60287.1146 lsst_hardware_i 851.3337811517304 91.09497256496614 31.34000015258789 AB 6.34039658083777 1.0270343534200062
60287.127 lsst_hardware_u 37.79031599154605 28.752283363998906 29.530000686645508 AB 5.625475199703826 1.0272338912357097
60290.1614 lsst_hardware_r 893.2780125220597 84.66109858516234 31.649999618530273 AB 12.598538010087895 1.059472277576425
60290.1754 lsst_hardware_z 829.1551682220643 107.15463394819253 31.0 AB 13.73589893772746 1.0815668454903513
60293.1058 lsst_hardware_r 753.4649459981572 33.54925142153018 31.489999771118164 AB 7.979569081162213 1.0266777762442811
60293.1176 lsst_hardware_i 1114.2768662607357 43.694153726339835 31.25 AB 8.005816588156899 1.0291318669913327
60295.1021 lsst_hardware_z 610.6730123982413 47.89737503738197 30.950000762939453 AB 9.89717831049513 1.0268113926074023
60295.1135 lsst_hardware_u 3.682590674814556 2.8008838216237892 28.510000228881836 AB 9.926707589520118 1.029652442512188
60297.1036 lsst_hardware_g 84.13834274746067 24.49436453938279 31.600000381469727 AB 3.184314983323584 1.0281380778098383
60297.1165 lsst_hardware_r 593.3609906160278 37.194974022284434 31.549999237060547 AB 3.168343488324973 1.0339984188169615
60301.1002 lsst_hardware_i 989.620827817998 58.52303462930455 31.31999969482422 AB 4.416353751122138 1.0310152331322837
60301.1128 lsst_hardware_z 652.7636598968264 56.2301046378968 30.969999313354492 AB 4.41419426375268 1.0392452651566053
60303.0995 lsst_hardware_i 974.2963290753543 66.10892769779223 31.329999923706055 AB 6.271997283877034 1.0336185372244027
60303.1121 lsst_hardware_z 654.4051994432018 60.501356431097065 30.979999542236328 AB 6.301397391202858 1.0434936685908809
60304.09 lsst_hardware_z 1172.4183098423212 87.03032424493375 31.729999542236328 AB 7.823615877339282 1.0301008396760083
60306.0872 lsst_hardware_r 488.90642189444105 67.75459248004427 31.649999618530273 AB 5.479152013152019 1.0313374350267321
60306.099 lsst_hardware_i 731.1217511599825 63.699105400497146 31.329999923706055 AB 5.580450688631015 1.039125570473238
60308.0871 lsst_hardware_z 487.2963575189007 46.556124195781216 30.950000762939453 AB 7.6446944668778904 1.034406422760824
60308.1003 lsst_hardware_u 8.632967602142843 5.675427269895674 28.969999313354492 AB 7.822917251334367 1.0453204945828451
60310.0775 lsst_hardware_g 33.08608640308159 13.969742761888677 31.389999389648438 AB 7.11045688263111 1.0319696847732729
60310.0902 lsst_hardware_r 260.5214831294134 27.913745581452567 31.479999542236328 AB 7.211234311927021 1.040932884590554
60312.0808 lsst_hardware_i 629.348199427288 38.47295860625501 31.239999771118164 AB 7.082771873208946 1.0376800820260461
60312.0933 lsst_hardware_z 363.65498404222285 46.13509956311827 30.950000762939453 AB 4.500558013662626 1.0495092435521785
60314.0769 lsst_hardware_i 576.5166376391 37.7292413902465 31.25 AB 11.0811063936953 1.0389186568249862
60314.0882 lsst_hardware_u 1.5422302384150182 2.593939655574681 28.399999618530273 AB 10.968140834461215 1.049917756968208
60316.0792 lsst_hardware_g 9.853670208540272 13.66402854350335 31.3799991607666 AB 10.125569304479658 1.0460839200867476
60316.0917 lsst_hardware_r 246.02804832700832 26.110626876888066 31.469999313354492 AB 9.313155271607194 1.061267764982872
60538.4309 lsst_hardware_u 10.358938271247226 13.770000457763672 29.399999618530273 AB 4.074075453554527 1.0266033648871178
60547.3138 lsst_hardware_i 46.008697091099265 56.18000030517578 32.029998779296875 AB 3.135808318965947 1.1525882083922863
60547.3334 lsst_hardware_r -31.68324582417727 55.54999923706055 32.349998474121094 AB 2.569603603523066 1.1028341646025661
60556.4164 lsst_hardware_u 14.73424403602441 11.84000015258789 29.329999923706055 AB 2.355364175452525 1.0414285226761348
60567.3952 lsst_hardware_z -49.591467603014976 41.650001525878906 30.959999084472656 AB 1.2522391280050014 1.0504627428213922
60567.406 lsst_hardware_g -34.47573161511467 27.540000915527344 31.639999389648438 AB 1.2645751089339967 1.0646065179743678
60572.379 lsst_hardware_i -94.7029336989351 66.41999816894531 31.329999923706055 AB 6.022975201159038 1.0476257778505356
60572.3908 lsst_hardware_z -17.270545661873154 61.790000915527344 30.979999542236328 AB 6.306001085576214 1.0623615474785357
60579.3756 lsst_hardware_i -20.32380218666738 30.90999984741211 31.239999771118164 AB 6.087504958170998 1.068170724367608
60579.3869 lsst_hardware_r -27.51214972055623 25.329999923706055 31.510000228881836 AB 6.1113138376774 1.0876804409725649
60581.3553 lsst_hardware_i -35.80973436215518 29.889999389648438 31.239999771118164 AB 7.290916889557082 1.0485750218687526
60581.3671 lsst_hardware_z -11.198060498077732 41.20000076293945 30.940000534057617 AB 7.367132328182026 1.0636154375488698
60583.3716 lsst_hardware_g 7.517601035027459 13.029999732971191 31.3799991607666 AB 4.527056475823905 1.0796271256783956
60583.3829 lsst_hardware_r 11.750164023029452 23.100000381469727 31.489999771118164 AB 4.623968692482176 1.101731878122824
60585.3571 lsst_hardware_r -17.27389344113956 21.739999771118164 31.489999771118164 AB 3.088399017006954 1.06496517827826
60585.3692 lsst_hardware_i 18.062935529735665 30.25 31.239999771118164 AB 3.147044542273658 1.0851877731978132
60587.3614 lsst_hardware_z -21.664221937020038 41.439998626708984 30.940000534057617 AB 8.214909517129865 1.0809091469907717
60587.3735 lsst_hardware_i -23.481878450635236 31.049999237060547 31.239999771118164 AB 8.39833605426572 1.105044217666542
60591.276 lsst_hardware_g 1.4953609240341252 12.979999542236328 31.40999984741211 AB 2.6614268932756344 1.0283058380870091
60591.288 lsst_hardware_r -46.73102869952673 21.6299991607666 31.5 AB 2.6622103549429412 1.0265922510143415
60593.3363 lsst_hardware_z 52.52436131209768 41.06999969482422 30.950000762939453 AB 4.662846194039206 1.0665247470354242
60593.3481 lsst_hardware_u 0.8695474567618794 2.6600000858306885 28.450000762939453 AB 4.703546203997065 1.0865830098750742
60595.3256 lsst_hardware_g -3.1868380066108215 13.050000190734863 31.399999618530273 AB 5.637974632642511 1.0590231758896473
60595.3358 lsst_hardware_r 27.801004340395128 21.979999542236328 31.489999771118164 AB 5.90013165630249 1.0744116646275639
60597.3443 lsst_hardware_i -5.067522994260048 30.239999771118164 31.239999771118164 AB 6.46077273749169 1.1009240414912993
60597.3559 lsst_hardware_z 10.42247615768515 41.95000076293945 30.940000534057617 AB 6.606795096716989 1.1281774363292807
60600.3252 lsst_hardware_z -184.9187369045176 89.98999786376953 31.739999771118164 AB 6.658219192477356 1.0796528607877092
60604.3219 lsst_hardware_z 29.089137855077926 67.98999786376953 31.709999084472656 AB 2.6666522823921106 1.0940860020755379
60606.3296 lsst_hardware_g -23.72781041357798 32.79999923706055 31.639999389648438 AB 3.588010529858916 1.1237993985933492
60606.3402 lsst_hardware_r 1.1247540780521115 35.209999084472656 31.56999969482422 AB 4.127834689728584 1.1525435403401774
60610.3116 lsst_hardware_i 4.355833371820335 30.540000915527344 31.25 AB 3.143060118053749 1.1070361437228682
60610.3214 lsst_hardware_u -1.3924597106952499 2.7699999809265137 28.489999771118164 AB 3.3244037318763793 1.1307495686654352
60612.3075 lsst_hardware_g 8.076056912730074 13.1899995803833 31.40999984741211 AB 4.991073987066725 1.1101143209667983
60612.3182 lsst_hardware_r 36.3891755824341 22.260000228881836 31.489999771118164 AB 5.0687450871586375 1.1367448053730966
60614.311 lsst_hardware_r -19.758610166218368 22.170000076293945 31.479999542236328 AB 6.170022951102595 1.1321143029546046
60614.3226 lsst_hardware_i -0.7643856482002653 30.979999542236328 31.239999771118164 AB 6.322451230444459 1.1653571941100285
60616.3084 lsst_hardware_z -3.692271609226817 42.40999984741211 30.950000762939453 AB 5.471016326225167 1.1397950679635767
60616.3196 lsst_hardware_u 1.2867239019829693 2.6500000953674316 28.389999389648438 AB 5.631131416247134 1.1731523783848197
60619.2541 lsst_hardware_g 15.688348637461935 12.989999771118164 31.399999618530273 AB 3.188800348335884 1.0514839574638764
60619.2648 lsst_hardware_r 22.533430084750165 21.850000381469727 31.479999542236328 AB 3.2846683612367302 1.0657587155214703
60621.1509 lsst_hardware_r 42.66311478520113 22.530000686645508 31.489999771118164 AB 6.318072849037471 1.0669566724616115
60621.1651 lsst_hardware_u 1.2981183071521518 2.7799999713897705 28.510000228881836 AB 6.205545699569273 1.0484111673541598
60621.172 lsst_hardware_r -2.5934328755539666 22.139999389648438 31.5 AB 5.3916283459717995 1.041525115126555
60621.1868 lsst_hardware_i 8.145207522790754 29.739999771118164 31.25 AB 5.34574570211181 1.0312175225512081
60623.259 lsst_hardware_i -16.37298051440674 30.059999465942383 31.25 AB 10.182615969251286 1.0738324249144515
60623.2711 lsst_hardware_z 68.61253607959755 41.4900016784668 30.940000534057617 AB 10.21464553147573 1.096286077969076
60625.2119 lsst_hardware_z 53.084213526017244 45.88999938964844 30.959999084472656 AB 7.0317581923374295 1.0305459001960864
60627.2477 lsst_hardware_y -38.14478431175669 50.689998626708984 30.030000686645508 AB 7.777004620765829 1.0732083931230012
60627.2591 lsst_hardware_r 6.451638407724863 63.5 31.6299991607666 AB 6.107184651999582 1.0940853908992443
60628.2502 lsst_hardware_i -54.869732482739494 63.63999938964844 31.31999969482422 AB 4.932641936682773 1.0822537297312869
60628.2619 lsst_hardware_z -65.12557733914926 59.65999984741211 30.969999313354492 AB 5.012251458489266 1.1058063226555523
60630.243 lsst_hardware_z -17.366225085989843 86.05999755859375 31.729999542236328 AB 6.221739601183366 1.0791483011375353
60630.2553 lsst_hardware_r 185.22714149804085 121.36000061035156 32.38999938964844 AB 4.471875907683766 1.1033042249312306
60632.2402 lsst_hardware_z 24.71851440374976 51.369998931884766 30.969999313354492 AB 5.754916561440597 1.0839415287358307
60632.2527 lsst_hardware_r 44.76595114396279 61.310001373291016 31.6299991607666 AB 5.831917794980429 1.1096789639388123
