data/validation/pwv_sim_epoch_fit_seasonal/40610414.ecsv
# %ECSV 0.9
# ---
# datatype:
# - {name: time, datatype: float64}
# - {name: band, datatype: string}
# - {name: flux, datatype: float64}
# - {name: fluxerr, datatype: float64}
# - {name: zp, datatype: float64}
# - {name: zpsys, datatype: string}
# - {name: pwv, datatype: float64}
# - {name: airmass, datatype: float64}
# meta: {SNID: '40610414', alt: 1024.0, c: -0.020461594685912132, dec: -8.084014, lat: -30.244573, lon: -70.7499537, ra: 116.542969, t0: 60339.31640625,
#   x0: 9.90641583624658e-06, x1: -0.9414478540420532, z: 0.46207866072654724}
# schema: astropy-2.0
time band flux fluxerr zp zpsys pwv airmass
[from data line 132]
60680.2323 lsst_hardware_g 3.8980678682610748 14.149999618530273 31.420000076293945 AB 12.535433319031416 1.0794775732212212
60682.206 lsst_hardware_r -43.9673346547258 23.09000015258789 31.5 AB 8.642186924078336 1.0855882245256991
60682.2273 lsst_hardware_i 5.176424939694223 30.899999618530273 31.239999771118164 AB 9.461056105756532 1.079536296868614
60686.2099 lsst_hardware_z 9.211790717044332 55.95000076293945 30.969999313354492 AB 6.90859073220664 1.0794673019072876
60686.229 lsst_hardware_r -121.57984039349992 67.05999755859375 31.6299991607666 AB 6.940483419332607 1.0844505342707198
60688.1891 lsst_hardware_i -62.77730974749942 88.38999938964844 31.329999923706055 AB 5.701101931021186 1.085958652215217
60688.209 lsst_hardware_z 38.117152396226444 75.1500015258789 30.989999771118164 AB 4.768795748514647 1.0793404059332645
60692.1721 lsst_hardware_y -193.52825108534915 74.6500015258789 30.790000915527344 AB 3.3529627535014273 1.0911632326847451
60694.165 lsst_hardware_r 82.28472735229349 46.13999938964844 31.610000610351562 AB 4.384429043285318 1.0928287744978362
60694.1852 lsst_hardware_i 15.812095975615582 44.5099983215332 31.299999237060547 AB 6.26378310206204 1.0799626038038
60695.1651 lsst_hardware_z 40.48009371153801 45.040000915527344 30.950000762939453 AB 8.081422261638886 1.0900218858428496
60695.1846 lsst_hardware_r -66.54208961786415 38.58000183105469 31.59000015258789 AB 9.6174407653926 1.0795600649621204
60699.0735 lsst_hardware_i 2.2658343215130015 33.380001068115234 31.219999313354492 AB 17.287600928408605 1.3336625595686484
60699.0896 lsst_hardware_z 22.06135539360922 44.5 30.93000030517578 AB 16.25409761419989 1.2514944939808572
60701.147 lsst_hardware_r -10.243909419837996 23.229999542236328 31.510000228881836 AB 14.421124448493059 1.0916823957981119
60701.1652 lsst_hardware_u -3.8697323670152763 2.819999933242798 28.520000457763672 AB 14.13226613811225 1.0801800881365295
60703.1482 lsst_hardware_g -17.39786617603775 14.270000457763672 31.440000534057617 AB 12.861542736510675 1.0859120851494997
60703.1683 lsst_hardware_r 23.312164372373232 23.170000076293945 31.510000228881836 AB 11.458039072795158 1.0793518139349225
60709.1085 lsst_hardware_u 0.5297080171621935 2.7799999713897705 28.479999542236328 AB 8.122121256521437 1.1143748722674676
60709.1265 lsst_hardware_r -7.260298824287572 23.170000076293945 31.5 AB 8.159319441805998 1.0903686459644752
60714.107 lsst_hardware_y 19.26009013731927 51.0099983215332 30.040000915527344 AB 9.481078804170805 1.0966278448745785
60714.1244 lsst_hardware_r 86.7315143889619 58.09000015258789 31.6299991607666 AB 9.145590232043338 1.0821476175802456
60716.1087 lsst_hardware_i -82.61863470923142 74.38999938964844 31.329999923706055 AB 3.810686489981984 1.089156553049513
60716.1273 lsst_hardware_z 35.26894230289595 66.56999969482422 30.989999771118164 AB 3.756282166005815 1.0795465342738368
60718.0999 lsst_hardware_r 93.43253523942845 112.52999877929688 31.649999618530273 AB 4.928144130948039 1.0923717526160721
60718.1172 lsst_hardware_z 57.48383040624526 77.5199966430664 30.989999771118164 AB 4.866687165213833 1.0806455346316937
60720.0991 lsst_hardware_r 3.2253373471503757 88.02999877929688 31.649999618530273 AB 3.4731105863785925 1.0880104170767793
60720.1164 lsst_hardware_i -6.363559621762359 71.37999725341797 31.329999923706055 AB 3.4246689246877287 1.0795425842243593
60722.0904 lsst_hardware_z -126.45881806331975 50.2599983215332 30.959999084472656 AB 3.416475544642853 1.0909448253250196
60722.1073 lsst_hardware_i -108.4263174479676 50.09000015258789 31.309999465942383 AB 3.3940342384148225 1.0803292005564333
60724.0879 lsst_hardware_u -1.8424360378469042 3.069999933242798 28.540000915527344 AB 5.986432145096802 1.0882443455911446
60724.1047 lsst_hardware_g -24.61460236245751 27.229999542236328 31.6200008392334 AB 6.0234552499433 1.0796657555015774
60727.087 lsst_hardware_r -10.882191653546947 22.780000686645508 31.5 AB 4.933278844405278 1.0831262099836068
60727.1032 lsst_hardware_i 8.864429485846825 30.6200008392334 31.25 AB 4.934204338626738 1.0793796861513936
60731.0865 lsst_hardware_g 1.580748383658347 13.859999656677246 31.399999618530273 AB 8.261299547966583 1.0795203747628739
60731.1048 lsst_hardware_r 24.49175576865674 22.799999237060547 31.479999542236328 AB 8.30537726675445 1.0836163176664428
60733.0556 lsst_hardware_r -23.49040880796012 22.8799991607666 31.489999771118164 AB 8.504840524156409 1.096055225743464
60733.0729 lsst_hardware_i 4.9229380354463945 30.829999923706055 31.239999771118164 AB 8.436077601030284 1.0819645506002673
60738.0544 lsst_hardware_u 2.4082515305281587 2.640000104904175 28.360000610351562 AB 4.875624894181435 1.0846773958134448
60738.0731 lsst_hardware_g -7.083199711251345 13.729999542236328 31.389999389648438 AB 4.8315384163506705 1.0793718886010992
60740.0523 lsst_hardware_r 5.625388648483355 28.829999923706055 31.540000915527344 AB 5.718793202253999 1.0826946615399256
60740.0698 lsst_hardware_i 13.150140541200955 33.459999084472656 31.260000228881836 AB 5.70416198150271 1.0796521100635832
60744.0418 lsst_hardware_z 84.70502185649669 58.72999954223633 30.979999542236328 AB 10.920569875581053 1.0824770655281644
60744.0607 lsst_hardware_r -62.63764857248558 74.0199966430664 31.639999389648438 AB 10.89104191509215 1.0800319233530327
60751.0067 lsst_hardware_y -72.5210283057713 50.099998474121094 30.040000915527344 AB 8.684448214463771 1.0957602945509808
60751.0259 lsst_hardware_i 33.84674022671948 44.650001525878906 31.299999237060547 AB 8.563706713847326 1.0810599792357194
60753.0036 lsst_hardware_y -0.8350091481136163 49.560001373291016 30.030000686645508 AB 7.533314672057646 1.0931313461594203
60753.0217 lsst_hardware_g 0.22776927724320983 14.0600004196167 31.43000030517578 AB 7.295241212480636 1.080616384606819
60758.9991 lsst_hardware_y 66.96512007646739 48.939998626708984 30.040000915527344 AB 9.716796784480545 1.0834159798350418
60759.0171 lsst_hardware_r 2.0613481504576905 22.670000076293945 31.5 AB 9.023721799597727 1.079521689149148
60760.9966 lsst_hardware_y 39.64007614610029 50.369998931884766 30.040000915527344 AB 6.599524809388194 1.0818893130144582
60761.0141 lsst_hardware_z 21.2753522351346 41.959999084472656 30.950000762939453 AB 5.93218880279283 1.079987038163576
60765.986 lsst_hardware_y -59.172735442334535 58.02000045776367 30.040000915527344 AB 5.268326588041555 1.0806823770341651
60766.0045 lsst_hardware_r 2.8783298878256613 23.059999465942383 31.489999771118164 AB 4.182379604509507 1.0812770435651384
60767.9845 lsst_hardware_y -139.44062296093756 59.93000030517578 30.049999237060547 AB 9.663038223280298 1.079669075226755
60768.0021 lsst_hardware_r -15.995435138728803 25.09000015258789 31.510000228881836 AB 6.809821572355809 1.0826855713431867
60771.9818 lsst_hardware_y 131.39199740039342 60.70000076293945 30.040000915527344 AB 12.215915305502815 1.0795497696133984
60772.001 lsst_hardware_i -64.3675784902761 52.72999954223633 31.309999465942383 AB 11.634678733414495 1.0897635330557771
