data/validation/pwv_sim_epoch_fit_seasonal/40651923.ecsv
# %ECSV 0.9
# ---
# datatype:
# - {name: time, datatype: float64}
# - {name: band, datatype: string}
# - {name: flux, datatype: float64}
# - {name: fluxerr, datatype: float64}
# - {name: zp, datatype: float64}
# - {name: zpsys, datatype: string}
# - {name: pwv, datatype: float64}
# - {name: airmass, datatype: float64}
# meta: {SNID: '40651923', alt: 1024.0, c: -0.12144210934638977, dec: -42.010422, lat: -30.244573, lon: -70.7499537, ra: 66.882355, t0: 62838.48828125,
#   x0: 8.227920095327623e-06, x1: 0.5997040271759033, z: 0.49859803915023804}
# schema: astropy-2.0
time band flux fluxerr zp zpsys pwv airmass
62758.301 lsst_hardware_z 20.95561965453271 55.63999938964844 30.959999084472656 AB 1.8987523702660762 1.169422523259747
62758.3183 lsst_hardware_i -2.3985263157708996 56.04999923706055 31.309999465942383 AB 1.7997953992513214 1.1193917689965085
62772.3883 lsst_hardware_z 95.70229547184334 44.029998779296875 30.959999084472656 AB 4.118808784364356 1.029702196091089
62774.3911 lsst_hardware_u -10.8998141294229 8.850000381469727 29.209999084472656 AB 3.3116296057167096 1.0362605353098295
62776.2331 lsst_hardware_g 3.0864356468915175 13.010000228881836 31.34000015258789 AB 4.123690465355225 1.2395552612474157
62776.2502 lsst_hardware_r -5.974553095022639 22.139999389648438 31.469999313354492 AB 4.318108614561482 1.1749156151449511
62781.3877 lsst_hardware_r 29.27832487913794 34.130001068115234 31.59000015258789 AB 4.102452203253486 1.0541407344391303
62785.1831 lsst_hardware_z -13.63667033133962 66.25 30.940000534057617 AB 5.26959438031236 1.3683111733186548
62785.1993 lsst_hardware_r 67.50048487765653 90.12999725341797 31.59000015258789 AB 4.95568058307248 1.2812549445614025
62787.3623 lsst_hardware_y -53.110680042117586 73.91000366210938 30.809999465942383 AB 5.6923049248442785 1.0429924127852066
62789.3571 lsst_hardware_r 88.79584767333513 59.130001068115234 31.639999389648438 AB 6.129100493079183 1.0432807443749836
62789.3693 lsst_hardware_i 27.268724050359634 51.880001068115234 31.309999465942383 AB 6.215001086821334 1.0590442339305333
62791.3665 lsst_hardware_z -7.039268954390146 48.27000045776367 30.959999084472656 AB 5.190081112914138 1.0630873663048501
62791.3773 lsst_hardware_r -9.35089495640519 49.810001373291016 31.6200008392334 AB 5.234504934557124 1.0818445664062806
62793.3329 lsst_hardware_r -23.88763106765815 31.649999618530273 31.579999923706055 AB 3.9180622552005313 1.0310690145264556
62793.3446 lsst_hardware_z -15.809043015149301 42.91999816894531 30.959999084472656 AB 3.984157551901942 1.0415644334195873
62794.2437 lsst_hardware_g 13.478963085098432 20.540000915527344 32.209999084472656 AB 1.198477196741681 1.0696709825884343
62794.2565 lsst_hardware_i 27.842505428485527 44.400001525878906 32.02000045776367 AB 1.2933049193819957 1.0506132570121816
62796.343 lsst_hardware_z 3.6052938699214154 41.09000015258789 30.950000762939453 AB 3.289725194087251 1.049214679841781
62796.3538 lsst_hardware_r -27.12677518760879 22.770000457763672 31.489999771118164 AB 3.35167490349597 1.0645870524605148
62799.3405 lsst_hardware_u 2.6758637931933147 2.5899999141693115 28.389999389648438 AB 3.897545421172415 1.0568659342448503
62799.3512 lsst_hardware_g 7.17003852305858 13.109999656677246 31.3799991607666 AB 3.930626695044124 1.0739906266343373
62801.3409 lsst_hardware_r 5.022310206663736 21.56999969482422 31.479999542236328 AB 3.255817605669626 1.0657922218351483
62801.353 lsst_hardware_i -16.743007105631456 30.309999465942383 31.239999771118164 AB 3.358798565870725 1.087752544676726
62803.3383 lsst_hardware_z 8.750980942994063 41.5099983215332 30.950000762939453 AB 3.7622568004592662 1.070546372131063
62803.3499 lsst_hardware_r 8.38370522565945 22.200000762939453 31.489999771118164 AB 3.874059795112738 1.092618161637512
62807.3308 lsst_hardware_r -5.5607460207131165 21.670000076293945 31.469999313354492 AB 3.320541644970122 1.0765832632561363
62807.3428 lsst_hardware_u 2.11614076271799 2.6500000953674316 28.3799991607666 AB 2.8331136317753693 1.1009152417766404
62813.2795 lsst_hardware_z 15.92725494836731 55.91906615344663 30.979999542236328 AB 5.3260268169825355 1.031975744426135
62813.2936 lsst_hardware_r 141.80523311007823 71.57401224503286 31.649999618530273 AB 6.2786142872865645 1.045593430950606
62817.3117 lsst_hardware_i 256.186576571678 65.06128771939726 31.31999969482422 AB 4.014651685614558 1.0926699983528247
62817.3233 lsst_hardware_z 102.10293175549096 60.558960273644956 30.969999313354492 AB 4.137535127584337 1.1195386937926906
62819.2354 lsst_hardware_z 292.12593363133976 52.67993756908529 30.969999313354492 AB 7.349671578344699 1.0212132247248435
62819.2475 lsst_hardware_r 837.3826438033735 63.76370345191131 31.649999618530273 AB 7.466474237024905 1.0233654381887205
62827.2209 lsst_hardware_u 12.956466294260583 4.468920948577084 28.459999084472656 AB 3.118546793654773 1.0220554833769873
62833.2991 lsst_hardware_g 1393.9047178299047 39.10838969890001 31.34000015258789 AB 4.128281912404488 1.1768751591403146
62833.3115 lsst_hardware_i 1875.7956002184376 52.85275334974257 31.219999313354492 AB 4.300493267712996 1.222570401377744
62838.2396 lsst_hardware_z 1593.34548799131 56.12195427884662 30.950000762939453 AB 6.717259851281948 1.0653516943011547
62840.2695 lsst_hardware_r 3037.9521551995867 65.7321338674836 31.559999465942383 AB 3.6352278672434073 1.1439928251054465
62840.2819 lsst_hardware_i 1858.0665577157267 53.875460809923226 31.229999542236328 AB 3.779846854219253 1.1834210564243122
62842.2725 lsst_hardware_z 1459.3243710707684 67.99616661410907 30.959999084472656 AB 5.3802684253388415 1.170132323910144
62842.2835 lsst_hardware_r 3140.5092538421054 82.16992954276485 31.600000381469727 AB 5.5203822393977955 1.2091517335226802
62844.1899 lsst_hardware_i 1948.6185820936566 81.86884693524948 31.34000015258789 AB 6.240851700142194 1.0285281529632093
62844.2023 lsst_hardware_z 1618.01279238304 72.66172801209954 30.989999771118164 AB 6.270752823354836 1.0384620060205076
62849.1925 lsst_hardware_g 898.247959628327 61.89130563848354 31.719999313354492 AB 7.922520424079153 1.0424368979051517
62851.1298 lsst_hardware_g 1059.830091366934 37.23917850553061 32.13999938964844 AB 10.456846905733912 1.0253511877878745
62851.1414 lsst_hardware_r 4079.42489520875 70.34303950005611 32.2400016784668 AB 10.422630751648374 1.0216973919837726
62853.1303 lsst_hardware_i 1545.8285202742643 48.97766485676506 31.25 AB 3.1027447276933415 1.023023402454186
62853.1428 lsst_hardware_z 1164.6526885557146 52.27945428013236 30.950000762939453 AB 3.0973012114913487 1.0212285901331553
62855.1326 lsst_hardware_r 1627.2698844121578 45.895874144818876 31.5 AB 3.1235014259398 1.0214196945518257
62855.1446 lsst_hardware_g 425.6628161273811 23.629003625533976 31.420000076293945 AB 3.104875073364707 1.0220969709044603
62858.1686 lsst_hardware_i 1225.6660706549244 46.11399231568775 31.239999771118164 AB 5.963770511940645 1.0431795423419927
62858.1814 lsst_hardware_z 816.1073544166528 50.33821144436691 30.950000762939453 AB 6.24111840350173 1.0597925629989746
62860.1254 lsst_hardware_z 859.2295398530763 49.106773959431095 30.950000762939453 AB 6.4858232670586125 1.0213090728381906
62860.1389 lsst_hardware_i 1267.2808904257995 45.02574618001447 31.25 AB 6.4758860885194744 1.0246655203353598
62863.1234 lsst_hardware_u 10.008572764385077 3.7765113296836783 28.450000762939453 AB 5.508873788298498 1.0222441618664868
62863.1363 lsst_hardware_g 195.92559261863323 18.979926594700558 31.399999618530273 AB 6.341684504493664 1.0274926287254285
62865.1093 lsst_hardware_g 200.33621355012514 20.517517932602058 31.479999542236328 AB 7.562748274204974 1.0212224930565867
62865.1224 lsst_hardware_r 809.1339772002228 36.20512758754878 31.5 AB 7.546568044809132 1.023552602856383
62866.1135 lsst_hardware_i 937.2418253739103 44.454705811823224 31.280000686645508 AB 7.627861241175104 1.021885088240979
62866.1273 lsst_hardware_z 822.6408656543455 49.36004766185203 30.959999084472656 AB 6.944278616977639 1.0270322586671534
62868.1117 lsst_hardware_r 698.5045239572929 47.147396292112504 31.610000610351562 AB 5.13677450563255 1.0227525148098655
62868.1252 lsst_hardware_z 693.3000942126348 51.810417793287996 30.959999084472656 AB 4.742202086041776 1.0290678860829547
62870.1134 lsst_hardware_r 605.5499580317304 60.097654868973926 31.639999389648438 AB 2.3586227696696986 1.025488160725956
62870.1281 lsst_hardware_i 802.2431888104687 55.657898244633834 31.309999465942383 AB 2.609857544663427 1.0354865444192767
62872.1056 lsst_hardware_z 712.8850868907035 60.52053341124466 30.979999542236328 AB 8.786225277142982 1.0244435267124221
62872.1175 lsst_hardware_i 798.8673926772834 63.356219963075134 31.31999969482422 AB 8.868938992793616 1.0313119492376002
62874.1059 lsst_hardware_z 1391.7976548373576 92.25955029142983 31.739999771118164 AB 6.035647591637398 1.0272859851873477
62881.0785 lsst_hardware_i 434.83059868793623 36.453140740361334 31.25 AB 6.106610838763909 1.0234829194274548
62881.0909 lsst_hardware_z 544.1131623900577 46.930581609879155 30.950000762939453 AB 5.584562576860894 1.0298712317673115
62883.0765 lsst_hardware_r 297.4854845538991 27.110256822802416 31.5 AB 2.8175602824097665 1.0248468791160377
62883.0888 lsst_hardware_g 51.096018787555124 14.80008339736366 31.40999984741211 AB 2.1038872309671715 1.032329357687503
62887.0663 lsst_hardware_z 1386.774965293943 79.14555566552998 32.13999938964844 AB 12.249111520990885 1.025173233727788
62887.0946 lsst_hardware_i 751.9047382332701 49.50058666833292 31.989999771118164 AB 13.273607010253984 1.0493246470463504
62889.069 lsst_hardware_u 8.937042340869203 3.8481499843611324 28.3700008392334 AB 7.631596168753002 1.0298355264493788
62889.0824 lsst_hardware_g 50.074752581524685 14.331282212118948 31.3700008392334 AB 7.60246427096312 1.0415047977208192
62893.0659 lsst_hardware_z 437.349708689001 44.99536540842885 30.950000762939453 AB 11.810757956423137 1.03603139968624
62893.0779 lsst_hardware_u 10.079267132505539 3.81096485170474 28.420000076293945 AB 11.957787603887168 1.0489287371830849
63124.3763 lsst_hardware_g -10.651731531124877 12.770000457763672 31.399999618530273 AB 1.2232649149960497 1.0282417329751048
63124.388 lsst_hardware_y -44.695890584887465 46.790000915527344 30.049999237060547 AB 1.2205526834594769 1.022880941512237
63129.3955 lsst_hardware_z 24.213890252235377 43.560001373291016 30.959999084472656 AB 6.043100474794292 1.022492395836715
63140.3095 lsst_hardware_r -106.7301666190782 84.4800033569336 31.649999618530273 AB 4.627151573563581 1.0500343964213876
63140.3222 lsst_hardware_y -37.7829442769034 52.560001373291016 30.059999465942383 AB 4.646915104080717 1.0361784831456928
63143.3758 lsst_hardware_i -21.326849267548724 50.439998626708984 31.31999969482422 AB 1.9645169439460721 1.0320099517293204
63143.3883 lsst_hardware_z -75.65605819055683 65.56999969482422 30.989999771118164 AB 1.9869911924579624 1.0438162373372828
63145.381 lsst_hardware_r 63.67316326372922 45.41999816894531 31.6200008392334 AB 6.014296202039582 1.0417973674069338
63147.3759 lsst_hardware_g 53.40747229677866 28.899999618530273 31.639999389648438 AB 4.160489963601919 1.0421851490078913
63147.3876 lsst_hardware_i -66.96107103436145 53.90999984741211 31.309999465942383 AB 4.238025965091434 1.0568643304467416
63149.3353 lsst_hardware_z 12.52796139810539 40.959999084472656 30.950000762939453 AB 3.064314973528659 1.021438324509553
63149.3481 lsst_hardware_r 9.21134818479154 23.799999237060547 31.510000228881836 AB 3.0752638934264267 1.0250879644754756
63151.3571 lsst_hardware_u 2.509888719115746 2.5899999141693115 28.389999389648438 AB 5.7161156908442745 1.0345598668235327
63151.3684 lsst_hardware_g -25.69832518962112 14.0 31.420000076293945 AB 5.799152636706999 1.046054649918588
63153.3612 lsst_hardware_r -5.758198718226357 21.549999237060547 31.479999542236328 AB 5.637837928840415 1.044044060896373
63153.372 lsst_hardware_i 17.13351813998957 31.5 31.25 AB 5.713156432219721 1.0579919318925408
63155.3567 lsst_hardware_z -52.77966414279502 40.970001220703125 30.950000762939453 AB 7.656196969116537 1.0451432624553323
63155.3686 lsst_hardware_r -12.11163262947161 22.780000686645508 31.489999771118164 AB 7.748285558389525 1.0610577172017897
63157.3605 lsst_hardware_u -0.8967489018570403 2.75 28.450000762939453 AB 6.796180520463044 1.0571542711200534
63157.3714 lsst_hardware_r -9.692666880410403 23.860000610351562 31.5 AB 7.028577924675785 1.074706104690572
63159.3451 lsst_hardware_g 10.875246839132993 12.75 31.3799991607666 AB 0.6837102129817294 1.0443638691166945
63159.3568 lsst_hardware_i 0.2713681054294215 30.1200008392334 31.239999771118164 AB 0.6633933780461124 1.0597338307445885
63161.3447 lsst_hardware_z 33.57834929479608 40.849998474121094 30.950000762939453 AB 3.271445484394051 1.0505043032575632
63161.3549 lsst_hardware_r -58.086501554120815 21.760000228881836 31.479999542236328 AB 3.35597457718084 1.0652478488606452
63165.2819 lsst_hardware_r -12.23802261804448 63.709999084472656 32.79999923706055 AB 1.430225915079321 1.0215899393423722
63165.2965 lsst_hardware_i 85.53683900735041 52.08000183105469 32.040000915527344 AB 1.403640233939759 1.022316266525372
63166.3392 lsst_hardware_z 10.75468046627316 40.97999954223633 30.940000534057617 AB 3.23882622440549 1.0620263059586634
63166.35 lsst_hardware_r 0.6926830563294213 21.799999237060547 31.479999542236328 AB 3.3496804994454794 1.0805420965953159
63168.3395 lsst_hardware_z 32.35171902464901 56.58000183105469 30.969999313354492 AB 3.8514255443372565 1.0714277293224315
63168.3489 lsst_hardware_r 53.446851811695375 64.33999633789062 31.6299991607666 AB 3.931007911301359 1.0891229898322938
63170.329 lsst_hardware_i -39.80545154345823 67.94999694824219 31.31999969482422 AB 3.652790629510549 1.063145465780353
63170.3402 lsst_hardware_z -99.259481473461 61.86000061035156 30.979999542236328 AB 5.1368038461815715 1.0826860251198018
63183.3187 lsst_hardware_g -6.802073276495594 12.779999732971191 31.350000381469727 AB 4.520923860653881 1.1131853150271176
63183.3297 lsst_hardware_r 12.734570309765344 21.950000762939453 31.459999084472656 AB 4.581553810942252 1.1423896798259312
63186.3137 lsst_hardware_i 38.04709801914992 30.450000762939453 31.239999771118164 AB 5.403498228807738 1.1211594888141272
63186.3244 lsst_hardware_z -35.11520853776269 42.27000045776367 30.940000534057617 AB 5.63996614979388 1.1508960615843034
63187.2643 lsst_hardware_i -19.311818096131695 29.579999923706055 31.239999771118164 AB 4.1908198752640455 1.039690686441359
63187.2778 lsst_hardware_z -23.839286909965455 40.849998474121094 30.950000762939453 AB 4.2781536571354986 1.0560300301482284
63189.301 lsst_hardware_u 1.3272472825840786 2.549999952316284 28.34000015258789 AB 6.953641375216393 1.1100074028599878
63189.313 lsst_hardware_g 11.203089490974302 12.899999618530273 31.350000381469727 AB 7.168188350658003 1.141476706980112
63191.1813 lsst_hardware_z 10.783401805015776 41.209999084472656 30.950000762939453 AB 3.274062505132899 1.0377377195351618
63191.1952 lsst_hardware_g -9.82856439723506 12.649999618530273 31.3700008392334 AB 3.246310973271186 1.0271781589785263
63193.3002 lsst_hardware_r 0.24262060703588206 21.850000381469727 31.459999084472656 AB 7.338209230635394 1.136165547611532
63193.3122 lsst_hardware_y -18.33372242915536 48.29999923706055 30.010000228881836 AB 7.60421038157696 1.1727351828676367
63195.2938 lsst_hardware_z 14.770467317674676 47.290000915527344 30.950000762939453 AB 7.7297818348168486 1.1335653079363401
63195.3067 lsst_hardware_r 8.681115372082619 22.170000076293945 31.459999084472656 AB 7.821861993095076 1.1726050510600656
63197.2647 lsst_hardware_r -64.85833433619517 78.72000122070312 31.639999389648438 AB 4.746240522556746 1.0793042689156898
63197.2768 lsst_hardware_i 50.25108107370724 64.01000213623047 31.309999465942383 AB 4.842715048740771 1.1044869445004133
63201.2946 lsst_hardware_z -50.48715959966829 57.560001373291016 30.959999084472656 AB 8.25173013551726 1.1872423579949056
63201.3067 lsst_hardware_i 84.79146352588481 60.650001525878906 31.290000915527344 AB 8.637844398214892 1.2336253068001115
63206.2722 lsst_hardware_i 2.561959025436537 36.459999084472656 31.260000228881836 AB 6.103258579849338 1.1582601049813472
63206.2837 lsst_hardware_r 25.617094641878243 34.68000030517578 31.549999237060547 AB 6.155602847704531 1.1971222963250758
63208.185 lsst_hardware_z 36.69230928207826 40.349998474121094 30.950000762939453 AB 4.508695463341908 1.024237951690502
63208.1978 lsst_hardware_u 3.602878226808227 2.640000104904175 28.459999084472656 AB 4.622431920209543 1.0316201350687324
63211.1943 lsst_hardware_g 3.0161636303782173 12.760000228881836 31.389999389648438 AB 10.458145758863957 1.0354599761251442
63211.2066 lsst_hardware_r -33.93783325121879 21.559999465942383 31.489999771118164 AB 10.589973537672407 1.0485122314527136
63213.1846 lsst_hardware_i 8.73368136965898 29.510000228881836 31.239999771118164 AB 11.426777475693008 1.031965092556227
63213.1979 lsst_hardware_z 43.885759058621204 40.70000076293945 30.950000762939453 AB 11.559727405331646 1.0446480771152495
63216.1265 lsst_hardware_i 39.535040159878264 29.450000762939453 31.25 AB 10.475857100039489 1.0274385064990306
63216.1402 lsst_hardware_z 9.914911965329253 40.34000015258789 30.950000762939453 AB 10.417032809536233 1.0220407885523204
63220.1324 lsst_hardware_g -24.90250810553874 16.780000686645508 31.5 AB 3.0985140603748955 1.021516215404235
63220.1453 lsst_hardware_r -4.92846222386923 23.479999542236328 31.510000228881836 AB 3.1457538030580547 1.022095297882562
63222.1724 lsst_hardware_z -26.37636350674099 62.209999084472656 31.700000762939453 AB 3.854808748247747 1.043603045210896
63224.1725 lsst_hardware_z 45.23758693817356 48.970001220703125 30.959999084472656 AB 6.726683943324155 1.0502785380436235
63224.1849 lsst_hardware_r 14.414357726972165 52.22999954223633 31.6299991607666 AB 6.91667982237261 1.0685569085094473
63229.1126 lsst_hardware_i 140.01321235453375 65.20999908447266 31.34000015258789 AB 7.659128067171716 1.0212170756228955
63229.125 lsst_hardware_z 25.42900717164689 59.70000076293945 30.989999771118164 AB 7.3675350983702526 1.023268763662535
