data/validation/pwv_sim_epoch_fit_seasonal/40663003.ecsv
# %ECSV 0.9
# ---
# datatype:
# - {name: time, datatype: float64}
# - {name: band, datatype: string}
# - {name: flux, datatype: float64}
# - {name: fluxerr, datatype: float64}
# - {name: zp, datatype: float64}
# - {name: zpsys, datatype: string}
# - {name: pwv, datatype: float64}
# - {name: airmass, datatype: float64}
# meta: {SNID: '40663003', alt: 1024.0, c: -0.06123111769556999, dec: -17.89609, lat: -30.244573, lon: -70.7499537, ra: 322.558594, t0: 60133.4765625,
#   x0: 5.169123472467048e-06, x1: 0.6288853287696838, z: 0.6047571897506714}
# schema: astropy-2.0
time band flux fluxerr zp zpsys pwv airmass
60095.4046 lsst_hardware_r -63.859073939368606 87.70999908447266 31.65999984741211 AB 7.578648812238233 1.024141731383545
60095.4248 lsst_hardware_y 133.25828660584625 131.58999633789062 30.079999923706055 AB 7.477276639397762 1.0324402779119808
60111.3289 lsst_hardware_u -63.15385578742317 33.58066148723929 29.520000457763672 AB 6.730557819831481 1.0398966606321494
60111.3527 lsst_hardware_g 124.53244708590577 98.07877926069614 31.739999771118164 AB 6.7920486289503605 1.024789503066682
60118.3239 lsst_hardware_r 983.863881492244 95.56412384870382 31.65999984741211 AB 2.7866481481653356 1.0285364720098433
60118.3455 lsst_hardware_i 898.9864095446409 104.34791610794497 31.350000381469727 AB 3.566408205083507 1.02460912305782
60120.3429 lsst_hardware_z 1395.277266384794 175.02939816838926 31.760000228881836 AB 3.7083032510174756 1.0252900560391158
60120.3678 lsst_hardware_u 48.94811737620592 47.7030312370152 30.280000686645508 AB 3.7837155219306626 1.043327885823846
60121.3386 lsst_hardware_g 597.2585624993311 100.62911577725122 31.739999771118164 AB 5.538631459699554 1.0248816887647594
60121.3578 lsst_hardware_r 1604.2820366123071 96.31135153660915 31.65999984741211 AB 5.646848514148415 1.035770569071295
60128.3163 lsst_hardware_z 2378.308109641707 176.76951022586064 31.760000228881836 AB 6.575411179182897 1.0243137157310567
60130.27 lsst_hardware_r 2183.4411796330387 99.14080657774255 31.65999984741211 AB 4.095234777742596 1.0482682878180707
60130.2898 lsst_hardware_i 1498.7485670465808 105.52761537145146 31.350000381469727 AB 4.119820748129351 1.0293118671153905
60137.2712 lsst_hardware_i 4401.012321386537 182.06587057990433 32.529998779296875 AB 7.779825563408419 1.0290093993001017
60137.2938 lsst_hardware_z 3744.4105395758193 217.08967220936813 32.20000076293945 AB 7.833406794417963 1.0246444466210893
60141.2903 lsst_hardware_u -28.414693250035132 33.753974304814655 29.540000915527344 AB 3.3104027611102316 1.027038784180635
60141.3169 lsst_hardware_g 402.1945557120967 98.96017160371308 31.729999542236328 AB 3.1129321682705804 1.0516662730643853
60148.2545 lsst_hardware_g 109.64098742413954 98.76255173953558 31.739999771118164 AB 5.271108859804854 1.0243118654887007
60148.2736 lsst_hardware_r 1312.9645360481666 94.63398025993007 31.65999984741211 AB 5.249615197232962 1.0282274404530336
60151.2179 lsst_hardware_i 1877.791381270785 146.56790531439822 32.099998474121094 AB 10.541376950688647 1.0418610984586931
60151.2388 lsst_hardware_z 1669.1234647611095 178.0376241656566 31.760000228881836 AB 10.336253546486086 1.0262024899711506
60159.1854 lsst_hardware_z 1156.328702657786 174.15144219161314 31.75 AB 2.374455390239567 1.056017518452109
60161.2224 lsst_hardware_r 655.4210934454615 90.53386785527546 31.65999984741211 AB 1.0784981885770109 1.0240932354440457
60161.2437 lsst_hardware_i 634.6430994990266 100.64190617373579 31.34000015258789 AB 1.0401514114887989 1.0317682940992423
60163.2024 lsst_hardware_z 700.6584033967861 174.36051979112833 31.760000228881836 AB 2.888940541520133 1.0278183906502298
60166.198 lsst_hardware_g -63.27276510904548 97.91884951177724 31.739999771118164 AB 4.230795499355788 1.026144918592236
60166.2191 lsst_hardware_r 205.60978890653513 89.80400239361838 31.65999984741211 AB 4.752310802160232 1.0258630981457597
60169.199 lsst_hardware_i 285.1317981129069 99.87526056036184 31.350000381469727 AB 3.078068711707894 1.0241453041783044
60175.1141 lsst_hardware_z 821.9544515584099 172.45396735517988 31.75 AB 2.444150251379862 1.1146083079941604
60175.1315 lsst_hardware_i 24.681637160442033 98.73456209121585 31.329999923706055 AB 1.9884209532491741 1.0738063741051298
60177.1832 lsst_hardware_u -11.764499556837114 33.823660802181905 29.549999237060547 AB 1.7715440531951978 1.024408666072782
60177.2032 lsst_hardware_g 59.42916796297673 97.70432525924598 31.739999771118164 AB 1.7879243444408064 1.034279412518785
60180.1695 lsst_hardware_r 221.30950076063917 88.66292060021989 31.65999984741211 AB 3.0494821473263167 1.0241180389543212
60180.1874 lsst_hardware_i 248.40573867791716 98.89782536384806 31.34000015258789 AB 3.074886952621431 1.0288777690504747
60182.1494 lsst_hardware_z 658.3149087640498 172.91953721548785 31.760000228881836 AB 2.2529050014559115 1.0284106823444512
60184.1201 lsst_hardware_r 136.09359183121387 88.22308100126827 31.649999618530273 AB 3.7011086869980043 1.0516505077660554
60184.139 lsst_hardware_z 361.36976994791985 122.11794277749225 31.010000228881836 AB 4.023000073030874 1.0315384802643268
60194.155 lsst_hardware_u 43.68166841248408 33.74311019484397 29.530000686645508 AB 2.066690557848326 1.0328288644919172
60194.1795 lsst_hardware_g 1.2833814682728841 96.87789308792092 31.719999313354492 AB 2.4047056635643798 1.0630882685961007
60196.101 lsst_hardware_i 205.78212726984577 98.23073042246341 31.34000015258789 AB 2.638522632764908 1.0357979453408432
60196.1191 lsst_hardware_z 336.2563553593002 121.74399991387702 31.010000228881836 AB 2.5936789782994665 1.0251695566401053
60199.102 lsst_hardware_r 52.68155165823077 88.10785452098408 31.65999984741211 AB 3.2031660287999992 1.028964352328943
60199.1207 lsst_hardware_g 7.642331583776444 97.5444072923074 31.739999771118164 AB 3.105228590951147 1.024151909943995
60201.1004 lsst_hardware_r 93.54594917027256 88.29296105221015 31.65999984741211 AB 1.2832132937822072 1.0269814275968043
60201.1193 lsst_hardware_i -58.187345317335776 98.3631478462935 31.350000381469727 AB 1.2780490122532562 1.0246935355808828
60207.2076 lsst_hardware_r 174.9426986758305 86.81103450310344 31.59000015258789 AB 7.975051803772698 1.2743770859335732
60207.2293 lsst_hardware_u 38.59847780566489 28.527897651902308 29.1200008392334 AB 8.247079148220315 1.4147146664757384
60209.0791 lsst_hardware_g -62.03569297918063 97.66753852607184 31.739999771118164 AB 2.5920136404219987 1.0267433711315823
60209.1017 lsst_hardware_r 92.23377498409194 88.25295945167731 31.65999984741211 AB 3.3337182845501747 1.0258646890604048
60211.0531 lsst_hardware_i 233.49436052719417 98.02968145472498 31.34000015258789 AB 3.179175235002019 1.0429794636126695
60211.0699 lsst_hardware_z 304.8458667192861 121.37188722807568 31.010000228881836 AB 3.1085543183539266 1.0285846749088559
60215.0637 lsst_hardware_r 114.87495918374061 87.7699966430664 31.65999984741211 AB 4.597915549515411 1.0263395262967119
60215.082 lsst_hardware_z 10.401724415420128 120.91000366210938 31.010000228881836 AB 4.589141356940911 1.0248957098803493
60218.0608 lsst_hardware_r 64.96315115460025 87.72000122070312 31.65999984741211 AB 5.849731364309202 1.0247405385493915
60218.0813 lsst_hardware_i -72.90176338611931 97.68000030517578 31.350000381469727 AB 5.8759501020516 1.027623312705734
60223.043 lsst_hardware_r -78.84981415922779 87.73999786376953 31.65999984741211 AB 3.8911971720710774 1.0259115910107481
60223.0622 lsst_hardware_u 21.273975816438476 33.849998474121094 29.549999237060547 AB 3.8934530310436513 1.02544744244162
60227.0205 lsst_hardware_i -7.462321199562826 139.77999877929688 32.09000015258789 AB 2.477620995055911 1.0323420812732962
60227.0413 lsst_hardware_z 318.55884793793115 173.25 31.760000228881836 AB 2.457865889266857 1.0241107871945239
60236.0081 lsst_hardware_y -178.8994469771106 131.6300048828125 30.079999923706055 AB 4.1553033512168565 1.025705356782044
60236.0273 lsst_hardware_z 121.70306781866755 120.83000183105469 31.010000228881836 AB 4.163052131547217 1.0256349178484863
60237.9954 lsst_hardware_y -85.35277652156857 131.67999267578125 30.079999923706055 AB 3.4820513464620535 1.0290256651121668
60238.0134 lsst_hardware_z -127.4055732037746 120.9000015258789 31.010000228881836 AB 3.4237671480250835 1.0241090227902938
60239.9966 lsst_hardware_y 41.14572216312044 131.82000732421875 30.09000015258789 AB 3.905443471957918 1.0259034557045728
60240.014 lsst_hardware_r 36.711180713088005 87.79000091552734 31.65999984741211 AB 4.049350106273135 1.0249573134905567
60242.0057 lsst_hardware_z -100.94579711902539 170.8800048828125 31.760000228881836 AB 3.7018504307607 1.024402849578646
60447.4091 lsst_hardware_g -18.80205779225399 16.690000534057617 31.5 AB 8.165444574765429 1.039566021231382
60447.4312 lsst_hardware_y -74.56048682577057 60.029998779296875 30.06999969482422 AB 8.468910338235364 1.0251366728080527
60458.399 lsst_hardware_z -72.80191877798546 67.79000091552734 30.989999771118164 AB 8.3450388946655 1.0257981473027056
60458.4222 lsst_hardware_y -12.376251112883018 57.689998626708984 30.06999969482422 AB 8.201214683556731 1.0271204830370526
60460.3983 lsst_hardware_z 12.085478364438671 51.09000015258789 30.969999313354492 AB 7.581771338752847 1.0245636944260603
60460.4203 lsst_hardware_y 88.13546554038687 50.439998626708984 30.049999237060547 AB 7.4618864958310445 1.0289655253840992
60462.3731 lsst_hardware_g -21.303984948243816 29.719999313354492 32.33000183105469 AB 9.00817641960539 1.0348278483176783
60462.3974 lsst_hardware_r 53.24234433039252 39.79999923706055 32.29999923706055 AB 7.82164516746555 1.024110660224622
60466.3769 lsst_hardware_r 27.445996849681535 24.479999542236328 31.520000457763672 AB 4.525538805955795 1.025889105173621
60466.3995 lsst_hardware_g -18.56259433646972 15.600000381469727 31.459999084472656 AB 4.564213008210711 1.0267425783317436
60468.3727 lsst_hardware_r -23.796484611709285 34.52000045776367 32.27000045776367 AB 2.563688763049969 1.0254755052199875
60468.3947 lsst_hardware_i 97.07595398421853 44.540000915527344 32.0099983215332 AB 2.981302937583496 1.0270320735775953
60485.3066 lsst_hardware_i -55.22634311569334 94.58999633789062 31.34000015258789 AB 4.160979344696587 1.0382980273728362
60485.3291 lsst_hardware_z 63.33777664537373 84.55000305175781 31.0 AB 4.107374441619714 1.0247514096103074
60487.3253 lsst_hardware_r 43.848236085057486 89.48999786376953 31.65999984741211 AB 7.025166570789893 1.0244501014641212
60487.3489 lsst_hardware_z 81.37807137742357 69.81999969482422 30.989999771118164 AB 7.418923500464854 1.0304060417312297
60490.298 lsst_hardware_y -61.261956954221915 67.43000030517578 30.799999237060547 AB 3.6357779918740367 1.0336990523488625
60490.32 lsst_hardware_g 29.641749792585745 38.29999923706055 32.38999938964844 AB 3.5886250122807293 1.024150973824409
60493.2986 lsst_hardware_r 0.6352951564053061 24.100000381469727 31.510000228881836 AB 6.583984110322644 1.027864196444094
60493.3203 lsst_hardware_i -35.4333329234571 31.280000686645508 31.25 AB 6.612660639040916 1.024927380699201
60495.2681 lsst_hardware_z 20.40883856415509 41.70000076293945 30.950000762939453 AB 4.225408994628967 1.0518599302053908
60495.2883 lsst_hardware_r 22.73082596972271 24.100000381469727 31.520000457763672 AB 4.0383525352910645 1.0307397729127465
60497.2982 lsst_hardware_u 2.9796654647945804 2.759999990463257 28.450000762939453 AB 1.522289999591255 1.0244212648662194
60497.3174 lsst_hardware_r -23.13338199624604 24.06999969482422 31.510000228881836 AB 1.5315435796412935 1.0279390880751096
60499.288 lsst_hardware_i 19.620284425316093 31.3700008392334 31.270000457763672 AB 2.1535503730076853 1.0255001776227073
60499.3084 lsst_hardware_z -25.17547659328565 41.54999923706055 30.959999084472656 AB 1.78839064428881 1.0263360942833917
60501.2875 lsst_hardware_r 12.387177673430369 24.049999237060547 31.520000457763672 AB 8.912194225519196 1.0243901408642755
60501.3088 lsst_hardware_u -1.8940987551014232 2.809999942779541 28.479999542236328 AB 8.779309369161117 1.0292273586355543
60503.2884 lsst_hardware_g -17.935733046846167 15.390000343322754 31.479999542236328 AB 6.394260583762663 1.0242014870278262
60503.3101 lsst_hardware_r -3.306975677335 24.200000762939453 31.520000457763672 AB 6.307772120520134 1.0340610033639566
60508.2684 lsst_hardware_z 4.396837232077434 47.599998474121094 30.969999313354492 AB 1.9238881474655023 1.0243891276383736
60508.2875 lsst_hardware_r 6.841027033401128 45.31999969482422 31.6200008392334 AB 1.9532156900249964 1.0280082579078929
60511.2507 lsst_hardware_z -84.36697184997453 75.25 30.989999771118164 AB 4.834968703396671 1.0272596395318707
60511.2697 lsst_hardware_r -22.535832793902237 111.2699966430664 31.65999984741211 AB 4.736479050609653 1.0246205041699565
60514.2369 lsst_hardware_i -81.76374098210195 112.69999694824219 31.34000015258789 AB 6.472435126620182 1.0304237624634125
60514.2598 lsst_hardware_z 96.48002240712107 97.6500015258789 31.0 AB 6.064329789764238 1.0243511933387413
60516.2404 lsst_hardware_r 8.614123161435623 69.3499984741211 31.649999618530273 AB 10.372627836139937 1.0258924753455803
60516.2614 lsst_hardware_z 49.40431590185137 56.7599983215332 30.969999313354492 AB 10.755039836234213 1.0261137103645412
60520.2194 lsst_hardware_u 1.2672216187343233 2.740000009536743 28.40999984741211 AB 4.64034165022296 1.03118703338288
60520.2403 lsst_hardware_g 4.033369876331814 15.65999984741211 31.469999313354492 AB 4.608530263427243 1.024117836317165
60529.2012 lsst_hardware_u -3.422886635484845 4.130000114440918 29.290000915527344 AB 3.369879325782967 1.0274283368326331
60529.2348 lsst_hardware_r -28.853075381530584 34.9900016784668 32.27000045776367 AB 3.195454350206893 1.0307917258731913
60531.2106 lsst_hardware_i 52.23337994645211 31.690000534057617 31.25 AB 4.5944910015414955 1.0241272781368616
60531.2307 lsst_hardware_z -25.445715754404336 41.880001068115234 30.950000762939453 AB 4.7223290168134655 1.0317520246481158
60535.1713 lsst_hardware_y -64.69036591695088 47.83000183105469 30.059999465942383 AB 2.4372195150948492 1.0371146872744041
60535.1913 lsst_hardware_g 62.33825680759974 28.40999984741211 31.65999984741211 AB 2.40716953989247 1.0250544527576169
60537.1564 lsst_hardware_r 17.69173310299453 52.7599983215332 31.639999389648438 AB 5.516687729367204 1.047803937201748
60537.1751 lsst_hardware_i 2.5418967711039895 47.0 31.309999465942383 AB 4.990323314658377 1.0297819468960745
60539.1987 lsst_hardware_z 14.63780405252131 68.13999938964844 31.0 AB 3.2053528677201473 1.0261507419870282
60539.2208 lsst_hardware_r 118.83288788264565 92.93000030517578 31.65999984741211 AB 2.5289353961274403 1.0430391735187932
60541.1827 lsst_hardware_z 40.713904595764106 112.55000305175781 31.010000228881836 AB 2.2287281735274913 1.024114037232621
60541.2005 lsst_hardware_r 177.8964148406304 169.52000427246094 31.670000076293945 AB 2.2446769562646423 1.0297864233350806
60546.1634 lsst_hardware_r -53.52977380940887 39.43000030517578 31.610000610351562 AB 3.6745206681784794 1.0245898321901818
60546.1838 lsst_hardware_z 35.88267366339971 46.81999969482422 30.969999313354492 AB 3.9682194009314737 1.0280361142309518
60553.1197 lsst_hardware_r 37.58729523080357 24.280000686645508 31.510000228881836 AB 1.051357341827489 1.0395754863159088
60553.1373 lsst_hardware_i 21.87237095096942 31.360000610351562 31.260000228881836 AB 1.3347039881764464 1.0266953755203434
60555.122 lsst_hardware_z 25.8029615901401 41.560001373291016 30.950000762939453 AB 0.6608241973403639 1.0325378083443186
60555.1419 lsst_hardware_r 5.8595978940682745 24.309999465942383 31.520000457763672 AB 1.4338733317566066 1.0241952369690048
60561.1004 lsst_hardware_z 8.440901885021116 41.709999084472656 30.959999084472656 AB 2.6610143980759844 1.0370282143709995
60566.0878 lsst_hardware_y -113.64235912672937 87.52999877929688 31.25 AB 1.3248406074604475 1.0360434857950713
60568.0866 lsst_hardware_r -122.64034784564407 113.93000030517578 31.670000076293945 AB 3.7168703095822972 1.0324639748839715
60568.1045 lsst_hardware_i 4.488684780837032 94.69000244140625 31.350000381469727 AB 3.687843782262887 1.0244010506285797
60577.0615 lsst_hardware_z -42.59989252234336 58.61000061035156 31.700000762939453 AB 4.6172725292080115 1.0328698521828374
60577.0811 lsst_hardware_r -49.00740798677136 33.97999954223633 32.2599983215332 AB 4.5166392645095 1.024258658517537
60580.062 lsst_hardware_r -24.117154997618144 24.079999923706055 31.510000228881836 AB 4.6000254795052165 1.0274029510508733
60580.0816 lsst_hardware_i -14.481163684972863 31.229999542236328 31.25 AB 4.603362016741473 1.024677132274141
60582.0592 lsst_hardware_z -55.91193477094828 41.310001373291016 30.950000762939453 AB 3.8226367174526055 1.0262571168604857
60582.0779 lsst_hardware_r -9.63828668026361 23.969999313354492 31.510000228881836 AB 3.809016672377996 1.0250773731449805
60584.0371 lsst_hardware_r 55.09040602152602 24.350000381469727 31.520000457763672 AB 5.174138391502158 1.0375079070603375
60584.0558 lsst_hardware_u -0.5753630303858167 2.940000057220459 28.579999923706055 AB 5.013085903712899 1.0255379540147456
60586.0372 lsst_hardware_g 22.37492008066237 15.470000267028809 31.469999313354492 AB 2.484913365887308 1.032655505978934
60586.0556 lsst_hardware_i -1.8940769430490958 31.489999771118164 31.260000228881836 AB 2.3625289633407514 1.024365788411946
60588.0401 lsst_hardware_z -23.84260960435269 41.459999084472656 30.950000762939453 AB 3.51277905281189 1.0274287957917199
60588.0578 lsst_hardware_r 7.39183393609506 24.25 31.520000457763672 AB 3.8660066170076384 1.0243564530921783
60590.0385 lsst_hardware_u 4.642321430122691 2.9000000953674316 28.489999771118164 AB 4.682442906073206 1.025839173200326
60590.0567 lsst_hardware_g 4.7483755312303915 15.979999542236328 31.479999542236328 AB 5.711667088383527 1.0252498812383901
60592.0273 lsst_hardware_r -16.562683685211795 27.729999542236328 31.549999237060547 AB 2.4681333265588763 1.0283888860661985
60592.046 lsst_hardware_i -38.576999682261444 33.13999938964844 31.270000457763672 AB 2.481770839548213 1.0242554022071817
60596.0056 lsst_hardware_y 104.21012789666501 58.279998779296875 30.059999465942383 AB 7.58272173268931 1.03630386415669
60596.0245 lsst_hardware_z -2.5472093775620275 68.7699966430664 30.989999771118164 AB 7.497006765616589 1.0251148722357044
60599.008 lsst_hardware_y 26.871836922804054 56.83000183105469 30.06999969482422 AB 7.289081020639566 1.0284901376628506
60599.0266 lsst_hardware_i 16.06252410402779 76.68000030517578 31.34000015258789 AB 7.257335392348941 1.0242276039444336
60601.0077 lsst_hardware_y -35.03748123123745 52.220001220703125 30.059999465942383 AB 4.190811888063081 1.0261118681239945
60601.0254 lsst_hardware_r 59.85958228755092 71.44000244140625 31.65999984741211 AB 4.168361449630836 1.024922903769621
60604.9964 lsst_hardware_z 18.32970242901253 64.94000244140625 30.989999771118164 AB 3.928502278376212 1.0262545136824237
60605.0143 lsst_hardware_i -14.249503063506179 32.349998474121094 31.270000457763672 AB 4.044438312926041 1.0248814223442613
60606.9982 lsst_hardware_y 31.118224097888422 73.04000091552734 30.06999969482422 AB 3.83320152451034 1.0243724009916242
60607.0151 lsst_hardware_r 12.184852103761562 25.1299991607666 31.530000686645508 AB 3.7167075656800495 1.0269984983918345
