data/validation/pwv_sim_epoch_fit_seasonal/40666196.ecsv
# %ECSV 0.9
# ---
# datatype:
# - {name: time, datatype: float64}
# - {name: band, datatype: string}
# - {name: flux, datatype: float64}
# - {name: fluxerr, datatype: float64}
# - {name: zp, datatype: float64}
# - {name: zpsys, datatype: string}
# - {name: pwv, datatype: float64}
# - {name: airmass, datatype: float64}
# meta: {SNID: '40666196', alt: 1024.0, c: 0.005555367562919855, dec: -2.089372, lat: -30.244573, lon: -70.7499537, ra: 350.683594, t0: 60539.65625,
#   x0: 4.236519725350329e-06, x1: -0.688737154006958, z: 0.6567267775535583}
# schema: astropy-2.0
time band flux fluxerr zp zpsys pwv airmass
60485.4018 lsst_hardware_i -13.368223754277592 97.76000213623047 32.060001373291016 AB 5.035230286837038 1.1384411388044176
60485.4212 lsst_hardware_y 55.00953466952921 78.01000213623047 30.770000457763672 AB 4.705598796570085 1.1370987244777586
60487.4154 lsst_hardware_z 96.89604659592754 65.9000015258789 30.969999313354492 AB 8.168253579629921 1.1369799670056726
60490.3777 lsst_hardware_r 35.554792671974354 40.86000061035156 31.59000015258789 AB 4.677937163158641 1.1461318542591596
60490.3997 lsst_hardware_i 2.774098258617232 41.2599983215332 31.280000686645508 AB 4.648921645592614 1.1356375650824437
60495.3383 lsst_hardware_g -6.618595568969886 16.049999237060547 31.440000534057617 AB 5.444536029752484 1.1872943293783131
60495.3589 lsst_hardware_r 0.6113954273197237 25.440000534057617 31.510000228881836 AB 5.169145941386001 1.1517704860486273
60499.3787 lsst_hardware_i 17.05878683906652 32.65999984741211 31.25 AB 2.4483963895162932 1.1359711055596784
60499.4 lsst_hardware_u 1.0592172175322039 2.8399999141693115 28.440000534057617 AB 2.2995536449421903 1.1497768224710951
60501.3757 lsst_hardware_g 37.70723598828908 15.699999809265137 31.440000534057617 AB 10.37269567332656 1.1365261877275266
60501.3948 lsst_hardware_r -1.0673457943009557 24.90999984741211 31.5 AB 10.513600928352899 1.1500748508681515
60508.3374 lsst_hardware_g 10.269416510053201 15.27769396640732 31.399999618530273 AB 1.7968900691336782 1.1393152715631478
60508.357 lsst_hardware_r 54.734686588830414 24.623264055961627 31.479999542236328 AB 1.767867031479496 1.136648327140696
60514.3307 lsst_hardware_i -13.820516073612891 94.2131281228458 31.31999969482422 AB 5.926991799333292 1.135874242877212
60514.3524 lsst_hardware_z -39.35736265636612 82.7379234934661 30.979999542236328 AB 5.7654914883677115 1.1432662082823144
60516.3223 lsst_hardware_z 186.91221064856032 77.74227384953076 30.979999542236328 AB 9.520676699687714 1.1364805864659853
60516.3435 lsst_hardware_r 129.10370061975252 101.76703848411879 31.6299991607666 AB 8.15441386926848 1.1406901803509018
60520.2886 lsst_hardware_r 248.89428679487372 31.54902726143481 31.5 AB 5.081637336723673 1.1543709993503846
60520.3097 lsst_hardware_i 289.1610891328931 37.72919837674492 31.239999771118164 AB 5.015876578569563 1.137000244490437
60529.3093 lsst_hardware_i 863.7689660839308 44.48612186324339 31.25 AB 2.922880331793164 1.1416014835801969
60529.3304 lsst_hardware_z 700.2823410221685 50.595409285659485 30.940000534057617 AB 2.997098451860296 1.1673974754065033
60531.2952 lsst_hardware_i 1203.665510661014 45.82331848850132 31.25 AB 5.4934968066202385 1.136977607441236
60531.3168 lsst_hardware_u 1.055652672456147 3.2227953816442487 28.450000762939453 AB 5.611811777674284 1.1549314216246727
60535.2426 lsst_hardware_r 1331.381311300459 44.60300673729034 31.510000228881836 AB 2.9156657267322768 1.1616198114471223
60535.2627 lsst_hardware_i 1205.7907182325268 47.78890638056608 31.25 AB 4.1706572181952986 1.1399131447066069
60537.2408 lsst_hardware_z 3890.1184089569947 113.88833522247938 32.459999084472656 AB 5.103377504205145 1.1562452572540685
60541.2522 lsst_hardware_i 2710.407431376581 151.5895519636029 32.06999969482422 AB 1.719814258751358 1.1370672785132947
60541.2728 lsst_hardware_z 1968.735097648784 129.31496686375695 31.739999771118164 AB 1.8621088259942702 1.13919479540853
60543.245 lsst_hardware_i 1343.0317108153156 130.13573529416854 31.31999969482422 AB 2.273981609587008 1.1377493043297238
60543.2632 lsst_hardware_z 928.1511070880418 109.68592366495854 30.989999771118164 AB 2.0167341997012604 1.1372561276510866
60546.2441 lsst_hardware_g 229.61074977482482 58.238782729381434 31.68000030517578 AB 3.853174039305111 1.1357919054694505
60546.2629 lsst_hardware_r 1073.6482977148187 68.36598606273894 31.6200008392334 AB 3.691990829765433 1.1416174489070603
60549.2131 lsst_hardware_i 1057.7283293845048 46.133674918814535 31.25 AB 4.54259202523808 1.1498777433838958
60549.2291 lsst_hardware_r 890.2457192397271 39.2723327105065 31.510000228881836 AB 4.531615501588197 1.1375488666023421
60553.1826 lsst_hardware_z 751.7293995004761 51.91482647603203 30.940000534057617 AB 1.9093453939729863 1.1815256150822935
60553.2008 lsst_hardware_u 0.028866201558541554 2.7917492623349167 28.389999389648438 AB 1.751997935153552 1.1514938778531396
60557.1693 lsst_hardware_r 530.7324626042036 34.07443225773281 31.479999542236328 AB 2.5733828695952243 1.1867110304796975
60557.1892 lsst_hardware_i 720.7627904172741 42.58620681510089 31.239999771118164 AB 2.4771090128719897 1.152322381550003
60559.1552 lsst_hardware_z 658.2060507730039 50.943526891058255 30.93000030517578 AB 2.4474966244961083 1.2081928295673743
60559.1748 lsst_hardware_i 660.7017444858814 41.68034240486554 31.239999771118164 AB 2.6487235977069647 1.1652985471654045
60566.1524 lsst_hardware_r 294.1644965356139 49.76137198298106 31.600000381469727 AB 1.9782268472834428 1.1710681351389332
60566.1668 lsst_hardware_i 500.9124564625908 48.92500463634254 31.290000915527344 AB 1.0178169177087881 1.1497508248616641
60568.1719 lsst_hardware_z 772.8863763996537 93.78595104894033 31.729999542236328 AB 3.415013648532618 1.1403651987531003
60571.1508 lsst_hardware_r 294.9874749520436 176.3359390852344 31.639999389648438 AB 8.541201867067414 1.1525421674010612
60571.1702 lsst_hardware_z 544.661066965016 120.8211770327884 30.989999771118164 AB 6.945349708694004 1.13710616691898
60578.1214 lsst_hardware_r 218.2757748480473 38.64330682360388 32.2400016784668 AB 4.241835391864781 1.1679062202268875
60578.1546 lsst_hardware_i 476.05898473627667 50.68937359004338 31.989999771118164 AB 3.241369094737946 1.1361265666799671
60580.1471 lsst_hardware_z 368.56729867243104 46.14177863894454 30.940000534057617 AB 4.902945835070662 1.1366294461458561
60580.1662 lsst_hardware_u -2.2008700668930326 2.9124515674136613 28.3700008392334 AB 4.920407083983176 1.139136939937841
60582.1065 lsst_hardware_r 112.22382241568307 26.898623282482994 31.489999771118164 AB 4.526831732050633 1.175266237957032
60582.1271 lsst_hardware_g 16.915389531227305 16.463893123908708 31.440000534057617 AB 4.755415459292436 1.1456071932767917
60584.1054 lsst_hardware_r 56.3375000535911 26.771215369462535 31.489999771118164 AB 5.291884568949877 1.1672416518527244
60584.1251 lsst_hardware_i 108.3718793837689 35.07891828504997 31.239999771118164 AB 5.00688585776761 1.1426028885822934
60586.1071 lsst_hardware_z 146.7013524665972 45.80092095090287 30.940000534057617 AB 2.4278871912321702 1.156136757729605
60586.1244 lsst_hardware_i 136.01219337862372 34.59052698029978 31.239999771118164 AB 2.3926572103690114 1.1393605763661958
60588.1058 lsst_hardware_u 1.784773742621213 3.196430554201123 28.350000381469727 AB 3.921830525739908 1.1508281486008856
60588.1264 lsst_hardware_g 41.311529672830204 16.398410981683327 31.43000030517578 AB 4.977101401477391 1.136324520885249
60590.1009 lsst_hardware_r 82.6639009231665 26.34756000013181 31.5 AB 10.353208942493847 1.1501755030214995
60590.1192 lsst_hardware_i 154.6129238102307 34.27364538480705 31.25 AB 10.068164156042728 1.136810721621716
60594.1044 lsst_hardware_g 28.474980900579734 33.771856450031315 31.639999389648438 AB 6.596910230455519 1.1383796773866095
60594.1216 lsst_hardware_r 100.60212373939912 38.383127919821284 31.59000015258789 AB 6.58394465082457 1.1365018528998738
60596.104 lsst_hardware_i 111.03567217004881 59.643335963926205 31.309999465942383 AB 8.202916301116527 1.1364659194527313
60596.1232 lsst_hardware_z 145.8236134353873 59.045645029116 30.969999313354492 AB 8.220564494593464 1.1395293172433576
60601.0823 lsst_hardware_z 510.6233816520272 104.93144018498032 31.729999542236328 AB 4.308421196860919 1.1400453001616544
60603.0737 lsst_hardware_r 68.95656761845281 25.84004337844568 31.5 AB 3.344734868281652 1.1422299558721813
60603.0922 lsst_hardware_i 99.96593637536564 45.22868635045935 31.290000915527344 AB 2.9727114801449406 1.135706391650407
60605.0697 lsst_hardware_z 121.02968025171809 44.54592086629449 30.940000534057617 AB 4.916678778482091 1.1411578921857009
60605.0863 lsst_hardware_u 0.6003251897102482 2.9695457514599815 28.40999984741211 AB 6.04033213568483 1.135685410319328
60611.0432 lsst_hardware_z 107.89350396201039 44.922538557609066 30.950000762939453 AB 2.724985536698243 1.1505920633490119
60611.0593 lsst_hardware_i 96.68247766828378 33.82202903227332 31.25 AB 2.702678451584568 1.1377702655326347
60613.0418 lsst_hardware_u -4.462926311970672 2.8849233678545714 28.489999771118164 AB 4.703295766638576 1.1462367066687569
60613.0583 lsst_hardware_g 25.892397348732455 16.09249950659285 31.450000762939453 AB 4.584247239972176 1.136285024263444
60615.0453 lsst_hardware_r 20.48984468287096 25.48166033978114 31.489999771118164 AB 7.54898006954657 1.1393110492203449
60615.0632 lsst_hardware_i 73.45918353113133 33.44205071801913 31.239999771118164 AB 7.514314461104289 1.1362370656911727
60617.045 lsst_hardware_z 93.16687918504051 44.23154827572466 30.940000534057617 AB 4.552410778116808 1.1369657288004018
60617.063 lsst_hardware_u -3.768949150319927 2.7572050009708344 28.3700008392334 AB 4.57517722216019 1.138033013409573
60622.0166 lsst_hardware_y 65.90544474678174 52.45510104230356 30.020000457763672 AB 10.270098033448342 1.146856285142591
60622.035 lsst_hardware_i 92.11372689960682 36.2789296286595 31.270000457763672 AB 10.428683939026278 1.1360222155802047
60624.0182 lsst_hardware_y 8.05824502955703 54.790000915527344 30.020000457763672 AB 7.736013534918619 1.1408927639738402
60624.0367 lsst_hardware_i -10.177654280897528 51.630001068115234 31.299999237060547 AB 7.176906947291706 1.1358860903125887
60626.0201 lsst_hardware_y 59.448009665918555 63.900001525878906 30.030000686645508 AB 5.766498522371503 1.1370774002313992
60626.0399 lsst_hardware_z 31.601294883273173 76.76000213623047 30.979999542236328 AB 5.941179648790282 1.1387569406852809
60629.0161 lsst_hardware_y 45.91172245199038 68.88999938964844 30.030000686645508 AB 7.48944635402693 1.1359837735993947
60629.034 lsst_hardware_i -14.31166626384508 78.52999877929688 31.31999969482422 AB 7.420470400979589 1.1400761130754122
60843.3903 lsst_hardware_r -105.87586821178466 104.43000030517578 32.369998931884766 AB 4.354715387489776 1.1769501047269664
60843.4181 lsst_hardware_y 19.115073838609952 78.18000030517578 30.780000686645508 AB 4.079204312879611 1.1405310411369003
60845.4316 lsst_hardware_z -35.79681947416215 49.97999954223633 30.959999084472656 AB 2.962336602259849 1.136083068939562
60853.3407 lsst_hardware_i 13.309475073822657 33.61000061035156 31.239999771118164 AB 8.895386328533318 1.2354703234074051
60853.3659 lsst_hardware_r -1.4897494393371198 25.530000686645508 31.510000228881836 AB 8.433964914311755 1.1713840158766327
60859.376 lsst_hardware_u 0.30479149667712224 2.859999895095825 28.450000762939453 AB 7.380152900223799 1.1395572958295022
60859.3986 lsst_hardware_g 5.375549831248825 16.020000457763672 31.450000762939453 AB 7.388562657658962 1.1376645865977306
60864.367 lsst_hardware_z -43.01694402507223 51.560001373291016 30.959999084472656 AB 1.6366013934133568 1.1373185499748217
60864.3899 lsst_hardware_r 26.94020973917123 47.540000915527344 31.610000610351562 AB 1.7067167647407868 1.1402817870324282
60869.3239 lsst_hardware_z -14.942516430265718 75.5999984741211 30.969999313354492 AB 7.1270048264223975 1.1683614469544914
60869.3439 lsst_hardware_r -47.69317081604967 104.87000274658203 31.6299991607666 AB 6.848235794047644 1.1428964943337585
60871.3268 lsst_hardware_i -77.98688220683354 83.97000122070312 31.309999465942383 AB 5.456798315208201 1.1553873803705057
60871.3472 lsst_hardware_r -12.86628143777519 97.69000244140625 31.6299991607666 AB 4.121502512515279 1.1375938483343302
60876.3308 lsst_hardware_u 2.5644945604039067 3.990000009536743 29.149999618530273 AB 3.8320778515732883 1.138889323597084
60876.3513 lsst_hardware_g -1.554106081286336 23.329999923706055 32.209999084472656 AB 3.1333199855927214 1.13732122889028
60878.3323 lsst_hardware_r 11.985266724383692 24.56999969482422 31.489999771118164 AB 5.425689520621677 1.136270056674549
60878.3516 lsst_hardware_i -1.7316390179320174 32.189998626708984 31.239999771118164 AB 4.935718821974224 1.1402399865950001
60880.3271 lsst_hardware_z 9.516436840220047 60.970001220703125 31.690000534057617 AB 5.938428399586022 1.1362151343319664
60880.3488 lsst_hardware_r 24.45795419208869 24.700000762939453 31.5 AB 5.753100273715111 1.1420924312563083
60882.325 lsst_hardware_u 0.2337489838122791 2.700000047683716 28.350000381469727 AB 9.88110688059257 1.1357594115623646
60882.346 lsst_hardware_g -1.3622737335032493 15.300000190734863 31.420000076293945 AB 8.17692694033077 1.144266294476738
60885.2864 lsst_hardware_g 15.099573291877874 21.739999771118164 32.18000030517578 AB 4.8338017938547075 1.1584442707752136
60885.3083 lsst_hardware_r 37.048044748268985 34.849998474121094 32.2599983215332 AB 4.21018797011765 1.1378886405723376
60887.2924 lsst_hardware_i -12.237905191575598 32.189998626708984 31.239999771118164 AB 3.8812055869155793 1.1449265479236346
60887.3134 lsst_hardware_r 3.3644972398541717 24.6299991607666 31.510000228881836 AB 3.836961980041798 1.1357278745097945
60892.2933 lsst_hardware_r 42.891442565490905 50.650001525878906 31.610000610351562 AB 1.7269495967776223 1.1364625808243196
60893.2538 lsst_hardware_z 16.313424236427966 53.7599983215332 30.959999084472656 AB 1.4464919732827823 1.176966617805356
60893.2691 lsst_hardware_r 21.818687867485043 61.970001220703125 31.6200008392334 AB 1.4087449506308147 1.152347607877967
60895.2989 lsst_hardware_z -133.58315267578556 100.8499984741211 31.729999542236328 AB 2.967172045727217 1.1371379837993933
60898.2852 lsst_hardware_r 230.18225612451184 145.19000244140625 31.639999389648438 AB 7.632697599825817 1.135860351921696
60900.2456 lsst_hardware_i 74.25589684098115 74.81999969482422 31.31999969482422 AB 4.08208234059383 1.1582292125677054
60900.2641 lsst_hardware_r 41.55506963593425 87.3499984741211 31.6299991607666 AB 3.874492896563989 1.1395567342835262
60903.2357 lsst_hardware_u 3.36742028986539 3.2899999618530273 28.540000915527344 AB 5.156151637761154 1.1607725433951268
60903.2562 lsst_hardware_g 20.609876432962615 22.079999923706055 31.559999465942383 AB 5.173779178927195 1.1393897989929591
60905.2519 lsst_hardware_r 20.002154181997557 24.719999313354492 31.489999771118164 AB 3.4098204585153673 1.1387578064729045
60905.2702 lsst_hardware_i -9.525321342762435 32.40999984741211 31.239999771118164 AB 3.401070455016624 1.136689749622601
60907.2201 lsst_hardware_z -57.508232897327076 43.81999969482422 30.940000534057617 AB 2.0806621064505224 1.1684736651725136
60907.2374 lsst_hardware_r -54.29710323767802 24.850000381469727 31.5 AB 2.048463927918405 1.145299684807383
60911.2507 lsst_hardware_r 54.00001744704429 24.829999923706055 31.5 AB 3.22622920954295 1.1359962005432924
60911.2699 lsst_hardware_z -20.437294771443646 43.5 30.940000534057617 AB 3.2502915651921787 1.1471954699345905
60931.1653 lsst_hardware_z 49.98171879281886 43.47999954223633 30.940000534057617 AB 4.116542970434295 1.152420754583262
60931.1823 lsst_hardware_u -0.8159133703205976 2.809999942779541 28.420000076293945 AB 2.4089498723934404 1.1380865538864422
60933.1593 lsst_hardware_g 36.80191014489078 15.930000305175781 31.450000762939453 AB 1.5795485835894512 1.153095449755044
60933.1767 lsst_hardware_r 13.337478917766653 25.25 31.510000228881836 AB 1.1087491092762993 1.1381513525505211
60935.1596 lsst_hardware_i 16.202133600163172 32.61000061035156 31.239999771118164 AB 0.6979002985681043 1.1466050907471592
60935.1768 lsst_hardware_z 3.560469323666062 43.20000076293945 30.940000534057617 AB 0.9265271528323379 1.1362622211534639
60937.1432 lsst_hardware_z -3.4775303205292394 43.83000183105469 30.940000534057617 AB 8.633641810016819 1.1602797755700602
60937.1639 lsst_hardware_i 41.05831715094124 32.869998931884766 31.25 AB 8.520482954621327 1.1391019992809261
60944.1394 lsst_hardware_z -70.82581668775431 43.18000030517578 30.940000534057617 AB 3.2254809043893085 1.1427069807708934
60944.158 lsst_hardware_u 4.333928335979132 2.7899999618530273 28.399999618530273 AB 3.2092534964444415 1.1357509129802201
60946.1416 lsst_hardware_g 4.800299537297499 17.8799991607666 31.489999771118164 AB 4.90257629336046 1.1379727556254422
60946.1601 lsst_hardware_r 36.850571706294836 26.06999969482422 31.510000228881836 AB 4.911670409475889 1.1373117650839508
60949.1062 lsst_hardware_r -16.42121126705301 42.7599983215332 31.59000015258789 AB 7.40059403360666 1.1671327165630545
60949.1234 lsst_hardware_i 0.6244554168768273 41.5 31.280000686645508 AB 7.262494474311131 1.1446913821910523
60951.1025 lsst_hardware_z 155.5437731142708 60.75 30.969999313354492 AB 4.079270987572663 1.1641755101520157
60951.1214 lsst_hardware_i 53.67563701207369 63.38999938964844 31.309999465942383 AB 4.124381937987231 1.1418554645591648
60954.1154 lsst_hardware_z 136.8189320934472 157.3000030517578 31.739999771118164 AB 3.9132705152307277 1.1403410923450397
60956.1016 lsst_hardware_r -198.9654945068511 112.37999725341797 31.6299991607666 AB 10.9390492692396 1.1472722056920694
60956.1212 lsst_hardware_i 53.715428883894056 89.29000091552734 31.31999969482422 AB 10.302247095298178 1.1359535899102822
60958.1085 lsst_hardware_z 7.2892544786292905 68.6500015258789 31.700000762939453 AB 3.6158224239237646 1.1381247793275935
60962.0721 lsst_hardware_r 55.18910393110032 24.790000915527344 31.489999771118164 AB 8.386388112737142 1.1647761267690475
60962.0909 lsst_hardware_i -27.506171819453844 32.38999938964844 31.239999771118164 AB 8.249670797473867 1.1422050001694664
60964.0726 lsst_hardware_z 80.28285073813626 43.4900016784668 30.940000534057617 AB 9.506806491659482 1.155795893782618
60964.0917 lsst_hardware_i -40.99475816347338 32.38999938964844 31.239999771118164 AB 8.876630818253327 1.138321469383602
60971.0271 lsst_hardware_z 9.909770983463657 43.970001220703125 30.93000030517578 AB 4.761719889178994 1.2095560777746541
60971.0373 lsst_hardware_u 2.151897552181746 2.7799999713897705 28.40999984741211 AB 4.694231134801676 1.1843651153782455
60973.0738 lsst_hardware_g 10.240123307728528 15.399999618530273 31.43000030517578 AB 4.327826244944328 1.136111194857629
60973.0909 lsst_hardware_r -8.519827370250995 24.6200008392334 31.489999771118164 AB 5.179034124477756 1.1394596731644586
60977.0429 lsst_hardware_z -17.7596310571476 45.06999969482422 30.940000534057617 AB 2.7387055025145646 1.1487055585515733
60977.06 lsst_hardware_i 2.0567206392209565 36.47999954223633 31.260000228881836 AB 2.6184775054847966 1.1368209141031296
60980.0548 lsst_hardware_z -66.94799375895563 96.08999633789062 31.729999542236328 AB 4.78862032197511 1.136090230598798
60990.0175 lsst_hardware_y 53.598159080340345 52.540000915527344 30.020000457763672 AB 8.308195880405384 1.140087258311964
60990.0349 lsst_hardware_r 13.828775674390426 24.860000610351562 31.5 AB 7.8430326270245025 1.1359854136909358
60992.027 lsst_hardware_z 34.58088921422317 64.63999938964844 31.700000762939453 AB 5.676107372448943 1.135751491852653
60994.0177 lsst_hardware_y -5.760459571402242 56.099998474121094 30.020000457763672 AB 6.351380161108624 1.1359160906345278
60994.0375 lsst_hardware_g 24.328710291419448 15.800000190734863 31.440000534057617 AB 6.395642693940009 1.1420790524892874
