data/validation/pwv_sim_epoch_fit_seasonal/40693520.ecsv
# %ECSV 0.9
# ---
# datatype:
# - {name: time, datatype: float64}
# - {name: band, datatype: string}
# - {name: flux, datatype: float64}
# - {name: fluxerr, datatype: float64}
# - {name: zp, datatype: float64}
# - {name: zpsys, datatype: string}
# - {name: pwv, datatype: float64}
# - {name: airmass, datatype: float64}
# meta: {SNID: '40693520', alt: 1024.0, c: -0.10064201056957245, dec: -7.933337, lat: -30.244573, lon: -70.7499537, ra: 346.992188, t0: 61260.68359375,
#   x0: 4.400127911598863e-06, x1: 0.7766331434249878, z: 0.6457735896110535}
# schema: astropy-2.0
time band flux fluxerr zp zpsys pwv airmass
61218.3492 lsst_hardware_z 108.95649078803717 73.7300033569336 31.709999084472656 AB 8.11583158968942 1.1271988319013084
61219.4038 lsst_hardware_z -50.371646586034956 53.900001525878906 30.969999313354492 AB 5.627561236722727 1.0842388870443997
61219.4244 lsst_hardware_r -48.02170059026189 53.34000015258789 31.610000610351562 AB 5.597330427486283 1.101547578224755
61221.3839 lsst_hardware_i -47.079908591418906 71.20999908447266 31.31999969482422 AB 4.377078170365517 1.0823635436116787
61221.4032 lsst_hardware_z 16.73571223534347 63.90999984741211 30.979999542236328 AB 4.424517176769959 1.0867489381291862
61224.3712 lsst_hardware_i 55.378192187473 77.62000274658203 31.329999923706055 AB 7.106823217579562 1.0834810713998646
61224.3909 lsst_hardware_z -118.26604285713402 69.69999694824219 30.989999771118164 AB 7.000694971428186 1.0845663412060675
61226.3685 lsst_hardware_z -16.631125467501775 69.54000091552734 30.989999771118164 AB 4.927738113669609 1.0827020903038542
61226.3881 lsst_hardware_r -47.369790765510906 88.13999938964844 31.649999618530273 AB 4.584409436282494 1.0859026319138967
61232.3381 lsst_hardware_r 20.404268801607937 24.827166819022377 31.510000228881836 AB 10.217547273010245 1.0898426466505153
61232.3583 lsst_hardware_i 72.62247926780682 32.29142713333174 31.25 AB 10.166044958223802 1.082060115651682
61236.3304 lsst_hardware_g 48.32962154372082 16.761893225286258 31.440000534057617 AB 5.128469347875437 1.0875001267804425
61236.3509 lsst_hardware_r 111.493499486362 26.998918213561353 31.5 AB 4.036716419719833 1.0823746935833654
61239.3282 lsst_hardware_i 272.3372738812369 36.27845062071589 31.239999771118164 AB 1.9516721231042897 1.0842622906134942
61239.3486 lsst_hardware_z 234.92219482681986 44.829742371467255 30.940000534057617 AB 1.7284443019724507 1.0840039523188778
61245.3249 lsst_hardware_g 280.8905740679484 22.28737693505386 31.440000534057617 AB 5.661482163821824 1.082190989930579
61245.3463 lsst_hardware_r 894.1249677771688 39.05325819048695 31.5 AB 5.51165334836784 1.0935820135650476
61247.2931 lsst_hardware_r 1307.782471068716 69.0414501642356 31.6299991607666 AB 9.102932712607256 1.0934015910402695
61247.3128 lsst_hardware_i 838.9002260679355 58.40402768543927 31.299999237060547 AB 8.962202091843695 1.0823915569857372
61250.3076 lsst_hardware_z 1395.184667361428 114.54917081455697 31.739999771118164 AB 4.003716252408787 1.0820854736239964
61252.2863 lsst_hardware_z 832.391266052386 100.47083531452988 30.989999771118164 AB 3.9058735439195456 1.0877850567915555
61252.3071 lsst_hardware_r 1761.093226246646 148.81825883172252 31.649999618530273 AB 3.666408474726898 1.082361231437988
61254.2984 lsst_hardware_i 1322.3182520388746 99.81974085405211 31.329999923706055 AB 1.4667471266894065 1.0820709160379245
61254.3181 lsst_hardware_z 839.7386090574164 87.47528064557127 30.989999771118164 AB 1.475411073399624 1.0903395049141205
61257.2793 lsst_hardware_i 1306.6309273846127 54.981420065057286 31.280000686645508 AB 0.3927392925422281 1.084166439039967
61257.3007 lsst_hardware_z 784.0695006517823 55.19823350780687 30.950000762939453 AB 1.699097240388989 1.0845301534397802
61259.2777 lsst_hardware_g 840.0218250572595 37.45515665529303 32.220001220703125 AB 4.509936165818654 1.082882805887185
61259.2985 lsst_hardware_r 3210.5501993528374 67.76906401214859 32.2599983215332 AB 4.5077030489221475 1.0861935057644814
61262.2573 lsst_hardware_r 1552.0040644383375 46.13923167107312 31.5 AB 4.669086899124458 1.088999859854101
61262.2773 lsst_hardware_i 1332.8870397170747 47.685027569440955 31.239999771118164 AB 4.636269704998893 1.082102860310163
61265.2471 lsst_hardware_z 909.4630081575672 51.798591430509354 30.950000762939453 AB 3.831871611012609 1.0905879404252854
61265.2675 lsst_hardware_u -3.234269762876495 2.983622037905947 28.479999542236328 AB 3.6790275862465163 1.0820669371313283
61267.2493 lsst_hardware_g 259.8556692646889 22.539500820946007 31.459999084472656 AB 4.702227520994965 1.085421656829523
61267.2689 lsst_hardware_r 1350.0186917053436 43.981427964650315 31.510000228881836 AB 5.0898200100386894 1.0829404276678063
61269.2465 lsst_hardware_i 1153.2721261935267 46.46270425611529 31.260000228881836 AB 4.582848416919811 1.0841846266667283
61269.2657 lsst_hardware_z 827.6109998992602 51.401155393117236 30.950000762939453 AB 3.8241641011496674 1.0836395866108437
61273.2451 lsst_hardware_i 1111.8947050609925 47.855890832670454 31.260000228881836 AB 1.518518224241656 1.0820794947090184
61273.2637 lsst_hardware_z 791.7354115269735 52.38609024471054 30.950000762939453 AB 1.1539826178224786 1.088406147439263
61275.2384 lsst_hardware_z 812.512093739601 56.24207582745906 30.969999313354492 AB 2.2258011543362186 1.0821494956663686
61275.2568 lsst_hardware_r 1068.8862234490148 59.19437218494058 31.6200008392334 AB 2.0832235288882983 1.0874193025646868
61277.2359 lsst_hardware_i 818.4284689054075 70.63675627141014 31.31999969482422 AB 3.6550130051509124 1.0820851173565316
61277.2537 lsst_hardware_r 818.3654620229635 83.3191179301351 31.639999389648438 AB 3.509389123273101 1.0890832078017278
61279.1937 lsst_hardware_z 1294.966544047299 137.59882247008457 31.739999771118164 AB 2.5282597100515556 1.1080758407822742
61285.1888 lsst_hardware_g 61.09865652885097 43.98505707935991 31.68000030517578 AB 2.7461686181154095 1.0939458045872033
61285.2066 lsst_hardware_r 525.4308085659924 53.64946916681056 31.6200008392334 AB 2.7154127732019657 1.0829163602002305
61287.1716 lsst_hardware_r 447.97005162163913 32.2361849076235 31.510000228881836 AB 1.6626892839457357 1.1084595226304905
61287.1904 lsst_hardware_i 512.5714012865609 39.549023636459715 31.239999771118164 AB 1.6320383525081341 1.088025568338756
61298.155 lsst_hardware_z 331.77740389028173 46.92065011752442 30.950000762939453 AB 1.528544219813126 1.0923374605620244
61298.1729 lsst_hardware_i 292.54849764100334 36.67940996187185 31.260000228881836 AB 1.0978506325885253 1.0825150033740596
61300.1317 lsst_hardware_r 162.50290900227645 30.086342753311136 31.530000686645508 AB 0.785293905600783 1.1154742977283851
61300.1505 lsst_hardware_z 383.4940381600866 46.750448905718464 30.950000762939453 AB 0.6046789572438463 1.0914782621730077
61304.1418 lsst_hardware_i 180.88304559721394 49.876191615828866 31.299999237060547 AB 4.915901829326871 1.0896379982992068
61304.1612 lsst_hardware_z 324.5069180187878 53.225986033034005 30.959999084472656 AB 4.853623911043052 1.0820697605714085
61306.1396 lsst_hardware_r 229.28856975731233 90.06805331112515 31.649999618530273 AB 1.4667729592475596 1.0873038986271384
61306.1587 lsst_hardware_z 381.57738781018156 69.53989109289671 30.989999771118164 AB 1.49240642114836 1.0822381589186425
61308.1073 lsst_hardware_z 287.45653981936454 107.26779741055303 31.0 AB 5.646431627211903 1.1199533806040596
61308.1278 lsst_hardware_r 214.50577827189866 154.3464009019673 31.649999618530273 AB 6.0098847556204085 1.0922429434095369
61310.1071 lsst_hardware_i 183.99781032131966 106.76616595997258 31.329999923706055 AB 3.6253126559891293 1.1110650458913662
61310.1251 lsst_hardware_z 391.5707415570639 91.18896895108888 30.989999771118164 AB 4.230946000125813 1.089888201990163
61312.1065 lsst_hardware_r 101.64614585343688 71.32093738865306 31.639999389648438 AB 4.103716894426516 1.1039658065577054
61312.1242 lsst_hardware_z 344.6136716686781 59.48955417966973 30.969999313354492 AB 4.048807908800026 1.0866851913576452
61314.1079 lsst_hardware_g 25.672412557974987 15.809894081254697 31.440000534057617 AB 6.938355091330808 1.0957027569612268
61314.1262 lsst_hardware_r 185.50589273713211 26.73132917333583 31.510000228881836 AB 6.390354102283044 1.083263868164946
61316.0998 lsst_hardware_i 239.9245997013748 34.14796227416682 31.25 AB 3.938265859520737 1.0986421404652758
61316.1184 lsst_hardware_z 105.82731971465016 44.67766191047965 30.950000762939453 AB 3.889374104794917 1.0840957274351715
61318.0984 lsst_hardware_r 83.35887546642036 26.41101483246933 31.510000228881836 AB 3.866230118802604 1.0942418789507122
61318.1187 lsst_hardware_g -1.4991740559950961 15.649070759527394 31.450000762939453 AB 3.8304899376052033 1.0824415224598707
61322.0982 lsst_hardware_z 199.96747830115982 44.2662888933538 30.950000762939453 AB 6.181084060176713 1.0859248173180325
61322.116 lsst_hardware_i 96.25093085544262 33.64114251340456 31.25 AB 6.228323639458036 1.0823710200066101
61324.0735 lsst_hardware_r 103.58562155863652 26.089470147560966 31.520000457763672 AB 3.423280123983869 1.1042839109625384
61324.0925 lsst_hardware_u 3.3995151883236887 3.1541794710646154 28.479999542236328 AB 4.561446343425261 1.0860586531964906
61327.072 lsst_hardware_g -36.43026232881416 15.513252159612243 31.440000534057617 AB 7.892155696927624 1.0961327356843922
61327.0894 lsst_hardware_r 60.595144347575825 25.79063099161734 31.5 AB 7.808778498096061 1.0836996574126159
61329.0761 lsst_hardware_i 114.32430880758459 33.89384604274289 31.25 AB 9.019399435494071 1.087766766089737
61329.0941 lsst_hardware_z 172.8709962745553 43.909682133191055 30.950000762939453 AB 8.364577534729024 1.082092824673871
61331.0727 lsst_hardware_r 39.204771411527936 32.92659156454987 31.559999465942383 AB 6.239157376148853 1.086456473673158
61331.091 lsst_hardware_g 39.59370713182665 26.794738390885446 31.6200008392334 AB 9.367194980856327 1.082307956732037
61333.0676 lsst_hardware_r 106.8281919831208 54.408036882782746 31.6299991607666 AB 3.130194730539985 1.0862445565783638
61333.0833 lsst_hardware_i 26.155235176021144 50.138280059291226 31.309999465942383 AB 3.1327645798401296 1.0820982400645218
61338.0424 lsst_hardware_r 139.26725887535656 114.86957080117668 31.649999618530273 AB 4.174584085128285 1.0956673961973584
61338.0603 lsst_hardware_z 178.82400073173073 78.89113589878792 30.989999771118164 AB 4.1459983523950354 1.0833782685961084
61341.0414 lsst_hardware_g 20.338796094862833 16.016608257805984 31.469999313354492 AB 3.8606819754089376 1.0891523346085659
61341.0597 lsst_hardware_r 97.19626160078907 46.82513718099027 31.6200008392334 AB 2.838275522638298 1.0820722541510857
61344.0368 lsst_hardware_i 4.02979953687509 32.06999969482422 31.260000228881836 AB 5.055046648006009 1.0866978337198572
61344.0549 lsst_hardware_z 87.34822336126423 42.470001220703125 30.959999084472656 AB 4.40530925301346 1.082230455015897
61351.0122 lsst_hardware_y 57.50289345935365 56.630001068115234 30.040000915527344 AB 4.4475254811580704 1.0906589646032787
61351.0256 lsst_hardware_r -17.187409357011457 24.979999542236328 31.520000457763672 AB 4.253187330281744 1.0831316814876792
61356.0122 lsst_hardware_y -94.12543040983657 66.56999969482422 30.049999237060547 AB 5.79707148497908 1.0830586613692816
61356.0296 lsst_hardware_z 24.37135471896439 42.65999984741211 30.940000534057617 AB 5.639158182397083 1.084192873327966
61359.0155 lsst_hardware_y -85.83646079193058 62.18000030517578 30.049999237060547 AB 6.055160788795455 1.08245459301841
61359.0341 lsst_hardware_r 35.330718661136416 27.489999771118164 31.530000686645508 AB 6.111630491762544 1.0926959370236082
61571.4125 lsst_hardware_g 8.619684120418805 16.290000915527344 31.459999084472656 AB 12.94566828206986 1.0878712842075513
61571.4321 lsst_hardware_y 148.2492462238711 49.7599983215332 30.040000915527344 AB 12.161780523474437 1.0822255810526669
61573.4006 lsst_hardware_i 22.728464405240427 52.02000045776367 31.309999465942383 AB 4.044546916267212 1.0931207881803275
61573.422 lsst_hardware_y 9.185903875119447 50.31999969482422 30.040000915527344 AB 3.8705840753885026 1.0821763491300567
61575.4024 lsst_hardware_i 104.92498635436844 66.05999755859375 31.31999969482422 AB 3.164937244451367 1.0873270615653585
61575.4224 lsst_hardware_y 16.012225026550844 53.560001373291016 30.040000915527344 AB 2.825470891648097 1.0823831029458206
61579.394 lsst_hardware_i 167.62770535321792 70.97000122070312 31.329999923706055 AB 3.56448183520106 1.085821897860366
61579.4179 lsst_hardware_y 137.91943786410317 55.7400016784668 30.049999237060547 AB 3.1269610558700407 1.0841818165398398
61581.3838 lsst_hardware_z 50.09070712284215 128.52000427246094 32.4900016784668 AB 4.845474950178961 1.0888707753211146
61586.3743 lsst_hardware_i -71.4289339239281 46.0 32.0 AB 3.871413763098248 1.0861536789763462
61586.3979 lsst_hardware_u 1.743397660965786 4.179999828338623 29.209999084472656 AB 4.406520231806079 1.0838370661161136
61588.3671 lsst_hardware_g 15.96971256113926 15.84000015258789 31.469999313354492 AB 7.530552904951338 1.0872089662818487
61588.3824 lsst_hardware_r -8.006362624761078 24.889999389648438 31.520000457763672 AB 7.995612499628685 1.082108901795973
61590.3855 lsst_hardware_i -25.872575552935068 45.380001068115234 32.0 AB 6.837447363957444 1.0833315953350937
61590.4082 lsst_hardware_r -31.45863217755229 35.130001068115234 32.2599983215332 AB 6.96826473758107 1.1009476623521628
61599.3574 lsst_hardware_i 13.716130850301266 45.0099983215332 32.0 AB 6.555122284971318 1.0824773960980876
61599.3807 lsst_hardware_z -11.310301738379273 60.0 31.690000534057617 AB 6.724575265635993 1.097471754809468
61606.3229 lsst_hardware_i -149.2777045317817 94.69999694824219 31.329999923706055 AB 3.5198789522010245 1.084541350239108
61606.3456 lsst_hardware_z -93.62208701674882 80.94999694824219 30.989999771118164 AB 3.2178167147971086 1.0848096805047143
61609.274 lsst_hardware_z 87.28293203284356 105.58999633789062 31.729999542236328 AB 5.842013609928659 1.1376482963737153
61616.3011 lsst_hardware_z 2.671276128926676 42.279998779296875 30.950000762939453 AB 4.770746766321552 1.0827226703709247
61616.3214 lsst_hardware_u -0.3279944125818766 2.7899999618530273 28.450000762939453 AB 4.8716408409592615 1.0864497861193714
61618.2854 lsst_hardware_g -3.1196215171548762 15.25 31.450000762939453 AB 4.801855721370472 1.0870895494179085
61618.3046 lsst_hardware_r -20.754146434011357 24.219999313354492 31.510000228881836 AB 5.2669418918665025 1.0823410001266895
61621.2876 lsst_hardware_i 0.7041726256715785 31.850000381469727 31.260000228881836 AB 1.0523759464177127 1.0826913028988814
61621.3087 lsst_hardware_z 46.76044794214788 42.349998474121094 30.950000762939453 AB 1.99959407503841 1.0870312992869855
61623.2793 lsst_hardware_i -9.264220399245 31.959999084472656 31.25 AB 1.3480992855327039 1.0834633598816186
61623.2989 lsst_hardware_u -1.354385393694832 2.819999933242798 28.469999313354492 AB 3.0472349812872106 1.0846825989394437
61625.2577 lsst_hardware_u -1.6699905840427562 2.809999942779541 28.459999084472656 AB 3.4403081858479587 1.0940426190585797
61625.2761 lsst_hardware_g 16.099971916763902 15.369999885559082 31.450000762939453 AB 3.4492432969970963 1.0828232717845692
61630.2645 lsst_hardware_z 93.66047812547714 72.95999908447266 31.719999313354492 AB 3.6802280312711053 1.082420009197384
61648.1766 lsst_hardware_r 12.451352352123758 25.09000015258789 31.5 AB 4.365592436884535 1.1193826761242398
61648.1926 lsst_hardware_i -17.398550439007646 32.400001525878906 31.25 AB 4.276094394413399 1.0964344601059999
61650.1891 lsst_hardware_z -71.68682962842713 42.5099983215332 30.940000534057617 AB 2.7438152442387236 1.094388849659798
61650.2075 lsst_hardware_i 66.22423647808276 32.09000015258789 31.25 AB 2.708723300499408 1.0829117672572262
61652.1682 lsst_hardware_r 46.64484153556433 25.149999618530273 31.5 AB 1.6725059948479224 1.1150039965652816
61652.1859 lsst_hardware_u -3.3737441848777623 2.7899999618530273 28.40999984741211 AB 1.638346102539129 1.092230735026086
61654.1724 lsst_hardware_g 8.670618322846138 15.869999885559082 31.459999084472656 AB 0.736218727692057 1.100887817109618
61654.1902 lsst_hardware_r -6.7944240954311335 24.850000381469727 31.510000228881836 AB 0.7296156000534365 1.0853337300906456
61656.1658 lsst_hardware_i 3.4116742171146544 36.68000030517578 31.270000457763672 AB 2.8812372709119467 1.1023385063269044
61656.1851 lsst_hardware_z -52.62072673341681 44.540000915527344 30.950000762939453 AB 2.760630454144172 1.0851534804025833
61673.1115 lsst_hardware_i 14.555836659162571 32.34000015258789 31.25 AB 5.608895044266602 1.1139442675052462
61673.1301 lsst_hardware_z -39.0324664676212 42.68000030517578 30.950000762939453 AB 5.970780384094047 1.0908855756566467
61677.1071 lsst_hardware_r -23.20526467268292 24.739999771118164 31.5 AB 4.099237466139588 1.1041469236083685
61677.1274 lsst_hardware_u -6.949505602754372 2.759999990463257 28.399999618530273 AB 4.329672558169466 1.0853349772938437
61679.1063 lsst_hardware_g -4.454078314814279 15.609999656677246 31.440000534057617 AB 6.939014767447291 1.0982929356516764
61679.1239 lsst_hardware_i -14.687908309420326 32.15999984741211 31.25 AB 6.89110397516307 1.084416278089027
61681.0993 lsst_hardware_z 24.93788564654134 42.47999954223633 30.940000534057617 AB 3.9212015913148877 1.1001220213171854
61681.1189 lsst_hardware_r -20.51126069913303 24.43000030517578 31.5 AB 3.9118757802320157 1.0842227772261683
61685.1002 lsst_hardware_r 1.4749920552704534 31.959999084472656 31.559999465942383 AB 8.884095418759664 1.088637125112234
61685.1188 lsst_hardware_i 80.317003588798 35.540000915527344 31.270000457763672 AB 8.807390397590487 1.0821219311451635
61687.0954 lsst_hardware_z -4.006307388052273 50.400001525878906 30.969999313354492 AB 6.141973728600255 1.0881663725152522
61687.1154 lsst_hardware_r -19.172726381626745 51.86000061035156 31.6200008392334 AB 6.116519335460668 1.0822505459381897
61690.072 lsst_hardware_r -98.77616453091959 116.5 31.649999618530273 AB 5.9779001130667515 1.1036123285661696
61690.0898 lsst_hardware_z 51.74975022062437 83.54000091552734 30.989999771118164 AB 6.279383302584033 1.0864924824957038
61691.0746 lsst_hardware_z -25.790855600657498 90.75 30.989999771118164 AB 5.227154684684386 1.0970853732612615
61691.093 lsst_hardware_i 25.1422837784895 106.44999694824219 31.329999923706055 AB 5.650515807009664 1.0836853074015655
61693.0711 lsst_hardware_z 102.20627429182711 82.01000213623047 30.989999771118164 AB 6.464272511285641 1.0949898384493335
61693.0891 lsst_hardware_r -82.73906299097538 121.30999755859375 31.649999618530273 AB 6.715722560586903 1.0831810581591779
61695.0663 lsst_hardware_y -62.69795753226651 53.36000061035156 30.040000915527344 AB 7.134236675382359 1.0943199727041149
61695.0865 lsst_hardware_g 53.86443033805934 85.33000183105469 31.719999313354492 AB 7.450285082361262 1.0825100314610152
61697.0683 lsst_hardware_r -34.05172342727798 24.229999542236328 31.510000228881836 AB 4.130225587279091 1.0880228974457828
61697.0862 lsst_hardware_i -32.61459526057696 31.65999984741211 31.25 AB 4.565574321945211 1.0821247084347414
61701.069 lsst_hardware_z -37.255842491149274 42.459999084472656 30.950000762939453 AB 4.711782974928874 1.0827329177753489
61701.0859 lsst_hardware_r 17.821062669738254 24.40999984741211 31.510000228881836 AB 5.7970286218332365 1.0846718349393276
61704.0426 lsst_hardware_r 27.040215317762094 24.549999237060547 31.520000457763672 AB 2.385568611055188 1.0934615482300327
61704.0594 lsst_hardware_u -0.9129392527275021 2.859999895095825 28.5 AB 2.377009651213825 1.0830845919868581
61706.0441 lsst_hardware_g -2.194539279419054 15.430000305175781 31.459999084472656 AB 2.877141549068813 1.0877661811221693
61706.0609 lsst_hardware_i -15.605885056680584 31.920000076293945 31.260000228881836 AB 2.957958145600505 1.082113826815377
61710.0066 lsst_hardware_u -19.307115819271445 7.409999847412109 29.06999969482422 AB 4.6984231753743435 1.1206733870898853
61710.0084 lsst_hardware_g -14.798844657395913 21.850000381469727 31.559999465942383 AB 4.6695747743976375 1.1174573196285102
61712.0441 lsst_hardware_r 23.526623127725685 25.030000686645508 31.5 AB 3.1787190499899696 1.0821171234006501
61712.0621 lsst_hardware_i 8.912097435324274 32.13999938964844 31.25 AB 3.2262900339641893 1.0882777345768173
61721.0132 lsst_hardware_y -43.78550009576384 69.38999938964844 30.049999237060547 AB 5.631714413166398 1.0830220025316761
61721.0317 lsst_hardware_z -183.86642492828668 68.4000015258789 30.979999542236328 AB 5.443275095615648 1.0848580160668955
61723.0135 lsst_hardware_y -1.981880064786135 70.05000305175781 30.059999465942383 AB 6.645188407612804 1.0821313732032423
61723.0316 lsst_hardware_z -52.788051556863735 61.70000076293945 30.979999542236328 AB 6.704510852747257 1.0879530795533072
