data/validation/pwv_sim_epoch_fit_seasonal/40789094.ecsv
# %ECSV 0.9
# ---
# datatype:
# - {name: time, datatype: float64}
# - {name: band, datatype: string}
# - {name: flux, datatype: float64}
# - {name: fluxerr, datatype: float64}
# - {name: zp, datatype: float64}
# - {name: zpsys, datatype: string}
# - {name: pwv, datatype: float64}
# - {name: airmass, datatype: float64}
# meta: {SNID: '40789094', alt: 1024.0, c: 0.09698040783405304, dec: 2.537361, lat: -30.244573, lon: -70.7499537, ra: 227.460938, t0: 62973.62890625,
#   x0: 3.963829064710683e-06, x1: 0.34329333901405334, z: 0.6748591065406799}
# schema: astropy-2.0
time band flux fluxerr zp zpsys pwv airmass
62922.362 lsst_hardware_i -22.944785287136423 32.709999084472656 31.229999542236328 AB 10.502749815865926 1.2212499785890611
62922.3805 lsst_hardware_y 41.501105507653726 49.77000045776367 29.989999771118164 AB 9.687063744431608 1.1959337956088405
62924.3716 lsst_hardware_i 38.47745388216408 32.2599983215332 31.229999542236328 AB 6.236360420598834 1.1993000808843912
62924.3898 lsst_hardware_y 101.77485383606484 51.20000076293945 30.0 AB 6.01372814002844 1.188131609212376
62931.3862 lsst_hardware_z -4.571746826360086 63.439998626708984 31.690000534057617 AB 8.855897677793198 1.1913363018454355
62933.3821 lsst_hardware_r -141.9211480574535 68.77999877929688 31.610000610351562 AB 10.17849723191062 1.1921756003526245
62933.4007 lsst_hardware_y -59.48720991433037 63.22999954223633 30.010000228881836 AB 10.358969633867943 1.212994102326457
62936.3452 lsst_hardware_i -24.387320315545846 81.31999969482422 31.309999465942383 AB 7.924585486605711 1.1935365652873597
62936.3637 lsst_hardware_z 83.8485159155299 71.83999633789062 30.969999313354492 AB 7.960614755503587 1.1880775706242759
62938.3435 lsst_hardware_i -219.94791469185702 79.05000305175781 31.309999465942383 AB 15.33272867707097 1.1910765693366712
62938.3637 lsst_hardware_z 123.06484066449815 70.4800033569336 30.969999313354492 AB 15.37071178226749 1.1896375358745925
62940.3434 lsst_hardware_z -2.5231231605836437 51.80315528516917 30.950000762939453 AB 10.751006083736526 1.1887664983952075
62940.3635 lsst_hardware_r 57.16878665717491 51.79107990241426 31.59000015258789 AB 10.760850129313235 1.1925141438417386
62942.3463 lsst_hardware_i 42.45015033695556 34.80338017058662 31.25 AB 10.525200218244056 1.1879458485602632
62942.3648 lsst_hardware_r 0.11056343743032213 29.24959771717808 31.520000457763672 AB 10.565888035450534 1.1982181940860213
62945.345 lsst_hardware_u 1.8321191887913242 2.846461769065425 28.459999084472656 AB 6.074388675797722 1.1898123548833597
62945.364 lsst_hardware_g 5.5199911361982315 14.769686931553544 31.40999984741211 AB 6.237882291336974 1.2070984244346852
62947.3099 lsst_hardware_g 5.217151831531815 14.803039979986943 31.40999984741211 AB 6.936860061413033 1.1981622272321901
62947.3294 lsst_hardware_r 82.96144046896953 24.602601448250407 31.5 AB 6.88366250445766 1.1878623821324694
62949.3103 lsst_hardware_i 144.0785088972658 34.03060279943415 31.239999771118164 AB 7.222842940271638 1.1931023770511648
62949.3296 lsst_hardware_z 172.65761904522242 44.60908566538505 30.940000534057617 AB 7.161512694228107 1.1883369607944985
62951.272 lsst_hardware_u 3.995862545290713 2.8047986727824927 28.329999923706055 AB 8.837637631726274 1.2447376946093345
62951.2897 lsst_hardware_g 39.27898813624894 15.516593073792826 31.399999618530273 AB 8.589168053602986 1.2097419793807023
62953.3217 lsst_hardware_r 291.17823668525165 29.562853947109286 31.489999771118164 AB 8.917605382211569 1.1892254688226667
62953.3392 lsst_hardware_z 301.02814348402757 46.473136146111514 30.940000534057617 AB 9.41368729837543 1.2032065225965805
62955.3179 lsst_hardware_r 405.70852791491785 31.55158631403275 31.479999542236328 AB 7.55409570068694 1.1899024495057442
62955.3363 lsst_hardware_u -5.027201020422237 2.9701772401100124 28.40999984741211 AB 7.559427946259214 1.2065484059788063
62957.3131 lsst_hardware_g 73.98981219762749 17.219014433089633 31.389999389648438 AB 6.098333283526321 1.1902089843427803
62957.3321 lsst_hardware_r 477.6319156614283 33.42694578261871 31.469999313354492 AB 6.117617914350949 1.2083189033365385
62959.283 lsst_hardware_r 708.8583738202931 43.982295037548965 31.549999237060547 AB 7.135643209225537 1.1931017362748044
62959.3015 lsst_hardware_i 764.2168428909339 41.8813152603387 31.229999542236328 AB 6.851224886224436 1.1881767007933344
62961.2826 lsst_hardware_z 668.863786334851 62.749160070273675 30.959999084472656 AB 8.146634188220675 1.1901004365339902
62961.3 lsst_hardware_r 896.468750178092 76.21692144442908 31.610000610351562 AB 8.087091503493236 1.189278162278417
62963.2898 lsst_hardware_z 1481.0822173595275 116.89244980593185 31.719999313354492 AB 9.504402248316712 1.188050281039589
62964.2827 lsst_hardware_r 1001.4539385634157 138.58663405603158 31.6200008392334 AB 10.243992902324738 1.1878814787447154
62964.3012 lsst_hardware_z 795.469052303479 93.83230991388388 30.979999542236328 AB 11.877516466301163 1.1949512277774756
62967.2982 lsst_hardware_y 632.0648205937317 84.44898589329812 30.75 AB 4.303075111227858 1.1999651732370105
62969.2535 lsst_hardware_z 869.6077361684833 57.36051992832062 30.950000762939453 AB 14.204787665694607 1.1948008073986462
62969.2709 lsst_hardware_r 1323.8819396863666 58.275293613939674 31.59000015258789 AB 14.110070917190074 1.1878413904821696
62971.2595 lsst_hardware_i 1216.8091056498288 49.44286530954186 31.239999771118164 AB 11.164545710564518 1.1885605795491232
62971.2771 lsst_hardware_z 947.6380017110511 53.59748359115329 30.940000534057617 AB 11.138396763446105 1.1913998035561135
62974.2592 lsst_hardware_r 1101.2852214115755 40.714413614342526 31.489999771118164 AB 15.175826170567678 1.1879780946861074
62974.2759 lsst_hardware_u -0.7176511075344887 2.852147857034 28.450000762939453 AB 15.275910815085988 1.1967262042018831
62976.259 lsst_hardware_g 143.69867351723005 18.569019089858816 31.399999618530273 AB 4.259646158453177 1.189263951546919
62976.2773 lsst_hardware_i 1265.0902128108696 47.902754831698594 31.239999771118164 AB 4.310932275512924 1.2043392304827278
62982.1712 lsst_hardware_u -1.1678523956417226 2.678259842652831 28.290000915527344 AB 8.302871110656586 1.2933324678775007
62982.1879 lsst_hardware_g 56.16082064742615 17.177697113860106 31.360000610351562 AB 7.978390649110182 1.2434178522730643
62989.1755 lsst_hardware_i 977.7894997845038 60.92839187364327 31.280000686645508 AB 14.214787338506063 1.2282716096522996
62989.1913 lsst_hardware_z 886.3199437467584 60.631186238618476 30.950000762939453 AB 13.902895836973599 1.2025339496863336
62994.2347 lsst_hardware_z 1566.9625226413139 140.82260625931212 31.729999542236328 AB 10.817493572994735 1.2138802191544547
62994.2553 lsst_hardware_r 660.9817994805788 203.2099022070804 32.349998474121094 AB 11.713335571006928 1.2594984484953684
63001.147 lsst_hardware_i 477.8815049968394 39.095658710822725 31.239999771118164 AB 8.39763418710699 1.2199952814199015
63001.1677 lsst_hardware_z 483.0195302441785 49.39625287422497 30.940000534057617 AB 7.768479490735073 1.1935745603731083
63004.1192 lsst_hardware_g 34.856882373865595 21.745808065090937 32.11000061035156 AB 10.900729564740445 1.2669374203556392
63004.1439 lsst_hardware_i 703.2361734123325 53.513494841388 31.979999542236328 AB 9.34489810359294 1.2114205475232134
63008.1672 lsst_hardware_z 437.73516536951746 47.81818119492376 30.940000534057617 AB 6.29279449905082 1.1881043139905143
63008.1895 lsst_hardware_r 145.91583646723004 27.154146917938668 31.479999542236328 AB 6.35166882906439 1.2038035559538296
63014.1239 lsst_hardware_g 27.32642536328191 24.39731941437338 32.209999084472656 AB 9.087519691266182 1.2015230971264235
63014.145 lsst_hardware_r 213.0733185437841 37.76719398531269 32.2400016784668 AB 8.444380287226695 1.1880107325867608
63016.1303 lsst_hardware_i 267.562313176986 41.908038091605746 31.260000228881836 AB 14.4214323914738 1.1912304076219444
63016.1504 lsst_hardware_z 203.38068908689357 49.7436501116716 30.940000534057617 AB 14.352696850433516 1.1895157343306615
63018.1234 lsst_hardware_r 91.50724265232301 66.08818588861956 31.610000610351562 AB 8.728612966812284 1.1921077529107862
63018.1449 lsst_hardware_z 300.83065012889926 58.99424236637126 30.959999084472656 AB 8.498192287598023 1.189501090038483
63021.128 lsst_hardware_z 246.76159021761558 98.15275762893647 30.979999542236328 AB 12.760681789454752 1.1878596975701237
63021.1486 lsst_hardware_i 110.09306622707976 115.63288499053303 31.309999465942383 AB 12.838777396704023 1.1977309416893929
63037.0741 lsst_hardware_i 95.60422456047806 33.462847870779584 31.229999542236328 AB 4.487040750481054 1.1906175704442263
63037.0983 lsst_hardware_z 139.24181000289505 44.865806332859144 30.93000030517578 AB 4.525674474898524 1.192300461015237
63043.0409 lsst_hardware_z 133.52261027645298 45.853777571745105 30.940000534057617 AB 4.891595794146162 1.206361739688344
63043.0614 lsst_hardware_r 87.36155315343832 27.08697109436888 31.5 AB 4.745868600436233 1.1890434108325287
63045.0395 lsst_hardware_z 151.60243461761692 48.66592545156228 30.940000534057617 AB 8.626993709841987 1.2012523151323258
63045.0598 lsst_hardware_g -1.099060071057401 34.193203845261976 31.610000610351562 AB 8.341648796312121 1.188099814315979
63047.0387 lsst_hardware_r 84.59079651560471 71.73551178511701 31.610000610351562 AB 4.162965642800604 1.1964263954018115
63047.0562 lsst_hardware_z 130.0465208533955 61.26148625741617 30.959999084472656 AB 3.8037656599579295 1.1879033941313946
63049.0392 lsst_hardware_r 103.64992864606539 98.8569519090338 31.6200008392334 AB 10.42739664711298 1.1918386840910937
63049.0591 lsst_hardware_y -56.277091472691865 60.02282761357798 30.010000228881836 AB 10.147843849953013 1.1890843296498372
63057.0016 lsst_hardware_r 39.88530374557194 24.708935791171637 31.469999313354492 AB 9.89579094784949 1.2078594236242435
63057.0205 lsst_hardware_i 33.15659206554173 33.30982202831084 31.229999542236328 AB 9.751397691042676 1.1901261382638053
63068.9684 lsst_hardware_z 50.58338150803697 47.369998931884766 30.940000534057617 AB 6.548972449243873 1.2084833060268565
63069.0017 lsst_hardware_g -39.8248468459557 20.729999542236328 32.13999938964844 AB 7.099223510104578 1.188320297409052
63069.0352 lsst_hardware_r 32.607723715883814 24.239999771118164 31.469999313354492 AB 7.407512538896825 1.223287008418935
63071.9706 lsst_hardware_y -17.202967620358503 51.689998626708984 30.010000228881836 AB 5.89100261836754 1.1962843555143667
63071.9917 lsst_hardware_i 4.174825017770363 33.400001525878906 31.239999771118164 AB 5.850421872420178 1.1880235297837705
63078.9703 lsst_hardware_y -175.7746015215555 82.11000061035156 30.760000228881836 AB 5.367514520887212 1.187875518703254
63078.9916 lsst_hardware_z 60.758753122505055 86.18000030517578 31.709999084472656 AB 5.567461560401333 1.199151716351653
63080.9824 lsst_hardware_y -174.60661596036343 78.25 30.75 AB 4.676207767158562 1.195553374934011
