data/validation/pwv_sim_epoch_fit_seasonal/40952852.ecsv
# %ECSV 0.9
# ---
# datatype:
# - {name: time, datatype: float64}
# - {name: band, datatype: string}
# - {name: flux, datatype: float64}
# - {name: fluxerr, datatype: float64}
# - {name: zp, datatype: float64}
# - {name: zpsys, datatype: string}
# - {name: pwv, datatype: float64}
# - {name: airmass, datatype: float64}
# meta: {SNID: '40952852', alt: 1024.0, c: -0.021664315834641457, dec: -0.149208, lat: -30.244573, lon: -70.7499537, ra: 167.34375, t0: 60019.02734375,
#   x0: 1.2676535104883477e-05, x1: 0.9288656115531921, z: 0.41642358899116516}
# schema: astropy-2.0
time band flux fluxerr zp zpsys pwv airmass
[from data line 132]
60355.2862 lsst_hardware_g -21.2143656469359 15.399999618530273 31.420000076293945 AB 3.84397231606239 1.1699809210355776
60357.2253 lsst_hardware_r 41.97315252578912 24.8700008392334 31.489999771118164 AB 5.469093302467825 1.1742551374058472
60357.2418 lsst_hardware_i 19.838821154464753 32.66999816894531 31.239999771118164 AB 5.313776694862641 1.1580640067261045
60364.2371 lsst_hardware_z 124.15689980773354 104.06999969482422 30.989999771118164 AB 9.670353783990807 1.1543245340484398
60364.2548 lsst_hardware_i -121.50956321704552 124.08999633789062 31.31999969482422 AB 11.486563812084478 1.1627842093520755
60366.2397 lsst_hardware_z 1.3128346514722757 105.62000274658203 30.989999771118164 AB 6.365878923738881 1.1563812758835388
60366.2581 lsst_hardware_r 107.05224298099603 156.1699981689453 31.6299991607666 AB 7.592124738391157 1.1724232934059207
60368.2413 lsst_hardware_y -44.70015225001305 80.5 30.760000228881836 AB 6.140198473122712 1.160644913324185
60373.2369 lsst_hardware_u 1.6057039882034494 4.489999771118164 28.68000030517578 AB 12.734294877296344 1.1697864116568384
60373.2542 lsst_hardware_r -47.653434941666625 30.010000228881836 31.520000457763672 AB 12.344811867873144 1.1982927458622739
60380.1979 lsst_hardware_z -0.24558907489699883 43.560001373291016 30.940000534057617 AB 9.201121217381514 1.1550974453757603
60380.2166 lsst_hardware_r -41.94124921714161 25.1200008392334 31.489999771118164 AB 8.646018964204655 1.1683809411087371
60383.1282 lsst_hardware_u -1.7825379424596852 2.630000114440918 28.260000228881836 AB 12.196020278383193 1.2283231220045516
60383.1474 lsst_hardware_g -33.69822360836 15.600000381469727 31.420000076293945 AB 11.724035049447291 1.184994066905629
60391.2071 lsst_hardware_i 67.69517478622072 90.66999816894531 31.299999237060547 AB 8.253266766293768 1.2027056382809964
60391.2276 lsst_hardware_z 89.80092680584596 82.26000213623047 30.959999084472656 AB 8.122285004968758 1.2606371263338132
60392.1939 lsst_hardware_r 76.62182980228735 137.80999755859375 31.6299991607666 AB 7.072447398332594 1.1824857713313301
60392.2139 lsst_hardware_z -46.317278189788816 97.37000274658203 30.979999542236328 AB 7.30130212233416 1.226422528947518
60395.1308 lsst_hardware_y 51.80656516518121 66.81999969482422 30.020000457763672 AB 8.0286046619872 1.1635658930416233
60395.1497 lsst_hardware_r -149.62375917657275 134.27999877929688 31.6299991607666 AB 7.964651211478689 1.1542972770258968
60397.1763 lsst_hardware_i 62.901091347468096 65.66999816894531 31.299999237060547 AB 7.739592015684004 1.176348973910842
60397.1933 lsst_hardware_z 92.6364386982763 61.790000915527344 30.959999084472656 AB 7.967380396636637 1.2086133132713024
60399.1419 lsst_hardware_z -12.859125037964876 50.0 30.950000762939453 AB 5.789048891271442 1.154346738040168
60399.1594 lsst_hardware_r -30.84259449285123 51.36000061035156 31.600000381469727 AB 5.8332223879337874 1.1629231235912476
60401.1399 lsst_hardware_u 0.485552071242959 3.9800000190734863 28.6299991607666 AB 9.742346182379173 1.1549221957654168
60401.1572 lsst_hardware_r -5.964242442489422 33.209999084472656 31.549999237060547 AB 9.892058398417182 1.1661037838520572
60413.1284 lsst_hardware_i 8.475718625043818 32.720001220703125 31.25 AB 5.789115947839709 1.1706614433971976
60413.1472 lsst_hardware_z 69.5115841794541 44.25 30.940000534057617 AB 5.904323430298479 1.2030815928068626
60415.1229 lsst_hardware_r -1.0993524777515888 27.34000015258789 31.520000457763672 AB 18.693122950913427 1.1706126341740133
60415.1399 lsst_hardware_g -24.55385335544071 15.300000190734863 31.40999984741211 AB 20.02470985553922 1.1990844224873787
60417.1199 lsst_hardware_r -10.757973023476 50.5099983215332 31.600000381469727 AB 13.264199976049866 1.1738230067300766
60417.1375 lsst_hardware_i 53.201801616192796 48.220001220703125 31.280000686645508 AB 14.108345001118648 1.205841453087064
60420.0362 lsst_hardware_i 82.58210999971733 91.87999725341797 31.309999465942383 AB 8.638162770554421 1.2053670854408067
60420.0531 lsst_hardware_z 146.98197559231176 114.18000030517578 31.729999542236328 AB 8.334655998228076 1.174501761223331
60420.0706 lsst_hardware_i 22.067479255641036 90.48999786376953 31.31999969482422 AB 8.216174022110629 1.157588036741271
60426.0844 lsst_hardware_g 17.750975439027602 81.11000061035156 31.68000030517578 AB 5.130576863541629 1.1618154129396803
60426.1019 lsst_hardware_r -97.17959686427359 75.56999969482422 31.6200008392334 AB 5.229231255369071 1.1838875380052232
60429.0858 lsst_hardware_i 30.448122058570146 39.29999923706055 31.260000228881836 AB 12.219176918889813 1.1720470882825933
60429.1034 lsst_hardware_z -12.896274139706264 47.84000015258789 30.940000534057617 AB 12.672458420286178 1.2028340771948698
60432.0799 lsst_hardware_r 46.29664861597216 24.8700008392334 31.5 AB 15.335278969406671 1.1751546833096846
60432.0962 lsst_hardware_g -20.719299957947243 15.470000267028809 31.43000030517578 AB 15.884515607950798 1.2050613062209004
60436.0765 lsst_hardware_r -12.897808121863076 24.8700008392334 31.489999771118164 AB 7.48125759099557 1.187218533840446
60436.095 lsst_hardware_i 21.68057720655735 33.189998626708984 31.229999542236328 AB 8.235477571336899 1.2299100315616633
60444.9958 lsst_hardware_r -11.64842387725189 38.56999969482422 31.56999969482422 AB 8.531726252538506 1.1622021866965302
60445.0165 lsst_hardware_z 91.49985185669401 47.40999984741211 30.950000762939453 AB 6.056098189594 1.1543670602037646
60453.968 lsst_hardware_y 78.88186667436379 76.98999786376953 30.760000228881836 AB 5.551792604070251 1.1652210100366072
60453.9966 lsst_hardware_r -106.43864309409827 114.79000091552734 32.369998931884766 AB 5.506064696706539 1.155320446939648
60457.9597 lsst_hardware_y -99.37582238913377 52.16999816894531 30.010000228881836 AB 10.24539987730336 1.1627305086878919
60457.9786 lsst_hardware_z 40.15353235103351 43.90999984741211 30.950000762939453 AB 10.162473572694111 1.1542690828513626
60459.9602 lsst_hardware_y -81.31641721812909 51.540000915527344 30.010000228881836 AB 10.529988832732952 1.1582765712996814
60459.9805 lsst_hardware_u 4.039786319194767 2.859999895095825 28.420000076293945 AB 10.506054568588397 1.1554108493155
60461.9584 lsst_hardware_y 4.140413958100907 52.65999984741211 30.010000228881836 AB 11.05915986904501 1.1563622918881014
60461.98 lsst_hardware_r -20.109900016577544 25.850000381469727 31.510000228881836 AB 10.998201539887487 1.1575835743487324
60463.9668 lsst_hardware_z 66.56432021912354 66.08000183105469 31.690000534057617 AB 12.470653018114167 1.1546900942698302
60465.957 lsst_hardware_y 89.45399986567999 54.86000061035156 30.020000457763672 AB 5.6682310182387114 1.1542691457179022
60465.9771 lsst_hardware_g 1.2008896776899123 16.260000228881836 31.440000534057617 AB 5.003128745977461 1.1635183130180142
60467.9564 lsst_hardware_y -113.72694134249228 57.47999954223633 30.010000228881836 AB 2.3407780895310966 1.1547992548254051
60467.9763 lsst_hardware_i 74.24407770938441 34.029998779296875 31.229999542236328 AB 2.8402981762258417 1.1683661769747677
