data/validation/pwv_sim_epoch_fit_seasonal/41013001.ecsv
# %ECSV 0.9
# ---
# datatype:
# - {name: time, datatype: float64}
# - {name: band, datatype: string}
# - {name: flux, datatype: float64}
# - {name: fluxerr, datatype: float64}
# - {name: zp, datatype: float64}
# - {name: zpsys, datatype: string}
# - {name: pwv, datatype: float64}
# - {name: airmass, datatype: float64}
# meta: {SNID: '41013001', alt: 1024.0, c: 0.038628432899713516, dec: -5.67919, lat: -30.244573, lon: -70.7499537, ra: 50.449219, t0: 61044.2890625,
#   x0: 1.9865676868012567e-05, x1: 0.6316059827804565, z: 0.34419453144073486}
# schema: astropy-2.0
time band flux fluxerr zp zpsys pwv airmass
60907.3641 lsst_hardware_i -5.5235872294711355 32.2599983215332 31.229999542236328 AB 3.1465395625058648 1.1778910266430738
60907.386 lsst_hardware_y -80.2295786178415 48.400001525878906 30.010000228881836 AB 1.8508864440624289 1.130312332251865
60911.4165 lsst_hardware_g -12.500223086238448 17.34000015258789 31.479999542236328 AB 4.2021952290669695 1.1006513750693798
60913.406 lsst_hardware_i 54.41810180888438 31.6200008392334 31.25 AB 2.267725795507045 1.1003926221627391
60913.4233 lsst_hardware_y -15.624721570677211 73.0199966430664 30.040000915527344 AB 2.644246329041584 1.1056852724405537
60931.3514 lsst_hardware_i 43.342508063337725 46.31999969482422 31.299999237060547 AB 3.0175595958257313 1.1012991225641355
60931.3715 lsst_hardware_z 41.27542987075633 50.060001373291016 30.959999084472656 AB 3.080886736800633 1.1040626184559466
60935.3428 lsst_hardware_r 11.387974722174391 22.940000534057617 31.489999771118164 AB 1.2554221850467742 1.1007647391905078
60935.3603 lsst_hardware_i 32.795599978541425 31.139999389648438 31.239999771118164 AB 1.2568011593016828 1.1039096700058697
60937.3399 lsst_hardware_i -0.5425279018556907 31.1299991607666 31.239999771118164 AB 5.628716651084972 1.1004333628709624
60937.36 lsst_hardware_z -30.674266328662476 42.189998626708984 30.940000534057617 AB 5.44041999447162 1.1072767967038575
60942.3299 lsst_hardware_g -19.20480888506126 14.010000228881836 31.399999618530273 AB 4.874257958849536 1.10042886584378
60942.3495 lsst_hardware_r -14.027194518412335 23.06999969482422 31.479999542236328 AB 4.590501284137201 1.1098890919097144
60944.3319 lsst_hardware_i -8.245015931668128 30.860000610351562 31.239999771118164 AB 3.7604842185982967 1.10213488235589
60944.3502 lsst_hardware_z -6.541205785094891 41.88999938964844 30.940000534057617 AB 4.678994033657627 1.1162388104389878
60946.2863 lsst_hardware_r 43.26869628647606 23.020000457763672 31.489999771118164 AB 3.7703930076669416 1.1203624230391502
60946.3057 lsst_hardware_g 5.323753527199603 14.0 31.40999984741211 AB 4.161596832190573 1.103091579481509
60949.2958 lsst_hardware_z -45.60975434629487 42.0099983215332 30.940000534057617 AB 4.946141707032197 1.1039673477491698
60949.3145 lsst_hardware_r 37.26085715187568 23.06999969482422 31.489999771118164 AB 4.850223499732506 1.100988990556713
60951.2904 lsst_hardware_i 42.32996401327658 43.2400016784668 31.290000915527344 AB 2.940145451610386 1.1039344624319347
60951.309 lsst_hardware_z -45.04718808241779 46.95000076293945 30.950000762939453 AB 3.5528627093067446 1.1009800772566471
60954.2962 lsst_hardware_r -196.64913637914466 96.70999908447266 31.639999389648438 AB 6.29388128103307 1.100376988685357
60954.3139 lsst_hardware_z 28.56088647234198 67.62000274658203 30.979999542236328 AB 6.342376637347431 1.107516292901161
60956.2909 lsst_hardware_y 8.596683168974701 61.90999984741211 30.049999237060547 AB 4.082053231174653 1.1003827561795843
60956.3098 lsst_hardware_r 70.52150591017603 115.94000244140625 31.649999618530273 AB 4.0375570196264885 1.1086098351527975
60958.2856 lsst_hardware_i -19.71904443491177 68.18000030517578 31.31999969482422 AB 3.5473810196166635 1.1003896144604195
60958.3038 lsst_hardware_z 29.559553699245683 63.95000076293945 30.979999542236328 AB 3.092152413412606 1.1081659586952357
60960.2862 lsst_hardware_r -7.456167707493674 46.15999984741211 31.610000610351562 AB 6.01085826628426 1.101444549229788
60960.3041 lsst_hardware_g 9.19212929748876 43.650001525878906 31.65999984741211 AB 5.892710257443841 1.113547968399853
60962.2847 lsst_hardware_r -6.367553717793091 26.43000030517578 31.520000457763672 AB 6.38447007425212 1.1029576011491369
60962.3015 lsst_hardware_i -21.703774755768173 33.58000183105469 31.25 AB 5.621575935216555 1.1167584548322333
60966.2545 lsst_hardware_r -15.074864870896418 23.360000610351562 31.5 AB 5.694740005121918 1.1017101963865854
60966.2723 lsst_hardware_u 2.17198245150183 2.7799999713897705 28.479999542236328 AB 5.688499729532134 1.1023156146754145
60971.2025 lsst_hardware_i 16.776561674772765 45.099998474121094 31.979999542236328 AB 3.778634915315244 1.1464304961516136
60971.2264 lsst_hardware_z -35.04137707278795 42.66999816894531 30.940000534057617 AB 3.984526891936325 1.110927572101206
60975.2509 lsst_hardware_r 42.36912513586015 23.770000457763672 31.5 AB 3.6187209787406593 1.1038014220504795
60975.2681 lsst_hardware_i -25.759285782592627 31.780000686645508 31.239999771118164 AB 3.6675934435341158 1.119334706437295
60977.2478 lsst_hardware_z 17.00879340438669 42.2400016784668 30.940000534057617 AB 3.5876063975244192 1.1051824400650263
60977.2626 lsst_hardware_i -29.203352556292344 31.540000915527344 31.239999771118164 AB 2.950432537666493 1.1192839672482902
60980.2332 lsst_hardware_r 25.11693255464819 47.95000076293945 31.610000610351562 AB 5.415841593333049 1.1019753648941595
60980.2517 lsst_hardware_z 6.0365408563842164 48.619998931884766 30.950000762939453 AB 5.6361058960877175 1.1159869109803413
60990.2022 lsst_hardware_u -1.5481640321258017 2.5999999046325684 28.309999465942383 AB 0.7788882292166264 1.1009020907655498
60990.2203 lsst_hardware_g -11.770062306833605 22.18000030517578 31.549999237060547 AB 2.614332920866659 1.1116148767061127
60992.2044 lsst_hardware_r -23.477947993654567 23.579999923706055 31.489999771118164 AB 4.806840328717967 1.1037520846654343
60992.2226 lsst_hardware_i -38.74163129055004 31.479999542236328 31.239999771118164 AB 7.48656628400668 1.120519799043107
60994.2088 lsst_hardware_z 114.10878491959757 42.52000045776367 30.940000534057617 AB 8.31069702278269 1.1110557517087316
60994.2272 lsst_hardware_r 6.345753157111134 23.790000915527344 31.489999771118164 AB 8.600539011807971 1.1361346118634823
60996.1889 lsst_hardware_r 25.920056818996272 23.389999389648438 31.489999771118164 AB 2.982078970759846 1.1017533143193396
60996.2095 lsst_hardware_u 2.57551149627379 2.700000047683716 28.399999618530273 AB 6.099181303735475 1.117748559022592
60998.1893 lsst_hardware_g 5.100821715755723 14.600000381469727 31.420000076293945 AB 5.878982222308905 1.104466327478884
60998.2073 lsst_hardware_i 7.389316192124628 31.719999313354492 31.239999771118164 AB 5.941779702986608 1.1219725638999103
61000.1906 lsst_hardware_z -13.063730641326481 42.279998779296875 30.940000534057617 AB 3.4164728504280504 1.109394512383618
61000.2114 lsst_hardware_r -8.75746712117559 23.579999923706055 31.479999542236328 AB 3.7216168169020136 1.1371817529747446
61005.1908 lsst_hardware_r 16.89578569192877 23.65999984741211 31.489999771118164 AB 5.198875638919512 1.1257038554138243
61005.2093 lsst_hardware_i 17.01423937278647 32.029998779296875 31.229999542236328 AB 6.12094676244128 1.1615067071902236
61007.095 lsst_hardware_i 10.05857263879817 35.34000015258789 31.25 AB 4.442786728601587 1.1675157836200256
61007.1124 lsst_hardware_z 101.14692083076469 43.900001525878906 30.950000762939453 AB 4.350428935322199 1.131254815460397
61010.1517 lsst_hardware_r 21.64031186022321 66.91000366210938 31.6299991607666 AB 8.92643873345975 1.1021201827466975
61010.1712 lsst_hardware_z -168.7488319691886 56.95000076293945 30.959999084472656 AB 8.672148189194793 1.1176528903173366
61012.1525 lsst_hardware_z -63.98555816237216 74.5999984741211 30.989999771118164 AB 7.154931820949766 1.1053397415553972
61012.171 lsst_hardware_i -152.33613295476948 85.88999938964844 31.31999969482422 AB 7.183549377323011 1.1246890100930755
61016.1493 lsst_hardware_u 7.746086257528314 16.020000457763672 29.360000610351562 AB 5.006075483440811 1.111596643375486
61016.168 lsst_hardware_g -94.27622860778975 69.58999633789062 31.68000030517578 AB 4.58303174785397 1.1376992340554817
61021.1488 lsst_hardware_z 42.378783683107365 43.175384948751706 30.940000534057617 AB 13.274546855545541 1.1282763079850147
61021.1674 lsst_hardware_r 135.6883007720877 25.70980668375252 31.469999313354492 AB 14.806710647305842 1.1658827281343183
61023.12 lsst_hardware_r 332.7915025188778 29.975438807532118 31.489999771118164 AB 8.167184111593299 1.1038724245260205
61023.138 lsst_hardware_u 0.6334712812946167 3.0341798624503693 28.399999618530273 AB 7.978708203730067 1.1205657390864179
61027.081 lsst_hardware_z 921.1497109863649 51.699942962163156 30.940000534057617 AB 4.460431954206693 1.105024638723323
61027.1022 lsst_hardware_r 1569.81642646311 45.60181064841328 31.479999542236328 AB 4.487105703150856 1.1011302339017712
61029.0752 lsst_hardware_u 17.99410695930143 4.218837301089214 28.3799991607666 AB 5.942038294524176 1.1052384644549438
61029.0939 lsst_hardware_g 1356.9987311628142 38.9779541079649 31.399999618530273 AB 3.593366384479353 1.1005716338374743
61031.0726 lsst_hardware_r 3015.0974427421856 60.050014976905175 31.479999542236328 AB 5.987291853445588 1.1035804595931515
61031.0915 lsst_hardware_i 2359.7564636684574 57.32825974332797 31.239999771118164 AB 4.35702967355922 1.1011869436122714
61037.0464 lsst_hardware_y 984.1122564512441 60.67115975195827 30.030000686645508 AB 6.859775409502612 1.110714930295112
61037.0681 lsst_hardware_i 4393.878787463208 76.3961181126088 31.280000686645508 AB 6.836095366687532 1.1003480040810492
61039.0474 lsst_hardware_y 1074.5385771807362 62.13775785347916 30.030000686645508 AB 9.381114504941696 1.1055573195119113
61039.0681 lsst_hardware_r 6869.080111427511 106.32061726196945 31.6299991607666 AB 9.183525065554877 1.1008231106759483
61041.0572 lsst_hardware_y 3658.2255465901376 128.27272764680848 31.540000915527344 AB 7.581944850145794 1.1003459613505813
61044.0411 lsst_hardware_z 3153.5903608198205 85.64184159211935 30.969999313354492 AB 2.973394791432874 1.1018354537008455
61044.0621 lsst_hardware_i 5513.796455173304 93.61375127220103 31.309999465942383 AB 2.495446949333238 1.1035696846139251
61050.0414 lsst_hardware_y 817.6127659775577 62.29475510357 30.040000915527344 AB 12.627534712217843 1.1017188930246773
61050.063 lsst_hardware_r 5811.796700234729 79.00696062575857 31.489999771118164 AB 10.151850686406659 1.1189078239178492
61273.4046 lsst_hardware_z 22.616083423814814 42.29999923706055 30.940000534057617 AB 1.217043817708067 1.1064034706436972
61273.4227 lsst_hardware_y 42.818782614830226 58.310001373291016 30.040000915527344 AB 1.6604324103073433 1.1004135927369592
61275.3969 lsst_hardware_u -1.496791481406933 2.7799999713897705 28.450000762939453 AB 2.5368116825148976 1.1081006184543818
61275.417 lsst_hardware_y 31.218838228171492 51.29999923706055 30.030000686645508 AB 1.6847195869818106 1.1004046943055588
61277.4001 lsst_hardware_r 61.34126622069967 35.0 31.579999923706055 AB 2.434799691308475 1.1027172514984034
61277.4179 lsst_hardware_y 39.293947786049124 53.66999816894531 30.030000686645508 AB 2.257447214079982 1.101462412334707
61279.4044 lsst_hardware_z 99.19361503908006 81.33000183105469 31.719999313354492 AB 3.6148340394939362 1.1004061003025682
61285.3558 lsst_hardware_z -9.205367192012245 57.7599983215332 30.969999313354492 AB 2.458204543861298 1.1233654947383973
61285.3726 lsst_hardware_y 110.2633160591737 52.790000915527344 30.030000686645508 AB 2.3710030020159936 1.1058782658656685
61287.3467 lsst_hardware_r 15.982023359761474 38.310001373291016 31.579999923706055 AB 2.285664460953264 1.1288160972688768
61287.3657 lsst_hardware_y 37.033503448543414 49.189998626708984 30.020000457763672 AB 2.229661493674878 1.1068979779951404
61298.3507 lsst_hardware_i 0.1730524936062784 31.049999237060547 31.239999771118164 AB 1.460051291786744 1.1005411747137979
61298.3702 lsst_hardware_z 32.019083557059986 42.13999938964844 30.950000762939453 AB 1.4556705548711417 1.1062727459438695
61302.3038 lsst_hardware_u 4.444003218974564 2.5399999618530273 28.280000686645508 AB 6.306310990018927 1.131989048648165
61302.3314 lsst_hardware_g -26.90375011158639 13.930000305175781 31.399999618530273 AB 6.087023164906848 1.1029213924455863
61304.3432 lsst_hardware_r -11.913045994895981 23.149999618530273 31.5 AB 2.4732770024888344 1.1011918978142856
61304.3626 lsst_hardware_i -27.336098582753145 31.239999771118164 31.25 AB 2.5891375313966543 1.1140867174693327
61306.334 lsst_hardware_z -86.47597117174932 47.939998626708984 30.959999084472656 AB 1.9407682440837513 1.1005206941217756
61306.3542 lsst_hardware_r -2.7472634750623026 38.4900016784668 31.59000015258789 AB 1.94553654158189 1.1111002521884008
61308.3304 lsst_hardware_z 28.950643372743023 59.79999923706055 30.969999313354492 AB 6.7507311458986425 1.10078233708548
61308.3501 lsst_hardware_r 64.96571687050488 77.45999908447266 31.6299991607666 AB 6.57226848808517 1.1124354245236732
61310.3248 lsst_hardware_i -37.40672726887076 83.36000061035156 31.31999969482422 AB 4.756556694154222 1.1007575178356668
61310.3445 lsst_hardware_z 67.90663106945327 72.48999786376953 30.979999542236328 AB 5.537742901257842 1.1122943695616985
61314.3071 lsst_hardware_y 133.04013075704694 72.7300033569336 30.790000915527344 AB 4.897001039791493 1.1005321087253337
61316.299 lsst_hardware_r -38.690699382515874 34.310001373291016 31.579999923706055 AB 3.5557291933522492 1.1009585695176745
61316.3179 lsst_hardware_i -5.103934300855485 37.13999938964844 31.270000457763672 AB 3.569729952585184 1.1042678756195397
61318.2951 lsst_hardware_z -10.045511642898202 42.29999923706055 30.950000762939453 AB 7.615914813007205 1.1006717621650097
61318.3145 lsst_hardware_r -19.332983302076002 24.139999389648438 31.5 AB 7.654309760925232 1.1055283463856191
61320.2851 lsst_hardware_u -0.05706340629998773 2.690000057220459 28.40999984741211 AB 4.847862344175386 1.1017868964034967
61320.302 lsst_hardware_r 30.304598604164518 23.110000610351562 31.489999771118164 AB 5.080758121954762 1.1019573717368627
61322.2832 lsst_hardware_i -11.75317108276718 31.40999984741211 31.25 AB 2.8460378028633992 1.1008397896583104
61322.3006 lsst_hardware_z -72.49560756900529 42.45000076293945 30.950000762939453 AB 3.00747867148447 1.1037631604677383
61327.2861 lsst_hardware_g -2.894450338128065 14.40999984741211 31.420000076293945 AB 6.39019599334736 1.1033273178827403
61327.3039 lsst_hardware_r -38.9211287130828 23.540000915527344 31.489999771118164 AB 5.656297072864507 1.118877173848927
61329.2876 lsst_hardware_i -4.508471001396022 31.579999923706055 31.25 AB 8.066902893395547 1.1077867197741755
61329.3055 lsst_hardware_z 28.122917392242982 42.86000061035156 30.940000534057617 AB 7.918419196310788 1.12891802727488
61336.2513 lsst_hardware_i -13.124926994053942 55.40999984741211 31.309999465942383 AB 4.014805869305632 1.1004493017740424
61336.2685 lsst_hardware_z 21.19847023892518 54.5099983215332 30.969999313354492 AB 4.031450242198272 1.1077948913755984
61338.2481 lsst_hardware_r 107.91018448681801 112.5999984741211 31.639999389648438 AB 4.947695810554451 1.1007109700900792
61338.266 lsst_hardware_z 118.73684985098919 77.6500015258789 30.979999542236328 AB 4.219205443192034 1.1103172218926405
61341.2459 lsst_hardware_y 42.2010687732375 58.93000030517578 30.040000915527344 AB 2.929706004829075 1.1024293527107607
61341.261 lsst_hardware_r 5.417859647738958 101.33999633789062 31.639999389648438 AB 2.4913655478433436 1.113459462723282
61351.1881 lsst_hardware_u -1.543996558290819 2.759999990463257 28.440000534057617 AB 5.8534582060661196 1.1091872103967255
61351.204 lsst_hardware_r -20.03490515639946 23.729999542236328 31.5 AB 5.877099008611097 1.1008380254951295
61357.2041 lsst_hardware_z 12.024288791096172 42.060001373291016 30.940000534057617 AB 4.7733189494618085 1.1032749218682156
61357.2215 lsst_hardware_r 27.455994298737448 23.469999313354492 31.479999542236328 AB 7.471896300933534 1.1182543945723102
61359.2067 lsst_hardware_u -0.8230817254737705 2.7300000190734863 28.420000076293945 AB 4.384496760104592 1.1085958938314653
61359.2244 lsst_hardware_g -15.259428733653063 14.539999961853027 31.399999618530273 AB 8.526278503153918 1.130206588434851
61364.1874 lsst_hardware_i 15.983874128977122 49.43000030517578 31.299999237060547 AB 5.655530816666074 1.104577884474577
61364.2071 lsst_hardware_z -30.251189826677933 51.959999084472656 30.959999084472656 AB 5.7488376711883475 1.124595341836235
61366.0925 lsst_hardware_r -17.452294392983465 93.62999725341797 31.610000610351562 AB 4.668948308460262 1.2284550890528667
61366.1114 lsst_hardware_z -12.965326296128865 68.5 30.969999313354492 AB 4.507204271261688 1.1692850928558514
61368.1825 lsst_hardware_z -22.39586572553374 83.88999938964844 30.989999771118164 AB 8.748529373475085 1.1089060385510079
61368.2015 lsst_hardware_i -2.7365200976868413 100.56999969482422 31.329999923706055 AB 8.797248446895313 1.132984688790622
61370.1799 lsst_hardware_z 8.072965924178003 66.06999969482422 30.979999542236328 AB 5.157758148632534 1.1115059583289708
61370.2002 lsst_hardware_r -21.41605386813148 91.62999725341797 31.6299991607666 AB 5.2838511175221905 1.140481570801148
61374.1561 lsst_hardware_g -10.188607085191483 14.4399995803833 31.43000030517578 AB 5.835500442244181 1.1025460190343737
61374.1755 lsst_hardware_r -6.622945633936149 23.540000915527344 31.5 AB 4.952791820027077 1.118769329122795
61376.1536 lsst_hardware_i -7.068485993577135 31.219999313354492 31.25 AB 7.172770008089729 1.1039843020941693
61376.1717 lsst_hardware_z -80.83465675994634 42.369998931884766 30.950000762939453 AB 7.117471820598208 1.1209205450046684
61379.1566 lsst_hardware_r -15.002522347821653 23.260000228881836 31.489999771118164 AB 2.851486283719181 1.1127751351099242
61379.1753 lsst_hardware_u -0.5823440050633084 2.740000009536743 28.43000030517578 AB 2.8311281710980363 1.1398603607839801
61385.1495 lsst_hardware_u 2.597503281804673 2.740000009536743 28.440000534057617 AB 10.766932181926853 1.1242098199143884
61385.1672 lsst_hardware_g 0.08925510308993935 14.210000038146973 31.399999618530273 AB 11.687775312951889 1.15720547652989
61387.1214 lsst_hardware_g 6.383162502193364 14.130000114440918 31.420000076293945 AB 13.03618656205071 1.1028922641327894
61387.1392 lsst_hardware_r -24.332751423880943 23.239999771118164 31.5 AB 11.569262926685322 1.1177671823791815
61392.0711 lsst_hardware_g -34.46950540647363 40.09000015258789 31.670000076293945 AB 4.4621653657656 1.1140791126061043
61392.0885 lsst_hardware_i -35.33647910820106 42.029998779296875 31.290000915527344 AB 4.386893360559449 1.101773133668893
61394.0809 lsst_hardware_z 38.04762304082802 59.27000045776367 30.979999542236328 AB 5.701798968464362 1.1025958846441524
61394.1023 lsst_hardware_r 8.099020191202904 72.08999633789062 31.639999389648438 AB 3.6367994617334967 1.1028959701995227
61396.0897 lsst_hardware_y -32.235236353493725 82.16000366210938 30.790000915527344 AB 4.490803632073827 1.1006871647237537
61405.0484 lsst_hardware_z 1.5637726828417862 44.70000076293945 30.950000762939453 AB 8.302899145100483 1.103778675941423
61405.0694 lsst_hardware_r -22.904685215976716 23.329999923706055 31.489999771118164 AB 8.269756234408556 1.101752762377905
61407.0448 lsst_hardware_y -84.26089774181885 76.31999969482422 30.790000915527344 AB 7.572965011463123 1.1028589822519121
61407.0666 lsst_hardware_z 8.746049915579691 59.43000030517578 31.690000534057617 AB 7.7960616869349115 1.102800125462314
61409.0414 lsst_hardware_y 6.361227015148102 61.75 30.040000915527344 AB 2.944936790126669 1.1020095260546348
61409.0635 lsst_hardware_u -3.006690627355362 2.7100000381469727 28.3799991607666 AB 2.4999561326319597 1.103977095443568
61411.0417 lsst_hardware_y -40.14270451810527 61.029998779296875 30.040000915527344 AB 10.6799606776554 1.100573029436873
61411.0634 lsst_hardware_i -8.968352051537007 31.010000228881836 31.239999771118164 AB 10.77323865554753 1.107522307129141
