data/validation/pwv_sim_epoch_fit_seasonal/41177574.ecsv
# %ECSV 0.9
# ---
# datatype:
# - {name: time, datatype: float64}
# - {name: band, datatype: string}
# - {name: flux, datatype: float64}
# - {name: fluxerr, datatype: float64}
# - {name: zp, datatype: float64}
# - {name: zpsys, datatype: string}
# - {name: pwv, datatype: float64}
# - {name: airmass, datatype: float64}
# meta: {SNID: '41177574', alt: 1024.0, c: -0.06527955085039139, dec: -32.266235, lat: -30.244573, lon: -70.7499537, ra: 36.210938, t0: 60996.40234375,
#   x0: 4.555602112952933e-06, x1: 0.4595862329006195, z: 0.6369647979736328}
# schema: astropy-2.0
time band flux fluxerr zp zpsys pwv airmass
[from data line 132]
61274.3088 lsst_hardware_i -10.056543890872963 30.520000457763672 31.239999771118164 AB 1.9711203450171113 1.0771149426323012
61276.2652 lsst_hardware_i -14.341738466564472 47.25 31.290000915527344 AB 3.3881951436664774 1.1981947285532588
61276.2863 lsst_hardware_z 41.40087125092697 49.08000183105469 30.959999084472656 AB 3.1742911617147613 1.1224509058397318
61278.2629 lsst_hardware_r -54.164759816050825 76.54000091552734 31.6200008392334 AB 2.6271603377030064 1.1852742331166282
61278.2804 lsst_hardware_z 54.5149524030151 56.90999984741211 30.969999313354492 AB 2.491264748737313 1.1237943382019304
61281.2611 lsst_hardware_z 45.413989720577895 67.70999908447266 30.969999313354492 AB 6.978317333123402 1.1609245272206625
61281.2785 lsst_hardware_r -19.498548096865637 96.05000305175781 31.639999389648438 AB 6.6820391214365875 1.1054437721578119
61296.2732 lsst_hardware_r 21.981196128493607 22.059999465942383 31.5 AB 3.6434858173441924 1.0321489567547286
61297.2164 lsst_hardware_r -29.22528249533054 22.56999969482422 31.469999313354492 AB 1.4298032650350856 1.1646510440144602
61299.2677 lsst_hardware_u 2.0925120470768857 2.690000057220459 28.469999313354492 AB 4.181492747643186 1.028488828640718
61299.2853 lsst_hardware_r -24.47316126833756 21.969999313354492 31.5 AB 4.033376652728943 1.0102805342062358
61303.2558 lsst_hardware_z -62.93202612628482 42.7599983215332 30.959999084472656 AB 7.1055746640299144 1.0297934295695528
61303.2729 lsst_hardware_i 32.485017954738986 33.36000061035156 31.270000457763672 AB 6.978930828778967 1.0114392505476764
61305.2522 lsst_hardware_z 2.909465806524248 47.16999816894531 30.969999313354492 AB 1.556423787606954 1.027342434063996
61305.2717 lsst_hardware_r 78.81575845014255 47.2400016784668 31.639999389648438 AB 1.662657526631819 1.0082823084482675
61307.1778 lsst_hardware_r -65.0801924586508 74.12999725341797 31.600000381469727 AB 4.662769003990602 1.2100088241833662
61307.1953 lsst_hardware_i 47.63267452250732 59.72999954223633 31.299999237060547 AB 4.406129721860639 1.1428166831437268
61309.1849 lsst_hardware_z 91.02392076944317 100.8499984741211 31.729999542236328 AB 3.932056634509312 1.1600412935245665
61311.2152 lsst_hardware_r 201.30723631473947 94.30000305175781 31.649999618530273 AB 3.983307655359435 1.0611542205418278
61311.236 lsst_hardware_i -18.180187833203142 73.56999969482422 31.329999923706055 AB 3.838824286307952 1.0271101769384403
61313.2115 lsst_hardware_z -17.922140652360667 51.689998626708984 30.969999313354492 AB 3.957553113670684 1.0576743806159414
61313.2336 lsst_hardware_r -36.76089624011193 59.20000076293945 31.649999618530273 AB 3.9749172353665334 1.0233422759517488
61317.2155 lsst_hardware_r -5.337941199289654 22.219999313354492 31.489999771118164 AB 2.691214309775263 1.0326662525917525
61317.2364 lsst_hardware_z 100.3525299896961 40.439998626708984 30.950000762939453 AB 2.6538608457966983 1.010096744149974
61319.2111 lsst_hardware_r 18.0903352634326 22.309999465942383 31.5 AB 4.869241353665419 1.0311819893404106
61319.2313 lsst_hardware_u -3.4646113765679467 2.6500000953674316 28.440000534057617 AB 4.818895655614503 1.0098272539007758
61321.2055 lsst_hardware_g 16.713446811730677 13.550000190734863 31.420000076293945 AB 4.25872037564815 1.0313752675638872
61321.2259 lsst_hardware_r -24.60871796659039 22.059999465942383 31.5 AB 3.3482705193910647 1.009782514016218
61323.1145 lsst_hardware_z -21.714576102596457 44.56999969482422 30.93000030517578 AB 4.126838398974742 1.3089992807066415
61323.1342 lsst_hardware_r 22.63433674831982 23.1200008392334 31.479999542236328 AB 3.840018438898899 1.2096451217194908
61325.1137 lsst_hardware_u -1.9176057783054394 2.5799999237060547 28.270000457763672 AB 7.414771385314493 1.28285091514832
61325.1351 lsst_hardware_r -9.140968484184869 22.959999084472656 31.469999313354492 AB 7.143463621339979 1.1832150432873199
61326.1111 lsst_hardware_i 36.09359378003444 32.27000045776367 31.209999084472656 AB 6.6742065729034605 1.2821451489584978
61326.1301 lsst_hardware_z -3.8323351553961604 43.20000076293945 30.93000030517578 AB 7.02500943618798 1.1923636949682568
61328.1139 lsst_hardware_r 23.475629878691603 23.3700008392334 31.469999313354492 AB 7.688224228908513 1.240036165952986
61328.1324 lsst_hardware_u 2.9917481810065665 2.6500000953674316 28.3700008392334 AB 7.154533622787859 1.1623150812083438
61330.1077 lsst_hardware_g -12.017388771913259 19.06999969482422 31.479999542236328 AB 8.571007708880012 1.2436018681646834
61330.1278 lsst_hardware_r 38.925551707845884 25.690000534057617 31.510000228881836 AB 7.418827895088689 1.1591918586076075
61337.1129 lsst_hardware_r -228.8589504261039 87.83999633789062 31.6299991607666 AB 3.5478772618575816 1.1444765360830909
61337.1321 lsst_hardware_i -3.9639668689330905 69.01000213623047 31.31999969482422 AB 3.115177972776966 1.088366834754696
61340.1134 lsst_hardware_z 107.06536582657716 65.95999908447266 30.979999542236328 AB 4.739423195733507 1.1169542862799964
61340.1334 lsst_hardware_i 106.95639369382155 72.5999984741211 31.329999923706055 AB 3.8262681444042252 1.0665555803217353
61342.1175 lsst_hardware_u -3.465824859429792 6.429999828338623 29.06999969482422 AB 3.270791068138606 1.0907484664757467
61342.1372 lsst_hardware_g -25.687078608807607 43.369998931884766 31.709999084472656 AB 3.034387220462578 1.0486305335085515
61343.1132 lsst_hardware_r -10.412693523242208 22.610000610351562 31.510000228881836 AB 6.568649238587257 1.0947748730978761
61345.154 lsst_hardware_u -1.187299950125951 3.9600000381469727 29.31999969482422 AB 4.68775285718112 1.0151228780325443
61345.1652 lsst_hardware_g -1.6410059417318028 13.520000457763672 31.440000534057617 AB 4.639486737054859 1.0065600123783391
61358.0241 lsst_hardware_y -0.1727224049376415 51.40999984741211 29.969999313354492 AB 7.88670976125647 1.28013684749192
61358.0409 lsst_hardware_z 0.9144916669573221 43.02000045776367 30.93000030517578 AB 7.304244677521613 1.1999580550380162
61360.0264 lsst_hardware_y -31.258954304221785 51.29999923706055 29.989999771118164 AB 8.022863960185239 1.2406490660080267
61360.0449 lsst_hardware_z -82.8322360361387 43.11000061035156 30.940000534057617 AB 6.950921890236454 1.1627828182290174
61362.0264 lsst_hardware_y 28.86153824691754 52.59000015258789 29.989999771118164 AB 9.204823603093457 1.2154256518169178
61362.0447 lsst_hardware_r -47.263391561152616 36.75 31.56999969482422 AB 7.53274934463639 1.1442730281993605
61363.0359 lsst_hardware_z 68.43171573668691 69.43000030517578 31.700000762939453 AB 6.553902871271263 1.1657600269070194
61365.0277 lsst_hardware_y -0.7359541744635234 55.88999938964844 30.010000228881836 AB 5.37749463232505 1.176115617546077
61365.0457 lsst_hardware_z -13.603198009954308 55.45000076293945 30.969999313354492 AB 4.3169718558048995 1.115304475319842
61367.0271 lsst_hardware_y 67.18018660941239 60.0099983215332 30.020000457763672 AB 8.8458529181557 1.1580236188061004
61367.0429 lsst_hardware_i 20.608771806883258 69.37999725341797 31.31999969482422 AB 7.5507890235819595 1.1076681289330428
61369.0292 lsst_hardware_y -11.570096988959662 56.349998474121094 30.030000686645508 AB 7.07857144356971 1.1323902485314261
61369.0468 lsst_hardware_i 56.27696482342625 60.459999084472656 31.31999969482422 AB 5.600430670578049 1.0832903711747524
61371.0293 lsst_hardware_y 79.9653949637211 53.970001220703125 30.030000686645508 AB 5.415879830478805 1.1153539268864345
61371.0455 lsst_hardware_g 2.333517414521836 13.369999885559082 31.399999618530273 AB 3.944886878278875 1.073633369757473
61373.0291 lsst_hardware_y -82.50060731572779 53.400001525878906 30.040000915527344 AB 6.80550438269255 1.1005613254314233
61373.0447 lsst_hardware_i -46.52324500563306 30.1200008392334 31.239999771118164 AB 5.83188840405756 1.063630932711574
61375.0298 lsst_hardware_z -80.43229089945977 48.709999084472656 30.959999084472656 AB 8.152138767976897 1.0847822711878772
61375.0458 lsst_hardware_u 4.8822120082032585 2.819999933242798 28.489999771118164 AB 8.733206323297525 1.0509484333778285
61378.0337 lsst_hardware_y 40.71943846425156 52.220001220703125 30.049999237060547 AB 4.636988271074098 1.0583106860831772
61378.0553 lsst_hardware_r 1.607461491659823 21.8700008392334 31.489999771118164 AB 3.5306983552462996 1.0243310348377288
61380.0359 lsst_hardware_y -28.398334245753592 52.13999938964844 30.049999237060547 AB 3.388557983905436 1.0444006731100126
61380.0574 lsst_hardware_z 21.76421160988986 40.43000030517578 30.950000762939453 AB 3.2963404198673882 1.0161084291503057
