data/validation/pwv_sim_epoch_fit_seasonal/41222384.ecsv
# %ECSV 0.9
# ---
# datatype:
# - {name: time, datatype: float64}
# - {name: band, datatype: string}
# - {name: flux, datatype: float64}
# - {name: fluxerr, datatype: float64}
# - {name: zp, datatype: float64}
# - {name: zpsys, datatype: string}
# - {name: pwv, datatype: float64}
# - {name: airmass, datatype: float64}
# meta: {SNID: '41222384', alt: 1024.0, c: 0.009163579903542995, dec: -42.010422, lat: -30.244573, lon: -70.7499537, ra: 87.0, t0: 60323.765625,
#   x0: 2.886671116455347e-06, x1: 1.0645289421081543, z: 0.7676761746406555}
# schema: astropy-2.0
time band flux fluxerr zp zpsys pwv airmass
60233.3348 lsst_hardware_r -77.92302708302164 66.23999786376953 31.649999618530273 AB 7.601252782414324 1.03839886829732
60233.3442 lsst_hardware_y -41.1538345626701 82.20999908447266 30.079999923706055 AB 7.5492701737716965 1.0305467440818643
60234.3424 lsst_hardware_r -78.67417779812814 93.77999877929688 32.400001525878906 AB 5.036145576117269 1.0299041720786986
60234.3522 lsst_hardware_y -172.5043636146633 115.58999633789062 30.829999923706055 AB 5.017833225239087 1.0245703369553816
60237.3345 lsst_hardware_g -135.0760273842025 102.47000122070312 32.4900016784668 AB 0.7070668808878028 1.0297090498378474
60237.3414 lsst_hardware_z -23.66186535167265 77.4800033569336 31.0 AB 0.7398977209329218 1.0257362120142168
60245.3687 lsst_hardware_z -39.886510742047165 77.05999755859375 31.0 AB 3.4536732223280318 1.0344210325204675
60247.3592 lsst_hardware_r -27.935057265054272 66.47000122070312 31.649999618530273 AB 5.052399165217692 1.0312421755103958
60247.3695 lsst_hardware_y -64.26358724415498 81.5199966430664 30.06999969482422 AB 5.08616686258368 1.0402577439153968
60249.3568 lsst_hardware_z -13.446250101133568 109.37999725341797 31.75 AB 5.255127675831925 1.0336092198125437
60263.3485 lsst_hardware_u 11.047194553642628 22.239999771118164 29.459999084472656 AB 5.931402193810878 1.0711335790176657
60263.3593 lsst_hardware_g -156.1048315004756 71.38999938964844 31.700000762939453 AB 6.030680010906324 1.091608117216621
60265.3394 lsst_hardware_g -57.940933507820965 71.94000244140625 31.719999313354492 AB 3.402307432824407 1.0651072000910873
60265.3525 lsst_hardware_r 20.095821691214823 66.08000183105469 31.6299991607666 AB 3.4832372092360964 1.0888518941031873
60268.3267 lsst_hardware_r -31.735945483396424 66.2699966430664 31.639999389648438 AB 5.078777827483436 1.058225689849306
60268.3387 lsst_hardware_i -94.71328871840134 65.94000244140625 31.31999969482422 AB 5.411565477435717 1.0779831963152993
60270.3171 lsst_hardware_z 67.69952987074936 76.83000183105469 30.989999771118164 AB 4.736089404748876 1.0524643121664168
60270.3296 lsst_hardware_u -5.588455906727851 22.219999313354492 29.450000762939453 AB 4.821743265147319 1.0714985033660709
60272.3285 lsst_hardware_z 4.383596025323278 76.7300033569336 30.989999771118164 AB 10.049196235666306 1.0793208043462308
60272.3407 lsst_hardware_r -45.49210618098401 65.87999725341797 31.6299991607666 AB 9.247647260567591 1.1046803289680167
60274.3242 lsst_hardware_i -142.7545559478147 65.86000061035156 31.31999969482422 AB 5.620248333862874 1.081510263091082
60274.3367 lsst_hardware_z -32.94528938377571 76.63999938964844 30.989999771118164 AB 5.651188094575543 1.1080760969755967
60276.3235 lsst_hardware_i -95.39608476262106 65.16999816894531 31.31999969482422 AB 3.8320447596763834 1.090973597060892
60276.336 lsst_hardware_z -137.881758918561 75.95999908447266 30.989999771118164 AB 4.282871626405629 1.1197050003675453
60280.315 lsst_hardware_i -95.60553992067 65.18000030517578 31.31999969482422 AB 7.126788909827516 1.0960918040337264
60280.3266 lsst_hardware_r -84.26066591519714 65.25 31.6299991607666 AB 7.319549116528041 1.1236067824583802
60282.3185 lsst_hardware_z -48.65286191107831 107.47000122070312 31.739999771118164 AB 3.977081725585938 1.1168963423129243
60284.292 lsst_hardware_r 14.10268385084086 66.2300033569336 31.639999389648438 AB 4.645354841085431 1.0725825077546596
60284.3036 lsst_hardware_g -33.18438193627182 71.5 31.700000762939453 AB 4.813627408764725 1.09506396150025
60290.2186 lsst_hardware_r 132.3285020472285 65.92434101313987 31.649999618530273 AB 12.777756015994786 1.021627937076104
60290.2308 lsst_hardware_u -0.30651486492396746 22.48411121944752 29.489999771118164 AB 12.823013679605166 1.0248777093217019
60293.2114 lsst_hardware_g 12.419913973227542 12.88286402717299 31.389999389648438 AB 8.24921426339549 1.0217446213647285
60293.2241 lsst_hardware_r 1.968013586274369 21.275075299483056 31.479999542236328 AB 8.270267766423885 1.0255499575449303
60297.1978 lsst_hardware_z 94.22947786931942 41.196842588312684 30.950000762939453 AB 5.193952898601752 1.0214932932875176
60297.2097 lsst_hardware_r 53.283017509406186 22.3313063676496 31.479999542236328 AB 5.234577318698867 1.0240785129021197
60301.1977 lsst_hardware_z 185.2179881822002 50.03831757675892 30.969999313354492 AB 5.898925875893594 1.023689576287643
60301.2094 lsst_hardware_r 288.15918852705664 53.054581363136975 31.6299991607666 AB 6.984848527259473 1.0296062097964553
60303.1999 lsst_hardware_i 399.32192097566025 61.24490739007927 31.329999923706055 AB 6.861234528403463 1.0271437310948568
60303.2123 lsst_hardware_z 183.87079095140606 57.31768102373642 30.979999542236328 AB 6.832482213548226 1.0361403584300806
60304.1953 lsst_hardware_r 380.34358499827437 83.70579829362872 31.65999984741211 AB 7.289461491254107 1.026154777990818
60304.2087 lsst_hardware_z 340.61524140664886 61.2867941932636 30.979999542236328 AB 7.599097879512545 1.035369967915084
60306.1898 lsst_hardware_y 98.31736631814009 52.95910238595694 30.059999465942383 AB 6.261993368834944 1.0261357425374755
60306.2044 lsst_hardware_r 446.40694733152293 80.64283990550327 31.649999618530273 AB 6.244336371838315 1.0364043770686
60310.182 lsst_hardware_z 411.64019974205587 50.170850605425834 30.959999084472656 AB 7.196947418759323 1.0278387406433176
60310.1936 lsst_hardware_r 678.5150995423531 49.70294006679972 31.6200008392334 AB 7.253990924506619 1.0365161531837643
60312.1354 lsst_hardware_r 706.3077804888953 32.93155749214352 31.479999542236328 AB 3.949990501503339 1.026371443810144
60312.1494 lsst_hardware_u 4.155879095908742 2.78849025593073 28.43000030517578 AB 3.9707087726943304 1.0217984489692056
60316.1835 lsst_hardware_r 702.9521612748647 34.07525825402122 31.469999313354492 AB 8.298100392379164 1.0428024369939257
60316.1966 lsst_hardware_u 0.7790773966142929 2.748718304324487 28.350000381469727 AB 8.407416623112663 1.0596470904038626
60318.177 lsst_hardware_g 117.33886605275812 17.277980602542776 31.3799991607666 AB 7.837293848250827 1.041685416895684
60318.1915 lsst_hardware_r 762.7479746998825 34.29694230772412 31.469999313354492 AB 7.9703905317161405 1.0601860708373743
60320.1576 lsst_hardware_i 1081.2112096136027 43.71334070123988 31.25 AB 5.002112327746877 1.0296649501331572
60320.1713 lsst_hardware_z 668.7638699976176 47.885088704839326 30.950000762939453 AB 7.102576074377703 1.0414334419908666
60324.1477 lsst_hardware_r 665.3124550209876 33.24511073914232 31.469999313354492 AB 5.676181382025883 1.0303625423073277
60324.1617 lsst_hardware_i 1019.6078563704921 43.63818343084481 31.239999771118164 AB 5.762632119277471 1.0428530452620972
60326.154 lsst_hardware_z 702.4762188759904 48.05028599582442 30.940000534057617 AB 1.5576867264328322 1.0404809750734691
60326.1676 lsst_hardware_i 984.0723786996688 43.37472846134546 31.229999542236328 AB 3.2384867726722475 1.057177401307589
60328.1032 lsst_hardware_z 560.9879587562664 50.12040268784002 30.950000762939453 AB 3.9720731612443045 1.022237238031476
60328.1157 lsst_hardware_r 678.3796153409105 43.0089155479923 31.59000015258789 AB 3.970134610801353 1.02173834025942
60330.1094 lsst_hardware_y 640.5655524696012 71.86275459945983 30.799999237060547 AB 12.953062933071882 1.021642359848976
60332.1007 lsst_hardware_r 557.2769842566987 69.54168553787697 31.649999618530273 AB 8.552903983231756 1.021445539398697
60332.1138 lsst_hardware_i 1018.0373657374915 62.27884655867353 31.31999969482422 AB 8.62622779202745 1.023965630359752
60336.091 lsst_hardware_z 648.9404526033463 58.604642551542604 30.969999313354492 AB 11.655860286631077 1.0214881064469863
60336.1042 lsst_hardware_r 465.0410297110938 74.42890275237596 31.649999618530273 AB 11.580676922123379 1.0244760192961233
60338.0892 lsst_hardware_i 734.605207421253 49.35545182361072 31.290000915527344 AB 11.647060632443706 1.0218512574525098
60338.1008 lsst_hardware_z 494.62765373217815 51.611243177543415 30.959999084472656 AB 11.9526749335144 1.0253645820978297
60340.0886 lsst_hardware_r 323.78172563810614 28.163746623035674 31.479999542236328 AB 9.101548272678407 1.022885312780528
60340.1012 lsst_hardware_u -2.4921003177665004 2.614341314583176 28.43000030517578 AB 9.133174274450822 1.028520268521755
60344.0858 lsst_hardware_g 27.719955820226662 13.549290858963781 31.3700008392334 AB 10.76891988992222 1.0260267146151747
60344.0988 lsst_hardware_r 310.0366384121383 26.887815188459314 31.469999313354492 AB 10.855684707165564 1.034794551394788
60346.0736 lsst_hardware_r 223.64446202339494 26.265648654542705 31.469999313354492 AB 4.900567079898885 1.0232965295257535
60346.0856 lsst_hardware_i 565.4607711169552 37.298667045869735 31.239999771118164 AB 4.522520222885302 1.0290148402469403
60348.0381 lsst_hardware_y 131.16478312323332 49.41307243627135 30.049999237060547 AB 7.049069021455221 1.0258787005938106
60348.0521 lsst_hardware_z 329.78645367035296 44.449835309855914 30.940000534057617 AB 10.258451497534294 1.0216817964329479
60350.0723 lsst_hardware_u -3.624832510044364 2.6689248602442874 28.440000534057617 AB 2.6716871093420993 1.0275719651315767
60350.0851 lsst_hardware_r 165.30405035876316 25.307708388915724 31.479999542236328 AB 3.623257931139803 1.0371921558606307
60352.0571 lsst_hardware_i 374.4778881976981 35.280764356236794 31.25 AB 2.0472043692855677 1.0232610976103
60352.0699 lsst_hardware_z 296.90775472414595 44.45154093373917 30.950000762939453 AB 2.047252383793968 1.0294597974156192
60354.0672 lsst_hardware_r 187.33698108649676 24.935935496412835 31.489999771118164 AB 2.5856796810816878 1.0313839972404126
60354.08 lsst_hardware_u 5.269259234903131 2.6771866120686205 28.440000534057617 AB 2.6084432927156667 1.0430991573109838
60356.0544 lsst_hardware_g -9.991338099802217 22.19120880774287 31.600000381469727 AB 2.4641594252256827 1.0267330938440344
60356.067 lsst_hardware_r 140.62877783883795 29.560432211668136 31.549999237060547 AB 2.485530036230115 1.0356375150958814
60359.0536 lsst_hardware_i 243.98245529735985 45.10748415737395 31.309999465942383 AB 2.9925916724270736 1.0314243062045807
60359.0656 lsst_hardware_z 224.371878596722 49.274868214941826 30.969999313354492 AB 3.047737363270252 1.0422881347215087
60363.0467 lsst_hardware_r 147.11912897807048 73.9331547528879 31.649999618530273 AB 7.295054693650152 1.034612777428755
60595.375 lsst_hardware_i -11.10109430853117 32.029998779296875 31.270000457763672 AB 5.721201607225628 1.0216431441474336
60602.3746 lsst_hardware_y -93.73510932084669 64.48999786376953 30.079999923706055 AB 0.6179430434634454 1.0242149891673369
60604.3699 lsst_hardware_r 17.30616394625012 51.5099983215332 31.6299991607666 AB 3.2327802275744664 1.024517700538587
60612.3536 lsst_hardware_z 27.721146738951777 41.650001525878906 30.959999084472656 AB 4.936352630811056 1.027194138339075
60612.3649 lsst_hardware_r -51.201884580145084 27.3799991607666 31.559999465942383 AB 5.01375813418353 1.0352587516381437
60616.3609 lsst_hardware_g -7.206017050678746 20.709999084472656 31.56999969482422 AB 5.082470082748414 1.0419701876374177
60619.3061 lsst_hardware_i 19.011316780329988 29.40999984741211 31.25 AB 3.37318482529325 1.0221772197858334
60619.3176 lsst_hardware_z -5.033032645816705 40.25 30.950000762939453 AB 3.3713398503825975 1.0216181364795751
60621.219 lsst_hardware_z -172.11413666677552 72.83999633789062 32.13999938964844 AB 5.413787159001284 1.1360375950059909
60621.2297 lsst_hardware_r -21.615636588882403 21.809999465942383 31.479999542236328 AB 5.3133443858092955 1.1085634020048603
60627.3476 lsst_hardware_y 99.31513093832265 49.2400016784668 30.040000915527344 AB 6.1387918080136 1.0640383304853709
60627.359 lsst_hardware_g 18.592158954243605 30.600000381469727 31.6299991607666 AB 6.257821298468462 1.084121668061581
60628.3453 lsst_hardware_r -28.96727847511745 44.470001220703125 31.610000610351562 AB 5.824459389327729 1.0647195166719896
60628.3565 lsst_hardware_i -63.13505102112975 40.27000045776367 31.280000686645508 AB 5.980059787993061 1.0845721673983224
60630.3379 lsst_hardware_i -81.97962360507404 63.95000076293945 31.31999969482422 AB 3.3799102061654187 1.061696311030444
60630.3507 lsst_hardware_z 40.800736118673065 62.95000076293945 30.979999542236328 AB 3.4540567958376327 1.0839090363506863
60632.3362 lsst_hardware_r -118.64685120890864 61.31999969482422 31.639999389648438 AB 6.212851195834586 1.067668366295021
60632.3488 lsst_hardware_z 24.005174552362668 55.939998626708984 30.969999313354492 AB 6.338368643548635 1.0910664408220245
60634.3398 lsst_hardware_z -64.817365667079 47.52000045776367 30.959999084472656 AB 3.9661760002553827 1.083950806300945
60634.3526 lsst_hardware_i -13.06374907100291 49.86000061035156 31.299999237060547 AB 4.071437576840254 1.1118070936210416
60636.3334 lsst_hardware_r -19.928705121893483 33.619998931884766 31.56999969482422 AB 7.165086121478873 1.0821349626549346
60636.3454 lsst_hardware_z 48.18352547157209 47.560001373291016 30.950000762939453 AB 7.3285299778366655 1.1076700976653147
60641.3229 lsst_hardware_r 5.051701818777338 21.899999618530273 31.479999542236328 AB 3.827899222002022 1.0883474070990917
60641.3347 lsst_hardware_u 2.0506328394363527 2.8499999046325684 28.440000534057617 AB 4.2446264329633125 1.1147578831209517
60645.3136 lsst_hardware_i 3.714520160368024 30.1299991607666 31.239999771118164 AB 7.100458249558204 1.091678398394599
60645.3258 lsst_hardware_z 85.13786387301246 41.83000183105469 30.940000534057617 AB 7.286758086634006 1.1198050487873379
60649.2942 lsst_hardware_i 3.2582544609049333 30.030000686645508 31.239999771118164 AB 4.6489077835349875 1.0752648973135932
60649.3057 lsst_hardware_u -4.776489243515517 2.619999885559082 28.399999618530273 AB 4.786766554029192 1.098134102782563
60651.2935 lsst_hardware_g -0.5464222812621604 12.850000381469727 31.3799991607666 AB 5.989363446568808 1.0841785035724625
60651.3046 lsst_hardware_r -4.651479548767837 21.829999923706055 31.479999542236328 AB 6.123557753835502 1.1080354209419165
60653.2228 lsst_hardware_r 12.674520208740812 21.399999618530273 31.5 AB 9.609689961949913 1.0214743254030307
60653.2359 lsst_hardware_i 42.4745592772411 29.549999237060547 31.260000228881836 AB 9.618481820970851 1.024441561505043
60655.2185 lsst_hardware_z 35.654192694000116 64.16000366210938 31.719999313354492 AB 12.806700978823251 1.0215531431279519
60657.2111 lsst_hardware_z 25.14705322437318 51.75 30.969999313354492 AB 7.879159980328228 1.0214435236205772
60657.2231 lsst_hardware_r 104.03425589037165 62.83000183105469 31.649999618530273 AB 8.00433188818364 1.0237354932929392
60659.2106 lsst_hardware_i 99.79635779421012 65.22000122070312 31.329999923706055 AB 10.620676240147619 1.0219261406123616
60659.2245 lsst_hardware_z -93.84815842786098 58.869998931884766 30.979999542236328 AB 10.670599925419644 1.0267815705798722
60661.2116 lsst_hardware_i 27.33452601852859 57.119998931884766 31.329999923706055 AB 4.842700161618993 1.0235381488556416
60661.2253 lsst_hardware_z 28.283840747278173 54.29999923706055 30.979999542236328 AB 4.9524127634040545 1.03067903504767
60664.2037 lsst_hardware_z 16.326520726905343 45.13999938964844 30.969999313354492 AB 4.97010338547619 1.0236379346715658
60664.2164 lsst_hardware_g -75.01035829034547 43.20000076293945 31.700000762939453 AB 6.078089157350222 1.0301846029407156
60666.2026 lsst_hardware_r -17.269822157543924 27.25 31.559999465942383 AB 5.981117567771351 1.0253930340769086
60666.2144 lsst_hardware_i 44.07792497399929 33.2599983215332 31.270000457763672 AB 7.005044229836748 1.0327354017155281
60667.2052 lsst_hardware_z -47.60356326711045 41.09000015258789 30.950000762939453 AB 6.642498468007187 1.028237272688398
60667.2181 lsst_hardware_u 3.7117591827065306 3.190000057220459 28.56999969482422 AB 7.239655941209811 1.0383653012514007
60669.2008 lsst_hardware_g -35.289602827802454 17.920000076293945 32.13999938964844 AB 7.21702271630027 1.0288964572019583
