data/validation/pwv_sim_epoch_fit_seasonal/41223748.ecsv
# %ECSV 0.9
# ---
# datatype:
# - {name: time, datatype: float64}
# - {name: band, datatype: string}
# - {name: flux, datatype: float64}
# - {name: fluxerr, datatype: float64}
# - {name: zp, datatype: float64}
# - {name: zpsys, datatype: string}
# - {name: pwv, datatype: float64}
# - {name: airmass, datatype: float64}
# meta: {SNID: '41223748', alt: 1024.0, c: -0.05561728775501251, dec: 1.342993, lat: -30.244573, lon: -70.7499537, ra: 200.742188, t0: 61151.3515625,
#   x0: 9.289739506709417e-06, x1: -1.108025312423706, z: 0.4745329022407532}
# schema: astropy-2.0
time band flux fluxerr zp zpsys pwv airmass
[from data line 133]
61501.2299 lsst_hardware_g -15.607543431341755 15.529999732971191 31.420000076293945 AB 17.467178174392668 1.1770071319866662
61505.2214 lsst_hardware_u 2.268673676672444 2.809999942779541 28.40999984741211 AB 5.62996936717508 1.1788043063598392
61505.2386 lsst_hardware_g -24.997983889471502 15.75 31.43000030517578 AB 5.979593003036029 1.1999183283683341
61511.1929 lsst_hardware_z 111.0365363732734 52.25 30.959999084472656 AB 20.013529841989758 1.1726219586338282
61511.209 lsst_hardware_r 57.66037905081668 52.880001068115234 31.600000381469727 AB 19.2831025786519 1.1823777161739495
61513.1478 lsst_hardware_i -10.78164746838264 83.02999877929688 31.309999465942383 AB 14.185960467488366 1.2014194563550546
61513.1637 lsst_hardware_z 104.18713258538453 73.87999725341797 30.969999313354492 AB 13.908710271910877 1.180672047076558
61515.1922 lsst_hardware_i -137.71666978007838 130.5800018310547 31.31999969482422 AB 3.9577418381806595 1.1773737433231175
61515.2098 lsst_hardware_z 72.46973317170533 111.19999694824219 30.989999771118164 AB 3.2573533973884152 1.1974830209135772
61518.1882 lsst_hardware_z 11.025955602031495 67.26000213623047 30.969999313354492 AB 4.786055970270938 1.1807703874023696
61518.2051 lsst_hardware_r -25.71866505142644 92.55000305175781 31.610000610351562 AB 4.901648588767368 1.2033507173733309
61524.1551 lsst_hardware_g -12.293732475089513 15.260000228881836 31.420000076293945 AB 9.688536984344424 1.1722367797149937
61524.1721 lsst_hardware_r 37.819239951137995 24.65999984741211 31.479999542236328 AB 11.54201206727993 1.1810302778736903
61526.1513 lsst_hardware_i 5.370698893659706 32.4900016784668 31.229999542236328 AB 10.916280888125236 1.1724908762441626
61526.1689 lsst_hardware_z 4.0204595139571255 43.79999923706055 30.940000534057617 AB 11.317781577119534 1.1832495114604846
61528.1546 lsst_hardware_i 3.5342464484545424 32.560001373291016 31.25 AB 13.335434170673109 1.175990138289919
61528.1714 lsst_hardware_u 6.6895447315631325 2.799999952316284 28.43000030517578 AB 13.706221434934879 1.1930903059657798
61530.1459 lsst_hardware_g -9.794715996675684 15.199999809265137 31.40999984741211 AB 10.106083809755763 1.1742726285845477
61530.1647 lsst_hardware_r -21.60634245829755 24.670000076293945 31.479999542236328 AB 10.141356523013792 1.1913487839076409
61532.1459 lsst_hardware_i 10.037119917738096 32.630001068115234 31.239999771118164 AB 7.282591350922709 1.1774602022510443
61532.1651 lsst_hardware_r -62.61429154158242 24.700000762939453 31.479999542236328 AB 7.412997509164362 1.2002910474683228
61533.1475 lsst_hardware_u -0.1063338867645646 2.799999952316284 28.420000076293945 AB 11.687259876787131 1.1810084758273172
61533.1651 lsst_hardware_g -25.67140334261724 15.170000076293945 31.40999984741211 AB 11.792852547740917 1.2050738348396606
61535.145 lsst_hardware_r 2.3959482701723798 24.600000381469727 31.489999771118164 AB 8.398235064127107 1.1839617101682953
61535.1623 lsst_hardware_i 7.392840769250265 32.7599983215332 31.239999771118164 AB 8.463793764912987 1.2101218298457743
61541.0712 lsst_hardware_z 86.53926098645347 67.83000183105469 30.969999313354492 AB 6.079598790028166 1.2016798517622507
61541.0927 lsst_hardware_r -81.95515695653782 86.19999694824219 31.6200008392334 AB 6.238736223676263 1.176454124773951
61543.0748 lsst_hardware_i 17.751403601522686 102.36000061035156 31.309999465942383 AB 9.96282336827482 1.1882193728562136
61543.0969 lsst_hardware_r -14.620033823336017 127.30000305175781 31.6299991607666 AB 9.898725574891518 1.1724643368869667
61547.0782 lsst_hardware_z 111.73440944713573 88.81999969482422 31.719999313354492 AB 5.909949972779455 1.1753297923989636
61551.0712 lsst_hardware_r 31.110334078935423 24.350000381469727 31.479999542236328 AB 6.125520254129376 1.1735275164767232
61551.0905 lsst_hardware_i -18.085575356884174 32.40999984741211 31.229999542236328 AB 7.528721831771832 1.175245690701052
61553.0409 lsst_hardware_i 17.875428086477083 32.869998931884766 31.229999542236328 AB 8.421801889423433 1.1975970549146602
61553.0642 lsst_hardware_z 3.6676512944770034 43.939998626708984 30.93000030517578 AB 8.719029250303784 1.1741482550067226
61555.0387 lsst_hardware_i -6.203448097637832 32.65999984741211 31.239999771118164 AB 11.498158133770541 1.1926828217971466
61555.06 lsst_hardware_u 0.5122721146962764 2.700000047683716 28.34000015258789 AB 12.679924776671148 1.173632430273187
61556.9974 lsst_hardware_g 10.190797809419106 15.239999771118164 31.389999389648438 AB 8.804229687821076 1.2798395669758074
61557.0086 lsst_hardware_r -27.828856266518542 24.829999923706055 31.479999542236328 AB 8.46098836645688 1.2442629950671882
61560.0361 lsst_hardware_i 53.62110030219585 32.599998474121094 31.239999771118164 AB 13.232590701347366 1.180032611869122
61560.0565 lsst_hardware_r -12.593551969670289 24.65999984741211 31.489999771118164 AB 13.460233226056005 1.17221338321012
61570.9961 lsst_hardware_z 6.8270358381974345 70.16000366210938 30.969999313354492 AB 15.374414360837854 1.191168696121299
61571.0165 lsst_hardware_r -20.22864861966953 91.9000015258789 31.6200008392334 AB 15.53312397792061 1.1735659997169763
61572.9973 lsst_hardware_i -229.44282428540254 76.76000213623047 31.309999465942383 AB 8.422470123814488 1.1831804627118758
61573.0181 lsst_hardware_z -50.60425463161317 68.76000213623047 30.969999313354492 AB 7.087654308718437 1.1721266186795114
61574.9985 lsst_hardware_i 16.30741558923236 69.98999786376953 31.309999465942383 AB 7.388082560285462 1.1773836749458904
61575.0173 lsst_hardware_z -17.333590240853148 63.650001525878906 30.969999313354492 AB 4.6734426375414975 1.172464284380707
61578.9944 lsst_hardware_i -7.080882262517188 32.91999816894531 31.229999542236328 AB 10.72963400310586 1.173663750066272
61579.0131 lsst_hardware_r 13.161001320092948 25.079999923706055 31.489999771118164 AB 3.8173770500029156 1.1747582858910341
61580.994 lsst_hardware_u 2.1382337888705076 2.690000057220459 28.31999969482422 AB 5.902107006407119 1.1723323083537587
61581.0126 lsst_hardware_g 35.96386575458626 15.609999656677246 31.420000076293945 AB 5.92213476180158 1.1778310982103382
61582.996 lsst_hardware_r -25.23978097488097 25.170000076293945 31.489999771118164 AB 8.965488302995416 1.1725723650268658
61583.0151 lsst_hardware_i 41.72871384869861 32.959999084472656 31.239999771118164 AB 9.702490582820444 1.1852541635500176
61587.9722 lsst_hardware_y -64.55208137658741 49.380001068115234 30.010000228881836 AB 10.907883878124114 1.172890739583238
61588.0052 lsst_hardware_r -10.41504984777861 25.719999313354492 31.5 AB 10.528322309018131 1.1898426071105985
61589.9613 lsst_hardware_y 117.33394634627636 53.619998931884766 30.010000228881836 AB 9.646480817635114 1.1750626300513707
61589.9814 lsst_hardware_r -27.99816624629082 25.639999389648438 31.489999771118164 AB 9.658449431374393 1.173994096435436
61594.9617 lsst_hardware_z 70.83863201969865 50.290000915527344 30.950000762939453 AB 3.668357856016555 1.172311432015943
61594.9837 lsst_hardware_g 7.614333820303898 23.09000015258789 31.530000686645508 AB 3.677737226007376 1.1868454137982658
