data/validation/pwv_sim_epoch_fit_seasonal/41321015.ecsv
# %ECSV 0.9
# ---
# datatype:
# - {name: time, datatype: float64}
# - {name: band, datatype: string}
# - {name: flux, datatype: float64}
# - {name: fluxerr, datatype: float64}
# - {name: zp, datatype: float64}
# - {name: zpsys, datatype: string}
# - {name: pwv, datatype: float64}
# - {name: airmass, datatype: float64}
# meta: {SNID: '41321015', alt: 1024.0, c: -0.04456876590847969, dec: 1.193748, lat: -30.244573, lon: -70.7499537, ra: 68.378906, t0: 60622.75390625,
#   x0: 2.268284889517429e-06, x1: 0.21301555633544922, z: 0.8464710116386414}
# schema: astropy-2.0
time band flux fluxerr zp zpsys pwv airmass
[from data line 132]
60996.2616 lsst_hardware_r -74.46537290201948 23.959999084472656 31.479999542236328 AB 4.803242654325529 1.196125837384958
60996.281 lsst_hardware_i 2.425820929863232 32.459999084472656 31.229999542236328 AB 4.973644125785175 1.2358926842836322
60998.2242 lsst_hardware_i 1.4364120534494582 32.09000015258789 31.229999542236328 AB 6.245980047587797 1.1727704673924826
60998.244 lsst_hardware_z -24.688323722205332 43.439998626708984 30.93000030517578 AB 6.28178451491411 1.1813972476212764
61000.2284 lsst_hardware_r 25.566580129081796 23.8700008392334 31.479999542236328 AB 3.8498042343492314 1.174645956220329
61000.248 lsst_hardware_u -0.41206516670005744 2.6600000858306885 28.329999923706055 AB 3.9275132159739607 1.19223289549183
61005.2296 lsst_hardware_i 45.77652235622674 32.20000076293945 31.229999542236328 AB 6.255602429245494 1.1862335127041337
61005.2493 lsst_hardware_z -27.88518370691213 44.02000045776367 30.93000030517578 AB 6.4205476798737555 1.218821339552711
61007.1553 lsst_hardware_r -5.083491757684162 30.940000534057617 31.530000686645508 AB 5.093325585985387 1.2222759130451886
61007.1724 lsst_hardware_g 2.437400885915807 22.899999618530273 31.540000915527344 AB 3.899383569600024 1.1914093656320888
61014.1884 lsst_hardware_r 57.58321664860724 132.86000061035156 31.6299991607666 AB 2.8774844989589248 1.1739643690717405
61014.2059 lsst_hardware_z 16.488771214487183 91.4000015258789 30.979999542236328 AB 2.912811000020954 1.1872467647240628
61016.1895 lsst_hardware_g 52.625468072708905 80.13999938964844 31.670000076293945 AB 4.820279307751846 1.1772092089918218
61016.2084 lsst_hardware_r 62.87474191069091 80.37000274658203 31.610000610351562 AB 5.083824131754894 1.1983085755462914
61019.1883 lsst_hardware_i -5.525265333697892 37.540000915527344 31.260000228881836 AB 11.563198702114471 1.182946013396309
61019.2072 lsst_hardware_z -29.223954995288665 47.08000183105469 30.940000534057617 AB 11.841443558384714 1.210760916656299
61025.1544 lsst_hardware_i -4.634306885457483 32.0099983215332 31.229999542236328 AB 11.953151105660075 1.1729896374661088
61025.1723 lsst_hardware_z -39.1702253655018 43.5099983215332 30.940000534057617 AB 12.181588499128903 1.1833257282379246
61027.1179 lsst_hardware_r -1.6250040571795452 23.770000457763672 31.469999313354492 AB 4.683620175436418 1.1912556614084742
61027.1369 lsst_hardware_u -3.9942898823637054 2.609999895095825 28.309999465942383 AB 3.4337181685872866 1.1745900234622215
61029.1164 lsst_hardware_g 5.995436810123373 14.510000228881836 31.389999389648438 AB 3.869364232811786 1.1863150432739251
61029.1361 lsst_hardware_r -11.699000272391158 23.729999542236328 31.469999313354492 AB 3.5291498370238847 1.1731570969912357
61031.1159 lsst_hardware_i 29.912849691457506 32.099998474121094 31.229999542236328 AB 4.629637955927519 1.1812309804201075
61031.1353 lsst_hardware_z 73.34196558119116 43.25 30.940000534057617 AB 4.136194654294678 1.1727508884420923
61033.1146 lsst_hardware_r -9.755327858130745 23.739999771118164 31.479999542236328 AB 7.274094447240455 1.1778956274374885
61033.1335 lsst_hardware_g 15.030260836100373 14.430000305175781 31.399999618530273 AB 7.3140053557220615 1.1731502695840983
61035.1208 lsst_hardware_r 14.998428115892157 25.270000457763672 31.489999771118164 AB 8.885735813378828 1.1729699110119207
61035.1401 lsst_hardware_i -6.262593162081744 32.619998931884766 31.229999542236328 AB 8.185549000055662 1.1789642805783758
61039.0868 lsst_hardware_r 15.793888994968603 90.05999755859375 32.36000061035156 AB 8.814138946641261 1.1890778896211975
61039.1075 lsst_hardware_z 25.36139877300344 79.20999908447266 31.709999084472656 AB 8.577125822780232 1.1734484434669485
61041.0891 lsst_hardware_y 31.564015429472185 59.15999984741211 30.010000228881836 AB 8.17958967254356 1.180777717194395
61041.1097 lsst_hardware_r -16.949693138262557 99.37999725341797 31.6200008392334 AB 8.123998857390943 1.172854401942478
61044.087 lsst_hardware_i 14.053318597487868 76.8499984741211 31.309999465942383 AB 2.7055529452628924 1.1763273675056054
61044.1076 lsst_hardware_z 12.123094743007371 69.77999877929688 30.969999313354492 AB 2.7010261647195 1.1743592020519567
61055.0451 lsst_hardware_y 71.80107565260671 53.68000030517578 30.010000228881836 AB 7.051139773235776 1.1866610187202584
61055.0648 lsst_hardware_z 11.170264438323489 43.209999084472656 30.940000534057617 AB 6.967112160910407 1.1732107705498707
61057.0454 lsst_hardware_y -24.853018850135083 53.54999923706055 30.020000457763672 AB 3.2489243063814963 1.180782957071241
61057.0668 lsst_hardware_u 2.6090574157686777 2.7300000190734863 28.399999618530273 AB 3.232344006933578 1.1729452987149056
61059.0407 lsst_hardware_y 9.910637700777565 59.77000045776367 30.010000228881836 AB 5.63039100783909 1.180128067038166
61059.0605 lsst_hardware_r 20.471626348582095 23.420000076293945 31.469999313354492 AB 4.242469102311579 1.1728437631658244
61063.0397 lsst_hardware_y -90.87896263152632 55.560001373291016 30.0 AB 10.056582295658577 1.174148545902928
61063.0593 lsst_hardware_g 14.19491866407155 15.010000228881836 31.399999618530273 AB 8.669324683518884 1.1760597820686083
61065.0386 lsst_hardware_y 39.084223403240834 55.66999816894531 30.010000228881836 AB 7.964204891085782 1.1730034819641588
61065.0588 lsst_hardware_i 2.312744032968292 34.209999084472656 31.239999771118164 AB 8.10273792382097 1.1794378346173173
61067.0373 lsst_hardware_y -58.86634211104245 60.560001373291016 30.020000457763672 AB 12.907069389277385 1.1727480326442692
61067.0555 lsst_hardware_i 117.32941858116565 47.2400016784668 31.280000686645508 AB 13.466604176454277 1.1812810681100243
61069.0372 lsst_hardware_y 19.884688464199854 61.65999984741211 30.010000228881836 AB 15.106295185317949 1.1736235237010408
61069.0561 lsst_hardware_z -2.4602961656457274 64.22000122070312 30.959999084472656 AB 14.976214788040435 1.1876772942483627
