data/validation/pwv_sim_epoch_fit_seasonal/41375035.ecsv
# %ECSV 0.9
# ---
# datatype:
# - {name: time, datatype: float64}
# - {name: band, datatype: string}
# - {name: flux, datatype: float64}
# - {name: fluxerr, datatype: float64}
# - {name: zp, datatype: float64}
# - {name: zpsys, datatype: string}
# - {name: pwv, datatype: float64}
# - {name: airmass, datatype: float64}
# meta: {SNID: '41375035', alt: 1024.0, c: -0.00044983584666624665, dec: -38.111038, lat: -30.244573, lon: -70.7499537, ra: 41.835938,
#   t0: 61738.76953125, x0: 2.9547582109872816e-06, x1: 1.0003470182418823, z: 0.7604085803031921}
# schema: astropy-2.0
time band flux fluxerr zp zpsys pwv airmass
[from data line 133]
62070.1346 lsst_hardware_g 28.382696361686516 33.630001068115234 31.649999618530273 AB 4.056830307862471 1.1071631497464103
62070.3024 lsst_hardware_r 8.509161396709906 22.5 31.489999771118164 AB 3.5093137376660803 1.1203811118734879
62070.313 lsst_hardware_z 40.29581669844708 42.790000915527344 30.940000534057617 AB 3.5958609686507756 1.1524271993110866
62077.2887 lsst_hardware_z 116.714297097748 93.06999969482422 31.729999542236328 AB 6.04418768580681 1.1361077086775229
62079.2904 lsst_hardware_r 171.59605211478438 79.94999694824219 31.6299991607666 AB 4.013896382924362 1.1589691192274385
62079.302 lsst_hardware_i 46.291678677318394 65.0199966430664 31.299999237060547 AB 4.679184231409753 1.2014338149802515
62081.2769 lsst_hardware_z -7.6428906779128605 50.529998779296875 30.959999084472656 AB 5.712296522524875 1.1334671319250365
62081.289 lsst_hardware_r 9.046436848570403 55.88999938964844 31.610000610351562 AB 6.004095929102386 1.1730377419647746
62088.2337 lsst_hardware_r -34.08836222373724 21.729999542236328 31.469999313354492 AB 7.710040122198721 1.0735974548768439
62088.2462 lsst_hardware_i -14.769411507082484 30.329999923706055 31.229999542236328 AB 7.912321811713336 1.1017645076533666
62090.1175 lsst_hardware_g 0.9032761309528948 12.960000038146973 31.3799991607666 AB 6.010233612409193 1.0363067324114938
62090.1368 lsst_hardware_r -20.396436953478666 21.600000381469727 31.489999771118164 AB 5.983961869203514 1.0176084805560244
62091.2318 lsst_hardware_g 3.983361555909697 13.0 31.3799991607666 AB 6.088200964103594 1.087033158791875
62091.2442 lsst_hardware_r -12.820602171049849 22.020000457763672 31.469999313354492 AB 6.054503871412592 1.1179953598767596
62096.0283 lsst_hardware_y -6.641795252500936 51.04999923706055 29.979999542236328 AB 5.678948751034772 1.2272174502507909
62096.0444 lsst_hardware_g -3.3701366844091107 14.989999771118164 31.40999984741211 AB 5.19966041970114 1.1647984811158467
62100.1896 lsst_hardware_i -11.3046755219367 36.630001068115234 31.270000457763672 AB 4.895167481148735 1.052950630490156
62100.2017 lsst_hardware_z 36.459967510667525 44.0099983215332 30.950000762939453 AB 5.053949729451529 1.075155948684909
62103.0328 lsst_hardware_y 79.16564030712395 53.91999816894531 30.020000457763672 AB 7.010532377237522 1.1402638798401998
62103.0506 lsst_hardware_r 28.574492032706452 62.650001525878906 31.6299991607666 AB 5.8447014515679925 1.0921613475788083
62103.2126 lsst_hardware_z 32.49795077063046 53.70000076293945 30.959999084472656 AB 5.597187274519767 1.1212314251841087
62103.2251 lsst_hardware_r -40.28351079426924 61.36000061035156 31.610000610351562 AB 5.789454033585426 1.1597464009584748
62105.1779 lsst_hardware_r 4.185271261656022 79.88999938964844 31.649999618530273 AB 8.182868948526203 1.0561947658632946
62105.1901 lsst_hardware_i 76.45579829505974 64.43000030517578 31.31999969482422 AB 8.373190423916327 1.0794366925249441
62110.195 lsst_hardware_z 3.6973641604707734 50.060001373291016 30.959999084472656 AB 5.852707214552001 1.125520618183077
62110.2075 lsst_hardware_g 80.68836310394816 61.290000915527344 31.68000030517578 AB 6.057541306213602 1.1649117896564618
62118.0945 lsst_hardware_u 0.23027470317985976 2.5999999046325684 28.43000030517578 AB 7.454844781148852 1.0104610465570214
62118.1072 lsst_hardware_r 30.902653899841358 21.479999542236328 31.489999771118164 AB 7.515846241769922 1.0160439233629746
62120.0989 lsst_hardware_i 9.467917175742748 29.440000534057617 31.25 AB 10.249967720539109 1.0144038689418977
62120.1112 lsst_hardware_z 25.074074375014735 40.349998474121094 30.950000762939453 AB 10.334501144351462 1.023173776784721
62122.0875 lsst_hardware_z 47.7293945928438 40.29999923706055 30.950000762939453 AB 4.147991030564851 1.0117051294060613
62122.1008 lsst_hardware_r 40.63034407991089 21.639999389648438 31.489999771118164 AB 4.14191776165874 1.0191308825077894
62124.0852 lsst_hardware_u -1.7893419851977188 2.690000057220459 28.5 AB 3.399101186537341 1.0130191043945882
62124.098 lsst_hardware_g 0.3630656431756159 13.0600004196167 31.420000076293945 AB 3.442793747883804 1.0212217272180362
62126.0852 lsst_hardware_r -15.409733544876945 22.579999923706055 31.510000228881836 AB 4.0929212919460465 1.0159493526260253
62126.0966 lsst_hardware_i 1.1576237840736778 30.079999923706055 31.25 AB 4.145695769913731 1.0248094355420772
62133.0769 lsst_hardware_r 37.45463714708959 60.20000076293945 31.649999618530273 AB 8.466559812784118 1.0242632243871421
62133.0897 lsst_hardware_z 13.63218370170331 51.630001068115234 30.979999542236328 AB 7.789257423642672 1.0385676564856896
62137.0736 lsst_hardware_i 59.98116848668732 59.9900016784668 31.329999923706055 AB 7.112255857562637 1.0321835887788378
62137.0872 lsst_hardware_z 30.38111182534554 56.400001525878906 30.979999542236328 AB 7.278143835408577 1.0507572774704619
