data/validation/pwv_sim_epoch_fit_seasonal/41374481.ecsv
# %ECSV 0.9
# ---
# datatype:
# - {name: time, datatype: float64}
# - {name: band, datatype: string}
# - {name: flux, datatype: float64}
# - {name: fluxerr, datatype: float64}
# - {name: zp, datatype: float64}
# - {name: zpsys, datatype: string}
# - {name: pwv, datatype: float64}
# - {name: airmass, datatype: float64}
# meta: {SNID: '41374481', alt: 1024.0, c: -0.08623537421226501, dec: -50.480045, lat: -30.244573, lon: -70.7499537, ra: 340.25943, t0: 60118.1171875,
#   x0: 4.631833895469966e-06, x1: 0.6723992824554443, z: 0.632459819316864}
# schema: astropy-2.0
time band flux fluxerr zp zpsys pwv airmass
60101.4194 lsst_hardware_z 418.81460233325333 122.48248000321598 31.0 AB 4.058985340438416 1.068154036957478
60101.4323 lsst_hardware_y 190.29551960221863 131.44801225563947 30.06999969482422 AB 4.047207223516428 1.0650545325043232
60103.4219 lsst_hardware_r 1200.7330694569778 91.88704228364031 31.649999618530273 AB 1.760620439163478 1.065750871164333
60103.4366 lsst_hardware_y 207.2489039682802 126.96288902181225 30.06999969482422 AB 1.7361639832976292 1.0654581057361971
60119.1953 lsst_hardware_i 2708.9462026872047 137.07138493679153 31.959999084472656 AB 6.400527121333488 1.7076420795944154
60119.2219 lsst_hardware_z 1797.9910700210562 168.43444417528437 31.690000534057617 AB 6.115778937507296 1.4955442462114734
60122.4061 lsst_hardware_r 3323.312002405369 136.4084116683146 32.400001525878906 AB 7.734921242167894 1.0746553230368379
60122.4222 lsst_hardware_i 2541.0017970594763 146.65764498129283 32.08000183105469 AB 7.74276936399104 1.0893545979446353
60126.4093 lsst_hardware_i 1322.6585336594037 103.16636172983593 31.329999923706055 AB 10.545584498919665 1.0871736596824397
60126.4214 lsst_hardware_z 1185.3154811641111 123.92366219214625 31.0 AB 10.373836186790726 1.1021925400330137
60127.4007 lsst_hardware_z 1134.137228975715 124.24711632969615 31.0 AB 7.987420906379236 1.0813295450874416
60127.4121 lsst_hardware_r 1459.6695906359587 94.80638097587821 31.639999389648438 AB 8.078015278735824 1.0935324422678085
60133.3245 lsst_hardware_z 1009.881035571368 119.72541815727766 31.0 AB 1.4177608106463562 1.0718957741781927
60133.337 lsst_hardware_r 1010.1353243377266 91.44033772433274 31.649999618530273 AB 1.5371346034434064 1.066467116172844
60140.3997 lsst_hardware_u -38.27083474823821 32.282856074847324 29.440000534057617 AB 5.411063567970498 1.1295404588185256
60140.4114 lsst_hardware_g 48.48116233961089 95.90982562481656 31.690000534057617 AB 5.444989587729336 1.1540885094805715
60142.4057 lsst_hardware_r 578.1059051410598 87.71769052033004 31.6299991607666 AB 2.653139805144433 1.1535390457149708
60142.4168 lsst_hardware_z 668.3442244621284 118.01900719344107 30.989999771118164 AB 3.241201890133789 1.1810884176491898
60147.3393 lsst_hardware_g 136.3183405940168 94.69609610219436 31.719999313354492 AB 4.691845280003567 1.0757001024081545
60147.3514 lsst_hardware_r 314.18499595665816 87.3940101629723 31.639999389648438 AB 4.788134380539165 1.0865660470209906
60158.2355 lsst_hardware_y 20.501366669972274 131.14918092259282 30.06999969482422 AB 1.9553594272024408 1.0897920731238349
60158.2469 lsst_hardware_r 238.5110435855649 88.42408007375013 31.649999618530273 AB 1.9356560197575345 1.0785601893151195
60162.2429 lsst_hardware_r 56.6694799874247 88.1984817642989 31.649999618530273 AB 2.4146424676391884 1.0734129662765897
60162.2549 lsst_hardware_z 361.16616009774134 121.95997937853474 31.0 AB 1.3131561336537265 1.0673896636079874
60164.2381 lsst_hardware_r 158.62795799224574 88.03149992967812 31.649999618530273 AB 3.326259071295147 1.0729867971919829
60164.2502 lsst_hardware_i 160.77472349220093 98.43420021843434 31.34000015258789 AB 3.353191874904164 1.0671308377449802
60165.2385 lsst_hardware_z 364.2347924802717 117.71354671160658 31.0 AB 3.6037710140210373 1.0711163661825047
60165.2509 lsst_hardware_i 224.31883448828194 95.40327112620176 31.34000015258789 AB 3.549716325305279 1.0661409596950342
60168.2778 lsst_hardware_g -66.56949479386405 97.0130175073294 31.729999542236328 AB 3.0838093399042794 1.0728470147233165
60168.2897 lsst_hardware_r 160.94549057421298 88.04570019341169 31.649999618530273 AB 3.1356765975989505 1.082200723934064
60176.2946 lsst_hardware_r 109.37258973434243 87.37416431004124 31.639999389648438 AB 2.654067460887772 1.117266874715964
60176.3059 lsst_hardware_i 109.11280859610473 97.34461619940475 31.31999969482422 AB 2.7680759349819613 1.138423168818409
60178.2501 lsst_hardware_i 10.785153728388412 94.83076265089649 31.34000015258789 AB 1.892067758271824 1.072600769995365
60178.2604 lsst_hardware_z 102.97929479131218 117.1109522052531 31.0 AB 1.9075815696201301 1.0803746854559921
60179.2949 lsst_hardware_g 79.20192583761991 95.56505725275764 31.690000534057617 AB 2.2781305501912983 1.1327877430198061
60179.3056 lsst_hardware_r 110.84961825269811 86.86069764856677 31.6200008392334 AB 2.33836413810786 1.1556513182032997
60181.2975 lsst_hardware_i 118.21414478207113 96.9458019144441 31.309999465942383 AB 2.8710739167154053 1.1496558662768575
60181.3082 lsst_hardware_z 143.81072099010922 120.20325959130915 30.979999542236328 AB 2.8697307783640817 1.175476834392715
60183.2873 lsst_hardware_i 155.06290626930638 97.1167909504349 31.31999969482422 AB 2.9626472291177794 1.1394797035068382
60183.298 lsst_hardware_z 45.88260548525879 120.40411961729471 30.989999771118164 AB 3.497309590240129 1.163539745567705
60185.2493 lsst_hardware_z 273.53289388566407 171.03481700887454 31.75 AB 5.785785286820745 1.088354889123398
60193.0417 lsst_hardware_g 32.108171899959466 91.21710841030632 31.59000015258789 AB 0.7899888964774542 1.3679461410865008
60193.0487 lsst_hardware_r 97.20904774523196 84.88595512949883 31.579999923706055 AB 0.806428558677587 1.3338584016720945
60198.1374 lsst_hardware_r 39.09719947451945 85.44621268423826 31.639999389648438 AB 2.9128023139668655 1.0788156718395798
60198.1489 lsst_hardware_u -50.748697241916915 31.874120675302688 29.489999771118164 AB 2.8913003131790393 1.0708519678440886
60202.142 lsst_hardware_z 24.340065086142513 116.27999877929688 31.0 AB 1.4472457790397262 1.0688668973703879
60202.1531 lsst_hardware_r -158.75564286058923 85.41000366210938 31.649999618530273 AB 1.4403661985963463 1.0654909618515693
60204.1414 lsst_hardware_u -4.913158765876872 33.09000015258789 29.5 AB 0.7696700345539376 1.0670102142602416
60204.1523 lsst_hardware_g 98.84603638390354 96.80999755859375 31.719999313354492 AB 0.7071532107259637 1.0649897751910322
60208.199 lsst_hardware_r 12.244287982726757 86.7699966430664 31.639999389648438 AB 4.814110734959691 1.1043226949746958
60208.2114 lsst_hardware_i -42.68663263722245 96.6500015258789 31.31999969482422 AB 3.7217464036205348 1.1246211936806612
60214.1413 lsst_hardware_i 67.21472517136718 94.05000305175781 31.34000015258789 AB 4.152863469179133 1.0674826842204952
60214.1533 lsst_hardware_z 5.6673821975246685 116.19999694824219 31.0 AB 4.182005075739135 1.0735706687104136
60222.077 lsst_hardware_u -57.2071499767017 31.969999313354492 29.5 AB 3.0604581489814917 1.0748506727867566
60222.0892 lsst_hardware_g -122.11887720488478 94.62000274658203 31.719999313354492 AB 3.764567392516555 1.0681138863714634
60224.0748 lsst_hardware_r -25.67505188900721 85.19000244140625 31.649999618530273 AB 4.903752715279315 1.0726791458556961
60224.0869 lsst_hardware_i 161.23615566447359 94.0 31.34000015258789 AB 8.818256326981357 1.0669826966578393
60225.0797 lsst_hardware_z 53.71479777744166 120.41000366210938 31.0 AB 4.966048256400612 1.0686568229817015
60225.0918 lsst_hardware_r -50.606997027687505 87.20999908447266 31.649999618530273 AB 9.858360719924633 1.0652792738390071
60228.1619 lsst_hardware_g -85.67910269401416 95.44000244140625 31.690000534057617 AB 5.083463150971876 1.1343639878692515
60228.174 lsst_hardware_i 51.47893329346626 96.30999755859375 31.31999969482422 AB 4.486396203942908 1.1608252716226422
60239.1457 lsst_hardware_i -92.94371713433847 96.37000274658203 31.31999969482422 AB 4.3758857779369364 1.1650388120171926
60239.1555 lsst_hardware_z 7.636424835926788 119.66000366210938 30.989999771118164 AB 4.4999572195534805 1.1908586753697599
60241.1367 lsst_hardware_r 69.58820004194622 86.33000183105469 31.6299991607666 AB 3.2644277822883145 1.156573173529961
60241.1478 lsst_hardware_z -232.39569429177948 119.5999984741211 30.989999771118164 AB 3.3398062295950126 1.184643514975749
60243.137 lsst_hardware_z -194.28561273443546 119.76000213623047 30.989999771118164 AB 2.8312541276544487 1.1705846724035887
60243.1477 lsst_hardware_i 152.43450098173008 96.0999984741211 31.309999465942383 AB 3.034031439243703 1.199854246998957
60245.1416 lsst_hardware_z 189.29786484263343 119.54000091552734 30.979999542236328 AB 3.5254670622331266 1.1979839368751184
60245.1523 lsst_hardware_r 31.897765156410802 85.62999725341797 31.610000610351562 AB 3.517899590709365 1.2315419536875452
60247.0853 lsst_hardware_i -154.09604374695226 96.87999725341797 31.329999923706055 AB 6.567600361339355 1.094600060223226
60247.096 lsst_hardware_r 17.480500943431064 86.70999908447266 31.639999389648438 AB 6.65753764152894 1.10958960692149
60249.0858 lsst_hardware_u -4.989500277703159 31.6200008392334 29.469999313354492 AB 6.040580290317075 1.1025471668385132
60249.0969 lsst_hardware_g 85.69717815789421 93.73999786376953 31.700000762939453 AB 6.1306149993311445 1.1200880023137452
60251.0816 lsst_hardware_r 63.1289398302744 86.69999694824219 31.639999389648438 AB 3.244053403025195 1.1043586052849783
60251.0947 lsst_hardware_i -87.88988987580953 96.5 31.31999969482422 AB 4.6036240185752 1.1259475016895648
60463.419 lsst_hardware_u -3.9268490425831004 3.0 28.469999313354492 AB 11.554497177249397 1.0729405866143
60463.4309 lsst_hardware_z 24.05297583610046 43.880001068115234 30.950000762939453 AB 11.512119464821014 1.0671556528895048
60465.4239 lsst_hardware_r -22.822334732556744 22.639999389648438 31.489999771118164 AB 4.697890935814 1.0677024854122725
60465.4381 lsst_hardware_y -44.15136405905342 63.040000915527344 30.059999465942383 AB 4.685548185815264 1.0648973149580145
60467.4234 lsst_hardware_z 24.186825354780176 41.630001068115234 30.940000534057617 AB 0.983257722751957 1.0661509598828485
60467.4377 lsst_hardware_y 73.11105350910145 58.939998626708984 30.049999237060547 AB 0.9673843857590817 1.0651080492805745
60483.399 lsst_hardware_i -253.030161990417 76.94999694824219 31.329999923706055 AB 3.498838650340803 1.0659337328718754
60483.4129 lsst_hardware_z -64.65113355925017 67.54000091552734 30.989999771118164 AB 3.5183702135683528 1.0715304442114504
60484.3955 lsst_hardware_z 8.98534208521184 69.95999908447266 30.989999771118164 AB 4.149644854972208 1.0657650035243134
60484.408 lsst_hardware_r -79.25465297990829 100.80000305175781 31.649999618530273 AB 4.167440502913566 1.0703355100263852
60486.3996 lsst_hardware_i 25.499364479061615 67.0199966430664 31.31999969482422 AB 5.772097678984748 1.0689069775897682
60486.4116 lsst_hardware_r -2.6738537087207424 80.98999786376953 31.649999618530273 AB 5.811056502947084 1.0761215746198303
60491.1912 lsst_hardware_r -6.194956219155566 24.040000915527344 31.3799991607666 AB 11.940819361652094 1.5845211524790395
60491.2052 lsst_hardware_g 7.604653717688051 13.529999732971191 31.260000228881836 AB 11.07272394708676 1.484262769238962
60492.4259 lsst_hardware_z 6.649688538874472 42.220001220703125 30.940000534057617 AB 8.18947239518796 1.1119824020079145
60492.4383 lsst_hardware_r 29.008807934264976 26.440000534057617 31.510000228881836 AB 8.291758035300738 1.1341870581405107
60494.4056 lsst_hardware_i 61.46320443140461 30.889999389648438 31.25 AB 6.926922670503254 1.091398230693002
60494.4173 lsst_hardware_u -2.4264333623073133 2.7100000381469727 28.43000030517578 AB 6.349763600623503 1.1070985268282632
60496.4122 lsst_hardware_g 19.578896214406168 13.520000457763672 31.3799991607666 AB 5.4414830431383745 1.1076434475109111
60496.4249 lsst_hardware_r -11.711871027496205 22.84000015258789 31.469999313354492 AB 5.946942079946259 1.1293627840186269
60498.4048 lsst_hardware_i -19.993523082474276 30.6299991607666 31.239999771118164 AB 1.7604187621136318 1.1047497722708703
60498.4168 lsst_hardware_r -20.81273871940611 22.5 31.479999542236328 AB 2.4276684612107062 1.124441158504264
60500.3192 lsst_hardware_z -80.10552559975744 41.38999938964844 30.940000534057617 AB 8.524930174983675 1.0721833951683655
60500.3323 lsst_hardware_u 0.016612405005631357 2.609999895095825 28.389999389648438 AB 8.4690949984878 1.066412801488509
60502.3138 lsst_hardware_g -7.115207602164012 13.449999809265137 31.399999618530273 AB 8.203713496376816 1.0721472659172488
60502.3264 lsst_hardware_r -11.623396798988786 22.25 31.479999542236328 AB 8.24788484916511 1.0665368339437642
60505.3958 lsst_hardware_z 4.131231076746447 42.099998474121094 30.940000534057617 AB 5.3645132679630825 1.1210518296772547
60505.4073 lsst_hardware_r 29.265952185544904 22.6299991607666 31.469999313354492 AB 5.416981426541551 1.1434261586367391
60507.3963 lsst_hardware_u 0.3280799150469927 2.4700000286102295 28.229999542236328 AB 2.6038784666521813 1.1321210724574702
60507.4079 lsst_hardware_g 7.487411870263251 13.390000343322754 31.34000015258789 AB 2.661013481445234 1.1569623832370584
60509.3403 lsst_hardware_z -3.557889481187041 69.76000213623047 31.719999313354492 AB 2.4400472406547085 1.0706266001629494
60512.3478 lsst_hardware_z -62.9526666528935 107.66000366210938 31.739999771118164 AB 4.7700580614735015 1.0822184212675265
60515.336 lsst_hardware_z -42.910249003963585 60.70000076293945 30.969999313354492 AB 5.947901583819293 1.0789844142982845
60515.3473 lsst_hardware_r 16.662971637867198 79.2300033569336 31.639999389648438 AB 6.018471276920861 1.0902698487824996
60517.3341 lsst_hardware_i 18.835255017720762 43.61000061035156 31.290000915527344 AB 2.7202205229921455 1.0821723337722366
60517.3455 lsst_hardware_z 37.90348394068204 47.869998931884766 30.950000762939453 AB 2.7507194231358185 1.094668471102667
60518.3745 lsst_hardware_z 10.49836097758737 45.40999984741211 30.940000534057617 AB 3.5888290411009645 1.1492834247761414
60518.3847 lsst_hardware_g 47.53166266208163 34.939998626708984 31.6200008392334 AB 4.11264032841232 1.1737545531310434
60528.232 lsst_hardware_r 20.349267280403645 22.65999984741211 31.489999771118164 AB 3.408398895979535 1.0802024812950142
60528.2444 lsst_hardware_g -45.23085744328682 13.75 31.40999984741211 AB 3.415067132417733 1.071225574785989
60530.073 lsst_hardware_r 18.811302840081943 34.900001525878906 32.119998931884766 AB 6.4949346420308105 1.6837160445964512
60530.0839 lsst_hardware_u 2.367835684073855 3.2699999809265137 28.709999084472656 AB 6.026837568264248 1.5910342049273776
60532.2314 lsst_hardware_z 8.002039294122138 41.599998474121094 30.950000762939453 AB 6.979541510802815 1.072455671604544
60532.2425 lsst_hardware_i -22.754720582256013 30.639999389648438 31.25 AB 6.831274033656202 1.0671642418750575
60534.2327 lsst_hardware_u -3.5531728816244494 2.640000104904175 28.389999389648438 AB 3.749482316121368 1.0688629954497308
60534.2442 lsst_hardware_g -9.740084965363213 13.739999771118164 31.40999984741211 AB 3.7560421338803023 1.0653927482287058
60538.2927 lsst_hardware_z 151.71109980901358 77.1500015258789 31.719999313354492 AB 4.6132335349524 1.1006382571411575
60540.2575 lsst_hardware_r 165.81422731551297 104.69999694824219 31.649999618530273 AB 2.5762700160943117 1.0716597404718435
60540.2692 lsst_hardware_z -128.2756215340969 72.36000061035156 30.989999771118164 AB 2.675240849420228 1.0802506963134375
60542.2943 lsst_hardware_i -61.41525311079008 91.7699966430664 31.329999923706055 AB 1.6388594678084862 1.1202046943325266
60542.3055 lsst_hardware_z -15.005992372313044 78.6500015258789 30.979999542236328 AB 1.6308249571518514 1.1417677646340658
60545.2877 lsst_hardware_z 30.143974803149565 51.06999969482422 30.959999084472656 AB 3.1722727696700774 1.1230277970333933
60545.2992 lsst_hardware_r 41.53761375891974 56.779998779296875 31.610000610351562 AB 3.581607827561809 1.145808955764946
60547.0614 lsst_hardware_u -3.643655432726189 2.5199999809265137 28.170000076293945 AB 2.973308293188093 1.4281019659885175
60547.0649 lsst_hardware_g 18.38443509366121 13.930000305175781 31.299999237060547 AB 2.8616454062605126 1.4081168194171547
60548.2855 lsst_hardware_u -4.4080826657993315 5.420000076293945 28.8799991607666 AB 2.949350916320615 1.1343657370463902
60548.2962 lsst_hardware_g -11.108676107673743 26.770000457763672 31.579999923706055 AB 3.495427579329389 1.157522172143187
