data/validation/pwv_sim_epoch_fit_seasonal/41554857.ecsv
# %ECSV 0.9
# ---
# datatype:
# - {name: time, datatype: float64}
# - {name: band, datatype: string}
# - {name: flux, datatype: float64}
# - {name: fluxerr, datatype: float64}
# - {name: zp, datatype: float64}
# - {name: zpsys, datatype: string}
# - {name: pwv, datatype: float64}
# - {name: airmass, datatype: float64}
# meta: {SNID: '41554857', alt: 1024.0, c: -0.008178622461855412, dec: -64.573555, lat: -30.244573, lon: -70.7499537, ra: 75.978264, t0: 60667.0546875,
#   x0: 4.646417503209767e-06, x1: -0.6352161169052124, z: 0.6322774887084961}
# schema: astropy-2.0
time band flux fluxerr zp zpsys pwv airmass
60591.3608 lsst_hardware_r -23.07200314944258 22.34000015258789 31.459999084472656 AB 3.499782900458233 1.2103693240387283
60591.3723 lsst_hardware_y 62.95654196457379 50.529998779296875 29.989999771118164 AB 3.466502933515273 1.2122052454301278
60593.3839 lsst_hardware_g -21.212117004926263 32.2599983215332 31.600000381469727 AB 5.764406317359579 1.2202384245045679
60597.3699 lsst_hardware_z -38.863856380519884 44.88999938964844 30.93000030517578 AB 7.16106016322855 1.218316300773281
60597.3813 lsst_hardware_r 36.67894713317424 35.33000183105469 31.540000915527344 AB 8.551142797863841 1.226497819544295
60600.3566 lsst_hardware_r 58.080477992822246 77.7699966430664 31.610000610351562 AB 7.825356343335603 1.2155893348870839
60600.3674 lsst_hardware_z -107.83967850680384 60.15999984741211 30.959999084472656 AB 7.882655966392477 1.2220382610518352
60602.3582 lsst_hardware_r -23.522343338912055 66.6500015258789 31.600000381469727 AB 0.7528468706151359 1.2195143692486157
60602.3689 lsst_hardware_y -18.134942948994954 59.099998474121094 29.989999771118164 AB 0.8789452720900865 1.2275771956565456
60604.3519 lsst_hardware_z 51.36797181188338 49.150001525878906 30.940000534057617 AB 3.8134131464871475 1.2189919487973717
60604.3641 lsst_hardware_r -40.35267888013924 49.36000061035156 31.579999923706055 AB 3.85130910383559 1.2281612874309615
60606.3675 lsst_hardware_i 57.684160040994804 42.38999938964844 31.260000228881836 AB 4.45217904276234 1.236945464742269
60608.3588 lsst_hardware_r 1.5436971547717562 27.520000457763672 31.510000228881836 AB 2.9481243029980817 1.2335248129698553
60608.37 lsst_hardware_z 32.8330500035589 60.369998931884766 30.959999084472656 AB 2.9897077658787112 1.2464040157915157
60610.3551 lsst_hardware_g 20.284601241738674 15.569999694824219 31.40999984741211 AB 4.132262577231342 1.2353550305624341
60610.3659 lsst_hardware_i -53.85640511063209 39.88999938964844 31.25 AB 4.159223502612737 1.2481727069134516
60612.3494 lsst_hardware_z 14.49083579681419 43.45000076293945 30.940000534057617 AB 5.951551313004531 1.2351033438721035
60612.3607 lsst_hardware_r 63.411778159823996 24.43000030517578 31.489999771118164 AB 6.062800878306567 1.2485174790582958
60614.3291 lsst_hardware_i 19.232909155612525 31.260000228881836 31.229999542236328 AB 6.681051512611976 1.2219945456552521
60614.3408 lsst_hardware_r 26.923975899838506 22.350000381469727 31.459999084472656 AB 6.27709988429726 1.2319110084482066
60619.2793 lsst_hardware_r 59.704458209773215 22.209999084472656 31.450000762939453 AB 3.7029011802906546 1.2104940112097595
60619.2915 lsst_hardware_i 6.590387735010523 31.25 31.219999313354492 AB 3.7203984295389136 1.2111986205769658
60623.3398 lsst_hardware_u 2.220966052384444 2.609999895095825 28.280000686645508 AB 13.370059631796995 1.261623933172573
60623.3514 lsst_hardware_g 42.99382788126445 16.219999313354492 31.399999618530273 AB 13.539010762212879 1.2812943939002726
60625.2603 lsst_hardware_r 47.14322336471694 33.900001525878906 31.540000915527344 AB 4.964151358727819 1.210768624079956
60625.2738 lsst_hardware_z -68.27940427147809 45.29999923706055 30.940000534057617 AB 4.964992532318013 1.2109737883702472
60627.3314 lsst_hardware_r 14.457178135909295 22.299999237060547 31.440000534057617 AB 7.501261395006909 1.2656084688724107
60627.3416 lsst_hardware_y 31.521672276729362 49.95000076293945 29.969999313354492 AB 7.4986031731462175 1.283384745953085
60628.3284 lsst_hardware_z -6.557270834865882 53.18000030517578 30.940000534057617 AB 6.693203210924287 1.2651760842273871
60628.3392 lsst_hardware_r -24.69633713836209 48.77000045776367 31.559999465942383 AB 7.02886933314084 1.284007185228834
60632.3158 lsst_hardware_z -68.90191915641257 52.689998626708984 30.950000762939453 AB 7.936542228797335 1.2625241167305365
60632.3291 lsst_hardware_r 22.315177918207517 60.59000015258789 31.59000015258789 AB 8.067593400757422 1.285569819258676
60634.3283 lsst_hardware_z 25.992075300012996 69.56999969482422 31.68000030517578 AB 5.420173002566953 1.294756166632894
60636.3287 lsst_hardware_r -2.5499886737481465 34.862221215808155 31.520000457763672 AB 8.369620383817296 1.3071574751846902
60636.3407 lsst_hardware_z 10.500577632235473 47.93811708592513 30.920000076293945 AB 8.834311415846143 1.3356314190161986
60643.2907 lsst_hardware_u 8.844431424561554 2.7976729884391873 28.25 AB 7.677937295548267 1.2705506032679574
60643.3027 lsst_hardware_g 7.239894609360188 13.282410223647798 31.309999465942383 AB 7.5095680174218735 1.2926914864090673
60645.263 lsst_hardware_g 31.643915279657513 14.183362547531607 31.329999923706055 AB 8.542120075706588 1.2392006783021925
60645.2746 lsst_hardware_r 136.1873258001032 25.491428269687628 31.450000762939453 AB 8.636656614622101 1.2540368972770912
60647.2916 lsst_hardware_i 268.42995149907216 35.85649620900487 31.209999084472656 AB 5.665186781870723 1.292339772307275
60647.3027 lsst_hardware_z 217.02035942647964 47.184029905617216 30.920000076293945 AB 4.667826343675142 1.3162710873951757
60649.2904 lsst_hardware_i 404.3196123432068 37.41880171249385 31.209999084472656 AB 6.7311203560559445 1.301118625526278
60649.302 lsst_hardware_u 17.729298077124323 4.422814515716523 28.239999771118164 AB 5.747283344408927 1.3276237801822421
60651.2668 lsst_hardware_z 402.72768643441503 48.104043374863465 30.920000076293945 AB 8.1056104633888 1.2671451070291633
60651.2787 lsst_hardware_g 143.41014714847415 17.655683559533802 31.299999237060547 AB 8.199733389995751 1.2884390352099544
60655.1857 lsst_hardware_i 861.8584870797009 52.37271511044637 31.270000457763672 AB 15.372490484204343 1.2104323215908932
60655.1971 lsst_hardware_z 565.1257155336226 54.33240363524307 30.950000762939453 AB 15.394283336309007 1.2121482941975597
60657.1927 lsst_hardware_r 1442.7736937833129 73.56751905249598 31.610000610351562 AB 9.214654045290748 1.2124544796435195
60657.205 lsst_hardware_z 710.33096282233 59.77755329336928 30.950000762939453 AB 9.254976455932116 1.217760059991068
60664.1985 lsst_hardware_z 1042.115038159745 57.647197432817194 30.940000534057617 AB 5.8880919329305295 1.226685819360527
60664.2113 lsst_hardware_g 330.61805397450485 48.87208866335161 31.610000610351562 AB 7.3126416723658245 1.239430791926411
60666.1969 lsst_hardware_r 1679.1861092131542 48.36800197060036 31.510000228881836 AB 7.057693743943588 1.2301348612497538
60666.2092 lsst_hardware_i 1362.4442746399216 50.816738854575924 31.239999771118164 AB 8.362581080298156 1.2434140332017756
60673.1317 lsst_hardware_i 1199.3569839507957 46.6742799518612 31.229999542236328 AB 9.565994334992546 1.2105788831931847
60673.1448 lsst_hardware_z 1028.8137567375795 53.041946518158056 30.940000534057617 AB 9.550010538383184 1.2114178272790508
60675.1763 lsst_hardware_u 1.2631410143332895 2.615772702566031 28.350000381469727 AB 8.57906428709256 1.2340537133845833
60675.188 lsst_hardware_g 142.45329474552233 17.382504413786627 31.34000015258789 AB 8.673065708320118 1.2476959126878557
60677.1805 lsst_hardware_r 986.2731203141581 38.354692059938245 31.440000534057617 AB 5.797955296286836 1.2450870357094128
60677.1947 lsst_hardware_i 992.9972214481993 45.251825674000415 31.219999313354492 AB 5.849468050165005 1.2653882427527414
60679.175 lsst_hardware_z 931.7163214904012 52.47217856961323 30.93000030517578 AB 3.237105337632744 1.2450405144741323
60679.1887 lsst_hardware_u 4.230721777511653 2.501357241052993 28.25 AB 3.1861906266241182 1.2645286254626742
60681.1797 lsst_hardware_g 73.65602506515582 15.84187424944687 31.329999923706055 AB 8.46209193697809 1.259052512569274
60681.1939 lsst_hardware_r 760.1428645219412 35.510433854352534 31.440000534057617 AB 8.80377970548529 1.2829757658824381
60683.1066 lsst_hardware_z 755.5786774987316 53.991250071839914 30.940000534057617 AB 6.972318310097906 1.210471928836442
60683.1208 lsst_hardware_r 706.4417459237101 45.929082173289665 31.559999465942383 AB 6.957381059316987 1.2122280856052363
60687.0981 lsst_hardware_r 676.014202235637 72.7023717007096 31.610000610351562 AB 6.973809230140919 1.210468080736111
60687.1106 lsst_hardware_z 622.9030570491209 60.738866155962306 30.959999084472656 AB 6.9851664216272855 1.212439387568199
60689.0953 lsst_hardware_g -39.786795944323615 88.92570673677176 31.649999618530273 AB 8.362062236160082 1.2106064428375756
60689.1089 lsst_hardware_r 336.5234957138505 82.34892574563612 31.610000610351562 AB 8.403643969226918 1.213697858062813
60691.0969 lsst_hardware_i 627.9827245490985 55.5105784614415 31.290000915527344 AB 4.502724036001457 1.2117126038755264
60691.1107 lsst_hardware_z 643.9897548320051 58.59895743132708 30.959999084472656 AB 4.554013589607886 1.2169998903281365
60693.1032 lsst_hardware_r 567.4281343932549 55.64071765445731 32.29999923706055 AB 4.7945238444830185 1.2159583678627994
60693.1171 lsst_hardware_g 96.82585302258857 46.77052946644563 32.349998474121094 AB 4.82580086721327 1.2249002772290805
60696.1024 lsst_hardware_r 230.6588881407009 26.97016741360651 31.440000534057617 AB 15.443840732954909 1.2201817755356623
60696.1146 lsst_hardware_i 458.3092670378906 37.12495685508316 31.219999313354492 AB 15.558415088189058 1.2298170174839165
60700.0695 lsst_hardware_r 188.61386811882255 25.988321451323205 31.450000762939453 AB 8.574542626501323 1.2111506134706704
60700.0833 lsst_hardware_u 2.941102812195122 2.7221173305895636 28.290000915527344 AB 8.246046984022465 1.215588661453096
60702.0721 lsst_hardware_g 35.43208416259531 14.15652450726014 31.350000381469727 AB 13.83095141280017 1.213241352000015
60702.0845 lsst_hardware_r 198.23385972273766 25.847810395061106 31.469999313354492 AB 13.793492917713971 1.2192244771108403
60704.0712 lsst_hardware_i 280.78993359518887 35.326222450434834 31.229999542236328 AB 15.405636594155537 1.2150513916046641
60704.0838 lsst_hardware_z 383.1336746429173 47.29892506848858 30.93000030517578 AB 14.155697303276664 1.2224263647043752
60706.0685 lsst_hardware_r 155.89261055589319 25.291004646500276 31.459999084472656 AB 11.03611497346529 1.2163688938019717
60706.0805 lsst_hardware_g 30.03920613921131 13.793680812673266 31.34000015258789 AB 11.0684525944321 1.2240478401362567
60708.0673 lsst_hardware_r 128.52608086148618 25.240871714188884 31.459999084472656 AB 8.165498127675045 1.2187310638320963
60708.0793 lsst_hardware_i 175.45087444520465 34.95055371252745 31.229999542236328 AB 8.224600628710895 1.2275523326434172
60710.0673 lsst_hardware_z 297.8056301065743 47.29480033376306 30.93000030517578 AB 11.865936092509077 1.2223472668049606
60710.0796 lsst_hardware_i 193.82381585854046 35.684708336477854 31.229999542236328 AB 11.917987645124425 1.2329484179619299
60712.0652 lsst_hardware_z 239.58988060676444 48.40073153008727 30.940000534057617 AB 5.8342257862537945 1.2249056868053316
60712.078 lsst_hardware_g 23.91714536364592 32.441865087554746 31.600000381469727 AB 5.907475348272442 1.236994907853516
60947.3838 lsst_hardware_z -63.03430150800425 44.529998779296875 30.93000030517578 AB 8.569054141669532 1.210318381591742
60947.3954 lsst_hardware_y -85.9341874261881 80.58999633789062 30.010000228881836 AB 8.638065003839678 1.211623106953246
60963.3665 lsst_hardware_z -82.60954550888663 45.09000015258789 30.940000534057617 AB 7.139798038563309 1.2175298630490223
60963.3776 lsst_hardware_r 15.451532462599301 31.489999771118164 31.530000686645508 AB 8.639604460384946 1.2251282558685401
60965.3663 lsst_hardware_i 18.289197396464736 33.15999984741211 31.229999542236328 AB 5.970064293076735 1.2207888268849993
60965.378 lsst_hardware_z -65.8547209881278 64.80999755859375 30.959999084472656 AB 6.005821199967538 1.2302598863046896
60968.3612 lsst_hardware_r -8.225617327478522 22.6200008392334 31.459999084472656 AB 0.7982064001690743 1.22299244152565
60968.3726 lsst_hardware_u 8.505034485059001 7.710000038146973 29.020000457763672 AB 0.8006157369901344 1.2329811144611926
60972.2968 lsst_hardware_i -59.68848014362295 44.06999969482422 31.979999542236328 AB 3.892812471627501 1.2143850484706231
60972.3081 lsst_hardware_z 44.757513264342315 60.869998931884766 31.68000030517578 AB 3.9611875716408678 1.2110328618300277
60974.3593 lsst_hardware_r -3.6337868513714264 23.239999771118164 31.469999313354492 AB 2.948230127307547 1.2361983831612064
60974.3692 lsst_hardware_g 64.34180406710998 26.700000762939453 31.559999465942383 AB 2.963451401499916 1.2480317546851616
60976.3544 lsst_hardware_r -29.551413575471997 22.81999969482422 31.450000762939453 AB 4.1865948590308655 1.2368079347209695
60976.3662 lsst_hardware_i 22.025973979371898 39.77000045776367 31.25 AB 4.18166092085451 1.2513386461747618
60982.3255 lsst_hardware_r -57.92717237111564 44.209999084472656 31.56999969482422 AB 5.879812160615187 1.2249608667948306
60982.3368 lsst_hardware_i -3.8767014900073913 43.119998931884766 31.260000228881836 AB 6.03407785556158 1.2354997571405968
60991.333 lsst_hardware_z -23.972881357365306 44.880001068115234 30.93000030517578 AB 4.66404349490673 1.2627421866498378
60991.3441 lsst_hardware_r -6.11071918717002 30.459999084472656 31.510000228881836 AB 4.6846204851014885 1.2817019111084784
60993.1762 lsst_hardware_z 101.47004323062785 62.65999984741211 31.68000030517578 AB 5.199651168451085 1.2869892748115388
60993.1878 lsst_hardware_r -5.052444325019473 31.84000015258789 32.20000076293945 AB 5.13210973190024 1.2664058561135045
60995.3204 lsst_hardware_g 3.199960952365233 13.130000114440918 31.329999923706055 AB 6.09929733486093 1.2601528544947938
60995.3333 lsst_hardware_i 6.425362153648799 32.0 31.219999313354492 AB 6.280415519120842 1.2819300178082265
60999.3218 lsst_hardware_u -0.7206609234051407 2.4700000286102295 28.209999084472656 AB 6.198960212276997 1.2808651172141732
60999.334 lsst_hardware_g 7.098954235310912 13.260000228881836 31.309999465942383 AB 6.550514309382899 1.3053383768012552
61001.3188 lsst_hardware_r 16.496164677211222 22.34000015258789 31.43000030517578 AB 5.784650434164435 1.2854778742587634
61001.33 lsst_hardware_i 17.552039788822146 31.760000228881836 31.209999084472656 AB 5.888465569519445 1.3085479043376544
61009.2953 lsst_hardware_g -5.547762592895736 12.869999885559082 31.299999237060547 AB 7.470947226250423 1.282364244754117
61009.3064 lsst_hardware_i 47.51037363310537 31.920000076293945 31.209999084472656 AB 7.602520621488438 1.3047057871097139
61011.2956 lsst_hardware_z -30.838989875508634 49.47999954223633 30.940000534057617 AB 8.471179442758515 1.2935402401585803
61011.3089 lsst_hardware_r -20.592669303395656 22.719999313354492 31.43000030517578 AB 8.67269638800315 1.3228640006106085
61013.2935 lsst_hardware_r 104.59088542778103 76.55000305175781 31.59000015258789 AB 4.630794861282041 1.3004806537651414
61013.3069 lsst_hardware_y -102.82807234156851 54.0 29.959999084472656 AB 4.699629880301682 1.3313399094339045
61017.2154 lsst_hardware_r 36.73871126144867 52.56999969482422 31.59000015258789 AB 6.187835028123303 1.2156846813601776
61017.2291 lsst_hardware_i 29.462547387837212 46.77000045776367 31.270000457763672 AB 6.119252080628133 1.2243401521865012
61020.1914 lsst_hardware_i -0.48861445677001386 33.86000061035156 31.239999771118164 AB 12.229314909384037 1.2108232583548553
61020.2034 lsst_hardware_z 22.160489231486494 44.61000061035156 30.93000030517578 AB 12.261585733608818 1.2140183894662198
61024.1892 lsst_hardware_g -11.041449519503457 12.850000381469727 31.329999923706055 AB 9.673502584748412 1.2128407840263928
61024.2024 lsst_hardware_r 10.94182652617143 22.209999084472656 31.450000762939453 AB 9.714459911822738 1.219041321141112
61026.1944 lsst_hardware_i -55.464679590452064 31.350000381469727 31.219999313354492 AB 10.434439404206127 1.2175541895223019
61026.2078 lsst_hardware_r -10.898570562194656 22.3799991607666 31.440000534057617 AB 10.393567330778545 1.227043218745069
61028.1996 lsst_hardware_u 3.2629754154908626 2.5799999237060547 28.329999923706055 AB 6.364768524994415 1.2247790618975782
61028.2108 lsst_hardware_g -23.600485686751664 12.90999984741211 31.329999923706055 AB 6.314925100965479 1.2351327760922914
61030.1993 lsst_hardware_r -9.59089346167714 22.399999618530273 31.450000762939453 AB 5.935378202099636 1.2291960932138515
61030.2129 lsst_hardware_i 20.095865263318924 31.520000457763672 31.219999313354492 AB 7.338252964634655 1.2437716889211279
61032.1327 lsst_hardware_r 31.230873266099113 22.059999465942383 31.459999084472656 AB 5.804694156393881 1.2145829097947092
61032.1459 lsst_hardware_i 60.0715936867474 30.829999923706055 31.229999542236328 AB 5.948341695417342 1.2108583603902985
61034.1729 lsst_hardware_i 20.116646481108987 31.56999969482422 31.219999313354492 AB 8.183540380558329 1.217758544762034
61034.1859 lsst_hardware_u -1.0039779204136632 2.509999990463257 28.25 AB 8.289346773665896 1.2270061464182374
61036.1723 lsst_hardware_g -22.90726458570694 20.40999984741211 32.119998931884766 AB 6.763510174941847 1.2207767598114156
61036.1874 lsst_hardware_r -15.027270249181399 22.329999923706055 31.459999084472656 AB 6.812593761827973 1.2335323828640583
61042.1799 lsst_hardware_r -0.5969258596128554 73.63999938964844 31.600000381469727 AB 5.8204171854163835 1.2435017487714821
61042.1925 lsst_hardware_i 50.640981879370685 59.279998779296875 31.280000686645508 AB 5.80339087283746 1.2608757690116144
61054.1042 lsst_hardware_r -15.497879678695721 22.299999237060547 31.450000762939453 AB 8.357814420940867 1.211980049440381
61054.1168 lsst_hardware_i -9.85291719703074 31.290000915527344 31.219999313354492 AB 8.29727310672961 1.216965841409447
61058.0967 lsst_hardware_g -27.085451227577227 12.90999984741211 31.31999969482422 AB 4.821052540814372 1.2129959846054528
61058.1114 lsst_hardware_r 19.364606702597243 22.329999923706055 31.450000762939453 AB 4.859056074994744 1.2202551670001809
61060.0731 lsst_hardware_r -2.140401571372164 22.139999389648438 31.440000534057617 AB 9.903621854596778 1.2105267354740188
61060.0878 lsst_hardware_i -19.495141492698956 31.040000915527344 31.219999313354492 AB 9.236816597344843 1.2119818399009143
61062.0977 lsst_hardware_i 48.19388038131711 31.329999923706055 31.219999313354492 AB 13.57992382492566 1.218522345676961
61062.1106 lsst_hardware_u 1.4327860230301592 2.5 28.25 AB 13.777173850266601 1.228048922586438
61066.0712 lsst_hardware_r 4.444065471779108 29.68000030517578 31.510000228881836 AB 14.469865423484315 1.2119322771878482
61066.0849 lsst_hardware_i 21.670666200716074 34.470001220703125 31.229999542236328 AB 16.65369723697208 1.2174496914021624
61068.0756 lsst_hardware_z 38.608527373216475 66.7699966430664 31.690000534057617 AB 14.220038925951942 1.2154918305797027
61070.0669 lsst_hardware_z 59.35213854148308 51.36000061035156 30.940000534057617 AB 13.421780537339535 1.2140914099809463
61070.0798 lsst_hardware_r -40.742094667048846 57.279998779296875 31.59000015258789 AB 13.72031795920833 1.2210490774892833
61073.0679 lsst_hardware_i 27.240074260393577 62.029998779296875 31.299999237060547 AB 8.16512130140124 1.2186748211046625
61075.0675 lsst_hardware_i 26.413265529535003 48.38999938964844 31.270000457763672 AB 11.733200538149408 1.221996237266038
61075.0816 lsst_hardware_z -84.62643761623022 53.09000015258789 30.950000762939453 AB 11.895483104926353 1.2342913727550042
61083.063 lsst_hardware_r -31.115892162288446 22.399999618530273 31.450000762939453 AB 2.4186149014770777 1.2377763057712783
61083.0741 lsst_hardware_i -0.5347998721683891 31.479999542236328 31.219999313354492 AB 2.4563838699708347 1.25155428157488
