data/validation/pwv_sim_epoch_fit_seasonal/41656497.ecsv
# %ECSV 0.9
# ---
# datatype:
# - {name: time, datatype: float64}
# - {name: band, datatype: string}
# - {name: flux, datatype: float64}
# - {name: fluxerr, datatype: float64}
# - {name: zp, datatype: float64}
# - {name: zpsys, datatype: string}
# - {name: pwv, datatype: float64}
# - {name: airmass, datatype: float64}
# meta: {SNID: '41656497', alt: 1024.0, c: -0.14446109533309937, dec: -53.18726, lat: -30.244573, lon: -70.7499537, ra: 2.954545, t0: 60919.82421875,
#   x0: 3.116413240282394e-06, x1: -0.3815676271915436, z: 0.7432008385658264}
# schema: astropy-2.0
time band flux fluxerr zp zpsys pwv airmass
60849.3595 lsst_hardware_i 24.475455086152547 31.15999984741211 31.229999542236328 AB 4.088619462203962 1.1920173359195223
60849.3848 lsst_hardware_z 31.761203224380758 42.15999984741211 30.940000534057617 AB 3.7352260163370326 1.138846287820631
60860.3236 lsst_hardware_r 34.6767435600172 39.0 32.650001525878906 AB 8.44871311156425 1.20743336475962
60860.3489 lsst_hardware_u 5.598369107652074 3.5899999141693115 29.059999465942383 AB 8.22262882132375 1.1493750099697724
60861.4386 lsst_hardware_r 3.5925317255358244 25.350000381469727 31.520000457763672 AB 5.770428543211013 1.0900455335463224
60863.3944 lsst_hardware_z 31.757643341033774 58.58000183105469 31.690000534057617 AB 1.5697529500748997 1.0885942788314145
60867.4239 lsst_hardware_r -67.40991277112808 93.79000091552734 31.639999389648438 AB 10.066437330391333 1.0909367817055848
60867.4362 lsst_hardware_i 60.3848329437417 75.44999694824219 31.31999969482422 AB 10.13756878974009 1.0996287183006361
60870.4303 lsst_hardware_z -55.06265614413851 57.43000030517578 30.969999313354492 AB 7.513672607623182 1.101671142204931
60870.4415 lsst_hardware_i 85.03606842713785 65.36000061035156 31.309999465942383 AB 7.624263870904104 1.113640879445551
60875.4356 lsst_hardware_z 38.2847661591545 70.62999725341797 31.709999084472656 AB 3.463021462776819 1.1239014889336532
60879.4236 lsst_hardware_i 13.018970295743845 30.56999969482422 31.229999542236328 AB 5.724093583311091 1.122371290845312
60879.4358 lsst_hardware_z 23.98403931610101 48.709999084472656 30.950000762939453 AB 5.822105102072474 1.141589235700485
60884.1377 lsst_hardware_r 16.461564309725542 34.540000915527344 32.040000915527344 AB 7.300049499334593 1.9729863511715116
60884.1536 lsst_hardware_u 0.029171791943679352 2.059999942779541 27.709999084472656 AB 6.640233653314033 1.7946577441389278
60886.4115 lsst_hardware_z -5.195442850536759 42.275729793776016 30.940000534057617 AB 5.338261324604955 1.1328877158947122
60886.4236 lsst_hardware_u -0.3952181587994843 3.057100364683952 28.489999771118164 AB 4.380475662487519 1.1544276353900433
60888.405 lsst_hardware_g 0.17822136525208324 13.220916634234104 31.3700008392334 AB 7.126429585447819 1.1312391532008814
60888.4157 lsst_hardware_r -22.499080982358635 22.456573353157797 31.469999313354492 AB 7.226804750624221 1.1497276476572447
60890.4118 lsst_hardware_i 18.996518891904024 30.860766059196635 31.229999542236328 AB 3.153435484161007 1.152711886497261
60890.4229 lsst_hardware_z -1.8687521857200635 43.21469585515723 30.93000030517578 AB 2.5103432246506046 1.176172055903766
60896.3864 lsst_hardware_i 202.65291994397543 83.74281034343915 31.31999969482422 AB 4.297411721643125 1.1364805328745924
60896.3976 lsst_hardware_r 18.914789324217754 105.02213675837669 31.6299991607666 AB 4.455255373269985 1.1570088400112495
60897.3982 lsst_hardware_z 380.83820762086975 100.17193249515955 31.729999542236328 AB 6.052080432716398 1.1638616216762303
60904.3706 lsst_hardware_g 216.2924147033562 25.211593486971367 31.520000457763672 AB 5.077837048786301 1.147080148819405
60904.3817 lsst_hardware_r 544.8029301018657 34.6339155109044 31.510000228881836 AB 4.593151151566039 1.1694846980435492
60906.3313 lsst_hardware_r 704.3474489157489 33.97835877871681 31.479999542236328 AB 2.9628370804214623 1.1010171239024384
60906.342 lsst_hardware_i 655.1976171926744 40.2969962118829 31.239999771118164 AB 2.592487296852339 1.112178162527964
60908.333 lsst_hardware_z 365.1356736071263 47.20717264550865 30.940000534057617 AB 1.579854794086948 1.1081515974423297
60908.3443 lsst_hardware_u 14.113532187887472 4.084806747314319 28.3799991607666 AB 2.079144682406559 1.1221938644752716
60912.3629 lsst_hardware_z 549.6642875180788 49.07407575956637 30.940000534057617 AB 2.294404795179621 1.1763162241372065
60912.3741 lsst_hardware_r 880.3333204800304 38.11444190531954 31.459999084472656 AB 2.380115188952234 1.2042070270438825
60932.3022 lsst_hardware_g 123.62008983561557 27.924909957771774 31.579999923706055 AB 1.8665126179941594 1.1629362105882612
60932.3124 lsst_hardware_r 589.9653325048055 38.92906435973791 31.540000915527344 AB 1.9247370595389657 1.1860349550408054
60934.2913 lsst_hardware_i 769.8739528949897 40.86385048700002 31.239999771118164 AB 4.678660051753286 1.1520009976411572
60934.3029 lsst_hardware_z 548.4484599069516 47.96170268862204 30.940000534057617 AB 3.1333375103572756 1.17647215657952
60936.28 lsst_hardware_z 399.9831871320291 47.56345288254208 30.93000030517578 AB 1.8268099970288525 1.141280714511986
60936.2902 lsst_hardware_r 422.0342376358812 30.166722602745192 31.459999084472656 AB 1.8785829807500312 1.160693840438697
60938.2774 lsst_hardware_u 1.9154798618703306 2.585476232191959 28.309999465942383 AB 7.910187170338195 1.1464039377301731
60938.2896 lsst_hardware_r 351.90220347831115 29.32821881999164 31.459999084472656 AB 8.080582625228447 1.1710989311925284
60940.2833 lsst_hardware_i 571.6015311534508 38.47706116616943 31.229999542236328 AB 1.7883652542821702 1.1692482865525793
60940.2948 lsst_hardware_z 342.46377063771456 47.528720938979404 30.93000030517578 AB 2.338531142174894 1.1966897102813958
60943.2832 lsst_hardware_g 45.15676648349366 14.12364474658547 31.329999923706055 AB 7.065127211818953 1.18808193023882
60943.2956 lsst_hardware_r 222.27212807847707 27.550753685241716 31.450000762939453 AB 7.45354530754616 1.2214254614430808
60947.2372 lsst_hardware_i 330.3837450193141 35.47876321974604 31.229999542236328 AB 5.161750550685024 1.1213477426449237
60947.2497 lsst_hardware_z 280.4975411902595 45.60720110154437 30.93000030517578 AB 5.251393958463444 1.1408220337731512
60950.2495 lsst_hardware_r 97.48501304437808 50.81554439721176 31.600000381469727 AB 3.8507702964797814 1.1556933662902353
60950.2615 lsst_hardware_z 179.89184780955077 52.13313757851405 30.950000762939453 AB 4.31039779766464 1.181821316790634
60952.2503 lsst_hardware_z 137.8816634236887 60.57992660020043 30.969999313354492 AB 3.2476316108839143 1.1687383215056821
60952.2628 lsst_hardware_i 317.5702001610836 63.70519614506064 31.299999237060547 AB 3.3308382579761697 1.1986822340894898
60955.2422 lsst_hardware_z 231.78956148710103 66.84342406547154 30.969999313354492 AB 4.696214201567091 1.168939440340284
60955.2532 lsst_hardware_r 60.151615166380516 94.45087065568391 31.6200008392334 AB 5.258166132950751 1.195037757488807
60957.2475 lsst_hardware_y 322.5740671246647 75.09345504755389 30.75 AB 3.5872630560226475 1.1944272106623688
60959.2395 lsst_hardware_r 19.843954735949218 46.910604399561116 31.579999923706055 AB 4.277002071770694 1.188056131047415
60959.2511 lsst_hardware_i 211.960749834392 45.19764376756704 31.260000228881836 AB 5.010884484553241 1.2190697174787408
60961.2229 lsst_hardware_i 156.3975558478803 32.94107269378255 31.229999542236328 AB 6.76361772861375 1.1626996639739422
60961.2349 lsst_hardware_z 72.67699373428158 45.44461144601984 30.940000534057617 AB 6.915511960852154 1.190192090788488
60963.2231 lsst_hardware_r 91.71067715203515 23.856358071183198 31.469999313354492 AB 7.51456588916126 1.17506894279308
60963.236 lsst_hardware_u 3.584785837405675 2.8948087142460026 28.360000610351562 AB 7.666556769932471 1.2073317747925938
60965.1811 lsst_hardware_u 5.8382340766565894 2.9783929115574486 28.3700008392334 AB 7.328571096983268 1.1124261990234547
60965.1923 lsst_hardware_g 34.11642250413263 14.999031826807768 31.3700008392334 AB 7.320113958008131 1.127472307741042
60968.221 lsst_hardware_z 116.83789352215591 44.11213403130998 30.93000030517578 AB 1.3378980113704901 1.203686919811507
60968.2325 lsst_hardware_r 38.28792979533655 23.506607866099458 31.450000762939453 AB 1.3623806458673804 1.2370284314777618
60970.1374 lsst_hardware_r 87.43456368681952 22.839270096489468 31.469999313354492 AB 4.098619331337707 1.0883939006407874
60970.1482 lsst_hardware_u 0.6153262911492132 3.1118824007316723 28.329999923706055 AB 4.112720555127825 1.0943907810345463
60974.1636 lsst_hardware_r 68.97945905810617 23.053841005965086 31.469999313354492 AB 2.897289615319928 1.1215314639948109
60974.1743 lsst_hardware_i 96.45721933609158 32.127844233984405 31.229999542236328 AB 1.406138615236751 1.1379594943921407
60978.1622 lsst_hardware_z 74.48093737578436 47.39456840742409 30.950000762939453 AB 6.350758631983779 1.1359911693021696
60978.1738 lsst_hardware_g 53.36516313520009 35.21583752612607 31.6200008392334 AB 5.94498235620021 1.1572117225928258
60979.1005 lsst_hardware_z 59.483241028150104 49.12519672158854 30.959999084472656 AB 5.489870159908236 1.0850617966020824
60979.1066 lsst_hardware_r 79.45995452313521 48.54392056702531 31.6200008392334 AB 5.490992489901805 1.0862497507224145
60982.1621 lsst_hardware_z 39.50403869135221 57.541365622173146 30.959999084472656 AB 4.522009105001062 1.1556620010651208
60982.1742 lsst_hardware_r 10.127941014505929 71.85296364432952 31.610000610351562 AB 4.438476290759165 1.182017653996919
60991.0632 lsst_hardware_g 56.24180239277851 14.53033331567801 31.389999389648438 AB 4.917624508883596 1.0847701122537343
60991.0748 lsst_hardware_r 31.436042878237252 22.960889830785558 31.479999542236328 AB 4.883033373712359 1.0865269884025275
60995.0539 lsst_hardware_z 104.46374466306848 42.03622354691116 30.940000534057617 AB 6.44890061790612 1.0848212321251
60995.0675 lsst_hardware_i 67.67888258020479 31.272362372757748 31.239999771118164 AB 6.525772775089686 1.0877496569213096
60997.0539 lsst_hardware_u 1.4228852583141705 2.617199597636613 28.3700008392334 AB 6.983830728507048 1.0854570606943927
60997.0665 lsst_hardware_g 18.642982287585383 14.051442690798893 31.389999389648438 AB 7.074856029266788 1.0896967315005721
60999.0501 lsst_hardware_r 51.97043602074335 23.041830705729108 31.489999771118164 AB 7.138015305168407 1.0857948441083674
60999.0623 lsst_hardware_i 86.73993868768571 31.407238269538457 31.239999771118164 AB 7.143705642742466 1.0903368995053495
61004.0543 lsst_hardware_g -7.498426988644961 14.986670392216372 31.420000076293945 AB 5.6549230870165434 1.0936897953808224
61004.0674 lsst_hardware_r 71.33475044294373 23.888334575817577 31.479999542236328 AB 5.721447964523814 1.1045621734014248
61006.058 lsst_hardware_i 78.05143099827067 34.57647356856252 31.260000228881836 AB 4.044819953553886 1.1008309771080156
61006.0699 lsst_hardware_z -7.089984338919764 44.22960842615065 30.940000534057617 AB 4.070043139699295 1.113351820835166
61220.3125 lsst_hardware_r 61.757948001038265 89.55000305175781 31.59000015258789 AB 2.450771001380287 1.2898794744106774
61220.3456 lsst_hardware_z -26.332066851915656 62.11000061035156 30.959999084472656 AB 2.438589094115165 1.1875281685488994
61222.4428 lsst_hardware_r 47.37125817033183 88.81999969482422 31.639999389648438 AB 10.223642293972619 1.0868892193883033
61223.4454 lsst_hardware_z 44.84933254939018 75.98999786376953 30.989999771118164 AB 8.002419561015047 1.088986808330301
61231.4048 lsst_hardware_i 2.481617811563159 30.649999618530273 31.25 AB 10.522449645643414 1.0846768009115981
61231.4159 lsst_hardware_y 63.349593702508486 47.54999923706055 30.040000915527344 AB 10.553593614734178 1.0861890266806242
61233.4362 lsst_hardware_z -26.895138631482848 45.099998474121094 30.950000762939453 AB 9.666168876021658 1.1013903539088068
61235.4313 lsst_hardware_u -5.059858942807215 3.4800000190734863 28.6200008392334 AB 7.573401688259481 1.1019062546572793
61235.4421 lsst_hardware_g -27.392165531645755 27.6299991607666 31.610000610351562 AB 7.638743968452204 1.1134789502499476
61238.4184 lsst_hardware_z -16.36714007274406 41.439998626708984 30.940000534057617 AB 3.036274970078314 1.097812517428659
61238.4306 lsst_hardware_u 2.995675204884732 3.380000114440918 28.549999237060547 AB 3.0738767851199564 1.1096026658676856
61242.4251 lsst_hardware_g 17.32309563368283 13.619999885559082 31.389999389648438 AB 6.980108217453863 1.1161030088669432
61242.4369 lsst_hardware_r -12.257410775686797 26.280000686645508 31.510000228881836 AB 7.040831399158126 1.133059446275849
61248.4052 lsst_hardware_z -47.995251305974826 52.27000045776367 30.959999084472656 AB 3.243279684290621 1.1117910132973619
61248.4171 lsst_hardware_g 18.93529292750332 41.08000183105469 31.639999389648438 AB 3.481051863609902 1.1277401356150976
61249.4106 lsst_hardware_i 30.31199905185148 64.16999816894531 31.309999465942383 AB 3.9545717584765803 1.12226229399832
61249.4221 lsst_hardware_r 24.589863120047923 68.55999755859375 31.6200008392334 AB 4.104887756181504 1.1402465989393067
61251.4002 lsst_hardware_z -17.497697517899024 98.45999908447266 31.729999542236328 AB 5.30926160174475 1.1156840770674548
61253.4068 lsst_hardware_z 135.3656671752187 59.97999954223633 30.969999313354492 AB 7.1197209980958 1.1329468111701158
61253.4179 lsst_hardware_r -10.040969696506204 78.27999877929688 31.6299991607666 AB 7.741560908313145 1.1525611138651366
61256.398 lsst_hardware_i -4.791557895466887 42.25 31.270000457763672 AB 2.3380948156505745 1.1319752193902564
61256.4092 lsst_hardware_z 1.8170275427420308 47.77000045776367 30.940000534057617 AB 2.2467300624938535 1.1515787096329335
61260.3984 lsst_hardware_g -2.3150949724443204 15.34000015258789 31.43000030517578 AB 1.6125342754578287 1.151810196755592
61260.4086 lsst_hardware_r -10.973516730779115 23.549999237060547 31.479999542236328 AB 1.6423044018060915 1.173074572718637
61261.343 lsst_hardware_g 11.376981501647304 13.329999923706055 31.389999389648438 AB 5.354584295886853 1.089622037487574
61261.3552 lsst_hardware_r 48.35805190730126 22.290000915527344 31.479999542236328 AB 5.396512564052088 1.0974841671800335
61263.3943 lsst_hardware_u 0.9078827491997283 2.5799999237060547 28.329999923706055 AB 6.996163754660013 1.1599376199386575
61263.4055 lsst_hardware_g 4.670285025959983 13.380000114440918 31.360000610351562 AB 7.1265682028812165 1.184963536574402
61266.373 lsst_hardware_g -27.616332247822413 13.470000267028809 31.3799991607666 AB 3.974946040685106 1.1356988687671732
61266.3832 lsst_hardware_r 16.357293143300474 22.700000762939453 31.469999313354492 AB 4.02550766590355 1.1541019684356508
61268.3397 lsst_hardware_r -0.643335428395265 22.290000915527344 31.479999542236328 AB 6.041930065316448 1.1005337095294077
61268.3506 lsst_hardware_i 15.295754231030998 30.6299991607666 31.239999771118164 AB 6.00479841180442 1.1117938181456064
61272.1538 lsst_hardware_y 75.30500192060423 51.18000030517578 29.93000030517578 AB 2.4880642732432223 1.360341319433145
61272.1674 lsst_hardware_g -7.555509181063458 26.329999923706055 31.520000457763672 AB 2.825064169492536 1.3020228918041856
61274.3405 lsst_hardware_z -50.003135920110104 59.61000061035156 31.690000534057617 AB 2.2053924391143664 1.1197253763220816
61276.3714 lsst_hardware_r -18.449598774686603 38.43000030517578 31.56999969482422 AB 3.836057167873098 1.1883696306917517
61276.3825 lsst_hardware_i 39.99848154539811 31.809999465942383 31.229999542236328 AB 4.630056151679968 1.2180084580006931
61278.3643 lsst_hardware_z 58.29503052696006 64.33999633789062 30.969999313354492 AB 2.814841618326825 1.1843653373044145
61278.375 lsst_hardware_r -15.97530457721262 81.16999816894531 31.610000610351562 AB 2.424443444760892 1.212221722380446
61281.3128 lsst_hardware_z -92.64366113594394 95.5 31.729999542236328 AB 7.734940666156786 1.1091508393843585
61286.3609 lsst_hardware_i 24.310253372326525 37.93000030517578 31.25 AB 1.2625194446513415 1.2350398089031192
61286.3721 lsst_hardware_r 21.914020099570077 36.970001220703125 31.540000915527344 AB 1.2896475330270503 1.2723645808044564
61297.0661 lsst_hardware_r 29.66104729498666 23.56999969482422 31.40999984741211 AB 1.7506210798141835 1.4623035610309203
61297.0761 lsst_hardware_i -15.315699977306728 32.93000030517578 31.200000762939453 AB 1.6824081626781218 1.406891843354527
61299.296 lsst_hardware_r -0.9902979831631725 22.549999237060547 31.469999313354492 AB 3.069146469307838 1.1599193005696742
61299.3074 lsst_hardware_i 24.35976296280663 31.31999969482422 31.229999542236328 AB 3.1346571461042188 1.185424358793796
