data/validation/pwv_sim_epoch_fit_seasonal/41780550.ecsv
# %ECSV 0.9
# ---
# datatype:
# - {name: time, datatype: float64}
# - {name: band, datatype: string}
# - {name: flux, datatype: float64}
# - {name: fluxerr, datatype: float64}
# - {name: zp, datatype: float64}
# - {name: zpsys, datatype: string}
# - {name: pwv, datatype: float64}
# - {name: airmass, datatype: float64}
# meta: {SNID: '41780550', alt: 1024.0, c: -0.02476317249238491, dec: -18.681826, lat: -30.244573, lon: -70.7499537, ra: 239.414062, t0: 61116.12890625,
#   x0: 7.065131477114484e-06, x1: -0.08808176964521408, z: 0.5318328142166138}
# schema: astropy-2.0
time band flux fluxerr zp zpsys pwv airmass
61105.3899 lsst_hardware_r 2139.979145521766 94.18048159406419 31.65999984741211 AB 7.561158672539739 1.0252071011206048
61107.3936 lsst_hardware_z 2380.4659091641297 112.21960396997143 31.75 AB 8.689432824176281 1.0214150076906499
61109.3878 lsst_hardware_i 1784.6327917334645 71.0501523455865 31.31999969482422 AB 9.446362118552802 1.0215044194163614
61109.4064 lsst_hardware_y 551.54929880557 79.7854517508173 30.079999923706055 AB 9.452706744186727 1.0223563426548425
61111.3898 lsst_hardware_r 2707.0869987854303 61.853746083118324 31.59000015258789 AB 7.472676992874223 1.0204392998599023
61113.3752 lsst_hardware_g 940.5209227477156 35.34337058753977 31.530000686645508 AB 11.540215335320722 1.0220041477468678
61113.3945 lsst_hardware_y 516.4325152534554 52.463605735204474 30.049999237060547 AB 11.525982241948165 1.0220183467574384
61114.3802 lsst_hardware_z 1532.8505313827352 56.04794056614736 30.950000762939453 AB 9.890050042166864 1.0204958038986593
61114.3981 lsst_hardware_y 484.5322751870957 53.07381742031067 30.049999237060547 AB 9.916011747659907 1.0247783746451267
61116.3795 lsst_hardware_u 2.482623972081004 3.1087358607367723 28.469999313354492 AB 9.279050904222025 1.0205731306887518
61116.399 lsst_hardware_y 597.8913290720244 52.97096875013929 30.049999237060547 AB 9.332871414881355 1.0289447004756922
61120.3539 lsst_hardware_i 1940.865059342533 53.665625014113445 31.260000228881836 AB 6.073726272710294 1.0227998213938412
61120.3742 lsst_hardware_z 1576.0588139029471 56.28361944990659 30.950000762939453 AB 6.057544581444201 1.021651932218277
61122.3554 lsst_hardware_r 2120.760205849075 52.378525490434534 31.520000457763672 AB 6.176552649543248 1.0208334269140151
61122.3752 lsst_hardware_u -4.182400525201847 2.895026732109579 28.469999313354492 AB 6.4779364302712334 1.024220155780278
61126.3438 lsst_hardware_r 1768.232500217013 48.86340410951653 31.520000457763672 AB 7.95424149352704 1.0209525726513944
61126.3617 lsst_hardware_u -0.555086904693155 2.816674843098186 28.479999542236328 AB 7.953151461298213 1.0230230199976262
61128.344 lsst_hardware_g 348.0521805327331 23.50776349852059 31.469999313354492 AB 9.032627002789788 1.0204340387821376
61128.3625 lsst_hardware_r 1616.6769846696566 46.68535949305104 31.510000228881836 AB 9.031649959005286 1.0263238589778734
61130.3227 lsst_hardware_r 1598.5597167408523 82.60252775651891 31.649999618530273 AB 4.182683048348417 1.0246232919646634
61133.3272 lsst_hardware_z 905.0757430288161 85.28152116494101 31.0 AB 5.914309925916679 1.0205884255248798
61133.3461 lsst_hardware_r 1185.925672673918 121.2705549707304 31.65999984741211 AB 5.849798647842229 1.0247074487133543
61135.3224 lsst_hardware_z 917.3531627441237 90.04746355224118 31.0 AB 7.003374774386026 1.0205282002748308
61135.3408 lsst_hardware_r 1205.8383045936607 122.06012466210865 31.65999984741211 AB 7.811922626188365 1.0247944412600207
61139.312 lsst_hardware_r 745.9101702548272 53.455349553648844 31.6200008392334 AB 7.969353829216735 1.0204909291296826
61139.3324 lsst_hardware_z 778.7180965569182 55.117868332772694 30.959999084472656 AB 8.062112243721925 1.0262798290476418
61146.1498 lsst_hardware_i 1259.8617170668692 60.759223397675896 31.940000534057617 AB 25.226957878833854 1.510596280169692
61146.1719 lsst_hardware_z 778.9630307418346 52.736322387123174 30.93000030517578 AB 22.786230984200163 1.3386866080330497
61148.2955 lsst_hardware_r 351.81689763552384 30.8503217279307 31.520000457763672 AB 13.165489269809777 1.0210884693143056
61148.3159 lsst_hardware_g 53.168799782317436 17.27332142970531 31.459999084472656 AB 13.296334024214843 1.0325311643159414
61154.286 lsst_hardware_u 1.1566741694599503 3.2581618408317428 28.479999542236328 AB 8.647250939605605 1.0233433064622017
61154.3034 lsst_hardware_g 79.32024515763706 16.706620188688202 31.459999084472656 AB 9.223622553449328 1.036362084657228
61156.2623 lsst_hardware_g 23.570702113898463 20.2698077838578 31.559999465942383 AB 6.04853217162445 1.0208780283482184
61156.2806 lsst_hardware_r 239.4762413668212 28.886911374398302 31.530000686645508 AB 6.033363823074409 1.0233701199611702
61158.2707 lsst_hardware_i 459.15558680063555 55.693350366836874 31.31999969482422 AB 2.8185887325508863 1.021721386859915
61158.2903 lsst_hardware_z 519.0709959866217 56.8771579774367 30.969999313354492 AB 2.8980157608141615 1.034143842326928
61160.2635 lsst_hardware_r 257.411127481455 105.22373564098278 31.670000076293945 AB 10.771553723172563 1.0212584909145341
61160.2801 lsst_hardware_z 610.861035242237 74.79209786040124 31.0 AB 10.889563565017776 1.0299082816851615
61162.2056 lsst_hardware_r 242.19839349482834 159.2979386960509 31.65999984741211 AB 8.302293864489737 1.0563386811488946
61162.2245 lsst_hardware_i 592.97501259363 125.07891041147357 31.350000381469727 AB 8.320274385536887 1.0324629035659605
61164.2451 lsst_hardware_z 672.0510343585963 92.12035084089719 31.010000228881836 AB 9.733604308640466 1.0204365713559338
61164.2635 lsst_hardware_i 262.82209592481803 106.26552513197817 31.350000381469727 AB 9.462353159623891 1.0258776147906354
61169.1658 lsst_hardware_g 76.89905688565293 31.46956649825612 32.310001373291016 AB 8.351844847630067 1.0989269536355353
61169.1876 lsst_hardware_r 298.5235329011189 48.62187760040685 32.31999969482422 AB 8.090562661926667 1.0545571769977693
61171.2357 lsst_hardware_i 245.811781400028 35.25641471420511 31.260000228881836 AB 7.678339090341214 1.021871052747034
61171.2578 lsst_hardware_z 318.867495130174 46.151032499481055 30.950000762939453 AB 8.194150937210525 1.0372342958494334
61174.1909 lsst_hardware_r 176.86837831435406 27.267606400651214 31.520000457763672 AB 6.119454225810534 1.0332407129451642
61174.2126 lsst_hardware_g 33.778929014323204 16.757597123612797 31.489999771118164 AB 6.877317649229238 1.0209794609900886
61176.1901 lsst_hardware_r 106.91199852276698 27.237273891624547 31.520000457763672 AB 5.518704924011638 1.0292250884020013
61176.2095 lsst_hardware_i 153.04957526726 34.70441640955885 31.260000228881836 AB 5.344644262609543 1.020619528187691
61179.1965 lsst_hardware_z 288.55982744340093 44.780008295883036 30.950000762939453 AB 8.56239843930924 1.0215525921566784
61179.2166 lsst_hardware_i 197.25323179398376 34.48567982306302 31.260000228881836 AB 8.218308179216463 1.0228561457704388
61181.2037 lsst_hardware_r 92.61639342118937 27.089290594468046 31.530000686645508 AB 7.658813136206809 1.020778115560377
61181.2191 lsst_hardware_i 246.56909152529877 34.53340707846291 31.260000228881836 AB 7.033601569865057 1.0271780313786136
61186.1598 lsst_hardware_r 106.48018870374324 56.8906297164977 31.639999389648438 AB 6.0255793481560564 1.0317183976067672
61186.1804 lsst_hardware_z 324.36350683727994 52.944105534542985 30.979999542236328 AB 6.295062758806685 1.0208761704102782
61188.162 lsst_hardware_r 184.01940913261032 133.66687478014788 32.40999984741211 AB 7.423937061017608 1.0259725070505263
61188.1853 lsst_hardware_i 414.70980246857266 109.56265946952183 32.09000015258789 AB 7.703848978567957 1.0208956837115197
61219.1088 lsst_hardware_z -56.845432383326134 90.95999908447266 31.0 AB 7.379184245662694 1.0234652213124402
61219.1321 lsst_hardware_r -91.69976865473862 139.6300048828125 31.65999984741211 AB 6.495812414850635 1.0435878247008812
61221.0925 lsst_hardware_z -124.04357465692034 75.91000366210938 31.0 AB 3.7739616565789262 1.020541280848903
61221.1148 lsst_hardware_r -73.65524187086115 114.1500015258789 31.65999984741211 AB 3.687703591528701 1.0309487256161647
61224.0856 lsst_hardware_i 8.152956487669556 50.540000915527344 31.31999969482422 AB 6.53745736467729 1.020680306741185
61224.1081 lsst_hardware_z 35.865058619563946 51.20000076293945 30.969999313354492 AB 6.608882293320105 1.0322615129879895
61226.0699 lsst_hardware_z -14.689522118427629 41.33000183105469 30.950000762939453 AB 4.311367217408718 1.0211267242116189
61226.0938 lsst_hardware_r -6.019411776155877 24.229999542236328 31.520000457763672 AB 3.776353546309505 1.0256256236582033
61232.0685 lsst_hardware_u -3.5420562315472575 2.7899999618530273 28.469999313354492 AB 6.767926902192823 1.0216766822612826
61232.0903 lsst_hardware_g 3.2563576567625323 15.34000015258789 31.459999084472656 AB 7.646375281590441 1.0362229204066142
61234.0506 lsst_hardware_r 17.044874615305552 24.149999618530273 31.520000457763672 AB 6.3787703831706395 1.0206849161006073
61234.0727 lsst_hardware_i 16.388343083665973 31.43000030517578 31.260000228881836 AB 6.379989283038316 1.0260791727619454
61236.0545 lsst_hardware_z 93.19140593228693 41.400001525878906 30.950000762939453 AB 6.408461635047581 1.0209433861793182
61236.0764 lsst_hardware_r 18.068201172988775 24.170000076293945 31.510000228881836 AB 6.481914471581228 1.0332488530682085
61239.0128 lsst_hardware_r 26.78628957939975 24.700000762939453 31.520000457763672 AB 2.3015778447258 1.0338362020104659
61239.0319 lsst_hardware_u 0.29301032288956325 2.8499999046325684 28.469999313354492 AB 2.2540383103636414 1.0217762059671993
61243.017 lsst_hardware_g 64.61640056749249 45.689998626708984 31.709999084472656 AB 6.124134483215577 1.0232471985322602
61243.0385 lsst_hardware_i 7.094582941592844 46.27000045776367 31.309999465942383 AB 6.171842121876977 1.021687204614757
61245.0185 lsst_hardware_z -154.29415396827298 68.4800033569336 30.989999771118164 AB 6.38278004378577 1.021026987914968
61245.04 lsst_hardware_r -36.12919077259572 88.05000305175781 31.65999984741211 AB 6.450536035269033 1.0245451136068984
61247.0082 lsst_hardware_y -38.51353129842417 81.9000015258789 30.809999465942383 AB 9.3760482172278 1.0223954874848575
61249.999 lsst_hardware_r -173.40546031675038 89.83999633789062 31.65999984741211 AB 4.554188134915167 1.0227810083464934
61250.0195 lsst_hardware_i 124.37148328531687 71.12999725341797 31.329999923706055 AB 4.529288198852852 1.0217207757394207
61253.9816 lsst_hardware_y 11.321723636433036 47.439998626708984 30.049999237060547 AB 4.0658815188479585 1.0260899732108413
61254.0041 lsst_hardware_u -3.8756577762681097 2.8499999046325684 28.489999771118164 AB 2.7309835127565947 1.0207376239045391
61256.9811 lsst_hardware_y 88.49998646931401 47.560001373291016 30.049999237060547 AB 1.3117233128225332 1.0223212154231602
61257.0018 lsst_hardware_i 6.2608528124506275 31.75 31.260000228881836 AB 0.8415890702529761 1.0221729598214286
61258.9821 lsst_hardware_y -101.99020111420317 47.470001220703125 30.049999237060547 AB 3.214918983491248 1.020717213511879
61259.004 lsst_hardware_r -9.212595559026028 25.010000228881836 31.530000686645508 AB 3.582647653474036 1.0258117833855507
61261.9661 lsst_hardware_y -72.33495275630868 75.2300033569336 30.079999923706055 AB 2.2400935644663473 1.022834853072416
61261.9872 lsst_hardware_g -5.698607232699855 16.420000076293945 31.5 AB 2.225447034614306 1.021862876535229
61264.9672 lsst_hardware_z 35.74695838016694 68.94000244140625 31.0 AB 4.218437923968279 1.0205486691588919
61264.985 lsst_hardware_i 37.65133723330712 32.439998626708984 31.270000457763672 AB 4.289262020867578 1.024342147954365
61472.3899 lsst_hardware_u 2.809103876750882 3.2200000286102295 28.540000915527344 AB 8.727373143902241 1.0228688967039459
61474.3887 lsst_hardware_r -3.322405744313708 25.100000381469727 31.530000686645508 AB 9.458380843670508 1.0214418017247078
61476.3905 lsst_hardware_r -10.531735418012158 25.139999389648438 31.540000915527344 AB 7.384338430064402 1.0204295488239346
61477.375 lsst_hardware_g -0.9336727874276871 15.9399995803833 31.489999771118164 AB 14.532348162619536 1.0234048001844744
61477.3945 lsst_hardware_z -5.941447591375633 43.2599983215332 30.959999084472656 AB 14.453784146876762 1.0210839834368701
61479.2096 lsst_hardware_i -104.20670882239028 73.94999694824219 32.63999938964844 AB 17.08977200275699 1.8538560506326087
61479.2364 lsst_hardware_y 54.74531901695061 51.779998779296875 29.899999618530273 AB 13.926756031491568 1.5243822276150756
61481.4003 lsst_hardware_r -57.30779174196815 25.8700008392334 31.540000915527344 AB 9.372681318391303 1.0293993759902584
61487.3632 lsst_hardware_r -165.61792299895907 140.19000244140625 32.41999816894531 AB 6.1638766401356895 1.0205093775059089
61487.375 lsst_hardware_z -88.00439965106749 67.69999694824219 31.0 AB 6.449724578309891 1.0237658060809351
61489.3681 lsst_hardware_r 121.54472281524836 100.93000030517578 31.670000076293945 AB 6.800469906931245 1.023114250936222
61489.3889 lsst_hardware_y -22.712479682514957 58.22999954223633 30.06999969482422 AB 7.7205144834188335 1.0395665821479578
61492.3436 lsst_hardware_r -5.071186069600363 66.83000183105469 31.65999984741211 AB 8.147989368538521 1.0206569352115415
61492.3627 lsst_hardware_i -3.715279074112704 56.68000030517578 31.329999923706055 AB 8.136369685976794 1.0244413970822637
61494.3425 lsst_hardware_z 22.120025086090774 44.709999084472656 30.969999313354492 AB 6.32905528280547 1.0204313348963812
61494.3626 lsst_hardware_r -14.812250577996974 36.59000015258789 31.610000610351562 AB 6.501516986408774 1.0277453345571883
61497.3247 lsst_hardware_r 3.1422300924727957 24.90999984741211 31.540000915527344 AB 8.994917256285358 1.0217820015091537
61497.3437 lsst_hardware_u 3.6736109497194005 3.0199999809265137 28.540000915527344 AB 9.243042631185403 1.0221306876858023
61499.3267 lsst_hardware_g 0.02355341856803149 15.420000076293945 31.479999542236328 AB 7.1189107100801285 1.0204616733277772
61499.3435 lsst_hardware_i 47.86382489435886 31.3700008392334 31.260000228881836 AB 7.835249655592093 1.0243941849026532
61501.3243 lsst_hardware_z -41.935795811108946 41.290000915527344 30.950000762939453 AB 17.08742978028389 1.0204649087196818
61501.3417 lsst_hardware_r -36.43789623418612 24.139999389648438 31.520000457763672 AB 18.729058133797043 1.0265310021264624
61503.3105 lsst_hardware_u -2.2341744812811024 2.8399999141693115 28.510000228881836 AB 10.194391254191926 1.0212006966208635
61503.3289 lsst_hardware_g -3.3001680800392754 15.380000114440918 31.479999542236328 AB 10.142226984821347 1.0227112014542046
61511.2982 lsst_hardware_z 61.95121947738954 41.459999084472656 30.959999084472656 AB 17.406539639136604 1.020552277153869
61511.3156 lsst_hardware_r -17.95147093849176 24.290000915527344 31.530000686645508 AB 17.56363136092153 1.0273332309611019
61513.2527 lsst_hardware_z -25.684965693694483 53.04999923706055 30.979999542236328 AB 13.292264196663574 1.0443530236423229
61513.2701 lsst_hardware_r 56.078288348811135 63.08000183105469 31.649999618530273 AB 13.104210058496738 1.0271367031271939
61515.2875 lsst_hardware_i -211.3264373841701 87.19000244140625 31.350000381469727 AB 3.6740651443032473 1.0205736511953465
61515.3049 lsst_hardware_z -105.30336083113882 74.7300033569336 31.0 AB 3.6480037948484947 1.0274861058134477
61518.2624 lsst_hardware_z -109.25606437947806 94.11000061035156 31.010000228881836 AB 5.788395663972429 1.023709661729487
61518.2799 lsst_hardware_r -86.3455731690475 135.8699951171875 31.670000076293945 AB 5.776477513876633 1.0206391743700982
61520.2715 lsst_hardware_y -96.48284170846438 77.41999816894531 30.809999465942383 AB 13.840600781980449 1.020429887711907
61522.2605 lsst_hardware_r -18.270186372981858 47.41999816894531 31.6299991607666 AB 2.750370498930871 1.0208297295836952
61522.2789 lsst_hardware_i 3.568951213512999 44.20000076293945 31.299999237060547 AB 2.735157704991731 1.0235091823593854
61524.2656 lsst_hardware_z 4.752424667261933 42.900001525878906 30.959999084472656 AB 10.895980944475951 1.0209638028040902
61524.2841 lsst_hardware_r -29.909681914813902 30.6200008392334 31.56999969482422 AB 10.942977078422444 1.0303636437476997
61526.2623 lsst_hardware_u 0.7899033638821633 2.809999942779541 28.469999313354492 AB 9.344452842858418 1.0214563401983692
61526.2803 lsst_hardware_r 1.0093948406953521 24.959999084472656 31.530000686645508 AB 9.478106731387474 1.0317897614747824
61528.2487 lsst_hardware_i 10.605099583396937 31.469999313354492 31.260000228881836 AB 12.11890123403959 1.0204244773111446
