data/validation/pwv_sim_epoch_fit_seasonal/41809439.ecsv
# %ECSV 0.9
# ---
# datatype:
# - {name: time, datatype: float64}
# - {name: band, datatype: string}
# - {name: flux, datatype: float64}
# - {name: fluxerr, datatype: float64}
# - {name: zp, datatype: float64}
# - {name: zpsys, datatype: string}
# - {name: pwv, datatype: float64}
# - {name: airmass, datatype: float64}
# meta: {SNID: '41809439', alt: 1024.0, c: -0.124323271214962, dec: -47.945496, lat: -30.244573, lon: -70.7499537, ra: 62.599998, t0: 62079.31640625,
#   x0: 2.4794270542930764e-06, x1: 0.5089468359947205, z: 0.8156536221504211}
# schema: astropy-2.0
time band flux fluxerr zp zpsys pwv airmass
62027.3825 lsst_hardware_r -18.05181231066714 24.610000610351562 31.510000228881836 AB 1.2615088436895265 1.0500906024052663
62041.374 lsst_hardware_r 16.405572453905865 21.360000610351562 31.469999313354492 AB 5.0146033977667495 1.055095133926059
62041.3852 lsst_hardware_u -2.4102700184568997 3.3399999141693115 28.559999465942383 AB 4.251516195009078 1.0628790487522695
62044.3678 lsst_hardware_z -41.08167715407204 40.71133415089242 30.950000762939453 AB 4.408122472379897 1.0562382873456753
62044.3795 lsst_hardware_r 23.873025950289634 22.126488190069868 31.479999542236328 AB 4.51373490814543 1.0650625078211637
62046.2429 lsst_hardware_r 101.8267577537979 136.86798407859234 32.810001373291016 AB 3.821525074092897 1.1760347973821395
62046.2567 lsst_hardware_y -43.67571402752367 91.62366305403388 31.219999313354492 AB 3.0805221373865184 1.1400896141326864
62050.3721 lsst_hardware_z 15.888135785395663 54.200310199939565 30.969999313354492 AB 3.8676241602923342 1.0743400445256484
62050.3833 lsst_hardware_r -66.52983883805793 67.71843500463515 31.639999389648438 AB 4.242094862958742 1.089089629137265
62052.3681 lsst_hardware_z 9.527314320593831 49.07016229136697 30.969999313354492 AB 3.070179323318744 1.0760602803850183
62052.3798 lsst_hardware_r 29.864913653439615 52.60729124773891 31.6200008392334 AB 3.119981535395743 1.0920481397955
62054.3678 lsst_hardware_i 138.17068479310944 39.6892969159636 31.280000686645508 AB 4.677199994840035 1.0826225322238376
62054.379 lsst_hardware_z 69.11579665194758 54.18731062795225 30.969999313354492 AB 5.105559070075882 1.09954610267248
62055.3595 lsst_hardware_r 133.64945094243345 32.59042135130289 31.559999465942383 AB 5.965842772818126 1.0755726152917695
62055.3712 lsst_hardware_z 70.11532878114747 46.62604047297922 30.950000762939453 AB 6.0459282050823155 1.091421284426851
62057.3382 lsst_hardware_u 5.999378211893478 3.276346084299479 28.540000915527344 AB 5.725251238665572 1.0602317108639947
62057.3498 lsst_hardware_g 36.509802069059724 17.596202649914172 31.469999313354492 AB 5.782284749065302 1.07079347204913
62059.3457 lsst_hardware_r 278.91956593110376 26.919381231938708 31.479999542236328 AB 7.843318364186822 1.0722728350601896
62059.356 lsst_hardware_i 418.818782572051 35.569178904259594 31.239999771118164 AB 7.934896665673706 1.0851635400825772
62064.346 lsst_hardware_z 322.5615413794437 45.72095423380879 30.950000762939453 AB 2.7387165587722158 1.0904704593956662
62064.3577 lsst_hardware_r 480.981898355815 31.23800594353029 31.489999771118164 AB 2.7842741517851675 1.110194046234325
62070.337 lsst_hardware_r 684.4355255617777 34.09338649480772 31.479999542236328 AB 3.36752973588044 1.1024213452247873
62070.3477 lsst_hardware_u 0.7347847529798294 3.221085189620838 28.469999313354492 AB 3.4606070094971964 1.1227838672461568
62075.3232 lsst_hardware_y 289.9872587952791 52.38796430630581 30.040000915527344 AB 6.000188393954446 1.1021653919828152
62075.3356 lsst_hardware_g 190.23405097991196 46.102383811491976 31.68000030517578 AB 5.716107463170163 1.1260492416981132
62077.3165 lsst_hardware_r 874.0164528851752 86.97970670778838 31.639999389648438 AB 5.280234549728489 1.1000488645267685
62077.3287 lsst_hardware_i 1031.6167014101857 72.79398552113241 31.309999465942383 AB 5.390487548288649 1.123018239226802
62079.3099 lsst_hardware_i 949.8776164429341 67.10222072705511 31.309999465942383 AB 4.218707755569706 1.0981451858315938
62079.3216 lsst_hardware_z 570.5638943854431 61.851321305031654 30.969999313354492 AB 4.285277289133254 1.119650920344867
62081.3067 lsst_hardware_r 758.5944433634054 60.3483838170164 31.6200008392334 AB 6.335189275224038 1.101963693724868
62081.3181 lsst_hardware_z 679.7734830706593 55.46294996559485 30.959999084472656 AB 6.46477661480254 1.123690132646231
62083.2712 lsst_hardware_z 634.2037179067182 50.54296533917599 30.959999084472656 AB 8.252995344448466 1.0634618058692413
62083.2828 lsst_hardware_g 97.15866848537368 40.00801424160395 31.68000030517578 AB 8.33146575658306 1.0752822073931116
62088.3094 lsst_hardware_u 1.4686873843070902 2.6089139939934882 28.31999969482422 AB 6.775520345305306 1.1473561207900156
62088.3201 lsst_hardware_g 47.367176017088994 15.27576770095453 31.350000381469727 AB 6.9600248177150315 1.1758122791499452
62091.299 lsst_hardware_i 750.3320007814405 40.039608650657094 31.229999542236328 AB 4.279423106904335 1.1420169742889679
62091.3114 lsst_hardware_z 463.9522403341655 47.55475333858209 30.93000030517578 AB 4.36626747076511 1.174359190630843
62096.2886 lsst_hardware_z 392.0368505292194 46.8445271600696 30.940000534057617 AB 3.2581708160467304 1.1499426409576696
62096.3012 lsst_hardware_r 264.1117908256695 27.47161928677006 31.450000762939453 AB 5.329934003493612 1.184429778554136
62098.2929 lsst_hardware_u -1.3165608618320717 2.60438549450994 28.34000015258789 AB 10.897082923220902 1.17611342530107
62098.3049 lsst_hardware_g 33.80348611237401 14.052426935964185 31.31999969482422 AB 11.309769446988025 1.213581384253669
62103.2443 lsst_hardware_r 195.2098357154545 51.716780192823904 31.610000610351562 AB 5.496223923258525 1.0980369440132904
62103.2554 lsst_hardware_i 400.83588650790597 48.768596439191356 31.280000686645508 AB 5.573825611249985 1.1183064259319992
62105.2433 lsst_hardware_z 243.51244927694535 59.26248908290862 30.969999313354492 AB 8.496675872548316 1.1057141204026462
62105.2549 lsst_hardware_r 96.72035354164102 74.52677620993818 31.6299991607666 AB 8.746679519207367 1.1286644898165321
62107.2472 lsst_hardware_z 782.2811044825763 88.70043503369631 31.719999313354492 AB 7.090205933842745 1.1238882778986559
62110.2626 lsst_hardware_r 109.12981886486476 59.28786344007167 31.610000610351562 AB 6.101199428571903 1.1833202925857065
62110.2737 lsst_hardware_z 219.60426273566645 54.329265752300934 30.950000762939453 AB 6.274269775176418 1.218935974972753
62112.267 lsst_hardware_r 89.71270098209874 44.076153325783494 31.56999969482422 AB 7.6999302298519625 1.2146916279935451
62112.2776 lsst_hardware_y 94.81802522986877 51.19186071586125 29.979999542236328 AB 7.980089920504003 1.2533516444956814
62114.1881 lsst_hardware_u -3.5873288413133864 2.6731932331500974 28.43000030517578 AB 10.250916904543628 1.0648367210682346
62114.2024 lsst_hardware_g 3.7486380815633824 17.72727646366604 31.5 AB 10.508125405839216 1.0805548117781947
62116.1304 lsst_hardware_r 85.07244411166911 23.277096033159747 31.479999542236328 AB 12.445229298323714 1.0530889163261414
62116.1429 lsst_hardware_g -21.27417321487265 13.141730393128087 31.3799991607666 AB 12.403560281005904 1.0495629724291093
62120.1745 lsst_hardware_i 90.7473778501 31.889836836354128 31.229999542236328 AB 10.990080286070253 1.0674566683568294
62120.1872 lsst_hardware_u -3.332668430589093 2.5755160806010373 28.34000015258789 AB 11.130804611838323 1.0821160859450518
62122.1779 lsst_hardware_g 18.738800889888182 13.442175369808165 31.389999389648438 AB 3.5888961765246443 1.0772074566856693
62122.1916 lsst_hardware_r 55.93317004880422 22.95473034913422 31.479999542236328 AB 3.637025339943923 1.096700775940405
62124.1727 lsst_hardware_i 84.53483141520235 32.000213457252784 31.25 AB 4.054112531857286 1.0775288573894897
62124.1835 lsst_hardware_r 64.53669572090736 22.921148900783077 31.479999542236328 AB 4.1302527552505275 1.0925149465017157
62126.1239 lsst_hardware_z 132.13064526729835 42.33862090945279 30.950000762939453 AB 4.073147786944978 1.049419732122547
62126.1359 lsst_hardware_u 2.1094616499735652 2.7383161584028373 28.520000457763672 AB 3.7064551934299343 1.0522975920022526
62129.1067 lsst_hardware_r 54.214067549795494 31.432102305878253 31.56999969482422 AB 6.378270957775086 1.0496619695178286
62129.1195 lsst_hardware_i 79.28185939286327 35.47229118095682 31.270000457763672 AB 6.369953658171986 1.0499346725188703
62131.1051 lsst_hardware_z 135.597196493503 46.782549774023096 30.959999084472656 AB 5.304252214489109 1.0493080543005162
62131.1167 lsst_hardware_i 85.12346979244008 41.20048281011949 31.290000915527344 AB 5.329783305251932 1.0505141037256198
62133.1142 lsst_hardware_z 247.42171599586624 71.65803789727904 31.719999313354492 AB 7.885280067076085 1.0513706756101446
62135.1015 lsst_hardware_r 4.030572868224786 74.39767966459301 31.649999618530273 AB 7.819284673564561 1.0496740844466974
62135.1128 lsst_hardware_i 239.9939254176077 60.14424327389676 31.31999969482422 AB 7.813904470628364 1.0529094789460487
62137.1067 lsst_hardware_z 191.69356499559595 81.62044637281298 31.729999542236328 AB 7.295418476507183 1.052640320161369
62139.1112 lsst_hardware_g 130.74110747755643 57.997789085934286 31.709999084472656 AB 4.489045243188692 1.058050849847079
62141.1088 lsst_hardware_i 76.39072216030358 30.622447124802193 31.239999771118164 AB 11.090052525511421 1.0602344670661021
62141.1207 lsst_hardware_z 90.01368691731058 44.69452275414832 30.950000762939453 AB 11.183731608691202 1.0711018652175204
62143.0874 lsst_hardware_z 93.98133221133438 41.50748818329448 30.940000534057617 AB 9.241574721554283 1.051543163561167
62143.0991 lsst_hardware_i 61.825537098573605 30.594217316306064 31.239999771118164 AB 9.295767411709365 1.057278343795731
62145.0769 lsst_hardware_u 2.3431679564803467 2.7312650700504473 28.43000030517578 AB 8.989690108470496 1.0501565486317284
62145.0904 lsst_hardware_g 45.541491353842424 13.692805929487685 31.3799991607666 AB 6.915096765806347 1.0553371638010451
62147.078 lsst_hardware_r 35.18264631476483 21.89912163125251 31.469999313354492 AB 6.522968671988211 1.052091721288421
62147.091 lsst_hardware_i 45.79266108819898 30.49719267627386 31.239999771118164 AB 6.0723738501349445 1.0591965550558111
62149.0751 lsst_hardware_z 23.2745645157418 41.53116683114299 30.950000762939453 AB 2.276902332101289 1.053146314570439
62149.0878 lsst_hardware_u 4.811677126736555 2.7194539635789385 28.440000534057617 AB 3.5221354058797165 1.060884158397505
62151.077 lsst_hardware_g 17.26993394585226 13.169408931537157 31.389999389648438 AB 6.267657066577479 1.0571187496335772
62151.0898 lsst_hardware_r 52.92058080968799 22.094725992165895 31.479999542236328 AB 5.785947882163023 1.0674195889978826
62155.0705 lsst_hardware_i 51.66459323343469 30.86666854252574 31.25 AB 3.837078958506953 1.0601862149635843
62155.0853 lsst_hardware_u -1.8930196071648768 2.6856475368359143 28.440000534057617 AB 4.160699715626178 1.0742603134349062
62157.0715 lsst_hardware_g -8.784440103403917 16.97113861228448 31.489999771118164 AB 12.777877300752204 1.0656001084751106
62157.0844 lsst_hardware_r 33.43135500215571 24.145402791846454 31.5 AB 13.69065687044672 1.079818346075827
62409.2675 lsst_hardware_i 54.46146698526163 50.06999969482422 32.0099983215332 AB 2.601653362133322 1.1295166550506464
62409.2844 lsst_hardware_z -17.00316788970004 61.959999084472656 31.700000762939453 AB 2.582291516208132 1.0972910125530306
62411.3796 lsst_hardware_i 29.571829337877926 32.220001220703125 31.260000228881836 AB 2.2324430066853087 1.0698181414569587
62411.3915 lsst_hardware_z 32.156495136460116 63.90999984741211 30.979999542236328 AB 2.2574305365252663 1.0842171878448348
62413.3526 lsst_hardware_g 10.285097773812627 13.069999694824219 31.389999389648438 AB 2.488536532894708 1.053571775145939
62413.3639 lsst_hardware_r 3.0382629904437644 21.780000686645508 31.479999542236328 AB 2.4887808203785426 1.060560008684038
62416.3665 lsst_hardware_u 1.7649089406148515 2.630000114440918 28.389999389648438 AB 3.8534311248778383 1.0703975346882884
62416.3783 lsst_hardware_g -8.17847468918716 15.369999885559082 31.440000534057617 AB 4.225913670805149 1.0848425296750548
62418.3754 lsst_hardware_r 70.93705114619749 22.6299991607666 31.489999771118164 AB 3.1207458138444837 1.0885056902144084
62420.3631 lsst_hardware_z -37.685744861569944 41.18000030517578 30.940000534057617 AB 4.6681237907754705 1.0791478450616587
62420.3749 lsst_hardware_r -32.723744944445265 23.3799991607666 31.489999771118164 AB 4.785547119175912 1.0961569304646193
62422.3006 lsst_hardware_i 3.3993902982851636 29.600000381469727 31.25 AB 5.591184972953145 1.0502343222264652
62422.3107 lsst_hardware_u -1.0136928240954306 2.5999999046325684 28.420000076293945 AB 5.529509225871679 1.0492427373570548
62425.344 lsst_hardware_i -50.74038873256884 29.969999313354492 31.25 AB 7.848861893178184 1.0726518696475171
62425.3561 lsst_hardware_r 5.9405173876476125 21.68000030517578 31.479999542236328 AB 7.946713443542336 1.0882306236806238
62427.3373 lsst_hardware_z 100.47333171539262 40.95000076293945 30.950000762939453 AB 6.969637327029375 1.0712904819310765
62427.3481 lsst_hardware_g 12.030487606403115 12.75 31.3799991607666 AB 7.070310211270366 1.084611345928426
62429.3415 lsst_hardware_r -24.886928201409965 50.209999084472656 31.6200008392334 AB 0.6967614787169766 1.08304893064815
62429.3532 lsst_hardware_i -14.445666101892996 45.650001525878906 31.299999237060547 AB 0.6767043476865445 1.1009289821364607
62433.3372 lsst_hardware_z 23.281978339320826 56.849998474121094 30.969999313354492 AB 3.9266703628417616 1.0926640467976334
62433.348 lsst_hardware_r -18.522645404320034 75.05000305175781 31.639999389648438 AB 3.987543250018327 1.1112005712744397
62437.3294 lsst_hardware_r 7.1632113151344035 42.86000061035156 31.600000381469727 AB 3.100864790441615 1.097651253253669
62437.3407 lsst_hardware_z -2.3252592762613613 46.75 30.950000762939453 AB 3.7539466832723702 1.118244469250036
62438.3349 lsst_hardware_r -66.74272495807105 36.59000015258789 31.579999923706055 AB 3.939206783931507 1.1122466213454967
62438.3456 lsst_hardware_y -7.071980770333956 48.93000030517578 30.020000457763672 AB 4.081616092213541 1.1345175833078878
62440.3332 lsst_hardware_g 8.94214489762106 20.809999465942383 31.549999237060547 AB 3.8396101508173066 1.1196374856583025
62440.3439 lsst_hardware_r 38.58732418010738 26.639999389648438 31.520000457763672 AB 5.302532300201483 1.1432799267359817
62442.3307 lsst_hardware_r -7.667997980874394 22.299999237060547 31.469999313354492 AB 3.4283930900844544 1.1257858220504995
62442.3425 lsst_hardware_i -22.737719095396006 30.90999984741211 31.229999542236328 AB 2.9982327963745377 1.1533143209544316
62451.3166 lsst_hardware_i 15.889080836967466 30.639999389648438 31.219999313354492 AB 2.281158892118882 1.1499708748710065
62451.3286 lsst_hardware_z -51.513398505124535 42.84000015258789 30.93000030517578 AB 2.3620126537125437 1.182681792729305
62456.2133 lsst_hardware_r -27.790460419890497 46.529998779296875 31.6200008392334 AB 8.035152711703095 1.04938653672497
62456.2254 lsst_hardware_z -31.290573788498435 46.900001525878906 30.959999084472656 AB 7.878601717711056 1.050200175647968
62458.2518 lsst_hardware_y 26.76377571730834 50.4900016784668 30.030000686645508 AB 4.281526805132488 1.070381701283122
62458.2647 lsst_hardware_r 7.5559571649540995 61.75 31.6299991607666 AB 4.345458102598477 1.0863645256496193
62460.2933 lsst_hardware_z -52.36176612943427 86.1500015258789 31.719999313354492 AB 5.632527236403991 1.15318240013721
62461.2843 lsst_hardware_z -34.00512962936847 61.790000915527344 30.969999313354492 AB 3.77876465230623 1.137953619445763
62461.2955 lsst_hardware_r 45.46505395022142 86.36000061035156 31.6299991607666 AB 4.875527320653402 1.1661848521565277
62466.1657 lsst_hardware_z 11.132501617076958 44.91999816894531 30.959999084472656 AB 5.508366839670963 1.0563894725444536
62466.1789 lsst_hardware_r 63.35450331514541 41.16999816894531 31.610000610351562 AB 4.949221480662657 1.0506414125379753
62473.2411 lsst_hardware_i -21.514924232408635 30.309999465942383 31.229999542236328 AB 7.039433409613404 1.1156657425628302
62473.2528 lsst_hardware_z 47.84819735988568 42.06999969482422 30.93000030517578 AB 7.094367621795301 1.1409167186183797
62475.2366 lsst_hardware_r 20.30203845047394 21.700000762939453 31.459999084472656 AB 2.991166949534249 1.1175665793141225
62475.2478 lsst_hardware_g -23.466234694265417 12.720000267028809 31.34000015258789 AB 2.991209582747449 1.1420099580977183
