data/validation/pwv_sim_epoch_fit_seasonal/41839331.ecsv
# %ECSV 0.9
# ---
# datatype:
# - {name: time, datatype: float64}
# - {name: band, datatype: string}
# - {name: flux, datatype: float64}
# - {name: fluxerr, datatype: float64}
# - {name: zp, datatype: float64}
# - {name: zpsys, datatype: string}
# - {name: pwv, datatype: float64}
# - {name: airmass, datatype: float64}
# meta: {SNID: '41839331', alt: 1024.0, c: -0.11583627760410309, dec: -1.193748, lat: -30.244573, lon: -70.7499537, ra: 57.832031, t0: 62457.94921875,
#   x0: 3.3686007297637936e-06, x1: 1.1639565229415894, z: 0.7200279831886292}
# schema: astropy-2.0
time band flux fluxerr zp zpsys pwv airmass
62379.3921 lsst_hardware_z 101.20789491305534 73.36000061035156 31.709999084472656 AB 5.587540274329896 1.1559431651057452
62379.4103 lsst_hardware_y 168.9034473725321 75.47000122070312 30.770000457763672 AB 5.457639548426346 1.1452596761582412
62381.3833 lsst_hardware_r -46.51829930079157 32.20000076293945 31.540000915527344 AB 2.387557413443145 1.1595713518422268
62381.4004 lsst_hardware_y -15.21616279571014 49.43000030517578 30.0 AB 2.5199494988738027 1.1464738393420395
62384.3455 lsst_hardware_i 53.18262238455319 32.4900016784668 31.219999313354492 AB 1.4831443131703714 1.2164398713720497
62384.3632 lsst_hardware_z 39.82991178672037 43.540000915527344 30.93000030517578 AB 1.4593863307004942 1.176924460242334
62388.3733 lsst_hardware_r 28.518694989528715 23.540000915527344 31.469999313354492 AB 5.144866151564098 1.1509123989855001
62388.391 lsst_hardware_y 83.09023125278684 48.349998474121094 30.0 AB 4.109117854915988 1.1449731634930538
62391.3887 lsst_hardware_z -3.8049483272264295 42.939998626708984 30.940000534057617 AB 3.5299812669295623 1.1461288239171716
62391.4066 lsst_hardware_y -63.34424002949869 63.45000076293945 30.020000457763672 AB 3.5853074154095568 1.159355671919016
62394.3462 lsst_hardware_r -27.829123646724412 23.530000686645508 31.489999771118164 AB 1.5558440595829222 1.161511056053126
62394.3648 lsst_hardware_u 2.0158404698461587 2.6700000762939453 28.3799991607666 AB 1.5374791353776547 1.1465168794764296
62400.2674 lsst_hardware_z 8.728210792055043 62.560001373291016 30.940000534057617 AB 5.202666629453073 1.3514882466378801
62400.2953 lsst_hardware_r 44.98384221876117 80.44000244140625 31.610000610351562 AB 3.761708907738384 1.2355752694164506
62402.3573 lsst_hardware_z -34.16115739275445 67.62000274658203 30.979999542236328 AB 2.014561143322435 1.145721977244852
62402.3787 lsst_hardware_r -53.067035401190935 93.54000091552734 31.6299991607666 AB 1.6718249755535932 1.1619309455949913
62405.3337 lsst_hardware_i 25.864077403580666 75.25 31.31999969482422 AB 4.7945289146970875 1.146947889407803
62405.3542 lsst_hardware_z -9.771980358303766 68.54000091552734 30.979999542236328 AB 4.792085029341393 1.1476673522551533
62410.325 lsst_hardware_g -58.98156475572635 26.68000030517578 31.59000015258789 AB 5.154247337264794 1.145388297169954
62410.3419 lsst_hardware_r 16.134153928021952 32.66999816894531 31.549999237060547 AB 4.817457811560743 1.1483808847581942
62412.3258 lsst_hardware_i 46.54229595624022 31.8700008392334 31.229999542236328 AB 3.762078204026779 1.144996917122891
62412.3444 lsst_hardware_z 37.53146876251262 42.959999084472656 30.93000030517578 AB 3.3474357335722265 1.1542881839904229
62415.3278 lsst_hardware_r 20.426384760965735 23.479999542236328 31.479999542236328 AB 6.573738601163473 1.148134298018567
62415.3463 lsst_hardware_g 14.313275132061984 14.3100004196167 31.389999389648438 AB 7.287848402248477 1.1660557443596598
62417.3225 lsst_hardware_r -11.502644993775755 23.450000762939453 31.479999542236328 AB 3.9131363190498654 1.1482207508944953
62417.3413 lsst_hardware_i -5.1578682860259075 31.75 31.239999771118164 AB 5.159966845574781 1.1667094163944411
62419.2921 lsst_hardware_i 39.46585779629248 31.399999618530273 31.239999771118164 AB 3.2009959451705154 1.1486484059102953
62419.3107 lsst_hardware_z 9.56877586197681 42.5 30.940000534057617 AB 3.1918400671453004 1.145671237309871
62421.2922 lsst_hardware_r -0.8345312024944619 23.600000381469727 31.479999542236328 AB 6.070438849071765 1.1461226940568081
62421.3101 lsst_hardware_u 0.48317725950670376 2.630000114440918 28.329999923706055 AB 6.060129751510903 1.1474620837246319
62426.292 lsst_hardware_i 11.269187847455084 38.13372449482109 31.260000228881836 AB 6.213569607359656 1.1457808606600877
62426.3099 lsst_hardware_z 41.55577953137772 42.92058284776841 30.93000030517578 AB 6.265593529961176 1.1580611838203174
62428.2832 lsst_hardware_r 41.58850756856931 62.851558705232065 31.6200008392334 AB 4.169711977017333 1.14510581573147
62428.3004 lsst_hardware_z -43.346277253392415 53.45065231108076 30.959999084472656 AB 4.385178345242227 1.1539943013795333
62434.3011 lsst_hardware_z 226.65713936535235 110.92657057032176 31.729999542236328 AB 4.468516019112887 1.176570317703887
62436.2516 lsst_hardware_g 88.62051141527984 66.46350011089771 31.68000030517578 AB 3.773608920297137 1.146006656971343
62436.2684 lsst_hardware_r 348.92176214632815 70.4544781874858 31.6200008392334 AB 3.7603356411594264 1.1471141086995227
62439.257 lsst_hardware_i 591.0982151476276 42.13498388091558 31.260000228881836 AB 4.049680225603564 1.1459197016422082
62439.2737 lsst_hardware_z 405.69528255321035 48.243019346923454 30.940000534057617 AB 4.06729646552911 1.1572902163975274
62441.2396 lsst_hardware_z 413.5371016277819 46.88543371276854 30.940000534057617 AB 5.62723673023511 1.1455517797822234
62441.2588 lsst_hardware_r 623.8753435905597 34.689956949679605 31.489999771118164 AB 5.769426788240797 1.1492882048288442
62450.2342 lsst_hardware_u 1.70674167422685 3.6077667132237927 28.3799991607666 AB 10.344174730762502 1.1492676169279659
62450.252 lsst_hardware_r 1107.5934937648508 40.96665828190903 31.479999542236328 AB 11.1374782527123 1.1678586074147816
62452.233 lsst_hardware_i 1117.0007220905447 45.8261191345651 31.229999542236328 AB 7.873022965387341 1.1523604999043149
62452.2516 lsst_hardware_z 549.2383204823227 49.988416516768346 30.93000030517578 AB 4.821387144660992 1.1759480840636567
62455.2029 lsst_hardware_z 644.1275224255078 54.77320393469696 30.950000762939453 AB 4.418707206476505 1.145237288935288
62455.2213 lsst_hardware_r 1228.5637756686447 52.964589253478884 31.579999923706055 AB 8.600138999979828 1.1497512032056685
62457.2276 lsst_hardware_y 514.8829746739842 78.13615939370924 30.760000228881836 AB 6.429442133342481 1.1607586447630402
62459.2168 lsst_hardware_r 1204.5772855675034 118.30066481787378 31.6299991607666 AB 6.138302691032359 1.1549560545712139
62459.2369 lsst_hardware_i 1397.9456275204657 98.87560751269075 31.309999465942383 AB 6.2810839576745 1.1840676054432493
62464.188 lsst_hardware_r 998.99851547008 84.25619946728969 31.6299991607666 AB 8.989170818488429 1.145701098456459
62464.2094 lsst_hardware_z 684.2582959030749 66.57066119867805 30.969999313354492 AB 8.757500710047452 1.1618831651399648
62478.1529 lsst_hardware_i 649.3416863780863 40.694697050715135 31.239999771118164 AB 4.242966412284567 1.146747678995829
62478.171 lsst_hardware_z 515.0624018002873 48.033224499054 30.940000534057617 AB 5.151376174795022 1.1616588510079289
62480.1555 lsst_hardware_r 460.7849931195683 31.222304829046177 31.479999542236328 AB 8.553799690206905 1.151509942590115
62480.1739 lsst_hardware_u 4.031615747356355 2.7678246188641333 28.34000015258789 AB 11.278832252952142 1.1738186622791569
62482.1534 lsst_hardware_g 98.28388938356308 21.020118192781556 31.479999542236328 AB 13.688718497360428 1.1543786725534282
62482.1714 lsst_hardware_i 563.8719723082784 40.421095381802424 31.239999771118164 AB 14.972865511162233 1.178965788280491
62488.1102 lsst_hardware_r 539.0550306413617 104.46129872788144 31.6299991607666 AB 4.595675456932623 1.145815613612954
62488.1297 lsst_hardware_i 441.15914133311423 86.36346280138679 31.31999969482422 AB 3.3516168311085206 1.148797542796408
62490.0795 lsst_hardware_i 265.8387107386363 101.55932252172032 31.309999465942383 AB 6.019560516572818 1.1677130003051053
62490.0984 lsst_hardware_z 151.37196661984478 87.38809433340322 30.979999542236328 AB 3.777255763321879 1.1485384305045623
62492.0802 lsst_hardware_r 109.49353177672155 91.84473651898632 31.6299991607666 AB 6.337987052536848 1.159599997414892
62492.0992 lsst_hardware_z 380.99692964944194 69.10124839875515 30.979999542236328 AB 4.461124511467208 1.1458367752056187
62494.0849 lsst_hardware_g 63.7743333033142 34.96958468290679 31.6299991607666 AB 7.107082844292676 1.1501684980648583
62494.1034 lsst_hardware_i 287.5594956753143 49.14040977655156 31.290000915527344 AB 7.048133845787469 1.145138050711457
62496.081 lsst_hardware_z 196.8333279467098 45.09868631112792 30.93000030517578 AB 11.020865341712385 1.149143980158739
62496.1003 lsst_hardware_r 122.02055444617726 25.98956629397057 31.479999542236328 AB 8.556238119806768 1.1456051039071822
62498.0877 lsst_hardware_u -2.504388886222059 2.798288305019251 28.399999618530273 AB 6.106058020570016 1.1449574386967964
62498.1072 lsst_hardware_g 28.943565249816036 15.454323024446241 31.399999618530273 AB 6.119600976377239 1.1521779169783575
62502.0846 lsst_hardware_z 179.61753298885583 44.61946343016407 30.940000534057617 AB 7.938505080727909 1.1457845275134477
62502.1058 lsst_hardware_r 93.68542860406001 25.36357737252118 31.479999542236328 AB 8.049287829940686 1.1620659216670388
62504.047 lsst_hardware_y 381.15623941784844 76.69310500375813 30.770000457763672 AB 7.490423389371223 1.160106874967146
62504.068 lsst_hardware_u -4.769828598163529 4.195449759938586 29.149999618530273 AB 7.749338808204029 1.1454340789363595
62506.0492 lsst_hardware_y 35.233522606296454 52.04776557313605 30.010000228881836 AB 12.151977879001159 1.152392401991575
62506.0716 lsst_hardware_i 158.29028528018438 33.628346152428506 31.229999542236328 AB 12.207697565385203 1.1452948274120662
62508.0485 lsst_hardware_y 189.70407631272397 52.70480271207641 30.010000228881836 AB 11.245606788242211 1.1489764279174675
62508.0707 lsst_hardware_r 49.04960994027459 24.875717085511123 31.479999542236328 AB 11.200210826111093 1.1466227299458547
62511.0432 lsst_hardware_y 136.93896042391523 58.2080446147435 30.020000457763672 AB 10.37868851690446 1.1474080760139087
62511.0642 lsst_hardware_g 2.8239931972059824 20.531466572499696 31.520000457763672 AB 10.325416636897858 1.1473535043593426
62513.0398 lsst_hardware_z 144.38670078418843 61.38034763960307 30.969999313354492 AB 5.844396459909887 1.1465221108209684
62513.0577 lsst_hardware_i 71.15728665304246 43.454570401999945 31.280000686645508 AB 4.264989267030045 1.1468878701257263
62515.0414 lsst_hardware_y 17.23237191628384 62.20525480337182 30.030000686645508 AB 7.213144238988778 1.1449435299982187
62515.061 lsst_hardware_r 55.793157014873756 70.19212433105763 31.6200008392334 AB 7.591115851225871 1.1523515523682537
62518.0407 lsst_hardware_y 152.48370191216642 65.41131263300872 30.030000686645508 AB 4.2223639100563215 1.145721032034096
62518.0598 lsst_hardware_z 173.09547676152727 69.30831185310693 30.979999542236328 AB 3.1758061040369103 1.1592648673250348
62741.3976 lsst_hardware_r -15.980317216716998 24.020000457763672 31.489999771118164 AB 4.196386757430044 1.1596499882360107
62741.414 lsst_hardware_y 84.8034009764594 51.40999984741211 30.020000457763672 AB 4.147840064643302 1.1467889495131587
62743.3989 lsst_hardware_z 4.480932808923256 42.93000030517578 30.940000534057617 AB 2.7560496800479446 1.1528372894790622
62743.4158 lsst_hardware_y -35.21670604892474 55.880001068115234 30.030000686645508 AB 2.8415614015321955 1.1450213840962509
62749.3312 lsst_hardware_i -33.40304077969604 32.91999816894531 31.219999313354492 AB 2.2220387744609225 1.2646177516495647
62749.3509 lsst_hardware_z 46.0698656084723 43.86000061035156 30.940000534057617 AB 1.5230819745227715 1.2042553662956297
62750.4092 lsst_hardware_r 19.902906600460287 27.6200008392334 31.520000457763672 AB 0.8602749422817301 1.1475432756092443
62752.3784 lsst_hardware_r 22.946800547934203 23.770000457763672 31.489999771118164 AB 2.5925292945305904 1.1497653756511916
62754.3854 lsst_hardware_z -24.39538839730651 51.459999084472656 30.959999084472656 AB 2.5943155759481225 1.1450561612247119
62754.4035 lsst_hardware_y 80.9176817173035 51.65999984741211 30.020000457763672 AB 2.6208958749470654 1.1506933447740664
62756.3785 lsst_hardware_z -46.49016408576214 63.25 30.979999542236328 AB 3.537462181713582 1.1452421675002153
62756.3976 lsst_hardware_y -2.0306905405301445 55.560001373291016 30.020000457763672 AB 3.544704572402632 1.1503801078762328
62761.3857 lsst_hardware_z 30.36030703192067 86.36000061035156 31.719999313354492 AB 0.8061764629102609 1.1516806613003727
62763.3435 lsst_hardware_z -70.79465057691995 48.72999954223633 30.950000762939453 AB 5.933002692019079 1.1535326037630846
62763.3626 lsst_hardware_r -9.046028552911752 44.099998474121094 31.600000381469727 AB 6.022468010426957 1.1449558955188834
62766.3326 lsst_hardware_u 1.5955486355482589 2.890000104904175 28.450000762939453 AB 2.2713645030474208 1.1561068050805523
62766.3529 lsst_hardware_r 18.72497305070522 24.860000610351562 31.5 AB 1.7719389432696555 1.145033242823687
62770.3395 lsst_hardware_g -29.255543482308067 14.3100004196167 31.389999389648438 AB 4.783498313558541 1.1453823082987682
62770.3532 lsst_hardware_r 2.610794331657091 23.530000686645508 31.469999313354492 AB 4.800595997631301 1.1469131156242653
62775.3254 lsst_hardware_r 52.20609803687981 23.3700008392334 31.479999542236328 AB 5.079033661660921 1.1454744388050055
62775.3446 lsst_hardware_g -8.43459443765089 14.270000457763672 31.399999618530273 AB 4.813925145665583 1.1496169425856348
62777.314 lsst_hardware_r -13.88949814654054 23.549999237060547 31.489999771118164 AB 3.709290213937669 1.1475580738181328
62777.3344 lsst_hardware_i 20.37090856440785 31.760000228881836 31.239999771118164 AB 3.326431372337558 1.1470453008060546
62779.3084 lsst_hardware_u -4.319711024795363 2.7300000190734863 28.43000030517578 AB 7.943009461243343 1.147626434710976
62779.3269 lsst_hardware_g 14.637728063660182 14.270000457763672 31.40999984741211 AB 7.915640825627224 1.1462529553932361
62784.3368 lsst_hardware_z -91.5104254775767 90.0999984741211 31.729999542236328 AB 3.501342211195202 1.1671140703984006
62788.2871 lsst_hardware_r -122.8310612080446 107.18000030517578 31.6299991607666 AB 6.603886771148425 1.146259365788401
62788.306 lsst_hardware_i 90.05249294693395 86.27999877929688 31.31999969482422 AB 5.766998886788341 1.1478137504388655
62790.2902 lsst_hardware_z 20.694354421696183 60.970001220703125 30.969999313354492 AB 8.347694148659691 1.144970565258676
62790.3079 lsst_hardware_i 33.455158361133684 63.75 31.309999465942383 AB 8.106867011045274 1.1527990251284592
62792.2952 lsst_hardware_z 19.17508062411798 69.54000091552734 31.700000762939453 AB 7.080474821250499 1.147874869697537
62795.2829 lsst_hardware_r 37.39803292891055 24.8799991607666 31.5 AB 2.2737591854403076 1.146144258812279
62795.2998 lsst_hardware_i 27.8313590795227 32.709999084472656 31.25 AB 2.688426797669214 1.1582222148355916
62797.228 lsst_hardware_z -27.96750117757748 43.15999984741211 30.940000534057617 AB 4.083160834450878 1.1860746535644313
62797.2446 lsst_hardware_u -0.17805115311562902 2.690000057220459 28.3799991607666 AB 4.045419156171437 1.159782829014677
62798.308 lsst_hardware_g -5.346330849189642 14.430000305175781 31.389999389648438 AB 3.720342168312254 1.1829700315256644
62798.3276 lsst_hardware_r 6.931813236065676 23.950000762939453 31.469999313354492 AB 3.981212930107868 1.2314299196124268
62800.2506 lsst_hardware_r -20.308469208710797 23.899999618530273 31.489999771118164 AB 1.6069997287719648 1.147856949122832
62800.2688 lsst_hardware_i -45.899947635152614 32.060001373291016 31.25 AB 1.6044002061440965 1.1460001472457833
62802.2542 lsst_hardware_z 5.009297280920028 43.06999969482422 30.950000762939453 AB 2.6033108216457737 1.1450674385948616
62802.2713 lsst_hardware_i 16.251227838275774 32.08000183105469 31.25 AB 2.5642463977709546 1.149886277027334
62804.201 lsst_hardware_u 2.4371520215519964 2.9100000858306885 28.520000457763672 AB 6.195432809467029 1.2036198956353508
62804.2175 lsst_hardware_g -4.138536078426612 14.920000076293945 31.440000534057617 AB 6.200049509964939 1.1707042126066727
62808.2392 lsst_hardware_g -2.186336023954653 14.84000015258789 31.43000030517578 AB 5.1803993604956675 1.1449661532755693
62808.2585 lsst_hardware_r -30.170186378562175 24.18000030517578 31.5 AB 6.121926476509658 1.1525795870299649
