data/validation/pwv_sim_epoch_fit_seasonal/41835936.ecsv
# %ECSV 0.9
# ---
# datatype:
# - {name: time, datatype: float64}
# - {name: band, datatype: string}
# - {name: flux, datatype: float64}
# - {name: fluxerr, datatype: float64}
# - {name: zp, datatype: float64}
# - {name: zpsys, datatype: string}
# - {name: pwv, datatype: float64}
# - {name: airmass, datatype: float64}
# meta: {SNID: '41835936', alt: 1024.0, c: 0.09243018925189972, dec: -13.248015, lat: -30.244573, lon: -70.7499537, ra: 84.199219, t0: 60342.89453125,
#   x0: 4.8583362113216395e-06, x1: 0.04026227816939354, z: 0.6209204792976379}
# schema: astropy-2.0
time band flux fluxerr zp zpsys pwv airmass
60232.3383 lsst_hardware_r -24.13288586219636 80.11000061035156 31.649999618530273 AB 6.243239881263162 1.0594631696008985
60232.3528 lsst_hardware_y 149.26899806954194 90.16999816894531 30.06999969482422 AB 6.133932680597838 1.0487446523120203
60236.3616 lsst_hardware_g 9.491997225431945 82.93000030517578 31.729999542236328 AB 3.9937232228020734 1.0466645993191421
60238.3517 lsst_hardware_z -82.13441979074553 87.0999984741211 31.0 AB 2.641051589747319 1.0458919898676367
60238.3698 lsst_hardware_y -74.7598982532546 90.0199966430664 30.06999969482422 AB 2.6559459745113196 1.0535984031119716
60242.3164 lsst_hardware_z 124.16329787531998 87.48999786376953 31.0 AB 3.9780701270466503 1.0545383388831209
60242.3337 lsst_hardware_r -91.3991650139897 79.83000183105469 31.65999984741211 AB 3.8294312367383823 1.0461497709979963
60246.3167 lsst_hardware_r -105.11276542804013 79.69000244140625 31.649999618530273 AB 3.194845690262504 1.04783394236218
60246.3334 lsst_hardware_z -60.443891023823156 87.41999816894531 31.0 AB 3.7515171849286064 1.046448308208937
60248.3211 lsst_hardware_z -1.4217357537209794 87.13999938964844 31.0 AB 3.5593210776736504 1.045782599580917
60248.3373 lsst_hardware_i 42.57922494617953 77.36000061035156 31.329999923706055 AB 4.907303065696311 1.0501397529843055
60250.2674 lsst_hardware_r -23.500341194107783 79.62000274658203 31.639999389648438 AB 3.3935141089439025 1.0911328556932245
60250.2851 lsst_hardware_z 29.317506355151657 87.01000213623047 31.0 AB 3.3179578137029084 1.0639026764759218
60262.2773 lsst_hardware_u -26.705855740058638 25.1200008392334 29.489999771118164 AB 6.013198175521872 1.0465015968540152
60262.2955 lsst_hardware_g 166.34240500037578 85.80000305175781 31.729999542236328 AB 6.191951866358555 1.048343219892245
60264.2765 lsst_hardware_r 10.418816141805348 80.30999755859375 31.65999984741211 AB 6.155887322219763 1.0458191014506981
60264.2933 lsst_hardware_i 4.729844593603605 77.51000213623047 31.34000015258789 AB 5.149449749708267 1.0499572580357475
60267.2677 lsst_hardware_i -49.72583005731718 78.80999755859375 31.329999923706055 AB 5.492346520281261 1.045862424122748
60267.2875 lsst_hardware_z -153.74146816617346 89.16999816894531 31.0 AB 5.4672370999181465 1.0513917499842589
60269.2336 lsst_hardware_i 140.151454119231 75.91000366210938 31.329999923706055 AB 3.5075619604201584 1.0634615206306521
60271.2693 lsst_hardware_z 193.4290166346464 87.04000091552734 31.0 AB 6.379334130334607 1.04768174254119
60271.2892 lsst_hardware_r 38.39557676820692 79.9800033569336 31.649999618530273 AB 6.589996327098434 1.0625598721538914
60273.252 lsst_hardware_i 109.53788440396556 79.0 31.34000015258789 AB 6.921534622029247 1.0458123327165822
60273.2726 lsst_hardware_r -22.101266901134146 81.5999984741211 31.649999618530273 AB 6.938736045466916 1.0523866600809275
60277.2135 lsst_hardware_r -37.60644352565043 81.5 31.649999618530273 AB 5.338271723200173 1.061497658222214
60277.2318 lsst_hardware_i -32.10030927916856 78.94999694824219 31.329999923706055 AB 5.2454088815133515 1.0479290543428932
60279.256 lsst_hardware_z 41.830529955398546 88.81999969482422 31.0 AB 8.143402058176024 1.052232418413974
60279.2762 lsst_hardware_r -5.430097032205417 81.19999694824219 31.639999389648438 AB 8.270160590991143 1.0741049525612179
60281.2273 lsst_hardware_i 19.35986561741341 77.29000091552734 31.329999923706055 AB 6.592516403397498 1.0461261820864511
60281.2458 lsst_hardware_z 0.03839555020929793 87.41999816894531 31.0 AB 6.619636835586729 1.0493706114290795
60291.2207 lsst_hardware_u 14.208425909433384 24.739999771118164 29.489999771118164 AB 11.392627756288775 1.0505927477212376
60291.2387 lsst_hardware_g 34.50868419461986 83.87000274658203 31.719999313354492 AB 11.593560795636295 1.0675224599467439
60292.2211 lsst_hardware_r -16.185988633865453 22.790000915527344 31.489999771118164 AB 8.114584192385031 1.052645914368163
60292.2407 lsst_hardware_i -0.949387989894192 30.889999389648438 31.239999771118164 AB 8.347479355771235 1.0740912746006306
60294.1957 lsst_hardware_i 7.899015026419455 30.639999389648438 31.260000228881836 AB 10.76270069443243 1.0457643942418404
60294.2148 lsst_hardware_z 46.62240498236422 41.540000915527344 30.950000762939453 AB 10.93218498179201 1.0520587238003702
60296.1497 lsst_hardware_i 32.10889283547254 31.3799991607666 31.239999771118164 AB 3.1413877907165797 1.077355058262331
60296.1697 lsst_hardware_z 38.52420833903316 41.349998474121094 30.940000534057617 AB 3.483976713533491 1.053940722053088
60300.1562 lsst_hardware_z -21.738440598359418 48.5099983215332 30.959999084472656 AB 3.717834035374871 1.0560778417445484
60300.1747 lsst_hardware_r -4.4024254156081595 48.689998626708984 31.6200008392334 AB 3.7963093286257203 1.0462475757543739
60302.1605 lsst_hardware_i -71.87176647456388 62.09000015258789 31.31999969482422 AB 6.5237880414908 1.0493044419141058
60302.1797 lsst_hardware_r 90.08578015870073 74.66999816894531 31.649999618530273 AB 6.721724779738053 1.0462642664389905
60305.1543 lsst_hardware_z 90.93368534394956 98.41999816894531 31.739999771118164 AB 5.090569967977958 1.048359155223798
60307.1596 lsst_hardware_r 80.24666926643326 77.19000244140625 31.649999618530273 AB 7.458586245745537 1.0457794584208266
60307.1813 lsst_hardware_i 42.16411345776449 63.90999984741211 31.329999923706055 AB 7.402891022707591 1.0534923897406097
60309.1322 lsst_hardware_i -17.431840177476406 40.7400016784668 31.290000915527344 AB 7.081340334178423 1.0555773025532418
60309.1546 lsst_hardware_z 29.533939290107153 47.68000030517578 30.959999084472656 AB 7.0481821938534095 1.0457631505402143
60313.1331 lsst_hardware_g -0.7214378151683541 13.616808390675816 31.40999984741211 AB 2.6433534182948413 1.0480832981839747
60313.153 lsst_hardware_r -1.191788528415504 22.39774868108807 31.5 AB 2.544907678882636 1.0471075654583109
60315.132 lsst_hardware_i 35.14056378383071 30.656503037242043 31.239999771118164 AB 8.220572173161314 1.0466288893385367
60315.1525 lsst_hardware_r -2.67457146335613 22.583385202541116 31.489999771118164 AB 8.486354494563312 1.0491228204429834
60317.1176 lsst_hardware_u 1.7282473955499442 2.690341038720527 28.43000030517578 AB 6.1411248838873655 1.0503634351004616
60317.1412 lsst_hardware_g -1.3858814407479212 13.690214876281003 31.40999984741211 AB 7.48240225161863 1.0468436536757595
60319.1271 lsst_hardware_r 56.57058288799628 24.3773126660282 31.5 AB 8.656325920521883 1.04576574092684
60319.1474 lsst_hardware_i 176.0227533571531 32.32130686886513 31.260000228881836 AB 8.732628801634958 1.0526523919600108
60321.1218 lsst_hardware_z 414.4357842701422 61.21481459694637 31.700000762939453 AB 5.925191478206921 1.0457604350352636
60321.1423 lsst_hardware_r 429.0718046558954 37.838073647320094 32.25 AB 7.309319838228274 1.0529126819689185
60323.1108 lsst_hardware_u -0.41165319164924713 3.09941879970533 28.399999618530273 AB 7.046937490187358 1.0464712637640865
60323.1279 lsst_hardware_g 69.92446400425357 15.602027685867064 31.40999984741211 AB 7.676656782063052 1.0478885381043865
60325.0869 lsst_hardware_g 76.83832295645126 18.14152902311836 31.450000762939453 AB 3.925712495176682 1.0570039028477873
60325.1065 lsst_hardware_r 514.0730477201379 32.24693681265274 31.489999771118164 AB 3.9251891337904725 1.0462288622084286
60327.0883 lsst_hardware_i 759.4610295934551 43.215777977302636 31.270000457763672 AB 4.112541911733088 1.051599287025018
60327.1089 lsst_hardware_r 699.1192399474105 41.12177092528215 31.559999465942383 AB 4.16680867183071 1.045885710800881
60331.0721 lsst_hardware_r 1245.628230285022 81.20467668474737 31.649999618530273 AB 11.400439904369517 1.0555962874416218
60331.0928 lsst_hardware_i 1056.1331474895221 68.24803024356736 31.31999969482422 AB 11.748017948668979 1.0458564144369402
60333.0755 lsst_hardware_z 908.3521835260369 71.72155658087053 30.979999542236328 AB 13.621985322528023 1.0494797914080012
60333.0956 lsst_hardware_r 1448.8514407617174 99.94319904052406 31.649999618530273 AB 13.577207747087828 1.0463658857023375
60335.071 lsst_hardware_z 991.8799589090873 68.61773369248603 30.979999542236328 AB 12.50714012505502 1.0489927136672834
60335.0917 lsst_hardware_g 546.6632002726762 94.68831413926566 31.729999542236328 AB 14.289077702379032 1.0467421948852855
60337.0664 lsst_hardware_r 1689.6119520578852 61.186511766780505 31.610000610351562 AB 12.279633937971658 1.0485853869382606
60337.0839 lsst_hardware_z 1149.7944548436717 59.67504098557789 30.959999084472656 AB 12.81399098967752 1.0462108907313457
60339.0667 lsst_hardware_r 1562.526213871674 44.68892338129868 31.489999771118164 AB 11.794266798591577 1.046565224596617
60339.0844 lsst_hardware_u 3.043408128969251 2.7601213506262567 28.40999984741211 AB 13.352408462368466 1.0479600614039712
60341.0425 lsst_hardware_z 1206.2863784851304 53.985617030046555 30.950000762939453 AB 8.567425239417934 1.057663294442772
60341.0612 lsst_hardware_g 255.01737736685033 20.9912628535478 31.40999984741211 AB 8.497224148286985 1.0465743236556244
60345.0414 lsst_hardware_y 473.1571057549284 52.45247625218245 30.040000915527344 AB 5.823061418332687 1.0502094658529555
60345.0603 lsst_hardware_i 1439.302441159842 48.31411406120291 31.25 AB 6.31182411306006 1.0459419920834179
60349.0382 lsst_hardware_y 469.0088502228443 52.56721353447373 30.049999237060547 AB 5.813682557415413 1.0468816129799663
60349.0575 lsst_hardware_r 1266.1775919257243 41.86337919068641 31.489999771118164 AB 6.3837770813901535 1.0481245208061767
60351.0341 lsst_hardware_y 489.89520967958384 53.66774801701264 30.040000915527344 AB 0.5447150620403768 1.046522693641454
60351.051 lsst_hardware_g 146.00434984760676 17.45985549243127 31.389999389648438 AB 1.0601079329255434 1.0477100308933192
60353.0235 lsst_hardware_y 542.8965147832158 72.28130153349476 30.06999969482422 AB 3.4984798240423722 1.0482336551437617
60353.0399 lsst_hardware_z 1141.7137194201248 53.140353641001425 30.950000762939453 AB 3.5006880459534284 1.0461525725673504
60355.0295 lsst_hardware_y 778.9314130473985 88.64524287896253 30.809999465942383 AB 2.252532950470756 1.0457441738490045
60357.0206 lsst_hardware_z 1088.1483227896435 72.08491369166045 30.989999771118164 AB 1.4899193765015128 1.0459856384495498
60357.038 lsst_hardware_r 942.2064045050724 49.34971305566894 31.610000610351562 AB 1.4759692565813054 1.0492050873156509
60360.0185 lsst_hardware_y 468.67028971178195 71.05108842906428 30.06999969482422 AB 3.869651485700436 1.0458517528920097
60360.0354 lsst_hardware_z 870.2563974849289 62.17220477364469 30.979999542236328 AB 3.894657244891421 1.0526100661868705
60588.3732 lsst_hardware_g -15.059805847019417 14.079999923706055 31.43000030517578 AB 6.550608778197922 1.0514620831777493
60590.367 lsst_hardware_i -30.530250586838147 30.469999313354492 31.260000228881836 AB 4.540223403143803 1.0519516689395116
60590.3851 lsst_hardware_y -138.61375358860823 61.959999084472656 30.06999969482422 AB 4.190098241719738 1.0457815911114154
60596.3649 lsst_hardware_z 9.727488841449368 41.06999969482422 30.950000762939453 AB 5.648838965202356 1.046081289852288
60603.3453 lsst_hardware_r -103.72806011399662 72.2300033569336 31.649999618530273 AB 2.6425053026861254 1.0461569605830723
60603.3639 lsst_hardware_y -70.02266298405688 53.0099983215332 30.059999465942383 AB 2.651462134478986 1.0493913460998625
60605.3516 lsst_hardware_z 167.48801804763937 70.04000091552734 31.729999542236328 AB 3.446699349064711 1.046727544383675
60607.3457 lsst_hardware_i -14.824640008323895 35.91999816894531 31.280000686645508 AB 3.8417744584017295 1.0466149087544985
60607.3631 lsst_hardware_y 134.30920915592358 51.95000076293945 30.049999237060547 AB 3.8568614986635033 1.0565296531060138
60609.2653 lsst_hardware_z -8.439965683761244 73.12000274658203 32.13999938964844 AB 3.721586260972838 1.136564658633193
60609.2884 lsst_hardware_r 7.87339956510616 22.399999618530273 31.489999771118164 AB 3.5536549823811034 1.0839546475324278
60611.3229 lsst_hardware_u -0.8011207872224628 2.8399999141693115 28.579999923706055 AB 3.1746844344678284 1.0462543450954065
60611.3401 lsst_hardware_g -2.2345628424736406 13.850000381469727 31.440000534057617 AB 3.7492601095744913 1.048450813639399
60615.3156 lsst_hardware_i -34.53916377961717 30.260000228881836 31.25 AB 3.1412853072351465 1.0458168817784308
60615.3355 lsst_hardware_r -4.925196839264241 22.3700008392334 31.5 AB 2.729132486942587 1.051992863811347
60620.2719 lsst_hardware_r -0.10493008134081488 22.5 31.5 AB 5.360687456634866 1.064191527918515
60620.2896 lsst_hardware_i -45.24208241822435 30.399999618530273 31.260000228881836 AB 5.336378150191268 1.0492804699782783
60626.3044 lsst_hardware_r -13.193980867407635 25.639999389648438 31.530000686645508 AB 4.220915904355198 1.0512866511469983
60626.3225 lsst_hardware_z 19.26704983759459 41.22999954223633 30.940000534057617 AB 4.278606743632413 1.069117127344348
60629.277 lsst_hardware_i 112.33163341894382 72.94999694824219 31.329999923706055 AB 6.118926263407885 1.0458362198705953
60629.2956 lsst_hardware_r -67.72130681639665 90.87999725341797 31.649999618530273 AB 5.040986490787932 1.0509033844428841
60631.3011 lsst_hardware_z -4.204118596462854 94.94999694824219 31.729999542236328 AB 4.871233384989548 1.059923855301443
60635.13 lsst_hardware_i 6.0229778354507895 33.689998626708984 31.190000534057617 AB 6.177018469931281 1.4708354162865183
60635.1482 lsst_hardware_z 81.35236418902777 45.08000183105469 30.920000076293945 AB 5.60010540386059 1.3378178222313881
60640.26 lsst_hardware_i -32.99645452999522 30.309999465942383 31.25 AB 4.610715759545273 1.0480487406149277
60640.2797 lsst_hardware_u 0.31664698285864856 2.7300000190734863 28.479999542236328 AB 4.675219849272102 1.0633958488052089
60642.1768 lsst_hardware_g -5.226790307877277 13.869999885559082 31.389999389648438 AB 4.937720185327045 1.1320718804722758
60642.1938 lsst_hardware_r 30.711865934116705 22.790000915527344 31.489999771118164 AB 4.735967428396915 1.0922434106080403
60644.2536 lsst_hardware_i -26.812337214252548 30.290000915527344 31.25 AB 8.184703196182268 1.0502746976867956
60644.2731 lsst_hardware_r 38.17922853499264 22.610000610351562 31.489999771118164 AB 8.209482559244067 1.0687690882660392
60646.2319 lsst_hardware_z 47.72268080926334 41.119998931884766 30.950000762939453 AB 6.596477832525684 1.0457726601325175
60646.2516 lsst_hardware_u -2.5665860797699582 2.690000057220459 28.440000534057617 AB 6.55245154746294 1.052493391913035
60648.2302 lsst_hardware_g 10.799327178359732 13.770000457763672 31.420000076293945 AB 2.7971430214968502 1.0459542008027858
60648.2482 lsst_hardware_r 20.362141483740977 22.530000686645508 31.489999771118164 AB 2.8016070546286516 1.0540282372567058
60650.2269 lsst_hardware_i -33.15675734062946 30.459999084472656 31.25 AB 4.406284548841301 1.046292041041994
60650.2456 lsst_hardware_z -14.823667939967892 41.290000915527344 30.950000762939453 AB 4.488580296566654 1.056426539810977
60652.2319 lsst_hardware_i -14.401555726848686 30.489999771118164 31.25 AB 5.636203506147165 1.0503547346528448
60652.25 lsst_hardware_z 29.577981692769768 41.5099983215332 30.950000762939453 AB 7.363162246236038 1.067124963222614
60654.2201 lsst_hardware_z -42.656959194218594 44.09000015258789 30.959999084472656 AB 9.99089824503439 1.0474103555739158
60654.2387 lsst_hardware_r 5.86444691259368 29.780000686645508 31.559999465942383 AB 10.11571381420599 1.0603288357163092
60656.2174 lsst_hardware_i 20.90764967100909 52.2599983215332 31.31999969482422 AB 11.355611227435531 1.0485086888516753
60656.2365 lsst_hardware_r 33.277920114601905 57.7599983215332 31.639999389648438 AB 11.546847803409312 1.0639559377493855
60658.2279 lsst_hardware_z -22.277033794186707 95.86000061035156 31.739999771118164 AB 8.555849160955267 1.0604546560825157
60660.2228 lsst_hardware_r -16.497783120227076 102.48999786376953 31.65999984741211 AB 8.902893203427922 1.06083646225856
