data/validation/pwv_sim_epoch_fit_seasonal/41948917.ecsv
# %ECSV 0.9
# ---
# datatype:
# - {name: time, datatype: float64}
# - {name: band, datatype: string}
# - {name: flux, datatype: float64}
# - {name: fluxerr, datatype: float64}
# - {name: zp, datatype: float64}
# - {name: zpsys, datatype: string}
# - {name: pwv, datatype: float64}
# - {name: airmass, datatype: float64}
# meta: {SNID: '41948917', alt: 1024.0, c: 0.08870583027601242, dec: -44.796005, lat: -30.244573, lon: -70.7499537, ra: 49.107883, t0: 60615.9296875,
#   x0: 3.3733120490327814e-06, x1: 0.9075120687484741, z: 0.7206846475601196}
# schema: astropy-2.0
time band flux fluxerr zp zpsys pwv airmass
[from data line 132]
60999.2552 lsst_hardware_i 29.09827081692859 30.559999465942383 31.229999542236328 AB 4.940777373719577 1.1376634075530627
61004.1596 lsst_hardware_r -2.356028361515543 21.469999313354492 31.489999771118164 AB 7.939971258029119 1.0329873596967531
61004.1728 lsst_hardware_g -3.1609580727944744 12.75 31.3799991607666 AB 6.173493061452388 1.0368938322289012
61006.1606 lsst_hardware_r -16.433407663751563 23.75 31.510000228881836 AB 3.723587644951544 1.0343299013754288
61006.1734 lsst_hardware_i -8.1922582830808 30.5 31.25 AB 3.7565212633933456 1.0402274180388529
61009.22 lsst_hardware_z 12.698189236550615 46.790000915527344 30.950000762939453 AB 6.147740623843464 1.1183132349945244
61009.2315 lsst_hardware_i -8.940570803901169 39.099998474121094 31.270000457763672 AB 6.27055180438521 1.1472970093102137
61011.1863 lsst_hardware_r -19.63303577554557 62.43000030517578 31.639999389648438 AB 6.740309383677518 1.0667296977755094
61011.1979 lsst_hardware_z -29.343403400430933 52.869998931884766 30.969999313354492 AB 6.871364427327815 1.0847809967891093
61015.2075 lsst_hardware_i 0.7617074211681975 59.22999954223633 31.309999465942383 AB 5.8632145156888384 1.1275412530170843
61015.2186 lsst_hardware_z 132.73343142342674 56.84000015258789 30.959999084472656 AB 6.141024034766285 1.1571009533688152
61017.1218 lsst_hardware_z 1.404238319231765 44.68000030517578 30.959999084472656 AB 3.9401287008321013 1.0327765756533325
61017.135 lsst_hardware_r 24.01489917000689 37.869998931884766 31.600000381469727 AB 3.8327834465551582 1.0358874179878805
61020.1019 lsst_hardware_r -12.26807772002116 21.389999389648438 31.469999313354492 AB 11.032538652465055 1.0338158974666114
61020.1147 lsst_hardware_u -3.9367269938041187 2.5799999237060547 28.40999984741211 AB 11.038716412201776 1.0328623543580109
61022.1002 lsst_hardware_g -31.776807812851835 12.800000190734863 31.389999389648438 AB 12.415208005946827 1.0330940716410923
61022.1123 lsst_hardware_i 14.674169956432007 29.610000610351562 31.25 AB 12.283816515074898 1.0332664950293422
61024.105 lsst_hardware_z 33.455201678379694 40.41999816894531 30.950000762939453 AB 8.026883477785919 1.0329956807738658
61024.1196 lsst_hardware_r -6.4554640476274985 21.440000534057617 31.479999542236328 AB 8.068722638532464 1.0375891409778024
61028.099 lsst_hardware_r 33.99694903647362 21.579999923706055 31.489999771118164 AB 3.1687984304895345 1.0339219415376542
61028.1116 lsst_hardware_i -8.31100610040289 29.75 31.25 AB 3.2051930280083383 1.0391850301550865
61030.1076 lsst_hardware_z -78.78696816500903 40.61000061035156 30.950000762939453 AB 3.224211801336568 1.0400683230117962
61030.1196 lsst_hardware_r -43.69354991202357 21.479999542236328 31.469999313354492 AB 3.2534697040356253 1.0495063561405242
61032.1041 lsst_hardware_u 3.624677226206915 2.640000104904175 28.440000534057617 AB 4.460769009212725 1.041343632996512
61032.1167 lsst_hardware_r -9.586504623082623 21.670000076293945 31.479999542236328 AB 4.472203357369165 1.0520356051209516
61034.0859 lsst_hardware_g -1.6886861290631883 14.319999694824219 31.440000534057617 AB 6.278433070031909 1.034892334451215
61034.0981 lsst_hardware_i -3.6569788012388345 30.15999984741211 31.25 AB 6.320071603671704 1.0409835871808981
61036.0862 lsst_hardware_z -112.26604727363724 42.08000183105469 30.950000762939453 AB 5.24577092908876 1.037277360045234
61036.0982 lsst_hardware_r 22.661848967910597 27.739999771118164 31.549999237060547 AB 5.269311738898434 1.0450836451604042
61038.0894 lsst_hardware_y 19.89078562011698 67.97000122070312 30.799999237060547 AB 7.818918412556019 1.0425224550074692
61040.0904 lsst_hardware_r 140.9578944062012 55.43000030517578 31.6299991607666 AB 7.808410346572784 1.047757174984607
61040.1034 lsst_hardware_i -17.847408211202687 48.290000915527344 31.309999465942383 AB 7.891741604140596 1.0618240242376489
61042.0834 lsst_hardware_z 6.536958132061133 54.91999816894531 30.969999313354492 AB 5.26996936190663 1.046407418596501
61042.096 lsst_hardware_r -54.806982514788274 72.31999969482422 31.639999389648438 AB 5.366490602325642 1.0594197221055455
61043.0833 lsst_hardware_z -8.610489022934395 56.34000015258789 30.979999542236328 AB 7.138445227851644 1.0487560172653891
61043.0972 lsst_hardware_r -52.90739107049808 76.77999877929688 31.649999618530273 AB 4.564725190412774 1.0644106774892799
61045.0851 lsst_hardware_i -19.689044133680998 47.83000183105469 31.299999237060547 AB 11.011690794271171 1.0562435216400272
61045.0988 lsst_hardware_z -65.56374329355694 51.099998474121094 30.959999084472656 AB 11.24248464819699 1.0745333867908426
