data/validation/pwv_sim_epoch_fit_seasonal/42063539.ecsv
# %ECSV 0.9
# ---
# datatype:
# - {name: time, datatype: float64}
# - {name: band, datatype: string}
# - {name: flux, datatype: float64}
# - {name: fluxerr, datatype: float64}
# - {name: zp, datatype: float64}
# - {name: zpsys, datatype: string}
# - {name: pwv, datatype: float64}
# - {name: airmass, datatype: float64}
# meta: {SNID: '42063539', alt: 1024.0, c: -0.09320539236068726, dec: -8.838267, lat: -30.244573, lon: -70.7499537, ra: 115.664062, t0: 60038.24609375,
#   x0: 1.4720402624633188e-05, x1: -2.3307085037231445, z: 0.3908679187297821}
# schema: astropy-2.0
time band flux fluxerr zp zpsys pwv airmass
[from data line 132]
60325.1824 lsst_hardware_r 20.935137092761856 23.0 31.489999771118164 AB 5.574747820790508 1.07896604650709
60327.1633 lsst_hardware_y 89.70389562917289 48.150001525878906 30.020000457763672 AB 4.7289353666033875 1.0915656683255555
60327.1843 lsst_hardware_g 8.98636032691147 14.300000190734863 31.40999984741211 AB 6.69919058807262 1.0752827246043615
60329.1618 lsst_hardware_r 42.81786872841153 42.150001525878906 31.59000015258789 AB 8.040856908443518 1.0871164616296245
60329.1808 lsst_hardware_i 84.70968308476876 39.18000030517578 31.280000686645508 AB 9.490695135950064 1.0746616368932662
60335.1506 lsst_hardware_i -72.5645031158835 89.45999908447266 31.329999923706055 AB 14.310656015232437 1.0822753220950587
60335.1707 lsst_hardware_z 0.2715510777702958 77.9800033569336 30.989999771118164 AB 15.000119839710129 1.0736867608114713
60337.1385 lsst_hardware_r 58.36265119632745 83.01000213623047 31.639999389648438 AB 12.903681426595112 1.0886732740813694
60337.1563 lsst_hardware_z 62.11551025975292 62.33000183105469 30.979999542236328 AB 12.76015159423621 1.0755353670124923
60339.1393 lsst_hardware_g 3.1650045702082514 52.869998931884766 31.690000534057617 AB 13.007774015051998 1.08259034005357
60339.1575 lsst_hardware_r -108.2502657547808 55.47999954223633 31.6200008392334 AB 12.88775182494157 1.0738600009672457
60341.1377 lsst_hardware_i -43.3929540639359 35.779998779296875 31.270000457763672 AB 9.014422294927375 1.0796361811997572
60341.1553 lsst_hardware_z 8.21720032937605 44.47999954223633 30.950000762939453 AB 9.082732189595507 1.0736724616815916
60349.1082 lsst_hardware_u 7.0228487568781155 2.690000057220459 28.40999984741211 AB 6.4715957894183145 1.0860811908847026
60349.1274 lsst_hardware_r 4.213834975523899 23.040000915527344 31.489999771118164 AB 6.016346470281351 1.0743475839788128
60353.0981 lsst_hardware_r 10.561202260874598 22.68000030517578 31.489999771118164 AB 3.7157053903626514 1.085273571482337
60353.1151 lsst_hardware_u 1.080487556329516 2.6700000762939453 28.420000076293945 AB 3.674404618963061 1.0747015557072421
60355.088 lsst_hardware_g -22.430936295286635 15.770000457763672 31.459999084472656 AB 1.6279326875459557 1.0901943328618582
60355.105 lsst_hardware_r -38.56296229466904 23.649999618530273 31.510000228881836 AB 1.6143066223578764 1.0764436245996156
60357.0902 lsst_hardware_i -38.81653877597198 36.58000183105469 31.270000457763672 AB 2.568064761992618 1.082543897984049
60357.1073 lsst_hardware_z -26.636290119989525 43.9900016784668 30.950000762939453 AB 2.510482510602985 1.074003213092204
60361.0878 lsst_hardware_r 49.09730334973634 82.66000366210938 31.639999389648438 AB 4.896914405574784 1.076836592759723
60361.1062 lsst_hardware_i -173.04161725481643 68.44999694824219 31.31999969482422 AB 4.89788734164342 1.0742944269735157
60364.0817 lsst_hardware_z 78.14185819711498 71.61000061035156 30.989999771118164 AB 8.526871294918145 1.0758780259817229
60364.1 lsst_hardware_i 17.101247289768622 82.79000091552734 31.329999923706055 AB 8.276062847653533 1.074813356838121
60366.0582 lsst_hardware_r -41.56801995141483 77.52999877929688 31.639999389648438 AB 7.020538499391278 1.0899200733892482
60366.0768 lsst_hardware_z 125.89488188342784 60.4900016784668 30.979999542236328 AB 6.925394186444391 1.0756501454482617
60370.0575 lsst_hardware_i 8.780615968117855 30.579999923706055 31.239999771118164 AB 3.1301259100746988 1.0803471847933843
60370.076 lsst_hardware_z 71.2186893087553 41.38999938964844 30.940000534057617 AB 3.088216461416009 1.0736643161719814
60380.0402 lsst_hardware_u -1.034256639093573 2.7200000286102295 28.469999313354492 AB 7.89764165260717 1.0750575671406921
60380.057 lsst_hardware_g 3.7036556120631885 13.720000267028809 31.420000076293945 AB 8.373740485585598 1.075026594349415
60385.0497 lsst_hardware_z -34.773630228818725 59.86000061035156 31.690000534057617 AB 8.828526465750608 1.0778983536720215
60387.0067 lsst_hardware_y 0.5890150292915043 50.43000030517578 30.030000686645508 AB 7.313218189179536 1.0839214746078802
60387.0272 lsst_hardware_g 14.588294920692675 39.959999084472656 31.68000030517578 AB 7.392891224845556 1.073767788648592
60388.9982 lsst_hardware_y 46.95467809546399 58.369998931884766 30.040000915527344 AB 4.377885516520269 1.0868633357796098
60389.0093 lsst_hardware_i -14.387147639750363 55.11000061035156 31.309999465942383 AB 3.9558462605747464 1.077936217060197
60391.0036 lsst_hardware_y 21.679262116643983 53.790000915527344 30.040000915527344 AB 6.6779623696451536 1.078076043100439
60391.0261 lsst_hardware_i -45.60791207939 64.44999694824219 31.31999969482422 AB 6.654540671442036 1.0747575781602032
60394.9988 lsst_hardware_y -56.29404455864749 53.689998626708984 30.040000915527344 AB 6.558755994042957 1.0752059006627799
60395.0174 lsst_hardware_i 12.401917828596476 62.119998931884766 31.31999969482422 AB 5.904436782912811 1.0755057210181351
60396.9897 lsst_hardware_z 27.71114244190354 52.91999816894531 30.969999313354492 AB 8.161634437730163 1.0767327754261133
60397.0082 lsst_hardware_u -3.7767428613443053 6.059999942779541 28.950000762939453 AB 6.983328553939269 1.0743582390675799
60398.9865 lsst_hardware_y -40.972118677219655 64.4800033569336 30.049999237060547 AB 9.651917115428063 1.0757221638815522
60399.0046 lsst_hardware_r -7.473842086809298 22.579999923706055 31.479999542236328 AB 6.4206792299245325 1.0748605055536173
60400.9843 lsst_hardware_y 81.44204282616973 65.30999755859375 30.049999237060547 AB 8.327406225557521 1.07461957959659
60401.0021 lsst_hardware_z 51.380319659063446 41.38999938964844 30.940000534057617 AB 8.390182904138992 1.0759403570324433
