data/validation/pwv_sim_epoch_fit_seasonal/42063183.ecsv
# %ECSV 0.9
# ---
# datatype:
# - {name: time, datatype: float64}
# - {name: band, datatype: string}
# - {name: flux, datatype: float64}
# - {name: fluxerr, datatype: float64}
# - {name: zp, datatype: float64}
# - {name: zpsys, datatype: string}
# - {name: pwv, datatype: float64}
# - {name: airmass, datatype: float64}
# meta: {SNID: '42063183', alt: 1024.0, c: -0.018703170120716095, dec: -0.74606, lat: -30.244573, lon: -70.7499537, ra: 16.523438, t0: 60568.91015625,
#   x0: 8.223934287786768e-06, x1: -1.295622706413269, z: 0.4994412958621979}
# schema: astropy-2.0
time band flux fluxerr zp zpsys pwv airmass
60501.4186 lsst_hardware_r -15.593442101837828 26.059999465942383 31.5 AB 10.692002018896035 1.1618689314107087
60501.4382 lsst_hardware_y 68.70122477924275 55.939998626708984 30.020000457763672 AB 10.600971149800252 1.150611919298146
60506.4136 lsst_hardware_g 3.707912979075343 16.059999465942383 31.43000030517578 AB 4.022256099691268 1.154714669767828
60506.4323 lsst_hardware_z -12.637824733857835 44.9900016784668 30.940000534057617 AB 3.313950833757455 1.1510104198288866
60508.4132 lsst_hardware_i 23.010282448977936 32.95000076293945 31.229999542236328 AB 2.1199371079314324 1.1521397325714307
60508.4315 lsst_hardware_y 10.301755668208132 50.459999084472656 30.010000228881836 AB 2.475997746826479 1.1525649932859205
60511.4081 lsst_hardware_r 50.57436779703762 70.62000274658203 31.610000610351562 AB 6.814492171722391 1.1511452631821262
60511.4284 lsst_hardware_y 143.99523591142474 53.040000915527344 30.0 AB 7.241766961885351 1.1554013739994975
60516.3706 lsst_hardware_r -110.44672703272913 88.66999816894531 31.6200008392334 AB 8.423742364681322 1.1703434953014387
60516.3922 lsst_hardware_z -77.19164078473497 68.27999877929688 30.969999313354492 AB 7.8122921409094035 1.151830761652695
60520.3717 lsst_hardware_r 64.11101134415713 43.34000015258789 32.290000915527344 AB 5.526482991958134 1.1573382413091622
60520.3939 lsst_hardware_y 12.59238824778116 69.06999969482422 30.760000228881836 AB 5.369316725483473 1.1509789336513339
60531.3758 lsst_hardware_g 22.583428904913898 15.4399995803833 31.440000534057617 AB 6.0156486191117695 1.1568555036753403
60531.396 lsst_hardware_i -33.740938648162796 32.72999954223633 31.239999771118164 AB 6.147201498589254 1.1821541343440873
60535.3192 lsst_hardware_r -36.798039008775916 24.719999313354492 31.5 AB 3.9173599621129465 1.1697103499889359
60535.3384 lsst_hardware_u 0.10163930902330176 2.869999885559082 28.489999771118164 AB 4.034130388225341 1.1526086823500974
60537.3081 lsst_hardware_g 17.90914092287592 30.15999984741211 31.600000381469727 AB 5.683717173202249 1.1781149029835556
60537.3302 lsst_hardware_r 30.18494234667184 24.549999237060547 31.489999771118164 AB 5.5490817159691215 1.153995123158752
60541.3305 lsst_hardware_r -146.56844692311265 100.71997370510307 31.6299991607666 AB 2.695039457811926 1.1504971004536353
60541.3502 lsst_hardware_z -21.114855118661485 69.78252539006145 30.979999542236328 AB 3.0890090097254674 1.158233599447299
60543.314 lsst_hardware_z 39.782178520301244 84.89946103607483 30.979999542236328 AB 2.135573072519759 1.1538960272969114
60543.3358 lsst_hardware_i -98.05185720325221 97.82535171626895 31.31999969482422 AB 2.2805489948803315 1.1525200226814543
60553.2495 lsst_hardware_g 173.60924470597922 20.476866883555015 31.40999984741211 AB 1.917259134012278 1.2083565970665617
60553.266 lsst_hardware_r 770.7624171545605 37.741652189512514 31.489999771118164 AB 1.9460141948631011 1.1756026146978058
60555.2468 lsst_hardware_r 1199.4195904063963 42.434260507293395 31.489999771118164 AB 0.9138034678899751 1.2018458586891387
60555.2647 lsst_hardware_i 794.3283544405068 42.93698880793659 31.239999771118164 AB 1.415191779552486 1.1695799831012281
60559.2274 lsst_hardware_u 3.1866577242551335 4.426437137884868 28.34000015258789 AB 2.2978860121094917 1.223255795639868
60559.2447 lsst_hardware_g 796.386517821011 31.730313329984188 31.40999984741211 AB 2.24261515113161 1.183854558049416
60571.2212 lsst_hardware_r 3303.007870910984 167.6229492445627 31.6299991607666 AB 6.923648213457027 1.1693376479406423
60571.2415 lsst_hardware_i 1994.0823559436733 132.44015985866244 31.31999969482422 AB 6.829738553197701 1.1520503603932022
60574.1675 lsst_hardware_z 3294.6214996934805 113.0645211249495 31.709999084472656 AB 2.8339751337087833 1.2875852492995836
60578.182 lsst_hardware_i 1812.0614316067774 53.46385572397674 31.229999542236328 AB 4.0752781873206345 1.2065365204738878
60578.2023 lsst_hardware_r 2076.4223799766814 51.9462170733835 31.489999771118164 AB 3.9508273616052345 1.1690567721867835
60580.1888 lsst_hardware_u -4.154097281674498 2.963968457600939 28.360000610351562 AB 5.373052111176029 1.1813232930399356
60580.2076 lsst_hardware_g 364.62595665179913 24.406003852746274 31.43000030517578 AB 5.213019524984915 1.157591308286939
60582.1816 lsst_hardware_r 1620.489414365811 47.07188862925795 31.489999771118164 AB 4.9834083223739345 1.184410771806016
60582.2014 lsst_hardware_i 1639.2660510871508 51.56452678157788 31.239999771118164 AB 4.8953395643231845 1.1582033669534064
60586.1738 lsst_hardware_u 0.011269870266855336 2.9624017559871376 28.350000381469727 AB 2.615768887657488 1.1789823712398533
60586.1929 lsst_hardware_g 181.38773980136358 20.86175138702206 31.43000030517578 AB 2.5827773770941125 1.1562949009522312
60588.1751 lsst_hardware_r 927.8334093985118 39.73601017486833 31.489999771118164 AB 5.620171647076203 1.1689208916547844
60588.1939 lsst_hardware_z 902.3141204808961 52.32937414769661 30.940000534057617 AB 5.603616470943812 1.1525332108068893
60590.1726 lsst_hardware_r 820.5015468423711 37.71999142273884 31.5 AB 4.676442672431376 1.1652265795097794
60590.1902 lsst_hardware_u -2.7952617849020878 3.42669375749766 28.420000076293945 AB 4.731185506318763 1.1518406588724925
60594.1723 lsst_hardware_i 908.8294503197576 47.64442293666002 31.260000228881836 AB 7.092749365613473 1.1554218123827336
60594.192 lsst_hardware_z 659.2290307294603 53.220668732096094 30.950000762939453 AB 7.039695779129859 1.1510293948871582
60596.1437 lsst_hardware_z 762.0687006674566 59.163636999723096 30.959999084472656 AB 9.922410347637555 1.1838230679225556
60596.1593 lsst_hardware_r 599.624290440471 60.34174160754443 31.610000610351562 AB 9.713298839875883 1.1618315266387962
60599.151 lsst_hardware_z 1414.8167054943458 152.8854253367286 31.739999771118164 AB 7.436438064794051 1.1619434476240704
60601.1385 lsst_hardware_r 393.4011866736442 142.08746609607525 31.6299991607666 AB 4.453800759491278 1.1704101505317912
60601.1567 lsst_hardware_z 757.0430093007631 99.16769478503033 30.989999771118164 AB 4.262741576939354 1.1533391712498253
60603.1375 lsst_hardware_r 234.60041236973663 67.83705321543879 31.6200008392334 AB 3.0283917836020398 1.164766070616169
60603.1544 lsst_hardware_y 386.2332505272184 55.560134399538384 30.020000457763672 AB 3.018109812959983 1.1519503102902517
60605.1368 lsst_hardware_g 42.725470550627115 17.036292184211273 31.43000030517578 AB 5.552453202154068 1.1598015357248845
60605.1533 lsst_hardware_r 271.57491442318536 29.938336981318162 31.5 AB 5.601917086593024 1.150783275513246
60607.1366 lsst_hardware_i 420.61967595808954 38.45824055830236 31.25 AB 5.0754147556105185 1.1555606015885518
60607.1531 lsst_hardware_z 430.21545382125294 49.69972252026383 30.950000762939453 AB 5.034604735410416 1.1505257341304678
60611.1096 lsst_hardware_u 20.565342301634924 4.933863766776245 28.540000915527344 AB 3.4542854327121812 1.1726667758441878
60611.1259 lsst_hardware_g 67.87857889389913 16.816716488713666 31.459999084472656 AB 3.300813301532742 1.155409824934161
60613.1048 lsst_hardware_r 205.3036636851282 28.437175919816625 31.510000228881836 AB 5.824602406656399 1.1717164366639305
60613.1214 lsst_hardware_z 371.6364927110879 48.18205220252881 30.950000762939453 AB 5.695394067552658 1.1547838741995016
60615.1191 lsst_hardware_r 206.76137839186637 28.176138013792407 31.5 AB 6.485774245635123 1.1530265325573552
60615.1369 lsst_hardware_u 14.199426710604715 4.775805484123348 28.389999389648438 AB 4.491416550982059 1.1516452694825794
60617.0854 lsst_hardware_u 25.42076278057431 4.628150823245465 28.34000015258789 AB 5.318309044698643 1.1855788321824952
60617.1051 lsst_hardware_g 32.03902741965729 15.758232132287 31.420000076293945 AB 5.2051071503463495 1.158836471320152
60624.0858 lsst_hardware_z 264.8918611199543 51.765893657093606 30.950000762939453 AB 2.2267308538845128 1.159001095060566
60624.1039 lsst_hardware_g 42.50314554055097 43.242184594023186 31.65999984741211 AB 2.3451087593270206 1.150503070806388
60626.0881 lsst_hardware_r -12.841857203801199 88.94180607140967 31.6200008392334 AB 4.120635748652701 1.1535127017013649
60626.106 lsst_hardware_z 267.8119414817713 70.29224472101478 30.969999313354492 AB 3.9536400157645395 1.1513779592581226
60629.0871 lsst_hardware_r 335.8020611545139 127.1921130130106 31.6299991607666 AB 6.660368390792727 1.150902450709357
60629.1044 lsst_hardware_y 51.222886872697366 65.18452824850816 30.020000457763672 AB 6.6889733935173945 1.1542663319270536
60631.0619 lsst_hardware_u 7.077090583288342 11.986893461911913 29.190000534057617 AB 7.648452134981117 1.1637936906544608
60631.0822 lsst_hardware_g 34.119384387563585 77.54509621878462 31.68000030517578 AB 7.575701624991844 1.1507977555813222
60633.0613 lsst_hardware_r 104.24932991025958 26.939151130728323 31.489999771118164 AB 7.689136538132059 1.158933360851898
60633.0809 lsst_hardware_i 226.67487174565954 35.2126874375771 31.239999771118164 AB 7.531644681460222 1.1504695347131793
60635.0623 lsst_hardware_z 285.94863471454124 45.763863414420655 30.93000030517578 AB 5.047282819712637 1.1541922752601503
60635.0739 lsst_hardware_r 106.24270605235677 26.725001293358805 31.489999771118164 AB 4.9885645087413275 1.1504991948205816
60640.0626 lsst_hardware_u 1.9452056270124587 2.8282470281570893 28.3799991607666 AB 4.173998701302325 1.1504957831594058
60640.0843 lsst_hardware_g 51.898358491577916 15.893659469908131 31.420000076293945 AB 4.4347414416156505 1.162423217041738
60642.0283 lsst_hardware_y 128.20009367766335 58.68751961876863 30.020000457763672 AB 7.231360959182391 1.168075535202393
60642.0435 lsst_hardware_r 97.78669912469567 26.83947969396278 31.5 AB 6.2628089488163114 1.1540093880258544
60644.0326 lsst_hardware_y -58.03848954541432 53.43000030517578 30.010000228881836 AB 8.675712638229735 1.1577908325038082
60644.0518 lsst_hardware_r -18.017038474878348 24.549999237060547 31.489999771118164 AB 9.584634147486064 1.1505012480727208
60648.0317 lsst_hardware_y 40.42072487196251 59.15999984741211 30.020000457763672 AB 2.5047650629152036 1.1518809210922987
60648.0509 lsst_hardware_i 11.74222625474623 32.66999816894531 31.239999771118164 AB 1.7640760744374153 1.1533678159120075
60650.0313 lsst_hardware_y 44.96247413083873 62.88999938964844 30.030000686645508 AB 6.2560632721926925 1.1506461784428041
60650.0504 lsst_hardware_r -16.609975617516024 26.18000030517578 31.520000457763672 AB 5.260298084597002 1.1564907298221225
60652.033 lsst_hardware_y 206.01611502600412 59.709999084472656 30.020000457763672 AB 5.668886856110842 1.150887228011946
60652.052 lsst_hardware_g 5.054922598902622 30.75 31.610000610351562 AB 6.224713673885566 1.1629182352507597
60869.4032 lsst_hardware_z -61.079880756494155 61.13999938964844 30.969999313354492 AB 7.180358188177594 1.1716020104717058
60869.4234 lsst_hardware_y -25.844281240700337 54.15999984741211 30.020000457763672 AB 7.429275143461771 1.1528086187387339
60871.4178 lsst_hardware_y 18.227011935860148 79.13999938964844 30.770000457763672 AB 5.2725742188335385 1.152874230170778
60876.409 lsst_hardware_r 22.751382764897883 27.030000686645508 31.520000457763672 AB 5.442407333353631 1.151162251251363
60876.4295 lsst_hardware_z -42.74700651490133 44.79999923706055 30.940000534057617 AB 5.983291741713164 1.1557449761856604
60878.4084 lsst_hardware_z -49.43501750586386 43.709999084472656 30.940000534057617 AB 6.171102865468254 1.1505202266079244
60878.429 lsst_hardware_y -110.05301180624485 49.84000015258789 30.010000228881836 AB 5.798791432815555 1.159758286563111
60880.3725 lsst_hardware_r 20.82297977083631 25.239999771118164 31.5 AB 5.865961620995224 1.1725669551562947
60880.3929 lsst_hardware_u 3.9122672383121406 2.859999895095825 28.450000762939453 AB 6.169314507786455 1.1530351383583695
60882.3711 lsst_hardware_g 45.315596853677064 22.190000534057617 32.18000030517578 AB 8.294533611674801 1.1670935150801747
60882.3925 lsst_hardware_i -41.606419015965116 46.13999938964844 31.989999771118164 AB 7.826213351539349 1.1511958840214782
60887.3677 lsst_hardware_u -3.1087784213419396 2.8299999237060547 28.43000030517578 AB 4.531430067541899 1.1568131900289917
60887.3886 lsst_hardware_g -19.748484152214015 15.65999984741211 31.440000534057617 AB 5.282320566535326 1.1509368460903118
60889.369 lsst_hardware_r 11.895882369901514 24.81999969482422 31.489999771118164 AB 1.6535885989760082 1.1527281972643917
60889.3893 lsst_hardware_i -17.00105744723264 32.47999954223633 31.239999771118164 AB 2.1551520148372103 1.1530015237648918
60893.3311 lsst_hardware_z 40.63398707539683 73.29000091552734 31.700000762939453 AB 3.2028667739676795 1.1820150475954039
60893.3519 lsst_hardware_r 105.96656694420638 72.63999938964844 32.349998474121094 AB 3.013147013688598 1.1563823770072654
60895.3701 lsst_hardware_i -33.71067176038663 66.86000061035156 31.31999969482422 AB 2.8611844820996177 1.151845604709991
60895.3912 lsst_hardware_z -16.707113024884247 61.66999816894531 30.969999313354492 AB 1.637313099257542 1.16950935661253
60898.3295 lsst_hardware_z 139.9869339448331 78.12000274658203 30.979999542236328 AB 6.575372487878221 1.1646072419196283
60898.3483 lsst_hardware_r 221.71935918180287 110.18000030517578 31.639999389648438 AB 6.217229377008929 1.1513387735201719
60900.329 lsst_hardware_y -31.337817600051977 85.31999969482422 30.780000686645508 AB 4.257306242488044 1.15950238106801
60903.313 lsst_hardware_r -61.51766838100267 37.20000076293945 31.579999923706055 AB 5.614651550084965 1.168076465404892
60903.3334 lsst_hardware_i 35.2145605068694 39.130001068115234 31.270000457763672 AB 6.236540799607258 1.1517157524668025
60905.326 lsst_hardware_z 10.934802373130559 43.31999969482422 30.940000534057617 AB 3.8439656541986094 1.1524406098631719
60905.3451 lsst_hardware_r 10.421893012591218 25.1200008392334 31.489999771118164 AB 4.596474292851617 1.1527690084061906
60911.3314 lsst_hardware_r -0.9463549193595936 24.459999084472656 31.5 AB 3.6090233914326197 1.1541488300072336
60911.3516 lsst_hardware_u -0.7547440962144819 2.75 28.389999389648438 AB 3.769702929633435 1.1753997597983998
60913.2859 lsst_hardware_g -1.719080454354891 15.0600004196167 31.399999618530273 AB 2.5951940963999727 1.1678227455956676
60913.3045 lsst_hardware_r 1.862054385796257 24.43000030517578 31.489999771118164 AB 3.1642270603185643 1.1523041006258428
60931.2305 lsst_hardware_g -49.65881118057879 33.279998779296875 31.6200008392334 AB 2.7399388586940505 1.1767811848363854
60931.2501 lsst_hardware_r 51.97093692372217 43.59000015258789 31.59000015258789 AB 4.054244194382938 1.155055326035025
60933.2294 lsst_hardware_i 40.918421817394794 32.380001068115234 31.239999771118164 AB 0.7899771586333575 1.1703365313113692
60933.2471 lsst_hardware_z -26.134274729160648 43.04999923706055 30.940000534057617 AB 0.9272157790190595 1.153612166744448
60937.2163 lsst_hardware_u 1.7547410857703458 2.7899999618530273 28.40999984741211 AB 6.995265465920199 1.173439744898185
60937.2353 lsst_hardware_g 9.272186818330812 15.489999771118164 31.43000030517578 AB 6.800324502324409 1.1540970474047196
60939.2151 lsst_hardware_r 18.751985208448158 24.639999389648438 31.479999542236328 AB 3.825036762710385 1.1675936394109843
60939.2348 lsst_hardware_z -10.726955946884164 43.220001220703125 30.940000534057617 AB 3.778776084241072 1.1518317671941318
60949.178 lsst_hardware_z -53.68558253048922 46.529998779296875 30.950000762939453 AB 5.653934978453341 1.1823986988976227
60949.1956 lsst_hardware_r -22.92000700748715 38.2400016784668 31.579999923706055 AB 5.479116972018845 1.1591721525400847
60951.1802 lsst_hardware_z 101.19397464374133 76.02999877929688 31.709999084472656 AB 3.3173447202714574 1.1704144608741525
60956.1738 lsst_hardware_r 143.72482605734092 147.7100067138672 31.6299991607666 AB 4.770897766391857 1.1617445859720432
60956.193 lsst_hardware_y 23.43798987755534 72.48999786376953 30.030000686645508 AB 4.751571690548011 1.1507338100220066
