data/validation/pwv_sim_epoch_fit_seasonal/42084265.ecsv
# %ECSV 0.9
# ---
# datatype:
# - {name: time, datatype: float64}
# - {name: band, datatype: string}
# - {name: flux, datatype: float64}
# - {name: fluxerr, datatype: float64}
# - {name: zp, datatype: float64}
# - {name: zpsys, datatype: string}
# - {name: pwv, datatype: float64}
# - {name: airmass, datatype: float64}
# meta: {SNID: '42084265', alt: 1024.0, c: -0.01584283635020256, dec: -43.605747, lat: -30.244573, lon: -70.7499537, ra: 177.995956, t0: 60761.5,
#   x0: 3.0213047625269005e-06, x1: 0.1743917018175125, z: 0.7536462545394897}
# schema: astropy-2.0
time band flux fluxerr zp zpsys pwv airmass
60689.3592 lsst_hardware_y 46.256332502492896 84.13999938964844 30.81999969482422 AB 7.067229622757006 1.0316621511493853
60693.3623 lsst_hardware_z 75.7346355823675 55.279998779296875 30.989999771118164 AB 6.868817099875874 1.0284456516670886
60696.3505 lsst_hardware_z -20.04571039450524 46.16999816894531 30.959999084472656 AB 11.550122500197125 1.0287808408477022
60696.3641 lsst_hardware_y -105.9814998532738 50.61000061035156 30.059999465942383 AB 11.557691245360068 1.0293021948607814
60698.3501 lsst_hardware_i -24.749337862411284 32.84000015258789 31.270000457763672 AB 9.730806857480752 1.0284090950624343
60698.3634 lsst_hardware_y 28.79580568859861 49.45000076293945 30.059999465942383 AB 9.785088358021138 1.0306331050921491
60702.343 lsst_hardware_g -0.10510024891682071 13.630000114440918 31.440000534057617 AB 11.29974325736941 1.0285740657546303
60702.3535 lsst_hardware_r 27.830590475158765 22.360000610351562 31.510000228881836 AB 11.317948900997868 1.0309976832658307
60704.341 lsst_hardware_i -2.8427197894326093 30.110000610351562 31.260000228881836 AB 11.891566704192089 1.0290531510081853
60704.3531 lsst_hardware_z 7.310579731443485 40.95000076293945 30.950000762939453 AB 12.006300673910854 1.0332074157333015
60706.3468 lsst_hardware_r 44.722354064794075 22.139999389648438 31.5 AB 11.955025071726357 1.0327943620511593
60706.3591 lsst_hardware_g 14.40380102382301 13.649999618530273 31.43000030517578 AB 12.004263310947195 1.0407568797873445
60708.3381 lsst_hardware_r 4.644524342240337 31.3700008392334 32.2599983215332 AB 10.184052526586814 1.0313747906511193
60708.3495 lsst_hardware_i 11.2876916679053 30.1299991607666 31.260000228881836 AB 10.239223146757734 1.0376188839438278
60712.341 lsst_hardware_u 0.6077677495909265 2.690000057220459 28.469999313354492 AB 4.5274454264930695 1.0393982230326697
60712.3531 lsst_hardware_g 1.014366458925073 13.329999923706055 31.40999984741211 AB 4.644650322366707 1.0507268143726962
60715.2873 lsst_hardware_y 114.51389453317796 47.81999969482422 30.049999237060547 AB 5.448089922029645 1.032063256785836
60715.2988 lsst_hardware_g 6.789735636642181 13.140000343322754 31.399999618530273 AB 5.584133458675628 1.0287644544354435
60717.3326 lsst_hardware_z 42.39113023348116 76.5999984741211 31.729999542236328 AB 3.983187054825888 1.04381212128561
60719.2995 lsst_hardware_r -163.2315818569609 90.9800033569336 31.65999984741211 AB 5.8650843470024805 1.028962166140786
60719.3101 lsst_hardware_z -75.54014340405145 62.84000015258789 30.989999771118164 AB 5.883750575105799 1.0322369430010172
60721.2893 lsst_hardware_r 86.29074233320219 84.4000015258789 31.65999984741211 AB 3.4016162720188334 1.0284554110412194
60721.3008 lsst_hardware_i 53.294440007372486 67.5 31.329999923706055 AB 4.038229380215695 1.0307083390957852
60723.2747 lsst_hardware_i -16.621578084483957 57.599998474121094 31.329999923706055 AB 4.614836266890071 1.0291402193399304
60723.2855 lsst_hardware_z -4.9694051749876715 55.77000045776367 30.979999542236328 AB 4.598979251443455 1.02856678813386
60725.2769 lsst_hardware_r -131.7768486270397 47.79999923706055 31.6299991607666 AB 2.576875226550883 1.0284190075366038
60725.2873 lsst_hardware_z -94.45453526050426 47.93000030517578 30.969999313354492 AB 2.5965536240142497 1.0299016159242083
60728.2809 lsst_hardware_g -30.330121726263307 19.030604144846478 31.549999237060547 AB 9.773686215724387 1.0304451329627975
60728.2918 lsst_hardware_r 12.382957145805896 25.6283783507073 31.540000915527344 AB 11.55271693212793 1.0355840649107277
60730.2738 lsst_hardware_i -8.889485895959838 30.17313382786334 31.25 AB 10.186854130043828 1.0299461576614843
60730.2857 lsst_hardware_z -25.771855221433672 40.99780874202601 30.950000762939453 AB 10.233943019675534 1.0351955310211949
60739.2521 lsst_hardware_r 181.0144882629734 25.187521241395398 31.489999771118164 AB 10.67055437433129 1.030871835989884
60739.2646 lsst_hardware_u 3.8232377203090886 2.980001079992388 28.420000076293945 AB 10.738602412431819 1.0374458904870851
60741.2519 lsst_hardware_g 58.06593056598941 15.36062505529842 31.399999618530273 AB 10.015499669093787 1.033129285399765
60741.2639 lsst_hardware_r 248.64994536052848 26.808890270111988 31.489999771118164 AB 10.070539405792482 1.0410619647614558
60750.2439 lsst_hardware_r 747.5233131509099 107.38109475851167 31.65999984741211 AB 8.666199732263083 1.0451278017683276
60750.2561 lsst_hardware_z 494.5320382587274 75.22776947045706 30.989999771118164 AB 7.944131513356333 1.0588763416263203
60752.2183 lsst_hardware_r 843.0595406841564 80.62452824929399 31.65999984741211 AB 6.085984730064026 1.0315228356040722
60752.2315 lsst_hardware_i 938.0562403629388 69.71590112810881 31.329999923706055 AB 6.13122566583746 1.0391907908199085
60754.2023 lsst_hardware_i 937.7370089489772 55.71018988609488 31.309999465942383 AB 5.346837475478329 1.0287325590146152
60754.2144 lsst_hardware_z 641.5751406005536 54.35767718560013 30.969999313354492 AB 5.075260726544155 1.0321864402164234
60756.2061 lsst_hardware_r 857.3148125612819 43.233515421695444 31.59000015258789 AB 4.858296235296002 1.0310293540286857
60756.2196 lsst_hardware_z 623.3126619737976 50.00954642568354 30.959999084472656 AB 5.984568940958843 1.0384618218712707
60760.2034 lsst_hardware_z 692.2442881624088 48.34478471491209 30.959999084472656 AB 7.612058988484801 1.0349736892045776
60760.2161 lsst_hardware_u -1.802997101125745 2.8717852707897107 28.540000915527344 AB 6.791782033419427 1.044661860889722
60762.1902 lsst_hardware_r 765.6240713032645 35.309204885980826 31.510000228881836 AB 7.359767422389622 1.0312130338222962
60762.2021 lsst_hardware_g 131.0355052735739 17.646293395407863 31.440000534057617 AB 7.4182443281764865 1.0376618167822604
60764.1928 lsst_hardware_r 670.4815882901221 34.706903332467526 31.510000228881836 AB 7.011609473707044 1.0351658282315037
60764.2041 lsst_hardware_i 1140.3644897699646 44.57323475080087 31.260000228881836 AB 7.088414153039848 1.0436672699624365
60767.1549 lsst_hardware_i 1109.223837126029 43.60568621640988 31.25 AB 8.685027160602214 1.0290926193023535
60767.1669 lsst_hardware_z 599.1545538761872 47.89683440403838 30.950000762939453 AB 8.435741662039884 1.0287489831755958
60771.1802 lsst_hardware_r 524.1381857916272 37.57393657984489 31.559999465942383 AB 14.24619090822902 1.0396402910478741
60771.1923 lsst_hardware_i 869.3749256763645 45.14127420663238 31.270000457763672 AB 14.565669495384693 1.0510657739489369
60773.1871 lsst_hardware_z 1147.8154396428338 76.72087825479707 31.719999313354492 AB 8.862075632473372 1.0513584536794904
60775.1393 lsst_hardware_r 496.12921957843656 83.89922552193033 31.65999984741211 AB 4.984103120591144 1.0284453176355213
60775.1503 lsst_hardware_z 659.3078943982307 64.22850131940342 30.989999771118164 AB 5.024074248038778 1.0297871889395394
60778.1315 lsst_hardware_r 202.51162113898351 117.05771903942446 31.670000076293945 AB 8.727592981365715 1.0284392966699916
60778.1441 lsst_hardware_i 676.5244205778191 94.76983767959028 31.34000015258789 AB 8.693753885063035 1.0303708308222856
60780.131 lsst_hardware_z 488.2092048698008 68.13727898150071 30.989999771118164 AB 10.879218119107172 1.0287028195959755
60780.1415 lsst_hardware_i 760.9217391889292 76.95301531561071 31.34000015258789 AB 10.895800207982928 1.0313923049285725
60784.1087 lsst_hardware_g 47.11954116396661 25.912824205465927 31.639999389648438 AB 9.365710172228194 1.0290575659638177
60784.1206 lsst_hardware_r 256.43927380056186 37.519508983493445 31.600000381469727 AB 9.339080667609105 1.0287691560224839
60790.1084 lsst_hardware_i 331.9705215310083 35.14014935660149 31.260000228881836 AB 13.911814022942883 1.0295514540568276
60790.1194 lsst_hardware_z 388.25998802045365 44.22443969246441 30.950000762939453 AB 13.811706212515142 1.0338103452481393
60792.1023 lsst_hardware_r 134.05938408960952 25.092096822250884 31.489999771118164 AB 4.592680432819218 1.0294027642764134
60792.1127 lsst_hardware_g -13.357423285703597 14.311140533393708 31.40999984741211 AB 4.571519704122555 1.0331701687378305
60795.1091 lsst_hardware_z 186.32237717774547 43.72544494302893 30.950000762939453 AB 10.8142792394263 1.03575129196689
60795.12 lsst_hardware_i 246.8619313247573 33.993731167920224 31.25 AB 10.86776470689672 1.0441741647671714
60800.0905 lsst_hardware_g 7.3069615769646425 31.317672680970468 31.65999984741211 AB 9.594292981740447 1.032995816936901
60800.1012 lsst_hardware_r 22.21722415704916 35.27958650314363 31.579999923706055 AB 9.628291260363827 1.0397909890779704
60802.091 lsst_hardware_i 301.72455487672767 49.078014080783305 31.309999465942383 AB 6.90915581401976 1.036399282085016
60802.1031 lsst_hardware_z 155.38408918970404 51.27253710146478 30.969999313354492 AB 6.934542006341037 1.046289013064922
60804.0978 lsst_hardware_r 112.553738378749 81.59193164595558 31.65999984741211 AB 8.878766402942889 1.0464484642424519
60804.1095 lsst_hardware_z 165.75176208331436 62.90287716943827 30.989999771118164 AB 9.024162149933947 1.0600033848786938
60806.0443 lsst_hardware_z 181.23366929060256 73.87212636067724 31.0 AB 7.909792319139515 1.0300885325267153
60806.0559 lsst_hardware_r 4.808478806314571 107.39034752675167 31.670000076293945 AB 7.928880465393258 1.0284447450112857
60810.0861 lsst_hardware_z 96.06198156454963 80.52401743776066 31.729999542236328 AB 6.854334487294459 1.0513992387612192
60812.0786 lsst_hardware_r 84.73123143289114 41.54967823123018 31.610000610351562 AB 9.334620586579776 1.0491677784964877
60812.0911 lsst_hardware_i 191.3394524965954 43.698127260482984 31.290000915527344 AB 9.055020088486039 1.064764098948883
60814.0809 lsst_hardware_z 133.22532272972268 42.37799573615574 30.950000762939453 AB 8.618690090747151 1.0583087519080472
60814.0929 lsst_hardware_u 4.000312980538096 2.709337417312511 28.3799991607666 AB 8.62603469771487 1.0759902743454237
60818.0215 lsst_hardware_z 56.101085371093376 41.6622707449486 30.940000534057617 AB 1.3843129461514048 1.0284642987748729
60818.0351 lsst_hardware_r 63.103688984133 22.507651103422344 31.479999542236328 AB 1.3904207318197366 1.030450147099291
60824.0137 lsst_hardware_r 53.78769811780565 22.452858085200422 31.479999542236328 AB 9.715374011176607 1.0291528056895118
60824.0269 lsst_hardware_u -4.215211114089193 2.7534626320817464 28.420000076293945 AB 9.731305126163491 1.0339985612556064
60826.0144 lsst_hardware_g 15.41214645295385 14.85553701045258 31.440000534057617 AB 9.156955274414488 1.0308404001367024
60826.0264 lsst_hardware_r 56.05008251133334 23.038899507030198 31.5 AB 9.146541325526838 1.037022826023451
60830.0013 lsst_hardware_z 108.94632205879063 65.72654422039089 31.709999084472656 AB 11.590677936974924 1.030129871453852
60830.0149 lsst_hardware_r 54.33148250531849 59.966510489818035 32.36000061035156 AB 11.666052186270036 1.036636870933692
60841.9495 lsst_hardware_y 93.79525966654036 69.5008938094636 30.079999923706055 AB 9.960130412048567 1.029222624557237
60841.9573 lsst_hardware_i 32.04554307440012 35.32839857908318 31.280000686645508 AB 9.95449803202043 1.0284457717111022
61056.3542 lsst_hardware_i -17.093613491621575 30.920000076293945 31.260000228881836 AB 4.640981744134761 1.0317878488516588
61056.3679 lsst_hardware_z 10.042342693554925 52.939998626708984 30.979999542236328 AB 4.594655651982452 1.02850074287027
61060.357 lsst_hardware_r 12.93789194013725 22.489999771118164 31.5 AB 10.080338451734578 1.02850101537951
61060.3695 lsst_hardware_y 7.206507467393304 58.15999984741211 30.059999465942383 AB 10.093143382702682 1.02980750767296
61062.3509 lsst_hardware_z -31.095006825147344 40.869998931884766 30.950000762939453 AB 9.198449313923902 1.02854499494108
61062.3642 lsst_hardware_y -24.870776242132088 49.900001525878906 30.049999237060547 AB 9.217514395934613 1.0298515209043924
61064.354 lsst_hardware_u -5.416834740362133 2.6600000858306885 28.389999389648438 AB 7.404749229725214 1.0288541742222364
61064.3677 lsst_hardware_y -22.317063066391263 49.939998626708984 30.049999237060547 AB 7.331087645697996 1.0333601746488064
61066.3522 lsst_hardware_r 35.49851495817787 21.950000762939453 31.479999542236328 AB 14.41145443562747 1.0295734549474884
61066.3659 lsst_hardware_y 16.399264856524155 48.88999938964844 30.040000915527344 AB 14.472354657327362 1.0354098330516985
61068.3385 lsst_hardware_z -46.78657324823597 40.709999084472656 30.950000762939453 AB 12.147899692482603 1.0284516678880729
61068.3499 lsst_hardware_u -0.9415319366163774 2.619999885559082 28.40999984741211 AB 12.171409709530623 1.0304783967091689
61070.3501 lsst_hardware_g -9.622625351635085 13.210000038146973 31.389999389648438 AB 11.763130205223119 1.0327594561214326
61070.3615 lsst_hardware_r 1.2313427232325114 22.15999984741211 31.479999542236328 AB 11.84297867003592 1.0399600749363802
61073.345 lsst_hardware_i 47.59825322098224 65.16000366210938 31.329999923706055 AB 10.140924142859278 1.034365987643741
61073.3573 lsst_hardware_z -11.20038269858461 59.56999969482422 30.979999542236328 AB 10.289750211615935 1.0433206805187218
61075.3366 lsst_hardware_i 90.92526942414185 63.7599983215332 31.329999923706055 AB 8.64344093472298 1.0328336972902468
61075.3487 lsst_hardware_z -13.038902223594203 59.08000183105469 30.979999542236328 AB 8.661950053720334 1.040641150180656
61077.3419 lsst_hardware_z -21.895727818463953 55.470001220703125 30.969999313354492 AB 4.496188191599904 1.0395810847629836
61077.3544 lsst_hardware_r 39.83338040315405 67.63999938964844 31.639999389648438 AB 4.547416763086767 1.051425841176131
61079.2887 lsst_hardware_y 27.060999697063654 48.93000030517578 30.049999237060547 AB 7.768927638095212 1.0330333938029668
61079.3029 lsst_hardware_r -58.142894576874255 48.06999969482422 31.6299991607666 AB 8.402806751990024 1.0287051726574168
61081.2893 lsst_hardware_i -16.354670840321514 33.599998474121094 31.270000457763672 AB 3.5115488057303526 1.0305352327895385
61081.3012 lsst_hardware_z -22.318160087927588 42.189998626708984 30.950000762939453 AB 3.0238098638145234 1.0284484543329255
61083.2926 lsst_hardware_g 10.51252444502759 15.489999771118164 31.469999313354492 AB 6.2661244221083985 1.0286387560232775
61083.3041 lsst_hardware_r 38.973284396914885 23.299999237060547 31.510000228881836 AB 6.217254399508634 1.0292047564367997
61085.3305 lsst_hardware_z -7.583545604793432 40.75 30.940000534057617 AB 2.6823879558561616 1.0491739071145352
61085.3412 lsst_hardware_r 39.98288684332382 22.1200008392334 31.479999542236328 AB 2.593725643158205 1.0622404599808355
61087.3319 lsst_hardware_u 1.0071716281395129 2.6600000858306885 28.440000534057617 AB 5.414800190670524 1.0571652070813207
61087.3421 lsst_hardware_g 5.8134823834357965 13.3100004196167 31.389999389648438 AB 3.8501077537555433 1.0716325248780303
61089.2914 lsst_hardware_g 16.82112671133637 13.449999809265137 31.43000030517578 AB 4.859084852608717 1.030121868265575
61089.303 lsst_hardware_r 35.53314849643123 22.09000015258789 31.5 AB 5.0921276503315935 1.0353535607851558
61091.275 lsst_hardware_r 43.7841552262661 22.010000228881836 31.5 AB 2.7768071316415313 1.0284470857931596
61091.2875 lsst_hardware_i -17.867411230745812 30.030000686645508 31.260000228881836 AB 2.7826688726506457 1.0306181009817206
61093.2773 lsst_hardware_z 9.830846390340312 40.689998626708984 30.950000762939453 AB 9.74398399514867 1.02931220568834
61093.2889 lsst_hardware_u -0.9984898841712404 2.609999895095825 28.40999984741211 AB 9.867088415770363 1.0335637307022028
61095.2658 lsst_hardware_g 8.334421802130557 13.199999809265137 31.399999618530273 AB 10.177475581419126 1.0285039957642805
61095.2783 lsst_hardware_r -53.51870228281323 21.8799991607666 31.479999542236328 AB 10.204556701177928 1.0312407294129027
61098.273 lsst_hardware_i -3.036289699666427 29.920000076293945 31.25 AB 6.11527474999731 1.0324623923682779
61098.2849 lsst_hardware_z -66.76134143499698 40.869998931884766 30.950000762939453 AB 6.178433124765879 1.0398484922467115
