data/validation/pwv_sim_epoch_fit_seasonal/42111502.ecsv
# %ECSV 0.9
# ---
# datatype:
# - {name: time, datatype: float64}
# - {name: band, datatype: string}
# - {name: flux, datatype: float64}
# - {name: fluxerr, datatype: float64}
# - {name: zp, datatype: float64}
# - {name: zpsys, datatype: string}
# - {name: pwv, datatype: float64}
# - {name: airmass, datatype: float64}
# meta: {SNID: '42111502', alt: 1024.0, c: -0.09571568667888641, dec: -11.110882, lat: -30.244573, lon: -70.7499537, ra: 235.371094, t0: 60849.51171875,
#   x0: 6.536283921014959e-06, x1: -1.7072499990463257, z: 0.548991858959198}
# schema: astropy-2.0
time band flux fluxerr zp zpsys pwv airmass
60738.3856 lsst_hardware_z 25.854826403448364 42.41999816894531 30.950000762939453 AB 7.3474216264602115 1.0619579586573025
60738.4027 lsst_hardware_y 29.99561111135119 71.44000244140625 30.059999465942383 AB 7.2437739777590595 1.0580644846096856
60740.3831 lsst_hardware_u -3.943702987731347 2.8299999237060547 28.43000030517578 AB 7.922836493321484 1.0604905457815061
60740.4006 lsst_hardware_y -57.35393066452355 60.65999984741211 30.049999237060547 AB 7.911153669814991 1.0585961489064317
60742.3836 lsst_hardware_r -2.804518618944634 24.65999984741211 31.520000457763672 AB 9.003207287142297 1.058547048839526
60742.401 lsst_hardware_z 55.0234061431619 52.65999984741211 30.969999313354492 AB 9.052280858780804 1.0605448841638807
60749.2246 lsst_hardware_r 44.9809391521872 115.04000091552734 31.510000228881836 AB 15.039930125920314 1.6307866767058887
60749.2521 lsst_hardware_z -17.81611995252945 76.33000183105469 30.950000762939453 AB 12.059005391311082 1.3860925737139176
60751.3758 lsst_hardware_z -43.19834584232685 69.91000366210938 30.989999771118164 AB 9.557643488105578 1.0602718065420529
60751.3972 lsst_hardware_i -30.517838942689895 79.05000305175781 31.329999923706055 AB 9.71990066191487 1.078152110690858
60753.3512 lsst_hardware_z 32.166485248174055 73.95999908447266 31.0 AB 6.9270619432249445 1.0591567916044442
60753.3704 lsst_hardware_r -132.3124323149422 94.33999633789062 31.65999984741211 AB 6.926213847035584 1.060297062872221
60755.3625 lsst_hardware_y 7.096234660943078 72.11000061035156 30.799999237060547 AB 6.144403565059804 1.059379925010311
60757.3433 lsst_hardware_r -39.35321684828929 31.799999237060547 31.579999923706055 AB 6.362922088445788 1.0584142867627346
60757.3629 lsst_hardware_i -45.04137867656801 35.36000061035156 31.280000686645508 AB 6.4243503109886495 1.0619638500683775
60759.3434 lsst_hardware_r 18.365704885794596 25.1200008392334 31.530000686645508 AB 7.0288278091714025 1.0579476420497307
60759.3627 lsst_hardware_g 2.60844660424682 16.889999389648438 31.510000228881836 AB 7.049250861424287 1.0654048003361811
60761.3434 lsst_hardware_r -22.709228489011277 24.270000457763672 31.520000457763672 AB 8.234056049586112 1.0586227604811955
60761.3625 lsst_hardware_i -26.854533054929085 31.649999618530273 31.260000228881836 AB 8.34540919128954 1.0699242552935309
60763.3201 lsst_hardware_i 2.6740240123815893 31.559999465942383 31.260000228881836 AB 7.930306346182435 1.0605794863831568
60763.3376 lsst_hardware_z -22.125714712236306 41.939998626708984 30.959999084472656 AB 9.37238232070992 1.058547811238979
60766.3201 lsst_hardware_r 9.816921075485212 24.010000228881836 31.510000228881836 AB 5.393243438788624 1.0581903411619007
60766.3374 lsst_hardware_u -0.14436692826589037 2.7699999809265137 28.450000762939453 AB 6.405151688417462 1.0614660792008195
60768.3124 lsst_hardware_g 0.45538494744978186 15.010000228881836 31.440000534057617 AB 6.115659724707753 1.0585915341501464
60768.3314 lsst_hardware_r -4.127602354674125 24.059999465942383 31.510000228881836 AB 6.097611352799758 1.0611923690914902
60770.3144 lsst_hardware_i -3.5309404694087267 31.34000015258789 31.239999771118164 AB 7.230293121860091 1.0579884579836007
60770.3332 lsst_hardware_z 32.10341956304851 41.869998931884766 30.940000534057617 AB 7.341308925196443 1.0658114002898436
60774.308 lsst_hardware_r 34.54210195424156 42.47999954223633 31.610000610351562 AB 8.336107033434539 1.0586428946494355
60774.3281 lsst_hardware_i 17.700821487031952 35.81999969482422 31.270000457763672 AB 8.357716350742885 1.070998635352156
60777.2914 lsst_hardware_z -118.46184680929382 73.30999755859375 30.989999771118164 AB 6.312270401857971 1.0580406305494419
60777.3089 lsst_hardware_i 79.73722745431841 84.72000122070312 31.34000015258789 AB 7.028193721718122 1.0623025576962093
60779.2923 lsst_hardware_z 182.9582630442179 129.9199981689453 31.75 AB 7.717293173481992 1.058250692284164
60781.2356 lsst_hardware_r 6.853612745429015 116.27999877929688 31.649999618530273 AB 17.929652481260018 1.101245449904646
60781.2531 lsst_hardware_i -57.74632898271297 96.1500015258789 31.329999923706055 AB 17.785006451866106 1.0747418013193468
60783.2951 lsst_hardware_z 18.42205556725908 82.33999633789062 31.729999542236328 AB 13.70396898067121 1.063917678743689
60785.2656 lsst_hardware_r -34.383057715833466 39.970001220703125 31.600000381469727 AB 3.7857493166518186 1.0586794015478973
60785.2828 lsst_hardware_g 40.077339282169575 37.060001373291016 31.670000076293945 AB 3.7892317266978903 1.0601968038512133
60791.2581 lsst_hardware_r 37.14763498271539 24.25 31.510000228881836 AB 6.224183178997469 1.0580696993663445
60791.2757 lsst_hardware_i 97.1475225837689 31.65999984741211 31.25 AB 6.422512429055668 1.0656823720778208
60793.251 lsst_hardware_z 9.713266877517789 41.9900016784668 30.950000762939453 AB 2.9065655766326617 1.0579588364350867
60793.2692 lsst_hardware_i 45.33316060262072 31.649999618530273 31.25 AB 2.9838577495738825 1.0649028371070244
60796.2463 lsst_hardware_u -1.4943017318006346 2.75 28.420000076293945 AB 9.715351620790228 1.0583171700207221
60796.2642 lsst_hardware_g 9.820184898387078 15.449999809265137 31.459999084472656 AB 9.794918727849788 1.0674303425013845
60799.2226 lsst_hardware_g -14.705646201739714 15.550000190734863 31.459999084472656 AB 10.111850348238196 1.060238747543499
60799.241 lsst_hardware_r -10.196332994736547 24.479999542236328 31.520000457763672 AB 10.08378454940711 1.0589615167228386
60801.2215 lsst_hardware_i 10.20531406979906 36.880001068115234 31.280000686645508 AB 2.5511323024664105 1.058780785418722
60801.2411 lsst_hardware_z -42.47453830173196 43.33000183105469 30.950000762939453 AB 2.449529582073739 1.0610914368957067
60803.2234 lsst_hardware_r 35.94291959653336 58.810001373291016 31.639999389648438 AB 9.486368358464738 1.0579494642389649
60803.2429 lsst_hardware_z -122.72568557535655 52.06999969482422 30.969999313354492 AB 9.538136995462887 1.0656540970295387
60805.2214 lsst_hardware_r 50.43062900769036 98.18000030517578 31.65999984741211 AB 6.561237264749523 1.0582640749596004
60805.2409 lsst_hardware_i 112.9333347793146 79.11000061035156 31.329999923706055 AB 6.625008239875357 1.0685497161089286
60807.1978 lsst_hardware_z 387.0845784267323 104.1500015258789 31.0 AB 12.36403215553146 1.061639637265301
60807.2179 lsst_hardware_i -164.01229996037463 124.04000091552734 31.34000015258789 AB 11.90920194602536 1.0586427793257798
60809.2049 lsst_hardware_z 47.32310077519213 131.2899932861328 31.75 AB 6.252750832183985 1.0579801467295789
60811.1926 lsst_hardware_r 112.21726372300994 81.26000213623047 31.649999618530273 AB 5.681013597165681 1.0592318701986976
60811.2129 lsst_hardware_i 75.69851679461924 67.04000091552734 31.329999923706055 AB 5.605105437286516 1.0606690202074238
60813.212 lsst_hardware_z -121.38914979143821 68.73999786376953 31.719999313354492 AB 8.481024207531933 1.0631402566687265
60816.1647 lsst_hardware_r -26.53627114787789 24.709999084472656 31.520000457763672 AB 7.58770003719536 1.0675624392818186
60816.1846 lsst_hardware_g -20.910938004486976 15.739999771118164 31.479999542236328 AB 7.9694780499759235 1.0580708812270598
60822.1586 lsst_hardware_r -15.594778597043337 25.195045062769374 31.520000457763672 AB 5.6295025174951006 1.0607692703024498
60822.1808 lsst_hardware_i -17.642580758536788 32.03755630022614 31.260000228881836 AB 5.375982217503799 1.059811513036513
60827.1642 lsst_hardware_u 16.776815552040013 5.6162615402863105 29.260000228881836 AB 7.624553328953067 1.0588676968271087
60827.1858 lsst_hardware_g -81.18572936572575 23.223534029714774 32.209999084472656 AB 8.037832526090595 1.0735360147037423
60831.1219 lsst_hardware_y 44.06061686943207 50.45746620450574 30.049999237060547 AB 9.701369897783765 1.0692178432532007
60831.1419 lsst_hardware_r 311.819309272133 53.05299607337798 31.6299991607666 AB 8.789193943774515 1.0583014983473225
60841.0918 lsst_hardware_i 1343.103990155781 59.53438828579346 31.299999237060547 AB 13.308412979348754 1.071983969016589
60841.1131 lsst_hardware_z 839.723144145481 58.4481122305884 30.959999084472656 AB 13.152724081708762 1.0585906422027616
60843.1333 lsst_hardware_z 1099.8990937760352 54.67111253725393 30.959999084472656 AB 5.625471908114766 1.065363027860886
60843.1566 lsst_hardware_r 2131.5466743458833 57.54910760249774 31.579999923706055 AB 5.764715701205886 1.0938739470978482
60845.1029 lsst_hardware_u 1.4887867768223368 2.867226511516105 28.479999542236328 AB 3.8606640154385636 1.0584411282902162
60845.1245 lsst_hardware_r 2139.681312697403 52.73265317246828 31.520000457763672 AB 3.8993122266294615 1.0630622210003535
60853.0682 lsst_hardware_g 625.76456079233 28.58651963702121 31.469999313354492 AB 8.038701850398326 1.064071017966598
60853.0883 lsst_hardware_r 2151.9347483902293 52.33431032137149 31.520000457763672 AB 8.252610600386346 1.0580270000495315
60859.0404 lsst_hardware_r 1678.6414157514275 56.74307859023741 31.59000015258789 AB 7.062651881845366 1.074439941457206
60859.06 lsst_hardware_i 1507.0356407531629 55.406033891573074 31.280000686645508 AB 6.680023283631687 1.0597604363244784
60862.0421 lsst_hardware_z 1109.003393280168 78.37029845654948 30.989999771118164 AB 6.618108156295094 1.065160448444066
60862.0616 lsst_hardware_r 1265.7227348844574 98.76350178285946 31.649999618530273 AB 6.567544139024274 1.0579446622317494
60864.0327 lsst_hardware_z 910.8652709209417 81.97767674412772 30.989999771118164 AB 0.9054619859216322 1.0683917238013358
60864.053 lsst_hardware_r 1016.3948708573821 113.53186552202179 31.65999984741211 AB 2.0040161564026477 1.0581332281793072
60866.0308 lsst_hardware_i 1138.372312697651 88.1490110145534 31.329999923706055 AB 8.732471484504229 1.0654444482024013
60866.0511 lsst_hardware_z 865.3431096238273 76.42354119697228 30.989999771118164 AB 8.884558605402253 1.0579479361431543
60869.0336 lsst_hardware_r 730.5141357118864 61.13897692132346 31.6299991607666 AB 6.046231231945859 1.0594412531883404
60869.053 lsst_hardware_z 636.0453821184793 59.3992483329055 30.969999313354492 AB 6.58501882202748 1.0600196638898274
60871.0334 lsst_hardware_g 79.81608671875686 17.004572759965036 31.450000762939453 AB 5.765843915032157 1.0581957173722703
60871.0508 lsst_hardware_r 549.7644075124413 33.33432675021119 31.510000228881836 AB 6.683736655524696 1.061514351632494
60876.006 lsst_hardware_r 271.80642696104735 30.29284921319458 31.510000228881836 AB 3.1392389842377924 1.0636680542933563
60876.0235 lsst_hardware_i 574.1459899836422 39.40618384528825 31.25 AB 3.1209403791962043 1.0579458912529505
60877.9986 lsst_hardware_z 625.819500237786 49.30986271468387 30.950000762939453 AB 5.567403560074347 1.0650222018315345
60878.0173 lsst_hardware_r 281.6065082736579 29.541006057977576 31.510000228881836 AB 6.339786089411473 1.0579534567228157
60879.9982 lsst_hardware_u 6.69052562086522 4.151152120889535 28.510000228881836 AB 5.9439170669045405 1.0617929737235692
60880.017 lsst_hardware_r 246.30586209502454 29.107126381006637 31.520000457763672 AB 6.570122247499704 1.0583315475998234
60882.0035 lsst_hardware_i 338.26404843607145 36.977062295953196 31.260000228881836 AB 9.711606612756214 1.0581781803024968
60882.0203 lsst_hardware_z 521.3085517919542 48.14955921688819 30.950000762939453 AB 9.708746058179551 1.0612777851495927
60884.9756 lsst_hardware_y 127.66686272185363 50.60217168593606 30.040000915527344 AB 4.779291730403187 1.06817717615314
60884.9954 lsst_hardware_r 107.39872972881 28.86697711968565 31.520000457763672 AB 4.707253066702219 1.0581663632015779
60892.9674 lsst_hardware_y 220.23479126752036 70.13950000823367 30.059999465942383 AB 0.9741952235641927 1.0596757326659094
60892.9883 lsst_hardware_r 178.90639260186558 82.2358403602384 31.649999618530273 AB 1.0299679415612404 1.0603650736732055
60894.969 lsst_hardware_y 107.05866483799541 64.28769175063647 30.059999465942383 AB 3.5061661480593846 1.0580659820625975
60894.9893 lsst_hardware_z 282.7472851551194 63.09887710158607 30.979999542236328 AB 3.5353456165892583 1.063928461418711
60897.9687 lsst_hardware_y 344.38108330353833 63.67961503091249 30.059999465942383 AB 8.191398527321791 1.0584911681242826
60897.9884 lsst_hardware_u 30.670581830056143 6.273609887882775 28.549999237060547 AB 8.27589270640004 1.0698933720823982
61103.3842 lsst_hardware_r 18.72507435222749 88.81999969482422 31.649999618530273 AB 7.3616376808631045 1.0631803125569534
61103.4029 lsst_hardware_y -70.78438931185464 77.0999984741211 30.059999465942383 AB 7.278159531689612 1.0580001742007916
61105.3879 lsst_hardware_r 34.60774100444006 86.22000122070312 31.649999618530273 AB 7.852923363668861 1.0589877100220713
61109.3754 lsst_hardware_i 61.7508881046777 52.70000076293945 31.309999465942383 AB 9.818223754150697 1.0594824381300045
61109.3945 lsst_hardware_y 51.64942916479298 52.4900016784668 30.040000915527344 AB 9.808884127946845 1.059808844768435
61113.3779 lsst_hardware_g 21.438332270449013 17.540000915527344 31.520000457763672 AB 11.941738244711207 1.0582738271658996
61113.3972 lsst_hardware_y -0.7974523013014618 49.54999923706055 30.040000915527344 AB 12.070094262572029 1.0685124094520562
61116.3532 lsst_hardware_r -10.935912243984113 24.229999542236328 31.5 AB 9.37962072743305 1.060723091914172
61116.3738 lsst_hardware_u -3.305471419925092 2.75 28.420000076293945 AB 9.387825605761691 1.0592551834393362
61118.3555 lsst_hardware_g 5.4357321306479385 15.319999694824219 31.450000762939453 AB 6.893878157543927 1.0582901098954474
61118.3748 lsst_hardware_r 2.4335307044785703 24.219999313354492 31.5 AB 6.948605009911207 1.0620988958951167
61120.3513 lsst_hardware_i 3.901436205146631 31.6200008392334 31.25 AB 6.191706299882914 1.0581098775077609
61120.3716 lsst_hardware_z 0.21476966063997124 42.189998626708984 30.950000762939453 AB 6.204466338394564 1.0634708764567171
61124.3477 lsst_hardware_i -18.832826033553214 31.469999313354492 31.25 AB 7.003294374251951 1.058245806671671
61124.3652 lsst_hardware_z 46.47309391276267 41.97999954223633 30.940000534057617 AB 7.060668545935272 1.066807969469718
61128.3215 lsst_hardware_y 54.361428922939645 47.36000061035156 30.040000915527344 AB 7.923280789348215 1.0602543542550804
61128.3394 lsst_hardware_g 29.81084423693314 15.119999885559082 31.450000762939453 AB 9.335304889157943 1.0587847214651176
61130.3198 lsst_hardware_r -35.13904659148645 76.04000091552734 31.649999618530273 AB 4.297539414058964 1.0589419500761443
61130.3382 lsst_hardware_i 32.97019017488097 61.38999938964844 31.31999969482422 AB 4.4246359368264505 1.0602162787922804
61133.3252 lsst_hardware_z 271.4978575432256 80.4000015258789 30.989999771118164 AB 6.122702101436647 1.058649969989901
61133.344 lsst_hardware_r -124.01343528386235 119.04000091552734 31.65999984741211 AB 6.1902282755939115 1.0698169411266212
61137.3133 lsst_hardware_i -45.378473156466896 66.11000061035156 31.329999923706055 AB 8.887088821423022 1.058438280785222
61137.3318 lsst_hardware_z -8.815035082202858 60.22999954223633 30.979999542236328 AB 8.959592544262964 1.068621825954974
61146.1328 lsst_hardware_i -19.804387130689072 35.790000915527344 31.170000076293945 AB 28.24781233902817 1.691485768804082
61146.1588 lsst_hardware_z -85.84906169186756 46.72999954223633 30.920000076293945 AB 23.961451360848187 1.4348174467573764
61148.2977 lsst_hardware_r -25.926232722176827 34.22999954223633 32.2599983215332 AB 13.732224365610515 1.0652498328129014
61148.3178 lsst_hardware_g 0.7545637611840341 15.229999542236328 31.440000534057617 AB 14.011465611619737 1.088403022633447
61150.2831 lsst_hardware_r -11.862828959112734 24.229999542236328 31.520000457763672 AB 3.790167057756653 1.0600136269858027
61150.3011 lsst_hardware_i -46.95879809055892 31.68000030517578 31.260000228881836 AB 3.7681997328618713 1.0734337517944796
61152.2614 lsst_hardware_i -26.971649086676095 31.6299991607666 31.260000228881836 AB 8.881787881455404 1.058531846669562
