data/validation/pwv_sim_epoch_fit_seasonal/42123696.ecsv
# %ECSV 0.9
# ---
# datatype:
# - {name: time, datatype: float64}
# - {name: band, datatype: string}
# - {name: flux, datatype: float64}
# - {name: fluxerr, datatype: float64}
# - {name: zp, datatype: float64}
# - {name: zpsys, datatype: string}
# - {name: pwv, datatype: float64}
# - {name: airmass, datatype: float64}
# meta: {SNID: '42123696', alt: 1024.0, c: -0.08794023841619492, dec: -4.480799, lat: -30.244573, lon: -70.7499537, ra: 93.339844, t0: 60704.55078125,
#   x0: 8.466432430541277e-06, x1: 0.7863836884498596, z: 0.4928925037384033}
# schema: astropy-2.0
time band flux fluxerr zp zpsys pwv airmass
[from data line 132]
61025.2279 lsst_hardware_i -27.42422176037099 31.40999984741211 31.239999771118164 AB 11.547712497507439 1.1115353738006024
61025.2455 lsst_hardware_u 3.6022737193193817 2.6500000953674316 28.360000610351562 AB 11.670321797163261 1.1238297755215831
61027.1889 lsst_hardware_g 8.392915700671491 14.229999542236328 31.40999984741211 AB 3.771336917659879 1.1246531563597355
61027.2079 lsst_hardware_r -13.063904961442574 23.270000457763672 31.5 AB 3.7033373420144198 1.1113346029851525
61029.1853 lsst_hardware_i 3.5055405117898357 31.190000534057617 31.239999771118164 AB 4.365336742700045 1.1226514843743334
61029.2039 lsst_hardware_r 2.1271991954257974 23.190000534057617 31.489999771118164 AB 4.325671196672909 1.110950568445879
61031.1835 lsst_hardware_u -5.188461105897946 2.6700000762939453 28.3799991607666 AB 4.144820550831656 1.119163102694914
61031.2029 lsst_hardware_g 2.2270145026380836 14.289999961853027 31.40999984741211 AB 4.155439185705496 1.1103377917713992
61033.188 lsst_hardware_r 44.124986637005186 23.670000076293945 31.489999771118164 AB 7.173376144424575 1.1126257155258086
61033.2065 lsst_hardware_i 47.26763775677007 31.709999084472656 31.25 AB 7.248972637536546 1.1116777422131727
61035.1638 lsst_hardware_i 19.67881808207923 31.68000030517578 31.229999542236328 AB 7.864706530356858 1.1285272679519096
61035.186 lsst_hardware_z -59.312085497045814 42.58000183105469 30.940000534057617 AB 7.8350051716468405 1.1113482512974242
61037.1698 lsst_hardware_i -45.49605988352014 48.45000076293945 32.0 AB 6.818225349913628 1.1169788969141778
61037.1901 lsst_hardware_z 95.92196333618564 61.349998474121094 31.700000762939453 AB 6.768201687421141 1.110451466352841
61041.1717 lsst_hardware_i 54.8315512431154 68.23999786376953 31.31999969482422 AB 7.778493383960886 1.1108213793077137
61041.1926 lsst_hardware_r 136.71563824803616 82.79000091552734 31.639999389648438 AB 7.811449060891802 1.1157140903677605
61044.1761 lsst_hardware_z -131.9443095466917 109.87999725341797 31.739999771118164 AB 2.8807701954017517 1.1115512007981008
61047.1344 lsst_hardware_g 41.765367927476454 39.4900016784668 31.65999984741211 AB 8.98420470595767 1.1245249548511769
61047.157 lsst_hardware_r 4.448079184691788 52.08000183105469 31.6200008392334 AB 8.834635889451748 1.1105299450412824
61050.1294 lsst_hardware_i -0.03356439929815163 31.479999542236328 31.239999771118164 AB 9.36203904774896 1.1212022811675402
61050.1478 lsst_hardware_z 48.76497075545924 42.380001068115234 30.940000534057617 AB 9.030818452475755 1.1106879310208984
61055.1151 lsst_hardware_i -9.203914199201455 31.190000534057617 31.239999771118164 AB 6.079236975396781 1.1218374193387675
61055.1335 lsst_hardware_u -4.784423294484242 2.7200000286102295 28.43000030517578 AB 6.12223111522327 1.1108103266303675
61057.1186 lsst_hardware_g 2.6731667342388032 14.0600004196167 31.389999389648438 AB 2.3245975970470245 1.114647613064984
61057.1382 lsst_hardware_r -14.732096282519839 23.139999389648438 31.479999542236328 AB 1.6070867844253658 1.1108894823216813
61059.1169 lsst_hardware_i 3.1733797287700187 31.1299991607666 31.229999542236328 AB 4.333824062323913 1.112663430635151
61059.1366 lsst_hardware_r -31.86795102749417 23.049999237060547 31.469999313354492 AB 4.552782181647134 1.112062086381811
61061.115 lsst_hardware_u 0.9759085955611732 2.609999895095825 28.329999923706055 AB 14.109575777079913 1.1113402470919884
61061.1347 lsst_hardware_g 6.997997999199543 13.989999771118164 31.389999389648438 AB 13.257358323472761 1.1137049681592284
61065.0836 lsst_hardware_i -4.78942591373349 32.459999084472656 31.239999771118164 AB 9.102289478991343 1.1264164191431814
61065.105 lsst_hardware_z 46.30658899291544 42.31999969482422 30.940000534057617 AB 8.995707415096923 1.1110841222483647
61067.0769 lsst_hardware_i 11.765740887538641 40.369998931884766 31.280000686645508 AB 12.858290846100006 1.1279202496578953
61067.0944 lsst_hardware_z 15.047493383204207 46.45000076293945 30.950000762939453 AB 12.745655688522582 1.112963297984857
61069.0774 lsst_hardware_z -93.63616863243759 58.59000015258789 30.969999313354492 AB 14.176755168353036 1.1213125973545075
61069.0953 lsst_hardware_r 110.45568455465028 70.70999908447266 31.6299991607666 AB 12.650900156148802 1.1107999083456672
61071.0724 lsst_hardware_i 6.698000483500232 80.16000366210938 31.31999969482422 AB 10.157857804182454 1.120867068047719
61071.0908 lsst_hardware_r 37.06948563093337 100.25 31.639999389648438 AB 9.87944140210162 1.1106215450392938
61072.0825 lsst_hardware_z 138.89753632324025 104.9800033569336 31.729999542236328 AB 9.010258062157462 1.1121944612603847
61074.0691 lsst_hardware_r -27.706181233629803 78.37999725341797 31.639999389648438 AB 8.674126586206373 1.1167205131903923
61074.0878 lsst_hardware_i -131.90545449510248 66.66999816894531 31.31999969482422 AB 8.07629410159284 1.110334298208332
61076.0668 lsst_hardware_z -40.60045194870957 47.20000076293945 30.950000762939453 AB 6.658305095425639 1.1145938640595456
61076.0868 lsst_hardware_r 53.269123931519964 44.81999969482422 31.600000381469727 AB 6.852433622381188 1.1109952639848442
61078.0661 lsst_hardware_u -2.0144874320210597 2.509999990463257 28.280000686645508 AB 6.995830246488788 1.112199930550261
61078.0837 lsst_hardware_g -9.315878118635823 13.489999771118164 31.3700008392334 AB 6.1362231603434845 1.1116849785485727
61080.0666 lsst_hardware_r 24.080622725608 22.860000610351562 31.479999542236328 AB 6.71093257619328 1.1105605940138368
61080.0844 lsst_hardware_z 15.304426038354748 42.2400016784668 30.940000534057617 AB 6.599927153182963 1.1146015232801574
61082.0591 lsst_hardware_r 30.254700156892458 22.75 31.479999542236328 AB 1.1185427098657645 1.1109512099312346
61082.0763 lsst_hardware_u 0.2767378835021115 2.619999885559082 28.360000610351562 AB 1.1246556106429813 1.113153029339789
61084.0576 lsst_hardware_g 1.418281872046944 13.760000228881836 31.389999389648438 AB 2.7544109162616532 1.1103510815352002
61084.075 lsst_hardware_r 20.649396275565156 22.780000686645508 31.479999542236328 AB 2.788928319169732 1.1155713276678927
61086.0294 lsst_hardware_y 30.58061673251791 51.38999938964844 30.020000457763672 AB 2.459162802818937 1.1229053894150396
61086.0473 lsst_hardware_i -16.44299694173927 31.0 31.239999771118164 AB 1.9114025814182345 1.1111728987994858
61088.027 lsst_hardware_y -44.63924699380568 52.41999816894531 30.030000686645508 AB 1.5943824402902786 1.1199127419505486
61088.044 lsst_hardware_r -7.233616026403261 22.829999923706055 31.479999542236328 AB 1.3558667639115705 1.1106834027536927
61090.0266 lsst_hardware_y -18.155857695923352 51.130001068115234 30.040000915527344 AB 6.965611210684517 1.1158665900599962
61090.0429 lsst_hardware_g -1.0614892135903404 14.0 31.43000030517578 AB 3.238548214017708 1.1102959421808138
61094.0271 lsst_hardware_y 123.29682477438085 77.37999725341797 30.780000686645508 AB 7.872939464812894 1.1107812020476024
61099.0141 lsst_hardware_y 4.427662895320303 65.54000091552734 30.040000915527344 AB 5.553284784851231 1.1106569569702462
61099.031 lsst_hardware_z 29.395642688833178 60.59000015258789 30.969999313354492 AB 5.568638690931371 1.1137277381862742
61101.0125 lsst_hardware_y 64.09860654535537 64.69000244140625 30.040000915527344 AB 2.6647095133456897 1.1102956305607041
61101.0304 lsst_hardware_i 35.94129366952781 68.62000274658203 31.31999969482422 AB 2.7368674290264674 1.1168608157626883
61103.012 lsst_hardware_y -48.51486367786527 60.25 30.030000686645508 AB 4.1749535969566365 1.1107538835464623
61103.0318 lsst_hardware_r -88.21039986535385 78.61000061035156 31.6299991607666 AB 4.166731483708136 1.1230325405857116
