data/validation/pwv_sim_epoch_fit_seasonal/4222206.ecsv
# %ECSV 0.9
# ---
# datatype:
# - {name: time, datatype: float64}
# - {name: band, datatype: string}
# - {name: flux, datatype: float64}
# - {name: fluxerr, datatype: float64}
# - {name: zp, datatype: float64}
# - {name: zpsys, datatype: string}
# - {name: pwv, datatype: float64}
# - {name: airmass, datatype: float64}
# meta: {SNID: '4222206', alt: 1024.0, c: 0.0021667112596333027, dec: -40.817047, lat: -30.244573, lon: -70.7499537, ra: 269.296875, t0: 62583.0,
#   x0: 8.135864145013502e-06, x1: -0.6723586916923523, z: 0.5017067790031433}
# schema: astropy-2.0
time band flux fluxerr zp zpsys pwv airmass
62596.3995 lsst_hardware_u -0.46815113829644633 3.025156429323794 28.450000762939453 AB 8.455241624553711 1.018213105076314
62596.4121 lsst_hardware_y 458.7367074461875 56.399459189731026 30.059999465942383 AB 8.360083220790193 1.0175059450224166
62598.4041 lsst_hardware_r 1448.8283856573266 45.229066608363176 31.520000457763672 AB 8.316978476094377 1.0173051771872519
62598.4167 lsst_hardware_z 1179.2621428113498 68.35488516578631 30.989999771118164 AB 8.49105927842142 1.0200083222321363
62602.396 lsst_hardware_r 1104.8632618825739 40.638197257913454 31.530000686645508 AB 4.512275416498582 1.0175387115793395
62602.4096 lsst_hardware_y 449.8336601418693 51.821446220529495 30.059999465942383 AB 4.5370130517171985 1.0216772058137022
62606.3798 lsst_hardware_r 773.8753358585652 36.35890737124296 31.530000686645508 AB 9.679383762618937 1.017276275629946
62606.3907 lsst_hardware_u -0.13203138421002303 2.9552501103934956 28.579999923706055 AB 9.61937897317818 1.0186423197858996
62614.3311 lsst_hardware_r 383.7369819472798 64.42348713921231 31.649999618530273 AB 5.759588172244226 1.027610961773034
62614.3454 lsst_hardware_z 698.0716049993193 60.508771025088954 30.979999542236328 AB 5.7266072268259025 1.019664758315441
62616.4024 lsst_hardware_r 351.90589326037343 38.08072113461561 31.56999969482422 AB 15.385102974200095 1.05044656305881
62616.4156 lsst_hardware_i 535.6343148609944 44.367356129237535 31.270000457763672 AB 15.62177736767393 1.071483115155824
62622.3332 lsst_hardware_u 5.859344890208608 3.8046125001014732 28.530000686645508 AB 9.98324862333203 1.0174529783257265
62622.3447 lsst_hardware_g 35.693706589585894 16.087633863798555 31.469999313354492 AB 9.060948524626852 1.0180841038906574
62623.3284 lsst_hardware_r 237.14193574439437 28.170189158327165 31.520000457763672 AB 9.077355159460218 1.0177167754832446
62623.3413 lsst_hardware_i 395.0680739284919 36.93108443968886 31.270000457763672 AB 9.066200166802044 1.0179497922978453
62625.3214 lsst_hardware_z 485.8336218021347 47.005924236941496 30.950000762939453 AB 9.165962417371661 1.0179878295614906
62625.3334 lsst_hardware_r 258.17755490207867 27.711465103150584 31.510000228881836 AB 8.452130931299076 1.017562790826074
62631.3176 lsst_hardware_i 355.7595135033587 35.35726178368833 31.260000228881836 AB 6.9199565905343166 1.017640675078576
62631.3303 lsst_hardware_z 525.4433830864858 45.81941513925472 30.959999084472656 AB 6.946982901497716 1.0216151325731935
62633.3072 lsst_hardware_z 400.2963153335646 45.15429762682993 30.950000762939453 AB 9.056587637037227 1.017270266436222
62633.3191 lsst_hardware_r 147.37952051513864 26.685167201628655 31.5 AB 9.079217784232421 1.0192778876488884
62642.2934 lsst_hardware_z 373.4375795324777 61.57930279339344 30.989999771118164 AB 6.858885241138159 1.0189237526759503
62642.3065 lsst_hardware_r 105.05930718388969 76.8364908730899 31.65999984741211 AB 6.872258930203796 1.0251747490421117
62644.2994 lsst_hardware_z 203.09113311109056 48.4572820615594 30.959999084472656 AB 2.3698470236114457 1.0241344095123617
62644.3124 lsst_hardware_r 157.97212719276587 42.75511919633877 31.610000610351562 AB 2.41468396503601 1.0344581621660793
62646.2705 lsst_hardware_g 57.24678296259042 19.978146800862554 31.549999237060547 AB 5.430749966813355 1.0172801286528717
62646.2815 lsst_hardware_i 218.4613169247856 35.541896191138385 31.270000457763672 AB 5.504246013685901 1.0186445847479568
62654.2887 lsst_hardware_z 259.0505045011817 44.22832400644462 30.950000762939453 AB 10.236220980885768 1.0381738346712184
62654.3004 lsst_hardware_r 119.81251248316065 26.02936110779967 31.5 AB 9.985260419361374 1.052908780446177
62655.2368 lsst_hardware_r 161.04982242966992 25.844306563779146 31.510000228881836 AB 9.509478875001404 1.018618082086794
62655.2494 lsst_hardware_u 2.843814899954633 2.7916335887789208 28.440000534057617 AB 9.544191652518748 1.0173598265191957
62657.2731 lsst_hardware_i 196.97844439444657 33.938000890807764 31.260000228881836 AB 6.3673386363598885 1.0309392651463085
62657.2844 lsst_hardware_z 228.39468287845312 44.14887785998906 30.950000762939453 AB 6.458657219138817 1.0426157801020475
62678.1998 lsst_hardware_u 2.433339255278378 2.740000009536743 28.450000762939453 AB 6.247412875711018 1.020624533837951
62678.2124 lsst_hardware_g -3.1683684743448137 14.819999694824219 31.450000762939453 AB 6.1220975707206975 1.0281751504317356
62680.1976 lsst_hardware_r 48.67711665909132 23.530000686645508 31.5 AB 6.0620821002357745 1.0221586275127768
62680.2097 lsst_hardware_i -8.125562184841703 30.989999771118164 31.25 AB 6.273718434275323 1.030421028870054
62682.1854 lsst_hardware_z -26.70461756479194 41.25 30.950000762939453 AB 3.159853987723708 1.0193077379753896
62682.1991 lsst_hardware_r 43.687999638996835 23.739999771118164 31.510000228881836 AB 3.181879053811319 1.0264125980036511
62686.1895 lsst_hardware_u -0.347283263125643 2.75 28.459999084472656 AB 7.886455501785798 1.0273727259263274
62686.2022 lsst_hardware_g 2.192624457045682 14.789999961853027 31.450000762939453 AB 7.998698537139864 1.039129397484873
62688.1351 lsst_hardware_u 2.2292591163372113 2.7100000381469727 28.43000030517578 AB 4.939094565287355 1.0235758286724714
62688.1472 lsst_hardware_g -13.664528377179161 14.699999809265137 31.450000762939453 AB 4.974983225499398 1.0184898100517397
62694.1214 lsst_hardware_r 15.364555274055661 91.51000213623047 31.65999984741211 AB 7.220140491168568 1.022103693540374
62694.1328 lsst_hardware_i 87.7557250424751 75.83999633789062 31.34000015258789 AB 5.501125640400676 1.0180357116280712
62697.1171 lsst_hardware_z 36.84941251581943 84.5 31.0 AB 6.495602756916237 1.0203185166959685
62697.1296 lsst_hardware_r -34.67270359046378 127.23999786376953 31.670000076293945 AB 7.067602718757688 1.0173604028728498
62699.1269 lsst_hardware_i -87.23812281193452 61.52000045776367 31.329999923706055 AB 1.6276393175984134 1.0172745734990083
62699.1389 lsst_hardware_z 3.395647982243039 57.2400016784668 30.979999542236328 AB 1.630850946063286 1.0192818412895537
62707.1057 lsst_hardware_u -1.8117446508808868 2.619999885559082 28.3700008392334 AB 5.419413894003761 1.0172845502446912
62707.1176 lsst_hardware_g -12.55351598219738 14.350000381469727 31.43000030517578 AB 5.440547237120898 1.019465441059506
62709.1082 lsst_hardware_r -3.8309401895774973 23.049999237060547 31.5 AB 3.084833912084441 1.018321053724988
62709.1201 lsst_hardware_i 40.00005832016589 30.530000686645508 31.25 AB 3.108757762002271 1.0230663982017125
62718.0916 lsst_hardware_r -19.712725181684558 25.469999313354492 31.530000686645508 AB 2.4339036595681103 1.0210755109361391
62722.053 lsst_hardware_r 120.52941529082963 74.87000274658203 31.65999984741211 AB 3.9336751202123197 1.0188668560880745
62722.065 lsst_hardware_z -67.49920359663393 61.86000061035156 30.989999771118164 AB 3.8758848503059635 1.0172926116288619
62723.0463 lsst_hardware_y -36.02977926157089 56.900001525878906 30.06999969482422 AB 3.3259917337499316 1.020242863113476
62723.0584 lsst_hardware_r 28.448402917149135 89.93000030517578 31.670000076293945 AB 3.385322847788691 1.0173772645495691
62725.0427 lsst_hardware_i 1.8727756670800508 82.54000091552734 31.34000015258789 AB 3.3644976693958824 1.0195447483017825
62725.0537 lsst_hardware_z 7.612492982454765 71.3499984741211 31.0 AB 3.357185902799515 1.0173290614543986
62731.0354 lsst_hardware_z -27.17067423887472 41.06999969482422 30.959999084472656 AB 2.3926069798686678 1.0174811736630525
62731.0474 lsst_hardware_r 27.926098195645075 23.40999984741211 31.520000457763672 AB 2.942050112431302 1.018157212665483
62735.9802 lsst_hardware_z 50.376155708217716 43.5099983215332 30.950000762939453 AB 1.4638310142350395 1.0455935815964568
62735.9838 lsst_hardware_r 1.4102397144979515 24.190000534057617 31.510000228881836 AB 1.4576936005429306 1.041209714673522
62738.0265 lsst_hardware_g 2.556045282769931 14.569999694824219 31.450000762939453 AB 4.428244210581963 1.017811690072278
62738.038 lsst_hardware_r -32.31367356767126 23.299999237060547 31.510000228881836 AB 4.4133495513085155 1.021549574980271
62740.0325 lsst_hardware_i 45.700822319420716 30.8700008392334 31.260000228881836 AB 1.5336586899524571 1.0215310989914235
62740.0434 lsst_hardware_z 8.519863783425736 41.220001220703125 30.950000762939453 AB 1.690527746377131 1.028405807387487
62742.0142 lsst_hardware_z 37.06652455304613 41.06999969482422 30.950000762939453 AB 5.2167465282481835 1.0176039263138952
62742.0259 lsst_hardware_r 36.904480993718984 23.3799991607666 31.510000228881836 AB 5.201239960442487 1.0210021024569929
62744.0146 lsst_hardware_u 4.088762392464687 2.680000066757202 28.40999984741211 AB 2.773801500939191 1.0188435265157727
62744.0256 lsst_hardware_r -15.51263751203563 23.40999984741211 31.5 AB 2.9149438592975176 1.0236852886031669
62747.0225 lsst_hardware_i -22.89302249867909 32.31999969482422 31.260000228881836 AB 1.845272818357339 1.0270535167109494
62747.0348 lsst_hardware_z 13.352637329938085 41.9900016784668 30.950000762939453 AB 1.7640985381238146 1.0382139508330444
62748.0083 lsst_hardware_r 17.530638618657047 32.79999923706055 31.579999923706055 AB 1.8318397731972353 1.0204761746607318
62748.019 lsst_hardware_z 32.331863501658304 43.5099983215332 30.950000762939453 AB 1.8299897656772899 1.0264982558840499
62751.0109 lsst_hardware_y -5.4621434100758615 52.11000061035156 30.049999237060547 AB 2.6005426096573254 1.0265637460405903
62751.0224 lsst_hardware_r 57.53664210078005 68.06999969482422 31.639999389648438 AB 2.662876387800967 1.0366428760295736
62962.4031 lsst_hardware_g -30.055754504406025 37.130001068115234 31.690000534057617 AB 19.802982697134038 1.0173679670073292
62962.4145 lsst_hardware_y -31.308113935807285 57.849998474121094 30.06999969482422 AB 19.815805974757588 1.0182665237709658
62965.3861 lsst_hardware_i 71.69846143252272 71.44000244140625 31.34000015258789 AB 6.827751297608932 1.0190673578520795
62965.3991 lsst_hardware_z -175.03101172478222 63.77000045776367 30.989999771118164 AB 6.8158579515600275 1.0172922315761235
62968.4109 lsst_hardware_z 42.72443774060277 64.76000213623047 30.989999771118164 AB 6.413703760379828 1.0234497563138514
62970.3851 lsst_hardware_r -49.39242445740754 42.36000061035156 31.6200008392334 AB 6.872747282823579 1.0172805332775934
62970.396 lsst_hardware_i -8.993533204355941 41.63999938964844 31.299999237060547 AB 6.863752311724053 1.0191925624358233
62972.3665 lsst_hardware_z -2.7323384784872506 41.779998779296875 30.959999084472656 AB 17.468218512815444 1.0192236022356032
62972.3781 lsst_hardware_i 45.46999207867981 32.209999084472656 31.270000457763672 AB 16.39878645994192 1.0172681512538604
62973.3663 lsst_hardware_u -2.4598790279066667 3.2300000190734863 28.690000534057617 AB 14.981617809553114 1.0184879201581578
62977.3626 lsst_hardware_z -3.9820062711443187 41.08000183105469 30.959999084472656 AB 10.087918409818476 1.017337475778386
62977.3744 lsst_hardware_u -1.8833242159175079 2.9100000858306885 28.59000015258789 AB 9.936230406844686 1.0184738014395947
62990.324 lsst_hardware_g 45.78008438603938 42.41999816894531 31.709999084472656 AB 9.237228584799919 1.017661494979013
62990.3369 lsst_hardware_r -64.9490815218568 41.27000045776367 31.6200008392334 AB 8.371485678055441 1.0180160938048775
62999.2663 lsst_hardware_z 68.60828528437399 45.2400016784668 30.959999084472656 AB 7.282744949531753 1.037526586028822
62999.2763 lsst_hardware_r -36.04378761694189 38.880001068115234 31.610000610351562 AB 7.219392155817769 1.0283057861292046
63002.3107 lsst_hardware_i -48.19859356464466 30.8799991607666 31.260000228881836 AB 3.8165260647871055 1.0199161049672003
63002.323 lsst_hardware_z 29.007384344989404 41.31999969482422 30.950000762939453 AB 3.816286900030729 1.0266425179987164
63005.2991 lsst_hardware_r 55.64135159571992 23.190000534057617 31.510000228881836 AB 7.407067590970444 1.0187837962961168
63005.3126 lsst_hardware_u 1.2286850743150106 2.7699999809265137 28.489999771118164 AB 7.546980713897305 1.0251264213390088
63010.2876 lsst_hardware_u -1.4318306228658633 2.7200000286102295 28.450000762939453 AB 6.9139883861296205 1.0194615727115335
63010.2993 lsst_hardware_g -25.147853786907024 14.609999656677246 31.450000762939453 AB 7.349596082958117 1.0253581160682843
63013.2462 lsst_hardware_g -30.916494814052985 14.729999542236328 31.459999084472656 AB 5.033680073260323 1.0228977998903317
63013.2583 lsst_hardware_r -16.75409067247422 23.440000534057617 31.520000457763672 AB 3.56370199088232 1.01820056882352
63017.2638 lsst_hardware_z 34.26651831134608 41.11000061035156 30.950000762939453 AB 7.007558284557857 1.0181458181748146
63017.2764 lsst_hardware_r -10.362088426558621 23.360000610351562 31.5 AB 7.174903717062742 1.0230376022427865
63019.2694 lsst_hardware_i 47.828243419044156 49.849998474121094 31.31999969482422 AB 10.10758983390013 1.022207709739091
63019.2816 lsst_hardware_z -78.91616039931098 50.709999084472656 30.969999313354492 AB 10.187391961326272 1.030590992546906
63031.2242 lsst_hardware_g -19.924856156222205 14.789999961853027 31.450000762939453 AB 13.37994038210008 1.0178729845644794
63031.2379 lsst_hardware_r 6.460812651157767 23.6299991607666 31.510000228881836 AB 13.503097641004974 1.0228844512540456
63036.2229 lsst_hardware_i -20.098633529172737 31.1299991607666 31.270000457763672 AB 3.510453293827325 1.0221644066273876
63036.2363 lsst_hardware_z -1.70929017268323 41.45000076293945 30.959999084472656 AB 3.526580359831405 1.0315660178913704
63040.0426 lsst_hardware_r 39.35067403738935 43.279998779296875 32.630001068115234 AB 4.2188730470251485 1.4062910156750497
63040.0516 lsst_hardware_i -125.45865889549128 47.66999816894531 31.959999084472656 AB 4.051030988423478 1.350343662807826
63044.2073 lsst_hardware_z 69.58792819362914 41.33000183105469 30.950000762939453 AB 7.63456254008891 1.0259210580186808
63044.2194 lsst_hardware_g 22.97612949476779 15.039999961853027 31.469999313354492 AB 7.540248878848627 1.0363178777966777
63046.1834 lsst_hardware_r 26.358014479809636 37.97999954223633 31.600000381469727 AB 5.900017168727694 1.0179024660302254
63046.1975 lsst_hardware_z 7.550159174261423 44.56999969482422 30.959999084472656 AB 6.330857126022039 1.0231963892933467
63053.1317 lsst_hardware_z 34.12117849767754 69.36000061035156 30.989999771118164 AB 4.923779049062431 1.0262148914261007
63053.1433 lsst_hardware_r 126.8750557840623 100.5999984741211 31.65999984741211 AB 4.981797872572129 1.0199545224675073
63061.1237 lsst_hardware_i -9.669585487512242 30.790000915527344 31.260000228881836 AB 7.663218308228146 1.0191692216331458
63061.1356 lsst_hardware_z -62.08173837429684 40.959999084472656 30.950000762939453 AB 7.653692600968942 1.0172709886650861
63063.1254 lsst_hardware_i 14.018715676598255 30.65999984741211 31.25 AB 2.899566898933069 1.0175704154880045
63063.1374 lsst_hardware_u -5.992463859222215 2.6700000762939453 28.40999984741211 AB 2.8852185030633826 1.0179830653835698
63066.1131 lsst_hardware_u -1.6158468371955874 2.700000047683716 28.43000030517578 AB 2.902718397988809 1.0183190310432588
63066.126 lsst_hardware_g 7.355694836782427 14.479999542236328 31.440000534057617 AB 2.8369428273968937 1.0174939903390139
63068.1284 lsst_hardware_i -37.781793139771025 30.700000762939453 31.260000228881836 AB 6.026362208516123 1.0191860545724354
63068.1416 lsst_hardware_r -10.876653585756127 23.280000686645508 31.510000228881836 AB 5.991562638021028 1.02580613006495
63070.1063 lsst_hardware_z 7.812527859136587 41.08000183105469 30.959999084472656 AB 6.539919401337275 1.0175695349832385
63070.118 lsst_hardware_u 1.8423726291139872 2.8299999237060547 28.530000686645508 AB 6.5363754536812335 1.0179288228430965
63071.0357 lsst_hardware_r 34.931347998001634 23.959999084472656 31.510000228881836 AB 6.81767530655657 1.0918762502492905
63071.0431 lsst_hardware_g 27.423657904027774 15.170000076293945 31.459999084472656 AB 6.568536239219956 1.0768092195442551
63076.1028 lsst_hardware_z 43.90013091112899 50.72999954223633 30.979999542236328 AB 3.7435582463474444 1.018170462051389
63076.1144 lsst_hardware_r 79.95705638492558 54.84000015258789 31.649999618530273 AB 3.698541954583738 1.022544084761885
63082.0533 lsst_hardware_r 114.66894678316709 84.69999694824219 31.65999984741211 AB 1.4547529691250947 1.0256777690658718
63082.0653 lsst_hardware_z -50.98539996716916 61.369998931884766 30.989999771118164 AB 1.5316672087150605 1.0195255438529358
63084.0517 lsst_hardware_r -4.166260561876003 23.25 31.510000228881836 AB 1.7910575093162657 1.0232665259852975
63084.0628 lsst_hardware_i -28.25100363007253 39.0099983215332 31.290000915527344 AB 1.7851173996198777 1.0186119256034742
63086.0559 lsst_hardware_z -3.1333001153124513 41.0099983215332 30.950000762939453 AB 3.439553928821955 1.0190264454341167
63086.0685 lsst_hardware_i -21.401718369971707 30.690000534057617 31.260000228881836 AB 3.3543506638676517 1.0172919522445365
63095.0406 lsst_hardware_i -74.43156907881352 30.649999618530273 31.260000228881836 AB 3.9468381107891424 1.0173355671672153
63095.052 lsst_hardware_z -17.683603706988077 40.9900016784668 30.950000762939453 AB 3.995961075502188 1.0184252167620902
63096.0331 lsst_hardware_r -11.074057424021655 23.139999389648438 31.510000228881836 AB 2.415769235529594 1.017916037303105
63096.0441 lsst_hardware_g 11.938081448717252 14.460000038146973 31.450000762939453 AB 2.943113585880068 1.0174982146516725
63101.0279 lsst_hardware_r -9.8359197723665 24.459999084472656 31.530000686645508 AB 1.3547125855526392 1.017306071754172
63101.0393 lsst_hardware_i 15.576122014055471 31.299999237060547 31.270000457763672 AB 1.356819548439882 1.019526273091959
63107.0262 lsst_hardware_z 55.69142161539929 64.06999969482422 30.989999771118164 AB 5.186520210267539 1.020817834033861
63107.0378 lsst_hardware_i 111.38529167949018 70.9800033569336 31.34000015258789 AB 5.278779159703259 1.0277496538726227
63109.0182 lsst_hardware_r 145.2836501281417 86.8499984741211 31.65999984741211 AB 2.7908359125235886 1.019793877901433
63109.0295 lsst_hardware_z 51.23346109438738 62.310001373291016 30.979999542236328 AB 2.902755729728395 1.0257087384199275
63112.0194 lsst_hardware_i 16.52919829912969 45.40999984741211 31.299999237060547 AB 1.8133001088903025 1.024463338356103
63112.031 lsst_hardware_z 55.983148200224015 49.619998931884766 30.969999313354492 AB 1.7976296662117346 1.0336155244149887
63114.009 lsst_hardware_r -32.53167578406876 23.670000076293945 31.520000457763672 AB 1.4117432983211426 1.021706747473235
63114.0214 lsst_hardware_g 13.068828235098021 14.899999618530273 31.459999084472656 AB 1.4130415138117616 1.029913639804491
63117.0079 lsst_hardware_r 39.115184450324016 23.979999542236328 31.520000457763672 AB 2.4621032449872673 1.025876352078028
63117.0194 lsst_hardware_i -24.901585239072073 31.25 31.25 AB 2.485523663287004 1.0356348597029184
