data/validation/pwv_sim_epoch_fit_seasonal/42341876.ecsv
# %ECSV 0.9
# ---
# datatype:
# - {name: time, datatype: float64}
# - {name: band, datatype: string}
# - {name: flux, datatype: float64}
# - {name: fluxerr, datatype: float64}
# - {name: zp, datatype: float64}
# - {name: zpsys, datatype: string}
# - {name: pwv, datatype: float64}
# - {name: airmass, datatype: float64}
# meta: {SNID: '42341876', alt: 1024.0, c: 0.0785667672753334, dec: 4.780192, lat: -30.244573, lon: -70.7499537, ra: 99.316406, t0: 61773.734375,
#   x0: 1.180037826883403e-05, x1: 0.7943712472915649, z: 0.4293755888938904}
# schema: astropy-2.0
time band flux fluxerr zp zpsys pwv airmass
61708.2962 lsst_hardware_g -6.14689002165446 14.539999961853027 31.31999969482422 AB 6.035793728509983 1.359183410124412
61708.3133 lsst_hardware_y 91.07073189079958 50.09000015258789 29.959999084472656 AB 5.822817533983922 1.2970579793916404
61725.3053 lsst_hardware_z 76.39208814501396 76.87000274658203 30.969999313354492 AB 5.869291937828256 1.226490145954037
61725.3234 lsst_hardware_i -8.647149246199625 86.91999816894531 31.309999465942383 AB 5.871036090392059 1.2210497386786023
61747.2687 lsst_hardware_r 25.190805158012132 24.356946721181664 31.459999084472656 AB 7.7724209671996185 1.2226394652473673
61747.2883 lsst_hardware_g 28.40641588066384 14.471645999936179 31.360000610351562 AB 8.036826087302131 1.2412246367086524
61751.2607 lsst_hardware_z 159.32339666253824 70.07367121884008 30.969999313354492 AB 15.078819609132104 1.2241288853005443
61751.2798 lsst_hardware_i 260.56833699605716 76.58103963226121 31.299999237060547 AB 15.213934778658233 1.2449519069316504
61753.269 lsst_hardware_z 815.9070497262394 133.02475866193512 31.729999542236328 AB 9.769183028303928 1.237153552625078
61755.2622 lsst_hardware_r 1140.0055153595538 102.95324757738545 31.610000610351562 AB 12.946879232775345 1.2354419212810956
61755.281 lsst_hardware_i 967.5323314744933 86.02746203432194 31.299999237060547 AB 13.300809884284408 1.26868854557087
61757.1905 lsst_hardware_i 1198.3151350331977 60.20984636795538 31.270000457763672 AB 4.1996800766852695 1.2679555406888765
61757.2103 lsst_hardware_z 799.2953553539106 59.837351577820755 30.940000534057617 AB 5.931957868918629 1.233853817288767
61762.2092 lsst_hardware_r 2694.205171971825 58.09689499948547 31.469999313354492 AB 8.227494984594365 1.2233283747817627
61762.23 lsst_hardware_i 2087.056939355269 55.407232712452 31.229999542236328 AB 8.320230555600153 1.2237432792469707
61769.2109 lsst_hardware_z 2317.8424875396568 63.85183161394886 30.940000534057617 AB 10.986484301930581 1.2237458496762084
61769.2304 lsst_hardware_u 8.896161023617998 3.754662322306962 28.360000610351562 AB 11.17984917191099 1.2445332015708401
61773.1786 lsst_hardware_r 4054.6721170835194 68.83603908930037 31.469999313354492 AB 4.648025469747718 1.2236207717125376
61773.199 lsst_hardware_i 3168.659524788507 64.42938450980327 31.229999542236328 AB 4.626759518019005 1.2232284081215286
61775.1743 lsst_hardware_z 2559.349706816913 64.70249226291011 30.93000030517578 AB 13.953614019385316 1.22302674208871
61775.1965 lsst_hardware_i 3089.59072282505 64.10468095688941 31.229999542236328 AB 14.009940697311928 1.224939622488964
61777.1657 lsst_hardware_z 2499.0563793978476 69.27222354317306 30.940000534057617 AB 9.763203925403817 1.224789319068807
61777.1865 lsst_hardware_g 1432.280931985925 49.99234587826252 31.59000015258789 AB 9.765209200389583 1.222497630845287
61779.1659 lsst_hardware_r 4227.739376474218 103.62596621281149 31.610000610351562 AB 7.820635811025397 1.2219743454727183
61779.187 lsst_hardware_i 3482.3901796304594 88.47355177690635 31.290000915527344 AB 9.222188750585753 1.2259201635837147
61785.1215 lsst_hardware_r 3422.717998211846 84.19284844288813 31.59000015258789 AB 6.786223289678765 1.2524751145995043
61785.1405 lsst_hardware_i 2896.8832725980815 77.21736241990838 31.280000686645508 AB 6.75726759558115 1.2272367101081199
61787.1153 lsst_hardware_z 1789.486263123709 61.242954739075635 30.920000076293945 AB 2.4406432168708134 1.253862428394947
61787.1353 lsst_hardware_i 2608.503329115597 62.6579546537652 31.239999771118164 AB 1.9584333201339987 1.2270244787556486
61789.1219 lsst_hardware_u 3.0002934411033553 2.8044509460321176 28.260000228881836 AB 4.810182588157757 1.2350691342411222
61789.1394 lsst_hardware_g 511.88795086280317 27.184498660751743 31.3700008392334 AB 4.969892112659071 1.2217040591590405
61801.1062 lsst_hardware_g 188.86115162514875 20.030406384027643 31.3799991607666 AB 10.849425893453555 1.221839526267586
61801.1249 lsst_hardware_r 1068.6204684840932 41.05441736380965 31.469999313354492 AB 10.884419400929248 1.2245392761421579
61805.0807 lsst_hardware_z 2244.8372850908636 80.66373590112693 31.690000534057617 AB 11.913143661744298 1.232181726779284
61807.0678 lsst_hardware_z 1007.5724532270933 66.46066235621718 30.950000762939453 AB 5.828576487964934 1.2417959991403031
61807.0857 lsst_hardware_r 836.4871873253838 70.74357220650218 31.600000381469727 AB 5.330181615208729 1.2236413258055079
61810.0689 lsst_hardware_i 1374.9829850195147 104.65523448362212 31.299999237060547 AB 7.272001431665099 1.230248931088665
61810.0885 lsst_hardware_z 1148.034668785197 91.21022167271353 30.969999313354492 AB 7.260232982005737 1.2207543406578416
61812.0631 lsst_hardware_g 164.1710551595235 103.71210098696834 31.65999984741211 AB 1.2610456362021139 1.2305885691164964
61812.08 lsst_hardware_r 519.3728013460499 103.59693559114986 31.610000610351562 AB 1.2213422859184362 1.2209353074826086
61814.0646 lsst_hardware_i 959.9864305476872 57.55205402607583 31.280000686645508 AB 3.047053094284219 1.2248228697755816
61814.0814 lsst_hardware_r 550.3942620250506 61.513365783026835 31.59000015258789 AB 3.0200132651024854 1.221194203438126
61816.0617 lsst_hardware_u -1.3257050947190265 2.78772101769122 28.280000686645508 AB 2.1112728781621732 1.2233353229331763
61816.0809 lsst_hardware_g 93.48662461428103 17.186964210751263 31.3799991607666 AB 2.105692665411927 1.2228772194232838
61822.0557 lsst_hardware_u 3.858124403770686 2.681781071802938 28.260000228881836 AB 3.8457716300044598 1.2207507025725721
61822.0731 lsst_hardware_g 75.28615712749641 16.869949590131338 31.3700008392334 AB 4.0073735172355684 1.2287845204248582
61828.018 lsst_hardware_z 515.1667015638612 55.405640582842835 30.950000762939453 AB 9.759496339897353 1.2320651841435826
61828.0365 lsst_hardware_g 46.83492765851591 16.60992220631148 31.3799991607666 AB 9.709569050356045 1.2209071139361913
61832.0153 lsst_hardware_y 245.9096714921507 55.70723885981554 29.989999771118164 AB 6.554732134920887 1.2249164608815934
61832.0326 lsst_hardware_r 285.4577051777034 30.566849995355177 31.479999542236328 AB 6.519941626595918 1.221267787199535
61836.011 lsst_hardware_y 262.93384026601836 59.85161528188918 30.0 AB 7.864767544894892 1.2217114632846287
61836.0295 lsst_hardware_z 464.85969885082716 62.46225314583267 30.959999084472656 AB 7.92217356367334 1.224636506983063
61840.0087 lsst_hardware_z 433.57082521762067 71.87275907461083 30.969999313354492 AB 9.841074419052147 1.220901236778382
61840.0277 lsst_hardware_r 292.69183425805426 93.05403255688273 31.610000610351562 AB 9.961062074189526 1.2325758923701617
62076.2996 lsst_hardware_z 111.46004875187374 62.189998626708984 30.950000762939453 AB 4.0148157511753535 1.3170527341198535
62076.3157 lsst_hardware_y -72.51676180319221 54.59000015258789 29.979999542236328 AB 3.8656761898173815 1.2704895452951053
62080.3434 lsst_hardware_r -43.267732274934886 93.79000091552734 31.6200008392334 AB 4.194478017107574 1.2213665333355388
62080.3615 lsst_hardware_y 102.75110276351532 69.70999908447266 30.010000228881836 AB 4.223823035414933 1.2252731990469368
62082.3474 lsst_hardware_z 202.94374383167354 95.48999786376953 31.719999313354492 AB 7.605254779993185 1.221318934224257
62084.3425 lsst_hardware_g 51.408765295776796 42.41999816894531 31.6200008392334 AB 13.067570630651892 1.2214585415783044
62084.3599 lsst_hardware_y -29.926771126373257 68.30000305175781 30.0 AB 13.138332948754998 1.233887657092955
62089.3046 lsst_hardware_z 8.247177399148383 43.63999938964844 30.93000030517578 AB 6.461583255860413 1.23007486309926
62089.3215 lsst_hardware_i 8.382172237973187 32.04999923706055 31.219999313354492 AB 6.437738985109618 1.2208873478302888
62092.3029 lsst_hardware_r 16.45331004828221 23.889999389648438 31.459999084472656 AB 5.5952868589395575 1.224798290902549
62092.3237 lsst_hardware_u -0.15674240143806384 2.5999999046325684 28.270000457763672 AB 5.576820474827561 1.2224954458721597
62099.3002 lsst_hardware_r 20.83261689878943 23.969999313354492 31.469999313354492 AB 8.33519591174549 1.2211399350615868
62099.319 lsst_hardware_g -2.3685672528175066 14.489999771118164 31.3799991607666 AB 8.32262019018069 1.2339405004159811
62104.3038 lsst_hardware_z 56.24856752778676 51.15999984741211 30.950000762939453 AB 7.158569863453549 1.2321825457777638
62104.327 lsst_hardware_g 4.675450358478031 14.510000228881836 31.360000610351562 AB 7.410650142144607 1.2725058912731853
62119.2601 lsst_hardware_r 5.52263735746306 24.229999542236328 31.469999313354492 AB 10.039290773680273 1.2293759032686964
62119.2803 lsst_hardware_i 0.4920287235820758 32.84000015258789 31.219999313354492 AB 10.29096771937474 1.2596049367579236
62121.19 lsst_hardware_i 1.5420957489869362 32.900001525878906 31.229999542236328 AB 10.979602014670837 1.2774406067098893
62121.2094 lsst_hardware_z 39.73747192226331 44.08000183105469 30.940000534057617 AB 10.508436048721919 1.2393972380155769
62125.1901 lsst_hardware_r -36.31902231056947 24.56999969482422 31.479999542236328 AB 6.080172294769394 1.2531270187074106
62125.2087 lsst_hardware_i 35.319602561073275 32.72999954223633 31.229999542236328 AB 7.244355838348151 1.227856921753924
62132.1891 lsst_hardware_r 16.2450879080854 54.0 31.600000381469727 AB 7.413677820800607 1.2282774244043528
62132.2085 lsst_hardware_i 70.8310016167678 46.86000061035156 31.280000686645508 AB 7.377118458754424 1.2208719004972155
62138.1678 lsst_hardware_r -54.88002820788262 125.08000183105469 31.610000610351562 AB 5.935244378329548 1.2332548230356444
62138.1888 lsst_hardware_i 23.50236863574305 100.30000305175781 31.309999465942383 AB 5.716457534876795 1.2207696899651472
62142.1689 lsst_hardware_u 7.277596256707539 5.510000228881836 28.84000015258789 AB 8.394399597892846 1.223316758655326
62142.1904 lsst_hardware_g 7.1092378634968005 37.400001525878906 31.6200008392334 AB 8.31764496995282 1.2240831449525857
62144.1655 lsst_hardware_r 21.451413913543416 24.489999771118164 31.479999542236328 AB 8.948839204330536 1.2223659429257085
62144.1875 lsst_hardware_i -12.654950525243112 33.59000015258789 31.239999771118164 AB 8.089958480097117 1.2257512848631995
62154.123 lsst_hardware_u 4.148275916606923 2.75 28.3799991607666 AB 4.836058943549534 1.2345545838405918
62154.1426 lsst_hardware_g 17.869114501178753 14.890000343322754 31.40999984741211 AB 5.452037418212024 1.2210610119175866
62162.1108 lsst_hardware_i -46.29271487609431 63.439998626708984 31.299999237060547 AB 16.77777839533374 1.2254156517060761
62162.1281 lsst_hardware_z 46.6233771904468 61.349998474121094 30.959999084472656 AB 16.138821443874477 1.2210885008700685
62163.1078 lsst_hardware_i -122.61872490700966 81.37999725341797 31.309999465942383 AB 13.84033999984703 1.2256042269183862
62163.124 lsst_hardware_z 14.316575019326383 73.69000244140625 30.969999313354492 AB 13.86831290660569 1.2208738400087173
62165.1074 lsst_hardware_z 67.23348658426207 91.9800033569336 30.979999542236328 AB 14.142760796394723 1.2226818359466183
62165.1264 lsst_hardware_r -282.5664016607299 134.27000427246094 31.6200008392334 AB 12.201443410897044 1.2234067591140085
62173.0702 lsst_hardware_i -16.518243908991604 32.380001068115234 31.229999542236328 AB 5.892127245848745 1.235678555578206
62173.0886 lsst_hardware_z 99.66403801458817 43.7400016784668 30.940000534057617 AB 5.2628715987434855 1.2215562705013747
62179.0616 lsst_hardware_i -24.971113126573037 32.34000015258789 31.219999313354492 AB 2.409257455351548 1.2275428610827148
62179.0776 lsst_hardware_r 2.1304120351523097 23.920000076293945 31.469999313354492 AB 2.504931484473126 1.220726844285149
62191.02 lsst_hardware_y -98.20064137454962 60.66999816894531 30.0 AB 9.510209943872114 1.2370200239167681
62191.0381 lsst_hardware_r 26.771169221951048 74.4800033569336 31.610000610351562 AB 9.137134910329088 1.2219913618414642
62193.0269 lsst_hardware_z -150.72507096394452 103.12999725341797 31.719999313354492 AB 8.620465378551394 1.2249039044974273
62195.0167 lsst_hardware_y 48.84599708392906 63.65999984741211 30.0 AB 6.142974247100218 1.2285948494200436
62195.0349 lsst_hardware_i 43.98743104013902 78.27999877929688 31.299999237060547 AB 6.103662254058141 1.2207324508116282
62198.0146 lsst_hardware_y 12.598989119396485 53.61000061035156 30.0 AB 6.517529776985235 1.2240641894985886
62198.0327 lsst_hardware_g 57.37254746447247 38.400001525878906 31.6200008392334 AB 6.495147352499792 1.221849321680475
62201.0118 lsst_hardware_y -37.239167433891126 53.779998779296875 29.989999771118164 AB 6.269730134613181 1.2216536488058678
62201.0312 lsst_hardware_z 57.986012037607146 44.0099983215332 30.93000030517578 AB 6.298906205995554 1.2252694840646239
62207.0073 lsst_hardware_y -78.58674741814949 52.970001220703125 29.989999771118164 AB 9.044821803721197 1.221585387109222
62207.027 lsst_hardware_z 34.44037009236301 44.279998779296875 30.93000030517578 AB 9.180239248971874 1.237506975821866
