data/validation/pwv_sim_epoch_fit_seasonal/42478660.ecsv
# %ECSV 0.9
# ---
# datatype:
# - {name: time, datatype: float64}
# - {name: band, datatype: string}
# - {name: flux, datatype: float64}
# - {name: fluxerr, datatype: float64}
# - {name: zp, datatype: float64}
# - {name: zpsys, datatype: string}
# - {name: pwv, datatype: float64}
# - {name: airmass, datatype: float64}
# meta: {SNID: '42478660', alt: 1024.0, c: 0.0548536479473114, dec: -8.234748, lat: -30.244573, lon: -70.7499537, ra: 323.085938, t0: 60929.87109375,
#   x0: 2.68937755033947e-05, x1: 0.6775673031806946, z: 0.30212274193763733}
# schema: astropy-2.0
time band flux fluxerr zp zpsys pwv airmass
[from data line 134]
61279.1185 lsst_hardware_r -234.6217195012076 165.3300018310547 31.649999618530273 AB 1.6095627134998332 1.1204752617471865
61279.1363 lsst_hardware_i 58.22666117640621 133.9199981689453 31.34000015258789 AB 2.1780186226932745 1.0941151821968895
61285.1274 lsst_hardware_z 39.35469258089552 42.72999954223633 30.950000762939453 AB 3.3466736210724006 1.0871117820602243
61285.1455 lsst_hardware_r -18.0559623338374 33.849998474121094 31.579999923706055 AB 3.3328051312592724 1.07956760716707
61287.1264 lsst_hardware_u -2.0988064939761837 2.7799999713897705 28.440000534057617 AB 1.517644703609093 1.0840319311493523
61287.1451 lsst_hardware_r -13.365067589582791 24.459999084472656 31.510000228881836 AB 1.5117051734166163 1.0797894095832974
61298.086 lsst_hardware_g 11.494488458310851 15.569999694824219 31.469999313354492 AB 1.1197559249223688 1.0924448048025317
61298.1042 lsst_hardware_i 22.324613871866323 31.90999984741211 31.260000228881836 AB 1.1335102425033308 1.0805626715951677
61300.088 lsst_hardware_z -40.78780737526443 42.68000030517578 30.950000762939453 AB 1.3384282230676385 1.0859458199331753
61300.1062 lsst_hardware_r 54.453513443298185 26.760000228881836 31.540000915527344 AB 1.1829842629555443 1.0795293654336977
61304.0697 lsst_hardware_z -66.42648169396962 55.400001525878906 30.969999313354492 AB 4.263300317229974 1.0923603323815965
61304.0912 lsst_hardware_r 63.744500804412226 63.83000183105469 31.639999389648438 AB 4.138954631625155 1.0798211927015797
61308.0608 lsst_hardware_r 276.8776384542299 133.72999572753906 31.649999618530273 AB 4.816200462569707 1.090378189397715
61308.0797 lsst_hardware_z 91.65900774498564 91.04000091552734 30.989999771118164 AB 4.766746981412029 1.079915491937377
61310.06 lsst_hardware_z 13.53768523291785 71.9000015258789 30.979999542236328 AB 3.0420720603391427 1.0864543072639796
61310.0802 lsst_hardware_i 18.515562314801084 82.79000091552734 31.329999923706055 AB 3.0228092481140405 1.0795747314693003
61316.0339 lsst_hardware_g 6.156837197165957 15.279999732971191 31.450000762939453 AB 2.296494298608634 1.0956556768170962
61316.0513 lsst_hardware_r -8.226783486620489 24.329999923706055 31.510000228881836 AB 3.178673474029256 1.0819174520183554
61318.0343 lsst_hardware_i 15.517113956406808 31.829999923706055 31.260000228881836 AB 2.9913243883667833 1.0896364223173785
61318.0539 lsst_hardware_z -20.886890283719758 42.209999084472656 30.950000762939453 AB 3.0828943664652257 1.0796968362590482
61320.0267 lsst_hardware_r -1.123547252065494 24.389999389648438 31.510000228881836 AB 4.202550720593192 1.0916661322867414
61320.0458 lsst_hardware_u 0.003221591177461665 2.7899999618530273 28.450000762939453 AB 4.463945991504834 1.080139372452927
61322.0295 lsst_hardware_g 10.322794394099843 15.380000114440918 31.459999084472656 AB 4.189758691937944 1.0848676053695676
61322.0458 lsst_hardware_i 103.79528807440647 31.940000534057617 31.260000228881836 AB 3.258015300947006 1.0795279327193525
61324.0299 lsst_hardware_z -23.626751694470276 42.349998474121094 30.959999084472656 AB 3.742414632262162 1.0817269387018484
61324.0474 lsst_hardware_r 20.860311688345462 24.469999313354492 31.520000457763672 AB 3.331503707514828 1.080487688923728
61327.0294 lsst_hardware_u 0.8008370115632705 2.950000047683716 28.530000686645508 AB 7.800742279990459 1.0796875128015249
61327.0474 lsst_hardware_g 25.004563795571407 15.729999542236328 31.459999084472656 AB 7.805427387770106 1.0840871371902925
61329.0032 lsst_hardware_z -7.311016528484215 44.63999938964844 30.959999084472656 AB 8.522480517943652 1.0906215737674767
61329.022 lsst_hardware_r -13.379688510123557 26.420000076293945 31.530000686645508 AB 8.449044978683968 1.0799801847487107
61331.0047 lsst_hardware_y 10.293584981443807 50.540000915527344 30.040000915527344 AB 5.742986760029049 1.0850154468220383
61331.0226 lsst_hardware_z -11.434209736463293 45.31999969482422 30.959999084472656 AB 5.681363282413521 1.0795597825716092
61332.9981 lsst_hardware_y -72.24247632803339 67.9800033569336 30.059999465942383 AB 2.517691199348794 1.0857967436547087
61333.0156 lsst_hardware_z -6.134042404229073 59.20000076293945 30.979999542236328 AB 3.2125871381264206 1.0795285950412212
61335.9998 lsst_hardware_y 113.03312028533774 71.08000183105469 30.059999465942383 AB 4.129736270222539 1.0807527204316267
61336.0173 lsst_hardware_i -40.91880304716616 75.87999725341797 31.329999923706055 AB 4.287068409054716 1.0813642096240927
61338.0007 lsst_hardware_y 97.1788518490349 68.30000305175781 30.059999465942383 AB 3.9008513966548652 1.0795714197384623
61338.0182 lsst_hardware_r -61.364728367745855 90.18000030517578 31.649999618530273 AB 3.919401419676151 1.0846051341230931
