data/validation/pwv_sim_epoch_fit_seasonal/4262193.ecsv
# %ECSV 0.9
# ---
# datatype:
# - {name: time, datatype: float64}
# - {name: band, datatype: string}
# - {name: flux, datatype: float64}
# - {name: fluxerr, datatype: float64}
# - {name: zp, datatype: float64}
# - {name: zpsys, datatype: string}
# - {name: pwv, datatype: float64}
# - {name: airmass, datatype: float64}
# meta: {SNID: '4262193', alt: 1024.0, c: 0.0017151553183794022, dec: -1.64151, lat: -30.244573, lon: -70.7499537, ra: 185.625, t0: 62571.62109375,
#   x0: 2.867456390090543e-06, x1: 0.6966404914855957, z: 0.7698205709457397}
# schema: astropy-2.0
time band flux fluxerr zp zpsys pwv airmass
[from data line 133]
62931.2854 lsst_hardware_i 68.0523120677203 58.810001373291016 31.299999237060547 AB 8.977958024524984 1.1535590754684435
62933.269 lsst_hardware_z -133.47054481124817 83.97000122070312 30.979999542236328 AB 11.314771506875799 1.1429062128157372
62933.2887 lsst_hardware_r -125.58230263664534 124.55000305175781 31.6299991607666 AB 11.545239348375405 1.1661857927651924
62936.2692 lsst_hardware_z 49.78543175338254 96.69999694824219 30.989999771118164 AB 10.093448893527219 1.1505783862669785
62936.2882 lsst_hardware_r -31.84471912095624 139.60000610351562 31.6200008392334 AB 10.427210110312538 1.1804388804127401
62938.2384 lsst_hardware_z -25.449034387537818 59.88999938964844 30.969999313354492 AB 15.971164901013482 1.1371154049516294
62938.2565 lsst_hardware_i -18.10671899360466 62.720001220703125 31.309999465942383 AB 17.34179205634229 1.1437667891005334
62940.2384 lsst_hardware_z 1.4458433429549293 47.34000015258789 30.950000762939453 AB 10.432201589669539 1.1375826388604071
62940.2573 lsst_hardware_r -28.238105819659406 41.43000030517578 31.579999923706055 AB 10.000774742957047 1.149514338270925
62945.2306 lsst_hardware_r -10.302816560433188 25.329999923706055 31.520000457763672 AB 5.663865015313432 1.1395533454682223
62945.2496 lsst_hardware_i -25.14808816383129 32.869998931884766 31.25 AB 5.712537640076476 1.1566768190486592
62947.2299 lsst_hardware_z 5.955036833827942 43.47999954223633 30.950000762939453 AB 6.568636517412605 1.1422887936954282
62947.2489 lsst_hardware_r -53.101658496310336 25.40999984741211 31.510000228881836 AB 6.791743013173969 1.1636338686192096
62949.2332 lsst_hardware_u 2.2429103510469033 2.8299999237060547 28.420000076293945 AB 6.818856604254892 1.1500207900137651
62949.2513 lsst_hardware_r -19.069035806141795 25.40999984741211 31.5 AB 7.195536252038922 1.1776012632216832
62951.166 lsst_hardware_i -15.498277610051964 32.90999984741211 31.239999771118164 AB 9.172505684748357 1.169340998799323
62951.1841 lsst_hardware_z -99.08830282409126 43.41999816894531 30.940000534057617 AB 8.462290526032685 1.1456686483188876
62955.2104 lsst_hardware_g 4.241047304773251 16.030000686645508 31.459999084472656 AB 7.3933596917563795 1.144010680589459
62955.2285 lsst_hardware_r 27.084042566383932 25.469999313354492 31.510000228881836 AB 7.59118981756092 1.1659619830372088
62957.208 lsst_hardware_i -33.31346169341726 36.130001068115234 31.260000228881836 AB 6.240295465555999 1.1466388838359134
62957.2259 lsst_hardware_z 15.46208021232282 43.720001220703125 30.940000534057617 AB 4.968276650333945 1.1708888763110898
62959.176 lsst_hardware_z 54.72799463957451 54.380001068115234 30.959999084472656 AB 7.162450455573158 1.1378601655750247
62959.1944 lsst_hardware_r -13.167105336528437 60.79999923706055 31.6200008392334 AB 7.126412515413543 1.1405909915834735
62961.1753 lsst_hardware_z -97.95264502001288 77.38999938964844 30.979999542236328 AB 8.384878286126076 1.1371253820818548
62961.1936 lsst_hardware_r 118.18526982609102 108.45999908447266 31.6299991607666 AB 8.460504089034538 1.1436848640706363
62963.1765 lsst_hardware_i 140.4341990487772 136.1699981689453 31.329999923706055 AB 11.545948413170587 1.1377840815127345
62963.1948 lsst_hardware_z -74.01361170234688 114.16000366210938 30.989999771118164 AB 11.627663931297194 1.1498307966672396
62964.1773 lsst_hardware_r 112.80919479945617 149.61000061035156 31.6299991607666 AB 9.686619611127362 1.138932346987275
62964.1943 lsst_hardware_z 25.132788664512596 100.23999786376953 30.979999542236328 AB 9.746001758293714 1.1523501931177904
62967.1617 lsst_hardware_g -29.10395419300267 64.16999816894531 31.68000030517578 AB 3.44465146033929 1.137161417443507
62967.1789 lsst_hardware_r -0.046275629963310125 62.560001373291016 31.610000610351562 AB 3.7469669050746015 1.1450443837449125
62969.1627 lsst_hardware_i -0.5445833187642536 38.900001525878906 31.270000457763672 AB 9.610946961947716 1.1385691647502107
62969.1792 lsst_hardware_z -41.5745966427639 46.7400016784668 30.950000762939453 AB 11.44358843253197 1.1506876251917517
62971.1627 lsst_hardware_r 27.542738679570338 24.979999542236328 31.510000228881836 AB 12.078006863508211 1.1412110231500177
62971.1806 lsst_hardware_g -10.893956105638127 15.720000267028809 31.440000534057617 AB 11.47853741483064 1.1594482237202666
62976.157 lsst_hardware_z 109.28752796044103 43.720001220703125 30.940000534057617 AB 7.291422083544894 1.1474723941999017
62976.1747 lsst_hardware_i -44.28597100770661 33.0 31.25 AB 3.944369401901658 1.1721171022440666
62978.1512 lsst_hardware_u -4.844945667216383 2.8399999141693115 28.450000762939453 AB 11.631778260113306 1.147146454312316
62978.1694 lsst_hardware_g 11.749256880814482 15.569999694824219 31.43000030517578 AB 10.861228497214244 1.172412402549033
62982.0718 lsst_hardware_g 1.1333321742108924 15.329999923706055 31.399999618530273 AB 12.857822395929086 1.1884483220195106
62982.0925 lsst_hardware_r -5.140585504479903 24.719999313354492 31.489999771118164 AB 11.298550873358744 1.1529133544243615
62985.1188 lsst_hardware_i 39.622160844103455 34.790000915527344 31.260000228881836 AB 10.028994020801022 1.1384940425475105
62985.1358 lsst_hardware_z 58.028994471299484 44.38999938964844 30.940000534057617 AB 9.36720832153028 1.1510101461039266
62992.1182 lsst_hardware_r -256.11282221488557 133.32000732421875 31.6299991607666 AB 4.113473070556587 1.152771528413803
62992.1369 lsst_hardware_i 203.5139964283726 107.02999877929688 31.309999465942383 AB 4.222991226453403 1.1837949616296215
62994.135 lsst_hardware_z -166.31129084617106 96.88999938964844 31.719999313354492 AB 11.793632216959445 1.191757499692749
63001.037 lsst_hardware_r -60.56778607368255 24.739999771118164 31.5 AB 6.803539249561264 1.1575894821168211
63001.0561 lsst_hardware_g 7.632047405348651 15.470000267028809 31.440000534057617 AB 7.408884705077269 1.1398284161657337
63016.0062 lsst_hardware_r -78.78762331463 53.61000061035156 31.610000610351562 AB 11.051239845503966 1.1460474281298674
63016.0271 lsst_hardware_g -56.51328672342686 48.84000015258789 31.670000076293945 AB 10.900158226239961 1.137121062643982
63018.0013 lsst_hardware_r 82.60138268562568 90.94999694824219 31.6299991607666 AB 7.789745503172807 1.1455508092901188
63018.0199 lsst_hardware_i 35.69011587014923 77.44000244140625 31.31999969482422 AB 7.732424180077756 1.1371212029526112
63020.9973 lsst_hardware_z 3.701505049681968 67.83999633789062 30.979999542236328 AB 12.336764588958257 1.1422930174961348
63021.0174 lsst_hardware_i -42.18836007566411 76.45999908447266 31.31999969482422 AB 12.798722207840845 1.1376220621020976
63022.9947 lsst_hardware_z -53.59784054515956 60.63999938964844 30.969999313354492 AB 4.904266373448543 1.1405270635926845
63023.0167 lsst_hardware_g -11.42556169386092 90.44999694824219 31.700000762939453 AB 5.040151706634169 1.1391460519005918
63032.9606 lsst_hardware_y -110.77418220513063 51.7599983215332 30.020000457763672 AB 10.504103724723546 1.145329559735428
63032.9818 lsst_hardware_r -24.313306740935218 25.719999313354492 31.510000228881836 AB 10.402213506890632 1.1371957153123216
63036.9606 lsst_hardware_y -99.78525706621294 51.06999969482422 30.020000457763672 AB 4.077718890961115 1.1386300568128767
63036.9801 lsst_hardware_g 7.145073162367936 16.56999969482422 31.469999313354492 AB 4.113146192234802 1.1399019470397496
63042.9593 lsst_hardware_y 32.18953090733834 53.959999084472656 30.020000457763672 AB 7.106040138618359 1.1381349073506444
63042.9809 lsst_hardware_i 9.034787845974353 36.70000076293945 31.260000228881836 AB 7.078506641918384 1.155218753186264
