data/validation/pwv_sim_epoch_fit_seasonal/42673506.ecsv
# %ECSV 0.9
# ---
# datatype:
# - {name: time, datatype: float64}
# - {name: band, datatype: string}
# - {name: flux, datatype: float64}
# - {name: fluxerr, datatype: float64}
# - {name: zp, datatype: float64}
# - {name: zpsys, datatype: string}
# - {name: pwv, datatype: float64}
# - {name: airmass, datatype: float64}
# meta: {SNID: '42673506', alt: 1024.0, c: -0.024044230580329895, dec: -44.20153, lat: -30.244573, lon: -70.7499537, ra: 21.94672, t0: 59848.54296875,
#   x0: 3.528227311181604e-06, x1: 1.139561653137207, z: 0.7072601318359375}
# schema: astropy-2.0
time band flux fluxerr zp zpsys pwv airmass
59842.3373 lsst_hardware_i 1087.546036982126 45.761666741278226 31.239999771118164 AB 5.808011542756879 1.1111558337014673
59842.3501 lsst_hardware_z 788.5266647160793 50.14008089365005 30.940000534057617 AB 5.952300841770481 1.1429149081741918
59844.3404 lsst_hardware_r 995.8275514020069 39.681385169947205 31.479999542236328 AB 1.751308764835985 1.1317019481977286
59844.351 lsst_hardware_u 2.6570738220472405 2.8879154476602227 28.3799991607666 AB 1.7828737157852985 1.1611030386100025
59850.3234 lsst_hardware_r 942.6142208644086 38.08326732386642 31.459999084472656 AB 4.244186058867775 1.1301254317315959
59850.3346 lsst_hardware_i 1167.0536803489408 45.78679046886423 31.229999542236328 AB 5.504238064929989 1.16104794914947
59853.3307 lsst_hardware_z 732.0346391256451 50.62056849284991 30.93000030517578 AB 5.220092530412873 1.1742859621504664
59853.3441 lsst_hardware_r 846.1171221231795 37.412279750215156 31.459999084472656 AB 5.1194446708474235 1.221095926260566
59858.3139 lsst_hardware_z 774.9698909884976 59.45208313277453 30.959999084472656 AB 6.668672241636355 1.1644945707164553
59858.3254 lsst_hardware_r 788.8855997148773 56.94355185189276 31.579999923706055 AB 6.873763514574606 1.2024426685164842
59860.3173 lsst_hardware_y 494.8289178004693 84.36787901226248 30.760000228881836 AB 4.364690760349642 1.1931904757649427
59862.2946 lsst_hardware_r 858.1659055089492 105.32552503362587 31.639999389648438 AB 3.179026019926707 1.1404918604179641
59862.3057 lsst_hardware_i 1090.1917418259366 85.71571078978617 31.309999465942383 AB 3.2681798856244004 1.1729321278709417
59867.2988 lsst_hardware_z 557.862213044919 52.680155333918776 30.940000534057617 AB 6.738353244963877 1.1953086408994578
59867.3095 lsst_hardware_r 510.27332488109204 49.03185588379374 31.56999969482422 AB 7.032953844476468 1.2352963427066397
59871.2434 lsst_hardware_r 391.7195770598324 29.5997885681636 31.489999771118164 AB 2.617309723024242 1.081905500388939
59871.2549 lsst_hardware_z 459.7607756222983 47.34844194315272 30.940000534057617 AB 4.0407202303931244 1.104122478475214
59873.2407 lsst_hardware_r 370.2771203846458 28.80732150287899 31.489999771118164 AB 1.9718845209241784 1.0868369580695454
59873.2515 lsst_hardware_u 5.2820835932518415 2.8339980629602506 28.450000762939453 AB 2.19841194082286 1.1085827326921753
59875.281 lsst_hardware_r 266.81364937580673 28.11804605065683 31.450000762939453 AB 4.402445011051344 1.2097398702223179
59875.2912 lsst_hardware_i 450.46551724559765 38.455128352728494 31.219999313354492 AB 4.503145109366228 1.2498610226065627
59877.2717 lsst_hardware_z 377.71898879381814 47.89898055194261 30.93000030517578 AB 4.544869420529099 1.1960182685602891
59877.2823 lsst_hardware_r 249.6985492841438 27.61520676761206 31.440000534057617 AB 4.695713182849596 1.235713995486736
59879.2331 lsst_hardware_r 224.83646334808716 26.649106308766427 31.489999771118164 AB 3.5553011433643724 1.1042165209613792
59879.2433 lsst_hardware_u -0.4502387512381975 2.7822780984532143 28.459999084472656 AB 3.4231922974408455 1.1278123045689634
59881.2339 lsst_hardware_g 15.712442257578115 13.819805231600382 31.399999618530273 AB 3.627596837277646 1.1182481002704732
59881.2437 lsst_hardware_i 337.1258512077718 36.05227908289251 31.239999771118164 AB 3.725706853841155 1.1431470786522888
59883.2709 lsst_hardware_r 184.10205520364272 26.046350966704246 31.459999084472656 AB 4.774419559597127 1.2564261998939807
59883.2815 lsst_hardware_u 0.3876942138075058 2.6886982029114104 28.34000015258789 AB 4.960276597816561 1.305335946793832
59885.2223 lsst_hardware_r 196.31835938965452 40.360085764254976 31.579999923706055 AB 4.822297691253774 1.1166603430016753
59885.2335 lsst_hardware_y 231.57305067847082 50.67654749073913 30.010000228881836 AB 5.034565466715343 1.1451303233743533
59887.2203 lsst_hardware_z 306.3105837980465 57.26213252267123 30.969999313354492 AB 6.2081051406965075 1.1249454372100038
59887.2314 lsst_hardware_r 176.08878567280888 64.53177836176273 31.6200008392334 AB 6.363236608932231 1.1546428250648215
59896.1785 lsst_hardware_g -1.368337474260807 34.82659732602844 31.649999618530273 AB 4.67763658048152 1.0879489662708501
59896.1892 lsst_hardware_r 160.69908237498242 42.13866221632036 31.59000015258789 AB 4.631311154859518 1.1096947777308057
59899.2082 lsst_hardware_u -3.1684092777495105 2.597891906306374 28.260000228881836 AB 6.548734286107 1.184362361847223
59899.2205 lsst_hardware_g 13.845479793173107 13.10791793656055 31.329999923706055 AB 9.367494113556887 1.22884613846981
59901.1737 lsst_hardware_g -10.298166554323272 13.22914372225636 31.3700008392334 AB 6.138521107623367 1.1056580053659886
59901.1867 lsst_hardware_r 63.94949860961349 23.562264831134605 31.469999313354492 AB 6.2113095986321 1.136735018813536
59903.0809 lsst_hardware_g 16.23304216986493 13.377945116979049 31.399999618530273 AB 6.757224077368533 1.0321756759687797
59903.0942 lsst_hardware_r 10.297495710092726 23.065396329421485 31.489999771118164 AB 5.920929354729308 1.0299059583804677
59905.0858 lsst_hardware_i 139.04103297309823 31.617254156132304 31.25 AB 3.922791416082453 1.0300095617914313
59905.0979 lsst_hardware_z 133.34465635610454 42.353236326764424 30.950000762939453 AB 3.953330970871839 1.0310347659406691
59907.0848 lsst_hardware_r 86.97392366276769 22.754992671531415 31.479999542236328 AB 8.156458800639301 1.0299426046770193
59907.0975 lsst_hardware_g 32.086275023721754 13.426825828780432 31.389999389648438 AB 8.258068326401931 1.0326027417141461
59909.0744 lsst_hardware_r 46.61790661354712 22.729558645570577 31.479999542236328 AB 4.512986319966829 1.0300486122870118
59909.0871 lsst_hardware_i 122.72035715271507 31.460511117671064 31.25 AB 3.675319783329215 1.0310657486839738
59913.1623 lsst_hardware_g 44.784193452397496 25.25545586807776 31.579999923706055 AB 6.075473878591302 1.1602165336754133
59913.174 lsst_hardware_r 62.8204002872229 30.529044503162503 31.530000686645508 AB 5.35598277537025 1.1981170923951048
59917.1191 lsst_hardware_i 136.5494092472573 54.908359733073155 31.309999465942383 AB 2.8189571235518973 1.0842142782891913
59917.1311 lsst_hardware_z 70.78854799918966 55.03923682011728 30.969999313354492 AB 3.5483677574064836 1.1080281321105885
59919.1139 lsst_hardware_r 150.561201758247 76.67081333044335 31.639999389648438 AB 5.698195693612886 1.0846819213730112
59919.1257 lsst_hardware_z 12.849872905789454 59.03407998459809 30.969999313354492 AB 6.006243579815199 1.1081630221059984
59921.0744 lsst_hardware_r 148.99768079804716 77.36036874529901 31.649999618530273 AB 3.0490918154716917 1.041356494355086
59921.0863 lsst_hardware_i 66.18719077629977 62.166464960588485 31.31999969482422 AB 4.009869371517581 1.0526433421905033
59923.0707 lsst_hardware_z 83.93141132939901 49.51140556466094 30.969999313354492 AB 7.768004124920864 1.0427784309454133
59923.0843 lsst_hardware_i 27.526876545380464 48.63932653512302 31.309999465942383 AB 9.721472488737122 1.056681792254035
59926.0741 lsst_hardware_u -34.661403554179465 29.000342840662146 29.510000228881836 AB 11.907233621920424 1.0542972925375524
59926.0866 lsst_hardware_g 138.6434925101806 87.86411227552779 31.719999313354492 AB 12.876259708136542 1.071087733936216
60147.439 lsst_hardware_r -38.12441248999502 80.2699966430664 31.65999984741211 AB 5.161908173151303 1.0323816346302606
60158.4198 lsst_hardware_y -58.80899538848116 113.97000122070312 30.079999923706055 AB 1.288703444532989 1.0378819687515735
60158.4305 lsst_hardware_r -26.23778238744836 80.01000213623047 31.649999618530273 AB 1.2705466984483622 1.0464351668759744
60160.2367 lsst_hardware_z -71.4645122664543 145.3000030517578 31.709999084472656 AB 2.0876902635020405 1.4193928137124354
60160.2614 lsst_hardware_r 36.19059769993829 110.2699966430664 32.349998474121094 AB 1.2952760939926435 1.2832986400191315
60164.422 lsst_hardware_r -58.796062208294394 80.11000061035156 31.649999618530273 AB 1.9970499946016893 1.0547799267262443
60164.4328 lsst_hardware_i 109.41464781182488 85.62000274658203 31.34000015258789 AB 2.035322124398213 1.0691588816662523
60165.425 lsst_hardware_z -2.7551373398486483 105.12999725341797 31.0 AB 3.610716857300938 1.0619755462649818
60168.427 lsst_hardware_u 15.42216349693913 28.440000534057617 29.469999313354492 AB 3.331107613828554 1.0772149230878152
60176.394 lsst_hardware_g -47.00774294568324 87.98999786376953 31.729999542236328 AB 1.7519941551919926 1.060689665622517
60176.4047 lsst_hardware_r 85.7161644089876 79.80999755859375 31.649999618530273 AB 1.7336354463931816 1.0764578990333322
60178.3898 lsst_hardware_i -101.4364308679715 85.63999938964844 31.34000015258789 AB 1.3837320472690686 1.0623662551010125
60178.4014 lsst_hardware_z 69.5757343154853 104.98999786376953 31.0 AB 1.44009724655787 1.0800729349184026
60179.395 lsst_hardware_r -11.646639982637886 79.76000213623047 31.639999389648438 AB 2.46738039907301 1.074019326352152
60179.4062 lsst_hardware_g -121.37869910141076 87.20999908447266 31.709999084472656 AB 2.4712073256689076 1.0938579088169271
60181.4056 lsst_hardware_r 13.327343739143583 79.61000061035156 31.639999389648438 AB 2.4729879233736995 1.1037660894325818
60181.4163 lsst_hardware_i -33.0591682307316 85.05000305175781 31.31999969482422 AB 2.435396585139011 1.128543366607512
60183.3804 lsst_hardware_z 77.33744471356907 104.9000015258789 31.0 AB 3.4716786487923437 1.0683731801176624
60183.3911 lsst_hardware_i 41.81867529288666 85.2300033569336 31.329999923706055 AB 3.579107627623475 1.085976675301062
60185.384 lsst_hardware_z -55.09367610052145 148.1699981689453 31.75 AB 8.043751398457042 1.0830417932485583
60193.2425 lsst_hardware_r 217.21692702538044 138.36000061035156 32.84000015258789 AB 0.42983711370700095 1.0736980359042487
60193.2586 lsst_hardware_i -54.6645511266959 85.76000213623047 31.34000015258789 AB 0.8472071711991309 1.0521045280336925
60200.2001 lsst_hardware_u -18.226317178715394 28.139999389648438 29.450000762939453 AB 2.382429397947667 1.1195626870054824
60204.3183 lsst_hardware_u -38.65967823763625 28.809999465942383 29.5 AB 1.1720013413756147 1.0616755564662712
60204.3295 lsst_hardware_g -105.49509056181367 87.68000030517578 31.719999313354492 AB 1.2111811973784927 1.0785228827947397
60208.3355 lsst_hardware_r -36.19390219168114 79.20999908447266 31.6299991607666 AB 2.3383987185491764 1.111670415283659
60208.3466 lsst_hardware_i 44.964934939401786 84.7300033569336 31.309999465942383 AB 2.4179899480711797 1.1389495751640608
60214.3186 lsst_hardware_i 41.59151935095963 85.18000030517578 31.329999923706055 AB 4.7778696016005 1.1105083425827733
60214.3302 lsst_hardware_z 83.0706493561938 104.55000305175781 30.989999771118164 AB 4.90704666329151 1.1389002564550743
60216.3158 lsst_hardware_z 9.197295568723302 104.66999816894531 30.989999771118164 AB 6.623621634289583 1.1165759585794055
60216.3278 lsst_hardware_r 93.71048773362419 79.11000061035156 31.6299991607666 AB 6.974287387552889 1.1472597109026124
60217.1626 lsst_hardware_r -80.54314626922383 79.73999786376953 31.639999389648438 AB 4.540085488697903 1.0998269110217789
60217.1728 lsst_hardware_i -149.50994454946726 85.55999755859375 31.34000015258789 AB 4.567594649666595 1.08059727926183
60222.3126 lsst_hardware_g -38.921488084250875 86.5 31.690000534057617 AB 7.959784126302262 1.150590362287115
60222.3241 lsst_hardware_r -108.26719916419526 78.76000213623047 31.6200008392334 AB 8.193430975689605 1.1861072177512701
60225.3062 lsst_hardware_r 34.72545649863194 79.1500015258789 31.6299991607666 AB 4.21269632411841 1.1557465909789875
60225.3177 lsst_hardware_u 7.194886689832697 27.309999465942383 29.3799991607666 AB 4.176180460806186 1.1921725551826163
60228.298 lsst_hardware_g -21.948541696272386 86.12000274658203 31.68000030517578 AB 5.207387276155966 1.155720418610852
60228.3106 lsst_hardware_i 175.2160639621957 84.30000305175781 31.299999237060547 AB 5.410139791509457 1.1959413741938563
60239.283 lsst_hardware_i 41.148737241409556 84.41000366210938 31.309999465942383 AB 3.4468425128758735 1.2045579286653412
60239.2931 lsst_hardware_z 74.52819217269396 103.7699966430664 30.969999313354492 AB 3.188249472863904 1.2435074487069537
60245.234 lsst_hardware_r 131.09163618128375 79.4800033569336 31.639999389648438 AB 2.958097310480222 1.1106053352657113
60245.2442 lsst_hardware_z 13.620244177366551 104.56999969482422 30.989999771118164 AB 3.0074434236793857 1.1353127307207949
60251.2206 lsst_hardware_r 21.110108610664305 79.26000213623047 31.6299991607666 AB 5.058330677976734 1.1174309776277436
60251.2327 lsst_hardware_i -190.2019802155828 84.73999786376953 31.309999465942383 AB 5.256113884589811 1.1485635366489617
60261.1753 lsst_hardware_r 92.09392924709505 79.73999786376953 31.639999389648438 AB 4.500888769180188 1.080969983592001
60261.1878 lsst_hardware_i -97.55040290412721 85.20999908447266 31.329999923706055 AB 4.6014018918074555 1.1051100310557753
60265.1727 lsst_hardware_u -33.38894705985841 28.299999237060547 29.459999084472656 AB 2.5979607942874785 1.0964558622524485
60265.1862 lsst_hardware_g -1.315753754289305 86.79000091552734 31.700000762939453 AB 2.887188138074491 1.1266709263720631
60268.0846 lsst_hardware_y -172.1491753562281 114.16999816894531 30.079999923706055 AB 5.953121115836891 1.0312303806628769
60268.0966 lsst_hardware_g 63.74014086765205 88.58999633789062 31.739999771118164 AB 5.959482911372821 1.0299238858297035
60272.0739 lsst_hardware_z -180.51141920938656 105.3499984741211 31.010000228881836 AB 7.846540045738416 1.0311731267397042
60272.0871 lsst_hardware_r -11.134475674931 80.25 31.65999984741211 AB 8.186940820515579 1.0300198138622545
60274.0746 lsst_hardware_z 108.3908866151769 105.11000061035156 31.0 AB 4.479080057033245 1.0300682384898225
60274.0873 lsst_hardware_r 113.59234830629309 80.0999984741211 31.649999618530273 AB 3.717332995992142 1.0309220233859973
60276.1596 lsst_hardware_z 15.193197553191718 104.47000122070312 30.989999771118164 AB 4.805280104444409 1.1354408044369975
60276.1718 lsst_hardware_i -1.6027771884468833 84.62000274658203 31.309999465942383 AB 3.8689007175199523 1.1704139110653504
60278.1591 lsst_hardware_u -32.282662207035735 27.709999084472656 29.40999984741211 AB 6.065723867970945 1.1489201378863425
60278.1706 lsst_hardware_g 52.3885987091751 85.97000122070312 31.670000076293945 AB 5.32585488415045 1.1841373047099497
60280.1058 lsst_hardware_u 2.2712781745831756 28.690000534057617 29.489999771118164 AB 6.657346468001336 1.0554093800832467
60280.1179 lsst_hardware_g 102.19783944586842 87.61000061035156 31.719999313354492 AB 6.7893242660979345 1.071942150323306
60282.1179 lsst_hardware_r -90.54403274603104 79.62000274658203 31.639999389648438 AB 2.810275492171082 1.08087518929657
60282.1295 lsst_hardware_i -55.888147381111175 85.08999633789062 31.31999969482422 AB 3.5552163220058492 1.1030767365826755
60284.122 lsst_hardware_z -1.8995746549540915 104.8499984741211 31.0 AB 5.765277780915829 1.0988458286371137
60284.1332 lsst_hardware_r -74.778449992194 79.33999633789062 31.6299991607666 AB 6.082642595148005 1.1239177005076326
60286.1125 lsst_hardware_u -26.20311106409987 28.190000534057617 29.450000762939453 AB 4.14536063099456 1.0908843765775158
60286.1241 lsst_hardware_r 78.11408894349313 79.1500015258789 31.6299991607666 AB 4.246782610573921 1.1152753387072056
60287.0691 lsst_hardware_i 3.457929653619252 85.70999908447266 31.34000015258789 AB 5.594602774844157 1.0389234493675712
60287.0809 lsst_hardware_z -90.24336026730094 105.12999725341797 31.0 AB 5.618763448053436 1.0490269996677324
60290.0724 lsst_hardware_r 11.396571893888275 79.9800033569336 31.649999618530273 AB 14.251595174529475 1.0487146533457226
60290.0837 lsst_hardware_u -60.309821199356314 28.719999313354492 29.489999771118164 AB 13.213252899178284 1.0619878555841027
