data/validation/pwv_sim_epoch_fit_seasonal/42810533.ecsv
# %ECSV 0.9
# ---
# datatype:
# - {name: time, datatype: float64}
# - {name: band, datatype: string}
# - {name: flux, datatype: float64}
# - {name: fluxerr, datatype: float64}
# - {name: zp, datatype: float64}
# - {name: zpsys, datatype: string}
# - {name: pwv, datatype: float64}
# - {name: airmass, datatype: float64}
# meta: {SNID: '42810533', alt: 1024.0, c: -0.026587864384055138, dec: -54.532822, lat: -30.244573, lon: -70.7499537, ra: 96.832458, t0: 62492.44140625,
#   x0: 4.574811680496044e-05, x1: 0.08407928794622421, z: 0.23946866393089294}
# schema: astropy-2.0
time band flux fluxerr zp zpsys pwv airmass
62451.3594 lsst_hardware_r 52.10912300888673 30.3700008392334 31.540000915527344 AB 2.7611125818126614 1.1115590103914317
62456.2992 lsst_hardware_r 15.451085353699192 21.6200008392334 31.469999313354492 AB 5.263605261471946 1.0990171497267478
62456.3173 lsst_hardware_z 28.576012331664522 41.43000030517578 30.940000534057617 AB 5.282166156756804 1.0976785010275918
62456.3244 lsst_hardware_y -27.076955700174413 47.5 30.030000686645508 AB 5.387114076404048 1.0992988626474944
62458.3364 lsst_hardware_r 36.2220926042807 21.84000015258789 31.459999084472656 AB 4.040815621780146 1.1084900206053803
62458.3494 lsst_hardware_y 19.569503382723948 52.439998626708984 30.020000457763672 AB 4.134533648271167 1.1202674263739887
62460.3326 lsst_hardware_z -54.47362473976003 54.529998779296875 30.969999313354492 AB 5.351988169541898 1.1097570160787305
62460.3453 lsst_hardware_r -24.961852593557573 59.22999954223633 31.6200008392334 AB 5.637834584079651 1.121752499692524
62461.3328 lsst_hardware_i -88.9902138916421 61.540000915527344 31.309999465942383 AB 4.584602134549836 1.112160139377727
62461.3455 lsst_hardware_z 41.770471308500134 59.90999984741211 30.969999313354492 AB 4.148483595535931 1.1251142057231927
62468.3353 lsst_hardware_y 31.78171000371863 49.10160337468287 30.010000228881836 AB 4.3808580632944265 1.136753378876727
62468.3475 lsst_hardware_g 92.15689475841205 35.53528724845306 31.6200008392334 AB 4.395354968783268 1.1562666526087166
62473.3254 lsst_hardware_g 316.4070030980918 21.903210048910108 31.360000610351562 AB 7.013990860310476 1.1423058203051673
62473.3366 lsst_hardware_r 751.558061761347 34.99481547420092 31.469999313354492 AB 7.0397313158413555 1.161267720117917
62475.2851 lsst_hardware_r 1742.7878887045604 46.92990543606363 31.459999084472656 AB 3.5159373451719493 1.1051772878788608
62475.2974 lsst_hardware_i 1335.9713095314328 47.47138336657231 31.229999542236328 AB 3.4021293939100934 1.1146908594381193
62479.2884 lsst_hardware_u 63.956976929363535 8.582336135574597 28.329999923706055 AB 7.463042144809956 1.1165254424351012
62479.3007 lsst_hardware_g 3664.969061456334 62.25576892397106 31.34000015258789 AB 7.371060149740669 1.1305306978129859
62481.2841 lsst_hardware_r 6429.986838535894 82.57052174440237 31.459999084472656 AB 10.749838194570685 1.1176791635028787
62481.2964 lsst_hardware_z 3327.762026260198 69.97681014548962 30.940000534057617 AB 9.364413240082998 1.1320615619055847
62483.2861 lsst_hardware_r 8273.290328374189 93.57957314164287 31.469999313354492 AB 11.916232123910282 1.1259254617007874
62483.2981 lsst_hardware_u 166.5230971150332 12.950970538770301 28.389999389648438 AB 11.477439693759843 1.1423179590704
62487.2242 lsst_hardware_z 4946.694343344473 84.34716747958049 30.959999084472656 AB 9.214105575676264 1.0973527878931637
62487.2372 lsst_hardware_r 12515.429831725181 122.65322268238036 31.610000610351562 AB 9.324180850666437 1.0985995818081575
62489.2274 lsst_hardware_i 9788.067096537172 113.53915164850727 31.309999465942383 AB 5.633849309467387 1.0977347770407497
62489.2395 lsst_hardware_z 4994.681412390316 88.86050731921033 30.969999313354492 AB 5.694735327954724 1.1012831808074002
62491.2231 lsst_hardware_i 10271.521269658253 119.38855343486799 31.31999969482422 AB 6.477752375870298 1.0979241315034403
62491.2363 lsst_hardware_z 4911.541021063 90.79143712610094 30.969999313354492 AB 6.50381100346013 1.1023408480440897
62493.2239 lsst_hardware_z 4718.905562310045 87.33876902711869 30.969999313354492 AB 7.3864126432234825 1.0994957789853352
62493.2365 lsst_hardware_r 14696.275886538944 138.82182763235792 31.6299991607666 AB 7.45931984564157 1.1055348246531886
62495.2249 lsst_hardware_i 10261.089202631854 110.52562968478648 31.299999237060547 AB 7.321226330071083 1.1021102171592922
62495.2385 lsst_hardware_r 13944.482279448519 129.60017738158572 31.6200008392334 AB 7.377667601609533 1.1109550912198205
62503.2016 lsst_hardware_i 7372.997600366056 90.2796517938626 31.229999542236328 AB 5.129773189276627 1.1014399919717917
62503.2138 lsst_hardware_u 45.1508769219996 7.506988298753558 28.299999237060547 AB 6.117196990047179 1.108723475721456
62505.2031 lsst_hardware_g 4563.3849075906965 69.4436951321164 31.350000381469727 AB 2.7669226995715737 1.1051481958081109
62505.2172 lsst_hardware_r 8955.842469071142 97.51463657793093 31.469999313354492 AB 2.906398448012797 1.1163427877905885
62507.2038 lsst_hardware_i 6029.2644886938515 82.86650281281214 31.239999771118164 AB 7.497507605783388 1.1094269910895793
62507.2165 lsst_hardware_r 8183.23055408313 92.68212451772504 31.459999084472656 AB 7.86895988440162 1.12126721620637
62509.2032 lsst_hardware_u 31.16090436841541 5.903913287517902 28.43000030517578 AB 7.540445404843127 1.1134739227470656
62509.2165 lsst_hardware_g 3260.3805658356728 58.167121001889576 31.360000610351562 AB 9.081784629030043 1.1276467023473589
62510.1841 lsst_hardware_r 7163.772833868837 86.21313670147819 31.469999313354492 AB 8.274025611042607 1.102199188878037
62510.1975 lsst_hardware_i 5380.509457873408 78.6725721950067 31.239999771118164 AB 8.332734681265558 1.1109325412761837
62514.1563 lsst_hardware_i 5014.552374041866 79.30761913197557 31.270000457763672 AB 5.447661375622776 1.0974337984735647
62514.1701 lsst_hardware_z 2425.1137137550418 65.40712964839621 30.950000762939453 AB 5.685367660811766 1.1008198646208402
62517.1569 lsst_hardware_z 2455.4579153943673 70.31956513759062 30.959999084472656 AB 4.758944673584072 1.0990634350078687
62517.1698 lsst_hardware_r 5559.1813154900165 92.9984252672666 31.6200008392334 AB 5.676073426947329 1.1048318105980202
62519.1585 lsst_hardware_i 4804.990161938652 91.83277143018832 31.309999465942383 AB 4.851427364654202 1.101720759544499
62519.1707 lsst_hardware_r 4935.4871980662265 103.75769577836577 31.6299991607666 AB 6.909458791366089 1.109181098785224
62521.1619 lsst_hardware_z 5387.292674561898 109.21660370087628 31.719999313354492 AB 8.110449219529354 1.1067752755907903
62523.1613 lsst_hardware_r 4076.172945049902 90.27898359413308 31.6299991607666 AB 11.405761007172163 1.1103739298259505
62523.1762 lsst_hardware_i 4353.284717744822 84.63063453104893 31.299999237060547 AB 10.958626144741531 1.1251445000889684
62525.1597 lsst_hardware_z 2351.5059498890178 67.25623903193221 30.950000762939453 AB 15.796835769657312 1.1136557623013568
62525.1732 lsst_hardware_r 3612.945523181726 75.6328550743874 31.600000381469727 AB 12.81571073539644 1.1281435506511015
62527.1604 lsst_hardware_u 16.067936417356716 5.002302460373347 28.549999237060547 AB 14.728829841021872 1.1196799453435609
62527.1729 lsst_hardware_g 909.1061351033958 37.52267882473966 31.559999465942383 AB 15.850490293520645 1.1349612354240644
62529.1572 lsst_hardware_r 2516.193075362717 54.8214595434752 31.459999084472656 AB 13.340732165345182 1.1221386333212455
62529.1696 lsst_hardware_z 2204.810150147221 61.215500007284994 30.93000030517578 AB 12.120437056089493 1.138033587939923
62531.1551 lsst_hardware_r 2380.812585148555 52.678591191471014 31.459999084472656 AB 13.53313605839164 1.1260409977860193
62531.1678 lsst_hardware_u 6.2734960566916085 3.9417375418169573 28.299999237060547 AB 14.133508432798084 1.143533996747279
62533.0931 lsst_hardware_z 1762.3102713499711 58.60413034360742 30.940000534057617 AB 8.39684678695438 1.0980815745455916
62533.1054 lsst_hardware_u 7.605149244088154 4.024950181930668 28.389999389648438 AB 8.378239069675116 1.0975379769016789
62535.0949 lsst_hardware_g 533.1081039859853 26.417618781753887 31.3700008392334 AB 7.998300119648036 1.0973235784441744
62535.1081 lsst_hardware_r 1980.0593083139327 49.4545596230183 31.479999542236328 AB 7.9971762492715195 1.0991800770987252
62537.0949 lsst_hardware_i 2366.892238700072 56.776315011874225 31.239999771118164 AB 6.780703167826403 1.0975859661412737
62537.1079 lsst_hardware_z 1456.2916773401157 55.99996916936014 30.940000534057617 AB 6.7911560148462655 1.1010899878148839
62539.0901 lsst_hardware_i 2289.8739317452846 54.920799745624485 31.219999313354492 AB 6.058026129770922 1.0976673545517162
62539.1014 lsst_hardware_u 6.3007380922984835 3.4971893931087448 28.209999084472656 AB 6.082988195936495 1.1006613141018964
62541.0948 lsst_hardware_g 492.613573972546 27.00559042044106 31.43000030517578 AB 6.58299146631536 1.1002214149830591
62541.1082 lsst_hardware_r 1561.2966349434075 46.07000394923638 31.479999542236328 AB 6.5987445246609715 1.1074196449979254
62543.0871 lsst_hardware_i 2025.396619454985 56.34806539545459 31.260000228881836 AB 1.801718333214472 1.0994467327014321
62543.0992 lsst_hardware_r 1625.181321533843 51.393582979154125 31.559999465942383 AB 1.8537914082423106 1.1050917485796188
62546.0847 lsst_hardware_z 4196.056302833064 116.07388129628222 32.459999084472656 AB 3.521235209331764 1.1017057546013802
62548.0842 lsst_hardware_r 1527.9098315723975 79.32008124707883 31.6299991607666 AB 3.4781439070526448 1.1042895249399867
62548.0955 lsst_hardware_i 1793.7613577701504 70.45711004120608 31.309999465942383 AB 3.46284889289269 1.1124427561897503
62552.0592 lsst_hardware_i 1692.5450852411034 68.31964981592895 31.309999465942383 AB 3.6796825643777185 1.0985220114571754
62552.072 lsst_hardware_z 838.6701377439142 61.41735397815488 30.969999313354492 AB 3.6932768671774494 1.1035687850131821
62556.0595 lsst_hardware_i 12.664739150160328 30.139999389648438 31.239999771118164 AB 8.737329255406083 1.1027340246621056
62556.0713 lsst_hardware_r 9.017549972632022 21.68000030517578 31.469999313354492 AB 8.783934226362643 1.1104847315249864
62557.0573 lsst_hardware_u -1.2065646165929103 2.4600000381469727 28.270000457763672 AB 9.812188248565963 1.103009451829429
62557.0699 lsst_hardware_g -0.05110120515217586 12.640000343322754 31.34000015258789 AB 9.942594217331237 1.1115771240320012
62559.0569 lsst_hardware_r 28.660296929846094 21.469999313354492 31.459999084472656 AB 8.6974193128034 1.1059790580879194
62559.0697 lsst_hardware_i 56.474172543274044 30.040000915527344 31.239999771118164 AB 8.800067795884079 1.1163348719883393
62563.0473 lsst_hardware_u 1.4885811517269913 2.5 28.309999465942383 AB 6.950899522188324 1.1068605093853325
62563.0599 lsst_hardware_g 5.413345714684528 12.609999656677246 31.34000015258789 AB 7.028252397015264 1.1174432429835466
62568.0463 lsst_hardware_r -8.654038410390232 21.739999771118164 31.459999084472656 AB 10.392738070008921 1.1174987172052604
62572.0411 lsst_hardware_i 2.4979679540673265 33.349998474121094 31.25 AB 8.210664493178484 1.1236582530437569
62572.0541 lsst_hardware_z -59.507328751735265 43.20000076293945 30.940000534057617 AB 8.822154909415257 1.140894246411131
62822.3433 lsst_hardware_i 52.661910119928635 38.290000915527344 31.270000457763672 AB 3.5516331214190298 1.1112454685950406
62822.356 lsst_hardware_z 28.469048450648952 60.68000030517578 30.969999313354492 AB 3.5826131839135873 1.1238395516014443
62826.2576 lsst_hardware_g -3.956742728965309 12.569999694824219 31.329999923706055 AB 3.7485514633640773 1.1174139894762973
62826.2674 lsst_hardware_r 16.518200947696194 21.559999465942383 31.450000762939453 AB 3.637698220380094 1.1088289637411382
62827.2704 lsst_hardware_i -44.57916777505649 30.09000015258789 31.229999542236328 AB 3.3796056984639833 1.1049277566898934
62827.2785 lsst_hardware_z -39.677202833091535 41.43000030517578 30.940000534057617 AB 3.2788881358962154 1.1007905559186042
62829.3454 lsst_hardware_r -12.6910071263889 23.5 31.489999771118164 AB 9.49443597431685 1.1346575279030615
62833.348 lsst_hardware_z -52.937049349272314 48.560001373291016 30.950000762939453 AB 4.405967053216295 1.1559666937468962
62836.2332 lsst_hardware_u -5.5879148998763215 4.539999961853027 29.610000610351562 AB 8.517224711301184 1.1146254638763813
62836.2449 lsst_hardware_g 16.591281024481983 17.950000762939453 32.119998931884766 AB 8.463431539567237 1.1055120224104895
62836.3007 lsst_hardware_r -26.4579072488904 21.610000610351562 31.469999313354492 AB 7.703368745642572 1.1078670295746746
62836.3085 lsst_hardware_i -38.921172830001225 30.139999389648438 31.229999542236328 AB 7.73952233106996 1.1142416255498846
62840.3124 lsst_hardware_z -119.0721814667934 41.68000030517578 30.940000534057617 AB 3.45656281381474 1.130673402365268
62840.3246 lsst_hardware_r 37.282835597059055 21.790000915527344 31.469999313354492 AB 3.520127874009421 1.1486481166040259
62842.322 lsst_hardware_z -58.70679817582534 48.7400016784668 30.950000762939453 AB 4.790765351838163 1.153474803813362
62842.3341 lsst_hardware_r -25.960469018664917 22.450000762939453 31.459999084472656 AB 5.083445839848019 1.176587394942341
62844.2829 lsst_hardware_i -0.8931572458892302 62.88999938964844 31.31999969482422 AB 7.486191307427546 1.1109856009045802
62844.2949 lsst_hardware_z -18.061237420098156 58.47999954223633 30.969999313354492 AB 7.297089213484686 1.122672289470155
62849.2212 lsst_hardware_r -5.741885300250255 54.16999816894531 31.6200008392334 AB 8.576773722648642 1.0997626187080252
62849.2342 lsst_hardware_z 6.806287259364941 49.54999923706055 30.959999084472656 AB 8.585539490373367 1.0973104045635702
62851.2852 lsst_hardware_y -163.64492468993052 49.04999923706055 30.020000457763672 AB 11.892084932870311 1.134488339066072
62851.298 lsst_hardware_r 30.65017834413981 41.4900016784668 31.59000015258789 AB 12.21148049598232 1.1544764029974306
62853.2204 lsst_hardware_g -35.11563469451898 19.190000534057617 31.530000686645508 AB 5.229255281605872 1.0975070550453068
62853.2336 lsst_hardware_r 8.445449376076938 27.420000076293945 31.540000915527344 AB 5.1694733169707305 1.0982522449482017
62855.2215 lsst_hardware_i 35.411882913458456 30.149999618530273 31.25 AB 5.426707207173542 1.0973575061267968
62855.2341 lsst_hardware_z -54.460713905809975 41.540000915527344 30.950000762939453 AB 5.477259077397326 1.099961658278338
62858.2203 lsst_hardware_r -2.833729067400832 21.549999237060547 31.469999313354492 AB 7.383276695641761 1.0983341434254543
62858.2333 lsst_hardware_u 0.930038228138888 2.5999999046325684 28.399999618530273 AB 7.486008263910875 1.1032767051929602
62863.2171 lsst_hardware_z -67.37064298785275 41.25 30.940000534057617 AB 6.6491259035492245 1.1019889626763877
62863.2297 lsst_hardware_r -32.351783104375784 21.559999465942383 31.469999313354492 AB 6.751197169677736 1.1099378823966686
62870.1976 lsst_hardware_r 37.325908647636915 48.619998931884766 31.610000610351562 AB 2.782444608342803 1.1018128068939295
62870.2108 lsst_hardware_z -32.903364090549104 48.04999923706055 30.959999084472656 AB 2.8910099390521187 1.1101122930026375
62872.1964 lsst_hardware_z -67.0594446996916 53.310001373291016 30.969999313354492 AB 7.5824381086560555 1.104024185884689
62872.2078 lsst_hardware_i -18.66552556113067 54.2400016784668 31.299999237060547 AB 7.6242831970083715 1.1121410833649452
62874.1995 lsst_hardware_z 36.53618764898266 59.58000183105469 30.969999313354492 AB 7.626668952282477 1.1098179499828922
62874.212 lsst_hardware_r -0.634254202011495 83.86000061035156 31.639999389648438 AB 9.04902349758919 1.121594384926771
62879.1647 lsst_hardware_r -31.14360602593931 71.08000183105469 32.369998931884766 AB 5.48289470046034 1.0987764930782273
62879.1787 lsst_hardware_y -20.61595300894976 70.06999969482422 30.780000686645508 AB 5.705594108392155 1.1048609675919454
62883.1583 lsst_hardware_i -4.931997901533018 30.15999984741211 31.239999771118164 AB 1.4897961481487345 1.1002248617012662
62883.1706 lsst_hardware_z 61.86272708084297 41.59000015258789 30.950000762939453 AB 3.3766388865021804 1.1066713999570155
62887.2564 lsst_hardware_i 16.02351868305521 32.099998474121094 31.209999084472656 AB 15.500833112794425 1.3076457830938437
62887.2756 lsst_hardware_z -25.45456326706322 45.70000076293945 30.90999984741211 AB 16.471006464259702 1.3900170019207307
62889.1634 lsst_hardware_z 6.091406628420817 41.86000061035156 30.940000534057617 AB 8.658224984718508 1.1139323678769846
62889.1778 lsst_hardware_r 42.52893533699424 21.770000457763672 31.459999084472656 AB 9.859639960958527 1.1296670600229373
62895.1523 lsst_hardware_z -23.01009642827203 41.95000076293945 30.940000534057617 AB 11.167871178277712 1.1190812343582055
62895.1643 lsst_hardware_r -19.974587322896273 21.829999923706055 31.459999084472656 AB 11.317358987775092 1.1334833522789394
62897.0919 lsst_hardware_z 10.394014392945582 43.84000015258789 30.950000762939453 AB 9.777663567550325 1.0992314297414645
62897.1046 lsst_hardware_r -13.066284483825646 33.150001525878906 31.579999923706055 AB 9.751679924192764 1.0973280360303557
62906.0953 lsst_hardware_z 100.25648694899282 79.8499984741211 31.719999313354492 AB 6.605044303408723 1.1001683921062684
62908.1453 lsst_hardware_z 11.5869793670043 87.86000061035156 32.150001525878906 AB 2.529959302451097 1.1597781116786936
62908.1663 lsst_hardware_r -56.33558628287868 79.43000030517578 32.349998474121094 AB 2.491883089105608 1.2051667366301504
62910.089 lsst_hardware_r 16.144704915236584 21.559999465942383 31.469999313354492 AB 3.765913217398588 1.1021378584197024
62910.1004 lsst_hardware_u 2.0080946876805514 2.5999999046325684 28.399999618530273 AB 3.78967288436343 1.1092266601385674
62912.0827 lsst_hardware_g 7.289505171794017 12.75 31.3700008392334 AB 1.881686557392345 1.1017437759799045
62912.0945 lsst_hardware_r -0.7638112987611797 21.75 31.469999313354492 AB 1.63857821130529 1.10889569905615
62914.063 lsst_hardware_r -2.1010699425484725 21.510000228881836 31.459999084472656 AB 1.2592538508129991 1.097628111408149
62914.0784 lsst_hardware_i 49.5192086708463 30.079999923706055 31.229999542236328 AB 1.386781764138552 1.1022972226046648
62919.0575 lsst_hardware_u 0.5188917762491395 2.6500000953674316 28.440000534057617 AB 5.839956289623912 1.0993893617514896
62919.0689 lsst_hardware_g -2.9193506961896727 12.729999542236328 31.3700008392334 AB 6.12248812500418 1.104544132239614
62921.0593 lsst_hardware_r 9.155991623842983 30.510000228881836 32.220001220703125 AB 8.724856714898502 1.1023076255122852
62921.0727 lsst_hardware_z 102.26114390756089 58.75 31.690000534057617 AB 8.787480136357686 1.1110851848261163
62923.0584 lsst_hardware_r -5.8239606363859835 21.850000381469727 31.469999313354492 AB 7.087280904803354 1.1047982704292056
62923.0716 lsst_hardware_u 2.2860957962424946 2.4600000381469727 28.270000457763672 AB 7.216452187825398 1.114911760401493
62925.0555 lsst_hardware_g 10.859447064263211 19.530000686645508 31.530000686645508 AB 6.156775794235282 1.1064217076873588
62925.0684 lsst_hardware_r -26.943563649858028 25.59000015258789 31.510000228881836 AB 6.133275592128462 1.1170874570166172
62929.0501 lsst_hardware_r 5.313687512713851 66.87000274658203 32.349998474121094 AB 4.977154692636549 1.1104762812665212
62929.0648 lsst_hardware_z -106.85069090139567 67.56999969482422 31.700000762939453 AB 5.03962302279443 1.1250414159603594
62932.0484 lsst_hardware_z -93.92946920463356 55.029998779296875 30.969999313354492 AB 7.243175189313322 1.116223638359273
62932.0615 lsst_hardware_i 62.47817060524676 57.72999954223633 31.309999465942383 AB 7.3188856283769095 1.1311450664638982
62935.0485 lsst_hardware_z -67.47816884555404 81.58999633789062 31.719999313354492 AB 11.335816435593568 1.1251430705303616
62935.0626 lsst_hardware_r -48.541470976649244 111.02999877929688 32.380001068115234 AB 11.568979915285864 1.1445369920148087
