data/validation/pwv_sim_epoch_fit_seasonal/43109079.ecsv
# %ECSV 0.9
# ---
# datatype:
# - {name: time, datatype: float64}
# - {name: band, datatype: string}
# - {name: flux, datatype: float64}
# - {name: fluxerr, datatype: float64}
# - {name: zp, datatype: float64}
# - {name: zpsys, datatype: string}
# - {name: pwv, datatype: float64}
# - {name: airmass, datatype: float64}
# meta: {SNID: '43109079', alt: 1024.0, c: -0.07242539525032043, dec: -12.48276, lat: -30.244573, lon: -70.7499537, ra: 250.3125, t0: 60422.87109375,
#   x0: 9.099753029517249e-06, x1: 0.37334781885147095, z: 0.47842511534690857}
# schema: astropy-2.0
time band flux fluxerr zp zpsys pwv airmass
60385.4014 lsst_hardware_r -57.31616101660338 26.489999771118164 31.530000686645508 AB 9.56749184145233 1.0506030572605047
60389.271 lsst_hardware_u -0.8704179861964355 2.5799999237060547 28.15999984741211 AB 6.475019174899861 1.4290485930037704
60392.383 lsst_hardware_r 48.72048849749359 37.560001373291016 31.59000015258789 AB 7.078357466184997 1.050435180854047
60392.4026 lsst_hardware_y 85.2056697484327 49.880001068115234 30.040000915527344 AB 7.176387107652338 1.0531827278620742
60395.3318 lsst_hardware_r 74.45224957990094 95.67939095748484 31.639999389648438 AB 7.611856971308586 1.09566475530728
60395.3487 lsst_hardware_y -72.41783608542184 55.63687317986495 30.049999237060547 AB 8.318450943264123 1.0690836696529882
60397.3952 lsst_hardware_z 20.294444337178632 96.49087159110269 31.739999771118164 AB 9.763788016978683 1.057068352614076
60399.3614 lsst_hardware_r 68.95952027756367 91.96662093245025 31.649999618530273 AB 4.357170821235121 1.0511026426266645
60399.3798 lsst_hardware_z 176.02781884510716 68.50536167427764 30.979999542236328 AB 5.257889995129652 1.0515779990259304
60405.2446 lsst_hardware_u 1.1027979671452073 3.6171075103813153 28.31999969482422 AB 19.496439811162247 1.312862100367829
60405.2655 lsst_hardware_g 358.6703876485444 24.43938071661836 31.40999984741211 AB 17.67115263611047 1.210352920281539
60406.2349 lsst_hardware_r 2434.655263747918 59.841206189040484 32.209999084472656 AB 11.72426306259316 1.3557326596108488
60406.2545 lsst_hardware_i 1549.2899005193538 61.09298116553874 31.979999542236328 AB 9.973746784598292 1.2467183480747865
60413.3529 lsst_hardware_z 1206.6460499686004 54.42502934598132 30.959999084472656 AB 7.1062055842185705 1.0581271499022564
60413.3697 lsst_hardware_u 17.64705270990181 4.934746022380381 28.56999969482422 AB 7.218893196398211 1.0769913016482897
60415.3259 lsst_hardware_g 1506.7496377521961 41.27532997525973 31.479999542236328 AB 17.93671587869168 1.0497697504062709
60415.3427 lsst_hardware_r 3056.086004080253 60.353542028139394 31.530000686645508 AB 18.166504397909197 1.0547969631974683
60420.2066 lsst_hardware_z 1640.4411065969978 66.86469255938594 30.950000762939453 AB 8.804060912008609 1.2961444110428575
60420.2205 lsst_hardware_i 2198.59387807961 68.9169528084969 31.280000686645508 AB 9.804442746834813 1.2275244972353332
60423.3133 lsst_hardware_z 3524.148308205445 115.28819196270065 31.739999771118164 AB 9.356014595016152 1.051237594945635
60426.2987 lsst_hardware_r 3891.439723929022 143.79486445863395 31.65999984741211 AB 2.1198043880309494 1.0498845456424692
60426.3162 lsst_hardware_i 2392.386774529811 116.0099860941238 31.34000015258789 AB 2.13492197456246 1.0571973628832385
60429.2957 lsst_hardware_z 3357.3023439855474 95.86620402752226 31.719999313354492 AB 11.513260242180237 1.0508634759200655
60443.223 lsst_hardware_z 936.3419324006528 51.57468683238339 30.940000534057617 AB 7.135184355493065 1.0631281167388742
60443.2426 lsst_hardware_i 1321.9770973852524 48.261679141557984 31.25 AB 7.078343221483435 1.0507189344111816
60445.2194 lsst_hardware_u -1.4553719576517339 3.480010432581676 28.399999618530273 AB 5.686552507370534 1.0613199901774044
60445.2398 lsst_hardware_g 253.33857251984284 21.978177115446808 31.450000762939453 AB 5.520085702898607 1.0501447166173283
60447.2275 lsst_hardware_r 1023.010502855359 45.89587749520112 31.559999465942383 AB 8.41615423215993 1.0521507978697249
60447.2472 lsst_hardware_i 1235.7651827913896 46.20689241597302 31.25 AB 8.404410720288457 1.0510549705427756
60452.189 lsst_hardware_r 1023.718013710707 126.95737817142613 31.649999618530273 AB 2.14880703881294 1.07440351940647
60454.1532 lsst_hardware_r 998.3160659243748 164.0391251588414 31.639999389648438 AB 6.448306496866282 1.1369332642138612
60458.184 lsst_hardware_z 629.9790065556903 56.95097578174718 30.969999313354492 AB 9.338855576324567 1.0612335882187007
60458.2031 lsst_hardware_i 693.9099952585057 55.96799537511478 31.309999465942383 AB 9.243287462344888 1.0503735752664645
60460.1793 lsst_hardware_u 3.6237600434634034 4.117792716368752 28.639999389648438 AB 8.284376493202231 1.060535939730171
60460.2007 lsst_hardware_g 61.450947575007156 26.789965267683517 31.6200008392334 AB 8.210219243360518 1.0499001589975085
60462.1858 lsst_hardware_r 360.83909420643823 31.519428721162225 31.510000228881836 AB 10.748670131104957 1.0524755948304774
60462.2095 lsst_hardware_i 597.9819122521681 40.1203294637406 31.25 AB 11.055710921235567 1.0522567501175986
60466.1577 lsst_hardware_r 349.9014967600449 30.342416631483616 31.5 AB 5.993663231611334 1.0657769693907686
60466.1772 lsst_hardware_g 91.97594801107383 17.60831917389225 31.459999084472656 AB 5.688810969990372 1.0515362236581496
60468.1502 lsst_hardware_r 292.1423112014647 29.84077291492921 31.510000228881836 AB 3.2219761717437914 1.0681174114847276
60468.1696 lsst_hardware_i 433.7236083974524 38.538464458732584 31.25 AB 3.5913871121676713 1.052395432248607
60485.1011 lsst_hardware_i 338.2421518440161 68.68974904279877 31.329999923706055 AB 5.66307187964705 1.0714523067522996
60485.12 lsst_hardware_z 338.0237096881212 63.49230592318745 30.979999542236328 AB 5.576317024887011 1.053991373151599
60487.1107 lsst_hardware_r 193.54531982356815 43.69203540407443 31.610000610351562 AB 8.240092782524796 1.056422151605743
60487.1296 lsst_hardware_z 268.2047347739937 50.47361286179262 30.959999084472656 AB 8.447511416740836 1.0497715194160624
60490.1176 lsst_hardware_g 30.595792605820005 16.21206425288206 31.440000534057617 AB 3.7696612313467113 1.050044911238729
60490.1379 lsst_hardware_r 211.79452833272651 27.543579792572743 31.510000228881836 AB 3.3927098068459847 1.0547830893350036
60493.093 lsst_hardware_r 126.57224144844244 27.326660642648903 31.510000228881836 AB 6.843047913465359 1.05738571930961
60493.1149 lsst_hardware_i 340.869544295007 35.04680738135437 31.25 AB 6.778699758686545 1.0498218613422274
60497.1143 lsst_hardware_u -1.218947597435784 3.8499999046325684 29.170000076293945 AB 2.703837676138131 1.0524181678124414
60497.1367 lsst_hardware_r 23.589032093782293 33.95000076293945 32.25 AB 1.9294694461284638 1.0719274700713688
60499.0954 lsst_hardware_i -2.4689383505375107 44.43000030517578 32.0099983215332 AB 3.288362511810031 1.0498124439108325
60499.1176 lsst_hardware_z -24.201857476782873 59.400001525878906 31.700000762939453 AB 3.3177907927532457 1.0577441422167277
60501.0945 lsst_hardware_r 1.1825117881075542 23.889999389648438 31.510000228881836 AB 7.723767978943367 1.049948069093756
60501.1152 lsst_hardware_u -4.578359930521971 2.75 28.440000534057617 AB 7.702765947734272 1.0602933270565247
60503.0917 lsst_hardware_g -3.3348898934879876 18.600000381469727 31.540000915527344 AB 7.249736706530272 1.050382020650607
60503.1129 lsst_hardware_r 14.59723216025196 25.5 31.530000686645508 AB 7.372968708406965 1.063306707298348
60506.0641 lsst_hardware_r -54.09629325932912 48.88999938964844 31.6200008392334 AB 4.100026637382842 1.0532242935435652
60506.0863 lsst_hardware_i 78.61028427226888 45.4900016784668 31.299999237060547 AB 4.040501734808524 1.0511190777337471
60508.0629 lsst_hardware_z -116.33079826975244 66.5999984741211 30.979999542236328 AB 2.295742689267163 1.0514049412718363
60508.0852 lsst_hardware_r 53.506194182762115 86.56999969482422 31.649999618530273 AB 2.545615249377831 1.0528497619264483
60511.0629 lsst_hardware_z -41.83099776468304 77.11000061035156 30.989999771118164 AB 5.983860959714119 1.049800168370898
60511.0854 lsst_hardware_r -119.51929662509178 113.69000244140625 31.649999618530273 AB 5.995347631848404 1.0581892625489917
60514.0461 lsst_hardware_i 74.9502406213572 58.06999969482422 31.31999969482422 AB 6.414474414167778 1.0515531826504554
60514.0666 lsst_hardware_z -58.600024397674865 55.56999969482422 30.969999313354492 AB 6.416477831434739 1.0518816117106131
60516.0391 lsst_hardware_r 34.12881777013368 24.020000457763672 31.510000228881836 AB 9.664755429002943 1.0521561231995076
60516.0615 lsst_hardware_u -2.8254089203896235 2.6700000762939453 28.3700008392334 AB 8.899445360816602 1.0520267981105604
60520.0198 lsst_hardware_u 1.9523808070180009 2.7300000190734863 28.40999984741211 AB 5.412703529687886 1.0569966209317272
60520.0413 lsst_hardware_g 14.381362911837067 15.170000076293945 31.440000534057617 AB 5.364287027504247 1.0498311098253468
60525.0143 lsst_hardware_r 13.933148259789577 24.190000534057617 31.5 AB 0.41300908382544627 1.052252442867379
60525.0347 lsst_hardware_i 2.666158794326326 31.510000228881836 31.25 AB 0.339540815791076 1.0512099560095232
60529.0074 lsst_hardware_u -0.41340847608178294 2.859999895095825 28.5 AB 4.0749377492112835 1.05082849079244
60529.0281 lsst_hardware_r 16.096610110334783 24.399999618530273 31.510000228881836 AB 4.055853146782427 1.052966936986481
60531.0051 lsst_hardware_i -15.811738269721292 32.099998474121094 31.260000228881836 AB 3.409424294357234 1.0501306861469921
60531.025 lsst_hardware_z 63.99501373813252 42.2599983215332 30.950000762939453 AB 3.2680879258490143 1.0542219115641982
60532.9814 lsst_hardware_y -56.533993499872814 48.88999938964844 30.040000915527344 AB 5.847309180608438 1.0592951414153664
60533.0029 lsst_hardware_r -35.902193688717205 29.729999542236328 31.559999465942383 AB 2.409286194655272 1.0497979061678746
60534.9796 lsst_hardware_y 9.074728560059196 51.189998626708984 30.049999237060547 AB 5.566171064571578 1.0564500241184933
60534.9976 lsst_hardware_g -103.49375694261822 46.619998931884766 31.709999084472656 AB 5.388931568732126 1.0497918640387258
60538.9703 lsst_hardware_y 26.160086891676034 72.66999816894531 30.06999969482422 AB 3.553109049774879 1.0553528030815709
60538.9899 lsst_hardware_r 12.90347422796737 80.7300033569336 31.649999618530273 AB 3.6779487367359187 1.049867619135351
60540.9715 lsst_hardware_y -94.46752534345664 71.41000366210938 30.06999969482422 AB 2.725700622073331 1.0518863953971198
60540.9896 lsst_hardware_r -17.20932540475835 84.08999633789062 31.65999984741211 AB 2.691329322657209 1.0507874368596057
60542.9716 lsst_hardware_y -53.58781857308295 69.66000366210938 30.06999969482422 AB 3.473034863290155 1.0502600261952992
60542.9915 lsst_hardware_z -4.499244981340451 49.939998626708984 30.969999313354492 AB 3.4964548904758184 1.053810339965084
60749.2713 lsst_hardware_z 14.403175881775423 71.16000366210938 30.920000076293945 AB 13.504295803830022 1.5522179084862096
60749.2888 lsst_hardware_y 152.2744815976596 57.900001525878906 29.940000534057617 AB 12.206690896471157 1.4030679191346158
60753.3924 lsst_hardware_r 96.67331647915742 118.2300033569336 32.40999984741211 AB 6.610749120298107 1.051007425159015
60755.3908 lsst_hardware_y -10.888908316430507 75.12000274658203 30.809999465942383 AB 6.3487830064640915 1.050108836355191
60761.3814 lsst_hardware_i 31.549810276178576 31.770000457763672 31.260000228881836 AB 8.245764780293097 1.049880924407073
60761.4005 lsst_hardware_y -78.18780132399901 48.63999938964844 30.049999237060547 AB 8.270636224235249 1.0585059479407826
60763.3568 lsst_hardware_z -66.47883700538651 42.11000061035156 30.950000762939453 AB 9.33221976366058 1.0548158765334517
60763.3763 lsst_hardware_i -42.2669459715874 31.670000076293945 31.260000228881836 AB 9.677443268411073 1.049917901245258
60766.3566 lsst_hardware_u -1.5122022203867111 2.819999933242798 28.479999542236328 AB 6.330265328430009 1.0511025867048718
60766.3757 lsst_hardware_g 2.74940855251989 15.369999885559082 31.459999084472656 AB 7.1313059612132275 1.0518150385270246
60768.3472 lsst_hardware_r -34.81233380954701 24.170000076293945 31.510000228881836 AB 6.020196652094201 1.0526352881412218
60768.3658 lsst_hardware_i -12.687666855814324 31.469999313354492 31.25 AB 6.011617657546687 1.0504464782025518
60772.3475 lsst_hardware_g 14.381576611798344 15.229999542236328 31.459999084472656 AB 8.5053548052165 1.049784597039805
60772.3672 lsst_hardware_r -16.317187044302948 24.15999984741211 31.510000228881836 AB 8.565149180561715 1.0560568621616173
60774.3447 lsst_hardware_i -13.187414300597906 31.309999465942383 31.25 AB 7.555522668860702 1.049791260754561
60774.3637 lsst_hardware_z 13.565119677385951 41.70000076293945 30.950000762939453 AB 7.592590989292135 1.0574761994858994
60781.2694 lsst_hardware_i -59.506109217766166 174.4199981689453 32.52000045776367 AB 18.288636579715607 1.1075966920854898
60781.2881 lsst_hardware_r -121.12431541826498 121.38999938964844 31.65999984741211 AB 17.778020531094786 1.074233090491845
60783.3314 lsst_hardware_z -14.979754301567977 87.19000244140625 31.739999771118164 AB 13.551708517274358 1.0527234146876685
60785.3235 lsst_hardware_r -8.296781142786223 44.29999923706055 31.6200008392334 AB 3.746641795889003 1.051688925161749
60785.341 lsst_hardware_i 9.863354692957367 42.540000915527344 31.299999237060547 AB 4.753318006986804 1.0640962630371174
60791.2937 lsst_hardware_i 10.035612931051693 31.3700008392334 31.25 AB 3.949097967840182 1.0499429625364392
60791.3126 lsst_hardware_z -21.22137610443387 41.7599983215332 30.950000762939453 AB 3.9579346628332894 1.054324630482985
60796.2811 lsst_hardware_g -9.851469725687208 15.229999542236328 31.469999313354492 AB 9.466321788947907 1.0498402213189548
60796.3001 lsst_hardware_r -3.7432558996577905 24.049999237060547 31.510000228881836 AB 10.33077395704568 1.055021850188522
60799.2599 lsst_hardware_r -4.469874350712563 24.1200008392334 31.520000457763672 AB 9.718771196244155 1.0540013949835505
60799.278 lsst_hardware_i -29.51556600713673 31.3700008392334 31.25 AB 9.672007958103496 1.0499167359944452
60805.2584 lsst_hardware_i -0.35847510704075863 68.37999725341797 31.34000015258789 AB 7.4532778057386535 1.0497574374279794
60805.2771 lsst_hardware_z -76.05689700695672 62.15999984741211 30.989999771118164 AB 7.497987303914146 1.0560545498470628
60807.25 lsst_hardware_i 90.32322626777216 103.41999816894531 31.34000015258789 AB 11.129426563488739 1.0499459022159188
60807.2715 lsst_hardware_z -69.23393098111555 86.76000213623047 31.0 AB 11.116084289748633 1.05595937016708
60809.2316 lsst_hardware_z -30.38653371989942 107.12999725341797 31.0 AB 7.08151859814308 1.0545820697160209
60809.252 lsst_hardware_r 9.209271968544904 151.8800048828125 31.65999984741211 AB 7.171069405270937 1.050090702192259
60811.2315 lsst_hardware_i -75.22937226738983 75.55999755859375 31.34000015258789 AB 5.553271342121019 1.051905354382043
60811.2494 lsst_hardware_r -40.92019047152034 92.20999908447266 31.65999984741211 AB 5.639410682843187 1.050691345704233
60813.2233 lsst_hardware_z -55.97696135741717 70.69999694824219 31.719999313354492 AB 8.420634962823843 1.0531388503672447
60816.2062 lsst_hardware_g -12.376879612768105 15.4399995803833 31.469999313354492 AB 7.941085690121465 1.0591056213554242
60816.2286 lsst_hardware_r 19.38829668890325 26.299999237060547 31.540000915527344 AB 7.232911442989665 1.04975674357925
60822.2012 lsst_hardware_i 33.464872990269185 31.790000915527344 31.260000228881836 AB 5.217375743363382 1.0520139956036594
60822.2191 lsst_hardware_z -2.9167882153910134 42.150001525878906 30.950000762939453 AB 5.221597390573809 1.0506232174192776
60825.1968 lsst_hardware_i -64.20724788813136 31.84000015258789 31.260000228881836 AB 13.029059135683452 1.050730575458343
60825.2157 lsst_hardware_u 0.4283660061506837 2.869999885559082 28.5 AB 12.837588257362942 1.052261332570733
60831.1637 lsst_hardware_r 12.235394880430649 45.400001525878906 31.6200008392334 AB 8.823034235510999 1.0604502241176668
60831.1855 lsst_hardware_i 2.864876314145452 42.650001525878906 31.299999237060547 AB 8.57854852856744 1.0498453148009719
60841.1428 lsst_hardware_z 104.93136250184469 74.12999725341797 31.719999313354492 AB 12.975729593786102 1.0554808378666063
60843.1839 lsst_hardware_g -14.947697112709138 37.630001068115234 31.68000030517578 AB 5.493425899330949 1.0654433474264835
60843.1953 lsst_hardware_r 16.031683685758146 39.91999816894531 31.600000381469727 AB 5.56685474997062 1.0805580052351933
60845.1456 lsst_hardware_r -13.254541448788038 24.3799991607666 31.530000686645508 AB 3.990124250714013 1.0500326975563192
60845.1659 lsst_hardware_i 8.150084476241096 31.739999771118164 31.270000457763672 AB 4.008115709997394 1.0547672921045774
60859.0824 lsst_hardware_i 64.53265329632744 37.599998474121094 31.280000686645508 AB 6.770241617075211 1.0652710864079964
60859.1017 lsst_hardware_z 6.396168274859129 44.5 30.950000762939453 AB 6.728490364603537 1.0514361440676432
60862.0833 lsst_hardware_r 144.93517461129312 79.26000213623047 31.649999618530273 AB 6.558500930053233 1.0569845305555916
60862.1036 lsst_hardware_z -52.666666442758405 62.2400016784668 30.989999771118164 AB 5.560785982094882 1.0497660979948178
60864.0721 lsst_hardware_r -37.18524562946323 120.11000061035156 31.65999984741211 AB 2.003076771451872 1.061842172435473
60864.094 lsst_hardware_i 22.558592430428973 102.27999877929688 31.34000015258789 AB 1.8212184264015745 1.049996210090208
60866.0687 lsst_hardware_z -29.113549354039325 81.76000213623047 31.0 AB 8.88195386018748 1.0599517311148037
60866.0906 lsst_hardware_i 174.06707907638565 96.63999938964844 31.34000015258789 AB 9.12943530004628 1.0498028249506761
60869.0823 lsst_hardware_z 13.168087048982823 78.44999694824219 31.729999542236328 AB 6.552558243036207 1.0498090643048836
60871.0433 lsst_hardware_g 13.714067230366803 15.039999961853027 31.440000534057617 AB 6.755528052481596 1.0729731000725207
60871.0602 lsst_hardware_r 14.444650336908513 23.889999389648438 31.5 AB 6.643011712758929 1.0559408230313692
60876.0412 lsst_hardware_i -16.866061276069516 31.450000762939453 31.25 AB 3.0980361230320015 1.0601241438457858
60876.0602 lsst_hardware_z -15.340805246360688 41.79999923706055 30.950000762939453 AB 2.9497924014623935 1.050153048848866
60878.0339 lsst_hardware_r 11.472213930477732 24.059999465942383 31.510000228881836 AB 6.328430885532756 1.0618172626732811
60878.0548 lsst_hardware_g -8.622144297883574 15.149999618530273 31.459999084472656 AB 5.415587050757612 1.0501429223885228
60885.0124 lsst_hardware_r 21.58241935723122 24.90999984741211 31.520000457763672 AB 4.7524988336458085 1.0642106776343971
60885.0309 lsst_hardware_u 3.3656803585417645 3.0399999618530273 28.559999465942383 AB 4.66203888315518 1.0513703294029835
60889.0135 lsst_hardware_i -33.66596352752084 44.5099983215332 31.290000915527344 AB 2.809421500552401 1.054389754382586
60889.032 lsst_hardware_z 49.40468923346061 48.529998779296875 30.959999084472656 AB 2.764373681977794 1.0498950558214182
60893.0091 lsst_hardware_r 224.63499080449617 90.41999816894531 31.649999618530273 AB 1.1995969702113598 1.051355802113374
60893.0312 lsst_hardware_i -60.29890963906814 74.66999816894531 31.329999923706055 AB 1.287043082334867 1.0527959773700344
60895.0072 lsst_hardware_z 76.26104554716665 66.02999877929688 30.989999771118164 AB 4.090481688980855 1.0503676339076065
60895.027 lsst_hardware_i 30.283100748422996 74.7699966430664 31.34000015258789 AB 4.058493366191786 1.0534244764297767
60897.9802 lsst_hardware_y -6.576825441098971 48.25 30.040000915527344 AB 8.248190607356275 1.0609628719627329
60898.0001 lsst_hardware_u 2.9662570743854753 6.880000114440918 29.09000015258789 AB 10.56669647394665 1.0501586636798497
60899.9825 lsst_hardware_y -2.6125657257478627 48.5099983215332 30.049999237060547 AB 4.404163857199168 1.0549737760777311
60900.0037 lsst_hardware_r -24.629946760784918 24.709999084472656 31.530000686645508 AB 2.3072081987682935 1.050123208238935
60902.9888 lsst_hardware_z 8.17000108241673 60.0 31.709999084472656 AB 6.360743870248591 1.0498586933728968
60908.975 lsst_hardware_y 164.4262644902168 81.9800033569336 30.809999465942383 AB 3.4642219183448466 1.0497642176802566
60909.0016 lsst_hardware_i 90.6164005614125 45.40999984741211 32.0 AB 3.2049834821930063 1.0632478653742141
