data/validation/pwv_sim_epoch_fit_seasonal/43224326.ecsv
# %ECSV 0.9
# ---
# datatype:
# - {name: time, datatype: float64}
# - {name: band, datatype: string}
# - {name: flux, datatype: float64}
# - {name: fluxerr, datatype: float64}
# - {name: zp, datatype: float64}
# - {name: zpsys, datatype: string}
# - {name: pwv, datatype: float64}
# - {name: airmass, datatype: float64}
# meta: {SNID: '43224326', alt: 1024.0, c: -0.04812901094555855, dec: -19.15501, lat: -30.244573, lon: -70.7499537, ra: 225.175781, t0: 62225.49609375,
#   x0: 4.182407478461172e-06, x1: -0.48955512046813965, z: 0.6599087119102478}
# schema: astropy-2.0
time band flux fluxerr zp zpsys pwv airmass
[from data line 132]
62603.2666 lsst_hardware_r 6.773354533095653 24.489999771118164 31.540000915527344 AB 5.957854347258655 1.0186107620548221
62603.2843 lsst_hardware_u 5.132250974597868 3.009999990463257 28.6200008392334 AB 6.032408161544662 1.0240910213979564
62605.2654 lsst_hardware_z 44.38271230094193 65.69000244140625 31.719999313354492 AB 7.181139197410724 1.0189626388663673
62605.2835 lsst_hardware_i -16.59046833415146 39.36000061035156 31.299999237060547 AB 7.22663436470863 1.0273131515685023
62607.2107 lsst_hardware_z 17.226398972708658 62.90999984741211 30.989999771118164 AB 17.19530661301297 1.0529887699334337
62607.2293 lsst_hardware_r 179.25071117866284 85.93000030517578 31.65999984741211 AB 16.8177804683718 1.030106758647687
62609.2636 lsst_hardware_y -60.908178527871236 98.91000366210938 30.829999923706055 AB 12.982906564453579 1.0217732662629602
62615.1581 lsst_hardware_i 0.9360874599408119 61.09000015258789 32.45000076293945 AB 10.692419081716688 1.1218079594726234
62615.1824 lsst_hardware_z 59.543815848067496 76.44000244140625 32.13999938964844 AB 8.417648240026505 1.064032305734761
62617.2299 lsst_hardware_r 2.996090731795497 24.760000228881836 31.530000686645508 AB 6.030671122987012 1.018665767797136
62617.2496 lsst_hardware_u -5.572559269044737 3.119999885559082 28.610000610351562 AB 6.082610928832811 1.0264566326254396
62621.2283 lsst_hardware_z -45.67615179599902 41.7599983215332 30.950000762939453 AB 10.090975568010123 1.0207081115701224
62621.2475 lsst_hardware_r -5.605907264230053 24.959999084472656 31.530000686645508 AB 10.237411746646455 1.0342909422758593
62624.2109 lsst_hardware_u -2.431824803623055 2.940000057220459 28.559999465942383 AB 12.111001360096425 1.0186728370843994
62624.2305 lsst_hardware_g -19.883313483777485 16.0 31.510000228881836 AB 12.141373798547571 1.026465306344729
62626.213 lsst_hardware_r -3.6445761965049606 24.770000457763672 31.540000915527344 AB 9.310757380013461 1.0201333822738767
62626.2311 lsst_hardware_i 42.44904566411935 31.739999771118164 31.260000228881836 AB 9.397108139479991 1.0315534567104532
62628.1916 lsst_hardware_i 14.399490120739975 31.709999084472656 31.260000228881836 AB 6.515189912506734 1.0192990919412896
62628.2088 lsst_hardware_z -31.968642274064305 41.72999954223633 30.950000762939453 AB 6.950043675925131 1.0205644164354084
62630.0929 lsst_hardware_g 21.992814727085094 17.989999771118164 31.459999084472656 AB 10.366937604097526 1.2103367377137522
62630.1078 lsst_hardware_i -11.24951458443248 33.18000030517578 31.239999771118164 AB 9.781793660016497 1.1517929578478712
62632.1979 lsst_hardware_z 17.55831119508237 42.849998474121094 30.959999084472656 AB 7.942941332361604 1.020571942398212
62632.2184 lsst_hardware_r 38.03019071962963 24.860000610351562 31.520000457763672 AB 7.7873047641145465 1.0352819778799056
62635.1589 lsst_hardware_y -0.378675898368924 73.51000213623047 30.809999465942383 AB 6.472081262531539 1.0253614167508438
62638.1584 lsst_hardware_r 156.79258741659882 172.02999877929688 31.670000076293945 AB 8.047999324390624 1.0211577255373725
62638.1799 lsst_hardware_i 59.11511665180978 137.6999969482422 31.350000381469727 AB 6.956755802481614 1.0200272430998831
62640.0686 lsst_hardware_z 163.79487386190056 77.22000122070312 30.969999313354492 AB 9.704504251800913 1.1973724631558582
62640.0849 lsst_hardware_r -73.38432779639531 106.97000122070312 31.639999389648438 AB 9.108390527287376 1.1370682582829494
62643.1405 lsst_hardware_z -70.0080682485135 45.0099983215332 30.959999084472656 AB 5.032493954977032 1.0232285782498227
62643.1626 lsst_hardware_r 11.166095596078275 41.9900016784668 31.6200008392334 AB 5.048736321267907 1.0191231976721653
62645.1153 lsst_hardware_g 24.95996860360459 15.609999656677246 31.459999084472656 AB 9.004500313831914 1.0411231164702655
62645.1343 lsst_hardware_i 5.4561254578412 31.459999084472656 31.260000228881836 AB 7.708269992657695 1.0236519766261378
62651.1212 lsst_hardware_u 2.3193427885795677 2.9200000762939453 28.549999237060547 AB 12.366445553770523 1.021914723997151
62651.1389 lsst_hardware_g 0.5663614647754421 15.770000457763672 31.5 AB 12.334700760825154 1.0188354152663948
62656.0999 lsst_hardware_z 72.23204607981877 41.459999084472656 30.940000534057617 AB 11.928449426591039 1.0265373392265722
62656.1221 lsst_hardware_r -10.023365012856292 24.209999084472656 31.510000228881836 AB 11.820909575161078 1.0186121895312543
62658.088 lsst_hardware_r -18.82252666682471 24.18000030517578 31.520000457763672 AB 5.263245118308576 1.0320088467271717
62658.1087 lsst_hardware_u 0.474464291146964 2.7300000190734863 28.420000076293945 AB 5.199593766910136 1.0195281895902228
62677.0522 lsst_hardware_r -2.9582818719603963 24.040000915527344 31.510000228881836 AB 4.806544656310007 1.0210397570494243
62677.0739 lsst_hardware_z 0.6696068363888167 41.34000015258789 30.950000762939453 AB 4.878509168850483 1.020181758437993
62679.045 lsst_hardware_r -10.697274032028487 24.079999923706055 31.510000228881836 AB 7.668920871328985 1.0217961722324993
62679.064 lsst_hardware_u -0.3735834808170681 2.7300000190734863 28.420000076293945 AB 7.711969642858878 1.0190683578635702
62681.0495 lsst_hardware_g 13.999751448784943 15.350000381469727 31.469999313354492 AB 3.6026547366685002 1.0188503214560238
62681.0684 lsst_hardware_r 24.722352869890194 24.110000610351562 31.510000228881836 AB 3.610772371917251 1.022447224102294
62683.0362 lsst_hardware_i -27.450746098629875 31.149999618530273 31.25 AB 8.312828148589585 1.020887065007471
62683.0572 lsst_hardware_z 22.078758347153492 41.18000030517578 30.950000762939453 AB 8.172203460941942 1.020080318832756
62687.0114 lsst_hardware_z 16.40831403126923 41.66999816894531 30.959999084472656 AB 3.856334717416124 1.0296372510011012
62687.0333 lsst_hardware_r -10.484538895740812 24.59000015258789 31.530000686645508 AB 3.861525854612196 1.018827453835503
62689.0149 lsst_hardware_z 7.753405562241457 42.25 30.950000762939453 AB 3.06968359627557 1.02322786542519
62689.0373 lsst_hardware_g -9.018287058954964 21.600000381469727 31.579999923706055 AB 3.057543505655099 1.0191811685516996
62695.9964 lsst_hardware_r 237.0473300582007 95.4800033569336 31.65999984741211 AB 8.498176616105113 1.022890781909708
62696.0184 lsst_hardware_z -23.49750699049598 66.80000305175781 30.989999771118164 AB 7.144337007091414 1.0192242059691727
62697.9956 lsst_hardware_r -145.41788262113923 64.19000244140625 31.649999618530273 AB 4.289527427340623 1.0207489713668494
62698.0145 lsst_hardware_y -49.48885645630819 51.52000045776367 30.059999465942383 AB 4.462035481723313 1.0195830943080157
62699.962 lsst_hardware_z -83.81309698834353 53.88999938964844 30.969999313354492 AB 2.0528692581963974 1.045249113134622
62699.9687 lsst_hardware_g -22.148818032196708 17.31999969482422 31.5 AB 2.0503597527201416 1.0368443755854067
62702.9739 lsst_hardware_y 43.431115849333175 48.2400016784668 30.049999237060547 AB 5.646588529158093 1.0249132131821321
62702.9926 lsst_hardware_i 3.17032020068928 31.75 31.260000228881836 AB 5.575217869294401 1.0186147142438005
62707.9598 lsst_hardware_y -3.1694915670844415 67.69000244140625 30.06999969482422 AB 8.468748164577239 1.025210116164547
62707.9774 lsst_hardware_g 11.002781867015866 16.59000015258789 31.489999771118164 AB 8.386093537821214 1.0186879088731775
62711.9623 lsst_hardware_y -33.92727825190778 73.63999938964844 30.06999969482422 AB 5.380644978654669 1.0192867701805328
62711.9807 lsst_hardware_u 4.372216073361986 3.0199999809265137 28.479999542236328 AB 5.397609319658907 1.0210497483433405
