data/validation/pwv_sim_epoch_fit_seasonal/4328660.ecsv
# %ECSV 0.9
# ---
# datatype:
# - {name: time, datatype: float64}
# - {name: band, datatype: string}
# - {name: flux, datatype: float64}
# - {name: fluxerr, datatype: float64}
# - {name: zp, datatype: float64}
# - {name: zpsys, datatype: string}
# - {name: pwv, datatype: float64}
# - {name: airmass, datatype: float64}
# meta: {SNID: '4328660', alt: 1024.0, c: -0.14192089438438416, dec: -31.738394, lat: -30.244573, lon: -70.7499537, ra: 74.355469, t0: 62429.140625,
#   x0: 1.1502797687775454e-05, x1: 1.2819206714630127, z: 0.43314531445503235}
# schema: astropy-2.0
time band flux fluxerr zp zpsys pwv airmass
[from data line 132]
62827.104 lsst_hardware_r 59.549635561041065 22.8700008392334 31.440000534057617 AB 4.998019311773181 1.3029813543618982
62829.1162 lsst_hardware_i 26.044236874023582 31.610000610351562 31.219999313354492 AB 9.61570562430439 1.2137466601974658
62829.1332 lsst_hardware_z 67.64216861574347 42.5 30.93000030517578 AB 10.0816538109794 1.1472068514997853
62831.1101 lsst_hardware_r -17.28797223442291 22.579999923706055 31.459999084472656 AB 4.371614355737968 1.2165902659753158
62831.1262 lsst_hardware_u -1.966171596804745 2.5799999237060547 28.34000015258789 AB 6.016456245085711 1.1525594249936708
62833.1348 lsst_hardware_u 4.49290498039114 2.5999999046325684 28.3799991607666 AB 4.653030933753975 1.1080843660456603
62833.1535 lsst_hardware_g 17.58681506814965 13.119999885559082 31.399999618530273 AB 4.510363368290347 1.0627206051341873
62836.1505 lsst_hardware_r 25.161985906645917 24.65999984741211 31.520000457763672 AB 8.602872524220887 1.0525966626967926
62836.1555 lsst_hardware_i -11.01108737939501 31.280000686645508 31.260000228881836 AB 8.529425439889476 1.0437803923992832
62838.1278 lsst_hardware_z -32.508634115312056 44.34000015258789 30.950000762939453 AB 7.046438304484869 1.090269013971966
62838.1445 lsst_hardware_r -9.256161067609995 35.93000030517578 31.600000381469727 AB 6.810855089823005 1.0536018544440278
62840.1425 lsst_hardware_i 17.930667000407393 45.560001373291016 31.299999237060547 AB 2.721329175206757 1.0473364368980462
62840.1642 lsst_hardware_z -8.916910143578184 47.7400016784668 30.969999313354492 AB 2.5173851907215723 1.0174679113728147
62842.046 lsst_hardware_y 26.371572100079792 56.11000061035156 29.93000030517578 AB 6.36888354931156 1.4142075162229917
62842.0694 lsst_hardware_z -127.44048650541947 59.5 30.950000762939453 AB 5.648479600971913 1.2681813203798635
62849.0477 lsst_hardware_y 106.62466842933858 50.209999084472656 29.969999313354492 AB 10.127449534010532 1.281955637216523
62849.0712 lsst_hardware_r 13.748228835714107 22.209999084472656 31.459999084472656 AB 9.275271538957412 1.1740850049313178
62851.0479 lsst_hardware_y -56.9942235548752 50.560001373291016 29.969999313354492 AB 12.528293322253882 1.2524779043591834
62851.0703 lsst_hardware_r -10.805914757607706 22.450000762939453 31.469999313354492 AB 11.57964324940062 1.157150081238209
62853.0466 lsst_hardware_z 13.76000770862217 45.54999923706055 30.940000534057617 AB 4.954527399693676 1.2323162292485204
62853.0674 lsst_hardware_g 11.940087547298889 13.270000457763672 31.389999389648438 AB 4.627286922660754 1.1481389300070106
62855.0475 lsst_hardware_y 33.4233888672905 50.45000076293945 30.010000228881836 AB 6.608723316761692 1.2037747389368962
62855.069 lsst_hardware_i -17.083645824109706 30.68000030517578 31.25 AB 5.896643523842122 1.1250452704683276
62858.0487 lsst_hardware_y 16.486179427809844 50.34000015258789 30.010000228881836 AB 5.692319816484124 1.1662399104985561
62858.071 lsst_hardware_r -13.152340383063233 21.969999313354492 31.479999542236328 AB 5.357427982338202 1.095924717671743
62860.0482 lsst_hardware_y 61.49319709827801 50.2400016784668 30.010000228881836 AB 8.204440470862247 1.148437915854178
62860.07 lsst_hardware_g -2.008412068560294 12.979999542236328 31.3700008392334 AB 7.803539196243897 1.0846283167499857
62865.0574 lsst_hardware_y 199.0380236522438 69.22000122070312 30.790000915527344 AB 9.174010371478245 1.0820854208179296
62866.048 lsst_hardware_z 48.83351979793093 46.20000076293945 30.950000762939453 AB 8.248757153035745 1.0989917267475777
62866.0693 lsst_hardware_r 1.6905135345122806 28.0 31.549999237060547 AB 7.90119476772827 1.0512849373286979
62868.0479 lsst_hardware_y -10.496118600432103 51.27000045776367 30.040000915527344 AB 7.515744754082714 1.0852538632194908
62868.07 lsst_hardware_z 11.305336954795246 44.939998626708984 30.959999084472656 AB 7.470884492764604 1.0407064207974477
62870.0491 lsst_hardware_y -23.18622986479564 52.79999923706055 30.040000915527344 AB 2.435515333278129 1.0698507943237994
62870.0724 lsst_hardware_z 66.77160232308414 50.29999923706055 30.969999313354492 AB 2.3348307921289835 1.0291265199466595
62872.0462 lsst_hardware_y -91.3087916044355 56.97999954223633 30.049999237060547 AB 10.369371128825847 1.0643985966768472
62872.0682 lsst_hardware_i 116.04114300411774 61.810001373291016 31.329999923706055 AB 10.059543084521877 1.0274625239536168
62874.0453 lsst_hardware_y -46.748717907398344 59.72999954223633 30.059999465942383 AB 8.395784535925939 1.055310251821128
62874.0643 lsst_hardware_r -1.8312788030138678 89.47000122070312 31.65999984741211 AB 8.384542058754663 1.025475255618986
62879.043 lsst_hardware_y -7.716778101690319 56.0099983215332 30.059999465942383 AB 2.138013329011673 1.0359846536701165
62879.061 lsst_hardware_g 10.568488853232914 12.979999542236328 31.40999984741211 AB 2.1426721593797806 1.014282678996346
