data/validation/pwv_sim_epoch_fit_seasonal/43345639.ecsv
# %ECSV 0.9
# ---
# datatype:
# - {name: time, datatype: float64}
# - {name: band, datatype: string}
# - {name: flux, datatype: float64}
# - {name: fluxerr, datatype: float64}
# - {name: zp, datatype: float64}
# - {name: zpsys, datatype: string}
# - {name: pwv, datatype: float64}
# - {name: airmass, datatype: float64}
# meta: {SNID: '43345639', alt: 1024.0, c: -0.02557409554719925, dec: -34.590576, lat: -30.244573, lon: -70.7499537, ra: 225.527344, t0: 62687.8203125,
#   x0: 6.274364484670003e-06, x1: 0.6807774901390076, z: 0.5585022568702698}
# schema: astropy-2.0
time band flux fluxerr zp zpsys pwv airmass
62539.3152 lsst_hardware_i -29.208283714359265 33.529998779296875 31.219999313354492 AB 4.710867623968782 1.2789975222884087
62539.3347 lsst_hardware_z -81.5898590761392 43.7400016784668 30.93000030517578 AB 5.697006906195832 1.1897268259780471
62541.3177 lsst_hardware_r 4.729635755293486 24.860000610351562 31.479999542236328 AB 6.725319041254641 1.2395187838095543
62541.3351 lsst_hardware_u -1.8206919791205483 2.75 28.389999389648438 AB 7.726986407167101 1.1674536271908393
62546.3159 lsst_hardware_z -70.54159410411329 43.70000076293945 30.93000030517578 AB 3.185973577093261 1.1885004639741088
62546.3343 lsst_hardware_u -1.0080987764179246 2.7300000190734863 28.3799991607666 AB 2.7613052583971145 1.1248824761776615
62550.3058 lsst_hardware_r -95.87347581537921 84.0999984741211 31.6200008392334 AB 5.821809918837729 1.1852822148598214
62550.3244 lsst_hardware_i -73.6473882488534 64.48999786376953 31.31999969482422 AB 5.51274672466707 1.121845080314829
62552.3019 lsst_hardware_z -27.519550786977355 62.619998931884766 30.969999313354492 AB 4.258719653963668 1.1792651801634673
62552.3201 lsst_hardware_i -60.768068827295785 66.61000061035156 31.31999969482422 AB 4.06966189352081 1.1184486698939566
62554.3296 lsst_hardware_z -4.516615080643405 62.540000915527344 30.979999542236328 AB 12.051484018145148 1.0798578901140266
62554.3486 lsst_hardware_r -38.58636506615202 78.43000030517578 31.649999618530273 AB 9.799233317505948 1.043387368435696
62557.3086 lsst_hardware_z -51.98486657297189 67.76000213623047 31.709999084472656 AB 10.010828419315756 1.1123142688128618
62561.3031 lsst_hardware_i 3.8767986306356246 31.3799991607666 31.25 AB 4.553638122332494 1.097747146691107
62561.3239 lsst_hardware_z -3.641267565083299 41.349998474121094 30.940000534057617 AB 4.373917410155443 1.0527721622646287
62566.3009 lsst_hardware_g -0.41760164905018543 14.699999809265137 31.420000076293945 AB 7.641490211819691 1.0709491905426847
62566.3206 lsst_hardware_r 24.449014368525557 23.5 31.5 AB 7.384963207571527 1.0362315512079991
62571.2176 lsst_hardware_r -5.901222302170145 24.81999969482422 31.450000762939453 AB 11.486042747169426 1.336881794044938
62571.2382 lsst_hardware_i 17.385583778145882 32.81999969482422 31.229999542236328 AB 10.523879493621616 1.2284684233799552
62572.2161 lsst_hardware_z -25.893526210343154 45.2599983215332 30.920000076293945 AB 9.838064478953264 1.329468172831522
62572.2388 lsst_hardware_r 9.033408835177397 24.149999618530273 31.469999313354492 AB 8.981811341861098 1.2137582894406889
62575.221 lsst_hardware_z -7.279780960030325 49.16999816894531 30.93000030517578 AB 11.614393085690164 1.2581944627548656
62575.2437 lsst_hardware_r 3.1488350051859433 37.79999923706055 31.56999969482422 AB 10.667329958922911 1.1623350540913007
62578.2549 lsst_hardware_i 44.5168721279361 60.27000045776367 31.309999465942383 AB 7.0110018525133375 1.1024165604874476
62578.2728 lsst_hardware_z 36.64552905980817 56.34000015258789 30.979999542236328 AB 6.679253646318805 1.0614907527126352
62580.2481 lsst_hardware_z -21.407529213334094 71.5199966430664 30.979999542236328 AB 5.498214336493852 1.106002380989477
62580.2663 lsst_hardware_r 3.1298206519726857 103.9000015258789 31.649999618530273 AB 5.307376686746754 1.0635314982459598
62584.2573 lsst_hardware_z 63.94100434110666 121.66999816894531 32.4900016784668 AB 6.486820926465065 1.0597937524517467
62589.1835 lsst_hardware_r 7.6776162163662605 23.920000076293945 31.469999313354492 AB 8.251780205837159 1.2546419653089895
62589.2012 lsst_hardware_i -10.253240381850375 31.729999542236328 31.229999542236328 AB 7.727993131850204 1.178077664348719
62591.2511 lsst_hardware_g -31.343335331450024 14.470000267028809 31.43000030517578 AB 4.7684789221522195 1.038036227951486
62591.2691 lsst_hardware_i -41.5971099906281 30.6200008392334 31.25 AB 4.654572951625816 1.016837346067901
62594.162 lsst_hardware_r 2.2202522242261686 24.1299991607666 31.450000762939453 AB 8.072550236273974 1.2953386130093025
62594.1809 lsst_hardware_u 2.2796824288151174 2.5799999237060547 28.270000457763672 AB 7.679579838277055 1.2045769902138668
62596.1781 lsst_hardware_r -67.3982026235857 33.7599983215332 32.22999954223633 AB 8.804391791717562 1.1936674707167596
62596.1976 lsst_hardware_i -40.89224167206255 44.41999816894531 31.989999771118164 AB 8.30750519174112 1.125474872436034
62600.1768 lsst_hardware_g -5.8070734182417425 14.550000190734863 31.399999618530273 AB 9.20694598118345 1.1575603936738583
62600.1944 lsst_hardware_r 10.207829761946904 23.610000610351562 31.5 AB 8.808770503357385 1.1035793664942852
62602.1684 lsst_hardware_i 14.055721086133483 34.400001525878906 31.25 AB 3.8289924047770834 1.168058287549254
62602.187 lsst_hardware_z 10.062529318936324 42.75 30.950000762939453 AB 3.6340129518306936 1.108832267645655
62604.1639 lsst_hardware_i 3.733350896500443 40.869998931884766 31.270000457763672 AB 9.937735957991059 1.1645784325770772
62604.1823 lsst_hardware_z 18.086595916844576 46.220001220703125 30.950000762939453 AB 10.966084572521455 1.1067536994975395
62608.1656 lsst_hardware_i -80.94222229610938 87.41999816894531 31.329999923706055 AB 16.40275506705929 1.1231942936974246
62608.1845 lsst_hardware_r -53.227906770923106 110.86000061035156 31.65999984741211 AB 14.67297122029444 1.0746805092989091
62614.1337 lsst_hardware_r 26.589491587680776 36.97999954223633 31.559999465942383 AB 6.254868153182418 1.1752300536770008
62614.1588 lsst_hardware_z -33.6074664940412 47.90999984741211 30.959999084472656 AB 5.933323998296063 1.0967327168754275
62616.1707 lsst_hardware_z 38.46203002139562 58.880001068115234 31.700000762939453 AB 13.412730786619504 1.0583427764297346
62616.1907 lsst_hardware_r 30.75923733254498 33.2599983215332 32.2599983215332 AB 13.020527600799486 1.0275307852794544
62618.1575 lsst_hardware_u 1.2545856220506573 2.690000057220459 28.389999389648438 AB 4.933346014492027 1.0740230800780903
62618.1756 lsst_hardware_g -8.299298039405915 14.75 31.450000762939453 AB 3.617755541297394 1.0407063764969129
62625.1545 lsst_hardware_i -0.2840557447841745 31.309999465942383 31.260000228881836 AB 10.518420319354698 1.0438047354723328
62625.1747 lsst_hardware_z 16.327094218327666 41.220001220703125 30.950000762939453 AB 9.447524577128167 1.0182899646607326
62627.0789 lsst_hardware_r -36.345538267172245 24.639999389648438 31.469999313354492 AB 4.566655248869067 1.2588409213091243
62627.0991 lsst_hardware_i -37.11948785309702 32.29999923706055 31.239999771118164 AB 4.1475414190729 1.1718977402607678
62631.0573 lsst_hardware_i -68.17119755078926 35.709999084472656 31.229999542236328 AB 9.640159957069262 1.3160627927740165
62631.079 lsst_hardware_z 12.798483042071696 44.720001220703125 30.93000030517578 AB 8.829547220958261 1.2082856272265838
62633.0884 lsst_hardware_z -40.74894953497705 66.7300033569336 31.700000762939453 AB 14.035016659482622 1.1517013588568383
62637.0527 lsst_hardware_y -20.2075051557248 67.87000274658203 29.989999771118164 AB 6.301844834572026 1.253412527387405
62637.073 lsst_hardware_r -31.127590303788878 130.3000030517578 31.6299991607666 AB 5.857530326901745 1.1674782653648403
62644.0733 lsst_hardware_i 5.765741491697871 31.40999984741211 31.239999771118164 AB 2.1935583287730607 1.1061817089122847
62644.0945 lsst_hardware_z 20.201097556510174 41.380001068115234 30.940000534057617 AB 2.7032266933047238 1.057876347497283
62649.0381 lsst_hardware_r 14.39028483101617 34.189998626708984 32.2400016784668 AB 8.257895469402829 1.1753756494897811
62649.0704 lsst_hardware_u -0.7685904429728903 3.9200000762939453 29.209999084472656 AB 7.967468201204082 1.0794808446929247
62652.0558 lsst_hardware_z -9.240134740433591 42.31999969482422 30.940000534057617 AB 9.975750664603494 1.0948226920847801
62652.0835 lsst_hardware_u -0.3086478663232306 2.6500000953674316 28.3700008392334 AB 9.156807623109023 1.0396012287816783
62655.0477 lsst_hardware_i 75.68295946844783 31.469999313354492 31.239999771118164 AB 9.82205330670333 1.0945926288360772
62655.0673 lsst_hardware_z -21.52047342950701 41.540000915527344 30.940000534057617 AB 9.406446602741127 1.0527051203336275
62657.0475 lsst_hardware_i 13.358443269348243 31.298912859684464 31.239999771118164 AB 10.278747636265985 1.0818975127639507
62657.0667 lsst_hardware_u -0.1520928392574533 2.6992617968596067 28.40999984741211 AB 9.948253341881369 1.0444908753090838
62675.9639 lsst_hardware_y 245.78370635689473 52.75251187856765 30.010000228881836 AB 5.336527655853357 1.1771752182030808
62675.9828 lsst_hardware_g 603.1349361268516 28.149210368506044 31.440000534057617 AB 5.062388449448993 1.1148588987590566
62681.9637 lsst_hardware_y 456.5626458571848 53.7713287877844 30.030000686645508 AB 1.909619491893577 1.1227552132638878
62681.983 lsst_hardware_r 2058.6021202395373 51.76068009025812 31.5 AB 1.6791202379992747 1.0734918942989502
62685.9657 lsst_hardware_y 578.9153072260937 52.945364734081004 30.030000686645508 AB 8.937764340552198 1.0880693512014132
62685.9862 lsst_hardware_z 1331.4336465975325 54.45995480964893 30.940000534057617 AB 8.602371520028917 1.04663393363358
62687.9658 lsst_hardware_y 497.818675247064 54.26749660227561 30.040000915527344 AB 6.999110895857516 1.0752698854217155
62687.9875 lsst_hardware_u -2.3025566778323525 3.5720064777341767 28.6299991607666 AB 6.735569864657666 1.036241517639641
62693.9659 lsst_hardware_y 414.96701919934816 63.63047725638439 30.059999465942383 AB 11.091296444169298 1.0441242112326015
62693.986 lsst_hardware_r 2336.8958798512876 104.48183853366503 31.670000076293945 AB 10.809641997973825 1.018576395568794
62912.3244 lsst_hardware_z -35.94634003850533 49.119998931884766 30.950000762939453 AB 4.511805289847988 1.1499928521277796
62912.3432 lsst_hardware_g -16.27004419483285 37.31999969482422 31.65999984741211 AB 4.443613106311059 1.0947556310202167
62914.3165 lsst_hardware_r -9.789754535264615 26.59000015258789 31.510000228881836 AB 5.717647541598887 1.1583955849938714
62914.3372 lsst_hardware_i -58.56681792114915 32.88999938964844 31.25 AB 4.572482338296877 1.0961242570530993
62917.3024 lsst_hardware_i 0.2844494856274661 32.90999984741211 31.239999771118164 AB 4.2735409920166125 1.1800472157991475
62917.3234 lsst_hardware_z -21.03530172949629 42.9900016784668 30.950000762939453 AB 4.049300986140146 1.11107174815205
62919.3258 lsst_hardware_u -0.7211630599457491 2.740000009536743 28.420000076293945 AB 12.20189511415766 1.0905016077179133
62919.3464 lsst_hardware_g -1.5604001204741833 14.899999618530273 31.450000762939453 AB 9.764408613019274 1.0481331701394756
62921.3024 lsst_hardware_g -11.542368924719199 15.239999771118164 31.420000076293945 AB 11.312794749721148 1.1414670685590038
62921.3223 lsst_hardware_r 38.66262221816462 24.3700008392334 31.510000228881836 AB 10.77103985785967 1.0857720661137753
62925.3248 lsst_hardware_g -14.007105710538822 14.9399995803833 31.440000534057617 AB 5.537024576841291 1.057390351731349
62925.3462 lsst_hardware_r 8.825441284391806 23.729999542236328 31.510000228881836 AB 4.8605808567029944 1.0252767719670925
62927.3022 lsst_hardware_r 17.356812607538394 24.0 31.5 AB 3.818400054850095 1.0948817361577334
62927.322 lsst_hardware_i 41.43170713129215 31.25 31.260000228881836 AB 3.5611393574962205 1.0525535046786858
62937.2196 lsst_hardware_y 28.637897543005273 59.7400016784668 29.950000762939453 AB 9.716916875882424 1.3130968751192464
62937.2417 lsst_hardware_r -90.28191718032807 95.98999786376953 31.610000610351562 AB 8.912839913338592 1.2044378261268367
62939.2281 lsst_hardware_i -2.6864913445151206 69.51000213623047 31.290000915527344 AB 13.808723534400484 1.240518071320705
62939.2477 lsst_hardware_z 94.6460394307549 64.1500015258789 30.969999313354492 AB 13.039292790091844 1.1603289073206695
62941.2283 lsst_hardware_r -95.49470295180618 56.33000183105469 32.310001373291016 AB 10.1836080195709 1.214986043297383
62941.2508 lsst_hardware_g 1.1692335316431 48.41999816894531 32.380001068115234 AB 8.49347113933497 1.131922011394774
62943.2555 lsst_hardware_z -16.179537181330453 42.630001068115234 30.950000762939453 AB 7.026014659615154 1.1026965199500633
62943.2732 lsst_hardware_r 12.900654385049043 24.479999542236328 31.520000457763672 AB 6.737887343961121 1.0620881689724513
62946.2547 lsst_hardware_u 0.3261987832313425 2.809999942779541 28.5 AB 4.964715358253125 1.084235719207933
62946.2735 lsst_hardware_g 5.045641452460836 14.470000267028809 31.450000762939453 AB 4.736684154987712 1.0467810287266022
62948.2527 lsst_hardware_r -18.02448570462954 23.65999984741211 31.510000228881836 AB 6.585641425818226 1.0763490113292935
62948.2705 lsst_hardware_z 50.6715681460816 41.4900016784668 30.959999084472656 AB 6.374550528266124 1.0428143842079982
62954.2606 lsst_hardware_z 5.242143971612517 41.439998626708984 30.959999084472656 AB 8.193055695782386 1.0333351027315005
62954.2814 lsst_hardware_r 43.76286377669982 23.350000381469727 31.530000686645508 AB 8.013177206318614 1.0118925629900917
62956.2608 lsst_hardware_u -0.7229905765640469 2.7899999618530273 28.5 AB 4.707307263655852 1.0261719469520458
62956.279 lsst_hardware_r 45.17242963824974 23.399999618530273 31.520000457763672 AB 4.590989476359617 1.0098409626306555
62958.1632 lsst_hardware_z 31.892651822876942 48.790000915527344 30.93000030517578 AB 11.011543509569579 1.3077842647944868
62958.1808 lsst_hardware_i -12.103950054601615 40.84000015258789 31.260000228881836 AB 10.00182543694526 1.2197348093835685
62962.1599 lsst_hardware_r -86.89941713419226 91.76000213623047 31.610000610351562 AB 14.648785080607599 1.266921952917431
62962.1774 lsst_hardware_i 32.5939811103196 71.81999969482422 31.309999465942383 AB 16.31535484062822 1.1883862510472614
62968.1667 lsst_hardware_r 27.93635009638037 67.06999969482422 31.610000610351562 AB 7.584679533782648 1.1668737744280997
62968.1851 lsst_hardware_i 0.281314741086171 57.86000061035156 31.309999465942383 AB 7.205182849795635 1.1084896691993285
62970.1685 lsst_hardware_z 33.08313495416507 44.08000183105469 30.950000762939453 AB 6.2911680214895185 1.1418763992176275
62970.1883 lsst_hardware_r 40.98438984818521 29.959999084472656 31.559999465942383 AB 5.901107720424829 1.0863100410372917
62973.1482 lsst_hardware_u -6.28114996214032 3.8399999141693115 29.1299991607666 AB 17.354948406506765 1.1851234912938244
62973.1726 lsst_hardware_g 18.770496890616915 20.899999618530273 32.189998626708984 AB 15.102159774771359 1.1053596009640485
62975.1665 lsst_hardware_r -16.335605455078415 23.889999389648438 31.510000228881836 AB 10.525676288959824 1.1070919052284853
62975.1854 lsst_hardware_u -2.40181434248655 2.880000114440918 28.549999237060547 AB 9.563307631139839 1.062944051477141
62977.1554 lsst_hardware_g 15.095481068021602 14.850000381469727 31.43000030517578 AB 8.200104927243586 1.1231481889115993
62977.1723 lsst_hardware_r -30.35143438111226 23.8700008392334 31.510000228881836 AB 7.316047755068745 1.079089617011549
62979.1688 lsst_hardware_i 20.682414857469023 31.3799991607666 31.239999771118164 AB 4.337630479491908 1.0747350048295117
62979.1883 lsst_hardware_z 29.233241230476825 41.52000045776367 30.950000762939453 AB 4.171257663422749 1.03909100641603
62988.1488 lsst_hardware_r -50.31742845295542 45.59000015258789 31.6200008392334 AB 7.921861494226366 1.0651481033828925
62988.1642 lsst_hardware_z 33.924867548825475 46.65999984741211 30.969999313354492 AB 7.7886311916006195 1.0383918573816486
62990.1739 lsst_hardware_y 189.65394650990805 73.01000213623047 30.809999465942383 AB 9.288584102091052 1.0197523350023112
62995.062 lsst_hardware_i 33.41311699536225 94.70999908447266 31.280000686645508 AB 11.678098023942999 1.30881254004143
62995.0812 lsst_hardware_z -4.077286450978081 80.75 30.969999313354492 AB 10.82545902127399 1.2135597949954564
63002.0576 lsst_hardware_z -23.409023577971592 44.119998931884766 30.93000030517578 AB 6.239225033867521 1.2335359892976514
63002.0787 lsst_hardware_i -4.140493058438797 32.150001525878906 31.239999771118164 AB 5.816729242730632 1.149948943356064
63005.0499 lsst_hardware_u -4.715975264857059 2.619999885559082 28.270000457763672 AB 10.001537737793196 1.2312868339610552
63005.0692 lsst_hardware_g 10.29782839630605 15.029999732971191 31.420000076293945 AB 9.40965770705363 1.1544175815303188
63010.0561 lsst_hardware_r 10.653134106913626 24.170000076293945 31.489999771118164 AB 9.565942449265984 1.1525231866585521
63010.0772 lsst_hardware_i -22.84689260160739 31.559999465942383 31.25 AB 9.0543257286721 1.0908826179123012
63013.0513 lsst_hardware_z -29.545564375607235 43.349998474121094 30.940000534057617 AB 6.607267997119459 1.1412173407426092
63013.0725 lsst_hardware_u -1.397104594160726 2.940000057220459 28.459999084472656 AB 6.278035607157225 1.0825443626549895
63015.0504 lsst_hardware_g -7.844234056129777 25.68000030517578 31.600000381469727 AB 10.873988878686664 1.1268966141962629
63015.0689 lsst_hardware_r -32.90686016482029 30.350000381469727 31.56999969482422 AB 10.439002574100305 1.0782979624109397
63019.051 lsst_hardware_i -10.548248490186554 69.13999938964844 31.31999969482422 AB 11.62511642879987 1.0949358518876167
63019.0708 lsst_hardware_z 27.732174117582847 63.310001373291016 30.989999771118164 AB 11.22652367305731 1.0525934983763017
63020.0522 lsst_hardware_z -6.564376724886656 76.3499984741211 30.989999771118164 AB 9.75978212007953 1.0853246727916999
63020.0728 lsst_hardware_r -77.74098226765722 108.80999755859375 31.65999984741211 AB 9.317047248784775 1.0445998541115509
63022.0496 lsst_hardware_i -26.93918227655786 109.5999984741211 31.34000015258789 AB 10.261761847312519 1.0787187785708048
63022.0704 lsst_hardware_r 55.85384848899303 136.0 31.65999984741211 AB 9.895238835286575 1.0398345449274002
63030.9682 lsst_hardware_z -46.49498843607734 45.45000076293945 30.93000030517578 AB 17.796478695630668 1.2841098705267961
63030.9904 lsst_hardware_i -1.3856438094660275 32.15999984741211 31.229999542236328 AB 16.386801907863447 1.1829490639136218
63035.966 lsst_hardware_y -9.084585489967786 49.47999954223633 29.989999771118164 AB 7.734614760466242 1.22791153523833
63035.9864 lsst_hardware_r -8.113788451633562 23.59000015258789 31.489999771118164 AB 6.898082138917603 1.1481494904989353
63045.9654 lsst_hardware_y 4.668218078306714 52.130001068115234 30.030000686645508 AB 4.464907093072806 1.1279765287762877
63045.9864 lsst_hardware_z 16.3519178897315 49.22999954223633 30.969999313354492 AB 4.37301243764451 1.073570974871811
63047.9639 lsst_hardware_y -16.838398354174558 60.119998931884766 30.040000915527344 AB 8.773827906859456 1.1162630924757135
63047.9828 lsst_hardware_r 4.281108780411036 87.66000366210938 31.649999618530273 AB 8.402333538759672 1.0696115509846609
63050.9726 lsst_hardware_z 65.8154742462088 103.43000030517578 31.739999771118164 AB 8.825945061148774 1.073890135603754
