data/validation/pwv_sim_epoch_fit_seasonal/43427585.ecsv
# %ECSV 0.9
# ---
# datatype:
# - {name: time, datatype: float64}
# - {name: band, datatype: string}
# - {name: flux, datatype: float64}
# - {name: fluxerr, datatype: float64}
# - {name: zp, datatype: float64}
# - {name: zpsys, datatype: string}
# - {name: pwv, datatype: float64}
# - {name: airmass, datatype: float64}
# meta: {SNID: '43427585', alt: 1024.0, c: -0.0058276415802538395, dec: -10.04835, lat: -30.244573, lon: -70.7499537, ra: 131.132812,
#   t0: 62478.69921875, x0: 6.2957882854828356e-06, x1: -1.3145946264266968, z: 0.5580111145973206}
# schema: astropy-2.0
time band flux fluxerr zp zpsys pwv airmass
62476.3425 lsst_hardware_g 617.7694909230572 30.733519225962315 31.5 AB 4.480827781889939 1.0666098028778717
62478.3393 lsst_hardware_i 1884.320113325246 53.30073195867624 31.260000228881836 AB 6.706895293580006 1.0658554300484713
62480.3409 lsst_hardware_r 2071.7981556869568 51.30600807381285 31.5 AB 9.589714098140531 1.0647646509217426
62482.3296 lsst_hardware_g 396.58045600463873 24.715009491826525 31.43000030517578 AB 11.216288972196095 1.065528805604531
62482.3483 lsst_hardware_y 543.7634880124873 58.85575001830862 30.049999237060547 AB 12.394261419384119 1.067688454096941
62484.3291 lsst_hardware_z 1401.91261798033 54.79263955966276 30.940000534057617 AB 7.68391395543804 1.0647947649458847
62484.349 lsst_hardware_y 478.59692700781136 59.929801122061995 30.040000915527344 AB 9.068832458413109 1.0713539299942374
62486.3317 lsst_hardware_u -4.170797873612851 3.081008495977637 28.540000915527344 AB 11.281689950126928 1.0656117313716582
62486.3506 lsst_hardware_y 406.66692242864457 60.72209257214773 30.049999237060547 AB 11.510274017625711 1.077398464294432
62488.2942 lsst_hardware_r 3276.259282042057 87.04636990556394 32.36000061035156 AB 7.512782235554846 1.0771786128833547
62488.3202 lsst_hardware_z 1226.4917632890567 54.3415013423622 30.950000762939453 AB 7.444920201271573 1.0647642263900865
62490.2671 lsst_hardware_i 2788.2645892623277 115.32335912970886 32.06999969482422 AB 4.751577578981333 1.1084335636510956
62490.2895 lsst_hardware_z 1285.0523373948208 72.90230484526161 30.979999542236328 AB 4.60320464384202 1.076437285176246
62492.272 lsst_hardware_r 1440.5389963980351 111.29805857817733 31.649999618530273 AB 5.09475996127427 1.0909550238275394
62492.2942 lsst_hardware_z 1178.4037084838478 79.0616292192665 30.989999771118164 AB 6.4964316209186865 1.0687557161993768
62494.288 lsst_hardware_z 1090.8124259408069 76.52209383683343 30.989999771118164 AB 5.91655673429259 1.069176730841218
62494.31 lsst_hardware_i 1053.7414883754077 86.08684728471968 31.329999923706055 AB 6.499010481400324 1.0656444820836048
62496.2802 lsst_hardware_z 1837.1840271137369 89.3838863600618 31.719999313354492 AB 8.565210003013826 1.0706512503767283
62496.3019 lsst_hardware_r 881.6152735703159 71.09375626729431 31.639999389648438 AB 9.065314680488957 1.065087492812206
62504.2552 lsst_hardware_r 380.9426508586135 29.754663645833432 31.489999771118164 AB 4.702694441379487 1.0729804406691605
62504.2763 lsst_hardware_u 0.7998095571996523 2.676444153237411 28.3700008392334 AB 4.662905316380448 1.064752317639012
62506.254 lsst_hardware_g 65.84823827238354 16.17225162068634 31.40999984741211 AB 11.157531328732112 1.0699246919033516
62506.2753 lsst_hardware_i 482.6942406426172 38.291095046111685 31.25 AB 11.072800744478192 1.065204496823299
62511.2402 lsst_hardware_u 1.7360944064743167 3.0007632278642062 28.43000030517578 AB 7.74184348241644 1.070017412310071
62511.2611 lsst_hardware_g 64.43176163377474 15.819231296088654 31.420000076293945 AB 7.038485020527235 1.065105742144626
62513.2207 lsst_hardware_r 222.19854803354488 26.838495096237484 31.489999771118164 AB 5.570516712725531 1.0829153796122708
62513.2377 lsst_hardware_i 320.40138029903454 35.983247860377155 31.25 AB 5.474750165250271 1.068296046685255
62515.1968 lsst_hardware_i 363.62959805286573 42.88097118106654 31.270000457763672 AB 8.821879472090439 1.1124456575637887
62515.2152 lsst_hardware_z 519.5063759989506 50.29926796985376 30.950000762939453 AB 8.545381892251042 1.0829619354625404
62516.1947 lsst_hardware_r 208.328727634965 52.015202059971365 31.6200008392334 AB 6.7687754507651094 1.1111836905138488
62516.2128 lsst_hardware_z 515.0618462005116 53.15629751461348 30.959999084472656 AB 5.845853801672223 1.0825655188281893
62518.2015 lsst_hardware_z 592.7421877541285 63.362951835229765 30.969999313354492 AB 3.3428541375010505 1.0902388881342775
62518.222 lsst_hardware_i 165.5408852365604 65.38750372633652 31.31999969482422 AB 3.4293622729812214 1.0694476942768882
62520.1962 lsst_hardware_z 607.2349609476588 84.06344854705316 30.989999771118164 AB 6.322044176378801 1.0900076166170347
62520.2162 lsst_hardware_r 32.26547693183479 121.11903175569847 31.649999618530273 AB 6.376384953181517 1.0696538630326586
62522.2124 lsst_hardware_y 211.5681854239227 90.78281749245932 30.809999465942383 AB 12.622661632640765 1.068683121497486
62524.1845 lsst_hardware_r 55.596630737612635 79.61803095939425 31.639999389648438 AB 9.51104846018391 1.0911336665602915
62524.205 lsst_hardware_i 145.98690140806468 66.96425258765156 31.31999969482422 AB 9.202285722567025 1.0698258929548954
62526.1895 lsst_hardware_z 400.81337664474466 50.523834419509015 30.950000762939453 AB 8.37807368679647 1.078120407514666
62526.2096 lsst_hardware_r 150.2938351543645 45.837521002870446 31.610000610351562 AB 9.17758627812067 1.0654783175551024
62530.1752 lsst_hardware_i 170.28726552214417 33.535187269833834 31.25 AB 10.403355695642336 1.0818235008207078
62530.1919 lsst_hardware_z 236.7094335608653 44.742764353910744 30.940000534057617 AB 10.263232064614552 1.067974200272063
62532.173 lsst_hardware_r 139.25968487925203 25.240335917250075 31.5 AB 11.035238107042343 1.0782391037219545
62532.1914 lsst_hardware_u 15.498025572028455 4.190411090722454 28.459999084472656 AB 11.04986185546989 1.065971624104755
62534.1725 lsst_hardware_g 5.955187025834909 15.128929023589679 31.43000030517578 AB 9.24310224286018 1.0736141679023201
62534.191 lsst_hardware_r 45.357653662881454 25.177445513614405 31.5 AB 9.324663521804888 1.0649050426516358
62536.1702 lsst_hardware_i 138.67450428684705 33.10712177118339 31.239999771118164 AB 9.67141585217326 1.0711799365552552
62536.1906 lsst_hardware_z 275.76710267885335 44.174973195465896 30.940000534057617 AB 9.459059920471136 1.064819736073074
62540.1453 lsst_hardware_u 4.485278332526919 3.22092941336104 28.350000381469727 AB 9.24255388003299 1.0849872001447414
62540.1621 lsst_hardware_r 93.00238153509795 24.985683214511035 31.5 AB 9.206563042226842 1.069338977948237
62542.1472 lsst_hardware_i 132.09927495426874 32.97120537567791 31.25 AB 3.7644250008072024 1.0767292751510327
62542.1645 lsst_hardware_z 230.4020593527688 44.05252816075813 30.950000762939453 AB 3.7052402913229705 1.0658472407679502
62547.1283 lsst_hardware_i 132.9784142439654 69.04471716213186 31.31999969482422 AB 2.97205127518495 1.08238589688071
62547.1451 lsst_hardware_z 224.67871730638146 64.3589943545914 30.979999542236328 AB 3.0905506341054636 1.0681626615571878
62549.1303 lsst_hardware_r 10.702012780383164 128.26049443399322 31.649999618530273 AB 3.402245072010752 1.074675990106055
62549.149 lsst_hardware_z 112.10484791795427 87.72162558744171 31.0 AB 3.27588459680948 1.0650396955219565
62553.1221 lsst_hardware_z 312.1839313770255 56.50003313507897 30.979999542236328 AB 4.904003798293061 1.0724212847526469
62553.1387 lsst_hardware_i 46.95923486984442 57.39301804905402 31.31999969482422 AB 5.4316924197342855 1.0649507235815934
62555.122 lsst_hardware_z 192.89109126154202 46.78394435472418 30.950000762939453 AB 7.029389209790199 1.06883769028741
62555.1394 lsst_hardware_g -43.87637316587381 38.1663206715894 31.670000076293945 AB 8.219786187499416 1.0648770809041865
62558.1182 lsst_hardware_r -29.328687404230628 22.959999084472656 31.489999771118164 AB 6.094982811272978 1.0667375552079186
62558.1358 lsst_hardware_i -31.79016404363863 30.729999542236328 31.25 AB 5.675741970575833 1.0657669647123902
62560.0925 lsst_hardware_i -14.78475931945668 30.969999313354492 31.25 AB 5.525246484825765 1.0827447550119078
62560.1094 lsst_hardware_z 13.30013465678356 41.58000183105469 30.950000762939453 AB 5.499427401920057 1.0682648410878122
62562.0907 lsst_hardware_r 13.925427250964455 23.270000457763672 31.5 AB 3.1898764186873256 1.078632693424479
62562.1074 lsst_hardware_g -5.139132184702505 14.210000038146973 31.420000076293945 AB 3.1406879342917753 1.0666889848154641
62564.0871 lsst_hardware_r -3.340334582666355 23.059999465942383 31.479999542236328 AB 4.873201458990334 1.0767523017470817
62564.1055 lsst_hardware_i -13.028632777971795 30.860000610351562 31.239999771118164 AB 4.81007247529154 1.0655504837271272
62565.088 lsst_hardware_z -23.91442242204765 41.810001373291016 30.940000534057617 AB 11.071400045883369 1.07348621184693
62565.1064 lsst_hardware_i -3.0647878366728554 30.809999465942383 31.239999771118164 AB 11.025885542764414 1.0648913987603204
62567.0791 lsst_hardware_u -3.7327995778514897 2.609999895095825 28.350000381469727 AB 6.925191996534167 1.0765662757592582
62567.0973 lsst_hardware_g -4.350371610834253 14.0 31.40999984741211 AB 7.757929670337268 1.065552101960053
62569.0768 lsst_hardware_r 13.87266087065862 22.540000915527344 31.479999542236328 AB 11.58764125154552 1.0737168064441236
62569.0959 lsst_hardware_i 15.198148141171721 30.389999389648438 31.239999771118164 AB 10.900037561678028 1.064846751659831
62573.0834 lsst_hardware_z 3.7211683221039076 64.33999633789062 31.709999084472656 AB 13.942765312188653 1.065044614699811
62576.0441 lsst_hardware_r -37.684287765398025 84.54000091552734 31.639999389648438 AB 8.484893292888053 1.0888538072361955
62576.0647 lsst_hardware_z 4.408579701905553 64.27999877929688 30.979999542236328 AB 8.33404786921297 1.0688102429256776
62577.047 lsst_hardware_r 42.57271805237856 96.9000015258789 31.649999618530273 AB 8.793878584076442 1.0816578824202163
62577.0662 lsst_hardware_i -0.10124396935503255 80.56999969482422 31.329999923706055 AB 8.685467860552503 1.0667814487736158
62579.0438 lsst_hardware_z -10.25554868787137 75.58000183105469 30.989999771118164 AB 7.876634153448245 1.0791388071582744
62579.064 lsst_hardware_i -122.01418277566982 87.7699966430664 31.329999923706055 AB 7.871273084129588 1.065689720640748
62581.0428 lsst_hardware_z -70.00821704991628 60.380001068115234 30.979999542236328 AB 4.277352243665593 1.0747791302633356
62581.0612 lsst_hardware_g 41.16137199234543 88.05999755859375 31.719999313354492 AB 4.214873732923678 1.0651017077323086
62583.0419 lsst_hardware_r 21.811178042561387 35.70000076293945 31.579999923706055 AB 6.416163443243571 1.0711458169020986
62583.0623 lsst_hardware_i 5.662676585102264 40.880001068115234 31.290000915527344 AB 6.343789708710505 1.0648111187898885
62593.0294 lsst_hardware_i -27.43558038438958 30.530000686645508 31.25 AB 8.242744681753836 1.0649540932498496
62593.0482 lsst_hardware_u 1.8908468337375304 2.690000057220459 28.43000030517578 AB 9.33443013718008 1.0692359836403458
62597.0156 lsst_hardware_i 17.176182415569755 30.549999237060547 31.25 AB 8.63050656158043 1.0654946372321519
62597.0352 lsst_hardware_r 7.02117949499002 22.600000381469727 31.479999542236328 AB 8.651549737862235 1.0680925602299056
62599.0152 lsst_hardware_u -2.3086066998785815 2.7699999809265137 28.399999618530273 AB 8.149367683621506 1.0647548827204139
62599.0344 lsst_hardware_g -7.849811407300978 14.729999542236328 31.420000076293945 AB 8.217312318631473 1.0708921353559875
62601.0108 lsst_hardware_r -22.61974497158201 29.799999237060547 31.559999465942383 AB 6.064402151021379 1.064724075147501
62601.0294 lsst_hardware_i 1.9062784552093341 34.43000030517578 31.270000457763672 AB 6.100571166073013 1.0712153057195808
62602.985 lsst_hardware_y -47.08693942322871 51.86000061035156 30.049999237060547 AB 5.794179034302545 1.0728636651590937
62603.0019 lsst_hardware_z 57.699419091977 49.79999923706055 30.969999313354492 AB 5.248575977876974 1.0649799075841002
62606.9828 lsst_hardware_y 101.88498057712424 56.56999969482422 30.059999465942383 AB 15.936006853552291 1.067411360233471
62607.0006 lsst_hardware_r 16.548214142396475 85.30000305175781 31.65999984741211 AB 16.75213079598599 1.065403023832482
62608.972 lsst_hardware_y 63.47320486733351 70.04000091552734 30.059999465942383 AB 12.020532010818323 1.0703946581316257
62608.9897 lsst_hardware_r 35.63996585406617 83.0 31.649999618530273 AB 12.023446290659393 1.0647284738241658
62612.9694 lsst_hardware_z 80.50926874127384 57.43000030517578 30.979999542236328 AB 9.858322897222509 1.0662257081140503
62612.9869 lsst_hardware_g -8.465529680721945 14.399999618530273 31.43000030517578 AB 9.870449729695396 1.0661535676923088
62616.9669 lsst_hardware_y -8.375636521378986 63.0 30.059999465942383 AB 14.522873033321343 1.0647267619737055
62616.9857 lsst_hardware_r -4.748984726710348 23.010000228881836 31.489999771118164 AB 14.495585587467044 1.0712079210365832
62618.9668 lsst_hardware_y 15.925343028827497 59.63999938964844 30.049999237060547 AB 1.1123223762212504 1.0651878153902328
62618.9869 lsst_hardware_g -6.523717123330326 14.069999694824219 31.399999618530273 AB 1.0918924517142736 1.0768170135249246
62841.3371 lsst_hardware_r -9.755436973638623 23.31999969482422 31.5 AB 4.533758864978499 1.0695980807971293
62845.2882 lsst_hardware_z -58.02507493943364 66.33000183105469 30.979999542236328 AB 10.396899157602132 1.1227752869980328
62845.3068 lsst_hardware_y -26.35420244225957 55.380001068115234 30.040000915527344 AB 10.941551834287239 1.0890096130072309
62850.3281 lsst_hardware_i 30.016761333483437 65.66999816894531 31.31999969482422 AB 8.800527838886381 1.064731424496298
62850.3465 lsst_hardware_y -80.2448423563514 61.16999816894531 30.049999237060547 AB 8.95285450849727 1.0709958555089851
62852.3177 lsst_hardware_r -3.561964701195389 63.310001373291016 32.369998931884766 AB 7.0581661022895785 1.0652629668021354
62852.337 lsst_hardware_y 107.10261341883337 49.709999084472656 30.040000915527344 AB 7.703153440184636 1.0684973331122274
62854.2884 lsst_hardware_y -90.37023178306634 47.91999816894531 30.040000915527344 AB 4.687101531072023 1.0811606092087014
62854.3086 lsst_hardware_g 3.722225914906717 20.700000762939453 31.56999969482422 AB 5.125479019314276 1.0662531764747818
62856.2823 lsst_hardware_r -25.0277459919963 23.329999923706055 31.510000228881836 AB 5.797175296414748 1.0818989666714927
62856.3025 lsst_hardware_i 18.235390189351563 31.059999465942383 31.25 AB 6.302891049884144 1.0664790270529678
62862.2959 lsst_hardware_u 0.5984482973484402 2.690000057220459 28.440000534057617 AB 6.3657213307756875 1.064724454238041
62862.3144 lsst_hardware_r 47.89259171316965 22.6200008392334 31.489999771118164 AB 6.422691869410541 1.0714605798938788
62864.2864 lsst_hardware_i -59.9978096176003 30.670000076293945 31.260000228881836 AB 7.638907471628044 1.0650024358622763
62864.3065 lsst_hardware_z 28.34366275898361 41.470001220703125 30.950000762939453 AB 7.451772926505515 1.069811632546912
62867.2546 lsst_hardware_z -37.64788738191193 41.70000076293945 30.950000762939453 AB 7.633079181075495 1.0792793634785853
62867.2777 lsst_hardware_r 23.015725963760786 22.799999237060547 31.489999771118164 AB 7.531893925001878 1.0650807023525404
62869.2584 lsst_hardware_y -26.072078196692924 47.540000915527344 30.030000686645508 AB 4.667182708655454 1.0710688947000468
62869.28 lsst_hardware_g -1.8384241949112707 13.920000076293945 31.399999618530273 AB 4.685050245321736 1.0649455020431282
62871.2516 lsst_hardware_r 11.119318216414177 51.83000183105469 31.6200008392334 AB 11.225727618843955 1.072043765726487
62871.2736 lsst_hardware_i -14.998201448529926 43.68000030517578 31.290000915527344 AB 11.169086938900081 1.0648381102965094
62873.2549 lsst_hardware_z 3.2596318727939897 64.9800033569336 30.979999542236328 AB 10.13498025505504 1.0669336175161024
62873.2762 lsst_hardware_r -71.67425195817523 90.06999969482422 31.649999618530273 AB 10.027512694517197 1.0668512486408934
62875.244 lsst_hardware_z -83.64565416201006 81.2699966430664 30.989999771118164 AB 7.4366486517753065 1.0697520267235294
62875.2661 lsst_hardware_r -46.2069127569197 120.75 31.65999984741211 AB 8.419570314696399 1.065386293695898
62880.2292 lsst_hardware_i -37.9650528101132 50.720001220703125 31.309999465942383 AB 8.430668662289076 1.0704931321553013
62880.2489 lsst_hardware_z 78.07944380619853 51.790000915527344 30.969999313354492 AB 8.382993214416349 1.0648225778325449
