data/validation/pwv_sim_epoch_fit_seasonal/434465.ecsv
# %ECSV 0.9
# ---
# datatype:
# - {name: time, datatype: float64}
# - {name: band, datatype: string}
# - {name: flux, datatype: float64}
# - {name: fluxerr, datatype: float64}
# - {name: zp, datatype: float64}
# - {name: zpsys, datatype: string}
# - {name: pwv, datatype: float64}
# - {name: airmass, datatype: float64}
# meta: {SNID: '434465', alt: 1024.0, c: 0.057671744376420975, dec: 2.836105, lat: -30.244573, lon: -70.7499537, ra: 114.609375, t0: 60690.6953125,
#   x0: 3.5617915848746614e-06, x1: 0.7719533443450928, z: 0.7048913240432739}
# schema: astropy-2.0
time band flux fluxerr zp zpsys pwv airmass
[from data line 133]
61047.2155 lsst_hardware_i -110.07904794618675 83.11000061035156 32.040000915527344 AB 10.317702702768166 1.1929818896286324
61047.2369 lsst_hardware_z -186.87815293889724 81.73999786376953 31.709999084472656 AB 10.36750343036022 1.2003129936354102
61050.204 lsst_hardware_r 0.15176976355856198 32.220001220703125 31.549999237060547 AB 9.158788081812315 1.193845937233847
61050.2264 lsst_hardware_z -76.58446453511498 45.56999969482422 30.940000534057617 AB 8.52485726021493 1.198433541735932
61055.1557 lsst_hardware_u -0.9471783148412438 2.740000009536743 28.3799991607666 AB 6.81612956721562 1.2362244544856333
61055.1753 lsst_hardware_g -3.6952108053751695 14.789999961853027 31.399999618530273 AB 7.253209780502309 1.204601998007438
61057.16 lsst_hardware_r -17.313434380358885 24.079999923706055 31.469999313354492 AB 1.5921701658769922 1.2178762105127425
61057.1805 lsst_hardware_z -22.872791226590937 43.29999923706055 30.93000030517578 AB 3.690090548805515 1.1958165429561485
61059.1596 lsst_hardware_r 38.205916190279666 24.06999969482422 31.469999313354492 AB 5.038948120855259 1.210412712191991
61059.1796 lsst_hardware_u -4.6640450226687244 2.569999933242798 28.260000228881836 AB 6.923936990175721 1.1937822396854691
61063.1561 lsst_hardware_i -12.954849803786706 32.47999954223633 31.229999542236328 AB 9.157584665028223 1.201887916488086
61063.175 lsst_hardware_z 75.91982741328853 43.869998931884766 30.93000030517578 AB 10.256754407029865 1.1926458612825426
61065.1572 lsst_hardware_r -7.411610004587504 24.3700008392334 31.479999542236328 AB 9.337488934905952 1.196679274824011
61065.1785 lsst_hardware_u 1.6016142053386746 2.630000114440918 28.290000915527344 AB 9.236699560126588 1.194375064346876
61067.1425 lsst_hardware_g 22.433474525247195 28.420000076293945 31.56999969482422 AB 13.250991176441367 1.2046355614946698
61067.161 lsst_hardware_i -61.44386139193323 36.86000061035156 31.25 AB 13.12248339011252 1.1929530354647746
61069.1457 lsst_hardware_z 47.16481137818135 57.40999984741211 30.959999084472656 AB 11.952939031355436 1.1970495758467856
61069.1634 lsst_hardware_r 100.53768390686695 65.13999938964844 31.600000381469727 AB 11.905030608647289 1.1930781211428623
61071.1475 lsst_hardware_y 104.94259359117576 89.5 30.760000228881836 AB 10.860651643061212 1.1935656432406638
61072.1391 lsst_hardware_r -111.16355460972719 140.83999633789062 31.6200008392334 AB 9.978751435850656 1.1960627395242307
61072.1568 lsst_hardware_i 185.25953717470333 114.93000030517578 31.309999465942383 AB 10.018577386538878 1.1934692222930343
61076.1073 lsst_hardware_r -32.592209501351306 60.810001373291016 31.59000015258789 AB 7.5083075270563695 1.2192109651512424
61076.1256 lsst_hardware_z 109.1189615893217 55.439998626708984 30.950000762939453 AB 7.664223637928276 1.1977220875024654
61078.1052 lsst_hardware_g -30.913083564164577 25.010000228881836 31.530000686645508 AB 6.687168795399796 1.2139543673478896
61078.1238 lsst_hardware_i -29.868927635394982 39.47999954223633 31.25 AB 6.586200160986348 1.1954622751064226
61080.1043 lsst_hardware_z -61.58261250315127 44.119998931884766 30.93000030517578 AB 7.197160414961303 1.2077798984664148
61080.1217 lsst_hardware_r -2.5914941168357752 24.149999618530273 31.469999313354492 AB 7.163020196897909 1.1939693627455121
61082.0959 lsst_hardware_u -4.215269906775864 2.619999885559082 28.299999237060547 AB 2.0158525561088134 1.2116318894718638
61082.1126 lsst_hardware_g -7.327449559502065 14.510000228881836 31.389999389648438 AB 1.9775369792426285 1.195608814536051
61084.0946 lsst_hardware_r 31.71090881606743 24.06999969482422 31.469999313354492 AB 4.116628670081633 1.2063086137329881
61084.112 lsst_hardware_i 53.62456494151711 32.279998779296875 31.229999542236328 AB 4.0851667871721595 1.1935625595555543
61090.0899 lsst_hardware_i -5.113513199400483 32.29999923706055 31.25 AB 4.002408907275362 1.1960878318342971
61090.1081 lsst_hardware_z -10.463500920169032 43.650001525878906 30.940000534057617 AB 3.912512082940932 1.1935971779659638
61094.0571 lsst_hardware_y 29.03898802735551 49.349998474121094 29.979999542236328 AB 8.698835969021536 1.2209749412620585
61094.0747 lsst_hardware_g 24.062347207041835 16.489999771118164 31.43000030517578 AB 8.610255603233808 1.199032948507702
61099.0522 lsst_hardware_z -0.4826843626013801 69.97000122070312 30.969999313354492 AB 6.749967908583363 1.2080479478448973
61099.0728 lsst_hardware_r -41.7962889687813 90.88999938964844 31.6200008392334 AB 6.520812301033486 1.1931043319722778
61101.0521 lsst_hardware_i 39.671722706492424 90.05999755859375 31.309999465942383 AB 3.456665371769661 1.202109327688958
61101.0713 lsst_hardware_z 0.6080370474974354 78.62999725341797 30.979999542236328 AB 3.434781118360692 1.1926323327641293
61105.0489 lsst_hardware_g 55.87582189495477 51.599998474121094 31.649999618530273 AB 6.350543956870206 1.196109484593836
61105.0684 lsst_hardware_r -140.14399656379942 61.189998626708984 31.600000381469727 AB 6.3135775492364665 1.1940195831626443
61109.0458 lsst_hardware_r -21.123720451189623 24.09000015258789 31.469999313354492 AB 11.965589532892707 1.1930394868032013
61109.0644 lsst_hardware_g 19.085279182255448 14.609999656677246 31.3799991607666 AB 12.018238487297928 1.1977514936513596
61111.0467 lsst_hardware_r 13.600830965309044 23.709999084472656 31.469999313354492 AB 9.302637327239617 1.1927477554371677
61111.0635 lsst_hardware_i -79.22928312981747 32.0099983215332 31.219999313354492 AB 9.308514770187893 1.201512103543727
61113.0066 lsst_hardware_y 94.69318061552416 52.880001068115234 29.989999771118164 AB 16.89368170681201 1.2186605379124984
61113.0253 lsst_hardware_z -1.285614415305573 43.31999969482422 30.93000030517578 AB 16.48409204853132 1.1972104983045897
61114.0064 lsst_hardware_y -54.7069040193617 51.849998474121094 29.989999771118164 AB 11.519832077111927 1.2146916649122939
61114.0263 lsst_hardware_u -2.6818362467048273 2.5799999237060547 28.280000686645508 AB 11.308652865072974 1.1950493979206132
61123.9967 lsst_hardware_y 173.72227647795128 52.0099983215332 30.0 AB 10.647833768565151 1.1962962064899805
61124.0147 lsst_hardware_i 10.36223616153379 36.209999084472656 31.25 AB 9.821905305427391 1.1934271331017487
61125.993 lsst_hardware_y -0.6110663083869973 57.029998779296875 30.0 AB 7.291423128918578 1.1953152670358325
61126.0111 lsst_hardware_z -55.825624268620494 54.810001373291016 30.950000762939453 AB 6.563896276380423 1.1940327029660998
61127.9904 lsst_hardware_y 77.53275987342177 63.77000045776367 30.010000228881836 AB 8.923516274442147 1.1940476727621072
61128.0087 lsst_hardware_i 100.87815442598944 67.25 31.299999237060547 AB 7.770091186241887 1.1953986440372133
61129.9999 lsst_hardware_z -191.04312250243882 95.31999969482422 31.719999313354492 AB 10.933434835876009 1.193932278009837
61132.9882 lsst_hardware_y 26.78645935715051 60.439998626708984 30.0 AB 10.8561151213545 1.1929796836653295
61133.0078 lsst_hardware_r 68.13487117868627 76.13999938964844 31.600000381469727 AB 7.4377512911082215 1.2061055322671133
61134.9866 lsst_hardware_y 22.074577302020842 53.060001373291016 29.989999771118164 AB 11.027754323685699 1.1940614285838014
61135.0058 lsst_hardware_z -75.71844199136387 49.63999938964844 30.940000534057617 AB 9.30615722677518 1.2104389460248015
