data/validation/pwv_sim_epoch_fit_seasonal/43712753.ecsv
# %ECSV 0.9
# ---
# datatype:
# - {name: time, datatype: float64}
# - {name: band, datatype: string}
# - {name: flux, datatype: float64}
# - {name: fluxerr, datatype: float64}
# - {name: zp, datatype: float64}
# - {name: zpsys, datatype: string}
# - {name: pwv, datatype: float64}
# - {name: airmass, datatype: float64}
# meta: {SNID: '43712753', alt: 1024.0, c: 0.06057603284716606, dec: -36.053589, lat: -30.244573, lon: -70.7499537, ra: 165.058594, t0: 60728.9609375,
#   x0: 7.531557896119441e-06, x1: -0.7166694402694702, z: 0.5181829929351807}
# schema: astropy-2.0
time band flux fluxerr zp zpsys pwv airmass
[from data line 132]
61042.2872 lsst_hardware_z 31.19299290286802 54.34000015258789 30.959999084472656 AB 5.369390355677404 1.1156788382762302
61043.2629 lsst_hardware_r 194.1715041909971 80.08000183105469 31.6200008392334 AB 5.183789320834478 1.187036711892484
61043.2861 lsst_hardware_i 83.07222018552343 61.779998779296875 31.309999465942383 AB 4.8830518031353165 1.1111734675470055
61045.262 lsst_hardware_z 7.066189606313639 59.16999816894531 30.969999313354492 AB 12.178940600844012 1.1700019790742942
61045.285 lsst_hardware_i -12.130937296205452 61.33000183105469 31.31999969482422 AB 11.543687310822298 1.0996780748274766
61048.2764 lsst_hardware_z 76.06302800797626 76.16999816894531 31.719999313354492 AB 9.796448702242834 1.1007245732857116
61058.2184 lsst_hardware_r 3.843353513781266 22.68000030517578 31.450000762939453 AB 8.0324798098564 1.2010885425693665
61058.235 lsst_hardware_g -11.316880949984405 13.3100004196167 31.350000381469727 AB 7.534671043959568 1.141155751811324
61058.3319 lsst_hardware_z -14.270837541707088 40.209999084472656 30.940000534057617 AB 7.322374369458364 1.0055444066820083
61058.3452 lsst_hardware_r -17.720862945849618 21.829999923706055 31.479999542236328 AB 6.753466982783799 1.0091725769678788
61060.2185 lsst_hardware_r 19.448828572459128 22.6299991607666 31.459999084472656 AB 11.701443420630254 1.1793828409840672
61060.2357 lsst_hardware_i -45.209347035143125 30.6299991607666 31.229999542236328 AB 11.156687872154688 1.1224032064541938
61062.2179 lsst_hardware_z 114.57753736298658 60.290000915527344 31.690000534057617 AB 11.036984565441076 1.1617878489937974
61062.2356 lsst_hardware_i -32.76123493339367 43.380001068115234 31.989999771118164 AB 10.520973058860863 1.1074708483011435
61064.2169 lsst_hardware_u -0.6294536410497517 2.569999933242798 28.329999923706055 AB 11.627611252131274 1.1467072240760627
61064.2345 lsst_hardware_g -7.1952777460143205 13.199999809265137 31.3700008392334 AB 10.874554745656962 1.0962252767799356
61066.2183 lsst_hardware_r -33.23696696161505 22.290000915527344 31.459999084472656 AB 15.954031191300803 1.1253857575071988
61066.2361 lsst_hardware_i 17.893568267305884 30.100000381469727 31.229999542236328 AB 15.31309698506036 1.0796416247795229
61073.2061 lsst_hardware_i -27.071706110707623 73.25 31.31999969482422 AB 9.549516957806555 1.1060575979545457
61073.2547 lsst_hardware_z 192.63152360184907 90.08999633789062 31.739999771118164 AB 9.37167345184749 1.0209906800138895
61073.2968 lsst_hardware_r -38.07977286795136 90.02999877929688 31.65999984741211 AB 8.506016490783031 1.0065299072024252
61077.2292 lsst_hardware_r -109.8033011762205 69.38999938964844 31.639999389648438 AB 4.5147068090802565 1.0381022784732712
61077.249 lsst_hardware_z 20.49754998359929 56.349998474121094 30.979999542236328 AB 4.406423018588176 1.016436819481337
61079.2057 lsst_hardware_i 2.668001071525746 42.970001220703125 31.290000915527344 AB 9.668278493345948 1.0688692320178979
61079.2238 lsst_hardware_r 58.0656049753912 44.650001525878906 31.6200008392334 AB 7.425287903891685 1.0380178803203848
61081.1257 lsst_hardware_r -8.099280794499718 23.149999618530273 31.43000030517578 AB 4.715474487955996 1.3524305414787752
61081.1439 lsst_hardware_i -12.655197712822634 31.579999923706055 31.219999313354492 AB 4.351053220457038 1.252822695207905
61083.1233 lsst_hardware_z -33.509719769219146 44.81999969482422 30.920000076293945 AB 6.0078825617002165 1.3338252898263232
61083.1436 lsst_hardware_r -23.72459516397695 22.959999084472656 31.459999084472656 AB 4.92174957629802 1.2289524099125195
61085.118 lsst_hardware_u -0.7771588031078647 2.4700000286102295 28.18000030517578 AB 4.255747284026516 1.3328713926221634
61085.1382 lsst_hardware_r -7.9512606573903115 22.780000686645508 31.459999084472656 AB 2.2607759910655885 1.2286826038399936
61089.1182 lsst_hardware_r -10.734631043063544 23.15999984741211 31.450000762939453 AB 7.018023985869529 1.2718419691680916
61089.138 lsst_hardware_u -1.833133726918878 2.640000104904175 28.360000610351562 AB 6.5781300102787945 1.1843950324592496
61093.1166 lsst_hardware_i 1.5006524588561838 31.899999618530273 31.219999313354492 AB 7.518466698355348 1.2276049797298307
61093.1355 lsst_hardware_z 44.40499679173851 42.68000030517578 30.940000534057617 AB 7.41943421762441 1.1541021532373184
61095.1109 lsst_hardware_r -31.740082220650454 26.329999923706055 31.489999771118164 AB 9.597446002448956 1.2286696754615403
61095.1302 lsst_hardware_g 9.58656899010155 14.970000267028809 31.40999984741211 AB 10.691964859773769 1.153560187704859
61100.1089 lsst_hardware_z 14.241174966373801 81.47000122070312 31.709999084472656 AB 5.0209834698106075 1.1808521801059106
61100.1294 lsst_hardware_i 26.73166759774057 83.26000213623047 32.060001373291016 AB 4.556859574653009 1.1141465952696843
61104.1103 lsst_hardware_r -63.54218881489245 106.0 31.6299991607666 AB 11.786144864208154 1.1383363518382712
61104.1328 lsst_hardware_i 1.9172827287864607 83.44000244140625 31.329999923706055 AB 11.142053224170771 1.0786546624988849
61110.1086 lsst_hardware_i -18.604658107399203 30.770000457763672 31.239999771118164 AB 8.329501628040433 1.0969974487080627
61110.1286 lsst_hardware_z 21.90208704471915 41.16999816894531 30.950000762939453 AB 7.9218613849139246 1.0546544845452106
61115.1051 lsst_hardware_g 10.040541158525901 13.65999984741211 31.389999389648438 AB 7.8787063111965345 1.0736370171968932
61115.127 lsst_hardware_r -58.70978708837005 22.34000015258789 31.489999771118164 AB 8.767752242702285 1.0359691503783717
61117.0925 lsst_hardware_i 31.97121719722155 30.690000534057617 31.25 AB 8.931809500817796 1.089643711213559
61117.1084 lsst_hardware_r 8.378494085001762 22.520000457763672 31.489999771118164 AB 8.461896881152999 1.0565814741567352
61119.0904 lsst_hardware_u 2.6474157985083457 2.700000047683716 28.43000030517578 AB 5.505788899074129 1.081864529046824
61119.1079 lsst_hardware_g -9.780623599642269 13.850000381469727 31.420000076293945 AB 5.33161770594036 1.0481211701989128
61121.0875 lsst_hardware_r 16.672037132060424 22.600000381469727 31.489999771118164 AB 5.704017184444629 1.0762296574423829
61121.1056 lsst_hardware_i 28.51989886202417 30.290000915527344 31.25 AB 5.431062054803645 1.0431644896863395
61123.091 lsst_hardware_z -24.573250641272104 41.13999938964844 30.940000534057617 AB 5.809503860965428 1.0584223473656384
61123.1089 lsst_hardware_r 26.886731282942108 22.3700008392334 31.489999771118164 AB 5.64233337845156 1.0311281758866104
61123.1488 lsst_hardware_u -0.15871181245286856 2.630000114440918 28.420000076293945 AB 5.429773574183099 1.005513624848722
61123.1607 lsst_hardware_r -10.989155778447408 22.190000534057617 31.489999771118164 AB 5.435875103278702 1.006643537644204
61125.0744 lsst_hardware_z 54.95345649067572 43.08000183105469 30.950000762939453 AB 7.494263621735761 1.0810073499955137
61125.0923 lsst_hardware_g 41.19958277697751 27.149999618530273 31.639999389648438 AB 8.502102485654508 1.0468635702338864
61127.0815 lsst_hardware_r 64.17109530870077 48.0099983215332 31.6200008392334 AB 7.48209616585442 1.0558611629358858
61127.1001 lsst_hardware_z -2.7800807069131253 47.15999984741211 30.959999084472656 AB 8.36852409377857 1.028579657544072
61129.0762 lsst_hardware_r 10.980565510927356 76.54000091552734 31.649999618530273 AB 5.299517913116155 1.0555757221623652
61129.0943 lsst_hardware_y -52.20281132992737 52.38999938964844 30.059999465942383 AB 6.135793905174773 1.028977679888441
61133.9937 lsst_hardware_y -18.111908499383443 55.72999954223633 29.969999313354492 AB 7.986877900341845 1.280204832753652
61134.0106 lsst_hardware_g -64.79050381196426 70.7300033569336 31.65999984741211 AB 6.1316953210063 1.202293200197314
61135.9948 lsst_hardware_y -95.64357815428346 49.95000076293945 29.979999542236328 AB 10.371697980705555 1.2477230653480367
61136.0147 lsst_hardware_i 12.177703191306746 31.510000228881836 31.229999542236328 AB 9.443480300244945 1.1658617654623389
61137.9916 lsst_hardware_y 57.28506962570929 50.189998626708984 29.969999313354492 AB 10.857141595206148 1.2372105971404646
61138.0102 lsst_hardware_i -40.24940431777535 31.520000457763672 31.219999313354492 AB 8.899204334344997 1.1624715834337143
61139.9883 lsst_hardware_y -66.2826723573492 50.38999938964844 29.979999542236328 AB 6.654744940662299 1.2274730131259428
61140.0054 lsst_hardware_g -7.407689005772026 13.899999618530273 31.389999389648438 AB 6.593422938464044 1.1601670908467774
61148.9819 lsst_hardware_z -1.4733797973802873 43.470001220703125 30.940000534057617 AB 10.822224117492608 1.1564676338419115
61149.0023 lsst_hardware_u -0.4545907997058555 2.5999999046325684 28.360000610351562 AB 10.043109669477248 1.0965290609757887
61149.0981 lsst_hardware_i 46.11310232791483 29.8700008392334 31.25 AB 9.170591042956264 1.0098379675657279
61149.1107 lsst_hardware_z -14.994998586136402 40.619998931884766 30.950000762939453 AB 9.298184865407547 1.018421124360082
61154.9755 lsst_hardware_y 12.455933324689134 51.47999954223633 30.020000457763672 AB 15.468958816860221 1.1247902286349867
61154.9932 lsst_hardware_z -59.18652075751198 45.369998931884766 30.950000762939453 AB 14.792729474944352 1.0794198532053865
61155.0537 lsst_hardware_i 25.02611568776231 38.41999816894531 31.290000915527344 AB 13.735954667610185 1.006905614573657
61155.0656 lsst_hardware_z 23.522920237145286 44.220001220703125 30.959999084472656 AB 13.702180334943916 1.005461674520304
61156.9754 lsst_hardware_y 134.9308994347888 52.959999084472656 30.030000686645508 AB 6.827217636401322 1.1096656052663667
61156.9948 lsst_hardware_r 7.585893378158316 64.19999694824219 31.639999389648438 AB 6.481760755208678 1.0647656271390025
61159.0847 lsst_hardware_r -171.69871385212875 92.72000122070312 31.65999984741211 AB 8.976186176637746 1.0195770225058554
61159.0965 lsst_hardware_i -11.907646865731772 74.5 31.34000015258789 AB 9.103577326808349 1.032356456985042
61160.979 lsst_hardware_z 15.673923357230965 103.80000305175781 31.739999771118164 AB 12.235354252783967 1.0746907556244152
61165.9673 lsst_hardware_y -110.24224242096044 51.04999923706055 30.049999237060547 AB 7.21699792577332 1.0706123610403977
61165.9859 lsst_hardware_r 2.945570745556462 22.110000610351562 31.5 AB 6.9804266629534295 1.0385221547204389
61167.9668 lsst_hardware_y 36.92168870740401 49.40999984741211 30.040000915527344 AB 10.412249757552491 1.0608777358111507
61167.9875 lsst_hardware_g -1.4184967741295527 13.050000190734863 31.3700008392334 AB 10.087589526170095 1.0293458700173566
61169.9648 lsst_hardware_y -163.71882130954498 51.38999938964844 30.049999237060547 AB 8.182679194965143 1.0546048711129337
61169.9838 lsst_hardware_z -49.01424509936681 40.47999954223633 30.950000762939453 AB 7.992401489050122 1.0273009626028435
61182.0143 lsst_hardware_z 3.6254122454086763 41.060001373291016 30.950000762939453 AB 4.639156162693746 1.013561655936731
61182.0264 lsst_hardware_i 23.798486680855525 31.3799991607666 31.260000228881836 AB 4.744321308535153 1.0239542392521912
61187.0014 lsst_hardware_y 58.47810664176524 51.97999954223633 30.059999465942383 AB 5.962806227028278 1.0140826916714758
61187.0136 lsst_hardware_r -38.77053484263831 72.19000244140625 31.649999618530273 AB 5.950548450462359 1.0248522627276673
61188.9912 lsst_hardware_i 57.17967662323605 66.08000183105469 31.34000015258789 AB 8.956376428435671 1.0110774056315492
61189.0047 lsst_hardware_z 106.25147126279491 61.099998474121094 30.989999771118164 AB 9.608002148114716 1.0213672954305115
