data/validation/pwv_sim_epoch_fit_seasonal/43767103.ecsv
# %ECSV 0.9
# ---
# datatype:
# - {name: time, datatype: float64}
# - {name: band, datatype: string}
# - {name: flux, datatype: float64}
# - {name: fluxerr, datatype: float64}
# - {name: zp, datatype: float64}
# - {name: zpsys, datatype: string}
# - {name: pwv, datatype: float64}
# - {name: airmass, datatype: float64}
# meta: {SNID: '43767103', alt: 1024.0, c: -0.07717672735452652, dec: -26.777105, lat: -30.244573, lon: -70.7499537, ra: 289.6875, t0: 62382.36328125,
#   x0: 5.458957326371368e-06, x1: -0.523279070854187, z: 0.5913820862770081}
# schema: astropy-2.0
time band flux fluxerr zp zpsys pwv airmass
62226.3352 lsst_hardware_z -16.22873479587413 63.619998931884766 30.940000534057617 AB 5.893493832574168 1.4091963095462705
62226.3523 lsst_hardware_r -112.13734344193217 81.68000030517578 31.59000015258789 AB 5.39067594555162 1.2961471376656937
62228.3412 lsst_hardware_z -23.66575494463317 59.83000183105469 30.940000534057617 AB 12.019550803110173 1.3301971727395492
62228.3583 lsst_hardware_r -24.855577234219062 71.69000244140625 31.600000381469727 AB 11.03694834078436 1.235329485131607
62232.3354 lsst_hardware_r -10.52895295061662 48.599998474121094 31.559999465942383 AB 23.608006762757302 1.2991657394895517
62232.3539 lsst_hardware_z -77.22343357766285 51.7400016784668 30.950000762939453 AB 22.02627205428005 1.2051580551311523
62236.3415 lsst_hardware_z 11.475063326513585 44.939998626708984 30.93000030517578 AB 5.760343176478537 1.2117471841132867
62236.3603 lsst_hardware_u -2.1300329437416874 2.9700000286102295 28.479999542236328 AB 5.441493096077245 1.1382090877116027
62242.341 lsst_hardware_i 12.853490944500699 33.27000045776367 31.25 AB 19.749698022632032 1.1482716371192203
62242.3587 lsst_hardware_z 75.0174736906506 43.18000030517578 30.950000762939453 AB 18.73110235433708 1.093962671631186
62244.3483 lsst_hardware_i -14.594928482847749 32.86000061035156 31.260000228881836 AB 14.18156662181799 1.1075671454257803
62244.3667 lsst_hardware_u -0.23975099393999894 2.940000057220459 28.520000457763672 AB 13.624358072468098 1.0623695327278375
62246.3468 lsst_hardware_g 10.311980374429252 16.100000381469727 31.469999313354492 AB 4.924154952128933 1.0965716406032586
62246.3647 lsst_hardware_r 37.81037636414888 25.1299991607666 31.530000686645508 AB 4.659842778621126 1.055457028000255
62248.3446 lsst_hardware_i 37.22345851955334 32.470001220703125 31.25 AB 6.745977532603453 1.0880608923553956
62248.3638 lsst_hardware_r 1.8793784296081004 25.030000686645508 31.520000457763672 AB 6.4917532242565175 1.047056971654277
62250.3395 lsst_hardware_u -0.587389993912462 2.9000000953674316 28.489999771118164 AB 10.07896871220454 1.0871501145728122
62250.3578 lsst_hardware_g 34.12110770475572 16.059999465942383 31.479999542236328 AB 9.72317734979323 1.0480102772539928
62252.354 lsst_hardware_r -0.48748290215776785 45.91999816894531 31.6200008392334 AB 3.3365270772781086 1.0451141980510912
62252.3746 lsst_hardware_i -28.4756637729114 32.880001068115234 31.270000457763672 AB 3.2785109561935157 1.0173812121623584
62254.3515 lsst_hardware_z -56.48045945847518 60.63999938964844 30.979999542236328 AB 3.7814898275038042 1.040204427151239
62254.3713 lsst_hardware_r -63.895082350818235 83.66999816894531 31.65999984741211 AB 3.634815792163593 1.0153116737887131
62257.3558 lsst_hardware_z -10.473822796947033 94.8499984741211 31.739999771118164 AB 9.104165238339144 1.0229399144201285
62259.2351 lsst_hardware_z -100.58680555957098 77.56999969482422 30.93000030517578 AB 17.70367405559462 1.4908775591394527
62259.2546 lsst_hardware_r 38.85554445383593 90.61000061035156 31.579999923706055 AB 16.990423159442592 1.3427980051721007
62261.2362 lsst_hardware_y 31.65861440075788 52.7599983215332 29.93000030517578 AB 13.176153670493012 1.435884376892696
62261.2548 lsst_hardware_g -47.944704469502156 38.2400016784668 31.59000015258789 AB 11.786593997630629 1.307587530245244
62264.2381 lsst_hardware_r -37.035063428009764 25.549999237060547 31.450000762939453 AB 12.22040613737678 1.3617189333233175
62264.2564 lsst_hardware_i -47.43227091617974 33.56999969482422 31.229999542236328 AB 11.656713078617017 1.2534100084534425
62266.2506 lsst_hardware_r 28.549660113001753 25.219999313354492 31.479999542236328 AB 8.911630519128122 1.2551592280462145
62266.2695 lsst_hardware_g -1.9961571263965687 15.600000381469727 31.440000534057617 AB 8.309631254428124 1.170370599215229
62268.2328 lsst_hardware_u 1.172457872876123 2.690000057220459 28.290000915527344 AB 14.87152355745161 1.3251819873422357
62268.2463 lsst_hardware_r 20.128732727467376 25.020000457763672 31.469999313354492 AB 14.078769182832904 1.2492253045991928
62270.2411 lsst_hardware_i 49.473129371366035 33.150001525878906 31.229999542236328 AB 8.364526897237752 1.2479091275686032
62270.2599 lsst_hardware_z 13.137482731330454 43.459999084472656 30.940000534057617 AB 8.00424437658301 1.1653131030512116
62277.2443 lsst_hardware_g 7.588973201295486 15.399999618530273 31.440000534057617 AB 7.824227066372655 1.1523586385909135
62277.2635 lsst_hardware_r -12.047300979948972 24.469999313354492 31.510000228881836 AB 6.500661205183967 1.0930379786768243
62280.2464 lsst_hardware_r -63.709301736334815 50.279998779296875 31.610000610351562 AB 8.324393164770155 1.1182688292276024
62280.2677 lsst_hardware_z 35.51361682626541 47.9900016784668 30.969999313354492 AB 7.225146040720502 1.0638643445604872
62283.2351 lsst_hardware_z 126.95192127092544 71.7699966430664 30.979999542236328 AB 5.55570578579614 1.1279857442737629
62283.2546 lsst_hardware_i -3.6433331972123386 81.41000366210938 31.329999923706055 AB 3.761256482901148 1.074644709400328
62285.2432 lsst_hardware_z -63.23382735736792 128.9199981689453 31.75 AB 9.741901564669178 1.0890484682519082
62288.2464 lsst_hardware_r -139.4617431113498 76.41999816894531 31.649999618530273 AB 7.094832848785432 1.0627370953843427
62288.2674 lsst_hardware_i -34.02130362710173 63.5 31.329999923706055 AB 6.279421860400871 1.0275744545256094
62291.1516 lsst_hardware_g -8.359164334714063 15.0 31.299999237060547 AB 15.671570183801471 1.4577978806965601
62291.1715 lsst_hardware_r -7.9771241887620805 24.93000030517578 31.450000762939453 AB 15.085963871378091 1.3159998143130887
62304.1521 lsst_hardware_r 29.854979758205157 35.439998626708984 32.2400016784668 AB 6.454237211460151 1.2291443937269864
62304.1761 lsst_hardware_u 5.440710009670428 4.050000190734863 29.229999542236328 AB 5.785054629001375 1.133398457926823
62306.154 lsst_hardware_g -6.609641884051512 22.309999465942383 31.540000915527344 AB 4.54461006507062 1.1959500171238473
62306.1781 lsst_hardware_i 45.95876994468832 34.02000045776367 31.260000228881836 AB 4.1388095148986705 1.1102701401377963
62308.1492 lsst_hardware_z -9.367719990376782 47.93000030517578 30.950000762939453 AB 3.5834246745308036 1.1931491702101167
62308.1732 lsst_hardware_r 72.95998263337282 42.75 31.600000381469727 AB 3.2793690924746888 1.1086440474896946
62310.1625 lsst_hardware_y 68.84667891639567 74.0 30.770000457763672 AB 3.8231204393315834 1.124447188038701
62312.1507 lsst_hardware_r 308.4124501039086 133.6199951171875 31.639999389648438 AB 4.513052563352763 1.145444813033696
62312.1705 lsst_hardware_i -127.96199712417386 96.30999755859375 31.34000015258789 AB 4.121649232760164 1.0864791598339585
62315.1512 lsst_hardware_z 180.85862582687537 89.41000366210938 30.989999771118164 AB 6.9036636776296065 1.1171880698486296
62315.1707 lsst_hardware_r 141.55893377602627 125.38999938964844 31.65999984741211 AB 6.2977480524189255 1.0669326946722824
62323.1543 lsst_hardware_i 3.1235081620309035 31.959999084472656 31.260000228881836 AB 5.111155299321879 1.0558056805044163
62323.1731 lsst_hardware_z -21.785580285735648 41.689998626708984 30.950000762939453 AB 4.978539236022346 1.0259740826423986
62325.0403 lsst_hardware_u -0.6168273788147138 2.3499999046325684 27.93000030517578 AB 1.5608823791625688 1.6370030195726992
62325.0594 lsst_hardware_g -21.642845669150194 15.539999961853027 31.31999969482422 AB 2.752224940414936 1.4526169636250543
62327.0392 lsst_hardware_r -22.382540615929948 26.329999923706055 31.389999389648438 AB 12.994351708949374 1.5895555516666242
62327.0582 lsst_hardware_i 31.668729618821832 35.060001373291016 31.200000762939453 AB 11.896860633427055 1.4187701502735397
62328.0599 lsst_hardware_u -1.0124503499463762 2.5399999618530273 28.1299991607666 AB 9.175881271486823 1.3859103242019333
62328.0783 lsst_hardware_g 20.08719237214194 15.720000267028809 31.389999389648438 AB 8.40127854401367 1.2711554977703194
62330.0638 lsst_hardware_r -9.750905481196243 25.559999465942383 31.450000762939453 AB 8.233045912702147 1.3234989678548086
62330.0817 lsst_hardware_i -3.920529594749524 33.31999969482422 31.229999542236328 AB 7.665977848178319 1.2263602380704397
62332.0611 lsst_hardware_z -126.91917755587976 45.470001220703125 30.920000076293945 AB 8.228883536624016 1.3067423933659956
62332.0802 lsst_hardware_r 33.274057015439794 25.229999542236328 31.479999542236328 AB 7.601290821174014 1.2082001914524838
62343.0659 lsst_hardware_r -5.709135193970849 134.85000610351562 31.639999389648438 AB 9.64858733911707 1.1460037222801176
62343.0845 lsst_hardware_z -137.88572360732806 88.2300033569336 30.989999771118164 AB 8.127276469776362 1.089934260586906
62347.0712 lsst_hardware_g 12.994383436338614 15.390000343322754 31.450000762939453 AB 5.261637391609994 1.0961744565854155
62347.0903 lsst_hardware_r -36.06168915678936 24.34000015258789 31.520000457763672 AB 5.4750315919018755 1.0528906907503606
62348.0722 lsst_hardware_i 12.236265763444791 31.809999465942383 31.25 AB 3.815244040196563 1.0864997978631818
62348.0907 lsst_hardware_z -33.44979797225466 41.619998931884766 30.950000762939453 AB 4.054060995121034 1.0472001881662738
62351.0742 lsst_hardware_r 25.909393936504546 24.48123985368698 31.520000457763672 AB 1.6735552130736804 1.063137244938213
62351.0938 lsst_hardware_u 3.6724304321643237 2.8430994591590806 28.489999771118164 AB 1.8256231750817975 1.029680301794584
62352.053 lsst_hardware_u 1.0214728793749681 2.793792185209164 28.40999984741211 AB 1.5793488980830288 1.1088337688393315
62352.0724 lsst_hardware_g 7.099877127563331 15.451762931473564 31.459999084472656 AB 1.5299227156220285 1.0612180686395574
62354.0736 lsst_hardware_z 89.54152376892397 41.80606607244363 30.940000534057617 AB 1.788168066943138 1.048471455258363
62354.093 lsst_hardware_r -30.81947702918385 24.338412404906762 31.520000457763672 AB 2.026825147040233 1.0206421218834576
62356.0765 lsst_hardware_u -4.714870395157549 3.2540758586348093 28.5 AB 3.4515311977690963 1.0348384562569746
62356.0946 lsst_hardware_g 5.907715738359388 15.644648477854288 31.479999542236328 AB 4.460367179496939 1.0137198135220316
62357.9739 lsst_hardware_z 158.4368019486498 94.39634173657745 31.68000030517578 AB 2.8445742526276803 1.416150474258719
62361.9674 lsst_hardware_y 199.2848943296976 71.26408607127556 29.959999084472656 AB 7.398981077023963 1.3835258733819644
62361.9859 lsst_hardware_i 261.12260393457404 37.07479508509314 31.229999542236328 AB 6.399610705717215 1.268819966437769
62363.9681 lsst_hardware_y -40.41155753946982 75.30604319684187 29.959999084472656 AB 8.058453788443455 1.3416594353366094
62363.9845 lsst_hardware_i 411.6764902849031 41.07351335803693 31.239999771118164 AB 7.494409960737671 1.2476820134413436
62365.9697 lsst_hardware_y 7.4702560475035416 77.40478987151575 29.979999542236328 AB 4.640811195068796 1.2983105875140009
62365.9876 lsst_hardware_z 393.6994034818897 55.57212973461002 30.950000762939453 AB 4.150213838792477 1.2071593481071776
62366.9701 lsst_hardware_y 225.39043931078896 78.77055434691462 29.989999771118164 AB 3.643549025046682 1.280535036918937
62366.9885 lsst_hardware_i 681.4017514633238 73.17372257059102 31.299999237060547 AB 3.4617121865601383 1.1915025883066102
62368.9791 lsst_hardware_z 1139.2227535693776 139.95734567566603 31.729999542236328 AB 3.9289316778786394 1.208530199285955
62370.9724 lsst_hardware_y 260.1551962334079 80.02287394286203 30.010000228881836 AB 1.6997405047434637 1.2141003605310456
62370.9903 lsst_hardware_r 1727.5544813615675 125.28869920204018 31.639999389648438 AB 1.6002652562985686 1.1430466116418347
62375.9951 lsst_hardware_i 1424.9305687426133 48.89087782347492 31.25 AB 4.335116726438299 1.0881317084433484
62376.0061 lsst_hardware_z 900.1107268510191 51.98165088539791 30.950000762939453 AB 3.7249369643455457 1.0628000278697642
62379.9785 lsst_hardware_y 531.641756627081 60.09364028859675 30.040000915527344 AB 4.8281180076471895 1.1032756234864278
62379.9961 lsst_hardware_r 1950.1729181415162 50.2448741720583 31.5 AB 4.932406401200844 1.060903672893659
62384.9817 lsst_hardware_y 400.4957655001986 57.708799722721814 30.049999237060547 AB 0.6895220175785671 1.0624376233876227
62384.9999 lsst_hardware_i 1581.803554821242 50.270736666227315 31.260000228881836 AB 0.6982499929783877 1.0311346192149464
62591.3255 lsst_hardware_i -58.630096951344875 35.880001068115234 31.190000534057617 AB 6.1068356404603685 1.4943926686554188
62591.3442 lsst_hardware_u -0.25483949147857804 2.700000047683716 28.219999313354492 AB 5.6038072170841255 1.350640447597989
62594.3341 lsst_hardware_g 4.765520138032024 16.889999389648438 31.3700008392334 AB 7.818329234265425 1.3634638978518399
62594.3525 lsst_hardware_r -10.779612612357784 26.989999771118164 31.479999542236328 AB 7.1552926026478545 1.2542143037068982
62598.3374 lsst_hardware_u -0.7566029605615384 2.799999952316284 28.329999923706055 AB 10.382705741212481 1.2764183226741963
62598.3548 lsst_hardware_g 20.328221079384765 16.690000534057617 31.440000534057617 AB 9.736710970318338 1.1925667181478765
62600.334 lsst_hardware_r 35.468018147803036 26.510000228881836 31.479999542236328 AB 9.087068635712741 1.2653000502263017
62600.3526 lsst_hardware_i -54.66303235826941 33.72999954223633 31.239999771118164 AB 8.467669024836592 1.179176859049797
62602.3412 lsst_hardware_r 6.3155880266964 26.190000534057617 31.510000228881836 AB 5.033777309189097 1.204084910603966
62602.3598 lsst_hardware_u -1.0483539420068109 3.0199999809265137 28.540000915527344 AB 4.736329553727478 1.1331383756276112
62606.3364 lsst_hardware_z 75.79911684553603 49.18000030517578 30.950000762939453 AB 11.570086620546714 1.1784565716588629
62606.3559 lsst_hardware_r 12.770215477784483 25.780000686645508 31.520000457763672 AB 10.929061535562331 1.111326388444704
62608.3522 lsst_hardware_y -27.191752311975236 73.94000244140625 30.790000915527344 AB 16.264491420671124 1.106239851771544
62616.3662 lsst_hardware_z -13.769119348823878 45.47999954223633 30.959999084472656 AB 16.091415326667075 1.0315009824786587
62616.388 lsst_hardware_r -15.758252071381873 37.31999969482422 31.610000610351562 AB 14.799695282425422 1.0090988004722012
62618.34 lsst_hardware_i -18.03174697476668 46.540000915527344 32.0099983215332 AB 2.453027788226381 1.068391893826821
62618.3594 lsst_hardware_z -11.25795058553438 59.70000076293945 31.700000762939453 AB 2.3547824146742395 1.0334036342923814
62620.3498 lsst_hardware_r 13.00447751094019 24.690000534057617 31.510000228881836 AB 11.924513808004326 1.0396867421533649
62620.3686 lsst_hardware_u 5.366029875002695 2.819999933242798 28.459999084472656 AB 11.499807791239714 1.0159439122951628
62623.2341 lsst_hardware_z 26.940945625040293 48.529998779296875 30.899999618530273 AB 12.17236205062094 1.5315321220400873
62623.2534 lsst_hardware_u -0.8176497730197088 2.7300000190734863 28.299999237060547 AB 11.040865042450328 1.3740109566859968
62625.2333 lsst_hardware_g -2.4695943757724153 15.470000267028809 31.31999969482422 AB 14.15922168232815 1.4889032421523143
62625.2535 lsst_hardware_r -15.817968752917693 25.610000610351562 31.469999313354492 AB 12.328772756065108 1.3368387706724736
62631.2396 lsst_hardware_i 32.10542540923118 33.529998779296875 31.219999313354492 AB 8.191785909634444 1.321255791876523
62631.2576 lsst_hardware_u 3.103400128421549 2.680000066757202 28.309999465942383 AB 8.69168269076317 1.224180660670869
62633.2419 lsst_hardware_g 3.9099833581021923 23.65999984741211 31.520000457763672 AB 14.401239893670732 1.2761399994391434
62633.26 lsst_hardware_r -44.23509678474308 24.56999969482422 31.479999542236328 AB 12.60471585861414 1.1894233636085312
62639.2472 lsst_hardware_z 83.82882043033877 107.5999984741211 31.729999542236328 AB 9.39486405989892 1.1749209904619613
62642.2377 lsst_hardware_r 105.2204051790513 99.27999877929688 31.6299991607666 AB 8.074773418371617 1.1801342275380238
62642.2567 lsst_hardware_i 75.64628749091617 82.58000183105469 31.31999969482422 AB 6.686472179310387 1.114040682990734
