data/validation/pwv_sim_epoch_fit_seasonal/43784563.ecsv
# %ECSV 0.9
# ---
# datatype:
# - {name: time, datatype: float64}
# - {name: band, datatype: string}
# - {name: flux, datatype: float64}
# - {name: fluxerr, datatype: float64}
# - {name: zp, datatype: float64}
# - {name: zpsys, datatype: string}
# - {name: pwv, datatype: float64}
# - {name: airmass, datatype: float64}
# meta: {SNID: '43784563', alt: 1024.0, c: 0.11801981180906296, dec: -7.180756, lat: -30.244573, lon: -70.7499537, ra: 233.964844, t0: 62789.1015625,
#   x0: 0.0002463709967075033, x1: 0.9587963819503784, z: 0.111564040184021}
# schema: astropy-2.0
time band flux fluxerr zp zpsys pwv airmass
62562.382 lsst_hardware_r 13.886300028953777 24.65999984741211 31.5 AB 3.356931307916091 1.0945325425223642
62562.4 lsst_hardware_y 87.85534709166566 64.9000015258789 30.049999237060547 AB 3.2585581516897943 1.0861860505632648
62564.3801 lsst_hardware_z 7.546032013895458 42.58000183105469 30.940000534057617 AB 7.524541144006493 1.0918318467724053
62564.3982 lsst_hardware_y 11.929206868233404 58.189998626708984 30.040000915527344 AB 7.461437101208925 1.0860898255034825
62565.3811 lsst_hardware_u 3.1952448063766985 2.819999933242798 28.440000534057617 AB 10.579288210044965 1.0895624508268358
62565.4004 lsst_hardware_y -1.4716939504084217 60.27000045776367 30.040000915527344 AB 10.613792863974714 1.0868106557418302
62569.3757 lsst_hardware_r -23.663186502556268 24.31999969482422 31.510000228881836 AB 8.212311636072968 1.0872433763556444
62569.395 lsst_hardware_y 28.181415129501367 49.65999984741211 30.040000915527344 AB 8.171653778093953 1.0887795938124825
62576.3478 lsst_hardware_r -30.308431137473097 24.020000457763672 31.489999771118164 AB 8.274531228406994 1.0915188112531073
62576.3675 lsst_hardware_i -26.750426889269256 31.700000762939453 31.25 AB 8.148117461007756 1.0862708253576643
62577.3524 lsst_hardware_z 56.059214927776424 42.18000030517578 30.940000534057617 AB 9.634068720506116 1.0877349802987597
62577.3732 lsst_hardware_r 45.21781640333913 24.15999984741211 31.5 AB 9.629323782021588 1.0887973521055616
62579.3581 lsst_hardware_z 88.78476347834092 88.93000030517578 31.729999542236328 AB 7.112966838954195 1.0861425962315214
62581.3059 lsst_hardware_r 118.3612012718911 109.9000015258789 31.6299991607666 AB 4.471047168366254 1.1274152854734076
62581.3248 lsst_hardware_z -102.25962951079141 75.36000061035156 30.979999542236328 AB 4.358109376632248 1.099560836793784
62590.1594 lsst_hardware_i 15.439113291376625 52.540000915527344 31.829999923706055 AB 12.892795697866294 2.039569030457617
62590.1773 lsst_hardware_z -83.96336260133651 70.86000061035156 31.6200008392334 AB 11.868126893466624 1.7505902933057997
62597.3144 lsst_hardware_u 2.0846036547632667 2.869999885559082 28.520000457763672 AB 18.102638158382113 1.0871802389275034
62597.3346 lsst_hardware_g -16.09044384838959 14.979999542236328 31.440000534057617 AB 19.978444300207688 1.1016005679478733
62599.2855 lsst_hardware_g -1.0396081174579432 15.010000228881836 31.440000534057617 AB 9.403096595610009 1.0911945917328625
62599.3049 lsst_hardware_r 0.48998232860623664 23.920000076293945 31.489999771118164 AB 10.830097328255231 1.0862957775526199
62601.2959 lsst_hardware_z -3.456595117157259 42.22999954223633 30.950000762939453 AB 5.6570131387720375 1.0860596378732013
62601.3131 lsst_hardware_r 3.102087773283251 23.979999542236328 31.5 AB 5.653277546464108 1.0919460227850901
62603.2902 lsst_hardware_u 0.25039301422882426 2.9100000858306885 28.549999237060547 AB 6.359434275905198 1.0860616985578
62603.3055 lsst_hardware_r 10.226683425005186 24.229999542236328 31.520000457763672 AB 7.283575132911967 1.090559630606321
62605.2891 lsst_hardware_i 23.410607916651525 39.099998474121094 31.280000686645508 AB 7.628033509830697 1.0863823271139639
62605.3062 lsst_hardware_z 35.49717439555862 42.689998626708984 30.950000762939453 AB 7.991672636022705 1.0950621939168994
62607.2503 lsst_hardware_r 70.65606009888043 80.88999938964844 31.649999618530273 AB 18.266359496313456 1.1035408244261264
62607.267 lsst_hardware_z 42.562665204062185 60.34000015258789 30.979999542236328 AB 18.022987395188114 1.0892655261203985
62615.2005 lsst_hardware_z 3.615508008086916 79.55000305175781 32.13999938964844 AB 9.134932893071484 1.1553334673628841
62615.227 lsst_hardware_r 61.253084734119476 62.83000183105469 32.77000045776367 AB 8.901007978351634 1.105349115616148
62617.256 lsst_hardware_u 1.5900336673339723 3.059999942779541 28.549999237060547 AB 6.563430213289468 1.0863308951404598
62617.2758 lsst_hardware_r 36.25246635318719 26.15999984741211 31.520000457763672 AB 6.751580505584631 1.0972084081609887
62619.2532 lsst_hardware_i -18.526968966148587 31.65999984741211 31.239999771118164 AB 2.996851323193481 1.0868658087016976
62619.2707 lsst_hardware_z 12.157001751859541 42.38999938964844 30.940000534057617 AB 3.0277928040737607 1.097556598866757
62621.254 lsst_hardware_r -43.829259381746894 24.399999618530273 31.510000228881836 AB 11.515198809925941 1.0892510304202372
62621.271 lsst_hardware_u -0.0009159339082459502 2.799999952316284 28.440000534057617 AB 11.641402825736627 1.1038690333526102
62624.2233 lsst_hardware_u -1.4193774982824945 2.9200000762939453 28.540000915527344 AB 12.857310343921624 1.0880350633766478
62624.2426 lsst_hardware_g 6.673429969921454 15.529999732971191 31.469999313354492 AB 12.916179447067652 1.0878309472544345
62628.2242 lsst_hardware_z -104.06754055770561 60.060001373291016 31.700000762939453 AB 7.413771537086424 1.08613427475323
62628.2424 lsst_hardware_r 27.100023758685026 34.70000076293945 32.2599983215332 AB 7.451747992016881 1.0942227322744775
62632.2256 lsst_hardware_r -28.538018774013796 24.65999984741211 31.510000228881836 AB 8.202999242208092 1.0901357842065307
62632.2446 lsst_hardware_z -31.192619695241905 42.790000915527344 30.950000762939453 AB 8.328372096366595 1.1085896457765207
62635.1733 lsst_hardware_y -42.8370064799201 52.02000045776367 30.030000686645508 AB 6.519578076683985 1.1042178221931633
62635.1922 lsst_hardware_r 24.271014257399404 67.0999984741211 31.6299991607666 AB 6.4258692609392645 1.088484671963974
62640.0765 lsst_hardware_z 131.98539328282828 119.87000274658203 31.700000762939453 AB 11.415782863627859 1.4034935799390849
62643.1532 lsst_hardware_z 5.3470514204826545 47.16999816894531 30.950000762939453 AB 5.447867510117979 1.1021378737847418
62643.1746 lsst_hardware_r 8.778284812784694 44.08000183105469 31.610000610351562 AB 5.746922080789731 1.0869739927413786
62645.1483 lsst_hardware_i -55.419922975012206 31.889999389648438 31.239999771118164 AB 8.270585285325488 1.1014963421889024
62645.1676 lsst_hardware_z -0.7760971906205409 42.33000183105469 30.950000762939453 AB 8.550891872885607 1.0874385595021967
62647.1435 lsst_hardware_r -2.474919203956409 24.6299991607666 31.510000228881836 AB 6.411180737265738 1.1007578670976486
62653.1087 lsst_hardware_r -16.489049752818836 34.439998626708984 32.25 AB 8.286306920285796 1.128617123438545
62653.1288 lsst_hardware_i 29.182209792563548 31.84000015258789 31.25 AB 7.845125948687678 1.0989623573992506
62673.0393 lsst_hardware_g -28.113472701313626 15.010000228881836 31.43000030517578 AB 4.570720473718998 1.1627866373675637
62673.0519 lsst_hardware_i -17.165664054086513 31.90999984741211 31.239999771118164 AB 3.8328794563906836 1.1329823991695265
62677.0802 lsst_hardware_z -7.481843322609822 42.18000030517578 30.940000534057617 AB 5.139028484683634 1.0874524646211996
62677.1019 lsst_hardware_r -29.720112312312473 23.809999465942383 31.489999771118164 AB 5.7320731613799865 1.0896786948951245
62679.0701 lsst_hardware_u -1.746165120110334 2.6500000953674316 28.350000381469727 AB 8.255028183443763 1.0894371172941795
62679.0894 lsst_hardware_g 8.947458672904594 14.890000343322754 31.43000030517578 AB 8.47766462264207 1.0868800798259064
62681.0761 lsst_hardware_r 27.279486549129167 23.889999389648438 31.5 AB 3.7063601222940563 1.0861128563500053
62681.0993 lsst_hardware_i -7.558491823065769 31.559999465942383 31.239999771118164 AB 4.3080837431553896 1.0956004941691035
62683.048 lsst_hardware_i -44.64408120943348 31.530000686645508 31.239999771118164 AB 8.808000733589889 1.0978437908001857
62683.069 lsst_hardware_z 31.625728809926294 42.08000183105469 30.940000534057617 AB 8.765067009870842 1.0862643462474708
62687.0493 lsst_hardware_r 32.952237163783956 24.190000534057617 31.5 AB 4.608470917341918 1.0889152720848858
62687.0706 lsst_hardware_u 0.8823441084986021 2.7799999713897705 28.440000534057617 AB 4.622073283900475 1.0878452792297308
62689.0522 lsst_hardware_g 6.667567789326092 20.719999313354492 31.540000915527344 AB 3.470794642954166 1.086320702020048
62689.0717 lsst_hardware_i -59.91318337617477 33.27000045776367 31.25 AB 3.4376493782964763 1.0912017918621404
62698.007 lsst_hardware_r -46.49905657568648 72.97000122070312 31.6299991607666 AB 4.806184631117665 1.0978872986638994
62698.026 lsst_hardware_y -17.49179302126287 52.58000183105469 30.030000686645508 AB 4.768207186504654 1.086605762430321
62707.9988 lsst_hardware_g -11.344029851422533 15.1899995803833 31.43000030517578 AB 8.940427555734232 1.0865857505753806
62708.018 lsst_hardware_i 48.49566536773354 31.770000457763672 31.239999771118164 AB 10.013459469526845 1.0900981006470303
62716.9678 lsst_hardware_z -82.77513632386486 54.4900016784668 30.969999313354492 AB 8.988044998131254 1.0887231871115008
62716.9863 lsst_hardware_r 22.57783318071074 26.25 31.520000457763672 AB 10.980781630596665 1.0870625954260162
62720.9685 lsst_hardware_y 43.761593569303685 68.5199966430664 30.049999237060547 AB 3.6265843958001693 1.086074688035988
62720.9865 lsst_hardware_z -2.9656982890142154 62.540000915527344 30.979999542236328 AB 3.619145865597759 1.092709784556042
62928.3802 lsst_hardware_i -15.947504644206587 32.150001525878906 31.25 AB 6.684750210586062 1.0943208671818718
62928.3976 lsst_hardware_y 94.54434122057374 56.43000030517578 30.040000915527344 AB 6.646131501012922 1.0862058456656554
62933.3797 lsst_hardware_r -29.944389668691453 67.36000061035156 31.6299991607666 AB 9.251371336194165 1.0870537966270095
62933.3983 lsst_hardware_y -29.38137670346607 56.209999084472656 30.040000915527344 AB 9.267828744033338 1.0886997437999968
62938.3769 lsst_hardware_z 33.97650470371122 70.98999786376953 30.989999771118164 AB 15.413481315452977 1.086323449381171
62938.3956 lsst_hardware_y -48.07494611169871 59.060001373291016 30.040000915527344 AB 15.512926165704881 1.0962294863112498
62940.3793 lsst_hardware_r -50.604025001538425 58.209999084472656 31.6299991607666 AB 10.544822367397257 1.0887506638855227
62940.3972 lsst_hardware_y 21.980444978769075 53.400001525878906 30.030000686645508 AB 10.702087045268094 1.1037441303540643
62942.3508 lsst_hardware_i -2.5162132809069395 34.75 31.270000457763672 AB 9.673527772389113 1.0886665160058273
62942.3692 lsst_hardware_r -27.6911234309712 30.110000610351562 31.559999465942383 AB 9.563567634584965 1.0870160984979373
62945.3488 lsst_hardware_u 2.394036202259396 2.9200000762939453 28.549999237060547 AB 5.582180396687436 1.0865910452934278
62945.3679 lsst_hardware_g 7.921552593166886 15.300000190734863 31.459999084472656 AB 5.631904142714548 1.0899053301602146
62947.3425 lsst_hardware_r -15.650515188478742 24.290000915527344 31.520000457763672 AB 6.738408914856338 1.0867817184328314
62947.3611 lsst_hardware_i 14.12784027898183 31.950000762939453 31.260000228881836 AB 6.755987876159184 1.0891923543846216
62949.3428 lsst_hardware_z -51.89972217536245 42.11000061035156 30.950000762939453 AB 7.385085692758936 1.08604201364102
62949.3625 lsst_hardware_r -1.7117015187363616 24.219999313354492 31.510000228881836 AB 7.436604244770476 1.093618271289776
62951.3005 lsst_hardware_g 18.89658010046967 15.079999923706055 31.450000762939453 AB 7.05036648991965 1.1143300916579184
62951.3173 lsst_hardware_i 4.6009666915824425 31.739999771118164 31.25 AB 6.988882642683478 1.0944069280744386
62955.3223 lsst_hardware_r 2.446361084057026 24.139999389648438 31.520000457763672 AB 6.864639979516887 1.0864350683733701
62955.3406 lsst_hardware_u -1.6051126724160656 2.9000000953674316 28.549999237060547 AB 6.941155194043687 1.0899056871429313
62957.3185 lsst_hardware_g -0.6127829897633732 15.079999923706055 31.450000762939453 AB 5.497049027982606 1.0861944399109382
62957.3375 lsst_hardware_r 49.81359952545879 24.06999969482422 31.510000228881836 AB 6.548038632667049 1.0913397721111748
62961.3126 lsst_hardware_r -35.02804800826911 63.41999816894531 31.6299991607666 AB 7.503057353523266 1.0861403233241311
62961.3312 lsst_hardware_z -84.8817238191164 51.779998779296875 30.969999313354492 AB 7.578834142963087 1.0948117216270015
62964.3142 lsst_hardware_z -136.13426204858098 83.47000122070312 30.989999771118164 AB 10.807291382994807 1.0889507162068424
62964.3338 lsst_hardware_r 51.880040711071096 124.94999694824219 31.649999618530273 AB 10.267597679695303 1.1064221637602696
62969.2826 lsst_hardware_r -86.89054860827623 48.90999984741211 31.6200008392334 AB 12.911221535876878 1.0867421751762145
62969.3009 lsst_hardware_i -69.73610173303841 45.560001373291016 31.299999237060547 AB 13.263799797749195 1.0891235010913458
62976.2619 lsst_hardware_g 18.983319323772886 15.109999656677246 31.440000534057617 AB 3.9087404297227106 1.087170525604314
62976.2802 lsst_hardware_i 25.01671254772119 31.8799991607666 31.260000228881836 AB 3.9088328528036014 1.08838188815099
62982.1679 lsst_hardware_u 2.461422423477006 2.7300000190734863 28.350000381469727 AB 8.016367954163975 1.24927164813859
62982.1846 lsst_hardware_g 0.49296551300420266 15.210000038146973 31.40999984741211 AB 7.613671305199977 1.1871166100905595
62985.2521 lsst_hardware_r -3.073109686553388 24.290000915527344 31.510000228881836 AB 11.563221037271264 1.0871009506918246
62985.2722 lsst_hardware_i 73.80247798330319 31.889999389648438 31.25 AB 11.685785688295143 1.1012378729015826
62989.2031 lsst_hardware_z 6.67241864124226 51.22999954223633 30.959999084472656 AB 12.715722705058056 1.105362583384279
62989.2244 lsst_hardware_r -4.919326894716188 55.060001373291016 31.6200008392334 AB 12.857031661837137 1.0878580490047216
62994.2393 lsst_hardware_z 219.166830980251 108.33999633789062 31.0 AB 9.781420361608935 1.0933542391067883
62994.2599 lsst_hardware_r -42.16802654693864 156.25999450683594 31.639999389648438 AB 10.400485969903455 1.1183318247208016
63004.1261 lsst_hardware_g 1.867191959081508 21.770000457763672 32.15999984741211 AB 9.649818103411445 1.1822135501880973
63004.1509 lsst_hardware_i -103.11723182175793 45.470001220703125 31.989999771118164 AB 8.768421582893486 1.1225016428207812
63008.1721 lsst_hardware_z 9.338339692048871 42.540000915527344 30.940000534057617 AB 5.751762036689809 1.0880266160171042
63008.1944 lsst_hardware_r -15.333994820941598 24.459999084472656 31.510000228881836 AB 5.765787696997508 1.0891174342647245
63014.1596 lsst_hardware_r -1.9455932833550684 24.43000030517578 31.510000228881836 AB 7.804706561731039 1.0867794418618728
63014.1807 lsst_hardware_i 56.59119410763768 31.93000030517578 31.260000228881836 AB 8.25876062170799 1.0906013674233634
63016.1646 lsst_hardware_z -34.40078916616718 44.97999954223633 30.959999084472656 AB 13.090444265131074 1.0864340829223047
63016.1878 lsst_hardware_r -20.03903502414719 32.31999969482422 31.56999969482422 AB 13.658753808327846 1.101512403897407
63018.1262 lsst_hardware_r 70.86216551459624 61.95000076293945 31.639999389648438 AB 7.916884084377524 1.1025789078098776
63018.1477 lsst_hardware_z -114.96838569614802 53.810001373291016 30.969999313354492 AB 7.756735879387178 1.0870373073369242
63021.1324 lsst_hardware_z -130.24018404200726 105.55000305175781 31.0 AB 11.748306410500291 1.0900687145851207
63021.153 lsst_hardware_i -163.9052621861514 126.05999755859375 31.34000015258789 AB 11.675930512025245 1.0868829358573564
63023.1313 lsst_hardware_z 15.204628587723095 83.41000366210938 31.0 AB 6.121990673636403 1.087967064801209
63023.153 lsst_hardware_r 60.57991990202432 125.2699966430664 31.649999618530273 AB 6.117725107915651 1.0889022574495297
63037.0789 lsst_hardware_i 8.73659787533272 31.65999984741211 31.239999771118164 AB 4.049629345996076 1.0976588397170426
63037.1031 lsst_hardware_z -93.39056465941401 42.209999084472656 30.940000534057617 AB 4.100830398674649 1.086048967890721
63043.0781 lsst_hardware_r -24.719302858025 25.979999542236328 31.520000457763672 AB 4.31565766735556 1.0874554733693116
63043.1 lsst_hardware_z 8.000233218253952 42.81999969482422 30.950000762939453 AB 5.230706514514233 1.0897305238571318
63045.0778 lsst_hardware_g 7.121909596351891 32.689998626708984 31.649999618530273 AB 7.661903017941092 1.086255478548441
63047.0713 lsst_hardware_z -16.20442909267849 58.150001525878906 30.969999313354492 AB 3.422196154929573 1.0864114777555092
63047.0943 lsst_hardware_r 51.012131186558086 69.80000305175781 31.639999389648438 AB 3.941318327185304 1.09314057056866
63049.0426 lsst_hardware_r 34.668820227976546 111.7300033569336 31.639999389648438 AB 9.462710638861179 1.1013824215939296
63049.0625 lsst_hardware_y 18.633836145465036 63.119998931884766 30.040000915527344 AB 9.24124783502647 1.087205627650173
63052.0455 lsst_hardware_z 23.182801514762705 68.48999786376953 30.979999542236328 AB 4.598159900581373 1.0914649445538993
63052.0678 lsst_hardware_r -98.47449760867916 99.70999908447266 31.639999389648438 AB 4.622126844027955 1.0867495224800503
63057.0348 lsst_hardware_i -4.280512335573292 44.81999969482422 32.0 AB 8.91344903325686 1.0896858982363367
63057.0561 lsst_hardware_z -0.4658194117163581 59.90999984741211 31.690000534057617 AB 9.13060681735229 1.0872898136192635
63067.027 lsst_hardware_r -8.365672751226422 24.309999465942383 31.510000228881836 AB 3.1574858535187578 1.086789531959187
63067.053 lsst_hardware_u 2.6305936899574993 2.8399999141693115 28.479999542236328 AB 3.106334041314712 1.1069999256311562
63069.0072 lsst_hardware_g 10.964103852080479 21.68000030517578 32.20000076293945 AB 6.617904806076972 1.0874278744751975
63069.03 lsst_hardware_r -16.24304067080689 24.309999465942383 31.510000228881836 AB 6.648993622806569 1.0902968498726269
63073.0048 lsst_hardware_r 40.79561498806935 29.899999618530273 31.549999237060547 AB 9.944996485992787 1.086054000872861
63073.0242 lsst_hardware_z -52.814053004716754 43.720001220703125 30.940000534057617 AB 10.006817635416954 1.093840513982542
63078.9751 lsst_hardware_y 74.29636333095918 55.7599983215332 30.040000915527344 AB 4.983327716911955 1.0894900998933001
63078.9965 lsst_hardware_z 31.063832251884637 62.81999969482422 30.979999542236328 AB 4.972078137418382 1.0874466919829777
63080.9784 lsst_hardware_y -27.358736612063346 81.08000183105469 30.799999237060547 AB 4.1494247717877135 1.0864264544742397
63082.9652 lsst_hardware_z -119.27940392872122 61.4900016784668 30.979999542236328 AB 1.3451533819017991 1.088972581989547
63082.9757 lsst_hardware_r -6.281876704783662 25.260000228881836 31.510000228881836 AB 1.3105630044467 1.086101937386768
63084.9686 lsst_hardware_y -15.922730482249474 61.5099983215332 30.049999237060547 AB 3.465525156179341 1.0862580157285573
63084.9896 lsst_hardware_z 8.925362766901232 42.630001068115234 30.940000534057617 AB 3.442308829816279 1.0924496444991212
