data/validation/pwv_sim_epoch_fit_seasonal/4379424.ecsv
# %ECSV 0.9
# ---
# datatype:
# - {name: time, datatype: float64}
# - {name: band, datatype: string}
# - {name: flux, datatype: float64}
# - {name: fluxerr, datatype: float64}
# - {name: zp, datatype: float64}
# - {name: zpsys, datatype: string}
# - {name: pwv, datatype: float64}
# - {name: airmass, datatype: float64}
# meta: {SNID: '4379424', alt: 1024.0, c: 0.027511999011039734, dec: -14.477512, lat: -30.244573, lon: -70.7499537, ra: 82.792969, t0: 62400.17578125,
#   x0: 9.849794144497977e-06, x1: 0.5782814621925354, z: 0.46317288279533386}
# schema: astropy-2.0
time band flux fluxerr zp zpsys pwv airmass
62415.3725 lsst_hardware_g 437.62488834338785 24.986812193123324 31.420000076293945 AB 6.561019413754659 1.041982966715933
62417.366 lsst_hardware_i 1789.097859669449 51.97933369540069 31.25 AB 4.597973385935553 1.042466759205461
62417.3841 lsst_hardware_y 475.483165308136 64.81522094108975 30.059999465942383 AB 4.226874394501994 1.039608377413895
62419.3673 lsst_hardware_i 1737.9986095988327 50.77998012109653 31.25 AB 3.1200585737824156 1.0400195245941386
62419.3854 lsst_hardware_y 450.97819646875445 78.39167250825928 30.06999969482422 AB 3.31823985019529 1.041561030665537
62421.3678 lsst_hardware_g 268.2683049557166 21.310454371129065 31.43000030517578 AB 5.771004330717546 1.039227647417548
62424.3 lsst_hardware_i 1397.7999292713484 47.7197653829734 31.239999771118164 AB 6.204612294251166 1.1079664811162797
62424.317 lsst_hardware_y 455.52397179659044 50.67547361268177 30.030000686645508 AB 6.112003841677083 1.0737884472377166
62426.3561 lsst_hardware_u 2.030018196668709 3.101034209364386 28.479999542236328 AB 5.089788630101213 1.0392449262597754
62426.3725 lsst_hardware_z 944.8601645861293 55.42578038545016 30.959999084472656 AB 5.118897762828686 1.0448151645452481
62428.3481 lsst_hardware_r 836.9744543743953 36.79366589987533 31.489999771118164 AB 3.9985077692419795 1.0392482831038843
62428.3667 lsst_hardware_y 428.56800372855554 52.783585683586985 30.049999237060547 AB 4.020666449658644 1.0446002727094426
62431.2686 lsst_hardware_z 1774.755618627856 98.99157442437674 31.719999313354492 AB 3.2931192475069193 1.1412646846324448
62431.2883 lsst_hardware_y 426.14126929230343 57.401537516537914 30.040000915527344 AB 3.1417983314243614 1.091470672719945
62434.3329 lsst_hardware_z 872.1135341543738 66.14035731619006 30.989999771118164 AB 3.9322217338573378 1.039216420875861
62434.3514 lsst_hardware_r 681.9080597443594 81.08683787308934 31.65999984741211 AB 3.8118463025317775 1.0452960610233393
62436.3209 lsst_hardware_i 903.8841100024625 62.917173467543414 31.31999969482422 AB 3.290343307695239 1.0400136887223197
62436.3372 lsst_hardware_r 658.5648965933727 69.3347038200294 31.649999618530273 AB 3.2201388593879368 1.0408810018493493
62450.3017 lsst_hardware_i 458.02405408146666 37.44678082887448 31.25 AB 10.783879489206033 1.0419542808985185
62450.3187 lsst_hardware_z 574.2044398154396 46.91576648612138 30.950000762939453 AB 10.92735925739586 1.0548492566064702
62452.3009 lsst_hardware_i 422.3853537081599 36.935045337278474 31.25 AB 3.841823096224448 1.0444230342469218
62452.3191 lsst_hardware_u 6.030783340932567 2.9063893078090253 28.350000381469727 AB 3.920832118353017 1.0618367280577188
62455.2764 lsst_hardware_z 529.3251382514616 45.926875864875186 30.950000762939453 AB 4.870477492022982 1.0392199485113047
62455.2945 lsst_hardware_g 47.390327013234966 15.266958908283918 31.40999984741211 AB 5.530435055345209 1.045582629571189
62457.2637 lsst_hardware_y 143.7850708099699 50.43710709943379 30.049999237060547 AB 4.201679498376965 1.0399767744837998
62457.2826 lsst_hardware_r 239.0495410870094 42.93214270035443 31.610000610351562 AB 4.208119154419114 1.041957532457634
62459.2639 lsst_hardware_i 480.03085251436323 66.73451990035375 31.329999923706055 AB 5.570237867203229 1.0392234826871696
62459.2846 lsst_hardware_z 517.5325686768606 62.09810596774107 30.979999542236328 AB 5.526011194301393 1.0462957861026967
62464.2558 lsst_hardware_r 365.7858960716971 82.1221355805261 31.649999618530273 AB 8.985352089558615 1.0396003073239448
62464.2754 lsst_hardware_i 436.9854774729396 69.37842220460611 31.329999923706055 AB 9.2193687499146 1.0498626373527764
62474.114 lsst_hardware_g -17.038463314099385 13.739999771118164 31.329999923706055 AB 3.3770946255150442 1.298882548275017
62476.2317 lsst_hardware_i 65.79128251393324 30.25 31.25 AB 5.604478057320581 1.0424026889836475
62476.2513 lsst_hardware_z 8.148961868219592 41.220001220703125 30.940000534057617 AB 5.524934002261842 1.0589574499607415
62478.2289 lsst_hardware_r 13.18082885076942 22.610000610351562 31.489999771118164 AB 5.461215411330804 1.0438102850402913
62478.2476 lsst_hardware_g -3.759938583479213 13.880000114440918 31.420000076293945 AB 5.437393668407694 1.0611619181123524
62484.2176 lsst_hardware_z -5.64350709982234 41.4900016784668 30.950000762939453 AB 8.159594504264554 1.047220685039301
62484.2365 lsst_hardware_g -17.199518070801982 13.720000267028809 31.40999984741211 AB 8.321525017590897 1.0685174705590648
62486.1951 lsst_hardware_y -31.97158508336299 49.41999816894531 30.049999237060547 AB 10.70051608939333 1.0394942846422188
62486.2138 lsst_hardware_r 18.361420003359083 49.7599983215332 31.6299991607666 AB 10.890493268284716 1.0485425532617334
62488.1563 lsst_hardware_i -84.37297177252013 63.540000915527344 31.329999923706055 AB 3.1063156236460823 1.0547761031054455
62488.1753 lsst_hardware_z 57.83529608690581 58.7400016784668 30.979999542236328 AB 3.4903018918014213 1.0411042182852217
62490.1564 lsst_hardware_r -95.65905203249145 108.54000091552734 31.65999984741211 AB 3.2331441140522723 1.0493814067031069
62490.1757 lsst_hardware_z 80.43117367759137 72.0 30.989999771118164 AB 3.943369780740749 1.03955266627612
62494.1564 lsst_hardware_z -12.508130279448649 76.2300033569336 31.729999542236328 AB 6.545741953493854 1.0421496502935605
62494.1772 lsst_hardware_i 34.76859508416973 78.45999908447266 32.06999969482422 AB 6.676401871019339 1.0403431041713032
62496.1568 lsst_hardware_u 6.788703459690608 6.230000019073486 29.0 AB 7.231316590584745 1.040065670502329
62496.1782 lsst_hardware_g -6.5520937263961 41.31999969482422 31.690000534057617 AB 7.360453437142904 1.0429510821569723
62498.1624 lsst_hardware_r 15.275683785470402 22.399999618530273 31.489999771118164 AB 6.409297609756661 1.0395000786209274
62498.1838 lsst_hardware_i 98.03125353189769 32.650001525878906 31.270000457763672 AB 6.358368316705905 1.0509699697034554
62500.1319 lsst_hardware_i 33.798138210649356 30.020000457763672 31.239999771118164 AB 8.192518215513765 1.0471009989153586
62500.1515 lsst_hardware_z -73.21179345067357 40.709999084472656 30.950000762939453 AB 8.176304333238622 1.0392286149944743
62502.1362 lsst_hardware_r -20.16849916863816 22.229999542236328 31.479999542236328 AB 7.254065012319087 1.0414374712159524
62502.1581 lsst_hardware_g -1.2838351928816074 13.539999961853027 31.399999618530273 AB 7.2538515824511105 1.0412633194717082
62504.1347 lsst_hardware_r 19.940207239428677 22.540000915527344 31.489999771118164 AB 4.0445385618474035 1.0401282144393478
62504.1561 lsst_hardware_i 49.040728502341935 30.43000030517578 31.25 AB 4.059421377867434 1.0428158442919353
62508.1179 lsst_hardware_u -1.7424099530468837 2.680000066757202 28.450000762939453 AB 9.15446013670355 1.0422733034824434
62508.1379 lsst_hardware_g 17.245839294415735 13.5600004196167 31.420000076293945 AB 8.286091314134758 1.040051627229165
62511.1206 lsst_hardware_r 6.77394541459441 23.790000915527344 31.510000228881836 AB 8.80850639782257 1.0392802538062362
62511.1395 lsst_hardware_i -59.11598388806112 30.260000228881836 31.25 AB 8.524279726641021 1.0442155647171565
62513.0856 lsst_hardware_i -34.688628024843155 36.029998779296875 31.280000686645508 AB 6.0925710845845575 1.0575085414770333
62513.105 lsst_hardware_z 62.70886710663993 43.41999816894531 30.959999084472656 AB 5.734420869566845 1.0419273580461768
62515.0856 lsst_hardware_r 25.70044977005406 52.959999084472656 31.6299991607666 AB 7.246150701052445 1.051690958062764
62515.1042 lsst_hardware_z -50.016729314042934 49.599998474121094 30.969999313354492 AB 7.173560352987956 1.040249471140945
62516.0869 lsst_hardware_r -5.553860360850809 62.130001068115234 31.639999389648438 AB 5.66476999694915 1.0481256932803409
62516.1059 lsst_hardware_i -16.950379504901992 52.779998779296875 31.31999969482422 AB 5.635436727050697 1.039380918872606
62518.0877 lsst_hardware_z -50.3655072811156 64.87999725341797 30.979999542236328 AB 2.1402883177616014 1.0437884992741289
62518.1086 lsst_hardware_i -42.674857858372576 71.30000305175781 31.329999923706055 AB 2.1722968194467387 1.039625182793347
62520.0958 lsst_hardware_z -207.57395155756427 98.61000061035156 31.739999771118164 AB 4.048146169909709 1.0392964215339122
62526.0743 lsst_hardware_g 8.656431975425269 13.319999694824219 31.399999618530273 AB 7.253817000633918 1.0402098924201075
62526.0951 lsst_hardware_r 2.7551238631199206 21.959999084472656 31.479999542236328 AB 8.221366520420109 1.042350585802557
62528.0665 lsst_hardware_i 18.091422597721674 29.989999771118164 31.25 AB 11.866730888164295 1.040941305979324
62528.0837 lsst_hardware_z 29.098450934800162 40.83000183105469 30.950000762939453 AB 11.797395925234913 1.0401512894758342
62530.0651 lsst_hardware_i -6.68970581662523 29.940000534057617 31.239999771118164 AB 13.180451970483043 1.0397958323195837
62530.0838 lsst_hardware_u -0.4957892262743627 2.5999999046325684 28.389999389648438 AB 12.068346156269715 1.0421715160854677
62532.0423 lsst_hardware_y 8.519083990903283 49.220001220703125 30.049999237060547 AB 9.57517643588493 1.0488746232758168
62532.0598 lsst_hardware_g 3.6195703410879663 13.359999656677246 31.40999984741211 AB 9.483671507899722 1.039762252812161
62536.0403 lsst_hardware_z 36.23779465465377 42.11000061035156 30.950000762939453 AB 9.545550400954783 1.042830655045041
62536.0583 lsst_hardware_u 0.8002624466852807 2.6500000953674316 28.43000030517578 AB 10.004198865981337 1.039442282278679
62538.0277 lsst_hardware_y -11.401631740943783 69.5199966430664 30.06999969482422 AB 5.493246512573579 1.0474299766562418
62538.0463 lsst_hardware_r -14.544331433114243 22.3799991607666 31.489999771118164 AB 4.947188878852771 1.0393253947169687
62540.026 lsst_hardware_y 62.97137906244479 68.79000091552734 30.059999465942383 AB 6.976467143864489 1.0447723165652547
62540.0446 lsst_hardware_z 43.18324316131875 41.5099983215332 30.950000762939453 AB 10.429891062270737 1.0392046692233015
62544.0228 lsst_hardware_y 58.33347498750155 74.87999725341797 30.06999969482422 AB 2.6984688721431422 1.0409420877497013
62544.039 lsst_hardware_r -11.83960837567814 47.209999084472656 31.6200008392334 AB 2.737365618559977 1.0399008301481487
62545.0219 lsst_hardware_y 16.698213335000386 75.52999877929688 30.06999969482422 AB 3.509452483521332 1.0403515267355727
62545.0364 lsst_hardware_r -59.28438401486915 57.66999816894531 31.639999389648438 AB 3.3936400875432753 1.0399305681950792
62547.0298 lsst_hardware_z 225.1014782511039 94.76000213623047 31.739999771118164 AB 2.2426119944094087 1.0396903080247606
62549.0204 lsst_hardware_y -6.607031122817909 73.22000122070312 30.06999969482422 AB 1.4717075224245386 1.0392191520003804
62549.0374 lsst_hardware_i 56.580363962453475 68.19999694824219 31.329999923706055 AB 1.4752985450344696 1.0452608218937023
62779.3529 lsst_hardware_g 5.6944847101128815 13.5 31.40999984741211 AB 8.072111296582401 1.062119907445053
62779.3713 lsst_hardware_y 4.804655053986185 47.349998474121094 30.049999237060547 AB 7.937714754443532 1.0444361519004648
62784.3717 lsst_hardware_z 41.037441220158506 51.459999084472656 30.969999313354492 AB 3.1181294457544926 1.0393764819181641
62786.3669 lsst_hardware_r 74.39991935942622 82.55999755859375 31.65999984741211 AB 5.72661758494787 1.0393135362882187
62792.3471 lsst_hardware_r -52.909237312437206 45.90999984741211 31.6299991607666 AB 6.725379308569233 1.0398061161223635
62792.3638 lsst_hardware_y -77.73525011437675 50.099998474121094 30.049999237060547 AB 6.718616181561296 1.0413768300017507
62795.3468 lsst_hardware_r -0.4808243778096853 25.459999084472656 31.530000686645508 AB 2.613925120897333 1.0392996073943208
62795.3637 lsst_hardware_y 36.07580956429448 48.630001068115234 30.049999237060547 AB 2.635406231579024 1.0457615415809525
62797.2668 lsst_hardware_u -1.028800153763488 2.5999999046325684 28.34000015258789 AB 4.135901529976767 1.140545061696454
62797.2833 lsst_hardware_g 12.315221064434073 13.430000305175781 31.389999389648438 AB 4.034714394744323 1.0977570057120931
62798.3496 lsst_hardware_r 12.800806693050907 22.110000610351562 31.489999771118164 AB 3.7254351377292716 1.0423227244753712
62798.3684 lsst_hardware_i -1.9579459698837545 37.27000045776367 31.280000686645508 AB 3.761645953966926 1.057781118423469
62802.3267 lsst_hardware_u -1.0347945962172276 2.7899999618530273 28.549999237060547 AB 3.0406402144867957 1.0392390365662645
62802.344 lsst_hardware_g 4.863654437232636 13.420000076293945 31.43000030517578 AB 3.5001251945717624 1.0453595742765438
62808.3036 lsst_hardware_i -9.355456194843354 30.030000686645508 31.260000228881836 AB 4.990876921829934 1.0397660253812364
62808.3221 lsst_hardware_r 29.46141271487318 22.170000076293945 31.5 AB 5.002689579124498 1.0422269956509371
62816.1681 lsst_hardware_z 112.95909948220421 110.12000274658203 31.709999084472656 AB 1.0448199019736306 1.3564685517346713
62816.1939 lsst_hardware_r -71.19551789269492 153.61000061035156 32.369998931884766 AB 0.9506604211524958 1.217234854228064
62818.2742 lsst_hardware_i 49.23604770855115 68.81999969482422 31.329999923706055 AB 4.684639515337403 1.0402604401193343
62818.2931 lsst_hardware_z -37.470848548667895 62.63999938964844 30.979999542236328 AB 4.239101037029944 1.0414841931158882
62820.2404 lsst_hardware_i 91.50478034622698 52.70000076293945 31.309999465942383 AB 7.875795700913715 1.0628604184768846
62820.2583 lsst_hardware_z 22.518646059780167 52.83000183105469 30.969999313354492 AB 4.7389360181136375 1.045103784341309
62821.2919 lsst_hardware_z -21.209935934822774 48.5 30.959999084472656 AB 5.120193016109253 1.0452039838957392
62821.3126 lsst_hardware_r 20.883649845161855 50.119998931884766 31.6200008392334 AB 5.154082937088991 1.066987462392918
62834.2124 lsst_hardware_i 17.072104735445592 30.25 31.25 AB 5.289214214879965 1.0512201559932357
62834.231 lsst_hardware_u -0.7732070227322398 2.680000066757202 28.450000762939453 AB 5.22871839384803 1.0401269930072379
62839.2273 lsst_hardware_r 1.6729872347961698 34.2400016784668 31.59000015258789 AB 4.509191490826792 1.0393434345572132
62839.2454 lsst_hardware_i -24.495287893329046 35.83000183105469 31.280000686645508 AB 4.556341406355214 1.0470737461462056
62841.2397 lsst_hardware_z 108.84673274595127 72.30999755859375 31.719999313354492 AB 5.556382182720103 1.0468925450250455
62843.1865 lsst_hardware_z 30.83474887240532 65.73999786376953 30.989999771118164 AB 4.6865196280001955 1.0525000568188638
62843.2053 lsst_hardware_r -109.95599476072178 92.30000305175781 31.65999984741211 AB 4.66089786416869 1.0404370476406868
62850.2171 lsst_hardware_i -0.8469146512556425 45.29999923706055 31.299999237060547 AB 8.457607488814542 1.0484404099837867
62850.2367 lsst_hardware_z -60.112934404972904 48.790000915527344 30.959999084472656 AB 8.653979428386338 1.0719749826215546
62852.1685 lsst_hardware_u -2.016700733311823 3.0199999809265137 28.559999465942383 AB 8.938751790272217 1.0467943933177184
62852.188 lsst_hardware_g -20.80475409202895 22.020000457763672 31.59000015258789 AB 8.902207590096914 1.039218746837584
62854.1681 lsst_hardware_r 12.400992946764754 22.649999618530273 31.510000228881836 AB 5.335061317005625 1.0434987580529975
62854.1883 lsst_hardware_i -25.72814182246528 30.459999084472656 31.260000228881836 AB 5.480091585158989 1.0396025518829497
62856.1672 lsst_hardware_z 85.7043691084457 41.11000061035156 30.950000762939453 AB 4.92341688962977 1.0413318294477385
62856.1861 lsst_hardware_u 0.6001691432672398 2.7200000286102295 28.469999313354492 AB 4.912521771904625 1.0403476857060066
62859.1591 lsst_hardware_g -15.229219226805453 13.920000076293945 31.43000030517578 AB 6.477376427083013 1.0412951414006932
62859.1792 lsst_hardware_r 0.7439230186275155 22.6299991607666 31.5 AB 6.839274366817316 1.040747830300017
62862.1593 lsst_hardware_i 9.751404526188086 30.219999313354492 31.25 AB 5.045548817263788 1.039301471190852
62862.1798 lsst_hardware_z 13.326737413905075 40.939998626708984 30.950000762939453 AB 5.792919264097162 1.0450873649823103
62864.131 lsst_hardware_z 71.27310548088228 41.2400016784668 30.950000762939453 AB 7.50137230655605 1.05073500266915
62864.1501 lsst_hardware_i 40.13022828859447 30.34000015258789 31.260000228881836 AB 7.393517973888997 1.039875945694655
62867.1336 lsst_hardware_z 26.77244719301552 43.400001525878906 30.959999084472656 AB 7.261397446863132 1.0429573276795336
62867.155 lsst_hardware_g -29.94222022338791 24.360000610351562 31.6200008392334 AB 7.24095001604908 1.0400585481953732
62869.1346 lsst_hardware_r 51.75373620906986 51.45000076293945 31.6299991607666 AB 4.014947827927901 1.0403440637242731
62869.1565 lsst_hardware_i -50.54076118455033 46.630001068115234 31.309999465942383 AB 4.0124423687466 1.04266676248856
62880.0869 lsst_hardware_z 70.5264367809824 40.9900016784668 30.950000762939453 AB 7.081705679937184 1.0511140431333639
62880.1068 lsst_hardware_i 15.93995587677512 30.040000915527344 31.25 AB 7.097596523537257 1.0397885326014147
62882.0883 lsst_hardware_u -0.8139096581318519 2.6500000953674316 28.43000030517578 AB 3.879827746872375 1.0455643055642054
62882.1075 lsst_hardware_g 20.024480164533042 13.449999809265137 31.40999984741211 AB 3.849174439674517 1.039193963195064
62884.086 lsst_hardware_r -33.067966642848816 22.459999084472656 31.510000228881836 AB 4.109153849632522 1.043594628478106
62884.1062 lsst_hardware_i 14.832706369927244 30.329999923706055 31.260000228881836 AB 4.117967087079178 1.0395625338161383
62886.0722 lsst_hardware_z 19.17950596981053 41.08000183105469 30.950000762939453 AB 8.691461208270828 1.0495877478036666
62886.092 lsst_hardware_u -2.017506058459375 2.7200000286102295 28.489999771118164 AB 7.932455368577471 1.0395040451549562
62888.0761 lsst_hardware_g -5.586437092134148 13.210000038146973 31.389999389648438 AB 11.264781400435664 1.043035314855154
62888.0964 lsst_hardware_r -28.476213023626602 21.940000534057617 31.479999542236328 AB 11.686986680285669 1.0397674982460559
62890.0728 lsst_hardware_i -3.3147527233851073 30.1299991607666 31.25 AB 13.461600632318108 1.0419800400424273
62890.0938 lsst_hardware_z 18.933977444706645 40.95000076293945 30.950000762939453 AB 13.51710128612578 1.0404973663402186
62892.0729 lsst_hardware_i -31.90311394783023 30.040000915527344 31.260000228881836 AB 12.412225043148336 1.0400434357301043
62892.0929 lsst_hardware_u -4.1149690161269845 2.7200000286102295 28.489999771118164 AB 14.244041738865285 1.0422723777798448
62894.0667 lsst_hardware_g 15.116024225689767 15.170000076293945 31.459999084472656 AB 12.168679763147527 1.0402359175198774
62894.0839 lsst_hardware_r 16.302084771264145 22.889999389648438 31.5 AB 12.748072969710574 1.0408289491925682
62896.0437 lsst_hardware_y -111.95400699212493 49.75 30.049999237060547 AB 11.793182579097031 1.0506566015751466
62896.063 lsst_hardware_i -34.13178473882095 34.619998931884766 31.280000686645508 AB 11.515093131940535 1.0398079447312942
62907.0243 lsst_hardware_y 101.1342389350724 70.38999938964844 30.06999969482422 AB 2.6074733234373197 1.042989329374928
62907.0427 lsst_hardware_r 35.72607099059661 43.7400016784668 31.6299991607666 AB 2.702577201019719 1.0394527696229687
62909.0228 lsst_hardware_y -60.874027933116146 74.27999877929688 30.06999969482422 AB 2.699128329704041 1.0411964753905263
62909.0396 lsst_hardware_z -15.43611505012668 41.290000915527344 30.950000762939453 AB 2.7567198761386886 1.039879244111141
62911.0221 lsst_hardware_y -25.601923487546866 69.83999633789062 30.06999969482422 AB 2.6418540286236056 1.0397929857812245
62911.0401 lsst_hardware_u -0.37512418693617267 2.7699999809265137 28.43000030517578 AB 2.664011158649915 1.0418502771411478
62913.0207 lsst_hardware_y 108.88768434467823 66.66999816894531 30.06999969482422 AB 2.8974021319864836 1.0392403629793698
62913.0371 lsst_hardware_r 21.00909549187855 22.530000686645508 31.5 AB 2.8970419437571997 1.043039403692961
