data/validation/pwv_sim_epoch_fit_seasonal/43815963.ecsv
# %ECSV 0.9
# ---
# datatype:
# - {name: time, datatype: float64}
# - {name: band, datatype: string}
# - {name: flux, datatype: float64}
# - {name: fluxerr, datatype: float64}
# - {name: zp, datatype: float64}
# - {name: zpsys, datatype: string}
# - {name: pwv, datatype: float64}
# - {name: airmass, datatype: float64}
# meta: {SNID: '43815963', alt: 1024.0, c: 0.040879808366298676, dec: 1.044512, lat: -30.244573, lon: -70.7499537, ra: 81.914062, t0: 60995.1640625,
#   x0: 4.094268057918307e-06, x1: 0.31929251551628113, z: 0.6659403443336487}
# schema: astropy-2.0
time band flux fluxerr zp zpsys pwv airmass
[from data line 132]
61405.1527 lsst_hardware_z -59.18105228017352 43.41999816894531 30.940000534057617 AB 7.877525579176338 1.1709004613988834
61407.132 lsst_hardware_r -31.88230587463646 23.639999389648438 31.479999542236328 AB 5.423407772816971 1.1733052079361732
61407.1532 lsst_hardware_g 20.897482908401596 14.359999656677246 31.389999389648438 AB 5.412301510522754 1.1729324952371787
61409.127 lsst_hardware_r 51.94057004029272 33.58000183105469 32.22999954223633 AB 2.95418287140102 1.1730706306026553
61409.1491 lsst_hardware_i -58.045707759304285 45.22999954223633 31.989999771118164 AB 2.862682577473607 1.1736313949328079
61411.1257 lsst_hardware_z 14.634604592868458 42.939998626708984 30.940000534057617 AB 9.31667501096399 1.1714176459720023
61411.1469 lsst_hardware_i 50.21403489701315 31.809999465942383 31.229999542236328 AB 9.45393195247336 1.17566721345631
61413.129 lsst_hardware_u -1.1741201141913362 2.7799999713897705 28.440000534057617 AB 8.389826416741741 1.1706053950456472
61413.1506 lsst_hardware_g -23.88484172692941 14.539999961853027 31.399999618530273 AB 8.38163780630222 1.1841398377144376
61415.088 lsst_hardware_g 0.3661161729779025 14.34000015258789 31.3799991607666 AB 10.16411073733685 1.1967280766887647
61415.1093 lsst_hardware_r -7.8196203543425185 23.579999923706055 31.469999313354492 AB 9.959278302803872 1.1737626536662755
61418.081 lsst_hardware_i -19.05221447775369 32.310001373291016 31.229999542236328 AB 2.520515436684056 1.194840216489242
61418.1007 lsst_hardware_z -2.666418777650851 43.29999923706055 30.940000534057617 AB 3.655034265419711 1.1739938754024575
61420.0834 lsst_hardware_r 12.166468268166968 28.850000381469727 31.520000457763672 AB 6.419925357389773 1.1842149610126396
61420.1036 lsst_hardware_g 29.33057025994855 20.790000915527344 31.530000686645508 AB 6.324086099749083 1.1708198959684804
61422.0818 lsst_hardware_r -0.7158668223361181 45.810001373291016 31.59000015258789 AB 3.2486032888811445 1.18013015670917
61422.1016 lsst_hardware_i -35.11929367244729 43.869998931884766 31.280000686645508 AB 2.4076563756253138 1.1704697985538492
61424.0788 lsst_hardware_z 113.13685731638908 64.8499984741211 30.959999084472656 AB 4.274626746026286 1.177907618083842
61424.0987 lsst_hardware_i -31.701647796843595 69.19999694824219 31.299999237060547 AB 4.542895426854537 1.1705727839697313
61428.079 lsst_hardware_r -129.89700077657685 93.69000244140625 31.6200008392334 AB 8.695442807775457 1.1714978521758785
61428.0992 lsst_hardware_i 49.05208852664878 76.41000366210938 31.309999465942383 AB 9.587347409934903 1.1748000502319749
61432.0747 lsst_hardware_g 22.252391453122947 14.34000015258789 31.389999389648438 AB 13.343277030924892 1.170462897449552
61432.0923 lsst_hardware_r 30.462477222358647 23.68000030517578 31.479999542236328 AB 13.34174048380238 1.177766638753741
61434.0691 lsst_hardware_i 0.5046292301361582 31.579999923706055 31.229999542236328 AB 14.782941761146963 1.1704625305737897
61434.0863 lsst_hardware_z -12.152920147780572 42.939998626708984 30.940000534057617 AB 13.642817278575261 1.1773228580061497
61436.0377 lsst_hardware_y -84.38220031997821 52.970001220703125 30.010000228881836 AB 10.156071225223437 1.1866302001137359
61436.0557 lsst_hardware_i 53.44596430266203 31.75 31.239999771118164 AB 10.644098566998428 1.1719994017835749
61438.036 lsst_hardware_y -70.74637615214473 55.310001373291016 30.010000228881836 AB 7.980302820978802 1.1822670845894432
61438.0545 lsst_hardware_g -10.52008857096254 14.5 31.420000076293945 AB 7.844390809569663 1.1708045984432331
61440.0365 lsst_hardware_y -20.705901232667994 52.34000015258789 30.010000228881836 AB 10.715163560622297 1.1767792609546306
61440.0557 lsst_hardware_i -20.06603685072483 32.0 31.239999771118164 AB 11.318220798510682 1.170648591468101
61442.0336 lsst_hardware_z 52.46681138839284 49.310001373291016 30.950000762939453 AB 6.214899078476312 1.174950199163685
61442.0504 lsst_hardware_u -2.0608658828953126 2.869999885559082 28.459999084472656 AB 5.541953781566541 1.1706704228066203
61443.0324 lsst_hardware_y 51.67943550422923 55.279998779296875 30.010000228881836 AB 5.582893597186074 1.1740072402739328
61443.0509 lsst_hardware_r -62.44564327783844 23.850000381469727 31.479999542236328 AB 7.202658956251059 1.1713703968858025
61447.0282 lsst_hardware_y 33.47278059187719 57.18000030517578 30.010000228881836 AB 0.635952556210104 1.1711833447700728
61447.0455 lsst_hardware_u 2.8060658246759687 2.869999885559082 28.420000076293945 AB 1.1812387178146102 1.1737074284818516
61450.0264 lsst_hardware_y -106.001688002557 58.2400016784668 30.020000457763672 AB 3.0198237077147057 1.1704743053157773
61450.0442 lsst_hardware_r -69.37566744082928 35.09000015258789 31.559999465942383 AB 3.0067738265016617 1.1786647693068057
