data/validation/pwv_sim_epoch_fit_seasonal/44157229.ecsv
# %ECSV 0.9
# ---
# datatype:
# - {name: time, datatype: float64}
# - {name: band, datatype: string}
# - {name: flux, datatype: float64}
# - {name: fluxerr, datatype: float64}
# - {name: zp, datatype: float64}
# - {name: zpsys, datatype: string}
# - {name: pwv, datatype: float64}
# - {name: airmass, datatype: float64}
# meta: {SNID: '44157229', alt: 1024.0, c: 0.01015271246433258, dec: -10.351558, lat: -30.244573, lon: -70.7499537, ra: 308.320312, t0: 60113.75390625,
#   x0: 3.7620426443890056e-05, x1: -0.5243249535560608, z: 0.26106998324394226}
# schema: astropy-2.0
time band flux fluxerr zp zpsys pwv airmass
60070.4123 lsst_hardware_r -144.64309894075313 95.44999694824219 31.649999618530273 AB 2.8239937341763426 1.0711146346203333
60070.4302 lsst_hardware_y -167.1795836855992 149.6300048828125 30.06999969482422 AB 2.526241296463384 1.0640165511059845
60072.4125 lsst_hardware_z 108.9563543866001 194.36000061035156 31.760000228881836 AB 11.315826902819982 1.0675308398886776
60077.3941 lsst_hardware_g 52.80353162735231 105.45999908447266 31.719999313354492 AB 6.99007318716088 1.0704553119695408
60077.4132 lsst_hardware_y -107.23140779379052 149.5399932861328 30.06999969482422 AB 6.972699606027215 1.0639928188240917
60080.3846 lsst_hardware_i 152.22017929473355 110.2699966430664 31.34000015258789 AB 4.812093585848205 1.071417601123988
60080.4049 lsst_hardware_y -68.85149983243029 149.38999938964844 30.06999969482422 AB 4.808528033328134 1.0639905664539815
60082.3787 lsst_hardware_i 81.88973718402016 110.19999694824219 31.34000015258789 AB 8.52617898737089 1.0717563463551778
60082.3981 lsst_hardware_y 214.55464761962202 149.39999389648438 30.06999969482422 AB 8.501307378384592 1.063993414065656
60085.4009 lsst_hardware_r -0.3906779378488517 95.43000030517578 31.649999618530273 AB 7.537188101678538 1.0660049645256868
60085.4195 lsst_hardware_i -75.03485111802308 110.18000030517578 31.34000015258789 AB 6.816198835757166 1.0801075695790987
60095.3626 lsst_hardware_g 559.7992992214961 151.64517947126743 32.47999954223633 AB 7.573532039216195 1.0639971957314127
60095.3862 lsst_hardware_r 1648.3055051799395 141.4310077219148 32.400001525878906 AB 7.948049312106364 1.0740607178522112
60100.328 lsst_hardware_r 3850.580809568411 114.3713933103055 31.649999618530273 AB 6.847753694489555 1.0730213020706527
60100.3502 lsst_hardware_i 2956.1419401012727 123.05350590394848 31.34000015258789 AB 5.59528026512537 1.063994345638345
60111.2838 lsst_hardware_r 12161.131632333245 145.46392785160108 31.639999389648438 AB 7.187368767115639 1.0889952677447938
60111.3042 lsst_hardware_u 236.62472293634514 41.27202901772248 29.5 AB 6.919466860858461 1.0685610162703205
60118.2828 lsst_hardware_g 8671.308474910751 140.66346566808366 31.719999313354492 AB 4.038362266034877 1.0700246680743195
60118.3054 lsst_hardware_r 12165.944568251145 145.04378404529973 31.649999618530273 AB 2.8392348662971294 1.0644469631207258
60121.2997 lsst_hardware_r 10936.653196973064 141.63457809708532 31.649999618530273 AB 5.864410251596047 1.06503001118644
60121.3214 lsst_hardware_g 6966.375103917943 134.89899148456536 31.719999313354492 AB 6.002296869783522 1.0803270104002018
60125.2952 lsst_hardware_z 3175.2164687394047 148.77202132314184 31.0 AB 3.7620729963994326 1.0676333441360575
60125.3138 lsst_hardware_i 6705.159783355606 137.34364621866644 31.34000015258789 AB 3.8287887282224955 1.0843355220114685
60128.2691 lsst_hardware_r 7979.912945182667 130.8954597601027 31.649999618530273 AB 6.894142659644517 1.0643215221372986
60128.2884 lsst_hardware_z 2828.3676874721787 147.0174244445292 31.0 AB 6.875473527020316 1.0684081468506246
60130.2264 lsst_hardware_y 789.1284727075987 151.0858207062909 30.059999465942383 AB 3.9803352008802424 1.0975188973015217
60130.2478 lsst_hardware_r 7373.189943650057 127.53718123294247 31.649999618530273 AB 3.8868054106642536 1.0716555597723436
60132.2917 lsst_hardware_i 4981.637588549469 131.0428316605518 31.34000015258789 AB 1.594588040551135 1.080710295188841
60132.3047 lsst_hardware_z 2566.301234565279 146.13035375644722 31.0 AB 1.6450283775728636 1.0992505028886113
60137.2307 lsst_hardware_r 4547.138562958292 116.73115340575967 31.649999618530273 AB 7.5936703622755335 1.0701842010065035
60137.2528 lsst_hardware_i 4380.76021422142 128.9351908308464 31.34000015258789 AB 8.034419527929279 1.064325992263168
60141.2317 lsst_hardware_r 7013.111069538352 158.82787643583032 32.400001525878906 AB 3.1440428980920134 1.0646945134073869
60141.2596 lsst_hardware_u 1.6501983598464933 53.17190767198357 30.25 AB 3.497811828753865 1.0731953144907158
60143.2315 lsst_hardware_g 890.9304236767692 109.93510292495847 31.719999313354492 AB 2.124297090373243 1.0640105636733803
60143.2542 lsst_hardware_r 3052.225467420642 110.35295639439056 31.649999618530273 AB 2.012874809764857 1.0732470326658796
60145.2126 lsst_hardware_i 3791.5167713081155 125.80319659748753 31.34000015258789 AB 3.1352632916670116 1.0678689685514344
60145.2311 lsst_hardware_z 2644.0271112061546 146.14045459201532 31.0 AB 3.091760896771138 1.0643505296131062
60151.1834 lsst_hardware_r 2147.9569298539923 105.22811229372543 31.649999618530273 AB 11.59099241012035 1.0781064908843483
60151.2029 lsst_hardware_i 2627.4795772400785 122.3660507797898 31.34000015258789 AB 11.491370585162548 1.0650841663856536
60159.1395 lsst_hardware_r 1550.7281359141612 102.17649849355895 31.639999389648438 AB 2.1326241817645153 1.1117067845861939
60159.1521 lsst_hardware_z 1362.9060222630496 141.66974867288482 31.0 AB 2.0286434239361917 1.0899360236057443
60161.18 lsst_hardware_g 240.18435948456238 107.71527453673863 31.719999313354492 AB 1.8077011424280771 1.064188270660171
60161.1994 lsst_hardware_r 1429.3499927201628 102.27563522138674 31.649999618530273 AB 1.7974774758823662 1.0690785939030727
60163.1518 lsst_hardware_i 1729.688665372286 118.01108119228026 31.34000015258789 AB 2.8663689514408084 1.0769075584624201
60163.1749 lsst_hardware_z 1157.718647885502 141.4196034398403 31.010000228881836 AB 2.9917629830226242 1.0641478435033196
60166.162 lsst_hardware_r 2458.8286996436277 143.87296070034702 32.40999984741211 AB 4.5897435262286095 1.0650704346136932
60166.1824 lsst_hardware_g 1244.84998669522 152.31384534212594 32.47999954223633 AB 4.422834051801427 1.067200366396333
60177.1434 lsst_hardware_r -70.15847017632528 134.82000732421875 32.400001525878906 AB 1.8690919047358694 1.0643021190486113
60177.1657 lsst_hardware_u 18.47933014390148 52.540000915527344 30.25 AB 1.9082693883333461 1.0773067679714035
60182.0857 lsst_hardware_r -113.36494679381494 95.22000122070312 31.649999618530273 AB 2.0659973337692668 1.09543867113959
60182.103 lsst_hardware_i 191.8202557368755 110.33000183105469 31.34000015258789 AB 2.0340640447379874 1.0739987036061007
60194.1128 lsst_hardware_r 7.398819799721341 95.43000030517578 31.649999618530273 AB 1.7760392002256433 1.0715168628812328
60194.1363 lsst_hardware_u 13.222383375820359 36.939998626708984 29.479999542236328 AB 2.2323877225276134 1.1007829006546417
60196.0634 lsst_hardware_r -38.84249846272128 95.45999908447266 31.649999618530273 AB 2.7492374099546315 1.0752509262582484
60196.082 lsst_hardware_i 88.60571477953243 110.4000015258789 31.34000015258789 AB 2.720395130194413 1.0645950157296162
60199.0637 lsst_hardware_z 89.58038968831049 137.11000061035156 31.0 AB 3.055890527178035 1.068711168540682
60199.0818 lsst_hardware_r -35.71310363508038 95.20999908447266 31.649999618530273 AB 3.0750303222192503 1.0641163845381956
60207.1292 lsst_hardware_z -322.7993250388428 192.72999572753906 31.739999771118164 AB 8.223918032054367 1.1700815297795
60207.1779 lsst_hardware_r -14.095834186209148 129.0399932861328 32.310001373291016 AB 8.838100216914867 1.4146618994660949
60215.025 lsst_hardware_z 78.1724775478626 137.39999389648438 31.010000228881836 AB 5.011075815794381 1.0661863437860386
60215.0457 lsst_hardware_r -54.77110957230523 95.51000213623047 31.649999618530273 AB 4.781018405976454 1.0659226529376509
60217.9989 lsst_hardware_y -205.74669336057565 149.14999389648438 30.06999969482422 AB 3.5950300684452228 1.0798047862770994
60218.0184 lsst_hardware_u 39.56224521504718 37.43000030517578 29.510000228881836 AB 6.476703799543055 1.0655832512238874
60220.9893 lsst_hardware_y 31.632218107380528 149.32000732421875 30.06999969482422 AB 2.362454824821356 1.0814212434810708
60220.9978 lsst_hardware_i -95.02093124857223 110.26000213623047 31.34000015258789 AB 2.3314821786066022 1.0728912890010056
60223.0021 lsst_hardware_y -73.53729695019435 149.77999877929688 30.079999923706055 AB 3.6396421043047065 1.0666399309267542
60223.0228 lsst_hardware_r 90.96695357683373 95.5199966430664 31.649999618530273 AB 3.651513269299545 1.0655389740921921
60226.9898 lsst_hardware_z 33.54479801388226 137.2899932861328 31.0 AB 3.1746736042827735 1.0672965554821174
60227.0056 lsst_hardware_i -154.7056639276273 110.31999969482422 31.34000015258789 AB 2.5539369085617403 1.0641403785673917
60228.9938 lsst_hardware_y -389.43208538955963 149.60000610351562 30.06999969482422 AB 5.6203441749349405 1.0642575601088697
60229.0134 lsst_hardware_r -1.5154149847635332 95.33000183105469 31.649999618530273 AB 6.488617549406113 1.0688769540245635
60443.389 lsst_hardware_i -10.161069868750761 32.16999816894531 31.25 AB 8.726306808499114 1.0728406214985695
60443.4092 lsst_hardware_y 42.15735808795497 47.68000030517578 30.030000686645508 AB 8.671539422532884 1.0640360860402873
60445.3886 lsst_hardware_r 16.27018026922164 24.90999984741211 31.520000457763672 AB 4.900261156869917 1.0691478887715218
60445.4085 lsst_hardware_y 15.060362765086625 47.540000915527344 30.040000915527344 AB 4.797616977049984 1.0642451146959946
60458.3569 lsst_hardware_i 10.629971151325488 77.5999984741211 31.329999923706055 AB 9.076257539345644 1.0670417986533791
60458.3806 lsst_hardware_z 47.90417557926213 71.2300033569336 30.989999771118164 AB 8.68759236696459 1.066376592168495
60460.3572 lsst_hardware_r 3.7415381582290417 65.91999816894531 32.369998931884766 AB 7.563814333624368 1.064901001988554
60460.3792 lsst_hardware_z -68.34727361253812 68.86000061035156 31.709999084472656 AB 7.906359367927188 1.0684269416117822
60462.3246 lsst_hardware_y 74.79874586845756 47.790000915527344 30.030000686645508 AB 10.306956138147267 1.0864199012496571
60462.3462 lsst_hardware_g 16.125772466385182 19.75 31.540000915527344 AB 9.304758337273729 1.0669370871773567
60464.3256 lsst_hardware_r -14.161383675776284 24.350000381469727 31.510000228881836 AB 13.023527065209015 1.0786199610915115
60464.3487 lsst_hardware_i 37.4682732065986 31.600000381469727 31.25 AB 12.757157946912594 1.0643826245807788
60466.3271 lsst_hardware_z 54.06053830592293 42.04999923706055 30.940000534057617 AB 6.555223606681149 1.072122272834959
60466.3499 lsst_hardware_r 37.08074518743695 24.1200008392334 31.5 AB 5.779717865739006 1.0641108102253531
60468.3238 lsst_hardware_u -5.60177647990381 3.8499999046325684 29.15999984741211 AB 3.0744733437786635 1.0704990751318466
60468.3489 lsst_hardware_r -17.615390958689126 34.15999984741211 32.2599983215332 AB 2.662192626332762 1.0648770505331049
60485.2699 lsst_hardware_z 21.70850452471963 94.86000061035156 30.989999771118164 AB 4.7265385112997995 1.0769260093720343
60485.2911 lsst_hardware_i 79.45244316570503 110.68000030517578 31.34000015258789 AB 4.682005421589627 1.0644348570387345
60487.282 lsst_hardware_z -14.944901174770704 61.97999954223633 30.979999542236328 AB 7.575266350215357 1.065338414149919
60487.3053 lsst_hardware_r -40.26858538045018 77.23999786376953 31.639999389648438 AB 7.328185170728432 1.0683264335197555
60490.2534 lsst_hardware_r -6.2831314538676715 29.139999389648438 31.549999237060547 AB 3.7554822894830258 1.0799632743127556
60490.2806 lsst_hardware_y -1.8911266044568478 67.66999816894531 30.790000915527344 AB 3.699304814480193 1.064063323036546
60490.3078 lsst_hardware_g -30.188403985370446 25.809999465942383 31.610000610351562 AB 3.8523118209749274 1.0767414774579727
60493.2559 lsst_hardware_g 17.5767753961559 15.149999618530273 31.440000534057617 AB 6.886298078221721 1.070256530010758
60493.2764 lsst_hardware_r -26.683924038032163 24.030000686645508 31.5 AB 6.831760442439833 1.0641371405669522
60495.2241 lsst_hardware_i -3.931717426728961 31.799999237060547 31.25 AB 3.978472864630768 1.1027318883810509
60495.2456 lsst_hardware_z -12.501273038233068 42.029998779296875 30.950000762939453 AB 3.892929975437947 1.074084558555523
60497.2739 lsst_hardware_r 18.761908233697433 24.139999389648438 31.5 AB 1.6769226932590313 1.0662925137297783
60497.2925 lsst_hardware_u -3.393943855078663 2.740000009536743 28.40999984741211 AB 1.6209179634885293 1.080852165029026
60499.2507 lsst_hardware_g 5.704786337283363 15.350000381469727 31.469999313354492 AB 2.2363262858657835 1.0649172789837065
60499.2712 lsst_hardware_i 10.539211423862545 31.75 31.260000228881836 AB 2.2419455127935 1.067593101330238
60501.2538 lsst_hardware_z 16.77738728036152 42.119998931884766 30.950000762939453 AB 9.247194491768424 1.0640782277360068
60501.2724 lsst_hardware_r 3.2211118251657576 24.280000686645508 31.5 AB 9.314827478491322 1.07195329409634
60503.2516 lsst_hardware_u 3.7116371233350907 2.9000000953674316 28.530000686645508 AB 6.615129262161413 1.0644954023753816
60503.2716 lsst_hardware_g 4.103080427096793 15.449999809265137 31.459999084472656 AB 6.686199156574354 1.0760472866113975
60506.2221 lsst_hardware_z -6.6346300370544755 44.04999923706055 30.950000762939453 AB 3.0807219090395823 1.069138264459338
60506.2425 lsst_hardware_r 42.65894804619563 30.079999923706055 31.559999465942383 AB 2.9822774027600674 1.064338830392601
60508.2229 lsst_hardware_i -149.29277814493128 66.7300033569336 32.04999923706055 AB 2.128730263621585 1.065964077927684
60508.2458 lsst_hardware_z -5.5025619821161085 70.3499984741211 31.709999084472656 AB 2.2095835227255134 1.0671738820214989
60511.213 lsst_hardware_r 33.90699062795015 125.66000366210938 31.649999618530273 AB 6.02967989176222 1.0666807999225545
60511.2342 lsst_hardware_z 92.92180894406229 84.19999694824219 30.989999771118164 AB 5.889349897618954 1.0657206437769922
60514.2003 lsst_hardware_z 53.75112229257375 85.30999755859375 30.989999771118164 AB 5.908187738584531 1.0691133659506251
60514.2207 lsst_hardware_i 41.27302890863686 98.63999938964844 31.329999923706055 AB 6.6429448033261425 1.0643470631264553
60516.1978 lsst_hardware_z -16.850357642403946 54.380001068115234 30.969999313354492 AB 11.433838578252644 1.0674274962386703
60516.2214 lsst_hardware_r 32.487512804801625 64.25 31.6299991607666 AB 10.86936678222191 1.0660422501197664
60520.1751 lsst_hardware_r 3.9868619369657368 24.719999313354492 31.510000228881836 AB 5.215166452436833 1.0761796228718186
60520.1962 lsst_hardware_u 1.139449100405533 2.7899999618530273 28.43000030517578 AB 5.15216643375716 1.0643322695361588
60525.174 lsst_hardware_g -19.101981853237106 15.770000457763672 31.469999313354492 AB 1.3179784668396186 1.0670450412950632
60525.194 lsst_hardware_r 20.603105712865037 24.700000762939453 31.510000228881836 AB 1.3148476442930885 1.0650851715618377
60529.1643 lsst_hardware_r 36.65862749942602 24.65999984741211 31.520000457763672 AB 4.093526585316336 1.0664854325617896
60529.1843 lsst_hardware_u 1.0946832184518598 2.8399999141693115 28.479999542236328 AB 3.4999533615741476 1.0654618417232748
60531.1685 lsst_hardware_g -12.10297122838482 15.649999618530273 31.469999313354492 AB 4.414513390702039 1.0640800395392993
60531.1914 lsst_hardware_i -7.2287959610732395 31.8799991607666 31.25 AB 4.5167341172028035 1.0726885965491142
60537.1189 lsst_hardware_z 60.33594771097053 51.90999984741211 30.969999313354492 AB 5.60602893480533 1.0877044887087903
60537.1371 lsst_hardware_r -27.402745351047592 56.75 31.6299991607666 AB 5.7055422046862345 1.0693714401598564
60539.1583 lsst_hardware_i -277.8291359749096 118.37000274658203 32.09000015258789 AB 2.883247156152905 1.0659282748647483
60539.1757 lsst_hardware_z -1.1375936544572585 104.20999908447266 31.739999771118164 AB 3.393658445502603 1.0784931500537933
60541.1409 lsst_hardware_r -181.6305341073012 153.83999633789062 31.65999984741211 AB 1.9874761201184181 1.0641017909881343
60541.1628 lsst_hardware_z 22.353667233973006 103.80999755859375 31.0 AB 2.0133778795198256 1.0716582193052964
60543.1256 lsst_hardware_z -106.04766933826343 71.2300033569336 30.989999771118164 AB 2.1597950588413637 1.0666971521626687
60543.1438 lsst_hardware_i -57.28529318977664 81.3499984741211 31.329999923706055 AB 2.1391990201047197 1.0648078746165852
60549.0816 lsst_hardware_r 14.590548947645336 24.489999771118164 31.520000457763672 AB 3.8304428217695823 1.0944122347913092
60549.0996 lsst_hardware_u -3.507614610450177 2.890000104904175 28.530000686645508 AB 3.768858554970566 1.0728573753919297
60553.0843 lsst_hardware_g 10.898767821370253 15.140000343322754 31.43000030517578 AB 1.1418448751929584 1.07687350694086
60553.101 lsst_hardware_r 13.197568255166122 24.149999618530273 31.5 AB 1.1160530124552113 1.0656139520578085
60555.0882 lsst_hardware_i 10.469426158624893 31.579999923706055 31.25 AB 0.6201442396929441 1.0692142063671448
60555.1071 lsst_hardware_z 64.1989271252351 41.790000915527344 30.940000534057617 AB 0.6124145077399072 1.064143367054574
60561.0623 lsst_hardware_r -27.462436471789022 24.8799991607666 31.520000457763672 AB 2.75468555682293 1.0770307142537194
60561.0797 lsst_hardware_z 32.741681000830205 42.150001525878906 30.950000762939453 AB 2.7626593933850825 1.0654297699131747
60566.0492 lsst_hardware_r 4.441438849296556 62.130001068115234 31.6299991607666 AB 1.236155888007284 1.0764782769296142
60566.0695 lsst_hardware_y 49.01514257147697 51.81999969482422 30.040000915527344 AB 1.2298838112322459 1.064527245729007
60568.0508 lsst_hardware_z -120.6463675943244 79.37999725341797 30.989999771118164 AB 2.7909477058255563 1.0704907137347912
60568.0704 lsst_hardware_r 0.4397275334073452 111.47000122070312 31.649999618530273 AB 2.800956157320811 1.0640583097330343
60571.0325 lsst_hardware_r -98.2844957701808 102.3499984741211 31.649999618530273 AB 6.370119135952331 1.0796812094834458
60571.0532 lsst_hardware_i -62.76522705332216 81.11000061035156 31.329999923706055 AB 5.888660602215254 1.0651782819805498
60573.0348 lsst_hardware_z -37.74248179839796 48.709999084472656 30.959999084472656 AB 4.181816610182967 1.0722606692776837
60573.0533 lsst_hardware_r 11.906893837784953 49.5099983215332 31.6200008392334 AB 4.154945444139617 1.0641200582579322
60577.0232 lsst_hardware_r -8.55846200937618 24.219999313354492 31.510000228881836 AB 4.690337432496579 1.0728127704703978
60577.0442 lsst_hardware_z 44.07224833534843 41.939998626708984 30.950000762939453 AB 4.790267287902759 1.0640309391164633
60580.0262 lsst_hardware_g -23.408309137891237 15.170000076293945 31.43000030517578 AB 5.053071766416244 1.0660114130479752
60580.0462 lsst_hardware_r -55.001356860943446 24.18000030517578 31.5 AB 4.775373741743366 1.0658721593088258
60582.025 lsst_hardware_i -48.33688690111372 31.65999984741211 31.25 AB 3.513503205272691 1.0646979409917245
60582.0447 lsst_hardware_z 64.1639621115628 42.15999984741211 30.950000762939453 AB 3.953385124662217 1.0676648849067516
60583.997 lsst_hardware_y 82.36809066817634 49.08000183105469 30.040000915527344 AB 7.52899721584368 1.0796841131704755
60584.0158 lsst_hardware_r 15.246325564417043 24.5 31.520000457763672 AB 5.3241772855595295 1.0658124518594216
60585.9998 lsst_hardware_y 101.32396155017734 48.380001068115234 30.040000915527344 AB 2.335419764597147 1.0718670991801587
60586.0188 lsst_hardware_g 40.860281210389616 15.550000190734863 31.469999313354492 AB 2.5728850420000224 1.0640550215052944
60588.0005 lsst_hardware_y 81.14630395167198 49.16999816894531 30.040000915527344 AB 3.6377348369733715 1.0678021096274666
60588.0203 lsst_hardware_z 12.563907510828717 42.22999954223633 30.950000762939453 AB 3.647443903746245 1.064662179099388
60591.9928 lsst_hardware_z -22.8386010051363 56.16999816894531 30.979999542236328 AB 3.100255805532204 1.066265503034778
60592.0116 lsst_hardware_r 78.68625154421201 29.030000686645508 31.559999465942383 AB 2.556592026214052 1.0652466775891885
60593.9932 lsst_hardware_y -0.5033678401944157 62.880001068115234 30.059999465942383 AB 5.666314587819809 1.0644964470826226
60594.0135 lsst_hardware_z -55.25854072120727 50.36000061035156 30.969999313354492 AB 6.5490914370514535 1.0685415952114194
