data/validation/pwv_sim_epoch_fit_seasonal/44240365.ecsv
# %ECSV 0.9
# ---
# datatype:
# - {name: time, datatype: float64}
# - {name: band, datatype: string}
# - {name: flux, datatype: float64}
# - {name: fluxerr, datatype: float64}
# - {name: zp, datatype: float64}
# - {name: zpsys, datatype: string}
# - {name: pwv, datatype: float64}
# - {name: airmass, datatype: float64}
# meta: {SNID: '44240365', alt: 1024.0, c: -0.039592444896698, dec: -9.140394, lat: -30.244573, lon: -70.7499537, ra: 196.875, t0: 61444.96484375,
#   x0: 3.1525958370302985e-06, x1: 1.462707281112671, z: 0.7402782440185547}
# schema: astropy-2.0
time band flux fluxerr zp zpsys pwv airmass
61436.3656 lsst_hardware_g 250.24789407472468 28.092956803179472 31.59000015258789 AB 12.506445725315803 1.0762476152159606
61438.3712 lsst_hardware_z 750.4415806078421 51.40422106886253 30.959999084472656 AB 10.563674303687492 1.0714480618391349
61440.37 lsst_hardware_u 2.555869061836859 3.7602106868430347 28.670000076293945 AB 8.989625096078216 1.070873383427367
61447.3395 lsst_hardware_i 1078.7357060358563 46.10912242532858 31.25 AB 4.756689221990359 1.0739871803997292
61447.3574 lsst_hardware_z 768.1496028050697 49.93196107963048 30.950000762939453 AB 4.785477093836535 1.071355480793995
61450.3463 lsst_hardware_r 759.1729270388573 36.71281305055752 31.510000228881836 AB 2.645208619064226 1.0709346635887722
61450.3631 lsst_hardware_u 5.4682232673197015 2.827906285602639 28.440000534057617 AB 2.614774395148773 1.077924103946727
61452.2879 lsst_hardware_g 132.52128606389363 18.854621691586715 31.450000762939453 AB 5.088899783728519 1.1226339694966951
61452.3039 lsst_hardware_r 744.3441477076839 36.039055843149086 31.510000228881836 AB 5.298181460455438 1.0945902060027761
61454.3335 lsst_hardware_i 958.8851413655207 44.573479645861774 31.260000228881836 AB 5.613860225624121 1.0708364760370284
61454.3539 lsst_hardware_z 638.2212257428715 49.01621185224763 30.950000762939453 AB 5.570823448854772 1.0792683465653552
61456.3328 lsst_hardware_r 829.1322520925239 92.32039790096638 31.649999618530273 AB 3.91237815892833 1.0713463079535384
61456.3501 lsst_hardware_z 666.902579267996 68.58221400473141 30.989999771118164 AB 4.078484720935595 1.0806795762945403
61458.3335 lsst_hardware_r 686.1609119574442 123.93586530856882 31.649999618530273 AB 10.052142130372888 1.0733161209089623
61458.3519 lsst_hardware_i 1118.7731536150195 101.90979509744379 31.329999923706055 AB 10.210376122453598 1.088178207657849
61460.3027 lsst_hardware_i 956.1954230449568 96.86852750554866 31.329999923706055 AB 10.649131764265995 1.074665768273683
61460.3212 lsst_hardware_z 787.1224189425272 84.19385201865731 30.989999771118164 AB 10.626220878873417 1.0712186172911027
61462.3122 lsst_hardware_r 472.0656654269424 68.75829525595128 31.639999389648438 AB 6.974075940477589 1.0708479793956784
61462.3303 lsst_hardware_z 495.7999464295181 60.968589476040506 30.979999542236328 AB 7.120910847130607 1.0778915455568807
61466.3076 lsst_hardware_i 672.2716519088312 41.32766073039874 31.260000228881836 AB 3.6478605484259505 1.071849328626626
61466.324 lsst_hardware_z 401.8790286298191 47.65807690062257 30.950000762939453 AB 3.691084066332981 1.0817684404932004
61468.3016 lsst_hardware_r 295.12302598892546 30.233639633719335 31.5 AB 7.67821175359101 1.0717023872693154
61468.3195 lsst_hardware_g 61.567418719621585 17.252120290714245 31.440000534057617 AB 7.904665317725774 1.082682552763426
61470.3052 lsst_hardware_r 315.3849432821125 29.51700659669944 31.5 AB 7.717120969466775 1.075669368849256
61470.3219 lsst_hardware_i 466.30138264537993 38.83085323938939 31.239999771118164 AB 7.842083299381638 1.0916040227424446
61472.2769 lsst_hardware_i 487.4655565263723 38.09623316193496 31.25 AB 10.610821665921579 1.071800168274907
61472.2953 lsst_hardware_z 421.16530250662805 46.03436703018636 30.940000534057617 AB 10.240387987799036 1.0733221753305244
61476.2782 lsst_hardware_g 9.928199098691616 15.654192930039281 31.450000762939453 AB 8.555380472001666 1.0713420468341193
61476.296 lsst_hardware_r 237.45266828467098 27.975636985000904 31.5 AB 8.141951324797509 1.0811248605494193
61477.2749 lsst_hardware_i 364.23642063273786 36.779822789532275 31.260000228881836 AB 16.292044933586357 1.0712342699504318
61477.2947 lsst_hardware_z 374.2820901904952 45.74234132032042 30.950000762939453 AB 15.018590878099143 1.0824599717538752
61479.0926 lsst_hardware_r 567.040942465445 64.63275689806927 32.83000183105469 AB 18.74928255179393 2.087118651405632
61479.132 lsst_hardware_g 16.533925691157012 15.161142392116023 31.290000915527344 AB 15.33427478190512 1.5332741507754704
61481.2829 lsst_hardware_r 128.77052095875592 27.14830408967432 31.5 AB 8.544862338860568 1.0816281441595657
61481.3046 lsst_hardware_i 324.0270188120137 36.26744691787955 31.25 AB 8.981974055100338 1.1116992456340324
61485.1965 lsst_hardware_z 422.48286875965334 79.91693697481386 30.989999771118164 AB 5.964808417600571 1.1254355504906737
61485.2146 lsst_hardware_i 316.44834226394477 91.66602506819014 31.329999923706055 AB 6.219461812596212 1.09348368205287
61487.2807 lsst_hardware_r -122.93810504853316 168.2195413440466 31.649999618530273 AB 6.733717151409996 1.0989637392139044
61487.2934 lsst_hardware_z 90.36473083394795 113.8324660462035 31.0 AB 6.907175084593488 1.1219928664363992
61489.2443 lsst_hardware_y 33.726559388427425 60.97584212552619 30.049999237060547 AB 7.586347802424894 1.0717072650432482
61489.2643 lsst_hardware_r 98.0824095497327 105.75185334686482 31.649999618530273 AB 7.076367978803061 1.084847214891537
61492.2513 lsst_hardware_z 406.2583671885966 70.5602602472949 31.719999313354492 AB 8.273072668992059 1.080223624955454
61494.239 lsst_hardware_g 1.2673784483412345 26.48009457710416 31.6299991607666 AB 6.951186006278496 1.0752582251642513
61494.2574 lsst_hardware_r 99.42699701957352 32.7909721981334 31.56999969482422 AB 7.298300176481573 1.0929553121485927
61497.216 lsst_hardware_r 28.63104244270521 26.036730090383635 31.520000457763672 AB 9.125930315991107 1.0708253196688435
61497.2324 lsst_hardware_i 58.88142393533671 34.33079180426105 31.260000228881836 AB 9.17194658083419 1.076245858545469
61499.2166 lsst_hardware_z 207.1810201828793 43.94534613677898 30.950000762939453 AB 5.893825648542706 1.0716046633714011
61499.2343 lsst_hardware_i 99.6436043006288 33.92682943889073 31.25 AB 5.951750019941573 1.0821363672621043
61503.2125 lsst_hardware_r 38.59075771211065 25.544592478433504 31.510000228881836 AB 9.990009145996256 1.0741945318275543
61503.2309 lsst_hardware_i 99.04280408731117 33.76567012956629 31.25 AB 10.045531347549295 1.0904437544830439
61505.1932 lsst_hardware_z 44.83343099119654 43.687832819893366 30.950000762939453 AB 5.2763469566405385 1.0708321519362478
61505.2102 lsst_hardware_u 3.258469916713841 2.856543203077954 28.469999313354492 AB 5.3033173944123115 1.0760146208059607
61511.1886 lsst_hardware_z 111.60164835809384 51.41255790743983 30.969999313354492 AB 18.253689211260276 1.073220335791883
61511.2047 lsst_hardware_r -79.79297880350312 52.407791788701246 31.6299991607666 AB 18.466038203716234 1.0853437289124388
61515.1897 lsst_hardware_i -35.85994270649007 135.72725911403546 31.34000015258789 AB 3.646631153071109 1.0812842559143392
61515.2074 lsst_hardware_z 254.00292787674996 113.24326793291463 31.0 AB 3.618951917388542 1.1039841118708216
61518.1852 lsst_hardware_z 109.10539278068639 67.41167086590596 30.979999542236328 AB 4.378410855124715 1.0849287656210576
61518.2022 lsst_hardware_r 246.81812305408835 94.12510724767948 31.639999389648438 AB 4.447764462607049 1.1091681951638526
61520.1563 lsst_hardware_r 32.98980887794626 56.89274217323166 31.6299991607666 AB 15.102790464918735 1.071043930566537
61520.1754 lsst_hardware_i 69.43165826858291 50.50533180030542 31.299999237060547 AB 13.705997979558562 1.080701595076545
61524.157 lsst_hardware_g 26.360513958075735 15.918222370272428 31.459999084472656 AB 8.925261844763577 1.0752032098258135
61524.174 lsst_hardware_r 38.13096640899348 25.52063183926323 31.510000228881836 AB 10.653419363675361 1.0909985864590992
61526.1542 lsst_hardware_i 60.13739347022135 33.112343869766036 31.25 AB 10.041582985191779 1.0769031031360157
61526.1718 lsst_hardware_z 99.3762784006876 43.59563537454372 30.950000762939453 AB 10.542777172696786 1.0954008924400316
61528.1497 lsst_hardware_i 36.777383476414464 33.309734242356086 31.260000228881836 AB 12.186963132279505 1.0775863771412977
61528.1665 lsst_hardware_u -1.087114545214324 2.9232001001233128 28.520000457763672 AB 12.439509513457555 1.0956300353149888
61532.1425 lsst_hardware_i 12.068563686460127 31.84000015258789 31.260000228881836 AB 6.592993944163357 1.080582486477823
61532.1618 lsst_hardware_r -4.763417077806804 24.540000915527344 31.510000228881836 AB 6.813805293470598 1.1053596431304706
61533.118 lsst_hardware_z 33.920007409378414 42.20000076293945 30.950000762939453 AB 11.106276830993366 1.0708285551335401
61533.1355 lsst_hardware_u 1.3023970375624836 2.9100000858306885 28.540000915527344 AB 10.627043167809564 1.0771925566681428
61535.1155 lsst_hardware_g 3.8792666658926835 15.430000305175781 31.459999084472656 AB 8.081450793432568 1.071064682208352
61535.1336 lsst_hardware_r 7.733506678442276 24.520000457763672 31.510000228881836 AB 7.6583283381795795 1.0799687415024968
61541.0651 lsst_hardware_z -105.10201613779387 69.30000305175781 30.979999542236328 AB 5.507575652610056 1.0890993973917786
61541.0866 lsst_hardware_r -87.9689861573213 90.56999969482422 31.649999618530273 AB 5.677225179839427 1.0723885870493817
61543.0688 lsst_hardware_i 54.71940244767507 152.97999572753906 32.09000015258789 AB 9.000385543655941 1.0797007609952212
61543.0909 lsst_hardware_r 136.86320841484343 190.63999938964844 32.40999984741211 AB 9.188469839263005 1.0708340267961962
61547.0758 lsst_hardware_z -32.66234669466538 85.77999877929688 31.729999542236328 AB 5.4431467155982505 1.0710463324945316
61551.039 lsst_hardware_g -31.806021392838254 15.300000190734863 31.450000762939453 AB 6.181291035109018 1.0876650354312978
61551.0581 lsst_hardware_r -15.237138980053752 24.3700008392334 31.510000228881836 AB 5.604933345858256 1.0728342901169148
61553.0468 lsst_hardware_i -23.19339542403612 31.8700008392334 31.260000228881836 AB 7.934601322332217 1.0758173647589018
61553.0701 lsst_hardware_z 19.298579868355848 42.099998474121094 30.950000762939453 AB 7.9281401042397395 1.0718531010689147
61555.0428 lsst_hardware_i -43.49677144839145 45.060001373291016 32.0 AB 11.780860059052829 1.0749450302525811
61555.0642 lsst_hardware_u 6.534837076520695 3.890000104904175 29.170000076293945 AB 11.736545890935998 1.0717327998298174
61560.0326 lsst_hardware_i -9.084493041368301 31.8799991607666 31.25 AB 12.12379159856532 1.073218495004307
61560.0531 lsst_hardware_r 9.03051038513113 24.510000228881836 31.510000228881836 AB 12.308375306186644 1.0725396204677893
61562.0276 lsst_hardware_u 1.0804464309067652 2.869999885559082 28.5 AB 4.741689848031149 1.0730232740509502
61562.0483 lsst_hardware_g 10.838875011286461 15.5 31.459999084472656 AB 4.434913312859229 1.07278986764858
61570.999 lsst_hardware_z 5.244934332875056 72.33999633789062 30.989999771118164 AB 13.943236906458772 1.0750099128620436
61571.0194 lsst_hardware_r 86.9182948633975 97.5999984741211 31.649999618530273 AB 14.156162516593424 1.0714624974714975
61572.9909 lsst_hardware_i 13.922785925343971 76.75 31.329999923706055 AB 7.640783237319105 1.0766594902342066
61573.0117 lsst_hardware_z -173.46942658989641 68.38999938964844 30.989999771118164 AB 6.4817065205846545 1.0710613914488734
61574.9937 lsst_hardware_i 29.927149832271404 67.55999755859375 31.329999923706055 AB 6.57657058156672 1.0724126508873575
61575.0124 lsst_hardware_z -45.57875540756837 61.5 30.979999542236328 AB 4.232265630569652 1.0726363852081573
61582.9631 lsst_hardware_y -40.13648196223143 49.75 30.030000686645508 AB 8.291823959790877 1.0770001246643561
61582.9821 lsst_hardware_r -23.152086898684466 25.309999465942383 31.520000457763672 AB 8.192382801856853 1.0708530523973057
61589.958 lsst_hardware_y -15.448618367269061 60.31999969482422 30.049999237060547 AB 9.411965817386896 1.0711035962354325
61589.9781 lsst_hardware_r -27.20210798875284 25.81999969482422 31.520000457763672 AB 8.849208110334342 1.0760114837926358
61801.3646 lsst_hardware_r -16.83277371682885 25.3799991607666 31.520000457763672 AB 12.455760647277822 1.0773714474886213
61801.3821 lsst_hardware_y 80.1490391263861 74.8499984741211 30.049999237060547 AB 12.67532606556234 1.0708149726266187
61803.2763 lsst_hardware_r 10.547536641381107 25.479999542236328 31.469999313354492 AB 11.923442169591272 1.304819672750205
61803.2908 lsst_hardware_y -88.79730854271911 49.369998931884766 29.989999771118164 AB 11.32646045208278 1.2348280678204175
61805.3702 lsst_hardware_g -12.42604945058557 17.229999542236328 31.5 AB 8.961354389606603 1.0708648941971708
61808.3663 lsst_hardware_r 48.89941022764051 24.639999389648438 31.510000228881836 AB 5.109335303541368 1.0709149661583337
61808.385 lsst_hardware_y 30.840342507697965 64.75 30.049999237060547 AB 4.75068643067918 1.0795378951702423
61810.319 lsst_hardware_g 42.77608079333956 71.55999755859375 31.700000762939453 AB 6.005654728358194 1.101601270850313
61810.3371 lsst_hardware_y -78.21560982881219 51.06999969482422 30.040000915527344 AB 7.139617732010992 1.0796473162892308
61812.3439 lsst_hardware_z 56.775918262427936 70.33000183105469 30.989999771118164 AB 4.738842217585937 1.0723788679760078
61812.3603 lsst_hardware_r 56.95049559124415 100.91000366210938 31.649999618530273 AB 4.736783329106083 1.0718523118416303
61814.3527 lsst_hardware_y 82.39304610439142 86.51000213623047 30.799999237060547 AB 5.979615474108569 1.0713276850503624
61816.3396 lsst_hardware_r 197.07140645235404 79.73999786376953 31.639999389648438 AB 4.351365367779319 1.0709076152782426
61816.3569 lsst_hardware_i -45.396460032247845 69.83999633789062 31.31999969482422 AB 4.388614624457078 1.075113822747947
61818.285 lsst_hardware_z -32.43504678957474 47.18000030517578 30.950000762939453 AB 5.056281878554121 1.1244511219912796
61818.3016 lsst_hardware_r -19.94777439682355 39.790000915527344 31.59000015258789 AB 5.38081680674177 1.0949230428152552
61824.3056 lsst_hardware_z 20.467613199858732 42.0099983215332 30.940000534057617 AB 11.78059426042656 1.0749207774466498
61824.3224 lsst_hardware_r -2.0212214223935403 24.200000762939453 31.5 AB 11.819942781009852 1.0708894931832256
61828.3099 lsst_hardware_r 27.653885861195622 24.360000610351562 31.510000228881836 AB 6.57203417661553 1.0707998658436708
61828.3267 lsst_hardware_i 70.87888382741575 31.829999923706055 31.25 AB 6.513142525268502 1.076730455491569
61830.3065 lsst_hardware_z 37.01905549892618 42.119998931884766 30.950000762939453 AB 4.427778037124623 1.070934342030384
61830.3244 lsst_hardware_r -16.884086060503613 24.3700008392334 31.510000228881836 AB 4.434340328954443 1.0790899567540015
61832.2496 lsst_hardware_u -1.8127108053887322 2.640000104904175 28.309999465942383 AB 5.830772777247573 1.1185240720481315
61832.2675 lsst_hardware_r 27.530711138430085 24.280000686645508 31.5 AB 6.320832928900794 1.089485710238574
61834.3062 lsst_hardware_i 1.2983436795487597 31.700000762939453 31.239999771118164 AB 10.464095285933533 1.0742505212695903
61834.3272 lsst_hardware_z 44.59708573561857 42.5 30.940000534057617 AB 10.617967267388234 1.0940718462017758
61836.3005 lsst_hardware_r -24.38261192648281 24.229999542236328 31.489999771118164 AB 9.638135223215524 1.0741262925683186
61836.3203 lsst_hardware_u -1.8840169737625376 2.680000066757202 28.350000381469727 AB 9.715941402519924 1.0921287499554164
61838.2836 lsst_hardware_y 38.86100945895388 70.06999969482422 30.790000915527344 AB 8.442786896316758 1.070842108801282
61840.2712 lsst_hardware_r 64.30262097327663 109.69000244140625 31.649999618530273 AB 9.429039874016002 1.0713296263617103
61840.2905 lsst_hardware_i -48.00939335460168 86.37999725341797 31.329999923706055 AB 9.531362932112238 1.0746122533503721
61843.2338 lsst_hardware_z 134.58036674720202 92.04000091552734 30.989999771118164 AB 12.288777263653989 1.0942811454722876
61843.2611 lsst_hardware_r -84.82610916910033 130.38999938964844 31.649999618530273 AB 11.6795828186927 1.071791765692507
61849.267 lsst_hardware_g 4.719366286628434 20.760000228881836 31.549999237060547 AB 5.351368584156439 1.0752197275781417
61849.2867 lsst_hardware_r 36.32209595946986 27.860000610351562 31.530000686645508 AB 5.445210577566003 1.0946980554664438
61851.2647 lsst_hardware_i -16.54657122348847 32.040000915527344 31.25 AB 5.701508633828902 1.0772807999676717
