data/validation/pwv_sim_epoch_fit_seasonal/44341748.ecsv
# %ECSV 0.9
# ---
# datatype:
# - {name: time, datatype: float64}
# - {name: band, datatype: string}
# - {name: flux, datatype: float64}
# - {name: fluxerr, datatype: float64}
# - {name: zp, datatype: float64}
# - {name: zpsys, datatype: string}
# - {name: pwv, datatype: float64}
# - {name: airmass, datatype: float64}
# meta: {SNID: '44341748', alt: 1024.0, c: -0.011366776190698147, dec: -0.447628, lat: -30.244573, lon: -70.7499537, ra: 60.820312, t0: 62755.0703125,
#   x0: 7.151072419878226e-06, x1: -1.6675394773483276, z: 0.529355525970459}
# schema: astropy-2.0
time band flux fluxerr zp zpsys pwv airmass
62746.3028 lsst_hardware_r 1676.9168753158197 48.2463990824273 31.420000076293945 AB 3.953957543788183 1.5372587242980136
62746.3186 lsst_hardware_y 413.8401868033604 54.62748300054945 29.93000030517578 AB 3.817222701113847 1.4201417582813878
62749.3308 lsst_hardware_i 1613.581550007589 52.10374437652763 31.209999084472656 AB 2.454042249773256 1.3105116371002214
62749.3504 lsst_hardware_z 1179.3260986237087 56.710624457719675 30.93000030517578 AB 1.5466232845559817 1.2377937451428425
62750.4087 lsst_hardware_r 2319.8732632168126 55.48975137996291 31.520000457763672 AB 0.8529538142389698 1.1534196270979984
62754.3888 lsst_hardware_z 1449.609161362507 64.5340965855067 30.959999084472656 AB 2.6314063236467633 1.1544631428693024
62754.4069 lsst_hardware_y 684.0302314354259 62.69283378698221 30.020000457763672 AB 2.6452336550094406 1.1561335904761543
62756.3795 lsst_hardware_z 1497.3626447349766 74.23481641950495 30.969999313354492 AB 3.5571219214312224 1.156035723572058
62756.3986 lsst_hardware_y 644.8347349755991 60.01605683551964 30.020000457763672 AB 3.5769527934205967 1.15488023034001
62759.3801 lsst_hardware_r 2628.3093999299454 97.65588174331721 31.6299991607666 AB 1.362973876677447 1.1534334640429735
62759.3981 lsst_hardware_y 662.9565447304909 62.43272480716424 30.030000686645508 AB 1.3634356430589443 1.1591376349065456
62761.3861 lsst_hardware_z 3270.8652287573627 104.58721134376138 31.719999313354492 AB 0.8087403568021692 1.1553433668602417
62763.3767 lsst_hardware_r 3940.147586746656 90.2067878495452 32.349998474121094 AB 7.671471074266255 1.1540095884670694
62763.3968 lsst_hardware_y 560.4490648026408 58.87657685190656 30.020000457763672 AB 7.93187525953797 1.1683708923287708
62766.3683 lsst_hardware_r 1504.6344214889514 46.02691877031934 31.5 AB 1.744497439800614 1.153958948107379
62766.3878 lsst_hardware_y 356.2115940910597 53.985150288992415 30.010000228881836 AB 1.6343928215021821 1.16742344393013
62769.3175 lsst_hardware_r 2195.3417726135062 57.484815455616875 32.209999084472656 AB 7.351335474931856 1.1859543140888922
62769.3365 lsst_hardware_u 5.695116544714097 4.030181573891199 29.059999465942383 AB 6.856782137490313 1.16108409745001
62777.3151 lsst_hardware_r 478.98903383842594 32.84828912342683 31.479999542236328 AB 3.7421421041611183 1.160714052159305
62777.3354 lsst_hardware_i 914.5037624919199 43.64320819220844 31.239999771118164 AB 3.34503897232694 1.1534617145954966
62779.3089 lsst_hardware_u -0.6202681114773353 3.046007052013332 28.40999984741211 AB 8.04575562721868 1.1613388607417263
62779.3274 lsst_hardware_g 53.02653548201533 16.3439896485389 31.40999984741211 AB 7.970413569790937 1.153335538080645
62786.3223 lsst_hardware_z 793.7488049744295 82.83362185347531 30.979999542236328 AB 6.1125192304979326 1.1577106405816975
62786.3408 lsst_hardware_r 247.27333818769935 114.26238438351291 31.6299991607666 AB 6.487545824205111 1.1775911343286078
62790.2887 lsst_hardware_z 681.6994304688391 68.61238887539892 30.969999313354492 AB 8.409183681146212 1.1551208710465384
62790.3065 lsst_hardware_i 455.9973639157998 70.34163041345906 31.309999465942383 AB 8.125994261690108 1.155163019644624
62792.2958 lsst_hardware_z 1254.9921712861305 77.13279947180723 31.709999084472656 AB 7.1299236391581156 1.153647101961833
62797.2284 lsst_hardware_z 470.24107965519 48.508316253512604 30.93000030517578 AB 4.315548309071948 1.2128856760164397
62797.245 lsst_hardware_u 12.445484009163177 4.456602650450329 28.360000610351562 AB 4.020656123291069 1.1793086008873455
62798.308 lsst_hardware_g 32.0772777791013 15.515903986159012 31.389999389648438 AB 3.7032369633308377 1.1775310304981599
62798.3276 lsst_hardware_r 134.50733267356387 26.684561156508867 31.469999313354492 AB 3.936482065099549 1.2175942051032067
62800.2836 lsst_hardware_i 208.6221733506212 34.9797323333401 31.25 AB 1.620373813216439 1.1574098665831707
62800.3013 lsst_hardware_z 479.48121667976574 47.42787502781808 30.940000534057617 AB 1.5769770336686004 1.175678703032888
62802.2857 lsst_hardware_i 221.67183492730308 35.00057327187142 31.239999771118164 AB 2.608293661738612 1.1633780828450544
62802.3035 lsst_hardware_u 16.573702478767373 4.773399703876748 28.399999618530273 AB 3.3938051015535713 1.18837645808704
62804.2015 lsst_hardware_u 16.04725529973182 4.934493381059955 28.5 AB 6.377041268747945 1.2340272080398829
62804.218 lsst_hardware_g 22.273952414419053 15.142199891750366 31.43000030517578 AB 6.223606444008258 1.1934048790044598
62808.2732 lsst_hardware_r 104.24533200774292 26.3887927068099 31.5 AB 6.204063272530223 1.1674940294561955
62808.2913 lsst_hardware_i 153.8480488942647 35.09770035152344 31.239999771118164 AB 6.353564858214081 1.1966033382285293
62818.2345 lsst_hardware_r 104.7585302271132 95.55794588674304 31.6200008392334 AB 7.72778243645113 1.157431218639692
62818.2513 lsst_hardware_i 331.18361147971444 79.62664447318298 31.309999465942383 AB 5.216077616127154 1.1744395713285396
62820.1982 lsst_hardware_z 213.7820932205545 56.216390810909125 30.959999084472656 AB 4.455542305705452 1.1602974754441282
62820.2164 lsst_hardware_i 100.83850017751574 54.211543950019106 31.290000915527344 AB 8.382459437946315 1.153337842315123
62821.2227 lsst_hardware_r 102.9480471598526 47.026676564575986 31.600000381469727 AB 8.773811861708815 1.1555132176621645
62821.2439 lsst_hardware_z 282.9067673490052 51.23467725083177 30.950000762939453 AB 8.67105703215471 1.175577146441799
62828.2263 lsst_hardware_i 252.61745365616122 34.512532462930295 31.229999542236328 AB 7.278255632122263 1.177838326484345
62828.2455 lsst_hardware_z 150.83930105700492 46.5709411605929 30.93000030517578 AB 7.530312505374739 1.2170857697989634
62832.1876 lsst_hardware_u -1.1837957137604438 2.700000047683716 28.3700008392334 AB 4.142245314382452 1.1538287783795131
62834.1458 lsst_hardware_i 3.02385722970998 32.27000045776367 31.239999771118164 AB 5.98857460386683 1.1764987270620144
62834.1655 lsst_hardware_z -3.9081635394107246 43.2400016784668 30.940000534057617 AB 5.884414847260596 1.1565659607418028
62837.1873 lsst_hardware_r 32.86501508419168 28.059999465942383 31.530000686645508 AB 7.362237414413705 1.1608089684785365
62837.2047 lsst_hardware_z 8.667933004791857 43.16999816894531 30.940000534057617 AB 7.458815071375937 1.1826248725821615
62841.1851 lsst_hardware_i -107.68030604049076 70.12999725341797 31.309999465942383 AB 6.0834136409026405 1.1698872386351231
62841.2044 lsst_hardware_z 45.036965324538684 66.19999694824219 30.959999084472656 AB 6.258356782622131 1.203530150504256
62843.143 lsst_hardware_r 86.7428333570357 125.23999786376953 31.639999389648438 AB 4.275457446222156 1.1555290395195017
62843.1612 lsst_hardware_z -132.05499143974615 85.41999816894531 30.989999771118164 AB 4.273167041340522 1.154910011173114
62845.1628 lsst_hardware_z 88.58552834350371 86.75 30.989999771118164 AB 8.6964702098136 1.1587568567373219
62850.1548 lsst_hardware_i 26.158714086434582 41.2599983215332 31.270000457763672 AB 9.165480195992627 1.1635116856832974
62850.1729 lsst_hardware_z 112.75006065265386 48.689998626708984 30.940000534057617 AB 9.480417859185993 1.189209018868047
62852.1183 lsst_hardware_r 19.83189026563563 23.469999313354492 31.489999771118164 AB 11.186526942090886 1.1555832075502628
62852.1394 lsst_hardware_u 2.4730415033940045 2.7799999713897705 28.459999084472656 AB 10.861198072028724 1.1561435693888575
62854.1214 lsst_hardware_g 30.336834600009244 14.529999732971191 31.40999984741211 AB 3.510818635723224 1.1533569762559084
62854.1413 lsst_hardware_r -29.95968857732921 23.81999969482422 31.489999771118164 AB 3.8840585261565392 1.1611535205251238
62856.0844 lsst_hardware_r -19.385633650233782 23.670000076293945 31.489999771118164 AB 3.653407082067798 1.1785184135702573
62856.1049 lsst_hardware_i -30.275298955436906 31.739999771118164 31.25 AB 3.5862459940989075 1.1568535464835186
62859.0871 lsst_hardware_z -9.152361359690488 43.45000076293945 30.940000534057617 AB 7.189779200035289 1.1644938642248694
62859.1077 lsst_hardware_r -16.215181658619674 23.75 31.479999542236328 AB 7.132556640098803 1.1533577641987014
62864.0813 lsst_hardware_i -65.97865532496007 32.52000045776367 31.25 AB 9.54824780516142 1.1579247884019086
62864.1038 lsst_hardware_z 1.9725953127457876 43.45000076293945 30.940000534057617 AB 8.661595350896407 1.154879380119521
62867.0805 lsst_hardware_r -8.180696368633914 40.02000045776367 31.579999923706055 AB 7.955054818060093 1.1543661830445155
62867.1043 lsst_hardware_z -6.965820283234695 47.34000015258789 30.950000762939453 AB 8.036679787349023 1.1599191744067243
62869.0831 lsst_hardware_y 44.50702312950758 53.68000030517578 30.020000457763672 AB 7.423001751556879 1.1533414604985273
62869.1052 lsst_hardware_r 53.68432254227683 69.4800033569336 31.610000610351562 AB 4.983137365249263 1.1658507025207379
62871.0485 lsst_hardware_z -46.97444877421706 73.51000213623047 30.979999542236328 AB 12.444801922788875 1.1712754750860117
62871.0783 lsst_hardware_i -45.04463979141128 113.5 32.060001373291016 AB 12.309535956643632 1.1533882367433728
62871.1072 lsst_hardware_z 48.09217848920217 74.76000213623047 30.969999313354492 AB 12.32728685902636 1.1752958932523696
62873.0467 lsst_hardware_y 37.236817114417455 64.87000274658203 30.020000457763672 AB 11.29076986097492 1.1668237338887961
62873.0672 lsst_hardware_r -233.30183808899224 110.55999755859375 31.6299991607666 AB 11.38451651292262 1.153621777668604
62875.0456 lsst_hardware_y -58.09794168890387 60.75 30.030000686645508 AB 9.797676853187877 1.1623656411655532
62875.0652 lsst_hardware_r 13.42202381542412 92.83000183105469 31.639999389648438 AB 9.843751928947118 1.1533056359154235
62884.0414 lsst_hardware_y -43.74392373506703 58.119998931884766 30.020000457763672 AB 8.389538532122158 1.1533068595686615
62884.0605 lsst_hardware_r 14.111465672283357 24.100000381469727 31.489999771118164 AB 4.532281035618879 1.1621233424663793
62886.0499 lsst_hardware_z -60.55615610334315 65.97000122070312 31.700000762939453 AB 9.546040413074751 1.1580901274518267
63110.3909 lsst_hardware_z -96.22103333456474 59.59000015258789 30.959999084472656 AB 0.890347683870076 1.174472046436265
63110.4088 lsst_hardware_y 25.26621368424445 55.59000015258789 30.010000228881836 AB 0.775064777756713 1.1568131011294225
63113.4015 lsst_hardware_y -30.942030776402497 81.19000244140625 30.770000457763672 AB 2.6773855386447307 1.1563299069187247
63118.3839 lsst_hardware_r 34.5354974790038 35.560001373291016 31.56999969482422 AB 4.139078067157137 1.158756457770755
63118.4048 lsst_hardware_y -58.41835773492102 53.060001373291016 30.010000228881836 AB 4.1297884945751475 1.1540557480998037
63125.381 lsst_hardware_u 0.574008107796861 2.6700000762939453 28.329999923706055 AB 4.900297718397198 1.1533730703901637
63125.3995 lsst_hardware_y 78.02927829545222 54.380001068115234 30.010000228881836 AB 4.98554230676919 1.161950506549799
63136.3326 lsst_hardware_i -20.121929104838973 33.09000015258789 31.239999771118164 AB 5.012116316322137 1.160391182973148
63136.3516 lsst_hardware_z 83.64760909908358 42.720001220703125 30.940000534057617 AB 5.602482625309069 1.1534070735607471
63139.2715 lsst_hardware_y -106.34374551760801 80.83999633789062 30.729999542236328 AB 3.168963600063508 1.2765210876388753
63139.2995 lsst_hardware_r 169.335441139569 131.8300018310547 32.369998931884766 AB 4.46222141451307 1.1956649020666394
63142.2861 lsst_hardware_i 44.238219256072846 83.0999984741211 31.309999465942383 AB 3.1517893942369404 1.2071196454373574
63142.3058 lsst_hardware_z 49.28541505353672 72.80000305175781 30.969999313354492 AB 3.8472299451549894 1.1713883929223095
63144.3271 lsst_hardware_r -91.44769838184129 79.86000061035156 31.6200008392334 AB 7.972503960394066 1.1533876755606447
63144.3469 lsst_hardware_z -24.335165338654168 64.88999938964844 30.969999313354492 AB 8.825971463401203 1.161312034658053
63148.3233 lsst_hardware_z 19.341868532561122 44.4900016784668 30.940000534057617 AB 3.121143282146279 1.1541622565022756
63148.3426 lsst_hardware_i -1.3886151968471856 35.040000915527344 31.25 AB 3.3445006597238924 1.1680444678896016
63154.2865 lsst_hardware_i 49.406091410396506 31.290000915527344 31.229999542236328 AB 7.330706667055711 1.158150508250415
63154.3033 lsst_hardware_z 9.158765327632334 42.40999984741211 30.93000030517578 AB 6.480626734243633 1.1534785050567131
63156.2891 lsst_hardware_r -3.6953568572737074 23.610000610351562 31.489999771118164 AB 7.098714001908793 1.1542937210074191
63156.3082 lsst_hardware_g 7.485418550921329 14.390000343322754 31.399999618530273 AB 6.264955929251587 1.157034461201374
63158.2813 lsst_hardware_r -20.754108806763707 23.40999984741211 31.479999542236328 AB 4.232301651770513 1.1551041626012528
63158.2998 lsst_hardware_i 12.474510954843193 31.59000015258789 31.239999771118164 AB 4.390989750210085 1.1555236184763382
63160.286 lsst_hardware_z 1.7523725029675656 42.77000045776367 30.940000534057617 AB 2.2923800123199913 1.1533987483371024
63160.3034 lsst_hardware_i -10.954045763888733 31.68000030517578 31.239999771118164 AB 2.697604170822484 1.1614671181468124
63167.288 lsst_hardware_z 163.57973956462305 88.04000091552734 31.719999313354492 AB 2.5866218493864213 1.165013781955375
63169.2519 lsst_hardware_r 50.200921080231325 129.1300048828125 31.6299991607666 AB 3.96578170269061 1.1548578050933636
63169.2686 lsst_hardware_z 29.524295122397398 86.9000015258789 30.979999542236328 AB 3.943855870391304 1.155031738290029
63171.2737 lsst_hardware_r -172.84398091413928 122.9000015258789 31.6299991607666 AB 5.853116349351163 1.1617552051376816
63171.2925 lsst_hardware_i 16.85138325410701 100.88999938964844 31.309999465942383 AB 6.5267748738123785 1.1869740919882765
63180.2368 lsst_hardware_i -17.024961671494303 31.709999084472656 31.239999771118164 AB 10.430837866625074 1.1544071125493498
63180.2553 lsst_hardware_z 26.919782673913275 42.880001068115234 30.940000534057617 AB 11.173992543118475 1.1681149099871215
63182.2383 lsst_hardware_r -22.597605865710587 23.739999771118164 31.479999542236328 AB 7.89300869817102 1.1576862968655166
63182.257 lsst_hardware_u 2.656605684175849 2.559999942779541 28.25 AB 4.829059458932931 1.1778193802275443
63185.233 lsst_hardware_g 18.63581842567428 14.6899995803833 31.399999618530273 AB 8.724474937813532 1.1597068905771757
63185.2506 lsst_hardware_r -27.20405573289373 24.09000015258789 31.479999542236328 AB 5.5174553303577 1.1806463019007543
63188.2222 lsst_hardware_r 20.469535826522797 23.8700008392334 31.479999542236328 AB 5.22370258529501 1.1578638114364113
63188.2431 lsst_hardware_i -7.978592967407294 32.02000045776367 31.229999542236328 AB 5.40103093337455 1.1817801943821271
63190.2199 lsst_hardware_z -20.172168312339817 43.2599983215332 30.940000534057617 AB 5.6975225039063835 1.1601355784853409
63190.2391 lsst_hardware_r -30.659341857634868 24.1200008392334 31.479999542236328 AB 5.811361038810252 1.1842599678314543
63192.2213 lsst_hardware_z 40.198586177441854 43.27000045776367 30.93000030517578 AB 3.6517379246214974 1.1666894327861508
63192.2403 lsst_hardware_r -2.948458017576138 23.950000762939453 31.469999313354492 AB 3.6160134153835237 1.1969921101374272
63194.2215 lsst_hardware_i 68.37372041896387 47.33000183105469 31.290000915527344 AB 8.953497704112788 1.1738058672757745
63194.2396 lsst_hardware_z 20.016828656453022 50.040000915527344 30.950000762939453 AB 9.160327910280667 1.2075704986694187
63196.186 lsst_hardware_z -52.715413963726505 67.75 30.969999313354492 AB 5.363051628735212 1.1533444362871426
63196.2059 lsst_hardware_r 17.928401335842285 90.95999908447266 31.6200008392334 AB 5.447796775774717 1.162155324420302
63200.1895 lsst_hardware_r 121.47039535676282 125.48999786376953 31.6299991607666 AB 5.20437664775136 1.157900470428217
63200.2089 lsst_hardware_i -198.99912051907933 100.58000183105469 31.31999969482422 AB 6.420891565516784 1.179443711520305
63205.1854 lsst_hardware_u -1.717226430916298 5.610000133514404 28.8700008392334 AB 2.8224813451106603 1.1662342862519086
63205.2042 lsst_hardware_r 95.25100254642858 40.599998474121094 31.579999923706055 AB 2.955249021612308 1.1957309413762665
63207.1878 lsst_hardware_i -4.476968508596609 31.899999618530273 31.229999542236328 AB 4.829070981709965 1.1763875716710055
63207.2069 lsst_hardware_z -107.93547787246378 44.459999084472656 30.93000030517578 AB 4.886637550154541 1.2143731486467546
63209.1569 lsst_hardware_z 50.844002853997736 42.880001068115234 30.940000534057617 AB 6.34108545158995 1.1541837370931836
63209.1747 lsst_hardware_r -0.5501442202184911 23.790000915527344 31.479999542236328 AB 7.104430854855658 1.16647744107315
63212.1105 lsst_hardware_u -1.1085505333630108 2.680000066757202 28.34000015258789 AB 14.779445986197315 1.1772698730442341
63212.1302 lsst_hardware_g -5.276870384626012 14.649999618530273 31.399999618530273 AB 13.604794715017329 1.1568621011769893
63217.1107 lsst_hardware_z -67.7920094267052 42.880001068115234 30.940000534057617 AB 11.18029537239278 1.1609860199784197
63217.1304 lsst_hardware_r -0.9513385230741059 23.559999465942383 31.479999542236328 AB 10.822366217862209 1.1533810068948644
63219.1133 lsst_hardware_u -5.1516888547606 2.880000114440918 28.450000762939453 AB 3.5744280494756557 1.1557131161747014
63219.132 lsst_hardware_r -24.37221579476795 24.290000915527344 31.5 AB 4.082858271861978 1.1549811235818892
63221.1139 lsst_hardware_i -43.602592248115606 36.599998474121094 31.260000228881836 AB 3.5765465401197565 1.1537246903612117
63221.1342 lsst_hardware_z 76.85163106354153 44.97999954223633 30.940000534057617 AB 4.83954290385659 1.159310792635341
63227.0877 lsst_hardware_r -289.19788371226235 126.38999938964844 31.6299991607666 AB 5.817606172887136 1.1577901732199882
63227.1081 lsst_hardware_i 101.88848962644848 101.1500015258789 31.31999969482422 AB 5.855930638199111 1.1542759844674457
63230.0795 lsst_hardware_z -42.06063843290552 66.30000305175781 30.969999313354492 AB 9.664112929891852 1.157794768167228
63230.1014 lsst_hardware_r -21.133781704703004 90.72000122070312 31.6299991607666 AB 8.645338127744667 1.1547646653265362
