data/validation/pwv_sim_epoch_fit_seasonal/44344801.ecsv
# %ECSV 0.9
# ---
# datatype:
# - {name: time, datatype: float64}
# - {name: band, datatype: string}
# - {name: flux, datatype: float64}
# - {name: fluxerr, datatype: float64}
# - {name: zp, datatype: float64}
# - {name: zpsys, datatype: string}
# - {name: pwv, datatype: float64}
# - {name: airmass, datatype: float64}
# meta: {SNID: '44344801', alt: 1024.0, c: -0.10982261598110199, dec: 3.284369, lat: -30.244573, lon: -70.7499537, ra: 346.113281, t0: 60862.9375,
#   x0: 2.626860697189223e-06, x1: -0.4762340784072876, z: 0.7970842719078064}
# schema: astropy-2.0
time band flux fluxerr zp zpsys pwv airmass
60843.3865 lsst_hardware_r 250.88296795365932 74.64607806690672 31.600000381469727 AB 4.551490541320133 1.230132578735171
60843.4143 lsst_hardware_y 77.14323264319393 56.19065756757221 30.0 AB 4.448772976964406 1.202371074855245
60845.429 lsst_hardware_z 564.6560008015091 73.73865118160369 31.700000762939453 AB 3.15865648364358 1.206553487306158
60853.3377 lsst_hardware_i 1516.771935689338 62.389038602449716 31.979999542236328 AB 9.223044194721396 1.2809783603779716
60853.364 lsst_hardware_r 628.2601513699199 35.917277722505645 31.489999771118164 AB 8.80168854196284 1.2224567419392833
60859.3735 lsst_hardware_u 2.3507396096173476 2.882830968444126 28.360000610351562 AB 7.856431183196464 1.201748555747069
60859.3962 lsst_hardware_g 144.27880379192263 19.134152288698406 31.389999389648438 AB 7.824690932104066 1.2111587233347367
60862.3734 lsst_hardware_r 1375.0861233431144 50.960082354721884 32.2400016784668 AB 6.825572772885928 1.2021615557018168
60862.3942 lsst_hardware_i 945.334549633765 45.54814439432297 31.229999542236328 AB 6.093724273518211 1.2182575516829688
60864.3299 lsst_hardware_i 1079.8544884340854 62.43352591789898 31.280000686645508 AB 1.6099569133297145 1.2288965689178384
60864.3598 lsst_hardware_z 1249.6230445897672 82.73276312287467 31.700000762939453 AB 1.753167832448486 1.2017601958975113
60864.3922 lsst_hardware_r 665.9194376969486 54.1235725310481 31.579999923706055 AB 1.7508767469470192 1.2231063548358987
60869.3219 lsst_hardware_z 571.8248606984496 80.70064743468396 30.969999313354492 AB 7.4432886217340215 1.2202112494645938
60869.3419 lsst_hardware_r 847.8162871793558 109.87155579346818 31.6200008392334 AB 7.313365610055806 1.2028561858644418
60871.3248 lsst_hardware_i 776.0361342150959 90.2063591990981 31.299999237060547 AB 5.682140181498413 1.2104683503990938
60871.3452 lsst_hardware_r 526.0087025300293 101.14336414003314 31.6200008392334 AB 4.382780041088508 1.201584658283347
60876.3297 lsst_hardware_u 7.060750827608914 2.747858708573636 28.34000015258789 AB 4.047390556156947 1.2015409102436776
60876.3502 lsst_hardware_g 16.825410035044037 17.35167124740564 31.43000030517578 AB 3.3000499431062056 1.2115832742007617
60878.3337 lsst_hardware_r 251.82735293161917 29.771852648939486 31.479999542236328 AB 5.270420734289985 1.203567192119202
60878.3531 lsst_hardware_i 557.670382415646 40.500881804433305 31.229999542236328 AB 5.3715609818905214 1.2218275036524044
60880.2883 lsst_hardware_i 470.48861371351745 39.97711552666711 31.229999542236328 AB 7.234876059342206 1.2255058751338377
60880.3095 lsst_hardware_z 449.63848921568905 48.466460535950525 30.940000534057617 AB 6.211930242987649 1.2038624501914048
60882.2865 lsst_hardware_i 426.2326574802377 38.83351795427253 31.229999542236328 AB 12.883383656248427 1.2200944178530309
60882.3086 lsst_hardware_u 1.5884544111446088 2.674205607720783 28.299999237060547 AB 10.425404663472191 1.202191497171609
60885.2847 lsst_hardware_g 1.9702988218987028 15.849594725602698 31.40999984741211 AB 5.087226090370128 1.212350817898112
60885.3066 lsst_hardware_r 208.45574026465704 27.96641067727917 31.489999771118164 AB 4.445815722753698 1.201571816960459
60887.2883 lsst_hardware_i 546.5795435460261 52.712414767140814 31.979999542236328 AB 4.333605748056289 1.2049787746292715
60887.3093 lsst_hardware_r 230.900671796684 38.989339509726484 32.2400016784668 AB 4.074258543380983 1.203651062817199
60889.28 lsst_hardware_z 240.7385030224713 46.95371294638648 30.93000030517578 AB 1.811471309077875 1.2068429774003164
60889.3024 lsst_hardware_g 13.022570988278757 15.33241596274851 31.389999389648438 AB 1.658398551693099 1.2030457393493648
60892.2947 lsst_hardware_r 182.4844872081348 52.21877468989901 31.600000381469727 AB 1.8219108275040827 1.2032432542679687
60898.2489 lsst_hardware_z 82.81581500346506 101.67770004205434 30.979999542236328 AB 7.893759872018507 1.2126833068443017
60898.2684 lsst_hardware_r 247.03485374804117 144.68554850069384 31.6200008392334 AB 7.93399059220433 1.2016191120675974
60900.2441 lsst_hardware_i 25.216725122678465 74.86821919878196 31.299999237060547 AB 4.25107110445091 1.211994612815655
60900.2626 lsst_hardware_r 167.34154679297296 87.13727066256186 31.6200008392334 AB 4.085611284590693 1.201650377820792
60903.2331 lsst_hardware_u -1.2791833341151155 4.510117206916845 29.209999084472656 AB 5.43538357270238 1.2150860275420285
60903.2533 lsst_hardware_g -4.191834743543345 21.906830934901055 31.520000457763672 AB 5.419076876214344 1.2017912126145285
60905.2495 lsst_hardware_r 53.822196747314685 25.638539378239514 31.479999542236328 AB 3.0200394505385963 1.2016072084371074
60905.2683 lsst_hardware_i 119.12743411898346 34.40578012870269 31.229999542236328 AB 3.622416750237871 1.2090507329806817
60907.2173 lsst_hardware_z 110.11110788908397 45.44947207249654 30.93000030517578 AB 2.172328813410887 1.2214387480522277
60907.235 lsst_hardware_r 73.10153915012808 25.573156397171573 31.489999771118164 AB 2.1668866474867547 1.2042719419155732
60911.217 lsst_hardware_g 63.14101727602394 16.86406731979542 31.399999618530273 AB 3.088323406996859 1.2092104177749057
60911.2362 lsst_hardware_r 71.17950603216313 25.400460755780355 31.479999542236328 AB 3.078369145776834 1.201627407108256
60931.1667 lsst_hardware_z 65.62469870459701 45.21483002236586 30.93000030517578 AB 2.534832007196957 1.2059143706931288
60931.1837 lsst_hardware_u -1.8689519058701578 2.93152235416275 28.350000381469727 AB 2.5492658459067536 1.2019169476222318
60939.141 lsst_hardware_u -1.656429420739677 2.766964129463323 28.34000015258789 AB 5.4796371256009015 1.208832368321399
60939.1597 lsst_hardware_g 13.573354749181155 16.355080412567204 31.40999984741211 AB 5.4998785604233 1.2016339437235206
60944.1055 lsst_hardware_i 19.9200974210041 33.52103016314001 31.219999313354492 AB 4.659531914044134 1.2400617203044935
60944.1256 lsst_hardware_z 91.49784547691215 44.383230741670786 30.93000030517578 AB 3.5089589980933473 1.2104032418397197
60946.107 lsst_hardware_r -29.03036968623636 27.338517304628585 31.5 AB 5.618209308542298 1.2273085214903439
60946.1262 lsst_hardware_g 10.492395438653062 18.777676776693966 31.469999313354492 AB 5.208393705720069 1.2056234345140109
60951.1001 lsst_hardware_z -12.661369577824168 61.99938848702254 30.959999084472656 AB 4.3488494792837535 1.2174830569104864
60951.119 lsst_hardware_i 96.68903852297196 64.62752143999273 31.299999237060547 AB 4.291955822247847 1.202565374684322
60954.113 lsst_hardware_z -271.09478539096705 153.47000122070312 31.729999542236328 AB 4.1030182174740615 1.201997427119983
60956.1026 lsst_hardware_r -200.2897014829323 107.30000305175781 31.6200008392334 AB 10.949279318729491 1.2036143034769144
60956.1222 lsst_hardware_i -27.182530889767737 85.83999633789062 31.309999465942383 AB 11.631446069003246 1.204312005625495
60958.1104 lsst_hardware_z 86.31729686275364 70.7699966430664 31.700000762939453 AB 3.8051477087750385 1.2020051728256413
60960.0681 lsst_hardware_r 15.24896069194245 24.670000076293945 31.469999313354492 AB 6.6544912199732495 1.228426961613399
60960.0866 lsst_hardware_g 8.628523464812924 15.140000343322754 31.399999618530273 AB 6.988516626781479 1.2065461905645232
60962.0706 lsst_hardware_r -17.467154869878765 24.75 31.469999313354492 AB 8.761031371952695 1.2168099127712078
60962.0895 lsst_hardware_i 35.68555227875171 32.79999923706055 31.219999313354492 AB 8.685781746905862 1.2024062221733172
60964.0711 lsst_hardware_z 92.40665539712015 44.279998779296875 30.93000030517578 AB 10.037052723939771 1.2103041991968853
60964.0903 lsst_hardware_i -12.777886454316421 32.84000015258789 31.229999542236328 AB 9.375128020876758 1.2015800428346977
60969.0714 lsst_hardware_r 9.382817999889296 24.530000686645508 31.479999542236328 AB 3.423695748938034 1.202140361284422
60969.0898 lsst_hardware_i -1.7229022134996765 32.709999084472656 31.229999542236328 AB 3.259671371392278 1.2061688700806297
60971.0114 lsst_hardware_i -6.413273692318491 34.06999969482422 31.219999313354492 AB 5.1533337241579265 1.2941571381611061
60971.0209 lsst_hardware_z 6.904239476748163 44.459999084472656 30.93000030517578 AB 5.016766124366499 1.2656615892441498
60973.0411 lsst_hardware_r -21.65993540920646 24.799999237060547 31.479999542236328 AB 4.379860493986418 1.216149337710589
60973.0595 lsst_hardware_g -8.937817789237346 15.3100004196167 31.40999984741211 AB 4.597159301893579 1.2023956325789658
60975.0407 lsst_hardware_r -61.008506123736524 26.010000228881836 31.489999771118164 AB 5.188437529700072 1.2106488752508529
60975.0581 lsst_hardware_i 36.47929798433625 33.279998779296875 31.229999542236328 AB 3.514113910427023 1.2016461096265432
60977.041 lsst_hardware_z 35.98900874200704 45.939998626708984 30.93000030517578 AB 3.805289783282519 1.2059866205205532
60977.0581 lsst_hardware_i 8.199976405535327 37.040000915527344 31.25 AB 2.9111593441416272 1.2019236927472743
60980.0563 lsst_hardware_z -138.46631342927262 97.11000061035156 31.719999313354492 AB 4.9248690834496855 1.204124470280792
60990.0151 lsst_hardware_y -107.68569180406436 58.2400016784668 30.0 AB 7.906232741067012 1.201920453187445
60990.0325 lsst_hardware_r 11.384985744425126 24.989999771118164 31.479999542236328 AB 8.744121252591642 1.2061966046429522
61218.3449 lsst_hardware_z -21.951660242120084 76.77999877929688 31.690000534057617 AB 9.091437006195918 1.2626995841938773
61219.4004 lsst_hardware_z 67.33666816781623 55.68000030517578 30.950000762939453 AB 6.240175165677078 1.2038536058024532
61219.421 lsst_hardware_r -41.431572900304666 55.380001068115234 31.579999923706055 AB 6.188122413543601 1.2244009524225066
61221.379 lsst_hardware_i 21.13303756572695 72.37000274658203 31.299999237060547 AB 4.887649380827212 1.2026203110503701
61221.3982 lsst_hardware_z 103.87532316478038 65.44999694824219 30.959999084472656 AB 4.909457174758702 1.2056623710114691
61224.3741 lsst_hardware_i -71.17856194080963 77.7699966430664 31.309999465942383 AB 7.840255261016587 1.201847974402788
61224.3938 lsst_hardware_z -46.696112911672564 70.7300033569336 30.969999313354492 AB 7.833093168525758 1.2084376995565809
61226.3718 lsst_hardware_z -55.015313184774875 72.19999694824219 30.969999313354492 AB 5.454906695522606 1.2016095224736445
61226.3915 lsst_hardware_r 26.842210630541583 92.16000366210938 31.610000610351562 AB 5.0062396766880655 1.2113091263283957
61232.3342 lsst_hardware_r 6.244035769019966 24.8799991607666 31.479999542236328 AB 11.370015962969433 1.2127801421808784
61232.3543 lsst_hardware_i 20.780703759247793 32.880001068115234 31.229999542236328 AB 11.27771672386954 1.2016426545770864
61236.3349 lsst_hardware_g 34.051014181301774 15.180000305175781 31.389999389648438 AB 4.409200366646326 1.203877233214014
61236.3554 lsst_hardware_r 6.392532099088076 24.690000534057617 31.469999313354492 AB 4.4581705249351815 1.2045853890665175
61239.3324 lsst_hardware_i 30.75931268236755 32.459999084472656 31.229999542236328 AB 2.163580310373317 1.2019890613185094
61239.3528 lsst_hardware_z -64.45485030258865 43.630001068115234 30.93000030517578 AB 1.8716260509673408 1.2084102341336538
61243.3337 lsst_hardware_i 15.823601832146268 32.79999923706055 31.219999313354492 AB 5.269473769860557 1.203350940822233
61243.3542 lsst_hardware_u 0.7839625071360455 2.569999933242798 28.219999313354492 AB 5.376564690725963 1.2225022034392823
61245.2867 lsst_hardware_z -50.1725750686217 48.470001220703125 30.940000534057617 AB 7.284989774963112 1.2293612332942954
61245.3088 lsst_hardware_g -2.776203979961038 27.729999542236328 31.559999465942383 AB 6.3124492901882014 1.2046658950740843
61247.2886 lsst_hardware_r 20.452863785745222 60.06999969482422 31.600000381469727 AB 13.015456695902849 1.218295478555649
61247.3083 lsst_hardware_i 107.24597891015232 51.279998779296875 31.280000686645508 AB 10.367608908256958 1.202552842745549
61252.2921 lsst_hardware_z -204.5051955433699 127.0 31.729999542236328 AB 4.075920392930561 1.2034901876225175
61252.3129 lsst_hardware_r 285.6686702825559 186.33999633789062 32.369998931884766 AB 4.078046645269524 1.2052746106899361
61254.294 lsst_hardware_i 92.42474798043425 100.58999633789062 31.309999465942383 AB 1.6408848013556199 1.201673234240659
61254.3137 lsst_hardware_z 5.635409023529495 88.27999877929688 30.969999313354492 AB 1.6454487263849988 1.210037058255913
61257.2827 lsst_hardware_i -26.003394848837996 44.0 31.260000228881836 AB 0.3451072962500112 1.2021154005805903
61257.3041 lsst_hardware_z 7.917077970945976 49.650001525878906 30.940000534057617 AB 1.8625491417916689 1.2087933856949717
61262.2539 lsst_hardware_r -39.95651430534625 24.56999969482422 31.479999542236328 AB 5.267348525305202 1.2111631467705684
61262.2739 lsst_hardware_i 16.25396074961981 32.47999954223633 31.219999313354492 AB 5.222332455980702 1.2016411541603087
61265.2428 lsst_hardware_z -19.601257987467267 44.15999984741211 30.93000030517578 AB 4.282101250141944 1.2142350953874934
61265.2632 lsst_hardware_u 1.2023108172045063 2.7300000190734863 28.360000610351562 AB 4.0859338118577 1.2017452387816765
61267.2445 lsst_hardware_g -17.663066559556867 21.600000381469727 32.16999816894531 AB 5.2460173865358355 1.2074614208690737
61267.2641 lsst_hardware_r -15.479258963481351 34.95000076293945 32.2400016784668 AB 5.6498356479112966 1.2020926910449568
61269.2415 lsst_hardware_i 34.47657075630399 32.849998474121094 31.239999771118164 AB 5.098258739557222 1.2057371871242937
61269.2608 lsst_hardware_z 48.93540799425359 44.18000030517578 30.940000534057617 AB 4.13506911237511 1.2026667962990212
61273.248 lsst_hardware_i -48.17960466101297 36.47999954223633 31.239999771118164 AB 1.768674225462794 1.2021575024386026
61273.2665 lsst_hardware_z -52.286600570570215 45.63999938964844 30.93000030517578 AB 1.280211824702969 1.2149103911771948
61275.2248 lsst_hardware_z 113.09314292661247 87.41999816894531 32.13999938964844 AB 2.481436813865162 1.2059469369181088
61275.2607 lsst_hardware_r -38.787919620109975 50.02000045776367 31.59000015258789 AB 2.3245923530882315 1.2145205606521587
61279.1903 lsst_hardware_z -236.12777017265097 129.86000061035156 31.729999542236328 AB 2.8452872466261634 1.2358276733572449
61285.1928 lsst_hardware_g 13.060559767708904 46.68000030517578 31.639999389648438 AB 3.056119900639766 1.2095860288161613
61285.2105 lsst_hardware_r 46.6801206590553 52.150001525878906 31.59000015258789 AB 2.6367176571988185 1.2016486987347923
61287.1678 lsst_hardware_r -3.0675595431149945 25.200000762939453 31.469999313354492 AB 1.8556433091103681 1.237095539406912
61287.1865 lsst_hardware_i 13.282688171676416 33.11000061035156 31.219999313354492 AB 1.8155324036538087 1.2103549357692058
61298.1248 lsst_hardware_i 2.501987774091867 33.59000015258789 31.229999542236328 AB 1.3208927441556748 1.2672459969516505
61298.1421 lsst_hardware_z 23.666155548195253 44.709999084472656 30.93000030517578 AB 1.6883258470680387 1.2292143043815353
61304.1472 lsst_hardware_i 51.62986469617337 47.27000045776367 31.280000686645508 AB 5.515221842602392 1.2049862011364745
61304.1666 lsst_hardware_z -55.39389432589316 51.0099983215332 30.950000762939453 AB 5.475590341538212 1.203162017477249
61306.143 lsst_hardware_r -78.43880873826278 86.5 31.6200008392334 AB 1.5997124347356662 1.2043004527495604
61306.1621 lsst_hardware_z 66.8046358776329 66.69999694824219 30.969999313354492 AB 1.6268076642726321 1.2035568416320335
61308.1034 lsst_hardware_z 178.16472821999486 109.6500015258789 30.979999542236328 AB 6.317888331374457 1.2522655342819298
61308.1239 lsst_hardware_r -52.33016615940687 157.6699981689453 31.6200008392334 AB 6.14648986193214 1.2160030061854668
61310.1043 lsst_hardware_i 112.06568951813526 119.2300033569336 31.299999237060547 AB 4.054470821481833 1.238479059635535
61310.1222 lsst_hardware_z 10.48138288453438 100.30999755859375 30.979999542236328 AB 3.90106816004904 1.2118254703752525
61312.1027 lsst_hardware_r 78.52246373582841 76.87999725341797 31.600000381469727 AB 4.567016800027039 1.2312507380271394
61312.1203 lsst_hardware_z 3.890361264285544 63.29999923706055 30.959999084472656 AB 4.502929338746284 1.2085426866980253
61314.105 lsst_hardware_g 1.6600165896425263 15.279999732971191 31.389999389648438 AB 7.6818619330254245 1.2192141466022788
61314.1233 lsst_hardware_r -26.894189026193164 24.889999389648438 31.479999542236328 AB 7.591126976241454 1.2033172665834515
61316.1027 lsst_hardware_i 2.8079307337805437 32.86000061035156 31.229999542236328 AB 4.298296314143988 1.2152378609399181
61316.1213 lsst_hardware_z -25.823764187939158 43.900001525878906 30.940000534057617 AB 4.25582704130714 1.2022110286179768
61320.1051 lsst_hardware_r -1.1753725446273806 24.639999389648438 31.479999542236328 AB 9.474563951588246 1.2041386085475423
61320.1233 lsst_hardware_i -9.661565658849403 32.79999923706055 31.229999542236328 AB 9.95956518567684 1.2033183539037942
61322.0663 lsst_hardware_i 33.453224054553075 33.16999816894531 31.229999542236328 AB 3.913912960319639 1.2496529247508428
61322.0854 lsst_hardware_z 13.791534180808926 44.209999084472656 30.93000030517578 AB 6.8386603240934605 1.2163384699282849
61324.0701 lsst_hardware_r -11.803221082946315 24.860000610351562 31.489999771118164 AB 3.8832742836685443 1.2309618397086408
61324.0891 lsst_hardware_u 1.7382814045186803 2.759999990463257 28.3799991607666 AB 5.070684938970946 1.2073059378502253
61327.0686 lsst_hardware_g 16.39338671898144 15.25 31.389999389648438 AB 8.787243744343254 1.220450520047674
61327.086 lsst_hardware_r -1.9931658918615485 24.6200008392334 31.479999542236328 AB 8.684802804551161 1.2041321046171627
61329.0721 lsst_hardware_i -14.155333762406235 33.349998474121094 31.229999542236328 AB 9.978141780690624 1.2101073429305038
61329.0901 lsst_hardware_z -40.362986138070525 44.2599983215332 30.940000534057617 AB 9.344135473317808 1.2016635125151502
61336.0387 lsst_hardware_i -4.730951182811061 102.05000305175781 31.309999465942383 AB 4.865633691939343 1.22861781249652
61336.0566 lsst_hardware_z -195.60522564546136 88.88999938964844 30.979999542236328 AB 5.2177265128431625 1.2071085049954395
61341.0395 lsst_hardware_g -0.4863438852408476 15.279999732971191 31.43000030517578 AB 4.298565445187202 1.2099546195873152
61341.0578 lsst_hardware_r 91.17973451262712 47.36000061035156 31.600000381469727 AB 3.3111702420551 1.201658589023807
61344.0398 lsst_hardware_i 19.20927180495267 32.86000061035156 31.25 AB 5.584872462578741 1.2040255389842336
61344.0578 lsst_hardware_z -29.99465848348799 43.9900016784668 30.950000762939453 AB 5.031632879756677 1.2033320955234497
61351.0104 lsst_hardware_y -54.87837002601925 62.470001220703125 30.010000228881836 AB 4.822268499233843 1.2116759912644188
61351.0238 lsst_hardware_r 4.18775940365042 25.049999237060547 31.489999771118164 AB 4.8527204083105575 1.2027562148817796
61359.0184 lsst_hardware_y 35.31243274377989 55.470001220703125 30.0 AB 6.716156915099415 1.2040259196138605
61359.037 lsst_hardware_r 53.53285923630877 27.40999984741211 31.510000228881836 AB 6.814636649887875 1.2218449647180998
