data/validation/pwv_sim_epoch_fit_seasonal/44481758.ecsv
# %ECSV 0.9
# ---
# datatype:
# - {name: time, datatype: float64}
# - {name: band, datatype: string}
# - {name: flux, datatype: float64}
# - {name: fluxerr, datatype: float64}
# - {name: zp, datatype: float64}
# - {name: zpsys, datatype: string}
# - {name: pwv, datatype: float64}
# - {name: airmass, datatype: float64}
# meta: {SNID: '44481758', alt: 1024.0, c: 0.05863358825445175, dec: -23.806295, lat: -30.244573, lon: -70.7499537, ra: 166.992188, t0: 60014.1953125,
#   x0: 8.456138384264739e-06, x1: 0.20965932309627533, z: 0.4937291443347931}
# schema: astropy-2.0
time band flux fluxerr zp zpsys pwv airmass
[from data line 134]
60330.2255 lsst_hardware_y 18.93079771879745 49.869998931884766 29.989999771118164 AB 14.109012039087418 1.1949954084813708
60331.321 lsst_hardware_r 32.32425246325366 22.6200008392334 31.510000228881836 AB 9.490450142158558 1.006303694428858
60331.3406 lsst_hardware_i 45.17279809590497 30.200000762939453 31.25 AB 9.038971122033566 1.0101478279014582
60334.2136 lsst_hardware_i 149.10144588194368 70.45999908447266 31.299999237060547 AB 10.315538526817388 1.1991907224200404
60334.2328 lsst_hardware_z -91.585299719924 62.470001220703125 30.969999313354492 AB 9.72695393822209 1.1276429293376073
60336.1973 lsst_hardware_r -37.613980029234746 103.11000061035156 31.600000381469727 AB 13.8041153892174 1.2501462949843687
60336.2141 lsst_hardware_z 85.614062612455 70.83000183105469 30.969999313354492 AB 12.861805265026591 1.1746119665468104
60337.3141 lsst_hardware_z -103.01356325859685 64.91000366210938 30.989999771118164 AB 11.777622647516992 1.0066344143176917
60337.3322 lsst_hardware_r 5.430416071497556 90.87999725341797 31.65999984741211 AB 11.878440640957889 1.0152513368340077
60341.2965 lsst_hardware_z 10.626866660858052 50.36000061035156 30.969999313354492 AB 9.979539025510823 1.0061033396018575
60341.3139 lsst_hardware_r -101.4984443207393 54.209999084472656 31.639999389648438 AB 10.124798320314563 1.0104589142030347
60345.3025 lsst_hardware_i -28.94513006329911 30.709999084472656 31.260000228881836 AB 6.5703956633511105 1.0102084353245946
60345.3214 lsst_hardware_z 64.29401795746867 41.040000915527344 30.950000762939453 AB 6.782629420872256 1.0258060225154653
60350.2143 lsst_hardware_u 1.6211499793350006 2.6500000953674316 28.40999984741211 AB 4.602460029032675 1.0627192678158957
60350.2333 lsst_hardware_r 2.4900039344278255 22.459999084472656 31.5 AB 4.444667592336326 1.03128526060628
60354.1269 lsst_hardware_r -15.334622229599741 24.020000457763672 31.440000534057617 AB 2.6635173107941967 1.3786321484442012
60354.1438 lsst_hardware_z -16.815201090900015 44.400001525878906 30.93000030517578 AB 2.408780930859756 1.2731400268815825
60356.1237 lsst_hardware_r 24.024367089795554 27.389999389648438 31.459999084472656 AB 4.276866053036909 1.3628549746784875
60356.1428 lsst_hardware_y -119.69179791058582 49.95000076293945 29.979999542236328 AB 4.414757667733707 1.2496070766081964
60359.1115 lsst_hardware_z -23.68808049543872 101.91999816894531 32.439998626708984 AB 4.607860966692066 1.391227364456027
60360.2613 lsst_hardware_z 77.17668416977169 45.040000915527344 30.969999313354492 AB 2.7460725704950493 1.010080641427782
60360.2793 lsst_hardware_r -11.602443036912796 22.899999618530273 31.510000228881836 AB 2.7964119436292565 1.0245143592706758
60362.1041 lsst_hardware_r -84.82278837448192 82.08000183105469 31.56999969482422 AB 8.485402334117731 1.385484910460892
60362.1228 lsst_hardware_i 87.57533505880247 65.80999755859375 31.290000915527344 AB 7.840708856810116 1.2685691634203158
60363.0879 lsst_hardware_i 2.3699643253594003 83.30000305175781 31.25 AB 9.83563038315766 1.4939819827079306
60363.1029 lsst_hardware_z 22.984574200919987 72.87000274658203 30.940000534057617 AB 9.050455982128685 1.3745788100942187
60365.1098 lsst_hardware_z -13.552314760084403 122.26000213623047 31.719999313354492 AB 9.923937735774633 1.295468668595344
60367.1057 lsst_hardware_r 56.64114709121 105.95999908447266 31.600000381469727 AB 8.52812912850518 1.287653499698804
60367.1264 lsst_hardware_z 45.392937378531116 76.06999969482422 30.969999313354492 AB 9.163222720066333 1.186945948195121
60368.2357 lsst_hardware_y -98.48514434994276 76.75 30.809999465942383 AB 5.330441633925351 1.0084074222333241
60369.1006 lsst_hardware_r 9.99232332096661 59.41999816894531 31.579999923706055 AB 5.428806187176101 1.2856091852882838
60369.1214 lsst_hardware_y -117.67384150347996 53.18000030517578 30.010000228881836 AB 5.0388376610331616 1.1850511902711394
60370.23 lsst_hardware_r 20.30660599249725 53.84000015258789 31.639999389648438 AB 3.425585648613934 1.0083160268683087
60370.248 lsst_hardware_i 132.62597642465488 47.81999969482422 31.309999465942383 AB 3.422325841689472 1.0203714495198817
60373.2303 lsst_hardware_u 0.7130771417487317 4.349999904632568 28.760000228881836 AB 10.957437680562993 1.0126787902833108
60373.2479 lsst_hardware_r 21.117924021884004 28.110000610351562 31.540000915527344 AB 11.166652422944518 1.029326858362402
60375.1069 lsst_hardware_i 10.411670049587045 31.5 31.229999542236328 AB 8.505897813186868 1.1774498633979775
60375.125 lsst_hardware_z 28.73195843886402 41.869998931884766 30.940000534057617 AB 9.476675332862838 1.1149029803368045
60379.093 lsst_hardware_u -0.7538225817765829 2.6600000858306885 28.329999923706055 AB 9.00710858005978 1.1895807061492116
60379.117 lsst_hardware_g -9.32883334016418 14.329999923706055 31.399999618530273 AB 8.307134599899435 1.1064377463904262
60386.0879 lsst_hardware_r -14.531392463301334 29.59000015258789 31.540000915527344 AB 9.155888062527904 1.1371655048783338
60386.1051 lsst_hardware_i -11.125660896313278 33.59000015258789 31.260000228881836 AB 8.73632189910903 1.0872833726333577
60390.0848 lsst_hardware_z -9.771457385221918 55.16999816894531 30.969999313354492 AB 5.807397189518332 1.112670300712437
60390.1027 lsst_hardware_r 5.462239966833254 65.44000244140625 31.639999389648438 AB 5.619087557289883 1.0676586656450262
60396.0958 lsst_hardware_y 66.81596869978121 57.08000183105469 30.059999465942383 AB 8.510168637227595 1.0493641838789516
60396.1208 lsst_hardware_g -63.71485284404676 104.77999877929688 31.75 AB 8.24941799572094 1.0172117794103035
60401.9803 lsst_hardware_y -93.22429187776947 70.7300033569336 29.920000076293945 AB 13.388043645982545 1.504063322115719
60401.9984 lsst_hardware_r -6.336159183702498 24.139999389648438 31.440000534057617 AB 12.201341312771703 1.3608076188787035
60413.9728 lsst_hardware_y 28.746282467512145 73.13999938964844 29.969999313354492 AB 14.960637497896087 1.3145563779097236
60413.9918 lsst_hardware_z 6.224214665968095 44.40999984741211 30.940000534057617 AB 13.773289931938303 1.2141208041023692
60415.1164 lsst_hardware_r -14.526962660547136 25.209999084472656 31.540000915527344 AB 16.221873465294077 1.013191630493884
60415.1337 lsst_hardware_g -6.540704060404861 16.31999969482422 31.5 AB 17.199709541162456 1.0299227270157159
60418.9697 lsst_hardware_z 69.68411841920235 74.83999633789062 30.959999084472656 AB 11.497737385020695 1.2551658293025032
60418.9882 lsst_hardware_r -53.16921556037912 67.80999755859375 31.610000610351562 AB 10.561634982443204 1.1717790291172197
60420.0415 lsst_hardware_i -138.6643769486752 67.4800033569336 31.329999923706055 AB 7.405328568424555 1.0321614823287608
60420.0539 lsst_hardware_z -67.55338225435581 61.81999969482422 30.989999771118164 AB 7.241546159203221 1.0184060790178915
60426.0916 lsst_hardware_g -67.41961610055444 82.43000030517578 31.739999771118164 AB 4.50055192336058 1.0171888175749981
60426.1087 lsst_hardware_r -13.422829265210067 77.11000061035156 31.649999618530273 AB 4.623096260789275 1.03674300853042
60426.9665 lsst_hardware_y 34.447413539486654 62.20000076293945 30.020000457763672 AB 1.234171130897034 1.1712181550624285
60426.9849 lsst_hardware_i -22.541636443101524 30.989999771118164 31.229999542236328 AB 1.1440594698629476 1.1093910010793888
60430.9661 lsst_hardware_y 77.76535785804313 55.880001068115234 30.030000686645508 AB 10.643125737053067 1.133614187714237
60430.9846 lsst_hardware_g -9.904957456831596 13.899999618530273 31.40999984741211 AB 10.048579710603057 1.0815002917345615
60433.964 lsst_hardware_z 55.8249609475361 51.2400016784668 30.969999313354492 AB 11.535339740067457 1.114606347326372
60433.9824 lsst_hardware_i 10.320661150973017 30.489999771118164 31.25 AB 11.0715964106489 1.0679910686231364
60436.9646 lsst_hardware_y -48.41429304396539 52.93000030517578 30.040000915527344 AB 10.699400288603186 1.0904125239983884
60436.9842 lsst_hardware_r 18.65182006907235 22.579999923706055 31.489999771118164 AB 10.303817051278322 1.048752350466843
60446.9916 lsst_hardware_y -67.54737074435022 49.4900016784668 30.059999465942383 AB 7.4928554643664835 1.0103180544338684
60447.0091 lsst_hardware_r 49.77663987747135 52.20000076293945 31.639999389648438 AB 7.278333503168665 1.0061053108861189
60457.9671 lsst_hardware_y -61.37023031592719 47.56999969482422 30.059999465942383 AB 8.909828748814117 1.007927684472294
60457.9863 lsst_hardware_z 37.67103357813642 40.83000183105469 30.959999084472656 AB 8.891644935872067 1.0072094399492422
60459.9676 lsst_hardware_y -32.62345997273672 47.34000015258789 30.059999465942383 AB 9.140251114923787 1.0064508476700869
60459.9882 lsst_hardware_u 4.931147377670312 2.7799999713897705 28.510000228881836 AB 9.177964378062748 1.010047437057535
60463.9596 lsst_hardware_z 25.87047323299003 72.88999938964844 31.719999313354492 AB 10.86631130633303 1.0061399357715768
