data/validation/pwv_sim_epoch_fit_seasonal/4451049.ecsv
# %ECSV 0.9
# ---
# datatype:
# - {name: time, datatype: float64}
# - {name: band, datatype: string}
# - {name: flux, datatype: float64}
# - {name: fluxerr, datatype: float64}
# - {name: zp, datatype: float64}
# - {name: zpsys, datatype: string}
# - {name: pwv, datatype: float64}
# - {name: airmass, datatype: float64}
# meta: {SNID: '4451049', alt: 1024.0, c: 0.0031537374015897512, dec: -33.868706, lat: -30.244573, lon: -70.7499537, ra: 186.855469, t0: 61101.25,
#   x0: 4.1460173277205655e-06, x1: 0.7156890630722046, z: 0.6623464226722717}
# schema: astropy-2.0
time band flux fluxerr zp zpsys pwv airmass
61045.2667 lsst_hardware_z 102.69554424768361 61.849998474121094 30.93000030517578 AB 15.502307655381106 1.4903199053433105
61045.2898 lsst_hardware_i -28.031029876184792 61.630001068115234 31.270000457763672 AB 13.816032732403613 1.3261693926284905
61048.2807 lsst_hardware_z -37.09429768944156 81.30999755859375 31.700000762939453 AB 11.851519220712218 1.3316313731137324
61056.3009 lsst_hardware_g -16.643132833677615 14.15999984741211 31.389999389648438 AB 6.51186184451765 1.1412806107028262
61056.3184 lsst_hardware_r 4.454290914191928 23.149999618530273 31.489999771118164 AB 6.222106236463877 1.0910711913487137
61058.2971 lsst_hardware_i -19.69736395782904 31.229999542236328 31.229999542236328 AB 8.245848674241097 1.1359091743969583
61058.3149 lsst_hardware_z 63.89454455311313 41.65999984741211 30.940000534057617 AB 7.894795950858522 1.0862778646566713
61060.2992 lsst_hardware_r 2.6501086850746294 23.059999465942383 31.479999542236328 AB 11.927870809910717 1.1131071601129838
61060.318 lsst_hardware_u -2.1683392761516984 2.619999885559082 28.3700008392334 AB 11.655351401995445 1.0671362821801804
61062.2989 lsst_hardware_g 19.129549527622395 14.0600004196167 31.40999984741211 AB 10.260532361576725 1.0990287448132785
61062.3171 lsst_hardware_i 96.25047446332943 30.540000915527344 31.25 AB 9.967635349891818 1.0580792261442449
61066.2985 lsst_hardware_u -0.542991096294309 2.559999942779541 28.31999969482422 AB 13.073295200607802 1.073781946661832
61066.3169 lsst_hardware_g -9.579203257663668 13.779999732971191 31.399999618530273 AB 12.61179128240237 1.0397189845344015
61068.3025 lsst_hardware_i -12.37789815251541 30.42911351660795 31.25 AB 12.34057540305381 1.0547500344490437
61068.3206 lsst_hardware_z 21.78737332447243 40.797155680982 30.950000762939453 AB 12.017199365249112 1.0271110568588986
61070.3126 lsst_hardware_r -23.475495805982163 22.497585036647095 31.489999771118164 AB 11.484090585993702 1.0303329074101653
61070.3328 lsst_hardware_g 17.513501666014182 13.790645722442108 31.420000076293945 AB 11.23645257639332 1.0102679382672894
61073.2108 lsst_hardware_i -93.84703880711908 73.82088770181892 31.280000686645508 AB 14.048036307174161 1.3417097306343364
61073.2294 lsst_hardware_z -7.307918841720991 65.1545443723933 30.969999313354492 AB 12.98465268709041 1.2407694875385007
61075.2094 lsst_hardware_i 82.28547857014061 75.9857883625721 31.280000686645508 AB 9.90085183840761 1.3173033313474665
61075.2285 lsst_hardware_z 56.21231070221845 67.12971858134227 30.959999084472656 AB 9.189999517571371 1.2198844517915204
61077.2346 lsst_hardware_r 116.57229793963441 78.39331788392754 31.6200008392334 AB 5.074585999611293 1.17272718860177
61077.2546 lsst_hardware_z 27.11016376407977 62.19758817422001 30.969999313354492 AB 4.255952482549807 1.1080324088908189
61079.212 lsst_hardware_i 310.922974644909 54.78479553083626 31.270000457763672 AB 8.827349435695513 1.2456278601640067
61079.2302 lsst_hardware_r 189.69514243502545 58.3559645984845 31.600000381469727 AB 8.365111368630593 1.1687877559942612
61081.2098 lsst_hardware_u -2.1683073416102316 3.9022175247820994 28.600000381469727 AB 5.34006261248519 1.230334677632714
61081.2297 lsst_hardware_g 82.64323914210046 27.20924416914472 31.59000015258789 AB 4.958030765791024 1.1511564350571222
61083.2221 lsst_hardware_i 489.40357219245817 38.811637278793846 31.229999542236328 AB 6.8042838650389985 1.158603263337798
61083.2427 lsst_hardware_z 459.3738481140901 46.32777940257607 30.950000762939453 AB 6.4481429284446365 1.0960947834282748
61085.2229 lsst_hardware_r 656.9248436219347 35.32220308620842 31.479999542236328 AB 2.6000720876445205 1.1374722949957798
61085.2426 lsst_hardware_u -2.6665598547096034 2.7013689632577393 28.40999984741211 AB 2.4816949374184523 1.0829214272371426
61087.2256 lsst_hardware_g 182.8356023200567 19.598339824512944 31.399999618530273 AB 4.476466227882611 1.1127875776229224
61087.2449 lsst_hardware_i 785.9793824487673 41.72007266954423 31.25 AB 4.156649229840324 1.0658758202039105
61091.2166 lsst_hardware_u 1.0347152843781553 3.268038274894785 28.440000534057617 AB 3.654489159830451 1.1074209575243792
61091.2369 lsst_hardware_g 240.49825341405156 21.50636012285447 31.40999984741211 AB 3.498175801893639 1.0600532733011028
61093.2183 lsst_hardware_r 1347.374018349751 42.24123042159932 31.479999542236328 AB 8.81942393227192 1.0888177694162866
61093.2396 lsst_hardware_i 1115.1033619953707 45.24861958600457 31.239999771118164 AB 8.467891588711312 1.0454187146557177
61095.2156 lsst_hardware_z 918.7821862707647 50.452846691295555 30.940000534057617 AB 9.138766898156216 1.0822152759969466
61095.2354 lsst_hardware_r 1387.3682020293388 42.66312890837991 31.479999542236328 AB 8.767410639730459 1.043366730897353
61098.2153 lsst_hardware_z 864.6564771523406 54.369786129144615 30.959999084472656 AB 6.092750510759531 1.0649955008538021
61098.2388 lsst_hardware_r 1521.1734754616944 51.75675870724356 31.59000015258789 AB 5.984931154315795 1.0269858412714032
61100.2131 lsst_hardware_i 2749.651040714651 94.00072454877055 32.06999969482422 AB 3.7573870358864756 1.058567977429631
61100.2337 lsst_hardware_z 1840.0688873644692 86.37710724816547 31.729999542236328 AB 3.633462194474759 1.026546742329357
61106.1252 lsst_hardware_z 1853.0196751743674 112.04000832378676 31.709999084472656 AB 11.22975322213453 1.3147669512231466
61108.1152 lsst_hardware_g 221.9976411381598 40.89640674990403 31.559999465942383 AB 13.785118396029844 1.3419765286115253
61108.1368 lsst_hardware_r 1155.9365375768823 64.01461982388234 31.579999923706055 AB 11.700966964314167 1.2270738243416823
61110.1147 lsst_hardware_i 1053.938185180256 46.180653525260475 31.209999084472656 AB 9.9606087641367 1.3123331705054762
61110.1349 lsst_hardware_z 845.3717005905543 52.09797303715534 30.93000030517578 AB 9.185970489439958 1.2113367678382694
61112.1147 lsst_hardware_i 990.4514841791419 45.08520298855908 31.209999084472656 AB 16.567573059489703 1.2820718173333336
61112.135 lsst_hardware_u 0.3475912575225557 2.6008666053116984 28.270000457763672 AB 16.636570501354445 1.1883264643824603
61115.1113 lsst_hardware_g 63.316080986508965 16.68819976022204 31.34000015258789 AB 9.080207600334722 1.2574142725722013
61115.1335 lsst_hardware_r 796.8977964558976 36.09228660123712 31.459999084472656 AB 9.984391109467122 1.1630042061115227
61117.1743 lsst_hardware_g 76.20211295336495 16.41954598542182 31.420000076293945 AB 7.17722255566117 1.045049028902056
61117.1935 lsst_hardware_r 698.4011764420209 35.01983171138873 31.5 AB 7.010559115716997 1.019618817431085
61119.17 lsst_hardware_i 814.0424787031291 41.46320222886935 31.239999771118164 AB 5.521827497518818 1.0431664038133788
61119.1871 lsst_hardware_z 725.8082311029035 48.48466889862182 30.940000534057617 AB 5.3432089868722334 1.0205890623552216
61121.1699 lsst_hardware_r 579.2140757245525 32.870245699676374 31.5 AB 4.922151814465049 1.0350621532214244
61121.1867 lsst_hardware_g 107.8598895658709 16.080973237194726 31.43000030517578 AB 4.904906074030022 1.0156837426809364
61123.0959 lsst_hardware_z 598.6807912244069 50.013851277783594 30.93000030517578 AB 6.721480361460904 1.2268273532212408
61123.1139 lsst_hardware_r 466.8063734820334 31.897442653853577 31.479999542236328 AB 6.322039730235405 1.1550620700795446
61125.0797 lsst_hardware_z 571.5080931458917 51.681064243316754 30.93000030517578 AB 8.859548058304359 1.279449499357984
61125.0977 lsst_hardware_g 8.35776354357829 29.226512315344443 31.59000015258789 AB 9.694999587770225 1.1955973881965642
61127.0864 lsst_hardware_r 364.6347345778678 51.54076497797868 31.579999923706055 AB 9.952385556858012 1.2204527743040479
61127.1051 lsst_hardware_z 625.1224899607462 53.61572660349033 30.950000762939453 AB 9.339176473435774 1.147788997144913
61132.0756 lsst_hardware_z 623.9342511154789 94.82067836812477 30.979999542236328 AB 10.48135245270823 1.2080509958459273
61132.0929 lsst_hardware_r 158.3950246161588 136.496750861726 31.639999389648438 AB 9.868933671668428 1.1429432139826006
61136.079 lsst_hardware_r 398.7685394032937 66.65571446334748 31.6200008392334 AB 9.088044298133676 1.153000280991748
61136.0957 lsst_hardware_z 413.7286727600625 59.313295349203855 30.969999313354492 AB 10.462669764363966 1.1021070678754779
61138.071 lsst_hardware_g 7.106284330072262 14.895691978537567 31.389999389648438 AB 8.741234189063658 1.1619346256896979
61138.09 lsst_hardware_i 321.28037500935557 40.15117340813679 31.270000457763672 AB 8.266186226177188 1.1027462948475437
61140.0701 lsst_hardware_z 332.65298343635396 46.65183782568413 30.940000534057617 AB 6.4664417384839235 1.1461257955483735
61140.0882 lsst_hardware_r 221.74293072739826 26.463744944732863 31.5 AB 5.54633902836917 1.0932337112422805
61151.0829 lsst_hardware_r 133.1155260454721 25.095508089418484 31.510000228881836 AB 7.366567244693002 1.0427338744021424
61151.1011 lsst_hardware_g 39.89834752885256 14.575797056061033 31.450000762939453 AB 7.134285330639605 1.0191836186628007
61153.0555 lsst_hardware_z 205.94611008006248 44.79672227784922 30.940000534057617 AB 5.587444271029231 1.08634690946777
61153.0748 lsst_hardware_r 83.11095357676754 27.27541838214627 31.520000457763672 AB 5.267397940931266 1.0470576346935527
61155.0769 lsst_hardware_z 154.0205304336343 46.644041334670746 30.959999084472656 AB 14.166035885425298 1.0353018991029233
61155.0964 lsst_hardware_i 174.53619333841323 39.62833755640915 31.290000915527344 AB 13.763647295793044 1.0135233649332525
61159.0549 lsst_hardware_y 228.7412235390595 59.431042036921376 30.059999465942383 AB 8.941551073697449 1.0531965653802
61159.0742 lsst_hardware_r 167.41346134639647 104.37002428985133 31.670000076293945 AB 8.68315246172084 1.0246615157896557
61160.9849 lsst_hardware_z 377.0682076656891 133.02376622693365 31.729999542236328 AB 14.474819244620374 1.2614221563938641
61165.9726 lsst_hardware_y 125.6263902035851 50.558372599526294 29.979999542236328 AB 8.550271415585456 1.2546866683015245
61165.9914 lsst_hardware_r 33.17497718259362 24.547464227005154 31.479999542236328 AB 7.722315771640922 1.1734853264574392
61167.9743 lsst_hardware_y 75.59513318725071 50.492059827594716 29.969999313354492 AB 11.986699989814454 1.2211285889464862
61167.9954 lsst_hardware_g -4.149797420298666 14.099924459666994 31.3700008392334 AB 11.193689480033436 1.140332052230175
61169.9708 lsst_hardware_y 222.7235380856647 50.22712440817471 29.989999771118164 AB 9.445787144534822 1.2125269649175177
61169.99 lsst_hardware_z 142.13564328046388 43.938338742953185 30.940000534057617 AB 8.890756499590132 1.1401329186445412
61171.9684 lsst_hardware_y 48.34780240253519 50.247579086941045 30.0 AB 13.929910578215088 1.1995789457945865
61171.9881 lsst_hardware_u -0.9574383513647976 2.631630293268232 28.34000015258789 AB 13.095635065551837 1.1288367438627565
61174.9823 lsst_hardware_i 73.09834642374602 32.36499671235912 31.229999542236328 AB 7.309025253760656 1.1215895530067503
61174.9913 lsst_hardware_z 50.12470850346214 43.05271480942105 30.940000534057617 AB 7.195379369832975 1.0966337182229022
61176.9674 lsst_hardware_y 136.83226181342562 49.85443616168626 30.010000228881836 AB 12.013542260762648 1.1517981122947818
61176.987 lsst_hardware_z 156.05831240613674 43.12354413432688 30.940000534057617 AB 11.448536115542879 1.0936698620121046
61177.967 lsst_hardware_y -43.94958239088344 50.302136040104656 30.020000457763672 AB 8.517721994865337 1.143932580562076
61177.9874 lsst_hardware_u -2.2937152912783274 2.636230941301456 28.3700008392334 AB 8.06087597580378 1.0859567517978912
61181.9633 lsst_hardware_y 3.1103185956631667 50.190923635597656 30.020000457763672 AB 6.342919174732533 1.1212514008719343
61181.983 lsst_hardware_i 117.8516261002257 33.180301604136396 31.25 AB 6.023076407088233 1.071149992368528
61184.963 lsst_hardware_y -33.021828173499806 53.290000915527344 30.030000686645508 AB 5.239146297215312 1.099217686276548
61184.9822 lsst_hardware_r -71.2277051051463 51.849998474121094 31.6200008392334 AB 5.0554357699732995 1.0563334361776007
61186.9725 lsst_hardware_y -8.439816577542636 79.68000030517578 30.799999237060547 AB 6.278193278096408 1.064581722489782
61188.963 lsst_hardware_z 86.98215672650151 73.80000305175781 30.989999771118164 AB 9.46469140621205 1.073063848100891
61188.9839 lsst_hardware_i -108.52005128485884 80.9800033569336 31.34000015258789 AB 9.199691351091897 1.0355348211494526
61193.9725 lsst_hardware_g 16.764836753302475 13.899999618530273 31.420000076293945 AB 9.496608152837412 1.0323896382994724
61193.9841 lsst_hardware_r 2.614189487429087 28.690000534057617 31.559999465942383 AB 9.35878914193195 1.018773084139332
61410.2705 lsst_hardware_r -13.29910962721889 24.6299991607666 31.43000030517578 AB 15.342939471757942 1.464812984605983
61410.2921 lsst_hardware_g 5.243170369618866 14.449999809265137 31.350000381469727 AB 13.289251758504825 1.3167126658744965
61412.2695 lsst_hardware_r -21.690034421146823 24.799999237060547 31.420000076293945 AB 13.410703612497814 1.4302207905258955
61412.2916 lsst_hardware_i -39.589068292542194 33.16999816894531 31.219999313354492 AB 12.267455560750863 1.2888239076257297
61414.3047 lsst_hardware_u 0.22264793439985878 2.7799999713897705 28.420000076293945 AB 9.102751406946144 1.2004947453934909
61414.3225 lsst_hardware_g 15.160841606107386 14.630000114440918 31.420000076293945 AB 8.625938679341509 1.135489953401688
61416.3002 lsst_hardware_r 57.13516433196503 23.850000381469727 31.469999313354492 AB 8.854379193412832 1.1965377288395718
61416.3168 lsst_hardware_z -78.2638539847393 42.68000030517578 30.940000534057617 AB 8.408295675182291 1.136256172321931
61419.3005 lsst_hardware_r 49.21750509994368 23.469999313354492 31.479999542236328 AB 9.713570344321122 1.1638593750684234
61419.319 lsst_hardware_u -2.8721538004424603 2.7799999713897705 28.469999313354492 AB 9.133963801509262 1.1055390706256671
61421.2971 lsst_hardware_g -7.306071553974472 14.279999732971191 31.40999984741211 AB 6.682125509771164 1.1565272830723317
61421.3149 lsst_hardware_r -10.758359915780463 23.239999771118164 31.5 AB 6.394472799307243 1.1018778786554504
61423.3039 lsst_hardware_i -14.807356449030458 31.520000457763672 31.239999771118164 AB 8.06356169781828 1.1173010527668426
61423.32 lsst_hardware_z -28.295307736629574 41.93000030517578 30.950000762939453 AB 7.851088520974591 1.0760812117563858
61425.299 lsst_hardware_r 2.631523455600838 43.09000015258789 31.59000015258789 AB 12.056685238599622 1.1156796618048832
61425.3179 lsst_hardware_z 24.31953191605451 41.720001220703125 30.940000534057617 AB 11.558955281126725 1.0688056787246107
61427.3021 lsst_hardware_z -45.06155027286036 57.93000030517578 30.969999313354492 AB 10.299562822765038 1.0926179199878043
61427.3192 lsst_hardware_i 47.23395217924739 61.47999954223633 31.31999969482422 AB 9.865320618341112 1.0554531527058044
61429.3031 lsst_hardware_z 78.44843644335286 59.75 30.969999313354492 AB 8.384471228347875 1.0772455244721597
61429.3208 lsst_hardware_r 49.72726552851802 79.48999786376953 31.649999618530273 AB 8.299923037678955 1.0432609166551332
61431.308 lsst_hardware_y -32.436527257844766 75.06999969482422 30.799999237060547 AB 12.817922655628305 1.0559725382566465
61433.3059 lsst_hardware_i 33.760607453174224 51.349998474121094 31.31999969482422 AB 12.284050188709202 1.049918819547795
61433.3245 lsst_hardware_z -10.69840906431917 52.130001068115234 30.979999542236328 AB 11.97318385481097 1.023349047419741
61435.3091 lsst_hardware_r -20.256350139692668 31.920000076293945 31.579999923706055 AB 11.583336857885143 1.036122980266125
61435.3285 lsst_hardware_g -41.89030746914573 26.899999618530273 31.639999389648438 AB 11.32369930715071 1.0140777600099145
61437.2336 lsst_hardware_z -21.064715493481486 44.38999938964844 30.93000030517578 AB 15.577033996460768 1.2371316586090155
61437.2513 lsst_hardware_r -32.18516804904079 24.1299991607666 31.489999771118164 AB 12.29919565127399 1.1640718980919953
