data/validation/pwv_sim_epoch_fit_seasonal/44515652.ecsv
# %ECSV 0.9
# ---
# datatype:
# - {name: time, datatype: float64}
# - {name: band, datatype: string}
# - {name: flux, datatype: float64}
# - {name: fluxerr, datatype: float64}
# - {name: zp, datatype: float64}
# - {name: zpsys, datatype: string}
# - {name: pwv, datatype: float64}
# - {name: airmass, datatype: float64}
# meta: {SNID: '44515652', alt: 1024.0, c: -0.08420390635728836, dec: -18.524391, lat: -30.244573, lon: -70.7499537, ra: 13.535156, t0: 61367.3203125,
#   x0: 2.3062120046135047e-06, x1: -0.6464576721191406, z: 0.8406020402908325}
# schema: astropy-2.0
time band flux fluxerr zp zpsys pwv airmass
61226.4192 lsst_hardware_r 31.95292271598124 66.95999908447266 31.649999618530273 AB 5.410385940285962 1.0357779152457092
61226.439 lsst_hardware_y 6.9964953259617415 61.58000183105469 30.06999969482422 AB 5.370629061855522 1.0231231246093293
61232.419 lsst_hardware_r 25.116739987348627 23.559999465942383 31.510000228881836 AB 9.442326759661556 1.0244190794067163
61232.4394 lsst_hardware_y 84.40292737157273 55.11000061035156 30.059999465942383 AB 9.416978568268421 1.0229545462869039
61236.4065 lsst_hardware_i 18.432288031651893 30.56999969482422 31.260000228881836 AB 4.867555878699362 1.0251262841466566
61236.4252 lsst_hardware_y -100.99853643829941 47.040000915527344 30.049999237060547 AB 4.693849749239152 1.0222354765044162
61239.4078 lsst_hardware_r 23.627300646683985 23.040000915527344 31.489999771118164 AB 1.9193808240957695 1.0221705893202433
61239.4274 lsst_hardware_y 14.295669675450512 47.61000061035156 30.040000915527344 AB 2.223638281789402 1.025781700744736
61243.3813 lsst_hardware_u -3.0320683969510482 3.7300000190734863 29.139999389648438 AB 5.479663305246283 1.0286584015855609
61243.4015 lsst_hardware_g 22.825283774566728 20.209999084472656 32.18000030517578 AB 5.467629069424946 1.021843492860804
61245.3783 lsst_hardware_r -14.590083993954151 23.0 31.5 AB 5.457629164176012 1.0270767657823594
61245.3987 lsst_hardware_z -26.70651889777151 41.0 30.950000762939453 AB 5.475025458043787 1.0219843124819241
61247.375 lsst_hardware_r 3.657086329988309 40.72999954223633 31.610000610351562 AB 6.9758610417259375 1.0258619179008732
61247.3963 lsst_hardware_y -52.68039537893056 46.529998779296875 30.040000915527344 AB 6.901496859622738 1.0224439792033686
61250.3817 lsst_hardware_z 46.83525006964628 61.7400016784668 30.979999542236328 AB 4.802683033104777 1.02184745385208
61250.4009 lsst_hardware_r 42.38665708839594 86.41999816894531 31.65999984741211 AB 4.830826060094674 1.027835331935037
61252.363 lsst_hardware_i 11.859621131387472 79.0199966430664 31.34000015258789 AB 4.011506515405015 1.025043187787151
61252.3845 lsst_hardware_z 21.641260198991894 68.41999816894531 30.989999771118164 AB 4.585899805726666 1.0228772800877322
61254.3642 lsst_hardware_r -57.795657290737516 88.05000305175781 31.65999984741211 AB 1.483238427880831 1.02268795303206
61254.3831 lsst_hardware_z 17.72916619658442 65.2699966430664 30.989999771118164 AB 1.8960327675351258 1.0242366620339205
61259.3308 lsst_hardware_r -23.54845117747084 25.65999984741211 31.530000686645508 AB 4.256257830321722 1.0341599976484304
61259.3514 lsst_hardware_z -9.674626888128888 41.470001220703125 30.959999084472656 AB 4.342203146567884 1.0224968163032695
61262.3348 lsst_hardware_r 1.0490215012677717 22.899999618530273 31.5 AB 5.2506227616305505 1.0254788766571175
61262.3533 lsst_hardware_u 2.239210723054478 2.7200000286102295 28.459999084472656 AB 5.217410290571772 1.0221030689227208
61265.33 lsst_hardware_g 1.3538869865190057 14.279999732971191 31.450000762939453 AB 3.6877126114707246 1.023985360460216
61265.3495 lsst_hardware_r -0.2613646076276032 23.030000686645508 31.510000228881836 AB 4.761785412718013 1.0230131937950473
61267.3148 lsst_hardware_i 5.8911967829075325 30.360000610351562 31.25 AB 4.880142051240027 1.0293486714279743
61267.3356 lsst_hardware_z -30.716394197717687 40.790000915527344 30.950000762939453 AB 5.673799400339435 1.021845907310119
61269.3128 lsst_hardware_r 10.133903369657983 22.760000228881836 31.510000228881836 AB 4.28671601927109 1.0270658327094302
61269.3318 lsst_hardware_u -2.1699554868981195 2.740000009536743 28.489999771118164 AB 4.27581869730971 1.0218841362991478
61273.3167 lsst_hardware_g 3.3240184732827296 14.079999923706055 31.43000030517578 AB 1.530906639546665 1.0219670490965722
61273.3374 lsst_hardware_i -22.82126585796468 30.329999923706055 31.25 AB 1.916855837320321 1.027391578357401
61275.3121 lsst_hardware_z 0.4383099491950401 44.83000183105469 30.959999084472656 AB 2.057002846531733 1.0219016418290539
61275.3313 lsst_hardware_r -24.527442309988817 33.810001373291016 31.59000015258789 AB 2.063250183807841 1.0270035758127631
61279.2557 lsst_hardware_z -27.729389703338693 71.29000091552734 30.989999771118164 AB 2.75862505947928 1.0610096382612615
61279.2732 lsst_hardware_r -72.32782758361708 104.87000274658203 31.65999984741211 AB 2.6964746541013658 1.037105636192833
61285.2546 lsst_hardware_i 59.77540519018496 46.70000076293945 31.309999465942383 AB 3.0283113662280874 1.0394958778780012
61285.2715 lsst_hardware_z -38.088953374467 48.88999938964844 30.969999313354492 AB 2.993356908944532 1.0257369687122528
61287.2507 lsst_hardware_z -11.153711380157882 42.209999084472656 30.950000762939453 AB 2.310825992196753 1.0377961042799788
61287.2697 lsst_hardware_r 29.397994753393952 28.34000015258789 31.559999465942383 AB 2.258773062632672 1.0240772537249534
61298.2011 lsst_hardware_i 8.810559356059839 31.09000015258789 31.260000228881836 AB 1.161293573451089 1.0658143695153397
61298.2202 lsst_hardware_u -0.46923956928115457 2.8399999141693115 28.540000915527344 AB 0.7462751599104304 1.03829587465799
61304.2041 lsst_hardware_z 52.21076591232799 65.62999725341797 31.719999313354492 AB 4.6031558411477365 1.0379936502890699
61306.1899 lsst_hardware_z 131.77445780136645 55.08000183105469 30.979999542236328 AB 2.0489806473363665 1.0487424938379137
61306.2098 lsst_hardware_r 78.55282210495253 67.4800033569336 31.649999618530273 AB 2.015169058735646 1.0283223637023813
61308.187 lsst_hardware_i 7.781986605297731 91.22000122070312 31.34000015258789 AB 6.551913679712802 1.0452957370314497
61308.2064 lsst_hardware_z 228.2261712049541 77.70999908447266 31.0 AB 6.450705490397505 1.027018864893677
61310.1837 lsst_hardware_i 152.56259816974543 102.05999755859375 31.34000015258789 AB 4.129139523178657 1.0425803618681118
61310.2036 lsst_hardware_z -54.75513831370947 84.01000213623047 31.0 AB 4.099311471063487 1.0255543020631666
61312.1833 lsst_hardware_z -2.533599533117237 58.810001373291016 30.979999542236328 AB 4.157796447872248 1.0369000659725462
61312.2034 lsst_hardware_r -98.06149939744398 76.12000274658203 31.65999984741211 AB 4.139734087534922 1.0233778799888564
61314.1708 lsst_hardware_i -3.508899317228408 39.22999954223633 31.290000915527344 AB 5.000872264824518 1.0450597700902813
61314.1893 lsst_hardware_r 10.964593350973466 40.779998779296875 31.610000610351562 AB 4.884267203149497 1.0274556304285702
61316.1702 lsst_hardware_u -1.7826627042295515 2.75 28.469999313354492 AB 2.9427515054276094 1.0392294898506813
61316.1896 lsst_hardware_g -12.090381659832886 14.550000190734863 31.450000762939453 AB 2.918659710759001 1.0244505829269923
61318.1665 lsst_hardware_r -28.465176553539493 23.309999465942383 31.510000228881836 AB 4.428116575618627 1.0373333120043635
61318.185 lsst_hardware_i 7.3391377792463075 30.610000610351562 31.25 AB 6.253836824716703 1.024099916711077
61320.1681 lsst_hardware_z -24.909378113493982 41.279998779296875 30.950000762939453 AB 4.62124638658066 1.0308570803786212
61320.186 lsst_hardware_r -32.14020933112273 23.34000015258789 31.510000228881836 AB 4.638585618735236 1.022277822310796
61322.1439 lsst_hardware_i -12.549042903782398 31.059999465942383 31.25 AB 3.710663907200916 1.0520736907289243
61322.1623 lsst_hardware_u 1.7910666644717637 2.740000009536743 28.450000762939453 AB 3.6307707850022175 1.0311272168321723
61327.1499 lsst_hardware_i -21.214387935806815 30.700000762939453 31.260000228881836 AB 8.597280443225737 1.0301490326187612
61327.1672 lsst_hardware_r -15.905867212484887 23.110000610351562 31.510000228881836 AB 8.441532327651094 1.0222247914328364
61329.1332 lsst_hardware_u 3.35058880637422 3.0 28.59000015258789 AB 8.147087692484954 1.0409396540653
61329.1513 lsst_hardware_g -19.045059871201097 15.279999732971191 31.489999771118164 AB 8.050577014349537 1.025768997368809
61331.1326 lsst_hardware_r -25.14845894944436 29.06928972280873 31.559999465942383 AB 6.3578905472601335 1.0357119701227062
61331.1512 lsst_hardware_i 15.016177634316895 33.230720949336835 31.270000457763672 AB 6.2843520581770695 1.023482325372884
61333.1321 lsst_hardware_z -6.6835167475330195 46.16329358190569 30.969999313354492 AB 3.454375636214764 1.0312595192201226
61333.149 lsst_hardware_r 21.34159454911553 43.1401721257604 31.6200008392334 AB 3.404828296416491 1.0225733195764815
61338.1133 lsst_hardware_z 91.22353458854889 78.7598393335267 31.0 AB 4.668957006872244 1.0358962408472974
61338.1317 lsst_hardware_r -107.22345107148078 113.94231022831981 31.670000076293945 AB 4.477796601857262 1.0236133505217195
61351.079 lsst_hardware_i 374.16763026283866 36.875305926434706 31.25 AB 3.769874301550109 1.0347321962166292
61351.1032 lsst_hardware_z 233.12315208687372 44.02867422804555 30.959999084472656 AB 4.671970809312971 1.0220149065144315
61356.0816 lsst_hardware_i 640.4677299786092 39.89134029829621 31.25 AB 4.671804887709162 1.0239572356623983
61356.1001 lsst_hardware_u 1.3727488799987833 3.0227700157141064 28.420000076293945 AB 3.5039628849470836 1.0227562419579173
61357.059 lsst_hardware_u 4.794557742284049 3.0484127421946225 28.469999313354492 AB 4.512131720604935 1.0384055510281933
61357.0775 lsst_hardware_g 126.94541416802684 18.138484334149297 31.450000762939453 AB 4.504771372630721 1.0245102052833837
61359.0623 lsst_hardware_r 606.1615471998552 34.218598196009154 31.520000457763672 AB 5.4328607906968545 1.0303168577084874
61359.0803 lsst_hardware_i 806.6551561943829 41.726340790666974 31.260000228881836 AB 5.356566326411222 1.0221479489384329
61361.0793 lsst_hardware_z 1114.5880617427288 68.86421576288993 31.700000762939453 AB 3.8495240990802717 1.0218392989794338
61364.0547 lsst_hardware_z 523.0930923544236 63.334139527970144 30.979999542236328 AB 6.851193758850274 1.0263191908997105
61364.0755 lsst_hardware_r 618.6031371458782 75.24677365352713 31.649999618530273 AB 6.800413663780973 1.022195883474009
61366.0276 lsst_hardware_i 946.5691075651889 79.0822783859327 31.329999923706055 AB 4.933917561446543 1.0466520070951513
61366.0323 lsst_hardware_z 492.07041156500895 69.40517123511708 30.989999771118164 AB 4.917715780126395 1.0407864084923588
61368.0585 lsst_hardware_i 948.6371333130661 78.304299570311 31.34000015258789 AB 7.711070031597171 1.021875169837894
61368.0775 lsst_hardware_z 525.3527201068922 69.34799128658042 30.989999771118164 AB 7.707118796719253 1.0270680699252168
61370.0349 lsst_hardware_y 211.91330892701967 50.11879201125097 30.059999465942383 AB 4.974966797860683 1.0284169091184874
61370.0541 lsst_hardware_g 44.55147314557731 39.97862515659406 31.700000762939453 AB 4.4627176683487155 1.0218404064301185
61374.0227 lsst_hardware_z 601.9918448774209 68.06338400320638 30.989999771118164 AB 5.754937273195771 1.029306295416072
61374.0424 lsst_hardware_u -0.6328737579237902 3.1933728810992426 28.610000610351562 AB 5.078397098667109 1.0218616829150577
61376.0236 lsst_hardware_y 241.84100733421698 70.84310810001733 30.06999969482422 AB 7.1668090238630615 1.0254412682591303
61376.0423 lsst_hardware_r 306.6399905801626 29.370416669802587 31.5 AB 6.395467316309105 1.0221299850262613
61379.0254 lsst_hardware_y 263.82696269605697 76.72750893052576 30.079999923706055 AB 2.231948635749012 1.0221885210666901
61379.0452 lsst_hardware_z 420.7685212258071 46.816139523029435 30.959999084472656 AB 1.4848421900491144 1.0257977133322815
61597.3571 lsst_hardware_i -21.621273370496663 31.729999542236328 31.239999771118164 AB 10.559558642408765 1.124863103169182
61597.3783 lsst_hardware_y 27.50936808653074 47.56999969482422 30.040000915527344 AB 9.772471695091971 1.0728173116924677
61606.4032 lsst_hardware_z 104.55985043834528 62.33000183105469 30.989999771118164 AB 4.8045314913724795 1.0221682486431771
61606.4264 lsst_hardware_y 83.57189322688093 53.779998779296875 30.059999465942383 AB 5.318225606799467 1.0280075270875257
61609.3491 lsst_hardware_r 21.342857274883293 78.37000274658203 31.649999618530273 AB 4.732418841125288 1.0660601857237366
61609.3702 lsst_hardware_z -48.113607822499226 60.900001525878906 30.989999771118164 AB 4.600992793228608 1.0363568938290622
61616.3818 lsst_hardware_g 2.784468688395091 14.279999732971191 31.450000762939453 AB 4.824705546224325 1.0219127447655443
61616.4029 lsst_hardware_r -42.8024985394418 22.940000534057617 31.510000228881836 AB 4.865934637201835 1.0307363750471672
61618.357 lsst_hardware_i 12.629659635868853 30.360000610351562 31.25 AB 5.3533867921897125 1.0271928606695964
61618.3791 lsst_hardware_z 21.135534865916124 40.77000045776367 30.950000762939453 AB 6.431507823021248 1.0221993308290507
61621.362 lsst_hardware_r -7.967172882616492 22.65999984741211 31.510000228881836 AB 1.8958534928252833 1.022207131286098
61621.3821 lsst_hardware_u -1.8734845197376004 2.799999952316284 28.540000915527344 AB 2.0771889534009143 1.026025662336831
61623.3297 lsst_hardware_u 3.034737026218279 2.700000047683716 28.450000762939453 AB 2.819177035354256 1.0387535133952417
61623.351 lsst_hardware_g 31.058293697905498 19.93000030517578 32.189998626708984 AB 2.6734051415569295 1.0235741719955063
61623.3736 lsst_hardware_i 24.171671560780638 30.420000076293945 31.260000228881836 AB 2.66667697584163 1.0245613200813102
61625.3327 lsst_hardware_r 13.122818801141056 22.6200008392334 31.489999771118164 AB 2.6096599788252197 1.030807101576782
61625.3528 lsst_hardware_z 5.020120912069913 40.66999816894531 30.940000534057617 AB 2.5003124695345194 1.0219956957018268
61628.3305 lsst_hardware_r 20.763168929960862 22.700000762939453 31.5 AB 5.764176539619733 1.0267198823725596
61628.354 lsst_hardware_u 1.4536329832621597 2.6600000858306885 28.420000076293945 AB 5.522117301198929 1.0226143150368385
61630.3331 lsst_hardware_z 84.86990632190157 66.27999877929688 31.719999313354492 AB 3.783402631676796 1.0231865045551598
61630.3524 lsst_hardware_r 44.51251415712318 55.79999923706055 32.369998931884766 AB 4.789567598241974 1.02374000176167
61650.2533 lsst_hardware_u -0.8897733652859643 2.690000057220459 28.43000030517578 AB 3.026061924298621 1.041823069619379
61650.2701 lsst_hardware_g 5.257054479781419 14.25 31.440000534057617 AB 2.997914066745453 1.026917355587618
61652.2419 lsst_hardware_g 15.261023729740044 14.380000114440918 31.420000076293945 AB 1.7002990056035112 1.0495672874095747
61652.2597 lsst_hardware_r 13.408516689404639 23.110000610351562 31.5 AB 2.274459234380066 1.030254824571976
61654.2438 lsst_hardware_i 9.19904678974761 30.75 31.25 AB 0.42542821306516304 1.040166780110423
61654.2628 lsst_hardware_r -26.91819858579656 23.100000381469727 31.510000228881836 AB 0.9007281958148275 1.0250107491491636
61673.1898 lsst_hardware_r 7.006799363731419 23.450000762939453 31.510000228881836 AB 6.52868592209514 1.0426712324674823
61673.2097 lsst_hardware_g -12.179192805652104 14.600000381469727 31.450000762939453 AB 6.228666365698721 1.025604385251732
61677.1727 lsst_hardware_r -20.333511878803474 23.540000915527344 31.5 AB 4.222424138894248 1.0509206800250628
61677.1911 lsst_hardware_i 25.405881658450443 30.889999389648438 31.25 AB 4.12499154364985 1.0305179357080028
61679.1677 lsst_hardware_z 27.72178261872784 41.279998779296875 30.950000762939453 AB 5.0141799243453775 1.0502549980302045
61679.1857 lsst_hardware_i 7.081282158637479 30.6299991607666 31.25 AB 4.902979866374032 1.030470757960074
61681.1693 lsst_hardware_u 0.195283508089997 2.7899999618530273 28.5 AB 2.980579149928104 1.0410685120250343
61681.1871 lsst_hardware_g -27.668922799129792 14.40999984741211 31.440000534057617 AB 2.925801404743942 1.0259969858833227
61683.1667 lsst_hardware_r -25.50482881774612 23.40999984741211 31.510000228881836 AB 6.585331986540845 1.037877381645354
61683.1847 lsst_hardware_i 32.25684733752152 30.790000915527344 31.260000228881836 AB 6.288900720553947 1.024529034029967
61685.1752 lsst_hardware_z -24.46671984343361 59.83000183105469 31.709999084472656 AB 4.679713599144689 1.0265343787540928
61687.1457 lsst_hardware_r 86.07145988348107 42.779998779296875 31.6200008392334 AB 3.6920890746211072 1.0504805788945037
