data/validation/pwv_sim_epoch_fit_seasonal/44545075.ecsv
# %ECSV 0.9
# ---
# datatype:
# - {name: time, datatype: float64}
# - {name: band, datatype: string}
# - {name: flux, datatype: float64}
# - {name: fluxerr, datatype: float64}
# - {name: zp, datatype: float64}
# - {name: zpsys, datatype: string}
# - {name: pwv, datatype: float64}
# - {name: airmass, datatype: float64}
# meta: {SNID: '44545075', alt: 1024.0, c: -0.07336419075727463, dec: -19.15501, lat: -30.244573, lon: -70.7499537, ra: 359.121094, t0: 61994.41015625,
#   x0: 2.7580371511603983e-06, x1: -1.8232581615447998, z: 0.7819564342498779}
# schema: astropy-2.0
time band flux fluxerr zp zpsys pwv airmass
61946.3558 lsst_hardware_u -0.2415785574584698 2.7200000286102295 28.3799991607666 AB 4.1071275327333145 1.1396288850740877
61946.3785 lsst_hardware_y 20.089560495752718 47.810001373291016 30.030000686645508 AB 4.794836110552319 1.0789055564715513
61952.3938 lsst_hardware_z -23.345689327718983 82.27999877929688 32.45000076293945 AB 10.004301598832107 1.031371298848671
61957.4014 lsst_hardware_r -160.53094520523157 63.43000030517578 31.649999618530273 AB 5.106952259179851 1.0200304112875866
61957.4228 lsst_hardware_z 2.829615551375309 51.060001373291016 30.979999542236328 AB 5.345117792253806 1.024116068832397
61959.3797 lsst_hardware_r -28.896273253440473 90.89598657348127 31.65999984741211 AB 1.4705666055722595 1.027290678010994
61959.3991 lsst_hardware_i -46.74504468105868 70.84831357025769 31.34000015258789 AB 1.4994102731015355 1.0196601653189634
61961.3753 lsst_hardware_z 68.48785774537168 65.71310543645802 30.989999771118164 AB 10.026732324498075 1.026540294292175
61961.3946 lsst_hardware_i 65.43252674522644 72.73334705992987 31.34000015258789 AB 9.763999281115108 1.0196145932904719
61963.3902 lsst_hardware_z -289.5142156401851 91.16337129424456 31.739999771118164 AB 7.833843791554481 1.019600272222563
61966.3663 lsst_hardware_r 33.43915848416304 43.07107305941215 31.6200008392334 AB 3.7447257056447367 1.0237085034565612
61966.3889 lsst_hardware_i -71.5970844295296 42.27655785763746 31.299999237060547 AB 4.8164283673961865 1.0204297388551242
61967.3856 lsst_hardware_z 97.79177959805246 61.22894838979135 31.700000762939453 AB 3.3771945071704716 1.020300455338511
61975.3478 lsst_hardware_r 101.72171214720304 24.986470968536494 31.489999771118164 AB 5.215590803552713 1.0211298316686117
61975.3668 lsst_hardware_g 198.3219173511356 20.071793300072652 31.43000030517578 AB 5.165842901055693 1.0211193716259523
61977.3459 lsst_hardware_r 172.39973114458647 26.91785821343377 31.5 AB 7.330137175950064 1.020200024488468
61977.3644 lsst_hardware_i 388.6773179978805 35.76984429492131 31.25 AB 7.281212991011108 1.0222594053272802
61982.3226 lsst_hardware_u 7.38500768453201 3.742089434931855 28.420000076293945 AB 3.4615386366274934 1.0237200226619165
61982.3421 lsst_hardware_g 143.6728640120163 19.371397359552223 31.440000534057617 AB 4.004472197938539 1.0198579391158356
61984.3259 lsst_hardware_r 604.8776476885408 49.019704654557565 31.6200008392334 AB 1.3845028269107462 1.0203926988655543
61984.3456 lsst_hardware_i 829.2617958533572 48.698470293723496 31.290000915527344 AB 1.4812781550972491 1.0223937571130215
61996.2937 lsst_hardware_z 554.5585259132032 49.9333506498202 30.959999084472656 AB 3.4272532349153493 1.0202688866034282
61996.3152 lsst_hardware_g 98.81701111879251 31.500133274817372 31.670000076293945 AB 3.461025350899638 1.023517773443631
62000.2741 lsst_hardware_r 561.700685418664 32.238293271682146 31.520000457763672 AB 3.0621473846240805 1.0233879745861127
62000.2943 lsst_hardware_i 956.3961908906946 43.21090083047154 31.270000457763672 AB 3.41441577104127 1.0200659559463052
62010.142 lsst_hardware_r 172.14679296961322 36.489530432390005 31.520000457763672 AB 5.137880582667414 1.3174052776070293
62010.1646 lsst_hardware_g 28.683966068624702 28.208088728694726 31.59000015258789 AB 4.685000709875292 1.201282233301357
62014.2112 lsst_hardware_z 455.0313306329965 57.081982666223404 30.969999313354492 AB 1.6794346313350474 1.046648432927581
62014.2275 lsst_hardware_i 379.4253435099753 58.39317914204527 31.31999969482422 AB 1.7439031954703328 1.0288514427553586
62019.189 lsst_hardware_r -36.40190955945587 134.46938980951006 31.65999984741211 AB 0.6881918312946003 1.059979717049827
62019.2064 lsst_hardware_z 207.86102546170466 89.41130463708731 31.0 AB 0.6411495620655233 1.0357828143223318
62022.1899 lsst_hardware_y 103.5383962417931 51.98862913542357 30.059999465942383 AB 3.417734026587521 1.0458982561663288
62022.2081 lsst_hardware_r 94.9997647006917 63.61854611542681 31.649999618530273 AB 3.3138928710938336 1.0270063906698175
62028.1705 lsst_hardware_r 69.11790585688497 25.157966243477084 31.520000457763672 AB 1.1215429330767348 1.0502157781444257
62028.1885 lsst_hardware_i 110.7011231775195 33.30924802514128 31.270000457763672 AB 1.0715182131620393 1.0294810694911505
62029.1866 lsst_hardware_r 62.63373077970987 24.667435116028383 31.510000228881836 AB 3.0783642386862002 1.0288077442275854
62029.2033 lsst_hardware_g 80.08730256312012 17.191207970995286 31.459999084472656 AB 3.0563268523699048 1.0203344617732328
62032.1723 lsst_hardware_u 4.955546465964722 2.8435681776948063 28.479999542236328 AB 6.330296339020522 1.0343339787621015
62032.1909 lsst_hardware_r 28.709915302939034 24.560749709971642 31.510000228881836 AB 6.2546463076376915 1.021569812465494
62034.171 lsst_hardware_i 26.93692798189354 32.64835830958508 31.260000228881836 AB 4.542116800485959 1.0304257714353022
62034.1899 lsst_hardware_z 61.67938412079845 42.722139003630424 30.959999084472656 AB 4.5035123026471755 1.020279180482107
62042.1334 lsst_hardware_z 122.65357920814762 51.63672116905818 30.969999313354492 AB 4.171978030232112 1.0485650091692396
62042.1528 lsst_hardware_r 102.4236470385525 56.13533719944343 31.639999389648438 AB 4.08374487934997 1.0275079896882067
62045.1318 lsst_hardware_z 33.174930909535334 77.13937998415395 31.0 AB 4.559021366208118 1.0398634581075954
62045.1507 lsst_hardware_r 57.92867742386589 109.99268486672563 31.670000076293945 AB 4.490472820310755 1.0236640167881417
62047.1321 lsst_hardware_i -20.988572163977157 105.62637829955871 31.34000015258789 AB 1.8734446258208979 1.0335771003564
62047.1512 lsst_hardware_z 80.70944507284919 86.82930617376427 31.0 AB 1.8585546838186129 1.0211371368446205
62049.1334 lsst_hardware_r -53.275891841192895 95.06227550613752 31.65999984741211 AB 4.484714365282202 1.0277202784949189
62049.1531 lsst_hardware_z 3.246178184298319 67.83057464083099 30.989999771118164 AB 4.458301762339829 1.0196813453804858
62051.1337 lsst_hardware_g 138.70735260063594 58.736599426732106 31.729999542236328 AB 5.0795250724049765 1.023994571596566
62051.1523 lsst_hardware_r 17.327434549885762 59.7252177834691 31.649999618530273 AB 5.056717272944637 1.0197050358831268
62056.1112 lsst_hardware_z 61.96286009281873 41.84584585412756 30.959999084472656 AB 5.396322152336097 1.0301929082699601
62056.1302 lsst_hardware_r 97.30997904330455 23.817305108788442 31.520000457763672 AB 5.960948679068327 1.0202008721217086
62058.0967 lsst_hardware_u 2.0937058208337787 3.031101341130608 28.389999389648438 AB 6.444229529606983 1.0393918596140295
62058.1155 lsst_hardware_r 48.1042083412222 23.588216716204936 31.5 AB 6.345755249284763 1.0235089111749618
62060.0959 lsst_hardware_i 85.32191787712169 31.409181868981086 31.25 AB 7.114552242159401 1.0342798098723305
62061.0115 lsst_hardware_r 7.300376238534977 24.668758941763347 31.469999313354492 AB 6.672894250567151 1.2674464371585967
62066.0995 lsst_hardware_g 63.298108992908595 17.154579200698297 31.469999313354492 AB 5.458003439640302 1.0210782189400207
62066.1179 lsst_hardware_r 25.68369640632389 23.721495923618328 31.520000457763672 AB 5.4455575390255895 1.0209782274280441
62069.0797 lsst_hardware_z 113.91861840465961 43.99138119751436 30.959999084472656 AB 2.255923713291133 1.0270538189352327
62069.0977 lsst_hardware_r -41.47846387453573 33.83936876508942 31.600000381469727 AB 2.3363276826209165 1.0197480155476302
62074.0667 lsst_hardware_z 59.16864554835158 69.58284371180343 31.0 AB 4.28243651218811 1.0265939139847455
62074.084 lsst_hardware_r -54.19574074079265 92.46252670229445 31.670000076293945 AB 5.089072832494202 1.019752095480253
62076.0473 lsst_hardware_z -76.17780709277297 70.02811973063459 30.989999771118164 AB 6.882906318860721 1.0396877700250329
62076.0647 lsst_hardware_i -54.23084126204021 80.22892798078723 31.34000015258789 AB 6.76363452009726 1.0244050768795547
62078.0539 lsst_hardware_z 0.4210146920488581 61.67572485140141 30.989999771118164 AB 4.197140725669303 1.0279551128261044
62078.073 lsst_hardware_r -42.1010848771893 85.21208567180321 31.65999984741211 AB 4.096629091644292 1.019759559809316
62080.054 lsst_hardware_u 0.6504915818677771 2.774501345795007 28.479999542236328 AB 3.377130964024243 1.0242783158922513
62080.0739 lsst_hardware_g -36.896781984787935 33.824502203101616 31.68000030517578 AB 3.467924167747389 1.0197777399763461
62082.056 lsst_hardware_r 25.550005527918938 23.785004486182757 31.510000228881836 AB 7.8148675132638195 1.0210174435933916
62082.0724 lsst_hardware_i 23.074856292729706 31.299631486230027 31.260000228881836 AB 7.832174122946897 1.0204787130875437
62084.044 lsst_hardware_z -4.544980260772335 41.119998931884766 30.959999084472656 AB 8.80802053408424 1.0237717828888522
62084.0616 lsst_hardware_r 4.2808592107061765 23.329999923706055 31.520000457763672 AB 8.715014187678994 1.019657679616048
62087.0462 lsst_hardware_u 3.248440872238627 2.700000047683716 28.420000076293945 AB 4.42788786358595 1.020074379677694
62087.0629 lsst_hardware_r 11.32244817769952 23.270000457763672 31.5 AB 4.445269362128963 1.0217835564025468
62089.025 lsst_hardware_y -21.955892118651935 49.0099983215332 30.049999237060547 AB 5.751846288357309 1.0271154086352339
62089.0433 lsst_hardware_i 8.139761231463583 30.760000228881836 31.25 AB 5.482552343298645 1.0197251638236793
62092.0137 lsst_hardware_y -102.48393760045094 71.9800033569336 30.06999969482422 AB 7.803651944981817 1.0295168519858595
62092.0338 lsst_hardware_r -29.63405177874522 23.790000915527344 31.510000228881836 AB 7.740854305724347 1.0198754025987282
62094.0151 lsst_hardware_y 50.24713294863893 75.30999755859375 30.079999923706055 AB 7.665513532928926 1.0246642872515608
62094.036 lsst_hardware_g 9.948862753027157 15.270000457763672 31.469999313354492 AB 7.635858285491736 1.0198141282793638
62097.0176 lsst_hardware_z -35.409481302793516 64.37000274658203 30.989999771118164 AB 7.763040840124611 1.0203339548904198
62097.0378 lsst_hardware_i 17.85953803496128 32.959999084472656 31.270000457763672 AB 7.740670315385856 1.0227144925365292
62307.4205 lsst_hardware_g 15.392727667788723 15.470000267028809 31.479999542236328 AB 3.7305826009131695 1.0325919456326824
62307.4407 lsst_hardware_y 26.564722894684277 58.779998779296875 30.06999969482422 AB 3.7032051163861657 1.0205415532940012
62309.4228 lsst_hardware_i -9.32000589175166 31.1200008392334 31.260000228881836 AB 1.6973122805495278 1.0262897997882132
62309.4414 lsst_hardware_y -21.740172816584856 59.66999816894531 30.06999969482422 AB 1.6878491048966215 1.0196430355799164
62311.4213 lsst_hardware_i -2.638862858762537 30.940000534057617 31.260000228881836 AB 4.034105872108561 1.0238847391139017
62311.4403 lsst_hardware_y 26.621155029746337 58.59000015258789 30.06999969482422 AB 4.081503155058105 1.0197809165632503
62318.3789 lsst_hardware_i -43.40108482696498 60.77000045776367 31.329999923706055 AB 10.146403941493217 1.046021024896208
62318.4 lsst_hardware_y 1.3008005748576081 52.59000015258789 30.059999465942383 AB 9.943945379126122 1.0251490081573322
62320.4165 lsst_hardware_z -55.222927879547605 66.87999725341797 31.709999084472656 AB 6.592632387466899 1.0198735161738144
62324.4049 lsst_hardware_g 5.448600622547576 22.31999969482422 32.2400016784668 AB 1.499690373318752 1.0197928531665132
62324.4245 lsst_hardware_r 14.972463875029595 34.45000076293945 32.27000045776367 AB 1.7620727742067273 1.0284471444786345
62326.3805 lsst_hardware_i 71.61119257239174 30.770000457763672 31.260000228881836 AB 2.105628059534292 1.0238061877802507
62326.3995 lsst_hardware_z -21.16271725245486 40.95000076293945 30.950000762939453 AB 2.224523279913649 1.0197997921364528
62333.3615 lsst_hardware_i 24.099535395858258 30.8799991607666 31.260000228881836 AB 1.4985116940955332 1.023748381959996
62333.3826 lsst_hardware_r 16.59027786167735 23.540000915527344 31.520000457763672 AB 3.4126641473325905 1.0201267877638274
62335.3597 lsst_hardware_u -3.4802897642708377 2.7100000381469727 28.440000534057617 AB 1.6274250327471445 1.02203791045456
62335.3842 lsst_hardware_g -25.898978829462777 14.4399995803833 31.450000762939453 AB 1.9162564659001502 1.0222760554281942
62344.3411 lsst_hardware_z -29.58016776500122 105.16000366210938 31.75 AB 2.5534601093408074 1.0202277855793331
62344.3625 lsst_hardware_r -46.69589623442813 149.80999755859375 32.40999984741211 AB 2.559091848807515 1.023636739523006
62346.3257 lsst_hardware_i -35.16346588790466 74.83000183105469 31.34000015258789 AB 3.788485782367228 1.023915076315467
62346.3456 lsst_hardware_z -108.23133114536026 66.26000213623047 30.989999771118164 AB 4.308431877177453 1.0198880028037292
62350.2991 lsst_hardware_g -47.93055074472196 29.719999313354492 31.649999618530273 AB 1.4351261856774093 1.0366912008264455
62350.3233 lsst_hardware_r -21.535917120799603 34.650001525878906 31.59000015258789 AB 1.420094127247719 1.0205491392365929
62353.2882 lsst_hardware_i 4.144467019101116 30.8700008392334 31.260000228881836 AB 0.36046094600132156 1.0397911903884276
62353.3116 lsst_hardware_r 17.026445101941494 23.079999923706055 31.5 AB 1.572468579633844 1.0216363267788917
62355.2773 lsst_hardware_z 72.48405651255497 58.47999954223633 31.700000762939453 AB 4.442258727819046 1.0468383946786959
62355.297 lsst_hardware_u -3.5751953012086304 3.9200000762939453 29.239999771118164 AB 4.304215153704246 1.0264424054938583
62357.2967 lsst_hardware_g 4.282051532255735 14.470000267028809 31.450000762939453 AB 4.629925743435262 1.0233764767218547
62357.3179 lsst_hardware_r -25.035044364274146 23.149999618530273 31.510000228881836 AB 4.575162777074105 1.02029275831424
62363.2764 lsst_hardware_i 26.0642592582328 30.959999084472656 31.270000457763672 AB 4.820418870483998 1.025621036273191
62363.2985 lsst_hardware_u -4.481466842675443 2.8399999141693115 28.540000915527344 AB 4.818578590861005 1.0198049927748605
62368.2584 lsst_hardware_i -47.72884593272306 47.709999084472656 31.309999465942383 AB 1.652406876895337 1.028735798845346
62368.2796 lsst_hardware_r -10.594481019197058 53.790000915527344 31.639999389648438 AB 1.5970880281979343 1.0196890842444912
62370.2822 lsst_hardware_z 33.898707341718 129.0500030517578 32.5 AB 1.830668317011625 1.0202498515762353
62373.2361 lsst_hardware_i -102.85140211698406 149.8000030517578 32.09000015258789 AB 3.522671561282723 1.0369185550909479
62373.2617 lsst_hardware_z 28.858990919538968 122.41999816894531 31.75 AB 3.261481142381315 1.0202756441234564
62379.2005 lsst_hardware_g -18.219642888679047 20.93000030517578 31.559999465942383 AB 4.153852609070725 1.0650904125822371
62379.2174 lsst_hardware_r 39.55718433494809 30.56999969482422 31.56999969482422 AB 4.325138065674091 1.039571701880565
62384.2077 lsst_hardware_z -15.775992405743875 41.560001373291016 30.950000762939453 AB 2.260979399530411 1.0351679814713821
62384.2269 lsst_hardware_u -2.691200493959008 2.809999942779541 28.489999771118164 AB 1.7599808013793297 1.0216606819152456
62388.1868 lsst_hardware_i 61.82793357720119 31.1200008392334 31.25 AB 3.4059001841851995 1.047405299972384
62388.2055 lsst_hardware_z 19.71792856506706 41.25 30.950000762939453 AB 3.368705754534508 1.0274359907081019
62391.1953 lsst_hardware_i 1.4881800641740217 31.020000457763672 31.260000228881836 AB 2.7515731089013196 1.0289780705791567
62391.2152 lsst_hardware_u -1.770908717866476 2.75 28.450000762939453 AB 3.0783823307252263 1.0198384398625195
62402.1833 lsst_hardware_i 89.1083912581211 98.08000183105469 31.350000381469727 AB 1.9633087758324386 1.0201214682827133
62402.2044 lsst_hardware_z -125.33455366907666 83.41999816894531 31.0 AB 1.9707579621765698 1.0237703699618546
62405.1478 lsst_hardware_z 58.5670729838326 53.650001525878906 30.969999313354492 AB 3.0180373289869475 1.0379584990209278
62405.1669 lsst_hardware_i -53.64124988931902 54.939998626708984 31.329999923706055 AB 3.4723029986752088 1.0227696608763501
62410.1307 lsst_hardware_r 16.323409890449945 23.549999237060547 31.510000228881836 AB 6.2143562041206675 1.0420943886172165
62410.1497 lsst_hardware_i -27.166953840367526 30.899999618530273 31.260000228881836 AB 6.217770818524262 1.0246257871778515
62412.1319 lsst_hardware_z 2.7513499944202846 41.189998626708984 30.950000762939453 AB 3.291769386819806 1.034496978887431
62412.1499 lsst_hardware_u -1.0784487193907808 2.740000009536743 28.459999084472656 AB 3.2349806611779117 1.0218686444533613
62415.133 lsst_hardware_g 14.227085340117593 14.630000114440918 31.440000534057617 AB 4.433999098991889 1.0265669037429852
62415.1519 lsst_hardware_r -21.69743761511084 23.350000381469727 31.510000228881836 AB 4.401837589232257 1.019651978047778
62417.1118 lsst_hardware_r 33.45811255976695 23.420000076293945 31.510000228881836 AB 9.589917612416953 1.0418255764492113
62417.1299 lsst_hardware_i -3.5412946540162644 30.760000228881836 31.25 AB 5.104501835407927 1.0250346735984324
62419.1092 lsst_hardware_z 19.010189931202977 41.310001373291016 30.940000534057617 AB 3.2712592397169016 1.0383851147128715
62419.1279 lsst_hardware_i 9.217627348777668 30.700000762939453 31.25 AB 3.2203227691366028 1.023136701870247
62421.1127 lsst_hardware_u -0.9356382768084032 2.9100000858306885 28.510000228881836 AB 5.9628224799022504 1.02953726937493
62421.1303 lsst_hardware_g 13.944332905839413 15.300000190734863 31.459999084472656 AB 6.1763303540353 1.0203469843391006
62424.1091 lsst_hardware_r -24.992202691953842 38.150001525878906 31.600000381469727 AB 6.361876013848768 1.0261090344917367
62424.1279 lsst_hardware_i 47.68101933368755 38.349998474121094 31.290000915527344 AB 6.300467913977092 1.0196306806166568
62426.1077 lsst_hardware_z 51.4097885496781 79.12999725341797 31.729999542236328 AB 7.055341295317155 1.0236877521770855
62428.0998 lsst_hardware_z 2.253397533468376 71.06999969482422 31.0 AB 4.3270050642819635 1.025073257223217
62428.1172 lsst_hardware_r 82.46231156192385 95.56999969482422 31.670000076293945 AB 4.285994595844363 1.0196252160923904
62430.096 lsst_hardware_i 222.78829648043705 86.66000366210938 31.34000015258789 AB 2.7215643333261297 1.024106992784997
62430.1131 lsst_hardware_z 55.1421398525539 75.41000366210938 31.0 AB 2.777219849586575 1.019630968182313
62431.0352 lsst_hardware_z -167.639850480886 75.43000030517578 30.979999542236328 AB 4.684619777565223 1.1201418190488475
62431.0465 lsst_hardware_i -136.51245277743644 85.68000030517578 31.329999923706055 AB 4.292169323781923 1.0903516636051565
62436.0803 lsst_hardware_r 10.504140861047201 23.260000228881836 31.5 AB 2.996050763947914 1.0237367000020985
62436.0979 lsst_hardware_i 10.355251698099428 30.649999618530273 31.25 AB 4.317691580143452 1.0196862741423567
62450.0435 lsst_hardware_r -25.317933078990674 24.020000457763672 31.520000457763672 AB 8.770302357203322 1.023014389035731
62450.0614 lsst_hardware_i -4.8161793781747795 30.940000534057617 31.25 AB 8.835990884139877 1.0198512100807067
62452.0451 lsst_hardware_z -33.25831042466327 42.65999984741211 30.959999084472656 AB 4.595523228914988 1.0204714794038898
62452.0629 lsst_hardware_i 59.27817735455247 34.18000030517578 31.280000686645508 AB 4.6148261407027915 1.021544248080425
62457.0298 lsst_hardware_y -5.884083863840575 54.279998779296875 30.06999969482422 AB 3.573193336962526 1.0209123819892931
62457.0497 lsst_hardware_r -91.33675182160864 80.58000183105469 31.65999984741211 AB 3.9555524659162518 1.02171056849211
62459.0241 lsst_hardware_z -187.13329914966977 104.76000213623047 31.75 AB 5.857724251749686 1.0209837761590204
62462.0176 lsst_hardware_y -94.33108549799019 72.30999755859375 30.079999923706055 AB 4.80663736982219 1.0205174882849661
62462.0385 lsst_hardware_g -98.98798742328624 60.43000030517578 31.729999542236328 AB 4.777201988833483 1.022736456611886
62464.0188 lsst_hardware_y -79.12377746438013 71.8499984741211 30.06999969482422 AB 7.916353096698265 1.0196230160611395
62464.0384 lsst_hardware_i 13.449886228451236 31.450000762939453 31.260000228881836 AB 7.911892677692599 1.0256980265795685
