data/validation/pwv_sim_epoch_fit_seasonal/44586861.ecsv
# %ECSV 0.9
# ---
# datatype:
# - {name: time, datatype: float64}
# - {name: band, datatype: string}
# - {name: flux, datatype: float64}
# - {name: fluxerr, datatype: float64}
# - {name: zp, datatype: float64}
# - {name: zpsys, datatype: string}
# - {name: pwv, datatype: float64}
# - {name: airmass, datatype: float64}
# meta: {SNID: '44586861', alt: 1024.0, c: -0.0853729322552681, dec: -30.51823, lat: -30.244573, lon: -70.7499537, ra: 72.070312, t0: 63177.07421875,
#   x0: 1.87302585287117e-05, x1: -0.25853395462036133, z: 0.35270291566848755}
# schema: astropy-2.0
time band flux fluxerr zp zpsys pwv airmass
63101.3527 lsst_hardware_i -10.97051969019327 32.310001373291016 31.209999084472656 AB 2.561051154386821 1.274630411539972
63101.3705 lsst_hardware_z -66.61672386730211 43.310001373291016 30.93000030517578 AB 2.3890313622883337 1.1906955329758693
63107.3254 lsst_hardware_z -39.95607974120157 51.65999984741211 30.93000030517578 AB 9.345280430154002 1.3381943767672175
63107.3427 lsst_hardware_i 8.257130903765974 42.91999816894531 31.260000228881836 AB 8.71516785790292 1.2419781760781303
63111.3617 lsst_hardware_y 53.22572500853211 74.06999969482422 30.780000686645508 AB 2.3860798349948267 1.1241836678420856
63112.3288 lsst_hardware_i -67.67126885761516 59.61000061035156 31.280000686645508 AB 1.9530671301236773 1.2431999555211184
63112.3468 lsst_hardware_z 49.7424374423496 56.349998474121094 30.959999084472656 AB 1.1833885901248342 1.1658043741481003
63114.337 lsst_hardware_r -49.848230856872625 57.58000183105469 31.600000381469727 AB 1.499553196555051 1.1826129310371065
63114.3546 lsst_hardware_z 21.270664504610313 51.060001373291016 30.959999084472656 AB 1.389543111589012 1.1208252563731915
63117.3199 lsst_hardware_r 37.6451367317307 38.0099983215332 31.549999237060547 AB 3.418038289427877 1.2207279605099561
63117.3371 lsst_hardware_i 38.72943331577558 38.790000915527344 31.260000228881836 AB 3.394810322738714 1.1514336877576192
63119.2964 lsst_hardware_z -0.007616770666761681 45.290000915527344 30.920000076293945 AB 3.955912889182645 1.3151306147548687
63119.3135 lsst_hardware_i -36.46279998771559 33.0099983215332 31.229999542236328 AB 3.4670960216517708 1.2250501224845782
63122.3266 lsst_hardware_u 1.7629388716061944 2.619999885559082 28.389999389648438 AB 3.104084191727185 1.1405784279725095
63122.3426 lsst_hardware_g 3.0733381185821957 13.100000381469727 31.389999389648438 AB 3.0495610638519426 1.0930326393734562
63124.3354 lsst_hardware_u -2.753807998735916 2.6500000953674316 28.40999984741211 AB 1.4645998529868078 1.0976266697378025
63124.3538 lsst_hardware_g -31.732156866991616 13.09000015258789 31.389999389648438 AB 1.3924726295085956 1.0554365559692882
63126.3454 lsst_hardware_u 4.9576133735132375 2.6500000953674316 28.450000762939453 AB 1.2767058479099385 1.0612683690024425
63126.3626 lsst_hardware_g 0.40703237187327995 13.010000228881836 31.40999984741211 AB 1.2297153840699246 1.031640422876916
63129.3007 lsst_hardware_r -51.39715145131573 22.209999084472656 31.469999313354492 AB 7.64781910087026 1.164642502670598
63129.3174 lsst_hardware_g -9.223178424636675 13.029999732971191 31.3799991607666 AB 7.32313103390094 1.1097054224878302
63133.2942 lsst_hardware_i 74.5370118375531 30.600000381469727 31.239999771118164 AB 4.964081339419566 1.1486940505427279
63133.3093 lsst_hardware_z -56.16603685009607 41.38999938964844 30.940000534057617 AB 4.841663095187553 1.1017760632291014
63137.2765 lsst_hardware_z -20.657201813131383 51.529998779296875 30.959999084472656 AB 4.0118622985164984 1.173602486097067
63137.296 lsst_hardware_r 67.41877341157037 56.540000915527344 31.6200008392334 AB 4.18658797506842 1.1084426727743315
63143.2657 lsst_hardware_z 95.02441722769336 56.02000045776367 30.959999084472656 AB 3.1624470638320195 1.1529154443426974
63143.286 lsst_hardware_r 70.22046516756897 66.69000244140625 31.639999389648438 AB 2.9869995617532323 1.091141392421272
63145.2748 lsst_hardware_z -71.22712471466062 49.56999969482422 30.959999084472656 AB 6.522616787073124 1.1066223871748548
63145.2959 lsst_hardware_r 51.32109219129539 49.27000045776367 31.6200008392334 AB 6.044722880325851 1.056538847336832
63147.2973 lsst_hardware_z 0.734909442554284 43.119998931884766 30.959999084472656 AB 3.802395109244213 1.0440403924338861
63147.3159 lsst_hardware_i 66.55546696756029 34.9900016784668 31.280000686645508 AB 3.7387306176923114 1.0184501818829506
63149.2949 lsst_hardware_r 12.705334461900184 23.09000015258789 31.5 AB 2.897727279793358 1.0390153690955743
63149.3155 lsst_hardware_z 1.0532201835678765 40.75 30.950000762939453 AB 2.831525936316153 1.013461127920634
63153.214 lsst_hardware_g -33.58900573548753 13.50537696066715 31.309999465942383 AB 7.922538387475688 1.2575457757897919
63153.2336 lsst_hardware_r 68.1820223548636 22.701863054357727 31.459999084472656 AB 7.374775177199434 1.1705992344761007
63155.2137 lsst_hardware_i 190.57295429511004 33.337062212218626 31.219999313354492 AB 8.822536980593423 1.2321548801499675
63155.233 lsst_hardware_z 74.98998905888729 43.45302884242012 30.940000534057617 AB 8.206344077420384 1.1526978371908196
63157.2011 lsst_hardware_r 358.1053346978125 29.810199605827613 31.450000762939453 AB 7.358582387849286 1.2678103180788434
63157.2197 lsst_hardware_u 7.2299210542843255 3.2737512924228853 28.329999923706055 AB 6.012674967515211 1.1822398756378043
63159.1808 lsst_hardware_u 11.69442013356978 3.997411558662012 28.209999084472656 AB 3.0796976673996492 1.3551527999994137
63159.1995 lsst_hardware_g 439.8902475091377 24.902533637152313 31.34000015258789 AB 2.672525606380887 1.2480661300031055
63161.2132 lsst_hardware_z 816.0185002600906 51.49630248846304 30.940000534057617 AB 2.87404376615392 1.1651528781707527
63161.2331 lsst_hardware_r 1507.500258232661 44.47001865366577 31.479999542236328 AB 2.7770913719204198 1.1011100764266273
63163.2115 lsst_hardware_y 364.5547922642979 52.67247883879619 30.010000228881836 AB 1.8613831438120014 1.151489727073397
63163.2305 lsst_hardware_g 1644.8846835954275 46.28669253163864 31.559999465942383 AB 1.5609224043016408 1.0934657823479095
63165.1607 lsst_hardware_i 2120.9332670499975 65.51694791278464 31.25 AB 3.4340680932386483 1.3802524490509036
63165.1803 lsst_hardware_z 1565.6746807979252 63.28131455882346 30.940000534057617 AB 1.5068522714097519 1.2623727490172643
63166.1914 lsst_hardware_i 2616.175929088283 70.7540834222748 31.290000915527344 AB 2.8282300525827777 1.197556832427691
63166.2091 lsst_hardware_z 1621.39133513734 65.54775844099252 30.959999084472656 AB 3.46540241116047 1.131929580650506
63168.1914 lsst_hardware_r 4832.885972455102 110.60996157232032 31.6200008392334 AB 2.545938569831712 1.1754102353790317
63168.2105 lsst_hardware_z 2062.3855332779963 76.01283760209614 30.969999313354492 AB 3.6533061579691526 1.1109339084595264
63170.1902 lsst_hardware_z 2396.668613449165 83.15005858518408 30.979999542236328 AB 3.890190389180588 1.1593474561706416
63170.2077 lsst_hardware_i 3895.4983004047026 96.64117778915586 31.329999923706055 AB 3.6936062619187746 1.1033924606178014
63181.2003 lsst_hardware_u 19.622503666221288 5.579672736896233 28.399999618530273 AB 0.8188080514317639 1.0514389103453452
63181.2187 lsst_hardware_g 2901.6213577044573 56.396172656179054 31.399999618530273 AB 2.395670358980747 1.0234262836515309
63186.2006 lsst_hardware_z 2317.175598693852 62.39663261550145 30.950000762939453 AB 5.711166735775935 1.0291317660646788
63186.2185 lsst_hardware_r 4442.445148275615 70.77477983138779 31.5 AB 7.630109126135775 1.0100753410291925
63189.1097 lsst_hardware_u 10.6085492402627 4.114202993441623 28.280000686645508 AB 5.788697801705192 1.2896731205758698
63189.1268 lsst_hardware_g 1670.7681431695094 43.4001889517971 31.3799991607666 AB 5.794882994381461 1.2052794164585756
63193.1021 lsst_hardware_r 3152.0065561267843 69.75278541547476 31.549999237060547 AB 8.727118991685174 1.2715723588219545
63193.119 lsst_hardware_y 552.4750189770132 52.82944809583974 30.0 AB 8.163449051854016 1.1920489251784976
63195.1157 lsst_hardware_z 1644.5538640458544 65.45404501765758 30.950000762939453 AB 6.085422829587451 1.1832437934255202
63195.1336 lsst_hardware_r 2850.3402299641116 79.20480892787106 31.6200008392334 AB 8.62505452508642 1.1203915857612188
63197.1131 lsst_hardware_i 2706.416437216585 86.03603535099397 31.309999465942383 AB 4.482665124331084 1.1720151968968127
63197.1309 lsst_hardware_z 1574.4056817240173 73.2149704697119 30.969999313354492 AB 4.003779629869347 1.1121610082970408
63204.1417 lsst_hardware_r 1511.8104524510977 52.10121099859057 31.59000015258789 AB 3.3663842084151034 1.044001925388431
63204.1629 lsst_hardware_z 1456.5219649341648 58.65278833080519 30.959999084472656 AB 3.2672026175610234 1.0157632885312975
63208.0437 lsst_hardware_z 1329.9347671966234 58.269642542167 30.920000076293945 AB 4.163374237097495 1.3774604589239023
63208.065 lsst_hardware_u 2.4654788788150346 3.0349940650402703 28.25 AB 3.6372750000346126 1.2516431521107485
63211.0476 lsst_hardware_y 297.7175357647271 53.12419938280404 29.969999313354492 AB 13.076111143580905 1.3011919009798156
63211.0723 lsst_hardware_r 883.0556134115354 37.094911722572704 31.459999084472656 AB 11.893486325497804 1.1820984288528165
63213.0444 lsst_hardware_y 308.8523538187954 54.048476645697775 29.969999313354492 AB 14.52278235194379 1.2883944598956523
63213.0649 lsst_hardware_z 1095.572630894051 54.376234494228335 30.940000534057617 AB 13.480985769056575 1.1899537266356341
63216.0461 lsst_hardware_y 360.51950636138054 53.59976395357101 29.989999771118164 AB 12.365985715327827 1.2371736533518682
63216.067 lsst_hardware_u 2.1600044641556364 3.6808542056001836 28.420000076293945 AB 11.514090623896573 1.1507616009174928
63218.046 lsst_hardware_y 325.5961068551088 54.24683716347097 29.989999771118164 AB 4.891366972405914 1.2123849231393078
63218.0665 lsst_hardware_r 612.0685092346073 33.75400707350896 31.469999313354492 AB 4.596755021609372 1.1339512850099338
63222.0566 lsst_hardware_z 1708.8521896495783 77.26178182310484 31.709999084472656 AB 6.184634146250505 1.1306460962067593
63224.0484 lsst_hardware_y 317.7461113295838 54.44894755800472 30.020000457763672 AB 7.344312211000689 1.13962482907913
63224.0706 lsst_hardware_i 951.3218723525899 57.816774508518264 31.299999237060547 AB 6.945784925826864 1.0770606971535208
63226.0469 lsst_hardware_y 249.26569576391591 58.26442557992247 30.030000686645508 AB 10.875508595236688 1.1267621835098103
63226.0677 lsst_hardware_r 373.71044679226776 82.3285626557236 31.649999618530273 AB 10.308209887970843 1.071233263669101
63229.0418 lsst_hardware_y 249.85925933361165 62.87899900560882 30.040000915527344 AB 9.174412172690719 1.1172638583316956
63229.0646 lsst_hardware_g 287.4802318366195 96.32754555995946 31.729999542236328 AB 8.723576562427695 1.06042382087494
