data/validation/pwv_sim_epoch_fit_seasonal/44615113.ecsv
# %ECSV 0.9
# ---
# datatype:
# - {name: time, datatype: float64}
# - {name: band, datatype: string}
# - {name: flux, datatype: float64}
# - {name: fluxerr, datatype: float64}
# - {name: zp, datatype: float64}
# - {name: zpsys, datatype: string}
# - {name: pwv, datatype: float64}
# - {name: airmass, datatype: float64}
# meta: {SNID: '44615113', alt: 1024.0, c: -0.03271012380719185, dec: -13.708317, lat: -30.244573, lon: -70.7499537, ra: 73.828125, t0: 62832.6328125,
#   x0: 3.038773383497605e-06, x1: -0.5047832131385803, z: 0.7518859505653381}
# schema: astropy-2.0
time band flux fluxerr zp zpsys pwv airmass
62763.3855 lsst_hardware_r -23.775217943861055 41.0 31.610000610351562 AB 7.279329646339915 1.052002261195381
62766.3756 lsst_hardware_r 30.2125377288448 24.540000915527344 31.510000228881836 AB 1.4747887930756127 1.0534205664825806
62766.3951 lsst_hardware_y -30.81884084481174 54.75 30.049999237060547 AB 1.46116860343054 1.043691859593243
62769.3612 lsst_hardware_u -1.707274014159644 2.5999999046325684 28.3799991607666 AB 6.266481237301759 1.059511579559009
62769.3811 lsst_hardware_y -1.6096671152133324 47.41999816894531 30.040000915527344 AB 6.785748200274914 1.0451269801355225
62770.3671 lsst_hardware_r 6.624030521839607 31.290000915527344 32.22999954223633 AB 4.402139217027687 1.0514454450415187
62770.3789 lsst_hardware_y 13.983800606649089 47.060001373291016 30.040000915527344 AB 3.4016442469432313 1.044944986773402
62777.3498 lsst_hardware_i -34.89283921427656 30.209999084472656 31.25 AB 3.0453229035733806 1.0501113460597864
62777.3678 lsst_hardware_y -89.45026465249646 47.029998779296875 30.049999237060547 AB 3.0259775824623376 1.0434405456766682
62779.3411 lsst_hardware_g -18.556994537425435 13.489999771118164 31.40999984741211 AB 7.999638726047976 1.0525840429010496
62779.3594 lsst_hardware_y -64.89281320640978 46.970001220703125 30.040000915527344 AB 7.932281647502505 1.0437212694082243
62786.354 lsst_hardware_r 149.40937651364578 88.01000213623047 31.65999984741211 AB 5.785454503087963 1.0450918867538093
62786.3731 lsst_hardware_y 34.77642430031658 56.2599983215332 30.049999237060547 AB 5.872251988594562 1.0585402412969411
62788.3281 lsst_hardware_i -32.95750789461266 66.20999908447266 31.329999923706055 AB 5.278091608341493 1.0455462263544175
62788.3466 lsst_hardware_z 19.133985490702987 60.61000061035156 30.979999542236328 AB 5.640204288145392 1.0444822755824799
62790.3277 lsst_hardware_i 4.74843208277634 55.88999938964844 31.31999969482422 AB 7.32744530604115 1.0440187085618222
62790.3455 lsst_hardware_z -40.44911100379003 54.9900016784668 30.979999542236328 AB 7.642835320906683 1.0460442744491885
62792.3232 lsst_hardware_z 8.50433630913238 47.310001373291016 30.969999313354492 AB 6.413315704865306 1.0438339363387543
62792.3412 lsst_hardware_r 67.57170844943022 45.34000015258789 31.6200008392334 AB 6.799698607482058 1.0465770960018559
62795.3122 lsst_hardware_i -22.486138464881435 31.3799991607666 31.260000228881836 AB 2.4055834070978497 1.0444677938046496
62795.3303 lsst_hardware_r -23.434486544089037 25.09000015258789 31.530000686645508 AB 2.4322305039951986 1.0454087197944442
62797.2565 lsst_hardware_u -2.508374598994832 2.5899999141693115 28.350000381469727 AB 4.0009171283367655 1.1071372198787313
62797.2728 lsst_hardware_g 2.481103996383566 13.420000076293945 31.399999618530273 AB 3.8346907091887923 1.0755238637436528
62800.3134 lsst_hardware_z -26.460087954168394 41.044855331135714 30.950000762939453 AB 1.4478330674568365 1.0443614336067586
62800.3313 lsst_hardware_r -20.689842301702022 22.510273062445904 31.5 AB 1.409440616335317 1.0549705212087428
62802.316 lsst_hardware_u -1.8954735994054592 2.9093921633289943 28.559999465942383 AB 2.991961834474772 1.047666822693238
62802.3333 lsst_hardware_g -10.956842539970049 13.65567137723899 31.420000076293945 AB 3.0024484764483614 1.062970400276747
62808.3042 lsst_hardware_i 57.60946166697757 31.909591529360647 31.25 AB 5.042944358858249 1.0506134080954685
62808.3227 lsst_hardware_r 94.2623513362595 23.53325169219636 31.5 AB 5.139278052818876 1.0706829276705994
62816.158 lsst_hardware_z 710.1049893704431 115.20126050756144 31.719999313354492 AB 3.700404879363061 1.2771760973411392
62816.1842 lsst_hardware_r 1107.8903334371896 160.987697315653 32.380001068115234 AB 0.9023235854182295 1.1650401361108689
62818.2633 lsst_hardware_i 536.5734524814798 74.32105138045773 31.329999923706055 AB 4.609102670584969 1.0441220276187348
62818.2823 lsst_hardware_z 402.2923324993072 67.17654263368559 30.979999542236328 AB 4.730361178722125 1.0550991476703626
62820.2293 lsst_hardware_i 777.257756910443 58.12038764504702 31.309999465942383 AB 7.812431837295343 1.0524628637067686
62820.247 lsst_hardware_z 516.5628588368714 55.64195717738236 30.969999313354492 AB 7.640509162858705 1.043785404761941
62821.2643 lsst_hardware_z 1017.320938045511 73.50128416766991 31.709999084472656 AB 6.175559772369944 1.0477594651176407
62828.2338 lsst_hardware_i 1117.1603234361999 44.56417473385794 31.25 AB 6.450104690594725 1.0437062606139982
62828.2529 lsst_hardware_z 541.0356736301283 48.06572485515816 30.950000762939453 AB 6.414121819280871 1.0532219736093384
62830.2251 lsst_hardware_r 798.5362319947869 36.07564441005676 31.489999771118164 AB 6.487965327004247 1.0434167460605266
62830.2441 lsst_hardware_g 135.6101081850243 18.1009467700584 31.420000076293945 AB 6.52148362333562 1.0505813327967168
62834.1884 lsst_hardware_z 704.6036675541227 48.607218837338515 30.950000762939453 AB 4.626645217248414 1.0547865074660112
62834.2075 lsst_hardware_i 1033.7894236990794 44.79504946301796 31.25 AB 4.494863733135239 1.0440222359403621
62837.214 lsst_hardware_z 634.4507264643173 48.11877062652541 30.950000762939453 AB 6.582391184926586 1.0448239976073947
62837.2334 lsst_hardware_g 103.83664338784958 16.862414658304125 31.420000076293945 AB 6.665658949452333 1.058041103087672
62839.2155 lsst_hardware_r 657.5581671847879 45.28298028900268 31.600000381469727 AB 4.591859484528267 1.0479510434252506
62839.2337 lsst_hardware_i 1033.1895211846488 48.788981142255174 31.280000686645508 AB 4.621719887604021 1.064728419651832
62841.2277 lsst_hardware_z 1263.5114643415002 85.02477368408205 31.719999313354492 AB 5.668970264628467 1.0640458476146213
62845.2027 lsst_hardware_r 237.07915208274062 117.65907681377628 31.65999984741211 AB 10.224507769462505 1.050256312828382
62845.2151 lsst_hardware_i 884.2884416993587 95.5577057999381 31.34000015258789 AB 9.957278660498012 1.0619964441657435
62850.1836 lsst_hardware_z 467.4690784090657 52.04871084976443 30.959999084472656 AB 8.33839302354773 1.0469341123446847
62850.2012 lsst_hardware_i 672.109267906367 50.448782885795495 31.290000915527344 AB 8.465422503322964 1.0617017488023064
62852.1557 lsst_hardware_u 3.443309135511699 2.7971215949330293 28.520000457763672 AB 9.805975365074255 1.0447077699926406
62852.1752 lsst_hardware_g 59.82117744892739 20.640925323160857 31.559999465942383 AB 8.94900811797867 1.0455975601553043
62854.155 lsst_hardware_r 250.0539273506205 27.450736357235034 31.510000228881836 AB 3.3448972633101755 1.0436496921404603
62854.1754 lsst_hardware_i 463.1384606693668 37.408549729510234 31.260000228881836 AB 5.418409869773744 1.04845392217001
62856.1281 lsst_hardware_i 430.16208328949335 36.61085664268746 31.260000228881836 AB 4.401698627238628 1.0549939786059388
62856.148 lsst_hardware_z 348.1853480648782 45.11954272379254 30.950000762939453 AB 4.29799969716803 1.0439005882974572
62859.1327 lsst_hardware_r 160.5727473011734 25.716046104897348 31.5 AB 6.511175156605415 1.0461819894123985
62859.1524 lsst_hardware_g 32.90027667750787 14.059374905448848 31.43000030517578 AB 6.508754778893092 1.0443667662390135
62862.1331 lsst_hardware_r 140.24583054047838 25.07693313481406 31.5 AB 5.037461317486287 1.043654905989804
62862.1542 lsst_hardware_i 251.3629522077627 34.45674081467553 31.25 AB 5.062280055296419 1.048851145819278
62867.1198 lsst_hardware_z 203.36826455056973 45.880298686142886 30.959999084472656 AB 7.23193747239691 1.0436072690063725
62867.1412 lsst_hardware_g 57.71210980788803 29.173351609902763 31.649999618530273 AB 7.308689497490103 1.0492706544890353
62869.1223 lsst_hardware_r 295.27114143257677 77.54789506522222 32.38999938964844 AB 4.425033344860234 1.0437630250879193
62869.1441 lsst_hardware_i 423.09430050763467 71.39755126187598 32.060001373291016 AB 4.094960030423308 1.0560825352477898
62871.0945 lsst_hardware_i 259.58968547024983 65.19261327740317 31.329999923706055 AB 10.9226125513425 1.049175129803647
62871.1156 lsst_hardware_z 204.82355089478386 60.079597976190456 30.979999542236328 AB 10.85713040724376 1.0435869155660267
62873.0912 lsst_hardware_r 248.44280299601996 101.71456374232982 31.65999984741211 AB 9.200752806310604 1.047852113809136
62873.1127 lsst_hardware_z 186.27742468969558 72.84981337707386 30.989999771118164 AB 9.178680113427925 1.0440105910004176
62875.0904 lsst_hardware_r 141.13890089201362 96.8310265805968 31.65999984741211 AB 6.851208062367445 1.0455868847565732
62875.1113 lsst_hardware_i 153.78891306798232 77.77463775180131 31.34000015258789 AB 6.868872532775851 1.0451723269591982
62880.0751 lsst_hardware_z 150.6379728333074 42.3280250057397 30.950000762939453 AB 6.9327500107459725 1.0462949005049762
62880.0948 lsst_hardware_i 135.73218010349112 31.82065203250537 31.25 AB 7.170814318299883 1.0442933473252256
62884.0482 lsst_hardware_y 172.00650240975952 49.6512925222074 30.049999237060547 AB 4.127832438086349 1.0584185738682947
62884.0675 lsst_hardware_r 48.078278552901004 23.117957237362663 31.510000228881836 AB 4.075366271448259 1.0449657106277588
62886.0574 lsst_hardware_z 114.38854364749494 60.6740502364372 31.700000762939453 AB 8.631515721262142 1.0469317092550228
62888.0488 lsst_hardware_y 84.1695263135453 49.04658121262479 30.040000915527344 AB 11.32608628906638 1.0487116934320722
62888.0699 lsst_hardware_g 31.627285098576184 14.666187317238041 31.389999389648438 AB 11.27171984382897 1.0436777633174972
62890.0466 lsst_hardware_y 79.05475200280179 48.95260407503376 30.040000915527344 AB 13.587837269378129 1.0468690835069248
62890.0658 lsst_hardware_i 73.40380320944186 31.370233716576575 31.25 AB 13.556460937021132 1.0439088217939092
62892.045 lsst_hardware_y 215.06666620438511 49.64862154711913 30.049999237060547 AB 12.440598416895464 1.0451942212021506
62892.0653 lsst_hardware_i 58.436853981690184 31.444888068535573 31.260000228881836 AB 12.492826322441434 1.0453227430327388
62894.0434 lsst_hardware_y -67.75874574246592 50.328788046622 30.049999237060547 AB 12.20268053597548 1.0440647294277854
62894.0613 lsst_hardware_g 70.14431480847026 16.80362391053311 31.479999542236328 AB 12.171606266252628 1.0459102543182255
62896.0312 lsst_hardware_y 164.32351650072354 69.17930024473378 30.06999969482422 AB 11.32236861669857 1.0463893365195645
62896.0504 lsst_hardware_i 55.48579494667635 36.748336346473714 31.280000686645508 AB 11.674789857118817 1.044116608426313
62898.0373 lsst_hardware_z 240.10684131229692 87.5130087225212 31.729999542236328 AB 8.840859877240536 1.0434155408049732
63142.3251 lsst_hardware_z 65.08268912503674 86.37999725341797 31.729999542236328 AB 3.4877392844506163 1.0804644623452964
63144.3616 lsst_hardware_z -76.60476884785838 55.38999938964844 30.979999542236328 AB 7.9309182075474105 1.043541869414133
63144.37 lsst_hardware_y -28.8433974416622 51.59000015258789 30.049999237060547 AB 7.934636533098893 1.0440311227761703
63146.3692 lsst_hardware_i -37.97916886036215 43.400001525878906 31.299999237060547 AB 3.7634723382686284 1.0454089828523967
63146.3883 lsst_hardware_y -1.8199346726268453 77.79000091552734 30.06999969482422 AB 4.128144420921164 1.0594720159773718
63148.3551 lsst_hardware_i 19.27841088621023 33.43000030517578 31.270000457763672 AB 2.987830227174528 1.04347970681299
63148.3737 lsst_hardware_y -25.3556430127868 49.33000183105469 30.049999237060547 AB 3.0078765032580854 1.0510313330352636
63150.3317 lsst_hardware_u -8.903328266703683 2.7699999809265137 28.450000762939453 AB 4.743388989575564 1.0481469427854284
63150.3503 lsst_hardware_g -1.3622960594728006 15.220000267028809 31.459999084472656 AB 4.509359027172207 1.043531160467968
63152.3304 lsst_hardware_r -0.3236341691906064 22.149999618530273 31.489999771118164 AB 5.527325194385505 1.0460164379847512
63152.3495 lsst_hardware_i 25.89700820221321 30.079999923706055 31.239999771118164 AB 5.696557559840611 1.0443456782889597
63156.3289 lsst_hardware_g -15.011861340900385 13.430000305175781 31.420000076293945 AB 5.663957850854751 1.0435345791662427
63156.3463 lsst_hardware_r 47.09008262014018 22.100000381469727 31.489999771118164 AB 5.121977900446164 1.047439243445001
63158.3098 lsst_hardware_i -10.793383972474698 30.219999313354492 31.25 AB 3.9830850327253904 1.0481802717698396
63158.3278 lsst_hardware_z -81.0076514161406 40.970001220703125 30.950000762939453 AB 3.965216812262668 1.0434781084901759
63160.3129 lsst_hardware_i 35.56691247544952 30.149999618530273 31.25 AB 2.419513747405781 1.0444695650359046
63160.3309 lsst_hardware_u 1.4668756225036035 2.630000114440918 28.40999984741211 AB 2.427278328687416 1.0453770212915945
63162.3142 lsst_hardware_g -3.4925185599488646 13.5 31.40999984741211 AB 3.313412435018087 1.0434301480138835
63162.3328 lsst_hardware_r -6.7107841887461746 22.290000915527344 31.489999771118164 AB 3.333953037680935 1.0491552317460262
63164.3071 lsst_hardware_i -13.897438039229035 30.219999313354492 31.25 AB 3.9522805828769774 1.0435293844644267
63164.3257 lsst_hardware_r -24.732219388547577 22.190000534057617 31.489999771118164 AB 3.9689561504658353 1.0481398284680903
63167.3086 lsst_hardware_z -61.214054124854854 53.75 30.969999313354492 AB 2.9333358138173993 1.0443563200061947
63167.326 lsst_hardware_g 46.67263457523178 52.45000076293945 31.700000762939453 AB 3.0149484291637516 1.0544850233157979
63169.2879 lsst_hardware_z 2.2015894277433787 67.87000274658203 30.989999771118164 AB 3.655019177462284 1.0445896477455374
63169.304 lsst_hardware_r 11.745644240321575 98.0199966430664 31.65999984741211 AB 4.644526971658229 1.0445942022285193
63180.2767 lsst_hardware_z -25.264545953858626 40.869998931884766 30.940000534057617 AB 9.986534331982181 1.0455279356463634
63180.2946 lsst_hardware_i -38.84271463167513 30.56999969482422 31.25 AB 10.981948171140074 1.0585180328493702
63182.2658 lsst_hardware_u 0.48815095877427295 2.5799999237060547 28.360000610351562 AB 4.280119249933145 1.043931524373938
63182.2838 lsst_hardware_g 13.12731495509034 13.59000015258789 31.389999389648438 AB 4.318852207300024 1.0533785871463475
63185.263 lsst_hardware_r 8.446064343117209 22.600000381469727 31.489999771118164 AB 4.754182205635573 1.045507109931403
63185.2809 lsst_hardware_i 23.393679222905117 30.59000015258789 31.25 AB 4.92547530230979 1.0584642758495995
63188.2565 lsst_hardware_i -3.4970754394818786 30.459999084472656 31.25 AB 4.184878442046112 1.046219610511528
63188.2767 lsst_hardware_z -73.37901678553256 41.4900016784668 30.940000534057617 AB 4.252075158137208 1.063018789534302
63190.2529 lsst_hardware_r 36.30657796689637 22.469999313354492 31.489999771118164 AB 4.58553744044076 1.0471255810711535
63190.2736 lsst_hardware_g -2.733362911772061 13.75 31.40999984741211 AB 4.598497602599713 1.066009296458931
63192.2538 lsst_hardware_r -12.140031444816634 22.700000762939453 31.5 AB 3.1059243483983634 1.0511928074452945
63192.2738 lsst_hardware_i 3.219536602888285 30.860000610351562 31.25 AB 3.1678781799844358 1.074099744570371
63196.2284 lsst_hardware_r -58.10024981248182 72.48999786376953 31.649999618530273 AB 5.486569257644852 1.0440995764492316
63196.2469 lsst_hardware_z -151.34441033192326 57.41999816894531 30.979999542236328 AB 5.577846175648492 1.05454616378528
63200.2316 lsst_hardware_i -57.4043449113667 88.97000122070312 31.34000015258789 AB 5.764302738161092 1.0509211920074917
63200.2516 lsst_hardware_z 60.55706045984955 77.37999725341797 30.989999771118164 AB 6.464360632858513 1.073546563623435
63203.2153 lsst_hardware_r 64.79063485875024 60.7599983215332 31.639999389648438 AB 6.590211373079477 1.0461048326442275
63203.2332 lsst_hardware_z -98.72041867969907 52.66999816894531 30.969999313354492 AB 6.682697911549408 1.060036033535217
63205.218 lsst_hardware_r 35.99582406783382 40.630001068115234 31.610000610351562 AB 2.815254479997201 1.0509582753139342
63205.2365 lsst_hardware_i -83.31759917272636 40.189998626708984 31.290000915527344 AB 2.8361873279935126 1.0713711693240835
63207.2206 lsst_hardware_z 66.11994145208418 42.15999984741211 30.950000762939453 AB 4.496158345605858 1.0582100997778394
63207.2394 lsst_hardware_i -64.23927266192521 33.459999084472656 31.260000228881836 AB 4.5698642547700805 1.085134776342482
63209.1958 lsst_hardware_r -0.7754630181941228 22.510000228881836 31.489999771118164 AB 6.358459718086594 1.044897040891762
63209.2141 lsst_hardware_u 2.6701172633564423 2.6600000858306885 28.420000076293945 AB 5.68615046294019 1.0571345328181805
63212.1523 lsst_hardware_g -2.7819013669980928 13.84000015258789 31.40999984741211 AB 12.50690871491702 1.0560145830977148
63212.1704 lsst_hardware_r -21.9152593968308 22.530000686645508 31.489999771118164 AB 13.266493926022251 1.044605820946634
63215.1833 lsst_hardware_i -72.21631050679089 30.43000030517578 31.25 AB 8.336146617640267 1.0464508900180172
63215.2025 lsst_hardware_z -22.260747009476535 41.459999084472656 30.950000762939453 AB 8.461402978770096 1.062427106768837
63221.1228 lsst_hardware_i -25.022846033127436 34.56999969482422 31.270000457763672 AB 3.289917273915452 1.06126363674692
63221.1431 lsst_hardware_z -26.090955527154804 42.779998779296875 30.950000762939453 AB 4.360186689970774 1.0455456363458064
63223.1211 lsst_hardware_r 13.162724140161698 49.13999938964844 31.6299991607666 AB 4.542125187683421 1.0571686693083213
63223.1394 lsst_hardware_z -67.5949420915611 47.939998626708984 30.969999313354492 AB 4.970265690800661 1.0449051907779945
63225.1293 lsst_hardware_y -70.36047336308468 52.810001373291016 30.049999237060547 AB 6.653419940300598 1.0468347465366947
63225.15 lsst_hardware_r -43.26822044155918 75.91000366210938 31.649999618530273 AB 6.683369327185651 1.0442764573727579
63227.1191 lsst_hardware_i 42.61088494960146 81.91999816894531 31.34000015258789 AB 5.271743466656507 1.049625379125238
63227.1401 lsst_hardware_z 26.77944190830394 71.1500015258789 30.989999771118164 AB 5.053732160902897 1.0435127319642572
63230.1176 lsst_hardware_r -26.953381843175208 90.33999633789062 31.65999984741211 AB 7.7694778560536895 1.045924773083288
63230.1377 lsst_hardware_z 116.16002826763373 64.62999725341797 30.989999771118164 AB 8.182743198764472 1.0446499679260146
