data/validation/pwv_sim_epoch_fit_seasonal/44705752.ecsv
# %ECSV 0.9
# ---
# datatype:
# - {name: time, datatype: float64}
# - {name: band, datatype: string}
# - {name: flux, datatype: float64}
# - {name: fluxerr, datatype: float64}
# - {name: zp, datatype: float64}
# - {name: zpsys, datatype: string}
# - {name: pwv, datatype: float64}
# - {name: airmass, datatype: float64}
# meta: {SNID: '44705752', alt: 1024.0, c: 0.05215366557240486, dec: -42.609806, lat: -30.244573, lon: -70.7499537, ra: 275.178558, t0: 61878.55078125,
#   x0: 9.295446860478005e-06, x1: 0.37735384702682495, z: 0.474591463804245}
# schema: astropy-2.0
time band flux fluxerr zp zpsys pwv airmass
61872.4039 lsst_hardware_z 1705.347662082554 75.6150274939247 30.989999771118164 AB 6.432350695959156 1.0237706025718853
61872.4159 lsst_hardware_y 631.0804165211634 68.514575382047 30.06999969482422 AB 6.423703712454484 1.024881929313467
61876.3766 lsst_hardware_z 4135.2884029416455 99.30568116361887 31.739999771118164 AB 16.49157459561351 1.0284201795321006
61878.4178 lsst_hardware_r 3643.999124926796 70.84114248646134 31.600000381469727 AB 13.903618737256089 1.033969737900338
61880.3894 lsst_hardware_i 2482.1680371415473 58.64689796606711 31.260000228881836 AB 4.812787828136402 1.0239974102417877
61880.4009 lsst_hardware_z 2160.0296595994223 60.98270934035548 30.959999084472656 AB 4.827968327318093 1.0272273036847006
61888.378 lsst_hardware_i 2234.096512749888 55.44635301765752 31.25 AB 5.146401880478027 1.0267818735366663
61888.3894 lsst_hardware_r 2454.320821178392 55.63883575317871 31.5 AB 5.177539470621711 1.0331660510752383
61889.3654 lsst_hardware_u -1.3937944844093737 2.8537018891069654 28.469999313354492 AB 11.701759681209445 1.0240746512143621
61891.3318 lsst_hardware_r 2244.168405308721 53.02195200679724 31.520000457763672 AB 10.105133788718975 1.0305577266553438
61891.3442 lsst_hardware_g 477.9566068640585 25.768907915081524 31.459999084472656 AB 9.123404582532073 1.0251016384867497
61895.3293 lsst_hardware_r 1838.7348356973023 48.27121273753563 31.510000228881836 AB 8.576369442196308 1.026403308164594
61895.3424 lsst_hardware_i 1727.5267862223725 51.799296766607284 31.260000228881836 AB 6.848519055550331 1.0237076778062004
61899.3255 lsst_hardware_z 2239.5211889044226 104.68979581204236 31.739999771118164 AB 8.495380648792999 1.0243729115597622
61903.3229 lsst_hardware_r 1123.4560376704205 96.49026805960163 31.65999984741211 AB 7.060494126121819 1.0237051074556331
61903.3349 lsst_hardware_i 1439.6201254847197 84.03761067107216 31.34000015258789 AB 6.328961624017981 1.0259714892025096
61908.3168 lsst_hardware_i 1116.5500103595516 46.329204909743076 31.270000457763672 AB 8.121913355051936 1.0246854887307284
61908.3282 lsst_hardware_z 855.1092706028401 51.32769537588999 30.950000762939453 AB 8.158584187444303 1.0290415203839776
61910.3096 lsst_hardware_r 572.6221505091286 34.0931533723293 31.5 AB 7.295504806015642 1.0243258529279538
61910.3204 lsst_hardware_g 127.66271094448295 18.08782307866357 31.459999084472656 AB 7.344596479788933 1.0278631977873363
61926.2887 lsst_hardware_r 337.8505765621907 65.13014000629651 31.649999618530273 AB 6.39913714174246 1.0354730471137625
61926.3011 lsst_hardware_z 582.760619214294 58.054930843905915 30.969999313354492 AB 6.697853617123872 1.0475626380643144
61950.1049 lsst_hardware_i 310.6667825843544 36.578854424897195 31.239999771118164 AB 4.452629614508209 1.1358266097125655
61950.1114 lsst_hardware_z 294.46913460798453 46.1383803722822 30.940000534057617 AB 4.424810630475936 1.1188833354204155
61958.1546 lsst_hardware_i 37.03223299659451 113.72000122070312 31.34000015258789 AB 1.8495574248391269 1.0275319026884038
61958.1665 lsst_hardware_r -76.12060679873649 135.74000549316406 31.670000076293945 AB 1.8432699066905875 1.0240388370503264
61960.137 lsst_hardware_z -251.30637970712974 108.41000366210938 31.75 AB 3.2651636797894357 1.0350265257151634
61962.19 lsst_hardware_i -58.31854578956616 55.66999816894531 31.31999969482422 AB 8.075210037543787 1.0351506265278536
61962.2015 lsst_hardware_z 76.17352730646141 54.40999984741211 30.979999542236328 AB 8.177119060265802 1.0460798559021527
61964.1295 lsst_hardware_i -12.9028851513702 37.90999984741211 31.290000915527344 AB 6.735042452847662 1.0325068914376219
61964.1414 lsst_hardware_z 97.4842802960298 45.04999923706055 30.959999084472656 AB 6.698878298729909 1.0262286113562644
61965.139 lsst_hardware_i -12.506948004795106 30.75 31.25 AB 7.713174797756501 1.0261088608258928
61965.1527 lsst_hardware_u -8.397797891045444 3.6700000762939453 28.65999984741211 AB 7.687178895082689 1.0236946293015463
61974.1281 lsst_hardware_g 31.089025556423824 14.5 31.440000534057617 AB 5.937433395483225 1.0236954130143492
61974.1391 lsst_hardware_r -20.30539626846296 23.260000228881836 31.510000228881836 AB 5.947021218168114 1.0253484858910542
61976.1142 lsst_hardware_r 14.085136345426507 23.040000915527344 31.5 AB 5.481949116549678 1.024599548292881
61976.1266 lsst_hardware_i -5.994877510383617 30.59000015258789 31.25 AB 5.675597126829018 1.0239215455221031
61978.1149 lsst_hardware_z -34.249781246652276 40.970001220703125 30.950000762939453 AB 3.0932733931629968 1.0237542257696497
61978.1274 lsst_hardware_u 1.1013131578462165 2.6700000762939453 28.40999984741211 AB 3.2329930805037335 1.0251266208493803
61981.1118 lsst_hardware_i 34.38840485746222 37.720001220703125 31.280000686645508 AB 5.323832441897901 1.0238139311342116
61981.1238 lsst_hardware_z 1.4894970687794102 44.310001373291016 30.950000762939453 AB 5.33870139888483 1.0266733459393904
61983.1069 lsst_hardware_i 77.25256817003071 59.54999923706055 31.329999923706055 AB 4.1077366071443295 1.0238625640938008
61983.1194 lsst_hardware_z -59.89323404738406 57.11000061035156 30.979999542236328 AB 4.120769445831259 1.0271110283726965
61987.1121 lsst_hardware_z -67.09521164344011 113.66999816894531 31.75 AB 2.4426217685671774 1.028833317753813
61990.0528 lsst_hardware_r 165.7604513251967 76.69000244140625 31.649999618530273 AB 3.5302833956712263 1.0368954559441628
61990.0649 lsst_hardware_g -13.259811134564538 83.83000183105469 31.739999771118164 AB 3.380181147628827 1.0286613352491865
61992.0554 lsst_hardware_r 2.700813015795037 23.200000762939453 31.510000228881836 AB 3.403211740379624 1.0309638716690772
61992.0669 lsst_hardware_i -23.040192726762616 39.869998931884766 31.299999237060547 AB 3.3125771155295958 1.0255656704425993
61994.0538 lsst_hardware_z -19.13125278807084 41.06999969482422 30.950000762939453 AB 3.3948874759893033 1.0287537806028193
61994.0647 lsst_hardware_i -2.578182065774763 30.65999984741211 31.260000228881836 AB 3.381444117796383 1.0246800356958736
61995.0476 lsst_hardware_u 0.9563149264712331 2.869999885559082 28.56999969482422 AB 2.6345239132959564 1.0307214058278389
61995.0582 lsst_hardware_g -1.7227318764800659 14.460000038146973 31.469999313354492 AB 2.6094558499137954 1.025729500752278
61997.0572 lsst_hardware_r -39.550569804049836 23.25 31.510000228881836 AB 3.790756141825244 1.0245286869797956
61997.0683 lsst_hardware_i -1.3170410958773728 30.670000076293945 31.260000228881836 AB 3.788174613483684 1.0238309766172118
62011.0283 lsst_hardware_r -44.16506330126914 57.06999969482422 31.639999389648438 AB 5.058480319366816 1.0237248306333044
62011.0388 lsst_hardware_i -81.40465590198374 51.529998779296875 31.31999969482422 AB 5.120698868002612 1.0255755794116987
62013.0318 lsst_hardware_z 67.10232828241182 86.77999877929688 31.739999771118164 AB 2.8267722404625446 1.0251213927334704
62024.0099 lsst_hardware_r 19.202026900406786 23.5 31.520000457763672 AB 2.007215136754148 1.0282425460426798
62024.0208 lsst_hardware_i 6.714046059606137 31.010000228881836 31.260000228881836 AB 1.9923861900793114 1.035229888761712
62026.9783 lsst_hardware_y 51.91121077419843 67.9800033569336 30.079999923706055 AB 2.6342866688079365 1.0240181414219383
62026.9841 lsst_hardware_g -10.701695900299283 21.15999984741211 31.59000015258789 AB 2.6196746116468783 1.0237102820034694
62232.403 lsst_hardware_g 0.09717135808927764 32.56999969482422 31.670000076293945 AB 19.803864007707052 1.027868877533962
62232.4155 lsst_hardware_y 163.09032353164022 62.15999984741211 30.059999465942383 AB 19.730265534304255 1.0240489371316595
62234.4019 lsst_hardware_i 72.5191203399176 32.25 31.260000228881836 AB 8.698277645821406 1.0260629497272813
62234.4144 lsst_hardware_y 101.99316551439013 56.630001068115234 30.06999969482422 AB 8.678188914966265 1.0236932504285465
62236.4078 lsst_hardware_g -22.442221271467186 16.5 31.510000228881836 AB 4.477914232481519 1.023737750572086
62236.4182 lsst_hardware_z 71.66165221770156 57.59000015258789 30.989999771118164 AB 4.787645929081322 1.0246067760910231
62238.3974 lsst_hardware_i 6.284195774280316 30.969999313354492 31.270000457763672 AB 6.382843416384209 1.0243279304127115
62238.4103 lsst_hardware_y -8.46590765303354 49.08000183105469 30.049999237060547 AB 6.43240282936666 1.0241456560707973
62242.3959 lsst_hardware_r -63.81975454857097 23.520000457763672 31.520000457763672 AB 16.48894862902361 1.0237608772385633
62242.4073 lsst_hardware_y -139.30048600422046 47.56999969482422 30.059999465942383 AB 16.526406745078315 1.0262193062920557
62244.4041 lsst_hardware_g 15.005999824763569 15.039999961853027 31.469999313354492 AB 13.291761633994795 1.0271179059046787
62244.4161 lsst_hardware_y -30.30644970426464 51.36000061035156 30.059999465942383 AB 13.348553988716887 1.034203750296043
62246.3866 lsst_hardware_r 11.230749592175375 23.329999923706055 31.510000228881836 AB 4.812329943007369 1.0238999878739083
62246.3975 lsst_hardware_z 54.044923144498156 41.130001068115234 30.950000762939453 AB 4.8252430934045645 1.0266474666818222
62248.3873 lsst_hardware_r -19.386845975297884 23.360000610351562 31.510000228881836 AB 6.187800801776217 1.0250643256483685
62248.4008 lsst_hardware_u -2.991263777280676 2.740000009536743 28.43000030517578 AB 6.279006844914558 1.031162597185952
62250.3781 lsst_hardware_g -19.210573772876593 14.289999961853027 31.43000030517578 AB 10.115284470050616 1.0242375276607858
62250.3893 lsst_hardware_r -6.0243154538611225 23.06999969482422 31.5 AB 10.159649383183876 1.0278277839919614
62254.3847 lsst_hardware_r -194.37084870605824 91.0999984741211 31.65999984741211 AB 5.16461399778706 1.0313414093963378
62254.3963 lsst_hardware_z -5.9715283141466315 64.44000244140625 30.989999771118164 AB 5.224059032548501 1.0406492096710163
62257.3246 lsst_hardware_i -5.446086946894211 75.72000122070312 31.34000015258789 AB 10.157122538244796 1.0340669420457924
62257.3365 lsst_hardware_z 92.25249227724599 69.30999755859375 30.989999771118164 AB 9.141038960967048 1.0270830293221402
62259.328 lsst_hardware_z 40.48134505612546 57.90999984741211 30.979999542236328 AB 12.850014505300791 1.0285016979170496
62259.3407 lsst_hardware_r -5.6387248645464245 69.54000091552734 31.649999618530273 AB 11.748791193551385 1.0242168244748833
62264.3242 lsst_hardware_u 0.563182754347608 4.139999866485596 29.299999237060547 AB 9.861179972615547 1.024804361924193
62264.336 lsst_hardware_g 34.13254796929324 22.239999771118164 32.2400016784668 AB 10.634432504451167 1.0237720822576333
62266.3109 lsst_hardware_r 12.881947270120197 23.149999618530273 31.520000457763672 AB 6.987246087345073 1.027536189315452
62266.3228 lsst_hardware_i -18.910206147897043 30.700000762939453 31.260000228881836 AB 6.963424819141874 1.024033061638511
62270.3208 lsst_hardware_u 0.711313780551867 2.799999952316284 28.520000457763672 AB 6.80285952246345 1.0238716969505137
62270.3337 lsst_hardware_g -2.2762863503698036 14.510000228881836 31.459999084472656 AB 8.198681239548296 1.027371478280542
62272.3051 lsst_hardware_g -3.99472652722492 14.300000190734863 31.440000534057617 AB 3.8460058383795044 1.0242359090225044
62272.3174 lsst_hardware_r -13.583802345493183 23.0 31.5 AB 3.8202752281164827 1.024133832348138
62277.299 lsst_hardware_i -43.906114695241186 30.579999923706055 31.25 AB 6.864414866671922 1.0236991822640527
62277.3112 lsst_hardware_r 1.8976014032144597 23.1299991607666 31.510000228881836 AB 6.889229425865217 1.0260227010001068
62280.3065 lsst_hardware_r 17.428168130800884 38.040000915527344 31.600000381469727 AB 7.361956858408929 1.0274170481346632
62280.3194 lsst_hardware_i -40.666570268785975 38.25 31.280000686645508 AB 7.442692772893301 1.0354330513207002
62285.278 lsst_hardware_z 159.04375820233292 86.37999725341797 31.0 AB 8.509439568290691 1.0237330300913277
62285.2919 lsst_hardware_r 209.67425847659044 135.2100067138672 31.670000076293945 AB 8.827112888921327 1.027005571718589
62288.2875 lsst_hardware_i -2.9260083780581265 53.380001068115234 31.31999969482422 AB 6.172763495106681 1.0287939158511135
62288.2994 lsst_hardware_r -128.48584888777228 61.9900016784668 31.639999389648438 AB 7.135603822102652 1.0369507588794473
62291.2771 lsst_hardware_z 73.79668232316376 42.54999923706055 30.950000762939453 AB 11.753604397019972 1.0277049333962718
62291.29 lsst_hardware_g -18.10617910761559 25.719999313354492 31.6200008392334 AB 11.812864244866514 1.035943545107999
62302.2293 lsst_hardware_r 6.9050127853143755 23.68000030517578 31.520000457763672 AB 11.874770537221274 1.023687115277696
62302.2414 lsst_hardware_g 8.031552354374877 14.979999542236328 31.469999313354492 AB 11.89592910785403 1.0255111299874164
62304.2316 lsst_hardware_r -12.829011762923415 23.6299991607666 31.520000457763672 AB 5.288519913069918 1.0244106369142698
62304.2431 lsst_hardware_i -34.27572518320566 30.950000762939453 31.260000228881836 AB 5.227411223022218 1.02842748874935
62310.2097 lsst_hardware_r -40.65123799198957 74.97000122070312 31.65999984741211 AB 3.256324337861081 1.023733090236651
62310.2225 lsst_hardware_i 2.756817356730918 61.79999923706055 31.329999923706055 AB 3.2815180575201706 1.026543709338948
62312.215 lsst_hardware_z -182.71040623423588 131.85000610351562 31.760000228881836 AB 4.512511792130312 1.0258039991203256
62314.1995 lsst_hardware_r 47.855170588426894 129.1699981689453 31.670000076293945 AB 7.622355540339518 1.0237762634768335
62314.2122 lsst_hardware_z 4.411905468414115 84.70999908447266 31.0 AB 7.482571702171017 1.0267914695138787
62315.1941 lsst_hardware_r -28.750172372175008 101.62000274658203 31.670000076293945 AB 5.9911269623027446 1.0236867940714423
62315.2072 lsst_hardware_i -114.57109434942743 80.4800033569336 31.34000015258789 AB 5.970785502769806 1.0259375416426892
62323.1852 lsst_hardware_z -15.997071300648003 41.16999816894531 30.950000762939453 AB 5.008538637141975 1.0258844031970726
62323.1972 lsst_hardware_i -5.0100253451604235 31.030000686645508 31.260000228881836 AB 5.048508225820393 1.0319223736091065
62325.1863 lsst_hardware_u 4.11266725376998 2.7899999618530273 28.489999771118164 AB 1.9449353960612554 1.028703488748901
62325.1983 lsst_hardware_g -7.550287166688358 14.819999694824219 31.450000762939453 AB 1.9656762667207655 1.0368858059980302
62327.13 lsst_hardware_u 3.084559427648194 2.740000009536743 28.450000762939453 AB 9.332394703007607 1.036855940634872
62327.1414 lsst_hardware_g 17.505887521462185 14.720000267028809 31.450000762939453 AB 9.317941617772401 1.029000399518413
62328.1293 lsst_hardware_r 10.135941666524012 23.420000076293945 31.510000228881836 AB 7.733421066583512 1.035194574203
62328.1412 lsst_hardware_i 4.1941640090438925 30.790000915527344 31.25 AB 7.668122773964708 1.0277377676366128
62330.1328 lsst_hardware_z 27.673140585058523 41.150001525878906 30.950000762939453 AB 6.716611586531985 1.0292211699299518
62330.1453 lsst_hardware_r 1.2439277254028438 23.459999084472656 31.510000228881836 AB 6.685911185513356 1.02451678852474
62332.1295 lsst_hardware_u 3.0567511038205755 2.7699999809265137 28.479999542236328 AB 7.102173582444666 1.0281085093289906
62332.1417 lsst_hardware_r -4.44128940164857 23.360000610351562 31.510000228881836 AB 7.068843211962991 1.0241731689311782
62343.1082 lsst_hardware_z -2.6023754352662203 73.56999969482422 31.0 AB 7.5445472484239255 1.0248886861650188
62343.1209 lsst_hardware_r 138.9023139676551 109.68000030517578 31.670000076293945 AB 7.610853072005264 1.023824189945061
62345.1209 lsst_hardware_y -20.647591582758658 71.55000305175781 30.799999237060547 AB 3.8937830290143616 1.0246797444774636
62347.1127 lsst_hardware_r 9.168314963072275 36.2400016784668 31.600000381469727 AB 5.325591611361627 1.024152232954159
62347.1246 lsst_hardware_i -15.264926202281547 39.630001068115234 31.290000915527344 AB 5.345066721344677 1.027897446412438
62351.108 lsst_hardware_u 1.8257406445810305 2.7699999809265137 28.5 AB 1.826407493412147 1.0256394740486576
62351.1178 lsst_hardware_r -1.6565506421119902 23.059999465942383 31.510000228881836 AB 1.771996799396456 1.0300809762513914
62352.1074 lsst_hardware_i 14.7587823383884 30.479999542236328 31.25 AB 1.8477508212929872 1.0263856804849256
62352.1185 lsst_hardware_z -65.40720015165913 41.099998474121094 30.940000534057617 AB 1.8482438671708368 1.03225013525319
62354.1062 lsst_hardware_r -42.569761751351365 23.040000915527344 31.5 AB 2.014499544239137 1.0282430680931367
62354.1184 lsst_hardware_u 2.330462190244422 2.700000047683716 28.43000030517578 AB 2.027152547359624 1.0362882580010007
62356.0559 lsst_hardware_r -20.618015602730786 23.1200008392334 31.510000228881836 AB 3.4864326675435158 1.0329150703763132
62356.0664 lsst_hardware_u -2.6461506743125858 2.759999990463257 28.489999771118164 AB 3.51374132225263 1.0270093498400126
62358.054 lsst_hardware_g 8.170887302666952 14.40999984741211 31.459999084472656 AB 3.4086321556764463 1.0305766154728484
62358.0659 lsst_hardware_r 6.431561201954217 23.100000381469727 31.510000228881836 AB 3.419731079172504 1.0252529093606668
62364.0441 lsst_hardware_g 29.348861930052333 25.34000015258789 31.6299991607666 AB 6.029690681374717 1.0272045453789254
62364.0561 lsst_hardware_i -6.827564736283147 34.29999923706055 31.280000686645508 AB 6.0313127793433825 1.0239340353137993
62367.0539 lsst_hardware_y -55.7960305161697 76.12000274658203 30.81999969482422 AB 2.395872986321066 1.023731513881669
62369.0287 lsst_hardware_z -78.56824626405879 68.76000213623047 30.989999771118164 AB 2.7526468325200955 1.0280020537234267
62369.0387 lsst_hardware_r 30.940416526674028 94.66999816894531 31.65999984741211 AB 2.746120407792462 1.024544363061483
62371.0338 lsst_hardware_i -96.70729404631727 77.73999786376953 31.34000015258789 AB 1.3522470454935596 1.0244295799193632
62371.0438 lsst_hardware_z 71.32331202220846 68.05000305175781 30.989999771118164 AB 2.224670260663087 1.0237783067938733
62380.0294 lsst_hardware_u -1.8437587396387218 2.680000066757202 28.420000076293945 AB 1.825987111345639 1.0258354558121567
62380.0409 lsst_hardware_g 18.35773107961279 14.430000305175781 31.440000534057617 AB 1.7635102951688753 1.031493641159662
62382.0163 lsst_hardware_g 43.38765667346208 14.399999618530273 31.43000030517578 AB 1.7937673908776353 1.0240346665333788
62382.028 lsst_hardware_r -0.8637834880468089 23.149999618530273 31.5 AB 1.8181169463235134 1.0274265766838786
62385.0196 lsst_hardware_i -12.986964957400863 30.84000015258789 31.260000228881836 AB 0.8987465261173105 1.0273345697664056
62385.031 lsst_hardware_z -62.565027156696665 41.150001525878906 30.950000762939453 AB 0.9055434953652021 1.0341189516922749
62387.0223 lsst_hardware_r 14.38488896524319 23.399999618530273 31.510000228881836 AB 2.4763946941053927 1.0318311225439136
62387.0341 lsst_hardware_u 0.352823411080575 2.700000047683716 28.40999984741211 AB 2.499777096991645 1.0415737904131854
62389.0122 lsst_hardware_g -28.103608484342367 14.579999923706055 31.440000534057617 AB 3.2962321165456174 1.0290542015336044
62389.0235 lsst_hardware_i -21.814457574292508 30.940000534057617 31.25 AB 3.3308895996890113 1.0368527936775132
