data/validation/pwv_sim_epoch_fit_seasonal/44716152.ecsv
# %ECSV 0.9
# ---
# datatype:
# - {name: time, datatype: float64}
# - {name: band, datatype: string}
# - {name: flux, datatype: float64}
# - {name: fluxerr, datatype: float64}
# - {name: zp, datatype: float64}
# - {name: zpsys, datatype: string}
# - {name: pwv, datatype: float64}
# - {name: airmass, datatype: float64}
# meta: {SNID: '44716152', alt: 1024.0, c: -0.10121674090623856, dec: -21.542267, lat: -30.244573, lon: -70.7499537, ra: 75.234375, t0: 63151.30078125,
#   x0: 2.450558526873597e-06, x1: 0.58729088306427, z: 0.8197771310806274}
# schema: astropy-2.0
time band flux fluxerr zp zpsys pwv airmass
63136.3779 lsst_hardware_z 353.9103947481639 44.742277896355894 30.950000762939453 AB 5.743267476010051 1.0141143277239644
63139.33 lsst_hardware_r 1320.2860011450655 117.23272640246209 32.400001525878906 AB 4.015229077167177 1.05691736698276
63139.3507 lsst_hardware_y 231.0054088251946 53.33126998158817 30.059999465942383 AB 3.315825683141114 1.0276319265933864
63142.3394 lsst_hardware_z 2119.6968515986146 122.92633241702914 32.4900016784668 AB 2.989977871611676 1.0310268522798882
63146.3676 lsst_hardware_i 1015.9208952695226 51.296219492910886 31.299999237060547 AB 3.643881050878744 1.012189180799651
63146.3868 lsst_hardware_y 268.50819725883105 72.26344220722585 30.079999923706055 AB 3.967204618520642 1.0214443200001926
63148.3535 lsst_hardware_i 976.220414614273 44.707030878681294 31.270000457763672 AB 2.912155961979443 1.0119851599604226
63148.3722 lsst_hardware_y 233.61138688195393 50.599023461822966 30.059999465942383 AB 2.9371919896296923 1.015509504308914
63150.3546 lsst_hardware_g 117.83003917696932 18.52963740815223 31.469999313354492 AB 4.412210988984469 1.0119169747111187
63150.3726 lsst_hardware_y 423.8083624353972 50.44595669638542 30.059999465942383 AB 4.4264955643821144 1.0189906916165088
63152.3536 lsst_hardware_i 876.932722809932 41.99579119882228 31.25 AB 5.566837226177113 1.0126739034369652
63152.3711 lsst_hardware_y 297.4092941380513 50.85100184804598 30.049999237060547 AB 5.617417151776196 1.0219989360094577
63154.3266 lsst_hardware_z 639.9692739453086 46.791313082205576 30.950000762939453 AB 5.713301036136356 1.0150363086822851
63154.3456 lsst_hardware_u 2.2448253368383333 2.6617390453748055 28.399999618530273 AB 5.922333030761189 1.0121627648208584
63158.3234 lsst_hardware_i 795.9790914971423 41.00680500307224 31.260000228881836 AB 3.847276990487456 1.0124413132861727
63158.3414 lsst_hardware_z 495.76230299903193 46.53505630033737 30.950000762939453 AB 3.909212900806835 1.0139753330814893
63160.3266 lsst_hardware_i 767.1294466266188 40.279436162504666 31.25 AB 2.3345208789580734 1.0118561925701395
63160.3445 lsst_hardware_u -1.236110089590615 2.6199191586189556 28.389999389648438 AB 2.5688630910832773 1.0184471089268972
63162.3272 lsst_hardware_g 72.96103706404453 15.010110614975886 31.40999984741211 AB 3.147601877528156 1.012904868070203
63162.3457 lsst_hardware_r 369.3557099919479 29.294248500259663 31.5 AB 3.362973657239479 1.0236324037863351
63164.3037 lsst_hardware_i 652.6833717412909 39.20771320778317 31.260000228881836 AB 3.830924071326813 1.0133156006772106
63164.3223 lsst_hardware_r 330.8568751972871 28.39084734548712 31.489999771118164 AB 3.829207131445875 1.0130624272972903
63167.3059 lsst_hardware_z 421.77211802413854 56.78071569714465 30.979999542236328 AB 2.943855770769672 1.0117791565009246
63167.3234 lsst_hardware_g 83.14242739178307 53.49653325257903 31.719999313354492 AB 2.9612918032405995 1.0171891123194756
63169.3074 lsst_hardware_r 386.30158791868774 94.17626938774804 31.65999984741211 AB 4.523585264563516 1.012724075572582
63169.3239 lsst_hardware_i 533.846940170466 75.09538209889769 31.329999923706055 AB 4.512349800602966 1.0213557719790138
63171.3035 lsst_hardware_i 525.2890798462697 73.59906822416461 31.34000015258789 AB 5.527089494793613 1.0131533963326922
63171.3228 lsst_hardware_z 494.2544805296334 65.48132807497011 30.989999771118164 AB 5.528064393141039 1.0251711182187297
63180.2627 lsst_hardware_z 263.4283403555762 43.5314181931206 30.950000762939453 AB 9.500513697973666 1.0125780653315923
63180.2807 lsst_hardware_i 251.02582319298983 34.009830978105306 31.25 AB 9.566298201346031 1.0137370047346552
63182.2799 lsst_hardware_u 0.8007484698655086 2.5934826913089735 28.360000610351562 AB 4.164657830700778 1.015770202609946
63182.2978 lsst_hardware_g 20.123575252381467 14.016854771936186 31.389999389648438 AB 3.7847277749595984 1.0303952923183624
63185.2604 lsst_hardware_r 119.18526849449592 24.032590577345314 31.489999771118164 AB 4.675947680002681 1.0120733768628867
63185.2785 lsst_hardware_i 215.677330116392 33.02589955528291 31.25 AB 4.669864941735658 1.0200294750596655
63190.2506 lsst_hardware_r 85.5061382399955 23.586578370472857 31.489999771118164 AB 4.480634159771026 1.012858809781526
63190.2714 lsst_hardware_g 3.6578147731781776 13.871349873966327 31.40999984741211 AB 4.553763181150221 1.0256223380968967
63192.2516 lsst_hardware_r 86.21105249204031 23.412300503469886 31.489999771118164 AB 2.959181285984418 1.0152726278537574
63192.2717 lsst_hardware_i 157.5830883364096 32.23655127314037 31.25 AB 3.2989279077644156 1.0317747834954256
63200.235 lsst_hardware_i 122.90404001389837 79.48057730559206 31.34000015258789 AB 5.599006113834189 1.0182479595964213
63200.2547 lsst_hardware_z 112.23327547965147 69.76456038583787 30.989999771118164 AB 6.238077106278389 1.0378632570132915
63203.2132 lsst_hardware_r 30.873885935383093 58.58868936841096 31.649999618530273 AB 6.3829817924717664 1.0124064776579018
63203.2313 lsst_hardware_z 130.79218703753116 52.012528976519754 30.969999313354492 AB 6.442330456119482 1.0215332093387308
63207.2184 lsst_hardware_z 104.41177659642989 42.74056702447301 30.950000762939453 AB 4.328712113369434 1.020000497985964
63207.2373 lsst_hardware_i 57.13975532115304 33.98196399156811 31.260000228881836 AB 4.4129630406275195 1.04022072144914
63209.1979 lsst_hardware_r -22.882254441572755 22.647367244114328 31.489999771118164 AB 6.124990144091517 1.0126461344286215
63209.2161 lsst_hardware_u 2.5263703849502974 2.716779938730517 28.43000030517578 AB 5.435242590273104 1.0225110301988056
63212.155 lsst_hardware_g 32.01961336752998 14.176662229066736 31.399999618530273 AB 11.98447952998648 1.024110251230793
63212.1732 lsst_hardware_r 34.77141080131999 22.444117855463514 31.489999771118164 AB 12.86683514718321 1.0131366257624574
63215.1812 lsst_hardware_i 38.80868549701393 30.854659101402447 31.25 AB 8.073838043780997 1.0125702172010742
63215.2005 lsst_hardware_z 121.09661492305092 41.63483430850636 30.950000762939453 AB 8.151706874331866 1.0231839932636897
63217.1426 lsst_hardware_r 16.140083600091284 22.692594252786993 31.489999771118164 AB 9.597403872763149 1.0229956162120961
63217.1606 lsst_hardware_g 25.783974155404337 14.205190414390083 31.420000076293945 AB 9.496625701041573 1.0128383629960238
63219.1438 lsst_hardware_r 27.344516068027957 22.708929409811798 31.5 AB 3.3949338115622183 1.0179711578892467
63219.1629 lsst_hardware_i 87.31972645582613 30.606057287449826 31.25 AB 3.4880584830438814 1.011764607118872
63221.1471 lsst_hardware_z 81.39614112219984 42.715208855168314 30.959999084472656 AB 4.19719332337099 1.0136311835708482
63221.1649 lsst_hardware_i 77.67351896593024 33.27401288635376 31.270000457763672 AB 4.184267907024894 1.0125882768527785
63223.1231 lsst_hardware_r -3.128937755210413 46.95867520717217 31.6299991607666 AB 4.362504747772937 1.0258682534444974
63223.1416 lsst_hardware_z 138.20432745682956 47.28312726611447 30.969999313354492 AB 4.84691015169253 1.0136445071505362
63225.1319 lsst_hardware_y -36.22286106471078 51.8347909566601 30.059999465942383 AB 6.480479433477931 1.0154308106358398
63225.1527 lsst_hardware_r -51.73635190287339 69.56572214842917 31.65999984741211 AB 6.450737056349463 1.012317008332922
63227.1356 lsst_hardware_i 174.81180403151393 76.22121000306927 31.34000015258789 AB 4.8882017557429345 1.012312038465984
63227.1563 lsst_hardware_z 22.073576814363634 67.95700472256195 30.989999771118164 AB 4.94801117520924 1.015393222903664
63230.1149 lsst_hardware_r 67.86370920999997 84.4878097301927 31.670000076293945 AB 7.502566669373213 1.0172626920271466
63230.1351 lsst_hardware_z 49.924784457505275 62.53130740449041 30.989999771118164 AB 7.967733513119346 1.0118185125024568
