data/validation/pwv_sim_epoch_fit_seasonal/4472831.ecsv
# %ECSV 0.9
# ---
# datatype:
# - {name: time, datatype: float64}
# - {name: band, datatype: string}
# - {name: flux, datatype: float64}
# - {name: fluxerr, datatype: float64}
# - {name: zp, datatype: float64}
# - {name: zpsys, datatype: string}
# - {name: pwv, datatype: float64}
# - {name: airmass, datatype: float64}
# meta: {SNID: '4472831', alt: 1024.0, c: -0.05715562775731087, dec: -5.379379, lat: -30.244573, lon: -70.7499537, ra: 68.027344, t0: 61435.12890625,
#   x0: 7.523771260264638e-06, x1: 1.157414197921753, z: 0.5178086757659912}
# schema: astropy-2.0
time band flux fluxerr zp zpsys pwv airmass
[from data line 133]
61745.1373 lsst_hardware_r 26.517493810682105 30.809999465942383 31.549999237060547 AB 6.122950837470738 1.1395776730822145
61749.168 lsst_hardware_r 39.42493398913495 68.41999816894531 31.6299991607666 AB 10.751841128067143 1.1027058120320952
61749.1873 lsst_hardware_z -76.90374547000145 56.90999984741211 30.969999313354492 AB 10.718561409382579 1.1105207725008284
61753.1837 lsst_hardware_z -140.68536109916005 76.41999816894531 30.989999771118164 AB 8.494002101102701 1.1176318554082503
61753.2033 lsst_hardware_r 129.75135101175616 113.05999755859375 31.639999389648438 AB 8.729878825885905 1.148668266563935
61755.1579 lsst_hardware_r 61.840905112986896 66.36000061035156 31.6299991607666 AB 11.251347984782633 1.1035354169869462
61755.1748 lsst_hardware_y -26.40508044880809 52.0 30.040000915527344 AB 11.468451240696028 1.1139988872810316
61757.1195 lsst_hardware_g 38.67940192844164 14.25 31.40999984741211 AB 4.332430641289582 1.1175659435828673
61757.1398 lsst_hardware_r 1.5093675552913595 32.13999938964844 31.559999465942383 AB 3.3133492790622596 1.1035301512282534
61759.1295 lsst_hardware_i 55.030964428305516 31.219999313354492 31.239999771118164 AB 3.3921285247159214 1.1052878868414027
61759.1511 lsst_hardware_z 11.427622321313471 42.27000045776367 30.940000534057617 AB 3.3218255920584396 1.1049731699154892
61763.1526 lsst_hardware_g 27.90316674691751 14.029999732971191 31.389999389648438 AB 6.968100112514405 1.1136487314231107
61763.1777 lsst_hardware_i -14.404745773162643 31.559999465942383 31.229999542236328 AB 7.4489443460291245 1.1522401246806333
61765.1414 lsst_hardware_z -5.974094363796191 42.040000915527344 30.940000534057617 AB 7.66971381455882 1.1088208492929252
61765.1607 lsst_hardware_r -6.013498698767451 23.09000015258789 31.479999542236328 AB 7.8683353559450255 1.1308329054246946
61769.0993 lsst_hardware_g -11.662820108618321 13.989999771118164 31.40999984741211 AB 8.20429079845901 1.1068058771852831
61769.1195 lsst_hardware_r -37.72908617271472 23.0 31.489999771118164 AB 8.227953266659938 1.103485171441719
61773.0994 lsst_hardware_r 15.354713482093395 34.70000076293945 32.25 AB 4.726973334793811 1.1028869189906239
61773.1206 lsst_hardware_z 99.68745519903474 60.209999084472656 31.690000534057617 AB 4.689963852584203 1.1095910220817906
61775.0905 lsst_hardware_g 4.912503911629658 28.559999465942383 31.610000610351562 AB 11.560566681185362 1.1035638159403087
61775.1139 lsst_hardware_i 37.438349625959006 36.060001373291016 31.260000228881836 AB 11.522863662909403 1.1086783511458695
61777.084 lsst_hardware_z 20.509020112212102 51.25 30.959999084472656 AB 9.693862510193131 1.1038645497985176
61777.1034 lsst_hardware_r -52.124968400221974 54.2400016784668 31.6200008392334 AB 9.70467122430693 1.105640941162293
61779.0916 lsst_hardware_y -52.41807720070955 77.22000122070312 30.790000915527344 AB 7.254990033061981 1.103336633421334
61781.0863 lsst_hardware_r -127.14647774733973 145.75 32.400001525878906 AB 6.337779184957766 1.1033738135372155
61781.1083 lsst_hardware_i 152.61502386186376 117.51000213623047 32.06999969482422 AB 6.456256078199892 1.1188382424746368
61784.0462 lsst_hardware_y -81.86558290909237 51.779998779296875 30.030000686645508 AB 7.4154736268950945 1.1170826086536503
61784.0665 lsst_hardware_z 54.17844924818122 50.45000076293945 30.959999084472656 AB 7.3105746324841245 1.1034135663141877
61791.0393 lsst_hardware_y 103.44841803300852 57.75 30.030000686645508 AB 13.272322049307922 1.1067569896229852
61791.0591 lsst_hardware_g 27.63912595400663 14.0600004196167 31.389999389648438 AB 13.16811478640952 1.1033962533127173
61793.0386 lsst_hardware_z 68.59776332791832 54.0 30.959999084472656 AB 9.46609827508176 1.104454830344991
61793.0594 lsst_hardware_i -63.44566958308888 31.309999465942383 31.239999771118164 AB 7.955060196447675 1.1054836293006596
61795.0372 lsst_hardware_y -33.44661985189133 60.630001068115234 30.040000915527344 AB 7.484573660659431 1.1032414190874975
61795.0579 lsst_hardware_r 2.722547143080447 23.040000915527344 31.479999542236328 AB 7.726215404736428 1.1077276022943878
61799.0355 lsst_hardware_y -134.11981035943208 59.630001068115234 30.030000686645508 AB 14.172053535054728 1.1030337621897712
61799.0546 lsst_hardware_z -1.983569422447745 42.36000061035156 30.940000534057617 AB 14.094531730779199 1.1139280590199274
