data/validation/pwv_sim_epoch_fit_seasonal/44838781.ecsv
# %ECSV 0.9
# ---
# datatype:
# - {name: time, datatype: float64}
# - {name: band, datatype: string}
# - {name: flux, datatype: float64}
# - {name: fluxerr, datatype: float64}
# - {name: zp, datatype: float64}
# - {name: zpsys, datatype: string}
# - {name: pwv, datatype: float64}
# - {name: airmass, datatype: float64}
# meta: {SNID: '44838781', alt: 1024.0, c: -0.0411558635532856, dec: -30.691587, lat: -30.244573, lon: -70.7499537, ra: 203.027344, t0: 61413.91015625,
#   x0: 8.423130899377704e-06, x1: 1.0737377405166626, z: 0.49414360523223877}
# schema: astropy-2.0
time band flux fluxerr zp zpsys pwv airmass
61423.2927 lsst_hardware_i 1811.7707115860992 54.436231243969495 31.209999084472656 AB 10.078782001857508 1.3855424273096895
61423.3085 lsst_hardware_z 1633.7183220784193 58.721802122177266 30.93000030517578 AB 9.350758474989803 1.28700825476427
61425.3029 lsst_hardware_r 2522.216755821128 66.65669778711722 31.559999465942383 AB 13.941325050097708 1.287783085221865
61425.3219 lsst_hardware_z 1409.611851298899 57.02552774815351 30.93000030517578 AB 13.084816105664757 1.195906907049553
61427.3055 lsst_hardware_z 1365.051514722009 69.69969236341875 30.959999084472656 AB 11.780727724667214 1.245649243951067
61427.3227 lsst_hardware_i 1989.1524319771077 75.54939484495985 31.309999465942383 AB 11.060596102498158 1.1708671044829468
61429.3069 lsst_hardware_z 1326.6863897282933 69.2304219531792 30.959999084472656 AB 9.642665222667398 1.2135244428224854
61429.3247 lsst_hardware_r 2128.8637251739437 89.84545802240147 31.6299991607666 AB 9.118982354633948 1.1439481094692276
61431.2994 lsst_hardware_y 690.4592397548164 80.87197685677215 30.75 AB 14.82938654959804 1.2227396561343953
61435.3131 lsst_hardware_r 1398.268754989624 52.41517435254025 31.579999923706055 AB 12.552589636471083 1.128246602383757
61435.3328 lsst_hardware_g 310.4192658194075 35.53767248165879 31.649999618530273 AB 11.955024066648239 1.0748746042076271
61437.3021 lsst_hardware_r 1173.0967778247077 42.49258222607443 31.510000228881836 AB 11.290090858450224 1.1465513210571976
61437.321 lsst_hardware_i 1319.6397344932943 47.553660149835935 31.25 AB 10.725225029350568 1.0901834752338453
61439.3137 lsst_hardware_z 858.2713118607195 50.9035977171307 30.950000762939453 AB 10.314932106532622 1.0949452902216041
61439.3321 lsst_hardware_i 1150.2294157709289 45.926552687751375 31.260000228881836 AB 9.877939355419825 1.0535906730755593
61441.3111 lsst_hardware_u 3.268098443109587 2.9955426799508933 28.459999084472656 AB 7.081401446911744 1.0876058127648287
61441.3298 lsst_hardware_g 116.88717911960015 19.20968942323572 31.459999084472656 AB 6.90088697915605 1.0478115668320838
61444.3151 lsst_hardware_r 639.3091700074755 34.98835342263843 31.5 AB 8.652717029831855 1.060122155088441
61444.3346 lsst_hardware_i 969.910161311255 43.2702292125756 31.25 AB 8.377022175764019 1.0277819185658308
61446.311 lsst_hardware_z 855.3175457302459 50.05300605946601 30.959999084472656 AB 3.0929502107987186 1.0574188754867508
61446.3308 lsst_hardware_u 4.819419140356122 3.2934374114150473 28.520000457763672 AB 2.982382822916583 1.0256374699088382
61449.2997 lsst_hardware_g 88.02457830839806 17.229192494708183 31.440000534057617 AB 6.0631102244533235 1.063703548149706
61449.319 lsst_hardware_r 455.7688579413365 32.1114769126774 31.510000228881836 AB 5.873381492781536 1.0304178057511466
61451.2135 lsst_hardware_r 403.35494280119485 32.05898026141521 31.440000534057617 AB 4.505986837049461 1.4052664391234868
61451.2325 lsst_hardware_u 0.42033142636500354 2.805526864339481 28.270000457763672 AB 3.9975785329980633 1.2845689373386613
61453.2245 lsst_hardware_g 124.85379114783504 40.05867918231209 31.59000015258789 AB 6.02120998210602 1.2987942152946332
61453.2447 lsst_hardware_i 733.9431537009835 48.090601527376414 31.260000228881836 AB 5.416330657417055 1.1990991050292146
61455.2272 lsst_hardware_z 794.4168390945592 62.072654871507766 30.950000762939453 AB 3.2659302073440752 1.2549203486432565
61455.2479 lsst_hardware_r 390.82395098712135 71.74966078833128 31.6200008392334 AB 3.048154948036644 1.164677430313944
61459.2235 lsst_hardware_r 336.571910471326 103.36018518712407 31.6200008392334 AB 14.246545257363913 1.2202608357485152
61459.2421 lsst_hardware_i 637.8008679239191 83.64965021636083 31.31999969482422 AB 13.38176484136426 1.146336989023366
61461.2262 lsst_hardware_z 690.614042446625 73.93246088020342 30.969999313354492 AB 10.193987122445138 1.1852899129823329
61461.2476 lsst_hardware_r 343.79924609161264 89.29345801311354 31.639999389648438 AB 9.55259280894517 1.1116283330812842
61463.2105 lsst_hardware_z 582.4125957961768 58.339289121820954 30.950000762939453 AB 7.206717304480253 1.2298677084313283
61463.2313 lsst_hardware_r 238.50985461060446 54.508254318304104 31.610000610351562 AB 6.688749758973668 1.145922521667616
61465.2251 lsst_hardware_i 390.03785551440154 39.400824511938715 31.25 AB 4.061024796426328 1.1484798632427398
61465.247 lsst_hardware_z 468.8114796051849 48.67874733857532 30.950000762939453 AB 3.844891926502707 1.0840860695026429
61469.2172 lsst_hardware_g 15.699392158064704 15.62628457153584 31.3799991607666 AB 12.39461998036267 1.1382175472117793
61469.2372 lsst_hardware_r 190.78638004829372 27.19565862467471 31.489999771118164 AB 11.77669343779156 1.0813730717406587
61471.213 lsst_hardware_i 356.16023938170207 35.93994134710549 31.239999771118164 AB 10.9928710377255 1.1340748497898507
61471.2346 lsst_hardware_z 452.8637556659232 46.23385762953416 30.950000762939453 AB 10.409833560426891 1.074683643978444
61473.1903 lsst_hardware_z 372.66079468175 47.68276051809832 30.93000030517578 AB 10.689400989271288 1.198240202064979
61473.2107 lsst_hardware_r 173.46993536166883 27.245887006718046 31.479999542236328 AB 9.923002994794945 1.1240374937465953
61475.2156 lsst_hardware_r 231.04691793556063 27.114631106337033 31.489999771118164 AB 9.434715798843282 1.094461690619357
61475.2367 lsst_hardware_i 368.0433755179825 34.96993677177477 31.25 AB 9.045972776983463 1.0483020118184603
61478.2178 lsst_hardware_z 379.80977660217235 45.445334876889945 30.950000762939453 AB 11.886568080648866 1.069521073187418
61478.2377 lsst_hardware_i 250.58680754212318 34.61225545196522 31.25 AB 11.618179302763206 1.0334389737608591
61480.215 lsst_hardware_u 1.415614808043167 2.695450188908884 28.40999984741211 AB 8.932006179916003 1.0638406598280137
61480.2366 lsst_hardware_g 34.02223880173769 14.99575765564775 31.440000534057617 AB 8.598038122155147 1.0274083631986553
61482.1666 lsst_hardware_y 82.09558862650191 51.43395099243219 30.010000228881836 AB 7.3162172402092835 1.1945819642761506
61482.1864 lsst_hardware_r 190.33991089254744 47.67818997290465 31.610000610351562 AB 7.688662504337376 1.123197677883333
61486.1698 lsst_hardware_i 305.04949637790304 95.67320511345761 31.329999923706055 AB 5.484038766329701 1.1415171759922749
61486.1879 lsst_hardware_z 389.9205226654876 81.07169816486646 31.0 AB 5.205603470306781 1.0884690999072955
61488.1822 lsst_hardware_r 436.7032750646105 135.4078387491331 31.649999618530273 AB 6.434792768645865 1.0890738374622773
61488.2008 lsst_hardware_z 403.28530106892384 91.02459947809255 31.0 AB 6.2005577317288525 1.049030619080281
61491.1577 lsst_hardware_r -0.7405127948987111 65.1500015258789 31.6299991607666 AB 7.8408294773556655 1.1363520981674877
61491.1776 lsst_hardware_i 79.69260867052117 55.83000183105469 31.31999969482422 AB 7.263696689138103 1.0802642309842676
61495.1817 lsst_hardware_g -5.3932840967985465 14.579999923706055 31.459999084472656 AB 4.8479986651302385 1.0490097728292196
61495.2013 lsst_hardware_r 33.14166491634993 23.709999084472656 31.520000457763672 AB 4.824727072273153 1.0205302980201658
61498.1543 lsst_hardware_r 18.50497508798901 23.65999984741211 31.489999771118164 AB 6.822475896957576 1.0905927981389243
61498.1717 lsst_hardware_i 2.0734690926953334 31.030000686645508 31.25 AB 6.733430846258255 1.0523178026033946
61500.1671 lsst_hardware_u -2.9589396655855853 2.7200000286102295 28.43000030517578 AB 7.7614741131636755 1.050729226407243
61500.1876 lsst_hardware_g 8.80360635171593 14.649999618530273 31.450000762939453 AB 7.533958438775814 1.0205849957702302
61502.1771 lsst_hardware_r -6.544154253279459 23.299999237060547 31.510000228881836 AB 10.461544404094322 1.0266733142711608
61502.1949 lsst_hardware_i -14.645015681668852 30.579999923706055 31.260000228881836 AB 10.28999174839469 1.0087979949897983
61510.0745 lsst_hardware_r 2.557613320838402 39.31999969482422 31.559999465942383 AB 13.821217671307544 1.2680016212208756
61510.0922 lsst_hardware_z -59.01272109248453 46.45000076293945 30.950000762939453 AB 12.332040544123712 1.1861723218509799
61512.0823 lsst_hardware_y -48.41687614327534 52.220001220703125 30.0 AB 17.61418136423308 1.2047316977531888
61512.101 lsst_hardware_r -42.280016841679306 62.02000045776367 31.6200008392334 AB 16.133460592445733 1.134268748736547
61514.064 lsst_hardware_r -221.88467496276735 115.69000244140625 31.610000610351562 AB 11.351225367787729 1.265794747922655
61514.0821 lsst_hardware_i 21.96524931658106 91.5 31.309999465942383 AB 10.58708327814061 1.182870277994184
61517.0844 lsst_hardware_r -210.6977467311546 201.32000732421875 32.38999938964844 AB 10.345678460200887 1.1440959665512629
61517.1031 lsst_hardware_z 232.65981289369245 132.57000732421875 31.75 AB 10.009666201657534 1.0888751397843426
61519.0829 lsst_hardware_r 109.63051912890461 77.87999725341797 31.6299991607666 AB 10.463410843108436 1.1309961458259132
61519.1013 lsst_hardware_i -17.58288984770157 64.25 31.31999969482422 AB 9.786155566543126 1.0799112300312432
61521.0714 lsst_hardware_z 58.49044050943588 42.689998626708984 30.940000534057617 AB 12.277427685695102 1.1512966697013411
61521.089 lsst_hardware_i -27.272497569342526 38.91999816894531 31.280000686645508 AB 10.751805051378275 1.0971229644263545
61525.0757 lsst_hardware_r 24.33540775951641 23.719999313354492 31.489999771118164 AB 11.705363294023018 1.1035854771234777
61525.0951 lsst_hardware_i -5.335789130340072 31.059999465942383 31.25 AB 11.124207775065804 1.0578364183212061
61527.0514 lsst_hardware_i -13.47034881478726 32.18000030517578 31.239999771118164 AB 9.78083335985469 1.1643849237922248
61527.0712 lsst_hardware_z 11.88421834610045 42.380001068115234 30.950000762939453 AB 9.247931483979333 1.100944224283254
61529.0687 lsst_hardware_g 12.807394138006838 14.680000305175781 31.420000076293945 AB 12.0036594648614 1.0930635421030261
61529.0881 lsst_hardware_r -16.198545819368647 23.520000457763672 31.510000228881836 AB 12.343779060078747 1.0504002944371993
61531.0555 lsst_hardware_r -35.95311570524487 23.860000610351562 31.5 AB 4.0200805269521265 1.1144961608738713
61531.0754 lsst_hardware_i -23.99718189548764 31.25 31.260000228881836 AB 3.8500571646316017 1.0645809939531443
61536.0529 lsst_hardware_u 2.2840024896827456 3.0199999809265137 28.56999969482422 AB 8.32957003002931 1.084697128164461
61536.0724 lsst_hardware_g 15.252367420080457 15.420000076293945 31.479999542236328 AB 7.991752658966564 1.0443891304938961
61540.0468 lsst_hardware_r -90.48255364668108 53.099998474121094 31.6299991607666 AB 6.976724302197274 1.0733422003380422
61540.067 lsst_hardware_i 12.629160381041757 47.380001068115234 31.309999465942383 AB 6.731027232247966 1.0355426511150716
61541.9531 lsst_hardware_z 88.22576907342227 93.38999938964844 30.940000534057617 AB 14.332378672955764 1.5010607976703134
61541.9726 lsst_hardware_r -6.167425135479573 98.56999969482422 31.579999923706055 AB 14.148181449062823 1.353116052894282
61544.9698 lsst_hardware_y 2.612908312169806 69.37999725341797 29.979999542236328 AB 9.917248562579655 1.3193678797223487
61544.9908 lsst_hardware_z -43.759854271108935 91.31999969482422 30.979999542236328 AB 9.180076126199118 1.2108256046866281
61545.9597 lsst_hardware_y 129.64337357973253 111.77999877929688 30.709999084472656 AB 9.810435328861582 1.3661973302348727
61545.9771 lsst_hardware_i 31.52923887411859 132.60000610351562 32.04999923706055 AB 9.018604222760917 1.2633310065153205
61547.9704 lsst_hardware_y 86.92162443462868 50.56999969482422 29.959999084472656 AB 2.416452890997599 1.2698123441921172
61547.9924 lsst_hardware_r 67.17304957358054 47.779998779296875 31.59000015258789 AB 2.2704494399111557 1.1706364732720576
61551.9523 lsst_hardware_z -18.097941035487715 67.55000305175781 30.950000762939453 AB 7.858699131169203 1.3097831885282005
61551.9717 lsst_hardware_i -30.57167358936814 32.52000045776367 31.219999313354492 AB 7.0232500489415575 1.2107660123448265
61553.9519 lsst_hardware_y -190.38142640602925 73.63999938964844 29.989999771118164 AB 12.262865816918184 1.2811630663678761
61553.9708 lsst_hardware_r -30.87202458601137 24.06999969482422 31.479999542236328 AB 10.501187326497998 1.1913199269971142
61562.957 lsst_hardware_y 49.09176052233931 80.19000244140625 30.770000457763672 AB 5.149572927064075 1.1503141311386618
61562.9748 lsst_hardware_r -26.452722109014584 33.29999923706055 32.25 AB 4.880916633839418 1.0958501647596357
61573.9593 lsst_hardware_y 0.46184885166857226 61.849998474121094 30.059999465942383 AB 7.182713496919107 1.061863990378771
61573.9829 lsst_hardware_z -60.48417946436248 66.86000061035156 30.989999771118164 AB 6.914448415951529 1.0236802747726004
61790.3061 lsst_hardware_i 11.328079068252563 38.599998474121094 31.229999542236328 AB 13.981951657641941 1.2741657482226318
61790.3251 lsst_hardware_z -3.513963554838275 46.459999084472656 30.940000534057617 AB 12.807081706687503 1.185621339260099
61792.2892 lsst_hardware_r -8.08606908040327 25.81999969482422 31.459999084472656 AB 13.105754345208705 1.3407649929453578
61792.3052 lsst_hardware_u -0.7853621766127257 2.7899999618530273 28.34000015258789 AB 11.816305110013678 1.2506011652657754
61794.2924 lsst_hardware_g -0.7655154869076515 15.229999542236328 31.3700008392334 AB 10.197609033716164 1.289326931594799
61794.3099 lsst_hardware_i -31.95958309438627 32.75 31.229999542236328 AB 9.514828395442128 1.2034565559452584
61796.305 lsst_hardware_z -13.154105481202452 43.68000030517578 30.93000030517578 AB 14.535195840251152 1.2010573326930385
61796.3234 lsst_hardware_r -24.87996415684878 24.06999969482422 31.479999542236328 AB 13.8540164244968 1.1324654779496302
61798.2937 lsst_hardware_g -31.398053395480684 15.0 31.3700008392334 AB 14.356759086860746 1.2270734262274143
61798.3125 lsst_hardware_r -26.315402139722362 24.360000610351562 31.479999542236328 AB 13.464293868424164 1.1507943477285612
61800.3109 lsst_hardware_i -44.96512547943961 31.81999969482422 31.239999771118164 AB 12.66552675372132 1.1376306787075938
61800.3286 lsst_hardware_z 23.1984829548301 41.970001220703125 30.940000534057617 AB 12.164834491376373 1.0865582467790345
61804.3076 lsst_hardware_r 2.556989873909294 24.049999237060547 31.489999771118164 AB 10.488027040334737 1.1138516397976568
61804.3276 lsst_hardware_i -8.812143252783539 31.34000015258789 31.25 AB 10.015685709499353 1.0639139270766254
61806.3029 lsst_hardware_z 45.501363253249636 42.58000183105469 30.940000534057617 AB 7.296019299280347 1.111633209641504
61806.3209 lsst_hardware_i -46.03048197689321 31.329999923706055 31.25 AB 7.023090304950597 1.0665285201139942
61809.3096 lsst_hardware_z -12.125390571846948 47.2599983215332 30.950000762939453 AB 8.772333074954018 1.0733527428212155
61809.3302 lsst_hardware_g -1.9363182121489892 14.479999542236328 31.43000030517578 AB 8.468824976461091 1.034950197746632
61811.3101 lsst_hardware_r -53.82863079250926 81.22000122070312 31.649999618530273 AB 3.115356151547519 1.060606951275833
61811.3296 lsst_hardware_i -86.86763257153407 63.130001068115234 31.329999923706055 AB 3.0087372519834252 1.0281008891110377
61813.3206 lsst_hardware_z -123.21271306788574 89.94999694824219 31.739999771118164 AB 6.324173690999398 1.0330100631864532
61817.2069 lsst_hardware_r -73.69943740931281 65.73999786376953 31.540000915527344 AB 6.029972186633028 1.439821439024123
61817.2258 lsst_hardware_z 50.30286539542542 59.93000030517578 30.950000762939453 AB 5.024587190494911 1.3111324132023638
61821.2219 lsst_hardware_z -70.3747145190431 62.970001220703125 31.68000030517578 AB 4.197141564976629 1.2718610802959482
61821.2424 lsst_hardware_r 9.19546951674872 33.61000061035156 32.22999954223633 AB 3.8871787741414052 1.177932961861032
61823.223 lsst_hardware_u -1.8254082825652036 2.630000114440918 28.290000915527344 AB 10.033159201300673 1.2386616297902067
61823.2434 lsst_hardware_g 29.713427077740995 14.600000381469727 31.40999984741211 AB 9.345708101697936 1.1537911236664118
