data/validation/pwv_sim_epoch_fit_seasonal/44881316.ecsv
# %ECSV 0.9
# ---
# datatype:
# - {name: time, datatype: float64}
# - {name: band, datatype: string}
# - {name: flux, datatype: float64}
# - {name: fluxerr, datatype: float64}
# - {name: zp, datatype: float64}
# - {name: zpsys, datatype: string}
# - {name: pwv, datatype: float64}
# - {name: airmass, datatype: float64}
# meta: {SNID: '44881316', alt: 1024.0, c: -0.05696988105773926, dec: 0.0, lat: -30.244573, lon: -70.7499537, ra: 242.402344, t0: 62627.9921875,
#   x0: 2.3769465799853345e-06, x1: 0.24380259215831757, z: 0.830464780330658}
# schema: astropy-2.0
time band flux fluxerr zp zpsys pwv airmass
[from data line 132]
62996.1433 lsst_hardware_y 10.679803871792618 82.44000244140625 30.700000762939453 AB 9.9031562922275 1.398668575374919
62996.1811 lsst_hardware_r 123.9925643535725 85.68000030517578 31.610000610351562 AB 7.671519434884832 1.2354156586319858
63001.1869 lsst_hardware_z 1.76146834868977 43.7400016784668 30.940000534057617 AB 7.738981249234431 1.1897583144257189
63001.2068 lsst_hardware_r 30.20424618831007 24.059999465942383 31.489999771118164 AB 7.583082735715009 1.1638081165967094
63004.1652 lsst_hardware_i -20.069624859395613 32.459999084472656 31.229999542236328 AB 9.79403602950508 1.2191493159278293
63004.1871 lsst_hardware_z -30.14419740608614 43.290000915527344 30.940000534057617 AB 8.679028843978513 1.1764186843752644
63008.2109 lsst_hardware_r 3.267577645054483 24.059999465942383 31.489999771118164 AB 5.503618762096977 1.1573165307742816
63008.2316 lsst_hardware_u 1.6788086113855465 2.6600000858306885 28.329999923706055 AB 5.61083391745736 1.1725880705240042
63014.1655 lsst_hardware_r -47.333620561087855 24.09000015258789 31.489999771118164 AB 8.345220904417447 1.1693716674024817
63014.1865 lsst_hardware_i -18.565565721122137 32.08000183105469 31.239999771118164 AB 8.750653966799762 1.1567543634096211
63018.1675 lsst_hardware_z 27.90381216403763 52.689998626708984 30.959999084472656 AB 8.692656944593638 1.1591754826768421
63018.1889 lsst_hardware_r -50.44460500435631 57.16999816894531 31.610000610351562 AB 8.602140162513047 1.1593180812012192
63021.1692 lsst_hardware_i -96.93341913525558 109.29000091552734 31.31999969482422 AB 13.242221286183861 1.1566268919716884
63021.192 lsst_hardware_z -74.56543164974148 91.94000244140625 30.979999542236328 AB 13.37767115860057 1.1679475430941653
63023.1668 lsst_hardware_r -138.42560370360204 185.8800048828125 32.380001068115234 AB 6.314694345224358 1.15674928470862
63023.1877 lsst_hardware_z -181.5383192788519 125.20999908447266 31.729999542236328 AB 6.3521485745712845 1.1691788283768239
63037.1224 lsst_hardware_z 55.247624894945055 42.88999938964844 30.940000534057617 AB 4.384358709223317 1.1569500717026895
63037.1497 lsst_hardware_r -28.912797549423804 23.780000686645508 31.489999771118164 AB 3.5008865245366168 1.1694309735674744
63043.0844 lsst_hardware_r 29.060054111946084 25.489999771118164 31.510000228881836 AB 5.654806988233734 1.171576033473777
63043.1062 lsst_hardware_z 52.1908790937363 43.15999984741211 30.940000534057617 AB 5.671322413793583 1.1569208493926562
63045.0845 lsst_hardware_g 10.477088589099484 30.860000610351562 31.610000610351562 AB 8.26486609305375 1.1657074884419956
63047.0742 lsst_hardware_z 113.48308493776635 56.220001220703125 30.959999084472656 AB 3.780486650057536 1.1707313496953307
63047.0967 lsst_hardware_r -15.830987180682975 64.26000213623047 31.6200008392334 AB 4.107563950018705 1.1567344269272615
63049.0888 lsst_hardware_y 2.2159205791063803 88.3499984741211 30.770000457763672 AB 10.158698905439573 1.1571150701009596
63052.0869 lsst_hardware_r -91.32446524317935 152.00999450683594 32.380001068115234 AB 4.268966295710439 1.1566924572914845
63052.1111 lsst_hardware_i -62.17420859326991 84.44000244140625 31.309999465942383 AB 4.3305520278949805 1.172161869778076
63057.041 lsst_hardware_i 13.613346987664942 45.060001373291016 31.979999542236328 AB 9.64970520109295 1.1783980462531842
63057.0614 lsst_hardware_z -32.61511081019039 60.779998779296875 31.690000534057617 AB 9.703958864687491 1.159004562228779
63067.0729 lsst_hardware_u -2.6445892363980525 2.75 28.420000076293945 AB 3.31214685520701 1.1757014217146105
63067.1028 lsst_hardware_g -3.998866055106848 14.430000305175781 31.3700008392334 AB 3.999533149448429 1.2399410389175383
63069.015 lsst_hardware_g 6.038580543917342 14.460000038146973 31.399999618530273 AB 7.1296267545503325 1.1697500827810225
63069.0376 lsst_hardware_r -54.60542893668748 23.639999389648438 31.479999542236328 AB 6.951560768465795 1.156665685268851
63072.0111 lsst_hardware_i -5.298931779323307 32.63999938964844 31.239999771118164 AB 6.053772985671823 1.1654197681532048
63072.0329 lsst_hardware_z -21.415277538683302 43.349998474121094 30.940000534057617 AB 5.977717453901039 1.1567536839129922
63073.0096 lsst_hardware_r 24.404895786606787 28.6200008392334 31.520000457763672 AB 10.6803038055107 1.164340767721064
63073.029 lsst_hardware_z -35.21300217606011 44.040000915527344 30.940000534057617 AB 10.599848420597686 1.1566625538526165
63081.0216 lsst_hardware_y 144.98265003477164 77.68000030517578 30.770000457763672 AB 2.5409894752197206 1.1622150366914408
63084.9753 lsst_hardware_y -43.26080801643503 50.150001525878906 30.010000228881836 AB 3.6078392520987075 1.1656992736990976
63084.9963 lsst_hardware_z -4.749751537015427 42.900001525878906 30.940000534057617 AB 3.655073081692372 1.1566686967380924
63092.9785 lsst_hardware_y 102.83732531736996 50.81999969482422 30.010000228881836 AB 5.1689302098049845 1.157266362880328
63093.0042 lsst_hardware_r 13.186502563153372 24.020000457763672 31.469999313354492 AB 4.746991024643401 1.178937296571067
63093.9732 lsst_hardware_y 94.02638093733383 58.529998779296875 30.020000457763672 AB 6.991704562971242 1.156800887321516
63093.992 lsst_hardware_g -5.46853092039023 14.9399995803833 31.420000076293945 AB 7.013050886595803 1.167285433854242
