data/validation/pwv_sim_epoch_fit_seasonal/44982519.ecsv
# %ECSV 0.9
# ---
# datatype:
# - {name: time, datatype: float64}
# - {name: band, datatype: string}
# - {name: flux, datatype: float64}
# - {name: fluxerr, datatype: float64}
# - {name: zp, datatype: float64}
# - {name: zpsys, datatype: string}
# - {name: pwv, datatype: float64}
# - {name: airmass, datatype: float64}
# meta: {SNID: '44982519', alt: 1024.0, c: 0.048238009214401245, dec: -32.089951, lat: -30.244573, lon: -70.7499537, ra: 194.589844, t0: 61565.890625,
#   x0: 1.1953899186935131e-05, x1: -0.6412298679351807, z: 0.427165687084198}
# schema: astropy-2.0
time band flux fluxerr zp zpsys pwv airmass
[from data line 132]
61817.2216 lsst_hardware_r -31.53133071390964 55.970001220703125 31.600000381469727 AB 4.670939260629519 1.2096178326115548
61817.2411 lsst_hardware_z 89.15084914820662 52.880001068115234 30.959999084472656 AB 4.331136753025452 1.1359613803751758
61821.2198 lsst_hardware_z -27.896503349656523 43.04999923706055 30.940000534057617 AB 3.8692501118634848 1.1725000338980258
61821.2402 lsst_hardware_r 29.807961102180574 23.18000030517578 31.489999771118164 AB 3.649164454025026 1.105807410310614
61823.2201 lsst_hardware_u -1.867033539478138 2.690000057220459 28.399999618530273 AB 9.327293112489336 1.1515176682085602
61823.2404 lsst_hardware_g -21.697993275065308 14.010000228881836 31.420000076293945 AB 8.835437192182763 1.0907947150842918
61825.2202 lsst_hardware_r 29.224066067569495 23.239999771118164 31.479999542236328 AB 9.457086505718427 1.1329244091905872
61825.2401 lsst_hardware_i 13.609322705073446 30.93000030517578 31.25 AB 9.072755891744107 1.0782928323917407
61827.2214 lsst_hardware_z 10.608773197160367 41.869998931884766 30.940000534057617 AB 6.181919094487037 1.1126564244936967
61827.2412 lsst_hardware_r 2.7989193912672325 22.709999084472656 31.489999771118164 AB 5.893014534290657 1.063945090895915
61829.2205 lsst_hardware_u -0.9456013561604313 2.569999933242798 28.309999465942383 AB 5.822749519417197 1.0999637018561208
61829.2408 lsst_hardware_r -17.34613328800302 22.799999237060547 31.489999771118164 AB 5.581392413115862 1.0540043899188032
61831.215 lsst_hardware_i 10.82371653491111 44.04999923706055 31.989999771118164 AB 3.731438046349517 1.100070178758702
61831.2358 lsst_hardware_z -63.376251259237876 58.459999084472656 31.700000762939453 AB 3.544893756969393 1.0531472837104554
61835.214 lsst_hardware_g -11.898409320024795 13.84000015258789 31.399999618530273 AB 8.46197405432577 1.0755379469973017
61835.2344 lsst_hardware_r 20.358246943751148 22.540000915527344 31.489999771118164 AB 8.111624796575894 1.0371153422147836
61837.2163 lsst_hardware_i 37.42593538962934 41.72999954223633 31.290000915527344 AB 11.42812829860298 1.0591079946806998
61837.2398 lsst_hardware_z -5.877008815427738 44.939998626708984 30.959999084472656 AB 11.023116603305459 1.022599991029775
61839.2193 lsst_hardware_r 83.48616816899525 73.44999694824219 31.649999618530273 AB 10.525534653034562 1.0437597890804535
61839.24 lsst_hardware_z 74.05668708960927 55.58000183105469 30.979999542236328 AB 10.266126383990219 1.016548805227272
61841.2157 lsst_hardware_r -220.5935449956018 116.83999633789062 31.65999984741211 AB 7.701381692743483 1.0407272557761462
61841.2358 lsst_hardware_i -60.43695679913039 89.43000030517578 31.34000015258789 AB 7.513504694706255 1.015338472257602
61848.1786 lsst_hardware_g -10.628037185261759 18.489999771118164 31.520000457763672 AB 6.674648710265932 1.0753277105885908
61848.1965 lsst_hardware_r -59.62086545461598 27.700000762939453 31.549999237060547 AB 6.548367021604728 1.040868988135065
61850.1768 lsst_hardware_i -29.76904977729447 30.690000534057617 31.25 AB 5.6566969692817635 1.0673013149588233
61850.1955 lsst_hardware_z -38.88222733906321 40.95000076293945 30.950000762939453 AB 5.480575060715503 1.0340707661727364
61852.1736 lsst_hardware_r 21.82403657817962 23.100000381469727 31.5 AB 7.323203353215436 1.0626043244771555
61852.1909 lsst_hardware_g -9.076734290836585 14.279999732971191 31.440000534057617 AB 7.056600556768709 1.0328369946604279
61854.1732 lsst_hardware_r -31.76301391672789 23.1200008392334 31.5 AB 7.2958128459739 1.0527868464608998
61854.1904 lsst_hardware_i -31.147960752151942 30.489999771118164 31.25 AB 7.102192651929593 1.0262048383281963
61858.1607 lsst_hardware_u -1.7416843322999218 2.7200000286102295 28.440000534057617 AB 6.921484126237219 1.0557480363387903
61858.1782 lsst_hardware_g 1.039768244834682 14.369999885559082 31.440000534057617 AB 6.754260843923653 1.0278371985274992
61860.0847 lsst_hardware_r 23.692253136185794 24.1200008392334 31.440000534057617 AB 6.775063671494577 1.3077169705313316
61860.104 lsst_hardware_u 0.9672469185740892 2.549999952316284 28.239999771118164 AB 6.186112049586837 1.2104907394218027
61862.0806 lsst_hardware_g 4.768764328673142 15.829999923706055 31.389999389648438 AB 11.287176153312128 1.2999291121430736
61862.0993 lsst_hardware_r -28.574326367652745 23.8700008392334 31.469999313354492 AB 10.416455774556047 1.207191815022363
61864.0851 lsst_hardware_i -33.87149775309464 36.540000915527344 31.229999542236328 AB 7.484386662859063 1.2473977771431772
61864.1027 lsst_hardware_z -6.291330640066584 44.869998931884766 30.93000030517578 AB 7.0281695840481015 1.1713615973413503
61866.0759 lsst_hardware_r -35.60104047296418 50.16999816894531 31.56999969482422 AB 9.975878727051972 1.2662288819096863
61866.0936 lsst_hardware_z 49.2169503918768 49.68000030517578 30.950000762939453 AB 10.964022746394702 1.1855133623783007
61872.0876 lsst_hardware_r 108.3626093222292 120.5999984741211 31.6299991607666 AB 7.7703771684513825 1.1470884512033337
61872.1066 lsst_hardware_z -1.1044431595294322 81.88999938964844 30.989999771118164 AB 7.469528729305218 1.0908402671493564
61874.0855 lsst_hardware_g 99.0646241561339 56.220001220703125 31.68000030517578 AB 7.09075453870692 1.1358837867370977
61874.1042 lsst_hardware_r -150.91461511968308 61.5 31.639999389648438 AB 6.5593239677773365 1.0832904983941827
61878.0668 lsst_hardware_z 5.098356104237356 43.130001068115234 30.940000534057617 AB 13.22440638129937 1.1627129470314865
61878.0853 lsst_hardware_r 25.166904253423915 23.6200008392334 31.5 AB 12.473019946407621 1.1038070749033293
61880.0649 lsst_hardware_u 2.6252386035614443 2.6700000762939453 28.350000381469727 AB 7.754708486807741 1.1500383340957645
61880.0835 lsst_hardware_r 2.2537188579330625 23.5 31.489999771118164 AB 7.464738370468938 1.0940551620209495
61883.0594 lsst_hardware_i -32.195671145894174 31.479999542236328 31.239999771118164 AB 5.884009736971443 1.1409015777479152
61883.0791 lsst_hardware_z -8.941527690695176 41.650001525878906 30.940000534057617 AB 5.568860913229638 1.0845613308029676
61885.0584 lsst_hardware_r 25.303374255827453 33.5 32.2400016784668 AB 15.362083247982655 1.1265621595367243
61885.0773 lsst_hardware_u 1.3332661614231363 3.9100000858306885 29.209999084472656 AB 14.674459276685274 1.075958446800267
61889.0505 lsst_hardware_r -34.782286351958106 23.579999923706055 31.489999771118164 AB 9.490340939487124 1.1173980442689342
61889.076 lsst_hardware_i 17.106740461020692 30.8799991607666 31.239999771118164 AB 8.962320552984028 1.055860576840389
61891.0556 lsst_hardware_r -3.7943228575058248 24.34000015258789 31.510000228881836 AB 10.842266148606939 1.0886355889961281
61891.0751 lsst_hardware_g -29.69766894186335 15.359999656677246 31.469999313354492 AB 10.467062082286214 1.0475442436235527
61895.0524 lsst_hardware_r 13.102868757392518 53.22999954223633 31.6299991607666 AB 9.646917281781727 1.0706009246490833
61895.0714 lsst_hardware_i -57.78015550367151 47.38999938964844 31.31999969482422 AB 9.351963783469659 1.0358843357852967
61897.0718 lsst_hardware_i -62.16120700243212 79.5199966430664 31.34000015258789 AB 6.4649238506772955 1.0277281377755816
61897.0904 lsst_hardware_z -198.15784137767548 70.1500015258789 31.0 AB 6.713373080127075 1.0091504066331567
61902.9718 lsst_hardware_y 98.23890137971594 50.209999084472656 29.959999084472656 AB 9.964800868205348 1.2824986638330484
61902.9919 lsst_hardware_u -2.553915266229281 2.549999952316284 28.25 AB 9.256239845056115 1.1882207760020687
61907.9674 lsst_hardware_z -69.94699129730705 45.119998931884766 30.93000030517578 AB 9.16877543075382 1.2356562652348986
61907.9856 lsst_hardware_r -41.50030564982986 23.540000915527344 31.469999313354492 AB 8.639978061587646 1.1601179001796103
61909.9679 lsst_hardware_y -48.840423080424806 49.7400016784668 29.989999771118164 AB 9.104424994869357 1.2086589514385375
61909.9883 lsst_hardware_z -4.990884797493464 42.43000030517578 30.940000534057617 AB 8.589644297214143 1.132351930906641
61911.9667 lsst_hardware_y 33.90423667874266 70.63999938964844 30.75 AB 6.437221815303634 1.1907550527755038
61911.9872 lsst_hardware_u 1.5949539361625598 3.7899999618530273 29.149999618530273 AB 6.33510517135756 1.118881167671647
61925.9616 lsst_hardware_y -28.69880304908732 59.88999938964844 30.049999237060547 AB 12.815375514930576 1.084777070518791
61925.9812 lsst_hardware_r 61.211132749362825 94.08999633789062 31.65999984741211 AB 12.197191376810338 1.0446900290619467
61927.9717 lsst_hardware_y 147.4341564998654 81.95999908447266 30.809999465942383 AB 4.730878779544946 1.0517738504990986
