data/validation/pwv_sim_epoch_fit_seasonal/44982995.ecsv
# %ECSV 0.9
# ---
# datatype:
# - {name: time, datatype: float64}
# - {name: band, datatype: string}
# - {name: flux, datatype: float64}
# - {name: fluxerr, datatype: float64}
# - {name: zp, datatype: float64}
# - {name: zpsys, datatype: string}
# - {name: pwv, datatype: float64}
# - {name: airmass, datatype: float64}
# meta: {SNID: '44982995', alt: 1024.0, c: -0.023123078048229218, dec: -15.094787, lat: -30.244573, lon: -70.7499537, ra: 88.066406, t0: 60671.32421875,
#   x0: 7.313770230422972e-06, x1: -2.064459800720215, z: 0.5244185924530029}
# schema: astropy-2.0
time band flux fluxerr zp zpsys pwv airmass
60596.3655 lsst_hardware_z 57.28098645644001 41.36000061035156 30.950000762939453 AB 5.613994044022928 1.0396285266709127
60601.3623 lsst_hardware_r -195.83496103090283 81.45999908447266 31.65999984741211 AB 3.9818068999211746 1.036299184502834
60603.3447 lsst_hardware_r 15.36106084762354 69.2699966430664 31.649999618530273 AB 2.604283074517602 1.0405339579880308
60603.3634 lsst_hardware_y 64.3014498111526 52.34000015258789 30.059999465942383 AB 2.612860593077666 1.036198391121097
60605.351 lsst_hardware_z -20.463686122836403 70.0 31.729999542236328 AB 3.407694739661391 1.0363509776454813
60607.3447 lsst_hardware_i 66.5679945690657 35.34000015258789 31.280000686645508 AB 3.8291225244781355 1.03648538964484
60607.3621 lsst_hardware_y 86.6258995287532 50.86000061035156 30.049999237060547 AB 3.8168082862861423 1.0388228495221394
60609.3 lsst_hardware_r 39.05392315143045 40.25 32.70000076293945 AB 3.322218057605089 1.0716832443887383
60609.3148 lsst_hardware_y -19.962939310643243 47.43000030517578 30.049999237060547 AB 3.324526800831573 1.0515662820912772
60611.3455 lsst_hardware_g 23.97968750901921 13.890000343322754 31.450000762939453 AB 3.6556681456302482 1.0368728785943115
60611.3634 lsst_hardware_y -58.914552726870184 53.97999954223633 30.059999465942383 AB 3.754813842678714 1.0469784857363549
60615.3415 lsst_hardware_r -3.5355791880953804 22.139999389648438 31.489999771118164 AB 2.683821156677202 1.039401448446875
60615.3585 lsst_hardware_y -23.870157962512163 50.36000061035156 30.049999237060547 AB 2.725778983649962 1.0530341833687316
60620.282 lsst_hardware_r -11.831556512473826 22.3799991607666 31.5 AB 5.438232993873643 1.0546705657522095
60620.2998 lsst_hardware_i -46.19723242631116 30.25 31.260000228881836 AB 5.986327481114628 1.039714145970236
60624.3117 lsst_hardware_z 24.555795306472454 40.75 30.950000762939453 AB 2.021064207680616 1.0373297900842586
60624.3289 lsst_hardware_g 25.282006732568927 13.359999656677246 31.40999984741211 AB 2.037775401752654 1.0478790204419974
60626.3028 lsst_hardware_r -27.297272335759903 30.3799991607666 31.56999969482422 AB 4.2255574770075235 1.0365014967823694
60626.321 lsst_hardware_z 85.16483685148441 40.650001525878906 30.940000534057617 AB 4.21896465837474 1.0457218139482998
60629.3015 lsst_hardware_r 92.5471085453741 88.52999877929688 31.649999618530273 AB 5.022787277000668 1.0385840658579162
60629.319 lsst_hardware_y 71.07600957346962 54.52000045776367 30.049999237060547 AB 5.084039691126726 1.0516300378537784
60631.3006 lsst_hardware_z -103.39584813854015 92.0199966430664 31.729999542236328 AB 4.736617124254622 1.0409003679276172
60633.2921 lsst_hardware_r 105.27163181786278 65.48999786376953 31.649999618530273 AB 5.037351409545085 1.0392720052702877
60633.3104 lsst_hardware_i -66.55374220291601 56.08000183105469 31.31999969482422 AB 5.093283081264367 1.0542189349933146
60635.1541 lsst_hardware_z 39.513374978318154 45.439998626708984 30.90999984741211 AB 5.65511982986935 1.3490803140716845
60635.1826 lsst_hardware_r -9.14597427021835 27.559999465942383 31.5 AB 4.422513778509064 1.200465195035236
60640.273 lsst_hardware_i -6.368926130473415 30.25 31.25 AB 4.5668376872795164 1.039275800712209
60640.2925 lsst_hardware_u -2.1821854195482304 2.7699999809265137 28.489999771118164 AB 4.115986045431257 1.0556517172176416
60642.1876 lsst_hardware_g -3.0066931076926826 13.659909448885989 31.3799991607666 AB 4.895197477995894 1.1196700544363893
60642.2048 lsst_hardware_r 24.08384266636858 22.684035996727708 31.489999771118164 AB 4.739892651289844 1.0806868789989503
60644.2531 lsst_hardware_i 26.717775106240072 30.360384741918928 31.25 AB 7.959134832126931 1.0364019096687447
60644.2726 lsst_hardware_r -27.83607424714331 23.08568022794628 31.489999771118164 AB 8.063873228517068 1.0463503324200347
60646.2577 lsst_hardware_u -5.008175063923449 3.8303928160507716 28.440000534057617 AB 6.473201878384515 1.0398149718590615
60646.2762 lsst_hardware_g -31.22159515985716 14.775564165098311 31.40999984741211 AB 6.567147754420849 1.0557480300087652
60650.228 lsst_hardware_i 15.172107302129703 30.574734911387466 31.25 AB 4.365323410584657 1.036360561211833
60650.2466 lsst_hardware_z 46.55380092074445 41.40663882850239 30.950000762939453 AB 4.381039558959821 1.0397214363483986
60652.233 lsst_hardware_i 93.79448526349657 32.0901083934961 31.25 AB 5.5678538566650335 1.036731675330032
60652.2511 lsst_hardware_z 79.08097585821393 42.741164552435876 30.950000762939453 AB 7.200056660249484 1.046646637468126
60656.2169 lsst_hardware_i 492.9459965258295 55.01403352552884 31.31999969482422 AB 11.204989872245388 1.0360600898978927
60656.236 lsst_hardware_r 677.0128029613682 61.8855706762045 31.639999389648438 AB 11.306723808604428 1.0432963145194696
60660.2223 lsst_hardware_r 1673.1907094521366 107.38968808314804 31.65999984741211 AB 8.768095005505295 1.0414239059511676
60660.2423 lsst_hardware_i 1002.573077469685 85.68468551089936 31.34000015258789 AB 8.930162125876103 1.0613456294124202
60662.1577 lsst_hardware_i 1301.4487314372977 66.68874960164759 31.329999923706055 AB 3.543777242844768 1.0678048189362765
60662.1773 lsst_hardware_z 1098.2579700619765 63.172062650331256 30.979999542236328 AB 5.366249150501289 1.0448304420757961
60663.1989 lsst_hardware_z 1168.2324730687358 60.07862025505956 30.979999542236328 AB 4.031893831072667 1.0361214230954041
60663.2181 lsst_hardware_g 1027.180255596159 65.0273550711616 31.719999313354492 AB 5.147640951734521 1.0441991889516096
60665.1777 lsst_hardware_g 1009.9501559289154 39.38281068843175 31.6200008392334 AB 3.8280812401931845 1.0393215883236773
60665.1967 lsst_hardware_r 2361.97019411106 59.606281490260045 31.600000381469727 AB 3.9632897437097974 1.036560675744431
60670.1685 lsst_hardware_u -1.9929446362142893 2.77575294878607 28.479999542236328 AB 5.731592285984085 1.0375174596000878
60670.1871 lsst_hardware_g 803.1192302137271 31.22436136891708 31.43000030517578 AB 5.733789792245266 1.0376335018389864
60672.1589 lsst_hardware_r 2529.085956216168 54.78093101472645 31.5 AB 7.336535969202234 1.0391694007368601
60672.1786 lsst_hardware_i 1995.2596575167609 53.71718366959735 31.25 AB 7.261809860553787 1.0367719399727005
60674.1563 lsst_hardware_z 1541.2084382567252 56.131739063725455 30.950000762939453 AB 6.9823627944426825 1.037960873263321
60674.1773 lsst_hardware_r 2336.3085345669538 53.48286038323465 31.489999771118164 AB 6.787180633953924 1.038033284997159
60676.1634 lsst_hardware_u 3.3413077168492284 2.7038064641816564 28.399999618530273 AB 7.217472209753117 1.0361170489827376
60676.1839 lsst_hardware_g 513.4685084644304 26.18941598934223 31.420000076293945 AB 7.319729840089153 1.04522176655983
60678.1357 lsst_hardware_g 360.6709080985001 24.092529581912352 31.399999618530273 AB 4.024819712130295 1.0432399461198276
60678.1567 lsst_hardware_r 1984.1080817988027 49.777298496071396 31.489999771118164 AB 3.961332918365336 1.0360488867177549
60680.1344 lsst_hardware_i 3417.811464154676 71.90666605866664 32.0 AB 11.774900867136358 1.0405532756394806
60680.155 lsst_hardware_r 3606.05171155664 66.9222695102429 32.2400016784668 AB 11.71261213172501 1.0364226291235301
60682.1357 lsst_hardware_z 1256.7128061116189 55.135916018175664 30.959999084472656 AB 8.271153201983061 1.0375254894609962
60682.1572 lsst_hardware_g 294.86337173983975 26.53898179978928 31.56999969482422 AB 8.304069434103978 1.0387444565864126
60686.1187 lsst_hardware_z 1132.4591695790923 64.85377945183019 30.979999542236328 AB 5.905569597103779 1.0401707788822154
60686.1406 lsst_hardware_r 1250.264158746865 78.64632842417839 31.649999618530273 AB 5.051649274916865 1.0368206218722078
60688.1224 lsst_hardware_z 1960.903366397761 104.23540467073039 31.739999771118164 AB 3.1791751734436993 1.036687556557728
60692.0875 lsst_hardware_i 1113.1723920371137 51.87701700627242 31.290000915527344 AB 2.2097973632257006 1.052284458678905
60692.1074 lsst_hardware_r 628.0109098205336 51.736196009692584 31.6200008392334 AB 2.110499149832231 1.0378653306280752
60695.0887 lsst_hardware_r 453.46537211198535 30.03869921967287 31.5 AB 7.973315529233687 1.043661838310634
60695.1079 lsst_hardware_i 790.2797717965377 40.89128924514154 31.25 AB 7.927471372083273 1.0360676170794318
60697.0852 lsst_hardware_z 812.8296815885282 48.86521399107686 30.950000762939453 AB 11.615716958345505 1.0422746737962871
60697.1045 lsst_hardware_r 335.22784966067326 28.67255023678671 31.489999771118164 AB 11.619136191886682 1.0360353269627
60701.0784 lsst_hardware_r 270.89515083548804 27.29243148093399 31.510000228881836 AB 12.420782759175596 1.0398166141822156
60701.0971 lsst_hardware_z 746.2281477471874 48.61233770258541 30.959999084472656 AB 14.169560360448529 1.0363294874592095
60705.0661 lsst_hardware_g 6.049699165900712 14.775757840990693 31.40999984741211 AB 11.462468755014637 1.0405684754187299
60705.0845 lsst_hardware_r 177.34410852142082 26.397734044248015 31.510000228881836 AB 12.996563572100627 1.0361331574887558
60707.065 lsst_hardware_i 383.2097553340717 35.104679264156715 31.260000228881836 AB 8.412251007610688 1.0384213069510788
60707.0818 lsst_hardware_z 628.17220081888 47.17973317292595 30.959999084472656 AB 8.41204062625463 1.0365081016855657
60709.0413 lsst_hardware_y 234.937474524275 50.73450299854193 30.049999237060547 AB 7.354122722179571 1.0520417799121984
60709.0597 lsst_hardware_r 131.64986065838517 26.578448789142662 31.520000457763672 AB 8.031154767311088 1.0383547439797127
60711.0404 lsst_hardware_y 142.34097853293932 51.20723695996558 30.059999465942383 AB 5.832710410396666 1.0474786729236705
60711.0591 lsst_hardware_g 11.466510884992807 26.99511004207033 31.649999618530273 AB 6.152512670005999 1.0367947204054484
60713.0389 lsst_hardware_y 333.4692049319715 52.394386434487366 30.049999237060547 AB 5.04671925779504 1.0441488119575943
60713.0574 lsst_hardware_z 382.8601250447285 52.7769053754073 30.969999313354492 AB 6.447458455921457 1.0361663002190817
60714.0474 lsst_hardware_y 330.29177713245474 73.77446950632522 30.799999237060547 AB 10.445372638567116 1.0378345821801316
60716.0364 lsst_hardware_z 297.515608480374 62.90153022659821 30.979999542236328 AB 2.600940927458609 1.0403763709834437
60716.055 lsst_hardware_r 216.88563018349248 78.54222775647453 31.649999618530273 AB 2.6940749831217277 1.036182685816049
60720.0328 lsst_hardware_y 78.6066264007622 51.966992890602654 30.059999465942383 AB 2.673771169538598 1.0372499930321397
60720.0498 lsst_hardware_z 372.648701280799 54.91309100982165 30.969999313354492 AB 2.63734318022055 1.0373711211041996
60722.0197 lsst_hardware_y 260.43207900078926 75.1319298802191 30.06999969482422 AB 2.827186543858598 1.040554487986234
60722.0376 lsst_hardware_i 175.89542592424758 32.943173862561174 31.25 AB 2.9093487315730124 1.0360928531242921
60724.0182 lsst_hardware_y 169.69014750882442 73.19613942684255 30.06999969482422 AB 3.7059938841394997 1.0385783888293787
60724.0362 lsst_hardware_r 124.37784941956662 24.89591412517781 31.510000228881836 AB 3.727256840319693 1.0366689554719277
60727.016 lsst_hardware_y 240.96342001892276 74.37744091007077 30.079999923706055 AB 4.146124004038399 1.0366605835824874
60727.0333 lsst_hardware_g 42.99801396775068 14.853671229819156 31.440000534057617 AB 4.211094454480709 1.03830227565326
60729.0156 lsst_hardware_z 240.7924985572198 61.24588102030772 30.989999771118164 AB 7.330922374255044 1.0360385402487373
60729.0331 lsst_hardware_i 155.49556953711783 32.84361091232809 31.260000228881836 AB 7.365143708774996 1.0409238873744209
60960.364 lsst_hardware_r -101.46735532393834 47.61000061035156 31.6200008392334 AB 5.769351589737895 1.0425596945585451
60960.3837 lsst_hardware_y -31.608510067385495 67.4000015258789 30.06999969482422 AB 6.1536932610307495 1.0360625071186067
60962.3629 lsst_hardware_z 13.913663722070671 43.16999816894531 30.950000762939453 AB 5.615562675283333 1.0399190139413579
60962.3809 lsst_hardware_y 20.982873418503218 70.7699966430664 30.06999969482422 AB 6.0230099633200105 1.0362464810437593
60964.363 lsst_hardware_u -2.019617817871032 3.180000066757202 28.59000015258789 AB 7.58111134264402 1.0375490255782693
60966.362 lsst_hardware_r -14.744969243680378 22.649999618530273 31.5 AB 6.750733261947372 1.0364483001967928
60971.2952 lsst_hardware_g 3.1247379203786587 13.319999694824219 31.389999389648438 AB 3.4311686247230213 1.0984133252413542
60971.3101 lsst_hardware_z 60.88676394080633 41.16999816894531 30.950000762939453 AB 3.3759621507650635 1.0696964989748832
60973.3558 lsst_hardware_i 38.060008933705404 30.40999984741211 31.260000228881836 AB 3.8297080481087646 1.0372522136347226
60977.3431 lsst_hardware_g 16.010068994426593 13.4399995803833 31.420000076293945 AB 3.725870223122965 1.036787929632704
60977.3617 lsst_hardware_y 24.57947451304556 52.09000015258789 30.059999465942383 AB 3.7737080405088226 1.0472825274307556
60980.3156 lsst_hardware_g 17.841345629667963 13.210000038146973 31.389999389648438 AB 5.614451319358839 1.0390077082275317
60980.3354 lsst_hardware_r -5.25591979474282 21.81999969482422 31.469999313354492 AB 5.270409916821047 1.0369039414016554
60990.3037 lsst_hardware_i 10.349116089109595 38.66999816894531 31.280000686645508 AB 2.0320882472902237 1.0361629543420268
60990.3226 lsst_hardware_r -56.748876165099254 39.0 31.600000381469727 AB 2.0495264144483887 1.0442559856225908
60996.2938 lsst_hardware_i -19.48639117489103 29.899999618530273 31.25 AB 3.914450272345709 1.0374901331423354
60996.314 lsst_hardware_z -48.96089659421399 40.900001525878906 30.950000762939453 AB 3.9418972708313103 1.0513828821315294
60998.2938 lsst_hardware_i 37.16623678528396 30.040000915527344 31.239999771118164 AB 6.522510913885293 1.039775372849612
60998.3139 lsst_hardware_u -2.9400161984804516 2.549999952316284 28.329999923706055 AB 6.578469474935474 1.0576317483819617
61000.2708 lsst_hardware_u 0.01958072294262811 2.680000066757202 28.459999084472656 AB 3.3566474103183213 1.0362155002011693
61000.2892 lsst_hardware_g 5.543549854897566 13.479999542236328 31.40999984741211 AB 3.538178830058264 1.0402328979003128
61003.1548 lsst_hardware_r 0.819966521710268 40.400001525878906 32.63999938964844 AB 11.46926268902376 1.2990443639170643
61005.2749 lsst_hardware_z -104.11863515733874 40.900001525878906 30.950000762939453 AB 5.558870492456342 1.0398834867723226
61005.2939 lsst_hardware_u 0.31020200934786973 2.640000104904175 28.40999984741211 AB 5.485434940208117 1.0565167450324642
61007.1938 lsst_hardware_g -20.65265587145091 18.84000015258789 31.510000228881836 AB 3.607797785656616 1.1056689505534216
61007.2111 lsst_hardware_r -34.0109763238959 25.25 31.520000457763672 AB 4.265710533454033 1.0708448684458476
61010.2536 lsst_hardware_i 3.8403959928050844 39.4900016784668 31.290000915527344 AB 8.0806467463154 1.0369220013450076
61010.2732 lsst_hardware_z -0.00720037816314377 44.709999084472656 30.959999084472656 AB 8.106962142240866 1.048766124481354
61016.2319 lsst_hardware_r 77.93794945956888 77.12999725341797 31.649999618530273 AB 4.364028327207967 1.0360940947787196
61016.2509 lsst_hardware_i 27.454301857692535 63.540000915527344 31.329999923706055 AB 4.733471646082472 1.0437068840929324
61019.2437 lsst_hardware_z -5.2582851381570475 64.26000213623047 31.719999313354492 AB 9.798796055545182 1.044462183927406
61023.2282 lsst_hardware_i -6.734141973309439 30.350000381469727 31.25 AB 8.092395960410379 1.0412690491628196
61023.247 lsst_hardware_z -4.756642419086152 41.43000030517578 30.950000762939453 AB 8.280841458070887 1.0593827025251301
61025.2206 lsst_hardware_i 1.8989460370256388 30.459999084472656 31.25 AB 10.809257826016816 1.0400392857995389
61025.2383 lsst_hardware_u 0.36278958112812865 2.6600000858306885 28.40999984741211 AB 10.957246851110085 1.0553012359720682
61027.1859 lsst_hardware_g 12.277892722659205 13.800000190734863 31.420000076293945 AB 3.477151191572071 1.0396624881363001
61027.2048 lsst_hardware_r -3.6413211225280295 22.600000381469727 31.5 AB 3.4647575270478836 1.0364216353717228
