data/validation/pwv_sim_epoch_fit_seasonal/45121819.ecsv
# %ECSV 0.9
# ---
# datatype:
# - {name: time, datatype: float64}
# - {name: band, datatype: string}
# - {name: flux, datatype: float64}
# - {name: fluxerr, datatype: float64}
# - {name: zp, datatype: float64}
# - {name: zpsys, datatype: string}
# - {name: pwv, datatype: float64}
# - {name: airmass, datatype: float64}
# meta: {SNID: '45121819', alt: 1024.0, c: -0.12701928615570068, dec: -17.426323, lat: -30.244573, lon: -70.7499537, ra: 58.359375, t0: 62127.19140625,
#   x0: 3.244121784221632e-06, x1: -1.7693514823913574, z: 0.731489360332489}
# schema: astropy-2.0
time band flux fluxerr zp zpsys pwv airmass
[from data line 133]
62472.1798 lsst_hardware_z 28.02255811142189 40.939998626708984 30.950000762939453 AB 6.543786812979371 1.031654865675415
62472.1984 lsst_hardware_r -35.67922166054019 22.56999969482422 31.489999771118164 AB 6.659767300451053 1.0496914335961598
62476.1826 lsst_hardware_r 12.887631477146366 22.360000610351562 31.5 AB 5.427367047143238 1.0437244321429304
62476.201 lsst_hardware_i -25.815233913597833 30.450000762939453 31.25 AB 5.569691698411112 1.0710945573867523
62480.1611 lsst_hardware_r 30.554277756066625 22.31999969482422 31.489999771118164 AB 7.661626267523107 1.0338181443156262
62480.1793 lsst_hardware_u 0.45002486240534406 2.6700000762939453 28.43000030517578 AB 10.214986878845334 1.0534443889803629
62482.1624 lsst_hardware_g -9.451028780389167 16.780000686645508 31.5 AB 12.247304455980926 1.0396766634721673
62482.1802 lsst_hardware_i -32.05771460750136 30.3700008392334 31.25 AB 13.503778004861514 1.063289606682009
62484.146 lsst_hardware_z -30.253641368678572 45.060001373291016 30.959999084472656 AB 7.355783273306571 1.0310159469208173
62484.165 lsst_hardware_r -6.031176311367992 38.939998626708984 31.600000381469727 AB 7.450059141721942 1.048860923795807
62488.1053 lsst_hardware_r -33.02172867012303 81.66000366210938 31.65999984741211 AB 3.9440387262474026 1.0286560468369665
62488.1247 lsst_hardware_i 15.247715320320358 65.44000244140625 31.329999923706055 AB 4.176997769711352 1.0267098163977104
62490.1082 lsst_hardware_z 35.165455085164 68.47000122070312 30.989999771118164 AB 3.4139032573246992 1.0262234240453412
62490.1261 lsst_hardware_r -57.09972637295156 101.54000091552734 31.65999984741211 AB 3.093834889936378 1.0291342669227037
62492.0847 lsst_hardware_r 91.78488925897838 81.13999938964844 31.65999984741211 AB 4.209818378338895 1.034522864925796
62492.1038 lsst_hardware_z -1.4178217699363171 60.349998474121094 30.979999542236328 AB 4.127607162617475 1.026087295976954
62494.09 lsst_hardware_g 49.29373588337817 34.83000183105469 31.690000534057617 AB 6.3728024828105445 1.0282030465973773
62494.1085 lsst_hardware_i 28.554240213255966 44.0 31.309999465942383 AB 6.342247825279829 1.0267521167686302
62496.0754 lsst_hardware_z -6.766854746075742 40.58000183105469 30.940000534057617 AB 9.869634382901813 1.0333072693192458
62496.0947 lsst_hardware_r -10.118333766672631 21.920000076293945 31.489999771118164 AB 7.782640367775138 1.025944022995664
62498.0827 lsst_hardware_u 0.48916704447499454 2.6700000762939453 28.459999084472656 AB 6.507676758827724 1.0269873896099802
62498.1023 lsst_hardware_g 10.678541868519991 13.319999694824219 31.40999984741211 AB 5.5341737173901615 1.028274566590596
62504.0785 lsst_hardware_u 2.012343546164124 2.619999885559082 28.40999984741211 AB 6.863232612250114 1.0262266223116774
62504.1001 lsst_hardware_r 9.186418338831757 22.1299991607666 31.489999771118164 AB 4.405466053998989 1.037556772020488
62506.0546 lsst_hardware_y -37.37077151599419 47.29999923706055 30.049999237060547 AB 10.932430939865489 1.0293706454371723
62506.077 lsst_hardware_i -4.2245675752561445 29.780000686645508 31.25 AB 10.843934833449572 1.0270822914803546
62508.0546 lsst_hardware_y -55.672251232749765 47.20000076293945 30.049999237060547 AB 10.04691353161044 1.0272129981453813
62508.0768 lsst_hardware_r 6.760863690614783 21.969999313354492 31.489999771118164 AB 10.044911803233116 1.029059987525484
62511.0372 lsst_hardware_y -133.05473253164024 73.83999633789062 30.079999923706055 AB 11.948530641017646 1.031453619827435
62511.0582 lsst_hardware_g -17.437325256348647 19.68000030517578 31.56999969482422 AB 9.277082743625579 1.026074628774397
62513.0359 lsst_hardware_z -32.66774322081347 69.08000183105469 30.989999771118164 AB 5.2371860625613715 1.0291694546915002
62513.0538 lsst_hardware_i 4.133484845764736 38.529998779296875 31.290000915527344 AB 3.843144890649694 1.0262069133911198
62515.0364 lsst_hardware_y -138.02781402411708 74.3499984741211 30.079999923706055 AB 6.469796342317387 1.0269518003678393
62515.056 lsst_hardware_r -36.90294140680115 54.47999954223633 31.639999389648438 AB 6.7716573784898575 1.0283198165305647
62516.0355 lsst_hardware_y 52.261300164811125 77.69999694824219 30.079999923706055 AB 6.044652191727667 1.0265181611153378
62516.0548 lsst_hardware_r -43.74266925294151 64.02999877929688 31.649999618530273 AB 6.107547285319435 1.0289861486512366
62518.0356 lsst_hardware_y -80.01775571694857 75.54000091552734 30.079999923706055 AB 3.7035371057057236 1.0259105555971682
62518.0548 lsst_hardware_z 12.344981206134934 58.79999923706055 30.989999771118164 AB 2.8231272595188126 1.032033361183993
