data/validation/pwv_sim_epoch_fit_seasonal/45167348.ecsv
# %ECSV 0.9
# ---
# datatype:
# - {name: time, datatype: float64}
# - {name: band, datatype: string}
# - {name: flux, datatype: float64}
# - {name: fluxerr, datatype: float64}
# - {name: zp, datatype: float64}
# - {name: zpsys, datatype: string}
# - {name: pwv, datatype: float64}
# - {name: airmass, datatype: float64}
# meta: {SNID: '45167348', alt: 1024.0, c: 0.018872207030653954, dec: -61.566963, lat: -30.244573, lon: -70.7499537, ra: 332.824677, t0: 62347.69140625,
#   x0: 1.1498282504347151e-05, x1: 0.5422755479812622, z: 0.4340490400791168}
# schema: astropy-2.0
time band flux fluxerr zp zpsys pwv airmass
62283.4111 lsst_hardware_i 13.556322810694876 66.62000274658203 31.299999237060547 AB 5.884874081362752 1.1789200343291937
62283.4237 lsst_hardware_y 38.016053689476536 54.939998626708984 30.0 AB 4.973166806809335 1.1721564567342726
62288.4219 lsst_hardware_i -38.79244341453416 51.5099983215332 31.290000915527344 AB 7.346508423015568 1.1690815440826812
62288.4362 lsst_hardware_y -139.09019401371813 66.02999877929688 30.020000457763672 AB 7.301343508030437 1.169571664415592
62291.4245 lsst_hardware_z -57.00847070837784 65.55000305175781 31.690000534057617 AB 13.04009579292738 1.1690260392894496
62302.4005 lsst_hardware_g -0.4704446929339161 13.25 31.350000381469727 AB 13.892951679378498 1.1701298475009263
62302.4137 lsst_hardware_r 14.980650479039397 22.610000610351562 31.469999313354492 AB 13.893052043113213 1.175418261353666
62306.3998 lsst_hardware_i 3.826643965764051 31.229999542236328 31.229999542236328 AB 3.429093578456891 1.173878100687017
62306.4142 lsst_hardware_u -1.9003682996674411 2.680000066757202 28.399999618530273 AB 3.4610997918532145 1.183214560487681
62308.3906 lsst_hardware_g -6.209169319840021 13.229999542236328 31.350000381469727 AB 3.573158138567257 1.172231878801659
62308.4036 lsst_hardware_r 34.16622346202337 22.600000381469727 31.459999084472656 AB 3.5413341138594574 1.1793308921106036
62312.3231 lsst_hardware_i -13.100784046934942 74.12999725341797 31.299999237060547 AB 4.7715538774857285 1.1858474998411408
62312.3371 lsst_hardware_z -88.95554743462914 66.33000183105469 30.969999313354492 AB 4.247711838245849 1.1757015813389335
62314.3346 lsst_hardware_r 43.607602238905635 99.61000061035156 31.6200008392334 AB 8.453785479111897 1.1741368720988745
62314.3489 lsst_hardware_z 86.27080343140186 69.36000061035156 30.969999313354492 AB 8.419528639772029 1.169378977746115
62315.3262 lsst_hardware_r -62.837195819752026 88.11000061035156 31.6200008392334 AB 6.3811223096559155 1.1773107380862993
62315.3375 lsst_hardware_i 90.57902704625135 70.5999984741211 31.309999465942383 AB 5.975730273119379 1.1717118182587019
62323.4028 lsst_hardware_i 149.11226620346812 33.55179555441773 31.229999542236328 AB 6.136614371776999 1.2267503908396746
62323.4144 lsst_hardware_u 6.430598683851661 3.33969245663428 28.40999984741211 AB 6.14456698356783 1.2482191868028347
62325.4034 lsst_hardware_g 68.33942161525414 14.561509625287366 31.350000381469727 AB 1.9840211701167954 1.237499560340695
62325.4152 lsst_hardware_r 190.53188133061465 27.707483287770874 31.450000762939453 AB 1.8709619339842454 1.2613935169281363
62327.3152 lsst_hardware_r 577.8081134365607 32.37266538336217 31.469999313354492 AB 9.257602280516208 1.1691105992948423
62327.3269 lsst_hardware_i 401.0648285611957 37.240841766177944 31.229999542236328 AB 9.249209279283878 1.1691087822470716
62328.3121 lsst_hardware_z 513.1510825771687 46.757306985955424 30.93000030517578 AB 9.983172976643221 1.1691609400255565
62328.325 lsst_hardware_u 3.90735740509987 2.954042706918192 28.280000686645508 AB 9.93841619420686 1.169225434612572
62330.2993 lsst_hardware_r 1132.9585812887688 41.05269254887304 31.459999084472656 AB 7.141830982327248 1.1707919643159423
62330.3098 lsst_hardware_g 415.5215476368998 24.281894270904115 31.350000381469727 AB 7.129877578731783 1.16883238995603
62332.3388 lsst_hardware_r 1664.7050325106743 46.58757469672901 31.459999084472656 AB 4.320572756587062 1.179839638609247
62332.3512 lsst_hardware_i 1175.2648211542203 46.41008975025551 31.219999313354492 AB 4.429178262914566 1.1904793073281994
62334.3855 lsst_hardware_i 1478.5323459595954 50.12247661958417 31.219999313354492 AB 2.8761833821378597 1.2505145139729825
62334.3966 lsst_hardware_u 5.496376283218247 3.2083643173188108 28.260000228881836 AB 2.932605350124411 1.275045804401918
62343.2345 lsst_hardware_z 2322.0395376314655 84.89017080080986 30.969999313354492 AB 12.090029056063711 1.1895732098455603
62343.2475 lsst_hardware_r 4687.186961072806 125.38473787060038 31.6299991607666 AB 11.793412194293461 1.1787911169081222
62345.2462 lsst_hardware_y 1479.0568375925272 83.08284052243165 30.760000228881836 AB 2.988367553067396 1.1761753628131049
62347.2388 lsst_hardware_r 4591.978351224297 85.82895018910263 31.600000381469727 AB 5.298062956858977 1.1773473237464394
62347.2507 lsst_hardware_i 3080.42709318308 72.22823566318587 31.280000686645508 AB 5.1703138762224805 1.1715212710473897
62351.2357 lsst_hardware_u 0.8624169274842145 3.1673182145455874 28.350000381469727 AB 2.6137943232129692 1.1731572366305965
62351.2472 lsst_hardware_r 3882.2066285205146 66.99319841912767 31.489999771118164 AB 2.5819019852671823 1.1695162246416346
62354.2381 lsst_hardware_r 3601.2935140961636 63.6855297559749 31.469999313354492 AB 2.603453350222086 1.169697113432365
62354.2502 lsst_hardware_u 3.4742004730713862 2.9921586426682842 28.31999969482422 AB 1.4315244635869608 1.1688299355680432
62362.2966 lsst_hardware_r 2518.034310445989 54.60011645021354 31.459999084472656 AB 4.155806661532919 1.227229056462128
62362.3077 lsst_hardware_i 2156.764314549272 56.548268723799055 31.219999313354492 AB 4.222688759871476 1.2477780132592393
62367.2856 lsst_hardware_r 1949.4143158529735 62.9093432364443 31.56999969482422 AB 3.0441616246384227 1.2318307029391695
62367.2958 lsst_hardware_i 1774.872547371626 61.045882645530384 31.260000228881836 AB 3.372465213015489 1.25133986445026
62369.2856 lsst_hardware_z 2671.3471155127972 100.08286737490627 31.700000762939453 AB 1.3303980360540206 1.241911818953578
62371.294 lsst_hardware_z 1129.7513199440577 79.84437976155873 30.959999084472656 AB 2.5645998577155886 1.2713346673518842
62371.3052 lsst_hardware_r 1474.6703576677346 110.51791013705022 31.59000015258789 AB 2.6099274019135272 1.2993871643763153
62382.1401 lsst_hardware_g 89.0898332839347 16.89227750077806 31.350000381469727 AB 1.6512328202646107 1.179452014474722
62382.1527 lsst_hardware_r 643.7538420117432 33.88351203815611 31.459999084472656 AB 1.641469702004778 1.1724783585748415
62387.1436 lsst_hardware_r 524.8945059595461 31.647669315155774 31.459999084472656 AB 3.052706951357636 1.17085317915721
62387.1552 lsst_hardware_u -1.2340349696607844 2.6142982184296186 28.270000457763672 AB 3.0690051216959966 1.168810862304483
62389.1406 lsst_hardware_g 120.12025309644073 16.1588634558589 31.350000381469727 AB 4.268971469860828 1.1701689807284468
62389.1527 lsst_hardware_i 829.6342147092755 42.645392543231175 31.229999542236328 AB 4.229213073886 1.1687752035058725
62390.1367 lsst_hardware_z 674.5849787533405 50.50786122001811 30.93000030517578 AB 3.1602929315166364 1.1704788635246801
62390.1488 lsst_hardware_r 464.62761185140727 30.435887046186945 31.459999084472656 AB 3.155672059366582 1.1687674293950303
62393.1135 lsst_hardware_r 423.4295755496925 33.86279730405141 31.520000457763672 AB 1.4544288514980517 1.1771985847822073
62393.1256 lsst_hardware_y 352.32970261005215 51.67034917177738 30.010000228881836 AB 1.9623597973883364 1.171383254671444
62399.2 lsst_hardware_z 526.1911751911687 66.50627789298606 30.959999084472656 AB 7.65722848731681 1.2350368527930338
62399.2138 lsst_hardware_r 349.25533110780594 85.18970228582324 31.600000381469727 AB 7.35056893536992 1.2628396979790264
62401.2001 lsst_hardware_i 538.8406377109113 76.3282836782739 31.290000915527344 AB 2.807552788499975 1.2455868626885425
62401.2128 lsst_hardware_z 485.27827687708117 69.91239412800402 30.950000762939453 AB 2.4999029778339996 1.273025068279567
62404.0007 lsst_hardware_r 271.84450614358286 28.35455906577836 31.440000534057617 AB 5.75408542240264 1.315720752073712
62404.0072 lsst_hardware_i 519.0780946265938 38.65711417718871 31.209999084472656 AB 5.702528899891942 1.2977005764754475
62411.0786 lsst_hardware_u 4.465988916737399 2.763061370069068 28.3700008392334 AB 5.731513784449599 1.1707121042638204
62411.0902 lsst_hardware_g 65.75175732758944 15.012921974726794 31.360000610351562 AB 5.281262725873135 1.1688088360901574
62414.0724 lsst_hardware_r 271.8048845096382 27.16797959468519 31.459999084472656 AB 3.300862146337399 1.1701726958950898
62414.0851 lsst_hardware_u 4.44712356830034 2.5933338561223658 28.31999969482422 AB 4.142275328924716 1.1688135803963644
62416.1582 lsst_hardware_r 181.87264730811611 27.14745723044551 31.450000762939453 AB 4.747819187808416 1.243752843470864
62416.1702 lsst_hardware_i 376.3154747866852 37.044546266979 31.219999313354492 AB 5.788174944203834 1.2692206364632963
62418.055 lsst_hardware_r 221.80436078009689 26.972099674785433 31.469999313354492 AB 3.408949442714981 1.1722659706712757
62418.0675 lsst_hardware_i 354.12008235714853 36.439529312236715 31.229999542236328 AB 3.39968525607185 1.1690802118531454
62420.1604 lsst_hardware_u 0.006050213693459696 2.4800000190734863 28.200000762939453 AB 5.635883956912231 1.2718257763454712
62420.1726 lsst_hardware_r -29.954633639131217 23.030000686645508 31.440000534057617 AB 5.031719969393739 1.3026544622179865
62425.1468 lsst_hardware_y 46.36056114973926 73.06999969482422 30.719999313354492 AB 9.95250452973628 1.2719532920478764
62427.1357 lsst_hardware_r 17.482922437620992 63.790000915527344 31.579999923706055 AB 7.716759818788465 1.2592623725177
62427.1468 lsst_hardware_i -34.79496308689048 55.220001220703125 31.270000457763672 AB 7.878353582499955 1.2851777139011915
62429.1371 lsst_hardware_z -59.26752271451183 59.5 30.950000762939453 AB 4.268577339059426 1.2748364377479622
62429.1482 lsst_hardware_r -51.08280845780979 77.87000274658203 31.59000015258789 AB 4.357703254845013 1.30314092549193
62433.1392 lsst_hardware_z -6.361454251283044 57.52000045776367 30.950000762939453 AB 3.6957347991134943 1.3084562928353671
62433.1503 lsst_hardware_r 38.676932424468944 74.93000030517578 31.579999923706055 AB 3.7850512817616098 1.3416220759456303
62435.0785 lsst_hardware_u -2.259705184741703 2.569999933242798 28.299999237060547 AB 2.626624447587826 1.200011169232236
62435.0888 lsst_hardware_g 6.830063357337677 13.569999694824219 31.350000381469727 AB 2.7793053634254763 1.2138471524641765
62440.082 lsst_hardware_g -2.7856150687986516 13.59000015258789 31.34000015258789 AB 5.089726814000509 1.2245713723635838
62440.0928 lsst_hardware_r -12.677224743796387 23.219999313354492 31.450000762939453 AB 6.14615805398195 1.2440356348511183
62442.0866 lsst_hardware_i 20.616251399214537 31.93000030517578 31.219999313354492 AB 6.985498903281648 1.2426028289264717
62442.0969 lsst_hardware_z -55.85138941413919 44.13999938964844 30.93000030517578 AB 7.137517861647978 1.2640232340578519
62650.3998 lsst_hardware_u -3.3835314360755517 2.5799999237060547 28.309999465942383 AB 9.639020382105898 1.1838154970449786
62650.4122 lsst_hardware_y -1.2050108740365328 48.630001068115234 30.0 AB 9.52704295851113 1.1752592160670159
62652.3892 lsst_hardware_r -1.6010431121007065 31.829999923706055 32.209999084472656 AB 8.794291107572315 1.1884177172395018
62652.4062 lsst_hardware_z 109.71464204615533 60.61000061035156 31.68000030517578 AB 8.699122571186438 1.1755571042143833
62655.421 lsst_hardware_u 1.4051367061518465 2.6600000858306885 28.299999237060547 AB 12.558808225834033 1.1686960939730389
62655.4345 lsst_hardware_y 23.835099492094063 55.86000061035156 30.0 AB 12.630413150527604 1.1702050479179373
62657.4113 lsst_hardware_i 24.301562465397513 31.059999465942383 31.219999313354492 AB 5.377699155688006 1.1690650338452189
62657.4263 lsst_hardware_y -63.45307911164714 49.209999084472656 30.0 AB 5.146095182604452 1.1695670869555572
62675.4012 lsst_hardware_z 69.60583749096627 44.150001525878906 30.940000534057617 AB 3.8734763038532614 1.1809679017820356
62675.4155 lsst_hardware_r 26.732542598066885 28.959999084472656 31.520000457763672 AB 3.9333267363342683 1.1941184718296476
62676.3961 lsst_hardware_y 5.688099655188867 48.97999954223633 30.010000228881836 AB 4.597029481154548 1.1792546607207204
62676.409 lsst_hardware_g -10.299752577728622 18.729999542236328 31.5 AB 4.619970294931982 1.1901771868183277
62678.3312 lsst_hardware_u 2.798729323586292 2.5999999046325684 28.329999923706055 AB 6.527044056830751 1.1779896026766503
62678.3438 lsst_hardware_g -14.473837822145569 13.619999885559082 31.3700008392334 AB 6.347714451090043 1.1715973516223779
62682.4062 lsst_hardware_r 2.4477373239415128 22.719999313354492 31.459999084472656 AB 4.895388182019848 1.206008174589164
62682.4193 lsst_hardware_u 2.065998697976798 2.5899999141693115 28.290000915527344 AB 5.612185774008359 1.2257025987460242
62686.4101 lsst_hardware_g 3.0539631323117145 13.430000305175781 31.34000015258789 AB 7.7862015631712715 1.2286242735910706
62686.4221 lsst_hardware_i -62.916020022220536 32.2400016784668 31.219999313354492 AB 7.206448063283135 1.251282382824663
62688.4068 lsst_hardware_z -2.281119446327587 43.310001373291016 30.93000030517578 AB 6.11643937621511 1.2324076921650433
62688.419 lsst_hardware_r -18.260804641432763 22.81999969482422 31.450000762939453 AB 6.5929589337488785 1.2562204418137244
62697.3363 lsst_hardware_r 28.85562732809548 104.47000122070312 31.6299991607666 AB 4.305342745644642 1.1776101601872653
62697.3485 lsst_hardware_i 3.010124725904668 81.45999908447266 31.309999465942383 AB 4.362701717108221 1.1871297189410126
62707.3277 lsst_hardware_g -4.552813821751346 13.970000267028809 31.350000381469727 AB 6.434651527121227 1.1936468074240554
62707.3383 lsst_hardware_r 30.520800648963416 23.309999465942383 31.450000762939453 AB 6.639980836690846 1.2064832009492323
62709.2409 lsst_hardware_r -48.85978995587752 22.610000610351562 31.450000762939453 AB 2.6653670805245544 1.1820683334428854
62709.2525 lsst_hardware_i -15.975778479359876 31.049999237060547 31.219999313354492 AB 2.238670708822813 1.1745386719951798
62722.2346 lsst_hardware_z 18.615019145911766 50.720001220703125 30.950000762939453 AB 3.9269137392746174 1.1689852613751932
62722.2456 lsst_hardware_r 61.41040144263528 51.869998931884766 31.600000381469727 AB 3.88911791245647 1.169044236103245
62723.2166 lsst_hardware_r -6.210778362686501 67.23999786376953 31.610000610351562 AB 5.428788808940838 1.1734116089788906
62723.2287 lsst_hardware_i -34.91402530241019 56.880001068115234 31.299999237060547 AB 5.29215512432225 1.1694724323125243
62725.2124 lsst_hardware_z -133.05264285645094 98.16999816894531 31.719999313354492 AB 3.1800795346201367 1.172847970477968
62731.2996 lsst_hardware_r 21.100854602886127 47.47999954223633 31.56999969482422 AB 4.180218351820981 1.252030955244023
62731.3103 lsst_hardware_i 33.27114915128603 44.34000015258789 31.260000228881836 AB 4.313355538371948 1.275857587331907
62733.295 lsst_hardware_z -41.57645170479379 46.61000061035156 30.93000030517578 AB 2.893823230143858 1.2538228900103372
62733.3066 lsst_hardware_r 24.24075612067591 35.09000015258789 31.530000686645508 AB 3.00186535794455 1.2801131590385266
62735.2846 lsst_hardware_u 0.1577864103326426 2.8299999237060547 28.329999923706055 AB 2.205116219422934 1.2438372959046349
62735.2953 lsst_hardware_g 2.3182646398671825 17.059999465942383 31.420000076293945 AB 2.37792919472211 1.26637155889895
62738.2547 lsst_hardware_i -46.34855298292486 31.329999923706055 31.229999542236328 AB 3.969181837024111 1.2079068280657672
62738.2664 lsst_hardware_r -1.7881673440945478 22.729999542236328 31.450000762939453 AB 3.909174631131013 1.2257027480552924
62740.2449 lsst_hardware_z 7.352839830477496 43.290000915527344 30.93000030517578 AB 3.4597404781667693 1.2022032124283673
62740.2547 lsst_hardware_u -0.7702212601635207 2.5799999237060547 28.309999465942383 AB 3.1610003423986357 1.2157693624610137
62742.2353 lsst_hardware_g -21.766440515252533 13.449999809265137 31.3700008392334 AB 6.377392971452782 1.197201565280625
62742.2455 lsst_hardware_r 14.475615396777352 22.719999313354492 31.469999313354492 AB 6.422383885790071 1.2103052378328258
62744.2341 lsst_hardware_i -22.035981605544947 31.399999618530273 31.219999313354492 AB 4.978972681233044 1.2023599809787597
62744.2448 lsst_hardware_z 43.571980903912504 43.38999938964844 30.93000030517578 AB 5.143215005262746 1.2173289953284607
