data/validation/pwv_sim_epoch_fit_seasonal/4536960.ecsv
# %ECSV 0.9
# ---
# datatype:
# - {name: time, datatype: float64}
# - {name: band, datatype: string}
# - {name: flux, datatype: float64}
# - {name: fluxerr, datatype: float64}
# - {name: zp, datatype: float64}
# - {name: zpsys, datatype: string}
# - {name: pwv, datatype: float64}
# - {name: airmass, datatype: float64}
# meta: {SNID: '4536960', alt: 1024.0, c: -0.04312413930892944, dec: -11.567418, lat: -30.244573, lon: -70.7499537, ra: 3.164062, t0: 60984.64453125,
#   x0: 2.656740059943919e-05, x1: 0.944712221622467, z: 0.30352360010147095}
# schema: astropy-2.0
time band flux fluxerr zp zpsys pwv airmass
60853.3922 lsst_hardware_r 0.6241212587125151 24.959999084472656 31.520000457763672 AB 7.923780124356995 1.1010602548957045
60853.4134 lsst_hardware_y 24.65732342369808 47.599998474121094 30.040000915527344 AB 7.68112292980053 1.0700302429459494
60859.4096 lsst_hardware_g 2.3104906389001827 15.520000457763672 31.459999084472656 AB 6.862856067525172 1.0602553339637726
60859.4307 lsst_hardware_z 35.409387076484066 42.79999923706055 30.950000762939453 AB 7.401761992162153 1.057394570308879
60869.367 lsst_hardware_r 8.019678731110819 92.7699966430664 31.649999618530273 AB 6.4463870956895954 1.0729672263132186
60869.3883 lsst_hardware_z -130.88443641282086 66.4800033569336 30.989999771118164 AB 6.4597864286955575 1.0577386833003124
60871.3723 lsst_hardware_r -124.7161531035029 125.30000305175781 32.400001525878906 AB 3.955712375884988 1.0630777683109347
60871.395 lsst_hardware_y -97.34839928575887 80.91000366210938 30.799999237060547 AB 5.068382983166997 1.0567937829789402
60878.3679 lsst_hardware_i 38.24926291090156 31.329999923706055 31.25 AB 4.615358730846734 1.0567910389665855
60878.3868 lsst_hardware_z -9.30747972562749 41.849998474121094 30.950000762939453 AB 5.672802720184595 1.0606839097246006
60880.3662 lsst_hardware_r 0.22857133723720727 24.110000610351562 31.510000228881836 AB 5.364532500402712 1.0564956017336136
60880.3866 lsst_hardware_u -0.7998949607687537 2.869999885559082 28.520000457763672 AB 5.665162911394734 1.064180127997508
60882.3626 lsst_hardware_g 4.761641949047675 14.899999618530273 31.440000534057617 AB 7.57754657648408 1.056545813787518
60882.384 lsst_hardware_i -34.67480545043599 31.290000915527344 31.25 AB 7.1550935088574885 1.0665315459448463
60885.3316 lsst_hardware_r 4.486675541196083 23.950000762939453 31.510000228881836 AB 3.9403379794410722 1.0649562106597492
60885.352 lsst_hardware_z -6.701345414645244 41.709999084472656 30.950000762939453 AB 4.46233286355815 1.0565068732281944
60887.3338 lsst_hardware_r -12.08611528983396 23.959999084472656 31.510000228881836 AB 4.154917539770694 1.0599279438190548
60887.3534 lsst_hardware_u -1.8055719209545837 2.759999990463257 28.450000762939453 AB 4.170801467678349 1.057192717082877
60893.2816 lsst_hardware_r -32.233998674578075 83.01000213623047 32.380001068115234 AB 1.3493978686522787 1.1038019375478763
60893.3056 lsst_hardware_z -32.16830651997681 71.63999938964844 31.719999313354492 AB 2.985432483711405 1.068643055856606
60895.326 lsst_hardware_z 21.50719800693759 65.88999938964844 30.989999771118164 AB 2.6912661460798804 1.0565033287411203
60895.3464 lsst_hardware_i 52.98657139586946 74.25 31.329999923706055 AB 2.5895221658983827 1.0647706274255937
60898.293 lsst_hardware_r -189.3484906488357 127.37999725341797 31.65999984741211 AB 5.9939579441051904 1.0676487357765316
60898.3141 lsst_hardware_z 14.693132503231 87.47000122070312 31.0 AB 5.932597260646361 1.056687750515887
60900.2858 lsst_hardware_r 127.36878578360414 84.61000061035156 31.649999618530273 AB 3.6356900425773246 1.0693206007580367
60900.3052 lsst_hardware_y -0.5954208616767651 55.4900016784668 30.059999465942383 AB 3.842654219990306 1.0573202476355974
60903.279 lsst_hardware_g -2.2898915730413716 25.5 31.6200008392334 AB 4.844157428978654 1.0679751818435395
60903.2976 lsst_hardware_r 14.277851536899954 32.5099983215332 31.579999923706055 AB 5.094200080196892 1.0571804261615023
60905.2915 lsst_hardware_i -14.412692019995513 31.1200008392334 31.25 AB 3.1530560203303204 1.057333302891263
60905.311 lsst_hardware_z -9.716564305395385 41.630001068115234 30.950000762939453 AB 3.5364054519500003 1.0595971391611474
60907.2466 lsst_hardware_r 33.930787464539506 24.110000610351562 31.5 AB 1.9682461217271325 1.097637022991244
60907.2647 lsst_hardware_u -0.8079950424103635 2.7899999618530273 28.459999084472656 AB 1.620462898564488 1.0713804288029674
60911.2872 lsst_hardware_z -52.004148812484004 41.720001220703125 30.950000762939453 AB 2.969784375341507 1.0570508543661987
60911.3089 lsst_hardware_r -8.980187388098653 23.829999923706055 31.5 AB 3.3483414804803933 1.0704416497699467
60913.251 lsst_hardware_u -0.49326352088229397 2.7799999713897705 28.459999084472656 AB 2.3636594267405915 1.0686426464052106
60913.2666 lsst_hardware_g 6.5822462155130985 14.90999984741211 31.440000534057617 AB 2.3368506535045723 1.05827639225809
60931.1949 lsst_hardware_u 1.1951811813643276 3.799999952316284 28.68000030517578 AB 2.3202420304082256 1.0763454602170002
60931.2118 lsst_hardware_g 42.25618379639676 25.979999542236328 31.6200008392334 AB 2.5084466759538673 1.0609530562331315
60933.1906 lsst_hardware_r 9.858659084007579 24.530000686645508 31.520000457763672 AB 1.0529780643604527 1.0749244383092669
60933.2091 lsst_hardware_i -20.031280962563528 31.780000686645508 31.260000228881836 AB 0.7442952542224714 1.0594950238065708
60935.1895 lsst_hardware_z -57.41947316326715 41.869998931884766 30.950000762939453 AB 0.8813834200055056 1.0700729502292663
60935.2079 lsst_hardware_r 26.15210517495531 24.200000762939453 31.510000228881836 AB 0.8633517557232383 1.057813055817597
60937.1751 lsst_hardware_i -10.06387844624074 32.0099983215332 31.25 AB 6.6126657358962095 1.0808541575508679
60937.1941 lsst_hardware_u 1.8912890813455139 2.8399999141693115 28.479999542236328 AB 6.484653406418257 1.0617525020741954
60939.1728 lsst_hardware_g 9.564214044040398 15.609999656677246 31.459999084472656 AB 4.613165892183576 1.0766685604911626
60939.193 lsst_hardware_r -50.0954103686868 24.510000228881836 31.510000228881836 AB 4.707100405143416 1.0593624317654073
60942.1705 lsst_hardware_i -10.054709243620511 32.0 31.25 AB 4.000036620410793 1.0699576355251552
60942.1896 lsst_hardware_r -20.644753073028284 24.6200008392334 31.510000228881836 AB 3.9907393506037026 1.0575697232287538
60944.1474 lsst_hardware_z -15.661248206885872 42.189998626708984 30.940000534057617 AB 3.1098125337568283 1.0943621819672125
60944.1661 lsst_hardware_u 0.26391580126996517 2.819999933242798 28.479999542236328 AB 2.99896985000481 1.0688974159457951
60949.1442 lsst_hardware_i 19.852421326859286 39.61000061035156 31.280000686645508 AB 6.302866932035683 1.0783348044543513
60949.1643 lsst_hardware_z 39.18797153304825 45.470001220703125 30.959999084472656 AB 6.302869670267469 1.060048157578271
60951.1432 lsst_hardware_i 8.523995509049483 56.7400016784668 31.309999465942383 AB 3.389256256245331 1.072888970004853
60951.1616 lsst_hardware_z 87.84702658924297 55.34000015258789 30.969999313354492 AB 3.363160144091727 1.0587628345952234
60954.1344 lsst_hardware_z -127.97496132136688 103.83999633789062 31.0 AB 4.633588823937087 1.0735840648603074
60954.1533 lsst_hardware_r -39.66525863737545 150.9600067138672 31.65999984741211 AB 4.567431329621454 1.0588076104599902
60956.1356 lsst_hardware_i 72.72233501513136 91.33999633789062 31.329999923706055 AB 5.283240758104345 1.0667825861896263
60956.153 lsst_hardware_r 21.972768573043595 116.5999984741211 31.65999984741211 AB 5.272925370614241 1.0571574906835552
60958.1312 lsst_hardware_z 52.74443490838746 49.58000183105469 30.959999084472656 AB 3.3694549066107533 1.0658615758357464
60958.1504 lsst_hardware_g -24.70114084514318 55.400001525878906 31.709999084472656 AB 3.3279980141684535 1.0566750322807192
60962.1112 lsst_hardware_i 186.0530683100534 33.84995646394383 31.25 AB 7.761867402827114 1.075187394913082
60962.1286 lsst_hardware_z 143.10417878740395 43.27658186803235 30.950000762939453 AB 8.805285486947774 1.0601539696129003
60964.1122 lsst_hardware_i 372.85573887826007 37.51840556341923 31.260000228881836 AB 8.238775132037503 1.0682135619376139
60964.1306 lsst_hardware_u 4.885940551923369 3.434340438121955 28.5 AB 8.228773742350551 1.0572866310637619
60966.1097 lsst_hardware_g 744.2056298751502 32.06926338324593 31.450000762939453 AB 9.323935806706233 1.065572367006891
60966.1276 lsst_hardware_r 1296.0186120173514 42.883172157230604 31.510000228881836 AB 6.486647128906382 1.0568014221092183
60969.1008 lsst_hardware_i 1846.1294888915647 53.583763380337146 31.25 AB 2.7911505955665543 1.0661724382237354
60971.0466 lsst_hardware_u 60.344171166908325 10.161561527756476 29.170000076293945 AB 5.010068920858608 1.1596039627030688
60971.0644 lsst_hardware_g 2805.3317591381337 55.79596942249747 31.450000762939453 AB 4.803285872201861 1.112644399398161
60975.0786 lsst_hardware_i 4117.452098492736 71.4352208865731 31.25 AB 3.109890065311592 1.0718522785920415
60975.096 lsst_hardware_z 2882.32061293826 66.56946609459057 30.940000534057617 AB 4.471264822307167 1.0587887336744417
60977.0788 lsst_hardware_i 4842.476870412637 77.38503947622866 31.260000228881836 AB 2.504043208654617 1.0663065473334068
60977.0956 lsst_hardware_z 3053.7123058081206 70.24456947186914 30.950000762939453 AB 3.068255691850068 1.0571686086538292
60980.0762 lsst_hardware_z 3302.951000208933 82.91127035948524 30.979999542236328 AB 4.461552457415003 1.0620636677044244
60980.0957 lsst_hardware_r 8790.048271008329 118.38930262214511 31.649999618530273 AB 5.7337979713493334 1.0565966777669755
60990.0451 lsst_hardware_r 7356.52809779642 89.28759355439671 31.510000228881836 AB 3.6856589107278155 1.0648090073366823
60990.0626 lsst_hardware_i 5805.197625472637 81.98202292606975 31.260000228881836 AB 3.660488721120774 1.0567230719170826
60992.0491 lsst_hardware_z 3204.0962113524356 70.48192182668996 30.950000762939453 AB 4.63467368572565 1.0589909027135789
60992.0665 lsst_hardware_u 39.782859622142475 7.092767715838795 28.459999084472656 AB 4.59460714403685 1.0571428574143638
60994.0528 lsst_hardware_g 3831.0463109062257 63.93522226704224 31.450000762939453 AB 5.543447451812661 1.056599152160995
60994.0702 lsst_hardware_r 6682.915951640502 84.42390389260449 31.510000228881836 AB 5.677663702381175 1.0607498743357
60996.0277 lsst_hardware_y 679.281592545304 54.4664036649739 30.040000915527344 AB 3.7297355277864397 1.065638722224697
60996.048 lsst_hardware_i 4959.316012189397 76.10817341445245 31.25 AB 4.065861808551549 1.0565482514266311
60998.0277 lsst_hardware_y 749.285593076052 55.10532305976842 30.040000915527344 AB 6.078986444136495 1.0616462529054305
60998.0467 lsst_hardware_i 4528.155820699777 73.61768070923846 31.25 AB 4.99229174112377 1.0566069507475384
61000.0296 lsst_hardware_y 584.3406742420809 53.45526493320626 30.040000915527344 AB 4.825090474127867 1.0580758673598745
61000.0495 lsst_hardware_g 2585.7430564443325 52.550802573642166 31.440000534057617 AB 4.080752971836149 1.058652621541663
61218.3932 lsst_hardware_z -77.44134778553779 97.66999816894531 32.470001220703125 AB 7.908707856675194 1.1005205978953454
61219.443 lsst_hardware_r -46.46167649944704 51.20000076293945 31.6200008392334 AB 5.360629181730143 1.056975849174484
61221.425 lsst_hardware_z -46.351480018748674 59.22999954223633 30.979999542236328 AB 4.759293900957023 1.0576208668793385
61221.4441 lsst_hardware_y 142.23462876434667 72.80000305175781 30.059999465942383 AB 4.805190888396449 1.0589952371122255
61224.4084 lsst_hardware_z 137.1525188585095 61.81999969482422 30.979999542236328 AB 6.85383420547016 1.061375796433646
61226.4063 lsst_hardware_r 37.788376456732934 76.87000274658203 31.649999618530273 AB 4.25622855197582 1.059554033352208
61226.4264 lsst_hardware_y -31.93611539602193 54.56999969482422 30.049999237060547 AB 5.520458305576911 1.0575590623710558
61232.3782 lsst_hardware_i 23.822599050516605 31.920000076293945 31.25 AB 9.747600629452995 1.0678011351916668
61232.3966 lsst_hardware_r -6.5630053797556736 24.6200008392334 31.520000457763672 AB 9.635025346468849 1.0572062484695712
61234.3769 lsst_hardware_u -2.1211325662309513 2.809999942779541 28.479999542236328 AB 6.504083093193145 1.0642658055841479
61234.3977 lsst_hardware_g -2.4808693427498287 15.15999984741211 31.459999084472656 AB 6.463709177051918 1.0565356760920672
61236.3811 lsst_hardware_r -29.455129934933428 24.149999618530273 31.510000228881836 AB 5.073780018382276 1.05863648602207
61236.4007 lsst_hardware_i -75.83466383833324 31.510000228881836 31.260000228881836 AB 5.03635048327136 1.0580568242166724
61239.368 lsst_hardware_z 29.794820977966765 41.72999954223633 30.940000534057617 AB 1.68265149220926 1.0610519131114617
61239.3895 lsst_hardware_r 12.297065978475777 23.989999771118164 31.5 AB 1.978036532646939 1.0572081948941416
61243.3678 lsst_hardware_u 0.8100954823137898 2.6700000762939453 28.3799991607666 AB 4.657319348678193 1.0569602879215205
61243.388 lsst_hardware_g 19.463702793907743 14.960000038146973 31.440000534057617 AB 5.644845397497589 1.061011305389331
61245.3657 lsst_hardware_r -6.845038970041524 33.7400016784668 32.2599983215332 AB 5.34342895850514 1.0565704505348947
61245.3861 lsst_hardware_z 18.069921680675687 59.189998626708984 31.700000762939453 AB 5.644422298048298 1.063330155521744
61247.3322 lsst_hardware_i 15.243788844262335 47.63999938964844 31.299999237060547 AB 9.286599556945859 1.0730164331704506
61247.3522 lsst_hardware_r -41.642319091362836 48.380001068115234 31.6200008392334 AB 7.523892446167077 1.0582127209798984
61250.3508 lsst_hardware_z 123.19687316593688 93.33000183105469 31.729999542236328 AB 4.441790135210019 1.056667557887521
61254.3388 lsst_hardware_z 71.72218682791811 76.51000213623047 30.989999771118164 AB 1.5013578907186769 1.0567981398770603
61254.3587 lsst_hardware_r 58.83211475371947 101.68000030517578 31.649999618530273 AB 1.5279580973770164 1.061450571293516
61257.3189 lsst_hardware_z 41.08299864086132 47.58000183105469 30.959999084472656 AB 1.7347861677004612 1.06103129522964
61257.3387 lsst_hardware_g -0.7688195178793221 41.38999938964844 31.690000534057617 AB 2.113339783356342 1.0568900771109022
61259.3157 lsst_hardware_r 1.5664098270649012 25.899999618530273 31.520000457763672 AB 4.40598212161714 1.05980968287776
61259.3362 lsst_hardware_z 8.1988408152592 42.16999816894531 30.950000762939453 AB 4.507052317347622 1.0575383795739601
61265.2892 lsst_hardware_u -3.644169598315572 2.7799999713897705 28.469999313354492 AB 3.627167187674142 1.0668138787276888
61265.3101 lsst_hardware_g 17.09983981507332 14.8100004196167 31.450000762939453 AB 3.882824130909007 1.0566466248845265
61267.2883 lsst_hardware_r 8.423147059001606 23.780000686645508 31.510000228881836 AB 4.9968907948489365 1.063168254223178
61267.3084 lsst_hardware_i -15.703438430458418 31.270000457763672 31.260000228881836 AB 5.01079139531302 1.0565717227860874
61269.2875 lsst_hardware_z -113.54252205543887 58.88999938964844 31.700000762939453 AB 3.604931090895825 1.060273850263478
61269.308 lsst_hardware_r 12.097217766492882 33.58000183105469 32.27000045776367 AB 4.4339120970688 1.0573086891645094
61273.2797 lsst_hardware_z 34.68400590311885 41.83000183105469 30.950000762939453 AB 1.0699176043245282 1.0588002022014134
61273.2999 lsst_hardware_g 16.820283589194485 14.970000267028809 31.440000534057617 AB 1.5297151776697515 1.0581382368017649
61275.2741 lsst_hardware_r 21.505700221273337 46.36000061035156 31.6200008392334 AB 2.0201256843010316 1.0588585748061667
61275.2945 lsst_hardware_z 95.35804411274493 46.720001220703125 30.959999084472656 AB 2.1399514437358063 1.0581596062646148
61277.2707 lsst_hardware_r 44.523145757578185 68.04000091552734 31.639999389648438 AB 3.429581093920168 1.0580772605677196
61277.2902 lsst_hardware_y -13.231417276846262 51.189998626708984 30.049999237060547 AB 3.454181956239565 1.058590853888926
61279.2438 lsst_hardware_z -41.95910542278429 78.88999938964844 30.989999771118164 AB 3.0958928507429775 1.0742168114999922
61279.261 lsst_hardware_r -85.81063450937535 117.0199966430664 31.65999984741211 AB 2.7556385003288186 1.0598609616649302
61285.2317 lsst_hardware_r -36.71309522947445 52.52000045776367 31.6299991607666 AB 2.325746457265991 1.069554590602893
61285.2493 lsst_hardware_i 2.64713128531811 47.7599983215332 31.309999465942383 AB 2.3104327835373466 1.057930835366435
61287.21 lsst_hardware_i 0.1898477335029404 31.610000610351562 31.239999771118164 AB 1.7489031502063141 1.0912457260022759
