data/validation/pwv_sim_epoch_fit_seasonal/45431756.ecsv
# %ECSV 0.9
# ---
# datatype:
# - {name: time, datatype: float64}
# - {name: band, datatype: string}
# - {name: flux, datatype: float64}
# - {name: fluxerr, datatype: float64}
# - {name: zp, datatype: float64}
# - {name: zpsys, datatype: string}
# - {name: pwv, datatype: float64}
# - {name: airmass, datatype: float64}
# meta: {SNID: '45431756', alt: 1024.0, c: -0.07214655727148056, dec: 2.089372, lat: -30.244573, lon: -70.7499537, ra: 354.550781, t0: 62747.67578125,
#   x0: 4.605003245609216e-06, x1: 0.5602360367774963, z: 0.6340901851654053}
# schema: astropy-2.0
time band flux fluxerr zp zpsys pwv airmass
62673.4115 lsst_hardware_i -42.33479263559894 65.83000183105469 31.299999237060547 AB 3.6343255330537123 1.1974055899358371
62673.4153 lsst_hardware_y 18.879836788400226 56.119998931884766 30.0 AB 3.642152275192003 1.193691683571968
62677.4332 lsst_hardware_g -21.761984728513223 21.8700008392334 31.530000686645508 AB 4.876100649067022 1.188519820214581
62679.3962 lsst_hardware_i 9.377054908023453 47.400001525878906 31.989999771118164 AB 8.589588506386802 1.1962798657967064
62679.4209 lsst_hardware_y -90.3776915856555 49.400001525878906 29.989999771118164 AB 8.471814504010622 1.1861133362282985
62683.3756 lsst_hardware_g 4.979320314892629 15.920000076293945 31.40999984741211 AB 11.722800138861219 1.2085360967898164
62683.4042 lsst_hardware_r -11.716840514758406 36.0099983215332 32.2400016784668 AB 11.50267954593174 1.1858432521579114
62683.4354 lsst_hardware_y 28.406623306749136 52.2400016784668 29.989999771118164 AB 11.3054530113885 1.2067302011729257
62703.3018 lsst_hardware_z 14.672682572442502 57.279998779296875 30.950000762939453 AB 6.191110187264475 1.2478932098290705
62705.1966 lsst_hardware_i -135.4238107236892 65.12000274658203 32.27000045776367 AB 10.992314350444694 2.048575434156489
62705.2314 lsst_hardware_z 7.68176753055748 69.12999725341797 31.639999389648438 AB 7.762357529882954 1.5929319782235007
62708.3329 lsst_hardware_i -7.8651797530038285 32.689998626708984 31.219999313354492 AB 10.014500680029206 1.1863647938748862
62708.362 lsst_hardware_u -1.0890506696300142 2.609999895095825 28.239999771118164 AB 8.62849507939898 1.199957594947012
62712.3069 lsst_hardware_i 83.55941750392314 32.529998779296875 31.229999542236328 AB 5.281768660391359 1.1955112404688453
62712.3292 lsst_hardware_r 32.426918845545366 24.600000381469727 31.479999542236328 AB 5.305122431251611 1.1858997275626715
62717.2687 lsst_hardware_z -29.952179501081133 44.14573561529866 30.93000030517578 AB 1.2126869417384218 1.2353347454041648
62717.2915 lsst_hardware_u 2.6506734038511666 2.6541191849113352 28.25 AB 1.1633788528245692 1.1973024214318035
62721.2696 lsst_hardware_g -0.23657345470502042 25.624346986340857 31.559999465942383 AB 3.7720139818862433 1.212119213309989
62721.2895 lsst_hardware_r 25.663426382401617 25.260979395363453 31.489999771118164 AB 3.610182533750326 1.1897778316215508
62724.2636 lsst_hardware_i 370.8534012475151 87.283388696343 32.040000915527344 AB 8.196240790647275 1.2086622364088146
62724.2875 lsst_hardware_z 211.28055278281195 83.57358482220229 31.709999084472656 AB 8.070623573302944 1.1868564078386683
62730.2286 lsst_hardware_z 259.5093782823643 79.02718225155077 30.969999313354492 AB 5.3532144059468125 1.2465763578235223
62730.2499 lsst_hardware_i 631.5473782503581 87.82175782715603 31.309999465942383 AB 5.125520894677196 1.2047765168088684
62734.243 lsst_hardware_r 1104.0597762103605 43.80573382972897 31.510000228881836 AB 1.756984254193398 1.199647854925791
62734.2625 lsst_hardware_i 853.4376911836998 46.01409345359774 31.25 AB 1.1862479552099348 1.1862479552099348
62737.2477 lsst_hardware_z 675.1424895834446 51.42745006920668 30.940000534057617 AB 3.0694197203773252 1.188699304348025
62737.2675 lsst_hardware_u -0.5812069181379836 3.8302944580734923 28.399999618530273 AB 3.3266532137504923 1.187666266958405
62739.2215 lsst_hardware_g 514.0333139298016 26.493949194643644 31.43000030517578 AB 2.9819402738499603 1.21044865997573
62739.2381 lsst_hardware_r 1585.3794670811958 46.44370050420528 31.5 AB 2.919325615281754 1.1913183494314443
62741.2192 lsst_hardware_i 1255.0528454686994 48.087376010186816 31.229999542236328 AB 4.761367266899278 1.2057146788805464
62741.2346 lsst_hardware_z 921.7337848546873 52.802813253115964 30.940000534057617 AB 4.727570234946172 1.1899744686695906
62743.2173 lsst_hardware_i 1327.566504392679 48.792565327416895 31.239999771118164 AB 3.3369978641679223 1.201006969288437
62743.2344 lsst_hardware_u 4.2867024445556305 3.274148580832222 28.3799991607666 AB 3.31809639821167 1.1872959440165805
62745.1831 lsst_hardware_u 2.5403309040522557 2.992355560030748 28.290000915527344 AB 2.072853860379522 1.2589455574731383
62746.1248 lsst_hardware_r 1577.873491296324 46.99782765465106 31.420000076293945 AB 4.517858193741025 1.5465937788809352
62750.2112 lsst_hardware_z 1066.822496194067 56.584190580111205 30.940000534057617 AB 0.49840059437752376 1.189263697063091
62750.2318 lsst_hardware_r 1604.756295720893 55.09072695545712 31.56999969482422 AB 0.4937381768486664 1.1875843099186203
62756.1737 lsst_hardware_z 2238.5573426022233 177.63042664910526 31.729999542236328 AB 3.2511401063027625 1.2126971892584362
62759.1615 lsst_hardware_r 1284.1183295550513 91.51691692736819 31.610000610351562 AB 1.6647874959334579 1.2197734736354557
62759.1793 lsst_hardware_i 1034.8954532597518 78.70491483425914 31.299999237060547 AB 1.2262040219788333 1.1948394854848556
62763.1451 lsst_hardware_r 904.2451392700818 39.06563475825114 31.479999542236328 AB 9.179970009335577 1.2308889795300608
62763.1649 lsst_hardware_g 133.7688129980361 19.195324815504158 31.420000076293945 AB 8.906981145386498 1.198423242677049
62766.1413 lsst_hardware_r 756.685450946959 37.09205557241095 31.479999542236328 AB 4.142470454140903 1.2218475432526505
62766.1607 lsst_hardware_i 898.1016917034826 43.49440073567708 31.239999771118164 AB 4.044120504369623 1.1943651814440706
62768.1139 lsst_hardware_z 711.6327654506536 51.769168757317665 30.93000030517578 AB 4.696839859394353 1.278631540669969
62768.1332 lsst_hardware_i 735.8887683827804 42.63557858835295 31.229999542236328 AB 4.313028419774363 1.2271514851406933
62775.1393 lsst_hardware_g 69.67183425374473 17.411338820682747 31.420000076293945 AB 7.085692155926861 1.1917071600717917
62775.1582 lsst_hardware_r 383.6534382433059 31.694982789994622 31.489999771118164 AB 7.0609961545555775 1.1860575847515706
62782.1208 lsst_hardware_r 739.0889806676249 149.3548110098797 32.380001068115234 AB 11.457563285426595 1.1912522368894045
62782.1496 lsst_hardware_i 941.3802618219493 124.62358700997363 32.060001373291016 AB 5.921216575652288 1.190393682489989
62784.1178 lsst_hardware_z 966.5795301181792 159.6540785826461 31.739999771118164 AB 3.7434951114941466 1.1896070477710332
62786.1005 lsst_hardware_z 375.13276069600636 90.28436225861911 30.979999542236328 AB 6.953525544203718 1.2002805927939788
62786.1178 lsst_hardware_r 256.25616126862644 129.8780079886084 31.6200008392334 AB 6.853121795605922 1.1870132005495166
62788.1031 lsst_hardware_i 232.51510933729088 62.96797656709943 31.299999237060547 AB 8.612950402587673 1.1922551284598226
62788.1214 lsst_hardware_z 473.4319094610873 62.461370643881715 30.959999084472656 AB 8.571639211383525 1.1858936374354798
62790.1047 lsst_hardware_i 285.0250038404906 36.25558480292039 31.239999771118164 AB 9.163260395542283 1.1878740466090592
62790.122 lsst_hardware_u -0.6298977370313645 4.400626510923501 28.75 AB 9.253454982807403 1.1873552159291567
62792.0698 lsst_hardware_u -0.906641886219066 2.784879757514786 28.350000381469727 AB 7.255533104732268 1.2228426581009442
62792.0871 lsst_hardware_g 1.5491305728240006 16.09371122547846 31.420000076293945 AB 10.332000493381889 1.1969301145973195
62798.0813 lsst_hardware_g 18.60544733228422 15.699094842008236 31.40999984741211 AB 4.355139932606868 1.1886298942705675
62798.1028 lsst_hardware_r 135.76559499625287 26.868040811080643 31.489999771118164 AB 3.6845040771796804 1.1885497023160259
62800.0732 lsst_hardware_i 163.4752330089168 35.071983403623975 31.239999771118164 AB 2.60173752394508 1.190181849929131
62800.0907 lsst_hardware_z 193.1525754206681 46.34566758927575 30.940000534057617 AB 2.7112394545329437 1.186191973690948
62802.0751 lsst_hardware_i 151.13936077835106 35.19121417327048 31.239999771118164 AB 3.213578852448123 1.186698246841995
62802.0924 lsst_hardware_u 4.134708091259401 3.3769711578386903 28.479999542236328 AB 4.469586986015203 1.1888253354059877
62804.0411 lsst_hardware_u 0.18691119197070982 3.4307008859584114 28.469999313354492 AB 5.474086303559763 1.2153158247344484
62804.0585 lsst_hardware_g 6.387403144271708 16.158804167211777 31.450000762939453 AB 6.139177296787988 1.1929998633477448
62808.0468 lsst_hardware_r 41.416097351377765 47.547067379967174 31.59000015258789 AB 3.5516591167897444 1.1936678168735337
62808.0673 lsst_hardware_i 194.60864853389248 46.55659700544959 31.280000686645508 AB 3.566738140241525 1.1859478438041269
62814.0575 lsst_hardware_z 214.24952800403284 113.1159983519928 31.729999542236328 AB 7.380067901920685 1.1877791687640586
62818.0189 lsst_hardware_y 163.81187386843146 56.05092171662673 30.010000228881836 AB 5.900527132601089 1.1941969505365488
62818.0369 lsst_hardware_i 48.16283023878678 34.30744850664481 31.239999771118164 AB 6.309285389533554 1.1858073028814937
62821.0206 lsst_hardware_y 108.84900536790013 57.48745849714815 30.0 AB 7.693395293079786 1.1876341868779499
62821.0418 lsst_hardware_g 16.22290601546872 15.700130275439555 31.399999618530273 AB 7.102249029292145 1.1895568259429101
62824.0215 lsst_hardware_y 169.45551040447629 55.71340545528884 30.010000228881836 AB 6.704515633385349 1.1858004303829766
62824.0406 lsst_hardware_i 84.56049327884973 34.367737524803296 31.229999542236328 AB 6.700681155856823 1.1949853446421632
63043.4147 lsst_hardware_i 21.11385923650994 33.45000076293945 31.239999771118164 AB 6.407750779519245 1.186620514725786
63043.435 lsst_hardware_y 30.16851183501519 52.060001373291016 30.0 AB 6.909023034118482 1.1909370893102629
63045.4055 lsst_hardware_i 17.238458706621223 33.540000915527344 31.239999771118164 AB 6.169177782424192 1.1879986101113627
63045.4246 lsst_hardware_y 94.14481559236876 49.650001525878906 30.0 AB 5.997669539383157 1.188049430052788
63047.3667 lsst_hardware_u -4.018350868448173 2.700000047683716 28.299999237060547 AB 4.430759632939419 1.2314507039853153
63047.3878 lsst_hardware_g -1.1758345007427389 15.9399995803833 31.40999984741211 AB 4.846062080883506 1.1972976110891618
63057.3632 lsst_hardware_z 51.55861000966058 60.93000030517578 30.969999313354492 AB 9.540987896151739 1.1946145112043156
63057.384 lsst_hardware_r -7.646804440573117 69.0999984741211 31.6200008392334 AB 11.450531496558941 1.1859076688476082
63062.3428 lsst_hardware_i -32.65397244898204 32.91999816894531 31.229999542236328 AB 4.519048609313228 1.2020344751464898
63062.3584 lsst_hardware_z -52.9189896556647 43.7599983215332 30.93000030517578 AB 4.4295320895052 1.1883385887335913
63065.3451 lsst_hardware_u -3.354377050112905 3.890000104904175 29.1200008392334 AB 1.8603210662942296 1.1914951321269616
63065.3669 lsst_hardware_g -6.653070575795877 21.860000610351562 32.16999816894531 AB 1.8871062742234248 1.186859291964418
63069.3455 lsst_hardware_z -15.797921581005319 43.599998474121094 30.93000030517578 AB 5.131197827032769 1.1862212746473226
63069.3671 lsst_hardware_u -0.8072494362825787 2.690000057220459 28.329999923706055 AB 5.194727519131284 1.1933672224054193
63077.3865 lsst_hardware_i 14.68955302403537 47.33000183105469 31.969999313354492 AB 6.005839191018966 1.2745613280084094
63077.4122 lsst_hardware_z 82.97003797584205 65.80000305175781 31.670000076293945 AB 6.611424256807023 1.3819385312955184
63079.1678 lsst_hardware_z -126.31753032866263 69.25 30.829999923706055 AB 9.739519003164055 2.1450322658658862
63079.2026 lsst_hardware_r -37.44786607808889 79.93000030517578 31.489999771118164 AB 7.52171448474472 1.6401470747371827
63083.228 lsst_hardware_z 18.64938170832491 194.11000061035156 32.459999084472656 AB 1.4749316440292606 1.375067375857602
63085.3016 lsst_hardware_z -15.343771208345176 68.4800033569336 30.969999313354492 AB 4.897729265826621 1.1862738412304104
63085.325 lsst_hardware_r 6.381573954015847 85.54000091552734 31.6200008392334 AB 4.898672086420258 1.1947980698585996
63091.3057 lsst_hardware_i -50.80759417296041 32.86000061035156 31.239999771118164 AB 4.357378086697067 1.192277842036775
63091.3235 lsst_hardware_u -0.7032371774353398 2.799999952316284 28.40999984741211 AB 4.432632817474564 1.2144199499931692
63099.2587 lsst_hardware_z 88.45942610640006 43.84000015258789 30.93000030517578 AB 1.2581291223339077 1.1877546588000072
63099.2766 lsst_hardware_u 1.146502299055415 2.6700000762939453 28.309999465942383 AB 1.2133649770918566 1.187826702977833
63113.2003 lsst_hardware_r 92.47221944767679 99.5 31.610000610351562 AB 1.809722646833152 1.2064817645554347
63113.2188 lsst_hardware_i -69.21205214366942 82.16000366210938 31.309999465942383 AB 1.9444625910097455 1.1885468160206267
63115.2077 lsst_hardware_z -114.71971507840932 75.02999877929688 31.700000762939453 AB 0.8062264736522889 1.1922018094673406
63118.1931 lsst_hardware_g 24.649034266291785 15.75 31.420000076293945 AB 3.870111677969306 1.1982697354189353
63118.2103 lsst_hardware_r -11.293974208755694 25.1299991607666 31.489999771118164 AB 3.751328922913549 1.1865661625537083
63121.1609 lsst_hardware_r -47.604881838915134 25.260000228881836 31.479999542236328 AB 4.257890901459105 1.240192500242949
63121.1798 lsst_hardware_i 77.70709836991354 33.040000915527344 31.229999542236328 AB 3.2265163177882585 1.204598214593339
63123.1614 lsst_hardware_z 57.149804534792935 44.27000045776367 30.93000030517578 AB 2.052042268141612 1.2268088490285407
63123.179 lsst_hardware_i 23.62618161309588 33.060001373291016 31.239999771118164 AB 1.0574178411197828 1.1987731784070743
63125.1657 lsst_hardware_u 0.643527203486973 2.7100000381469727 28.309999465942383 AB 3.8521703472359405 1.2092195293196424
63125.1854 lsst_hardware_g -5.898313589242091 15.800000190734863 31.420000076293945 AB 3.5462452399211144 1.1888848097182034
63128.1422 lsst_hardware_g -1.210591126376731 15.829999923706055 31.40999984741211 AB 9.183096230303914 1.2392006248301617
63128.1619 lsst_hardware_r -26.948461674516224 25.31999969482422 31.489999771118164 AB 8.918865950115466 1.2029762543992228
63132.1451 lsst_hardware_r -26.04236416167045 28.40999984741211 31.520000457763672 AB 1.6687313206560745 1.211566786535992
63132.1581 lsst_hardware_g -7.796911744753345 19.440000534057617 31.5 AB 1.6701605743287584 1.194963444547168
63136.139 lsst_hardware_z -65.32596942367657 60.189998626708984 30.959999084472656 AB 4.676744235674852 1.2043893561409476
63136.1587 lsst_hardware_i -104.99632409715316 62.380001068115234 31.299999237060547 AB 4.6072308627607095 1.1873541299556953
63146.1079 lsst_hardware_r -24.488982598957232 25.18000030517578 31.489999771118164 AB 9.596227203170619 1.2099389164902958
63146.1274 lsst_hardware_i -51.81067118566243 33.0 31.239999771118164 AB 4.5025264239454446 1.189256847317867
63148.1046 lsst_hardware_z -48.35845580606121 43.900001525878906 30.93000030517578 AB 6.888376861368796 1.206687722057642
63148.1248 lsst_hardware_i 73.00425759060319 32.779998779296875 31.239999771118164 AB 6.573772347427543 1.1878164814957848
63150.1042 lsst_hardware_u -0.7398851018341533 2.759999990463257 28.3700008392334 AB 5.0401149954875315 1.2000273798779837
63150.1222 lsst_hardware_g -3.744759276232976 15.399999618530273 31.40999984741211 AB 4.984449146820331 1.186773606385793
63152.1061 lsst_hardware_r -2.481132965195901 24.780000686645508 31.479999542236328 AB 6.207648152361048 1.1926699194392318
63152.1235 lsst_hardware_i -7.8494362373996 32.70000076293945 31.229999542236328 AB 6.196225216403098 1.1858804241920273
63158.0681 lsst_hardware_r -56.80838020602276 24.75 31.479999542236328 AB 4.615982695953778 1.2222642236467118
63158.0855 lsst_hardware_i -58.35603811823581 32.709999084472656 31.229999542236328 AB 5.032395111977365 1.1965511768358474
63160.0709 lsst_hardware_z -0.319607362698892 44.58000183105469 30.940000534057617 AB 3.513954779308566 1.2080635253316945
63160.0881 lsst_hardware_i 1.3507985954402564 33.36000061035156 31.239999771118164 AB 3.240992060684389 1.18990071066889
63162.0743 lsst_hardware_z -6.506198251011847 46.209999084472656 30.940000534057617 AB 5.204154659675895 1.1968388799345768
63162.0925 lsst_hardware_g -1.7333756010379622 28.829999923706055 31.579999923706055 AB 6.287096120080167 1.1860953565740475
63164.0676 lsst_hardware_r 82.32297447826893 65.27999877929688 31.610000610351562 AB 4.574998139684619 1.1981662522089793
63164.0838 lsst_hardware_i -56.131438491431815 57.54999923706055 31.299999237060547 AB 5.364450492523317 1.1868253302043281
63167.0814 lsst_hardware_z -128.895424200973 137.25999450683594 31.729999542236328 AB 3.275389243448669 1.1858759027689836
63169.0414 lsst_hardware_r -110.02022482589066 116.12000274658203 31.6200008392334 AB 5.573310142026764 1.216083382506303
63169.0583 lsst_hardware_z -122.69953479639305 80.12000274658203 30.979999542236328 AB 6.112078375535874 1.1938430318775717
63180.0163 lsst_hardware_y -108.51146369140105 53.869998931884766 30.0 AB 15.432388167933464 1.2080462504905645
63180.034 lsst_hardware_z -14.184882049884116 43.72999954223633 30.940000534057617 AB 14.747294508567034 1.189585747242642
63182.0176 lsst_hardware_y 89.29804500451384 53.2400016784668 30.0 AB 6.145490338594192 1.1991200660671595
63182.0356 lsst_hardware_u -3.159673550535288 2.7200000286102295 28.329999923706055 AB 5.9846928550034555 1.186556204213455
63190.0218 lsst_hardware_y 37.56379399315585 56.2400016784668 30.010000228881836 AB 8.877430575430871 1.1860426736566925
63190.0422 lsst_hardware_g 43.21300715557722 21.270000457763672 31.510000228881836 AB 8.002865301575605 1.1988413304735934
