data/validation/pwv_sim_epoch_fit_seasonal/45458998.ecsv
# %ECSV 0.9
# ---
# datatype:
# - {name: time, datatype: float64}
# - {name: band, datatype: string}
# - {name: flux, datatype: float64}
# - {name: fluxerr, datatype: float64}
# - {name: zp, datatype: float64}
# - {name: zpsys, datatype: string}
# - {name: pwv, datatype: float64}
# - {name: airmass, datatype: float64}
# meta: {SNID: '45458998', alt: 1024.0, c: -0.07814204692840576, dec: -36.423573, lat: -30.244573, lon: -70.7499537, ra: 230.097656, t0: 62251.078125,
#   x0: 3.2008748083835744e-06, x1: 1.218458652496338, z: 0.7355010509490967}
# schema: astropy-2.0
time band flux fluxerr zp zpsys pwv airmass
62178.3256 lsst_hardware_r 45.8990016432168 25.290000915527344 31.489999771118164 AB 4.738712255798219 1.231314084915763
62178.3467 lsst_hardware_u 5.096055226985791 2.799999952316284 28.40999984741211 AB 5.088494874705864 1.149812422258697
62182.3268 lsst_hardware_z 46.20223759799091 44.16999816894531 30.940000534057617 AB 4.69892600200012 1.1815005138607095
62182.3467 lsst_hardware_r -13.781954638701112 25.030000686645508 31.510000228881836 AB 4.494712862861067 1.1165601447922162
62186.3247 lsst_hardware_r 26.49320633288249 42.970001220703125 32.70000076293945 AB 2.894067322703163 1.150341433336799
62186.3464 lsst_hardware_i 75.22121171472097 55.54999923706055 32.45000076293945 AB 3.3329926194550388 1.089213274331758
62190.3039 lsst_hardware_r -49.32935412453827 24.899999618530273 31.489999771118164 AB 12.962490952134543 1.185521396756406
62190.3263 lsst_hardware_u 0.052164916056032615 2.859999895095825 28.479999542236328 AB 12.280614509960698 1.1125760563472276
62194.3211 lsst_hardware_r 43.688097168149504 67.94999694824219 31.6299991607666 AB 6.793685636673127 1.097614611305134
62194.3415 lsst_hardware_z 14.089154351168863 52.150001525878906 30.969999313354492 AB 5.484091627366334 1.0546330052627566
62196.3132 lsst_hardware_y 61.676710158821045 76.72000122070312 30.790000915527344 AB 4.555138727060284 1.1038300631002307
62200.2768 lsst_hardware_i -36.856729470092496 99.05000305175781 32.04999923706055 AB 12.24842110432551 1.184757804706643
62200.309 lsst_hardware_z 82.0437526814178 89.56999969482422 31.729999542236328 AB 10.586424568724514 1.0872926173393431
62204.3212 lsst_hardware_z -10.665086408845259 41.810001373291016 30.950000762939453 AB 7.511749252950482 1.0432985073542336
62204.3434 lsst_hardware_i -17.66386496995657 31.940000534057617 31.260000228881836 AB 7.07643447409285 1.0176917065844633
62208.3686 lsst_hardware_i 21.449150832372343 30.549999237060547 31.25 AB 12.90159979301589 1.0067969716349483
62208.3813 lsst_hardware_r 7.547617325946624 23.270000457763672 31.5 AB 14.347522265877597 1.0116712921927513
62211.2184 lsst_hardware_u 2.362969259690016 2.5399999618530273 28.190000534057617 AB 10.954989053269536 1.317919844400233
62211.2391 lsst_hardware_g 2.3234965614417775 14.510000228881836 31.3700008392334 AB 10.176619621425262 1.2156509860745315
62213.2605 lsst_hardware_z 1.0200963884927676 42.72999954223633 30.950000762939453 AB 7.148663437549383 1.121007282036893
62213.277 lsst_hardware_r -9.134608718054142 23.709999084472656 31.510000228881836 AB 6.8060177328281695 1.079406491778627
62216.2599 lsst_hardware_u -0.02667158361498967 2.930000066757202 28.579999923706055 AB 4.99346198813289 1.100487490497569
62216.2758 lsst_hardware_r 24.961820030592577 23.700000762939453 31.530000686645508 AB 4.876043292755807 1.0649870684188725
62218.2486 lsst_hardware_i 48.669453495076425 31.549105188492906 31.260000228881836 AB 7.245161393176517 1.116056747899477
62218.2674 lsst_hardware_z 38.29048951930241 41.73000775548227 30.959999084472656 AB 6.553675921002343 1.0708329164786923
62218.3595 lsst_hardware_g -22.153180648163243 14.682730820139735 31.469999313354492 AB 6.162313782294848 1.0152082013665578
62218.3731 lsst_hardware_i 10.272794724760558 30.972089528097875 31.270000457763672 AB 6.2398169002565 1.0277647766533382
62220.2631 lsst_hardware_z -43.662951911075076 41.89227088897325 30.950000762939453 AB 6.919800768279861 1.0684888273738447
62220.2821 lsst_hardware_g 28.271761928700485 14.882594599887641 31.459999084472656 AB 6.7773644891357945 1.0367566303732492
62222.2619 lsst_hardware_r 145.05845133990888 53.84155359712481 31.6299991607666 AB 7.34078603344258 1.0602964901457745
62222.2801 lsst_hardware_i 17.69915920730033 46.218943032698796 31.309999465942383 AB 7.217212757317792 1.0322592739906258
62224.2715 lsst_hardware_z 196.36532895357144 89.72226321113737 31.739999771118164 AB 8.233857514748284 1.0363245353825599
62228.3159 lsst_hardware_r 363.0161904041718 92.01690025193358 31.670000076293945 AB 8.886450486968592 1.0072390535994096
62228.3285 lsst_hardware_z 213.05585494240253 71.10938927588754 30.989999771118164 AB 8.92337599367681 1.012734900071138
62230.1592 lsst_hardware_z 261.703014931726 58.94640856413371 30.93000030517578 AB 7.934915485836053 1.3619444722091805
62230.1791 lsst_hardware_g 16.59665322354188 52.794545826462596 31.6299991607666 AB 5.696643470768204 1.2522847814394393
62234.1574 lsst_hardware_r 498.13835634885396 33.63450295421567 31.459999084472656 AB 9.764948052595177 1.3078347354979143
62234.1767 lsst_hardware_u -4.900799450751089 3.582832513117012 28.350000381469727 AB 10.381630605874358 1.2139891567968455
62236.1744 lsst_hardware_r 668.3846417971326 35.291760041333866 31.479999542236328 AB 5.895724957805245 1.200921705147728
62236.1949 lsst_hardware_i 788.8837575317524 41.60483863277277 31.25 AB 5.558281257145857 1.1292346711433021
62236.2946 lsst_hardware_r 660.280266015865 35.03931302693631 31.510000228881836 AB 5.3257855207729055 1.0073836517279813
62236.3067 lsst_hardware_i 801.3441786605514 40.906310201812566 31.260000228881836 AB 5.236479965802842 1.01276084823573
62238.1646 lsst_hardware_z 545.1367463410209 49.0590834252898 30.93000030517578 AB 7.679814278501853 1.2190181394447386
62238.1826 lsst_hardware_r 780.0868016661321 36.9507106206484 31.489999771118164 AB 7.480181020449156 1.150797080069101
62244.1721 lsst_hardware_i 1169.7291312364696 45.34718108061896 31.25 AB 14.604418311402592 1.132125450496325
62244.1914 lsst_hardware_z 606.2811828151056 48.63493212158253 30.950000762939453 AB 13.951938238296753 1.0815455998679653
62246.1675 lsst_hardware_r 978.9831684536806 39.49188527676299 31.489999771118164 AB 3.8362595818648577 1.1295297620565878
62246.1858 lsst_hardware_u 1.4967875187506023 3.141998759097781 28.450000762939453 AB 3.6277385895606797 1.0818574784345574
62248.1589 lsst_hardware_g 235.592762529721 28.474792204696445 31.56999969482422 AB 11.523822003923996 1.1391678532941871
62248.2031 lsst_hardware_r 2055.8060495663162 57.66316720074665 32.279998779296875 AB 9.524706252158541 1.0403261702975113
62248.2406 lsst_hardware_u 3.5251312512968918 3.03905927918946 28.520000457763672 AB 8.417630371655177 1.007878155094312
62254.1639 lsst_hardware_r 1210.602749360968 140.14678089115563 31.649999618530273 AB 2.2433221153042595 1.0819881585068776
62254.1842 lsst_hardware_i 1038.8198919186596 110.41460516761559 31.34000015258789 AB 2.3235299433814856 1.0440485029797735
62254.2756 lsst_hardware_z 720.7324835325962 93.35255925506964 31.0 AB 2.879225788794727 1.0286623039638179
62254.2875 lsst_hardware_r 995.265222469699 138.90867367146515 31.65999984741211 AB 2.8204209920476915 1.0446003674250708
62257.1591 lsst_hardware_z 599.1775446127493 72.7374291016595 30.979999542236328 AB 10.001319757902465 1.0746211304850342
62257.1781 lsst_hardware_i 1119.0587359919698 81.73938838130589 31.329999923706055 AB 9.971816240941994 1.0409446730573455
62257.2259 lsst_hardware_z 1410.0368110222269 101.86998249919309 31.739999771118164 AB 9.21253118656808 1.0060826544731345
62259.1613 lsst_hardware_z 603.1837024971081 54.769946677913566 30.969999313354492 AB 12.002394345492409 1.0595333991430445
62259.1802 lsst_hardware_g 138.92780305532077 49.15238374594749 31.709999084472656 AB 11.922949111564256 1.030891642928575
62261.158 lsst_hardware_r 634.6190687729913 35.37023486407795 31.520000457763672 AB 9.006938280700647 1.0556552167642503
62261.1772 lsst_hardware_i 907.4065520299472 45.32536220654681 31.280000686645508 AB 9.545047172158007 1.028007234481207
62268.0593 lsst_hardware_i 1454.3784810071004 60.63420532039293 31.959999084472656 AB 15.377202488769292 1.3382535563090632
62268.0858 lsst_hardware_z 934.0989603186803 69.29177801556689 31.68000030517578 AB 14.612499704662746 1.205950293361599
62270.0555 lsst_hardware_u 1.2549336353612406 2.7128111153440253 28.270000457763672 AB 8.483105596166489 1.3284257752054835
62270.0746 lsst_hardware_g 61.89693576918106 16.56031531073936 31.389999389648438 AB 7.84374866097488 1.230552803395196
62272.0592 lsst_hardware_r 361.6176451279622 31.67423134111921 31.469999313354492 AB 6.486149695474229 1.2781849828504142
62272.0789 lsst_hardware_z 477.2866550027933 48.803475544082126 30.940000534057617 AB 6.0481245108105135 1.1898730101929005
62282.0504 lsst_hardware_r 232.64613787543593 130.077749379369 31.6200008392334 AB 6.231425243477429 1.194560575764879
62282.0683 lsst_hardware_z 426.82493052352805 89.49687102783841 30.989999771118164 AB 5.8922770786549705 1.1322773703117786
62283.0703 lsst_hardware_i 213.3228822208701 130.04589808901633 31.329999923706055 AB 6.457778774333174 1.118407615811986
62283.0905 lsst_hardware_z 693.982939368606 104.81674607179671 31.0 AB 6.606055218586943 1.0696910269207551
62285.0711 lsst_hardware_r 201.7658752368249 111.0290399678571 31.649999618530273 AB 10.580670058856152 1.1015507205805317
62285.1092 lsst_hardware_z 754.5172284128073 109.04141657417692 31.75 AB 9.794307271810945 1.030907368445472
62285.1408 lsst_hardware_r 82.44294696150597 111.07020510762243 31.670000076293945 AB 9.163728990542873 1.0075106316048785
62291.1283 lsst_hardware_u 1.7537037101803714 2.829759833859777 28.479999542236328 AB 10.803046207359582 1.0066122179470824
62291.1405 lsst_hardware_g 28.74391926569684 15.63622265918186 31.450000762939453 AB 10.812710777912084 1.0065279870216615
62302.1125 lsst_hardware_g -21.759993473446066 14.487223460970652 31.450000762939453 AB 12.485792382723478 1.006918740542216
62302.1261 lsst_hardware_r 51.554456478712545 24.244163675119413 31.5 AB 12.546816060546224 1.012520462182597
62307.967 lsst_hardware_y 116.38294432003492 54.047493485109776 29.989999771118164 AB 6.463116898663439 1.248187890819688
62307.9892 lsst_hardware_r 47.75658417883726 58.153662658981645 31.6200008392334 AB 5.963462340590828 1.158478729636242
62309.9668 lsst_hardware_y 243.38321831153792 63.743275794717604 29.989999771118164 AB 10.731854140118811 1.2242938870172586
62309.987 lsst_hardware_r 255.21005839261042 108.38845391512581 31.6299991607666 AB 9.668582503537666 1.1475608288740566
62311.976 lsst_hardware_z 15.09132365961763 124.99648574831305 31.729999542236328 AB 5.859716589481069 1.1664222525673948
62313.9651 lsst_hardware_y 95.79282932464123 56.507314896803344 30.010000228881836 AB 9.107463432809332 1.1864855957281568
62313.9845 lsst_hardware_i 181.35835827776225 67.07859305719 31.31999969482422 AB 8.629658255088955 1.1217060123599163
62314.9653 lsst_hardware_y 60.07430467709863 51.186807941792296 30.010000228881836 AB 7.616030154332043 1.175479579827194
62314.9842 lsst_hardware_r 46.66074632539549 24.451452014372617 31.5 AB 7.217298137617165 1.114841511358623
62322.9653 lsst_hardware_y 123.9475809601849 50.02900154691842 30.030000686645508 AB 7.251272495936266 1.106867351250861
62322.9846 lsst_hardware_g -16.2884114854416 14.938182526430861 31.450000762939453 AB 6.9395773997851995 1.063183729507729
62324.9664 lsst_hardware_y 29.967036684808928 49.786395765493026 30.040000915527344 AB 1.55671826500453 1.0903933679695121
62324.987 lsst_hardware_z 96.73347462505312 42.33830675217967 30.950000762939453 AB 1.4928215487415304 1.0493122413834182
62326.9652 lsst_hardware_y 60.85123234427085 51.201611667510775 30.040000915527344 AB 8.59680968369952 1.080612115354055
62326.9836 lsst_hardware_u 2.5164238218483748 2.827884421833705 28.510000228881836 AB 8.274570494317539 1.0460237019552763
62327.9651 lsst_hardware_z -18.670188827493607 45.30784127750593 30.959999084472656 AB 6.265711140520619 1.0749204221171074
62327.9837 lsst_hardware_r 49.053807400934595 24.387872774550026 31.520000457763672 AB 6.065251051490163 1.0417366226957212
62329.9661 lsst_hardware_y 167.00272728603008 50.887086247218484 30.040000915527344 AB 6.26443220200381 1.062023175395868
62329.9857 lsst_hardware_z 135.8821437906091 41.871181667144015 30.950000762939453 AB 6.072442889512464 1.031675652312685
62330.0269 lsst_hardware_r 50.35845104040503 23.975654981889026 31.510000228881836 AB 5.757424052715907 1.0060736345612968
62330.0396 lsst_hardware_g 2.833779173188454 14.737340037884595 31.459999084472656 AB 5.794300493298424 1.0078797170461324
62331.9649 lsst_hardware_y 93.578143455725 52.88837697380314 30.059999465942383 AB 6.81123908035132 1.0543305724006533
62331.9829 lsst_hardware_u 1.424808919233204 2.8998228723533592 28.540000915527344 AB 6.572016625889285 1.0285114310580796
62332.0237 lsst_hardware_r 87.27537666189276 23.941681563231217 31.510000228881836 AB 5.466541624487813 1.006065664062294
62332.0363 lsst_hardware_i 79.17968069255075 31.606587336841486 31.25 AB 5.411674160105652 1.0086370825246618
62347.9973 lsst_hardware_r -5.188241821834545 23.3700008392334 31.510000228881836 AB 4.062478731109794 1.0107344661908593
62348.0086 lsst_hardware_g -4.403838806739396 14.6899995803833 31.450000762939453 AB 3.2641536541018077 1.0183772417445776
62550.3063 lsst_hardware_r -116.51827130475492 83.66000366210938 31.610000610351562 AB 6.0865670992133545 1.2353495228766702
62550.3249 lsst_hardware_i 60.59100866125015 64.30000305175781 31.309999465942383 AB 5.73021036238961 1.1613133429375508
62552.3028 lsst_hardware_z 15.03935560952199 61.90999984741211 30.969999313354492 AB 4.478484363532588 1.2265899566894385
62552.321 lsst_hardware_i 102.14421432642462 65.20999908447266 31.309999465942383 AB 4.188044568423884 1.1559604108263715
62559.308 lsst_hardware_g 16.284660445310234 18.459999084472656 31.5 AB 7.00035828971827 1.1361451415594044
62559.3273 lsst_hardware_r 25.35095232037213 26.5 31.530000686645508 AB 6.590513042267372 1.0845010765620162
62561.3058 lsst_hardware_i -26.336626123568607 45.34000015258789 31.989999771118164 AB 4.626620725417109 1.1262922202500367
62561.3266 lsst_hardware_z -36.332295829608 59.38999938964844 31.690000534057617 AB 4.419127157321112 1.0740809748005622
62563.301 lsst_hardware_i 13.794545727051077 31.790000915527344 31.239999771118164 AB 6.818658024823024 1.1243561752531988
62563.3245 lsst_hardware_u -1.9431745305034558 2.680000066757202 28.3799991607666 AB 6.437555019679847 1.0672339223607172
62566.302 lsst_hardware_g 25.985163719860605 14.770000457763672 31.420000076293945 AB 7.837388602301133 1.0993671766448496
62566.3496 lsst_hardware_r 62.452210106728266 33.189998626708984 32.2599983215332 AB 7.304519877303927 1.0200062666858227
62566.3897 lsst_hardware_y -0.058749271146657345 48.0 30.059999465942383 AB 7.3693675453278304 1.0070881510526588
62568.3282 lsst_hardware_r -3.6063222473039533 23.700000762939453 31.5 AB 10.025114630521468 1.0381547770647293
62568.3497 lsst_hardware_u 4.026968163563613 2.7300000190734863 28.440000534057617 AB 8.235021766689881 1.0154783607731528
62572.2166 lsst_hardware_z -77.34007631552242 45.650001525878906 30.920000076293945 AB 10.376793924788444 1.4022694492957357
62572.2393 lsst_hardware_r 10.34214295663811 24.110000610351562 31.469999313354492 AB 9.386084746042265 1.268389830546252
62575.2215 lsst_hardware_z -0.15464834348982087 49.20000076293945 30.93000030517578 AB 12.129972458727975 1.3198381435969724
62575.2442 lsst_hardware_r 12.695272218831386 37.59000015258789 31.559999465942383 AB 11.055617501331186 1.2086604899235813
62578.2559 lsst_hardware_i 67.72351604218437 60.02000045776367 31.309999465942383 AB 7.176224795180698 1.1368577063707077
62578.2739 lsst_hardware_z 48.90921172145724 56.04999923706055 30.969999313354492 AB 6.844461690612383 1.0880343933783991
62580.2493 lsst_hardware_z -46.59081792588903 99.97000122070312 31.719999313354492 AB 5.643138346884538 1.1404311315888702
62580.2675 lsst_hardware_r 99.49122755489782 144.07000732421875 32.400001525878906 AB 5.450888736611072 1.09025043068426
62582.3604 lsst_hardware_r -105.58747385395404 97.94000244140625 31.65999984741211 AB 6.3009389403519025 1.0134743490365807
62582.3742 lsst_hardware_i -41.35024646904281 79.77999877929688 31.34000015258789 AB 6.3828350608068805 1.0252177851650726
62584.2585 lsst_hardware_z -120.23477562484896 88.94999694824219 31.729999542236328 AB 6.635622830671627 1.0857600966492023
