data/validation/pwv_sim_epoch_fit_seasonal/45473133.ecsv
# %ECSV 0.9
# ---
# datatype:
# - {name: time, datatype: float64}
# - {name: band, datatype: string}
# - {name: flux, datatype: float64}
# - {name: fluxerr, datatype: float64}
# - {name: zp, datatype: float64}
# - {name: zpsys, datatype: string}
# - {name: pwv, datatype: float64}
# - {name: airmass, datatype: float64}
# meta: {SNID: '45473133', alt: 1024.0, c: 0.02047027088701725, dec: -5.529265, lat: -30.244573, lon: -70.7499537, ra: 345.9375, t0: 60471.25,
#   x0: 6.486664658070917e-06, x1: 0.7655698657035828, z: 0.5510147213935852}
# schema: astropy-2.0
time band flux fluxerr zp zpsys pwv airmass
60485.3617 lsst_hardware_z 1199.3428625568167 73.55032789964396 30.969999313354492 AB 4.108059081639805 1.1329972185630353
60485.3835 lsst_hardware_i 1660.940361074328 80.53925899415124 31.31999969482422 AB 4.920626072588151 1.1076254524677243
60487.3904 lsst_hardware_z 2223.7246581808126 107.81442412183956 31.729999542236328 AB 7.919500798621422 1.1023548263943517
60490.3714 lsst_hardware_r 1018.2545985707056 51.2236827990626 31.59000015258789 AB 3.9970897802110903 1.106614003380637
60490.3934 lsst_hardware_i 1263.27230893588 52.95615698629966 31.280000686645508 AB 4.474229458121451 1.1030684451135602
60493.3712 lsst_hardware_z 904.2565853620155 51.67526244143379 30.940000534057617 AB 7.234836269424371 1.1029974874298696
60493.3935 lsst_hardware_u 5.590515467322119 3.1922416975900485 28.43000030517578 AB 7.168320584959045 1.1069625652379234
60495.3331 lsst_hardware_g 112.75735290476688 18.859493074501124 31.450000762939453 AB 5.0252332380373055 1.1351969815411145
60495.3537 lsst_hardware_r 773.3934674134307 36.55425936366339 31.510000228881836 AB 5.017433234954123 1.1094788608286557
60497.3796 lsst_hardware_i 892.1672629668014 43.39621820071916 31.239999771118164 AB 1.649837411220062 1.1052335697334863
60497.4001 lsst_hardware_z 874.0701701868126 51.62143064307608 30.940000534057617 AB 1.71659113959722 1.124895897508008
60499.3414 lsst_hardware_z 1480.5252534583437 72.55084607870297 31.700000762939453 AB 2.308600636820765 1.11061608570617
60499.3647 lsst_hardware_i 1496.2382291240806 60.4200334580046 32.0099983215332 AB 2.513028053605897 1.102205286669253
60501.3413 lsst_hardware_u -1.6734382564461467 3.03268239570429 28.440000534057617 AB 10.39192698165938 1.1066622038613576
60501.3622 lsst_hardware_g 57.26691256625932 17.12190105985795 31.440000534057617 AB 10.36241732877416 1.1027563181327862
60506.33 lsst_hardware_z 736.94358366181 49.97217875674907 30.940000534057617 AB 3.312995965488945 1.10531449026544
60506.3505 lsst_hardware_u -0.938668691183422 2.8535419724588778 28.34000015258789 AB 1.4356949750660513 1.1033198655646888
60508.3325 lsst_hardware_g 34.06609689619849 28.18167157091214 31.600000381469727 AB 1.984439277469143 1.102466265260635
60508.3521 lsst_hardware_r 307.71141432296474 29.742452471783263 31.489999771118164 AB 1.7435821468106443 1.1066849551322584
60511.3295 lsst_hardware_i 442.64270744820516 72.04483391009653 31.31999969482422 AB 5.392233430459197 1.1020301308929485
60511.3498 lsst_hardware_z 534.9662388573685 67.59941303642444 30.969999313354492 AB 4.743687710231702 1.1111073649824412
60514.3282 lsst_hardware_i 230.18445623057755 103.66332726139706 31.329999923706055 AB 5.751965969052837 1.103177209254476
60514.3499 lsst_hardware_z 746.8073585752247 91.76676387181784 30.989999771118164 AB 5.650532994168376 1.1198783763298625
60516.3007 lsst_hardware_z 1113.9340388177025 109.31562209233522 31.729999542236328 AB 9.39008215390274 1.1064511571762854
60520.2905 lsst_hardware_r 145.77579635715736 29.307442448434035 31.520000457763672 AB 4.8732367711260665 1.1060246487529133
60520.3116 lsst_hardware_i 277.15351481035543 37.23608316675963 31.25 AB 4.879617154231658 1.1031122763042065
60527.2524 lsst_hardware_g 10.510588275455746 15.664303463325822 31.40999984741211 AB 1.3860203028312637 1.1247882352049208
60527.2723 lsst_hardware_r 140.8084294380577 26.92885143998606 31.489999771118164 AB 1.393505280165256 1.1055178739906832
60529.2753 lsst_hardware_r 302.1498108813778 38.27382268642866 32.2599983215332 AB 3.325261212743086 1.1024488065455733
60529.2946 lsst_hardware_i 485.42947539833466 49.774249122911456 32.0 AB 2.822172171279097 1.10658953258885
60531.2614 lsst_hardware_z 324.92932070463877 46.56772888851943 30.950000762939453 AB 4.804535218810751 1.1055074134401177
60531.282 lsst_hardware_i 178.33280400504805 35.22042810805715 31.25 AB 4.7450764058566035 1.1032495712291568
60535.2435 lsst_hardware_r 137.32565736636607 27.14178988492691 31.510000228881836 AB 2.745778623539821 1.1103027187787389
60535.2636 lsst_hardware_i 167.7964883904532 35.014304930340266 31.25 AB 4.066038717127613 1.1020319504354907
60537.2349 lsst_hardware_z 548.0481184626216 71.70040297235265 31.709999084472656 AB 4.932604106434985 1.113140559985328
60539.2569 lsst_hardware_z 344.13317737785604 60.50692791826748 30.979999542236328 AB 3.300691950374894 1.1024355211672994
60539.2735 lsst_hardware_r 94.9215173250846 74.84124440039577 31.639999389648438 AB 3.3198436216223746 1.111244726902887
60543.2435 lsst_hardware_i -110.20139067726217 124.53340342905085 31.329999923706055 AB 2.190812082617557 1.1021105471371964
60543.2618 lsst_hardware_z 305.8193895653547 105.49468457807617 30.989999771118164 AB 1.9633039369988783 1.1105707195242076
60546.2137 lsst_hardware_z 573.1567182696657 76.28976609596279 31.719999313354492 AB 3.7520856751070935 1.1101118888849608
60546.2324 lsst_hardware_g 35.94065961496042 74.6716032086879 32.439998626708984 AB 3.734768225539135 1.1020537218498936
60553.177 lsst_hardware_z -0.05021707141205089 43.2400016784668 30.940000534057617 AB 1.8578624876876348 1.131463147191008
60553.1952 lsst_hardware_u 0.40895751266666164 2.799999952316284 28.40999984741211 AB 1.717131166878141 1.1096162629261008
60555.1719 lsst_hardware_r 17.27361739558814 25.110000610351562 31.510000228881836 AB 1.5530812596976933 1.130884412401233
60555.1922 lsst_hardware_g 15.762722762913413 15.90999984741211 31.459999084472656 AB 1.5315036271779614 1.1077783921717095
60557.1708 lsst_hardware_r 3.4025878735441997 25.079999923706055 31.5 AB 2.4625429923140953 1.1243632869556786
60557.1906 lsst_hardware_i 41.55673488021236 32.369998931884766 31.239999771118164 AB 2.3786644336233116 1.1054129503322647
60559.1504 lsst_hardware_z -44.26279670771892 43.52000045776367 30.940000534057617 AB 2.357900353438278 1.1504758982377545
60559.17 lsst_hardware_i 3.924168498937847 32.630001068115234 31.25 AB 2.675103513746974 1.1183543117671295
60568.133 lsst_hardware_i 105.8701791977062 72.1500015258789 31.31999969482422 AB 3.6298236211385073 1.1365989993910206
60568.1519 lsst_hardware_z -31.583991037992092 65.69999694824219 30.979999542236328 AB 3.5508562073358965 1.1116110426805477
60571.1444 lsst_hardware_r 111.06309227856326 164.8800048828125 31.649999618530273 AB 8.241389495854012 1.1109988535796727
60571.1638 lsst_hardware_z -111.06468629905349 110.87999725341797 31.0 AB 8.189505961320426 1.1020732016310626
60578.1195 lsst_hardware_r 29.545215253580565 24.940000534057617 31.5 AB 4.09406708079372 1.116766797816072
60578.1527 lsst_hardware_i -8.645937520621583 32.369998931884766 31.25 AB 3.1291147223087266 1.1029660635561251
60580.1126 lsst_hardware_i -40.08940088668834 32.27000045776367 31.239999771118164 AB 5.124645194232676 1.1184297674012573
60580.1336 lsst_hardware_z -14.761102145409179 42.61000061035156 30.940000534057617 AB 4.74499932502388 1.1030393037772985
60584.1064 lsst_hardware_r 30.540710489871437 24.75 31.5 AB 5.070040626407599 1.1133159039103204
60584.126 lsst_hardware_i 36.322770593002 32.34000015258789 31.25 AB 4.837120111182748 1.1023100257167306
60588.1005 lsst_hardware_u 1.2481788479013525 2.759999990463257 28.40999984741211 AB 3.785377641787571 1.108943208374856
60588.1211 lsst_hardware_g -3.352458953490647 15.460000038146973 31.450000762939453 AB 3.751186956656587 1.102155709315944
60590.1004 lsst_hardware_r -23.402609576179316 24.739999771118164 31.510000228881836 AB 10.158676854532448 1.1054656787129276
60590.1187 lsst_hardware_i 37.28770393875322 32.16999816894531 31.260000228881836 AB 9.973047083418164 1.102654120799441
60592.0723 lsst_hardware_i 34.139563332292695 33.56999969482422 31.25 AB 2.7543022585347443 1.1286582127583982
60592.0908 lsst_hardware_z 8.30101395496661 43.54999923706055 30.950000762939453 AB 3.5355814701776667 1.1080432917766845
60594.0731 lsst_hardware_r -0.803665148997715 38.380001068115234 31.579999923706055 AB 6.068879440703744 1.1199777514562848
60594.093 lsst_hardware_g -0.5069408077239327 34.7400016784668 31.65999984741211 AB 6.394459198192035 1.1038410469438886
60596.0735 lsst_hardware_r 32.5742235409129 72.95999908447266 31.639999389648438 AB 8.01682246824253 1.1134475650336848
60596.0928 lsst_hardware_i 55.936407499738266 62.5099983215332 31.31999969482422 AB 7.966432880240708 1.1023788853986842
60599.0742 lsst_hardware_z 89.85179903603387 93.47000122070312 30.989999771118164 AB 7.248706046244746 1.1063911543492013
60599.0924 lsst_hardware_i 223.53675929170623 110.08000183105469 31.329999923706055 AB 7.594925997724457 1.1023247979860922
60601.077 lsst_hardware_z 286.0015195528492 95.9000015258789 31.729999542236328 AB 4.164675276105667 1.1028357161547357
60603.0683 lsst_hardware_r -23.43573013747464 24.600000381469727 31.510000228881836 AB 3.383144164226788 1.1038891146833378
60603.0868 lsst_hardware_i -17.981317949750117 42.130001068115234 31.290000915527344 AB 2.958474634119876 1.103736844689523
60605.0687 lsst_hardware_z -50.33960857606994 42.7599983215332 30.950000762939453 AB 4.807418419941782 1.1023028764555534
60605.0853 lsst_hardware_u 0.4776239761964754 2.7899999618530273 28.440000534057617 AB 5.9189621665115775 1.1055559256317737
60607.0404 lsst_hardware_r -39.250993783289495 34.849998474121094 32.2599983215332 AB 4.037698689981722 1.1166716819493125
60607.0586 lsst_hardware_g 13.925602007188376 21.889999389648438 32.209999084472656 AB 4.195004291663731 1.103440334494307
60611.0451 lsst_hardware_z -26.09947981018069 42.7599983215332 30.950000762939453 AB 2.647021504730589 1.1044595986356125
60611.0611 lsst_hardware_i 51.89472784182662 32.189998626708984 31.260000228881836 AB 2.5511300484534294 1.1025953748040451
60613.0359 lsst_hardware_u 0.7636065582444558 2.940000057220459 28.540000915527344 AB 5.126384618375802 1.1064338463013654
60613.0524 lsst_hardware_g -12.144867075736803 15.550000190734863 31.469999313354492 AB 4.491391547724515 1.1021143605235793
60622.0176 lsst_hardware_y 97.41743654260966 50.959999084472656 30.030000686645508 AB 9.544865859607386 1.103452700532646
60622.036 lsst_hardware_i -27.14346102391139 35.380001068115234 31.270000457763672 AB 9.74426275816176 1.1041657516330607
60624.0123 lsst_hardware_y 15.373756561260103 65.52999877929688 30.049999237060547 AB 7.167302830653255 1.1033975723282068
60624.0308 lsst_hardware_i 66.58397239660009 54.150001525878906 31.309999465942383 AB 7.896868173434677 1.1042769021507448
60626.0148 lsst_hardware_y 99.05172095754529 69.4800033569336 30.040000915527344 AB 5.566923260397006 1.1020337049183544
60626.0346 lsst_hardware_z 21.065913529689812 74.05999755859375 30.979999542236328 AB 5.73814689868256 1.1100898415932985
60843.3816 lsst_hardware_r -116.25577882185723 106.01000213623047 32.380001068115234 AB 4.1917198784907335 1.132897264456955
60843.4092 lsst_hardware_y 8.602156236735159 77.9000015258789 30.790000915527344 AB 4.086146714769149 1.1043639769646347
60845.425 lsst_hardware_z -30.03300864226021 47.77000045776367 30.959999084472656 AB 2.8715807512255966 1.1044541350867678
60850.3497 lsst_hardware_g -18.802729055071097 22.579999923706055 32.18000030517578 AB 3.9410917747977288 1.1580660487186802
60850.3744 lsst_hardware_r 18.59197743895685 25.239999771118164 31.510000228881836 AB 3.8012083238787686 1.1164700383430886
60853.3412 lsst_hardware_i 58.38652844219173 33.15999984741211 31.25 AB 8.343218065243304 1.1587802868393478
60853.3664 lsst_hardware_r 5.703763346636504 25.31999969482422 31.510000228881836 AB 8.037081692690665 1.1162613462070368
60859.3691 lsst_hardware_u 0.6999222047843376 2.8399999141693115 28.459999084472656 AB 7.194778944649981 1.1030707465925613
60859.3918 lsst_hardware_g -2.814811514365477 15.800000190734863 31.459999084472656 AB 7.164356768907814 1.1072338720203714
60862.3706 lsst_hardware_r -24.519938724376043 24.84000015258789 31.510000228881836 AB 6.2557793215683555 1.1022266706626378
60862.3913 lsst_hardware_i -11.723699557624569 32.40999984741211 31.25 AB 5.499514819299316 1.113562665894793
60864.366 lsst_hardware_z -108.02858715857677 51.060001373291016 30.969999313354492 AB 1.6775792031368024 1.1023409504786785
60864.3888 lsst_hardware_r 39.27314806349828 47.4900016784668 31.610000610351562 AB 1.6672077083810526 1.1166829928875102
60869.3243 lsst_hardware_z -52.35115472908278 77.06999969482422 30.979999542236328 AB 6.798938674397692 1.1145801105569988
60869.3444 lsst_hardware_r 270.5456827010908 107.69000244140625 31.639999389648438 AB 6.69858269849968 1.1024658819123898
60876.3268 lsst_hardware_u 0.29339475662120934 2.809999942779541 28.420000076293945 AB 3.5946912698404527 1.102243394355064
60876.3474 lsst_hardware_g 30.66328320519381 16.360000610351562 31.469999313354492 AB 3.055722253042002 1.1086520645957376
60878.3308 lsst_hardware_r 12.625457492775443 24.489999771118164 31.5 AB 5.378723378984136 1.1029884915378112
60878.3502 lsst_hardware_i 3.3699252512653985 32.099998474121094 31.239999771118164 AB 4.836795798567455 1.1162695127087452
60880.2917 lsst_hardware_i 23.93579500365216 32.209999084472656 31.25 AB 5.757871253613315 1.1173823507885339
60880.3129 lsst_hardware_z -86.8137307707214 42.619998931884766 30.950000762939453 AB 5.735559335269806 1.1027801067619922
60882.289 lsst_hardware_i 54.43513499808359 32.08000183105469 31.239999771118164 AB 11.773139535835512 1.1143881683443724
60882.3111 lsst_hardware_u -2.1094296663065255 2.7200000286102295 28.3799991607666 AB 9.540433470760169 1.102175770651591
60887.2847 lsst_hardware_i 57.382856185510626 32.119998931884766 31.239999771118164 AB 3.979883623498819 1.1067016610739635
60887.3056 lsst_hardware_r -4.054891327581087 24.559999465942383 31.510000228881836 AB 3.7237868466192134 1.102826875279019
60889.2767 lsst_hardware_z 50.581219665195505 42.65999984741211 30.950000762939453 AB 1.7463148114476734 1.108419429671643
60889.2991 lsst_hardware_g 5.7204223564083785 15.3100004196167 31.440000534057617 AB 1.5263537423935871 1.102591193638517
60892.2925 lsst_hardware_r -6.4522280056184025 71.83000183105469 32.369998931884766 AB 1.6562965739634916 1.1029721913186403
60893.2534 lsst_hardware_z 26.8211448751416 53.66999816894531 30.959999084472656 AB 1.420868547472846 1.1207797653105882
60898.2528 lsst_hardware_z -46.77251949599975 100.16000366210938 31.0 AB 7.278898647288265 1.1079414966000631
60898.2724 lsst_hardware_r 94.2028117246892 144.92999267578125 31.649999618530273 AB 7.391967176912713 1.1022504644045052
60900.247 lsst_hardware_i -20.662326224478218 68.75 31.31999969482422 AB 3.9044962374900503 1.10818247043237
60900.2655 lsst_hardware_r 1.256361825873388 80.7699966430664 31.639999389648438 AB 3.7472244956078744 1.102124851649375
60903.2294 lsst_hardware_u 4.944822412017242 3.2200000286102295 28.540000915527344 AB 4.930794895570941 1.1168278359164079
60903.2504 lsst_hardware_g -12.735007942101051 21.149999618530273 31.559999465942383 AB 4.998618724085824 1.1027175654281542
60905.2459 lsst_hardware_r 3.0394479301946693 35.189998626708984 32.2599983215332 AB 2.763184330944863 1.102517438780765
60905.2649 lsst_hardware_i 42.66212207652611 32.27000045776367 31.25 AB 3.307377973147522 1.106424010419845
60907.215 lsst_hardware_z 7.841464881223068 43.02000045776367 30.940000534057617 AB 2.0166956647836374 1.1210092633594428
60907.2326 lsst_hardware_r -3.1045876700309645 24.959999084472656 31.510000228881836 AB 1.9681386744073177 1.105281921232114
60911.2203 lsst_hardware_g 21.845010438142303 15.6899995803833 31.450000762939453 AB 2.8183615761326193 1.1060350223556619
60911.2395 lsst_hardware_r 24.99957438226909 24.780000686645508 31.5 AB 2.814819479371232 1.1026976283773435
60913.1902 lsst_hardware_i -64.07644908573153 32.619998931884766 31.239999771118164 AB 2.4115998113786987 1.1334037416889664
60913.2091 lsst_hardware_r -14.507799991710153 25.15999984741211 31.510000228881836 AB 2.7599107070750284 1.1100324602795395
60933.1583 lsst_hardware_g -22.42328831408806 15.970000267028809 31.459999084472656 AB 1.5392310902654391 1.1072277354744797
60933.1757 lsst_hardware_r -1.795356938948745 25.190000534057617 31.520000457763672 AB 1.1388881529916846 1.1021498254758237
60935.128 lsst_hardware_r -5.344039042577077 25.1299991607666 31.5 AB 0.6238745347547082 1.137073878652066
60935.1464 lsst_hardware_i 37.0287490161395 32.470001220703125 31.25 AB 0.8053348809948264 1.1123409958492079
60937.1375 lsst_hardware_z -44.087229211984884 43.22999954223633 30.940000534057617 AB 8.256967662605575 1.1158064408926454
60937.1582 lsst_hardware_i 12.752883393663943 32.52000045776367 31.25 AB 8.207655886161104 1.102586766007717
60939.1381 lsst_hardware_u 6.356427973190165 2.8399999141693115 28.450000762939453 AB 4.941363758423215 1.1100446497637235
60939.1568 lsst_hardware_g 19.1730353697128 15.880000114440918 31.459999084472656 AB 4.965534480483028 1.1021050894426174
60942.135 lsst_hardware_r 2.372530698414733 24.8799991607666 31.5 AB 3.8732289961144515 1.1064261082025666
60942.1539 lsst_hardware_i -41.33777339714055 32.27000045776367 31.25 AB 3.8892657301387024 1.102503750393628
60944.1094 lsst_hardware_i -21.982820131052417 32.33000183105469 31.239999771118164 AB 4.247838601956913 1.1273457011561077
60944.1296 lsst_hardware_z 69.07395738462169 42.59000015258789 30.940000534057617 AB 3.156529365181726 1.1063895426504473
60946.1099 lsst_hardware_r -55.47583712423658 26.8799991607666 31.520000457763672 AB 5.1370582254935115 1.1192864041020563
60946.1292 lsst_hardware_g 7.238313439549763 18.450000762939453 31.510000228881836 AB 4.77378264438493 1.1038923908856089
60949.1066 lsst_hardware_r -46.193684238090064 43.290000915527344 31.600000381469727 AB 7.034045946551374 1.1138631744341052
60949.1239 lsst_hardware_i -21.559674940554736 41.97999954223633 31.280000686645508 AB 7.0088618113693455 1.1029472006980716
60954.1101 lsst_hardware_z -27.31334043418163 146.08999633789062 31.75 AB 3.791332816337524 1.1029866610756955
60956.0996 lsst_hardware_r -72.24986872740863 101.2300033569336 31.639999389648438 AB 10.299889441612398 1.1048913717364501
60956.1192 lsst_hardware_i 17.763904760057784 80.91000366210938 31.31999969482422 AB 9.772394626134307 1.1034149637141428
60958.0718 lsst_hardware_i 7.233461805929068 32.33000183105469 31.239999771118164 AB 2.7373942162885534 1.1264224194314465
60958.0892 lsst_hardware_z 67.8449550868932 45.970001220703125 30.950000762939453 AB 3.489180382486962 1.1077935387300453
60960.071 lsst_hardware_r 3.4245880729161646 24.479999542236328 31.5 AB 6.001023595795614 1.1201163967886205
60960.0895 lsst_hardware_g 31.787554759574515 15.350000381469727 31.450000762939453 AB 6.380008536590981 1.1045083738111028
60962.074 lsst_hardware_r -32.584220931085156 24.510000228881836 31.510000228881836 AB 8.00025064568382 1.1111459230116416
60962.0929 lsst_hardware_i 17.51367479837111 31.940000534057617 31.239999771118164 AB 7.954160762379911 1.1021677230151448
60964.074 lsst_hardware_z -62.85374242625398 42.77000045776367 30.940000534057617 AB 9.110279397464943 1.1070046657375685
60964.0932 lsst_hardware_i 53.76538983849846 32.060001373291016 31.25 AB 8.548706836678356 1.102395138842694
60966.0681 lsst_hardware_u -0.3879772831966068 2.7699999809265137 28.43000030517578 AB 6.6156899035364 1.1072902092506807
60966.0856 lsst_hardware_g -21.520088075604413 15.329999923706055 31.450000762939453 AB 9.358627941212381 1.1021496176900807
60969.0685 lsst_hardware_r 9.04145363959459 24.489999771118164 31.5 AB 3.2990287847234168 1.1031696320760465
60969.0869 lsst_hardware_i -5.205227986629919 32.060001373291016 31.25 AB 2.897966412802366 1.1046885944610942
60973.0435 lsst_hardware_r -27.312622888293475 24.65999984741211 31.510000228881836 AB 4.237435677065289 1.1115557234464972
60973.0619 lsst_hardware_g 3.857254767750349 15.5 31.450000762939453 AB 4.193742225413359 1.1022627191379077
60980.0543 lsst_hardware_z 128.12494986952126 98.37000274658203 31.729999542236328 AB 4.577310948514072 1.1036313317695172
60990.0127 lsst_hardware_y -118.26189604054551 62.61000061035156 30.040000915527344 AB 7.704399859920304 1.102755293769456
60990.0301 lsst_hardware_r -20.61987842196765 25.1299991607666 31.510000228881836 AB 7.2963192591896835 1.1049448650968727
60992.0255 lsst_hardware_z 70.36294516010723 66.22000122070312 31.700000762939453 AB 5.842212881938389 1.1053806124475452
