data/validation/pwv_sim_epoch_fit_seasonal/45521941.ecsv
# %ECSV 0.9
# ---
# datatype:
# - {name: time, datatype: float64}
# - {name: band, datatype: string}
# - {name: flux, datatype: float64}
# - {name: fluxerr, datatype: float64}
# - {name: zp, datatype: float64}
# - {name: zpsys, datatype: string}
# - {name: pwv, datatype: float64}
# - {name: airmass, datatype: float64}
# meta: {SNID: '45521941', alt: 1024.0, c: -0.058900054544210434, dec: -17.113819, lat: -30.244573, lon: -70.7499537, ra: 151.875, t0: 61483.68359375,
#   x0: 4.357791940663095e-06, x1: 0.9507964253425598, z: 0.6486103534698486}
# schema: astropy-2.0
time band flux fluxerr zp zpsys pwv airmass
61405.3266 lsst_hardware_i 38.04418325970208 35.720001220703125 31.280000686645508 AB 5.189379712277343 1.0304907586848935
61405.3477 lsst_hardware_z 86.17308186610708 44.880001068115234 30.959999084472656 AB 6.039973155321511 1.0268279526231565
61407.3225 lsst_hardware_r 31.07141118627932 24.1200008392334 31.510000228881836 AB 5.353522260149411 1.0297875596594148
61407.3431 lsst_hardware_y 53.345881731131264 47.279998779296875 30.049999237060547 AB 4.573422460099308 1.0270045570790765
61411.3014 lsst_hardware_i -33.83217761873066 30.510000228881836 31.25 AB 7.636539007639065 1.0366342544306424
61411.3222 lsst_hardware_z -46.92445303645611 40.970001220703125 30.950000762939453 AB 7.327631820155684 1.0265185832578592
61415.303 lsst_hardware_g -2.9765313505660576 13.920000076293945 31.43000030517578 AB 7.394321683996548 1.0287274817163097
61415.3251 lsst_hardware_r 5.41390673154051 22.56999969482422 31.489999771118164 AB 7.365352501135266 1.0281061559373628
61418.2557 lsst_hardware_i -5.395661608482615 30.65999984741211 31.25 AB 4.915260269027493 1.072732489966716
61418.2736 lsst_hardware_z 76.39019460411 41.04999923706055 30.950000762939453 AB 4.721738293800172 1.0454418894719744
61420.2662 lsst_hardware_r 30.906915920582275 22.690000534057617 31.5 AB 5.844234061438722 1.0477919192204725
61420.2862 lsst_hardware_g 8.844046671996827 13.84000015258789 31.420000076293945 AB 5.744699640718008 1.0301930134589052
61422.2633 lsst_hardware_r -11.69520493608401 22.84000015258789 31.510000228881836 AB 2.212626542772774 1.0447184148445126
61422.2823 lsst_hardware_i 23.646915786164012 30.579999923706055 31.270000457763672 AB 2.2690180333354246 1.0294221701332888
61424.3073 lsst_hardware_z -15.732135589589006 41.13999938964844 30.950000762939453 AB 6.8065979225556745 1.0313027155387386
61424.3269 lsst_hardware_i -43.48801103834278 30.719999313354492 31.260000228881836 AB 6.92890702957626 1.0498343984206455
61428.2369 lsst_hardware_y -9.698626664423434 59.619998931884766 30.049999237060547 AB 9.710528057242172 1.0581759597430664
61428.2583 lsst_hardware_r -165.82221458391896 110.69000244140625 31.65999984741211 AB 9.822949446192276 1.0339946785465552
61430.2374 lsst_hardware_i -40.73253478574902 76.86000061035156 31.329999923706055 AB 9.039417872642156 1.049701602249977
61430.2576 lsst_hardware_z 59.2605145379994 67.36000061035156 30.989999771118164 AB 9.607259221845458 1.030895545659074
61432.2845 lsst_hardware_z -27.60446989203342 53.060001373291016 30.979999542236328 AB 11.877675159946797 1.0307499415632164
61432.3026 lsst_hardware_r -33.169477535873796 60.7599983215332 31.649999618530273 AB 12.37651014274264 1.0467278537502234
61434.2792 lsst_hardware_i -31.13651265360387 36.4900016784668 31.290000915527344 AB 11.570655508667398 1.0308392809182947
61434.2974 lsst_hardware_z 10.119189365594258 44.040000915527344 30.959999084472656 AB 11.600388778118093 1.0470452451103207
61436.218 lsst_hardware_z 0.6000908610482562 41.849998474121094 30.950000762939453 AB 11.1248013313204 1.0538176190073003
61436.2356 lsst_hardware_i 5.463040273188539 31.420000076293945 31.260000228881836 AB 11.06026750276722 1.0346368103617605
61440.2203 lsst_hardware_r -3.446437783484925 22.959999084472656 31.510000228881836 AB 7.868256065024556 1.0383367180263952
61440.2381 lsst_hardware_i -68.30057711833125 30.610000610351562 31.270000457763672 AB 7.782827644645434 1.0275377291012884
61442.2025 lsst_hardware_z -57.446869134587374 41.439998626708984 30.959999084472656 AB 5.783907427770671 1.0525764199764518
61442.2207 lsst_hardware_u -0.3014014276258827 2.869999885559082 28.579999923706055 AB 4.474534330992041 1.033538881504167
61443.2055 lsst_hardware_g -5.8896170608796945 14.229999542236328 31.43000030517578 AB 5.166154327743908 1.045251254981064
61443.2235 lsst_hardware_r -41.10276953339276 23.040000915527344 31.510000228881836 AB 6.052051387768039 1.0301364064286023
61447.1999 lsst_hardware_i 3.4919287206776115 30.729999542236328 31.260000228881836 AB 2.806801573612216 1.0395561383748948
61447.2171 lsst_hardware_u 2.8944139338052626 2.7100000381469727 28.450000762939453 AB 3.817789225800156 1.0281530265401349
61452.1884 lsst_hardware_i -26.219018100474305 36.638195850112844 31.280000686645508 AB 4.312916435788224 1.0375485591888594
61452.2047 lsst_hardware_r -7.730423987011587 31.129546666701135 31.579999923706055 AB 4.309266597504287 1.0277287377782638
61454.2365 lsst_hardware_z -2.6989089950644893 75.0851812942189 31.729999542236328 AB 5.494067256536213 1.0400670002434895
61458.1652 lsst_hardware_i 116.33725756822182 94.47102912244249 31.34000015258789 AB 6.73304069250864 1.044489539268356
61458.1832 lsst_hardware_z 62.056841038384135 80.62845250220009 31.0 AB 8.25351290991543 1.0298011449736437
61460.1605 lsst_hardware_i 141.62744728903894 62.178455605319854 31.329999923706055 AB 9.649395343215282 1.0436291740444823
61460.1775 lsst_hardware_z 114.76841484065677 58.563432026593155 30.989999771118164 AB 10.082917940795388 1.0299201165265972
61462.165 lsst_hardware_g 100.1734765068274 43.78084772301996 31.700000762939453 AB 5.488182348861688 1.0343351580968128
61462.1852 lsst_hardware_r 371.42270364842625 48.782063427825975 31.6200008392334 AB 7.156743945262068 1.0263139777380803
61464.1528 lsst_hardware_i 462.5812332405784 39.07381745098372 31.260000228881836 AB 6.347800001788005 1.0402250508201243
61464.1706 lsst_hardware_r 607.053359931203 36.074074560604764 31.540000915527344 AB 6.24918703565965 1.028179124260174
61466.154 lsst_hardware_u -8.63662567315049 3.6662763182490066 28.510000228881836 AB 3.506162127815499 1.0343932522135462
61466.1727 lsst_hardware_g 171.5084759604524 19.225279211737377 31.43000030517578 AB 3.9939202964987564 1.0264288770904648
61468.1899 lsst_hardware_r 851.9817920229921 37.84709731437353 31.5 AB 6.692546020596335 1.0330394413207278
61468.2084 lsst_hardware_i 744.4114033921011 40.94815143315779 31.25 AB 5.846559559516751 1.0520125163322989
61477.1234 lsst_hardware_u 3.8548826863609826 3.555099437966742 28.479999542236328 AB 13.556452399386979 1.0348239460611224
61477.142 lsst_hardware_g 426.6779068641018 24.930609161535113 31.43000030517578 AB 14.371021881072778 1.02650156293377
61481.1146 lsst_hardware_z 907.8609324660234 54.61203632995718 30.969999313354492 AB 7.903392551549365 1.0332582757941384
61481.1356 lsst_hardware_r 1682.0166870054245 58.50573413164858 31.6200008392334 AB 8.434856657064074 1.0262943461066554
61487.2003 lsst_hardware_r 1563.6607753137234 127.04072576660208 31.639999389648438 AB 7.870694281583641 1.1538492624641585
61487.2273 lsst_hardware_z 833.2236691712221 88.30247001428774 30.969999313354492 AB 8.177903780318507 1.2701566794002497
61494.1355 lsst_hardware_i 1157.0902013669304 45.09864485944081 31.260000228881836 AB 6.635729112119289 1.0494589770867306
61494.153 lsst_hardware_z 893.8165121376567 50.74767212717885 30.950000762939453 AB 6.819479216886976 1.0782921862995272
61497.0685 lsst_hardware_z 892.8445868844909 49.84368889191452 30.959999084472656 AB 9.045452094982647 1.0350474410202322
61497.0871 lsst_hardware_r 944.7294371681411 38.50473555322601 31.510000228881836 AB 8.831630012833761 1.0265358403139064
61499.0665 lsst_hardware_u -3.827924281900317 2.781618920566448 28.479999542236328 AB 5.104197983844079 1.032541736448523
61499.0852 lsst_hardware_g 106.43743573229663 17.32223621452847 31.420000076293945 AB 6.157671257175803 1.0262785428626338
61501.0658 lsst_hardware_r 755.2770462552525 35.86935749595103 31.5 AB 8.130615759779756 1.0297893199362191
61501.0846 lsst_hardware_z 685.5962514022879 48.633469917081406 30.950000762939453 AB 9.723931495013485 1.0266336260792557
61503.0523 lsst_hardware_r 700.7285546167668 34.61989599349567 31.5 AB 7.804208976305564 1.0349037231541587
61503.0727 lsst_hardware_u 0.6355710318704718 2.720917465689629 28.469999313354492 AB 7.715839870174188 1.0263382450849121
61505.043 lsst_hardware_g 80.11539439448484 16.874105714749387 31.43000030517578 AB 5.895456293587627 1.0381609145652877
61505.06 lsst_hardware_r 592.4373068392063 33.329551104572715 31.510000228881836 AB 5.855922618743648 1.0277154473049575
61511.0421 lsst_hardware_i 529.275637145097 59.37961195339022 31.31999969482422 AB 17.10337872750237 1.0282334847825878
61511.0601 lsst_hardware_z 648.8948438990828 58.09944337600161 30.979999542236328 AB 17.058518362359436 1.0272090543371961
61515.0835 lsst_hardware_z 463.3006904442903 76.6425478550579 31.0 AB 7.211563658480211 1.0569490925516944
61515.1014 lsst_hardware_i 413.08262900565677 88.26360843615687 31.329999923706055 AB 7.473987587287847 1.0905623911412228
61518.0156 lsst_hardware_r 302.0706619711804 62.64728345629635 31.649999618530273 AB 6.223867880191453 1.0319081277518747
61518.0331 lsst_hardware_z 471.9496309679843 57.06175643932737 30.979999542236328 AB 6.187529842371978 1.0262803647384724
61520.0147 lsst_hardware_r 233.73394492791795 26.83187875367167 31.5 AB 13.490454151305398 1.0294127547733993
61520.0327 lsst_hardware_u 2.088536704999715 2.861947994632623 28.450000762939453 AB 13.465096438712964 1.0266291204304947
61521.9955 lsst_hardware_g 38.15037608358364 14.799021444965106 31.43000030517578 AB 6.550686782505903 1.0391729974231059
61522.0126 lsst_hardware_r 160.88504538397214 26.579128268484627 31.510000228881836 AB 4.739266363883457 1.0280404260050884
61523.9978 lsst_hardware_i 289.79081544372565 34.381002659295774 31.25 AB 10.793182542176758 1.0328321983566406
61524.0158 lsst_hardware_z 284.6710111814302 44.79121499060992 30.950000762939453 AB 8.812165808214555 1.0263113475864964
61525.9984 lsst_hardware_r 129.72174344605634 25.58963058383672 31.489999771118164 AB 11.665892709954326 1.0293737501062672
61526.0175 lsst_hardware_u 0.3213283119036579 2.8101070822607346 28.459999084472656 AB 10.986483944961694 1.0268381779202782
61530.036 lsst_hardware_z 336.0346161787857 44.66260390618616 30.950000762939453 AB 10.518550850562733 1.0479253649377567
61530.0529 lsst_hardware_r 138.91644277125042 25.551480593955706 31.489999771118164 AB 9.689679052448243 1.0747402590755053
61531.9719 lsst_hardware_y 75.92762918926695 49.281567927113926 30.049999237060547 AB 3.8727894525183078 1.035874496928934
61531.9894 lsst_hardware_u -3.120150294438285 2.8542135982952948 28.479999542236328 AB 3.848126368628652 1.0268972696927554
61532.9713 lsst_hardware_z 257.08462489145853 44.57857894523139 30.950000762939453 AB 10.145528680211543 1.0342027196953663
61532.9892 lsst_hardware_r 108.96774824325432 25.03700199384239 31.5 AB 10.085369450091042 1.0264832946098665
61534.9688 lsst_hardware_y 66.82254344301472 49.260488133099926 30.049999237060547 AB 8.032181489363525 1.032148739316824
61534.9864 lsst_hardware_z 267.1185470880049 44.05963958514667 30.950000762939453 AB 7.948930517283837 1.0262864327703354
61536.9694 lsst_hardware_y 220.44190639462747 49.00728702796828 30.059999465942383 AB 12.013569961125253 1.028911438945294
61536.9873 lsst_hardware_z 210.91706037103484 44.62554431322469 30.959999084472656 AB 11.92669686531667 1.026806250242496
61540.9551 lsst_hardware_y -35.756655426529534 75.43319022564984 30.079999923706055 AB 7.859709098178291 1.0305562628730276
61540.9726 lsst_hardware_r 86.61295862263952 74.42303058980167 31.65999984741211 AB 7.3649397906775445 1.02632940226842
61542.9649 lsst_hardware_y 430.3515977356413 87.97129170375312 30.81999969482422 AB 7.6165308866721535 1.0262791735730037
61546.954 lsst_hardware_z 86.96481013407875 66.4989776147765 30.989999771118164 AB 5.97850187141767 1.0262788421001652
61546.9738 lsst_hardware_i 145.3318357911379 50.35977217231571 31.31999969482422 AB 5.771112101513215 1.0327688084312556
61765.3396 lsst_hardware_z -55.77919491995403 41.54999923706055 30.950000762939453 AB 9.112701380459978 1.0312277002812458
61765.3592 lsst_hardware_y 50.512199092402525 69.22000122070312 30.06999969482422 AB 9.108807452017366 1.0264023271189417
61767.342 lsst_hardware_u -0.9143699573669062 3.259999990463257 28.600000381469727 AB 5.802340855728268 1.0276905518470565
61769.3342 lsst_hardware_r -4.445927632051588 22.610000610351562 31.5 AB 8.97501080539149 1.028517005029956
61771.337 lsst_hardware_z 9.998336895484949 41.16999816894531 30.950000762939453 AB 7.335054171667833 1.0264444522966205
61771.3576 lsst_hardware_y 74.62825517996788 61.34000015258789 30.06999969482422 AB 7.371005263617864 1.0315619473594306
61773.3263 lsst_hardware_u 2.569959017884487 2.690000057220459 28.450000762939453 AB 4.740468507360433 1.0274839622918377
61773.3463 lsst_hardware_y 72.32374934113973 48.04999923706055 30.049999237060547 AB 5.62651207673979 1.0286128111041664
61777.302 lsst_hardware_z 39.94883606103064 57.689998626708984 31.700000762939453 AB 8.51827871390126 1.0344831049550167
61777.3227 lsst_hardware_r 2.2086681313032672 31.690000534057617 32.2400016784668 AB 8.556802461393492 1.0262928859953615
61779.298 lsst_hardware_y 21.960742917517322 46.86000061035156 30.049999237060547 AB 7.824212916728341 1.0334109845439425
61779.3205 lsst_hardware_g -14.43672892239604 13.880000114440918 31.440000534057617 AB 7.767389465825013 1.0263576896977389
61781.3037 lsst_hardware_r 64.76965816546029 78.81999969482422 31.65999984741211 AB 7.605059584719377 1.0277107546918076
61781.3243 lsst_hardware_i 22.73861042072101 60.06999969482422 31.329999923706055 AB 7.611245443054359 1.0285466814938322
61784.262 lsst_hardware_z 64.31842778091969 72.16000366210938 30.989999771118164 AB 7.57680752165974 1.0584104379297457
61784.2796 lsst_hardware_r -167.3516530933656 100.11000061035156 31.65999984741211 AB 7.356415919227449 1.0371740043322335
61785.2652 lsst_hardware_z 31.078075564996023 65.87000274658203 30.989999771118164 AB 5.81350581577148 1.0499378392218675
61785.2839 lsst_hardware_r 61.16456732804039 85.55000305175781 31.65999984741211 AB 5.7909525581751895 1.0318874836377743
61787.261 lsst_hardware_i -63.26825946590731 49.209999084472656 31.309999465942383 AB 2.2669755827937346 1.0483124082283166
61787.2798 lsst_hardware_z 15.131118043306287 50.70000076293945 30.969999313354492 AB 2.276081176326993 1.0310673505445043
61789.3123 lsst_hardware_r 36.025958508590875 30.600000381469727 31.559999465942383 AB 6.825413923201893 1.0341536247275596
61789.3313 lsst_hardware_z -5.5545379507065 42.810001373291016 30.940000534057617 AB 6.962523080531262 1.0549277394744336
61791.2397 lsst_hardware_u 0.1799045687651249 2.700000047683716 28.399999618530273 AB 12.552433878092566 1.0635402565636578
61791.2587 lsst_hardware_g 21.750503112915947 14.850000381469727 31.440000534057617 AB 12.298886122811975 1.0388011421776235
61793.2456 lsst_hardware_r 39.193778660059415 22.68000030517578 31.489999771118164 AB 9.505371535281778 1.0470873311918203
61793.2653 lsst_hardware_i -31.72525880715568 30.309999465942383 31.239999771118164 AB 9.785374971476488 1.0300394706817355
61795.2478 lsst_hardware_z 86.74299001017988 41.11000061035156 30.950000762939453 AB 8.961468944421537 1.0387800520952681
61795.2691 lsst_hardware_r -23.326402873795846 22.639999389648438 31.489999771118164 AB 9.556856468034894 1.026790917865689
61799.2881 lsst_hardware_z -36.972881565878964 40.970001220703125 30.950000762939453 AB 11.635937658457168 1.036632233097144
61799.3059 lsst_hardware_i 33.7109081311785 30.59000015258789 31.25 AB 11.694779003222916 1.057760737135196
61801.2188 lsst_hardware_r -0.8673335601840046 22.809999465942383 31.5 AB 11.139114271250055 1.0536430449536565
61801.2375 lsst_hardware_u 2.2596000219618833 2.7200000286102295 28.469999313354492 AB 10.854015022547555 1.0337157164331006
61805.2055 lsst_hardware_i -7.682564029884388 30.530000686645508 31.25 AB 9.552469862847214 1.0571276649990002
61805.2241 lsst_hardware_z -13.38748104320834 40.81999969482422 30.940000534057617 AB 7.791465901220182 1.0356171863122459
61807.2056 lsst_hardware_r 36.848309029909146 34.650001525878906 31.579999923706055 AB 5.6484250382932615 1.0493242582168765
61807.224 lsst_hardware_g -1.9666483199118443 24.5 31.610000610351562 AB 4.472929597847455 1.0317780011181703
