data/validation/pwv_sim_epoch_fit_seasonal/45578071.ecsv
# %ECSV 0.9
# ---
# datatype:
# - {name: time, datatype: float64}
# - {name: band, datatype: string}
# - {name: flux, datatype: float64}
# - {name: fluxerr, datatype: float64}
# - {name: zp, datatype: float64}
# - {name: zpsys, datatype: string}
# - {name: pwv, datatype: float64}
# - {name: airmass, datatype: float64}
# meta: {SNID: '45578071', alt: 1024.0, c: -0.14920875430107117, dec: -52.416012, lat: -30.244573, lon: -70.7499537, ra: 43.440594, t0: 62115.46875,
#   x0: 2.2839090355329147e-06, x1: 0.3528918921947479, z: 0.8429940342903137}
# schema: astropy-2.0
time band flux fluxerr zp zpsys pwv airmass
61995.4307 lsst_hardware_z -65.1362409052757 61.849998474121094 30.979999542236328 AB 5.043172832019291 1.0792922311355309
62009.2732 lsst_hardware_r -32.898862666659255 22.420000076293945 31.450000762939453 AB 3.2618865787798206 1.2545717610691618
62009.2939 lsst_hardware_z 40.35340433512037 42.7400016784668 30.940000534057617 AB 3.6086994827035177 1.1921702949136166
62009.3408 lsst_hardware_r 47.286930437386225 30.81999969482422 32.220001220703125 AB 2.9943022034221864 1.1052484294391336
62009.3571 lsst_hardware_y 33.26702179614873 67.33000183105469 30.780000686645508 AB 2.9698681978835055 1.0897932351110655
62016.401 lsst_hardware_i 55.09841823113195 49.2400016784668 31.299999237060547 AB 1.2851713388950403 1.0925230990890114
62016.4117 lsst_hardware_z -55.07431693035574 54.52000045776367 30.969999313354492 AB 1.2664466097048634 1.1028562638939305
62020.3937 lsst_hardware_z 37.199164651208164 55.400001525878906 30.969999313354492 AB 2.233826539291395 1.0956843846922844
62020.4055 lsst_hardware_i -25.741496290719343 59.959999084472656 31.31999969482422 AB 2.3040482068065664 1.1083815787403808
62026.2079 lsst_hardware_g -22.507771052917086 22.600000381469727 32.4900016784668 AB 2.8354594255233274 1.3278767212878522
62026.2314 lsst_hardware_r 44.292647675911006 31.780000686645508 32.209999084472656 AB 2.9839367800133294 1.2391764036598076
62030.3955 lsst_hardware_u -3.0726554948353537 3.450000047683716 28.530000686645508 AB 0.7937631508034757 1.1339473582906796
62030.4063 lsst_hardware_r -68.0512244304807 34.959999084472656 31.559999465942383 AB 0.8080798357372253 1.1543997653388933
62031.3781 lsst_hardware_g -7.004337138327491 12.890000343322754 31.3700008392334 AB 1.8631600960609422 1.1117259784561337
62031.3902 lsst_hardware_i 39.60794106980131 31.1200008392334 31.229999542236328 AB 1.9098781683751342 1.1296041214698413
62035.3635 lsst_hardware_r 12.63674040298387 22.0 31.479999542236328 AB 1.6999597508058102 1.107105015178218
62035.3753 lsst_hardware_u -1.6960959938606264 2.690000057220459 28.440000534057617 AB 1.572567980587608 1.123262843276863
62037.3625 lsst_hardware_g -9.37767791482845 12.710000038146973 31.350000381469727 AB 4.4510265688972135 1.1127566422243034
62037.3746 lsst_hardware_r 20.526457103756112 21.829999923706055 31.459999084472656 AB 4.611263854387736 1.130904685319053
62041.3469 lsst_hardware_z 10.44081748821363 41.70000076293945 30.93000030517578 AB 5.219872920003934 1.1068432824436552
62041.3589 lsst_hardware_r 15.065566482280804 21.829999923706055 31.450000762939453 AB 5.3735572277661054 1.123235206472921
62052.3471 lsst_hardware_r -1.9943159259482168 50.77000045776367 31.600000381469727 AB 3.321567089421596 1.1561990216701363
62052.3587 lsst_hardware_z 37.791777162594485 49.619998931884766 30.950000762939453 AB 3.3830800110758625 1.1826883450710077
62057.3163 lsst_hardware_r -6.534964428275586 23.15999984741211 31.489999771118164 AB 5.6463542196152545 1.1249211488143023
62057.327 lsst_hardware_u 2.71684258200939 2.9600000381469727 28.459999084472656 AB 5.771017513883705 1.1433795100813047
62064.3209 lsst_hardware_i 10.34089936696738 31.030000686645508 31.229999542236328 AB 2.7173305896434647 1.1706324564969153
62064.3316 lsst_hardware_z 26.18942059015187 43.2599983215332 30.93000030517578 AB 2.7628198728511717 1.1973217217122636
62065.3181 lsst_hardware_r 11.970438228719324 22.030000686645508 31.450000762939453 AB 3.0009932443383383 1.1704722245282302
62065.3293 lsst_hardware_u -1.4788943331958269 2.4700000286102295 28.239999771118164 AB 3.0000988258318344 1.1984815043770436
62077.2855 lsst_hardware_z -135.54609844422075 87.98999786376953 31.719999313354492 AB 6.212271162438304 1.1708563657236362
62079.2871 lsst_hardware_r 39.23862694662035 73.78136765560912 31.610000610351562 AB 4.100705086948061 1.1880362395793513
62079.2987 lsst_hardware_i -45.58371908934464 60.05521087574332 31.290000915527344 AB 4.729863435137235 1.2201900683988467
62081.2829 lsst_hardware_z -88.51623114113323 50.57997876265977 30.950000762939453 AB 6.091264184336286 1.191289973793557
62081.295 lsst_hardware_r 60.288490014922886 54.31159285794934 31.59000015258789 AB 7.104772841309724 1.225524294154161
62083.2462 lsst_hardware_i 31.305342850339667 38.71871920740252 31.270000457763672 AB 8.982833557765497 1.1263388054001708
62083.2568 lsst_hardware_z 26.10803047087285 46.0743938393203 30.950000762939453 AB 8.894082384677272 1.144890568922895
62086.2524 lsst_hardware_g 3.6860016712536674 14.301096977163143 31.3700008392334 AB 4.724690814549332 1.1523636133047153
62086.2626 lsst_hardware_r -29.697983338428227 23.319173094072813 31.469999313354492 AB 4.816583486090904 1.1747764600221717
62088.2491 lsst_hardware_i 93.64513135158502 31.774886800285426 31.219999313354492 AB 8.39047108596021 1.1568276693727022
62088.2603 lsst_hardware_r -17.127679570876737 22.531141769111876 31.450000762939453 AB 6.8853242932867955 1.1824359081719606
62095.0586 lsst_hardware_g 264.95406077681855 28.083811434870697 32.54999923706055 AB 4.650576613504013 1.1935266555893784
62095.0691 lsst_hardware_i 896.0705649076451 61.897486815437766 32.41999816894531 AB 4.537018581448982 1.167829750694781
62096.2346 lsst_hardware_g 92.26769757739714 15.872387736277238 31.329999923706055 AB 3.6425151067881054 1.173144241161788
62096.2457 lsst_hardware_r 260.3163690286322 27.33332802899857 31.450000762939453 AB 3.720929403806324 1.2013332125932372
62100.1863 lsst_hardware_i 627.149174162262 43.69682030449129 31.260000228881836 AB 5.135687988428901 1.1074657824386647
62100.1984 lsst_hardware_z 340.977628461104 48.16816553552834 30.940000534057617 AB 5.271260772894332 1.1241758952642071
62103.22 lsst_hardware_z 312.37494656954607 55.89904166298578 30.950000762939453 AB 6.0293418972383845 1.1840812838251473
62103.2326 lsst_hardware_r 551.7439370426639 61.08345961209699 31.59000015258789 AB 6.073031086426126 1.218505434676189
62105.1812 lsst_hardware_r 758.2817288478815 78.97720158621217 31.6299991607666 AB 8.683702616017596 1.1188536145617776
62105.1934 lsst_hardware_i 825.9018130971092 66.04752033019007 31.299999237060547 AB 8.842948001078149 1.138711393114354
62107.1785 lsst_hardware_z 549.9687249331784 63.17206095410708 30.969999313354492 AB 7.172717193810122 1.1229691537069728
62107.1907 lsst_hardware_i 823.7621432886306 70.78141808914984 31.309999465942383 AB 7.304444330094943 1.1438239731171183
62110.1978 lsst_hardware_z 719.3842846920033 55.61045109616496 30.950000762939453 AB 6.117975981485941 1.1765338425934502
62110.2103 lsst_hardware_g 173.98308503215642 63.01802524611548 31.649999618530273 AB 6.506623083063358 1.2092409205154222
62112.1856 lsst_hardware_g 158.8269147965027 37.263861099689635 31.6299991607666 AB 5.19191531233262 1.1611775929175554
62112.1976 lsst_hardware_r 793.5585821187624 48.962121887238375 31.579999923706055 AB 5.3009066558766165 1.1896110089488885
62114.0992 lsst_hardware_r 687.587269416116 33.47938221191664 31.479999542236328 AB 9.926512680079085 1.0789687695738137
62114.1116 lsst_hardware_i 826.915524267661 41.554188196924684 31.239999771118164 AB 9.941059726372162 1.0805499702578438
62116.1062 lsst_hardware_z 586.4543426435333 47.13719233888531 30.950000762939453 AB 13.438668976451341 1.0805683979992318
62116.1186 lsst_hardware_r 567.3062136464621 32.812376262175796 31.479999542236328 AB 13.661979419564176 1.0859503539475872
62124.1021 lsst_hardware_g 57.63301163733575 15.028762506125267 31.389999389648438 AB 3.63743179605629 1.0894591676692553
62124.1161 lsst_hardware_r 423.1765842888324 30.027181112159944 31.489999771118164 AB 3.7393804508059785 1.1021138501698367
62126.0826 lsst_hardware_r 327.21509290217324 29.909527114752404 31.489999771118164 AB 5.866150502965774 1.0817833482234243
62126.0941 lsst_hardware_i 675.2220541585812 39.74326169587128 31.239999771118164 AB 4.394330523815417 1.0877055752018359
62128.0795 lsst_hardware_z 405.3216620757687 47.69353836485742 30.950000762939453 AB 6.979289629250125 1.0827318692600256
62128.0912 lsst_hardware_r 391.10379008212374 33.43100244272835 31.540000915527344 AB 6.71245171480138 1.0894773795225006
62131.078 lsst_hardware_i 583.1421333751866 47.466262672904726 31.290000915527344 AB 7.000646020840753 1.0861713697438833
62131.0895 lsst_hardware_z 324.5571686156149 50.740788115302315 30.950000762939453 AB 5.551313372610726 1.094717683417682
62133.0799 lsst_hardware_r 362.1698737234333 58.35384731531159 31.6299991607666 AB 8.991388716452565 1.091254167904917
62133.0926 lsst_hardware_z 446.84989952778125 53.954145913925245 30.959999084472656 AB 8.274779531272813 1.1033039375030418
62135.0775 lsst_hardware_y 154.06740582157596 52.72840229767374 30.040000915527344 AB 8.204408605261124 1.0937753106600467
62135.0898 lsst_hardware_r 214.02685574731362 73.60677750739109 31.639999389648438 AB 8.229739049319193 1.106370780307703
62139.0847 lsst_hardware_r 225.47199700414885 47.95037031296278 31.600000381469727 AB 4.776328291047873 1.1137526620141953
62139.0997 lsst_hardware_g 85.05226086720454 52.234175262409174 31.670000076293945 AB 4.879102871648304 1.1371874773682098
62358.3959 lsst_hardware_z -76.47054937574494 58.459999084472656 31.700000762939453 AB 5.690151485875765 1.0942599011299547
62360.3771 lsst_hardware_r 49.85625317631283 37.7599983215332 32.65999984741211 AB 3.3092234856475162 1.1083391059691925
62360.3999 lsst_hardware_g -38.92238026283104 22.1299991607666 32.560001373291016 AB 3.239423996174873 1.0870854317542011
62367.4236 lsst_hardware_i 47.86564014254776 37.31999969482422 31.270000457763672 AB 2.5709574266926367 1.0823944539280652
62369.4179 lsst_hardware_z -24.456938395229287 43.70000076293945 30.950000762939453 AB 1.641661313980669 1.0822951196444364
62375.3451 lsst_hardware_i -34.50913230895669 52.400001525878906 31.299999237060547 AB 3.008078049547184 1.098373192385778
62375.3567 lsst_hardware_z 54.22381340499943 52.029998779296875 30.959999084472656 AB 2.994698182976786 1.0885853082431063
62376.2864 lsst_hardware_z 54.96202458001649 89.83000183105469 32.13999938964844 AB 4.306637926889264 1.1993978630400846
62378.3585 lsst_hardware_z 74.92968430603655 45.38999938964844 30.950000762939453 AB 2.8279864985722947 1.082897376439707
62378.3736 lsst_hardware_r 7.99604088175065 41.150001525878906 31.600000381469727 AB 2.8083421371251513 1.0789903514072237
62380.409 lsst_hardware_i 57.105254632816184 35.529998779296875 31.260000228881836 AB 0.7980228859422218 1.096561849456849
62382.405 lsst_hardware_z 75.40392787456224 43.650001525878906 30.940000534057617 AB 1.31683225737579 1.0979701979231156
62382.4171 lsst_hardware_u -12.472202654464926 12.09000015258789 29.260000228881836 AB 0.9711811736921583 1.1118273310728772
62385.4075 lsst_hardware_g 2.952700307548123 17.010000228881836 31.469999313354492 AB 0.779965897886843 1.110008393577101
62387.4018 lsst_hardware_i 12.625181875644103 31.65999984741211 31.25 AB 2.5181043711854225 1.109704460309404
62389.3965 lsst_hardware_i 5.709954311410571 30.93000030517578 31.229999542236328 AB 2.512275911026807 1.1099076258125942
62389.4077 lsst_hardware_u 11.290756904280768 7.659999847412109 29.049999237060547 AB 2.5716743593530933 1.1258698399210916
62390.3928 lsst_hardware_g 4.124038937866019 13.300000190734863 31.3799991607666 AB 2.7422534697005725 1.108690463138266
62390.4046 lsst_hardware_r -7.424283242656127 25.219999313354492 31.5 AB 2.7983044125406287 1.125285779648388
62395.3827 lsst_hardware_z -39.3914637170086 41.810001373291016 30.950000762939453 AB 4.7110055903491475 1.1132742631782153
62395.3935 lsst_hardware_u -3.008690994714754 3.2799999713897705 28.56999969482422 AB 4.798429863560227 1.1293966413527448
62399.3639 lsst_hardware_r 79.5889585537528 47.40999984741211 31.610000610351562 AB 5.804781017801461 1.1035705357036998
62399.377 lsst_hardware_i -17.140112724488795 44.150001525878906 31.290000915527344 AB 6.35259969760392 1.120651481407254
62404.2284 lsst_hardware_y 17.496341361780985 73.69000244140625 30.770000457763672 AB 6.8649717489579665 1.1553463527128671
62404.2422 lsst_hardware_r 43.193242626628724 99.70999908447266 32.380001068115234 AB 6.863150110874088 1.1296436689777118
62409.1695 lsst_hardware_z 9.31337300378588 62.5099983215332 31.68000030517578 AB 5.432812947636269 1.2866849958876456
62409.1847 lsst_hardware_r -18.649727281010264 22.399999618530273 31.450000762939453 AB 5.185497427737503 1.23351641622428
62411.3525 lsst_hardware_z -8.538282232227797 42.81999969482422 30.940000534057617 AB 2.830288203804021 1.1339295688317392
62411.3641 lsst_hardware_i -13.057707011684377 32.18000030517578 31.239999771118164 AB 2.8569691687277188 1.1560436345000211
62413.3261 lsst_hardware_u 2.0373981383815245 2.609999895095825 28.389999389648438 AB 2.9740413053742905 1.1040524567514767
62413.3378 lsst_hardware_g -4.071246450104352 13.130000114440918 31.3700008392334 AB 2.6273583656273196 1.1192154912150456
62416.3454 lsst_hardware_z -38.09302186824492 41.84000015258789 30.940000534057617 AB 4.1252579416626975 1.1459049837951938
62416.3571 lsst_hardware_u 4.497976313712082 2.5399999618530273 28.31999969482422 AB 4.2143896866741555 1.170663801853932
62418.3362 lsst_hardware_r -18.409189333355894 21.950000762939453 31.459999084472656 AB 3.259371512156685 1.1389103181492115
62418.3477 lsst_hardware_g -14.678103852053626 12.850000381469727 31.34000015258789 AB 3.348585220480875 1.161829140281342
62422.2776 lsst_hardware_z -4.952979995478483 41.130001068115234 30.940000534057617 AB 6.031158389888868 1.0843506634104403
62422.2911 lsst_hardware_i -16.2625812980796 30.09000015258789 31.239999771118164 AB 6.121358199337326 1.0936530147998273
62423.2489 lsst_hardware_r -14.939302989708256 21.639999389648438 31.469999313354492 AB 6.798859399729837 1.0791840317031487
62427.3184 lsst_hardware_z -34.138442124148156 63.7599983215332 31.690000534057617 AB 7.0408140838713615 1.151902833157851
62429.3147 lsst_hardware_z -21.707743079146223 56.599998474121094 30.969999313354492 AB 1.4848393204652741 1.155516980906828
62429.3259 lsst_hardware_r -27.90895595641032 62.029998779296875 31.610000610351562 AB 1.3822402434816403 1.1808972605567196
62433.3115 lsst_hardware_i 49.5892223955523 61.38999938964844 31.299999237060547 AB 3.7792673498958207 1.1725627168278265
62433.3222 lsst_hardware_z -55.66583071688183 58.43000030517578 30.959999084472656 AB 3.750861610105022 1.1995719663466837
62435.2953 lsst_hardware_z 76.37889370186426 50.810001373291016 30.950000762939453 AB 1.6133557350531202 1.1493866552266352
62435.3074 lsst_hardware_i -46.21289064860207 48.849998474121094 31.280000686645508 AB 1.5806331007860026 1.1757746844424863
62437.2989 lsst_hardware_z 84.59803920446649 66.55999755859375 31.690000534057617 AB 3.4320537155618838 1.1686902550151916
62440.2979 lsst_hardware_z -20.659835749220985 43.4900016784668 30.940000534057617 AB 4.073020798646637 1.185971308933312
62440.3081 lsst_hardware_u 7.73305660036991 4.260000228881836 28.68000030517578 AB 4.185741113978303 1.2136687132783945
62442.2906 lsst_hardware_r -29.787768530250982 22.280000686645508 31.440000534057617 AB 3.6907333459865512 1.1813812092037295
62442.3025 lsst_hardware_g -10.182009421970179 13.300000190734863 31.31999969482422 AB 3.756267797291544 1.2132647924069917
62451.2537 lsst_hardware_u -0.13789137764691356 2.4800000190734863 28.260000228881836 AB 2.0025598274563574 1.153603664225255
62451.2654 lsst_hardware_r -44.2362723605829 22.100000381469727 31.450000762939453 AB 2.0185271586895106 1.179850263237902
62458.2353 lsst_hardware_y -25.44876953521971 72.91999816894531 30.770000457763672 AB 5.291124008367584 1.1550781003913297
62460.2345 lsst_hardware_r 23.55209150211924 83.45999908447266 31.6200008392334 AB 5.7361624992858005 1.165097325515082
62460.2465 lsst_hardware_i 12.777133510407015 66.2699966430664 31.299999237060547 AB 5.873767468850448 1.1942799713008585
62463.1843 lsst_hardware_z 17.03396703831827 54.470001220703125 30.969999313354492 AB 6.711000537425553 1.0984533165441093
62465.0493 lsst_hardware_z 68.09008946525375 42.900001525878906 30.93000030517578 AB 6.119126915179065 1.184079772021668
62465.0614 lsst_hardware_i -32.44880751759252 30.760000228881836 31.229999542236328 AB 5.949660643265042 1.1563217109222494
62466.1404 lsst_hardware_r -14.183779244450484 32.630001068115234 31.56999969482422 AB 5.628518956909531 1.07912170447219
62466.1525 lsst_hardware_z -18.35242782736696 44.58000183105469 30.950000762939453 AB 5.628048348770773 1.0821088922843032
62468.1773 lsst_hardware_r 59.237461274016844 21.790000915527344 31.469999313354492 AB 3.6967921480634014 1.1056653650556008
62468.1899 lsst_hardware_u -6.354223932450331 3.319999933242798 28.530000686645508 AB 3.676897754422201 1.122631174542825
62473.1813 lsst_hardware_g 10.499273799216365 12.859999656677246 31.350000381469727 AB 7.223125065411989 1.1307045179387571
62473.193 lsst_hardware_r 32.419886892295516 22.100000381469727 31.459999084472656 AB 7.362193254771229 1.152333067267951
62477.2016 lsst_hardware_r -4.040895898880956 22.149999618530273 31.450000762939453 AB 4.827749948812871 1.1983493170973532
62479.105 lsst_hardware_i 19.909077486627112 30.059999465942383 31.25 AB 6.584907824746068 1.07913926986989
62479.1177 lsst_hardware_u -2.2907881831026398 2.6500000953674316 28.440000534057617 AB 6.658375763571 1.082398726094611
62481.1057 lsst_hardware_g 35.63697521476374 17.079999923706055 31.489999771118164 AB 11.484614119780408 1.0802270687988573
62481.118 lsst_hardware_r 9.575423167607886 23.68000030517578 31.489999771118164 AB 11.573107715824312 1.085190799686593
62483.1017 lsst_hardware_i 106.50698059180104 49.93000030517578 32.02000045776367 AB 12.803574953894248 1.0806224465235446
62483.1172 lsst_hardware_r -24.130453952696385 32.54999923706055 31.56999969482422 AB 13.12741327947327 1.0880574620367403
62487.1005 lsst_hardware_r -44.16811158281025 57.5099983215332 31.6299991607666 AB 10.483909153152705 1.0845890757173366
62487.1133 lsst_hardware_i 12.64706252953382 49.560001373291016 31.299999237060547 AB 10.586557453701273 1.0934173038207624
62489.1035 lsst_hardware_z -77.95629073511664 55.77000045776367 30.979999542236328 AB 3.354533224893398 1.089959891116668
62489.118 lsst_hardware_r -14.540366087089708 73.58999633789062 31.639999389648438 AB 3.4050131173538856 1.103433902464127
62491.0839 lsst_hardware_i 51.84799001452257 61.41999816894531 31.31999969482422 AB 3.3541759283914403 1.0819922349649806
62491.0969 lsst_hardware_z 20.506096671250695 57.439998626708984 30.969999313354492 AB 3.3763119098260743 1.0891328741374433
62493.0864 lsst_hardware_g -44.764155174655436 55.119998931884766 31.690000534057617 AB 4.609854057389732 1.0858638640208227
62493.0985 lsst_hardware_r -82.92997351411593 60.0099983215332 31.6299991607666 AB 4.680285454999787 1.0948036152045757
62495.0807 lsst_hardware_i 28.836859670819607 30.299999237060547 31.239999771118164 AB 7.757871439363368 1.0857256166304396
62495.0939 lsst_hardware_r 12.00773362061215 22.030000686645508 31.479999542236328 AB 6.662246195392024 1.0955839821397837
62499.0777 lsst_hardware_r 7.137472828695959 22.079999923706055 31.479999542236328 AB 8.995662151275882 1.0911106981958738
62499.0895 lsst_hardware_i -12.695676768427441 30.610000610351562 31.239999771118164 AB 8.265906236101406 1.1021208314801876
62501.084 lsst_hardware_z -44.10226818133448 41.880001068115234 30.940000534057617 AB 8.205260591643318 1.1020799290343937
62501.0965 lsst_hardware_r -18.773861727219 22.139999389648438 31.469999313354492 AB 8.322237585925995 1.1177915564858125
62503.0806 lsst_hardware_u -1.338868818836709 2.5399999618530273 28.329999923706055 AB 7.537753094549698 1.104378749934025
62503.0923 lsst_hardware_g 10.87638315469153 12.920000076293945 31.350000381469727 AB 5.637841188389267 1.1196189431812664
