data/validation/pwv_sim_epoch_fit_seasonal/45858011.ecsv
# %ECSV 0.9
# ---
# datatype:
# - {name: time, datatype: float64}
# - {name: band, datatype: string}
# - {name: flux, datatype: float64}
# - {name: fluxerr, datatype: float64}
# - {name: zp, datatype: float64}
# - {name: zpsys, datatype: string}
# - {name: pwv, datatype: float64}
# - {name: airmass, datatype: float64}
# meta: {SNID: '45858011', alt: 1024.0, c: -0.04722209647297859, dec: -0.149208, lat: -30.244573, lon: -70.7499537, ra: 305.859375, t0: 61258.02734375,
#   x0: 9.19234418436354e-06, x1: 0.7139043807983398, z: 0.4764852821826935}
# schema: astropy-2.0
time band flux fluxerr zp zpsys pwv airmass
61164.4002 lsst_hardware_i -3.5237167441917623 63.16999816894531 31.299999237060547 AB 10.552398975686769 1.1768037220571839
61164.4191 lsst_hardware_y -68.19391567499466 56.90999984741211 30.020000457763672 AB 10.31763510619468 1.1592848433926608
61169.384 lsst_hardware_g 11.619982252180503 67.69999694824219 32.400001525878906 AB 9.079521385251251 1.1805000988462142
61169.4061 lsst_hardware_y 149.61723596392767 73.20999908447266 30.760000228881836 AB 8.822288685134142 1.1589847744442467
61174.4056 lsst_hardware_r -18.071001247160744 24.100000381469727 31.479999542236328 AB 9.426305977483837 1.1570515305518245
61174.4246 lsst_hardware_y -7.5126924332254585 52.52000045776367 30.0 AB 9.098206457168708 1.1683715285571672
61176.394 lsst_hardware_r -19.207232023500794 23.829999923706055 31.469999313354492 AB 5.162387965031173 1.156967271410052
61176.4163 lsst_hardware_y -75.78820727329301 48.95000076293945 29.989999771118164 AB 5.271629882994054 1.1656021262517402
61186.361 lsst_hardware_r -33.303992282274756 23.950000762939453 31.5 AB 6.646568737096829 1.158443352870907
61186.3818 lsst_hardware_g 17.464316271394203 14.609999656677246 31.40999984741211 AB 6.424565247931947 1.1602971370655495
61188.3647 lsst_hardware_r 2.404306545140694 41.63999938964844 31.59000015258789 AB 10.42574675896468 1.1568096265148051
61188.3843 lsst_hardware_i 36.37148988533204 32.040000915527344 31.239999771118164 AB 10.892984006743127 1.166314001935476
61195.2676 lsst_hardware_r -53.99690152631338 97.76000213623047 31.579999923706055 AB 14.99297184509822 1.3088583016235897
61195.2933 lsst_hardware_z 153.85616219626058 73.5999984741211 30.969999313354492 AB 14.662587180378761 1.2206870090019157
61197.3494 lsst_hardware_y 32.58341684996943 76.33999633789062 30.770000457763672 AB 6.342523964480284 1.1590869818129172
61197.3726 lsst_hardware_r 55.41111693749326 98.62000274658203 32.369998931884766 AB 6.371367037393372 1.182510586004777
61218.2127 lsst_hardware_z 36.716255719714134 58.41999816894531 30.950000762939453 AB 9.278976072296457 1.276864740924277
61218.2407 lsst_hardware_r -82.12264878637922 101.44000244140625 32.36000061035156 AB 8.671564306110229 1.197288886152956
61218.2662 lsst_hardware_i 70.84488478204294 58.29999923706055 31.299999237060547 AB 8.280722140915682 1.1626417570434335
61219.2842 lsst_hardware_i 42.18353801885804 71.38999938964844 31.299999237060547 AB 6.65516640377074 1.1573531511977195
61219.3041 lsst_hardware_z -46.82652063648089 65.05000305175781 30.959999084472656 AB 6.33293029360034 1.170993921587785
61221.2663 lsst_hardware_r -311.4500646279971 125.33999633789062 31.6299991607666 AB 4.04232457139911 1.1581485736030475
61221.2867 lsst_hardware_z 97.42612023268809 83.27999877929688 30.979999542236328 AB 4.032058723876561 1.1605829860042698
61226.2594 lsst_hardware_z -2.38697257608845 56.060001373291016 30.959999084472656 AB 4.542517165758263 1.1568379878841077
61226.2785 lsst_hardware_r -44.87315963575569 64.62000274658203 31.610000610351562 AB 4.606563511002169 1.1644988862866237
61234.2261 lsst_hardware_g 3.3902957948623276 14.911227828481813 31.420000076293945 AB 7.986836161249834 1.1603151808111138
61234.245 lsst_hardware_r 166.27631681888386 26.869122042984937 31.5 AB 7.976618444890482 1.1578215277081905
61236.2243 lsst_hardware_i 281.87775710064136 35.91930469127114 31.229999542236328 AB 6.626412818806979 1.1585481725895497
61236.2441 lsst_hardware_z 139.51376618896685 45.317648444997786 30.93000030517578 AB 6.682672914235147 1.1596829352251883
61243.2124 lsst_hardware_g 1560.1917582276951 51.263657476949646 32.310001373291016 AB 5.860454158916736 1.1568778875619081
61243.2332 lsst_hardware_i 2025.6771326736177 68.02679358038307 32.0 AB 5.892672491280927 1.1654811098262043
61245.2071 lsst_hardware_z 1037.3682858575453 58.34562925727319 30.950000762939453 AB 6.377336950512788 1.1568690330630444
61245.2265 lsst_hardware_r 2224.4615321454585 68.31908858068097 31.59000015258789 AB 7.256954771596347 1.1644041458409928
61247.2133 lsst_hardware_y 1082.4135586239365 80.57393599573987 30.760000228881836 AB 11.62216172680863 1.1593082411759135
61250.1698 lsst_hardware_z 1516.2089316462068 113.40640655880489 30.989999771118164 AB 4.870420989289681 1.171243524478422
61250.1897 lsst_hardware_r 3201.3262196535024 173.83539806546415 31.639999389648438 AB 4.8553547935754695 1.157414730292069
61252.1757 lsst_hardware_i 2190.844048723399 114.51421144628554 31.31999969482422 AB 4.249525939534733 1.1610726610750637
61252.1955 lsst_hardware_z 1653.6012561801058 96.4114401037541 30.979999542236328 AB 4.261298116429481 1.1577254951924147
61254.1745 lsst_hardware_r 3682.003420383681 96.04358692629805 31.6200008392334 AB 2.1229698733527043 1.158826350083354
61254.1944 lsst_hardware_z 1692.355108261639 72.34984481849338 30.959999084472656 AB 2.1820158624683303 1.1594133169332255
61257.1604 lsst_hardware_g 1311.8463504670992 38.631813407377926 31.389999389648438 AB 2.3642425377392646 1.1621706723280014
61257.1817 lsst_hardware_i 2171.8384655688315 58.894276582787214 31.239999771118164 AB 1.8499811568623648 1.1576853297011045
61259.1657 lsst_hardware_z 1700.6700543910824 59.93195203665597 30.940000534057617 AB 3.0753140589334107 1.1572932986452875
61259.1853 lsst_hardware_r 3268.3092690085555 62.200316897264095 31.489999771118164 AB 3.285212467948987 1.1621186102464196
61262.1391 lsst_hardware_r 3155.948942741042 60.51995755399509 31.479999542236328 AB 5.10983121313719 1.168941104118619
61262.1672 lsst_hardware_u 1.6009401447472793 4.339770098931021 29.100000381469727 AB 4.761821785713154 1.1574676192789581
61262.1952 lsst_hardware_g 1050.737902848194 34.91806143232244 31.399999618530273 AB 4.886328131962658 1.1826530371833786
61265.1291 lsst_hardware_g 866.5531666442147 32.68069588670154 31.420000076293945 AB 3.9238619158826213 1.170952526374999
61265.148 lsst_hardware_r 2914.0157495837657 58.67477204275467 31.489999771118164 AB 3.8959207742216804 1.1576053407284743
61267.1229 lsst_hardware_i 1978.5286009804177 54.890488631063356 31.229999542236328 AB 4.2386695850305 1.171820370924895
61267.1444 lsst_hardware_z 1560.8962883759843 58.36852112343199 30.940000534057617 AB 3.9136222079012386 1.1571916640748783
61269.1299 lsst_hardware_r 2491.591327408032 55.37280409568298 31.5 AB 4.944201271839422 1.1607014489019691
61269.1502 lsst_hardware_u 2.3787695800481723 3.145352915520079 28.459999084472656 AB 4.9415278951003145 1.1580801254043391
61275.1254 lsst_hardware_z 1175.922877839268 65.57034155253248 30.969999313354492 AB 2.52602416845165 1.1568693237699337
61275.1441 lsst_hardware_r 2122.5710269416004 79.4459821472343 31.6200008392334 AB 2.5520945355816087 1.1640111906871646
61277.0969 lsst_hardware_r 1935.6463382766915 122.20532739380474 31.6299991607666 AB 4.526763686100124 1.1703111908221624
61277.116 lsst_hardware_y 251.7173684341994 64.37329490669718 30.020000457763672 AB 4.436389736704798 1.1574197069409857
61279.0792 lsst_hardware_z 1005.0171320438016 99.92452978158785 30.979999542236328 AB 1.9587445600884754 1.1878378169123562
61279.0991 lsst_hardware_r 1554.5171842978907 145.0994522329032 31.6299991607666 AB 1.6556447106330985 1.1630802322677194
61287.0599 lsst_hardware_z 795.1464557759346 51.48706563156404 30.93000030517578 AB 1.8444012496626156 1.183572994435903
61287.0788 lsst_hardware_r 784.1923821753957 36.22154971354828 31.469999313354492 AB 1.8142105834420885 1.1619623719740104
61298.0536 lsst_hardware_u -1.7414823618594892 3.0057147547148144 28.450000762939453 AB 1.3893713906934508 1.1591779662324557
61298.072 lsst_hardware_g 67.20694182464392 17.292340819916795 31.43000030517578 AB 1.3630996802746962 1.1584416546243876
61300.0237 lsst_hardware_g 84.8335861035482 21.500260732449195 31.5 AB 1.9290226924500116 1.1847214447720016
61300.0411 lsst_hardware_r 377.85051504013586 33.000450600926385 31.510000228881836 AB 2.079638628524483 1.1635969386059024
61304.0385 lsst_hardware_z 1144.5044686598706 89.74083452455874 31.719999313354492 AB 4.51862697290292 1.1586223007443386
61306.0287 lsst_hardware_r 549.7337993844255 97.75263192496985 31.6299991607666 AB 1.7412192779687528 1.1608128519791685
61306.0486 lsst_hardware_i 739.635395807687 83.94838586906798 31.309999465942383 AB 1.614695172620768 1.1579025977920456
61308.0277 lsst_hardware_z 460.7966726150092 78.77224887968447 30.969999313354492 AB 5.076287947844323 1.1585730795034401
61308.0469 lsst_hardware_r 395.4516182362129 110.08425544663494 31.6200008392334 AB 5.126095249945229 1.1594003128645722
61310.0351 lsst_hardware_z 977.9036591067671 97.14792168936422 31.719999313354492 AB 3.6090854872036933 1.157252721420594
61311.9929 lsst_hardware_y 208.53869757373397 52.98437473882472 30.0 AB 4.450226927504963 1.181580740111127
61312.0104 lsst_hardware_r 193.08296515889717 28.01421513765954 31.479999542236328 AB 3.9709522014154106 1.1620598550696222
61313.9956 lsst_hardware_y 185.90119296373132 52.32253430915602 30.010000228881836 AB 3.7813108817625527 1.1706240797998053
61314.0147 lsst_hardware_r 244.06176688858693 28.028230687119663 31.489999771118164 AB 7.057790771658087 1.157489261444541
61315.9952 lsst_hardware_z 346.6918169445479 50.068619409797826 30.950000762939453 AB 2.904441456208419 1.1654672287076082
61316.0138 lsst_hardware_g 45.18458501040697 16.29428469239904 31.43000030517578 AB 2.281716241665099 1.1568613697811894
61317.9965 lsst_hardware_y 196.35411292893582 52.07390546934368 30.010000228881836 AB 3.7236835636698395 1.1604779318020537
61318.0146 lsst_hardware_i 368.50450947933626 36.480538360386646 31.239999771118164 AB 3.1679374842549013 1.15755457541071
61321.9953 lsst_hardware_y 134.5107738372781 56.36437177073376 30.020000457763672 AB 5.262381614063812 1.157033591717647
61322.0144 lsst_hardware_g 35.02199993479851 16.0609667641672 31.420000076293945 AB 4.612241220871233 1.162945340613019
61323.9968 lsst_hardware_y 155.94794934984805 54.5733875954338 30.020000457763672 AB 2.622208301832314 1.1572395138828204
61324.0159 lsst_hardware_z 313.15974159055054 46.861688813544944 30.940000534057617 AB 3.987051656889139 1.1693376645484372
61530.4038 lsst_hardware_z 28.599615063366514 43.63999938964844 30.940000534057617 AB 8.041831919157362 1.169834444914517
61530.4218 lsst_hardware_y -67.10419692397343 53.70000076293945 30.010000228881836 AB 6.325287815403475 1.1575765778292493
61533.4088 lsst_hardware_r 36.32174345691387 34.5 32.25 AB 12.266138953032257 1.1593704114397219
61533.4279 lsst_hardware_z -74.95963449519029 79.80999755859375 31.719999313354492 AB 12.304576418698208 1.1585321068997922
61541.3858 lsst_hardware_z 51.42640990885861 43.09000015258789 30.950000762939453 AB 5.296406117244422 1.1599662981263474
61541.4126 lsst_hardware_r -39.363786224350626 24.170000076293945 31.489999771118164 AB 5.178388383128409 1.1621158849031439
61543.3566 lsst_hardware_y -18.856262627281303 51.5 30.0 AB 8.312341433596108 1.186206412214928
61543.3793 lsst_hardware_g 48.94328993789484 44.91999816894531 31.65999984741211 AB 9.189248234347103 1.160551684054951
61547.34 lsst_hardware_r 99.96179402759859 94.36000061035156 31.6200008392334 AB 5.02844741308582 1.196679536669638
61547.3632 lsst_hardware_i -19.921977208589283 74.18000030517578 31.309999465942383 AB 4.920763781463826 1.164218560283211
61551.3513 lsst_hardware_z -43.530081963593034 62.91999816894531 30.969999313354492 AB 6.676935833045551 1.165055982035486
61551.3746 lsst_hardware_r -18.492513384958038 77.58999633789062 31.6299991607666 AB 6.64143516830025 1.1572964789022122
61553.3682 lsst_hardware_z -0.3447313061202438 48.97999954223633 30.950000762939453 AB 10.493205433737035 1.1571261275945675
61553.3898 lsst_hardware_r -13.912809645307123 44.869998931884766 31.59000015258789 AB 10.915588741435506 1.1714518932641669
61557.2772 lsst_hardware_z 113.32556586824666 63.150001525878906 31.670000076293945 AB 7.870857605324374 1.3058245716010148
61557.2987 lsst_hardware_r -31.955149364467722 33.939998626708984 32.220001220703125 AB 8.394027552010552 1.2301344661243543
61560.3464 lsst_hardware_u -2.893775168283757 2.5999999046325684 28.299999237060547 AB 13.803709291959382 1.1568646741501627
61560.3683 lsst_hardware_g 8.89265003685781 14.489999771118164 31.389999389648438 AB 14.114834890278157 1.1687852349835235
61571.2689 lsst_hardware_i 14.997562948057237 48.130001068115234 31.270000457763672 AB 14.19709374444833 1.2086747611483444
61571.2905 lsst_hardware_z 51.92662746325156 50.4900016784668 30.950000762939453 AB 13.808461327323386 1.1714164034094416
61573.2682 lsst_hardware_r 9.397783410733316 82.54000091552734 31.610000610351562 AB 5.2563310649364166 1.1983428220084684
61573.2915 lsst_hardware_z -63.390879461429364 60.86000061035156 30.969999313354492 AB 5.1044284667639515 1.1648405743304633
61575.2673 lsst_hardware_z 32.22813549638379 77.51000213623047 30.979999542236328 AB 4.112460525270098 1.1896038545762506
61575.2898 lsst_hardware_i -24.370447507950107 89.45999908447266 31.31999969482422 AB 4.0191145958089525 1.1619296316302261
61579.2743 lsst_hardware_y 84.76427762930675 83.27999877929688 30.760000228881836 AB 4.4104087989631 1.1655671061192592
61581.2715 lsst_hardware_r -2.843050048086707 80.93000030517578 32.36000061035156 AB 5.0974451030569465 1.1633354488633552
61581.2968 lsst_hardware_i 0.6043404005208238 72.68000030517578 32.040000915527344 AB 4.651630068055168 1.158538860062307
61586.2362 lsst_hardware_g 27.56617130310808 14.420000076293945 31.3799991607666 AB 3.954877544542242 1.1915571702655394
61586.2598 lsst_hardware_i 21.30713275568713 32.0 31.239999771118164 AB 4.043265573986946 1.161913570761132
61588.281 lsst_hardware_z -24.436458863714712 42.959999084472656 30.940000534057617 AB 9.558247936708634 1.1600988696318761
61588.2972 lsst_hardware_r 19.926955878195013 23.920000076293945 31.489999771118164 AB 9.261281559879961 1.1751652608496974
61590.2685 lsst_hardware_u -5.429913506577882 2.5899999141693115 28.290000915527344 AB 8.028306305182968 1.1574001737451116
61590.2895 lsst_hardware_g -4.654879522890846 14.4399995803833 31.389999389648438 AB 8.172316485397886 1.1723305817526732
61595.2433 lsst_hardware_r -4.314664559019428 23.860000610351562 31.479999542236328 AB 2.5337995820338213 1.1579113821702276
61595.2657 lsst_hardware_i -6.547170763382554 32.13999938964844 31.239999771118164 AB 2.4413027283669204 1.1625251087461526
61597.1529 lsst_hardware_z -28.600627475894992 48.369998931884766 30.920000076293945 AB 10.311548891639532 1.380702819679473
61597.1658 lsst_hardware_r -42.798851374142004 34.13999938964844 31.510000228881836 AB 9.854117325881942 1.3154901313892902
61599.224 lsst_hardware_r 22.002605143699252 45.66999816894531 31.59000015258789 AB 7.8552460428393065 1.162133254192761
61599.2469 lsst_hardware_z -104.4906357265915 48.369998931884766 30.950000762939453 AB 7.942612761408977 1.158265520329981
61606.2037 lsst_hardware_z -17.248930315129087 95.23999786376953 30.979999542236328 AB 3.9801750774807374 1.1630004122374804
61606.2238 lsst_hardware_i -52.27790804855188 113.44999694824219 31.31999969482422 AB 3.3775032749633103 1.1572076090554968
61609.184 lsst_hardware_z -15.70729239909062 57.54999923706055 30.959999084472656 AB 6.237005624910991 1.1748538968516111
61609.2026 lsst_hardware_r 24.382662020414763 68.20999908447266 31.6200008392334 AB 6.147573724218519 1.1588263382127273
61610.2415 lsst_hardware_y 115.60626289956647 73.26000213623047 30.75 AB 7.358303468717315 1.1814241587450867
61616.1842 lsst_hardware_g -5.659725109666843 14.880000114440918 31.420000076293945 AB 5.590534442510693 1.1585399321335266
61616.2033 lsst_hardware_r -8.276178520713279 24.190000534057617 31.489999771118164 AB 5.665438903145129 1.1594656235651326
61621.1789 lsst_hardware_r -4.468644884592934 24.219999313354492 31.5 AB 1.4522743446341138 1.1568834396979133
61621.1972 lsst_hardware_u 4.059469645143746 2.7699999809265137 28.420000076293945 AB 1.406312940423189 1.164487668029138
61623.1651 lsst_hardware_g -6.826018613717798 14.880000114440918 31.40999984741211 AB 2.410916560492399 1.1585375110487262
61623.1848 lsst_hardware_i 30.83737668044399 32.040000915527344 31.229999542236328 AB 1.8790304279508063 1.159776007376282
61625.1734 lsst_hardware_z 114.04124918704862 43.400001525878906 30.93000030517578 AB 3.7940727061774626 1.1575235164907216
61625.1933 lsst_hardware_r -27.56180294501571 24.049999237060547 31.469999313354492 AB 3.8616367621363876 1.1715834739624467
61628.136 lsst_hardware_r 35.84552926456025 47.529998779296875 31.59000015258789 AB 9.609901638593705 1.1701554506659004
61628.1544 lsst_hardware_y -25.627675164422623 50.040000915527344 30.010000228881836 AB 9.49801578454748 1.1575887610661157
61650.0841 lsst_hardware_u -1.0292448826031324 2.609999895095825 28.309999465942383 AB 3.3795352263360665 1.162617473654974
61650.1052 lsst_hardware_g 5.202737662852871 14.359999656677246 31.389999389648438 AB 3.366819064071039 1.1575460209395316
61652.0578 lsst_hardware_g 9.466922361977401 14.729999542236328 31.399999618530273 AB 1.778140582028636 1.1883318659132172
61652.0767 lsst_hardware_r -1.3271412410022483 23.770000457763672 31.479999542236328 AB 1.7454053171374648 1.1641209318391272
61654.0617 lsst_hardware_i -47.03610625939089 33.099998474121094 31.239999771118164 AB 0.6702346279881296 1.174133654868652
61654.0801 lsst_hardware_r 9.534841093856375 26.43000030517578 31.520000457763672 AB 0.7048692577651999 1.1586891908469041
61656.0583 lsst_hardware_z -15.232793002108414 46.56999969482422 30.950000762939453 AB 2.6831539316884765 1.1715976704847435
61656.0772 lsst_hardware_g 6.52299365204681 34.20000076293945 31.6299991607666 AB 2.657149750808345 1.1577994556898061
61673.0294 lsst_hardware_g 4.927125925631491 14.319999694824219 31.3799991607666 AB 5.084692468375957 1.1582442980354708
61673.0495 lsst_hardware_r -14.116691227698098 23.610000610351562 31.469999313354492 AB 5.21122150979054 1.1604560963014445
61677.0268 lsst_hardware_i 38.635257229628834 31.729999542236328 31.229999542236328 AB 3.9513158994002846 1.1569059605417449
61677.0466 lsst_hardware_z 0.5547276577738527 43.11000061035156 30.93000030517578 AB 3.958368211497129 1.1665705225690246
61678.9948 lsst_hardware_y -40.98217708156977 51.720001220703125 29.989999771118164 AB 3.644318884164498 1.1724350297593424
61679.0139 lsst_hardware_i -38.40537232183822 31.829999923706055 31.229999542236328 AB 7.032621649822108 1.1579508753823449
61680.9951 lsst_hardware_y 5.158528965929956 51.880001068115234 30.0 AB 2.8930655351366363 1.1662451767548925
61681.014 lsst_hardware_g -30.65431392337351 14.859999656677246 31.40999984741211 AB 2.33516726078908 1.156930231181987
61682.9968 lsst_hardware_y -44.123747688304874 50.77000045776367 30.010000228881836 AB 3.742963811001809 1.1607589024944232
61683.0161 lsst_hardware_i 18.187935550355828 32.86000061035156 31.239999771118164 AB 3.131037639807908 1.1578210741641
61686.9946 lsst_hardware_y 39.041515022549504 61.5 30.020000457763672 AB 5.294491323582132 1.1573080236617492
61687.0127 lsst_hardware_r -20.588079430276647 68.56999969482422 31.6200008392334 AB 4.587809294642324 1.1613237045038158
61689.9961 lsst_hardware_y -82.36904946222587 64.95999908447266 30.030000686645508 AB 6.037650483086618 1.1575804981235096
61690.0146 lsst_hardware_z -18.078331018202547 66.41000366210938 30.969999313354492 AB 7.169202203147308 1.1701954138817565
61690.9989 lsst_hardware_y 12.450998838001341 59.310001373291016 30.020000457763672 AB 5.90428253050823 1.1596731433497898
61691.0192 lsst_hardware_z 132.2012334947966 66.66000366210938 30.969999313354492 AB 6.661950043812862 1.1797326091398728
