data/validation/pwv_sim_epoch_fit_seasonal/45964058.ecsv
# %ECSV 0.9
# ---
# datatype:
# - {name: time, datatype: float64}
# - {name: band, datatype: string}
# - {name: flux, datatype: float64}
# - {name: fluxerr, datatype: float64}
# - {name: zp, datatype: float64}
# - {name: zpsys, datatype: string}
# - {name: pwv, datatype: float64}
# - {name: airmass, datatype: float64}
# meta: {SNID: '45964058', alt: 1024.0, c: -0.0447944700717926, dec: -30.691587, lat: -30.244573, lon: -70.7499537, ra: 226.933594, t0: 62196.48828125,
#   x0: 8.133258277550497e-06, x1: 1.3535279035568237, z: 0.5013320446014404}
# schema: astropy-2.0
time band flux fluxerr zp zpsys pwv airmass
62174.3239 lsst_hardware_z 246.03907990903107 50.24293135882468 30.940000534057617 AB 4.847243433162396 1.2603337059705
62174.3418 lsst_hardware_g 124.01959977854509 29.834471291224723 31.59000015258789 AB 5.609235361211285 1.1794638829230382
62176.3222 lsst_hardware_r 730.3999515951647 37.52556942151917 31.489999771118164 AB 6.718544099024129 1.2415308323060388
62176.3412 lsst_hardware_i 545.6018344762397 40.57587098397563 31.25 AB 7.684962838197372 1.160972820595577
62178.3251 lsst_hardware_r 1115.6251336497212 41.79315174844989 31.5 AB 4.58207635552458 1.203276353866749
62178.3463 lsst_hardware_u -13.139911693158354 4.447653652570306 28.440000534057617 AB 5.029695579490644 1.125211539035948
62180.3221 lsst_hardware_g 598.2750417927765 28.6652994990139 31.440000534057617 AB 6.799475502598495 1.1928904390523676
62180.3423 lsst_hardware_i 1080.0682829964994 45.49548185348244 31.25 AB 6.2277975854818965 1.1207121802198843
62182.3132 lsst_hardware_z 881.2843166644777 53.1974431644969 30.940000534057617 AB 4.789826750374109 1.2075193488338287
62182.3323 lsst_hardware_r 1956.4344842126582 49.685912241068756 31.510000228881836 AB 4.544915976018681 1.1350466537403574
62184.2993 lsst_hardware_r 2144.160227385645 52.28728931248537 31.479999542236328 AB 6.14905416929649 1.2467247327333875
62184.3191 lsst_hardware_u -7.049051505629488 3.3266116041620086 28.34000015258789 AB 5.710870640888955 1.161926885226644
62186.3134 lsst_hardware_r 2378.573934047978 55.764609478040676 31.5 AB 3.032516415819893 1.1628118546042088
62186.3343 lsst_hardware_i 1746.0423919446037 52.81273423673565 31.260000228881836 AB 3.427126473066182 1.0968267149431705
62188.301 lsst_hardware_i 1868.8202867000425 54.037879477169014 31.239999771118164 AB 7.719871149007536 1.189838600889959
62188.3228 lsst_hardware_z 1322.834294591491 56.226987946393066 30.950000762939453 AB 7.209164282217407 1.1137141159752422
62190.2989 lsst_hardware_r 5846.3726520465625 83.2619918250426 32.25 AB 12.865137009415685 1.176402433194558
62190.3211 lsst_hardware_u 20.350410156335208 6.330971992203683 29.239999771118164 AB 12.231792396614699 1.1030066636561342
62194.3206 lsst_hardware_r 3286.4875764388703 89.40675291146738 31.639999389648438 AB 6.517186381975626 1.0765980642563189
62194.341 lsst_hardware_z 1732.9234328428695 65.88902168953598 30.969999313354492 AB 5.394508001957516 1.0374053849918299
62196.3117 lsst_hardware_y 1079.4073613520075 82.95726359598058 30.799999237060547 AB 4.503744480815154 1.0848039696865084
62200.2727 lsst_hardware_i 4290.996086408166 124.55317449055335 32.060001373291016 AB 12.148513139871556 1.1721461235523964
62200.3047 lsst_hardware_z 3359.2876731601846 110.36294410962151 31.739999771118164 AB 10.439791469068203 1.0754910342091484
62202.3102 lsst_hardware_z 1635.5940260603802 61.55870504634253 30.959999084472656 AB 9.436779636821221 1.0527028933352047
62202.3316 lsst_hardware_r 3038.9254692924114 68.55312586213425 31.6200008392334 AB 9.156283958929071 1.020767442467009
62204.2027 lsst_hardware_i 1796.6432292678207 54.641267583616234 31.18000030517578 AB 13.874099258499175 1.5355523376219693
62204.223 lsst_hardware_u 4.423653153245627 3.066360723286239 28.209999084472656 AB 12.099145987976252 1.3731085499604292
62206.1996 lsst_hardware_g 576.812538851316 27.87237341218987 31.290000915527344 AB 13.415076094641938 1.513903353888214
62206.2217 lsst_hardware_r 2253.6031183880696 53.502461387562334 31.450000762939453 AB 11.604820117637077 1.3456164016972163
62208.2241 lsst_hardware_i 1720.092432746735 52.74040411685029 31.219999313354492 AB 17.946852484078747 1.2981135464421891
62208.2441 lsst_hardware_r 2121.593123451626 52.17838092741318 31.479999542236328 AB 16.576062385367166 1.1994256429354315
62211.2175 lsst_hardware_u 2.7077606288197305 2.708454728854522 28.239999771118164 AB 10.8272082436899 1.2891579905964956
62211.2381 lsst_hardware_g 435.4813321839758 25.2538504801842 31.389999389648438 AB 9.88054347642013 1.1902835172172035
62213.2534 lsst_hardware_z 1126.0566115980575 54.75732726982354 30.950000762939453 AB 7.0486267441491774 1.1171155492866598
62213.2695 lsst_hardware_r 1747.4547397515428 48.47694820604436 31.520000457763672 AB 6.782862151008731 1.0748249763905482
62216.2594 lsst_hardware_u 9.632024003492123 4.035607318320937 28.59000015258789 AB 4.93005813101269 1.0792596609047413
62216.2753 lsst_hardware_r 1490.902801524959 45.227668807841866 31.530000686645508 AB 4.649945423724923 1.046695649684845
62218.248 lsst_hardware_i 1312.2257958428381 47.93522230247365 31.260000228881836 AB 7.092300721812887 1.0940265661660256
62218.2669 lsst_hardware_z 857.4648484287723 51.5660110536055 30.959999084472656 AB 6.427674966999072 1.051992629623416
62222.2614 lsst_hardware_r 1032.9714469234157 62.91231695914704 31.639999389648438 AB 7.335510132055169 1.0424694645270254
62222.2796 lsst_hardware_i 1152.0470710737839 57.35878368840165 31.309999465942383 AB 7.091173261183726 1.017932641117348
62224.2691 lsst_hardware_z 1537.4886804398177 98.95224037776913 31.739999771118164 AB 8.165950842391583 1.023622794408221
62226.2432 lsst_hardware_r 921.3945549367285 128.4269454909072 31.65999984741211 AB 4.0063511293931535 1.0555065766382243
62226.2615 lsst_hardware_z 798.9691812807522 87.6391309516177 31.0 AB 4.666793412755413 1.0262891665853897
62228.1543 lsst_hardware_z 688.7607032622788 91.42112766371187 30.950000762939453 AB 11.736537967600597 1.395296673316364
62228.1726 lsst_hardware_r 697.2714939459206 116.81202781649085 31.600000381469727 AB 10.502852597460262 1.2808356826171052
62230.1579 lsst_hardware_z 831.1783116170952 62.56398078824032 30.940000534057617 AB 7.857290399251533 1.3347227540417654
62230.1777 lsst_hardware_g 127.8620518630927 52.48808329285852 31.639999389648438 AB 5.592374207594665 1.2276093090977622
62232.1594 lsst_hardware_r 389.59765791273617 32.34368415938319 31.459999084472656 AB 14.916091295067892 1.2934522454966781
62232.1758 lsst_hardware_z 774.9914316469864 50.88387450855889 30.940000534057617 AB 16.527833686826988 1.211451563939501
62234.1427 lsst_hardware_r 414.5123666279755 32.17026013490491 31.450000762939453 AB 10.151214414532706 1.3623048264822795
62234.1616 lsst_hardware_u 2.621168056495517 2.7281102079409014 28.329999923706055 AB 9.32871469172394 1.2526809039511133
62236.1735 lsst_hardware_r 363.3752046051353 31.12354614927382 31.489999771118164 AB 5.790236112163865 1.1756824593225874
62236.1939 lsst_hardware_i 584.6314290277297 40.2720053675619 31.25 AB 5.486688518940692 1.107526951744185
62238.1641 lsst_hardware_z 641.4234665921879 50.4726231502271 30.93000030517578 AB 7.506204924302607 1.191461099095652
62238.1821 lsst_hardware_r 336.86403872439166 30.24348668367308 31.5 AB 7.321891985013228 1.126444920771266
62246.166 lsst_hardware_r 240.84728783569713 28.468919392578503 31.5 AB 7.18467202409496 1.109230685859809
62246.1843 lsst_hardware_u -3.836317251037676 2.8347973622674725 28.479999542236328 AB 3.4414771804803803 1.0641275520050648
62248.1513 lsst_hardware_g 58.91736083257745 25.747474182961646 31.59000015258789 AB 11.569483204829103 1.1377208383153805
62248.1702 lsst_hardware_r 219.28345596545662 32.35576298794969 31.549999237060547 AB 10.026581299566203 1.0836618535062092
62250.1605 lsst_hardware_i 289.1633276101563 46.92649016969142 31.290000915527344 AB 10.655686628236925 1.0943781680988958
62250.1793 lsst_hardware_z 445.43658195204523 51.86097649755749 30.959999084472656 AB 8.329711592121507 1.052428894421366
62252.1647 lsst_hardware_r 279.9638622882955 79.04370940611945 31.649999618530273 AB 9.596643034056013 1.0710539100508942
62252.1847 lsst_hardware_z 416.97477162690893 62.49875246784715 30.979999542236328 AB 6.6235351412933055 1.0343078585159886
62254.1618 lsst_hardware_r 289.4704955948381 150.801980110045 31.65999984741211 AB 2.220435132361498 1.0655105205877544
62254.1819 lsst_hardware_i 455.7134069095272 118.50939548432954 31.350000381469727 AB 2.3515956914928506 1.0304976737479625
62257.156 lsst_hardware_z 370.67631900817565 68.66838297024012 30.979999542236328 AB 9.87616754553713 1.060566020675868
62257.1747 lsst_hardware_i 260.7967841698677 72.97370952783544 31.34000015258789 AB 9.966364483680596 1.0291401239494635
62259.1607 lsst_hardware_z 317.61292654395737 51.699469670335425 30.969999313354492 AB 11.817739803479574 1.0419449659213167
62259.1796 lsst_hardware_g 40.490071652645824 46.91148670671254 31.709999084472656 AB 11.74195343862266 1.0168834709121557
62264.0407 lsst_hardware_u 1.1117792769107335 2.5386395985647945 28.1200008392334 AB 14.841294585825523 1.518860740856811
62264.0618 lsst_hardware_g 5.459783109357932 15.743338032896398 31.350000381469727 AB 13.91484858508698 1.3556504970370196
62268.0513 lsst_hardware_i 601.5079882638269 64.10088615107901 32.400001525878906 AB 15.506914281871868 1.3528977736757868
62268.0776 lsst_hardware_z 758.2985727601134 81.56111647614873 32.130001068115234 AB 13.944123667381929 1.2110581611414195
62270.041 lsst_hardware_u -0.22015348922178124 2.729718282199695 28.18000030517578 AB 8.159530049481672 1.3855936460784544
62270.0596 lsst_hardware_g 50.47065516768775 16.427855644255654 31.389999389648438 AB 8.10532345111412 1.271855551080993
62272.0578 lsst_hardware_r -31.34363846760764 24.790000915527344 31.479999542236328 AB 6.362076073289947 1.2529321201891264
62272.0774 lsst_hardware_z 13.987495445464639 43.189998626708984 30.940000534057617 AB 5.874180301538256 1.1673069306052473
62277.056 lsst_hardware_r 1.4900134593134082 32.25 31.540000915527344 AB 8.445842028136735 1.1982183904478485
62277.0749 lsst_hardware_y -42.19963272964405 48.7400016784668 30.020000457763672 AB 7.952536205613175 1.1287130915853822
62279.0481 lsst_hardware_z 18.4172977291142 51.150001525878906 30.940000534057617 AB 2.3025932502760047 1.2087103675988213
62279.0701 lsst_hardware_r -34.412930534949695 51.09000015258789 31.610000610351562 AB 2.1661299388013524 1.1266279154653358
62280.0748 lsst_hardware_z -64.586102568672 56.81999969482422 30.969999313354492 AB 9.168381302766806 1.1046242533453983
62280.0941 lsst_hardware_r -37.85997651429151 68.68000030517578 31.639999389648438 AB 9.195385678201168 1.0587663417617927
62282.0425 lsst_hardware_r -69.30745929257589 142.63999938964844 31.6200008392334 AB 6.227801273134238 1.1975773232102245
62282.0602 lsst_hardware_z -121.22611079553707 95.33999633789062 30.989999771118164 AB 5.896831468922282 1.132064850769792
62283.0626 lsst_hardware_i -13.02627201468149 129.97000122070312 31.329999923706055 AB 6.45370259554135 1.116171324029971
62283.0822 lsst_hardware_z -86.16460916522755 106.45999908447266 31.0 AB 6.182117503821583 1.0664032723723995
62288.0705 lsst_hardware_g 2.1009913573318104 15.069999694824219 31.450000762939453 AB 7.782186049362621 1.0623177935154262
62288.0896 lsst_hardware_r -40.907843681617244 34.119998931884766 31.59000015258789 AB 7.622324453220267 1.0297655300217095
62291.0501 lsst_hardware_r -25.1882348011796 24.040000915527344 31.5 AB 12.519817275517555 1.0903864549309787
62291.0702 lsst_hardware_i -42.49084453874987 31.329999923706055 31.260000228881836 AB 12.035379990193244 1.0472757324413104
62303.9515 lsst_hardware_y 89.02525566931739 73.98999786376953 29.959999084472656 AB 8.929482469320291 1.3628116249105715
62303.9697 lsst_hardware_z 74.69102680313006 45.040000915527344 30.93000030517578 AB 9.141183003622888 1.2566063651966306
62305.9649 lsst_hardware_y -122.05634360202966 51.13999938964844 29.979999542236328 AB 7.903690956109665 1.2532610728789078
62305.9837 lsst_hardware_z -39.03540096892021 45.18000030517578 30.950000762939453 AB 7.192656793428695 1.1705845542238904
62307.9525 lsst_hardware_y -19.210025258871894 75.69999694824219 29.969999313354492 AB 5.43242346602206 1.2900554419430206
62307.9739 lsst_hardware_r 87.35505494599626 60.2400016784668 31.600000381469727 AB 6.077722320212464 1.1876737207293768
62309.9538 lsst_hardware_y 32.87022891621067 79.08999633789062 30.0 AB 6.330993470850137 1.2541587699782364
62309.9733 lsst_hardware_r 208.9698529860414 115.20999908447266 31.6299991607666 AB 10.771302040159714 1.1686025701985205
62311.9637 lsst_hardware_z -20.816555472484648 127.06999969482422 31.729999542236328 AB 5.971352186990164 1.1847529222558861
62313.955 lsst_hardware_y 98.15957855781775 70.29000091552734 30.020000457763672 AB 9.224613767259749 1.1981055200354682
62313.974 lsst_hardware_i -83.8314729271473 62.15999984741211 31.309999465942383 AB 8.654527181108088 1.1283117440929498
62314.9648 lsst_hardware_y -72.1195628242473 50.2599983215332 30.010000228881836 AB 7.409084573048371 1.1498540502906736
62314.9837 lsst_hardware_r 15.638550521418106 23.850000381469727 31.5 AB 7.034555597371399 1.092619205121174
62324.9606 lsst_hardware_y -43.76676227611846 56.369998931884766 30.049999237060547 AB 1.540650054804994 1.0821071499947281
62324.9807 lsst_hardware_z 37.63411189792914 41.790000915527344 30.959999084472656 AB 1.4724784609993193 1.0416023067667524
62326.9637 lsst_hardware_y -21.505407175798712 51.540000915527344 30.049999237060547 AB 8.525454528384891 1.062957986208411
62326.982 lsst_hardware_u 3.350610923942217 2.859999895095825 28.540000915527344 AB 8.285519548419199 1.0313068892729895
62329.9646 lsst_hardware_y 144.20277504355863 51.709999084472656 30.049999237060547 AB 6.156960853038724 1.0457238933444486
62329.9841 lsst_hardware_z -44.45190782353769 41.130001068115234 30.950000762939453 AB 6.002724097093876 1.0185905874759822
62539.3157 lsst_hardware_i 0.053889994881256904 33.849998474121094 31.209999084472656 AB 4.882137739987308 1.3092351139682115
62539.3352 lsst_hardware_z 4.78624892985438 44.06999969482422 30.93000030517578 AB 5.775142593456906 1.2098973641558588
62541.3035 lsst_hardware_r -3.958696673279308 26.489999771118164 31.459999084472656 AB 7.339549287187144 1.3507958566646268
62541.3204 lsst_hardware_u -1.0809812250191095 2.759999990463257 28.309999465942383 AB 6.832030773170002 1.2539287461081123
62543.3296 lsst_hardware_r 10.732966783039322 25.600000381469727 31.5 AB 4.487788485780898 1.1874026950075383
62543.349 lsst_hardware_i 24.832863431516298 32.65999984741211 31.25 AB 4.976846857512337 1.1190841210888383
62546.3169 lsst_hardware_z 16.432204041195853 44.33000183105469 30.93000030517578 AB 3.0641450178345644 1.2063563062341296
62546.3353 lsst_hardware_u -1.195552579197681 2.759999990463257 28.3700008392334 AB 2.749400776405193 1.1364682345376613
62548.3067 lsst_hardware_r -57.90761561544381 65.37999725341797 31.600000381469727 AB 5.976997970157779 1.2276877827170132
62548.3246 lsst_hardware_g -34.22567847725623 56.779998779296875 31.670000076293945 AB 5.8092139310853605 1.1544351606032015
62550.296 lsst_hardware_r -26.26901325396506 85.25 31.600000381469727 AB 6.183275058068926 1.2530702316483886
62550.3142 lsst_hardware_i 4.35920387344636 65.76000213623047 31.309999465942383 AB 5.834948262146112 1.1727360591189049
62554.3306 lsst_hardware_z -51.955004345087055 62.77000045776367 30.979999542236328 AB 12.098782534811669 1.087066873452833
62554.3497 lsst_hardware_r 98.54649782411725 78.44000244140625 31.649999618530273 AB 9.829248713061205 1.0467226146702822
62557.3091 lsst_hardware_z 25.59691349588642 69.19999694824219 31.709999084472656 AB 10.118023384980827 1.124224820553425
62563.2966 lsst_hardware_i -11.662559009277807 31.989999771118164 31.239999771118164 AB 6.763760356400997 1.1125520777039226
62563.3199 lsst_hardware_u -0.006973008861207069 2.7100000381469727 28.389999389648438 AB 6.408728883138738 1.056369371267769
62566.3014 lsst_hardware_g -19.617419585254886 14.949999809265137 31.43000030517578 AB 7.678540372787048 1.0784466815712146
62566.3212 lsst_hardware_r 42.51479513123757 23.760000228881836 31.5 AB 7.423502179181697 1.0395969861963654
62571.2003 lsst_hardware_r -5.817652821868142 25.350000381469727 31.40999984741211 AB 13.354658279335483 1.5139190340751574
62571.2204 lsst_hardware_i 14.95502071880243 33.779998779296875 31.209999084472656 AB 11.658203614990438 1.358633032726885
