data/validation/pwv_sim_epoch_fit_seasonal/46036908.ecsv
# %ECSV 0.9
# ---
# datatype:
# - {name: time, datatype: float64}
# - {name: band, datatype: string}
# - {name: flux, datatype: float64}
# - {name: fluxerr, datatype: float64}
# - {name: zp, datatype: float64}
# - {name: zpsys, datatype: string}
# - {name: pwv, datatype: float64}
# - {name: airmass, datatype: float64}
# meta: {SNID: '46036908', alt: 1024.0, c: -0.04689584672451019, dec: -21.221792, lat: -30.244573, lon: -70.7499537, ra: 239.765625, t0: 60490.23046875,
#   x0: 1.023709649306522e-05, x1: 0.8089243769645691, z: 0.455493301153183}
# schema: astropy-2.0
time band flux fluxerr zp zpsys pwv airmass
60380.4033 lsst_hardware_z 23.747056564936752 53.93000030517578 30.979999542236328 AB 7.330196540943209 1.0142091374532285
60383.298 lsst_hardware_u 0.00527905668878291 2.680000066757202 28.309999465942383 AB 9.524510897448717 1.1475314334275561
60383.3153 lsst_hardware_y 57.63210362897589 47.869998931884766 30.020000457763672 AB 9.093885626018185 1.0956488706046006
60385.3867 lsst_hardware_r -7.139205938978257 24.68000030517578 31.520000457763672 AB 9.224557071731192 1.0133164121271907
60385.4059 lsst_hardware_z 22.09067862265672 54.810001373291016 30.979999542236328 AB 9.308790072778628 1.0243322531759484
60389.2308 lsst_hardware_r 3.8708784300905386 62.869998931884766 32.279998779296875 AB 8.076953648025963 1.4179837574987364
60389.248 lsst_hardware_u -4.203610083423034 5.320000171661377 28.739999771118164 AB 7.410532657444914 1.3014062707898109
60392.3596 lsst_hardware_z -10.614189878701131 50.849998474121094 30.969999313354492 AB 6.883870744495454 1.0123339330140373
60392.3787 lsst_hardware_r -23.660184818712555 45.65999984741211 31.6200008392334 AB 6.940426920815887 1.0181804328931103
60395.2954 lsst_hardware_y -165.88443879539722 57.75 30.049999237060547 AB 7.409447278808066 1.0663376669508622
60395.3127 lsst_hardware_r -112.51198946919295 104.19999694824219 31.65999984741211 AB 7.185608522205404 1.037670460623919
60397.3465 lsst_hardware_i 167.26307044794 87.80999755859375 31.34000015258789 AB 8.963967129513758 1.0123342984854182
60397.3647 lsst_hardware_z 62.9864253180319 74.83000183105469 31.0 AB 8.965722436199792 1.017964511632117
60399.3285 lsst_hardware_z 5.416424659889728 71.63999938964844 30.989999771118164 AB 4.137966325700603 1.0147877852613267
60399.347 lsst_hardware_r -61.48661616608904 93.87000274658203 31.65999984741211 AB 4.207226438022084 1.012975867902563
60401.3242 lsst_hardware_z -97.43604954582548 49.20000076293945 30.969999313354492 AB 8.9524257771056 1.0143433984068284
60401.3435 lsst_hardware_r -23.227633909838506 49.540000915527344 31.6299991607666 AB 9.10594062381223 1.013441482125603
60405.2185 lsst_hardware_r 10.093142310687213 35.22999954223633 32.2400016784668 AB 18.21137854277742 1.2264655777922207
60405.2403 lsst_hardware_u -0.19960892082701445 4.039999961853027 29.229999542236328 AB 16.98145744489119 1.139516682726946
60413.3215 lsst_hardware_i -55.62260961443311 31.469999313354492 31.270000457763672 AB 7.442223406866052 1.0182621387878983
60413.3391 lsst_hardware_z 3.633175351614563 41.88999938964844 30.959999084472656 AB 6.939451548770989 1.0346323408450149
60423.2998 lsst_hardware_z -0.8156234225678046 107.25 31.75 AB 9.098543184258391 1.022308222950381
60429.2654 lsst_hardware_i 97.89688672899797 52.0099983215332 31.31999969482422 AB 10.701063728562813 1.0130385353641036
60429.2845 lsst_hardware_z 51.37442409897144 52.349998474121094 30.969999313354492 AB 10.839229336014018 1.023212335054836
60443.1989 lsst_hardware_i 8.761704758179532 31.75 31.260000228881836 AB 6.046422114351866 1.0200914600751096
60443.2187 lsst_hardware_z -15.935821439371322 41.4900016784668 30.950000762939453 AB 6.824354293161757 1.012390301866004
60445.197 lsst_hardware_r -14.921354086195304 24.760000228881836 31.520000457763672 AB 5.448323817443024 1.0177441751138898
60445.2147 lsst_hardware_u -0.24692870347433968 2.809999942779541 28.459999084472656 AB 5.448887517231039 1.012333955825553
60447.191 lsst_hardware_y 76.26811139506731 67.62000274658203 30.799999237060547 AB 7.50013790245337 1.0180722006859468
60447.2082 lsst_hardware_r -77.35573113337323 50.7400016784668 32.349998474121094 AB 7.479365391324545 1.0123667286578972
60449.1729 lsst_hardware_i 38.747840523880804 52.86000061035156 31.31999969482422 AB 8.26102976442618 1.0286000370747033
60449.1935 lsst_hardware_z 41.41667656762973 52.470001220703125 30.979999542236328 AB 8.165793558643067 1.0142163068613563
60454.1316 lsst_hardware_z 60.732732020303224 112.41000366210938 31.0 AB 6.0430054666575135 1.0719300162585883
60454.138 lsst_hardware_r -333.6663989975252 165.3800048828125 31.65999984741211 AB 5.967529243646134 1.0592463711819187
60458.1601 lsst_hardware_i 111.44217154624373 46.18000030517578 31.309999465942383 AB 9.250424602132046 1.0186196522682534
60458.1799 lsst_hardware_z -38.72205885070078 48.68000030517578 30.969999313354492 AB 8.908517225756174 1.0123315029268378
60460.1407 lsst_hardware_r 23.904004878672414 24.700000762939453 31.520000457763672 AB 8.439112332506568 1.0309621288235413
60460.1585 lsst_hardware_u -1.8872430620346963 2.809999942779541 28.459999084472656 AB 8.322577521246945 1.0163738805943572
60462.1453 lsst_hardware_g 13.321304846305825 15.899381128861531 31.479999542236328 AB 10.773704913908025 1.0213817485415715
60462.1638 lsst_hardware_r 13.935401267750075 24.792206406122716 31.520000457763672 AB 10.71399091266359 1.0127283615221745
60464.1396 lsst_hardware_i 55.31808353825974 32.093313862778736 31.260000228881836 AB 11.018387162636142 1.0215689370359755
60464.1594 lsst_hardware_z 56.7165210290999 41.75241474709655 30.959999084472656 AB 10.872360779731995 1.0125755103438467
60466.1228 lsst_hardware_z 38.41822742906925 42.35793436410747 30.950000762939453 AB 5.266855931741053 1.0327168493609908
60466.1427 lsst_hardware_r 129.42323585085393 26.95163630191564 31.520000457763672 AB 5.71620388928258 1.0160785476216647
60468.1172 lsst_hardware_u 4.261733059622585 3.7037978375323615 28.469999313354492 AB 2.489762013411357 1.0328819802577711
60468.1358 lsst_hardware_r 345.8781144756633 30.661533150807813 31.520000457763672 AB 3.0591309650331007 1.0168293053126127
60485.0771 lsst_hardware_g 2234.2503895361087 92.72324229914467 31.739999771118164 AB 4.860310207091103 1.0260854398250072
60485.096 lsst_hardware_i 2620.340774666555 79.60727010370586 31.329999923706055 AB 5.2922948989688345 1.01394671883683
60487.0853 lsst_hardware_z 1839.5547077705173 61.46912792979178 30.959999084472656 AB 7.925647609706112 1.01610866791104
60487.1057 lsst_hardware_r 4116.6005200099335 75.33695096894465 31.610000610351562 AB 7.8996691283861 1.0127780933828334
60490.0744 lsst_hardware_u 4.757983138366098 3.7018908677529416 28.469999313354492 AB 3.178255673863166 1.0175845273842357
60490.0951 lsst_hardware_g 1492.3687561662127 42.060366949478784 31.459999084472656 AB 3.6286581080586826 1.0124604096146754
60493.0767 lsst_hardware_r 3651.2219689377894 65.27373772771219 31.520000457763672 AB 6.510808939843531 1.0132240601494684
60493.0985 lsst_hardware_i 2549.6408641131316 58.82054384333625 31.260000228881836 AB 6.551525464111623 1.0157403820328097
60497.0705 lsst_hardware_r 3291.9871268092274 62.27387486643174 31.510000228881836 AB 3.22683532858193 1.0124463719861398
60497.0949 lsst_hardware_u -4.365671659419046 3.36360464244104 28.459999084472656 AB 2.6296781442298336 1.0201117776801578
60499.0613 lsst_hardware_g 922.2907056503025 34.396191680494496 31.489999771118164 AB 2.9093410517935356 1.013001758981036
60499.0838 lsst_hardware_i 2349.0750201177307 57.285822902777134 31.270000457763672 AB 3.171748257435917 1.0165859799474093
60501.0669 lsst_hardware_z 1566.2554416586847 57.272495846519675 30.950000762939453 AB 6.693849107328833 1.0126851902161782
60501.0888 lsst_hardware_r 2857.4416647747385 58.84121057670819 31.520000457763672 AB 7.446742541621015 1.02398256519512
60503.0631 lsst_hardware_y 526.5978489290087 51.437946069616544 30.059999465942383 AB 6.330642969003758 1.0129839137537184
60503.0859 lsst_hardware_g 685.5205719533784 33.599805244595615 31.559999465942383 AB 7.093204019621087 1.0263643495328172
60506.0485 lsst_hardware_r 5024.186072612372 103.90985997883438 32.38999938964844 AB 3.935433691059456 1.0123302099188043
60506.071 lsst_hardware_i 4056.8694471508893 92.62020525494327 32.060001373291016 AB 3.9686248504352615 1.0206055935283929
60508.047 lsst_hardware_z 1234.0915451816265 79.93992757545136 31.0 AB 2.2040393944414762 1.0125755257770948
60508.0695 lsst_hardware_r 2381.950805250369 107.82484076139747 31.65999984741211 AB 2.229535201261651 1.023818399477262
60511.0219 lsst_hardware_r 1961.0333134215152 114.80390440608507 31.670000076293945 AB 5.679252470555894 1.0151190068915446
60511.0455 lsst_hardware_z 1290.3319196084071 79.53225495475053 31.0 AB 5.780708381637155 1.014159365199501
60515.9977 lsst_hardware_z 902.4499143996964 51.13134453266611 30.950000762939453 AB 8.403642685946691 1.0215021346153332
60516.0175 lsst_hardware_r 1120.7220860186858 41.66526417037849 31.520000457763672 AB 9.314918622640265 1.0125645288760345
60520.0035 lsst_hardware_u 6.485833170904674 3.1021368107026164 28.459999084472656 AB 5.178131048814154 1.0131015845333722
60520.0248 lsst_hardware_g 186.64444245427342 20.223731526284638 31.469999313354492 AB 5.201835278534041 1.015751998932673
60524.979 lsst_hardware_z 757.3242706194532 50.46004975261928 30.950000762939453 AB 9.343485409749709 1.0174855929669813
60524.9978 lsst_hardware_r 622.4895593893226 35.12038470756378 31.520000457763672 AB 8.321429743433356 1.0123496479201965
60528.9822 lsst_hardware_y 787.9966555151087 71.80422374411366 30.809999465942383 AB 3.4282944489383325 1.0125408168166377
60529.0023 lsst_hardware_u 5.906285008318697 4.190184681544385 29.309999465942383 AB 3.9238699993190616 1.0168100542417884
60532.9655 lsst_hardware_y 453.5062139072998 83.50689880172605 30.079999923706055 AB 6.444183044434632 1.0137676525067592
60532.987 lsst_hardware_r 380.74538038948845 37.90520856870976 31.579999923706055 AB 5.77728646537851 1.0147458662842817
60742.3866 lsst_hardware_r -23.155407075066602 25.229999542236328 31.530000686645508 AB 8.659614735255778 1.015969347715809
60742.4041 lsst_hardware_z 98.29456563500811 62.93000030517578 30.989999771118164 AB 8.63051234540454 1.0124361951322118
60749.2571 lsst_hardware_z 112.40956048449738 71.22000122070312 30.950000762939453 AB 11.602840359902869 1.3336598114830884
60749.2749 lsst_hardware_y 26.432386533328344 57.4900016784668 29.989999771118164 AB 10.738065301578299 1.2342603794917586
60751.4028 lsst_hardware_i 5.851244485474674 76.0 31.34000015258789 AB 9.315134588016303 1.023378758708338
60753.376 lsst_hardware_r 44.80822743315578 93.93000030517578 31.670000076293945 AB 6.367781347983771 1.0126610323067833
60753.3993 lsst_hardware_y 18.028098890257585 59.5099983215332 30.079999923706055 AB 6.4418600887018185 1.0251345506971743
60755.3667 lsst_hardware_y -129.00485372239086 73.0 30.81999969482422 AB 5.995538211695592 1.012332327850692
60757.3568 lsst_hardware_r 28.412495882102128 32.83000183105469 31.600000381469727 AB 6.123168355806747 1.0125541950153785
60757.3764 lsst_hardware_i -31.54547441259854 35.77000045776367 31.290000915527344 AB 6.484964412181519 1.0164521022228086
60759.3406 lsst_hardware_r -6.524627594163585 25.309999465942383 31.540000915527344 AB 6.753003032322745 1.015769214418423
60759.36 lsst_hardware_g 3.2538230461047672 17.18000030517578 31.530000686645508 AB 6.6852984962649415 1.0127194248028089
60761.3407 lsst_hardware_r -8.824363812129393 24.459999084472656 31.530000686645508 AB 7.8917836603064 1.013629788967727
60761.3598 lsst_hardware_i 38.06726931238306 31.469999313354492 31.270000457763672 AB 7.888911118820046 1.0140205812661032
60763.3433 lsst_hardware_z 22.899560680800736 41.540000915527344 30.959999084472656 AB 8.920452609082846 1.012336097719854
60763.3633 lsst_hardware_i -3.360787203087988 31.479999542236328 31.270000457763672 AB 8.972388919743635 1.0183456481847328
60766.3227 lsst_hardware_r -12.81951422990144 24.209999084472656 31.520000457763672 AB 5.121340961009236 1.0152158508649678
60766.34 lsst_hardware_u 3.965318320234395 2.8499999046325684 28.510000228881836 AB 6.078571183355022 1.0125889027744497
60768.3254 lsst_hardware_g 2.6480539432243164 15.449999809265137 31.479999542236328 AB 5.840542548514123 1.0127523059674313
60768.3439 lsst_hardware_r 10.339249046681985 24.200000762939453 31.520000457763672 AB 5.924060286366372 1.0152631167723227
60770.3278 lsst_hardware_i -3.8318920586507916 31.18000030517578 31.25 AB 7.040049028129575 1.0124468293851179
60770.3466 lsst_hardware_z 91.96850481350181 41.29999923706055 30.950000762939453 AB 7.786605896421758 1.019968024856032
60772.3246 lsst_hardware_r -4.967904306222235 24.170000076293945 31.530000686645508 AB 8.493880289321966 1.0127335036202851
60772.3427 lsst_hardware_g 2.2047601265870655 15.350000381469727 31.469999313354492 AB 8.297391030045771 1.0211231000271792
60774.3041 lsst_hardware_r 4.5702098155763355 42.95000076293945 31.6200008392334 AB 7.9772715643349015 1.0139740146176046
60774.3243 lsst_hardware_i 91.07746410202606 39.970001220703125 31.299999237060547 AB 7.945499205335693 1.0140169998726796
60779.3037 lsst_hardware_z -204.4029339399961 123.5199966430664 31.75 AB 7.394147557457197 1.0124923910479415
60781.2479 lsst_hardware_r -53.07581449267253 123.05999755859375 31.65999984741211 AB 17.125738408232973 1.04974644173671
60781.2656 lsst_hardware_i -88.41505576376207 100.80000305175781 31.350000381469727 AB 16.989284307186107 1.0266565867630517
60783.3074 lsst_hardware_z 30.117024018867017 85.66999816894531 31.739999771118164 AB 13.115150273030164 1.0175525695614576
60785.2873 lsst_hardware_g -30.81785085972271 38.5 31.700000762939453 AB 3.6235335193613953 1.012490155831448
60785.3052 lsst_hardware_r 42.8439179363 41.34000015258789 31.6200008392334 AB 3.612538670907622 1.01965104200615
60791.2612 lsst_hardware_r 5.480336275069162 24.3799991607666 31.530000686645508 AB 6.029406958143726 1.0130193844801354
60791.2789 lsst_hardware_i -2.4801484351453587 31.43000030517578 31.260000228881836 AB 5.924266279956397 1.0143712596238337
60793.2644 lsst_hardware_z 28.803074438231537 41.33000183105469 30.950000762939453 AB 2.756420680585994 1.0123974096177744
60793.282 lsst_hardware_i -17.093115009648088 31.3700008392334 31.260000228881836 AB 2.8415852787188722 1.0187327720073194
60796.2594 lsst_hardware_u 4.012753438192953 2.8399999141693115 28.489999771118164 AB 9.152898427138894 1.0127875214449942
60796.2767 lsst_hardware_g -5.2219557004760695 15.680000305175781 31.489999771118164 AB 9.366673526980216 1.0207610505817843
60799.2448 lsst_hardware_r -18.85155926967982 24.510000228881836 31.530000686645508 AB 9.65942441860663 1.012341423784101
60799.2643 lsst_hardware_i -73.82984553926391 31.610000610351562 31.260000228881836 AB 9.396073674740085 1.0179009126738379
60803.2275 lsst_hardware_r -141.310236111892 79.80000305175781 32.400001525878906 AB 9.020820651610668 1.0132338146254822
60803.2466 lsst_hardware_z 152.44238836945536 50.470001220703125 30.979999542236328 AB 9.050242058022041 1.0145442585081599
60805.2246 lsst_hardware_r -143.56960312285716 92.4800033569336 31.670000076293945 AB 6.278834329638659 1.0127152144578482
60805.244 lsst_hardware_i 189.63064425173212 74.19000244140625 31.34000015258789 AB 6.297798328923325 1.015773924019891
60807.2122 lsst_hardware_z -42.53786929751859 104.61000061035156 31.010000228881836 AB 11.455576290254308 1.0146208130954475
60807.2324 lsst_hardware_i -251.688990483668 123.97000122070312 31.350000381469727 AB 11.418487719825745 1.0134677453414467
60809.2185 lsst_hardware_z -56.748491866625955 142.07000732421875 31.760000228881836 AB 6.8071923617812224 1.0123222666605693
60811.1895 lsst_hardware_r -15.9397093763196 84.95999908447266 31.65999984741211 AB 5.467855151732803 1.0215198315604939
60811.2099 lsst_hardware_i -94.92736798187286 69.97000122070312 31.34000015258789 AB 5.393627252856318 1.012491623531886
60813.2074 lsst_hardware_z 19.34019756778194 96.94999694824219 32.47999954223633 AB 7.45727800040772 1.0123230842880655
60825.1506 lsst_hardware_z -34.75521082838573 41.70000076293945 30.959999084472656 AB 12.365871577214916 1.022057325168602
60825.1728 lsst_hardware_i -31.022079399465856 31.649999618530273 31.260000228881836 AB 12.553679679777682 1.0123935225627163
60827.1609 lsst_hardware_u -2.907139854210661 2.930000066757202 28.549999237060547 AB 7.286156989990242 1.013514673805819
60827.1827 lsst_hardware_g -4.969154494453873 16.010000228881836 31.489999771118164 AB 7.589963629838198 1.015209982255569
60831.1252 lsst_hardware_y -49.40109701682216 49.029998779296875 30.059999465942383 AB 8.563731638789458 1.0307503552239525
60831.1453 lsst_hardware_r 51.73618456617069 48.470001220703125 31.639999389648438 AB 8.452348205992546 1.0151852996357877
60841.0883 lsst_hardware_i 44.22320564244219 47.349998474121094 31.299999237060547 AB 12.939313582169085 1.0431915708903274
60841.1094 lsst_hardware_z -12.791149247910477 50.20000076293945 30.969999313354492 AB 12.655359496242651 1.0201547315328836
60843.1619 lsst_hardware_r 16.036942546387547 35.060001373291016 31.59000015258789 AB 5.4613528129731765 1.0340859908431512
60843.1733 lsst_hardware_g 23.02458678238 34.15999984741211 31.670000076293945 AB 5.366227402619567 1.0504507003268215
60845.13 lsst_hardware_r -12.965203346789524 24.450000762939453 31.530000686645508 AB 3.852699844249352 1.013868380065619
60845.151 lsst_hardware_i -19.173701246292683 31.700000762939453 31.270000457763672 AB 3.906231301639084 1.0279556056944958
60848.0889 lsst_hardware_i 19.479788395709576 31.440000534057617 31.270000457763672 AB 2.627862141921317 1.0211899515238483
60848.1098 lsst_hardware_z -37.220701009482106 41.349998474121094 30.950000762939453 AB 2.611843143029562 1.0124077045143338
60853.0651 lsst_hardware_g -1.3662872743386214 15.430000305175781 31.489999771118164 AB 7.809225265824692 1.0307847499768883
60853.085 lsst_hardware_r -2.4166563425049965 24.100000381469727 31.530000686645508 AB 7.919233250689809 1.0152863141910011
60859.0646 lsst_hardware_i 28.755082961058957 38.310001373291016 31.290000915527344 AB 6.471497582756991 1.0173311193172712
60859.0868 lsst_hardware_z -9.479673584262393 44.709999084472656 30.959999084472656 AB 6.517332163525877 1.0126895162675849
60862.0457 lsst_hardware_z 116.23336539584345 67.94999694824219 30.989999771118164 AB 6.372793984178917 1.025444215433209
60862.0654 lsst_hardware_r -153.76819288801204 90.26000213623047 31.670000076293945 AB 6.299724138796832 1.0134963086950344
60866.0441 lsst_hardware_i 250.57742754435748 89.58000183105469 31.34000015258789 AB 8.544927374463795 1.018162332375781
60866.0637 lsst_hardware_z -93.82588369390184 77.05000305175781 31.0 AB 8.483248021323664 1.0123308332012448
60871.0313 lsst_hardware_g -0.5908336268487575 15.40999984741211 31.469999313354492 AB 5.457621832973714 1.0176434519809274
60871.0487 lsst_hardware_r 21.55165635748857 24.15999984741211 31.520000457763672 AB 6.358342242387136 1.0123271139913976
60876.0087 lsst_hardware_r 11.220439540999376 24.25 31.520000457763672 AB 2.992024203897284 1.0243150304338529
60876.0262 lsst_hardware_i 50.80900761257835 31.260000228881836 31.260000228881836 AB 2.959905758299217 1.0137820841303404
60878.0117 lsst_hardware_z 25.2881734190536 41.279998779296875 30.950000762939453 AB 6.077929032927864 1.017936474461052
60878.0306 lsst_hardware_r -9.490817957169634 24.219999313354492 31.520000457763672 AB 6.056652934492082 1.0123244684714114
60882.0008 lsst_hardware_i -9.229972883687761 31.5 31.260000228881836 AB 9.357594629892514 1.0179227981825532
60882.0175 lsst_hardware_z -7.2804453724226414 41.459999084472656 30.950000762939453 AB 9.313147165549498 1.0123719652383687
60884.9991 lsst_hardware_r 13.009925982139055 25.34000015258789 31.540000915527344 AB 4.488390302880127 1.0146694479213578
60885.0185 lsst_hardware_u -0.18393845341291362 3.0999999046325684 28.59000015258789 AB 4.522539176685554 1.0132271035477887
60886.9968 lsst_hardware_g 4.2252715610358695 23.84000015258789 31.610000610351562 AB 4.094572391848871 1.0135916474582567
60887.0171 lsst_hardware_r 25.04706115122818 30.219999313354492 31.56999969482422 AB 3.2866904061193307 1.0144888976369566
60894.9649 lsst_hardware_y 94.65404963448297 78.70999908447266 30.079999923706055 AB 3.407055107680592 1.018171119217211
60894.9853 lsst_hardware_z -14.900882109470794 61.709999084472656 30.989999771118164 AB 3.3057789694492037 1.01236053677148
60897.9654 lsst_hardware_y -47.12087761141194 81.12999725341797 30.079999923706055 AB 7.861160864489966 1.0140162353421434
60897.9852 lsst_hardware_u 6.517195921547018 3.2300000190734863 28.639999389648438 AB 7.880851154948868 1.0138424925158547
