data/validation/pwv_sim_epoch_fit_seasonal/46040490.ecsv
# %ECSV 0.9
# ---
# datatype:
# - {name: time, datatype: float64}
# - {name: band, datatype: string}
# - {name: flux, datatype: float64}
# - {name: fluxerr, datatype: float64}
# - {name: zp, datatype: float64}
# - {name: zpsys, datatype: string}
# - {name: pwv, datatype: float64}
# - {name: airmass, datatype: float64}
# meta: {SNID: '46040490', alt: 1024.0, c: -0.10501712560653687, dec: -53.18726, lat: -30.244573, lon: -70.7499537, ra: 304.318176, t0: 60050.38671875,
#   x0: 1.845723309789106e-05, x1: 1.0924793481826782, z: 0.3547024726867676}
# schema: astropy-2.0
time band flux fluxerr zp zpsys pwv airmass
60067.4043 lsst_hardware_z 3190.0797720045302 201.86935291580247 31.75 AB 12.161776137893002 1.0927513489278944
60069.4149 lsst_hardware_z 1650.5492237599149 138.08824491680517 31.0 AB 7.451705927618456 1.0862149233072347
60071.4098 lsst_hardware_i 5461.0647578228745 169.9291188228155 32.09000015258789 AB 7.538175681406326 1.0861402931760549
60071.4247 lsst_hardware_y 229.73968646283652 208.7661111805338 30.81999969482422 AB 8.011078383265966 1.0858307610544151
60073.407 lsst_hardware_i 2519.3411007002424 120.89528512322852 31.34000015258789 AB 8.372476347817347 1.0856896063735484
60073.4179 lsst_hardware_y 289.5415897431757 149.93372623649626 30.059999465942383 AB 8.069183021210916 1.085637683363175
60083.3877 lsst_hardware_r 1466.686571014764 100.18973751343046 31.649999618530273 AB 10.39268409150723 1.0853694777167593
60083.4021 lsst_hardware_i 1826.3101722394222 115.22666616069563 31.329999923706055 AB 10.41162524897761 1.0887120224795734
60087.3846 lsst_hardware_z 2753.634976500295 197.88099771986495 31.75 AB 2.1435963907064894 1.0865572648676975
60087.3988 lsst_hardware_u -29.967834561710365 51.57308858133193 30.229999542236328 AB 2.1646787632406532 1.092536387907463
60094.3275 lsst_hardware_z 753.1525937609774 140.9827564249931 31.0 AB 14.114495660109231 1.0947409958977143
60094.3416 lsst_hardware_r 955.9750376537877 99.52396512004447 31.649999618530273 AB 13.339619924935176 1.087587231623116
60096.3275 lsst_hardware_z 990.2897308647334 140.6373478982453 31.0 AB 7.526200839931249 1.0913864327046474
60096.34 lsst_hardware_r 756.6501521144706 99.01752129619135 31.649999618530273 AB 7.2783400901725015 1.0864815778731902
60101.3302 lsst_hardware_i 1113.7453078988938 111.36981904251394 31.329999923706055 AB 6.666353698243222 1.085740093906251
60101.3423 lsst_hardware_z 879.071917575747 135.58171531829714 31.0 AB 5.831575042592101 1.0857521956046245
60103.3274 lsst_hardware_r 563.9070742187921 96.43477550336276 31.649999618530273 AB 3.1127662669247473 1.0854385029813434
60103.34 lsst_hardware_z 893.2525925022944 135.57570909407474 31.0 AB 2.7158517290513955 1.0863406916205582
60113.3042 lsst_hardware_u 54.72740283909282 37.21514560113449 29.489999771118164 AB 5.021189610367803 1.0853106258225014
60119.1213 lsst_hardware_u -21.101487913115797 42.56999969482422 29.81999969482422 AB 5.698064136530416 1.5074243747434963
60122.2521 lsst_hardware_r 99.12389476798397 95.20999908447266 31.649999618530273 AB 7.823537682447424 1.0940480607534122
60122.2641 lsst_hardware_i 204.70689547384893 110.19000244140625 31.34000015258789 AB 7.8021104647298944 1.0879581386162351
60124.2432 lsst_hardware_z -368.69176277269753 132.55999755859375 31.0 AB 3.020370266015254 1.0964558080887077
60124.2557 lsst_hardware_r -218.2576607672858 93.22000122070312 31.649999618530273 AB 2.915578144754854 1.0891214586310651
60126.2448 lsst_hardware_z 237.27138219133644 187.47000122070312 31.75 AB 8.434427740036154 1.0918353061535475
60129.2346 lsst_hardware_r -70.93759062431026 95.06999969482422 31.639999389648438 AB 7.949382262201604 1.093024121117621
60129.2468 lsst_hardware_y 275.1351940545666 148.83999633789062 30.059999465942383 AB 7.904841923372473 1.0873484385298955
60131.3188 lsst_hardware_r 114.78881731303113 94.54000091552734 31.6299991607666 AB 5.811110873682548 1.1374262817934249
60131.33 lsst_hardware_i 121.0980381863122 109.30999755859375 31.31999969482422 AB 5.90628945859853 1.158020284673916
60133.2361 lsst_hardware_i -149.51688424157015 110.0199966430664 31.329999923706055 AB 1.7366596586529304 1.0872810509644617
60133.2482 lsst_hardware_z -18.684316706937846 137.14999389648438 31.0 AB 1.721307668415324 1.0853137884081487
60138.2195 lsst_hardware_z -32.270854180914085 132.67999267578125 31.0 AB 7.314844221766143 1.0883025523357681
60138.231 lsst_hardware_r 85.03232985672862 93.2300033569336 31.649999618530273 AB 7.384455226679818 1.0855236025107533
60140.2157 lsst_hardware_u 96.3747899475921 37.189998626708984 29.489999771118164 AB 6.230722375974808 1.0877024805309528
60140.2274 lsst_hardware_g 24.41361754469885 105.3499984741211 31.719999313354492 AB 6.236845947699477 1.0853767148487234
60142.2177 lsst_hardware_r -133.12804817354072 93.25 31.649999618530273 AB 1.8645605286866664 1.0858355015160632
60142.2298 lsst_hardware_z 99.36642504614085 132.7100067138672 31.0 AB 1.8923423313443677 1.0856811998533378
60144.2178 lsst_hardware_r -119.54487740094899 93.33000183105469 31.649999618530273 AB 2.7421626307508657 1.0853244357996763
60144.2309 lsst_hardware_u -29.591729117058918 36.22999954223633 29.5 AB 2.741536047033958 1.0870843130029242
60153.1942 lsst_hardware_r -78.12071758058941 93.20999908447266 31.649999618530273 AB 3.443163239750308 1.085315442001673
60153.2069 lsst_hardware_z -100.38740590713422 132.6699981689453 31.0 AB 3.555339918631491 1.0872599139545844
60158.1862 lsst_hardware_r 20.94543992945136 95.01000213623047 31.639999389648438 AB 2.0006710106097367 1.0856985541227713
60158.1987 lsst_hardware_y 0.8441794619026206 148.63999938964844 30.059999465942383 AB 2.007312227474752 1.0893025247454904
60162.1557 lsst_hardware_r -77.47974404047719 95.04000091552734 31.639999389648438 AB 2.2692809481315663 1.08768858354285
60162.1675 lsst_hardware_i -30.45696106819694 110.0 31.329999923706055 AB 1.7369637385117556 1.0853762165247378
60164.1324 lsst_hardware_i 177.54686163344454 110.0 31.329999923706055 AB 4.232302640716509 1.097683748780974
60164.145 lsst_hardware_z 293.36098651875034 137.19000244140625 31.0 AB 4.244430782558991 1.089805918151059
60176.1301 lsst_hardware_i 129.1665669323033 110.19000244140625 31.34000015258789 AB 2.013318386508977 1.0853468390883974
60176.1433 lsst_hardware_r 24.261912968905232 95.30999755859375 31.649999618530273 AB 1.9694277708107655 1.0870306448520852
60178.1262 lsst_hardware_u -53.75119189917948 36.290000915527344 29.5 AB 2.192449624371571 1.0853263269856381
60178.1366 lsst_hardware_g 23.960530173863308 103.33999633789062 31.719999313354492 AB 2.181899008582733 1.086693288909803
60179.129 lsst_hardware_r -11.905294560420689 95.2699966430664 31.649999618530273 AB 2.3691459168615716 1.0857265992873346
60179.1411 lsst_hardware_i -32.95621816306793 110.1500015258789 31.34000015258789 AB 2.3946902471457374 1.0891969437042355
60181.1187 lsst_hardware_i 95.84942918819957 106.63999938964844 31.329999923706055 AB 4.099859414986335 1.0853367081366871
60181.1306 lsst_hardware_z 162.90314808241877 132.5800018310547 31.0 AB 3.90745807777893 1.0873178956809935
60183.111 lsst_hardware_i -70.00963215926951 110.05999755859375 31.329999923706055 AB 1.56018891504147 1.0853488104636313
60183.1225 lsst_hardware_z 370.8166770374723 137.0800018310547 31.0 AB 1.5233878343741822 1.0865819075422127
60185.1073 lsst_hardware_z 20.49365855783915 132.7100067138672 31.0 AB 5.4040410114416675 1.0853304123397491
60185.1187 lsst_hardware_r -57.44204284739452 93.31999969482422 31.649999618530273 AB 5.412939090324962 1.0870265096460472
60192.9863 lsst_hardware_r -39.07780446066082 93.66999816894531 31.610000610351562 AB 0.8265923283054686 1.2131981335207465
60192.9913 lsst_hardware_i -29.004873769411752 108.9000015258789 31.309999465942383 AB 0.8165640124271305 1.1996532993546212
60197.1002 lsst_hardware_g 17.756116765985695 102.75 31.709999084472656 AB 3.836737121761593 1.0936327575747111
60197.112 lsst_hardware_r 79.3729323378196 92.9000015258789 31.639999389648438 AB 3.885291819153864 1.102940523983875
60204.0391 lsst_hardware_g -47.103540354045265 105.06999969482422 31.709999084472656 AB 1.8889220180756863 1.0884021999859903
60204.0501 lsst_hardware_r -59.992236420696976 95.22000122070312 31.649999618530273 AB 0.35391394537357396 1.0856255993054416
60208.0365 lsst_hardware_i 32.47200457092041 110.19999694824219 31.34000015258789 AB 4.23552142475102 1.0860311345515434
60208.0486 lsst_hardware_z 124.98380933077077 137.24000549316406 31.0 AB 4.236771045588749 1.0855860727919127
60216.0566 lsst_hardware_z 201.51264471488537 187.4199981689453 31.75 AB 3.7310739960901533 1.0998007357672122
60216.985 lsst_hardware_y 20.40080323163957 148.58999633789062 30.059999465942383 AB 10.952762250355716 1.0998957873424098
60216.9891 lsst_hardware_g -146.1320273276848 104.87999725341797 31.709999084472656 AB 10.471047859004777 1.0966170455050297
60222.0274 lsst_hardware_i 29.709518910900204 110.02999877929688 31.329999923706055 AB 2.980878142668985 1.0909975817253126
60222.0389 lsst_hardware_z 27.12836469339498 137.00999450683594 31.0 AB 3.0544047505331355 1.0987067447960919
60224.0249 lsst_hardware_r -175.42946035955023 94.95999908447266 31.639999389648438 AB 4.236449497415684 1.0926663364353464
60224.0367 lsst_hardware_g -77.21952891217231 104.61000061035156 31.700000762939453 AB 4.238950675180245 1.101502990518903
60225.0299 lsst_hardware_r 180.27470615233167 93.06999969482422 31.639999389648438 AB 5.017844894472145 1.0980567633835867
60225.0411 lsst_hardware_i -89.99838351029669 106.47000122070312 31.329999923706055 AB 5.094738766948523 1.1085761338080138
60434.4184 lsst_hardware_i -2.680830053379345 32.439998626708984 31.260000228881836 AB 5.865753817594663 1.085697805301867
60434.4294 lsst_hardware_z -5.459624775359871 68.7699966430664 30.989999771118164 AB 6.030485086678004 1.0855958751895598
60442.3718 lsst_hardware_r -59.76565445137622 31.860000610351562 32.22999954223633 AB 6.750187752376362 1.0967444254237022
60442.3867 lsst_hardware_y -31.17461718470125 66.86000061035156 30.780000686645508 AB 7.186322271169068 1.088287067819681
60446.4118 lsst_hardware_u -1.8381778738265502 2.640000104904175 28.350000381469727 AB 7.9414864285420395 1.0902769474127298
60446.4255 lsst_hardware_y 14.657500395104439 50.91999816894531 30.030000686645508 AB 7.365975348423709 1.0993993057348819
60451.291 lsst_hardware_r 69.30339244704253 68.66000366210938 31.610000610351562 AB 5.110566755672632 1.1824997313653847
60451.3034 lsst_hardware_i 40.2089247797136 55.91999816894531 31.299999237060547 AB 4.9316590570363115 1.1555641865236088
60461.3305 lsst_hardware_y -41.5149618908231 47.97999954223633 30.030000686645508 AB 7.491335306370248 1.0901773426684485
60461.3453 lsst_hardware_g -23.614692392032662 24.469999313354492 31.600000381469727 AB 7.245477025307813 1.0856138084342803
60463.326 lsst_hardware_r 3.761409921892557 22.8799991607666 31.479999542236328 AB 10.250438904224124 1.0897186949688653
60463.3385 lsst_hardware_i -4.04862176316362 30.709999084472656 31.239999771118164 AB 11.496708036071526 1.0858072410462807
60467.3309 lsst_hardware_u -1.8062720547180497 2.5299999713897705 28.299999237060547 AB 3.547656390001475 1.085408104635605
60467.343 lsst_hardware_r -33.5935808191568 22.399999618530273 31.469999313354492 AB 2.6616842022577565 1.086216984427583
60483.304 lsst_hardware_z -145.35785674639834 82.58000183105469 30.989999771118164 AB 2.905401017027717 1.087486344489476
60483.3166 lsst_hardware_i -39.83849072639822 96.83999633789062 31.329999923706055 AB 2.879010128004769 1.0935718389483802
60484.3083 lsst_hardware_z -207.40825599973624 84.91000366210938 30.989999771118164 AB 3.7180752310586227 1.0903979366709877
60484.3214 lsst_hardware_r 50.857146657841106 125.2300033569336 31.649999618530273 AB 3.798489891870958 1.0991000844534022
60486.2855 lsst_hardware_r 54.87057929405811 82.58000183105469 31.639999389648438 AB 6.276605642037064 1.0854015203903098
60486.2979 lsst_hardware_y -75.80081201629906 54.150001525878906 30.040000915527344 AB 6.022604312382769 1.0882257987802593
60491.103 lsst_hardware_g 12.069018395981233 14.010000228881836 31.280000686645508 AB 12.921913478521429 1.506811537900427
60491.1114 lsst_hardware_r -30.827406814859298 24.1299991607666 31.43000030517578 AB 12.35908665500667 1.4556085099332607
60492.2409 lsst_hardware_z -43.81475674831883 42.099998474121094 30.950000762939453 AB 9.085368755005144 1.0929219092783153
60492.2529 lsst_hardware_r 13.304594616025772 22.920000076293945 31.489999771118164 AB 8.938892556808629 1.0873462816188906
60494.2337 lsst_hardware_u -1.6800269804243537 2.7300000190734863 28.440000534057617 AB 7.9431821616047715 1.094026879912509
60494.2456 lsst_hardware_g 25.193212822046636 13.979999542236328 31.40999984741211 AB 7.889061456843813 1.0879713319939983
60496.2345 lsst_hardware_r 6.868617278472943 22.899999618530273 31.479999542236328 AB 4.746895292603952 1.0904047379641544
60496.247 lsst_hardware_z -12.516855976785209 41.66999816894531 30.940000534057617 AB 4.7279914213316365 1.0860623479322289
60498.3169 lsst_hardware_u 3.1428747228971403 2.609999895095825 28.34000015258789 AB 1.4906665091323614 1.1422731870746519
60498.328 lsst_hardware_g -5.259051560155888 14.010000228881836 31.389999389648438 AB 1.5198044755568179 1.1636351500467388
60500.2176 lsst_hardware_u 1.8604957409581866 2.740000009536743 28.450000762939453 AB 10.581129579098615 1.0938452356063117
60500.2291 lsst_hardware_g 15.35330337703419 14.09000015258789 31.420000076293945 AB 10.48049947939059 1.0880164176818843
60502.214 lsst_hardware_r -29.289065923803594 23.020000457763672 31.489999771118164 AB 7.778155936990765 1.092680620033533
60502.2262 lsst_hardware_i 16.9211456311661 31.040000915527344 31.25 AB 7.762976630241722 1.0871628083944582
60507.2162 lsst_hardware_z -58.225167337679395 66.93000030517578 31.700000762939453 AB 1.8887604265563258 1.0862228083329777
60509.2021 lsst_hardware_r -38.548450711316576 73.37000274658203 31.639999389648438 AB 3.471389366925615 1.0889779207671915
60509.2142 lsst_hardware_z -30.542634266442185 57.86000061035156 30.969999313354492 AB 2.74139753152081 1.0856303339135938
60512.2082 lsst_hardware_z 75.32447111601539 79.94000244140625 30.989999771118164 AB 5.906056895036782 1.0854061924228342
60512.2203 lsst_hardware_r -20.52334031701541 125.79000091552734 31.639999389648438 AB 5.455471030534117 1.0862603475601806
60515.2119 lsst_hardware_i -30.027747277918817 59.790000915527344 31.309999465942383 AB 5.88077727905667 1.086216712053319
60515.2229 lsst_hardware_z -17.994527897038402 57.040000915527344 30.969999313354492 AB 5.9423049486492 1.090031174658204
60517.1877 lsst_hardware_z -98.54610975908783 46.290000915527344 30.950000762939453 AB 3.4958121188321503 1.0864994930325254
60517.1992 lsst_hardware_r 0.5501994653460862 42.279998779296875 31.600000381469727 AB 3.3011711778555664 1.0853165516233787
60518.1901 lsst_hardware_u -5.10677313892981 3.799999952316284 28.639999389648438 AB 3.4792695109355254 1.0855755104323013
60518.202 lsst_hardware_g 43.42789776188232 24.739999771118164 31.59000015258789 AB 3.454941555376375 1.0858904836175092
60526.1878 lsst_hardware_g -1.1297474690658516 13.890000343322754 31.399999618530273 AB 1.7352164828533776 1.0879100205974466
60530.0471 lsst_hardware_i 36.739499244272864 32.54999923706055 31.219999313354492 AB 4.976125717627649 1.2643131190245986
60530.055 lsst_hardware_z 13.884168867028059 44.130001068115234 30.93000030517578 AB 4.709579014295593 1.2382766908752654
60532.1332 lsst_hardware_i -37.98296169401145 30.8799991607666 31.25 AB 8.97073040397377 1.0920382734913696
60532.1442 lsst_hardware_u -0.36211836126361135 2.700000047683716 28.43000030517578 AB 8.942777068408143 1.087201637396893
60534.1347 lsst_hardware_g 20.567279659200018 23.690000534057617 31.59000015258789 AB 3.676311733951623 1.0886324352832761
60534.1458 lsst_hardware_r 3.6218027505116894 28.950000762939453 31.549999237060547 AB 3.659212735117993 1.0856587257433594
60536.1364 lsst_hardware_i -21.886425832110078 43.70000076293945 31.299999237060547 AB 3.6045784356646133 1.0863708365475024
60536.148 lsst_hardware_r -132.98880218856667 46.380001068115234 31.6200008392334 AB 3.6714816493366724 1.0853541199724108
60538.1331 lsst_hardware_z -112.54053496190959 87.30999755859375 31.729999542236328 AB 4.56345871960703 1.0859344934418254
60540.1274 lsst_hardware_r 26.220431272286156 107.6500015258789 31.649999618530273 AB 1.9897833920067642 1.0859781099777672
60540.1384 lsst_hardware_i -5.348537418440388 84.30000305175781 31.329999923706055 AB 2.0240870550452583 1.0854468722589736
60542.1308 lsst_hardware_z 126.92156980584276 71.6500015258789 30.989999771118164 AB 1.9450767668770776 1.085321361597923
60542.1412 lsst_hardware_r 111.96794657065995 106.87000274658203 31.649999618530273 AB 1.9143525866893538 1.086979797495611
60544.1359 lsst_hardware_z 36.93850700985714 74.20999908447266 31.719999313354492 AB 2.3672734140375 1.0870271675066008
60545.1084 lsst_hardware_g 13.995531733740165 37.709999084472656 31.670000076293945 AB 3.037646520599545 1.0873007680000386
60545.1216 lsst_hardware_r -8.701345346118167 45.540000915527344 31.610000610351562 AB 3.110293616416178 1.0853016399242261
60547.0336 lsst_hardware_r 17.718984811488493 22.90999984741211 31.479999542236328 AB 2.5839525542351964 1.1717277198663172
60548.1111 lsst_hardware_u 0.7541188615025397 2.7699999809265137 28.510000228881836 AB 1.5284398365357743 1.0853469458801877
60548.1227 lsst_hardware_g -20.25358480312197 13.770000457763672 31.420000076293945 AB 1.5500660156708368 1.0864314110186346
60554.1099 lsst_hardware_z -13.452114478507609 41.68000030517578 30.950000762939453 AB 3.1648742270023504 1.0874299419907862
60554.1203 lsst_hardware_r -7.796523425600651 22.520000457763672 31.489999771118164 AB 3.195409555950697 1.092105456164973
60556.0576 lsst_hardware_z 64.93154839617826 41.79999923706055 30.940000534057617 AB 1.673585466106457 1.0991147982310356
60556.0705 lsst_hardware_i -47.05919052911653 30.649999618530273 31.25 AB 1.716838189553655 1.0905175881136915
60560.0575 lsst_hardware_r 37.53171487130692 22.700000762939453 31.489999771118164 AB 2.507820988931023 1.0916226011017223
60560.0695 lsst_hardware_i 11.701527049162285 30.760000228881836 31.25 AB 2.450906984092152 1.0867160733485748
60567.1001 lsst_hardware_z -34.59668656500202 86.58999633789062 31.729999542236328 AB 1.1436454994891758 1.1039049222870698
60572.0459 lsst_hardware_z -23.660592263106228 57.15999984741211 30.979999542236328 AB 6.031786459029165 1.0853416930326882
60572.0574 lsst_hardware_i -33.16089864133226 60.880001068115234 31.31999969482422 AB 6.060293777964146 1.0864960309494793
60575.0439 lsst_hardware_u 0.1983860383866819 2.6500000953674316 28.399999618530273 AB 1.461170573146586 1.0855650617732622
60575.0551 lsst_hardware_g -6.6093148609520025 13.65999984741211 31.399999618530273 AB 1.4837633096887142 1.088334945981942
60579.0206 lsst_hardware_g -15.09290485730295 13.680000305175781 31.389999389648438 AB 3.3932704178420607 1.0860492629052017
60579.0321 lsst_hardware_r -2.4512224114517074 22.579999923706055 31.479999542236328 AB 3.3786401126046766 1.0854778011634887
60581.0492 lsst_hardware_z 13.709024693148683 41.849998474121094 30.940000534057617 AB 3.690390662981068 1.0937191394362602
60581.0617 lsst_hardware_u 0.40561862158697704 2.5899999141693115 28.34000015258789 AB 3.7242172948032928 1.1037443205147168
60583.0301 lsst_hardware_r 12.594379936977813 22.799999237060547 31.489999771118164 AB 6.6122766270376845 1.0872474585427818
60583.0414 lsst_hardware_g 7.553751201718586 13.880000114440918 31.399999618530273 AB 6.632705697606935 1.0922828727463987
60585.0308 lsst_hardware_r 25.85060710801377 22.850000381469727 31.5 AB 2.100120230239175 1.0896036474936042
60585.0421 lsst_hardware_i -18.52879525339293 30.979999542236328 31.25 AB 3.201933494675636 1.0963648329654634
60587.0332 lsst_hardware_z -133.61908911476638 41.880001068115234 30.950000762939453 AB 3.0018544709850397 1.0939702882599778
60587.0462 lsst_hardware_i 33.38334321193276 31.049999237060547 31.25 AB 3.1365327986335463 1.104607430404489
60589.0275 lsst_hardware_u -0.24685344809227217 2.640000104904175 28.3700008392334 AB 4.26369289640999 1.0938155198589574
60589.0391 lsst_hardware_g -7.553518163651917 14.050000190734863 31.399999618530273 AB 4.2859997763647355 1.1030281658311922
60591.0306 lsst_hardware_r 11.15069339417737 24.760000228881836 31.510000228881836 AB 4.246542615715008 1.1002830977365785
60591.0419 lsst_hardware_i 31.32996848460927 32.029998779296875 31.25 AB 3.3573680733171245 1.1117112825553392
