data/validation/pwv_sim_epoch_fit_seasonal/46074193.ecsv
# %ECSV 0.9
# ---
# datatype:
# - {name: time, datatype: float64}
# - {name: band, datatype: string}
# - {name: flux, datatype: float64}
# - {name: fluxerr, datatype: float64}
# - {name: zp, datatype: float64}
# - {name: zpsys, datatype: string}
# - {name: pwv, datatype: float64}
# - {name: airmass, datatype: float64}
# meta: {SNID: '46074193', alt: 1024.0, c: 0.014329111203551292, dec: -32.089951, lat: -30.244573, lon: -70.7499537, ra: 177.714844, t0: 60726.7109375,
#   x0: 4.564633793390342e-06, x1: -0.7349424958229065, z: 0.6369916796684265}
# schema: astropy-2.0
time band flux fluxerr zp zpsys pwv airmass
60673.2665 lsst_hardware_g 18.445455185707644 14.390000343322754 31.309999465942383 AB 12.580316772599177 1.4460134221378367
60673.289 lsst_hardware_i -1.3440307499535071 32.91999816894531 31.219999313354492 AB 11.276514642240407 1.2961511083034951
60675.2638 lsst_hardware_z 59.403832160216716 46.81999969482422 30.90999984741211 AB 10.01193434007112 1.424793423887877
60675.2867 lsst_hardware_r -12.064525972796096 24.360000610351562 31.469999313354492 AB 8.989895055078744 1.278818616001066
60677.2683 lsst_hardware_u 3.9103862345567055 2.490000009536743 28.15999984741211 AB 6.52608165357593 1.3551771967002
60677.2901 lsst_hardware_g -17.989604162321704 14.239999771118164 31.3700008392334 AB 6.0183321016923035 1.2342764769672487
60679.2639 lsst_hardware_r -0.6565424712722518 24.350000381469727 31.440000534057617 AB 3.757426290378824 1.3483587166431186
60679.2883 lsst_hardware_i -23.488720427856883 32.290000915527344 31.219999313354492 AB 3.1960155068006824 1.217491066366407
60681.268 lsst_hardware_z 9.626582777694889 44.709999084472656 30.93000030517578 AB 9.74192185729891 1.2914611388376815
60681.2894 lsst_hardware_r 10.21473454674569 23.579999923706055 31.479999542236328 AB 8.986784168755605 1.1895672655430118
60683.2649 lsst_hardware_u -0.3844531173655567 2.5999999046325684 28.270000457763672 AB 11.379542050953926 1.2786002304442614
60683.2886 lsst_hardware_r -40.277230544907184 23.34000015258789 31.469999313354492 AB 10.424641499426011 1.1713080336433719
60685.3007 lsst_hardware_i 39.626176650220344 31.239999771118164 31.25 AB 7.983615207493806 1.1129575103383558
60685.3182 lsst_hardware_u 4.993622028678456 2.740000009536743 28.469999313354492 AB 7.667595050230534 1.0690020053300318
60687.2937 lsst_hardware_g -89.65529179697677 59.630001068115234 31.690000534057617 AB 7.619248598928674 1.1174649619548265
60687.3115 lsst_hardware_r -22.54781509319373 51.84000015258789 31.6200008392334 AB 7.319359488372248 1.0717008377723043
60689.2955 lsst_hardware_i -21.47023008548784 64.30000305175781 31.31999969482422 AB 9.159776489635366 1.0971544146333185
60689.3149 lsst_hardware_r -12.949838630411243 79.77999877929688 31.649999618530273 AB 8.760510800770321 1.0537058937659756
60691.3048 lsst_hardware_z -77.42439915635201 82.91000366210938 31.739999771118164 AB 6.064628067965587 1.0627579195593664
60693.3057 lsst_hardware_r -38.32616314317111 70.94000244140625 31.649999618530273 AB 7.625951266751028 1.050551214595816
60693.3236 lsst_hardware_i 41.90373737027954 59.900001525878906 31.329999923706055 AB 7.465601286289385 1.0238421896375198
60698.2205 lsst_hardware_i 39.9670241963643 34.66036373258193 31.219999313354492 AB 11.895749809422727 1.297541223588349
60698.2378 lsst_hardware_z 50.30797469014273 44.92595874734934 30.93000030517578 AB 10.986129473817154 1.211427095665572
60700.2244 lsst_hardware_r -16.826632376210682 23.823655601370824 31.469999313354492 AB 10.740893051244054 1.2482637000748487
60700.2431 lsst_hardware_u 0.12876376973559714 2.9511017296137667 28.40999984741211 AB 10.071123059179117 1.167880835227235
60704.2095 lsst_hardware_i 160.11188035157525 34.13875403826338 31.219999313354492 AB 13.46611349853459 1.268393736125707
60704.2276 lsst_hardware_z 87.39419583402756 44.618457105188234 30.940000534057617 AB 12.561134560221145 1.1855719264012405
60706.2341 lsst_hardware_g 33.77304729989049 15.516432963211155 31.399999618530273 AB 12.051299773467075 1.1417982352324794
60706.2518 lsst_hardware_r 198.2577171571486 26.999084205524813 31.489999771118164 AB 12.56186407442 1.0901635790492858
60708.213 lsst_hardware_r 344.05039352893846 29.72181393792802 31.479999542236328 AB 12.550398778136277 1.2006791301941007
60708.2316 lsst_hardware_i 242.63328359028498 36.02485999977964 31.25 AB 11.827941234180617 1.1321312499814042
60710.214 lsst_hardware_z 435.122606085642 46.877695779862385 30.940000534057617 AB 8.869755411570761 1.1746853506699018
60710.2323 lsst_hardware_i 524.8138051729744 37.675926756004294 31.25 AB 8.419959343792938 1.1133830537246803
60712.2309 lsst_hardware_g 224.28545197794722 19.077809747134495 31.40999984741211 AB 4.7868586773164274 1.101989489463936
60712.2506 lsst_hardware_r 732.221149212098 34.85594501056434 31.5 AB 3.9124385089486324 1.056559143653425
60717.2239 lsst_hardware_z 1690.1466079169859 91.55039250909437 31.729999542236328 AB 4.04373570468288 1.084887060816369
60719.2314 lsst_hardware_r 1585.290046160477 108.38636095931948 31.65999984741211 AB 5.292102619376653 1.0567297562652953
60719.2507 lsst_hardware_i 1266.4072396117824 85.54995224234052 31.34000015258789 AB 5.4524864382109435 1.0261894174801023
60721.2181 lsst_hardware_z 996.1299129050182 76.23218309810326 30.989999771118164 AB 3.55234845734732 1.0729739356179702
60721.2386 lsst_hardware_r 1874.6382440078003 104.18815811915762 31.65999984741211 AB 3.228691740835501 1.0352518607888994
60723.2295 lsst_hardware_z 2119.2034543646737 95.68641635025537 31.739999771118164 AB 4.827460263170661 1.0408495608388662
60725.2175 lsst_hardware_r 3303.2071680190484 88.61924369050134 32.380001068115234 AB 2.7357326209476063 1.0520699734447916
60725.2377 lsst_hardware_z 2154.487507470678 81.14797996771118 31.719999313354492 AB 2.665970702534971 1.0221300498552455
60728.2209 lsst_hardware_r 1441.8658404389848 44.99091505957484 31.520000457763672 AB 8.368942008358431 1.0332027170812879
60728.2412 lsst_hardware_y 478.6388610085183 50.48422906460948 30.059999465942383 AB 8.18811180140556 1.010878000173526
60730.12 lsst_hardware_r 1205.8400155649674 42.874150042126786 31.440000534057617 AB 10.628666771492943 1.3791522627369734
60730.1406 lsst_hardware_i 1373.94465131549 47.894873848133614 31.219999313354492 AB 11.81313888242653 1.2576980852892181
60732.1134 lsst_hardware_z 988.3144418008391 55.05645161161325 30.90999984741211 AB 7.935899356148755 1.3870110586199196
60732.1335 lsst_hardware_r 1093.8778502470188 41.631943917420095 31.450000762939453 AB 6.797573046849649 1.2660780493294188
60737.1139 lsst_hardware_i 988.0637633868763 45.58008379227781 31.219999313354492 AB 7.451810730603739 1.2982248659588396
60737.1345 lsst_hardware_z 881.5582501879392 52.33732814585343 30.93000030517578 AB 6.001173349827706 1.1978389919815782
60741.1076 lsst_hardware_g 50.99717462273674 28.246283418603614 31.530000686645508 AB 9.264126869328788 1.273011204103443
60741.1288 lsst_hardware_r 761.0725983524127 40.26047279861187 31.520000457763672 AB 10.060120093346287 1.1768516389174832
60743.1041 lsst_hardware_i 786.2180427222869 52.254727683560596 31.260000228881836 AB 12.97607541072262 1.2628169345260687
60743.123 lsst_hardware_z 867.3314056133099 55.28775112422393 30.940000534057617 AB 12.114797083347886 1.1781670354086011
60750.1017 lsst_hardware_r 372.66499063101406 119.93977832246902 31.6200008392334 AB 8.814614418685572 1.1868071384807088
60750.1236 lsst_hardware_z 725.018902306266 84.17277216013765 30.989999771118164 AB 7.934317757300864 1.1119108373052922
60752.0912 lsst_hardware_r 296.8640464627499 78.38645828551181 31.6200008392334 AB 9.69292238343823 1.2078031691770637
60752.1068 lsst_hardware_i 510.8904574694885 68.66639637054564 31.309999465942383 AB 9.247481483322353 1.1475793731048745
60754.0887 lsst_hardware_z 617.4473749165139 52.5628411868184 30.950000762939453 AB 6.0474173667090705 1.1952795678109507
60754.1061 lsst_hardware_i 505.750413561965 46.52489207249706 31.290000915527344 AB 5.866412918101051 1.1318384329985394
60756.0923 lsst_hardware_u 0.8625871367499609 2.9667519996074447 28.459999084472656 AB 6.049200622768554 1.1601842391194006
60756.1098 lsst_hardware_g 49.461397362130405 15.95382463047928 31.43000030517578 AB 5.765481113985739 1.1046393755241768
60758.0908 lsst_hardware_r 212.06770362942981 27.40102506585155 31.5 AB 6.299248023238457 1.146273049948616
60758.1084 lsst_hardware_i 346.231024203627 36.584908728337105 31.260000228881836 AB 5.99266939469597 1.093802307952716
60760.0782 lsst_hardware_z 483.27474234914644 47.598575940335984 30.940000534057617 AB 8.20411972032609 1.1719612952229719
60760.0953 lsst_hardware_u -0.22773665016186903 2.9728605827088637 28.510000228881836 AB 9.058756116681732 1.1147980576568877
60762.0809 lsst_hardware_g -8.547329361857942 15.241210224792484 31.420000076293945 AB 8.124959863295764 1.14281800808237
60762.0987 lsst_hardware_r 173.91318895746934 26.334519680145927 31.510000228881836 AB 8.876148974682957 1.090681640994042
60764.0768 lsst_hardware_i 338.64170872119877 35.18641977646172 31.25 AB 5.682957276158805 1.1382989035871416
60764.0952 lsst_hardware_z 354.9278055936342 45.828165176087076 30.950000762939453 AB 6.440630838357385 1.085804580785192
60767.0787 lsst_hardware_i 204.82212454856904 34.55151245481063 31.25 AB 9.63938476333695 1.1076039369947348
60767.0965 lsst_hardware_u 3.9707080651652356 3.0027310945301466 28.479999542236328 AB 9.202845507299484 1.0644049858084066
60769.0735 lsst_hardware_g 9.36858063894714 18.725855552715423 31.489999771118164 AB 5.423680673389719 1.1068736068141818
60769.0916 lsst_hardware_r 88.1696063147239 27.08258276133609 31.510000228881836 AB 6.379506170215844 1.0632510283693073
60771.0727 lsst_hardware_i 195.62020509005657 40.16434930196309 31.280000686645508 AB 8.635460984903963 1.094331490383107
60771.0908 lsst_hardware_r 177.67521946943862 37.78795042498157 31.59000015258789 AB 9.794515734755931 1.0541182853548985
60773.0789 lsst_hardware_z 529.1668985275784 75.0621266032577 31.719999313354492 AB 8.061173446988278 1.0669513959659769
60778.0849 lsst_hardware_r 28.470001393367674 126.39407157246434 31.65999984741211 AB 7.427327225116615 1.0324694665671028
60778.1021 lsst_hardware_z 211.21027093683108 85.3832523144331 31.0 AB 7.303988417767465 1.0130007167251436
60780.0696 lsst_hardware_z 494.36045223022677 93.63275315515666 31.739999771118164 AB 11.423261446624972 1.0480056373050433
60782.0799 lsst_hardware_z 258.6961824206316 51.82870204436339 30.979999542236328 AB 14.970877205830307 1.0246948538393215
60782.0995 lsst_hardware_r 81.04228258829329 57.209131776811375 31.649999618530273 AB 14.343498930556349 1.006891070565075
60793.9919 lsst_hardware_y 120.13471587185892 68.85025005443485 30.760000228881836 AB 12.327418814879422 1.1483389673851347
60794.0327 lsst_hardware_i 176.71760677050182 44.98302652640311 31.989999771118164 AB 8.968303743967585 1.0457138894000975
60796.9733 lsst_hardware_y 67.40268618240611 51.156560658133735 30.0 AB 11.118222143732668 1.1870832952949153
60796.9916 lsst_hardware_g 10.404841549996876 16.361298167891974 31.440000534057617 AB 10.4806961760858 1.122771337246729
60799.9724 lsst_hardware_y 111.8303566948573 50.3878571120291 30.0 AB 12.020645977958836 1.1593148622503828
60799.9921 lsst_hardware_i 129.00156829794363 38.49234037780167 31.270000457763672 AB 11.375972854371264 1.0980403807216297
60801.9809 lsst_hardware_z 321.6432224360475 77.73318103151138 31.719999313354492 AB 4.645119309980408 1.1139820080691654
60803.9684 lsst_hardware_y 74.57475745485945 58.177773939273784 30.040000915527344 AB 9.97946849225614 1.1356221020660935
60803.9876 lsst_hardware_r 58.96250730379435 86.64058342582028 31.649999618530273 AB 9.490404041065753 1.081897405502252
60805.9674 lsst_hardware_y 64.35290610589686 61.394578638752854 30.040000915527344 AB 8.423551955656604 1.1216322884552907
60805.9851 lsst_hardware_z 125.22225221269858 74.79494642603025 30.989999771118164 AB 8.082787419526186 1.0750293606392265
60807.9675 lsst_hardware_y -10.563877534542105 59.27291279070559 30.030000686645508 AB 8.622247665901032 1.1055108555305342
60807.9857 lsst_hardware_z 133.31263747211102 68.95820026522954 30.989999771118164 AB 8.254261539345263 1.0620511501988243
60809.9668 lsst_hardware_y 15.584085044747113 49.810001373291016 30.030000686645508 AB 7.148081657036211 1.092811750043791
60809.9873 lsst_hardware_r -30.193812063950087 49.290000915527344 31.6299991607666 AB 6.832509584722264 1.0486815079385445
60811.9646 lsst_hardware_y -79.3575297001019 49.400001525878906 30.040000915527344 AB 11.3204769370842 1.0846745334595569
60811.9838 lsst_hardware_r -3.241773408336941 22.399999618530273 31.5 AB 10.902368692126199 1.045289423981419
60813.965 lsst_hardware_z -14.336855297862451 43.2599983215332 30.950000762939453 AB 10.382630047498226 1.071147224543302
60813.986 lsst_hardware_g -3.1641140535619043 13.75 31.440000534057617 AB 9.932828005037253 1.0333241097568016
60817.9615 lsst_hardware_y -15.960383322534796 50.619998931884766 30.049999237060547 AB 2.0004862357326143 1.055944172991961
60817.9812 lsst_hardware_i -9.117057560099992 30.09000015258789 31.25 AB 1.9247847983699264 1.0251849791584162
60822.9635 lsst_hardware_y 60.87297985653534 48.34000015258789 30.049999237060547 AB 6.631309601336685 1.0304264783368324
60822.9835 lsst_hardware_g 17.963306884109468 13.579999923706055 31.420000076293945 AB 6.496281244780287 1.0096015610817137
61042.269 lsst_hardware_r -69.17249331723258 75.80999755859375 31.56999969482422 AB 6.598124207930423 1.3551292273424573
61042.2905 lsst_hardware_z -96.06506699764688 56.54999923706055 30.950000762939453 AB 5.961246224991862 1.235662176119366
61043.2652 lsst_hardware_r -19.623064394247333 82.2699966430664 31.579999923706055 AB 5.968121630498496 1.3621183682525382
61043.2885 lsst_hardware_i 65.48110276146875 62.68000030517578 31.290000915527344 AB 5.392638354270524 1.232227516399693
61045.2653 lsst_hardware_z -52.51256965671269 61.7599983215332 30.940000534057617 AB 13.797435145929162 1.326974174904225
61045.2884 lsst_hardware_i -24.46893409965264 62.08000183105469 31.290000915527344 AB 12.580767083460742 1.2081015732653309
61048.2789 lsst_hardware_z 82.42126152178751 80.66000366210938 31.709999084472656 AB 10.803024988815718 1.2138230324512043
61058.2952 lsst_hardware_i 10.858272197621757 30.559999465942383 31.229999542236328 AB 7.807876044192761 1.0730631910933188
61058.3129 lsst_hardware_z -62.61678306382809 40.90999984741211 30.940000534057617 AB 7.537490693497609 1.0395821934346086
61060.2972 lsst_hardware_r 1.910862314230675 22.649999618530273 31.489999771118164 AB 11.58835441671546 1.0575406710616941
61060.3159 lsst_hardware_u 0.32911865450369376 2.630000114440918 28.399999618530273 AB 11.047123392969116 1.0274880499432664
61062.2975 lsst_hardware_g -2.349831541800587 13.829999923706055 31.420000076293945 AB 9.942100748437246 1.0469777536265046
61062.3157 lsst_hardware_i 96.82934364948692 30.139999389648438 31.25 AB 9.613186273213028 1.021158516381248
61064.2202 lsst_hardware_u 3.03944140333283 2.5199999809265137 28.229999542236328 AB 13.01402806354622 1.2878800656651284
61064.2379 lsst_hardware_g 7.059335649949395 13.699999809265137 31.360000610351562 AB 12.024647506002673 1.2022243057391195
61066.2222 lsst_hardware_r -8.048957257952422 23.579999923706055 31.450000762939453 AB 17.708020618679463 1.2490668419749922
61066.2401 lsst_hardware_i -21.2232191561805 31.6200008392334 31.219999313354492 AB 16.501835808622506 1.1715061627589456
61068.2245 lsst_hardware_z -36.33938626959475 43.900001525878906 30.93000030517578 AB 12.2392964104015 1.2129323873944404
61068.2434 lsst_hardware_g 5.102408344214162 13.90999984741211 31.3799991607666 AB 11.50415108861267 1.1404174492230779
61070.2329 lsst_hardware_r 14.79573508394551 54.45000076293945 31.610000610351562 AB 14.2000361068524 1.1578004109517095
61070.2522 lsst_hardware_i 97.57266240071033 45.040000915527344 31.290000915527344 AB 13.711071397132999 1.097983695466106
61073.209 lsst_hardware_i 21.080336052524903 75.43000030517578 31.299999237060547 AB 12.666329681378905 1.2211747384973275
61073.2275 lsst_hardware_z 73.03631263608506 65.80999755859375 30.979999542236328 AB 12.046085049539055 1.1480115362183412
61077.2321 lsst_hardware_r -6.181155576714024 77.58999633789062 31.639999389648438 AB 4.76038659045748 1.1006250064639083
61077.252 lsst_hardware_z 26.505282296269865 60.720001220703125 30.979999542236328 AB 3.9211880500935905 1.055217451586048
61081.2084 lsst_hardware_u 3.771599026974225 3.740000009536743 28.6200008392334 AB 4.945196489966075 1.138790210700305
