data/validation/pwv_sim_epoch_fit_seasonal/4614413.ecsv
# %ECSV 0.9
# ---
# datatype:
# - {name: time, datatype: float64}
# - {name: band, datatype: string}
# - {name: flux, datatype: float64}
# - {name: fluxerr, datatype: float64}
# - {name: zp, datatype: float64}
# - {name: zpsys, datatype: string}
# - {name: pwv, datatype: float64}
# - {name: airmass, datatype: float64}
# meta: {SNID: '4614413', alt: 1024.0, c: 0.03475352004170418, dec: -6.880079, lat: -30.244573, lon: -70.7499537, ra: 94.746094, t0: 61346.58984375,
#   x0: 1.614181303279243e-05, x1: 1.0978080034255981, z: 0.37601110339164734}
# schema: astropy-2.0
time band flux fluxerr zp zpsys pwv airmass
[from data line 133]
61759.2322 lsst_hardware_g 13.082232709740676 26.06999969482422 31.600000381469727 AB 5.468051596929255 1.095472622844619
61762.2043 lsst_hardware_r 28.77785109789582 23.149999618530273 31.489999771118164 AB 6.321580970346555 1.0893173601596613
61762.225 lsst_hardware_i -14.700907923007323 31.079999923706055 31.239999771118164 AB 7.454162987306749 1.0962004393098161
61763.2492 lsst_hardware_z 44.15517632618642 43.040000915527344 30.940000534057617 AB 7.856490680477051 1.1323311093649364
61763.2616 lsst_hardware_i 47.118312098188795 32.09000015258789 31.239999771118164 AB 6.428105312182282 1.1604823792114847
61767.1821 lsst_hardware_g -4.594598782439294 14.239999771118164 31.420000076293945 AB 6.617920569175193 1.091540744005255
61767.2017 lsst_hardware_r 7.781688953280873 23.18000030517578 31.489999771118164 AB 6.6821738345162585 1.090818745941982
61769.1764 lsst_hardware_i 39.50388769044472 31.1299991607666 31.25 AB 10.152298962379575 1.0916450497182337
61769.1956 lsst_hardware_z -55.67915989820878 42.040000915527344 30.950000762939453 AB 10.142544823273843 1.090596217556327
61771.1816 lsst_hardware_r -20.876424385121364 23.18000030517578 31.489999771118164 AB 7.623837776764172 1.0892208243285693
61771.1994 lsst_hardware_g -10.247216816737852 14.220000267028809 31.420000076293945 AB 7.666819410486234 1.0954414460805266
61773.1746 lsst_hardware_r 11.960154424378775 23.149999618530273 31.479999542236328 AB 4.125216256516387 1.089285841747093
61773.195 lsst_hardware_i -18.817782690553752 31.139999389648438 31.239999771118164 AB 4.164179808488886 1.0962214308061302
61777.1615 lsst_hardware_z 38.76590840593787 46.83000183105469 30.959999084472656 AB 8.678009602259044 1.089540639342825
61777.1823 lsst_hardware_g 29.02863000485512 32.84000015258789 31.649999618530273 AB 8.76405891347202 1.0949370844525146
61779.1279 lsst_hardware_y -45.343804944866456 52.880001068115234 30.030000686645508 AB 7.106661971650595 1.1104159330704055
61779.1488 lsst_hardware_r 34.98831883640746 72.12999725341797 31.639999389648438 AB 6.987353316087773 1.0917739556387145
61781.1354 lsst_hardware_i 78.08825835309095 92.0199966430664 31.329999923706055 AB 5.320584963072835 1.0966886453824252
61781.157 lsst_hardware_z -40.2483373821573 78.58999633789062 30.989999771118164 AB 5.301781551138365 1.0893325562232083
61784.1219 lsst_hardware_r 11.452987504788004 78.30000305175781 31.639999389648438 AB 7.426643015405348 1.1014400359015248
61784.141 lsst_hardware_g -66.95910934850329 82.02999877929688 31.709999084472656 AB 8.039646190984332 1.0898013497934165
61791.1147 lsst_hardware_r 9.35589812075063 22.969999313354492 31.479999542236328 AB 13.862738726828193 1.0924143992772393
61791.1346 lsst_hardware_i -22.631634947767203 30.979999542236328 31.239999771118164 AB 12.989309816217311 1.0902941166218374
61795.085 lsst_hardware_r -9.003204752299775 22.68000030517578 31.469999313354492 AB 8.977749959957572 1.109368559184147
61795.1049 lsst_hardware_g 4.142933364059035 13.670000076293945 31.3799991607666 AB 8.723008082469942 1.091865952389598
61797.0755 lsst_hardware_r -24.250890435855197 22.829999923706055 31.479999542236328 AB 12.71103541055815 1.1150031061893113
61797.0936 lsst_hardware_i -18.274035472906508 30.760000228881836 31.239999771118164 AB 12.574526002623303 1.0952783812748943
61799.0789 lsst_hardware_z 26.03885747068494 41.81999969482422 30.940000534057617 AB 14.027268519675534 1.1035824388709379
61799.0973 lsst_hardware_i -11.902182933673526 30.6299991607666 31.239999771118164 AB 12.495483306221306 1.0905466317176913
61801.0758 lsst_hardware_u -2.5770264375192387 2.7100000381469727 28.43000030517578 AB 9.933717302453951 1.1011159233446712
61801.0933 lsst_hardware_g 1.970769266707182 13.829999923706055 31.40999984741211 AB 9.697695053462855 1.0901083870388117
61803.0589 lsst_hardware_r 21.584574418551007 25.170000076293945 31.510000228881836 AB 7.472676144609129 1.115324797702855
61803.071 lsst_hardware_i 36.801606505105134 31.780000686645508 31.25 AB 7.373132102568567 1.1004674779953085
61805.0832 lsst_hardware_z 89.90044727026108 63.060001373291016 31.700000762939453 AB 10.542953608599293 1.089898719014407
61807.0635 lsst_hardware_z -8.198100417758265 52.029998779296875 30.959999084472656 AB 5.2156150833314285 1.0974081392898105
61807.0813 lsst_hardware_r 35.888000882291074 57.099998474121094 31.6299991607666 AB 5.189482190004979 1.089311962637485
61808.0653 lsst_hardware_i 27.48421512700788 61.02000045776367 31.31999969482422 AB 6.696978374896339 1.094113633561913
61808.0833 lsst_hardware_z 40.466049066840974 57.810001373291016 30.969999313354492 AB 6.825261315122003 1.0893257581957525
61814.0618 lsst_hardware_i 5.868367221084533 44.7400016784668 31.290000915527344 AB 2.705853224117472 1.0893494376961619
61814.0785 lsst_hardware_r -51.38222207449437 52.54999923706055 31.6200008392334 AB 2.720760828871106 1.0931872345293288
61818.0279 lsst_hardware_y 12.195246639641775 51.060001373291016 30.030000686645508 AB 1.5611400449488688 1.1026298139721364
61818.0443 lsst_hardware_r -5.768370591867866 22.979999542236328 31.489999771118164 AB 1.3203047232103597 1.0909355283704687
61828.0146 lsst_hardware_z 15.736719802608263 53.66999816894531 30.969999313354492 AB 8.666519679051618 1.091948175141162
61828.0331 lsst_hardware_g 8.03916010321738 13.989999771118164 31.40999984741211 AB 8.692039790680377 1.0901501634440633
61830.012 lsst_hardware_y 63.50240113053677 64.47000122070312 30.049999237060547 AB 5.5483482010715495 1.0907630801582338
61830.0297 lsst_hardware_i 49.94305286985593 30.920000076293945 31.239999771118164 AB 5.653107962004078 1.090807132079899
61832.011 lsst_hardware_y 87.69980897278543 63.16999816894531 30.049999237060547 AB 5.802009714399716 1.0895792890891485
61832.0282 lsst_hardware_r -33.44151528339012 24.059999465942383 31.5 AB 5.821865487196173 1.0925557651437832
61834.0104 lsst_hardware_y 56.72033500419484 60.5099983215332 30.040000915527344 AB 12.413684685334335 1.089206342487877
61834.0294 lsst_hardware_g 12.832988948756464 28.610000610351562 31.610000610351562 AB 12.582029256048605 1.0969511121228077
