data/validation/pwv_sim_epoch_fit_seasonal/4628523.ecsv
# %ECSV 0.9
# ---
# datatype:
# - {name: time, datatype: float64}
# - {name: band, datatype: string}
# - {name: flux, datatype: float64}
# - {name: fluxerr, datatype: float64}
# - {name: zp, datatype: float64}
# - {name: zpsys, datatype: string}
# - {name: pwv, datatype: float64}
# - {name: airmass, datatype: float64}
# meta: {SNID: '4628523', alt: 1024.0, c: -0.10731209814548492, dec: -37.732746, lat: -30.244573, lon: -70.7499537, ra: 209.179688, t0: 60825.67578125,
#   x0: 2.893427681002647e-06, x1: -1.0409162044525146, z: 0.7664849162101746}
# schema: astropy-2.0
time band flux fluxerr zp zpsys pwv airmass
60717.37 lsst_hardware_g -32.55345492284402 44.15999984741211 31.709999084472656 AB 4.550000951871134 1.0120108878717022
60717.3808 lsst_hardware_z -57.27788779022161 45.790000915527344 30.969999313354492 AB 3.9930572095946104 1.0091335112595465
60719.3886 lsst_hardware_i 38.01651487840085 70.4000015258789 31.34000015258789 AB 5.04372278828345 1.0100070664898022
60721.3206 lsst_hardware_i -23.37170441685211 66.18000030517578 31.329999923706055 AB 4.221433192279028 1.049563831085638
60721.3406 lsst_hardware_z -77.98854624552705 60.470001220703125 30.989999771118164 AB 4.126643798114166 1.0245531123118878
60721.3701 lsst_hardware_r 133.56636560560418 77.6500015258789 31.65999984741211 AB 4.078818501833852 1.0091089811563314
60721.3812 lsst_hardware_y 56.11831100730072 54.47999954223633 30.06999969482422 AB 2.9050564252178503 1.009576516148661
60728.3629 lsst_hardware_r -14.284233549673605 27.93000030517578 31.559999465942383 AB 9.441617826615792 1.0097447009909408
60728.3744 lsst_hardware_y -52.305841323679566 47.119998931884766 30.059999465942383 AB 9.51821578982386 1.0140864894336095
60730.3634 lsst_hardware_g -12.219206555189976 15.140000343322754 31.479999542236328 AB 10.224509436017481 1.0115347972481123
60730.3747 lsst_hardware_r 6.745325964163632 23.510000228881836 31.520000457763672 AB 10.19270100834558 1.0176588077223179
60732.2209 lsst_hardware_i -22.59165692338466 32.189998626708984 31.209999084472656 AB 6.964282098685588 1.2565236082427762
60732.2401 lsst_hardware_z -11.765536190408245 42.959999084472656 30.940000534057617 AB 6.515669057060222 1.1765382912712572
60734.3555 lsst_hardware_r -10.521981115076185 22.75 31.510000228881836 AB 4.8400142378058515 1.0128201386985827
60734.3666 lsst_hardware_u -8.502241343612138 2.7300000190734863 28.469999313354492 AB 4.869836326684508 1.0197542302763078
60737.3551 lsst_hardware_g 1.7101983983965383 14.020000457763672 31.43000030517578 AB 6.029314148322841 1.017319597579782
60737.3671 lsst_hardware_i -36.80374434283394 30.440000534057617 31.25 AB 6.111531961391642 1.0276663799212447
60739.2171 lsst_hardware_z -52.36877539624472 43.16999816894531 30.940000534057617 AB 12.9349480982563 1.1910359428425956
60739.2377 lsst_hardware_r -24.7584043836417 23.1200008392334 31.489999771118164 AB 12.21072048562809 1.1227990607690101
60739.2985 lsst_hardware_g 33.39406020852235 13.979999542236328 31.43000030517578 AB 9.906102851984256 1.0186224012323197
60739.3101 lsst_hardware_r 3.2345609876202985 22.670000076293945 31.510000228881836 AB 9.853667408758284 1.0119472212198704
60741.3419 lsst_hardware_r 10.677225677070304 22.6299991607666 31.5 AB 8.736099177363883 1.0158254857399864
60741.3539 lsst_hardware_u 0.8897926797185712 2.680000066757202 28.43000030517578 AB 8.818233447495132 1.0253759822668758
60743.3397 lsst_hardware_g -8.10712743966419 13.9399995803833 31.420000076293945 AB 6.940276462132304 1.018009015347633
60743.352 lsst_hardware_r 24.35624119779548 22.68000030517578 31.489999771118164 AB 7.167825161905484 1.0290221316800026
60750.2909 lsst_hardware_r 104.03479526166745 108.91999816894531 31.670000076293945 AB 7.59116198000104 1.0091163691552414
60750.3031 lsst_hardware_i 71.78828102166526 85.47000122070312 31.350000381469727 AB 7.754889926327532 1.0098060779765825
60752.2974 lsst_hardware_r 149.07766638286375 130.38999938964844 32.41999816894531 AB 6.142665269490703 1.0097531949847731
60752.3113 lsst_hardware_z -23.2678941442315 67.44000244140625 31.0 AB 6.168686451662447 1.0154773570558995
60754.1717 lsst_hardware_g 71.05281371633527 60.869998931884766 31.65999984741211 AB 6.255667289107057 1.2086299705246286
60754.1889 lsst_hardware_i -43.300947174113695 57.060001373291016 31.309999465942383 AB 5.923031334967012 1.1463931616065186
60756.2908 lsst_hardware_r 69.35022395290805 35.880001068115234 31.610000610351562 AB 5.34416325095286 1.0109554506413545
60756.3043 lsst_hardware_z 98.38507258460348 44.04999923706055 30.969999313354492 AB 5.889827967351142 1.0180766548292932
60758.1765 lsst_hardware_u 0.5015721792671882 2.8299999237060547 28.510000228881836 AB 6.850256134043788 1.1511584479340753
60758.1928 lsst_hardware_g -15.70581397777825 14.270000457763672 31.440000534057617 AB 6.602184525414374 1.104090392644222
60758.2873 lsst_hardware_r -6.306802034830567 24.950000762939453 31.540000915527344 AB 6.192613440561153 1.0116720843893257
60758.2992 lsst_hardware_y -37.03784632506681 47.099998474121094 30.059999465942383 AB 6.162641536391668 1.0183379019099423
60760.179 lsst_hardware_i 8.43530755316352 31.6299991607666 31.25 AB 8.297297462833006 1.1267123407717186
60760.1984 lsst_hardware_z 19.74012857108072 42.0 30.950000762939453 AB 7.932234102737615 1.0784085517962905
60760.2855 lsst_hardware_r 16.94822799079784 22.8700008392334 31.520000457763672 AB 7.194410602115146 1.0132972679035417
60760.2974 lsst_hardware_i -8.446873743336527 30.43000030517578 31.260000228881836 AB 6.47611591845823 1.021200933265424
60767.2405 lsst_hardware_u -3.444627591399234 2.819999933242798 28.549999237060547 AB 8.595445018725016 1.0097834494223972
60767.2525 lsst_hardware_g -11.951579935027546 14.289999961853027 31.459999084472656 AB 7.971961741859102 1.0091090812479875
60769.2346 lsst_hardware_r 9.782830198527284 22.639999389648438 31.489999771118164 AB 5.5543617551849875 1.0098839554881796
60769.2461 lsst_hardware_z -18.61101156405276 40.58000183105469 30.950000762939453 AB 5.549604205430145 1.0090189464418446
60771.1526 lsst_hardware_y 10.127986344336012 48.33000183105469 30.020000457763672 AB 12.96702088312731 1.1164991289071067
60771.1979 lsst_hardware_r 6.4980481376542665 38.58000183105469 32.290000915527344 AB 14.233836487382222 1.0309891704608303
60771.2364 lsst_hardware_u 4.337927695889647 2.740000009536743 28.489999771118164 AB 15.042231582491029 1.0089137620164863
60773.1528 lsst_hardware_i 69.89464893068451 44.880001068115234 31.290000915527344 AB 8.321616627208215 1.1016901604829832
60773.1978 lsst_hardware_z 92.19677740439089 66.91999816894531 31.719999313354492 AB 8.786470361390082 1.0253587896205483
60773.2359 lsst_hardware_r -11.68459305623229 45.93000030517578 31.639999389648438 AB 9.294698835263354 1.0090868347913748
60778.2208 lsst_hardware_r -16.85707408575673 135.55999755859375 31.670000076293945 AB 12.314355998602311 1.0089668233650901
60778.2324 lsst_hardware_z -121.0598733208068 88.54000091552734 31.010000228881836 AB 12.352243419889101 1.0115599969881817
60782.0884 lsst_hardware_z 10.550029106526486 63.2599983215332 30.959999084472656 AB 17.632955733645254 1.237994060331522
60782.1083 lsst_hardware_r 47.76033038459698 75.9800033569336 31.6299991607666 AB 16.483985421728587 1.1600407291942378
60784.2079 lsst_hardware_y 84.89607012048035 68.58000183105469 30.81999969482422 AB 9.087222825051422 1.0093549733479308
60795.1927 lsst_hardware_g -13.944805614655058 14.73812117642188 31.440000534057617 AB 11.203034940152877 1.0147753174603864
60795.2056 lsst_hardware_i 48.486851315407755 30.910549809355487 31.260000228881836 AB 11.204577776383351 1.0245512433351385
60797.1873 lsst_hardware_z -55.94658476957798 40.88707348692629 30.950000762939453 AB 7.989602491911127 1.0148104270178384
60806.0711 lsst_hardware_r 248.5588323945771 136.44442948906547 31.649999618530273 AB 8.233201080124816 1.082070127172639
60806.0907 lsst_hardware_i 190.49505770173099 108.17706696503478 31.34000015258789 AB 8.175440931430815 1.04625555815602
60808.0487 lsst_hardware_i 454.7854315903755 112.72731454036207 31.329999923706055 AB 8.214345791284728 1.1245467970499885
60808.1078 lsst_hardware_z 584.6655386208828 155.29038848666096 32.189998626708984 AB 6.557139567769751 1.0204208843516183
60823.0351 lsst_hardware_i 1066.046641474421 44.83551303727 31.25 AB 7.476374505096244 1.0613819569983545
60823.9666 lsst_hardware_y 284.6411036457762 52.130988245406115 29.969999313354492 AB 11.221706175469762 1.2716534846699037
60823.987 lsst_hardware_z 574.832251491448 49.513951204661716 30.93000030517578 AB 10.49596915517307 1.1835779381115117
60826.101 lsst_hardware_r 753.4688259257928 35.78338177368352 31.510000228881836 AB 8.906025497655373 1.0114353608784872
60826.1131 lsst_hardware_u -1.46719047790953 2.859772782052531 28.479999542236328 AB 8.858893180703864 1.0180295542063738
60829.9652 lsst_hardware_y 333.8982323572554 52.55820581918198 30.0 AB 13.00919578918095 1.2045551656649027
60829.9865 lsst_hardware_z 694.1844762703965 52.60823569253797 30.950000762939453 AB 12.211922324126709 1.1307335485302508
60830.1066 lsst_hardware_i 1012.1892579029433 51.00361903457704 31.290000915527344 AB 11.897701198430449 1.0214811073990513
60830.1181 lsst_hardware_z 651.7383367932125 51.47371818171651 30.959999084472656 AB 11.918510051899899 1.0331504816250374
60847.0816 lsst_hardware_r 221.3332556369491 27.02291020584139 31.5 AB 3.5344448309654064 1.0464677515811234
60847.0948 lsst_hardware_u 0.3020216224929834 2.6903970397616503 28.40999984741211 AB 3.2075257094676104 1.0691752364892035
60865.0048 lsst_hardware_z 176.9939527931553 64.7368787906344 30.989999771118164 AB 2.5058594213206926 1.0167820739787756
60865.017 lsst_hardware_r 87.94301784711176 90.75311573601981 31.65999984741211 AB 2.53578017538634 1.0270474586416285
60869.997 lsst_hardware_i 123.61955607774136 32.115126919256035 31.25 AB 8.550564280518161 1.0211661163039205
60870.0091 lsst_hardware_u 0.3352491786567449 2.9111229126762628 28.399999618530273 AB 7.165889116388519 1.0334174906461029
60871.996 lsst_hardware_g 53.949738434448015 16.30703880301834 31.43000030517578 AB 4.361099279699745 1.025176135331393
60872.0085 lsst_hardware_r 23.291087370623153 23.693698431293818 31.5 AB 4.5622428568385 1.039590488057081
61064.3062 lsst_hardware_z -9.18153210420018 44.56999969482422 30.920000076293945 AB 10.033440810482563 1.2836642648946284
61064.3254 lsst_hardware_r -25.20950037294657 24.209999084472656 31.469999313354492 AB 9.400257201684267 1.197256218771488
61068.309 lsst_hardware_i -24.714656512591734 32.84000015258789 31.219999313354492 AB 14.269232920365912 1.2195925572962318
61068.3273 lsst_hardware_z 21.58828997742219 43.349998474121094 30.940000534057617 AB 13.470752845025327 1.1513463970107118
61070.3181 lsst_hardware_r 4.691084182134195 24.110000610351562 31.469999313354492 AB 12.953627697118058 1.1638740939480274
61070.3386 lsst_hardware_g -7.187405891315032 14.890000343322754 31.420000076293945 AB 12.476226197259507 1.1030739684443844
61073.3127 lsst_hardware_r 6.013326449417847 81.62999725341797 31.6200008392334 AB 9.677296212660377 1.1544642066997168
61073.332 lsst_hardware_i -112.11287819481355 62.439998626708984 31.309999465942383 AB 9.36811555856672 1.0991140663160015
61089.3733 lsst_hardware_r 17.71452016971116 23.200000762939453 31.520000457763672 AB 5.328956271811815 1.0095110152615325
61089.3858 lsst_hardware_y -1.6176841138658877 50.599998474121094 30.059999465942383 AB 4.651372904560701 1.0139785066348468
61091.2224 lsst_hardware_u -0.026656022985637937 2.630000114440918 28.280000686645508 AB 4.419640518958454 1.339285005744986
61091.3056 lsst_hardware_g 8.926192516895217 20.290000915527344 32.18000030517578 AB 3.839605922197029 1.0528602684147057
61091.3822 lsst_hardware_y -9.876376215478908 47.88999938964844 30.059999465942383 AB 2.740547129373675 1.0150174553235833
61093.225 lsst_hardware_r 3.4836654889039282 24.049999237060547 31.450000762939453 AB 10.483249328062632 1.294228312106498
61093.2465 lsst_hardware_i -12.436975207938406 32.029998779296875 31.229999542236328 AB 9.689209053385518 1.1961986485661134
61095.2214 lsst_hardware_z -16.16718892715778 44.880001068115234 30.920000076293945 AB 10.877431226374828 1.2845336828500977
61095.2413 lsst_hardware_r 6.67697293158356 23.68000030517578 31.459999084472656 AB 9.989357313967568 1.1951851296922191
61098.222 lsst_hardware_z 87.17618437715294 48.150001525878906 30.940000534057617 AB 7.12483333728894 1.24198140684874
61098.2458 lsst_hardware_r 28.73093454827381 35.779998779296875 31.559999465942383 AB 6.745690640734182 1.1500459983918931
61100.3535 lsst_hardware_i 10.806422029040787 32.18000030517578 31.260000228881836 AB 4.298682659508457 1.012844922719448
61100.366 lsst_hardware_z 12.200548379441239 40.83000183105469 30.940000534057617 AB 4.332925719624819 1.0209131874238724
61102.2183 lsst_hardware_r -60.93952396392794 94.37999725341797 31.610000610351562 AB 6.300599755326938 1.2107418621218453
61102.2407 lsst_hardware_z -58.428395444889794 64.61000061035156 30.969999313354492 AB 5.902529202774666 1.131981564170811
61104.3575 lsst_hardware_y -43.1002203099461 56.2400016784668 30.059999465942383 AB 9.921690085567256 1.0229952659025905
61104.3702 lsst_hardware_r -124.34809452479068 97.56999969482422 31.65999984741211 AB 10.04851553786447 1.036775602548245
61106.3438 lsst_hardware_r -79.09625169711995 92.38999938964844 31.65999984741211 AB 8.742790693557952 1.0166035690183666
61106.3557 lsst_hardware_i 123.5576183354291 77.70999908447266 31.34000015258789 AB 8.827643605928898 1.0264701867359185
61108.2243 lsst_hardware_r 42.93793964093329 67.2699966430664 31.6299991607666 AB 9.998363692389438 1.1320397440102838
61108.2978 lsst_hardware_z -19.311776852771263 79.08999633789062 31.729999542236328 AB 7.292728945716878 1.0128790202384552
61108.3605 lsst_hardware_r 6.634700949298889 61.68000030517578 31.639999389648438 AB 7.102638476313254 1.0383594863219097
61110.3385 lsst_hardware_z -42.7165700390321 44.439998626708984 30.959999084472656 AB 6.797350302405411 1.0207508901121878
61110.3505 lsst_hardware_r 41.56721220798646 37.2400016784668 31.600000381469727 AB 6.850691641985937 1.032702715957953
61115.3349 lsst_hardware_r -2.465494590405538 22.739999771118164 31.5 AB 7.7607177435155075 1.030468746026966
61115.3477 lsst_hardware_u 1.9853809041765655 2.6500000953674316 28.399999618530273 AB 7.882771303050165 1.0473008008835483
61117.3088 lsst_hardware_g -2.583797244404048 13.84000015258789 31.420000076293945 AB 6.163236897530991 1.0136902791991762
61117.3225 lsst_hardware_r 6.578930250604559 22.489999771118164 31.489999771118164 AB 6.146102637340895 1.023440714477245
61119.1758 lsst_hardware_i -17.57508110865675 31.780000686645508 31.219999313354492 AB 6.312607642416125 1.1950980785516345
61119.1931 lsst_hardware_z -44.28601422578017 42.400001525878906 30.93000030517578 AB 5.885427457023269 1.13554352414633
61123.2898 lsst_hardware_u 0.0977478105770196 2.5899999141693115 28.3700008392334 AB 6.1966072127710765 1.0124348031649457
61123.3008 lsst_hardware_r 34.340998187334996 22.450000762939453 31.489999771118164 AB 6.12139314073515 1.019015033277213
61127.2815 lsst_hardware_z 55.195193163025856 40.689998626708984 30.950000762939453 AB 7.735487707853614 1.013692531497001
61127.2942 lsst_hardware_g -7.671871955649335 13.930000305175781 31.420000076293945 AB 7.673202814864079 1.0225483495287953
61134.2405 lsst_hardware_z 65.5465267666598 81.9000015258789 31.0 AB 5.549795294737182 1.009053689952215
61134.253 lsst_hardware_r -54.38705769481756 119.06999969482422 31.670000076293945 AB 6.4065010048244515 1.010077545399396
61136.1763 lsst_hardware_z 106.69529656519765 63.72999954223633 30.979999542236328 AB 14.603659723952848 1.0640964532171755
61136.1943 lsst_hardware_r -86.3585177387449 81.66000366210938 31.65999984741211 AB 14.287487434846511 1.0361510939768068
61136.2257 lsst_hardware_z -61.752436420462814 62.97999954223633 30.989999771118164 AB 15.018261214342091 1.0111037621864065
61136.2384 lsst_hardware_r -68.18818505699737 82.36000061035156 31.65999984741211 AB 15.018906862161733 1.0089057208286238
61138.1562 lsst_hardware_i 20.070941954391657 45.470001220703125 31.299999237060547 AB 8.237896476916287 1.0951008942394533
61138.1743 lsst_hardware_z 39.10129656479443 48.560001373291016 30.969999313354492 AB 8.950635093796764 1.0578904868074577
61140.1647 lsst_hardware_r -4.587361009342865 26.100000381469727 31.530000686645508 AB 5.121734643159818 1.0653634203140547
61140.1819 lsst_hardware_z -5.163296158059796 42.189998626708984 30.950000762939453 AB 5.098920949506927 1.0380539392318662
61140.2202 lsst_hardware_r -22.057981613628762 30.5 31.56999969482422 AB 4.984161162697738 1.009620762194005
61140.2307 lsst_hardware_z 28.956067809385967 42.54999923706055 30.959999084472656 AB 4.9349583491170295 1.0090563690942673
61147.2155 lsst_hardware_g 2.8972443799012475 20.34000015258789 32.20000076293945 AB 13.479830587476762 1.0096243012540642
61147.2275 lsst_hardware_r 9.462379550524139 32.650001525878906 32.2599983215332 AB 13.5796571157141 1.0140126281148523
61149.214 lsst_hardware_i -10.639108836566042 30.600000381469727 31.260000228881836 AB 9.078570515890151 1.0106296667874042
61149.2255 lsst_hardware_z 72.29548009626615 40.959999084472656 30.950000762939453 AB 9.137397000442883 1.0160283546485231
61153.1974 lsst_hardware_u -0.5316182005165655 2.799999952316284 28.520000457763672 AB 4.079351169042705 1.0093240005878856
61153.2084 lsst_hardware_r -3.954805269601935 23.09000015258789 31.510000228881836 AB 4.606369575155425 1.0126671228701125
61155.2021 lsst_hardware_i 27.862264078718646 34.369998931884766 31.270000457763672 AB 12.816902710578045 1.0122936290317344
61155.213 lsst_hardware_z -9.978733006076139 42.540000915527344 30.950000762939453 AB 12.937436006902617 1.0186957485750092
61159.0607 lsst_hardware_y 5.2105296968651995 58.290000915527344 30.0 AB 10.344329089798581 1.2189876372612118
61159.0802 lsst_hardware_r -7.511245066788302 96.19999694824219 31.6299991607666 AB 9.73980691765931 1.1470179005457641
61161.189 lsst_hardware_i -231.914301575922 111.51000213623047 31.350000381469727 AB 9.748766697159319 1.0138683569433793
61161.2003 lsst_hardware_z 13.971521822098223 96.04000091552734 31.010000228881836 AB 9.775688130750902 1.0216264538995066
61163.194 lsst_hardware_r -101.20518501283135 125.73999786376953 31.670000076293945 AB 11.772276128069096 1.0209241287025494
61163.2074 lsst_hardware_z 25.976702237513717 81.7699966430664 31.0 AB 11.955877331175378 1.0346332821855406
61166.1326 lsst_hardware_r -143.17346168523113 58.47999954223633 31.649999618530273 AB 3.5227596816508884 1.0167672739034699
61166.1452 lsst_hardware_z -20.492316404638665 51.650001525878906 30.979999542236328 AB 3.582309597553146 1.0106433565449102
61168.1387 lsst_hardware_g -3.4985035109739258 26.280000686645508 31.6299991607666 AB 9.886883861572032 1.0109805063215944
61168.1498 lsst_hardware_i -74.24873333872698 36.77000045776367 31.280000686645508 AB 9.860251604661542 1.0089278220261797
61170.0746 lsst_hardware_g 23.81327315093776 14.449999809265137 31.420000076293945 AB 7.873786782609914 1.0819356623304588
61170.0938 lsst_hardware_r -8.447941913878648 23.219999313354492 31.5 AB 7.870645954655844 1.0467676492426976
61177.1326 lsst_hardware_z -145.3653748234799 57.560001373291016 31.700000762939453 AB 7.984703981349737 1.0094442454298025
61177.1451 lsst_hardware_r 20.248928815914518 32.36000061035156 32.25 AB 8.018827382109658 1.0137582025423082
61187.1141 lsst_hardware_y 139.45692932059626 75.79000091552734 30.809999465942383 AB 6.245576598980848 1.0120303444389744
61196.0978 lsst_hardware_z -0.5854835870123161 45.380001068115234 30.959999084472656 AB 9.112771592555099 1.0164359261110567
61196.1123 lsst_hardware_r -10.73040561242211 43.779998779296875 31.6200008392334 AB 9.254069154619804 1.028896783613802
61231.0029 lsst_hardware_i 16.67778116483415 30.459999084472656 31.260000228881836 AB 8.322303678966943 1.016878567840376
61231.0158 lsst_hardware_z 37.37361624687697 40.97999954223633 30.950000762939453 AB 8.424174664228461 1.027912918508735
61233.0023 lsst_hardware_i -49.24244698168175 30.459999084472656 31.260000228881836 AB 9.875063790143049 1.0204674785721866
61233.0149 lsst_hardware_u -0.062301017458562376 2.7300000190734863 28.469999313354492 AB 10.056716563550026 1.0329943571003057
61234.9926 lsst_hardware_g 13.481512268219772 14.050000190734863 31.440000534057617 AB 8.58940520610487 1.0173002612837276
61235.0047 lsst_hardware_r 6.482347022224062 22.790000915527344 31.5 AB 7.109307179704592 1.0277278178106046
