data/validation/pwv_sim_epoch_fit_seasonal/46345828.ecsv
# %ECSV 0.9
# ---
# datatype:
# - {name: time, datatype: float64}
# - {name: band, datatype: string}
# - {name: flux, datatype: float64}
# - {name: fluxerr, datatype: float64}
# - {name: zp, datatype: float64}
# - {name: zpsys, datatype: string}
# - {name: pwv, datatype: float64}
# - {name: airmass, datatype: float64}
# meta: {SNID: '46345828', alt: 1024.0, c: -0.06123257428407669, dec: -11.415158, lat: -30.244573, lon: -70.7499537, ra: 198.105469, t0: 61495.17578125,
#   x0: 2.2658672386050358e-06, x1: 0.2778266966342926, z: 0.8466907143592834}
# schema: astropy-2.0
time band flux fluxerr zp zpsys pwv airmass
[from data line 133]
61832.2665 lsst_hardware_r -11.862196237698864 24.030000686645508 31.5 AB 6.356352999006779 1.079253427493192
61834.3052 lsst_hardware_i 23.457063397708065 31.399999618530273 31.25 AB 10.271815606148715 1.0570792864328131
61834.3262 lsst_hardware_z -28.63342705753966 41.97999954223633 30.940000534057617 AB 10.44695869584513 1.0725646750581062
61836.2995 lsst_hardware_r 15.858748299806122 24.030000686645508 31.5 AB 9.417160981227891 1.056999511511661
61836.3193 lsst_hardware_u 1.7587317780914542 2.680000066757202 28.3700008392334 AB 9.57108757679112 1.0709508310161386
61838.2836 lsst_hardware_y -10.97205759121475 70.06999969482422 30.790000915527344 AB 8.322962628032906 1.055644180236885
61840.2717 lsst_hardware_r -77.48494123219027 105.86000061035156 31.649999618530273 AB 9.274692816524254 1.0568446851988516
61840.291 lsst_hardware_i 76.21984335865744 83.19000244140625 31.329999923706055 AB 9.35622186966363 1.057897507170108
61843.2477 lsst_hardware_z -219.18597345921287 128.05999755859375 31.75 AB 11.984459508397174 1.0664623480787223
61843.2695 lsst_hardware_r 100.436495549229 129.5 31.65999984741211 AB 11.48329845228946 1.0556766266315785
61845.2745 lsst_hardware_i -41.99917732017872 60.36000061035156 31.31999969482422 AB 7.950418184696193 1.056861687082975
61845.2945 lsst_hardware_z 35.718026105344386 58.150001525878906 30.969999313354492 AB 8.231906038371129 1.0707009804948178
61849.2654 lsst_hardware_g 56.26828420515162 20.559999465942383 31.559999465942383 AB 5.27069118913747 1.0574869464913834
61849.2851 lsst_hardware_r 4.760235980810361 27.549999237060547 31.530000686645508 AB 5.341945751478423 1.0723927498952992
61851.2631 lsst_hardware_i 38.71840886575872 31.520000457763672 31.25 AB 5.533394944244919 1.0588709647887709
61851.2824 lsst_hardware_z 22.125443065198944 42.189998626708984 30.940000534057617 AB 5.665463826340849 1.0757039590527078
61853.2635 lsst_hardware_r -1.07353552902369 24.420000076293945 31.510000228881836 AB 6.49348623842712 1.0624449137073633
61853.2842 lsst_hardware_g 22.14023530767271 15.470000267028809 31.440000534057617 AB 6.651069674594248 1.085918475266415
61855.1969 lsst_hardware_r -12.298585298299507 24.739999771118164 31.510000228881836 AB 8.05091870214575 1.0895324840507679
61855.2139 lsst_hardware_i 64.45371879531827 32.029998779296875 31.260000228881836 AB 6.966752115296847 1.0674288225684692
61857.1872 lsst_hardware_z 44.77153074662092 42.56999969482422 30.940000534057617 AB 7.8022607950877525 1.09695296584792
61857.2049 lsst_hardware_i 0.573247070722805 31.969999313354492 31.260000228881836 AB 7.647699532334549 1.0710563744458077
61859.2492 lsst_hardware_u 1.775629645010789 2.759999990463257 28.40999984741211 AB 6.802711545684385 1.0640320457274848
61859.2685 lsst_hardware_g 5.362562579815608 15.600000381469727 31.440000534057617 AB 7.266717705348416 1.0869912550694447
61861.2448 lsst_hardware_r 8.463356351134946 24.75 31.510000228881836 AB 4.516973793628246 1.0649054130361286
61861.2629 lsst_hardware_i 24.881769388782693 32.209999084472656 31.25 AB 5.070867596275762 1.0867697377358871
61863.2148 lsst_hardware_i 9.978866320803332 31.75 31.25 AB 7.535980844930423 1.055681283873422
61863.233 lsst_hardware_z -5.032992802539342 41.970001220703125 30.940000534057617 AB 7.6139696339873515 1.0603306944242967
61865.2172 lsst_hardware_r -41.82276127213867 31.209999084472656 31.559999465942383 AB 7.407910151590318 1.056160557683266
61865.2355 lsst_hardware_g -6.2061583723967635 15.8100004196167 31.459999084472656 AB 7.4888010428457195 1.0663250808551659
61867.2146 lsst_hardware_r 28.89525606645863 64.76000213623047 31.649999618530273 AB 9.130380382919808 1.0569098981820064
61867.2325 lsst_hardware_i -20.680221470987817 55.5099983215332 31.31999969482422 AB 9.290378304998194 1.0686784860043779
61873.1182 lsst_hardware_r 18.922850030720006 86.27999877929688 31.6299991607666 AB 8.372673074133136 1.1591683613641335
61873.1351 lsst_hardware_i -14.39277288619353 70.52999877929688 31.31999969482422 AB 9.4624261041977 1.1141004047328193
61875.2078 lsst_hardware_z -47.964280085407204 69.18000030517578 31.719999313354492 AB 10.55307400905926 1.0659670716221474
61877.1946 lsst_hardware_g 18.260095119192307 25.799999237060547 31.6200008392334 AB 14.498393936135837 1.0602245440750653
61877.2109 lsst_hardware_r -35.08456587826705 33.41999816894531 31.579999923706055 AB 14.214481316696043 1.075062873747999
61882.1915 lsst_hardware_g -36.05697869986819 15.819999694824219 31.469999313354492 AB 9.823402284631163 1.0686322855187558
61882.2115 lsst_hardware_r 7.508667301869024 24.959999084472656 31.510000228881836 AB 9.175693308703224 1.0969367760309896
61884.1595 lsst_hardware_r -28.420370449493635 24.579999923706055 31.510000228881836 AB 10.073767265881132 1.0555816205952355
61884.1776 lsst_hardware_i 6.586949536902538 31.899999618530273 31.25 AB 8.406510885194491 1.0615621776985018
61886.1575 lsst_hardware_z 24.43104143152995 42.13999938964844 30.950000762939453 AB 9.479421951481669 1.0557716756179465
61886.1755 lsst_hardware_u -0.6729881558736106 2.880000114440918 28.5 AB 6.817069657702456 1.0640448991614244
61887.069 lsst_hardware_g -9.987472905483129 15.529999732971191 31.40999984741211 AB 4.907965423200036 1.1970647373658625
61887.0793 lsst_hardware_r 18.282209788976232 24.889999389648438 31.489999771118164 AB 4.7612809459635095 1.1612880356008561
61890.1593 lsst_hardware_i 33.61685303767334 31.979999542236328 31.260000228881836 AB 11.07551990236121 1.0603403367426543
61890.1771 lsst_hardware_z 54.27060131367522 42.439998626708984 30.950000762939453 AB 11.864710499109542 1.0772145628716927
61893.1029 lsst_hardware_g -23.75900135154498 28.06999969482422 31.639999389648438 AB 14.200556483338762 1.0753923879847604
61893.1227 lsst_hardware_r 0.6316748872840224 32.47999954223633 31.579999923706055 AB 14.021501543946389 1.058506137013278
61896.1651 lsst_hardware_z -150.12735997154252 128.63999938964844 32.4900016784668 AB 3.755910591814518 1.0833315811406166
61898.1488 lsst_hardware_r 36.72556009172696 147.13999938964844 31.65999984741211 AB 10.529548692297837 1.0696412730899874
61898.1675 lsst_hardware_i -77.34703301848626 120.23999786376953 31.329999923706055 AB 9.648338727898118 1.0963605993596588
61900.1448 lsst_hardware_z -51.84591492765822 86.30000305175781 31.0 AB 7.493987760212631 1.0712073034252323
61900.1629 lsst_hardware_r -45.762317081273316 130.0399932861328 31.649999618530273 AB 7.704884144365633 1.097952852777392
61909.0815 lsst_hardware_g -5.553381931222694 15.199999809265137 31.450000762939453 AB 8.601868409242668 1.0574550874967938
61909.1017 lsst_hardware_r 26.311357367009855 24.139999389648438 31.510000228881836 AB 8.486845241183744 1.057528845654347
61911.0782 lsst_hardware_i 18.234848195830853 31.59000015258789 31.260000228881836 AB 7.457708835128271 1.05673183947595
61911.0986 lsst_hardware_r 27.32004509230995 24.299999237060547 31.520000457763672 AB 7.609832463160152 1.058538386863315
61919.0478 lsst_hardware_z -33.95060308767755 42.29999923706055 30.950000762939453 AB 10.267715477994344 1.060632231799672
61919.0673 lsst_hardware_u -0.9256544756035786 2.819999933242798 28.469999313354492 AB 10.203393636557058 1.0557601155317975
61924.9985 lsst_hardware_z -69.75646238601841 74.4000015258789 30.989999771118164 AB 11.90970856430333 1.102750792991049
61925.0131 lsst_hardware_r 39.20301901381722 97.08000183105469 31.649999618530273 AB 12.213057325871295 1.0785347014788649
61927.035 lsst_hardware_i -9.781129548483822 87.26000213623047 31.329999923706055 AB 4.649715609819729 1.0565934577684584
61927.0542 lsst_hardware_z -117.73803615149431 76.7300033569336 30.989999771118164 AB 4.5460811085376855 1.058212548542292
61942.9924 lsst_hardware_z 119.51009703021886 42.040000915527344 30.950000762939453 AB 5.618020112369968 1.0563166517570683
61943.0142 lsst_hardware_i 3.2455092701141455 31.959999084472656 31.260000228881836 AB 3.2596756534257887 1.0601145818502213
61945.9611 lsst_hardware_y -122.21887462280473 50.290000915527344 30.040000915527344 AB 5.365562901632188 1.071933453527535
61945.9755 lsst_hardware_u 3.264166758449196 2.9000000953674316 28.489999771118164 AB 5.313264344987078 1.059791432130641
61947.9659 lsst_hardware_y 101.13401463194427 48.310001373291016 30.040000915527344 AB 8.170629208641948 1.0624544937768274
61947.9869 lsst_hardware_r 14.978261989069383 25.5 31.520000457763672 AB 8.042633502471167 1.055648429620822
61956.9577 lsst_hardware_y -143.15950827925084 66.56999969482422 30.059999465942383 AB 5.937122000383571 1.0557229607261296
61956.9807 lsst_hardware_z 16.019492788236096 60.369998931884766 30.979999542236328 AB 6.940602499048666 1.0633136297183978
61958.9585 lsst_hardware_y 173.600080607009 64.66999816894531 30.059999465942383 AB 1.4902833579934827 1.0558153439557085
61958.9801 lsst_hardware_i 56.95888744289618 61.61000061035156 31.31999969482422 AB 1.5140794066266299 1.0675060446250821
