data/validation/pwv_sim_epoch_fit_seasonal/46354420.ecsv
# %ECSV 0.9
# ---
# datatype:
# - {name: time, datatype: float64}
# - {name: band, datatype: string}
# - {name: flux, datatype: float64}
# - {name: fluxerr, datatype: float64}
# - {name: zp, datatype: float64}
# - {name: zpsys, datatype: string}
# - {name: pwv, datatype: float64}
# - {name: airmass, datatype: float64}
# meta: {SNID: '46354420', alt: 1024.0, c: -0.0028496934100985527, dec: -35.136116, lat: -30.244573, lon: -70.7499537, ra: 33.398438,
#   t0: 61749.85546875, x0: 1.2482589507184141e-05, x1: 0.005733627360314131, z: 0.41929924488067627}
# schema: astropy-2.0
time band flux fluxerr zp zpsys pwv airmass
61593.3451 lsst_hardware_z 33.0306482745702 46.13999938964844 30.90999984741211 AB 2.251285633115996 1.441899423430494
61593.3648 lsst_hardware_r -39.941440962976905 23.399999618530273 31.440000534057617 AB 2.0451585781725883 1.3118400116566544
61598.3914 lsst_hardware_z -15.010004684736854 42.310001373291016 30.940000534057617 AB 8.928342116453617 1.1375133286346817
61598.4104 lsst_hardware_u 1.0228654527963439 2.630000114440918 28.389999389648438 AB 8.414989892634576 1.0851750457972242
61600.405 lsst_hardware_g -4.889904271801358 13.479999542236328 31.40999984741211 AB 6.40278248967671 1.085033467154162
61600.4275 lsst_hardware_r 1.4464677851777996 22.290000915527344 31.5 AB 7.183954161902237 1.0416056491086323
61605.4317 lsst_hardware_z 57.37079539842764 58.95000076293945 30.989999771118164 AB 3.1320334175247124 1.019376214003161
61608.3859 lsst_hardware_z 154.73540214291737 76.7300033569336 31.719999313354492 AB 5.789326576236874 1.0787397542715562
61612.3774 lsst_hardware_z 35.56314307623369 63.61000061035156 31.709999084472656 AB 7.241587994547115 1.073424197820584
61617.3743 lsst_hardware_g -9.386441301993875 13.15999984741211 31.389999389648438 AB 4.139772969331674 1.052796923493835
61617.3944 lsst_hardware_r -19.460547145422048 21.790000915527344 31.489999771118164 AB 4.680031235072238 1.0240768566897678
61619.3755 lsst_hardware_i 34.95836716883271 29.989999771118164 31.25 AB 1.9653608869816912 1.041802749526473
61619.3941 lsst_hardware_z -8.126334229871906 40.43000030517578 30.950000762939453 AB 1.9204032006630891 1.01878153881331
61622.3734 lsst_hardware_i -43.548310848254424 29.75 31.239999771118164 AB 2.054478855099603 1.0330503356883156
61622.3933 lsst_hardware_u -1.2450907022476614 2.5999999046325684 28.40999984741211 AB 1.5070008427731794 1.0125992560209502
61624.3671 lsst_hardware_g -15.939330509137456 13.119999885559082 31.399999618530273 AB 4.419591027858415 1.034185334704254
61624.3854 lsst_hardware_r -0.3506921927506527 21.639999389648438 31.479999542236328 AB 3.1243684936840856 1.0144602501274156
61626.3682 lsst_hardware_i -51.01732361920342 29.719999313354492 31.25 AB 5.055047298367242 1.0259194895887627
61626.3869 lsst_hardware_r -8.167029453462069 21.68000030517578 31.489999771118164 AB 4.000764347799345 1.0096141523719746
61629.3501 lsst_hardware_g -3.3714463393220386 13.140000343322754 31.40999984741211 AB 3.2394156878122655 1.0389402462515283
61629.3688 lsst_hardware_r 18.609341657983702 21.799999237060547 31.5 AB 3.161686323969613 1.0169463891828925
61631.2678 lsst_hardware_r -106.19516334401976 62.900001525878906 31.579999923706055 AB 4.548716101443405 1.2751919919944132
61631.2866 lsst_hardware_z -16.71236731586655 52.540000915527344 30.950000762939453 AB 4.35579428353195 1.1898368177187206
61649.2666 lsst_hardware_g 5.1647886639658 13.180000305175781 31.3700008392334 AB 1.8279657486314824 1.096340912813764
61649.2851 lsst_hardware_i 35.99861978088178 29.920000076293945 31.239999771118164 AB 1.7165163880660614 1.0561011411399066
61651.2731 lsst_hardware_z 9.718529166109558 41.130001068115234 30.950000762939453 AB 1.3841507024165434 1.068842241248296
61651.2918 lsst_hardware_r -23.73015249441415 21.84000015258789 31.489999771118164 AB 1.612369848001121 1.036393924474447
61653.2722 lsst_hardware_u 0.9523376207656312 2.559999942779541 28.350000381469727 AB 2.4456520009131255 1.0597943092213458
61653.2911 lsst_hardware_g -16.775216368672798 13.069999694824219 31.389999389648438 AB 2.371958579347834 1.0300174767378596
61655.2463 lsst_hardware_g 26.751602900675522 13.369999885559082 31.389999389648438 AB 2.080432131793524 1.1066128360603853
61655.2635 lsst_hardware_r -26.934289387076255 22.1200008392334 31.489999771118164 AB 2.0761372073271107 1.0661437216674654
61672.1775 lsst_hardware_r -25.046463444988767 22.610000610351562 31.459999084472656 AB 4.368840400352705 1.1788560173642668
61672.1942 lsst_hardware_i -26.03518587250322 30.68000030517578 31.229999542236328 AB 4.325778255609967 1.122703933456857
61674.1748 lsst_hardware_z -56.70597612508594 42.88999938964844 30.940000534057617 AB 3.9484670231507453 1.1685888688849442
61678.1755 lsst_hardware_r -15.606414313366653 39.15999984741211 32.66999816894531 AB 4.75229779414635 1.1296839113677384
61678.2029 lsst_hardware_u 6.12317339297604 2.6600000858306885 28.43000030517578 AB 4.476387978198871 1.0618038295786743
61680.2118 lsst_hardware_i 30.15833040374072 29.979999542236328 31.25 AB 3.47769463081839 1.0375757830441978
61680.2334 lsst_hardware_r 28.01596324641611 21.979999542236328 31.489999771118164 AB 3.382173364069823 1.0137649648765854
61682.2133 lsst_hardware_u -0.6220980253033077 2.640000104904175 28.43000030517578 AB 2.677296885010893 1.0283123458096444
61682.2346 lsst_hardware_g 11.35333816444402 13.350000381469727 31.420000076293945 AB 2.637815918950253 1.0092717860984053
61684.1128 lsst_hardware_r 29.458870671141 26.850000381469727 31.479999542236328 AB 4.601078494255215 1.3326802300521983
61684.1338 lsst_hardware_g -22.468663835471755 19.190000534057617 31.489999771118164 AB 5.299175581317425 1.2238280788261953
61686.0907 lsst_hardware_z -34.015220553898686 48.439998626708984 30.90999984741211 AB 13.40137419827895 1.4457234202897207
61686.1112 lsst_hardware_r 28.241578337360398 35.22999954223633 31.530000686645508 AB 11.914285019823478 1.310137914887074
61688.1101 lsst_hardware_z 14.864039360135736 50.72999954223633 30.93000030517578 AB 4.067615346368906 1.2861347005803876
61688.1313 lsst_hardware_i -94.47278967752469 44.83000183105469 31.270000457763672 AB 3.7166992253921802 1.1885830589676403
61689.1081 lsst_hardware_z -3.2754814028505583 53.90999984741211 30.950000762939453 AB 5.38548947380333 1.2822593985246022
61689.1281 lsst_hardware_r 39.40564099259956 58.43000030517578 31.600000381469727 AB 5.242294200228457 1.1904384679952595
61694.1123 lsst_hardware_r 72.44020435835361 102.22000122070312 31.6200008392334 AB 9.334496442643806 1.1990874937027023
61694.1311 lsst_hardware_i -76.83821817934262 79.12999725341797 31.31999969482422 AB 8.9282535748735 1.1318899466323171
61696.1094 lsst_hardware_z 51.83405659681606 55.83000183105469 30.959999084472656 AB 10.37910761325146 1.1888104321834752
61696.1287 lsst_hardware_r -48.95236228689464 67.12999725341797 31.6299991607666 AB 6.891630236621013 1.122628659618442
61698.1094 lsst_hardware_u -1.2745731375151994 2.5799999237060547 28.31999969482422 AB 3.7567061924679 1.1681300349714747
61698.1299 lsst_hardware_r 15.594442090055079 22.360000610351562 31.479999542236328 AB 3.708852289684484 1.1039346035373998
61702.1151 lsst_hardware_r 30.159923562209045 22.549999237060547 31.479999542236328 AB 3.4552054398820555 1.1145823999619533
61702.1333 lsst_hardware_u -2.273988554365583 2.700000047683716 28.459999084472656 AB 3.087238409407662 1.0700072470003161
61705.1097 lsst_hardware_g -10.420845952538722 13.489999771118164 31.399999618530273 AB 4.657277188200921 1.1068550712670087
61705.1277 lsst_hardware_r 41.76300538861337 22.219999313354492 31.489999771118164 AB 3.947448275898515 1.0647196968033756
61707.1151 lsst_hardware_i 3.8628107575592656 30.459999084472656 31.25 AB 3.157634006415668 1.0799021909766306
61707.1337 lsst_hardware_z -67.40024200969009 40.880001068115234 30.950000762939453 AB 2.9869985163058543 1.0442225192468584
61709.1142 lsst_hardware_r 17.82991976056085 22.15999984741211 31.479999542236328 AB 5.295339146236301 1.0699816419954813
61709.133 lsst_hardware_g 4.583095658956144 13.34000015258789 31.40999984741211 AB 3.900802224636337 1.0370336899206
61711.1171 lsst_hardware_r 16.609888251851974 22.0 31.479999542236328 AB 5.867038065891202 1.053801179324672
61711.1358 lsst_hardware_i 3.9752946114619343 29.739999771118164 31.239999771118164 AB 4.002614893614766 1.0263115111832732
61720.0228 lsst_hardware_y 35.1009171928327 56.56999969482422 29.969999313354492 AB 8.070882443487893 1.2857524536271059
61720.0401 lsst_hardware_i 68.18030710662077 61.9900016784668 31.290000915527344 AB 7.920430353627279 1.2040788010987047
61724.0256 lsst_hardware_y -92.95590504104636 54.767534876119676 29.989999771118164 AB 6.798199342970741 1.2193532743770668
61724.0439 lsst_hardware_g 2.5831310910976115 61.41640414299513 31.670000076293945 AB 6.018168531772181 1.148943973228884
61726.0251 lsst_hardware_z 29.330471700612282 46.30134084855568 30.940000534057617 AB 4.194339892936154 1.1983828265531868
61726.0429 lsst_hardware_i 61.07268359726837 31.977374592619643 31.229999542236328 AB 4.2525619182740675 1.1344702996601788
61729.0269 lsst_hardware_y 187.13166959611533 52.25186236294123 30.010000228881836 AB 8.69685136474127 1.1604569716774369
61729.0444 lsst_hardware_r 361.86088344698146 28.705828533528063 31.469999313354492 AB 7.3653039518057275 1.1062336965764084
61731.0268 lsst_hardware_y 95.12316138105253 53.10704704934499 30.020000457763672 AB 5.360202602503403 1.1422914443267773
61731.0436 lsst_hardware_z 376.2519527497856 45.78772179087932 30.940000534057617 AB 4.9076707558211154 1.0941189958357185
61734.0293 lsst_hardware_y 360.32345322595205 53.11820830090884 30.030000686645508 AB 6.9614133932479545 1.1101847369823705
61734.0472 lsst_hardware_u 10.12423508876008 4.082754503283493 28.399999618530273 AB 5.542187160557102 1.0673789228780448
61736.0302 lsst_hardware_y 288.7226310489174 54.700284884291435 30.030000686645508 AB 5.329936939488679 1.0934886268634185
61736.0486 lsst_hardware_r 1962.5077140032433 49.37847249367635 31.479999542236328 AB 3.889054201376422 1.054229927182667
61740.0315 lsst_hardware_y 656.0513750303779 57.753394776079155 30.040000915527344 AB 7.965632553986222 1.0659929814635292
61740.049 lsst_hardware_g 1493.383320438238 40.642431962957104 31.389999389648438 AB 8.636238450051136 1.036120667459295
61958.4239 lsst_hardware_y -1.204151355007129 74.70999908447266 30.790000915527344 AB 1.8880374484977471 1.087161678597551
61960.3482 lsst_hardware_r 66.41571519565956 83.0 31.559999465942383 AB 3.0313060490932853 1.3854232399877906
61960.3676 lsst_hardware_i 39.551774137889005 64.0 31.280000686645508 AB 2.7367378521071886 1.270930891071694
61962.3831 lsst_hardware_r -48.58331762827971 64.72000122070312 31.610000610351562 AB 10.779806851063848 1.1782712022732191
61962.4031 lsst_hardware_z -15.02882330277154 53.290000915527344 30.959999084472656 AB 10.179696286513266 1.1127580702705386
61964.3487 lsst_hardware_z -11.222232627242484 53.47999954223633 30.940000534057617 AB 7.916243641153452 1.3141901899984048
61964.3688 lsst_hardware_r 8.61198963098396 55.040000915527344 31.600000381469727 AB 7.361592779906536 1.213982978216777
61965.4076 lsst_hardware_i -27.62625517207753 42.75 31.290000915527344 AB 6.438281607359913 1.080611213051345
61965.4292 lsst_hardware_z -9.860613614453877 47.369998931884766 30.959999084472656 AB 7.100022731393363 1.0400677845738464
61974.3523 lsst_hardware_r 14.670370382403183 22.610000610351562 31.459999084472656 AB 5.272211707619686 1.1709520727639502
61974.3706 lsst_hardware_z -7.441704702629234 41.939998626708984 30.93000030517578 AB 5.028687134055978 1.1120288511687408
61976.3787 lsst_hardware_u 1.99321076145985 2.549999952316284 28.329999923706055 AB 6.701779269943627 1.0780631014145623
61976.3988 lsst_hardware_g -3.0917280881017297 13.119999885559082 31.3799991607666 AB 6.406077551894461 1.0406233839984504
61978.3753 lsst_hardware_r -21.982034735805705 21.959999084472656 31.459999084472656 AB 3.1696501964811543 1.0735479073602554
61978.397 lsst_hardware_i 47.696809554399834 29.84000015258789 31.239999771118164 AB 3.0507143078338905 1.03531028546399
61979.3761 lsst_hardware_z 6.254278930901594 41.150001525878906 30.940000534057617 AB 3.733867335604159 1.066184605050563
61979.397 lsst_hardware_r -22.333587449814605 21.790000915527344 31.479999542236328 AB 3.6347823655391025 1.031631702612801
61981.3723 lsst_hardware_u -2.0442356952297955 2.5399999618530273 28.34000015258789 AB 5.080397266911757 1.0628816765392985
61981.3931 lsst_hardware_r -0.37400247538632464 21.729999542236328 31.479999542236328 AB 4.821703957319895 1.0296369336745037
61986.3691 lsst_hardware_r 38.9785234647913 64.70999908447266 31.639999389648438 AB 1.9685949676279153 1.044347462932581
61986.3861 lsst_hardware_y -70.29423668095586 49.2400016784668 30.049999237060547 AB 2.129323823708621 1.0219936758860673
61990.3723 lsst_hardware_r -20.783429539729344 80.62999725341797 31.65999984741211 AB 2.5413068683980624 1.0251338718830425
61990.3933 lsst_hardware_z -23.995900171275345 57.849998474121094 30.979999542236328 AB 1.4111509865896625 1.0079649904211876
61992.366 lsst_hardware_r -65.91895809480003 66.30999755859375 31.65999984741211 AB 5.24455915892584 1.0260982474175837
61992.3848 lsst_hardware_i 96.18555953662384 55.459999084472656 31.329999923706055 AB 5.250143496360189 1.009642980069267
61994.3644 lsst_hardware_z -4.798999331464022 47.540000915527344 30.969999313354492 AB 3.1735162340064877 1.0218470217902182
61994.3841 lsst_hardware_i -63.645376220307945 44.130001068115234 31.309999465942383 AB 2.9688624002679833 1.0071337367336406
61997.2715 lsst_hardware_i 12.875420893712011 33.380001068115234 31.219999313354492 AB 5.859293771752955 1.2466582493091394
61997.2903 lsst_hardware_r 4.927915187708072 26.350000381469727 31.510000228881836 AB 5.489872702082416 1.168058021719663
62009.2315 lsst_hardware_g 11.99986352938499 18.850000381469727 32.06999969482422 AB 3.676561386825386 1.2830435829089692
62009.2552 lsst_hardware_r 26.37818236844513 31.8799991607666 32.220001220703125 AB 3.0594564388874135 1.1767140149566975
62011.2803 lsst_hardware_y -36.42086280949325 47.66999816894531 30.030000686645508 AB 6.622781718016895 1.0845758586195033
62011.2988 lsst_hardware_g 13.757523549373069 13.170000076293945 31.399999618530273 AB 7.323987315193233 1.0476808099170178
62016.2679 lsst_hardware_i -36.733880216370494 63.470001220703125 31.31999969482422 AB 1.3708453847988336 1.0816770527081803
62016.2858 lsst_hardware_z -46.87797665637189 58.20000076293945 30.979999542236328 AB 1.2737205803465461 1.046606886069471
62020.2477 lsst_hardware_z -36.33079123669563 89.7300033569336 31.729999542236328 AB 2.0792292256517375 1.1046998453830184
62030.2641 lsst_hardware_u -2.258967456451584 2.759999990463257 28.530000686645508 AB 2.040682760510796 1.024010752117151
62030.2836 lsst_hardware_r -39.4555384422094 21.940000534057617 31.5 AB 2.0146776935256194 1.0082210401729088
62031.2452 lsst_hardware_g -19.128756652836188 13.34000015258789 31.40999984741211 AB 1.456164340151137 1.0460324502731904
62031.2636 lsst_hardware_i -7.160827926994642 29.790000915527344 31.25 AB 1.638857992010325 1.0216257612531896
62033.2522 lsst_hardware_z 15.844562415602939 40.72999954223633 30.950000762939453 AB 7.095412218152173 1.0283206113264018
62033.2698 lsst_hardware_r -34.51806269999589 21.950000762939453 31.5 AB 6.980097571248317 1.0116083436591763
62035.1768 lsst_hardware_r 12.745898882898402 22.959999084472656 31.479999542236328 AB 2.7094022190773437 1.206189079166152
62035.1941 lsst_hardware_i 17.069607134404265 31.049999237060547 31.25 AB 2.5383028053698684 1.14209350072869
62037.1792 lsst_hardware_z -88.75516972815414 42.72999954223633 30.940000534057617 AB 4.520418585861733 1.175050321253185
62037.1968 lsst_hardware_u 1.7371210432418365 2.6500000953674316 28.399999618530273 AB 4.234505480353823 1.1171363884324308
62039.1811 lsst_hardware_g 11.453135618357383 20.459999084472656 31.520000457763672 AB 3.90369273465061 1.1489615858283417
62039.1991 lsst_hardware_r -49.72577760674021 25.6299991607666 31.510000228881836 AB 3.7184119117885444 1.0961760659721882
62041.1908 lsst_hardware_i -29.224701839080822 38.5 31.270000457763672 AB 5.051021394053984 1.1035458667027365
62041.2111 lsst_hardware_z -66.67070868460172 44.56999969482422 30.959999084472656 AB 4.005473404069576 1.057899875620885
62046.1848 lsst_hardware_i -75.33691231913774 74.4000015258789 31.329999923706055 AB 3.123933198758432 1.0844479977175765
62046.2182 lsst_hardware_r -151.87927261824805 93.73999786376953 31.65999984741211 AB 3.3454795850295804 1.02653561983101
62048.212 lsst_hardware_z -107.50334540511088 67.30999755859375 30.989999771118164 AB 6.869960782482406 1.0274118817270204
62048.2326 lsst_hardware_r 112.64434015370112 97.83999633789062 31.670000076293945 AB 6.765284892557667 1.0092419034148683
62050.2109 lsst_hardware_i 12.50998339966174 61.97999954223633 31.329999923706055 AB 4.203723445235844 1.0224927808417985
62050.2318 lsst_hardware_z -2.45729224589399 56.810001373291016 30.989999771118164 AB 4.106775778709432 1.0068711685465968
62054.1144 lsst_hardware_i 48.52468400120452 31.899999618530273 31.229999542236328 AB 5.265971113166186 1.2538026459919491
62054.1349 lsst_hardware_z 34.08193195925779 42.70000076293945 30.940000534057617 AB 5.204063534569699 1.1672665871932038
62057.1076 lsst_hardware_g -9.802494549965779 13.630000114440918 31.350000381469727 AB 9.003177101624349 1.2470925895684295
62057.1277 lsst_hardware_r -0.9930638260222359 22.719999313354492 31.479999542236328 AB 9.701770044031566 1.163700377117856
62059.1104 lsst_hardware_i 42.30058844424778 31.649999618530273 31.229999542236328 AB 9.399128615754085 1.209876677562098
62059.1307 lsst_hardware_z -2.987553411960103 42.310001373291016 30.950000762939453 AB 8.891224753093926 1.1352915198672815
62067.1144 lsst_hardware_z 0.23422927394539528 42.5 30.950000762939453 AB 3.4675229280038855 1.1185557832270598
62067.1333 lsst_hardware_i -43.17820345332049 30.950000762939453 31.25 AB 3.0914082016858573 1.0714524570438808
62075.1114 lsst_hardware_r 60.5722130079174 87.63999938964844 31.65999984741211 AB 5.7472089559921615 1.0715740750762266
62075.1298 lsst_hardware_i 7.209502469331503 69.55000305175781 31.34000015258789 AB 4.800395807631285 1.0387094682746478
62077.1231 lsst_hardware_z -24.023042152365086 94.88999938964844 31.75 AB 4.167426772251898 1.0405559980652852
62079.1163 lsst_hardware_g -79.77500509376581 81.8499984741211 31.729999542236328 AB 3.9820708921609773 1.042608891297223
62079.1358 lsst_hardware_r -57.04451574074989 76.54000091552734 31.65999984741211 AB 3.7465261550891618 1.0184236914953815
62081.1147 lsst_hardware_i -40.84901285699028 39.0099983215332 31.290000915527344 AB 4.764337473629684 1.0368525513883504
62081.133 lsst_hardware_z -58.025448787241885 45.95000076293945 30.969999313354492 AB 4.509693440908303 1.0160399776745077
62086.0234 lsst_hardware_y -30.820131369274286 51.2400016784668 29.969999313354492 AB 6.444006528388944 1.271947994747386
62086.0414 lsst_hardware_u 0.4297048327817543 2.5 28.260000228881836 AB 5.934701324078436 1.1905118002167068
62088.0234 lsst_hardware_y 127.50976958257309 52.290000915527344 29.979999542236328 AB 7.580427301016556 1.2449890865968476
62088.0398 lsst_hardware_r 18.915994500879233 22.579999923706055 31.459999084472656 AB 7.168385925762476 1.1756270480954272
62090.0798 lsst_hardware_z -48.968136791022 57.790000915527344 31.690000534057617 AB 6.274963064909806 1.0533763748380098
62090.0881 lsst_hardware_u -3.8343789309836867 3.680000066757202 29.149999618530273 AB 6.0051775659047655 1.0398125736383301
62096.0264 lsst_hardware_y -4.944967339599228 52.43000030517578 30.010000228881836 AB 5.4543214033892005 1.1458658410481515
62096.0425 lsst_hardware_g 7.687632098379911 15.020000457763672 31.43000030517578 AB 4.941770133384712 1.0986594338340139
62098.0285 lsst_hardware_y 61.77455810157094 51.119998931884766 30.020000457763672 AB 8.70324973987846 1.1222276807201659
62098.0454 lsst_hardware_i 66.8743377966869 33.02000045776367 31.260000228881836 AB 8.158831708207279 1.0785447750339516
62100.0367 lsst_hardware_z 2.945541765059735 67.18000030517578 31.709999084472656 AB 5.153090417440532 1.0860043029379414
62103.0309 lsst_hardware_y 14.594012037634954 54.84000015258789 30.040000915527344 AB 6.6514733019810865 1.0804569892488973
62103.0486 lsst_hardware_r 55.553724587626064 65.69000244140625 31.649999618530273 AB 5.736086204487927 1.0460629533124057
62105.0309 lsst_hardware_y -209.15480288055463 60.0 30.049999237060547 AB 8.035130430909895 1.0686198068371797
62105.0473 lsst_hardware_z -63.19150953959583 59.689998626708984 30.979999542236328 AB 8.670432867331579 1.0395786979734918
