data/validation/pwv_sim_epoch_fit_seasonal/46353111.ecsv
# %ECSV 0.9
# ---
# datatype:
# - {name: time, datatype: float64}
# - {name: band, datatype: string}
# - {name: flux, datatype: float64}
# - {name: fluxerr, datatype: float64}
# - {name: zp, datatype: float64}
# - {name: zpsys, datatype: string}
# - {name: pwv, datatype: float64}
# - {name: airmass, datatype: float64}
# meta: {SNID: '46353111', alt: 1024.0, c: -0.13731694221496582, dec: -18.052954, lat: -30.244573, lon: -70.7499537, ra: 183.515625, t0: 60384.29296875,
#   x0: 3.2429950389657435e-06, x1: -0.2991570234298706, z: 0.7313171625137329}
# schema: astropy-2.0
time band flux fluxerr zp zpsys pwv airmass
[from data line 132]
60783.1675 lsst_hardware_g 75.11829280007692 49.849998474121094 31.709999084472656 AB 13.446706056589193 1.0423803144642785
60785.1479 lsst_hardware_r 27.86504607877639 29.31999969482422 31.559999465942383 AB 6.598355837481298 1.0291973646213064
60785.1651 lsst_hardware_i -13.723273599688177 35.2400016784668 31.280000686645508 AB 6.686258261682227 1.0461990708312043
60791.1244 lsst_hardware_i 51.54980741134945 30.790000915527344 31.260000228881836 AB 10.047394577038844 1.0252443445958004
60791.1413 lsst_hardware_z -20.69650886838793 41.279998779296875 30.950000762939453 AB 9.177438722804999 1.0375458308869083
60793.1255 lsst_hardware_i 48.489830844182435 30.860000610351562 31.25 AB 2.153586421527708 1.0288242787663717
60793.1438 lsst_hardware_u 1.299743204119387 2.7300000190734863 28.43000030517578 AB 2.189097061891126 1.0469139463850434
60796.1186 lsst_hardware_g -0.8789235122731718 14.619999885559082 31.450000762939453 AB 9.998098205163362 1.0297056066287924
60796.1357 lsst_hardware_r 2.3244861123428344 23.440000534057617 31.510000228881836 AB 9.752083775619049 1.0470349769829341
60799.1047 lsst_hardware_i -35.57026772370218 33.650001525878906 31.270000457763672 AB 12.190811787222087 1.0262489929473935
60799.1228 lsst_hardware_r -33.75516236687978 27.670000076293945 31.549999237060547 AB 12.222041813950241 1.0411928111726576
60801.1138 lsst_hardware_z -42.4513811094047 69.08999633789062 31.719999313354492 AB 3.684302892802651 1.0373447844587473
60803.1072 lsst_hardware_r -81.10573136158325 88.66999816894531 31.65999984741211 AB 10.764776998730156 1.0362039079827525
60803.1254 lsst_hardware_i -3.0783856194895542 76.26000213623047 31.329999923706055 AB 10.391607027806273 1.060259874278775
60805.1036 lsst_hardware_z -25.723800869969914 86.6500015258789 31.0 AB 7.876267495715867 1.0380925230769866
60805.1233 lsst_hardware_r 35.5096719737884 125.23999786376953 31.65999984741211 AB 8.061725575870042 1.066119030101569
60807.05 lsst_hardware_i 41.88965456686401 92.9000015258789 31.350000381469727 AB 11.720533572872618 1.0281169800765455
60807.0706 lsst_hardware_z -11.99048877072057 79.62000274658203 31.0 AB 11.807798776025912 1.0226301282662478
60809.0528 lsst_hardware_g 109.39357911133618 94.75 31.739999771118164 AB 6.502272562512683 1.024168098471516
60809.076 lsst_hardware_r -36.038361941890706 87.81999969482422 31.65999984741211 AB 6.539418355812555 1.0255766149530736
60811.0509 lsst_hardware_i -34.26699784412402 45.86000061035156 31.309999465942383 AB 5.182204501406442 1.0231905822412326
60811.0711 lsst_hardware_r 36.49009238509245 54.75 31.639999389648438 AB 5.13457946130429 1.0258387615612188
60813.0346 lsst_hardware_u -0.2458076493240127 2.8399999141693115 28.540000915527344 AB 7.467948625394498 1.0275225993777901
60813.0555 lsst_hardware_g -4.052018458227946 14.680000305175781 31.469999313354492 AB 8.517951086742018 1.0227677910837176
60816.0332 lsst_hardware_r -16.292066525029462 23.3799991607666 31.510000228881836 AB 6.835728705350573 1.0243349708317147
60816.0534 lsst_hardware_i 35.92977558389604 30.799999237060547 31.260000228881836 AB 7.261847601170164 1.0241898737017467
60822.0063 lsst_hardware_i 3.9494753203462825 43.810001373291016 32.0099983215332 AB 6.001532212757995 1.0299523275713052
60822.0261 lsst_hardware_z -91.77748498370089 58.27000045776367 31.709999084472656 AB 5.937123320985398 1.0225400768112907
60825.0095 lsst_hardware_i 33.359325288014524 31.200000762939453 31.270000457763672 AB 9.895638821394002 1.0240398918310454
60825.0338 lsst_hardware_u -5.240323906266151 2.8499999046325684 28.530000686645508 AB 9.821653122909487 1.0262960421013048
60827.0082 lsst_hardware_g -0.8330167854290201 18.34000015258789 31.530000686645508 AB 6.9563715215328275 1.0229958119901217
60827.0319 lsst_hardware_r -17.273977444381234 25.760000228881836 31.520000457763672 AB 6.992645213934811 1.0283301785198251
60830.9893 lsst_hardware_i 124.91651450002395 59.599998474121094 31.329999923706055 AB 12.029775416926174 1.0255198735702347
60831.0104 lsst_hardware_r -55.36872300736109 67.04000091552734 31.65999984741211 AB 10.370148022796476 1.0235718914387522
60842.9533 lsst_hardware_y 43.5813092855303 88.08999633789062 30.81999969482422 AB 6.616241475902652 1.0271673162666644
60842.9788 lsst_hardware_r -52.28463402264733 34.16999816894531 32.279998779296875 AB 7.385448055504237 1.0239079516851122
60847.9523 lsst_hardware_y 191.88448138605645 69.98999786376953 30.06999969482422 AB 4.528838521371496 1.022772927139001
60847.9727 lsst_hardware_u 1.3982519305144068 2.819999933242798 28.459999084472656 AB 5.484813273078643 1.0272147716227362
