data/validation/pwv_sim_epoch_fit_seasonal/4640424.ecsv
# %ECSV 0.9
# ---
# datatype:
# - {name: time, datatype: float64}
# - {name: band, datatype: string}
# - {name: flux, datatype: float64}
# - {name: fluxerr, datatype: float64}
# - {name: zp, datatype: float64}
# - {name: zpsys, datatype: string}
# - {name: pwv, datatype: float64}
# - {name: airmass, datatype: float64}
# meta: {SNID: '4640424', alt: 1024.0, c: 0.09923858195543289, dec: -35.685333, lat: -30.244573, lon: -70.7499537, ra: 304.628906, t0: 62283.71484375,
#   x0: 3.3856085135807987e-06, x1: 0.6217045187950134, z: 0.7196743488311768}
# schema: astropy-2.0
time band flux fluxerr zp zpsys pwv airmass
[from data line 133]
62688.1806 lsst_hardware_r 9.831069245194408 23.969999313354492 31.489999771118164 AB 5.26968912274712 1.085824881914971
62694.1547 lsst_hardware_i -36.10707325873833 59.58000183105469 31.309999465942383 AB 5.898312467191638 1.1099571823846195
62694.1739 lsst_hardware_r 5.996580736338259 70.58999633789062 31.639999389648438 AB 6.264054348649554 1.0649531364586118
62697.1745 lsst_hardware_i 169.58744598090115 123.0 31.34000015258789 AB 6.713394869353421 1.048967948336472
62697.1942 lsst_hardware_z 205.26713500160133 99.0999984741211 31.010000228881836 AB 6.544120261358287 1.0225187908372324
62699.1593 lsst_hardware_z 100.41610281203741 70.19000244140625 30.979999542236328 AB 1.7069497250010164 1.0668435781256351
62699.178 lsst_hardware_r -150.14321646242468 97.87000274658203 31.65999984741211 AB 2.2652600891922883 1.0353896956770354
62704.0577 lsst_hardware_g 19.453011938624538 14.979999542236328 31.31999969482422 AB 7.475535237663939 1.4419936160097615
62704.0772 lsst_hardware_i 32.13003371047912 33.22999954223633 31.219999313354492 AB 6.824622439811639 1.313690556267828
62707.0825 lsst_hardware_r 14.76960810863895 24.459999084472656 31.469999313354492 AB 5.845771197990951 1.2437811059555215
62707.1024 lsst_hardware_u 5.779037585812615 2.619999885559082 28.299999237060547 AB 6.185666563004562 1.1623915367855986
62709.0837 lsst_hardware_g 8.246777184921287 14.819999694824219 31.3799991607666 AB 3.689690822201414 1.2139137431161093
62709.1043 lsst_hardware_r -18.105104236877647 24.079999923706055 31.489999771118164 AB 3.4469039283247893 1.1377798079962995
62716.082 lsst_hardware_r 46.75032448697591 24.280000686645508 31.489999771118164 AB 1.8113327472781862 1.1481086502925328
62716.1012 lsst_hardware_g 21.00449852535117 15.0600004196167 31.43000030517578 AB 1.901393936600497 1.0929121635870078
62718.0583 lsst_hardware_z 66.30785206763974 44.20000076293945 30.93000030517578 AB 2.6784323404482215 1.2174692456582825
62718.0769 lsst_hardware_r 42.474824164660845 26.239999771118164 31.5 AB 2.5232126546707603 1.1469148430321636
62722.0902 lsst_hardware_z -82.36588883076743 76.33000183105469 31.729999542236328 AB 4.173007456367388 1.0802504417208996
62723.0826 lsst_hardware_r 58.45394258183424 79.87999725341797 31.639999389648438 AB 3.6199329742798256 1.0916565061157495
62723.1025 lsst_hardware_i -108.41333434300093 68.63999938964844 31.329999923706055 AB 3.889582912036419 1.050670694769427
62725.0834 lsst_hardware_z -215.71286440245282 132.30999755859375 31.75 AB 2.954117333049955 1.0771621998358183
62731.0824 lsst_hardware_g 5.3452595525075 14.800000190734863 31.469999313354492 AB 3.0268901754200837 1.0477596014953618
62731.1009 lsst_hardware_r 38.41630536481344 23.510000228881836 31.530000686645508 AB 2.681896750847177 1.0230064849539036
62733.0581 lsst_hardware_r -23.837825065334453 23.59000015258789 31.489999771118164 AB 2.336492230449972 1.084974335012757
62733.0783 lsst_hardware_i 2.471579571592293 31.040000915527344 31.25 AB 2.376031982392986 1.0455586281157254
62738.0786 lsst_hardware_i 26.44553671988936 30.959999084472656 31.260000228881836 AB 4.309830614930945 1.0264963852722413
62738.099 lsst_hardware_r -18.880759962116695 23.450000762939453 31.520000457763672 AB 3.8302689525136073 1.0094265258964907
62739.9866 lsst_hardware_z 33.23450798100625 44.81999969482422 30.93000030517578 AB 2.739011401606733 1.272183651466202
62740.0056 lsst_hardware_r 39.483287635804686 23.950000762939453 31.489999771118164 AB 1.8086329302957393 1.1872214410343456
62741.9862 lsst_hardware_y -48.30294402715647 50.97999954223633 29.969999313354492 AB 6.616186582969261 1.247258487088699
62742.0035 lsst_hardware_z 27.94470191967239 43.599998474121094 30.93000030517578 AB 5.87287664991608 1.1744578841947964
62743.9849 lsst_hardware_y 15.513751918527896 50.099998474121094 29.989999771118164 AB 3.446267044285942 1.2280684344894226
62744.002 lsst_hardware_u -3.86125009948409 2.630000114440918 28.31999969482422 AB 3.2910902685676087 1.1601963343951616
62746.9884 lsst_hardware_y 31.348415850032055 49.7599983215332 30.0 AB 3.4929312269431487 1.1798782469628264
62747.0084 lsst_hardware_i 38.29269013403588 32.47999954223633 31.25 AB 1.8874490782722921 1.1143610794227554
62747.986 lsst_hardware_y 27.167719409868383 51.029998779296875 30.0 AB 1.488020884640745 1.1786304036758377
62748.0033 lsst_hardware_r 17.96140153346946 29.559999465942383 31.540000915527344 AB 2.012893867901043 1.1211290979258537
62752.9863 lsst_hardware_z -60.988154134614234 75.68000030517578 30.979999542236328 AB 3.269697972267862 1.1311224535059485
62753.0029 lsst_hardware_i -66.95407424288206 83.75 31.329999923706055 AB 2.8417243905221037 1.0863552942422825
62754.9875 lsst_hardware_y 57.9104675055095 61.5099983215332 30.040000915527344 AB 2.8905068766499773 1.111733414096145
62755.0047 lsst_hardware_r -129.41718463770167 102.80999755859375 31.649999618530273 AB 2.0523163708410084 1.0703084072182574
62756.9882 lsst_hardware_y 20.507498761103427 52.7599983215332 30.049999237060547 AB 2.914086369405589 1.0955211915058605
62757.0063 lsst_hardware_r -151.66826295510867 57.959999084472656 31.639999389648438 AB 2.26637687901465 1.0565859575825876
62759.987 lsst_hardware_y 32.02800500985031 50.84000015258789 30.049999237060547 AB 2.8154786376661503 1.07900305480273
62760.0038 lsst_hardware_u 0.7923964393431475 2.869999885559082 28.530000686645508 AB 2.6372566823729024 1.046807362677786
62761.9884 lsst_hardware_y -4.44455377275705 51.22999954223633 30.049999237060547 AB 1.588506784153783 1.064623368323864
62762.0076 lsst_hardware_r -22.545537246410426 23.59000015258789 31.520000457763672 AB 0.8865039891332713 1.0332214325558864
62763.9944 lsst_hardware_z 34.00400975449975 62.099998474121094 31.709999084472656 AB 6.462620934770662 1.0443795951471657
62764.9888 lsst_hardware_y -5.02625865789194 51.45000076293945 30.049999237060547 AB 3.5883523824914385 1.04902135524014
62765.007 lsst_hardware_g 13.27744917109037 14.819999694824219 31.459999084472656 AB 3.9941324759066004 1.0241365322837437
62766.9903 lsst_hardware_y 39.44941827919733 50.04999923706055 30.049999237060547 AB 1.1951831464990998 1.0382364092943228
62767.0082 lsst_hardware_i -44.59689212082845 30.75 31.25 AB 1.526439915822762 1.017626610548508
