data/validation/pwv_sim_epoch_fit_seasonal/46448408.ecsv
# %ECSV 0.9
# ---
# datatype:
# - {name: time, datatype: float64}
# - {name: band, datatype: string}
# - {name: flux, datatype: float64}
# - {name: fluxerr, datatype: float64}
# - {name: zp, datatype: float64}
# - {name: zpsys, datatype: string}
# - {name: pwv, datatype: float64}
# - {name: airmass, datatype: float64}
# meta: {SNID: '46448408', alt: 1024.0, c: -0.06828682124614716, dec: -16.179399, lat: -30.244573, lon: -70.7499537, ra: 84.726562, t0: 62434.60546875,
#   x0: 4.0900137323490395e-06, x1: 0.3389863669872284, z: 0.6657214164733887}
# schema: astropy-2.0
time band flux fluxerr zp zpsys pwv airmass
[from data line 133]
62859.1581 lsst_hardware_g 24.9904316919552 13.75 31.43000030517578 AB 6.499947123369927 1.0361371096911374
62859.1781 lsst_hardware_r -2.5281379662036643 22.31999969482422 31.5 AB 6.772942905076921 1.0311116661497666
62862.1593 lsst_hardware_i -12.074694900001779 30.219999313354492 31.25 AB 5.010211602407748 1.0320225763237545
62862.1798 lsst_hardware_z 13.124075833643994 40.939998626708984 30.950000762939453 AB 5.730449198624391 1.0338172828115058
62864.1558 lsst_hardware_i -0.010147621441901112 30.219999313354492 31.260000228881836 AB 7.407004428426701 1.0315563528243952
62864.1773 lsst_hardware_u 4.331714315321142 2.8299999237060547 28.56999969482422 AB 7.310766443125964 1.0352993617681745
62867.1342 lsst_hardware_z 37.09389031912492 43.2400016784668 30.959999084472656 AB 7.227403696943749 1.037455655008024
62867.1555 lsst_hardware_g 21.210991488435408 23.959999084472656 31.6200008392334 AB 7.179443270703845 1.03104405193014
62869.1356 lsst_hardware_r -27.337021533749674 49.869998931884766 31.6299991607666 AB 3.957546054808184 1.0336391915920826
62869.1575 lsst_hardware_i 27.017512746591652 45.189998626708984 31.309999465942383 AB 4.022880972602249 1.0325669847541707
62871.1307 lsst_hardware_z 127.44762404301424 80.98999786376953 31.729999542236328 AB 11.719798036842816 1.033400761559194
62873.1191 lsst_hardware_z -210.5872873590292 97.37999725341797 31.739999771118164 AB 9.114414256998803 1.036612369291874
62873.1401 lsst_hardware_r -28.436942606578725 142.07000732421875 32.40999984741211 AB 8.209867105628142 1.0311312616965764
62875.118 lsst_hardware_i -107.5919384544105 81.05000305175781 31.34000015258789 AB 6.803690950298736 1.0341920502069142
62875.1393 lsst_hardware_z 13.25934415444691 70.83000183105469 30.989999771118164 AB 6.604890231147739 1.0320140986168342
62882.0889 lsst_hardware_u 1.097728974956695 2.6500000953674316 28.43000030517578 AB 3.9340089113218797 1.0407430982333015
62882.108 lsst_hardware_g -10.047703243999353 13.420000076293945 31.40999984741211 AB 3.8356985864237125 1.0313096958859211
62884.0869 lsst_hardware_r 38.81936293353751 22.229999542236328 31.510000228881836 AB 4.062983235353978 1.038064188899836
62884.1073 lsst_hardware_i -46.057102115974 30.049999237060547 31.260000228881836 AB 4.0851966764854994 1.030964460942718
62886.085 lsst_hardware_z -36.35341482551114 40.790000915527344 30.950000762939453 AB 7.97328289884059 1.0357603142167562
62886.1049 lsst_hardware_u -1.12073765542838 2.680000066757202 28.459999084472656 AB 7.9087510424692935 1.0311615166686363
62888.0901 lsst_hardware_g 13.71441482536736 13.220000267028809 31.389999389648438 AB 11.54859213482796 1.0315848266929843
62888.1106 lsst_hardware_r -21.994282136697265 21.889999389648438 31.479999542236328 AB 11.607709850579129 1.0346705159290588
62890.0723 lsst_hardware_i 5.750188525876626 30.010000228881836 31.25 AB 13.41635275599379 1.0368524870353422
62890.0933 lsst_hardware_z -10.923081398497633 40.689998626708984 30.950000762939453 AB 13.400115193711791 1.0310887403547313
62892.0729 lsst_hardware_i 1.5699115235644376 30.040000915527344 31.260000228881836 AB 12.335206809275737 1.0335899345816588
62892.0929 lsst_hardware_u 2.3172777487123684 2.7200000286102295 28.489999771118164 AB 14.10386508974238 1.032015299622604
62894.0662 lsst_hardware_g -4.566527442186537 15.130000114440918 31.459999084472656 AB 12.076457530171531 1.0341498755606027
62894.0834 lsst_hardware_r 20.897650636342437 22.790000915527344 31.5 AB 12.69281700614496 1.0312027627618532
62896.0688 lsst_hardware_i 19.02095005518225 34.09000015258789 31.280000686645508 AB 11.448337612463332 1.0314746925365648
62896.0857 lsst_hardware_r -42.833729003493545 30.31999969482422 31.579999923706055 AB 13.066744712756185 1.033270972066755
62898.0492 lsst_hardware_z -104.37480226638826 69.27999877929688 31.719999313354492 AB 8.432105143020916 1.0376911262050148
62907.0372 lsst_hardware_y 7.299655199873072 49.810001373291016 30.059999465942383 AB 2.579531994624258 1.0318127978497031
62907.0558 lsst_hardware_r 53.28912688431791 48.790000915527344 31.6299991607666 AB 2.6866436458382164 1.0333244791685448
62909.0223 lsst_hardware_y -99.26214657429469 76.83999633789062 30.06999969482422 AB 2.7128342351341717 1.0356964501657362
62909.0391 lsst_hardware_z 45.08310654242698 41.11000061035156 30.950000762939453 AB 2.7540394209882706 1.0309606018174209
62911.0216 lsst_hardware_y 30.843323385022998 71.61000061035156 30.06999969482422 AB 2.6045399157130187 1.0333425573152226
62911.0396 lsst_hardware_u -0.013671126606133632 2.7899999618530273 28.459999084472656 AB 2.6170667017208786 1.0316612601639574
62913.0202 lsst_hardware_y 6.890030619574583 66.51000213623047 30.06999969482422 AB 2.835335698995724 1.031969317195896
62913.0366 lsst_hardware_r -1.8385694214912074 22.399999618530273 31.5 AB 2.8357667333369436 1.0323140638285195
