data/validation/pwv_sim_epoch_fit_seasonal/46451506.ecsv
# %ECSV 0.9
# ---
# datatype:
# - {name: time, datatype: float64}
# - {name: band, datatype: string}
# - {name: flux, datatype: float64}
# - {name: fluxerr, datatype: float64}
# - {name: zp, datatype: float64}
# - {name: zpsys, datatype: string}
# - {name: pwv, datatype: float64}
# - {name: airmass, datatype: float64}
# meta: {SNID: '46451506', alt: 1024.0, c: -0.15034662187099457, dec: -64.011238, lat: -30.244573, lon: -70.7499537, ra: 120.957443, t0: 61002.8515625,
#   x0: 9.003517523403768e-06, x1: 0.43482089042663574, z: 0.4800284504890442}
# schema: astropy-2.0
time band flux fluxerr zp zpsys pwv airmass
61017.3143 lsst_hardware_r 2286.6940534894543 71.57188101374324 31.600000381469727 AB 6.659348956767888 1.2040407937503639
61017.3284 lsst_hardware_z 1227.2445209872583 60.07618849738777 30.950000762939453 AB 6.682330988145916 1.205073064496874
61020.31 lsst_hardware_r 1720.9072351568996 54.360170844450785 31.549999237060547 AB 9.99154410373045 1.2038971929950888
61020.3222 lsst_hardware_i 1393.234154971427 52.41646194558082 31.25 AB 10.00161361826273 1.2055704785257524
61024.311 lsst_hardware_u 1.3212060249102102 3.8327918914791574 28.31999969482422 AB 9.957304495650632 1.2055008436163206
61024.3231 lsst_hardware_g 287.77244140862683 22.399708415810146 31.3700008392334 AB 10.003522850798399 1.2102993165182967
61026.311 lsst_hardware_r 1082.5217024738502 39.35642376778828 31.459999084472656 AB 8.013260252522155 1.2072708478376128
61026.3224 lsst_hardware_i 1104.3150770271293 45.15964873559105 31.219999313354492 AB 8.04421288346259 1.2130764008991655
61028.3103 lsst_hardware_z 668.7216427821635 50.91364693349438 30.93000030517578 AB 5.935079055390985 1.2093484457088537
61028.323 lsst_hardware_u 5.546417790875917 3.6710216327715184 28.270000457763672 AB 5.871254948450056 1.217345002788628
61030.3167 lsst_hardware_g 167.47704458710564 18.392887896294553 31.329999923706055 AB 7.476667709699492 1.2167075198857986
61030.3296 lsst_hardware_r 763.8693715999207 35.793038642676855 31.450000762939453 AB 7.409872460118571 1.2283253145658632
61034.2925 lsst_hardware_z 672.4133358997719 49.99019324129623 30.940000534057617 AB 8.097793349090699 1.208686006630801
61034.3047 lsst_hardware_i 850.9770734209436 41.91633566545561 31.229999542236328 AB 8.142361466396922 1.215913009243194
61036.2903 lsst_hardware_u 4.391195248387617 3.4575686214350445 28.34000015258789 AB 7.593900318633335 1.2102958286108938
61036.3031 lsst_hardware_g 98.64341551178089 16.732706105266292 31.34000015258789 AB 7.284030288393211 1.2188975674682898
61038.2915 lsst_hardware_r 461.30882010613385 30.98162535493944 31.450000762939453 AB 8.72131710402552 1.2143157770877326
61038.3042 lsst_hardware_i 674.3393699126932 40.506098943845444 31.229999542236328 AB 8.513223035038187 1.2247479549760383
61040.2985 lsst_hardware_z 610.809052434655 49.58864948555687 30.93000030517578 AB 6.19913385442732 1.224520267541199
61040.3106 lsst_hardware_u 3.9657198769422792 3.2584622145580955 28.229999542236328 AB 6.336339192663582 1.2378684625472198
61042.2974 lsst_hardware_z 523.0258301466571 60.624178511238625 30.950000762939453 AB 6.364867652008012 1.22893663433783
61042.3104 lsst_hardware_r 430.3672377492073 64.4897421124446 31.59000015258789 AB 6.430050226754174 1.244766772940732
61043.2963 lsst_hardware_i 507.6560407501796 67.11401129561195 31.290000915527344 AB 5.673538068758925 1.230702401032307
61043.3082 lsst_hardware_z 568.8547809401878 64.03082138302464 30.950000762939453 AB 5.805695190138051 1.2455009704243531
61045.2966 lsst_hardware_i 530.5796643560338 60.999004437222446 31.280000686645508 AB 12.433624003966758 1.2374432966278048
61045.3092 lsst_hardware_z 546.097572222876 60.38148847752081 30.940000534057617 AB 12.768055852169386 1.2549896812577401
61048.2297 lsst_hardware_r 264.7386033971765 48.91609535187076 31.59000015258789 AB 9.64529423512379 1.2040814225234133
61048.2428 lsst_hardware_z 515.1720200793044 52.84690160515315 30.950000762939453 AB 9.735355280750522 1.2049079836319854
61056.2432 lsst_hardware_z 365.8206216391528 47.11992024919048 30.93000030517578 AB 6.162906997876543 1.2149244968872175
61056.2556 lsst_hardware_u 8.653642221837062 3.9822835178015357 28.280000686645508 AB 5.735659595419887 1.2253064719974123
61060.1846 lsst_hardware_u 6.206928128808956 3.431803892651345 28.270000457763672 AB 10.75039242003821 1.2067341637399702
61060.1981 lsst_hardware_r 234.90253380395947 26.171377905513616 31.450000762939453 AB 10.824161714071835 1.204022437605314
61062.1852 lsst_hardware_i 231.282928783117 34.993361527251956 31.219999313354492 AB 11.777039528678946 1.2050279619040694
61062.1978 lsst_hardware_z 297.37266397215 46.148039848220215 30.93000030517578 AB 11.702327222692135 1.2040360339215637
61064.1819 lsst_hardware_r 186.92832717468292 25.864318799286004 31.440000534057617 AB 13.780799304766525 1.2046153238432344
61064.1961 lsst_hardware_u 1.0288578283029406 2.8341836302725936 28.219999313354492 AB 13.829653412419402 1.2044113574935251
61066.1852 lsst_hardware_g 42.13506076461344 14.33252941365623 31.309999465942383 AB 16.834177351349357 1.2039748740430805
61066.199 lsst_hardware_r 161.7538301117876 25.92608676887237 31.440000534057617 AB 16.846423471876083 1.2063461890135518
61068.1978 lsst_hardware_z 559.0200904071021 68.83894203417948 31.68000030517578 AB 12.934025868360408 1.2079219750671182
61070.1769 lsst_hardware_r 314.5282703636285 58.83569976012149 31.600000381469727 AB 14.731120883875022 1.2041131995974277
61070.1887 lsst_hardware_z 297.7922050056206 53.855785946037265 30.950000762939453 AB 14.865393322669085 1.2065576334295756
61073.1767 lsst_hardware_r 233.11106706019362 84.46842685099999 31.610000610351562 AB 10.791509848247129 1.205441022628789
61073.1886 lsst_hardware_i 308.1283285288816 66.93022382822477 31.299999237060547 AB 10.441286889155366 1.2099994463531085
61075.1786 lsst_hardware_z 261.3826430505041 57.1967016926537 30.950000762939453 AB 10.976454554055096 1.2078961791581562
61075.1886 lsst_hardware_i 279.57915392875685 58.17489154336063 31.280000686645508 AB 11.016830644151907 1.2131403324599486
61077.1842 lsst_hardware_z 27.060192754742992 71.05999755859375 31.700000762939453 AB 6.525346969477246 1.2138298501585327
61079.1786 lsst_hardware_r 27.65659271587564 37.61000061035156 31.559999465942383 AB 11.038168390264653 1.2137413470217269
61079.1904 lsst_hardware_i 39.293648002020284 38.9900016784668 31.25 AB 11.05235740092837 1.2230568868603806
61081.1765 lsst_hardware_z -7.295148366665095 43.689998626708984 30.93000030517578 AB 3.9325891032308116 1.2160766180170621
61081.1881 lsst_hardware_u 0.4739612908071364 3.0299999713897705 28.43000030517578 AB 3.9842002293898675 1.2260963931035234
61085.1463 lsst_hardware_r 33.93587138761805 22.229999542236328 31.459999084472656 AB 2.2674999697862077 1.2061170052055292
61085.1585 lsst_hardware_i -40.62964984648066 31.290000915527344 31.219999313354492 AB 2.255749728328656 1.2114660195104552
61087.1486 lsst_hardware_z 34.28088322067501 43.150001525878906 30.940000534057617 AB 4.127710644400758 1.2091426274333967
61087.1614 lsst_hardware_i -11.815689795946927 31.260000228881836 31.229999542236328 AB 4.3042753876955215 1.2170429936933616
61089.1458 lsst_hardware_u -1.329539197365898 2.5299999713897705 28.290000915527344 AB 6.705290897615426 1.2104869835627574
61089.1576 lsst_hardware_g -23.805517750389736 12.789999961853027 31.31999969482422 AB 6.889308184647159 1.2183402825949938
61091.1436 lsst_hardware_r 3.748149092486441 22.43000030517578 31.459999084472656 AB 4.725227891316508 1.2123481365760427
61091.1553 lsst_hardware_i -42.13235811569744 31.6299991607666 31.229999542236328 AB 4.729365103638401 1.2209802122084468
61093.1447 lsst_hardware_z -24.270620271725065 42.959999084472656 30.93000030517578 AB 7.804826812254357 1.2168107281674974
61093.1569 lsst_hardware_u 1.7198943628625454 2.4800000190734863 28.239999771118164 AB 7.89413623875242 1.2277039251558972
61095.1407 lsst_hardware_g -0.9829800090128797 12.779999732971191 31.329999923706055 AB 11.344695482414961 1.2179389653322676
61095.1521 lsst_hardware_r 9.574949138979555 22.18000030517578 31.440000534057617 AB 11.421622116668399 1.2283955814872445
61100.0769 lsst_hardware_i -13.053695995532433 53.22999954223633 31.280000686645508 AB 4.642978888573889 1.2062818624509977
61100.0884 lsst_hardware_z 13.614969185387968 53.47999954223633 30.950000762939453 AB 5.05031381481714 1.2041041461088728
61102.0742 lsst_hardware_r 129.4464103666982 83.4000015258789 31.610000610351562 AB 7.563492850161498 1.2054975986444145
61102.0856 lsst_hardware_z 94.38495497943742 60.5 30.959999084472656 AB 6.93209832502926 1.2040118671349127
61104.0766 lsst_hardware_g 130.6444006646951 116.91000366210938 32.41999816894531 AB 12.884643934405664 1.2041723303182865
61104.0895 lsst_hardware_r 121.60575332322797 107.95999908447266 32.36000061035156 AB 12.467563979707121 1.2049059963636803
61106.077 lsst_hardware_i 23.368748588700722 66.6500015258789 32.029998779296875 AB 7.819964736301611 1.2040594441031016
61106.0913 lsst_hardware_z -29.535722460656636 73.08000183105469 31.700000762939453 AB 8.736454955939914 1.206914941417376
61108.0745 lsst_hardware_r -17.63993244423182 21.989999771118164 31.450000762939453 AB 12.935652922411588 1.204287449330771
61108.0883 lsst_hardware_g -3.620788282625973 23.420000076293945 31.530000686645508 AB 12.427967512287367 1.207859417575369
61110.0752 lsst_hardware_r 6.025528514831594 31.329999923706055 32.20000076293945 AB 8.607854320332107 1.2053708132795047
61110.0899 lsst_hardware_i -11.83753790316657 44.150001525878906 31.969999313354492 AB 9.153836690670673 1.2113056359230745
61112.0762 lsst_hardware_z 34.85784371970565 42.970001220703125 30.93000030517578 AB 12.678670761375678 1.2073966283351172
61112.0899 lsst_hardware_i -15.66673932094636 31.040000915527344 31.219999313354492 AB 15.787553707563093 1.2147308909968333
61117.0621 lsst_hardware_r 18.07967006833706 22.079999923706055 31.440000534057617 AB 8.302733319628404 1.20723130783401
61117.0759 lsst_hardware_i 73.40522528622462 31.15999984741211 31.219999313354492 AB 8.41586498008049 1.2144981571658116
61119.0586 lsst_hardware_z 15.790441329132934 43.04999923706055 30.920000076293945 AB 4.478089311632971 1.2080089861432346
61119.0716 lsst_hardware_u 0.4201780199025346 2.4600000381469727 28.229999542236328 AB 4.529846026129889 1.2153047825424155
61121.0575 lsst_hardware_g 0.7643417144339308 17.969999313354492 32.06999969482422 AB 4.720771119754858 1.2100404442297141
61121.0706 lsst_hardware_r -25.020882778742976 31.190000534057617 32.20000076293945 AB 4.782616687848985 1.2186821874628382
61123.0286 lsst_hardware_r -25.58834554388136 23.5 31.459999084472656 AB 5.769107666279825 1.2040295661650475
61123.0519 lsst_hardware_i 84.5153542246839 54.790000915527344 32.40999984741211 AB 4.995165965716785 1.2099715702179963
61123.0726 lsst_hardware_z 44.44905307266545 61.650001525878906 31.68000030517578 AB 5.13827481891061 1.2253437564968903
61125.0239 lsst_hardware_z 33.43004035398281 44.54999923706055 30.93000030517578 AB 8.898646045917777 1.2040383428537496
61125.0363 lsst_hardware_i 16.455168899656517 35.04999923706055 31.239999771118164 AB 8.999452950310468 1.205929911154716
61127.033 lsst_hardware_z -39.803860080920515 67.62999725341797 31.68000030517578 AB 8.356537210697851 1.2066040155986693
61129.0238 lsst_hardware_r 73.94033459869922 60.79999923706055 31.59000015258789 AB 7.143022228601583 1.2055055516317223
61129.038 lsst_hardware_i -44.225562324620896 51.81999969482422 31.270000457763672 AB 7.202464149345147 1.2113125040943318
61134.0187 lsst_hardware_g 51.49852757712732 67.93000030517578 31.649999618530273 AB 6.163221101483282 1.2084747257810358
61134.032 lsst_hardware_r 7.928013808079102 70.83000183105469 31.600000381469727 AB 6.203121387782613 1.2162983113299242
61136.022 lsst_hardware_i -32.51890763501752 34.02000045776367 31.229999542236328 AB 9.826811872562255 1.2131866509336118
61136.0338 lsst_hardware_z 5.015921526872043 48.400001525878906 30.940000534057617 AB 9.90022293499963 1.2222497450616827
61140.0134 lsst_hardware_g -4.914879032774625 12.8100004196167 31.31999969482422 AB 6.897713559017528 1.214724801634997
61140.027 lsst_hardware_r -25.829543112835694 22.31999969482422 31.450000762939453 AB 6.960143344010666 1.22616889024793
61147.0128 lsst_hardware_i 84.91956184085035 31.25 31.229999542236328 AB 16.44786008429312 1.2313576705441227
61147.0236 lsst_hardware_r -11.136938411199539 22.239999771118164 31.450000762939453 AB 16.451526486171097 1.2447717993546776
61382.3344 lsst_hardware_i 0.4239083384808429 31.979999542236328 31.229999542236328 AB 7.519779902795368 1.2066399073806349
61382.347 lsst_hardware_y -120.79227860088433 58.349998474121094 30.0 AB 7.688592630311423 1.2127117713426145
61386.3118 lsst_hardware_r 20.99288659113353 22.219999313354492 31.450000762939453 AB 12.682066670482662 1.2041270397495685
61386.3238 lsst_hardware_i 13.815090317464712 31.139999389648438 31.219999313354492 AB 12.693466381061995 1.2067562157176444
61395.3106 lsst_hardware_i 5.182096642450671 31.520000457763672 31.229999542236328 AB 7.439711852673967 1.2121730106189763
61395.3225 lsst_hardware_u -0.3005454702534344 2.630000114440918 28.350000381469727 AB 7.2115628803038145 1.22091922352752
61404.2936 lsst_hardware_z 25.81400869206983 45.61000061035156 30.93000030517578 AB 11.327524509581544 1.2173806992331808
61404.3058 lsst_hardware_g 23.63619000603887 31.700000762939453 31.59000015258789 AB 11.434619822826315 1.2284942599774278
61406.2978 lsst_hardware_r 4.51441596884252 25.959999084472656 31.489999771118164 AB 8.717188354322909 1.225900487821477
61406.3087 lsst_hardware_i 69.69884626829102 33.040000915527344 31.229999542236328 AB 8.802480154975612 1.2381197072074992
61408.295 lsst_hardware_z -47.176318857291164 43.349998474121094 30.920000076293945 AB 5.5468443474871565 1.22862766113862
61408.307 lsst_hardware_u 0.20926462777052074 2.509999990463257 28.190000534057617 AB 5.898851611272882 1.2429974597049012
61410.2317 lsst_hardware_z -1.6356240194266511 43.220001220703125 30.93000030517578 AB 13.94455114809254 1.2051813792050938
61410.2444 lsst_hardware_r 34.37895203453904 22.290000915527344 31.450000762939453 AB 14.142582259731489 1.2040339059876954
61412.2312 lsst_hardware_u -2.8764487925563693 2.490000009536743 28.25 AB 10.553848194245516 1.204318926692147
61412.2436 lsst_hardware_r 4.5748114823977275 22.139999389648438 31.450000762939453 AB 10.381945846410693 1.2044952254324417
61414.2466 lsst_hardware_z -8.583979585311935 43.27000045776367 30.93000030517578 AB 8.349851092854532 1.2065387028183703
61414.2595 lsst_hardware_i -28.90272124316417 31.3799991607666 31.219999313354492 AB 9.636715549366198 1.2126739365813166
61416.2442 lsst_hardware_u -2.6936409932791365 2.5799999237060547 28.34000015258789 AB 7.729056767807274 1.2076651199698865
61416.2573 lsst_hardware_g 0.8608762975702546 12.84000015258789 31.329999923706055 AB 7.460972859785538 1.21481240593523
61421.2422 lsst_hardware_z 68.2586931115339 42.95000076293945 30.93000030517578 AB 6.182095304502856 1.2138416070101818
61421.2549 lsst_hardware_u 0.8349037099902937 2.5299999713897705 28.290000915527344 AB 5.533863942575258 1.224035377698575
61423.1884 lsst_hardware_z -45.65148274800028 47.130001068115234 30.940000534057617 AB 7.539562173787568 1.2076503121472895
61423.2014 lsst_hardware_r -25.99114672845443 35.810001373291016 31.559999465942383 AB 7.530937593541565 1.2043077175173054
61425.1831 lsst_hardware_z -40.57614421817924 51.91999816894531 30.950000762939453 AB 10.862672302945489 1.2075897468626868
61425.1958 lsst_hardware_r 111.87698022141946 59.119998931884766 31.600000381469727 AB 10.645451473404961 1.2043274161028172
61427.1857 lsst_hardware_i 14.467578086045926 63.93000030517578 31.299999237060547 AB 11.75950293396378 1.205114053490859
61427.1991 lsst_hardware_z -42.72158610506567 59.470001220703125 30.959999084472656 AB 11.772144721738556 1.2041267040084442
61429.1899 lsst_hardware_r -30.180357147753657 72.68000030517578 31.610000610351562 AB 13.716710036274165 1.2040122919705214
61429.2026 lsst_hardware_z 50.34219824226548 56.83000183105469 30.959999084472656 AB 13.635870631387768 1.2056472706797319
61431.1842 lsst_hardware_y 88.2929572990813 51.029998779296875 30.010000228881836 AB 16.79644911851916 1.204017761954493
61431.198 lsst_hardware_r -19.266098536549865 53.83000183105469 31.600000381469727 AB 16.868562618341823 1.2058878806406563
61433.177 lsst_hardware_i -37.09908436977409 38.939998626708984 31.25 AB 12.877221191903274 1.2040787799435801
