data/validation/pwv_sim_epoch_fit_seasonal/46719564.ecsv
# %ECSV 0.9
# ---
# datatype:
# - {name: time, datatype: float64}
# - {name: band, datatype: string}
# - {name: flux, datatype: float64}
# - {name: fluxerr, datatype: float64}
# - {name: zp, datatype: float64}
# - {name: zpsys, datatype: string}
# - {name: pwv, datatype: float64}
# - {name: airmass, datatype: float64}
# meta: {SNID: '46719564', alt: 1024.0, c: -0.08570708334445953, dec: -23.806295, lat: -30.244573, lon: -70.7499537, ra: 45.351562, t0: 61266.5390625,
#   x0: 1.3087781676388258e-05, x1: -1.4086623191833496, z: 0.41079244017601013}
# schema: astropy-2.0
time band flux fluxerr zp zpsys pwv airmass
61238.3582 lsst_hardware_r -41.82312893140047 23.984561604797886 31.420000076293945 AB 1.314562553720913 1.4563100668979225
61238.3763 lsst_hardware_i 36.6587715907884 32.46103565427655 31.209999084472656 AB 3.047572680729305 1.3250316003170892
61242.36 lsst_hardware_z -61.40046413165148 45.40077209317525 30.920000076293945 AB 5.5840525561731145 1.3601946791587645
61242.3799 lsst_hardware_r -75.73780692447559 24.81698241895019 31.459999084472656 AB 7.201273895868267 1.2435822468364663
61246.3576 lsst_hardware_i 140.2723678491013 34.71527995623821 31.200000762939453 AB 7.2073192937312 1.3058314942138907
61246.3777 lsst_hardware_z 124.85513728545159 44.4058022239697 30.93000030517578 AB 7.403597060049614 1.2027612801640182
61248.3607 lsst_hardware_r 444.83994278914787 69.94256243431728 31.59000015258789 AB 3.180230260724747 1.2580024765525106
61248.3802 lsst_hardware_z 323.3384464631904 55.01124492592636 30.950000762939453 AB 3.4131775977307153 1.170031742351842
61249.353 lsst_hardware_y 176.44860284977537 54.45909884997177 29.969999313354492 AB 3.991312506913496 1.2849985266268331
61249.3706 lsst_hardware_r 729.8437005836558 78.84010453276375 31.610000610351562 AB 3.7431613374136288 1.1980352612211225
61251.3528 lsst_hardware_i 831.5150577054823 71.84510513892045 31.280000686645508 AB 5.999007173368175 1.2564900787254656
61251.3707 lsst_hardware_z 550.0693988003687 64.28567084650331 30.959999084472656 AB 5.62344282916746 1.1751412989344348
61253.3622 lsst_hardware_r 1667.8074826626214 83.38246922201724 31.610000610351562 AB 6.074601345068292 1.1874118934813407
61253.3822 lsst_hardware_z 818.3783102935133 62.366028806855795 30.959999084472656 AB 7.0314610236446935 1.1166071021853257
61256.3607 lsst_hardware_r 2946.8979119256414 76.11265059603001 31.600000381469727 AB 2.173696983257026 1.161162918406531
61256.3796 lsst_hardware_i 1902.9823505917623 64.1753640408913 31.290000915527344 AB 2.2238408657409416 1.1006388843063308
61258.3597 lsst_hardware_z 1558.4393661649729 59.92375854640062 30.940000534057617 AB 2.981774835772718 1.1451481158955583
61258.3774 lsst_hardware_i 2312.6248736713474 59.63633837974404 31.260000228881836 AB 3.1551077786137913 1.09201619057326
61260.3631 lsst_hardware_u 19.7936772966151 4.666813820706617 28.440000534057617 AB 2.7372867713628706 1.11657628854288
61260.3819 lsst_hardware_g 2210.4105717460366 49.53702721892434 31.459999084472656 AB 1.4960795772865312 1.0686282694903795
61261.3647 lsst_hardware_r 4041.0560344695687 67.67163879316962 31.479999542236328 AB 5.415498222495976 1.1040771095812387
61261.3828 lsst_hardware_i 2747.759651846054 60.1234724559486 31.25 AB 4.024606946076034 1.0611549339273567
61266.3384 lsst_hardware_r 4448.9358423596805 71.01552525986067 31.479999542236328 AB 4.001497932105512 1.1432851234587178
61266.3561 lsst_hardware_g 2066.248392025099 47.658034550847894 31.40999984741211 AB 3.817222477147298 1.0906349934706565
61267.4107 lsst_hardware_r 4626.4732654767695 70.8114920582862 31.489999771118164 AB 4.973812011148378 1.0092962684960183
61267.4308 lsst_hardware_y 773.1960546053574 72.64633012440196 30.079999923706055 AB 5.315280792094207 1.0073497189603349
61268.3615 lsst_hardware_i 3197.417968518809 63.121145243437354 31.25 AB 5.785844858768823 1.0655985374367851
61268.3795 lsst_hardware_z 2340.2417476194005 61.50345232334378 30.950000762939453 AB 5.037668893519535 1.0346413829368526
61269.41 lsst_hardware_r 4442.022039791131 70.18834745126973 31.510000228881836 AB 3.8325056148603363 1.0076701879562673
61272.3169 lsst_hardware_u -1.6567300071541173 3.8761315038626076 29.1299991607666 AB 2.7065451490803816 1.1616073601203356
61272.3395 lsst_hardware_g 2901.4380457815782 56.565444224444335 32.15999984741211 AB 2.8429270009591496 1.0911951129577084
61273.3938 lsst_hardware_z 2055.5812703477654 60.47599000121227 30.950000762939453 AB 1.11046982557138 1.0095180232467091
61273.4118 lsst_hardware_y 577.5499595533031 52.97889979007678 30.059999465942383 AB 1.1075614885627683 1.0068740805116074
61276.34 lsst_hardware_z 1904.0153479022426 63.02143263822821 30.959999084472656 AB 3.408728414099455 1.064894849765528
61276.3587 lsst_hardware_r 3634.137914107483 69.98503629705466 31.610000610351562 AB 3.3267236573688628 1.0332242122428335
61286.2631 lsst_hardware_y 375.9655280001211 53.8440314213095 29.989999771118164 AB 1.5943656730044768 1.2273792709811215
61286.2806 lsst_hardware_g 480.2512031988598 45.1341983533034 31.649999618530273 AB 1.493611011441757 1.15455630876714
61287.3227 lsst_hardware_z 1202.3935992171214 55.49209966346418 30.950000762939453 AB 2.4056406526353045 1.0418915014842336
61287.3413 lsst_hardware_r 1421.6203521036375 49.41362787498983 31.579999923706055 AB 2.0479639879156872 1.0190565539470469
61297.2088 lsst_hardware_r 574.8580420247373 33.80801030544337 31.43000030517578 AB 1.65454209125937 1.367390158065712
61297.2288 lsst_hardware_i 1038.281900131131 45.58324568421319 31.219999313354492 AB 1.5100936616331913 1.248355190107457
61298.3369 lsst_hardware_i 1046.7955255686688 43.76399984227305 31.25 AB 1.3180375289241482 1.0066478072232865
61298.3566 lsst_hardware_z 924.0396192200194 50.39027880198478 30.950000762939453 AB 1.3300274079801584 1.0114276866769265
61303.2521 lsst_hardware_z 733.5758526220925 50.861306867366935 30.950000762939453 AB 7.579242037279263 1.098440874968009
61303.2689 lsst_hardware_i 847.8009877354235 44.556166655636616 31.260000228881836 AB 7.3116005789756295 1.059652257822555
61305.2478 lsst_hardware_z 616.4795606104913 53.51236265216973 30.959999084472656 AB 2.144439988445272 1.0953594628758891
61305.2668 lsst_hardware_r 502.93003764938857 51.40201502912306 31.6200008392334 AB 1.6731869326909115 1.053312516645207
61306.3272 lsst_hardware_z 675.8215120533977 53.017774876944564 30.969999313354492 AB 2.1044590562595418 1.0081240988069662
61306.3478 lsst_hardware_r 383.24211464698124 44.07361419304411 31.610000610351562 AB 1.7837558081323623 1.0215266630518445
61307.2565 lsst_hardware_y 461.1824908174064 74.8828454077431 30.790000915527344 AB 4.2723959622871535 1.0625868214355914
61308.2602 lsst_hardware_r 304.27873758462226 86.67542842624819 31.649999618530273 AB 6.186374384694819 1.050466854624661
61308.279 lsst_hardware_z 664.3489180060243 64.04660555451393 30.989999771118164 AB 6.1224804718351615 1.0239688594010028
61309.2463 lsst_hardware_r 441.75122684085335 99.61503819685801 31.649999618530273 AB 3.2606867939937447 1.0725943401296674
61309.2631 lsst_hardware_i 736.3338625353676 79.4045378276906 31.329999923706055 AB 3.280214375932539 1.0411726316243577
61311.207 lsst_hardware_r 303.24141048503617 101.6890473599441 31.6299991607666 AB 5.272572494222621 1.1747283685605543
61311.2272 lsst_hardware_i 533.175674995456 81.46413513978189 31.31999969482422 AB 4.192268242872901 1.1068695030686015
61313.2046 lsst_hardware_z 406.4309884927485 59.49295021575751 30.959999084472656 AB 4.899897717214338 1.1629734094141904
61313.2259 lsst_hardware_r 272.8342120724846 67.36647165403559 31.6299991607666 AB 4.059699123369829 1.0955134921051903
61315.2063 lsst_hardware_u 23.359762118895308 6.7006250307302375 28.670000076293945 AB 5.192052388509512 1.1376100763606447
61315.2265 lsst_hardware_g 40.288196734443005 29.912362324517535 31.6299991607666 AB 3.6185381813907167 1.0804025323253614
61316.3049 lsst_hardware_r 213.77297214548577 36.2060327154321 31.59000015258789 AB 3.292598229216628 1.010102739303598
61316.3235 lsst_hardware_i 456.9128936028842 40.95714552755926 31.280000686645508 AB 3.3301466685311056 1.0246605133941864
61317.2101 lsst_hardware_r 289.2333895499523 28.01997335196725 31.479999542236328 AB 2.90387974020748 1.1089153794071334
61317.2301 lsst_hardware_z 343.33371681818613 45.467525183898786 30.950000762939453 AB 2.7774939755356858 1.0607870052968882
61319.2069 lsst_hardware_r 260.6930298339995 27.76719846687556 31.479999542236328 AB 5.221749781570635 1.102565409960016
61319.2266 lsst_hardware_u 16.987105819998348 5.075581254506664 28.389999389648438 AB 5.028447168336118 1.0569886144204284
61321.2019 lsst_hardware_g 84.57606347581245 15.946967816506838 31.399999618530273 AB 4.563061655004498 1.1013020888989133
61321.2219 lsst_hardware_r 233.82719556614006 27.562162116493436 31.489999771118164 AB 3.3285215874312315 1.055556528784035
61324.2215 lsst_hardware_z 364.0774806945352 44.743631261148394 30.950000762939453 AB 3.751845052698369 1.0421791813051025
61324.2392 lsst_hardware_r 295.19341812748274 27.374870115042818 31.5 AB 3.6722026327008366 1.0200562868613434
61325.2089 lsst_hardware_r 238.80092027187527 27.368266699098253 31.489999771118164 AB 5.827394628571489 1.0595262961039071
61325.2266 lsst_hardware_u 14.117059597938386 4.615683306512844 28.459999084472656 AB 5.670615972508381 1.0310210859106148
61326.1833 lsst_hardware_u 14.81632486568857 4.352943890101844 28.3799991607666 AB 7.4074954121769165 1.1154186737203609
61326.2035 lsst_hardware_g 74.680292081133 15.829058835925878 31.399999618530273 AB 6.991999287668451 1.0648795747286706
61330.2039 lsst_hardware_y 87.3009335093328 47.6959799324769 30.049999237060547 AB 6.746743158337915 1.0441181054947313
61330.2234 lsst_hardware_g 43.413817027580514 15.632587993025417 31.420000076293945 AB 5.36952634408379 1.0195141869433313
61332.2037 lsst_hardware_r 158.2430737602405 34.277018714785925 31.579999923706055 AB 2.6738453867307315 1.0361399115435808
61332.2231 lsst_hardware_i 400.84390296833334 38.10279463313634 31.280000686645508 AB 2.4745622166453094 1.015205011957481
61333.2452 lsst_hardware_z 369.9194392137165 46.543049909817555 30.969999313354492 AB 1.115235428169398 1.0066058772495505
61333.2626 lsst_hardware_r 241.89373669531233 33.43018717766106 31.579999923706055 AB 1.243147897235538 1.0123354212015783
61336.241 lsst_hardware_i 302.49301794145765 58.324517674174736 31.329999923706055 AB 3.5027318137311054 1.0070626710617008
61336.2584 lsst_hardware_z 297.03571651591875 55.65968979970286 30.979999542236328 AB 3.6477677188681263 1.0150310174241743
61337.1004 lsst_hardware_r -134.78970661528246 89.69999694824219 31.579999923706055 AB 4.22164884302108 1.3618222074261546
61337.119 lsst_hardware_i 17.615579628252288 70.69000244140625 31.290000915527344 AB 3.8792515548872313 1.2513714693184617
61340.1017 lsst_hardware_z -28.419997731143006 73.5 30.959999084472656 AB 5.531749477006938 1.3014860349009192
61340.1209 lsst_hardware_i 2.5153323221670596 80.73999786376953 31.309999465942383 AB 5.105825204824582 1.203494450164957
61342.1063 lsst_hardware_u -2.486284536381064 5.389999866485596 28.829999923706055 AB 3.6947160676206585 1.246530387186457
61342.1251 lsst_hardware_g -79.01621451528125 41.18000030517578 31.649999618530273 AB 3.334223060349803 1.164184029451747
61344.2214 lsst_hardware_r -14.992757546863878 34.529998779296875 31.600000381469727 AB 3.8568684278111003 1.0075413865755498
61344.2381 lsst_hardware_i 73.84653088853122 38.06999969482422 31.299999237060547 AB 3.886760088382726 1.016212847475711
61351.1767 lsst_hardware_r 12.304519117000606 22.360000610351562 31.5 AB 5.33464818356509 1.0115953699753655
61357.1933 lsst_hardware_z 48.001662600500886 40.5099983215332 30.950000762939453 AB 4.409545408499376 1.0102629952456463
61357.211 lsst_hardware_r -42.31118370804674 22.290000915527344 31.489999771118164 AB 6.848327134993596 1.024048917382204
61358.1164 lsst_hardware_i -14.879571478672487 30.440000534057617 31.25 AB 3.2451163512387495 1.0643215320560018
61358.1343 lsst_hardware_u 2.188228816272884 2.6600000858306885 28.43000030517578 AB 5.154043146852344 1.0339276444311696
61360.1224 lsst_hardware_g -2.4139203459168 18.979999542236328 31.520000457763672 AB 6.041178730294484 1.0434565637068371
61360.1413 lsst_hardware_r -19.275590672122636 24.950000762939453 31.520000457763672 AB 5.963470193982395 1.0196871235079616
61362.1238 lsst_hardware_i 92.6954251338229 36.09000015258789 31.280000686645508 AB 5.738571204276437 1.0333561592333558
61362.141 lsst_hardware_r -24.44403531826439 34.15999984741211 31.59000015258789 AB 4.772628305076277 1.0153448154613929
61363.1025 lsst_hardware_z -9.06305682469318 46.33000183105469 30.950000762939453 AB 4.788541978086266 1.0648303264590318
61363.1205 lsst_hardware_r 12.699155162462432 42.9900016784668 31.610000610351562 AB 4.633674273659669 1.0341291689246996
61365.0154 lsst_hardware_y 187.44080844590675 88.5 29.950000762939453 AB 6.484888365058548 1.4244675156636022
61365.0329 lsst_hardware_z 12.601638132866045 59.06999969482422 30.950000762939453 AB 5.938267966641126 1.3046837233091357
61367.0163 lsst_hardware_y -49.488759254338284 84.93000030517578 29.950000762939453 AB 10.536742998302103 1.3770520145896887
61367.0317 lsst_hardware_i -51.43245050625228 79.08000183105469 31.290000915527344 AB 9.69399355959244 1.2801576176417881
61376.1411 lsst_hardware_i -10.825494313981677 29.8799991607666 31.260000228881836 AB 6.562823934373456 1.0101055230803038
61376.1596 lsst_hardware_z 55.44666729594992 40.689998626708984 30.950000762939453 AB 6.631838743594897 1.0245650400795474
61378.0297 lsst_hardware_y -15.282612054523609 59.7599983215332 30.020000457763672 AB 5.166612127509062 1.153519117550583
61378.0509 lsst_hardware_r 2.886539805250866 22.43000030517578 31.489999771118164 AB 3.7649877371206575 1.089143552515498
61386.0367 lsst_hardware_y 99.68427702734604 56.68000030517578 30.049999237060547 AB 14.274473848905588 1.0711880819640238
61386.057 lsst_hardware_r -6.169179768111685 22.209999084472656 31.5 AB 14.054124479498794 1.0350912881078336
61388.0393 lsst_hardware_z 1.532464076777625 46.959999084472656 30.959999084472656 AB 8.796318908524121 1.0549253138345938
61388.0608 lsst_hardware_g 18.456855201026627 14.680000305175781 31.450000762939453 AB 8.087371669424718 1.0237179328385717
61389.1273 lsst_hardware_i -23.44000179616008 30.420000076293945 31.25 AB 8.099350044324138 1.0282349296367774
61389.1454 lsst_hardware_z 22.538944417526146 41.209999084472656 30.940000534057617 AB 8.315898168618622 1.0560072080136742
61605.4168 lsst_hardware_z 43.78612624401828 57.47999954223633 30.969999313354492 AB 3.5058359847906697 1.1214189475539926
61605.4377 lsst_hardware_r 122.81448576566616 76.30999755859375 31.649999618530273 AB 3.372152341357872 1.0675591108374742
61611.3568 lsst_hardware_r 37.55926114226838 49.38999938964844 31.56999969482422 AB 7.252417011708208 1.3148560053860687
61611.3765 lsst_hardware_i 9.699341493231104 45.369998931884766 31.280000686645508 AB 7.511073977800495 1.2111705196808025
61626.3638 lsst_hardware_i 39.929228376695214 30.799999237060547 31.239999771118164 AB 5.4549309465712765 1.1085755886542359
61626.3822 lsst_hardware_r -6.973199135787682 22.3799991607666 31.489999771118164 AB 4.23093324777191 1.0637612926010502
61627.3538 lsst_hardware_u 0.9125687349287983 2.700000047683716 28.43000030517578 AB 5.7774050622198905 1.130681400395285
61627.3719 lsst_hardware_g 12.85917843152534 13.59000015258789 31.399999618530273 AB 5.515708019962714 1.0803815656756426
61630.4111 lsst_hardware_i 18.05186548062222 29.93000030517578 31.25 AB 4.467790664889024 1.0122437077063775
61630.4313 lsst_hardware_z -62.37602760781319 58.45000076293945 30.989999771118164 AB 4.712918560165441 1.0066037078525076
61631.3571 lsst_hardware_z 30.37575439914206 49.36000061035156 30.959999084472656 AB 3.814518115352098 1.089862318672028
61631.376 lsst_hardware_r 3.308472168451762 45.13999938964844 31.6200008392334 AB 3.6435000237338913 1.0496975003554858
61652.313 lsst_hardware_z 58.488699665856004 41.029998779296875 30.940000534057617 AB 2.445609885064571 1.0601971973835793
61652.3313 lsst_hardware_r 23.543802159573186 21.920000076293945 31.489999771118164 AB 2.379873795848369 1.0306945846030182
61653.2613 lsst_hardware_u -1.0448504238187535 2.5 28.25 AB 2.81394084549653 1.213603009846117
61653.2793 lsst_hardware_g 0.9457483818230724 13.289999961853027 31.3700008392334 AB 2.6611583138839734 1.1423731761682652
61655.2385 lsst_hardware_g -19.486487605999802 13.5600004196167 31.31999969482422 AB 2.446522966978905 1.303885041914499
