data/validation/pwv_sim_epoch_fit_seasonal/47073318.ecsv
# %ECSV 0.9
# ---
# datatype:
# - {name: time, datatype: float64}
# - {name: band, datatype: string}
# - {name: flux, datatype: float64}
# - {name: fluxerr, datatype: float64}
# - {name: zp, datatype: float64}
# - {name: zpsys, datatype: string}
# - {name: pwv, datatype: float64}
# - {name: airmass, datatype: float64}
# meta: {SNID: '47073318', alt: 1024.0, c: -0.10235387831926346, dec: -15.404094, lat: -30.244573, lon: -70.7499537, ra: 328.183594, t0: 62289.6953125,
#   x0: 2.5314273259836216e-06, x1: 0.7327216863632202, z: 0.8090043067932129}
# schema: astropy-2.0
time band flux fluxerr zp zpsys pwv airmass
[from data line 132]
62743.1495 lsst_hardware_i -34.90429390037876 32.08000183105469 31.260000228881836 AB 4.296776279987413 1.0422322800745667
62743.1651 lsst_hardware_z -8.90832234490025 42.11000061035156 30.950000762939453 AB 4.265398948071399 1.0355423520445253
62745.1441 lsst_hardware_r 63.97455968683057 24.649999618530273 31.510000228881836 AB 1.3548457920965873 1.0421890708435286
62745.1611 lsst_hardware_u -0.7507152526805317 2.7899999618530273 28.440000534057617 AB 1.345969468771577 1.03536112982429
62746.0896 lsst_hardware_g 10.206656396220838 16.09000015258789 31.450000762939453 AB 3.2990765324090563 1.1328273782844671
62746.1061 lsst_hardware_r -18.502733217275345 25.030000686645508 31.510000228881836 AB 3.1672982978647193 1.0912624414820016
62750.1288 lsst_hardware_z -61.98765491590151 46.86000061035156 30.959999084472656 AB 0.6563026935547007 1.0434065080360901
62750.147 lsst_hardware_r -26.018733331314714 44.400001525878906 31.6200008392334 AB 0.693723875145786 1.0354087688743077
62752.1293 lsst_hardware_z 4.762759844281064 63.38999938964844 30.989999771118164 AB 2.748626297894279 1.0394729310368833
62752.1471 lsst_hardware_r 100.73803027505903 82.16000366210938 31.65999984741211 AB 2.734029977038144 1.0353232896102031
62759.0971 lsst_hardware_u -4.114426159320513 9.369999885559082 29.25 AB 1.0783494823917459 1.0498291245094564
62759.1145 lsst_hardware_g -35.955374980135524 57.40999984741211 31.719999313354492 AB 1.0865338692683308 1.0374289012748685
62761.1001 lsst_hardware_r -10.951844966157442 24.31999969482422 31.520000457763672 AB 1.167501832318357 1.0424123502832843
62761.1175 lsst_hardware_i 5.536287644234837 31.5 31.260000228881836 AB 1.3425068713745734 1.0353523429623959
62766.0705 lsst_hardware_r 13.696801408176684 24.25 31.510000228881836 AB 2.6670141212637515 1.0586540126084159
62766.0896 lsst_hardware_u 5.081182484745897 2.8299999237060547 28.5 AB 3.40758249118756 1.0403243752670874
62770.1194 lsst_hardware_u -0.7442622698773413 3.8499999046325684 29.15999984741211 AB 3.9346643342374366 1.0453412152596804
62770.1481 lsst_hardware_g -15.263773661834021 21.649999618530273 32.189998626708984 AB 3.1439940415025887 1.0860083044915503
62773.064 lsst_hardware_r 30.795510463579507 24.200000762939453 31.510000228881836 AB 3.5353775724686436 1.0450164019416466
62773.0817 lsst_hardware_i -74.10154473348786 31.43000030517578 31.260000228881836 AB 3.4953179097429707 1.03580320336141
62775.062 lsst_hardware_z 3.3743251066502697 41.779998779296875 30.950000762939453 AB 5.988478679438572 1.0423204942165445
62775.0794 lsst_hardware_r 20.45711757847576 24.3700008392334 31.520000457763672 AB 5.911789765445792 1.0353397137383173
62778.0737 lsst_hardware_i -20.263931043265412 37.880001068115234 31.290000915527344 AB 2.4055160641611417 1.035224242215566
62778.0927 lsst_hardware_z -34.21445279232681 44.720001220703125 30.959999084472656 AB 2.1873907407583153 1.0416146384563405
62784.0394 lsst_hardware_r -11.614983819689186 108.4800033569336 31.65999984741211 AB 2.498348797328747 1.0409786655536446
62784.0578 lsst_hardware_i 14.750845750456373 86.20999908447266 31.34000015258789 AB 2.5382033098410783 1.035226691526509
62786.0379 lsst_hardware_z 82.23318699401615 62.209999084472656 30.989999771118164 AB 6.337203869434872 1.0387155989895946
62786.056 lsst_hardware_r 204.00427446746227 86.83999633789062 31.65999984741211 AB 5.551244772287817 1.03551899996042
62788.0258 lsst_hardware_u 4.621798563565958 2.890000104904175 28.540000915527344 AB 7.5270701700455325 1.0428314038047266
62788.0436 lsst_hardware_r 27.500381114971713 24.200000762939453 31.510000228881836 AB 7.454647798940122 1.0353677498527947
62790.0297 lsst_hardware_i 36.87442179738675 31.65999984741211 31.260000228881836 AB 8.09604099761327 1.0374884343708939
62790.0485 lsst_hardware_z -3.9566041801999376 41.779998779296875 30.950000762939453 AB 8.548836261605354 1.0362225771642852
62795.0064 lsst_hardware_y -3.3642888008457428 49.290000915527344 30.049999237060547 AB 3.498371014086837 1.0430444287676914
62795.0229 lsst_hardware_g -9.671429094450195 15.770000457763672 31.489999771118164 AB 3.4529439560720614 1.0355725150670982
62799.9997 lsst_hardware_y -51.86651435747746 67.37999725341797 30.06999969482422 AB 3.6683436176712947 1.038700410855487
62800.0186 lsst_hardware_r 10.821995712466297 24.899999618530273 31.530000686645508 AB 4.110062674699536 1.0356498350879708
62802.0008 lsst_hardware_y -75.36191578291647 69.62999725341797 30.06999969482422 AB 3.722896336294463 1.03620067809838
62802.0194 lsst_hardware_z -18.085946402493178 42.459999084472656 30.959999084472656 AB 3.7223298795422872 1.037438650931518
62804.002 lsst_hardware_y -216.20575711980567 71.76000213623047 30.079999923706055 AB 4.73204704822423 1.0352323448313783
62804.0188 lsst_hardware_u -0.17474540643107944 3.490000009536743 28.700000762939453 AB 4.70715461008066 1.0397955842898912
