data/validation/pwv_sim_epoch_fit_seasonal/47151659.ecsv
# %ECSV 0.9
# ---
# datatype:
# - {name: time, datatype: float64}
# - {name: band, datatype: string}
# - {name: flux, datatype: float64}
# - {name: fluxerr, datatype: float64}
# - {name: zp, datatype: float64}
# - {name: zpsys, datatype: string}
# - {name: pwv, datatype: float64}
# - {name: airmass, datatype: float64}
# meta: {SNID: '47151659', alt: 1024.0, c: -0.12065967917442322, dec: -19.629557, lat: -30.244573, lon: -70.7499537, ra: 286.875, t0: 62183.921875,
#   x0: 2.981345233093551e-05, x1: 1.0488569736480713, z: 0.28844231367111206}
# schema: astropy-2.0
time band flux fluxerr zp zpsys pwv airmass
62245.4092 lsst_hardware_r 790.5809530173726 37.92329393959834 31.549999237060547 AB 9.881372847116785 1.0186982316615243
62249.3887 lsst_hardware_u 6.397200981284684 2.819999933242798 28.450000762939453 AB 5.81032813480511 1.022885065689533
62249.408 lsst_hardware_y 19.63009159489723 47.40999984741211 30.049999237060547 AB 5.724727853040777 1.0176087906098437
62253.3942 lsst_hardware_r 32.771443400847964 56.93000030517578 31.649999618530273 AB 1.424642920591598 1.0176020861368558
62253.4112 lsst_hardware_y -53.96414752128509 50.349998474121094 30.059999465942383 AB 1.4303402890538697 1.0216716350384785
62255.3782 lsst_hardware_z 38.27851378878543 91.33000183105469 31.739999771118164 AB 12.763618077500656 1.0199471054419575
62258.3754 lsst_hardware_r 3.6123667912499093 96.73999786376953 31.670000076293945 AB 10.555513686090018 1.01828223867355
62258.3949 lsst_hardware_i -52.676392544305074 81.98999786376953 31.34000015258789 AB 10.555327372694991 1.0203970649980658
62260.3743 lsst_hardware_z -2.0454099759795015 55.5099983215332 30.979999542236328 AB 8.42656058032952 1.0176493429673854
62260.3934 lsst_hardware_r 61.29133234914755 62.849998474121094 31.649999618530273 AB 9.11189305940721 1.0223914118345974
62262.3751 lsst_hardware_z 49.76752243002552 43.59000015258789 30.959999084472656 AB 2.6932397548439426 1.0178532709160781
62262.393 lsst_hardware_g 33.86878487991933 27.25 31.649999618530273 AB 2.747651664278171 1.0257215732256355
62267.3598 lsst_hardware_g -10.779692376773731 15.619999885559082 31.5 AB 6.9817433257546035 1.0176726660964366
62267.3787 lsst_hardware_r 23.3988113018429 24.43000030517578 31.540000915527344 AB 7.791862241210926 1.0252450317382797
62269.3299 lsst_hardware_r 51.19621801493428 24.15999984741211 31.520000457763672 AB 7.117911092920544 1.0257095025463254
62269.3519 lsst_hardware_i -35.040805816041946 44.290000915527344 32.0099983215332 AB 6.291648804896896 1.0175721825807693
62271.3303 lsst_hardware_z 20.944025239353486 41.47999954223633 30.959999084472656 AB 7.466613143246309 1.0219371061517204
62271.3523 lsst_hardware_r -1.5442749165698866 24.219999313354492 31.530000686645508 AB 7.777137375237679 1.0181498167490786
62278.3172 lsst_hardware_r -30.06146300156077 24.18000030517578 31.530000686645508 AB 4.291706024370449 1.019286551328965
62278.3384 lsst_hardware_z -3.7803261899231333 41.439998626708984 30.950000762939453 AB 4.326466063143454 1.0196314222420397
62284.2977 lsst_hardware_z -6.761847832061875 164.42999267578125 32.5099983215332 AB 8.005474826092518 1.0205098838169673
62286.268 lsst_hardware_r -70.71244249829284 126.87000274658203 31.65999984741211 AB 12.036320058409391 1.041504475778179
62286.2882 lsst_hardware_i 187.9958392385315 103.2300033569336 31.350000381469727 AB 11.868797013183942 1.02258446408822
62301.2549 lsst_hardware_g -17.110373962360722 15.380000114440918 31.459999084472656 AB 12.657700691131112 1.019124866102002
62301.2737 lsst_hardware_r 31.14987568467125 24.239999771118164 31.520000457763672 AB 12.674309735345338 1.0189853597404765
62305.2444 lsst_hardware_u 1.0772577117131645 2.819999933242798 28.479999542236328 AB 5.5025575089748955 1.0189921312916472
62305.265 lsst_hardware_g -19.99692131240801 15.670000076293945 31.489999771118164 AB 5.198696013450391 1.0197520622695941
62309.2512 lsst_hardware_z 76.4992953454947 49.08000183105469 30.969999313354492 AB 2.587473103275403 1.0187904727927564
62309.2694 lsst_hardware_r 14.699516036190351 50.79999923706055 31.6299991607666 AB 2.658507115405007 1.0296309509701809
62311.2584 lsst_hardware_z 98.11499390866865 95.5199966430664 31.739999771118164 AB 3.851903599279326 1.0251240450510797
62318.1833 lsst_hardware_i -20.74394703146941 46.099998474121094 31.309999465942383 AB 7.718175177169783 1.0381682280165154
62318.2033 lsst_hardware_r -17.732178703844195 50.689998626708984 31.639999389648438 AB 7.590039705280623 1.021253310123535
62320.2636 lsst_hardware_u -9.272188535516669 6.510000228881836 29.030000686645508 AB 6.899832437301402 1.062534350306254
62320.2787 lsst_hardware_g 0.5462094762693755 30.600000381469727 31.6299991607666 AB 7.053602417508562 1.0949823289492082
62326.194 lsst_hardware_i 17.885688382027165 31.829999923706055 31.270000457763672 AB 2.6108106179915787 1.017661515490773
62326.2131 lsst_hardware_z 28.856939413546527 41.72999954223633 30.959999084472656 AB 2.173227511760704 1.022334475719489
62329.1806 lsst_hardware_i 68.9764708191532 31.709999084472656 31.270000457763672 AB 5.9789129092211715 1.0185107804985016
62329.2015 lsst_hardware_u 0.11643203121004612 2.869999885559082 28.510000228881836 AB 5.971265779075254 1.0205983470623858
62331.1759 lsst_hardware_g 24.972986227647905 15.90999984741211 31.489999771118164 AB 7.3898511107822245 1.0183300030934976
62331.1968 lsst_hardware_r 7.670897051378089 24.790000915527344 31.530000686645508 AB 7.4221468249922316 1.0209514420310735
62333.1561 lsst_hardware_i -18.44449574827177 31.709999084472656 31.260000228881836 AB 2.8775226957168747 1.0250325748390328
62333.1765 lsst_hardware_r -2.1974822654090174 24.729999542236328 31.530000686645508 AB 3.1028645733089135 1.017582872282992
62335.1647 lsst_hardware_z -10.73040658359199 42.310001373291016 30.950000762939453 AB 2.540892971960614 1.018393976737721
62335.1847 lsst_hardware_g -37.95256441420287 18.18000030517578 31.530000686645508 AB 2.1624246885593026 1.0204127511880312
62344.1377 lsst_hardware_z -24.18211408397025 72.04000091552734 31.0 AB 3.2011268143464506 1.019061460993697
62344.159 lsst_hardware_r -67.88648576472329 105.72000122070312 31.670000076293945 AB 3.2548899611598783 1.0199420168146895
62346.1161 lsst_hardware_i 32.424503670304595 50.52000045776367 31.31999969482422 AB 3.7073178994463607 1.0285962126507209
62346.1361 lsst_hardware_z -85.53801675236096 51.36000061035156 30.979999542236328 AB 4.185379435299747 1.0180927840670755
62349.1203 lsst_hardware_i 32.99876588975948 31.420000076293945 31.260000228881836 AB 4.1348236135557155 1.0204821554577883
62349.1426 lsst_hardware_u -2.837669766467353 2.8399999141693115 28.5 AB 4.206660876159605 1.0189731633814143
62350.1116 lsst_hardware_g -13.107061632447637 15.489999771118164 31.479999542236328 AB 1.5756920001829269 1.023730590265031
62350.1305 lsst_hardware_r 19.2415734712961 24.260000228881836 31.520000457763672 AB 1.8460542696194024 1.0175769974934694
62357.1025 lsst_hardware_g -40.91532865758131 21.809999465942383 32.22999954223633 AB 3.9699058439094306 1.0189696724613528
62357.1233 lsst_hardware_r -9.683046702246815 34.220001220703125 32.279998779296875 AB 3.960121486582467 1.019861315112771
62361.0874 lsst_hardware_i 15.383714295472545 31.31999969482422 31.260000228881836 AB 2.519207881116067 1.020541981412221
62361.1053 lsst_hardware_z -14.981698355313828 41.36000061035156 30.950000762939453 AB 2.6053918420499214 1.0179300027544136
62363.0854 lsst_hardware_i -24.674350076741522 32.11000061035156 31.270000457763672 AB 3.6866074332400225 1.0191975579155017
62363.1034 lsst_hardware_z 51.7249717396613 41.61000061035156 30.950000762939453 AB 3.690292992144761 1.0186909872267917
62365.0793 lsst_hardware_g 5.06216751691972 35.529998779296875 31.700000762939453 AB 3.990756474524139 1.0194154095470054
62365.0992 lsst_hardware_r -13.549800955411373 39.09000015258789 31.6200008392334 AB 4.155228118676868 1.0190626900495077
62372.0645 lsst_hardware_z 29.54509157358955 72.19999694824219 31.0 AB 2.617823239251412 1.0182120728321322
62372.083 lsst_hardware_r 222.68425825913724 107.83000183105469 31.670000076293945 AB 2.569953020950102 1.0201262363600683
62373.0366 lsst_hardware_i 72.73197342572706 69.44000244140625 31.329999923706055 AB 4.4714239338187936 1.0342139317263312
62373.0491 lsst_hardware_z 6.24503614956586 62.66999816894531 30.989999771118164 AB 4.29083966618538 1.0235374705646354
62377.0375 lsst_hardware_i 8.492744229444005 31.350000381469727 31.260000228881836 AB 5.017484614605124 1.0239764519602292
62377.0566 lsst_hardware_u -0.8797243165348106 2.819999933242798 28.489999771118164 AB 5.698441202050693 1.017578786080481
62379.0209 lsst_hardware_u 3.257663702567473 2.799999952316284 28.469999313354492 AB 2.90668304367418 1.0334873044174862
62379.0385 lsst_hardware_g -17.957002982778743 15.390000343322754 31.469999313354492 AB 2.773873121874502 1.0204315592426128
62381.0236 lsst_hardware_r -12.599339702470166 24.149999618530273 31.510000228881836 AB 1.7274279887521582 1.0260932514120333
62381.0425 lsst_hardware_i -49.447881060597744 31.229999542236328 31.260000228881836 AB 1.3272002919996255 1.017791634969038
62384.0272 lsst_hardware_z -77.4279219703961 41.349998474121094 30.950000762939453 AB 1.4247419711381055 1.0194933603850487
62384.0459 lsst_hardware_u -2.6587092415282663 2.799999952316284 28.469999313354492 AB 1.2007311142711061 1.0186478169850317
62386.0125 lsst_hardware_g 14.792011509782252 15.510000228881836 31.479999542236328 AB 2.663075272087092 1.0242597200334969
62386.0305 lsst_hardware_r -6.554264271976954 24.309999465942383 31.520000457763672 AB 2.6242355738997345 1.0176386132427473
62388.0145 lsst_hardware_i -29.513950379912636 31.440000534057617 31.260000228881836 AB 2.676624680449455 1.020184734004366
62388.0309 lsst_hardware_z -70.4505150760973 41.459999084472656 30.950000762939453 AB 2.668674191626148 1.0178333375556614
62391.0139 lsst_hardware_i 64.46541830471045 31.799999237060547 31.260000228881836 AB 2.2802639084636285 1.0179749591355485
62391.0334 lsst_hardware_u 6.035338455729402 3.0799999237060547 28.59000015258789 AB 2.237614754140229 1.021159043532335
62393.9929 lsst_hardware_y 10.684122769441753 50.310001373291016 30.059999465942383 AB 2.317059006926044 1.0228335816334126
62394.01 lsst_hardware_g -84.91299678180974 40.0 31.700000762939453 AB 1.3221778539707376 1.0175817244515681
62401.9816 lsst_hardware_y 20.778786072708453 72.01000213623047 30.079999923706055 AB 1.135550294618606 1.0184307575054763
62402.0036 lsst_hardware_z -102.2408066782642 56.86000061035156 30.979999542236328 AB 1.5319140597736869 1.0212760398491245
62404.9828 lsst_hardware_y 1.8635730544491498 76.83000183105469 30.079999923706055 AB 3.184851109887573 1.0176597874757256
62405.0032 lsst_hardware_u 3.6159839823801736 2.930000066757202 28.489999771118164 AB 3.3861526931160344 1.026210534331559
