data/validation/pwv_sim_epoch_fit_seasonal/47208351.ecsv
# %ECSV 0.9
# ---
# datatype:
# - {name: time, datatype: float64}
# - {name: band, datatype: string}
# - {name: flux, datatype: float64}
# - {name: fluxerr, datatype: float64}
# - {name: zp, datatype: float64}
# - {name: zpsys, datatype: string}
# - {name: pwv, datatype: float64}
# - {name: airmass, datatype: float64}
# meta: {SNID: '47208351', alt: 1024.0, c: -0.07658328860998154, dec: -21.061817, lat: -30.244573, lon: -70.7499537, ra: 198.105469, t0: 61183.14453125,
#   x0: 9.564268490999743e-06, x1: -0.11653997749090195, z: 0.468606561422348}
# schema: astropy-2.0
time band flux fluxerr zp zpsys pwv airmass
[from data line 132]
61494.2539 lsst_hardware_r 1.7150765741629788 30.989999771118164 31.579999923706055 AB 6.958232532335792 1.0242234236302405
61497.2369 lsst_hardware_i 21.091705275225888 31.239999771118164 31.270000457763672 AB 8.660317995722803 1.017743418488264
61497.2558 lsst_hardware_z -41.89254538021831 41.630001068115234 30.959999084472656 AB 8.17614428884948 1.034954973272086
61499.2197 lsst_hardware_z -46.55947398325653 41.189998626708984 30.950000762939453 AB 5.572346641961966 1.0131539349021756
61499.2372 lsst_hardware_i -0.7433954884307101 31.1200008392334 31.260000228881836 AB 5.619245851678837 1.0216810639416067
61503.2157 lsst_hardware_r -50.20881339084283 24.229999542236328 31.520000457763672 AB 9.384137545546297 1.015306283779533
61503.2339 lsst_hardware_i 24.327784338498997 31.520000457763672 31.260000228881836 AB 9.451139851139866 1.0286395136199011
61511.1989 lsst_hardware_z 93.46676690893807 48.18000030517578 30.979999542236328 AB 17.41515484666048 1.0178745429391647
61511.215 lsst_hardware_r 0.37164265521431716 48.02000045776367 31.639999389648438 AB 16.91751646298761 1.0318704765469722
61513.1402 lsst_hardware_i 8.10700671564545 73.61000061035156 31.34000015258789 AB 12.127638557236901 1.033282658024785
61513.156 lsst_hardware_z -9.010282688076746 66.08000183105469 31.0 AB 11.969612723310522 1.0188060537346526
61515.1851 lsst_hardware_i -172.7687101572988 126.0 31.350000381469727 AB 3.2467519028109337 1.0163038093107823
61515.2029 lsst_hardware_z -122.24138401749448 105.87000274658203 31.010000228881836 AB 3.324346781227721 1.0305389143563073
61520.1809 lsst_hardware_i -30.776318771293777 50.13999938964844 31.309999465942383 AB 12.99565385664659 1.0225082534816843
61520.1985 lsst_hardware_r -1.325261920196119 58.40999984741211 31.639999389648438 AB 13.198693480661618 1.0423449935369278
61522.1677 lsst_hardware_z -48.03065381171529 62.7599983215332 31.709999084472656 AB 3.618280259079452 1.017204242917967
61524.1619 lsst_hardware_g -11.32535868727656 15.319999694824219 31.469999313354492 AB 8.280559380859346 1.0170178556692884
61524.1787 lsst_hardware_r -25.721085261897585 24.110000610351562 31.520000457763672 AB 10.06332045664453 1.030954679936947
61528.1612 lsst_hardware_i -28.6597157801735 31.34000015258789 31.270000457763672 AB 11.633661002216503 1.0243378460645405
61528.1779 lsst_hardware_u 0.5188217290991158 2.8399999141693115 28.5 AB 12.046264759829723 1.0441720392802418
61532.1399 lsst_hardware_i -58.37284713921973 31.200000762939453 31.260000228881836 AB 6.247018704622152 1.0169328837086362
61532.1594 lsst_hardware_r -7.6110361101764665 24.020000457763672 31.520000457763672 AB 6.32899245725747 1.0339238385848621
61533.14 lsst_hardware_u -1.0686695162411488 2.930000066757202 28.59000015258789 AB 10.077932300270502 1.018590287069992
61533.1579 lsst_hardware_g -8.831986169085944 15.1899995803833 31.469999313354492 AB 10.15045814391155 1.0354440624208456
61535.1198 lsst_hardware_g -0.7530310712270732 14.960000038146973 31.469999313354492 AB 7.507953222675519 1.0128773318955169
61535.1376 lsst_hardware_r 12.881209576500408 23.709999084472656 31.520000457763672 AB 7.155013202332478 1.020686619448285
61541.0794 lsst_hardware_z 32.872030262313444 62.33000183105469 30.989999771118164 AB 5.109785092868319 1.0189003176208329
61541.1012 lsst_hardware_r -96.70629321054666 78.75 31.65999984741211 AB 5.5097634345113295 1.0126380140618823
61543.0643 lsst_hardware_i 67.86653411804087 101.19999694824219 31.350000381469727 AB 8.58531326354261 1.0267466530049218
61543.0864 lsst_hardware_r -48.864698257887746 129.22000122070312 31.670000076293945 AB 8.734162661169183 1.0134006800552116
61547.0719 lsst_hardware_z -108.39540340850779 88.56999969482422 31.739999771118164 AB 5.146654454848619 1.014452257854524
61551.0426 lsst_hardware_g 21.62817810803377 14.970000267028809 31.459999084472656 AB 5.357170036543582 1.0266055643328487
61551.0619 lsst_hardware_r -11.0718120312162 23.760000228881836 31.520000457763672 AB 5.2782640576748845 1.01414065409407
61553.05 lsst_hardware_i -11.420220447494465 31.059999465942383 31.260000228881836 AB 7.423402149214401 1.0169044040019728
61553.0733 lsst_hardware_z -90.81641585902908 41.18000030517578 30.950000762939453 AB 7.419163390521724 1.013373862458149
61560.0285 lsst_hardware_i -27.88725849046228 30.979999542236328 31.260000228881836 AB 11.461589593798378 1.018279966873329
61560.0487 lsst_hardware_r 26.055596020399967 23.6299991607666 31.510000228881836 AB 11.625572739014066 1.0125996970927755
61562.0233 lsst_hardware_u -0.569624973010588 2.809999942779541 28.510000228881836 AB 4.484055397262606 1.0181200879292849
61562.044 lsst_hardware_g -4.539836858956681 14.890000343322754 31.469999313354492 AB 4.291602240814433 1.0126480039675398
61571.0036 lsst_hardware_z -1.8320610535229929 72.30999755859375 30.989999771118164 AB 13.408211864702801 1.0155556406859236
61571.0238 lsst_hardware_r -8.576125372143606 100.55000305175781 31.65999984741211 AB 13.394407437133301 1.0132948938722994
61573.0051 lsst_hardware_i -150.00387810894443 79.08000183105469 31.34000015258789 AB 6.116724418531011 1.0132619136164016
61573.0255 lsst_hardware_z -53.502352469485324 69.58999633789062 31.0 AB 6.107997647181742 1.0157142507993253
61574.9899 lsst_hardware_i 17.52027103707125 68.73999786376953 31.34000015258789 AB 6.4132028489328645 1.0169195035176106
61575.0086 lsst_hardware_z -34.26439782276336 61.56999969482422 30.989999771118164 AB 3.9564454450133217 1.0126556040474333
61576.9888 lsst_hardware_g 17.102813833599413 43.7400016784668 31.709999084472656 AB 5.435090820982257 1.0148930949177752
61577.0068 lsst_hardware_r -12.965333666996317 54.7599983215332 31.639999389648438 AB 3.983260741666024 1.013165647123496
61578.9877 lsst_hardware_i -1.5773888395441604 31.1200008392334 31.25 AB 9.167335034754055 1.013497143225042
61579.0065 lsst_hardware_r -8.772817827575878 23.979999542236328 31.510000228881836 AB 3.281832418720642 1.0146336122184376
61582.9678 lsst_hardware_y -1.157773697867144 47.83000183105469 30.049999237060547 AB 7.837787536649865 1.0170579441130496
61582.9868 lsst_hardware_r 24.92622301967775 24.15999984741211 31.520000457763672 AB 7.761358549596625 1.0126593158260881
61587.9535 lsst_hardware_y 133.86088410290168 107.8499984741211 30.829999923706055 AB 9.360249648981153 1.017418440106647
61587.987 lsst_hardware_r -2.420964118631319 34.400001525878906 32.279998779296875 AB 9.457518771329104 1.016937502293452
61589.9533 lsst_hardware_y 151.15546245109726 67.76000213623047 30.06999969482422 AB 8.92176764991976 1.0148944146273307
61589.9734 lsst_hardware_r -4.420249537623484 24.469999313354492 31.520000457763672 AB 8.334538602921793 1.0136566758395502
