data/validation/pwv_sim_epoch_fit_seasonal/47258068.ecsv
# %ECSV 0.9
# ---
# datatype:
# - {name: time, datatype: float64}
# - {name: band, datatype: string}
# - {name: flux, datatype: float64}
# - {name: fluxerr, datatype: float64}
# - {name: zp, datatype: float64}
# - {name: zpsys, datatype: string}
# - {name: pwv, datatype: float64}
# - {name: airmass, datatype: float64}
# meta: {SNID: '47258068', alt: 1024.0, c: 0.03367393836379051, dec: -1.64151, lat: -30.244573, lon: -70.7499537, ra: 56.601562, t0: 61017.7265625,
#   x0: 7.722016006247344e-06, x1: 1.2607505321502686, z: 0.5125418305397034}
# schema: astropy-2.0
time band flux fluxerr zp zpsys pwv airmass
[from data line 132]
61364.24 lsst_hardware_r -117.36504716372922 44.81999969482422 31.579999923706055 AB 5.8683983049535335 1.1973879422472011
61366.0977 lsst_hardware_r 75.55900437498114 93.56999969482422 31.579999923706055 AB 5.087013293067201 1.3324346164230676
61366.1166 lsst_hardware_z 20.937293821229872 69.25 30.959999084472656 AB 4.777642537600479 1.2518934066557288
61368.1879 lsst_hardware_z 165.22329297237363 89.30000305175781 30.989999771118164 AB 8.867751402186247 1.1415745883351174
61368.2069 lsst_hardware_i -9.170023224162952 106.30999755859375 31.31999969482422 AB 9.085449481936225 1.1570873002975324
61370.1862 lsst_hardware_z -24.734911621615307 69.75 30.979999542236328 AB 5.3466056207697825 1.1433328720727014
61370.2065 lsst_hardware_r -101.27224343444162 97.44000244140625 31.6299991607666 AB 5.435090417421 1.1640801922083959
61372.1884 lsst_hardware_u 5.367931615313619 11.279999732971191 29.229999542236328 AB 3.8500630371754268 1.1489010132570343
61372.2073 lsst_hardware_g -12.085777639450377 54.33000183105469 31.65999984741211 AB 3.9296370130281617 1.1744867784891142
61374.1874 lsst_hardware_r 33.96949751621056 28.6299991607666 31.530000686645508 AB 5.127591084790012 1.153390811604454
61374.2061 lsst_hardware_i 71.97446035734653 36.02000045776367 31.260000228881836 AB 5.2153949750023845 1.1827186427550949
61376.183 lsst_hardware_z 15.609978646845866 43.06999969482422 30.940000534057617 AB 7.288768531525404 1.1545954322980285
61376.2022 lsst_hardware_r 46.10533886490892 23.950000762939453 31.479999542236328 AB 7.477564414645427 1.185973737453676
61381.1528 lsst_hardware_g 0.47370557597678076 14.720000267028809 31.420000076293945 AB 5.0766798541135225 1.14172491940032
61381.1736 lsst_hardware_i 22.47126219707487 32.20000076293945 31.239999771118164 AB 4.652612016215516 1.1599631055135964
61383.1537 lsst_hardware_z -32.59783820641267 43.279998779296875 30.940000534057617 AB 6.276288880326827 1.1451862874073915
61383.1719 lsst_hardware_r 61.141411053860374 24.040000915527344 31.489999771118164 AB 7.0905541379072705 1.165442823456159
61385.1539 lsst_hardware_u 1.2018787979473557 2.740000009536743 28.40999984741211 AB 11.006435736242619 1.1498174324869663
61385.1715 lsst_hardware_g 1.9133342488161103 14.520000457763672 31.399999618530273 AB 11.856682589250175 1.1739289692326906
61389.1525 lsst_hardware_z 2.0119234406365223 42.630001068115234 30.940000534057617 AB 9.134101131397278 1.1609891317716847
61389.1712 lsst_hardware_r -6.844743254886549 23.510000228881836 31.469999313354492 AB 9.536742163500167 1.1960868461559344
61394.0871 lsst_hardware_z -55.10954267909997 58.72999954223633 30.969999313354492 AB 3.8358407623804753 1.1500334578028373
61394.1085 lsst_hardware_r -46.579526710778204 70.05000305175781 31.6299991607666 AB 3.8101964321120354 1.1399241382534138
61407.047 lsst_hardware_y -13.901777403909293 52.970001220703125 30.020000457763672 AB 7.884409448877091 1.154942790362855
61407.0688 lsst_hardware_z 57.59767933690276 42.599998474121094 30.940000534057617 AB 8.045825172652398 1.1402813453305563
61409.0478 lsst_hardware_y 32.64473688114347 51.470001220703125 30.010000228881836 AB 2.548812439001973 1.1485017185995148
61409.0698 lsst_hardware_u 1.3732906558643143 2.6700000762939453 28.360000610351562 AB 2.550861778548758 1.1400499568932974
61411.048 lsst_hardware_y -19.142894361699213 51.15999984741211 30.020000457763672 AB 11.275343228996785 1.144240230261498
61411.0698 lsst_hardware_i 38.12165520941426 31.489999771118164 31.239999771118164 AB 11.108711362583009 1.1413059619092147
61413.0479 lsst_hardware_y 34.61281669187118 51.380001068115234 30.030000686645508 AB 9.291620089008958 1.1415467889930535
61413.0698 lsst_hardware_r 15.921663417600227 23.469999313354492 31.489999771118164 AB 9.222688124205984 1.1438993022271084
61415.0417 lsst_hardware_y -18.27963209010595 56.880001068115234 30.020000457763672 AB 10.278850079831996 1.1418407109344568
61415.0631 lsst_hardware_g -4.234947605437756 14.430000305175781 31.40999984741211 AB 10.289876688874608 1.143192610695992
61418.0409 lsst_hardware_z -79.73686872880818 52.58000183105469 30.959999084472656 AB 4.240026631730029 1.1399964057348986
61418.0595 lsst_hardware_i -27.69165577871985 32.40999984741211 31.239999771118164 AB 2.533012027892839 1.1461592886392937
61420.0408 lsst_hardware_y -93.01871806377402 58.13999938964844 30.030000686645508 AB 6.716629232216271 1.1401832053557115
61420.0598 lsst_hardware_r 27.078956583730182 31.360000610351562 31.549999237060547 AB 6.837843005087954 1.1512489275339561
