data/validation/pwv_sim_epoch_fit_seasonal/47350987.ecsv
# %ECSV 0.9
# ---
# datatype:
# - {name: time, datatype: float64}
# - {name: band, datatype: string}
# - {name: flux, datatype: float64}
# - {name: fluxerr, datatype: float64}
# - {name: zp, datatype: float64}
# - {name: zpsys, datatype: string}
# - {name: pwv, datatype: float64}
# - {name: airmass, datatype: float64}
# meta: {SNID: '47350987', alt: 1024.0, c: -0.018173495307564735, dec: -1.940072, lat: -30.244573, lon: -70.7499537, ra: 31.640625, t0: 63068.5234375,
#   x0: 1.0412720372515718e-05, x1: 0.8465837836265564, z: 0.45236077904701233}
# schema: astropy-2.0
time band flux fluxerr zp zpsys pwv airmass
63079.3401 lsst_hardware_z 1662.8014884694496 69.72860599025621 30.940000534057617 AB 6.845901682551761 1.3177866568915808
63079.3786 lsst_hardware_y 533.8628031860786 55.61771065301207 30.0 AB 7.4742507264552565 1.1866558447992681
63083.3581 lsst_hardware_r 2594.824175027096 96.81592699107748 31.610000610351562 AB 2.393939921004284 1.210334065812151
63083.3811 lsst_hardware_z 1472.6851857707466 72.56733808391884 30.969999313354492 AB 1.734303521128825 1.1618178001197956
63085.4315 lsst_hardware_z 1346.1169247098162 79.92787986155157 30.979999542236328 AB 3.7924608271846116 1.1492305536923066
63088.3561 lsst_hardware_z 2441.0884297845696 83.5892807304528 31.700000762939453 AB 6.032146041869339 1.1822135344760174
63088.3835 lsst_hardware_y 345.6972217937375 53.205138067322046 30.010000228881836 AB 5.947405028433176 1.143731736237149
63091.3785 lsst_hardware_g 274.7607760130691 23.567286495375928 31.459999084472656 AB 5.086607136529353 1.1415613547475638
63091.3971 lsst_hardware_i 1410.2440409372712 50.188125398330214 31.25 AB 5.08435418816431 1.1379697893867706
63094.3739 lsst_hardware_u 3.4095974280613324 3.0911196836245436 28.459999084472656 AB 6.143571570000483 1.1396682358398127
63094.392 lsst_hardware_g 211.992708432206 21.186382593568524 31.440000534057617 AB 5.5451283575272905 1.138863905838425
63100.2829 lsst_hardware_z 897.4078109756759 53.99874280926719 30.93000030517578 AB 2.3283055350113484 1.3171632293105875
63108.3435 lsst_hardware_i 853.4040241949525 59.230730047468796 31.290000915527344 AB 2.97144371671771 1.137539864755073
63108.3636 lsst_hardware_z 754.2122672284574 57.84429817084665 30.959999084472656 AB 2.9782105946633823 1.144548507156464
63113.2772 lsst_hardware_r 500.13315037143184 107.91126338852582 31.6200008392334 AB 2.6627968873476937 1.2076176359853485
63113.2962 lsst_hardware_y 282.27979486089737 63.03165610793039 30.020000457763672 AB 2.706165591338604 1.1665763945850216
63115.2709 lsst_hardware_z 567.0417022652668 65.36241143728424 30.959999084472656 AB 1.0450481108769634 1.2098965104219546
63118.2673 lsst_hardware_i 590.9982865015107 41.508109119573504 31.239999771118164 AB 5.15115857101451 1.1979438537243048
63118.285 lsst_hardware_z 611.558567775274 49.88821756709502 30.940000534057617 AB 4.999441045971442 1.1626607083654517
63121.2639 lsst_hardware_r 266.29399056128483 29.17036279021572 31.479999542236328 AB 4.264380281193799 1.186747759144842
63121.2814 lsst_hardware_u -0.37581582772558925 2.788079414450166 28.3799991607666 AB 4.152782491274322 1.1561198472367265
63125.2645 lsst_hardware_z 495.7276500823799 47.87181423161662 30.93000030517578 AB 4.665592053241064 1.1648448867945402
63125.2823 lsst_hardware_r 256.91394858323804 28.849694170667252 31.479999542236328 AB 4.5945936221436865 1.1438822295793412
63132.3217 lsst_hardware_i 1417.6185332744265 74.82378449957008 32.7400016784668 AB 2.3249717673998584 1.176704395141527
63132.3744 lsst_hardware_z 628.0468865943851 70.26161071597674 31.670000076293945 AB 2.447856260629391 1.3670083361666652
63136.2257 lsst_hardware_z 699.2195309961288 76.82922788961727 31.709999084472656 AB 3.9598963425564886 1.1808836011601325
63138.2451 lsst_hardware_r 230.6644454823193 97.46625963634338 31.6299991607666 AB 5.29029171553831 1.1452500466600468
63138.2638 lsst_hardware_z 202.70661862088483 70.73871108693234 30.979999542236328 AB 5.16546467556937 1.1374335016667727
63146.215 lsst_hardware_r 32.916577351400015 33.18000030517578 31.549999237060547 AB 4.620831784774304 1.1537657390198013
63146.2342 lsst_hardware_z 61.227130921845536 45.97999954223633 30.950000762939453 AB 4.696504403070438 1.1387765778306362
63148.2084 lsst_hardware_g 7.876994976884337 15.020000457763672 31.420000076293945 AB 3.5883174246268723 1.155192732274437
63148.2267 lsst_hardware_i -61.114093807589626 31.989999771118164 31.25 AB 3.562120134998912 1.1395745566514
63150.208 lsst_hardware_z -14.426619535582462 43.0 30.93000030517578 AB 4.467618971859221 1.149325293965413
63150.2259 lsst_hardware_r -53.00192978936555 24.15999984741211 31.479999542236328 AB 4.09688438150303 1.1380234393063973
63154.174 lsst_hardware_g 19.24464734384452 15.170000076293945 31.40999984741211 AB 7.7814292049701885 1.1863140367369938
63154.192 lsst_hardware_r 44.62915500120402 24.420000076293945 31.489999771118164 AB 7.527384400154803 1.1552155310243712
63156.1771 lsst_hardware_i -26.38976150290897 32.5 31.229999542236328 AB 7.646891197872842 1.1694729417507692
63156.1944 lsst_hardware_z 36.76169718032752 43.209999084472656 30.93000030517578 AB 7.533227877872884 1.1466100270734985
63158.1703 lsst_hardware_r -17.045996373137086 24.479999542236328 31.479999542236328 AB 3.016454267608812 1.1718557159929341
63158.1885 lsst_hardware_u -1.6399176890186862 2.7200000286102295 28.3700008392334 AB 2.9686648334172303 1.1470145534486045
63164.1747 lsst_hardware_y -30.333314457987647 71.04000091552734 30.770000457763672 AB 5.262281984024932 1.1447624054294734
63167.1697 lsst_hardware_r -184.84931208187425 109.37000274658203 31.639999389648438 AB 2.2977474197298298 1.1424001092458549
63167.1878 lsst_hardware_i 81.40317164011515 88.62000274658203 31.31999969482422 AB 2.3947551162764804 1.1376508865919286
63169.1408 lsst_hardware_i -79.9932058255794 126.06999969482422 31.31999969482422 AB 6.540903494251941 1.1708934426943975
63169.1576 lsst_hardware_z 17.70916641982638 104.31999969482422 30.989999771118164 AB 6.36131381535352 1.147837209555012
63171.154 lsst_hardware_r -107.62042823531633 104.36000061035156 31.639999389648438 AB 5.292634659779493 1.1461087416286913
63171.173 lsst_hardware_z -99.35102030074079 73.26000213623047 30.979999542236328 AB 5.017819300676318 1.1374406212571875
63182.1217 lsst_hardware_r 7.18207686635921 24.049999237060547 31.479999542236328 AB 3.988765166892974 1.148231588607823
63182.1395 lsst_hardware_z -48.55788282128763 42.7599983215332 30.940000534057617 AB 4.790962703757642 1.1378157149519417
63185.1206 lsst_hardware_r -0.631305027823659 24.040000915527344 31.489999771118164 AB 4.797929661006528 1.1423642050015541
63185.1385 lsst_hardware_u -2.4528485742326964 2.6600000858306885 28.34000015258789 AB 4.764564393005206 1.1376253077333172
63188.103 lsst_hardware_u 1.1740389636856476 2.6500000953674316 28.31999969482422 AB 6.408644671861364 1.1506506480488294
63188.1234 lsst_hardware_g -9.708263740553425 14.90999984741211 31.399999618530273 AB 6.24489886344996 1.1377634003097172
63190.0962 lsst_hardware_r -16.460190445655037 26.760000228881836 31.510000228881836 AB 6.637039954263812 1.152163866723995
63190.1165 lsst_hardware_i -5.7189608559125755 33.189998626708984 31.239999771118164 AB 6.559959075359423 1.1380585355546202
63192.1007 lsst_hardware_z 95.9298603286535 46.5099983215332 30.940000534057617 AB 4.373499250328284 1.1429005009569304
63192.1197 lsst_hardware_r 11.977249746343974 38.619998931884766 31.56999969482422 AB 4.329584439006314 1.1376678038906585
63194.1084 lsst_hardware_z -35.367237259980406 82.86000061035156 31.719999313354492 AB 9.003824210343337 1.1375646507066162
63196.1012 lsst_hardware_r -106.93657684381321 113.83999633789062 31.6299991607666 AB 4.096646468891413 1.1378256596853145
63196.1198 lsst_hardware_z -28.809319048405218 81.51000213623047 30.979999542236328 AB 4.115940349991345 1.141995010402387
63198.0439 lsst_hardware_i -177.59327009097316 100.7699966430664 31.309999465942383 AB 4.591906244799169 1.2109457396623604
63198.0528 lsst_hardware_r 81.1639088822336 125.86000061035156 31.6299991607666 AB 4.514160723096 1.188666915587466
63203.0705 lsst_hardware_r -6.24586778064346 24.049999237060547 31.489999771118164 AB 7.582882266761581 1.1430132772916255
63203.0897 lsst_hardware_i -20.095941358467567 32.0 31.239999771118164 AB 7.456379782769269 1.13766965391777
63205.0667 lsst_hardware_z 71.17756079045779 42.79999923706055 30.940000534057617 AB 1.766516863021571 1.1418984247064397
63205.0857 lsst_hardware_r 25.299299944896912 23.93000030517578 31.5 AB 4.242216724463018 1.1379336707251215
63209.0375 lsst_hardware_y 36.45875945915118 52.81999969482422 30.020000457763672 AB 5.689854413936436 1.1611947783543746
63209.0566 lsst_hardware_r 20.527463066394823 24.0 31.489999771118164 AB 6.1463942226943775 1.141391684808656
63212.0387 lsst_hardware_y 6.828595870075522 54.189998626708984 30.020000457763672 AB 15.309113754111165 1.1493256739468218
63212.0573 lsst_hardware_r 18.419559195079813 24.190000534057617 31.489999771118164 AB 15.45121603576926 1.1378618743739253
63215.0358 lsst_hardware_z -38.00916554631364 55.81999969482422 30.959999084472656 AB 8.67387405845233 1.1444648649592746
63215.0544 lsst_hardware_g 19.74553703035377 15.210000038146973 31.440000534057617 AB 8.730976453665177 1.1374317947711319
63217.0373 lsst_hardware_y -45.74240737417543 59.65999984741211 30.030000686645508 AB 11.562447740624059 1.1400185105949379
63217.0565 lsst_hardware_i 21.927198424817533 32.2599983215332 31.239999771118164 AB 12.43446949739933 1.1389745125740758
63219.0377 lsst_hardware_y -31.89588605063063 62.369998931884766 30.030000686645508 AB 4.134216889918429 1.1379622598178996
63219.0572 lsst_hardware_r -19.385157139183818 26.280000686645508 31.510000228881836 AB 4.777482329987757 1.1421186540730952
63221.0395 lsst_hardware_y -43.06620974667092 61.33000183105469 30.030000686645508 AB 5.1188977780486935 1.1375328395663764
63221.0597 lsst_hardware_g 69.51804719328298 36.86000061035156 31.639999389648438 AB 5.138469839307259 1.1487320330803514
