data/validation/pwv_sim_epoch_fit_seasonal/47468498.ecsv
# %ECSV 0.9
# ---
# datatype:
# - {name: time, datatype: float64}
# - {name: band, datatype: string}
# - {name: flux, datatype: float64}
# - {name: fluxerr, datatype: float64}
# - {name: zp, datatype: float64}
# - {name: zpsys, datatype: string}
# - {name: pwv, datatype: float64}
# - {name: airmass, datatype: float64}
# meta: {SNID: '47468498', alt: 1024.0, c: 0.07677379995584488, dec: -13.708317, lat: -30.244573, lon: -70.7499537, ra: 5.625, t0: 60522.30078125,
#   x0: 1.2776054288426772e-05, x1: 0.7138149738311768, z: 0.4152500033378601}
# schema: astropy-2.0
time band flux fluxerr zp zpsys pwv airmass
[from data line 132]
60937.1742 lsst_hardware_i -27.094055344559177 31.729999542236328 31.25 AB 6.61036918231057 1.0790971321959666
60937.1931 lsst_hardware_u -0.9351121880877609 2.8399999141693115 28.489999771118164 AB 6.459836384704729 1.0549398703944795
60939.1718 lsst_hardware_g -7.196638194461934 15.15999984741211 31.450000762939453 AB 4.704285870013072 1.074201370835887
60939.192 lsst_hardware_r 18.530106908933075 24.010000228881836 31.510000228881836 AB 4.537633517673658 1.0513516027974186
60942.1695 lsst_hardware_i -10.820115156038424 31.350000381469727 31.25 AB 4.0865419762497455 1.0658690600547067
60942.1886 lsst_hardware_r 17.762191035527767 23.969999313354492 31.510000228881836 AB 3.891565113525636 1.0482330272122924
60944.1742 lsst_hardware_u 0.6059124708757148 2.819999933242798 28.479999542236328 AB 3.5588947996149902 1.0547477795846183
60944.1944 lsst_hardware_g -10.59795359511082 15.329999923706055 31.459999084472656 AB 3.544147138715311 1.0442389919609047
60949.1447 lsst_hardware_i -31.420310654519703 39.209999084472656 31.280000686645508 AB 6.520297623201639 1.0738892599289003
60949.1648 lsst_hardware_z 18.192717804604133 45.209999084472656 30.959999084472656 AB 6.197263364645354 1.0512745317462708
60954.1447 lsst_hardware_z 22.31282342939901 99.76000213623047 31.0 AB 4.5532699809161645 1.0568109506594325
60954.1636 lsst_hardware_r 78.9767908812267 144.8300018310547 31.65999984741211 AB 4.499952015124836 1.0449816000289895
60956.1346 lsst_hardware_i 101.3451725481116 85.31999969482422 31.34000015258789 AB 5.280070927946426 1.0617832076843703
60956.1519 lsst_hardware_r -37.351086576209894 108.23999786376953 31.65999984741211 AB 5.225220559480653 1.0474182599520219
60958.1306 lsst_hardware_z 78.7300131148268 50.04999923706055 30.959999084472656 AB 3.360866546178089 1.0601266607297273
60958.1499 lsst_hardware_g 32.74349399905665 55.7599983215332 31.709999084472656 AB 3.278080517233178 1.0458899313178123
60960.1338 lsst_hardware_r -3.912664002607598 23.510000228881836 31.5 AB 6.333053924806255 1.05200231309074
60960.1514 lsst_hardware_i -8.901507267634532 30.90999984741211 31.25 AB 6.32055170533696 1.0441440041856211
60962.1122 lsst_hardware_i 12.908019128238156 31.219999313354492 31.25 AB 7.7037868605323085 1.0695000153449605
60962.1296 lsst_hardware_z 13.511897082040388 41.439998626708984 30.950000762939453 AB 8.779484596131693 1.0510576554688966
60964.1127 lsst_hardware_i -35.15996081964209 31.3700008392334 31.260000228881836 AB 8.21127612255226 1.0618487162229742
60964.1311 lsst_hardware_u -3.0538016481884283 2.819999933242798 28.5 AB 8.25794391285629 1.046910643434319
60966.1102 lsst_hardware_g -12.404644265394682 14.829999923706055 31.440000534057617 AB 9.192723121078995 1.0585715000906633
60966.1281 lsst_hardware_r 3.785753219586166 23.68000030517578 31.510000228881836 AB 6.430200926560245 1.045872904100449
60969.1115 lsst_hardware_i -25.223717440295058 31.1200008392334 31.25 AB 2.823228656783089 1.050340842703568
60971.0459 lsst_hardware_u 3.147553719774458 2.7300000190734863 28.389999389648438 AB 5.095848895352503 1.1677682945522783
60973.1032 lsst_hardware_r 21.493190671915784 23.440000534057617 31.510000228881836 AB 4.749058461684247 1.048665934421665
60973.1197 lsst_hardware_i -16.116122709389607 30.899999618530273 31.25 AB 4.703615447190386 1.0439332944863362
60975.1026 lsst_hardware_z -8.251951888350266 41.5 30.940000534057617 AB 4.433946912927349 1.0462357038526071
60975.1198 lsst_hardware_r -4.452577056567508 24.170000076293945 31.510000228881836 AB 4.4307288255537225 1.044572611132559
60977.0798 lsst_hardware_i -71.05664402452415 34.540000915527344 31.260000228881836 AB 2.549434889370411 1.0589553019189464
60977.0966 lsst_hardware_z -27.105197334234234 43.04999923706055 30.950000762939453 AB 3.1107828558810464 1.0464620506438485
60980.0762 lsst_hardware_z 20.167292189906604 59.709999084472656 30.979999542236328 AB 4.429698003910022 1.0544807785542603
60980.0957 lsst_hardware_r 63.7382298873257 73.1500015258789 31.649999618530273 AB 5.667058214196686 1.0442981967191916
60990.0559 lsst_hardware_r 32.8569425502796 23.549999237060547 31.510000228881836 AB 3.62620351995828 1.0491981057892166
60990.0735 lsst_hardware_i 5.646975405491543 31.06999969482422 31.260000228881836 AB 3.627673820274776 1.043934912309288
60994.0523 lsst_hardware_g -1.3528433944326472 14.789999961853027 31.450000762939453 AB 5.517792089117729 1.045630488746964
60994.0697 lsst_hardware_r 6.27073105723817 23.65999984741211 31.510000228881836 AB 5.625300389120344 1.0450121473379796
60996.055 lsst_hardware_i 24.24821488742593 31.260000228881836 31.260000228881836 AB 4.068346511738743 1.0439688251834014
60996.0751 lsst_hardware_z 59.346507684689776 41.75 30.950000762939453 AB 3.925766202772085 1.0502317289384926
60998.0282 lsst_hardware_y 18.517713341511413 49.58000183105469 30.040000915527344 AB 5.989408954131621 1.0534842203561716
60998.0472 lsst_hardware_i 14.67936049603912 31.1200008392334 31.25 AB 4.911726667090181 1.0441965773497177
61000.0302 lsst_hardware_y -58.35712035224344 48.40999984741211 30.040000915527344 AB 4.794933003728219 1.048244631082373
61000.05 lsst_hardware_g -9.819165592070638 14.5600004196167 31.43000030517578 AB 4.072689399655915 1.0442793332451064
61005.0225 lsst_hardware_z -10.754100650002123 58.09000015258789 30.979999542236328 AB 5.118996124245054 1.0455465940043
61005.045 lsst_hardware_u 1.0363606723113563 3.630000114440918 28.65999984741211 AB 4.601354226534995 1.0470314532467373
61007.0215 lsst_hardware_y -1.8542423573680118 74.0 30.06999969482422 AB 4.642512417717956 1.0443760008363887
61007.0366 lsst_hardware_r -57.18266293898901 39.91999816894531 31.600000381469727 AB 4.681474039514495 1.0457889064033274
