data/validation/pwv_sim_epoch_fit_seasonal/47575571.ecsv
# %ECSV 0.9
# ---
# datatype:
# - {name: time, datatype: float64}
# - {name: band, datatype: string}
# - {name: flux, datatype: float64}
# - {name: fluxerr, datatype: float64}
# - {name: zp, datatype: float64}
# - {name: zpsys, datatype: string}
# - {name: pwv, datatype: float64}
# - {name: airmass, datatype: float64}
# meta: {SNID: '47575571', alt: 1024.0, c: -0.017493313178420067, dec: -28.29155, lat: -30.244573, lon: -70.7499537, ra: 75.761719, t0: 60335.63671875,
#   x0: 3.613613763963796e-06, x1: 0.8891016244888306, z: 0.7004848718643188}
# schema: astropy-2.0
time band flux fluxerr zp zpsys pwv airmass
[from data line 132]
60612.194 lsst_hardware_r -14.759140764938346 22.649999618530273 31.469999313354492 AB 6.223780809837913 1.2040589688214187
60614.1914 lsst_hardware_i -17.057672245913462 31.1200008392334 31.239999771118164 AB 5.3100243354109 1.1918354785449619
60614.2088 lsst_hardware_r -29.66056880283476 22.170000076293945 31.479999542236328 AB 5.53826956327013 1.1279571411955693
60616.1706 lsst_hardware_z 88.2872958937396 44.380001068115234 30.93000030517578 AB 4.735507202988117 1.2639816369913563
60616.1893 lsst_hardware_u -4.374622824459084 2.6700000762939453 28.399999618530273 AB 4.350261507464476 1.1781344637681095
60623.2004 lsst_hardware_z 101.02517886904454 42.2400016784668 30.950000762939453 AB 9.59777951205468 1.0825377297602339
60623.2183 lsst_hardware_g 16.92115469870229 17.850000381469727 31.530000686645508 AB 9.496240640091651 1.045342601558447
60627.1978 lsst_hardware_r 9.387149890523895 60.560001373291016 31.6299991607666 AB 4.311920179282111 1.0636648882001127
60627.217 lsst_hardware_y 46.763437596172515 49.43000030517578 30.049999237060547 AB 7.379378693109684 1.030351674547479
60628.196 lsst_hardware_z -1.3593152072319021 57.52000045776367 30.969999313354492 AB 4.050499702274428 1.0617299350650928
60628.2147 lsst_hardware_r -29.40649111827074 75.62999725341797 31.649999618530273 AB 7.795264445550803 1.0297575225296598
60630.2054 lsst_hardware_i -53.36457503996493 74.29000091552734 31.329999923706055 AB 2.608750549605938 1.035286943422925
60630.2236 lsst_hardware_z -75.05956687235786 64.97000122070312 30.989999771118164 AB 5.926693570661945 1.0134998197019272
60632.1132 lsst_hardware_r -17.98245833834623 58.7599983215332 31.56999969482422 AB 5.995051487580819 1.3441819478879824
60632.1304 lsst_hardware_i -69.82367469831694 57.70000076293945 31.280000686645508 AB 6.003540539156757 1.2461079750557003
60636.1219 lsst_hardware_r -13.247693427810994 23.010000228881836 31.459999084472656 AB 8.496409097791407 1.2342256097895155
60636.1389 lsst_hardware_z 126.38645959021308 43.060001373291016 30.940000534057617 AB 7.668845697199307 1.161946317757471
60641.1221 lsst_hardware_r -17.51983652100342 22.510000228881836 31.459999084472656 AB 4.524860025609226 1.1739669702351583
60641.1384 lsst_hardware_i -12.385101777854228 30.6200008392334 31.239999771118164 AB 4.685197069968757 1.1176297552852617
60643.1199 lsst_hardware_z 42.59242406347623 42.869998931884766 30.940000534057617 AB 5.83338747033714 1.161528053032318
60643.1366 lsst_hardware_u -1.620551772886161 2.619999885559082 28.3799991607666 AB 5.840340766496826 1.1068588584282815
60645.125 lsst_hardware_g -21.658089466147846 13.420000076293945 31.399999618530273 AB 7.314406706580268 1.1252933394738873
60645.1424 lsst_hardware_r -20.700564681650626 22.110000610351562 31.479999542236328 AB 6.98254833567218 1.0775814710777818
60649.1442 lsst_hardware_i 12.109146407847797 30.059999465942383 31.25 AB 5.619220589217357 1.0509109012936892
60649.1662 lsst_hardware_u 1.595881044870951 2.7100000381469727 28.5 AB 5.485490849417409 1.0189450820873798
60651.0257 lsst_hardware_y -32.48696329443208 76.16000366210938 29.8700008392334 AB 6.107911308515203 1.653766599778114
60651.0468 lsst_hardware_z -11.436732196638628 46.7400016784668 30.90999984741211 AB 4.334933363699434 1.449568086841175
60655.0391 lsst_hardware_z -119.27915443222338 95.83999633789062 31.690000534057617 AB 18.950647025111937 1.4240933100042787
60657.0303 lsst_hardware_y -92.5945513665584 76.54000091552734 29.93000030517578 AB 12.030135723260258 1.4505207656356567
60657.0511 lsst_hardware_z -68.04477100420941 60.31999969482422 30.950000762939453 AB 10.318247487307145 1.306107276874322
60661.0336 lsst_hardware_y 22.410883053390087 73.8499984741211 29.959999084472656 AB 4.841769399393925 1.3469001736959476
60661.0553 lsst_hardware_i -4.1307247350966385 31.989999771118164 31.219999313354492 AB 5.003097203610342 1.2263244570402503
60667.0377 lsst_hardware_z -92.71344462639377 56.38999938964844 30.959999084472656 AB 8.234729703277722 1.232098407013948
60667.0604 lsst_hardware_u 5.568687696241661 2.680000066757202 28.389999389648438 AB 7.335830925704325 1.1401073810865137
60669.0378 lsst_hardware_y 22.722905764659274 66.83000183105469 30.0 AB 11.411017534304229 1.2065574976795377
60669.0597 lsst_hardware_r 4.50009636067109 22.450000762939453 31.469999313354492 AB 10.869506898526687 1.124567471783838
60671.0402 lsst_hardware_y -61.439450990791876 60.650001525878906 30.020000457763672 AB 6.660795892251082 1.1739153846054076
60671.0617 lsst_hardware_z 17.517261087475646 42.209999084472656 30.950000762939453 AB 6.8280466623801495 1.102483314700925
60673.0411 lsst_hardware_y -81.03104569173084 60.290000915527344 30.020000457763672 AB 11.957384229025713 1.150218524784201
60673.0633 lsst_hardware_u 7.69304708482375 2.630000114440918 28.3700008392334 AB 9.279353361093145 1.083962739427003
60675.0415 lsst_hardware_y -170.82358340605265 60.9900016784668 30.040000915527344 AB 7.690243464613297 1.1303597297641355
60675.0618 lsst_hardware_r -41.14725183466915 21.90999984741211 31.479999542236328 AB 7.3503036131174655 1.0745247896597627
60677.0416 lsst_hardware_y 75.4568904224153 56.70000076293945 30.030000686645508 AB 7.744365064609564 1.1131492798231408
60677.0639 lsst_hardware_r -17.923535394409505 21.799999237060547 31.469999313354492 AB 7.168227550793295 1.0583013116328683
60679.0417 lsst_hardware_z 40.77522572972153 50.16999816894531 30.959999084472656 AB 2.443427351632966 1.0974297559546222
60679.063 lsst_hardware_g -11.630358646541248 14.289999961853027 31.43000030517578 AB 2.3928271261669587 1.0496006694448772
60681.0442 lsst_hardware_y 193.3119860957068 76.88999938964844 30.799999237060547 AB 10.446019308542699 1.0773534765411212
60681.0682 lsst_hardware_i -16.629003561058248 44.95000076293945 32.02000045776367 AB 10.106588634415596 1.032267666595628
60685.0413 lsst_hardware_y -54.54703823913787 63.810001373291016 30.059999465942383 AB 12.242687717436823 1.0598200303653273
60685.0578 lsst_hardware_z -128.4987855712364 51.380001068115234 30.979999542236328 AB 9.279921681301508 1.0315226590056885
60687.0415 lsst_hardware_y 50.42524509484837 62.95000076293945 30.059999465942383 AB 5.360701525388564 1.0489754309769714
60687.0575 lsst_hardware_z 64.05527897898652 57.4900016784668 30.979999542236328 AB 3.709291518084319 1.0246661652166626
