data/validation/pwv_sim_epoch_fit_seasonal/47600861.ecsv
# %ECSV 0.9
# ---
# datatype:
# - {name: time, datatype: float64}
# - {name: band, datatype: string}
# - {name: flux, datatype: float64}
# - {name: fluxerr, datatype: float64}
# - {name: zp, datatype: float64}
# - {name: zpsys, datatype: string}
# - {name: pwv, datatype: float64}
# - {name: airmass, datatype: float64}
# meta: {SNID: '47600861', alt: 1024.0, c: -0.04684954136610031, dec: -29.142223, lat: -30.244573, lon: -70.7499537, ra: 191.601562, t0: 60403.76171875,
#   x0: 2.4987811584747726e-05, x1: 1.2561475038528442, z: 0.311625212430954}
# schema: astropy-2.0
time band flux fluxerr zp zpsys pwv airmass
60320.2912 lsst_hardware_i 39.09607771853317 33.58000183105469 31.219999313354492 AB 8.131618356024573 1.3246195025153393
60320.3084 lsst_hardware_z -31.189156878688383 44.29999923706055 30.940000534057617 AB 9.112342927958851 1.2313976929674122
60322.2898 lsst_hardware_r -15.105547311430897 24.780000686645508 31.459999084472656 AB 6.011788029314774 1.3004083991595876
60322.3065 lsst_hardware_g -6.307164813419433 14.989999771118164 31.399999618530273 AB 6.656791908991587 1.2149093231722567
60324.282 lsst_hardware_r -12.637256704353806 24.989999771118164 31.450000762939453 AB 7.34539017618698 1.3141800172090254
60324.2989 lsst_hardware_i 20.272217816615548 33.0099983215332 31.219999313354492 AB 7.2813338805600285 1.2247141534918164
60326.2864 lsst_hardware_z -17.754948689341038 44.70000076293945 30.93000030517578 AB 2.816561402180401 1.2592673929271356
60326.3039 lsst_hardware_i 24.768343897500635 32.34000015258789 31.229999542236328 AB 3.087093187166113 1.1796305644501857
60328.2999 lsst_hardware_u -2.6560173480748626 2.5799999237060547 28.270000457763672 AB 7.747621425812641 1.1738820342140366
60328.3188 lsst_hardware_g -19.075626365790885 14.640000343322754 31.40999984741211 AB 7.326305758806105 1.1100463270918342
60332.2999 lsst_hardware_z -90.95778129582985 70.69000244140625 31.709999084472656 AB 10.225448255077097 1.1347215019921497
60334.3121 lsst_hardware_z -58.599490716952694 56.939998626708984 30.969999313354492 AB 10.624415449216244 1.084124025430229
60334.3297 lsst_hardware_r 32.1416570332796 74.5199966430664 31.649999618530273 AB 10.260974904354619 1.0470382555463895
60336.3011 lsst_hardware_z -123.19305594837772 60.56999969482422 30.969999313354492 AB 13.062312467960687 1.0984425340962083
60336.3191 lsst_hardware_r 84.59294522750668 82.20999908447266 31.649999618530273 AB 12.542026370532911 1.056615532479605
60338.3172 lsst_hardware_z 4.795073275855441 83.29000091552734 31.729999542236328 AB 11.646276747334506 1.0498762054750324
60348.2118 lsst_hardware_i -51.92344653192665 46.70000076293945 31.950000762939453 AB 9.563047629952324 1.3432032721885396
60348.2408 lsst_hardware_z -15.165921499087082 61.119998931884766 31.68000030517578 AB 8.55510002845306 1.1920023261705386
60350.2212 lsst_hardware_u 1.8549477563430694 2.609999895095825 28.290000915527344 AB 5.457362030095625 1.2576015739360813
60350.2406 lsst_hardware_r 25.937482937308392 23.3700008392334 31.479999542236328 AB 5.0913963607954775 1.1709294401768058
60352.2182 lsst_hardware_z -25.322784536812023 43.869998931884766 30.93000030517578 AB 7.31248015836645 1.2451720101657024
60352.2401 lsst_hardware_i -24.254101662728043 31.469999313354492 31.239999771118164 AB 6.756195697841242 1.1525410607030435
60356.2061 lsst_hardware_r 20.701868360026804 23.579999923706055 31.459999084472656 AB 5.248461552512839 1.2510734303395585
60356.2243 lsst_hardware_i 4.059897958363004 31.489999771118164 31.229999542236328 AB 4.617795770836028 1.1706181052883016
60359.2268 lsst_hardware_z -81.96310974540552 62.209999084472656 31.700000762939453 AB 2.9625111389535026 1.1327109659850894
60362.2104 lsst_hardware_z 38.27040845873761 55.529998779296875 30.969999313354492 AB 9.406189508185161 1.1612579639734768
60362.2295 lsst_hardware_r 8.719053022264928 68.58000183105469 31.639999389648438 AB 8.910968953619225 1.100119623903608
60363.1665 lsst_hardware_r 122.22009062463836 88.4800033569336 31.56999969482422 AB 10.944077561690454 1.3720830668159167
60363.183 lsst_hardware_z -78.86008422392116 63.70000076293945 30.959999084472656 AB 13.928088859978857 1.271816721858421
60365.2122 lsst_hardware_i 17.1161971109872 85.08999633789062 31.31999969482422 AB 9.597209911558963 1.126984234648261
60365.2324 lsst_hardware_z 24.714339935924546 72.44000244140625 30.979999542236328 AB 9.175488519609155 1.0724771074398112
60367.2161 lsst_hardware_z -141.6526918601082 76.76000213623047 30.989999771118164 AB 6.475759896057995 1.0994343423649344
60367.2362 lsst_hardware_r 9.234369306454356 107.16000366210938 31.65999984741211 AB 6.073605855614747 1.0532721110362726
60369.2132 lsst_hardware_i 70.3938401142975 71.13999938964844 31.329999923706055 AB 3.853261375565569 1.0926071953399534
60369.2331 lsst_hardware_r 101.19310365451967 82.94000244140625 31.65999984741211 AB 3.722388920645607 1.0489049698902757
60372.21 lsst_hardware_z -50.98589091806035 45.45000076293945 30.950000762939453 AB 6.047263993662941 1.0801257430929283
60372.2296 lsst_hardware_g 7.456396791156602 33.599998474121094 31.65999984741211 AB 5.8011028361243575 1.0408366082577118
60375.2176 lsst_hardware_r -6.928129136199381 22.690000534057617 31.489999771118164 AB 10.139877235423494 1.0473276538567906
60375.2387 lsst_hardware_i 9.285269891521823 30.149999618530273 31.25 AB 9.851576862738824 1.0177336439954336
60382.084 lsst_hardware_r 339.8916846848497 30.33351818219229 31.3700008392334 AB 21.245338666725356 1.6423739378640867
60382.1109 lsst_hardware_u 0.21822754152924 2.6691609598545263 28.059999465942383 AB 18.039030404122823 1.3984015507372234
60390.1759 lsst_hardware_z 1892.141017823591 65.3545723750509 30.969999313354492 AB 5.041873990307911 1.0486608524775964
60390.1936 lsst_hardware_r 4348.371042138288 85.71419444853545 31.639999389648438 AB 4.817424049761604 1.0223554442857767
60393.1817 lsst_hardware_z 10152.19698096958 178.80754423346912 32.5 AB 7.057865905654728 1.0269721215939946
60396.0875 lsst_hardware_y 899.4624015481055 74.01922949004603 29.979999542236328 AB 10.545749853375144 1.3019444263426103
60396.112 lsst_hardware_g 6379.224653093155 154.94574012850848 31.68000030517578 AB 9.634121621290362 1.1827780677635975
60396.1737 lsst_hardware_r 7234.501118536409 150.59740798233972 31.670000076293945 AB 7.368107892801445 1.0267231956154181
60396.1882 lsst_hardware_i 4949.212797870122 121.06491959457225 31.350000381469727 AB 7.2343490465941365 1.011325588992642
60398.0687 lsst_hardware_i 5177.8149480624625 96.49859054528643 31.260000228881836 AB 6.969868805736584 1.3877289807339708
60398.086 lsst_hardware_z 3127.421217184402 83.94612805668187 30.950000762939453 AB 7.613711733622417 1.2796154174155323
60402.0618 lsst_hardware_r 7314.358813251872 87.65797718015075 31.440000534057617 AB 8.356975405576048 1.3600187811670204
60402.079 lsst_hardware_i 5227.155119847159 79.49908841263141 31.219999313354492 AB 7.755593958470194 1.2587695611231327
60404.0646 lsst_hardware_z 3126.0418554201747 70.78717825076275 30.920000076293945 AB 10.219448971204189 1.3081313285166445
60404.0819 lsst_hardware_i 5609.000136234139 79.92242910311617 31.229999542236328 AB 9.509157852274315 1.2181857356231507
60414.0591 lsst_hardware_z 2754.2681220475392 67.43482580626268 30.940000534057617 AB 13.061808229869001 1.198331030263211
60414.0772 lsst_hardware_g 3548.963166169371 61.86376219280937 31.469999313354492 AB 12.3265210042137 1.13087348662511
60416.059 lsst_hardware_r 5936.455972587955 83.23863507591886 31.559999465942383 AB 17.196630902209225 1.1763809554638363
60416.0783 lsst_hardware_i 4660.0544705571565 76.24268034973305 31.280000686645508 AB 16.221907070755865 1.110740833922401
60419.066 lsst_hardware_z 4540.670544114467 99.2501605372073 31.719999313354492 AB 7.5749421694907415 1.1231010432179611
60421.0556 lsst_hardware_z 1987.798588366092 82.266304641133 30.979999542236328 AB 10.653896761215634 1.1390684183127604
60421.0737 lsst_hardware_r 4750.53702111565 117.37212126016374 31.649999618530273 AB 10.16955539152164 1.0862781924681748
60427.0515 lsst_hardware_i 3246.779246152191 81.33010706001127 31.309999465942383 AB 1.799786517440165 1.1015728965256544
60427.0697 lsst_hardware_z 1835.0279110747388 70.63966777724197 30.969999313354492 AB 1.6995762940087245 1.0584863778339575
60431.0562 lsst_hardware_i 2886.52213696676 61.63144891288259 31.260000228881836 AB 8.935614040296764 1.0637635762258053
60431.0745 lsst_hardware_r 2363.815736286373 54.3304569597014 31.520000457763672 AB 8.666081604568275 1.031676381496223
60433.9583 lsst_hardware_z 1901.8325851740906 91.82408150944366 30.940000534057617 AB 16.735832854799607 1.482337094651653
60433.9766 lsst_hardware_i 2671.9204406917543 60.72483026161117 31.219999313354492 AB 13.966659597910239 1.3457300763993099
60441.9801 lsst_hardware_r 1235.6160023767443 43.21867496400656 31.469999313354492 AB 9.388931626720293 1.2093943701228533
60441.9877 lsst_hardware_i 2297.2713078775296 56.48574475848161 31.229999542236328 AB 9.16580215262503 1.1775939041080687
60445.9551 lsst_hardware_y 732.5354207729318 76.11951322392116 29.979999542236328 AB 12.194849922427169 1.2787329523691544
60445.9739 lsst_hardware_z 1550.3591239415475 60.524024996269546 30.940000534057617 AB 12.465306276802092 1.1892106732304992
60454.9643 lsst_hardware_y 355.7840188812619 56.199882186703064 30.030000686645508 AB 6.542042026106269 1.1339665508200958
60454.9864 lsst_hardware_g 371.14615091009654 70.22715057960485 31.709999084472656 AB 6.165191414059129 1.0730781064154902
60456.9563 lsst_hardware_y 332.8679828209395 61.150680756610946 30.020000457763672 AB 7.62364396257628 1.142461256193032
60456.9807 lsst_hardware_i 1291.0523578201435 46.87969782393342 31.25 AB 6.915194572688976 1.0736212657489224
60458.957 lsst_hardware_y 462.1484016155404 57.82263052415861 30.030000686645508 AB 10.875485959939287 1.122418394104096
60458.9793 lsst_hardware_g 265.70109214822736 21.642070193163203 31.40999984741211 AB 10.126910435547293 1.064701722709102
60460.9614 lsst_hardware_y 268.5287535971712 51.917705645671234 30.030000686645508 AB 7.490082473652049 1.0941881291856324
60460.9806 lsst_hardware_i 1131.4819286203285 45.04621076334344 31.25 AB 7.204665191651127 1.0512899426033406
60462.9556 lsst_hardware_z 788.0578154699687 56.32717563141817 30.959999084472656 AB 10.403297548878646 1.0950839525135416
60462.9745 lsst_hardware_u -4.162448007025164 3.829766298494044 28.40999984741211 AB 9.635126443781093 1.0524824982283574
60464.9564 lsst_hardware_y 354.02598592487146 57.04332857753609 30.049999237060547 AB 13.305033997741843 1.0793407964421062
60464.9742 lsst_hardware_r 636.9751007287279 33.877783825207715 31.489999771118164 AB 12.11858241597181 1.043281361587357
60466.9577 lsst_hardware_y 330.02185086857907 54.158213493073774 30.040000915527344 AB 4.917425061746957 1.0641857662932999
60466.9786 lsst_hardware_z 652.4008366449631 48.12994701002697 30.950000762939453 AB 4.336584373000564 1.0283576886413477
60685.2883 lsst_hardware_i 4.451889930949391 33.91999816894531 31.219999313354492 AB 8.906778292602356 1.3473173683171153
60685.3053 lsst_hardware_u -3.6632292193068716 2.740000009536743 28.350000381469727 AB 8.933245675332138 1.2499585842679224
60689.2851 lsst_hardware_i -56.3120691032602 65.33000183105469 31.280000686645508 AB 9.270047398996152 1.3000253457829307
60689.304 lsst_hardware_r 53.45526743618692 80.2699966430664 31.610000610351562 AB 9.948153434946581 1.2048631532030578
60691.2967 lsst_hardware_z 103.62852862148304 84.6500015258789 31.719999313354492 AB 6.885563417705881 1.2129945243910651
60693.3093 lsst_hardware_r 32.346612290692754 70.30999755859375 31.6200008392334 AB 8.2859488990387 1.1421412039062302
60693.3273 lsst_hardware_i -61.65157105998287 59.25 31.31999969482422 AB 7.881438010898097 1.088821995012516
60696.2984 lsst_hardware_z 109.7538039651831 52.65999984741211 30.959999084472656 AB 13.780273343330695 1.1515709140793629
60696.3149 lsst_hardware_r 50.00696065372899 51.939998626708984 31.6200008392334 AB 13.238170023813698 1.0999268849498316
60698.2914 lsst_hardware_z 0.39600000681184555 44.790000915527344 30.940000534057617 AB 10.992521278065936 1.1571075029543092
60698.3095 lsst_hardware_g 2.2829972951920765 24.31999969482422 31.579999923706055 AB 9.923524833769854 1.0997626339604558
60700.2946 lsst_hardware_r 16.015490988256047 24.440000534057617 31.5 AB 11.050658552046368 1.127618219596568
60700.3117 lsst_hardware_z 6.088579836854047 42.16999816894531 30.950000762939453 AB 10.585498057359416 1.0801528629958588
60702.303 lsst_hardware_u -0.5182681178842757 2.819999933242798 28.5 AB 12.922322734982373 1.0881345104821376
60702.3219 lsst_hardware_g -8.838849491652326 14.649999618530273 31.459999084472656 AB 12.44385122828166 1.0475797980930794
60704.3036 lsst_hardware_r -8.098367771546783 23.700000762939453 31.510000228881836 AB 11.913524636942808 1.0735645408235863
60704.3213 lsst_hardware_i 42.49159504586004 31.139999389648438 31.260000228881836 AB 11.516166542283198 1.0393652113974006
60706.3081 lsst_hardware_z -42.820364195309594 41.470001220703125 30.950000762939453 AB 11.342678602366295 1.05285578654225
60706.3263 lsst_hardware_r 32.944455070012296 23.18000030517578 31.510000228881836 AB 10.993996579881507 1.0245081147965247
60708.3091 lsst_hardware_u 2.3582692200340634 2.8399999141693115 28.540000915527344 AB 8.71515835307131 1.0414449336472387
60708.3269 lsst_hardware_r -15.237859246116649 23.209999084472656 31.520000457763672 AB 8.503648759306527 1.017588603028304
60710.2007 lsst_hardware_z -38.51131075381715 47.130001068115234 30.899999618530273 AB 13.41200181559286 1.4935414048544196
60710.2186 lsst_hardware_i -67.51985192056962 33.310001373291016 31.209999084472656 AB 10.185916721556087 1.3568106459164186
60712.2172 lsst_hardware_g -6.7934362554036065 14.489999771118164 31.350000381469727 AB 5.731286857943033 1.3306911673886774
60712.2361 lsst_hardware_r -6.073117597084681 24.010000228881836 31.479999542236328 AB 5.287147113786608 1.2279984006007685
60715.1943 lsst_hardware_r 26.814516695287235 57.38999938964844 31.549999237060547 AB 8.080808214697369 1.4335299298735795
60715.2145 lsst_hardware_i 138.52677358171474 48.83000183105469 31.270000457763672 AB 6.939864215191523 1.2978177687055523
60717.2278 lsst_hardware_z -47.09956586935955 83.12999725341797 31.709999084472656 AB 4.484872362847145 1.2038040654520712
60719.2228 lsst_hardware_r 6.672338995109211 99.33999633789062 31.6200008392334 AB 6.018270572007712 1.201811337018102
60719.2414 lsst_hardware_i -145.00899751422466 76.2699966430664 31.31999969482422 AB 5.671493036537725 1.1318839216081025
60721.2095 lsst_hardware_z 65.9167762688032 72.48999786376953 30.969999313354492 AB 4.0967422698674945 1.2376864863647585
60721.2295 lsst_hardware_r 194.24325953705784 97.0 31.6299991607666 AB 3.8158818882460595 1.1538802202135046
60725.2117 lsst_hardware_r 42.53195974043815 56.22999954223633 31.610000610351562 AB 3.098247092956206 1.179910032227054
60725.2315 lsst_hardware_z -8.758973384845444 52.529998779296875 30.969999313354492 AB 2.910080304228462 1.111884727950506
60728.2154 lsst_hardware_r 20.6979180275832 25.280000686645508 31.5 AB 9.206256930963884 1.1365749297486276
60728.2353 lsst_hardware_y -49.96250892949715 47.7599983215332 30.030000686645508 AB 8.748386008161965 1.0800476553286378
60730.2143 lsst_hardware_g -3.3922229141980296 14.220000267028809 31.40999984741211 AB 9.42125538970435 1.12258032644675
60730.2345 lsst_hardware_r -16.78485385700041 23.049999237060547 31.5 AB 9.025282432156798 1.0693462597342176
60732.2109 lsst_hardware_i -51.44267788523777 31.299999237060547 31.239999771118164 AB 6.189307457882112 1.1162967729970443
60732.2297 lsst_hardware_z 6.636704976690685 41.59000015258789 30.940000534057617 AB 5.880933199252462 1.0679014344021178
60737.2139 lsst_hardware_g 1.999068610078944 14.09000015258789 31.40999984741211 AB 5.606473787372465 1.0726671787064666
60737.2345 lsst_hardware_i -20.92904557058072 30.459999084472656 31.25 AB 5.402369929873992 1.0342763107608153
60741.2119 lsst_hardware_u -0.2994189374287252 2.680000066757202 28.40999984741211 AB 10.219642022367458 1.0540784592966506
60741.2314 lsst_hardware_g -15.034246480839316 14.15999984741211 31.43000030517578 AB 9.902256909307402 1.0237007039498993
60750.0877 lsst_hardware_r -99.23780821009868 141.52000427246094 31.540000915527344 AB 11.01117134806879 1.527790953285831
60750.1091 lsst_hardware_z -42.67745756110181 95.33999633789062 30.959999084472656 AB 9.767802490282097 1.3587465500125793
