data/validation/pwv_sim_epoch_fit_seasonal/4766933.ecsv
# %ECSV 0.9
# ---
# datatype:
# - {name: time, datatype: float64}
# - {name: band, datatype: string}
# - {name: flux, datatype: float64}
# - {name: fluxerr, datatype: float64}
# - {name: zp, datatype: float64}
# - {name: zpsys, datatype: string}
# - {name: pwv, datatype: float64}
# - {name: airmass, datatype: float64}
# meta: {SNID: '4766933', alt: 1024.0, c: 0.08001227676868439, dec: -52.222923, lat: -30.244573, lon: -70.7499537, ra: 25.935961, t0: 62362.8984375,
#   x0: 8.357168760773334e-06, x1: 1.6120469570159912, z: 0.49593299627304077}
# schema: astropy-2.0
time band flux fluxerr zp zpsys pwv airmass
[from data line 132]
62791.3177 lsst_hardware_r 9.9372286500838 43.97999954223633 31.549999237060547 AB 6.897245830965652 1.2752407434415394
62793.2853 lsst_hardware_i 29.871242080729413 35.349998474121094 31.260000228881836 AB 4.276300600303948 1.1903963812668945
62793.2955 lsst_hardware_z -7.161538983167771 45.18000030517578 30.940000534057617 AB 4.632383946625115 1.2190484070066092
62794.1043 lsst_hardware_g 10.121890506106388 18.530000686645508 32.119998931884766 AB 3.8022198440538744 1.171987314187832
62794.1133 lsst_hardware_i -10.70366535961595 30.969999313354492 31.239999771118164 AB 3.6992440928810484 1.1521432976348356
62796.2447 lsst_hardware_r -4.446333890405979 21.959999084472656 31.469999313354492 AB 2.7115924694781306 1.1232001944682273
62796.2549 lsst_hardware_u 1.8006040425867786 2.5399999618530273 28.31999969482422 AB 3.2391372067046134 1.1407421048440267
62799.2761 lsst_hardware_r -23.708145557543368 22.309999465942383 31.450000762939453 AB 4.5986059062141615 1.2101594490037269
62799.2872 lsst_hardware_i -21.294794789736315 31.540000915527344 31.219999313354492 AB 4.729774451562873 1.2446774872533877
62807.2281 lsst_hardware_z -47.17074480534576 42.54999923706055 30.93000030517578 AB 4.91277497660329 1.1469736710680494
62807.2402 lsst_hardware_r -12.904527439186422 22.280000686645508 31.459999084472656 AB 5.181965044503041 1.1732529675670909
62809.183 lsst_hardware_i -37.944342579376105 41.29999923706055 31.299999237060547 AB 5.049660027069272 1.0916610276866627
62809.1938 lsst_hardware_z 30.07119153261849 46.81999969482422 30.959999084472656 AB 5.1107404085635215 1.1024030216917742
62819.1366 lsst_hardware_r -11.410353493800113 43.689998626708984 31.610000610351562 AB 5.391591337665804 1.0800102836442034
62819.1483 lsst_hardware_z 36.645276657338634 47.79999923706055 30.959999084472656 AB 5.425686834312712 1.0860605183030776
62822.1767 lsst_hardware_g 2.0741031778173373 12.850000381469727 31.350000381469727 AB 3.0210783482932597 1.128039709363343
62822.1895 lsst_hardware_i 33.6255403448895 34.36000061035156 31.25 AB 3.051693171815623 1.1517272003329813
62827.0579 lsst_hardware_u 1.4825505323115686 3.6500000953674316 29.1200008392334 AB 4.838038001217132 1.0988049060226697
62827.0673 lsst_hardware_g 13.902904736467192 18.200000762939453 32.119998931884766 AB 4.764818352129798 1.0900979986571666
62829.0848 lsst_hardware_r 11.911818694155928 21.760000228881836 31.469999313354492 AB 8.539293886159157 1.078284437178051
62829.0973 lsst_hardware_i -8.938611237364961 30.100000381469727 31.239999771118164 AB 8.53174721793191 1.0773314948141424
62833.1612 lsst_hardware_g 16.266940468303904 13.0600004196167 31.360000610351562 AB 4.857732504849072 1.155342187259714
62833.1733 lsst_hardware_i 3.428514395071392 31.079999923706055 31.229999542236328 AB 3.8216969488296493 1.1832794949546093
62835.1585 lsst_hardware_z -23.530397830252706 42.189998626708984 30.940000534057617 AB 6.114739881872909 1.1612838062620663
62835.1696 lsst_hardware_r 20.30241748647773 22.270000457763672 31.469999313354492 AB 5.2859718969308656 1.1877698817161706
62836.0427 lsst_hardware_i 32.30355734328651 33.279998779296875 31.260000228881836 AB 9.066723777442707 1.0901216893704764
62838.1537 lsst_hardware_r 4.7662454692890055 39.77000045776367 31.56999969482422 AB 7.557763993231336 1.1689292871211672
62838.1671 lsst_hardware_i 23.91101815682436 40.380001068115234 31.260000228881836 AB 7.683225361121708 1.2030550839470295
62840.1776 lsst_hardware_z 70.72152058884265 52.4900016784668 30.950000762939453 AB 3.04775059344179 1.252671842762385
62840.1897 lsst_hardware_r 97.1075681677697 55.2599983215332 31.579999923706055 AB 3.007334494681243 1.2976632123759408
62842.1215 lsst_hardware_z 6.090356923876312 54.58000183105469 30.959999084472656 AB 6.372521324260238 1.1270819462787829
62842.1331 lsst_hardware_r -99.42688489750688 67.87000274658203 31.6200008392334 AB 5.113167338713456 1.1481233498851366
62844.0814 lsst_hardware_z -30.200298716411375 81.08000183105469 31.729999542236328 AB 5.811121715119686 1.0870036878263956
62849.0786 lsst_hardware_r -9.53799524738164 21.959999084472656 31.469999313354492 AB 8.65919112188069 1.0961001420102139
62849.0909 lsst_hardware_z 7.142523254222565 41.5099983215332 30.93000030517578 AB 8.190147184627495 1.1101646490475277
62851.0771 lsst_hardware_r -46.20923763427369 22.200000762939453 31.479999542236328 AB 11.00233535539327 1.1001863846942688
62851.0894 lsst_hardware_u 0.7716460016139016 2.6600000858306885 28.420000076293945 AB 11.260577593649366 1.1155770559470193
