data/validation/pwv_sim_epoch_fit_seasonal/47796525.ecsv
# %ECSV 0.9
# ---
# datatype:
# - {name: time, datatype: float64}
# - {name: band, datatype: string}
# - {name: flux, datatype: float64}
# - {name: fluxerr, datatype: float64}
# - {name: zp, datatype: float64}
# - {name: zpsys, datatype: string}
# - {name: pwv, datatype: float64}
# - {name: airmass, datatype: float64}
# meta: {SNID: '47796525', alt: 1024.0, c: 0.10254013538360596, dec: -18.997131, lat: -30.244573, lon: -70.7499537, ra: 223.945312, t0: 62223.07421875,
#   x0: 1.1849211345943485e-05, x1: 0.3610638976097107, z: 0.42867961525917053}
# schema: astropy-2.0
time band flux fluxerr zp zpsys pwv airmass
62187.3588 lsst_hardware_z -99.75735975981836 42.16999816894531 30.950000762939453 AB 4.023194777656071 1.050442500693541
62187.3855 lsst_hardware_y -43.087846481798934 49.59000015258789 30.059999465942383 AB 2.7632616251823037 1.0234302315490014
62189.38 lsst_hardware_u -3.061431097137661 3.190000057220459 28.600000381469727 AB 8.802023882976625 1.0234514805212929
62191.3821 lsst_hardware_r 22.959312466236067 25.190000534057617 31.530000686645508 AB 10.930537001711338 1.0203455750677635
62193.3898 lsst_hardware_z -121.4230419186563 73.2699966430664 31.719999313354492 AB 6.080595425276943 1.0195498701000911
62195.3733 lsst_hardware_z 74.51523670260653 58.49205212923209 30.979999542236328 AB 4.882144158822896 1.0198222693243295
62195.3924 lsst_hardware_y -83.4442841026117 57.43267744639834 30.06999969482422 AB 4.844369957141666 1.021947111414435
62197.3705 lsst_hardware_i 160.61844647079633 75.84978930869067 31.34000015258789 AB 3.262019198726751 1.0193809996021097
62197.3885 lsst_hardware_y 41.04458962311694 57.218759972183584 30.06999969482422 AB 3.104302451584124 1.0226659369409072
62198.3202 lsst_hardware_i -111.17165248976846 79.05231309170233 31.329999923706055 AB 6.469908371806986 1.0647864014494115
62198.3371 lsst_hardware_y 52.244071320961666 57.23336828071556 30.059999465942383 AB 6.181680308790291 1.0392289675747197
62203.3502 lsst_hardware_r 657.8001698281537 40.66010123109342 31.56999969482422 AB 8.288167274631073 1.0201135142165791
62203.3676 lsst_hardware_i 539.3437777188949 41.897848768793956 31.270000457763672 AB 8.324707191792 1.02081020132336
62205.3494 lsst_hardware_z 569.4398212748448 48.19578541330676 30.950000762939453 AB 8.493484488397888 1.019299682582353
62205.3696 lsst_hardware_u -1.622731945155589 3.452874574997198 28.549999237060547 AB 8.591467932189232 1.0242468500578499
62207.3523 lsst_hardware_g 552.382556366951 28.209250592664205 31.489999771118164 AB 6.996487067796822 1.019673113429545
62207.3706 lsst_hardware_r 1622.7432308501109 47.131705251828386 31.530000686645508 AB 7.07100801209691 1.0287721255733329
62209.3406 lsst_hardware_i 1605.90105925606 50.24484484774109 31.25 AB 10.648471166622414 1.0191712581112233
62209.3595 lsst_hardware_z 1193.2912688413548 53.47553630825031 30.950000762939453 AB 10.705125142376371 1.0247407602785394
62210.3368 lsst_hardware_i 1722.7263927079423 52.31166999750002 31.260000228881836 AB 9.205735970548186 1.0192167959568474
62210.3559 lsst_hardware_u 1.448237585639087 3.6078813294297443 28.530000686645508 AB 9.262849607885698 1.024217194908394
62215.3163 lsst_hardware_r 3877.72277422155 66.28723678544017 31.540000915527344 AB 4.88816389454599 1.020422495556193
62215.3356 lsst_hardware_i 2849.6217051489916 61.13500199549975 31.280000686645508 AB 5.304472922202696 1.0210727472960157
62217.3183 lsst_hardware_z 2244.174423333921 62.45138373606068 30.959999084472656 AB 5.9072838968120935 1.0191854666476663
62217.3384 lsst_hardware_u 0.5599636332210141 4.019030823578222 28.6299991607666 AB 6.378408252732307 1.0252065930803789
62219.3144 lsst_hardware_g 1530.8861758273963 42.1109047718723 31.479999542236328 AB 6.126532243656584 1.0191636204374843
62219.3339 lsst_hardware_r 4316.481146737417 69.65914616003231 31.520000457763672 AB 6.975706468383242 1.0258391865269474
62221.3118 lsst_hardware_z 2444.803737381333 64.24852731222505 30.959999084472656 AB 6.487397709922466 1.0193365699349184
62221.3304 lsst_hardware_r 4383.116746302378 70.67428830230352 31.530000686645508 AB 6.540717969550927 1.0272303375904337
62223.287 lsst_hardware_i 3543.8216219324745 83.79444420874296 31.329999923706055 AB 7.788481107605841 1.0235431629059717
62223.3052 lsst_hardware_z 2825.6168676193643 75.35594505470853 30.989999771118164 AB 7.510398059738718 1.01923433362961
62227.2859 lsst_hardware_i 3459.7442633233877 120.89443105083515 31.350000381469727 AB 4.781967263316726 1.0198266716393103
62227.3041 lsst_hardware_r 4477.942933176742 145.23659796401833 31.670000076293945 AB 5.149474358014795 1.0215521953409814
62229.2946 lsst_hardware_z 5104.675684605124 111.09289621143587 31.739999771118164 AB 5.891506752703912 1.0202037725828588
62231.2722 lsst_hardware_r 7716.578437020503 103.5210226534373 32.36000061035156 AB 7.112523462527107 1.0205457426621718
62231.291 lsst_hardware_i 3027.461449416349 67.5912769799109 31.280000686645508 AB 7.054102356994827 1.0207556951082617
62233.2735 lsst_hardware_z 2269.958135980325 61.97146524504339 30.950000762939453 AB 8.153997884203315 1.0192497355254144
62233.2926 lsst_hardware_r 3406.5224935792735 63.60711766016796 31.540000915527344 AB 8.582174637409945 1.0239222076846257
62235.2739 lsst_hardware_u 0.8678687122187868 2.957639121060758 28.450000762939453 AB 5.43121500604621 1.0193721858194837
62235.293 lsst_hardware_g 652.3070223646885 29.952525215212876 31.459999084472656 AB 8.090914698643427 1.027852809482544
62237.2659 lsst_hardware_r 2711.0754426578765 57.069125727943856 31.520000457763672 AB 3.5112346130510566 1.019176995709271
62237.2826 lsst_hardware_z 1961.2702884613384 59.506987262759154 30.950000762939453 AB 3.5227790972439377 1.0244607688766783
62241.2019 lsst_hardware_r 4237.266850530084 72.8294057411215 32.2599983215332 AB 10.558032879690646 1.0664679676455198
62241.2202 lsst_hardware_u 4.331860330129712 3.104700696204461 28.469999313354492 AB 10.457362612882186 1.0386388955022863
62243.26 lsst_hardware_g 328.7141096706845 24.698566821792138 31.510000228881836 AB 13.692024246239516 1.0213863322736858
62243.2784 lsst_hardware_r 1876.2541102831472 49.39175210560882 31.540000915527344 AB 14.04751692938533 1.0343760931754942
62245.2533 lsst_hardware_i 1858.0319734795642 52.8783441849405 31.270000457763672 AB 9.866448828566584 1.0209311541157111
62245.2713 lsst_hardware_z 1473.494381616993 55.728638133438686 30.959999084472656 AB 10.058841888926938 1.032735306871349
62247.2345 lsst_hardware_z 1392.4009260068456 55.153790694902995 30.959999084472656 AB 8.106987220599828 1.0193194325984563
62247.2504 lsst_hardware_r 1316.1027891905223 44.66212226215719 31.540000915527344 AB 8.447260387762041 1.021928428231556
62249.2279 lsst_hardware_z 1297.1674453077787 56.25797780212949 30.959999084472656 AB 4.598611781593508 1.019459474951452
62249.2441 lsst_hardware_g 230.75535168723897 21.525463927780184 31.489999771118164 AB 4.548570039935133 1.0215766513049147
62251.233 lsst_hardware_r 1139.9950447106485 69.987131590458 31.649999618530273 AB 12.951901227628198 1.019834742332929
62251.2497 lsst_hardware_z 1387.8079457713213 63.113478969724824 30.979999542236328 AB 13.057517804676902 1.0281510082422758
62253.2317 lsst_hardware_r 904.7933475208326 125.07390771726618 31.670000076293945 AB 2.882837165121581 1.0210154648915966
62253.2495 lsst_hardware_y 483.5121289222117 65.54026816918659 30.059999465942383 AB 2.924820966661989 1.0327757650642617
62255.2145 lsst_hardware_z 1041.2080339700385 115.43623540476024 31.010000228881836 AB 10.696006184879684 1.019184936940638
62255.2326 lsst_hardware_r 966.5743289362588 169.11539087551776 31.670000076293945 AB 10.72835249883476 1.0239583067098585
62258.2173 lsst_hardware_i 1227.0528836081387 65.1452653378263 31.31999969482422 AB 8.217624944048042 1.0207595732001793
62258.2369 lsst_hardware_z 1123.8608135548313 62.78401941350939 30.969999313354492 AB 8.200934463787075 1.0338181104026063
62260.2205 lsst_hardware_r 582.4163343224923 45.68785025242691 31.610000610351562 AB 9.74957162398742 1.02488620186633
62260.2385 lsst_hardware_z 875.6742470046374 54.78185693168038 30.959999084472656 AB 9.922334089089379 1.0418607072649937
62262.1957 lsst_hardware_u -0.5299688322882969 3.065386001732462 28.530000686645508 AB 3.3333753238503867 1.0191730505046026
62262.2142 lsst_hardware_g 84.34257669320682 19.76811044204165 31.520000457763672 AB 2.5107396236636936 1.0243735714662154
62267.1926 lsst_hardware_g 56.15275906387778 18.384647754337845 31.5 AB 7.942885105280241 1.0207177261015516
62267.2114 lsst_hardware_r 435.4864068273602 32.42613553003504 31.540000915527344 AB 7.774955576931367 1.0328964100077098
62269.163 lsst_hardware_i 798.721389436344 42.51582985946744 31.270000457763672 AB 7.138297843123213 1.0227154042943103
62269.1817 lsst_hardware_z 691.886790216038 49.682326209307654 30.959999084472656 AB 6.118754944545763 1.0194526731998939
62271.1486 lsst_hardware_r 348.04626892979826 31.179939984357247 31.530000686645508 AB 7.185258722964001 1.028485771760816
62271.1694 lsst_hardware_u 1.8080979253431695 3.042018749997529 28.510000228881836 AB 6.631418145285789 1.0192773048395085
62276.1551 lsst_hardware_g 94.5125854326688 17.78537340771462 31.469999313354492 AB 7.848934155816154 1.019342098157942
62276.1749 lsst_hardware_i 605.8458762366353 40.05952203658373 31.260000228881836 AB 8.24564191356904 1.0237522551300122
62278.1294 lsst_hardware_r 331.62437969983085 43.91942353850451 31.610000610351562 AB 5.055350560316757 1.028555556524264
62278.1505 lsst_hardware_z 589.6396234645576 50.97454740717646 30.959999084472656 AB 5.015007717749182 1.0192587201360055
62281.1198 lsst_hardware_r 221.21665177093237 108.7129635188236 31.65999984741211 AB 5.912328733525797 1.0297234368985422
62281.1415 lsst_hardware_y 207.36634259025976 61.641598965995115 30.06999969482422 AB 5.799599309014927 1.0193363853266808
62284.1173 lsst_hardware_z 1105.0403050613122 131.44457320029122 31.760000228881836 AB 7.7855989924524165 1.025432860382309
62284.14 lsst_hardware_r 767.4031628432241 197.1097557468878 32.41999816894531 AB 7.243550546603601 1.019356958430003
62290.1212 lsst_hardware_g 41.23189542835568 16.72505286042916 31.479999542236328 AB 9.214110054297315 1.0191754062768372
62290.1391 lsst_hardware_i 461.2557692527791 37.49197675849502 31.260000228881836 AB 9.256275860328923 1.0252096131206812
62303.0843 lsst_hardware_r 62.03055734968344 24.1299991607666 31.520000457763672 AB 8.097484681567115 1.0191604646256514
62303.1046 lsst_hardware_u -0.24610065554678 2.869999885559082 28.530000686645508 AB 8.145128018687862 1.0258670636591456
62305.0862 lsst_hardware_g 35.563428313413226 20.049999237060547 31.56999969482422 AB 5.279743369523603 1.0199774685150478
62305.1062 lsst_hardware_r -4.938014747997443 26.399999618530273 31.540000915527344 AB 5.345003908472033 1.0315221438029012
62311.0699 lsst_hardware_z -52.273457871807004 117.29000091552734 31.75 AB 3.467990994604901 1.0199973513543827
62313.0643 lsst_hardware_r -99.850166925799 106.58000183105469 31.670000076293945 AB 3.985936593188222 1.0199645829675466
62313.0868 lsst_hardware_z 43.35830035221182 71.80000305175781 30.989999771118164 AB 5.045820117983749 1.0338912561393627
62320.0938 lsst_hardware_g 23.478257660025733 21.760000228881836 32.20000076293945 AB 6.937504556828419 1.073252561390535
62320.126 lsst_hardware_r -6.557564068924463 34.9900016784668 32.22999954223633 AB 7.184735717210663 1.1632687760608769
62324.0505 lsst_hardware_r 5.158675143555231 24.260000228881836 31.510000228881836 AB 3.2765048465115743 1.0282456759804093
62324.081 lsst_hardware_i 22.352510338578877 31.809999465942383 31.25 AB 3.3964222697706896 1.06951472754404
62326.0386 lsst_hardware_z -16.31929598356566 41.650001525878906 30.959999084472656 AB 2.463707896600119 1.0238786063793364
62326.0637 lsst_hardware_r 13.483012622454426 24.610000610351562 31.530000686645508 AB 2.9796889533532873 1.0492786172561976
62328.9989 lsst_hardware_u -1.1956359249502668 2.880000114440918 28.520000457763672 AB 10.870172150360796 1.022850399946126
62329.0192 lsst_hardware_g 29.163417425764976 15.8100004196167 31.479999542236328 AB 9.836750664467598 1.0196693961301542
62332.9972 lsst_hardware_r -23.94834341485249 25.75 31.530000686645508 AB 4.368991262036255 1.0196805497206136
62333.0186 lsst_hardware_u 1.8590480718314282 3.1600000858306885 28.559999465942383 AB 4.500442604189128 1.0233899537675908
62343.9613 lsst_hardware_y -28.134224027346583 70.19999694824219 30.06999969482422 AB 4.42998725553103 1.0213619556250453
62343.9837 lsst_hardware_i 29.910190954378102 46.43000030517578 31.309999465942383 AB 4.471774760892581 1.0211862893109342
62345.9615 lsst_hardware_y 42.35589397515263 74.22000122070312 30.079999923706055 AB 4.540556825846438 1.0197196846546788
62345.9831 lsst_hardware_r 1.373469014609548 25.09000015258789 31.530000686645508 AB 4.577875306219642 1.023389103273826
62558.3839 lsst_hardware_i -55.232766227248106 35.33000183105469 31.280000686645508 AB 6.139708240096023 1.0192078751819427
62560.3695 lsst_hardware_u -3.6914499574912045 3.0 28.530000686645508 AB 4.832872009052898 1.0211012062228815
62560.3868 lsst_hardware_z -36.30683784064227 42.95000076293945 30.959999084472656 AB 4.859017177678076 1.0198734718417568
62564.3685 lsst_hardware_z 5.523426567807644 41.400001525878906 30.950000762939453 AB 7.507326409794145 1.0191632567541886
62564.3867 lsst_hardware_y -52.60439574171035 47.5 30.049999237060547 AB 7.097173476343332 1.0242463225029463
62565.3692 lsst_hardware_u 1.1445497452696862 2.7899999618530273 28.459999084472656 AB 9.860877952674146 1.019264866677779
62565.3883 lsst_hardware_y 43.876483312331466 47.689998626708984 30.049999237060547 AB 9.977800954747417 1.0271215339615776
62567.3538 lsst_hardware_g -8.700943919801544 15.470000267028809 31.459999084472656 AB 8.772510895241318 1.0200594064234092
62567.3724 lsst_hardware_r 8.458337269826574 24.329999923706055 31.520000457763672 AB 8.783066702009059 1.021286825815007
62569.3488 lsst_hardware_i 48.03734700869836 31.350000381469727 31.260000228881836 AB 7.002289356121299 1.0199489254400804
62569.3692 lsst_hardware_r 27.33527240357058 24.309999465942383 31.520000457763672 AB 7.133650461853838 1.0222326376519342
62573.3378 lsst_hardware_u 2.2730038320148225 2.759999990463257 28.440000534057617 AB 13.216222766695841 1.019967028106965
62573.357 lsst_hardware_g -13.870112676766597 15.399999618530273 31.459999084472656 AB 13.214347139379347 1.0216752079310085
62576.336 lsst_hardware_r 16.15885112207343 24.1299991607666 31.520000457763672 AB 7.681886374227301 1.0191557378742688
62576.356 lsst_hardware_i -1.1618644633710615 31.309999465942383 31.25 AB 7.728925853680716 1.0255325222159777
62579.3466 lsst_hardware_z -71.29501684482939 91.0999984741211 31.739999771118164 AB 6.6749370953009 1.024758778256113
62581.2716 lsst_hardware_z -38.345510909325114 84.97000122070312 31.0 AB 4.855629825112662 1.065064668811763
62581.2916 lsst_hardware_r 106.6828028236527 124.43000030517578 31.65999984741211 AB 4.714264455230084 1.0358744133663118
62583.3206 lsst_hardware_i -62.819094072111106 87.48999786376953 31.34000015258789 AB 6.269978711528349 1.0193153675229742
62583.3396 lsst_hardware_r -69.32188059789543 104.73999786376953 31.65999984741211 AB 6.202457719043457 1.0274498230079856
62585.2579 lsst_hardware_z -83.22784999529584 51.27000045776367 30.959999084472656 AB 6.97796603939662 1.0703769969673966
62585.2754 lsst_hardware_r -15.696779128052574 52.599998474121094 31.6299991607666 AB 6.79186836656432 1.0420971793731424
62590.1535 lsst_hardware_i 21.515316546222433 35.029998779296875 31.18000030517578 AB 9.55159501362431 1.5054526132643127
62590.1722 lsst_hardware_z -75.91432930942507 46.25 30.90999984741211 AB 9.225245702552318 1.3574189914734756
62595.3021 lsst_hardware_r 26.330810800790694 23.940000534057617 31.510000228881836 AB 7.052820833474443 1.0242632732054253
62595.3211 lsst_hardware_z -1.4270046370051155 41.41999816894531 30.940000534057617 AB 7.097269837404645 1.041839309685441
62599.2734 lsst_hardware_g -1.9744479588825976 15.289999961853027 31.459999084472656 AB 8.832724612982528 1.0191507327409384
62599.2932 lsst_hardware_r -4.854585342311257 24.06999969482422 31.510000228881836 AB 10.213216251258231 1.0255262828856544
62601.2674 lsst_hardware_i -61.9993847389217 31.209999084472656 31.260000228881836 AB 4.179414862304188 1.019162331795372
62601.2843 lsst_hardware_z -69.76366400907631 41.31999969482422 30.950000762939453 AB 4.248211763793933 1.0234599712011083
