data/validation/pwv_sim_epoch_fit_seasonal/47842112.ecsv
# %ECSV 0.9
# ---
# datatype:
# - {name: time, datatype: float64}
# - {name: band, datatype: string}
# - {name: flux, datatype: float64}
# - {name: fluxerr, datatype: float64}
# - {name: zp, datatype: float64}
# - {name: zpsys, datatype: string}
# - {name: pwv, datatype: float64}
# - {name: airmass, datatype: float64}
# meta: {SNID: '47842112', alt: 1024.0, c: -0.07258149981498718, dec: -5.67919, lat: -30.244573, lon: -70.7499537, ra: 29.355469, t0: 60575.64453125,
#   x0: 8.249312269904247e-06, x1: 0.8607173562049866, z: 0.49833202362060547}
# schema: astropy-2.0
time band flux fluxerr zp zpsys pwv airmass
[from data line 132]
60958.177 lsst_hardware_g -2.9893237935071064 71.98999786376953 31.68000030517578 AB 3.9236344773693355 1.1522027635187946
60958.1957 lsst_hardware_r -93.6468756743933 74.27999877929688 31.6299991607666 AB 3.853968375453837 1.1199055720999729
60962.1756 lsst_hardware_r 12.97782793730211 24.350000381469727 31.5 AB 9.072754918394734 1.1336692388347787
60962.1945 lsst_hardware_u -5.246105443763565 2.680000066757202 28.350000381469727 AB 8.911220417565502 1.1094646934219998
60964.1776 lsst_hardware_g 18.927256434907562 14.949999809265137 31.440000534057617 AB 8.507301780915142 1.1221872814820286
60964.1952 lsst_hardware_i 24.754317735666497 31.649999618530273 31.25 AB 8.388974528945235 1.1049634416041294
60966.1694 lsst_hardware_z -9.284240862446216 42.72999954223633 30.940000534057617 AB 6.544909277729411 1.1261027662989351
60966.1866 lsst_hardware_r -43.07115633420161 24.18000030517578 31.5 AB 6.438263509872627 1.1070551114585427
60973.1739 lsst_hardware_z -59.6796637812138 42.56999969482422 30.940000534057617 AB 5.044670243833225 1.1032228263230806
60973.1917 lsst_hardware_r 42.70554257403057 24.190000534057617 31.5 AB 5.040215317944166 1.101566018565027
60975.1439 lsst_hardware_r -34.18862150054759 24.770000457763672 31.489999771118164 AB 3.980089494391782 1.127504106059995
60975.1616 lsst_hardware_u 2.008875578965824 2.7200000286102295 28.360000610351562 AB 4.121262148749246 1.107370035490169
60980.1236 lsst_hardware_r -42.316501741724466 58.349998474121094 31.610000610351562 AB 6.247485376529397 1.1387533153847158
60980.1427 lsst_hardware_z 13.214813230889627 52.41999816894531 30.959999084472656 AB 5.124291917863071 1.111901759657803
60990.1171 lsst_hardware_r -1.6740035598884462 23.719999313354492 31.489999771118164 AB 2.1831235390204253 1.1102980490888748
60990.1356 lsst_hardware_u 0.9813237329519332 2.640000104904175 28.350000381469727 AB 2.8841917339025875 1.1008365396567805
60992.1215 lsst_hardware_g -7.74326163454943 14.729999542236328 31.420000076293945 AB 3.862961994904108 1.103466969907622
60992.1377 lsst_hardware_r -23.089371336864353 23.850000381469727 31.5 AB 5.505356193225049 1.1010712386450099
60994.0942 lsst_hardware_r 22.572211634451698 23.979999542236328 31.5 AB 4.721920643686461 1.1242668199253478
60994.1122 lsst_hardware_i -31.42365291384043 31.68000030517578 31.25 AB 4.643670595560251 1.105635856085774
60998.0978 lsst_hardware_u -2.31164945940211 2.740000009536743 28.440000534057617 AB 4.897138514710057 1.108137922658835
60998.1181 lsst_hardware_g 15.79313050040013 14.510000228881836 31.43000030517578 AB 4.875738287301308 1.1006802386818595
61000.0978 lsst_hardware_r 40.541332451617215 23.6200008392334 31.479999542236328 AB 3.5767162452322787 1.1044360800470214
61000.1183 lsst_hardware_z -26.730957881401878 42.380001068115234 30.940000534057617 AB 3.7197234025457306 1.1016506449117023
61003.0558 lsst_hardware_r -22.955380678894116 24.059999465942383 31.489999771118164 AB 8.63266196026438 1.1486222504454948
61003.0667 lsst_hardware_u 4.8409382485229555 2.799999952316284 28.450000762939453 AB 8.575556489020355 1.1286597116372583
61005.075 lsst_hardware_u -3.761789180147745 3.2100000381469727 28.479999542236328 AB 4.889961411704658 1.1113548662965131
61005.0945 lsst_hardware_g 1.502884171526217 17.1299991607666 31.479999542236328 AB 3.975907310059925 1.1008511241513406
61007.0617 lsst_hardware_r -11.716889091580088 34.349998474121094 31.56999969482422 AB 4.252909264876675 1.1201692532600016
61007.0798 lsst_hardware_i -73.78981732797402 36.81999969482422 31.270000457763672 AB 4.210025509095908 1.1038346903766032
61010.0702 lsst_hardware_z 54.95902079458149 63.84000015258789 30.979999542236328 AB 9.185682725368544 1.104601590384004
61010.0896 lsst_hardware_r -19.685667867465835 80.80999755859375 31.639999389648438 AB 9.78795213842067 1.1012857178049063
61012.0747 lsst_hardware_z 13.712853524233035 107.2300033569336 31.739999771118164 AB 7.305282153332181 1.1009488077217144
61014.0667 lsst_hardware_r 127.06401220787497 91.06999969482422 31.639999389648438 AB 1.7040006311394242 1.101487156521487
61014.0862 lsst_hardware_z -38.25344168174935 66.31999969482422 30.979999542236328 AB 4.127679740043295 1.1041989585028207
61016.0387 lsst_hardware_y -26.49042288250844 51.29999923706055 30.020000457763672 AB 5.99278005136497 1.1181776719540317
61016.059 lsst_hardware_r 32.821145867231486 23.68000030517578 31.489999771118164 AB 5.03064370068533 1.1021840829674763
61021.0399 lsst_hardware_y -68.57935358002183 52.459999084472656 30.030000686645508 AB 14.705085837444551 1.104752612545841
61021.0584 lsst_hardware_i 12.039281975563869 31.670000076293945 31.25 AB 14.950781823626711 1.101042571932373
61023.034 lsst_hardware_y 45.41921475033666 65.19000244140625 30.049999237060547 AB 9.201444399359648 1.1050131379079677
61023.052 lsst_hardware_r -14.92599719459652 23.940000534057617 31.5 AB 8.697019846194198 1.1008885881258479
61025.0351 lsst_hardware_y 36.94080334961307 63.130001068115234 30.049999237060547 AB 10.916825681437045 1.1019496713822683
61025.0532 lsst_hardware_g 2.6865279535871216 15.0 31.440000534057617 AB 11.02924500018839 1.1027661541095255
61027.0359 lsst_hardware_y -13.457162854470852 62.22999954223633 30.040000915527344 AB 3.889038223724568 1.1006971552323124
61027.0544 lsst_hardware_z 3.854449381408012 42.40999984741211 30.940000534057617 AB 4.442586522032555 1.106497265761533
