data/validation/pwv_sim_epoch_fit_seasonal/47882729.ecsv
# %ECSV 0.9
# ---
# datatype:
# - {name: time, datatype: float64}
# - {name: band, datatype: string}
# - {name: flux, datatype: float64}
# - {name: fluxerr, datatype: float64}
# - {name: zp, datatype: float64}
# - {name: zpsys, datatype: string}
# - {name: pwv, datatype: float64}
# - {name: airmass, datatype: float64}
# meta: {SNID: '47882729', alt: 1024.0, c: -0.07436315715312958, dec: -7.933337, lat: -30.244573, lon: -70.7499537, ra: 191.601562, t0: 62225.109375,
#   x0: 3.3230687402334754e-06, x1: -1.467326283454895, z: 0.7248128056526184}
# schema: astropy-2.0
time band flux fluxerr zp zpsys pwv airmass
62162.3228 lsst_hardware_z -16.53323522289411 43.40999984741211 30.940000534057617 AB 14.07208237980205 1.1476640198835346
62162.3411 lsst_hardware_y 18.86047675558808 48.189998626708984 30.030000686645508 AB 15.542000524662107 1.1102552418753404
62163.36 lsst_hardware_u 3.795718693572676 3.259999990463257 28.610000610351562 AB 11.93994417631155 1.0855810561563417
62163.3785 lsst_hardware_y 21.232076397965336 69.05999755859375 30.059999465942383 AB 11.336982187678867 1.0797125893027493
62165.3648 lsst_hardware_r -9.133504362332076 58.2599983215332 31.6299991607666 AB 12.538141894344257 1.0806414043821813
62167.3599 lsst_hardware_r 50.035411435330495 95.73999786376953 31.649999618530273 AB 12.481933762586605 1.0804920119101118
62167.3783 lsst_hardware_y 76.27218039561349 65.16999816894531 30.049999237060547 AB 12.857300147099002 1.0825300948267884
62169.3613 lsst_hardware_z -137.83152852065018 106.47000122070312 31.739999771118164 AB 10.611115490062078 1.0796820807958887
62171.359 lsst_hardware_i 151.33167007202334 66.6500015258789 31.329999923706055 AB 8.992623511178095 1.0799355723763775
62171.3775 lsst_hardware_y 103.3540407543018 59.72999954223633 30.049999237060547 AB 8.380936079539984 1.0894236422123986
62175.3378 lsst_hardware_u 0.26077749605673123 3.380000114440918 28.639999389648438 AB 8.656605683013616 1.0805561782510555
62175.3576 lsst_hardware_g 0.9230852763825769 17.81999969482422 31.520000457763672 AB 8.75936662150491 1.0830970185687574
62177.3339 lsst_hardware_r 38.752880323095546 24.639999389648438 31.520000457763672 AB 3.702895734880132 1.0801912878880158
62177.3534 lsst_hardware_z -17.93697421339738 42.529998779296875 30.950000762939453 AB 3.709349264411018 1.0837863985033733
62179.33 lsst_hardware_u -2.8647933680075917 2.869999885559082 28.5 AB 6.481338323958331 1.0799230753610105
62179.3469 lsst_hardware_g -5.077608632825538 15.4399995803833 31.450000762939453 AB 6.704356624791307 1.083211432269173
62181.1626 lsst_hardware_r 23.642011864962605 37.2599983215332 32.08000183105469 AB 3.554172312599933 1.9922490541479445
62181.1939 lsst_hardware_i -11.726376659008153 35.27000045776367 31.190000534057617 AB 2.4720823873702247 1.5665921339481779
62183.3027 lsst_hardware_z -90.05031435148666 42.380001068115234 30.950000762939453 AB 5.524620412541496 1.0875772257574676
62183.3208 lsst_hardware_r -9.11584538454054 24.31999969482422 31.510000228881836 AB 5.545628710750947 1.079738849788447
62185.3103 lsst_hardware_r 5.281847907518564 24.40999984741211 31.520000457763672 AB 5.382228031903581 1.0806059392468164
62185.3283 lsst_hardware_u 3.3814045464724902 2.890000104904175 28.520000457763672 AB 5.317314428731077 1.0821296217209009
62187.2826 lsst_hardware_g 4.001081123233492 15.40999984741211 31.450000762939453 AB 3.0033621595249214 1.0966512267009207
62187.2989 lsst_hardware_i 3.8187608202021 32.060001373291016 31.260000228881836 AB 3.957729538205856 1.0829249010048858
62189.308 lsst_hardware_z -51.85867217432024 42.22999954223633 30.950000762939453 AB 12.072212656489263 1.0797319192799466
62189.3274 lsst_hardware_r -39.21484521151998 24.280000686645508 31.5 AB 12.157054104237242 1.0885858032492886
62191.3028 lsst_hardware_y -4.827010358591461 48.0410024966809 30.040000915527344 AB 10.717154035786395 1.079750547234308
62191.3194 lsst_hardware_g 4.7325412112838015 15.510502218993128 31.469999313354492 AB 10.763487663713324 1.0865624534336082
62193.3005 lsst_hardware_r -65.59904805548594 51.98157677765946 31.6200008392334 AB 7.050462643913693 1.080199577740722
62193.3174 lsst_hardware_i -87.84423156728921 46.06796476319228 31.299999237060547 AB 7.1249278279591275 1.0893829816970277
62195.3035 lsst_hardware_z -72.40658040641685 74.37023407505691 30.989999771118164 AB 5.705505293011891 1.0833580732957007
62195.3227 lsst_hardware_r -257.5306819159007 109.44486109920564 31.649999618530273 AB 5.807714037339852 1.101353821142531
62197.2731 lsst_hardware_r -164.06710654595926 146.52125021042673 31.649999618530273 AB 3.7822958803709428 1.0822019686326017
62197.292 lsst_hardware_z -58.188658446371704 99.94281281128211 31.0 AB 3.6585455725223746 1.080811099711189
62198.2292 lsst_hardware_z 39.63717570852067 89.75376694573973 30.979999542236328 AB 5.937651594761531 1.136501405830516
62198.246 lsst_hardware_i -41.46606188805526 100.8526154110011 31.31999969482422 AB 5.760485600691634 1.1053411878905564
62201.2737 lsst_hardware_z -11.427441837207844 48.56283545434197 30.959999084472656 AB 8.400810472833506 1.0796684802990444
62201.2915 lsst_hardware_r 21.606855426241786 46.0100546722662 31.610000610351562 AB 8.452290983706169 1.086121880435552
62203.2757 lsst_hardware_y -50.88978177625598 48.325414984562926 30.030000686645508 AB 10.70025742280192 1.080834083111305
62203.294 lsst_hardware_g 81.02276852810684 24.499969456014107 31.559999465942383 AB 10.52436030235048 1.0931560947650458
62205.2734 lsst_hardware_r 145.73661806021008 27.632957212719027 31.520000457763672 AB 10.206723179241195 1.0819943475728084
62205.2928 lsst_hardware_i 203.294084519102 35.28313878816 31.25 AB 9.435928637161403 1.0980096160538595
62210.264 lsst_hardware_i 539.515423504774 38.91043271966214 31.25 AB 9.432415168634058 1.0841856515671333
62210.2834 lsst_hardware_z 263.98252559705156 45.97489826049379 30.940000534057617 AB 9.601576971766619 1.103629536984669
62212.2394 lsst_hardware_z 309.8561680349986 46.57137327576754 30.950000762939453 AB 8.945555826562135 1.0799898378078152
62212.2571 lsst_hardware_r 626.0903592449278 35.000399704511175 31.520000457763672 AB 8.558557911501238 1.0833617609495236
62215.2394 lsst_hardware_u 5.375896803648559 3.806075961007554 28.56999969482422 AB 5.310378849895232 1.0800038336170898
62215.2601 lsst_hardware_g 203.19112123403798 21.79311174135136 31.479999542236328 AB 5.439556255004217 1.0919880062240856
62217.2374 lsst_hardware_r 938.9452305267971 39.17920708617454 31.530000686645508 AB 6.222303050525823 1.0808082305321205
62217.2574 lsst_hardware_i 1110.1368281714203 45.20132432929813 31.270000457763672 AB 5.766629335501335 1.0949122961031632
62221.2203 lsst_hardware_z 702.9551150167551 56.408752871949865 30.969999313354492 AB 7.046053361033511 1.0797032387838508
62221.2384 lsst_hardware_r 1045.9777038248933 58.32219816608098 31.6200008392334 AB 7.090575185162179 1.0872475015262972
62223.2129 lsst_hardware_i 1236.895672606848 88.38220224525372 31.34000015258789 AB 8.24218781740987 1.0796683019923854
62223.2313 lsst_hardware_z 729.0368582586176 76.40536391345286 30.989999771118164 AB 8.323265303327371 1.0860210468850808
62225.2163 lsst_hardware_r 882.5534638294948 175.45394045964403 31.649999618530273 AB 7.051274301991712 1.0810416448270206
62225.2351 lsst_hardware_z 1024.1583938489507 118.47606646374336 31.0 AB 7.05963562655646 1.0944040347080437
62227.2106 lsst_hardware_y 294.73603521814437 61.770411260068656 30.049999237060547 AB 4.591392249197036 1.080963448898668
62227.2287 lsst_hardware_r 926.9060617245244 110.32569048816634 31.649999618530273 AB 4.634701291951967 1.093390781728927
62229.2014 lsst_hardware_i 1201.4157092253743 59.62465966504022 31.309999465942383 AB 6.926652901887366 1.0800394337662214
62229.2197 lsst_hardware_z 718.4185479860228 57.1655116049269 30.959999084472656 AB 7.838055512284485 1.0899055151615658
62233.2054 lsst_hardware_r 674.8011581082498 35.67458021047185 31.510000228881836 AB 11.0320547291215 1.0870625934001825
62233.2234 lsst_hardware_i 957.0728686601135 44.804731057717355 31.25 AB 9.514243471456401 1.1077564804489894
62235.2046 lsst_hardware_z 612.719519289253 49.20208416205641 30.950000762939453 AB 8.685481316404497 1.0911066004716556
62235.2231 lsst_hardware_i 938.4858258182909 43.964834324109 31.25 AB 8.160172772240688 1.1163027048208876
62241.1395 lsst_hardware_r 375.45855678958804 31.78561027022015 31.520000457763672 AB 11.522629002100981 1.0919163246668437
62241.1568 lsst_hardware_i 615.9918793697061 40.697844925546526 31.25 AB 11.422086428177918 1.0807670367770184
62243.1698 lsst_hardware_i 556.5446560541383 39.70072593189027 31.260000228881836 AB 14.77907352878856 1.0820554139442509
62243.1868 lsst_hardware_z 438.12444233198465 47.94550341206267 30.950000762939453 AB 14.97102470078066 1.095347326504859
62245.163 lsst_hardware_r 287.2398441288289 30.05035769124567 31.530000686645508 AB 10.209962260423456 1.0815065155895827
62245.1802 lsst_hardware_g 7.49463890648673 16.941092265970255 31.469999313354492 AB 9.899805883025966 1.094082542192183
62247.1643 lsst_hardware_r 233.1925625652226 29.0624806669493 31.520000457763672 AB 7.912448114764581 1.0850117401117012
62247.1833 lsst_hardware_i 368.61606715781284 38.10508525271864 31.260000228881836 AB 7.508219767002262 1.1049488871123379
62249.1581 lsst_hardware_z 421.5962087986006 51.84527888759823 30.959999084472656 AB 5.726635595339282 1.0845387236095416
62249.175 lsst_hardware_i 351.96386011405286 47.25534154651068 31.290000915527344 AB 4.403973295273863 1.1009933238184657
62251.1711 lsst_hardware_z 572.3360374833512 97.99257888191197 31.729999542236328 AB 13.909016503566075 1.1031241402649807
62255.1586 lsst_hardware_z 436.85614534940504 116.99225440905997 31.739999771118164 AB 8.93520065596127 1.1009704162845417
62258.126 lsst_hardware_r 126.951712510682 51.40223636572153 31.6200008392334 AB 8.050382152326065 1.0809751345885863
62258.1434 lsst_hardware_g 132.23601142925497 53.867474046444855 31.690000534057617 AB 8.181784339718002 1.0927014654834173
62260.1269 lsst_hardware_r 48.446801671175336 25.989922960086503 31.510000228881836 AB 10.940622075795114 1.083838002423318
62260.1439 lsst_hardware_i 182.36851328933426 37.83177836394113 31.270000457763672 AB 11.076270643812913 1.0995999844944815
62265.1159 lsst_hardware_r 81.30378196153733 25.61517001791257 31.510000228881836 AB 9.247845914585092 1.085512862655788
62265.1333 lsst_hardware_i 76.29974148820713 34.03146907332432 31.260000228881836 AB 8.388308234178883 1.1037247676551163
62267.1072 lsst_hardware_z 201.9499681308273 43.9397309795946 30.950000762939453 AB 8.541281859528684 1.0835065152262697
62267.1267 lsst_hardware_u 1.5942114886488574 3.0915185649894528 28.489999771118164 AB 8.569676443814942 1.1021383118532495
62269.0704 lsst_hardware_g 84.0653330543767 16.857566631387133 31.459999084472656 AB 7.946366568602358 1.0856928022683017
62269.0903 lsst_hardware_r -22.297949441827868 25.25797757998585 31.510000228881836 AB 6.938237038812093 1.0797832163843115
62271.0759 lsst_hardware_i 86.48581671090632 33.35059332164125 31.25 AB 7.023167032544497 1.0804872357760764
62271.0972 lsst_hardware_z 61.0619895058368 43.603181515693194 30.940000534057617 AB 7.075313756726222 1.0840346911559289
62276.0466 lsst_hardware_z 114.63734993453548 44.432064517601475 30.950000762939453 AB 7.700256497237874 1.0894020038535872
62276.0673 lsst_hardware_i 150.3587382642262 35.272595364416006 31.260000228881836 AB 7.790039140343574 1.079700504552124
62281.0392 lsst_hardware_r 157.3531272813746 114.97709528952389 31.649999618530273 AB 5.152466918018094 1.0846537614240601
62281.056 lsst_hardware_i 161.21259678507985 95.44743561655926 31.329999923706055 AB 5.264158905062272 1.0796798191828
62284.0438 lsst_hardware_z 218.64997997395534 95.36634130321336 31.739999771118164 AB 7.931481397742362 1.0798477056150635
62287.0412 lsst_hardware_i 106.12933745947709 55.743287505233056 32.029998779296875 AB 9.547223042549223 1.0797888475187858
62287.0648 lsst_hardware_z 110.75910701024704 68.08583536123936 31.709999084472656 AB 10.016383099989465 1.0933125689013223
62290.0066 lsst_hardware_z 28.007526729482876 43.26108840272393 30.950000762939453 AB 9.751186320332208 1.0910418260511876
62290.0294 lsst_hardware_i 103.89515144993184 33.01843575031717 31.260000228881836 AB 9.636192080602962 1.0796853871824046
62306.9668 lsst_hardware_y 77.39028353384327 53.35589763338557 30.040000915527344 AB 3.936602000146072 1.0855848328566295
62306.9906 lsst_hardware_g 110.37526002314098 56.086988635689764 31.700000762939453 AB 3.86778173684943 1.0805117178953907
62308.9672 lsst_hardware_y 37.38953070058506 56.51816018228768 30.040000915527344 AB 5.884140676353572 1.0822403303942563
62308.9912 lsst_hardware_i 61.04747267201072 70.04816410404867 31.31999969482422 AB 5.577038981237253 1.0828150628555
62310.9662 lsst_hardware_y 80.64181477943227 55.23716505478924 30.040000915527344 AB 4.97714544708944 1.080617792022314
62310.9893 lsst_hardware_i 15.259629378832438 67.16545131291332 31.31999969482422 AB 5.040056117809319 1.084855128497073
62528.3189 lsst_hardware_r 40.815292709459946 37.400001525878906 31.56999969482422 AB 13.588855940605509 1.152379235125976
62528.3366 lsst_hardware_y 46.634725746369945 49.13999938964844 30.030000686645508 AB 12.24008649780754 1.1143222011174285
62530.3686 lsst_hardware_g 27.666398102953142 19.979999542236328 31.540000915527344 AB 12.432302730570903 1.0799350882540146
62532.3657 lsst_hardware_z -3.2061890549460963 43.34000015258789 30.950000762939453 AB 12.493603716555343 1.0796719328724191
62534.3592 lsst_hardware_u -4.26176826681492 2.890000104904175 28.459999084472656 AB 10.661953264648748 1.0797461405285074
62534.3787 lsst_hardware_y -17.271031430276643 58.560001373291016 30.040000915527344 AB 10.276288033503715 1.085485162512276
62536.3592 lsst_hardware_r -20.063367856827792 24.5 31.5 AB 8.963295206131356 1.0798283518751133
62536.3777 lsst_hardware_z -7.942498008756182 47.029998779296875 30.959999084472656 AB 8.314368394331193 1.088945141852761
62538.3621 lsst_hardware_z 83.91943703149491 42.33000183105469 30.940000534057617 AB 4.723552877016777 1.0822460052353475
62538.3801 lsst_hardware_y 61.74286104313946 54.66999816894531 30.040000915527344 AB 4.786802590268721 1.0970517777544748
62540.3326 lsst_hardware_r 41.75554124248301 24.399999618530273 31.5 AB 8.836820016646483 1.0827667068264764
62540.3507 lsst_hardware_u -3.4914759437438927 2.740000009536743 28.40999984741211 AB 8.807569632687674 1.0802415739191749
62544.3276 lsst_hardware_r 4.4888537893107845 24.34000015258789 31.510000228881836 AB 6.5856963310294905 1.0805080116537311
62544.3445 lsst_hardware_u -3.142410593415602 2.9000000953674316 28.530000686645508 AB 6.65833406416635 1.0817178702750534
62545.3229 lsst_hardware_g 19.936450713671935 15.369999885559082 31.459999084472656 AB 6.162289424458833 1.0811034077997952
62545.3403 lsst_hardware_r -31.027926374428556 24.399999618530273 31.510000228881836 AB 5.999188800730225 1.0811621903818025
62547.328 lsst_hardware_i -14.63962215180441 31.780000686645508 31.260000228881836 AB 4.243699946037098 1.0797073964262733
62547.3448 lsst_hardware_z 49.865898717440466 42.220001220703125 30.950000762939453 AB 4.387236411468816 1.0866220214164357
62551.3062 lsst_hardware_z -37.68328249580634 82.94000244140625 31.0 AB 2.813404374929406 1.0812122497727101
62551.3224 lsst_hardware_r -57.95393276777264 122.36000061035156 31.649999618530273 AB 2.7579767909717274 1.0806766201358604
62553.3093 lsst_hardware_i -11.943412728861416 96.05000305175781 31.34000015258789 AB 7.001332995988811 1.079633456506321
62553.327 lsst_hardware_z -13.666181754481306 83.88999938964844 30.989999771118164 AB 7.030690839102927 1.0855974325651747
62555.3106 lsst_hardware_r 24.569908462735338 65.30000305175781 31.6299991607666 AB 11.838896719455024 1.080437756737853
62555.3285 lsst_hardware_z -30.38940834606819 56.709999084472656 30.969999313354492 AB 12.041472501405881 1.0914051030006084
62558.3022 lsst_hardware_g 0.9061739649561934 21.200000762939453 31.559999465942383 AB 7.033303386112642 1.0803845447177638
62558.32 lsst_hardware_r -33.66762109251145 28.079999923706055 31.540000915527344 AB 7.097990251561346 1.0911032360465278
62560.3029 lsst_hardware_i -12.12475806667055 32.13999938964844 31.260000228881836 AB 5.686603346734077 1.0826469960464526
62560.3209 lsst_hardware_z -12.54979910281538 42.959999084472656 30.950000762939453 AB 5.749893733794316 1.0980938140452263
62562.2745 lsst_hardware_z -41.2131597703306 42.2400016784668 30.950000762939453 AB 3.7763964583914875 1.0818553643214728
