data/validation/pwv_sim_epoch_fit_seasonal/47971725.ecsv
# %ECSV 0.9
# ---
# datatype:
# - {name: time, datatype: float64}
# - {name: band, datatype: string}
# - {name: flux, datatype: float64}
# - {name: fluxerr, datatype: float64}
# - {name: zp, datatype: float64}
# - {name: zpsys, datatype: string}
# - {name: pwv, datatype: float64}
# - {name: airmass, datatype: float64}
# meta: {SNID: '47971725', alt: 1024.0, c: 0.02997552417218685, dec: -5.379379, lat: -30.244573, lon: -70.7499537, ra: 73.652344, t0: 61314.34765625,
#   x0: 5.553003800322389e-06, x1: 0.4023767411708832, z: 0.5875991582870483}
# schema: astropy-2.0
time band flux fluxerr zp zpsys pwv airmass
[from data line 132]
61749.1738 lsst_hardware_r -56.15267042878573 65.29000091552734 31.6299991607666 AB 10.752387595593587 1.104546048033857
61749.1931 lsst_hardware_z 68.4289013528624 55.130001068115234 30.969999313354492 AB 10.642840581764327 1.104477847856338
61751.193 lsst_hardware_z 126.90856976754256 73.87999725341797 30.989999771118164 AB 14.061628622839075 1.1072148521920533
61751.2115 lsst_hardware_i -81.4731094632395 84.73999786376953 31.31999969482422 AB 14.136553177805325 1.1261718091896735
61753.191 lsst_hardware_z 19.004469941918536 81.37000274658203 30.989999771118164 AB 8.433169282735005 1.1096275372019744
61753.2105 lsst_hardware_r 74.66921131568846 120.02999877929688 31.639999389648438 AB 8.756998422830094 1.1330420084528667
61755.1865 lsst_hardware_y -59.2907186859618 52.720001220703125 30.030000686645508 AB 11.429350872350852 1.1103877117472725
61755.2063 lsst_hardware_g -82.25095440068465 75.25 31.690000534057617 AB 11.679552069245045 1.135153026715156
61757.1515 lsst_hardware_r -3.606539263220298 34.66999816894531 31.56999969482422 AB 3.297166515382016 1.104732603227065
61757.1689 lsst_hardware_i -26.37762304793779 40.08000183105469 31.270000457763672 AB 3.701650596756036 1.1036525333201572
61759.13 lsst_hardware_i -33.54013354689122 31.239999771118164 31.239999771118164 AB 3.35213645566248 1.1170064830598068
61759.1517 lsst_hardware_z 30.78957570670153 42.040000915527344 30.940000534057617 AB 3.3922730180989698 1.1029988678585498
61763.1595 lsst_hardware_g 19.313383455981274 19.850000381469727 32.150001525878906 AB 6.9394032835412265 1.1067628841374115
61763.1846 lsst_hardware_i -69.61102133305815 44.279998779296875 31.989999771118164 AB 7.37447994458598 1.13539419990803
61765.1486 lsst_hardware_z -47.329773233516875 42.0 30.940000534057617 AB 7.720018178861819 1.1041610725300275
61765.1678 lsst_hardware_r 26.475704669044884 23.100000381469727 31.479999542236328 AB 7.951864736890275 1.1189827951906484
61769.1314 lsst_hardware_r -18.31037930863361 23.280000686645508 31.489999771118164 AB 8.72011544434959 1.1026954279652998
61769.1513 lsst_hardware_i 12.657264325312973 31.450000762939453 31.239999771118164 AB 8.727702000248291 1.113038003772525
61773.1004 lsst_hardware_r -2.468503594252657 24.360000610351562 31.5 AB 4.713933992863262 1.109030465324847
61773.1217 lsst_hardware_z 59.74444257374915 42.20000076293945 30.940000534057617 AB 4.660095461964284 1.1028506595584633
61775.0906 lsst_hardware_g -15.549361408045284 39.689998626708984 32.36000061035156 AB 11.575484895675151 1.1126351186128427
61775.1139 lsst_hardware_i 11.733581206799945 50.310001373291016 32.0099983215332 AB 11.459737019285368 1.102604588128804
61777.0903 lsst_hardware_z -101.07907164831663 51.099998474121094 30.959999084472656 AB 9.72588558045191 1.1084367143629958
61777.1097 lsst_hardware_r 34.246245624643684 52.90999984741211 31.610000610351562 AB 9.699600202918925 1.1027076419181374
61779.0985 lsst_hardware_y -78.64709736972661 78.61000061035156 30.780000686645508 AB 7.2369080797427925 1.1027669454846176
61781.0855 lsst_hardware_r 137.7934408235175 105.62999725341797 31.649999618530273 AB 6.37045614038325 1.1049269170728038
61781.1075 lsst_hardware_i 20.617612075800746 84.69000244140625 31.329999923706055 AB 6.4015360081028705 1.1052375704597535
61784.0794 lsst_hardware_z -20.9119947622272 52.209999084472656 30.959999084472656 AB 7.215223070519851 1.1040892227268326
61784.098 lsst_hardware_r 71.65113561358515 63.52000045776367 31.6299991607666 AB 7.4520003952726945 1.1046546687329817
61785.0786 lsst_hardware_u -8.781342847511324 4.920000076293945 28.84000015258789 AB 6.616181705593934 1.103478581594285
61785.0995 lsst_hardware_r 81.26840710279201 42.959999084472656 31.600000381469727 AB 6.001792479238386 1.106797236151657
61787.0751 lsst_hardware_i 19.109693920616227 30.93000030517578 31.239999771118164 AB 3.0288844221220654 1.1030169053612844
61787.0938 lsst_hardware_z -42.56897468281382 42.0 30.940000534057617 AB 2.264217072317878 1.1066554605659225
61789.0462 lsst_hardware_y 38.85886105160629 51.650001525878906 30.020000457763672 AB 4.095329962952248 1.1191719513431027
61789.0659 lsst_hardware_r -23.375636720584072 22.93000030517578 31.479999542236328 AB 4.0493193542625265 1.1040336321348252
61793.045 lsst_hardware_z -8.299097925362835 44.02000045776367 30.950000762939453 AB 7.904929317232108 1.1096194998922106
61793.0658 lsst_hardware_i 13.182763315626966 30.93000030517578 31.239999771118164 AB 7.920001924794123 1.1026803932884086
61795.0446 lsst_hardware_y 33.2384217293927 49.72999954223633 30.020000457763672 AB 7.648587335388024 1.1062596939102876
61795.0654 lsst_hardware_r 2.9601413394905256 22.639999389648438 31.469999313354492 AB 7.69199319912217 1.103717785357719
61797.0399 lsst_hardware_y -47.23212324642667 52.27000045776367 30.030000686645508 AB 12.113182875914578 1.1058480315795574
61797.0568 lsst_hardware_r 9.462420598998571 22.8799991607666 31.479999542236328 AB 12.573610815833014 1.1029483171783345
61801.0341 lsst_hardware_y -28.656439748407728 59.02000045776367 30.040000915527344 AB 9.454210215556758 1.103711670266379
61801.0522 lsst_hardware_u -1.857209685843455 2.890000104904175 28.479999542236328 AB 9.9608230613956 1.1049165902823737
