data/validation/pwv_sim_epoch_fit_seasonal/48095227.ecsv
# %ECSV 0.9
# ---
# datatype:
# - {name: time, datatype: float64}
# - {name: band, datatype: string}
# - {name: flux, datatype: float64}
# - {name: fluxerr, datatype: float64}
# - {name: zp, datatype: float64}
# - {name: zpsys, datatype: string}
# - {name: pwv, datatype: float64}
# - {name: airmass, datatype: float64}
# meta: {SNID: '48095227', alt: 1024.0, c: 0.041525036096572876, dec: -32.266235, lat: -30.244573, lon: -70.7499537, ra: 217.265625, t0: 62137.234375,
#   x0: 6.565902831948813e-05, x1: 0.036137308925390244, z: 0.2040635645389557}
# schema: astropy-2.0
time band flux fluxerr zp zpsys pwv airmass
62168.316 lsst_hardware_i 6573.0199212096495 101.25657375282354 31.299999237060547 AB 12.227642477616461 1.2434047668920543
62168.3325 lsst_hardware_z 3737.2034099879356 83.70280523090679 30.969999313354492 AB 11.391991169176746 1.1724980618749226
62170.3247 lsst_hardware_z 3694.043576135877 83.3462035243648 30.959999084472656 AB 11.010757035545138 1.1815384736071615
62170.3428 lsst_hardware_r 5585.752289293801 102.3901346707432 31.6299991607666 AB 11.982948080599261 1.1192392117375318
62172.3168 lsst_hardware_i 5398.3206568102 92.03151214125377 31.290000915527344 AB 7.813765663179494 1.1913044157919737
62172.3365 lsst_hardware_r 4938.096778962137 92.4126910631614 31.6200008392334 AB 7.753729815294644 1.1217645160472087
62174.321 lsst_hardware_z 3181.1763773255234 71.9887256231508 30.950000762939453 AB 4.276161563026084 1.1546271265090369
62174.3389 lsst_hardware_g 1299.9999344251682 43.7909966898712 31.610000610351562 AB 5.189177265314442 1.099401962990357
62176.3186 lsst_hardware_r 7249.418350392022 93.139202928262 32.25 AB 6.186281974777397 1.1440717508488412
62176.3375 lsst_hardware_i 8676.327379242375 103.18793857005704 32.0099983215332 AB 7.186880450144785 1.0889212803249675
62178.3232 lsst_hardware_r 3341.608515151607 63.652451118645104 31.510000228881836 AB 4.210327265524218 1.1126657678446894
62178.3443 lsst_hardware_u 7.159327295393407 3.683158212355638 28.469999313354492 AB 4.726011513851847 1.0613691570045227
62180.3197 lsst_hardware_g 890.3020801920861 33.54399242066445 31.440000534057617 AB 6.310486594086637 1.1071029112432695
62180.3398 lsst_hardware_i 3606.0831358608107 67.41746309122368 31.25 AB 5.889529275535156 1.0594584053849894
62182.3235 lsst_hardware_z 2232.565135706491 63.31350287767842 30.950000762939453 AB 4.291784587388842 1.083100211328432
62182.3433 lsst_hardware_r 2991.740705219334 59.292061280483914 31.520000457763672 AB 4.2650809105156915 1.0432534484230986
62184.2974 lsst_hardware_r 2752.6640824773262 57.5550323325963 31.5 AB 5.619217838522389 1.1419240315371493
62184.3171 lsst_hardware_u 4.06735175600735 3.8771210047044566 28.3799991607666 AB 5.347079134979237 1.0853707774239856
62186.321 lsst_hardware_r 2521.974177414575 56.30629123768057 31.520000457763672 AB 2.7220517633528587 1.0643408654361668
62186.3425 lsst_hardware_i 2909.8773715063426 62.40844726806218 31.270000457763672 AB 3.2889147545962727 1.028321444897219
62188.2986 lsst_hardware_i 2721.734625347762 60.67894604712293 31.25 AB 7.1797660922344 1.1050469186554928
62188.3204 lsst_hardware_z 1726.1184793518194 58.28771072671385 30.950000762939453 AB 6.838863826751728 1.0547562645685518
62190.3 lsst_hardware_r 2335.7994858579523 53.36903141507175 31.5 AB 12.067191408545234 1.0871343611302013
62190.3223 lsst_hardware_u 19.187519597791432 4.09439012614854 28.540000915527344 AB 11.438808349583962 1.0418807131418129
62192.2999 lsst_hardware_g 697.38931027688 29.785095117463097 31.440000534057617 AB 9.670595103569331 1.074510567063259
62192.3176 lsst_hardware_i 2428.3421661582493 57.85436807419516 31.25 AB 9.365940141096953 1.0406600156774393
62194.2337 lsst_hardware_z 2905.4525565760337 97.3748251720026 31.709999084472656 AB 7.507078076715332 1.302916314785496
62196.2262 lsst_hardware_r 2068.6134565049642 111.22418671822965 31.579999923706055 AB 4.654351775918635 1.3147267386428045
62196.2474 lsst_hardware_i 2188.719515052157 90.44327756373684 31.299999237060547 AB 4.251646785942721 1.2075683179008911
62199.234 lsst_hardware_z 57.99709502611755 104.98999786376953 31.719999313354492 AB 6.848210914228396 1.2309177521755004
62202.2257 lsst_hardware_i 35.77732857813143 41.939998626708984 31.260000228881836 AB 11.92844370878739 1.2314291509415751
62202.2471 lsst_hardware_z -48.588873763781116 47.40999984741211 30.950000762939453 AB 11.098947254735204 1.1458259165052618
62204.2193 lsst_hardware_i 4.3695712019168695 32.56999969482422 31.229999542236328 AB 10.91432500023263 1.2358404574797746
62204.2403 lsst_hardware_u 1.6484446901016863 2.799999952316284 28.399999618530273 AB 10.18258923115545 1.1504233977993992
62208.2222 lsst_hardware_i -41.7465183704337 32.18000030517578 31.239999771118164 AB 16.192952953234535 1.176699420107186
62208.2422 lsst_hardware_r -3.6664855203658537 23.719999313354492 31.5 AB 15.270319495516329 1.1100842901655126
62211.2146 lsst_hardware_u 0.2462000535857451 3.7100000381469727 29.059999465942383 AB 9.807672558687994 1.1744309135059265
62211.2352 lsst_hardware_g 8.679325123582595 20.440000534057617 32.15999984741211 AB 9.257091290708633 1.1067339047593174
62213.2576 lsst_hardware_z 22.831418203242475 41.33000183105469 30.959999084472656 AB 6.607403102683763 1.0450342317614556
62213.2739 lsst_hardware_r 9.516440412711228 23.299999237060547 31.520000457763672 AB 6.429502995780474 1.022070209163916
62216.1857 lsst_hardware_i 48.84354330660822 32.650001525878906 31.239999771118164 AB 6.571084017025912 1.2398271730237571
62216.2032 lsst_hardware_z -80.48834504404053 43.25 30.950000762939453 AB 6.179606776315663 1.1659635427010686
62218.1686 lsst_hardware_i -58.91423857645288 32.93000030517578 31.229999542236328 AB 8.964103222452522 1.300511874426393
62218.1851 lsst_hardware_u -5.108001838961333 2.8299999237060547 28.469999313354492 AB 8.331744435203044 1.2173793739338445
62220.1647 lsst_hardware_z 54.338982344655726 48.47999954223633 30.93000030517578 AB 11.089817482714222 1.291766742308005
62220.1813 lsst_hardware_r -58.986069205014495 40.209999084472656 31.56999969482422 AB 8.416026753974553 1.2100685483787998
62222.1639 lsst_hardware_i 3.707507153872797 51.4900016784668 31.270000457763672 AB 8.740935148915714 1.2668021954950308
62222.1832 lsst_hardware_r 41.19551437448625 58.52000045776367 31.610000610351562 AB 7.9528804248940075 1.1797192085978057
62224.1732 lsst_hardware_z -17.581236638608114 100.26000213623047 31.729999542236328 AB 7.8735722758324735 1.1980481247462775
62228.168 lsst_hardware_z 89.37423864145902 75.19000244140625 30.979999542236328 AB 9.636218253215006 1.1751485674652447
62228.1868 lsst_hardware_r 0.0921386759490162 97.45999908447266 31.639999389648438 AB 9.121381892402296 1.1123636454149142
62230.1556 lsst_hardware_z -17.231715042921117 52.779998779296875 30.950000762939453 AB 7.021868510676065 1.2031816733270428
62230.1754 lsst_hardware_g -23.513286746954826 48.150001525878906 31.670000076293945 AB 5.198166358736921 1.1302818783945958
62232.1575 lsst_hardware_r 41.19521465056902 23.889999389648438 31.479999542236328 AB 13.50509228344988 1.1735394754475044
62232.1739 lsst_hardware_z 23.12235144423653 42.41999816894531 30.940000534057617 AB 15.573591770211516 1.1181498973443076
62236.1705 lsst_hardware_r -5.263251641953718 23.770000457763672 31.5 AB 5.389897747471026 1.097105759908612
62236.1908 lsst_hardware_i 47.68911062579513 31.110000610351562 31.260000228881836 AB 5.1648075810649665 1.0520741974669767
62238.1612 lsst_hardware_z -47.673796820581806 42.130001068115234 30.940000534057617 AB 6.977446556090062 1.1075311993793748
62238.1791 lsst_hardware_r 23.943906271886288 23.559999465942383 31.510000228881836 AB 6.91732867934929 1.064204412207583
62242.1634 lsst_hardware_u 2.889004833383264 2.819999933242798 28.489999771118164 AB 17.944063385509597 1.0744948135035688
62242.1821 lsst_hardware_r -3.8216321421953294 23.700000762939453 31.520000457763672 AB 17.716563040841866 1.0390742922430762
62244.1692 lsst_hardware_i 66.00888293496553 31.239999771118164 31.260000228881836 AB 13.566064995861169 1.0516329454155944
62244.1883 lsst_hardware_z -8.06339912056895 41.25 30.950000762939453 AB 13.199095922324078 1.0231857304127192
62246.1641 lsst_hardware_r 63.20153727053399 23.8799991607666 31.510000228881836 AB 6.853609702887057 1.0509790737169307
62246.1824 lsst_hardware_u -1.8645773925754083 2.819999933242798 28.5 AB 3.355786179047168 1.0237037432586629
62248.1554 lsst_hardware_g -30.665100538199514 23.239999771118164 31.610000610351562 AB 10.728272863381493 1.057024766085176
62248.1746 lsst_hardware_r -20.057064076210537 27.700000762939453 31.559999465942383 AB 9.46750309060936 1.026565800011858
62250.1585 lsst_hardware_i -65.6774192551882 43.58000183105469 31.299999237060547 AB 10.078497236009031 1.0418666703891075
62250.1772 lsst_hardware_z 85.14935624940324 47.08000183105469 30.969999313354492 AB 8.040335895481878 1.0174420620666722
62252.0822 lsst_hardware_r -134.61713312888708 85.88999938964844 31.600000381469727 AB 13.88000242286013 1.265730660483324
62252.1027 lsst_hardware_i -14.538242798054275 69.16000366210938 31.309999465942383 AB 11.50797268624521 1.1742829271678785
62254.0832 lsst_hardware_z 57.39028440025053 108.52999877929688 30.979999542236328 AB 2.0104450463415544 1.2339065341703483
62254.1026 lsst_hardware_r -108.77064491255747 159.07000732421875 31.639999389648438 AB 2.6994203351509203 1.154585258832729
62259.0595 lsst_hardware_g -27.145654824682204 14.90999984741211 31.360000610351562 AB 16.68021762188322 1.284740766768926
62259.0793 lsst_hardware_r 35.71653112611657 24.40999984741211 31.479999542236328 AB 15.516970996093622 1.1912078300426925
62261.0579 lsst_hardware_i -29.735186338502665 33.130001068115234 31.219999313354492 AB 11.399365297307591 1.264325041755468
62261.0792 lsst_hardware_r 15.630899602449341 24.389999389648438 31.489999771118164 AB 10.560593548183002 1.1702137013887752
62264.0567 lsst_hardware_u -5.744720411059611 2.75 28.3799991607666 AB 12.673050035565998 1.2301543424156474
62264.0784 lsst_hardware_g -20.498080630659018 15.1899995803833 31.440000534057617 AB 11.770970978737076 1.143886266600085
62268.0544 lsst_hardware_i 13.849627564257936 32.47999954223633 31.229999542236328 AB 13.630752166096938 1.1925417468151625
62268.0809 lsst_hardware_z -45.715460419824275 42.529998779296875 30.950000762939453 AB 12.72020070576537 1.1030829211954534
62270.0522 lsst_hardware_u 2.4147650694115055 2.759999990463257 28.399999618530273 AB 7.542974938277862 1.1795113273303737
62270.0712 lsst_hardware_g 21.55560162930054 15.0600004196167 31.440000534057617 AB 7.092302069921207 1.115054173401652
62272.0554 lsst_hardware_r 8.952878421163444 24.290000915527344 31.5 AB 5.797047917040904 1.1478166353907695
62272.075 lsst_hardware_z -128.8839218055977 42.22999954223633 30.950000762939453 AB 5.449647121045641 1.0899294242091282
62277.0531 lsst_hardware_r 12.210718034461383 31.6299991607666 31.559999465942383 AB 7.891973328800068 1.1121198734745739
62277.0719 lsst_hardware_y -131.36826940478338 47.810001373291016 30.040000915527344 AB 7.482587374265401 1.0656932264905148
62279.0442 lsst_hardware_z 16.73774591335761 51.040000915527344 30.959999084472656 AB 2.1300823884062807 1.1222773384648475
62279.066 lsst_hardware_r 111.2843087858299 53.61000061035156 31.6299991607666 AB 2.0855858674461425 1.066613979259875
62282.047 lsst_hardware_r -131.52398582845746 136.2899932861328 31.649999618530273 AB 5.702247471626562 1.0916874546828133
62282.0649 lsst_hardware_z 94.11292530502779 91.47000122070312 31.0 AB 5.485012751799731 1.0526340261574114
62283.0679 lsst_hardware_i -49.55347383182389 116.2699966430664 31.350000381469727 AB 6.029978331255468 1.0426775984187582
62283.0879 lsst_hardware_z 2.7469442665956105 95.3499984741211 31.0 AB 6.236114732626886 1.016647331696556
62285.0687 lsst_hardware_r -111.79876239367339 94.91000366210938 31.65999984741211 AB 9.98111324340053 1.0331078528555508
62285.0869 lsst_hardware_z 35.99167401950902 66.91999816894531 30.989999771118164 AB 9.701939616501535 1.0125876304447747
62288.0678 lsst_hardware_g 9.149804685389778 14.649999618530273 31.450000762939453 AB 7.581235481470709 1.023615214204634
62288.0867 lsst_hardware_r 54.768485224882156 32.97999954223633 31.59000015258789 AB 7.343160619854934 1.0068318948612798
62301.9636 lsst_hardware_y -19.86851121101972 50.220001220703125 30.0 AB 15.28778720690231 1.1843347093791332
62301.9824 lsst_hardware_r 5.909052852446972 23.489999771118164 31.479999542236328 AB 14.488132244100678 1.1192644588958367
62305.963 lsst_hardware_y -90.83029580115301 50.66999816894531 30.010000228881836 AB 7.311849612651297 1.1463274457399646
62305.9817 lsst_hardware_z -61.14801192963356 44.4900016784668 30.959999084472656 AB 6.591333899240812 1.0910998012318869
62309.9634 lsst_hardware_y 21.79185520662496 63.7599983215332 30.040000915527344 AB 9.411934391966707 1.1109569135637365
62309.9836 lsst_hardware_r 118.64219843291474 107.37999725341797 31.649999618530273 AB 9.902736495151752 1.0619841277411313
62313.9626 lsst_hardware_y 125.87520376010667 54.869998931884766 30.040000915527344 AB 8.318830439394505 1.0843105369388042
62313.982 lsst_hardware_i 21.386571145394264 59.720001220703125 31.329999923706055 AB 8.033491699077876 1.0447578939324444
62314.9618 lsst_hardware_y -47.66814630604445 50.09000015258789 30.040000915527344 AB 6.923799742632856 1.0797208211925717
62314.9806 lsst_hardware_r -4.10188377061408 23.360000610351562 31.5 AB 6.738978516540057 1.0425534337860263
