data/validation/pwv_sim_epoch_fit_seasonal/48111015.ecsv
# %ECSV 0.9
# ---
# datatype:
# - {name: time, datatype: float64}
# - {name: band, datatype: string}
# - {name: flux, datatype: float64}
# - {name: fluxerr, datatype: float64}
# - {name: zp, datatype: float64}
# - {name: zpsys, datatype: string}
# - {name: pwv, datatype: float64}
# - {name: airmass, datatype: float64}
# meta: {SNID: '48111015', alt: 1024.0, c: -0.07361391931772232, dec: -5.229529, lat: -30.244573, lon: -70.7499537, ra: 51.679688, t0: 62838.38671875,
#   x0: 2.6947686215950457e-06, x1: 0.9777156114578247, z: 0.7889348268508911}
# schema: astropy-2.0
time band flux fluxerr zp zpsys pwv airmass
62732.4122 lsst_hardware_r 21.349150415838693 58.900001525878906 31.6299991607666 AB 2.0148430738039504 1.1115353478141285
62734.4005 lsst_hardware_g -57.485619614417516 34.209999084472656 31.639999389648438 AB 1.2289184952489889 1.1171986320445353
62734.4204 lsst_hardware_y -79.49677966094818 53.54999923706055 30.030000686645508 AB 1.675282047050529 1.1049458373423298
62737.4018 lsst_hardware_i 0.18949627101221247 45.060001373291016 32.0 AB 4.232260065164964 1.1092523923114463
62737.4214 lsst_hardware_z -162.84996669765138 76.06999969482422 31.719999313354492 AB 3.7257655794448117 1.1049126866680936
62739.4007 lsst_hardware_r -11.584900805845148 23.709999084472656 31.5 AB 2.2875819463026326 1.106894490146435
62739.4175 lsst_hardware_y 20.82451247738163 53.31999969482422 30.030000686645508 AB 2.65188061935585 1.105257273974375
62741.3996 lsst_hardware_r -11.725103818913682 23.270000457763672 31.489999771118164 AB 3.993491911821948 1.10533739918956
62741.4159 lsst_hardware_y 25.378791218510727 52.779998779296875 30.040000915527344 AB 4.0085575781433604 1.106546684863908
62743.394 lsst_hardware_z 18.59878172233363 42.06999969482422 30.940000534057617 AB 2.687167448569728 1.1053753387781686
62743.4109 lsst_hardware_y -52.55176081690534 50.2599983215332 30.030000686645508 AB 2.668355920805777 1.1067423976797084
62746.2985 lsst_hardware_r 48.523293466338934 34.369998931884766 32.209999084472656 AB 3.4731686432688975 1.316841191760461
62746.3147 lsst_hardware_y 140.63005710406475 70.01000213623047 30.729999542236328 AB 3.3404509745702855 1.2429585021654483
62749.3256 lsst_hardware_i 0.038307640753190465 31.690000534057617 31.239999771118164 AB 2.0373532044685456 1.1798773444149677
62749.3451 lsst_hardware_z 2.796088887714482 42.380001068115234 30.940000534057617 AB 1.430347341019773 1.1370010659934602
62750.4046 lsst_hardware_r -20.800298810212922 34.68000030517578 32.25 AB 0.8106265769944859 1.115797077762541
62752.3619 lsst_hardware_z -27.847246119315976 42.4900016784668 30.940000534057617 AB 3.3051443750355074 1.1086128270467936
62754.3535 lsst_hardware_i 9.848610571624292 56.22999954223633 31.309999465942383 AB 4.095996308359246 1.110527693183709
62754.3714 lsst_hardware_z 53.53914243468319 52.75 30.959999084472656 AB 3.8878758480557836 1.1045101841070815
62756.3494 lsst_hardware_r 103.1862433514234 93.77999877929688 31.639999389648438 AB 3.746736637075006 1.1095962400024697
62756.3669 lsst_hardware_z -45.1165340455067 65.77999877929688 30.979999542236328 AB 3.7279111060763594 1.1045662536522547
62759.3492 lsst_hardware_y 166.57417923921426 55.81999969482422 30.040000915527344 AB 1.4945474339431506 1.105707102793946
62759.3672 lsst_hardware_r 57.39969555298738 86.5999984741211 31.639999389648438 AB 1.4465040396177473 1.1067360670372972
62761.3471 lsst_hardware_i -40.03114656872895 57.709999084472656 31.309999465942383 AB 1.3462875493860638 1.1048728349490173
62761.3656 lsst_hardware_z -38.50419252009129 56.880001068115234 30.969999313354492 AB 1.2811302231195962 1.1087236894148922
62763.3444 lsst_hardware_z 35.87458919341595 46.70000076293945 30.950000762939453 AB 5.544792241539457 1.1045402871592542
62763.3636 lsst_hardware_r 9.164093225875993 40.83000183105469 31.59000015258789 AB 5.490404850756435 1.1110431401198113
62766.3273 lsst_hardware_u 0.4015656862351737 2.8399999141693115 28.459999084472656 AB 2.1653741152678054 1.1067590673487377
62766.3476 lsst_hardware_r -32.53609368779706 24.309999465942383 31.5 AB 1.7217596661867656 1.1065293484490781
62770.3357 lsst_hardware_g -14.935875425234748 14.09000015258789 31.399999618530273 AB 4.630323673765665 1.1061451681236385
62770.3494 lsst_hardware_r 21.61666755609182 23.1299991607666 31.479999542236328 AB 4.678713829431933 1.1152186149924879
62777.2858 lsst_hardware_u -4.4954940500810014 2.759999990463257 28.459999084472656 AB 2.916774552916541 1.1145489311872383
62777.3031 lsst_hardware_r 10.112570170490647 23.200000762939453 31.5 AB 3.5398309971032007 1.104931119686776
62779.2758 lsst_hardware_r -7.5856997386172695 23.200000762939453 31.489999771118164 AB 7.394763708104706 1.1192034469800025
62779.2964 lsst_hardware_u 1.6365122641280885 2.799999952316284 28.489999771118164 AB 7.656828564880542 1.1052004279561984
62784.2976 lsst_hardware_i 117.94512295386365 74.38999938964844 31.329999923706055 AB 3.076681895285698 1.1061895596665192
62784.3148 lsst_hardware_z -52.38127786689811 66.63999938964844 30.979999542236328 AB 3.1101798312257065 1.1189709772353684
62786.2843 lsst_hardware_r -81.16640114376831 121.2699966430664 31.649999618530273 AB 6.014389345599399 1.1045203334281068
62786.3027 lsst_hardware_z -34.73310994050634 82.47000122070312 30.989999771118164 AB 5.886106663659583 1.112527838899888
62788.2819 lsst_hardware_r -126.26612062668937 100.41999816894531 31.639999389648438 AB 6.388334275662973 1.1048658380600092
62788.3008 lsst_hardware_i 103.8086203805211 82.9800033569336 31.31999969482422 AB 5.58670697419708 1.1157421644037706
62790.2854 lsst_hardware_z -39.756090694391744 58.279998779296875 30.969999313354492 AB 8.070339491533517 1.1081318385518708
62790.3032 lsst_hardware_i 8.469189136147376 60.279998779296875 31.309999465942383 AB 7.905973919436125 1.1248184462822572
62792.2914 lsst_hardware_z -74.69678688165016 67.19999694824219 31.709999084472656 AB 5.790880044317486 1.117283435137399
62795.2531 lsst_hardware_g -12.593261266929007 14.619999885559082 31.440000534057617 AB 2.183600973915301 1.10510782704161
62795.2711 lsst_hardware_r 23.177192917217543 24.68000030517578 31.510000228881836 AB 2.2136236991164653 1.1077811580714878
62797.2001 lsst_hardware_i -29.55865320597647 31.8700008392334 31.229999542236328 AB 3.7626966851930046 1.165643334942071
62797.2168 lsst_hardware_z 11.829657755799234 42.70000076293945 30.940000534057617 AB 3.967400453775975 1.1324913876474632
62798.28 lsst_hardware_r 16.660461339014088 23.610000610351562 31.5 AB 3.368403603108813 1.1230507678735762
62798.2963 lsst_hardware_g 18.13674382883426 14.5 31.40999984741211 AB 3.645363324351576 1.149956884653494
62800.2535 lsst_hardware_r -16.039104288429222 23.440000534057617 31.5 AB 1.5484459204003314 1.106032800285951
62800.2717 lsst_hardware_i -22.744591071970227 31.450000762939453 31.260000228881836 AB 1.5674767479359346 1.1196262485256676
62802.2498 lsst_hardware_z -93.71220547880819 42.689998626708984 30.950000762939453 AB 2.941319052817249 1.1067298580773937
62802.267 lsst_hardware_i 5.0831775289843435 31.979999542236328 31.260000228881836 AB 2.542430601471902 1.1205070962856984
62804.1967 lsst_hardware_u 1.0217661948757115 2.957744014337294 28.579999923706055 AB 5.89640454838661 1.134069345118504
62804.2132 lsst_hardware_g 8.843137229360613 14.825031448195006 31.459999084472656 AB 5.723585934663037 1.1135381195839795
62808.2358 lsst_hardware_g 18.451889853255913 15.622258414930078 31.450000762939453 AB 5.082123734535711 1.107880262583327
62808.2551 lsst_hardware_r 19.542164454629695 23.9136467659376 31.5 AB 5.989663783679197 1.126229479851933
62816.0881 lsst_hardware_z 196.91684857830714 95.67120573233632 30.950000762939453 AB 2.9076663786062125 1.4367715274150528
62816.1053 lsst_hardware_r 45.457515403568316 133.458555973624 31.600000381469727 AB 2.699643495237656 1.3279656463558873
62821.2177 lsst_hardware_r 454.02433312010805 48.15146332139113 31.59000015258789 AB 8.536595517954655 1.1236798101822634
62821.2389 lsst_hardware_z 259.97439964798843 51.406592754485935 30.940000534057617 AB 8.573642844005034 1.1617402227649098
62828.191 lsst_hardware_r 682.186995436633 35.44756979341483 31.489999771118164 AB 6.839283546444217 1.1151611848107317
62828.2118 lsst_hardware_i 865.8968218349113 43.18244919324925 31.239999771118164 AB 7.0610190187188735 1.1448135248010711
62834.1403 lsst_hardware_i 980.959328369363 44.353429201790384 31.25 AB 5.590911569760289 1.1073670292992353
62834.16 lsst_hardware_z 619.5535809266215 48.77389035847103 30.950000762939453 AB 5.638061119601616 1.1057912760724928
62837.1512 lsst_hardware_z 559.6676999777459 50.35283256880248 30.950000762939453 AB 7.141968870936594 1.1055964608379878
62837.1714 lsst_hardware_r 687.9098864447718 40.249401122556385 31.549999237060547 AB 7.1215867381324305 1.1204510286551967
62839.1621 lsst_hardware_y 608.9828306598349 74.81383173638368 30.780000686645508 AB 3.5864784210792178 1.11626873435224
62845.1529 lsst_hardware_z 661.4152144455063 82.54183099022968 30.989999771118164 AB 8.3934558334615 1.1246256141306163
62845.1788 lsst_hardware_r 586.9517183432872 121.41145530098851 31.6299991607666 AB 11.436974935648736 1.175152406307025
62850.1215 lsst_hardware_g 65.82670916816724 16.140633467515023 31.399999618530273 AB 8.619844984100459 1.1080697405621134
62850.1399 lsst_hardware_i 839.3784043750245 47.84214585992875 31.270000457763672 AB 8.860182453279888 1.1254983133765089
62852.083 lsst_hardware_z 520.559534235003 47.50274368908902 30.940000534057617 AB 12.136506990469933 1.1127859278990135
62852.1041 lsst_hardware_r 375.0007578228302 30.295037019752613 31.489999771118164 AB 10.668559383311843 1.104501014578053
62854.0827 lsst_hardware_u 2.4680378041785795 2.785284446739127 28.479999542236328 AB 4.605212515928902 1.1090216775266926
62854.1052 lsst_hardware_g 41.86848982396977 15.624901852527508 31.440000534057617 AB 3.4087560251054447 1.1057218008667713
62856.0795 lsst_hardware_r 302.83444597180915 29.334669302135328 31.5 AB 4.806439864880783 1.1077298605394752
62856.1001 lsst_hardware_i 700.7520652554458 40.28461984958371 31.25 AB 3.4281051036537153 1.1058403560173276
62859.0832 lsst_hardware_z 358.0491796977393 46.50201471368737 30.940000534057617 AB 7.1010486211421835 1.1044766623510596
62859.1038 lsst_hardware_r 244.96947339168207 28.181121211534588 31.489999771118164 AB 6.878167193999322 1.1128519891056667
62867.0464 lsst_hardware_y 214.7962993102501 53.80423791142416 30.030000686645508 AB 7.6502433500888225 1.1095284944088537
62867.0649 lsst_hardware_r 142.4423854041713 43.47751672947869 31.600000381469727 AB 7.613156945514571 1.1046472355752879
62869.0514 lsst_hardware_y 222.8155664001444 83.76019473461598 30.790000915527344 AB 7.0646819669416505 1.1050076069251773
62871.0431 lsst_hardware_z 541.0964483941721 105.41775918421533 31.729999542236328 AB 11.676471073153554 1.105778784331981
62871.0651 lsst_hardware_i 352.0100455478769 109.95995511667162 32.06999969482422 AB 11.735625053022307 1.1085986258286709
62873.0411 lsst_hardware_y 393.5253747788553 94.53164888672252 30.799999237060547 AB 10.624087594686053 1.1048822756136514
62873.0618 lsst_hardware_r 238.85629892328606 137.24064887804235 32.400001525878906 AB 10.828049893472759 1.1099715428587469
62875.0403 lsst_hardware_y 91.29840161749861 66.67217308771227 30.049999237060547 AB 7.792923218476432 1.1044653197321033
62875.0599 lsst_hardware_r -42.87918892875912 85.34668898882524 31.639999389648438 AB 9.487829987942733 1.112670020574762
63108.381 lsst_hardware_z 128.25823513261537 48.529998779296875 30.959999084472656 AB 2.728523644114563 1.1130773636583748
63108.3989 lsst_hardware_y 15.474957525726218 47.9900016784668 30.020000457763672 AB 2.6407920199005175 1.10462577519542
63110.3871 lsst_hardware_z -14.241574212089153 60.22999954223633 30.979999542236328 AB 0.7636528135554582 1.1060752881913698
63110.4049 lsst_hardware_y -18.041592252501157 53.86000061035156 30.030000686645508 AB 0.7418410785829498 1.1062623267050327
63118.3497 lsst_hardware_z -14.068284382719868 44.91999816894531 30.950000762939453 AB 5.001010210214441 1.1168370588933134
63118.3701 lsst_hardware_r -8.836991807085177 33.22999954223633 31.559999465942383 AB 4.82216247923141 1.1048180416751359
63123.3474 lsst_hardware_i -25.283326357515993 31.31999969482422 31.25 AB 1.638871600213196 1.1079695325383436
63123.3656 lsst_hardware_z 84.5306572264961 42.27000045776367 30.950000762939453 AB 1.6044379276925143 1.1051116480488707
63125.349 lsst_hardware_r -14.202281125981237 23.020000457763672 31.479999542236328 AB 4.589690999123273 1.105217265456292
63125.3675 lsst_hardware_u 5.567390957444602 2.630000114440918 28.360000610351562 AB 4.5434450942555324 1.107887123690693
63130.2162 lsst_hardware_r -1.8552739341155513 34.43000030517578 32.150001525878906 AB 5.0251452243192025 1.533147124271088
63130.2538 lsst_hardware_i -22.419703141493738 45.869998931884766 31.969999313354492 AB 4.948580492198637 1.2847893965033244
63136.3283 lsst_hardware_i -36.230701496502526 39.029998779296875 31.270000457763672 AB 4.7556050305898125 1.1047770858015244
63136.3474 lsst_hardware_z 3.4606468502374264 42.439998626708984 30.940000534057617 AB 5.44626444988219 1.115275996563095
63139.2462 lsst_hardware_y 50.39519288652138 99.9800033569336 31.190000534057617 AB 4.527343901072541 1.2162922697485146
63139.2922 lsst_hardware_r 27.791908569286054 96.63999938964844 31.639999389648438 AB 4.232911185444623 1.1170104724752525
63146.3047 lsst_hardware_z 52.1727114904939 47.189998626708984 30.959999084472656 AB 5.275958339119086 1.105607363604359
63146.3257 lsst_hardware_r 16.771444758731768 43.58000183105469 31.600000381469727 AB 5.262795349066236 1.1213342363067265
63148.2928 lsst_hardware_i -12.60808800918587 33.5 31.260000228881836 AB 3.0115896890199494 1.104528752964272
63148.3101 lsst_hardware_z -66.61512448399739 43.4900016784668 30.950000762939453 AB 3.021452718693953 1.1113729960865024
63152.2862 lsst_hardware_g 30.097768730246177 14.319999694824219 31.40999984741211 AB 6.146164104007677 1.1050608199947878
63152.3037 lsst_hardware_r 16.205038448038476 23.40999984741211 31.479999542236328 AB 5.907612386676583 1.1152575889264857
63154.2812 lsst_hardware_i -49.08084212878155 30.889999389648438 31.239999771118164 AB 6.98278837179863 1.1051630237613237
63154.298 lsst_hardware_z 34.19394834505692 41.93000030517578 30.940000534057617 AB 6.2698076102477875 1.1150289187706433
63156.2842 lsst_hardware_r -13.57705651482763 23.299999237060547 31.5 AB 6.68080210349062 1.108632149264279
63156.3033 lsst_hardware_g -1.0712435940988867 14.300000190734863 31.420000076293945 AB 6.095230501252152 1.1277891606664994
63160.2538 lsst_hardware_i -23.46203520392259 31.459999084472656 31.25 AB 2.19957779398851 1.105130360402869
63160.2713 lsst_hardware_z -20.76698548172331 42.369998931884766 30.940000534057617 AB 2.20402350930056 1.1075495021610853
63162.2557 lsst_hardware_r 7.20212944866944 23.700000762939453 31.489999771118164 AB 4.0115016282993246 1.104589709490406
63162.2736 lsst_hardware_u -1.1210588650195166 2.740000009536743 28.420000076293945 AB 4.101862297917869 1.1127466389739893
63164.2467 lsst_hardware_y 11.021288332950405 48.66999816894531 30.030000686645508 AB 4.969816860625965 1.104567386418471
63164.2631 lsst_hardware_r 5.501670931363252 32.720001220703125 31.559999465942383 AB 4.214500087026454 1.1090789702701194
63167.2482 lsst_hardware_i 37.08348982240998 69.16999816894531 31.31999969482422 AB 2.9548848382840855 1.10587007420803
63167.2632 lsst_hardware_z -19.632922070500825 63.2599983215332 30.979999542236328 AB 2.4991518326556403 1.1156927824357081
63169.2475 lsst_hardware_r 91.65928428404561 132.89999389648438 31.639999389648438 AB 5.8632699088941544 1.1079497182339673
63169.2643 lsst_hardware_z 104.67595059103182 88.91999816894531 30.989999771118164 AB 3.922272376273669 1.123055798503556
63171.2352 lsst_hardware_z 194.98667888773593 83.04000091552734 30.979999542236328 AB 5.425622925916588 1.105258714770724
63171.2545 lsst_hardware_r 89.2863874227164 119.9000015258789 31.639999389648438 AB 5.641279280820584 1.1179705273128844
63180.2036 lsst_hardware_g 2.8334145634971564 14.600000381469727 31.420000076293945 AB 9.726127769992532 1.1045305413172424
63180.2212 lsst_hardware_i 8.14485623719654 31.59000015258789 31.239999771118164 AB 10.015552357784708 1.1102485708662289
63182.2052 lsst_hardware_z -82.21603977323451 42.290000915527344 30.940000534057617 AB 3.748410608773325 1.105263958161075
63182.2225 lsst_hardware_r 3.647316811988579 23.610000610351562 31.479999542236328 AB 7.592099224732328 1.1159381516020082
63185.2029 lsst_hardware_u -0.5689753112978588 2.6500000953674316 28.360000610351562 AB 4.272990771562274 1.107470610339817
63185.2209 lsst_hardware_g 13.69304060147165 14.430000305175781 31.399999618530273 AB 8.25147444909295 1.1234138119934043
63188.1882 lsst_hardware_g 16.202041223270825 14.449999809265137 31.40999984741211 AB 6.218111253391811 1.105114559252099
63188.2076 lsst_hardware_r -16.153844674715444 23.559999465942383 31.489999771118164 AB 6.200353377026713 1.1174492449287907
63190.1864 lsst_hardware_i -79.68227050999371 31.200000762939453 31.25 AB 5.540686553063793 1.1062198628506443
63190.2068 lsst_hardware_z -8.21183012445926 42.2599983215332 30.940000534057617 AB 5.714987000981171 1.1228423794846476
63192.1886 lsst_hardware_r 42.8700993584943 30.90999984741211 31.549999237060547 AB 4.205486352778773 1.1103594330769038
63192.2086 lsst_hardware_z 53.78700085588633 44.09000015258789 30.940000534057617 AB 3.6123874709232866 1.1332091509442288
63194.1879 lsst_hardware_z 121.21074225761318 51.599998474121094 30.969999313354492 AB 8.655052335627488 1.1141931431035543
63194.2091 lsst_hardware_i 46.87704803509622 49.9900016784668 31.299999237060547 AB 8.631514443040654 1.143575124389977
63196.1811 lsst_hardware_z 40.28740482104084 70.25 30.979999542236328 AB 5.1306266812611705 1.1130146824631941
63196.2011 lsst_hardware_r -16.32851988190577 96.36000061035156 31.6299991607666 AB 5.248654074067686 1.1389484428356642
63198.0776 lsst_hardware_y 112.27053206410724 98.70999908447266 30.75 AB 4.757152874784489 1.2440253333642792
63200.1845 lsst_hardware_r -184.0339364982967 108.45999908447266 31.639999389648438 AB 5.0762179951201745 1.1297221057389113
63200.204 lsst_hardware_i 44.92400402015222 87.2300033569336 31.31999969482422 AB 5.223182831085769 1.1680617587220168
63203.1524 lsst_hardware_i -56.240435174714854 46.86000061035156 31.299999237060547 AB 7.160164019843794 1.1068285154576587
63203.17 lsst_hardware_z 72.50240382274684 50.72999954223633 30.959999084472656 AB 7.16610659529262 1.1212296380151727
63205.1547 lsst_hardware_r -0.044861017067174346 30.5 31.549999237060547 AB 2.8705284555401245 1.1115308637135042
63205.1732 lsst_hardware_u -3.7820047756853565 4.579999923706055 28.760000228881836 AB 2.7177887812438564 1.1333564558981888
63207.1572 lsst_hardware_g 32.47573586469978 14.130000114440918 31.389999389648438 AB 5.128596027621236 1.1190477913203658
63207.1754 lsst_hardware_i 11.465860567349564 31.360000610351562 31.229999542236328 AB 4.663832358238239 1.147032060560198
63209.1521 lsst_hardware_z 60.117262199744594 42.31999969482422 30.940000534057617 AB 6.1432819705993635 1.119453686957177
63209.1699 lsst_hardware_r 18.608379216845176 23.350000381469727 31.479999542236328 AB 6.958283307530319 1.1469540211036677
63212.1057 lsst_hardware_u 0.5450732978031698 2.680000066757202 28.40999984741211 AB 13.83077288960851 1.1072886066615815
63212.1254 lsst_hardware_g -4.614286675429048 14.100000381469727 31.420000076293945 AB 13.066494966749174 1.105877446299215
63215.1211 lsst_hardware_g 3.480492961853965 14.140000343322754 31.399999618530273 AB 8.6067056103357 1.1075165206738251
63215.1391 lsst_hardware_r -12.172806531245985 23.280000686645508 31.479999542236328 AB 8.84287627242181 1.1235472117655276
63217.079 lsst_hardware_i 38.11999340860803 31.510000228881836 31.25 AB 12.197874459332468 1.1172346182649944
63217.0975 lsst_hardware_z 111.79976887120453 42.470001220703125 30.950000762939453 AB 10.717474781551097 1.1052741266639152
63221.0765 lsst_hardware_g 4.041836655946281 31.079999923706055 31.6299991607666 AB 4.8634568151377655 1.1099770208954685
63221.0951 lsst_hardware_i -23.1561614542597 37.209999084472656 31.270000457763672 AB 3.424307672139576 1.1046153781095407
63225.0914 lsst_hardware_y 115.7326833621295 81.2300033569336 30.790000915527344 AB 6.730404306939931 1.106428457494646
63227.0827 lsst_hardware_r 147.30325742654833 109.73999786376953 31.639999389648438 AB 7.10598136877665 1.1053441755827618
63227.1032 lsst_hardware_i 39.21675561136772 88.02999877929688 31.31999969482422 AB 5.646803394570855 1.1197309923797056
