data/validation/pwv_sim_epoch_fit_seasonal/48116055.ecsv
# %ECSV 0.9
# ---
# datatype:
# - {name: time, datatype: float64}
# - {name: band, datatype: string}
# - {name: flux, datatype: float64}
# - {name: fluxerr, datatype: float64}
# - {name: zp, datatype: float64}
# - {name: zpsys, datatype: string}
# - {name: pwv, datatype: float64}
# - {name: airmass, datatype: float64}
# meta: {SNID: '48116055', alt: 1024.0, c: -0.013558131642639637, dec: -25.944481, lat: -30.244573, lon: -70.7499537, ra: 192.832031,
#   t0: 60810.71875, x0: 3.7785697105858666e-06, x1: 1.3241828680038452, z: 0.687747061252594}
# schema: astropy-2.0
time band flux fluxerr zp zpsys pwv airmass
60685.2888 lsst_hardware_i -26.505738902961603 33.9900016784668 31.209999084472656 AB 9.193452898002441 1.3864353638972164
60685.3058 lsst_hardware_u -0.13424116096232566 2.740000009536743 28.350000381469727 AB 9.198858864612928 1.2790108031348346
60687.2823 lsst_hardware_g 35.83325649694667 70.37000274658203 31.59000015258789 AB 8.17214913885221 1.3939700023628505
60687.2997 lsst_hardware_r 19.838285270637197 59.45000076293945 31.579999923706055 AB 8.833464825207962 1.282566763896229
60689.2847 lsst_hardware_i 74.4919613430041 66.51000213623047 31.270000457763672 AB 9.415462638254802 1.3399296940188519
60689.3035 lsst_hardware_r -153.07897857401184 81.33000183105469 31.600000381469727 AB 10.25805537299465 1.23432400605583
60693.2988 lsst_hardware_r -62.08394248422163 73.94000244140625 31.610000610351562 AB 8.766603930430154 1.2055285932934754
60693.3162 lsst_hardware_i 26.66594324724639 61.79999923706055 31.309999465942383 AB 8.242438773545006 1.1381832807739882
60696.2979 lsst_hardware_z 102.12116009597757 53.70000076293945 30.959999084472656 AB 14.097522255996864 1.175087293156365
60696.3145 lsst_hardware_r 123.37071225121741 52.9900016784668 31.610000610351562 AB 13.362251145666436 1.117431940597628
60700.2942 lsst_hardware_r -1.8334018412036286 24.950000762939453 31.5 AB 11.251761416129854 1.1481389200132504
60700.3113 lsst_hardware_z -0.41204463966802524 42.720001220703125 30.950000762939453 AB 10.735619962449109 1.0954714247397048
60704.3036 lsst_hardware_r 7.71789920339215 23.700000762939453 31.510000228881836 AB 12.064084572929634 1.0871319621761981
60704.3213 lsst_hardware_i -19.213390801258235 31.139999389648438 31.260000228881836 AB 11.62482332091456 1.049171779865935
60706.3076 lsst_hardware_z -47.14338632581339 41.939998626708984 30.950000762939453 AB 11.459943910354568 1.0652485508788407
60706.3258 lsst_hardware_r -30.702755885989085 23.600000381469727 31.510000228881836 AB 11.066124602181134 1.0331792453545396
60710.3105 lsst_hardware_i -36.10245338642166 31.149999618530273 31.260000228881836 AB 8.036063488965176 1.0397623792935697
60710.3275 lsst_hardware_z 33.86889261608784 41.2400016784668 30.959999084472656 AB 7.8434096986223905 1.0179636208465226
60712.3106 lsst_hardware_r 18.052500293818824 23.450000762939453 31.510000228881836 AB 3.521356907558504 1.031521613345624
60712.3293 lsst_hardware_u -1.0461332716306364 2.8499999046325684 28.549999237060547 AB 3.371516089912532 1.0116318625497411
60715.1938 lsst_hardware_r 3.989732871718552 59.0099983215332 31.530000686645508 AB 8.445386886068807 1.4910640688680803
60715.214 lsst_hardware_i -130.5696824033369 50.38999938964844 31.260000228881836 AB 7.137204504367341 1.3381003976565964
60717.215 lsst_hardware_z 109.78578909046227 86.12000274658203 31.700000762939453 AB 4.805819701761774 1.2985192385197983
60719.2223 lsst_hardware_r -113.11892196388013 102.36000061035156 31.610000610351562 AB 6.130827875134982 1.2309251522824887
60719.2409 lsst_hardware_i 0.2107673426895364 78.56999969482422 31.31999969482422 AB 5.754983587027245 1.153226288229347
60721.21 lsst_hardware_z -30.25855131630805 75.41000366210938 30.969999313354492 AB 3.9307109466966894 1.2655218759487088
60721.23 lsst_hardware_r 122.48702749077778 101.83999633789062 31.6299991607666 AB 3.641975632157565 1.1736950151973664
60723.2222 lsst_hardware_z -130.0596194672143 103.44999694824219 31.729999542236328 AB 5.350909003799273 1.1830442192790582
60725.2112 lsst_hardware_r -8.448313522413297 58.290000915527344 31.600000381469727 AB 3.160102510172989 1.206568141591392
60725.231 lsst_hardware_z 22.670968365832096 53.959999084472656 30.969999313354492 AB 2.9544089182844417 1.1310185356796176
60730.2138 lsst_hardware_g 2.792175351944569 14.539999961853027 31.40999984741211 AB 9.556894284313355 1.1428957527281962
60730.234 lsst_hardware_r 16.972632690581893 23.489999771118164 31.5 AB 9.113284058789999 1.0836891680587428
60732.2104 lsst_hardware_i -8.397440698013806 31.469999313354492 31.239999771118164 AB 6.286549416631169 1.1359181021437996
60732.2292 lsst_hardware_z 7.6694319984893005 41.72999954223633 30.940000534057617 AB 6.004442511772246 1.0820765023918266
60734.2142 lsst_hardware_r 10.037446283012894 23.549999237060547 31.489999771118164 AB 5.8406957691382235 1.1072758891222263
60734.2326 lsst_hardware_u -2.016243881657941 2.759999990463257 28.459999084472656 AB 5.609303105022177 1.0622338918739131
60737.2134 lsst_hardware_g -11.04020064725497 14.390000343322754 31.40999984741211 AB 5.677914896924247 1.0873933315739315
60737.234 lsst_hardware_i 25.13120877537223 30.799999237060547 31.25 AB 5.449478876179527 1.0443115749876926
60739.2107 lsst_hardware_z 4.188729686201982 41.79999923706055 30.950000762939453 AB 11.7331555983256 1.080600073524185
60739.2309 lsst_hardware_r -7.3072980042302005 23.06999969482422 31.510000228881836 AB 11.272348959689811 1.0404364824228545
60741.2124 lsst_hardware_u -5.815937879658177 2.680000066757202 28.40999984741211 AB 10.313459267821306 1.0644961098015306
60741.2319 lsst_hardware_g 19.181417733633968 14.239999771118164 31.43000030517578 AB 9.993221517658602 1.0308666719268182
60743.2074 lsst_hardware_r -29.58259862882022 38.09000015258789 31.600000381469727 AB 9.595637398782955 1.0635329483545195
60743.2285 lsst_hardware_i -6.775710520176811 37.16999816894531 31.290000915527344 AB 9.070472400919627 1.0281262403279132
60750.0872 lsst_hardware_r -289.2349339945035 154.66000366210938 31.530000686645508 AB 11.414911402288316 1.598465899916678
60750.1086 lsst_hardware_z -124.36646661292293 102.7300033569336 30.950000762939453 AB 10.018438522258975 1.4065408054837596
60752.1643 lsst_hardware_r -31.041359064865613 91.38999938964844 31.639999389648438 AB 6.8189686312297 1.1094518822419828
60752.1819 lsst_hardware_z 38.471394240099315 67.66000366210938 30.989999771118164 AB 7.339034195549012 1.0654811549867904
60754.1639 lsst_hardware_g -62.47889126232133 52.25 31.700000762939453 AB 5.301676040776977 1.0953876117307804
60754.1808 lsst_hardware_i 77.94545342249073 49.099998474121094 31.309999465942383 AB 5.5794000490141045 1.056621172384901
60756.168 lsst_hardware_z 18.711455111565677 43.38999938964844 30.959999084472656 AB 5.076259325804454 1.071977332330021
60756.1851 lsst_hardware_r 19.44298639600146 30.979999542236328 31.579999923706055 AB 4.982480917025331 1.0394605529259517
60758.1715 lsst_hardware_u 0.8277322167965874 2.940000057220459 28.59000015258789 AB 6.273441686676369 1.0535189028383003
60758.1875 lsst_hardware_g -2.7028565195764083 14.979999542236328 31.489999771118164 AB 6.066290807089302 1.0281848825575086
60762.1554 lsst_hardware_z 25.939595426427775 41.9900016784668 30.959999084472656 AB 7.800428999730214 1.063791571924295
60762.1724 lsst_hardware_r 14.478303069206667 23.770000457763672 31.520000457763672 AB 7.383801595132327 1.0339045407419827
60764.0644 lsst_hardware_i -20.961261838801168 34.459999084472656 31.190000534057617 AB 7.171943120242973 1.4535758249377273
60764.0824 lsst_hardware_z 15.693123729622478 45.720001220703125 30.920000076293945 AB 6.577066047634974 1.324285925226009
60767.0684 lsst_hardware_i 63.60552874711944 33.81999969482422 31.209999084472656 AB 11.837263207721596 1.3621053698294219
60767.0857 lsst_hardware_u 1.3253127576003207 2.7100000381469727 28.34000015258789 AB 10.839973267078136 1.258705674300759
60769.0631 lsst_hardware_g 27.57616556282381 19.65999984741211 31.420000076293945 AB 6.802340385696353 1.3610124821321237
60769.081 lsst_hardware_r -0.8607946856464794 26.760000228881836 31.479999542236328 AB 6.1449580565982185 1.2547559331469273
60771.0632 lsst_hardware_i 20.584578771741302 39.689998626708984 31.239999771118164 AB 10.448497251084417 1.3248305897402093
60771.081 lsst_hardware_r -55.1562322264011 37.310001373291016 31.559999465942383 AB 9.68393122219572 1.2277048478283923
60773.0713 lsst_hardware_z -143.90007618158876 74.95999908447266 31.700000762939453 AB 9.388780999631793 1.248508111653164
60775.0799 lsst_hardware_i 0.9512462713506861 73.41999816894531 31.299999237060547 AB 6.715076321178269 1.184369032352091
60775.0988 lsst_hardware_z -64.95790274450171 65.80000305175781 30.979999542236328 AB 5.678207940318588 1.1174641708840045
60778.0797 lsst_hardware_r 151.19434603917423 155.3671941224816 31.639999389648438 AB 8.86682925315587 1.153633782612005
60778.0964 lsst_hardware_z 96.6830025047909 101.08259198115077 31.0 AB 8.092516694985525 1.1007231630829757
60780.0639 lsst_hardware_z -25.16722185382726 112.01754100075061 31.729999542236328 AB 13.016183368565036 1.1941452631711043
60782.0758 lsst_hardware_z 56.82284742844687 55.090200260621835 30.969999313354492 AB 16.496684495149985 1.129632646906295
60782.0949 lsst_hardware_r 1.8468701731875072 63.09451091767968 31.639999389648438 AB 15.314480321238962 1.0768036038511921
60790.0711 lsst_hardware_r 403.148905295603 31.099391848364064 31.5 AB 14.81015299583476 1.081447488697111
60790.0893 lsst_hardware_i 405.9716481274261 37.14622059645893 31.260000228881836 AB 14.05014019831559 1.0442965771433481
60794.0751 lsst_hardware_z 533.9255407685097 46.236045834213 30.940000534057617 AB 8.906295218531794 1.0500230156250705
60795.0507 lsst_hardware_g 178.7774921466845 19.269737019981065 31.440000534057617 AB 11.654187943530369 1.0987606483529575
60795.0716 lsst_hardware_i 701.5808832021414 41.33949251165852 31.260000228881836 AB 11.199969344743455 1.0514264088442573
60797.0504 lsst_hardware_z 577.911869805973 48.26004665220767 30.940000534057617 AB 9.116823412229262 1.0853361205034835
60797.07 lsst_hardware_r 957.2818448692211 38.48132736154055 31.510000228881836 AB 8.774740978217594 1.04461202121638
60800.0528 lsst_hardware_y 263.75989403976484 50.32577893223915 30.040000915527344 AB 9.57980933538858 1.061406114329289
60800.0717 lsst_hardware_g 358.8704466281417 36.82965745035218 31.670000076293945 AB 9.292516829117886 1.0296607688915274
60801.9666 lsst_hardware_z 1459.8526586534495 105.25023669769467 31.690000534057617 AB 5.362750313062134 1.406684527339897
60803.9565 lsst_hardware_y 296.7842575219496 80.97307799723636 29.940000534057617 AB 13.268875006642613 1.4428179205831144
60803.9753 lsst_hardware_r 1307.4173069889632 106.95187187925804 31.600000381469727 AB 11.546189401796669 1.3113219082108654
60805.9566 lsst_hardware_y 550.5948603727105 97.52309789863274 29.959999084472656 AB 12.934286493252237 1.3998145555467163
60805.9744 lsst_hardware_z 693.9727192411964 101.27024956252913 30.969999313354492 AB 9.64185662640629 1.2847814639432737
60807.9562 lsst_hardware_y 379.1594682139418 88.70362338945579 29.959999084472656 AB 10.991277276153534 1.3638230515338716
60807.9745 lsst_hardware_z 797.7708439584206 89.63897027435986 30.969999313354492 AB 9.730719512651511 1.2548211200977872
60809.9566 lsst_hardware_y 818.1621636715042 102.59342433024582 30.729999542236328 AB 10.475012387642076 1.3255314631624404
60809.9765 lsst_hardware_r 2600.4549550880083 86.24750501050914 32.34000015258789 AB 7.959016572050247 1.2184033125555698
60813.9555 lsst_hardware_z 1667.41705795767 94.53350877429047 31.700000762939453 AB 11.326521867821173 1.2686042786434313
60813.9768 lsst_hardware_g 182.33603639457064 19.93948816701414 31.420000076293945 AB 11.231094308612139 1.1708712193505553
60822.9578 lsst_hardware_y 637.6678356212987 80.05614009337756 30.770000457763672 AB 7.6165870758626575 1.150150942030624
60822.9779 lsst_hardware_g 205.57697455013724 24.93923258766182 32.16999816894531 AB 7.0221715513626535 1.0891309114172396
60823.9556 lsst_hardware_y 426.3244211272824 62.01948173897489 30.020000457763672 AB 10.888964495862684 1.148271663520793
60823.9754 lsst_hardware_z 681.7059829076248 49.60426596852754 30.940000534057617 AB 9.633066889973753 1.088543634100675
61056.2909 lsst_hardware_g -17.853752981254964 15.0 31.3799991607666 AB 5.954038389549652 1.2746817361485017
61056.308 lsst_hardware_r -18.917475774618048 24.3700008392334 31.489999771118164 AB 6.966260961285165 1.1923935061466329
61058.2876 lsst_hardware_i 41.02575906420811 32.779998779296875 31.209999084472656 AB 9.311335863372761 1.2630678056664082
61058.3051 lsst_hardware_z 113.39011610888089 43.310001373291016 30.93000030517578 AB 8.562275965873761 1.1818186288300567
61060.2902 lsst_hardware_r -57.37438518689826 24.59000015258789 31.469999313354492 AB 14.487363474004622 1.22294932776234
61060.3086 lsst_hardware_u -2.4972478571453522 2.7300000190734863 28.3799991607666 AB 12.605262272555288 1.1479418320747934
61062.2921 lsst_hardware_g 1.7573991531600448 20.969999313354492 32.15999984741211 AB 11.213935368020879 1.1903758152986492
61062.3101 lsst_hardware_i -15.10860462203099 44.75 31.989999771118164 AB 10.559030086646214 1.1247369073973386
61064.2942 lsst_hardware_z 51.80254901213668 43.20000076293945 30.93000030517578 AB 9.017962972863769 1.1605383145053518
61064.3128 lsst_hardware_r -41.27369165910833 23.989999771118164 31.489999771118164 AB 8.545389851593384 1.1006781325510802
61066.2946 lsst_hardware_u 0.6704210375265677 2.5899999141693115 28.280000686645508 AB 13.876573704857684 1.1397128417607232
61066.3129 lsst_hardware_g -10.825903281986859 14.819999694824219 31.420000076293945 AB 13.249188824249346 1.086088107570239
61068.2991 lsst_hardware_i 15.985202911025022 31.729999542236328 31.239999771118164 AB 12.969556675662206 1.1085091175779664
61068.317 lsst_hardware_z 52.951007040535 41.90999984741211 30.950000762939453 AB 12.45069292601729 1.0641617885484864
61070.3092 lsst_hardware_r -52.19617518854008 33.27000045776367 32.2400016784668 AB 11.895086791318517 1.0691732318833778
61070.3289 lsst_hardware_g 0.11209873014563328 20.6200008392334 32.189998626708984 AB 11.490978044441988 1.0336401946965899
61073.3069 lsst_hardware_r -118.10220583529043 87.62999725341797 31.649999618530273 AB 8.836341891414486 1.0569786951452733
61073.3258 lsst_hardware_i -76.22452522622888 67.91000366210938 31.329999923706055 AB 8.559115804154166 1.0267858607402778
61077.2196 lsst_hardware_r 108.48287510310729 89.43000030517578 31.56999969482422 AB 5.881268568602374 1.3597784829723034
61077.2388 lsst_hardware_z 93.89176470459165 69.18000030517578 30.959999084472656 AB 5.388701215678255 1.2471920727537933
61079.1977 lsst_hardware_i 40.976653660545345 59.060001373291016 31.239999771118164 AB 13.477323214592568 1.486852117963362
61079.2156 lsst_hardware_r 48.686023003848035 62.029998779296875 31.559999465942383 AB 9.557447871914617 1.3500014650459236
61081.1969 lsst_hardware_u 2.1045397859681256 3.2899999618530273 28.350000381469727 AB 4.647076110938569 1.4473866624601022
61081.2164 lsst_hardware_g -19.74626796857773 25.40999984741211 31.520000457763672 AB 5.7076520989459425 1.3104971909412007
61083.21 lsst_hardware_i 36.48747664631763 32.93000030517578 31.209999084472656 AB 7.763748167565763 1.3161869633079388
61083.23 lsst_hardware_z 29.008899097180773 43.66999816894531 30.93000030517578 AB 7.144404560126209 1.2110528692721618
61089.2088 lsst_hardware_z -56.17260077424142 44.09000015258789 30.93000030517578 AB 6.525425854144516 1.2335398590065279
61089.2287 lsst_hardware_r 36.49057812395342 23.709999084472656 31.479999542236328 AB 6.075374265909197 1.1505119571845024
61091.2081 lsst_hardware_u 4.6439571633795325 2.7300000190734863 28.3799991607666 AB 4.3607363089580655 1.2113156413772403
61091.228 lsst_hardware_g 35.24131200522999 14.539999961853027 31.420000076293945 AB 3.7427809804679364 1.1341760546872535
61093.2103 lsst_hardware_r 10.225362543668298 23.760000228881836 31.469999313354492 AB 9.54809320925523 1.178776939414226
61093.231 lsst_hardware_i -0.6195820919927181 31.3700008392334 31.239999771118164 AB 8.97532464256668 1.1080647706872444
61095.2091 lsst_hardware_z 25.116162040598873 43.220001220703125 30.940000534057617 AB 9.694527110299854 1.162273961191686
61095.2285 lsst_hardware_r -48.44331273672825 23.450000762939453 31.489999771118164 AB 9.201680395964264 1.099758622680084
61100.2089 lsst_hardware_i 59.302539901862886 56.099998474121094 31.299999237060547 AB 3.9716162448417194 1.1168774591793198
