data/validation/pwv_sim_epoch_fit_seasonal/48141309.ecsv
# %ECSV 0.9
# ---
# datatype:
# - {name: time, datatype: float64}
# - {name: band, datatype: string}
# - {name: flux, datatype: float64}
# - {name: fluxerr, datatype: float64}
# - {name: zp, datatype: float64}
# - {name: zpsys, datatype: string}
# - {name: pwv, datatype: float64}
# - {name: airmass, datatype: float64}
# meta: {SNID: '48141309', alt: 1024.0, c: -0.025751983746886253, dec: -17.426323, lat: -30.244573, lon: -70.7499537, ra: 318.515625,
#   t0: 61212.9609375, x0: 2.1661921040581983e-05, x1: -1.6078951358795166, z: 0.3316698670387268}
# schema: astropy-2.0
time band flux fluxerr zp zpsys pwv airmass
61176.4029 lsst_hardware_r -10.864802540144966 25.329999923706055 31.510000228881836 AB 4.655276271908689 1.040672788057084
61176.4253 lsst_hardware_y 51.04932535203342 50.220001220703125 30.049999237060547 AB 3.852915237083711 1.0267595568511172
61179.4213 lsst_hardware_z 39.560057022668445 43.5099983215332 30.959999084472656 AB 9.111840484679194 1.0261081626890864
61181.3726 lsst_hardware_r 6.495537476241763 35.75 32.279998779296875 AB 7.480453884787543 1.0629671113282635
61181.3847 lsst_hardware_y -6.075222548214673 47.380001068115234 30.049999237060547 AB 7.50507320431846 1.0457117464565222
61186.3959 lsst_hardware_g 10.989598953344698 16.1371588845511 31.489999771118164 AB 5.665649691985251 1.0273163539411538
61186.417 lsst_hardware_y -111.58203416037182 47.54109560709929 30.049999237060547 AB 5.151530110678301 1.0286601658702679
61188.3989 lsst_hardware_i -61.77398800960151 32.01042667669578 31.270000457763672 AB 9.532315849273152 1.0260098861875522
61188.4192 lsst_hardware_y 102.68263226599198 47.66332443941675 30.049999237060547 AB 9.063842328958842 1.032975363719738
61195.3179 lsst_hardware_z 818.5038227726549 112.88156843216352 31.739999771118164 AB 13.209611735387643 1.0961878540631353
61218.2564 lsst_hardware_r 6731.9417098900085 106.87352449010457 31.6299991607666 AB 7.752627141725433 1.093151035212304
61218.275 lsst_hardware_i 5282.068860125356 91.28313016956375 31.31999969482422 AB 7.614160182945632 1.0575222476313377
61219.3279 lsst_hardware_z 3327.6377784937454 83.2940268838106 30.979999542236328 AB 5.573483267974454 1.0291090816386226
61219.3466 lsst_hardware_r 6649.178703380429 116.17810160220051 31.649999618530273 AB 5.303017386416305 1.0440038165993317
61221.3125 lsst_hardware_z 3098.364814051183 98.01507540288095 31.0 AB 3.591766244875549 1.0262189271072997
61221.3318 lsst_hardware_r 5973.208505530213 143.64208460937851 31.65999984741211 AB 3.671377074776899 1.0349924800273167
61224.306 lsst_hardware_i 4362.974146136028 118.98671203973069 31.350000381469727 AB 6.594381569407878 1.026469398029556
61224.3251 lsst_hardware_z 2588.0137033097385 99.25505625266722 31.0 AB 6.669096920628522 1.0362176694575247
61226.2915 lsst_hardware_r 4469.842465446832 96.34074068098977 31.649999618530273 AB 4.094418357593701 1.0262771862375857
61226.3097 lsst_hardware_z 2393.295229746605 74.70989658508572 30.979999542236328 AB 4.621120536143461 1.0295467385860089
61232.2675 lsst_hardware_u -6.937068945426626 3.465744010070162 28.489999771118164 AB 8.945927473038372 1.028306924369329
61232.2875 lsst_hardware_g 762.2562619935791 31.214097109079322 31.479999542236328 AB 8.93712074117252 1.027255257606037
61234.2681 lsst_hardware_r 2033.7749594745756 50.93145224666125 31.520000457763672 AB 6.412560843886461 1.0265298434758785
61234.2865 lsst_hardware_i 2678.2719828953773 59.96774937107683 31.260000228881836 AB 6.415406987017199 1.0289070573388188
61236.2692 lsst_hardware_z 1971.9768870944035 59.34462564828102 30.950000762939453 AB 5.462106613607157 1.0260367453004897
61236.2881 lsst_hardware_r 1639.0051293717554 47.474471211374734 31.510000228881836 AB 5.501209238812637 1.0329454515913508
61239.2459 lsst_hardware_u 47.16149420897987 7.3453846909343135 29.239999771118164 AB 2.0305059300073944 1.0294073155934262
61239.2658 lsst_hardware_r 2659.747199059721 61.975602668029126 32.27000045776367 AB 1.9458614703787402 1.026614097364031
61245.2385 lsst_hardware_r 1080.8286651956023 56.11456536284911 31.6299991607666 AB 6.418064650908408 1.026452391125132
61245.2586 lsst_hardware_z 1603.8096455512593 61.48057548822176 30.969999313354492 AB 6.078464207796968 1.0299426793403597
61247.2245 lsst_hardware_y 1023.9738393333894 78.98325295834647 30.809999465942383 AB 10.455267763757119 1.0291968529751725
61250.2166 lsst_hardware_r 531.2613322587101 162.39997010814218 31.65999984741211 AB 4.23596171019293 1.0290618779317182
61250.2394 lsst_hardware_i 1447.4061627669628 133.55251151136653 31.350000381469727 AB 4.224729817896704 1.0275814377890478
61252.2192 lsst_hardware_z 1103.4520012423802 103.24717329977659 31.0 AB 3.284755402877106 1.0264860633990955
61252.2384 lsst_hardware_r 749.3726182899215 151.21409557175863 31.670000076293945 AB 3.2940646508749767 1.0293952033984302
61257.1958 lsst_hardware_i 948.9619811707639 46.407442065607235 31.270000457763672 AB 1.7305549646514806 1.0298878980270665
61257.2165 lsst_hardware_z 732.1425500900821 51.42663227847567 30.950000762939453 AB 1.0464740402807216 1.0265839757505544
61259.1974 lsst_hardware_r 567.5025671882828 32.95346342751633 31.520000457763672 AB 2.8865642846765396 1.027094778832275
61259.2155 lsst_hardware_u 11.344093680275858 3.8047714730766673 28.479999542236328 AB 3.276489798591808 1.0278108846944554
61265.1733 lsst_hardware_r 505.54488766066817 32.46052381899456 31.530000686645508 AB 3.013958577374475 1.03023707994342
61265.1941 lsst_hardware_i 768.6450253056202 42.105294776128574 31.260000228881836 AB 3.022982192443556 1.0264795220523577
61267.1698 lsst_hardware_z 578.8257548686876 47.23509046322585 30.950000762939453 AB 3.7095590144327644 1.0292418074728222
61267.1896 lsst_hardware_r 477.5625013686768 32.24504366415229 31.530000686645508 AB 3.6562175980734573 1.026666928205955
61269.1591 lsst_hardware_u 37.17646626345336 6.240965798964024 28.559999465942383 AB 4.410260789052557 1.0322033364922507
61269.178 lsst_hardware_r 376.8656272389175 32.12827599295074 31.530000686645508 AB 4.520717986243403 1.0260173592367012
61273.1619 lsst_hardware_i 1445.0021453564666 66.24189161928469 32.029998779296875 AB 1.8380834972975475 1.0264799873217876
61273.1836 lsst_hardware_z 994.3504967149659 70.06603587179687 31.709999084472656 AB 1.7558618042005272 1.0307377776345918
61275.1346 lsst_hardware_z 496.1497749144105 57.73265774732766 30.979999542236328 AB 2.2710796213709368 1.0387222417369075
61275.1534 lsst_hardware_r 549.3629258513093 66.80023139343608 31.649999618530273 AB 2.2366046366227734 1.0271826567979851
61277.1461 lsst_hardware_y 195.2717811179501 88.24287888319039 30.81999969482422 AB 3.6043656706133684 1.0277632365592724
61279.1215 lsst_hardware_r 373.3226270340815 156.9570184472747 31.670000076293945 AB 1.5142175250238472 1.040878174960319
61279.1394 lsst_hardware_i 562.4385322398673 129.8033694421967 31.350000381469727 AB 2.05061458580731 1.0282205845599082
61285.1177 lsst_hardware_z 19.068810709540358 41.689998626708984 30.950000762939453 AB 2.998144130432049 1.0307918965471332
61285.1359 lsst_hardware_r 16.65514518768006 25.34000015258789 31.530000686645508 AB 3.135127959343563 1.026060533249407
61287.1029 lsst_hardware_r 57.086175712719054 24.260000228881836 31.510000228881836 AB 0.9832502854918952 1.0377311720231084
61287.1211 lsst_hardware_u -0.07752407910042976 2.799999952316284 28.469999313354492 AB 0.9297408071701251 1.027054191847694
61298.0842 lsst_hardware_g 18.26493825343599 15.670000076293945 31.489999771118164 AB 1.080852397392545 1.0297101277157814
61298.1023 lsst_hardware_i -14.99931458707474 31.469999313354492 31.270000457763672 AB 1.0683009619419959 1.0262257079175872
61300.064 lsst_hardware_r -4.172014119179681 27.020000457763672 31.549999237060547 AB 0.33148552267644343 1.0410432536268703
61300.0826 lsst_hardware_z -41.40755227162355 42.04999923706055 30.959999084472656 AB 0.34472743926542593 1.028014232399646
61304.0564 lsst_hardware_z -40.91350382604871 58.119998931884766 30.979999542236328 AB 4.075461646332514 1.0378053593920058
61304.0777 lsst_hardware_r 91.90739214412265 70.12000274658203 31.649999618530273 AB 4.0124673443010455 1.026403362358776
61306.0615 lsst_hardware_i -70.36773750711873 93.37999725341797 31.34000015258789 AB 1.4059919327954244 1.0301565022313526
61306.0806 lsst_hardware_z 7.209569228639981 81.69000244140625 31.0 AB 1.3886779519525918 1.0262430978834278
61308.0578 lsst_hardware_r -35.54872867546183 119.01000213623047 31.65999984741211 AB 4.635468324015993 1.029265411298052
61308.0766 lsst_hardware_z 1.7379521583099156 82.18000030517578 31.0 AB 4.545859466919202 1.0264623212974262
61310.0575 lsst_hardware_z 43.29172645139816 66.37000274658203 30.989999771118164 AB 2.876378286340074 1.0272779594071695
61310.0776 lsst_hardware_i 42.90873184854877 75.91000366210938 31.329999923706055 AB 2.8792903930335907 1.0283179975119967
61312.0332 lsst_hardware_r -37.59321068806531 24.229999542236328 31.510000228881836 AB 3.5481026161365454 1.0390772987514603
61312.0524 lsst_hardware_z 2.8828281220269845 47.25 30.959999084472656 AB 3.48134772101806 1.0271734811590074
61314.0373 lsst_hardware_r -5.137712600440898 24.290000915527344 31.520000457763672 AB 6.2704272618129995 1.031518207191018
61314.0566 lsst_hardware_u -6.144130629995809 2.799999952316284 28.469999313354492 AB 5.863894775741133 1.026053329088525
61316.0226 lsst_hardware_g -19.23691877636605 15.539999961853027 31.479999542236328 AB 2.1093932498557337 1.0387688361075509
61316.0398 lsst_hardware_r -32.13621838546609 24.309999465942383 31.520000457763672 AB 2.100098497767383 1.027696842558418
61318.0229 lsst_hardware_i 11.751618248430496 31.520000457763672 31.260000228881836 AB 2.8447436955762573 1.0338883138565353
61318.0425 lsst_hardware_z -34.96570571697751 41.63999938964844 30.959999084472656 AB 2.8736697977365333 1.026066340539034
61320.0236 lsst_hardware_r 9.87560808015415 24.43000030517578 31.530000686645508 AB 4.011264142710854 1.0299818058058428
61320.0427 lsst_hardware_u -5.504577898738229 2.8499999046325684 28.510000228881836 AB 4.342982040400082 1.0262851161805906
61322.027 lsst_hardware_g 15.658686582491555 15.670000076293945 31.489999771118164 AB 3.960996715197786 1.0266969194395505
61322.0433 lsst_hardware_i 34.25484520101352 31.6299991607666 31.270000457763672 AB 3.077071146979238 1.0277458740754142
61324.0047 lsst_hardware_y 4.533112399788149 48.31999969482422 30.059999465942383 AB 3.6090465941658425 1.035297359198463
61324.0237 lsst_hardware_z 3.5683745665086932 41.709999084472656 30.959999084472656 AB 3.5137390126003685 1.026308737007215
61327.0052 lsst_hardware_y -57.15245650821049 47.95000076293945 30.059999465942383 AB 7.4574169939681845 1.029615186419051
61327.0233 lsst_hardware_u -2.254892179757876 3.009999990463257 28.579999923706055 AB 7.410786638032662 1.0262470677560247
61332.9956 lsst_hardware_y 68.9291430084204 75.61000061035156 30.079999923706055 AB 2.3848359339124596 1.027024267251243
61333.0131 lsst_hardware_z -30.473993384094257 60.709999084472656 30.989999771118164 AB 3.057632204836459 1.0276891706029607
61543.4118 lsst_hardware_g 27.952889165985496 28.520000457763672 32.689998626708984 AB 8.167314214564264 1.0300993291723195
61547.3783 lsst_hardware_i -172.20877089984774 140.27000427246094 32.84000015258789 AB 4.396216131974362 1.0513071658766908
61547.415 lsst_hardware_z -34.91474127017767 61.65999984741211 30.989999771118164 AB 4.305322434208912 1.0260539643014566
61551.3895 lsst_hardware_r -25.317248180245624 82.76000213623047 31.65999984741211 AB 5.672416134325804 1.0303492615026286
61551.416 lsst_hardware_y -42.63810495912662 55.97999954223633 30.059999465942383 AB 5.710893429712559 1.0280019374257576
61557.3259 lsst_hardware_r -17.49302348301777 24.959999084472656 31.510000228881836 AB 7.483798332090196 1.0983511078847057
61557.3471 lsst_hardware_u -0.34373159287011085 2.8399999141693115 28.459999084472656 AB 7.06691161923861 1.0569056598684312
61560.3878 lsst_hardware_g 40.28985709924812 22.059999465942383 32.209999084472656 AB 11.992798332043565 1.026890577505617
61560.4104 lsst_hardware_r -8.129553433161057 34.779998779296875 32.2599983215332 AB 12.133585649584937 1.0413754151469714
61571.3181 lsst_hardware_z 74.03035437898494 47.22999954223633 30.969999313354492 AB 12.222039531618265 1.0446187633861765
61571.3414 lsst_hardware_r 64.6954934816132 38.36000061035156 31.600000381469727 AB 11.593575925091786 1.0275260059462579
61573.3202 lsst_hardware_z -27.789592255803917 57.220001220703125 30.979999542236328 AB 4.002997618024235 1.0369340834601364
61573.3439 lsst_hardware_r -134.75353821301013 75.33000183105469 31.65999984741211 AB 3.4414173972237725 1.0260636246939971
61575.3109 lsst_hardware_i -123.06324363845741 118.2300033569336 32.09000015258789 AB 3.1563221962396484 1.040574366187966
61575.3362 lsst_hardware_z -105.93678131996647 101.51000213623047 31.75 AB 2.6290925621481938 1.0262543343237134
61579.2982 lsst_hardware_y 37.23430027432536 60.56999969482422 30.059999465942383 AB 2.7687352914108634 1.0424455163445328
61579.322 lsst_hardware_r -21.806560321504957 106.27999877929688 31.65999984741211 AB 2.7656382816601877 1.0268458966560103
61581.2834 lsst_hardware_r -4.73183498176358 60.84000015258789 31.639999389648438 AB 4.616164057120147 1.0542195962592524
61581.3115 lsst_hardware_i -39.50182238525687 75.83999633789062 32.06999969482422 AB 4.132005167816831 1.0284802641264719
61581.3369 lsst_hardware_z 72.3094047988704 54.349998474121094 30.979999542236328 AB 3.7098506734001817 1.0291799537821846
61588.3148 lsst_hardware_r 33.888243943527726 34.16999816894531 32.27000045776367 AB 8.015360620358244 1.0279398038292074
61588.3287 lsst_hardware_u 1.6002343615434471 3.9800000190734863 29.239999771118164 AB 8.086811742195493 1.036383199725986
61590.2992 lsst_hardware_g -1.6847971297925564 15.289999961853027 31.459999084472656 AB 7.15575455525137 1.026037216668847
61590.3209 lsst_hardware_r 3.7982140642473876 24.09000015258789 31.510000228881836 AB 7.219391972640105 1.034482102473954
61595.2795 lsst_hardware_i -43.65046138181277 31.3700008392334 31.260000228881836 AB 2.1558429009554243 1.026591857597821
61595.3001 lsst_hardware_z 71.86867488254573 41.40999984741211 30.950000762939453 AB 1.787875167173065 1.0298820087403062
61597.1584 lsst_hardware_z 34.66033263237424 48.11000061035156 30.920000076293945 AB 10.00749425543213 1.341936876356992
61597.1713 lsst_hardware_r -56.84022871494081 34.099998474121094 31.530000686645508 AB 9.891494687161238 1.2665166052703334
61599.2749 lsst_hardware_z 15.982315499156472 45.029998779296875 30.959999084472656 AB 6.3848930828370465 1.0260427591135408
61599.2951 lsst_hardware_r -8.98069124187046 33.900001525878906 31.59000015258789 AB 6.304736812226946 1.033563411840483
61606.2367 lsst_hardware_i -103.73856714298296 128.10000610351562 31.350000381469727 AB 3.0459111627867346 1.0319292476973692
61606.2588 lsst_hardware_z 71.14640345015863 106.75 31.010000228881836 AB 2.8940704929714145 1.026266132259367
61609.1922 lsst_hardware_z -31.750556418093925 58.459999084472656 30.979999542236328 AB 5.812476446134003 1.0798841516272073
61609.2133 lsst_hardware_r 52.783496771313594 102.7699966430664 32.400001525878906 AB 5.120978985647279 1.0458625836541577
61609.2358 lsst_hardware_z 85.68620377485908 58.54999923706055 30.979999542236328 AB 5.033741182532206 1.0281859127880943
61616.2268 lsst_hardware_r -10.477449372391765 24.729999542236328 31.530000686645508 AB 4.6172519857586485 1.0260559968352552
61616.2448 lsst_hardware_i -78.53181210536238 31.709999084472656 31.260000228881836 AB 4.639541878873613 1.0310093064163586
61618.2194 lsst_hardware_z -23.94654784485602 41.84000015258789 30.959999084472656 AB 4.605545166499413 1.0261909907529887
61618.2399 lsst_hardware_r 26.214458568790242 24.81999969482422 31.530000686645508 AB 4.618879095619636 1.031345114573995
61621.2098 lsst_hardware_u -3.8341418307916424 2.9000000953674316 28.520000457763672 AB 1.5387002032016144 1.026370341212861
61621.2298 lsst_hardware_r 8.307655564923637 24.809999465942383 31.520000457763672 AB 1.5376442650902906 1.0302474137958395
61623.1959 lsst_hardware_i -20.617995218351187 31.68000030517578 31.260000228881836 AB 1.6680756590245132 1.028882441958065
61623.2158 lsst_hardware_z 32.70298473885253 41.58000183105469 30.950000762939453 AB 2.3477457985558132 1.0268981076241939
61625.1822 lsst_hardware_z -3.4631438416145066 41.66999816894531 30.950000762939453 AB 3.4084030686772464 1.0337369666917797
61625.2022 lsst_hardware_r 0.8929203843478483 24.719999313354492 31.520000457763672 AB 3.3834238368792446 1.0260572666805576
61628.1861 lsst_hardware_y 127.91735842977324 68.69999694824219 30.809999465942383 AB 7.685945103991534 1.0274297502244474
61643.1289 lsst_hardware_i 155.58102856230275 44.779998779296875 32.0099983215332 AB 2.2242342882164925 1.037100227642132
61643.1603 lsst_hardware_z 46.80116936862125 58.79999923706055 31.700000762939453 AB 2.203457689861847 1.0266945825246414
61648.1165 lsst_hardware_r 37.58808067869481 24.450000762939453 31.510000228881836 AB 3.455993506899879 1.0360210362927442
61648.1324 lsst_hardware_u -2.651904212240683 2.799999952316284 28.459999084472656 AB 4.782126158559846 1.027162488414086
61650.1197 lsst_hardware_g -30.357316861630938 15.470000267028809 31.459999084472656 AB 2.9901858711601794 1.0300921643773944
61650.1374 lsst_hardware_i -43.138079163171234 31.440000534057617 31.25 AB 3.157590123565761 1.0261355544274802
61652.0985 lsst_hardware_r 0.11061392256162232 24.440000534057617 31.520000457763672 AB 0.9776950917069174 1.0428747644873786
61652.117 lsst_hardware_z -27.64158710343215 41.720001220703125 30.950000762939453 AB 0.9968675837930155 1.0287591164011312
61654.1019 lsst_hardware_r 0.9793713301084827 26.670000076293945 31.549999237060547 AB 1.350819075422797 1.0345818805893263
61654.1199 lsst_hardware_y 5.5168580812609616 47.16999816894531 30.049999237060547 AB 1.345617921292551 1.0263404980302937
61656.0988 lsst_hardware_g -16.764303114794473 32.86000061035156 31.68000030517578 AB 2.3948383579912913 1.0328515057466754
61656.1167 lsst_hardware_r 28.435737770223316 36.31999969482422 31.600000381469727 AB 2.4103131812556073 1.0261018225864655
61673.0634 lsst_hardware_r 13.815114978835954 24.270000457763672 31.520000457763672 AB 4.609155196407027 1.027376891984626
61673.0827 lsst_hardware_i -14.630499981329018 31.510000228881836 31.260000228881836 AB 4.555463508309069 1.0279346013483213
61679.0359 lsst_hardware_i 19.626972150926438 31.299999237060547 31.25 AB 6.277820252720697 1.0329184735668129
61679.054 lsst_hardware_u -0.9183040564086936 2.759999990463257 28.440000534057617 AB 5.885504299216918 1.0260940228185451
61683.0251 lsst_hardware_i -13.166277388227801 32.290000915527344 31.260000228881836 AB 2.8444242963385507 1.032833804044499
61683.0437 lsst_hardware_r -9.20696756235411 26.030000686645508 31.530000686645508 AB 2.914869341602817 1.0260613698807217
61685.0255 lsst_hardware_z -12.91221800398284 44.86000061035156 30.959999084472656 AB 4.000752122648269 1.0293971755173728
61685.0435 lsst_hardware_g 32.93861120107267 31.93000030517578 31.670000076293945 AB 4.4424229820744285 1.026319275054737
61690.0049 lsst_hardware_y -30.472426000851122 57.029998779296875 30.059999465942383 AB 6.34580989583525 1.0336036966911393
61690.0236 lsst_hardware_z 12.6738934168555 69.52999877929688 30.989999771118164 AB 6.345004979029327 1.026118699608527
61691.0071 lsst_hardware_y 52.732126939594295 79.7300033569336 30.809999465942383 AB 5.898767614663142 1.0304424167460045
61691.0274 lsst_hardware_z 98.97570195318062 95.41000366210938 31.739999771118164 AB 5.886686104714672 1.0263597079094537
61693.0051 lsst_hardware_y -40.16859658365854 55.060001373291016 30.059999465942383 AB 6.901096467960261 1.0287348772114675
61693.0227 lsst_hardware_r -30.371508158588025 88.69000244140625 31.65999984741211 AB 6.934322686290655 1.02648334343421
61695.006 lsst_hardware_y 31.631517595642364 48.25 30.049999237060547 AB 7.264485350044464 1.026685638579769
61695.023 lsst_hardware_r 43.01364421610043 48.220001220703125 31.6299991607666 AB 7.287477444279839 1.0280704583875364
61696.9955 lsst_hardware_z 106.66409361196526 63.02000045776367 30.989999771118164 AB 5.2569795872145635 1.028193028108637
61697.013 lsst_hardware_g 3.2390248627616725 16.239999771118164 31.479999542236328 AB 4.19570741446679 1.0267239482360921
