data/validation/pwv_sim_epoch_fit_seasonal/48286795.ecsv
# %ECSV 0.9
# ---
# datatype:
# - {name: time, datatype: float64}
# - {name: band, datatype: string}
# - {name: flux, datatype: float64}
# - {name: fluxerr, datatype: float64}
# - {name: zp, datatype: float64}
# - {name: zpsys, datatype: string}
# - {name: pwv, datatype: float64}
# - {name: airmass, datatype: float64}
# meta: {SNID: '48286795', alt: 1024.0, c: -0.10663431137800217, dec: -55.107937, lat: -30.244573, lon: -70.7499537, ra: 54.813831, t0: 60556.4765625,
#   x0: 3.6498472076135335e-06, x1: 0.1472628116607666, z: 0.6971449851989746}
# schema: astropy-2.0
time band flux fluxerr zp zpsys pwv airmass
[from data line 131]
60993.1545 lsst_hardware_i -40.26451045177454 30.459999084472656 31.239999771118164 AB 5.609402237397488 1.127064946232142
60995.262 lsst_hardware_i 18.497235417293407 30.610000610351562 31.229999542236328 AB 6.773400256284715 1.1566598798299328
60995.2747 lsst_hardware_u 0.20079420351408853 2.559999942779541 28.31999969482422 AB 7.03541726083474 1.1807610734193033
60997.2625 lsst_hardware_g -8.682345322422995 12.720000267028809 31.329999923706055 AB 4.669470953010144 1.167367738252536
60997.2751 lsst_hardware_r 24.41624094541407 22.040000915527344 31.450000762939453 AB 4.774283243875567 1.1935708109688918
60999.2967 lsst_hardware_r -19.2593572310785 22.399999618530273 31.450000762939453 AB 6.0879142222521185 1.2681393325064525
60999.3092 lsst_hardware_u 2.579412279084616 2.450000047683716 28.190000534057617 AB 6.299905470355802 1.3122980427071957
61001.241 lsst_hardware_z 34.74585214907598 42.529998779296875 30.940000534057617 AB 3.587244999203455 1.1490828036528071
61001.2526 lsst_hardware_u 0.17271869077762508 2.5 28.270000457763672 AB 3.6295459552898137 1.1693124855959451
61004.1653 lsst_hardware_r -28.55538435574707 21.559999465942383 31.469999313354492 AB 8.45509125780017 1.101724290593227
61004.1785 lsst_hardware_g -17.579168023819573 12.670000076293945 31.360000610351562 AB 6.527396916975448 1.1021664181305986
61006.1625 lsst_hardware_r 13.527711379151286 24.079999923706055 31.489999771118164 AB 3.9653291028853657 1.101480306357046
61006.1753 lsst_hardware_i 50.125796032397204 31.229999542236328 31.239999771118164 AB 4.004037320653844 1.1026608800422095
61009.2366 lsst_hardware_i -13.364469982985616 37.779998779296875 31.260000228881836 AB 6.477192253526727 1.1810354804947536
61009.2492 lsst_hardware_z -9.392766233379907 46.22999954223633 30.940000534057617 AB 6.592578116813599 1.2100173967843866
61011.2388 lsst_hardware_z -96.1182488198912 51.95000076293945 30.950000762939453 AB 7.547615020048644 1.1980341301664514
61011.249 lsst_hardware_r 13.85858940662757 55.34000015258789 31.59000015258789 AB 7.709378757793397 1.2237109139354598
61013.2068 lsst_hardware_y 46.56914350707377 52.90999984741211 30.020000457763672 AB 4.255138472041257 1.1468603118497207
61013.219 lsst_hardware_r -97.19884439749558 79.55999755859375 31.6200008392334 AB 5.077598399913092 1.1677337779365788
61015.2126 lsst_hardware_i -18.44120969905118 58.34000015258789 31.299999237060547 AB 6.242623576784344 1.1659737722795491
61015.2237 lsst_hardware_z 35.09035452594041 56.2400016784668 30.959999084472656 AB 6.367270954825654 1.188533474231304
61017.127 lsst_hardware_z -62.90667028941225 45.9900016784668 30.950000762939453 AB 4.07804951581991 1.1021755448161918
61017.1401 lsst_hardware_r -53.01328190699649 39.66999816894531 31.59000015258789 AB 4.076372930331924 1.1017224136032224
61020.1212 lsst_hardware_u 7.467607211358419 2.5199999809265137 28.31999969482422 AB 11.680342470728776 1.1017891730435756
61020.1338 lsst_hardware_r 11.03035885203819 21.700000762939453 31.459999084472656 AB 10.568153445404713 1.1019972310119617
61022.1199 lsst_hardware_i 8.837857072324642 30.260000228881836 31.239999771118164 AB 13.205355040120642 1.1014406094491396
61022.1334 lsst_hardware_z 79.16008526845422 41.70000076293945 30.940000534057617 AB 11.409325788356833 1.1031497015573442
61026.1685 lsst_hardware_r 23.43024852896044 21.799999237060547 31.469999313354492 AB 9.757495942796664 1.1426754300142479
61026.1815 lsst_hardware_i 25.99434850668478 30.530000686645508 31.229999542236328 AB 9.910153425302635 1.1640174335989
61028.1047 lsst_hardware_r -37.88680663321666 21.760000228881836 31.479999542236328 AB 3.4066956141151308 1.1014211490834565
61028.1173 lsst_hardware_i 65.91132744735366 30.219999313354492 31.239999771118164 AB 3.3725958004753407 1.1032370953468567
61030.1128 lsst_hardware_z -56.95549537356925 41.47999954223633 30.940000534057617 AB 3.4209519685132017 1.1035328930687747
61030.1249 lsst_hardware_r -29.54203752644777 21.690000534057617 31.469999313354492 AB 3.438365732019664 1.1091502361353756
61032.1093 lsst_hardware_u -0.5440154906282128 2.569999933242798 28.360000610351562 AB 4.714766463712292 1.1042038636275324
61032.1219 lsst_hardware_r -27.404136752939117 21.84000015258789 31.469999313354492 AB 4.7642957659567555 1.1107310613824664
61038.1008 lsst_hardware_y -48.40467602161848 49.15999984741211 30.030000686645508 AB 8.308787827310251 1.1078383769747002
61038.1138 lsst_hardware_r 2.2534566698208813 38.95000076293945 31.59000015258789 AB 8.378672026268822 1.1171562701691762
61040.0879 lsst_hardware_r 122.59136353349969 53.2599983215332 31.6200008392334 AB 8.228138164888085 1.1043739567664028
61040.1009 lsst_hardware_i -66.27431688716932 46.900001525878906 31.290000915527344 AB 8.262891317593462 1.1113131794617688
61042.0885 lsst_hardware_z 101.46330343649107 54.900001525878906 30.959999084472656 AB 5.606897513509875 1.1070979392851958
61042.1011 lsst_hardware_r -60.84947053795042 71.7699966430664 31.6299991607666 AB 5.682773997626563 1.1156366130309816
61043.0884 lsst_hardware_z -13.86729112675641 56.849998474121094 30.969999313354492 AB 4.69502058665513 1.1085580748846302
61043.1023 lsst_hardware_r 64.36516247524521 77.51000213623047 31.6299991607666 AB 4.743352943236686 1.1191112287924232
61045.0917 lsst_hardware_i 29.447260209643932 49.13999938964844 31.299999237060547 AB 11.594574161655176 1.114648544669792
61045.1045 lsst_hardware_z -39.733257721987755 51.90999984741211 30.959999084472656 AB 11.730017705463437 1.127019379848524
61048.0841 lsst_hardware_r -21.166019313674557 21.959999084472656 31.479999542236328 AB 6.417202551872304 1.1151301932122863
61048.0979 lsst_hardware_u -3.1201674518051585 2.5799999237060547 28.360000610351562 AB 6.589504834316536 1.1288553279436733
