data/validation/pwv_sim_epoch_fit_seasonal/4841588.ecsv
# %ECSV 0.9
# ---
# datatype:
# - {name: time, datatype: float64}
# - {name: band, datatype: string}
# - {name: flux, datatype: float64}
# - {name: fluxerr, datatype: float64}
# - {name: zp, datatype: float64}
# - {name: zpsys, datatype: string}
# - {name: pwv, datatype: float64}
# - {name: airmass, datatype: float64}
# meta: {SNID: '4841588', alt: 1024.0, c: -0.00558380875736475, dec: -64.573555, lat: -30.244573, lon: -70.7499537, ra: 340.760864, t0: 62766.13671875,
#   x0: 3.4835484671746204e-06, x1: -0.0617266446352005, z: 0.7112688422203064}
# schema: astropy-2.0
time band flux fluxerr zp zpsys pwv airmass
62655.4205 lsst_hardware_u 0.20128703462153702 2.609999895095825 28.260000228881836 AB 13.030343193157995 1.2148748975813388
62655.434 lsst_hardware_y 10.995983171666042 54.779998779296875 29.989999771118164 AB 13.032800364660979 1.209765187474332
62657.4122 lsst_hardware_i 0.8340388275779916 31.360000610351562 31.219999313354492 AB 5.595709791733631 1.2164586503768764
62657.4272 lsst_hardware_y 17.697581943931848 49.7400016784668 29.989999771118164 AB 5.32441238973835 1.210093724940534
62675.4016 lsst_hardware_z -42.737635950332155 44.619998931884766 30.93000030517578 AB 3.984205115268449 1.2099625799266434
62675.416 lsst_hardware_r 0.9470760177966558 28.969999313354492 31.510000228881836 AB 3.998634043251695 1.215821429053371
62676.397 lsst_hardware_y 25.27404439093047 49.16999816894531 29.989999771118164 AB 4.688959099343062 1.2095337315588295
62676.4099 lsst_hardware_g -21.33908342245982 18.600000381469727 31.479999542236328 AB 4.72211944920005 1.214042493634721
62680.3993 lsst_hardware_z 47.05977899912197 43.02000045776367 30.93000030517578 AB 6.294311514415324 1.2141999802752728
62680.4123 lsst_hardware_r -25.77677497260687 22.450000762939453 31.450000762939453 AB 6.331358804322332 1.2225453875047145
62682.4052 lsst_hardware_r -33.55532694465007 22.670000076293945 31.450000762939453 AB 4.98629848893345 1.2212838687839613
62682.4184 lsst_hardware_u 1.6785583491855938 2.569999933242798 28.270000457763672 AB 5.684409263805605 1.2331720358974467
62686.411 lsst_hardware_g -5.407553561507708 13.25 31.34000015258789 AB 7.824161265470182 1.2370215439478751
62686.423 lsst_hardware_i 17.21590309576271 31.760000228881836 31.219999313354492 AB 7.242122192895582 1.2523664680118598
62688.4077 lsst_hardware_z -14.405421808829317 43.720001220703125 30.93000030517578 AB 6.112942789734022 1.2395287846706364
62688.4199 lsst_hardware_r -20.979215391043436 22.770000457763672 31.440000534057617 AB 6.613969843176106 1.2557971886221884
62695.1034 lsst_hardware_z -24.25088701036907 69.61000061035156 30.860000610351562 AB 13.967060409184304 2.0213797688047745
62707.387 lsst_hardware_z 84.12515392210743 44.83000183105469 30.920000076293945 AB 8.035366469232324 1.2885449758230154
62707.3995 lsst_hardware_r 7.193180122770554 24.1200008392334 31.440000534057617 AB 8.203049796257257 1.3154345407724917
62711.1588 lsst_hardware_u 1.6588818086898465 2.369999885559082 28.059999465942383 AB 5.88139806061712 1.4206275508737005
62711.171 lsst_hardware_g 20.041968576273415 13.350000381469727 31.280000686645508 AB 5.7655393380676605 1.3803062815579061
62716.2398 lsst_hardware_g -20.50267886153395 13.34000015258789 31.34000015258789 AB 2.744294486734715 1.2245847776593999
62716.2517 lsst_hardware_r -15.49873092116096 22.6299991607666 31.450000762939453 AB 2.827725473592531 1.216138831736448
62722.235 lsst_hardware_z -25.530676221595535 50.91999816894531 30.940000534057617 AB 4.1330831338500005 1.2163281735874045
62722.2461 lsst_hardware_r -36.05618856282754 51.150001525878906 31.579999923706055 AB 4.11173267963075 1.2112033815835481
62731.3005 lsst_hardware_r -76.00062797892829 47.27000045776367 31.56999969482422 AB 4.159901451939757 1.2528880210646058
62731.3112 lsst_hardware_i 19.508030745853905 44.060001373291016 31.260000228881836 AB 4.262558791311634 1.2696578423744536
62733.2955 lsst_hardware_z 25.276296584797638 46.21253092276212 30.93000030517578 AB 2.9314316900808075 1.2535521445716518
62733.307 lsst_hardware_r 8.30960882504799 34.66647803861209 31.530000686645508 AB 3.095627876039155 1.2718273936068838
62736.0551 lsst_hardware_r -7.476942793810086 23.661621241587493 31.389999389648438 AB 3.371180051270316 1.5716457115479328
62736.0631 lsst_hardware_u -2.6796515945240214 2.3402706636537274 28.020000457763672 AB 3.258067810449432 1.532667439938578
62738.2551 lsst_hardware_i 1.5615057000588275 31.80527834864647 31.219999313354492 AB 3.947783230119303 1.2234865382601146
62738.2669 lsst_hardware_r -5.006850086461342 22.80137171481064 31.450000762939453 AB 4.0497363411526095 1.2346757137660396
62740.3012 lsst_hardware_g -3.3960759596464762 13.77835740239408 31.329999923706055 AB 3.9179743337782362 1.297306696982391
62740.3118 lsst_hardware_r 23.57217535293506 23.67924096487294 31.450000762939453 AB 3.9845938968954124 1.321115319612769
62742.2873 lsst_hardware_i 79.08738403878307 33.90575705112198 31.219999313354492 AB 7.792059811006583 1.2806058635378408
62742.298 lsst_hardware_z 80.28482599983052 45.39137858739206 30.920000076293945 AB 9.107326391236562 1.3021162227882277
62747.2477 lsst_hardware_i 377.3323145607443 37.14078905463468 31.219999313354492 AB 0.9128543383867995 1.240853201250747
62747.2591 lsst_hardware_u 4.322924497388671 3.2281471843252714 28.209999084472656 AB 1.5418255576962425 1.2562402697144832
62753.2408 lsst_hardware_z 916.3985015016724 89.8984079695778 31.700000762939453 AB 3.7947710183140995 1.2534338623663417
62755.2371 lsst_hardware_r 1078.6352723842178 100.3913115507213 31.610000610351562 AB 2.7956769429527784 1.2560136022251343
62755.2497 lsst_hardware_i 778.6142608355958 81.1817334380186 31.290000915527344 AB 2.8169370877826156 1.2767504552572664
62757.1394 lsst_hardware_r 967.1922214276498 88.77256323276322 31.6200008392334 AB 4.466161283302023 1.2163852791562477
62757.1514 lsst_hardware_i 995.7020856342745 72.82966212011881 31.299999237060547 AB 4.319063725956222 1.2109524465297818
62758.0181 lsst_hardware_g 171.39808760277538 18.893259916672747 31.280000686645508 AB 2.0542098862191636 1.4672927758708312
62758.0237 lsst_hardware_i 1004.3432591125539 54.65572174152807 31.229999542236328 AB 2.0236310794590255 1.4454507710421611
62760.1392 lsst_hardware_z 663.434963651617 55.29227264934514 30.950000762939453 AB 3.8492285649128544 1.2124190975629758
62760.1511 lsst_hardware_g 254.8131275786211 48.357624176027564 31.6299991607666 AB 3.866591631219877 1.2090970573195705
62762.2167 lsst_hardware_i 1207.762965083712 50.90241818596157 31.25 AB 1.7250554631254251 1.2541297441842423
62762.2278 lsst_hardware_r 1056.6044798153246 48.7969661531546 31.549999237060547 AB 1.7480091446916397 1.2718189375067057
62764.2187 lsst_hardware_u -2.8800546369698274 2.6170588060304336 28.270000457763672 AB 7.392600818935611 1.2656757002030314
62764.2305 lsst_hardware_g 166.09720971122678 18.275941837603003 31.31999969482422 AB 7.4820509043909675 1.2868655704843286
62765.2071 lsst_hardware_g 134.65547009654207 18.216997548768333 31.329999923706055 AB 5.508445846203086 1.2521092240194922
62765.219 lsst_hardware_r 921.2965848176881 38.117060583238924 31.450000762939453 AB 4.154147418371223 1.270770088214056
62772.1756 lsst_hardware_u -0.19850097818095472 2.5098239888780065 28.219999313354492 AB 5.534442860377636 1.236401644317819
62772.1872 lsst_hardware_g 110.0725964212666 16.382048397174685 31.309999465942383 AB 5.734832185608877 1.2510086571044228
62774.1814 lsst_hardware_r 710.369179710611 34.475609198895 31.440000534057617 AB 5.286024177013575 1.2505380120684755
62774.1926 lsst_hardware_i 1000.5707709868747 44.702156317100226 31.209999084472656 AB 5.3475126427115445 1.2676837556803344
62776.011 lsst_hardware_r 667.9282799004264 35.36188750333765 31.450000762939453 AB 6.640402669240805 1.3314090564893846
62776.0182 lsst_hardware_i 1022.6904966838728 45.08674589187244 31.209999084472656 AB 6.552063033426829 1.314004218215154
62780.0737 lsst_hardware_z 694.9663339114155 56.58938338658862 30.950000762939453 AB 4.605897870349221 1.2181960821712583
62780.0853 lsst_hardware_r 521.3939348538471 56.958461116956485 31.59000015258789 AB 4.186576928207071 1.2121537214323421
62781.1624 lsst_hardware_r 513.7754136467779 65.20025326274211 31.59000015258789 AB 4.741832732221422 1.2507031999877931
62781.1741 lsst_hardware_i 774.4297116190037 60.29209469770618 31.270000457763672 AB 5.786429814592654 1.26872204960935
62783.078 lsst_hardware_i 833.8147619256946 66.70609262383105 31.290000915527344 AB 3.69118801561657 1.2118148442592123
62783.0903 lsst_hardware_z 627.9958787435439 63.1037647960379 30.959999084472656 AB 6.5727920782274705 1.208863454291399
62787.1574 lsst_hardware_r 376.1674137559095 77.08235694401222 31.59000015258789 AB 7.425816935904406 1.2681961606895733
62787.1684 lsst_hardware_i 551.3166404650113 64.76229665793574 31.270000457763672 AB 8.29258610989852 1.2882687758117322
62789.1622 lsst_hardware_z 880.9649664730847 79.37546966115251 31.690000534057617 AB 7.869986419060252 1.2868215973391883
62791.1478 lsst_hardware_r 200.401603530174 27.77501844487493 31.459999084472656 AB 8.130847931823094 1.2704449893473584
62791.1589 lsst_hardware_g 16.643781327521825 25.53916640394763 31.520000457763672 AB 8.263074383156741 1.2911053723682409
62793.1449 lsst_hardware_r 203.42742334670766 26.94048994446485 31.450000762939453 AB 4.859159611107148 1.2749238091063009
62793.1555 lsst_hardware_i 336.97069289937167 37.42669787625061 31.219999313354492 AB 4.97830971423622 1.295310420009424
62794.0034 lsst_hardware_i 354.78311400178194 40.1758769531632 31.239999771118164 AB 3.724170151078893 1.2508058387568968
62794.0098 lsst_hardware_z 444.34733628180487 48.461788673321294 30.93000030517578 AB 3.7020616527315195 1.2423720519261898
62796.1412 lsst_hardware_u -1.0823044821106556 2.6134788907411677 28.260000228881836 AB 4.801399074333483 1.2831961179484155
62796.1519 lsst_hardware_g 34.15460009691609 14.37698176676007 31.329999923706055 AB 4.937205104871765 1.305103120505357
62799.1371 lsst_hardware_r 107.90699976274331 25.743024343979492 31.440000534057617 AB 5.664621453151351 1.29120443418779
62799.1482 lsst_hardware_i 235.51018316460502 36.15302510110557 31.209999084472656 AB 5.768750112836215 1.315264503610628
62801.1393 lsst_hardware_z 278.7564919740277 47.60448241863122 30.920000076293945 AB 4.766703943151054 1.3074387958357176
62801.1504 lsst_hardware_u -3.2676808219934372 2.6556518962551543 28.280000686645508 AB 4.848952952326605 1.3339622977518528
62807.0882 lsst_hardware_z 223.74535705730688 48.54680881067815 30.940000534057617 AB 6.938226136775076 1.2463879287617579
62807.1007 lsst_hardware_r 93.22655065935608 33.969714130120224 31.520000457763672 AB 7.040519885659509 1.2647640513158442
63022.4284 lsst_hardware_y -87.39777288826993 81.69000244140625 30.75 AB 5.3235221659339 1.2098914013486135
63031.4245 lsst_hardware_i -12.250793046922139 32.310001373291016 31.219999313354492 AB 15.27661152655248 1.209358100582052
63031.438 lsst_hardware_z -3.628289232801066 51.36000061035156 30.940000534057617 AB 15.393446765034797 1.2140181600611053
63036.4298 lsst_hardware_r -4.157964930962604 23.15999984741211 31.459999084472656 AB 3.1904454236046753 1.2170304877378124
63036.4422 lsst_hardware_y -23.11241416686027 70.87000274658203 30.0 AB 3.1928287880810413 1.22636020283507
63040.2476 lsst_hardware_r -21.701319189021902 23.3799991607666 31.399999618530273 AB 4.5309504559329605 1.4584604471888425
63040.2709 lsst_hardware_u 2.494598411663344 2.450000047683716 28.149999618530273 AB 5.204858983567669 1.3774023112319524
63044.4157 lsst_hardware_i -4.972190983399149 31.420000076293945 31.219999313354492 AB 8.784086702483128 1.2224456142992708
63044.4319 lsst_hardware_z -84.460175729712 44.7599983215332 30.93000030517578 AB 8.806067406234668 1.2381984541949937
63046.3939 lsst_hardware_r -2.61740995488719 22.489999771118164 31.459999084472656 AB 2.8543933467738327 1.212571515196987
63046.4071 lsst_hardware_u 2.311740806276758 2.5299999713897705 28.280000686645508 AB 2.8369040176773206 1.2200863096598038
63051.3981 lsst_hardware_r -168.1092462499692 89.9800033569336 31.610000610351562 AB 7.767171790581932 1.2236584152157435
63051.4098 lsst_hardware_i -57.83842190907074 71.91999816894531 31.290000915527344 AB 7.829242365224554 1.234831349333561
63068.3452 lsst_hardware_r -7.168627144444898 22.719999313354492 31.450000762939453 AB 5.074308273772472 1.2188090329317387
63068.3576 lsst_hardware_u -0.43674308369793485 2.5899999141693115 28.309999465942383 AB 5.228604434526647 1.2289104750532704
63071.1682 lsst_hardware_r -16.67040954651069 23.479999542236328 31.43000030517578 AB 7.931428950946189 1.4385035277696976
63071.1805 lsst_hardware_i -62.56100854915309 32.63999938964844 31.200000762939453 AB 7.6859329630801945 1.3956449354159652
63078.2219 lsst_hardware_r 134.15655482017638 65.11000061035156 31.600000381469727 AB 4.017586572961892 1.255495804050591
63078.2371 lsst_hardware_i -23.764603617075515 55.209999084472656 31.290000915527344 AB 3.9546655119179803 1.2358329724743689
63080.3781 lsst_hardware_i 15.148243750774537 76.9800033569336 31.280000686645508 AB 2.434717810819967 1.314760765450437
63080.3901 lsst_hardware_z -37.616564573273145 70.04000091552734 30.950000762939453 AB 2.503988377974226 1.3447843061086069
63082.233 lsst_hardware_r -74.7777566502471 93.94999694824219 31.6200008392334 AB 1.9266515010416132 1.2287971306138377
63082.2441 lsst_hardware_i -95.59405431238567 74.05999755859375 31.299999237060547 AB 1.9056622988284497 1.2196238712502079
63084.234 lsst_hardware_z -52.3893959230402 53.150001525878906 30.950000762939453 AB 2.7462107168051064 1.223120239084951
63084.2458 lsst_hardware_r 48.3785311309324 60.54999923706055 31.600000381469727 AB 2.7769841764147025 1.2151774100928574
63086.2442 lsst_hardware_z 17.30556855565567 67.58999633789062 31.690000534057617 AB 3.761080593646868 1.2132518044022154
63089.2332 lsst_hardware_r -7.3587478112443385 22.81999969482422 31.450000762939453 AB 7.844852363550513 1.2146241273043987
63089.2451 lsst_hardware_z 29.2980978091649 43.65999984741211 30.93000030517578 AB 7.8376091606904845 1.2100055311893503
63096.3089 lsst_hardware_z -59.307539983122446 44.08000183105469 30.920000076293945 AB 4.27936416736253 1.2645875199061851
63096.3206 lsst_hardware_r -48.36463696721923 23.040000915527344 31.450000762939453 AB 4.3359721092849925 1.2853989799999979
63101.2534 lsst_hardware_z 48.2606233833865 43.81999969482422 30.93000030517578 AB 2.3411544483722677 1.217712859454107
63101.2661 lsst_hardware_r 31.79236386014385 22.81999969482422 31.450000762939453 AB 2.334199925601537 1.2276109526764452
63107.2858 lsst_hardware_z -55.065129501209874 57.4900016784668 30.940000534057617 AB 7.6806601921012785 1.2764933009973871
63107.2961 lsst_hardware_i 8.406251960732636 57.310001373291016 31.270000457763672 AB 9.073410698855405 1.2965256598228707
63111.0064 lsst_hardware_y -209.42272332254475 102.27999877929688 31.030000686645508 AB 2.6098465326138887 1.696909318994726
63111.0216 lsst_hardware_r 10.440934061485306 93.4800033569336 31.510000228881836 AB 2.6673873187019934 1.607828401869797
63114.2433 lsst_hardware_r 27.65972351207173 51.790000915527344 31.579999923706055 AB 2.1295158374060494 1.2412177020046917
63114.2548 lsst_hardware_i 30.624923883615164 46.34000015258789 31.260000228881836 AB 2.944812594268212 1.2568555673359847
63117.1391 lsst_hardware_r -1.957593056961766 22.700000762939453 31.450000762939453 AB 3.2173164783868704 1.2272807470482052
63117.151 lsst_hardware_i -55.28159694910369 31.709999084472656 31.219999313354492 AB 3.210039742491638 1.2180002817270492
63122.1411 lsst_hardware_u 1.78443225608467 2.5399999618530273 28.280000686645508 AB 4.489617367490627 1.2157375247633426
63122.1521 lsst_hardware_g 7.363925872450691 13.109999656677246 31.34000015258789 AB 4.40608093562306 1.2108776188589652
63126.1381 lsst_hardware_z -64.97285264632293 43.08000183105469 30.940000534057617 AB 0.8459586297357851 1.211975114234649
63126.1491 lsst_hardware_u -5.408329874919207 2.630000114440918 28.3700008392334 AB 0.6802745216695407 1.2090186996496577
63133.2126 lsst_hardware_i -1.209249255190086 35.189998626708984 31.229999542236328 AB 4.871480690645022 1.272591611976096
63133.2241 lsst_hardware_z -74.48481313280125 45.970001220703125 30.93000030517578 AB 5.007831069614167 1.2944591770500173
63137.2248 lsst_hardware_z 41.18085534312375 59.45000076293945 30.940000534057617 AB 4.877370809089126 1.3202898648558836
63137.2363 lsst_hardware_r -47.87516838667464 73.08000183105469 31.559999465942383 AB 5.066205433893323 1.3497883038790297
63141.0561 lsst_hardware_i 82.2817415453144 60.720001220703125 31.280000686645508 AB 6.1005064720375275 1.2468461442006085
63141.0633 lsst_hardware_z -103.35406299986442 58.34000015258789 30.950000762939453 AB 6.052501166071323 1.2379201648660474
63143.2167 lsst_hardware_r 70.63232279279772 56.720001220703125 31.559999465942383 AB 3.5198028903962557 1.3411327454357993
63143.2283 lsst_hardware_i 4.903569271071085 49.77000045776367 31.25 AB 3.578541541580792 1.3739401215476312
63145.1836 lsst_hardware_i 27.27975670855405 38.939998626708984 31.239999771118164 AB 6.026501728434684 1.2793762293673034
63145.1957 lsst_hardware_z 41.970214508621986 48.0099983215332 30.920000076293945 AB 6.242225284521196 1.303722908212616
63149.0797 lsst_hardware_r 1.6357196072887197 22.559999465942383 31.450000762939453 AB 2.913670120956288 1.2104985961595502
63149.0913 lsst_hardware_u -8.122410361585592 2.509999990463257 28.25 AB 3.844045223416019 1.2085658845365024
63151.1585 lsst_hardware_r 39.025931296783185 22.760000228881836 31.440000534057617 AB 7.614716876905962 1.264273099270457
63151.1691 lsst_hardware_i 21.248665489753144 31.979999542236328 31.209999084472656 AB 8.005356903822241 1.2829097602280934
63153.1577 lsst_hardware_z 10.983913067669011 44.099998474121094 30.920000076293945 AB 10.59878750737766 1.272108922669853
63153.1688 lsst_hardware_u -0.33978838675521283 2.4800000190734863 28.200000762939453 AB 10.59282544170523 1.2930695119271038
63155.158 lsst_hardware_g 10.133764186650966 13.260000228881836 31.329999923706055 AB 10.091217280155176 1.2825780581672628
63155.1687 lsst_hardware_r -23.688438619239427 22.889999389648438 31.440000534057617 AB 9.886824873717444 1.3044021602397815
63157.1392 lsst_hardware_r -16.42413326259237 22.889999389648438 31.43000030517578 AB 7.747340247996088 1.2596618472705146
63157.1512 lsst_hardware_i -21.72998184530357 32.290000915527344 31.209999084472656 AB 7.859841391624161 1.2800697144416537
63159.1414 lsst_hardware_z -51.400071034580776 43.849998474121094 30.920000076293945 AB 4.1848921734162134 1.2722615038761877
63159.1516 lsst_hardware_i 15.896783036090403 32.0 31.209999084472656 AB 4.353812515367837 1.2914215489522949
63161.1389 lsst_hardware_z -22.13765093108943 45.060001373291016 30.920000076293945 AB 4.752448526416096 1.2775399264559397
63161.15 lsst_hardware_g 7.2949729093604265 17.139999389648438 31.40999984741211 AB 4.937774958031089 1.2994144626397603
63163.1383 lsst_hardware_r -26.872342581828097 41.66999816894531 31.549999237060547 AB 3.7176242224862577 1.2867090845327533
63163.1489 lsst_hardware_i 0.5428833754761322 42.060001373291016 31.25 AB 3.6886102101181346 1.3089461355991983
63166.1418 lsst_hardware_z 72.70584503029605 56.220001220703125 30.950000762939453 AB 4.789963771886589 1.3114206083193947
63166.1524 lsst_hardware_r 28.690042385608624 66.41000366210938 31.579999923706055 AB 4.937755558919906 1.3372391493351135
63168.1412 lsst_hardware_i 15.188142274719327 65.86000061035156 31.270000457763672 AB 3.7848858628097797 1.3228470423987113
63168.1523 lsst_hardware_z -79.91748442968421 62.439998626708984 30.940000534057617 AB 3.8642504608239623 1.3516091153633027
63172.0884 lsst_hardware_r 28.88878615115467 46.380001068115234 31.56999969482422 AB 6.831396863319648 1.2456581425287996
63172.1002 lsst_hardware_u 12.445170864525293 9.579999923706055 29.059999465942383 AB 7.093531724061995 1.262755981141432
