data/validation/pwv_sim_epoch_fit_seasonal/48665348.ecsv
# %ECSV 0.9
# ---
# datatype:
# - {name: time, datatype: float64}
# - {name: band, datatype: string}
# - {name: flux, datatype: float64}
# - {name: fluxerr, datatype: float64}
# - {name: zp, datatype: float64}
# - {name: zpsys, datatype: string}
# - {name: pwv, datatype: float64}
# - {name: airmass, datatype: float64}
# meta: {SNID: '48665348', alt: 1024.0, c: -0.05623117461800575, dec: -19.471222, lat: -30.244573, lon: -70.7499537, ra: 254.707031, t0: 62951.9609375,
#   x0: 2.7487955051808355e-06, x1: 0.8547359704971313, z: 0.7827692031860352}
# schema: astropy-2.0
time band flux fluxerr zp zpsys pwv airmass
62949.3933 lsst_hardware_r 731.0698003036233 37.28049193409725 31.540000915527344 AB 6.8492613151080715 1.0187047393631399
62949.4122 lsst_hardware_y 253.509552630825 74.30089065846488 30.079999923706055 AB 6.853455221363869 1.020011195321308
62951.3431 lsst_hardware_i 963.8242667468035 45.30070856220507 31.260000228881836 AB 7.987251216819836 1.0649668289093115
62951.3606 lsst_hardware_y 258.9257342544775 49.67552315129756 30.049999237060547 AB 7.786408156594866 1.0381877542126488
62959.3615 lsst_hardware_z 615.3381772565433 47.79119394640029 30.950000762939453 AB 5.904604311060687 1.0201605605461066
62959.3791 lsst_hardware_r 584.343569247178 33.54562462036801 31.520000457763672 AB 6.3489827367561915 1.0183355544412198
62961.3595 lsst_hardware_z 645.0155164856923 52.40849027034699 30.959999084472656 AB 7.863130243418716 1.018980161134209
62961.378 lsst_hardware_r 556.7260120679919 32.68999338386716 31.510000228881836 AB 8.313680991270434 1.019489376286267
62963.3446 lsst_hardware_i 876.1930860090546 74.96469579843874 31.34000015258789 AB 8.326201462516538 1.0231576864018455
62963.3637 lsst_hardware_z 558.8516227661722 65.92724603018387 30.989999771118164 AB 8.305623036587 1.0178147773152881
62964.3637 lsst_hardware_r 547.3092397672107 100.56189517957166 31.670000076293945 AB 9.426992801877185 1.0180521033723269
62964.3817 lsst_hardware_z 629.5414481360408 70.88678828780907 31.0 AB 8.615629580419203 1.0259144534912126
62971.3332 lsst_hardware_r 298.28881424320895 35.66785965363657 31.579999923706055 AB 9.995621710869091 1.018713994177445
62971.3504 lsst_hardware_g 35.07360509356691 26.335149434845036 31.6299991607666 AB 10.041498736316749 1.0193897504001572
62974.3345 lsst_hardware_r 296.1328204691973 28.85659099916762 31.540000915527344 AB 13.052364215078203 1.0178604794706203
62974.3528 lsst_hardware_i 537.0306357489767 38.600632403158144 31.270000457763672 AB 13.143246286211491 1.0247679146142663
62976.3209 lsst_hardware_z 423.95240811352375 45.54906624450571 30.959999084472656 AB 3.6726344742075363 1.018408173090478
62976.3386 lsst_hardware_i 369.79580044981856 37.72832879284131 31.260000228881836 AB 4.5009903491390855 1.0200544700599212
62989.2415 lsst_hardware_r 92.48839696084544 50.253362774181454 31.6200008392334 AB 12.596278788085398 1.061037101340901
62989.2576 lsst_hardware_g -2.6109424370018255 48.33896358180892 31.709999084472656 AB 13.15028859958021 1.0373071570977237
62996.1734 lsst_hardware_y 68.07823930266106 89.30268834342651 30.760000228881836 AB 7.583752904762379 1.2058757997714071
62996.1906 lsst_hardware_r -77.9345282458224 148.4991475485077 32.38999938964844 AB 7.1808678798343495 1.140484072185031
63001.233 lsst_hardware_r 73.2061550003243 35.59314789657725 32.27000045776367 AB 6.611784252785401 1.0289647122662344
63001.2534 lsst_hardware_g 15.97313396592935 23.37793068961379 32.2599983215332 AB 7.262515416915988 1.018264280825286
63008.2431 lsst_hardware_u -2.5916101039943285 4.100929148322553 29.270000457763672 AB 4.83869253576567 1.0179934504924444
63008.2658 lsst_hardware_g 36.975713311058456 22.97014605938292 32.22999954223633 AB 4.49622319902688 1.0293747665424509
63014.2132 lsst_hardware_i 69.47067269435037 32.78956434465717 31.270000457763672 AB 7.17711465887416 1.0194765140446025
63014.2342 lsst_hardware_z 42.90673805028446 42.61211953650289 30.950000762939453 AB 7.214626079869283 1.0198072061445025
63018.1971 lsst_hardware_r 58.813517645678594 51.538176556131724 31.639999389648438 AB 7.62092556980209 1.021674507464146
63018.2178 lsst_hardware_i 44.48819695120096 46.718870849211235 31.309999465942383 AB 6.809675761304071 1.0182946507781983
63021.2042 lsst_hardware_z 146.34450354152187 92.20767588632036 31.0 AB 11.654714806385261 1.0177901324238285
63021.2259 lsst_hardware_i 122.81348863816925 106.69468714968578 31.350000381469727 AB 11.752212720511036 1.0257819397894539
63023.176 lsst_hardware_r -171.54317806020975 160.75379120247547 31.670000076293945 AB 5.591378672679036 1.0264432761007063
63023.2069 lsst_hardware_z 163.48901449079148 190.1780366583231 32.20000076293945 AB 5.526666586345882 1.0189282054472883
63043.1379 lsst_hardware_z 4.875018241392516 41.5099983215332 30.950000762939453 AB 6.1609558624767375 1.0184239792506646
63043.1651 lsst_hardware_r -39.63731424056258 24.399999618530273 31.520000457763672 AB 6.209943831772626 1.0252507564425666
63049.1143 lsst_hardware_y 37.56263762154055 62.310001373291016 30.06999969482422 AB 8.951473193335723 1.0207894927304824
63049.1384 lsst_hardware_r 23.317973853732678 112.62000274658203 31.670000076293945 AB 8.899447761107865 1.0197213078956864
63052.1252 lsst_hardware_i 34.17024755024504 97.70999908447266 31.34000015258789 AB 3.7426502414361567 1.018338954203473
63052.1484 lsst_hardware_z -102.87003000778066 82.75 31.0 AB 3.749332858733556 1.0319501434621114
63061.996 lsst_hardware_u -0.41670370163251125 2.6500000953674316 28.299999237060547 AB 7.701507055887336 1.1939395482346076
63062.021 lsst_hardware_r -16.98601155332171 24.389999389648438 31.5 AB 5.964950158723422 1.1086237633534843
63069.067 lsst_hardware_r -2.442667583492941 34.119998931884766 32.27000045776367 AB 5.248862193293054 1.0184055477867782
63069.0896 lsst_hardware_i 35.85896577534433 44.11000061035156 32.0 AB 4.997173868223308 1.0223873701035064
63072.0598 lsst_hardware_z 19.489419600270626 41.650001525878906 30.950000762939453 AB 4.7856373761408495 1.0182207183278402
63072.0796 lsst_hardware_r 9.816106328483349 25.139999389648438 31.540000915527344 AB 4.800742092350021 1.0214344877340469
63073.0383 lsst_hardware_z 10.819815166260705 42.310001373291016 30.950000762939453 AB 9.444483685939433 1.0273746236313905
63073.0563 lsst_hardware_r -43.587873470197415 27.8799991607666 31.549999237060547 AB 8.684585509325192 1.0183613402116782
63079.0415 lsst_hardware_r 22.41913951400596 109.58000183105469 31.670000076293945 AB 3.756342245593425 1.0180938892630402
63079.0618 lsst_hardware_z 73.62987277544549 77.61000061035156 31.0 AB 3.8676011715794534 1.0221158424681975
63081.032 lsst_hardware_y 28.379824943922774 77.87999725341797 30.81999969482422 AB 2.196162174943584 1.0189431680839391
63082.9925 lsst_hardware_r 24.344436539935987 24.229999542236328 31.5 AB 1.3606205149872208 1.0485131119860422
63083.0039 lsst_hardware_i 55.6807296827909 31.31999969482422 31.25 AB 0.9526697351611682 1.0340120135613258
63085.0212 lsst_hardware_z -40.00913213150097 41.41999816894531 30.950000762939453 AB 3.547333156874514 1.0189094232010667
63085.0401 lsst_hardware_r 23.838685470574195 24.270000457763672 31.520000457763672 AB 3.5547470833299273 1.0197209074383038
63093.0182 lsst_hardware_r 8.96332593702862 24.600000381469727 31.530000686645508 AB 4.138967164516572 1.0197011984519766
63093.0436 lsst_hardware_u 3.2286074486327974 2.9700000286102295 28.579999923706055 AB 3.8478342046512086 1.0399551904462725
63098.9852 lsst_hardware_z -33.07975660723764 42.5099983215332 30.959999084472656 AB 3.3061787820556323 1.018382498708034
63099.004 lsst_hardware_i -7.861160298070975 31.84000015258789 31.260000228881836 AB 2.726608232336556 1.0205645286350178
63099.9698 lsst_hardware_y 107.19032710374125 78.66999816894531 30.079999923706055 AB 3.399260720226134 1.0236167789890491
63099.9769 lsst_hardware_r 2.920914690014289 27.790000915527344 31.559999465942383 AB 3.3718248167695357 1.0200135575585971
