data/validation/pwv_sim_epoch_fit_seasonal/48756247.ecsv
# %ECSV 0.9
# ---
# datatype:
# - {name: time, datatype: float64}
# - {name: band, datatype: string}
# - {name: flux, datatype: float64}
# - {name: fluxerr, datatype: float64}
# - {name: zp, datatype: float64}
# - {name: zpsys, datatype: string}
# - {name: pwv, datatype: float64}
# - {name: airmass, datatype: float64}
# meta: {SNID: '48756247', alt: 1024.0, c: -0.0331515334546566, dec: -28.122234, lat: -30.244573, lon: -70.7499537, ra: 13.359375, t0: 60171.828125,
#   x0: 6.710532158983329e-06, x1: 1.0252872705459595, z: 0.5431010723114014}
# schema: astropy-2.0
time band flux fluxerr zp zpsys pwv airmass
[from data line 132]
60554.166 lsst_hardware_r 26.98592384517941 23.540000915527344 31.450000762939453 AB 3.912701534290052 1.2713207627932586
60556.155 lsst_hardware_i 24.47467533801625 32.709999084472656 31.219999313354492 AB 1.8233685180760313 1.3024060843400225
60556.1725 lsst_hardware_z 3.3245342099943485 43.529998779296875 30.93000030517578 AB 1.8186170118707563 1.2124113412471709
60558.1534 lsst_hardware_r -7.8986485107248265 23.75 31.459999084472656 AB 0.8550348640367779 1.2804715298186151
60558.1713 lsst_hardware_u -1.5390408937672118 2.7300000190734863 28.40999984741211 AB 0.7998848886305743 1.1938580427322005
60560.1654 lsst_hardware_g -22.170715763693988 14.010000228881836 31.3700008392334 AB 3.165662035731663 1.1957174828070494
60560.1829 lsst_hardware_r -7.453829391257594 23.06999969482422 31.479999542236328 AB 2.884613333822318 1.1305558823524664
60567.1581 lsst_hardware_i 17.205937940323295 48.810001373291016 31.290000915527344 AB 1.5536197621989023 1.1498357682488485
60567.1756 lsst_hardware_z -34.36489764673749 50.36000061035156 30.969999313354492 AB 1.0697015951906832 1.0957250654962183
60569.1592 lsst_hardware_r -150.7839331762635 93.20999908447266 31.639999389648438 AB 0.787921347670153 1.1277500205189208
60569.1741 lsst_hardware_z -156.34302671329957 66.08999633789062 30.979999542236328 AB 0.8769030951081419 1.0855000145756504
60570.201 lsst_hardware_i -43.39124187011325 92.18000030517578 31.34000015258789 AB 1.2471276059740593 1.029124692042959
60570.2067 lsst_hardware_z -109.75852181757084 78.05999755859375 31.0 AB 1.2524062219918675 1.0219553015028655
60575.1668 lsst_hardware_z -26.020080914168638 46.959999084472656 30.959999084472656 AB 2.1012330788853633 1.0645892736594622
60575.1822 lsst_hardware_r 120.70153790594209 45.119998931884766 31.6200008392334 AB 1.9841539843388114 1.0365628128892355
60579.1674 lsst_hardware_u 1.280369680444445 2.609999895095825 28.3700008392334 AB 4.150124445470398 1.0427885034056028
60579.1837 lsst_hardware_g -4.8824313997179285 13.979999542236328 31.420000076293945 AB 4.040382007582747 1.0201696774606102
60583.0938 lsst_hardware_i 29.921032068197782 32.619998931884766 31.229999542236328 AB 7.807000817215398 1.2356759761341245
60583.1138 lsst_hardware_z 14.414372543803694 43.20000076293945 30.940000534057617 AB 7.281574872770119 1.1520264011343928
60587.0995 lsst_hardware_g -1.9693370595645834 14.0600004196167 31.3799991607666 AB 4.112770305698422 1.164431003878171
60587.1202 lsst_hardware_i -4.481228996272198 31.040000915527344 31.239999771118164 AB 3.926220739785154 1.0978596965495013
60589.0963 lsst_hardware_z 47.14024579772892 43.189998626708984 30.940000534057617 AB 9.375639547999135 1.1560591304556924
60589.1159 lsst_hardware_r 11.826800811769191 23.1299991607666 31.489999771118164 AB 8.478921922067597 1.0947489597139233
60591.1019 lsst_hardware_u 3.4036007626153104 2.9600000381469727 28.520000457763672 AB 6.575098296678059 1.1191021723605203
60591.1214 lsst_hardware_g 20.53651745813785 14.880000114440918 31.459999084472656 AB 5.751599251785065 1.0682762354722573
60593.0978 lsst_hardware_z -43.994863500468114 43.349998474121094 30.950000762939453 AB 4.682952675263009 1.1149887322054783
60593.1167 lsst_hardware_g 2.920403079380989 22.969999313354492 31.600000381469727 AB 4.479828218088734 1.0666257662116032
60597.1035 lsst_hardware_z 86.94546455440259 59.65999984741211 30.979999542236328 AB 6.64416394027815 1.0716393452061532
60597.1237 lsst_hardware_r 93.95509914235167 75.30999755859375 31.649999618530273 AB 6.412036888185454 1.034199498094428
60600.1003 lsst_hardware_r 87.26197375045562 118.26000213623047 31.649999618530273 AB 8.974138273249538 1.0609296022756953
60600.1198 lsst_hardware_z -82.37983220990057 78.0199966430664 30.989999771118164 AB 8.76944009653552 1.0281707978349743
60602.1015 lsst_hardware_r 31.211705931511432 75.88999938964844 31.65999984741211 AB 3.4073116346890897 1.048161696435927
60602.1199 lsst_hardware_y -21.41085612523271 52.15999984741211 30.06999969482422 AB 3.302108616299707 1.021297028160429
60603.9947 lsst_hardware_z -53.294553193896476 69.61000061035156 30.93000030517578 AB 5.488099745515196 1.5184965862622037
60604.013 lsst_hardware_u 1.8126475989310005 2.9100000858306885 28.350000381469727 AB 5.744066287938198 1.3720449750240529
60605.9963 lsst_hardware_y -15.479613474417803 81.61000061035156 29.940000534057617 AB 5.346852196974451 1.456907955578746
60606.0149 lsst_hardware_r 26.100095712013392 23.81999969482422 31.450000762939453 AB 3.7497410585726105 1.3239442346447563
60607.9975 lsst_hardware_y -8.47494224358156 85.80000305175781 29.940000534057617 AB 4.926257366523403 1.4048262452062936
60608.0165 lsst_hardware_z 33.217892796395645 44.959999084472656 30.93000030517578 AB 4.831629735289625 1.2825916784310474
60609.9992 lsst_hardware_y -25.058325009338443 74.4800033569336 29.969999313354492 AB 5.549132141688653 1.3545481224626492
60610.017 lsst_hardware_u 4.948422059375498 3.0 28.479999542236328 AB 4.445861277386091 1.2509457730404703
60612.0212 lsst_hardware_r 22.84053177214057 23.530000686645508 31.489999771118164 AB 5.495298310483689 1.2053075199833445
60612.0385 lsst_hardware_z -0.6561234962770567 42.540000915527344 30.950000762939453 AB 5.163913249160606 1.1385543488393692
60616.0049 lsst_hardware_z -44.43068926418184 63.09000015258789 30.969999313354492 AB 3.530512289111083 1.229893676353035
60616.0233 lsst_hardware_g -19.216780819900293 14.0600004196167 31.399999618530273 AB 3.2639668122633756 1.153447057960672
60623.0116 lsst_hardware_y 114.27210343853413 62.52000045776367 30.030000686645508 AB 14.504112082368648 1.1282563980476572
60623.029 lsst_hardware_g 50.63126584620919 29.920000076293945 31.639999389648438 AB 13.401832844739562 1.079777052080534
60625.0193 lsst_hardware_y 2.3477219394361426 77.0999984741211 30.790000915527344 AB 5.630096712910636 1.0903116364875
60625.0534 lsst_hardware_z -50.22212072983974 74.91999816894531 31.719999313354492 AB 4.602635780148987 1.0257522399812027
60627.0229 lsst_hardware_y 68.10368484644002 85.41000366210938 30.799999237060547 AB 6.534338797854403 1.0687210791093475
60628.0165 lsst_hardware_z -16.657300181383512 70.83999633789062 30.979999542236328 AB 6.012159667249635 1.07704584618938
60628.0358 lsst_hardware_r -86.8396227711908 88.79000091552734 31.65999984741211 AB 5.815127112130442 1.0392042375249673
60630.0179 lsst_hardware_y 44.95229751094313 62.43000030517578 30.049999237060547 AB 3.716742589538563 1.061926454153875
60630.0345 lsst_hardware_z -17.36320215168525 59.5 30.979999542236328 AB 3.6150544047783253 1.0328726870795215
60632.0199 lsst_hardware_y 64.47161766863665 59.689998626708984 30.059999465942383 AB 5.983188081264043 1.0475991737943346
60632.0361 lsst_hardware_u -3.437005254697315 2.7799999713897705 28.469999313354492 AB 5.913838493715784 1.0235096043121814
