data/validation/pwv_sim_epoch_fit_seasonal/48806630.ecsv
# %ECSV 0.9
# ---
# datatype:
# - {name: time, datatype: float64}
# - {name: band, datatype: string}
# - {name: flux, datatype: float64}
# - {name: fluxerr, datatype: float64}
# - {name: zp, datatype: float64}
# - {name: zpsys, datatype: string}
# - {name: pwv, datatype: float64}
# - {name: airmass, datatype: float64}
# meta: {SNID: '48806630', alt: 1024.0, c: -0.02564929984509945, dec: -20.582914, lat: -30.244573, lon: -70.7499537, ra: 76.289062, t0: 60654.625,
#   x0: 2.139876148447887e-06, x1: -0.4156341254711151, z: 0.8669375777244568}
# schema: astropy-2.0
time band flux fluxerr zp zpsys pwv airmass
[from data line 133]
61010.2318 lsst_hardware_r 29.44781694841831 45.470001220703125 31.6299991607666 AB 7.788280559020065 1.0198088986539302
61010.2497 lsst_hardware_i -47.52402872041086 40.79999923706055 31.290000915527344 AB 7.964233192590475 1.0360202748144751
61012.2299 lsst_hardware_z -141.80684499117388 57.45000076293945 30.989999771118164 AB 6.4457450453873175 1.0221463132723794
61012.2498 lsst_hardware_i 40.923420173648935 61.849998474121094 31.329999923706055 AB 6.574991501738163 1.0433903152823545
61014.2238 lsst_hardware_z 144.15050569874498 94.63999938964844 31.739999771118164 AB 2.7299669508749695 1.0216942181417112
61016.2184 lsst_hardware_r -54.025956256475254 69.55999755859375 31.649999618530273 AB 4.336077857467282 1.0217361326160974
61016.2375 lsst_hardware_i 17.09598151096631 58.189998626708984 31.31999969482422 AB 4.374110746767445 1.0414549397065345
61023.194 lsst_hardware_r -16.869209592358978 22.209999084472656 31.5 AB 7.740766192484016 1.0185218674321075
61023.2119 lsst_hardware_i -46.195773163844635 30.059999465942383 31.25 AB 7.980477610140652 1.0332944682962262
61025.1974 lsst_hardware_z -4.110772066952131 40.689998626708984 30.950000762939453 AB 10.541192321470923 1.0244459488484865
61025.2168 lsst_hardware_i -27.39755810721064 30.209999084472656 31.25 AB 10.877439938312767 1.0470704833732958
61027.1462 lsst_hardware_u -0.3411951189392123 2.630000114440918 28.420000076293945 AB 3.06482870491864 1.0220354163965548
61027.1657 lsst_hardware_g 6.087663400367962 13.470000267028809 31.420000076293945 AB 3.0149038603765645 1.0145498128019848
61029.1449 lsst_hardware_r 0.5007446734934179 21.959999084472656 31.489999771118164 AB 3.0919942718818603 1.0193667755318092
61029.1632 lsst_hardware_i 30.92946585942547 29.719999313354492 31.239999771118164 AB 3.084136031919229 1.0145184315524816
61031.1222 lsst_hardware_i -20.009916804049055 29.959999084472656 31.25 AB 4.209014195647138 1.0343252446706133
61031.1419 lsst_hardware_z -45.57691303434633 40.47999954223633 30.950000762939453 AB 3.5683153310078324 1.0180642884473432
61033.1232 lsst_hardware_r 47.977956954456396 31.329999923706055 32.25 AB 6.341745402739616 1.0275024955831826
61033.1423 lsst_hardware_g 34.887929228753954 19.1299991607666 32.189998626708984 AB 6.363356715993309 1.0157804638827215
61037.1354 lsst_hardware_z -11.235688493840842 42.4900016784668 30.959999084472656 AB 6.239954701997628 1.0148743111324108
61037.1561 lsst_hardware_i -17.64974320781644 33.599998474121094 31.270000457763672 AB 6.308490899602719 1.0186897419729068
61039.126 lsst_hardware_z -135.24758676874617 67.94000244140625 31.719999313354492 AB 7.970970149179763 1.0157552649537231
61041.1195 lsst_hardware_r -6.563913980198982 103.22000122070312 32.40999984741211 AB 7.041407505146307 1.0160731866785822
61041.1399 lsst_hardware_i -194.56879675369441 84.02999877929688 32.08000183105469 AB 7.077888591741899 1.0163633910629406
61044.1267 lsst_hardware_z 3.2608099257140433 86.0999984741211 31.739999771118164 AB 2.563760046496787 1.015015524842014
61047.0965 lsst_hardware_r 37.09296182889301 21.850000381469727 31.489999771118164 AB 8.94812895443188 1.0189459907685687
61047.1186 lsst_hardware_g 10.348942143427072 30.18000030517578 31.65999984741211 AB 8.92983111270802 1.0150322849314324
61050.0964 lsst_hardware_r 0.549438016140483 21.81999969482422 31.5 AB 8.604423107850089 1.0156306784525602
61050.1181 lsst_hardware_i 4.116943300062041 29.65999984741211 31.25 AB 8.62465206636961 1.0174679734998904
61055.0728 lsst_hardware_z -44.88317316767698 40.400001525878906 30.950000762939453 AB 6.037722754800292 1.0200148253242036
61055.0916 lsst_hardware_i -21.83802445900564 29.56999969482422 31.25 AB 5.4865662605560885 1.0144965195641322
61057.0771 lsst_hardware_u -4.329672090517468 2.640000104904175 28.440000534057617 AB 2.80658091313371 1.015681141096068
61057.0954 lsst_hardware_g -9.68197572241989 13.09000015258789 31.389999389648438 AB 2.035219653488733 1.016085698197071
61061.0702 lsst_hardware_z 2.4734760480356917 40.29999923706055 30.950000762939453 AB 12.116521649554373 1.0148194716081136
61061.0898 lsst_hardware_u 0.7958478360701584 2.640000104904175 28.450000762939453 AB 12.848775029727973 1.018289350905686
61063.0487 lsst_hardware_y 96.3677474938616 48.060001373291016 30.049999237060547 AB 7.603326751336481 1.0214719891632271
61063.0683 lsst_hardware_g 29.887316053016036 13.5600004196167 31.40999984741211 AB 7.2744993631665515 1.0145037812100344
61065.0492 lsst_hardware_y 12.337435926580566 47.209999084472656 30.049999237060547 AB 7.267615046722548 1.017992069110197
61065.0696 lsst_hardware_i -53.598552599469286 31.520000457763672 31.260000228881836 AB 7.018027467312084 1.0150581509243877
61067.0469 lsst_hardware_y -107.7570788373202 48.52000045776367 30.059999465942383 AB 11.589605679989624 1.0166320771920723
61067.0651 lsst_hardware_i 5.709339159444751 38.43000030517578 31.290000915527344 AB 11.573957998508796 1.015259473553403
61069.0456 lsst_hardware_y -110.9314156784831 50.97999954223633 30.059999465942383 AB 12.892580513240627 1.0153503672517754
61069.0647 lsst_hardware_z 21.82393369627534 50.939998626708984 30.969999313354492 AB 12.822194337088055 1.0168274652726452
61072.0376 lsst_hardware_z -158.47597571793327 101.0199966430664 31.75 AB 8.621969324385761 1.0153049133756196
61074.0274 lsst_hardware_y 56.39624700135807 75.77999877929688 30.079999923706055 AB 7.1065254982162696 1.0167794109834793
61074.0464 lsst_hardware_r -42.98786485568388 57.15999984741211 31.649999618530273 AB 8.074104053390815 1.015355137498845
61076.0263 lsst_hardware_y -134.73810526479414 67.8499984741211 30.079999923706055 AB 5.66522579508382 1.0153947535698136
61076.0441 lsst_hardware_z 22.336939723864866 41.119998931884766 30.950000762939453 AB 6.03415100668055 1.01627806428304
