data/validation/pwv_sim_epoch_fit_seasonal/48806630.ecsv
# %ECSV 0.9
# ---
# datatype:
# - {name: time, datatype: float64}
# - {name: band, datatype: string}
# - {name: flux, datatype: float64}
# - {name: fluxerr, datatype: float64}
# - {name: zp, datatype: float64}
# - {name: zpsys, datatype: string}
# - {name: pwv, datatype: float64}
# - {name: airmass, datatype: float64}
# meta: {SNID: '48806630', alt: 1024.0, c: -0.02564929984509945, dec: -20.582914, lat: -30.244573, lon: -70.7499537, ra: 76.289062, t0: 60654.625,
#   x0: 2.139876148447887e-06, x1: -0.4156341254711151, z: 0.8669375777244568}
# schema: astropy-2.0
time band flux fluxerr zp zpsys pwv airmass
[from data line 133]
61010.2318 lsst_hardware_r 25.48919976200601 45.470001220703125 31.6299991607666 AB 7.788280559020065 1.0198088986539302
61010.2497 lsst_hardware_i -70.6642529996287 40.79999923706055 31.290000915527344 AB 7.964233192590475 1.0360202748144751
61012.2299 lsst_hardware_z -114.64538380160177 57.45000076293945 30.989999771118164 AB 6.4457450453873175 1.0221463132723794
61012.2498 lsst_hardware_i 113.3528401785906 61.849998474121094 31.329999923706055 AB 6.574991501738163 1.0433903152823545
61014.2238 lsst_hardware_z -26.099010874690308 94.63999938964844 31.739999771118164 AB 2.7299669508749695 1.0216942181417112
61016.2184 lsst_hardware_r 10.619435603317084 69.55999755859375 31.649999618530273 AB 4.336077857467282 1.0217361326160974
61016.2375 lsst_hardware_i 37.585694843420576 58.189998626708984 31.31999969482422 AB 4.374110746767445 1.0414549397065345
61023.194 lsst_hardware_r 15.805696483733154 22.209999084472656 31.5 AB 7.740766192484016 1.0185218674321075
61023.2119 lsst_hardware_i 0.42929358332130385 30.059999465942383 31.25 AB 7.980477610140652 1.0332944682962262
61025.1974 lsst_hardware_z 20.156832595022802 40.689998626708984 30.950000762939453 AB 10.541192321470923 1.0244459488484865
61025.2168 lsst_hardware_i 15.290576978060939 30.209999084472656 31.25 AB 10.877439938312767 1.0470704833732958
61027.1462 lsst_hardware_u 0.6126161069314922 2.630000114440918 28.420000076293945 AB 3.06482870491864 1.0220354163965548
61027.1657 lsst_hardware_g -10.432964678399015 13.470000267028809 31.420000076293945 AB 3.0149038603765645 1.0145498128019848
61029.1449 lsst_hardware_r -6.521307669755843 21.959999084472656 31.489999771118164 AB 3.0919942718818603 1.0193667755318092
61029.1632 lsst_hardware_i 17.517168124905986 29.719999313354492 31.239999771118164 AB 3.084136031919229 1.0145184315524816
61031.1222 lsst_hardware_i -23.79154031505034 29.959999084472656 31.25 AB 4.209014195647138 1.0343252446706133
61031.1419 lsst_hardware_z -49.70982009473263 40.47999954223633 30.950000762939453 AB 3.5683153310078324 1.0180642884473432
61033.1232 lsst_hardware_r 41.51814673169447 31.329999923706055 32.25 AB 6.341745402739616 1.0275024955831826
61033.1423 lsst_hardware_g -3.581024287535402 19.1299991607666 32.189998626708984 AB 6.363356715993309 1.0157804638827215
61037.1354 lsst_hardware_z 33.483078636751976 42.4900016784668 30.959999084472656 AB 6.239954701997628 1.0148743111324108
61037.1561 lsst_hardware_i -17.128780651952134 33.599998474121094 31.270000457763672 AB 6.308490899602719 1.0186897419729068
61039.126 lsst_hardware_z 204.07339600104632 67.94000244140625 31.719999313354492 AB 7.970970149179763 1.0157552649537231
61041.1195 lsst_hardware_r 29.421471929073267 103.22000122070312 32.40999984741211 AB 7.041407505146307 1.0160731866785822
61041.1399 lsst_hardware_i -109.01312567243333 84.02999877929688 32.08000183105469 AB 7.077888591741899 1.0163633910629406
61044.1267 lsst_hardware_z 73.93999131053185 86.0999984741211 31.739999771118164 AB 2.563760046496787 1.015015524842014
61047.0965 lsst_hardware_r -38.7755522557714 21.850000381469727 31.489999771118164 AB 8.94812895443188 1.0189459907685687
61047.1186 lsst_hardware_g -17.241073345717677 30.18000030517578 31.65999984741211 AB 8.92983111270802 1.0150322849314324
61050.0964 lsst_hardware_r 3.4714315360754044 21.81999969482422 31.5 AB 8.604423107850089 1.0156306784525602
61050.1181 lsst_hardware_i -41.40112682287372 29.65999984741211 31.25 AB 8.62465206636961 1.0174679734998904
61055.0728 lsst_hardware_z 35.217532809811075 40.400001525878906 30.950000762939453 AB 6.037722754800292 1.0200148253242036
61055.0916 lsst_hardware_i -24.908447352736694 29.56999969482422 31.25 AB 5.4865662605560885 1.0144965195641322
61057.0771 lsst_hardware_u -1.4360525893974445 2.640000104904175 28.440000534057617 AB 2.80658091313371 1.015681141096068
61057.0954 lsst_hardware_g 1.7082382981485613 13.09000015258789 31.389999389648438 AB 2.035219653488733 1.016085698197071
61061.0702 lsst_hardware_z 1.3528330385742875 40.29999923706055 30.950000762939453 AB 12.116521649554373 1.0148194716081136
61061.0898 lsst_hardware_u -5.524782880228059 2.640000104904175 28.450000762939453 AB 12.848775029727973 1.018289350905686
61063.0487 lsst_hardware_y -18.66003566792397 48.060001373291016 30.049999237060547 AB 7.603326751336481 1.0214719891632271
61063.0683 lsst_hardware_g 26.806937772645366 13.5600004196167 31.40999984741211 AB 7.2744993631665515 1.0145037812100344
61065.0492 lsst_hardware_y 60.2507199997231 47.209999084472656 30.049999237060547 AB 7.267615046722548 1.017992069110197
61065.0696 lsst_hardware_i 25.17399488815685 31.520000457763672 31.260000228881836 AB 7.018027467312084 1.0150581509243877
61067.0469 lsst_hardware_y 62.23650694408606 48.52000045776367 30.059999465942383 AB 11.589605679989624 1.0166320771920723
61067.0651 lsst_hardware_i -95.8607314284561 38.43000030517578 31.290000915527344 AB 11.573957998508796 1.015259473553403
61069.0456 lsst_hardware_y 26.2451451098564 50.97999954223633 30.059999465942383 AB 12.892580513240627 1.0153503672517754
61069.0647 lsst_hardware_z -11.075531428935799 50.939998626708984 30.969999313354492 AB 12.822194337088055 1.0168274652726452
61072.0376 lsst_hardware_z -98.02907296085104 101.0199966430664 31.75 AB 8.621969324385761 1.0153049133756196
61074.0274 lsst_hardware_y 52.651952801052005 75.77999877929688 30.079999923706055 AB 7.1065254982162696 1.0167794109834793
61074.0464 lsst_hardware_r 10.013607477911595 57.15999984741211 31.649999618530273 AB 8.074104053390815 1.015355137498845
61076.0263 lsst_hardware_y 2.739402266148394 67.8499984741211 30.079999923706055 AB 5.66522579508382 1.0153947535698136
61076.0441 lsst_hardware_z 19.848848793051364 41.119998931884766 30.950000762939453 AB 6.03415100668055 1.01627806428304
