data/validation/pwv_sim_epoch_fit_seasonal/48832698.ecsv
# %ECSV 0.9
# ---
# datatype:
# - {name: time, datatype: float64}
# - {name: band, datatype: string}
# - {name: flux, datatype: float64}
# - {name: fluxerr, datatype: float64}
# - {name: zp, datatype: float64}
# - {name: zpsys, datatype: string}
# - {name: pwv, datatype: float64}
# - {name: airmass, datatype: float64}
# meta: {SNID: '48832698', alt: 1024.0, c: 0.04358864948153496, dec: -6.579593, lat: -30.244573, lon: -70.7499537, ra: 161.894531, t0: 61881.8203125,
#   x0: 8.38340333567472e-06, x1: 0.5862571597099304, z: 0.495442658662796}
# schema: astropy-2.0
time band flux fluxerr zp zpsys pwv airmass
61773.3367 lsst_hardware_u -0.48076636967971237 2.8299999237060547 28.420000076293945 AB 5.987285739120347 1.1041559684869249
61773.3566 lsst_hardware_y 72.83152275562615 59.70000076293945 30.040000915527344 AB 5.977418710940887 1.0912676788573048
61777.3391 lsst_hardware_r 38.03192955617545 23.989999771118164 31.5 AB 7.601128118331889 1.0937137271874946
61777.3598 lsst_hardware_y 48.39773587546161 58.060001373291016 30.040000915527344 AB 7.4894875008844775 1.0919477317645583
61779.329 lsst_hardware_g 29.853398543242452 14.930000305175781 31.440000534057617 AB 8.235224454195855 1.0965070008360616
61779.3509 lsst_hardware_y 10.340596661572404 48.70000076293945 30.030000686645508 AB 8.011654251090773 1.0910353277774039
61781.3342 lsst_hardware_i -5.673485507640988 58.939998626708984 31.31999969482422 AB 7.012807245728685 1.0914025750103002
61781.3557 lsst_hardware_z -14.012090286505668 57.099998474121094 30.969999313354492 AB 7.073775284192495 1.0951811865911913
61784.3449 lsst_hardware_r 2.3840230790580867 106.05000305175781 31.649999618530273 AB 7.522396096199947 1.093715961354101
61784.3647 lsst_hardware_y 0.33591108125610314 67.87000274658203 30.040000915527344 AB 7.6671153635946006 1.1119819236540414
61785.3509 lsst_hardware_r -24.79413993346803 102.02999877929688 31.639999389648438 AB 5.891020980805855 1.0997207891738008
61785.3704 lsst_hardware_y -18.49065678145745 85.2300033569336 30.040000915527344 AB 6.038437788525395 1.124965122373234
61787.2708 lsst_hardware_i 63.19887358554132 59.470001220703125 31.299999237060547 AB 2.445496779094201 1.1510477093206497
61787.2897 lsst_hardware_z 10.19075971870226 57.63999938964844 30.969999313354492 AB 2.3558210548373406 1.1151815644200427
61789.3231 lsst_hardware_r -54.30572669643319 32.93000030517578 31.559999465942383 AB 7.200191045614883 1.0909380372143762
61789.3419 lsst_hardware_z -27.107262158508888 44.310001373291016 30.940000534057617 AB 6.818089234559546 1.101468373919151
61791.3177 lsst_hardware_g -10.203486071301578 16.969999313354492 31.479999542236328 AB 13.144281477087386 1.0909475434358955
61791.3369 lsst_hardware_r 5.469161570506366 25.200000762939453 31.510000228881836 AB 12.361958535506435 1.1019097815105545
61793.3189 lsst_hardware_i 13.369828880151903 31.469999313354492 31.239999771118164 AB 9.866771535074331 1.0930288617563226
61793.3384 lsst_hardware_z 41.55224203876645 42.470001220703125 30.940000534057617 AB 10.535877397199204 1.109711393443316
61795.321 lsst_hardware_r -14.990690093664094 23.639999389648438 31.479999542236328 AB 10.756444965343963 1.0975964250350982
61795.3383 lsst_hardware_g 1.630517866403738 14.640000343322754 31.399999618530273 AB 10.653164454410527 1.117171838267293
61797.2923 lsst_hardware_r -14.936806976357023 23.700000762939453 31.489999771118164 AB 12.889006278014431 1.0909942676497741
61797.3093 lsst_hardware_i 23.06690996938945 31.389999389648438 31.239999771118164 AB 12.948510774937377 1.0936550106932101
61799.2979 lsst_hardware_z 31.00973587424795 42.130001068115234 30.940000534057617 AB 12.07695771441659 1.0913899793128854
61799.3155 lsst_hardware_i -7.378585159443573 31.540000915527344 31.239999771118164 AB 12.222547411023736 1.1023386664984507
61805.2886 lsst_hardware_z 34.434513226619636 42.22999954223633 30.940000534057617 AB 8.751740510837537 1.0942525254498614
61805.3076 lsst_hardware_u -0.5440047247965367 2.690000057220459 28.3799991607666 AB 8.67214338562469 1.1122885915722132
61807.2888 lsst_hardware_g 18.79479406335398 14.779999732971191 31.420000076293945 AB 4.2559485129695895 1.098025932138741
61807.3078 lsst_hardware_r 8.425012258728005 23.899999618530273 31.489999771118164 AB 3.8476632194552978 1.1207058092056499
61808.2211 lsst_hardware_r -63.339068419782976 48.15999984741211 31.600000381469727 AB 6.6893566242370746 1.1344622444224666
61808.24 lsst_hardware_i 10.991974981086 42.81999969482422 31.280000686645508 AB 6.5195598672181445 1.1053848537161994
61810.2192 lsst_hardware_z -53.648296722835276 66.80999755859375 30.979999542236328 AB 6.034418121581186 1.1277178324763888
61810.2375 lsst_hardware_i 18.037548476613093 74.11000061035156 31.31999969482422 AB 5.842046358827089 1.1022728978919036
61816.2762 lsst_hardware_z -237.92012553198177 74.44000244140625 31.719999313354492 AB 3.641774803462949 1.110466474603735
61818.1945 lsst_hardware_g -11.11235903022372 26.579999923706055 31.600000381469727 AB 4.809541787732612 1.1330787940315559
61818.2115 lsst_hardware_r 45.634259425770146 32.97999954223633 31.56999969482422 AB 5.097121080943471 1.1067465163268855
61820.236 lsst_hardware_i 26.681227469645897 32.34000015258789 31.260000228881836 AB 2.8492362365156665 1.0906167412500158
61820.2543 lsst_hardware_z -0.7136905358533928 42.880001068115234 30.950000762939453 AB 2.763259357363966 1.098820700810814
61822.2326 lsst_hardware_i -7.4089932209155345 31.8700008392334 31.25 AB 6.04552573309406 1.0908563213811007
61822.251 lsst_hardware_u -5.750533383572746 2.8299999237060547 28.469999313354492 AB 5.633767501319816 1.1007035170276422
61826.2369 lsst_hardware_i 72.28549737327403 31.690000534057617 31.239999771118164 AB 9.358612296969193 1.0979990962419859
61826.2544 lsst_hardware_r -15.265022729471625 24.229999542236328 31.489999771118164 AB 9.852108764623988 1.1182870334419963
61830.2292 lsst_hardware_r 20.953025798724184 24.399999618530273 31.510000228881836 AB 3.9065279243110456 1.100740468952112
61830.2472 lsst_hardware_i 19.74229113731071 32.20000076293945 31.25 AB 3.943878435944069 1.1243595274952207
61834.2059 lsst_hardware_i 43.52935113645187 31.860000610351562 31.239999771118164 AB 12.796437461060352 1.0925609011350061
61834.2241 lsst_hardware_u -3.8984165344171333 2.619999885559082 28.290000915527344 AB 12.038272492535363 1.1068149213934044
61836.2026 lsst_hardware_z 27.26473968842474 45.779998779296875 30.950000762939453 AB 10.299970339416628 1.0935311964557384
61836.2201 lsst_hardware_r 49.20614689079691 32.290000915527344 31.549999237060547 AB 10.731683355382705 1.1085686270280324
61838.1952 lsst_hardware_i -12.171472185388886 64.18000030517578 31.31999969482422 AB 9.882566415339829 1.0926502693516187
61838.2139 lsst_hardware_r 97.9558935977983 76.77999877929688 31.6299991607666 AB 9.806557727809995 1.1076684180508343
61847.1172 lsst_hardware_g 40.820111401729186 15.130000114440918 31.43000030517578 AB 9.226294890144077 1.1294968341976879
61847.1354 lsst_hardware_r 20.150121923615927 29.09000015258789 31.540000915527344 AB 6.787259940618308 1.1033503926876873
61849.1147 lsst_hardware_i -15.551925171633098 32.22999954223633 31.239999771118164 AB 5.826229698352196 1.124212194568643
61849.1356 lsst_hardware_r -24.3972825202833 24.329999923706055 31.5 AB 5.286369765754197 1.098181202961142
61851.1611 lsst_hardware_u 0.22818673983905957 2.7799999713897705 28.440000534057617 AB 5.463319367646069 1.093265169372363
61851.1803 lsst_hardware_g 32.731538428375714 15.069999694824219 31.43000030517578 AB 5.364632739550643 1.1100197064334165
61859.1523 lsst_hardware_r 211.07384318855475 28.314147217601246 31.479999542236328 AB 7.038976521709147 1.1029421061906977
61859.172 lsst_hardware_z 150.6255497403854 44.44947824752401 30.93000030517578 AB 7.668279922649434 1.1315710658115208
61861.1488 lsst_hardware_r 480.02699559171737 32.51905100890387 31.479999542236328 AB 5.386591551934455 1.1050174135532467
61861.1664 lsst_hardware_u -1.5554812921067642 2.855805229670988 28.260000228881836 AB 5.680663080470909 1.1313057117242056
61865.1393 lsst_hardware_i 936.0820207596291 53.93926224025851 31.290000915527344 AB 7.780499815915151 1.106625551629519
61865.1573 lsst_hardware_z 689.5027710103753 55.5669204369181 30.959999084472656 AB 7.991233552214368 1.134849735225709
61867.1374 lsst_hardware_r 1808.2204730474577 99.17947900806469 31.639999389648438 AB 11.272263659034996 1.1110421847457153
61867.1543 lsst_hardware_z 822.9374011789425 75.04321482471487 30.979999542236328 AB 11.580210272282832 1.13989667017254
61870.0834 lsst_hardware_r 2235.934953266082 137.50801023571702 31.649999618530273 AB 5.536195530392504 1.0946506239036093
61870.1071 lsst_hardware_z 1275.4740040332983 92.17007480904005 30.989999771118164 AB 5.543521767935302 1.0923554339259685
61875.0534 lsst_hardware_g 979.7085038229202 34.924273062821385 31.440000534057617 AB 12.096218964136325 1.1097448590950756
61875.0723 lsst_hardware_r 2944.6911899497877 62.08939889340971 31.559999465942383 AB 11.917011874601123 1.093303841706525
61877.0951 lsst_hardware_i 2091.5966603338115 55.64537508710063 31.260000228881836 AB 15.607407683896506 1.096128454248748
61877.1113 lsst_hardware_z 1729.5044508680394 58.39450663466826 30.950000762939453 AB 15.820579053792445 1.1126626303773757
61879.0901 lsst_hardware_r 2933.104483628317 59.52548929436533 31.5 AB 9.983132419281514 1.0964450762527749
61882.0752 lsst_hardware_z 3905.9855888306474 84.15525198607425 31.700000762939453 AB 10.253379453809938 1.092703090937277
61882.0919 lsst_hardware_r 2982.306753076273 59.35298842793503 31.5 AB 9.993763458791426 1.1055048073884322
61884.0805 lsst_hardware_u 2.8884635125464175 2.9130429252169012 28.3700008392334 AB 10.203015185753848 1.0996109589927359
61884.0985 lsst_hardware_g 772.1713975055504 31.783511648016738 31.40999984741211 AB 10.184229799091549 1.1222291789632561
61886.08 lsst_hardware_r 2875.4117313124 57.3926217872171 31.489999771118164 AB 12.144319252290396 1.1044306340751542
61886.0976 lsst_hardware_i 2177.739882168561 56.16996962487632 31.239999771118164 AB 11.076834995879247 1.1302892852938007
61890.081 lsst_hardware_u -0.09997781696416862 2.9361908351889743 28.440000534057617 AB 11.892902664204028 1.120404088386129
61890.0993 lsst_hardware_r 2279.6490308526554 54.70728985820681 31.489999771118164 AB 12.154228233944457 1.1579315232643697
61894.0429 lsst_hardware_y 1111.3454174427072 78.06045379871505 30.780000686645508 AB 11.986235408632616 1.0929033562062442
61896.0549 lsst_hardware_r 2346.0396734653946 112.06129779911421 31.649999618530273 AB 3.9960458772566803 1.1069123641439524
61896.0737 lsst_hardware_i 1927.9208939654245 96.8229404557252 31.31999969482422 AB 4.114745735099331 1.13695799629722
61898.0522 lsst_hardware_z 1392.460898761243 80.58352116904275 30.979999542236328 AB 11.336351684917034 1.1103184804032356
61898.0703 lsst_hardware_r 1760.7505922356827 113.09470389989872 31.6299991607666 AB 11.759284588139172 1.1412718373529656
61900.0402 lsst_hardware_z 1226.977674312842 71.69405436645917 30.969999313354492 AB 8.36080047198036 1.1027897476726867
61900.058 lsst_hardware_r 1748.2722948609492 99.34841105149226 31.6299991607666 AB 8.163297005491554 1.1277608628157636
61909.0002 lsst_hardware_r 706.0755052798903 36.55861068322197 31.489999771118164 AB 8.920011002852 1.0922016655873916
61909.0235 lsst_hardware_u 2.1505598634096934 3.036985192391338 28.40999984741211 AB 9.063516902302275 1.1120879634726437
61910.9646 lsst_hardware_y 429.79334897645447 52.65557930603002 30.030000686645508 AB 7.849740502082797 1.0995959379559561
61910.9836 lsst_hardware_g 96.94006840396746 18.493276459631694 31.440000534057617 AB 7.842956433498468 1.0906249168779767
61918.9565 lsst_hardware_z 726.7680531671422 58.16667919265823 30.969999313354492 AB 10.385474608197724 1.091627865794006
61918.9765 lsst_hardware_i 609.3112597738475 41.65159598588522 31.260000228881836 AB 9.680904729226782 1.0937948455471695
62140.3382 lsst_hardware_i -27.20155614169582 80.81999969482422 31.329999923706055 AB 3.0312251862758 1.098269995027464
62140.3587 lsst_hardware_y 33.71301558066587 67.9000015258789 30.049999237060547 AB 2.988898915727254 1.09054051472307
62144.3318 lsst_hardware_g 20.011038749435045 26.829999923706055 31.610000610351562 AB 9.596199521894173 1.0950815385021309
62144.353 lsst_hardware_y -78.54868160621666 50.77000045776367 30.030000686645508 AB 9.576896003495062 1.0913012500659087
62146.3319 lsst_hardware_i 2.2981083935325626 31.90999984741211 31.25 AB 7.851587230571754 1.0923187577311835
62146.3522 lsst_hardware_z 3.8477993288521275 43.650001525878906 30.950000762939453 AB 7.434565881459716 1.0929167043674697
62148.34 lsst_hardware_r -3.5958366649510904 23.829999923706055 31.5 AB 5.8862948599631615 1.0908626501043663
62148.3596 lsst_hardware_y 27.112012527327675 53.75 30.040000915527344 AB 5.891048033121835 1.102023077842835
62150.2722 lsst_hardware_u -0.4553520209530005 2.6700000762939453 28.34000015258789 AB 8.171151441078587 1.162849757986564
62150.2913 lsst_hardware_r 18.358532976080085 23.920000076293945 31.489999771118164 AB 7.931470845473632 1.1222191452351504
62152.2702 lsst_hardware_i 16.333236990763552 32.45000076293945 31.25 AB 5.18770065559804 1.1541047064734238
62152.2896 lsst_hardware_z 6.0690462477533265 42.9900016784668 30.950000762939453 AB 5.075821601930515 1.1163012100133085
62156.326 lsst_hardware_g 7.458118387719218 14.6899995803833 31.420000076293945 AB 11.885329739792011 1.0934233649512033
62156.3463 lsst_hardware_r 25.05634736629605 23.889999389648438 31.5 AB 10.774780888172996 1.1119484920715235
62158.3099 lsst_hardware_i -5.246041319418703 31.469999313354492 31.25 AB 10.292044683196409 1.0905477810009485
62158.3309 lsst_hardware_z 26.782331541850176 42.34000015258789 30.950000762939453 AB 10.311835584163592 1.1006922756218809
62162.252 lsst_hardware_r 33.055874032557945 35.61000061035156 31.56999969482422 AB 14.381988734103743 1.1340771770879545
62162.2698 lsst_hardware_i -14.322814856755425 31.739999771118164 31.25 AB 14.046600773493026 1.106394547304997
62163.2898 lsst_hardware_z 30.44555235041079 47.779998779296875 30.959999084472656 AB 12.569307155462837 1.0910383364839058
62163.3075 lsst_hardware_i 21.020218534644197 31.90999984741211 31.25 AB 13.00949764189033 1.0937252809570392
62165.3055 lsst_hardware_z -46.436406807485696 96.95999908447266 31.739999771118164 AB 12.147230571363407 1.0957435680399976
62167.2838 lsst_hardware_r 89.53203160234389 137.19000244140625 31.649999618530273 AB 12.595364598777236 1.0905077574698907
62167.3012 lsst_hardware_i -67.09204812564475 108.73999786376953 31.329999923706055 AB 11.798945713525622 1.0965308160614877
62169.2921 lsst_hardware_z 118.1465588046824 114.37999725341797 31.739999771118164 AB 9.227222059444877 1.094245130085386
62171.2868 lsst_hardware_z 74.22653855207137 52.130001068115234 30.969999313354492 AB 8.737068038633533 1.0943335712797835
62171.3058 lsst_hardware_r 53.46138518745627 56.31999969482422 31.6299991607666 AB 8.588478709455613 1.1125572895068532
62173.2183 lsst_hardware_r -50.69260983024876 31.010000228881836 31.559999465942383 AB 4.917973528537132 1.141635051310505
62173.237 lsst_hardware_i -9.129802483112206 35.31999969482422 31.270000457763672 AB 4.822244857456672 1.1097525753582334
62175.219 lsst_hardware_z 14.329718560438899 43.04999923706055 30.940000534057617 AB 8.033604490323649 1.1293065528481774
62175.2373 lsst_hardware_i 7.876168740900772 32.0099983215332 31.239999771118164 AB 7.825761650833071 1.1031262752260877
62177.2585 lsst_hardware_u -1.5466899790825546 2.7799999713897705 28.450000762939453 AB 3.741742409400881 1.0905690496650529
62177.2774 lsst_hardware_g 18.401908862618896 14.869999885559082 31.43000030517578 AB 3.776458215358778 1.0992455873552214
62179.2635 lsst_hardware_i -2.4203335859860675 31.510000228881836 31.25 AB 5.975748584017335 1.0935581634216003
62179.2807 lsst_hardware_r 26.849677994264667 23.920000076293945 31.5 AB 6.05034995141722 1.108325691778205
62183.207 lsst_hardware_g -3.969303180215805 15.15999984741211 31.43000030517578 AB 4.626344992059232 1.1133511131219072
62183.2237 lsst_hardware_r 15.811397550292854 24.299999237060547 31.5 AB 4.3534709847221 1.096109016106747
62185.2423 lsst_hardware_i 5.039524829758794 31.709999084472656 31.25 AB 5.762147086547543 1.091625857070672
62185.26 lsst_hardware_z -53.15110691190416 42.54999923706055 30.950000762939453 AB 5.294286346354412 1.1034360871934998
62187.2221 lsst_hardware_i 13.924978043481248 31.799999237060547 31.260000228881836 AB 3.602198326430365 1.091575250433444
