data/validation/pwv_sim_epoch_fit_seasonal/48867010.ecsv
# %ECSV 0.9
# ---
# datatype:
# - {name: time, datatype: float64}
# - {name: band, datatype: string}
# - {name: flux, datatype: float64}
# - {name: fluxerr, datatype: float64}
# - {name: zp, datatype: float64}
# - {name: zpsys, datatype: string}
# - {name: pwv, datatype: float64}
# - {name: airmass, datatype: float64}
# meta: {SNID: '48867010', alt: 1024.0, c: 0.0599353201687336, dec: -56.064457, lat: -30.244573, lon: -70.7499537, ra: 281.065582, t0: 60481.21484375,
#   x0: 5.521156170819628e-06, x1: 0.7557500600814819, z: 0.5889859795570374}
# schema: astropy-2.0
time band flux fluxerr zp zpsys pwv airmass
60414.4011 lsst_hardware_z -5.516088380289917 42.09000015258789 30.950000762939453 AB 10.37230944175368 1.1128092382749313
60414.4116 lsst_hardware_y 123.07440650925773 50.0099983215332 30.030000686645508 AB 10.417058336136504 1.1107579530268175
60416.4054 lsst_hardware_u 2.1951092040766254 3.0799999237060547 28.559999465942383 AB 16.21682011047799 1.1108171868263572
60416.4167 lsst_hardware_y -20.76636269642893 54.0 30.030000686645508 AB 15.7241503213462 1.111325911466973
60425.3826 lsst_hardware_r 102.8345694534456 94.62999725341797 31.6299991607666 AB 4.464266404579133 1.1106982263839278
60425.3945 lsst_hardware_z 81.09104522392417 66.38999938964844 30.979999542236328 AB 4.472095721055743 1.111816289315273
60428.3714 lsst_hardware_z 2.0718797165655554 106.04000091552734 32.16999816894531 AB 12.80254178336053 1.1109460068865835
60428.3804 lsst_hardware_r 65.03486433949674 136.8300018310547 32.83000183105469 AB 13.884417526651331 1.1108422695136675
60431.3927 lsst_hardware_y -14.786493372998766 49.36000061035156 30.020000457763672 AB 11.551482675697951 1.1177772482370691
60431.4035 lsst_hardware_g 17.202193633469246 35.09000015258789 31.639999389648438 AB 11.643056441103969 1.125512963952823
60434.3919 lsst_hardware_r 20.958304640154772 23.350000381469727 31.489999771118164 AB 7.78634592710713 1.1227607681481082
60434.4038 lsst_hardware_i -58.83413929083452 31.209999084472656 31.239999771118164 AB 7.79298158829167 1.1336345228567624
60442.2889 lsst_hardware_z -80.23405939931565 42.40999984741211 30.93000030517578 AB 8.039774533783426 1.1398546125401832
60442.2974 lsst_hardware_r -19.128650091093036 22.639999389648438 31.469999313354492 AB 7.843088006953198 1.1305352082094193
60457.3118 lsst_hardware_z 292.3466930348746 87.87943223200111 31.729999542236328 AB 8.77227189937755 1.113173613837367
60461.3047 lsst_hardware_r 469.73839360307545 36.65248576996582 31.540000915527344 AB 7.67561729917157 1.1146699534085593
60461.316 lsst_hardware_y 165.80443398087215 49.41800706237913 30.020000457763672 AB 7.685855970124302 1.1211498546325442
60463.278 lsst_hardware_u -0.7777543363834089 2.778893978562774 28.360000610351562 AB 9.69060352998576 1.110755763189469
60463.2906 lsst_hardware_g 144.06293737723547 18.297421488704977 31.389999389648438 AB 9.779647220803678 1.111786792315398
60467.2866 lsst_hardware_z 707.0744753764793 49.79052105166061 30.940000534057617 AB 4.309522549891511 1.1139555100529497
60467.298 lsst_hardware_r 1152.0375261370841 40.39969222597134 31.469999313354492 AB 3.769467774535376 1.120032023335426
60484.2285 lsst_hardware_z 2517.6611773837376 120.41455057757389 31.729999542236328 AB 4.530135215868252 1.1109626132269073
60491.0838 lsst_hardware_r 1314.5542088195198 43.38926908986016 31.450000762939453 AB 11.15117265233485 1.3027070855531369
60491.0941 lsst_hardware_g 159.01671476241498 19.232256213018328 31.350000381469727 AB 10.86941362882629 1.2683096416366733
60492.1546 lsst_hardware_u 1.355607304135808 2.7998103006397095 28.440000534057617 AB 10.001210823163383 1.1372766457998469
60492.1665 lsst_hardware_r 1343.2933761759114 42.97985452797865 31.489999771118164 AB 9.854901338899934 1.1254169781766197
60494.1907 lsst_hardware_z 1076.3406197394042 53.32386884493062 30.940000534057617 AB 8.539013280418954 1.1110309164790242
60494.2025 lsst_hardware_i 1287.1153781118062 46.717926545780394 31.239999771118164 AB 8.55467451257585 1.1111409939701067
60496.191 lsst_hardware_u 1.2079068099583636 2.6136320978983063 28.34000015258789 AB 5.417498936553539 1.1106742848124522
60496.205 lsst_hardware_g 106.36371441635892 17.699491504976 31.389999389648438 AB 5.4533403439851 1.1130780400024016
60500.191 lsst_hardware_z 960.0007350726734 51.69917551523027 30.950000762939453 AB 10.10817245270581 1.1121529113790707
60500.2039 lsst_hardware_u 4.727226793247383 2.789805938450948 28.440000534057617 AB 10.138820785084434 1.117553821334214
60502.1874 lsst_hardware_g 73.22735556651757 16.60233335731415 31.389999389648438 AB 6.491697298075823 1.112687543056262
60502.1998 lsst_hardware_r 762.609330375405 35.509974373045885 31.479999542236328 AB 6.557493321313589 1.1183582026628742
60505.1876 lsst_hardware_i 752.8356352487237 43.807926400027654 31.25 AB 7.14317931205041 1.1161217675078765
60505.1992 lsst_hardware_z 743.3636937233221 51.47528568933005 30.940000534057617 AB 7.19149327509916 1.1236708242342437
60507.1278 lsst_hardware_i 684.2571412833881 53.2976965973326 31.290000915527344 AB 1.7977268236111472 1.123579264756967
60507.1398 lsst_hardware_z 881.7130129536479 56.23254485384091 30.950000762939453 AB 1.7853798184671548 1.1158623865419717
60509.1256 lsst_hardware_r 407.4807921238176 85.84775818027803 31.639999389648438 AB 3.111429077407999 1.121134700444284
60509.1389 lsst_hardware_z 818.5832982401138 68.7543887104547 30.979999542236328 AB 3.0890629125757822 1.1138448002076138
60512.1293 lsst_hardware_i 661.7623620678695 102.50100980987429 31.329999923706055 AB 5.749274755291206 1.1144165061622808
60512.1431 lsst_hardware_z 795.0518111330398 88.163029887329 30.989999771118164 AB 5.769470661968136 1.1108665673515443
60515.1291 lsst_hardware_r 416.2834717997917 66.99391165300659 31.6200008392334 AB 6.1694414442196175 1.1118113974084731
60515.1411 lsst_hardware_z 654.9659695468853 59.338464491842785 30.959999084472656 AB 6.1185224151424515 1.1107420196319238
60517.1235 lsst_hardware_r 251.2628882089744 27.915971956942396 31.479999542236328 AB 3.3633307105090826 1.1118448629782092
60517.1367 lsst_hardware_i 433.8667657792433 41.76488124777654 31.260000228881836 AB 3.586998276111182 1.1108123693763658
60518.1251 lsst_hardware_z 640.6958872196088 48.2306684664324 30.93000030517578 AB 4.110893395401773 1.111052269027506
60518.1378 lsst_hardware_i 390.3196579685307 36.626799608380864 31.229999542236328 AB 4.111752290382179 1.1112844028059943
60524.1177 lsst_hardware_g 26.55924422939856 14.275891417478324 31.389999389648438 AB 1.970879548924532 1.1108240377198997
60524.1234 lsst_hardware_r 215.83567485861212 26.207229428385194 31.469999313354492 AB 1.9267972310328156 1.1116672326745483
60526.111 lsst_hardware_i 301.1206168834216 35.07892121079422 31.239999771118164 AB 2.638015925080776 1.110743547402432
60526.1223 lsst_hardware_z 421.85512145199476 47.060811306093605 30.940000534057617 AB 2.6259164473005066 1.1128336406132957
60530.0251 lsst_hardware_u 0.28559342623686756 2.7123435416810544 28.329999923706055 AB 6.542417030590878 1.175847776885492
60530.0318 lsst_hardware_r 152.50844557641275 25.923957709892658 31.479999542236328 AB 6.481916730529575 1.164032815036289
60532.1069 lsst_hardware_z 462.97343576482643 46.480103478907985 30.940000534057617 AB 8.342036410585436 1.1131620510522333
60532.1195 lsst_hardware_i 209.7904608344341 34.70450240483529 31.25 AB 8.370373184568628 1.1193830318595765
60534.1096 lsst_hardware_z 428.32543475761184 47.61454198140646 30.950000762939453 AB 2.771228391002431 1.1167553459610844
60534.121 lsst_hardware_g -10.499736385654767 25.18268637615295 31.59000015258789 AB 2.7763313356702386 1.1244760371284888
60536.0578 lsst_hardware_y 174.9015742366673 73.04632613534665 30.780000686645508 AB 4.134276296785311 1.117371972104138
60538.0517 lsst_hardware_r 174.14398875167765 76.66929156036468 31.639999389648438 AB 4.38731117323861 1.1177388238050043
60538.0635 lsst_hardware_i 140.86348789057885 64.18960780887528 31.31999969482422 AB 4.352153958042036 1.1125611924610037
60542.052 lsst_hardware_z 288.4849050896604 67.51581249795082 30.979999542236328 AB 3.4027563551849913 1.1127391612769755
60542.063 lsst_hardware_r 122.04135238219122 94.34993484201564 31.639999389648438 AB 3.509413330916308 1.1107495904150366
60547.0213 lsst_hardware_g 3.327308877915789 13.879191646830789 31.40999984741211 AB 2.5010315607032805 1.1215388164588702
60547.0275 lsst_hardware_r 86.61005640357295 24.713919568229404 31.489999771118164 AB 2.461910277298735 1.117526226644909
60548.0317 lsst_hardware_r 64.20032994325003 24.563284450812713 31.479999542236328 AB 1.6996258569433491 1.1141434657117988
60548.0427 lsst_hardware_i 130.26966568142856 33.072758045928445 31.239999771118164 AB 1.7968845851735251 1.111131352266428
60550.0335 lsst_hardware_z 262.71515646215903 44.704019785183284 30.940000534057617 AB 5.563056921140321 1.111833101057324
60550.0451 lsst_hardware_r 52.44874743033825 24.54329172659461 31.479999542236328 AB 6.220122352167524 1.1107361343156295
60554.0352 lsst_hardware_u -0.8634652680310879 2.5740178312830966 28.309999465942383 AB 1.8289216463627522 1.1107935902597947
60554.0466 lsst_hardware_r 84.5847785507563 24.325864683388005 31.479999542236328 AB 1.5382948563781287 1.1130932390579802
60556.0309 lsst_hardware_i 154.6557077469919 32.96960945599565 31.239999771118164 AB 1.9752512537749691 1.1108878963912279
60556.0425 lsst_hardware_z 192.99918104022132 44.37923593210011 30.940000534057617 AB 1.7802354624548844 1.113575143320403
60560.0349 lsst_hardware_g 2.180749636716982 14.452890125733171 31.420000076293945 AB 2.6758477318862934 1.1149365549526222
60560.0465 lsst_hardware_r 56.67570218529268 24.592606017435614 31.489999771118164 AB 2.539134579677957 1.1217736159390135
60567.0163 lsst_hardware_r -31.67859992938898 69.01000213623047 31.6299991607666 AB 1.4389439500814702 1.1151722682109044
60567.0281 lsst_hardware_i 50.46786144536282 57.27000045776367 31.309999465942383 AB 1.431965934687631 1.122303652031322
60775.4078 lsst_hardware_r -35.06472757818745 23.68000030517578 31.5 AB 4.875666273879517 1.1146715556888909
60775.4199 lsst_hardware_y 17.146367187766003 74.52999877929688 30.049999237060547 AB 5.1976202476803275 1.1111170230549032
60778.405 lsst_hardware_r -49.103901911441326 82.20999908447266 31.639999389648438 AB 12.463620964715654 1.1126577263546187
60778.4164 lsst_hardware_y -22.27292845267297 63.060001373291016 30.040000915527344 AB 12.59318417284989 1.1106733064397962
60782.4088 lsst_hardware_z 2.914282832442502 61.61000061035156 30.979999542236328 AB 16.260254632526326 1.1106731306370443
60782.4202 lsst_hardware_y -90.25078730251325 67.0999984741211 30.049999237060547 AB 15.70611066764584 1.112659118081056
60792.3746 lsst_hardware_r 11.573349942141821 31.989999771118164 32.22999954223633 AB 2.4978214076735386 1.1109657854736734
60792.3875 lsst_hardware_g -8.85868995602745 19.299999237060547 32.13999938964844 AB 1.555869233390249 1.1113351667073208
60794.3063 lsst_hardware_u -0.4926648690546084 2.6700000762939453 28.389999389648438 AB 14.028881745401142 1.1673224950408672
60794.325 lsst_hardware_r 23.82620351897759 22.75 31.469999313354492 AB 13.679699323528013 1.1399749436273343
60795.3835 lsst_hardware_z 39.33965280773819 42.04999923706055 30.940000534057617 AB 12.705828659283162 1.112302255036607
60795.3966 lsst_hardware_i 26.185311366260244 30.940000534057617 31.239999771118164 AB 12.760827574942391 1.1180305109321331
60800.3857 lsst_hardware_r -17.83020755777627 32.099998474121094 32.2400016784668 AB 7.634518459712935 1.1197592343374796
60800.3976 lsst_hardware_i -82.90485971606137 43.810001373291016 31.989999771118164 AB 7.6316369591544015 1.1293858956918648
60802.3132 lsst_hardware_r -20.500990234238724 22.68000030517578 31.479999542236328 AB 7.851280995547549 1.1291391652273561
60802.3259 lsst_hardware_i -6.973993555758868 30.829999923706055 31.25 AB 7.67972723341644 1.1190723464317043
60804.3281 lsst_hardware_z 65.35429628416661 48.31999969482422 30.959999084472656 AB 9.226911511395361 1.114911118977196
60804.3407 lsst_hardware_r -34.65510645912729 40.849998474121094 31.600000381469727 AB 8.618990865148918 1.1111242574641087
60806.324 lsst_hardware_z 113.01784478938963 60.630001068115234 30.979999542236328 AB 8.462705688231784 1.1143203223690998
60806.3358 lsst_hardware_r -73.08708019453508 82.5 31.639999389648438 AB 7.569263079622523 1.1110437165054274
60808.3195 lsst_hardware_i 19.92831806599338 84.91000366210938 31.31999969482422 AB 7.648243393380339 1.1139300019487823
60808.3314 lsst_hardware_z 37.90732718212168 73.3499984741211 30.979999542236328 AB 7.596411539626034 1.110911310269967
60812.3221 lsst_hardware_y 25.750043788533528 53.75 30.030000686645508 AB 6.9470680068700075 1.1107607536433786
60812.3358 lsst_hardware_r -98.05773637205625 71.95999908447266 31.6299991607666 AB 8.228522569983562 1.111962509457238
60814.3218 lsst_hardware_i -68.32423233679383 44.61000061035156 31.290000915527344 AB 8.147765926962665 1.1106929662219494
60814.3348 lsst_hardware_z 53.640252438700344 48.58000183105469 30.959999084472656 AB 9.197460792092926 1.1133143308698668
60823.1464 lsst_hardware_u 3.0325266720518993 2.4800000190734863 28.139999389648438 AB 10.333442488280818 1.4217724942598207
60823.1577 lsst_hardware_g 8.164977642708992 13.880000114440918 31.309999465942383 AB 9.787093472042951 1.3693030391105911
60824.307 lsst_hardware_r 32.49217063454145 22.850000381469727 31.489999771118164 AB 9.548157668043434 1.113141608212424
60824.3211 lsst_hardware_u 5.382900084725692 2.7300000190734863 28.450000762939453 AB 9.633330982372735 1.1203827502541488
60828.0905 lsst_hardware_g -7.475338010657085 21.770000457763672 31.34000015258789 AB 16.106791100636496 1.6922008878351058
60828.1027 lsst_hardware_r 36.45541998207773 28.5 31.420000076293945 AB 15.2437631725657 1.599933160774102
60833.2701 lsst_hardware_z 24.873580632960717 51.060001373291016 30.959999084472656 AB 4.245863909167158 1.1107073358477044
60833.2831 lsst_hardware_r -45.65442322640572 55.15999984741211 31.6200008392334 AB 4.233446392297663 1.1133811849646968
60847.2756 lsst_hardware_u -2.672659730354095 2.549999952316284 28.280000686645508 AB 3.7193864651655493 1.1359506650883557
60847.2874 lsst_hardware_g 0.9390234201802746 13.90999984741211 31.3700008392334 AB 3.722587814339097 1.1509895074094756
60860.0152 lsst_hardware_z -14.260448190399932 105.30999755859375 32.400001525878906 AB 12.64699728333496 1.6008857320677163
60863.1445 lsst_hardware_z 191.12565339266965 84.54000091552734 31.719999313354492 AB 2.036300499862901 1.1312780554793895
60865.1962 lsst_hardware_i 75.6138983597875 94.55999755859375 31.329999923706055 AB 2.8512821807315905 1.1135646087606288
60867.1828 lsst_hardware_r -25.961969116911273 122.87000274658203 31.639999389648438 AB 8.69747670529368 1.1113684282301917
60867.1943 lsst_hardware_z 170.75919954940932 79.05999755859375 30.979999542236328 AB 8.714867401501511 1.1150391710970171
60870.186 lsst_hardware_z -68.98058707355298 53.91999816894531 30.969999313354492 AB 8.111561857038803 1.114991320555146
60870.199 lsst_hardware_i 13.516454358777679 54.68000030517578 31.309999465942383 AB 8.157961849152352 1.1229386105419903
60872.134 lsst_hardware_g 19.156752094736877 23.440000534057617 31.559999465942383 AB 3.19620404290093 1.1196090876262126
60872.1461 lsst_hardware_r 33.26074847096588 33.0099983215332 31.559999465942383 AB 3.123506810239899 1.1134504269636927
60875.1316 lsst_hardware_u 2.7581022788494796 2.6500000953674316 28.3799991607666 AB 3.1170500190196377 1.1162220300876053
60875.143 lsst_hardware_g -4.37069297685857 13.899999618530273 31.399999618530273 AB 3.1054700275019487 1.1119093041928505
60877.1263 lsst_hardware_r -9.546587027952041 22.950000762939453 31.489999771118164 AB 6.531280487050616 1.1161402142496069
60877.1389 lsst_hardware_i -11.42312312498022 31.06999969482422 31.25 AB 6.59550569627233 1.1116020836414038
60881.1319 lsst_hardware_u 3.6797434051831748 2.680000066757202 28.40999984741211 AB 6.150287181588007 1.1109622799111285
60881.1429 lsst_hardware_g 16.211984381665914 13.819999694824219 31.399999618530273 AB 6.223286645954181 1.1111027755676095
60883.1317 lsst_hardware_r 16.390064475268023 22.81999969482422 31.479999542236328 AB 3.5846999499335706 1.1106738806920435
60883.1438 lsst_hardware_z -72.06550525989927 41.86000061035156 30.940000534057617 AB 3.4987870982201086 1.112491923122451
60886.1137 lsst_hardware_u 3.852246509168099 2.759999990463257 28.43000030517578 AB 5.781064002194957 1.111743077345184
60886.1256 lsst_hardware_g -11.004648343450782 14.369999885559082 31.420000076293945 AB 6.137682744936183 1.1107420250529219
60888.1303 lsst_hardware_i 7.882895465984099 34.43000030517578 31.260000228881836 AB 4.657182531164347 1.112539373996619
60888.1429 lsst_hardware_z 65.01108137107975 43.650001525878906 30.950000762939453 AB 4.604502186240624 1.1181856606404559
60890.1147 lsst_hardware_z -21.245026122222868 49.33000183105469 30.959999084472656 AB 1.9910099994142092 1.110744769547676
60890.1268 lsst_hardware_r -2.6603577287253914 48.9900016784668 31.610000610351562 AB 2.0895108670454725 1.1131689413782762
60891.1197 lsst_hardware_z 70.00838257833048 76.69999694824219 31.709999084472656 AB 2.0842438806760013 1.1118932412248608
60894.106 lsst_hardware_r 39.738796908515496 98.51000213623047 31.639999389648438 AB 3.127087209848088 1.110931568422555
60894.1176 lsst_hardware_z 32.09662134012059 67.75 30.979999542236328 AB 3.087077905262017 1.1137984023795613
60896.1045 lsst_hardware_r -75.13250628256942 108.62999725341797 31.639999389648438 AB 4.232791807549927 1.1115524704701647
60896.1164 lsst_hardware_y -3.0324326898022935 58.90999984741211 30.030000686645508 AB 4.227600764207337 1.1156581890061585
60897.1074 lsst_hardware_z 41.04182028005739 66.37999725341797 30.979999542236328 AB 4.143049381412882 1.1130746558222044
60897.1194 lsst_hardware_r -63.92672437661935 96.31999969482422 31.639999389648438 AB 4.153164971158802 1.1188483219716598
60899.0448 lsst_hardware_g -35.424293482074575 32.75 31.639999389648438 AB 3.7380194955139934 1.132733180458786
60899.0562 lsst_hardware_r -65.49998317652303 42.9900016784668 31.600000381469727 AB 3.7042428686971554 1.122497838999138
60901.093 lsst_hardware_z 49.803684541389224 41.95000076293945 30.940000534057617 AB 4.075191718290847 1.1120477684932384
60904.0537 lsst_hardware_g 27.175976068202544 13.649999618530273 31.399999618530273 AB 4.372475399664598 1.11559340879755
60904.0647 lsst_hardware_r 27.28122578216671 22.6200008392334 31.489999771118164 AB 4.338476089887785 1.111717127453658
60906.0955 lsst_hardware_r -27.968944841840784 22.639999389648438 31.479999542236328 AB 2.4552338462263794 1.1192799511726075
60906.1065 lsst_hardware_u 2.364187435072809 2.630000114440918 28.3700008392334 AB 2.4617875579823805 1.12783761675982
60908.0542 lsst_hardware_u 1.7550505099482303 2.640000104904175 28.389999389648438 AB 3.3937982172799805 1.1116273230527287
60908.0658 lsst_hardware_g -8.932888004224749 13.640000343322754 31.399999618530273 AB 3.523909320583893 1.1107673193329843
60912.0506 lsst_hardware_z -4.868070649365438 41.72999954223633 30.940000534057617 AB 4.637517505519623 1.1107161261049334
60912.0616 lsst_hardware_r 37.31766296317747 22.510000228881836 31.479999542236328 AB 4.660545779618306 1.1117272165431493
60932.0164 lsst_hardware_r 0.4469613322995476 22.899999618530273 31.479999542236328 AB 1.5608291553559495 1.1148779681113925
60932.0293 lsst_hardware_i 14.65051896182332 31.229999542236328 31.239999771118164 AB 1.5717135420895574 1.1226525300639696
60936.0189 lsst_hardware_g 0.10803370065424524 13.880000114440918 31.399999618530273 AB 0.9894107935513853 1.1230542492070208
60936.0308 lsst_hardware_r 15.153964382056987 22.950000762939453 31.479999542236328 AB 0.9205466144333088 1.1340272429118088
60938.0156 lsst_hardware_i 18.143248000471516 31.030000686645508 31.239999771118164 AB 6.977784665707468 1.1247839448241579
60938.0276 lsst_hardware_z 16.73197570946356 42.34000015258789 30.940000534057617 AB 7.0737027911306845 1.136520371325624
