data/validation/pwv_sim_epoch_fit_seasonal/49016853.ecsv
# %ECSV 0.9
# ---
# datatype:
# - {name: time, datatype: float64}
# - {name: band, datatype: string}
# - {name: flux, datatype: float64}
# - {name: fluxerr, datatype: float64}
# - {name: zp, datatype: float64}
# - {name: zpsys, datatype: string}
# - {name: pwv, datatype: float64}
# - {name: airmass, datatype: float64}
# meta: {SNID: '49016853', alt: 1024.0, c: -0.08845069259405136, dec: -57.58987, lat: -30.244573, lon: -70.7499537, ra: 194.142853, t0: 61769.125,
#   x0: 0.00012745577362763893, x1: 0.9837406277656555, z: 0.15102067589759827}
# schema: astropy-2.0
time band flux fluxerr zp zpsys pwv airmass
61802.3676 lsst_hardware_r 10284.806052693999 103.0247291249561 31.5 AB 13.276203333979876 1.1276503398057651
61802.3796 lsst_hardware_y 2566.5613888007683 79.17701414952943 30.030000686645508 AB 12.97192644501034 1.1278710092390254
61806.361 lsst_hardware_u 22.0410129278735 5.518828620871064 28.350000381469727 AB 7.820967956868952 1.1273467325216506
61806.3736 lsst_hardware_y 2512.6413433839775 67.31964505517564 30.020000457763672 AB 7.8870138112264225 1.1289338072966788
61813.3456 lsst_hardware_z 4176.6996605193135 86.95739052186018 30.969999313354492 AB 6.935048140264976 1.1274362273170409
61813.3572 lsst_hardware_r 6765.334166094624 113.97057552226758 31.6299991607666 AB 6.99814439758441 1.1297655487678693
61817.3517 lsst_hardware_r 5637.968347275084 88.92026009023935 31.600000381469727 AB 4.161189648671997 1.131937157910476
61817.3623 lsst_hardware_z 3425.851698522762 75.52702337212827 30.950000762939453 AB 4.152319558139609 1.1381934921119126
61819.3497 lsst_hardware_g 2230.1376640035337 52.54666368886778 31.579999923706055 AB 5.990587389812659 1.1336863062254028
61819.3612 lsst_hardware_i 4161.598465062749 72.53538592696856 31.260000228881836 AB 5.941310070415782 1.1415534520052883
61821.2953 lsst_hardware_g 1741.2200909007815 44.97426446263462 31.420000076293945 AB 4.144950419910408 1.1350327469975103
61821.3063 lsst_hardware_r 4636.886193522264 71.79157028201631 31.489999771118164 AB 4.087788146231028 1.1298474699367131
61823.3336 lsst_hardware_r 4323.404533014405 69.66028388483268 31.469999313354492 AB 10.627149456597405 1.131179590366684
61823.3439 lsst_hardware_u 26.554364240079785 5.14915352545192 28.329999923706055 AB 10.593832678580066 1.136799300201755
61825.3359 lsst_hardware_g 1593.1534773219867 41.83131795802706 31.350000381469727 AB 11.478092785770807 1.1351803966641916
61825.3481 lsst_hardware_r 4194.440554228676 68.52043559962183 31.459999084472656 AB 11.579815807828329 1.1443919266538187
61827.3391 lsst_hardware_i 57.19499844245574 30.770000457763672 31.229999542236328 AB 7.6875476710951185 1.141347735297323
61827.3514 lsst_hardware_z 24.845503727664465 42.41999816894531 30.940000534057617 AB 7.565453432455351 1.1532703403133158
61831.2934 lsst_hardware_u 6.07854527709872 2.5299999713897705 28.299999237060547 AB 3.8222196148121403 1.1273598470626505
61831.3044 lsst_hardware_g -27.825205858751623 13.149999618530273 31.360000610351562 AB 3.922255675521972 1.1287066692149559
61835.3317 lsst_hardware_u 2.6652131133471397 2.5399999618530273 28.309999465942383 AB 8.232919784628596 1.1557408274905028
61835.3434 lsst_hardware_g -7.887851198133867 13.149999618530273 31.350000381469727 AB 8.356470635686847 1.1713173263744396
61837.2783 lsst_hardware_z 5.7280481924884175 42.040000915527344 30.940000534057617 AB 11.16103995706693 1.127377773441104
61837.2912 lsst_hardware_g 0.5773716373189499 13.199999809265137 31.3700008392334 AB 11.18331993625401 1.129628276389294
61839.2762 lsst_hardware_r -63.355582034266426 68.11000061035156 31.6299991607666 AB 10.644190444026846 1.127592409123848
61839.2882 lsst_hardware_i -26.16407479219548 55.83000183105469 31.299999237060547 AB 10.69454210819016 1.130501279935535
61841.2745 lsst_hardware_z -33.28016165473195 66.48999786376953 30.979999542236328 AB 8.999578903017676 1.1281437702261838
61841.2876 lsst_hardware_r 45.42403020745101 96.56999969482422 31.639999389648438 AB 9.040753660059268 1.132642653477737
61844.2795 lsst_hardware_z -14.502020899864373 83.91999816894531 31.709999084472656 AB 9.854404218383168 1.1326901400440423
61846.2691 lsst_hardware_z 32.57142746403154 49.58000183105469 30.950000762939453 AB 8.931040660119232 1.1305114759644597
61846.2814 lsst_hardware_r -24.60604107699342 49.66999816894531 31.600000381469727 AB 8.982427307486985 1.1370161148717701
61848.2322 lsst_hardware_i 52.8383627794172 34.880001068115234 31.260000228881836 AB 7.674438917605429 1.130006466554567
61848.2447 lsst_hardware_r -38.27279841953289 30.739999771118164 31.549999237060547 AB 7.657074853704199 1.1274497318271532
61850.232 lsst_hardware_u 2.568091596081031 2.630000114440918 28.3799991607666 AB 6.407178538895118 1.1284879713899594
61850.2449 lsst_hardware_g -2.3919151376861936 13.609999656677246 31.389999389648438 AB 6.414205000852197 1.127491467476614
61856.2677 lsst_hardware_i -18.174202286312113 30.850000381469727 31.229999542236328 AB 7.973730069545984 1.1484697933691628
61856.2799 lsst_hardware_z -7.509290768138906 42.529998779296875 30.93000030517578 AB 8.081092398572746 1.1626774028280433
61858.2148 lsst_hardware_r -14.800497211847311 22.219999313354492 31.469999313354492 AB 7.604577635503289 1.1276900178695468
61858.2275 lsst_hardware_z -27.995352407006497 41.75 30.940000534057617 AB 7.453037167926095 1.1280516373431355
61862.2111 lsst_hardware_g -8.439334401443233 13.199999809265137 31.360000610351562 AB 9.589432683794088 1.1274390316611778
61862.2227 lsst_hardware_r -16.086173074084215 22.239999771118164 31.469999313354492 AB 9.621505749375988 1.129571966584935
61864.2125 lsst_hardware_i 10.205196230816084 30.6200008392334 31.229999542236328 AB 6.205777863766476 1.1283232479575411
61864.225 lsst_hardware_z -40.457324989460666 42.11000061035156 30.940000534057617 AB 6.230185407507804 1.132760983183237
61866.2068 lsst_hardware_r -34.038847979197044 44.40999984741211 31.600000381469727 AB 15.557797362513176 1.1282759708835177
61866.2187 lsst_hardware_z -153.49093527302108 47.20000076293945 30.950000762939453 AB 16.851250950302255 1.1323497110741798
61872.1956 lsst_hardware_z -82.66650778849052 69.2699966430664 30.989999771118164 AB 7.3426995795047665 1.1296460891545794
61872.207 lsst_hardware_r -61.32613304905204 98.75 31.639999389648438 AB 7.376675982151068 1.1348732280232412
61874.1914 lsst_hardware_y -5.353423910112916 52.029998779296875 30.020000457763672 AB 6.383794493122201 1.1300751448260224
61876.0739 lsst_hardware_u -0.8467810287745421 2.6700000762939453 28.3799991607666 AB 20.60766826984463 1.2441739748346528
61878.2056 lsst_hardware_z 3.6199363980743033 43.06999969482422 30.940000534057617 AB 14.789700837015625 1.1464884369779553
61878.2186 lsst_hardware_r -56.79170933977087 26.09000015258789 31.510000228881836 AB 13.814111965310252 1.16108553966648
61883.1406 lsst_hardware_u 5.782589872164174 2.5899999141693115 28.34000015258789 AB 5.963902080840971 1.1288320788985893
61883.1522 lsst_hardware_g 9.956793384316995 13.460000038146973 31.3799991607666 AB 6.175384995409991 1.1274094012615228
61885.1775 lsst_hardware_z -12.96861848366889 42.43000030517578 30.93000030517578 AB 14.355515481491326 1.138874691113949
61885.1892 lsst_hardware_r 5.637334403580593 22.6299991607666 31.469999313354492 AB 14.62434827615622 1.149185903437068
61888.1233 lsst_hardware_r 16.458656496754624 22.3700008392334 31.459999084472656 AB 2.6084485001888162 1.1299322071427045
61888.1364 lsst_hardware_u 2.488625052720036 2.5299999713897705 28.290000915527344 AB 2.3368074811006236 1.1274400841591945
61889.1839 lsst_hardware_r 10.796767630652193 31.979999542236328 32.209999084472656 AB 11.25781290067593 1.1553584668181374
61889.1912 lsst_hardware_i 34.42236768543451 44.220001220703125 31.969999313354492 AB 11.367690004083723 1.164583127435285
61891.1323 lsst_hardware_i -23.718498731832792 43.83000183105469 31.989999771118164 AB 10.509086419672098 1.127483567600046
61891.1459 lsst_hardware_z 4.146078761206577 42.47999954223633 30.940000534057617 AB 10.536956680461337 1.130423138577051
61895.1298 lsst_hardware_r -71.3805046964128 47.439998626708984 31.610000610351562 AB 9.71612528740797 1.1287975936576207
61895.1418 lsst_hardware_z -58.09169071743108 48.279998779296875 30.959999084472656 AB 9.718648814473843 1.1335353625279303
61897.1106 lsst_hardware_z -127.4696526985201 82.68000030517578 31.719999313354492 AB 7.473984329553385 1.1275103646318514
61899.1123 lsst_hardware_r 29.00191355533746 112.98999786376953 31.639999389648438 AB 9.619475123625309 1.127634626870738
61899.1232 lsst_hardware_z 13.616547701527118 76.2300033569336 30.979999542236328 AB 9.705435130151656 1.1301158744936721
61918.0136 lsst_hardware_i -15.30941944291854 30.950000762939453 31.239999771118164 AB 8.148617330041809 1.1487037645873666
61918.024 lsst_hardware_u 2.0184399702729032 2.640000104904175 28.3799991607666 AB 8.030335447884807 1.1394991589463954
61926.0804 lsst_hardware_r 2.31361581484378 78.01000213623047 31.6299991607666 AB 10.9688327570321 1.1525716982573504
61926.0951 lsst_hardware_z -4.457820010979055 61.630001068115234 30.969999313354492 AB 10.548586875253426 1.1716312708538017
61943.9946 lsst_hardware_i 37.27512125360697 30.610000610351562 31.239999771118164 AB 9.997172784606711 1.128487055558717
61944.0071 lsst_hardware_z 26.88104223422156 41.959999084472656 30.940000534057617 AB 3.6543859871329865 1.1330843844141345
