data/validation/pwv_sim_epoch_fit_seasonal/49026625.ecsv
# %ECSV 0.9
# ---
# datatype:
# - {name: time, datatype: float64}
# - {name: band, datatype: string}
# - {name: flux, datatype: float64}
# - {name: fluxerr, datatype: float64}
# - {name: zp, datatype: float64}
# - {name: zpsys, datatype: string}
# - {name: pwv, datatype: float64}
# - {name: airmass, datatype: float64}
# meta: {SNID: '49026625', alt: 1024.0, c: -0.04564037546515465, dec: 1.492246, lat: -30.244573, lon: -70.7499537, ra: 9.316406, t0: 61341.90625,
#   x0: 8.490302367693382e-06, x1: 0.7242563962936401, z: 0.49254661798477173}
# schema: astropy-2.0
time band flux fluxerr zp zpsys pwv airmass
61224.4157 lsst_hardware_z 43.18072739378615 60.70000076293945 30.959999084472656 AB 7.724723886951534 1.193683509882281
61224.4352 lsst_hardware_y 121.24769655168765 58.08000183105469 30.010000228881836 AB 8.250415787775228 1.1786308268250327
61226.4131 lsst_hardware_r -16.3421992206051 76.80999755859375 31.6200008392334 AB 5.025167100676917 1.1903042815602338
61226.4327 lsst_hardware_y 18.514499834074012 56.38999938964844 30.010000228881836 AB 6.215180188788133 1.1779540751079143
61232.4099 lsst_hardware_r 5.984243590203791 26.049999237060547 31.5 AB 10.762205656417107 1.1799585918410715
61232.4301 lsst_hardware_y -44.42726530766362 50.02000045776367 30.0 AB 10.880331873911917 1.1802927362768305
61236.4131 lsst_hardware_i -13.791651764591919 33.38999938964844 31.239999771118164 AB 5.56764665752624 1.1781509088559998
61236.4318 lsst_hardware_y 7.877944127936961 50.7599983215332 29.989999771118164 AB 5.45736818085362 1.190460420102224
61239.3748 lsst_hardware_z 9.449987784334938 44.310001373291016 30.93000030517578 AB 1.859277934067716 1.1936301738076498
61239.3962 lsst_hardware_r 11.512221752783887 25.450000762939453 31.479999542236328 AB 2.1904713047348907 1.1781478040795432
61243.3747 lsst_hardware_u 3.2891278801387247 2.690000057220459 28.309999465942383 AB 5.101947971282709 1.183014678763961
61243.3949 lsst_hardware_g -26.787219233563498 15.789999961853027 31.420000076293945 AB 6.284510044414994 1.178364045266019
61245.3699 lsst_hardware_r -28.39518089790965 25.239999771118164 31.5 AB 5.965200024901411 1.1825546867576973
61245.3903 lsst_hardware_z -69.06076613126992 43.90999984741211 30.940000534057617 AB 6.337032587972307 1.1785990771325257
61250.3719 lsst_hardware_z 165.8706975882582 64.52999877929688 30.969999313354492 AB 4.9528417778239335 1.1777524836296607
61250.3911 lsst_hardware_r -44.09265898342454 90.08000183105469 31.6200008392334 AB 5.582922257498044 1.1878557994676688
61252.3711 lsst_hardware_i 105.75964773611253 82.54000091552734 31.309999465942383 AB 4.600580079474963 1.1785782194120569
61252.3925 lsst_hardware_z -85.27539699021726 72.97000122070312 30.969999313354492 AB 5.498912237054589 1.1958489823243037
61254.3345 lsst_hardware_z -86.7075434545647 79.41999816894531 30.969999313354492 AB 1.7256345571860194 1.192834947363608
61254.3544 lsst_hardware_r 122.55796585638292 105.91999816894531 31.6299991607666 AB 1.6614730878006396 1.1783497076600282
61257.3254 lsst_hardware_z -32.331094205611116 76.0199966430664 31.700000762939453 AB 1.8894509239967903 1.1939658287503367
61257.3453 lsst_hardware_g 80.35544893452843 69.4800033569336 32.40999984741211 AB 2.3223241929003975 1.1785954880441856
61259.3231 lsst_hardware_r 34.490112594401786 39.970001220703125 32.27000045776367 AB 4.9929839169697905 1.1902226262144913
61259.3436 lsst_hardware_z 32.243830260826925 63.349998474121094 31.690000534057617 AB 5.05902618549058 1.1778416480906242
61262.3265 lsst_hardware_r -10.05631979500993 24.760000228881836 31.489999771118164 AB 5.747393625592981 1.1807286774483972
61262.3449 lsst_hardware_u -2.192312473712182 2.740000009536743 28.3700008392334 AB 6.025610268794553 1.1789301554715184
61265.3217 lsst_hardware_g 32.9617683797873 15.390000343322754 31.40999984741211 AB 4.36220056146574 1.179185590592781
61265.341 lsst_hardware_r 3.3686902395078047 24.8799991607666 31.489999771118164 AB 5.523548096752852 1.1808340547465654
61269.3195 lsst_hardware_r 23.325824770308092 24.889999389648438 31.5 AB 4.920183586137194 1.1777348406934955
61269.3384 lsst_hardware_u -2.215063475021381 2.759999990463257 28.3799991607666 AB 5.264916353153014 1.1870619137936715
61273.285 lsst_hardware_z -43.17366141358648 44.0099983215332 30.93000030517578 AB 1.1924759401771865 1.190095748679827
61273.3052 lsst_hardware_g 10.68220343404686 15.25 31.399999618530273 AB 1.6894579066604063 1.177869793163193
61275.2811 lsst_hardware_r -119.29098867268151 46.540000915527344 31.579999923706055 AB 2.260913107275869 1.1884426513342865
61275.3014 lsst_hardware_z 44.704113139374144 48.20000076293945 30.940000534057617 AB 2.386881694785496 1.1777376783481066
61277.2769 lsst_hardware_r -14.836881328499123 66.19999694824219 31.610000610351562 AB 3.8908370492278728 1.187196007697683
61277.2964 lsst_hardware_y 31.312189688391857 52.13999938964844 30.010000228881836 AB 2.812407407982001 1.1777250452185934
61279.2472 lsst_hardware_z 4.568671561729727 74.73999786376953 30.969999313354492 AB 3.544857810887673 1.2256048671963835
61279.2645 lsst_hardware_r 103.23548336571706 108.5999984741211 31.6299991607666 AB 3.107140244253825 1.195053940097625
61285.26 lsst_hardware_i 33.891512963595765 55.470001220703125 31.299999237060547 AB 3.431666060776514 1.183061156323781
61285.277 lsst_hardware_z 39.38866856471483 55.93000030517578 30.959999084472656 AB 3.443562325275637 1.1778231644997048
61287.2416 lsst_hardware_z 8.012654955952058 44.91999816894531 30.940000534057617 AB 1.9534350612747002 1.1964690044557167
61287.2603 lsst_hardware_r 49.068003138141286 29.950000762939453 31.530000686645508 AB 2.658931829686599 1.1797375566162136
61298.1963 lsst_hardware_i 10.775630255964945 33.099998474121094 31.239999771118164 AB 1.28462546605789 1.223452824817038
61298.2152 lsst_hardware_u 2.4260364564404324 2.8399999141693115 28.440000534057617 AB 0.8804885075169058 1.1918626159306338
61304.1954 lsst_hardware_z -109.02951884425788 69.48999786376953 31.700000762939453 AB 5.228120191688049 1.1961836924242768
61306.1814 lsst_hardware_z 106.30356515085529 59.38999938964844 30.959999084472656 AB 2.461583934565991 1.2096235550689753
61306.2011 lsst_hardware_r -15.68198305442197 73.04000091552734 31.610000610351562 AB 2.2624078046355547 1.1842483601145761
61308.1802 lsst_hardware_i -76.83714569737363 102.77999877929688 31.309999465942383 AB 7.486079018584786 1.2024381028124183
61308.1994 lsst_hardware_z -12.794108272339713 87.63999938964844 30.979999542236328 AB 7.342534368048388 1.181611581597745
61310.1749 lsst_hardware_i -133.46175954148632 141.47999572753906 31.309999465942383 AB 4.7812944033323665 1.202186079704802
61310.1946 lsst_hardware_z 235.13495704105063 117.05999755859375 30.979999542236328 AB 4.695149139923755 1.1812191219565822
61312.1745 lsst_hardware_z -36.115122677609655 73.57269246630439 30.969999313354492 AB 4.833906953399058 1.19493415130174
61312.1943 lsst_hardware_r -32.91782309734027 98.30414006286775 31.6200008392334 AB 4.752638149781603 1.1788758898130618
61314.1762 lsst_hardware_i -39.75858053350326 43.86956597758576 31.270000457763672 AB 5.6256187721262 1.1869020037188036
61314.1948 lsst_hardware_r -35.400913848396286 47.561333294217874 31.59000015258789 AB 5.579607282924134 1.1777535161845138
61316.1405 lsst_hardware_z 24.529547194699763 44.99162799736228 30.93000030517578 AB 3.9431603070701424 1.2393055101973842
61316.1686 lsst_hardware_u 7.998215539219075 4.449455393094135 29.110000610351562 AB 3.3407875062985184 1.1890333988486839
61316.1968 lsst_hardware_g -18.22421574158583 16.034183280629403 31.43000030517578 AB 3.3715638946292716 1.1787311133768037
61318.1419 lsst_hardware_g 12.789196240845024 16.187530135406643 31.420000076293945 AB 4.983755921199713 1.2230075880249354
61318.1585 lsst_hardware_r 143.43411378329142 28.174735473969253 31.489999771118164 AB 4.983808569976566 1.1944418382208666
61320.141 lsst_hardware_i 190.88293028913193 37.10967878949883 31.239999771118164 AB 4.5990091154169255 1.2136723562852547
61320.1593 lsst_hardware_z 144.96904115305688 46.13379774412817 30.940000534057617 AB 4.536653536047748 1.187398412854933
61324.1413 lsst_hardware_g 396.4709124260508 24.794553016607683 31.43000030517578 AB 5.333559963932511 1.1955080612520572
61324.1603 lsst_hardware_r 1143.14632105772 40.82903495463491 31.489999771118164 AB 5.179975467331952 1.1793220309628383
61329.1392 lsst_hardware_u 4.587556965085929 3.4480000030696543 28.469999313354492 AB 9.201176109910037 1.1835578659976465
61329.1574 lsst_hardware_g 776.744288022366 33.5562375187863 31.459999084472656 AB 9.240054244736347 1.1778897427825588
61331.1057 lsst_hardware_g 1135.0374659679949 42.68352790074395 31.56999969482422 AB 10.558531653565625 1.2245561897665727
61331.1238 lsst_hardware_r 2515.187431058821 58.22064091945535 31.540000915527344 AB 10.357453093356176 1.1934382885260295
61333.1022 lsst_hardware_i 1823.4497943786682 61.54948948201082 31.270000457763672 AB 3.9141793954321877 1.2203209338838867
61333.121 lsst_hardware_z 1325.4523157696915 61.20080578319344 30.950000762939453 AB 3.85006111761319 1.190311058158352
61336.1085 lsst_hardware_i 2164.5616052022374 99.08737336203279 31.309999465942383 AB 6.363938550846513 1.1955548658362791
61336.1256 lsst_hardware_z 1458.9425777553645 86.46313826279487 30.979999542236328 AB 5.5783480974904585 1.1801656735580386
61341.1071 lsst_hardware_i 2239.23044080688 79.62271124113465 31.309999465942383 AB 4.436117350578602 1.1830697885798147
61341.1233 lsst_hardware_r 3491.066626927105 98.35534794441757 31.6299991607666 AB 4.455495165309882 1.1777676884243709
61344.1046 lsst_hardware_u 5.993263935301259 3.3219312515986847 28.5 AB 5.923062907026582 1.1797755018475948
61344.1212 lsst_hardware_g 1055.8728879747337 35.756709553613206 31.450000762939453 AB 5.873243505670527 1.1790110419893196
61357.0531 lsst_hardware_u 2.2436222477702357 3.0324736321391774 28.389999389648438 AB 5.163331873090653 1.1930753562684195
61357.0714 lsst_hardware_g 381.38686302943097 25.470422870389363 31.43000030517578 AB 5.088069108795473 1.1788853356801374
61359.0568 lsst_hardware_r 1636.9737271726435 48.64484811731118 31.510000228881836 AB 6.281316765462355 1.1839255047522552
61359.0748 lsst_hardware_i 1557.8314994108064 51.11511268794377 31.239999771118164 AB 6.210615084911573 1.1778143532925416
61361.0691 lsst_hardware_z 1928.8252607971574 78.38270696439704 31.690000534057617 AB 4.513895301977185 1.1777939470262966
61364.0606 lsst_hardware_z 860.882640543313 75.7005124349031 30.969999313354492 AB 7.695262137035855 1.1777711325097922
61364.0815 lsst_hardware_r 1226.2898555544616 94.97081056856965 31.6200008392334 AB 7.826604227448301 1.189589121472554
61368.0276 lsst_hardware_y 184.12291828684906 66.44361085199495 30.010000228881836 AB 9.176280951551114 1.188021873582485
61368.048 lsst_hardware_i 1318.4953250515068 90.65948011723691 31.309999465942383 AB 8.860060955854017 1.1777297561948066
61372.0269 lsst_hardware_y 335.15206811586603 63.0184761969632 30.010000228881836 AB 5.291549541675419 1.1803590322720097
61372.0459 lsst_hardware_i 897.449854854904 44.20172411553791 31.229999542236328 AB 4.499570397980855 1.179441781908481
61374.0293 lsst_hardware_z 730.19446409434 59.00417094090147 30.950000762939453 AB 6.578832372175078 1.1778939836489106
61374.0491 lsst_hardware_u -3.1421658185713386 3.2710402752450554 28.40999984741211 AB 5.8959220589380825 1.1847527497113333
61376.0306 lsst_hardware_y 308.35950076269273 57.62019752683113 30.0 AB 8.136544272380204 1.1781279413648897
61376.0494 lsst_hardware_r 500.86897538760047 33.539865049255624 31.489999771118164 AB 7.487874857813821 1.190314994353617
61597.3482 lsst_hardware_i -44.31021792610681 48.459999084472656 31.969999313354492 AB 12.32777304072189 1.31342137659513
61597.3714 lsst_hardware_y 148.70088697634745 70.16000366210938 30.739999771118164 AB 11.59440638092602 1.2371325630522925
61599.4372 lsst_hardware_r -4.4893327835394174 27.56999969482422 31.5 AB 7.621640702974424 1.189704048541756
61606.3826 lsst_hardware_z 186.17937470395466 93.86000061035156 31.719999313354492 AB 5.59677284052205 1.18191739557695
61609.341 lsst_hardware_r -74.82317197307044 94.08000183105469 31.610000610351562 AB 5.486648685439327 1.2313406438240495
61609.3632 lsst_hardware_z 20.548938524498368 71.02999877929688 30.969999313354492 AB 5.32454493059286 1.192062297893924
61610.3852 lsst_hardware_r 66.36393846297518 85.23999786376953 31.6299991607666 AB 6.27374448271831 1.1777809138251862
61610.4032 lsst_hardware_y 6.964129146005841 57.369998931884766 30.010000228881836 AB 6.335844491366143 1.1858215405888346
61616.3726 lsst_hardware_g 5.455864779584197 22.299999237060547 32.189998626708984 AB 5.633300191728584 1.1781860412148462
61616.3942 lsst_hardware_r 60.86283381126611 35.709999084472656 32.2400016784668 AB 5.577512845993282 1.1936892126256358
61618.365 lsst_hardware_i -62.2030053326254 32.75 31.239999771118164 AB 6.01306257290139 1.17787709557324
61618.3872 lsst_hardware_z -61.94997821913956 43.97999954223633 30.940000534057617 AB 7.504723869505773 1.1918250765473095
61621.3319 lsst_hardware_z 36.47057831538151 62.08000183105469 31.690000534057617 AB 2.1569956544941533 1.1903949528113429
61621.3513 lsst_hardware_r 33.37623056196963 25.020000457763672 31.489999771118164 AB 2.214007829961427 1.1780814987379002
61623.3223 lsst_hardware_u -0.3717672483725816 2.7100000381469727 28.34000015258789 AB 3.3240714833887357 1.1954224946255343
61623.3432 lsst_hardware_g -21.361580403350654 15.5 31.420000076293945 AB 3.080706164638051 1.1786913013536267
61625.3273 lsst_hardware_r -49.49514150964844 24.59000015258789 31.479999542236328 AB 3.058055752943857 1.1843748074918115
61625.3472 lsst_hardware_z -41.045646913903674 43.2599983215332 30.93000030517578 AB 3.0358226293882593 1.1780452578146137
61628.3193 lsst_hardware_r 5.7764996241554485 24.850000381469727 31.479999542236328 AB 6.668966902659853 1.1842256774677888
61628.3431 lsst_hardware_u -6.872945696500526 2.680000066757202 28.309999465942383 AB 6.367066806401146 1.1790864456298418
61630.3247 lsst_hardware_z -6.714920349635774 50.68000030517578 30.950000762939453 AB 4.257617140094435 1.1785247665883714
61630.344 lsst_hardware_r -29.881151272748664 44.0 31.579999923706055 AB 5.5160006012658975 1.1822957027684369
61643.2571 lsst_hardware_r 24.73039978141411 24.8700008392334 31.469999313354492 AB 2.6824247125547984 1.2123496874188384
61643.2704 lsst_hardware_i -84.59616816760156 32.869998931884766 31.229999542236328 AB 2.6417858012380657 1.1920519521266748
61648.2363 lsst_hardware_z -112.65727678012063 44.279998779296875 30.93000030517578 AB 5.100317684801754 1.2272179222333386
61648.2522 lsst_hardware_r 7.672165439729098 24.84000015258789 31.479999542236328 AB 5.771164369283874 1.1979583537693563
61654.2361 lsst_hardware_i 5.926190004451826 33.18000030517578 31.229999542236328 AB 0.48231893897179035 1.197564094281292
61654.2548 lsst_hardware_r 0.4675358090323667 25.079999923706055 31.489999771118164 AB 1.0202392664075326 1.1801495273655669
61656.2294 lsst_hardware_z -17.499691214704395 45.25 30.940000534057617 AB 2.884412532781694 1.199339930470559
61656.2472 lsst_hardware_g -19.289403429900954 20.0 31.510000228881836 AB 2.8395863438894464 1.1812742191871788
61673.1831 lsst_hardware_r -2.9632578621714374 25.190000534057617 31.489999771118164 AB 7.522737119765835 1.1991770007198557
61673.2027 lsst_hardware_g -29.163730216111876 15.779999732971191 31.440000534057617 AB 7.35037939469024 1.1802624374276809
61677.1782 lsst_hardware_r -16.68120793974735 25.270000457763672 31.489999771118164 AB 4.799467493283574 1.1913290153772944
61677.1967 lsst_hardware_i 26.209676445890025 32.959999084472656 31.239999771118164 AB 4.7723621503403475 1.1784580172047336
61679.1741 lsst_hardware_z 2.260265057378411 43.9900016784668 30.93000030517578 AB 5.683128032078488 1.189810118722675
61679.1923 lsst_hardware_i -26.64118341339979 32.900001525878906 31.229999542236328 AB 5.579462909879279 1.1782204434335646
61683.1413 lsst_hardware_g 3.152011092551143 16.760000228881836 31.440000534057617 AB 5.081595243796073 1.2259578392752892
61683.1585 lsst_hardware_r -0.46915718116635685 25.610000610351562 31.5 AB 4.987910666471062 1.1954249650020519
61685.1407 lsst_hardware_i -27.35183920395889 36.189998626708984 31.239999771118164 AB 4.637463532905189 1.2156929918486163
61685.1586 lsst_hardware_z 69.16349171264105 45.47999954223633 30.940000534057617 AB 4.415484964642536 1.1888758655475282
61691.1424 lsst_hardware_z 160.24588248697302 88.11000061035156 30.979999542236328 AB 6.954318253251674 1.1886876866180482
61691.1605 lsst_hardware_i -126.96598411125032 101.44999694824219 31.309999465942383 AB 6.866570370299865 1.1780519614495828
61693.1435 lsst_hardware_z -193.57672142153058 156.30999755859375 31.739999771118164 AB 7.288254450386842 1.1829981523691255
61695.1394 lsst_hardware_r 126.76543425113955 109.02999877929688 31.6299991607666 AB 7.565321209494711 1.1820814389835486
61695.157 lsst_hardware_i 101.12138231682948 87.56999969482422 31.309999465942383 AB 7.5406593631298495 1.178228025489039
61697.1476 lsst_hardware_z 21.61968592364529 74.52999877929688 31.709999084472656 AB 4.417565757441273 1.1778081472026145
61701.1062 lsst_hardware_r -2.5922760560904314 25.020000457763672 31.489999771118164 AB 6.408144651806036 1.1998398474282324
61701.1229 lsst_hardware_g -1.796514578181627 15.569999694824219 31.43000030517578 AB 6.306023038843465 1.1821576652209207
61704.1052 lsst_hardware_r -56.98173242614168 25.0 31.5 AB 2.72796425300311 1.1905142755950584
61704.1225 lsst_hardware_i -71.10565634141308 32.810001373291016 31.239999771118164 AB 2.7099567704006717 1.178583692548857
61706.1037 lsst_hardware_z 17.50489274577595 44.27000045776367 30.93000030517578 AB 4.416517347733385 1.1864916309841635
61706.1212 lsst_hardware_i 59.01567746873081 33.0 31.229999542236328 AB 4.382830422779135 1.1778635911794268
61708.112 lsst_hardware_u -0.7654541555812804 2.6500000953674316 28.290000915527344 AB 7.070834069873927 1.1784723449789878
61708.1298 lsst_hardware_g -15.20517859265389 15.369999885559082 31.399999618530273 AB 6.5403830134474354 1.1815342811755822
61712.0851 lsst_hardware_i 9.070200032615372 32.77000045776367 31.239999771118164 AB 4.784698996099715 1.18864665355243
61712.1036 lsst_hardware_z -141.90912411312135 43.41999816894531 30.940000534057617 AB 4.8230771935756405 1.1779884051718195
61721.054 lsst_hardware_z 74.81724639690734 92.30000305175781 30.969999313354492 AB 5.396343612301943 1.1964179833280508
61721.0714 lsst_hardware_r 137.16414318482688 132.97000122070312 31.6200008392334 AB 5.264490597807947 1.1803790578044724
61725.0563 lsst_hardware_i -36.111313728878706 35.59000015258789 31.25 AB 7.075944132985392 1.1828726400845264
61725.0733 lsst_hardware_z 36.37766140325131 53.130001068115234 30.959999084472656 AB 7.05764707696292 1.1779432657870181
61727.0587 lsst_hardware_r 34.85106281307742 24.469999313354492 31.479999542236328 AB 7.6408864737950495 1.1788762591676387
61727.079 lsst_hardware_u 0.012011199777789161 2.759999990463257 28.389999389648438 AB 7.675468304927297 1.1822053607898393
61730.025 lsst_hardware_y 19.252164972652754 55.150001525878906 30.0 AB 5.533476592091049 1.2029296939328369
61730.0452 lsst_hardware_g 11.53021489421983 15.470000267028809 31.43000030517578 AB 4.588165547711961 1.1812483710050732
61733.0273 lsst_hardware_z -0.3161101026140897 47.56999969482422 30.950000762939453 AB 9.177630722548228 1.1891203320222514
61733.0465 lsst_hardware_i 7.143130832048528 32.70000076293945 31.239999771118164 AB 8.920650099397339 1.1779545885906313
61735.0284 lsst_hardware_y -44.37825178015684 52.90999984741211 30.0 AB 5.637806660765978 1.1832945032564264
61735.0474 lsst_hardware_r -17.987300959765076 24.809999465942383 31.479999542236328 AB 5.134772105487501 1.178150387492352
61737.0274 lsst_hardware_y -57.745667137250365 55.40999984741211 30.020000457763672 AB 5.27432729774098 1.1805332209145498
61737.0476 lsst_hardware_r 23.336574740706578 24.790000915527344 31.489999771118164 AB 4.513686948603131 1.1799460479096253
61739.0276 lsst_hardware_y -24.898890611385305 61.880001068115234 30.020000457763672 AB 6.576690470843876 1.178407179868102
61739.0467 lsst_hardware_z -52.251619459662145 43.9900016784668 30.940000534057617 AB 5.8244594103144305 1.1825113004395083
61741.0288 lsst_hardware_y 48.82047382508404 58.40999984741211 30.010000228881836 AB 8.199494981313412 1.1778627151857997
61741.0457 lsst_hardware_u -2.7512280242688854 2.9700000286102295 28.3799991607666 AB 7.4369904089038075 1.1859967694402875
61743.03 lsst_hardware_y 69.68836667620756 60.0 30.020000457763672 AB 5.305076305795981 1.1794300368599335
61743.0491 lsst_hardware_r -14.95063162161932 28.030000686645508 31.510000228881836 AB 4.166720464320956 1.1958443884974275
