data/validation/pwv_sim_epoch_fit_seasonal/49178487.ecsv
# %ECSV 0.9
# ---
# datatype:
# - {name: time, datatype: float64}
# - {name: band, datatype: string}
# - {name: flux, datatype: float64}
# - {name: fluxerr, datatype: float64}
# - {name: zp, datatype: float64}
# - {name: zpsys, datatype: string}
# - {name: pwv, datatype: float64}
# - {name: airmass, datatype: float64}
# meta: {SNID: '49178487', alt: 1024.0, c: 0.12509088218212128, dec: -48.532253, lat: -30.244573, lon: -70.7499537, ra: 165.202698, t0: 60033.94140625,
#   x0: 5.078726593842595e-05, x1: -2.481468677520752, z: 0.22884626686573029}
# schema: astropy-2.0
time band flux fluxerr zp zpsys pwv airmass
59951.3457 lsst_hardware_z 74.9643109283103 73.70999908447266 30.989999771118164 AB 7.286704005994334 1.0564523496028901
59951.3588 lsst_hardware_y -40.18483431062922 78.27999877929688 30.06999969482422 AB 7.303770660001509 1.053935160173378
59953.3567 lsst_hardware_i 45.93269157417938 62.06999969482422 31.329999923706055 AB 7.747862341210232 1.0539875311128053
59955.3541 lsst_hardware_z -19.876351208080028 126.0 32.18000030517578 AB 6.826835309091043 1.054256089736861
59962.3314 lsst_hardware_z 45.831648866702814 72.04000091552734 30.989999771118164 AB 7.608513885782048 1.0539567648957013
59962.3447 lsst_hardware_r -11.155529509211668 61.15999984741211 31.639999389648438 AB 7.076956139263919 1.0567089773183562
59964.3303 lsst_hardware_u 4.673998498947721 21.18000030517578 29.469999313354492 AB 11.289736830431776 1.054368336811007
59964.3439 lsst_hardware_g -123.76397573543827 66.87000274658203 31.719999313354492 AB 10.421141859395862 1.0587363465809063
59968.3282 lsst_hardware_r 49.73328416677373 61.58000183105469 31.639999389648438 AB 8.317034695451442 1.056668110208551
59968.3407 lsst_hardware_u 36.54590618810404 21.309999465942383 29.459999084472656 AB 7.610924693314341 1.0633248302492908
59973.2803 lsst_hardware_u -64.5350993966401 21.399999618530273 29.469999313354492 AB 11.886008090085953 1.0587377955673014
59973.2918 lsst_hardware_g 53.46719802959804 67.4000015258789 31.719999313354492 AB 11.676503949310764 1.0547404317158928
59975.2858 lsst_hardware_r -29.108033754999926 61.810001373291016 31.649999618530273 AB 12.21389406602083 1.054854286172586
59975.2977 lsst_hardware_i -61.898987219570074 62.2400016784668 31.329999923706055 AB 11.306799081864067 1.0540750070491125
59979.2783 lsst_hardware_z 90.41485340400077 103.20999908447266 31.75 AB 8.42930839942857 1.054267557383322
59983.2773 lsst_hardware_r -21.021788590502883 61.72999954223633 31.639999389648438 AB 7.930953260858452 1.0542274705381431
59983.2901 lsst_hardware_z 25.87406717688417 72.7699966430664 30.989999771118164 AB 7.94862700235076 1.0578422946966675
59991.2532 lsst_hardware_z 11.052061558183071 72.05000305175781 30.989999771118164 AB 4.773323795203449 1.054024097277376
59991.2651 lsst_hardware_r -108.06790213377671 61.13999938964844 31.639999389648438 AB 4.794709364461768 1.0565688330678202
59995.253 lsst_hardware_r 8.847049140426135 61.540000915527344 31.639999389648438 AB 2.8644803309536786 1.0561594042722344
59995.2649 lsst_hardware_z -44.15807726239128 72.87000274658203 30.989999771118164 AB 2.8900970769578356 1.0619500558360593
59997.2472 lsst_hardware_r -82.64667236943608 61.900001525878906 31.649999618530273 AB 8.553991775455764 1.0560483673402177
59997.2591 lsst_hardware_u -16.571092866024248 21.450000762939453 29.479999542236328 AB 9.862283196733669 1.06173540237206
59999.25 lsst_hardware_g 45.2116120352614 67.9000015258789 31.719999313354492 AB 10.490150623468121 1.059611174087689
59999.2619 lsst_hardware_r -32.343430782566024 62.09000015258789 31.639999389648438 AB 10.566657476332212 1.067842499124053
60001.2466 lsst_hardware_i 47.55674564635847 62.0099983215332 31.31999969482422 AB 5.848751667337028 1.0607735325561385
60001.258 lsst_hardware_z -57.59900205623227 72.7699966430664 30.989999771118164 AB 6.942937547357795 1.0691997300962943
60005.2454 lsst_hardware_g -33.751995379465704 67.0199966430664 31.709999084472656 AB 3.4922415494247514 1.0677460913447059
60005.2582 lsst_hardware_i 52.622254499935096 61.79999923706055 31.31999969482422 AB 3.7380467028173743 1.080776803050513
60008.1874 lsst_hardware_z 37.745785050241146 72.75 30.989999771118164 AB 12.430620385161427 1.0575351262083283
60008.1995 lsst_hardware_r -27.43426547202961 61.43000030517578 31.639999389648438 AB 12.344419539668419 1.0542376058701108
60010.1868 lsst_hardware_i -138.81480115270176 61.70873230650133 31.31999969482422 AB 9.941177999681017 1.0557657199664776
60010.1978 lsst_hardware_r 38.241407272837876 61.61595144683997 31.639999389648438 AB 9.935657386559239 1.0539668205290749
60014.1907 lsst_hardware_r -440.9122681346629 65.33212320287218 31.639999389648438 AB 9.335784525822017 1.0540571893216777
60014.2033 lsst_hardware_i -391.39350817252904 65.21654794675001 31.31999969482422 AB 9.392393608486007 1.0569580653803354
60016.1866 lsst_hardware_z -63.74552564352577 73.08255827644453 30.989999771118164 AB 14.628308363756668 1.0541785294387453
60016.1981 lsst_hardware_r -199.02881952772086 63.47200520411403 31.639999389648438 AB 14.617841742364885 1.0570616825356511
60018.1793 lsst_hardware_u -65.75850404124226 22.130138537640022 29.450000762939453 AB 10.806425448948827 1.054028329573187
60018.1924 lsst_hardware_g 70.24523471962195 67.15979245003838 31.709999084472656 AB 10.885897673676864 1.056968784562848
60023.1961 lsst_hardware_u 58.147333897015194 22.152562023546505 29.469999313354492 AB 5.6490809503720225 1.0676269218751755
60023.2092 lsst_hardware_g 4627.2873504991585 95.72755071534361 31.709999084472656 AB 5.377247189098318 1.0809623457831576
60026.1405 lsst_hardware_u 219.9301303100614 26.3994270134516 29.489999771118164 AB 7.844930233314688 1.0566511336570765
60026.1519 lsst_hardware_g 9109.973796789856 116.71792813977709 31.729999542236328 AB 7.824173445396024 1.0540919856380488
60028.1409 lsst_hardware_r 12998.611127835777 130.2350941843428 31.639999389648438 AB 8.929422886400182 1.0549262078563433
60028.1555 lsst_hardware_i 11335.680406993948 122.48129963753918 31.329999923706055 AB 9.022988450998836 1.054395378439829
60030.1281 lsst_hardware_z 7647.199650243853 111.66524507398334 30.989999771118164 AB 7.294860755188381 1.0572261964041132
60030.1386 lsst_hardware_r 15856.920194401579 139.4522713279044 31.649999618530273 AB 7.275063477450037 1.0543570257173966
60032.1298 lsst_hardware_z 7691.262820509429 113.09246809442187 31.0 AB 6.948019075635571 1.054967973828646
60032.1418 lsst_hardware_g 13746.0148891979 134.96407358226614 31.729999542236328 AB 6.9137442446561534 1.0540851112450302
60037.1295 lsst_hardware_r 17191.626996745403 145.12618960547783 31.639999389648438 AB 6.568814583619102 1.054215147427222
60037.1414 lsst_hardware_z 7051.275327025907 110.65925894798245 30.989999771118164 AB 6.573428015227669 1.0573311911255567
60039.1205 lsst_hardware_r 16518.394391657333 142.1812823729689 31.639999389648438 AB 7.456197419119885 1.0539788087150417
60039.1323 lsst_hardware_y 2507.4914298476588 88.85019222307803 30.059999465942383 AB 7.435987797981682 1.0559982671689963
60041.1161 lsst_hardware_z 5844.408552154002 103.08576471140876 30.989999771118164 AB 10.853393962082647 1.0540175092257669
60041.1291 lsst_hardware_r 15277.516913384601 137.94900227591785 31.639999389648438 AB 10.708080435647775 1.0567879895698178
60043.1191 lsst_hardware_i 10898.494802692703 120.12474803696554 31.31999969482422 AB 7.550929589870511 1.0553360712607283
60043.1316 lsst_hardware_z 4880.7075159743645 99.61335540672492 30.989999771118164 AB 7.259848641501324 1.0606060834917932
60045.1156 lsst_hardware_r 12318.15466181453 127.47019787638146 31.639999389648438 AB 4.071024534827293 1.0559005407410953
60045.1263 lsst_hardware_z 4031.2234616701026 96.08122793780133 30.989999771118164 AB 3.130835974788015 1.0607010642985935
60050.1093 lsst_hardware_g 2604.238316264155 84.73078141340896 31.729999542236328 AB 16.900179503877002 1.0588863747964956
60050.1206 lsst_hardware_i 7514.745960556415 106.26763038735916 31.329999923706055 AB 17.056503995244512 1.0661869853048056
60052.1083 lsst_hardware_z 3925.3435639336144 95.08298237170456 31.0 AB 11.993511440782127 1.0613726938745245
60052.1196 lsst_hardware_r 8004.26519512532 108.51091822629438 31.639999389648438 AB 12.09092588406032 1.069993441067285
60054.1061 lsst_hardware_u 34.39880750018163 21.959701945244905 29.479999542236328 AB 7.237053272082923 1.0635166090890675
60054.1192 lsst_hardware_g 1516.2829486680725 77.35570400453913 31.719999313354492 AB 7.364545234249909 1.0749591642460985
60054.9801 lsst_hardware_z 4049.0494846605607 94.27273967327712 30.979999542236328 AB 8.512896429205892 1.1793437676110679
60054.9838 lsst_hardware_u 19.37657577077644 20.857321767487075 29.350000381469727 AB 8.429276434419792 1.1691090755089866
60057.0549 lsst_hardware_r 5455.41380813925 96.59361112267275 31.639999389648438 AB 5.4112735074357445 1.057026990643784
60057.0668 lsst_hardware_i 6685.740753495321 102.2097023418037 31.329999923706055 AB 5.357159218040803 1.0541438839120039
60059.0439 lsst_hardware_z 3953.1789252099916 94.92110940665889 30.989999771118164 AB 14.430652610393404 1.0595970783753141
60059.0555 lsst_hardware_r 4711.654353133532 92.41468428838627 31.639999389648438 AB 14.432609852198276 1.0551117501378617
60061.0451 lsst_hardware_z 4164.730273042549 97.5447109611742 30.989999771118164 AB 4.33207306832862 1.0566031873972246
60061.0565 lsst_hardware_g 798.9760711539434 72.88058196780254 31.719999313354492 AB 4.321780793337829 1.0540928764238608
60065.0428 lsst_hardware_r 3155.590063562 82.48793200990715 31.639999389648438 AB 10.481293738888159 1.0544030721682498
60065.0564 lsst_hardware_y 1668.5587523194752 84.16990003678269 30.059999465942383 AB 10.482018880752998 1.054741284036325
60067.0314 lsst_hardware_z 5777.920299000879 126.21495233963992 31.739999771118164 AB 14.471776838951193 1.0557175984061273
60069.0871 lsst_hardware_z 2660.474584296489 87.51893034748834 30.989999771118164 AB 10.065738965120088 1.0853523908836347
60069.0979 lsst_hardware_r 2001.5680167077358 77.51231298187483 31.6299991607666 AB 10.20201375898749 1.1010555555262247
60073.0261 lsst_hardware_u -28.70804821805935 21.830979995001062 29.479999542236328 AB 9.589070881784629 1.0539853499557124
60073.037 lsst_hardware_g 541.4045815140055 71.30065544811195 31.719999313354492 AB 9.579293736244757 1.0552982229999366
60083.0152 lsst_hardware_r 1755.7978561371824 73.81005804275422 31.639999389648438 AB 8.629144790438463 1.0571045927280023
60083.0278 lsst_hardware_u -28.816482864738298 21.676437169944705 29.450000762939453 AB 8.617177818328807 1.0641556602719477
60086.9984 lsst_hardware_u -10.543723000822618 21.47405379818026 29.469999313354492 AB 1.9695431665230543 1.055206625514804
60087.0101 lsst_hardware_g 451.97354575553004 70.85217132443726 31.719999313354492 AB 1.4300972229223508 1.0598546612563577
60093.994 lsst_hardware_r 1193.7536438577401 71.5746173388516 31.649999618530273 AB 10.081686974599467 1.061621331501058
60094.0059 lsst_hardware_i 1592.8982277049613 72.86959852384337 31.329999923706055 AB 10.338001105838327 1.0709162841313518
60095.9914 lsst_hardware_z 146.44365117358547 72.0199966430664 30.989999771118164 AB 7.2794115540574955 1.06351585965583
60096.0038 lsst_hardware_r -48.22580327413866 61.04999923706055 31.639999389648438 AB 7.304738084860959 1.074226188950141
60100.9924 lsst_hardware_u 14.040954711906721 21.270000457763672 29.459999084472656 AB 4.62945709587966 1.0766179292743396
60101.0058 lsst_hardware_g -67.99259338105547 66.86000061035156 31.709999084472656 AB 4.816907813022535 1.0937781474117814
60314.3469 lsst_hardware_z -7.125500397295828 43.18000030517578 30.950000762939453 AB 11.927970113726637 1.058570297632821
60314.3584 lsst_hardware_y -24.56172113804915 58.959999084472656 30.059999465942383 AB 11.78348267081659 1.0546862985738714
60316.347 lsst_hardware_u 2.624368669242057 3.4200000762939453 28.6200008392334 AB 7.221392912755963 1.056273951158844
60316.3585 lsst_hardware_y 51.74258954401902 56.099998474121094 30.059999465942383 AB 7.293217625345541 1.0540093395975925
60318.3474 lsst_hardware_r -23.401115644444644 22.549999237060547 31.5 AB 7.721311564829788 1.0547039132379905
60318.3611 lsst_hardware_y -54.34644014131428 56.290000915527344 30.049999237060547 AB 7.702988507969272 1.0544094870945542
60324.3422 lsst_hardware_z 16.49746527143951 41.130001068115234 30.950000762939453 AB 5.684828192345587 1.0541124035500808
60324.355 lsst_hardware_y -96.21739882707372 48.290000915527344 30.040000915527344 AB 5.708721642313593 1.0573012055155437
60326.3458 lsst_hardware_u -1.0514092948618696 2.700000047683716 28.440000534057617 AB 2.4286653165545395 1.0559414419802347
60326.36 lsst_hardware_y -33.1093281016709 50.20000076293945 30.049999237060547 AB 2.4449252462565854 1.063010976633298
60330.3315 lsst_hardware_i -2.3412350297286886 29.829999923706055 31.239999771118164 AB 12.656539430593803 1.0550193331883269
60330.3441 lsst_hardware_r -6.476671522234317 21.84000015258789 31.479999542236328 AB 11.90316716313224 1.0599436476520274
60332.3289 lsst_hardware_z 42.37844307980778 40.77000045776367 30.950000762939453 AB 9.531266841834501 1.0557840905920128
60332.3422 lsst_hardware_g 12.51824937079558 13.15999984741211 31.389999389648438 AB 9.910742324975844 1.0620738707577393
60334.3387 lsst_hardware_r -119.33805758697314 74.37999725341797 31.639999389648438 AB 10.315748305070631 1.0633878503637937
60334.3515 lsst_hardware_i 84.74935190561916 58.25 31.309999465942383 AB 10.38911163280583 1.0744578091327384
60336.3336 lsst_hardware_r -10.46601863398155 79.05999755859375 31.639999389648438 AB 11.696330202648129 1.0636411769788687
60336.3454 lsst_hardware_z -47.598974052517455 58.099998474121094 30.969999313354492 AB 11.777093531558002 1.0738011912188556
60338.3349 lsst_hardware_z -133.99142828617545 54.619998931884766 30.969999313354492 AB 12.349271789859342 1.069008198220466
60338.3469 lsst_hardware_i -31.892005166113094 56.619998931884766 31.309999465942383 AB 12.466834847756655 1.0815646195277606
60340.2828 lsst_hardware_z -6.201971768306105 50.09000015258789 30.969999313354492 AB 12.111117707490969 1.0558568236397372
60340.2942 lsst_hardware_r 37.9825853177184 54.9900016784668 31.6299991607666 AB 11.358195175347568 1.0539781167677418
60346.278 lsst_hardware_u -1.5696052831528653 2.640000104904175 28.420000076293945 AB 4.1389731172213144 1.0539783848284479
60346.289 lsst_hardware_g -4.317297973222784 13.40999984741211 31.399999618530273 AB 4.007046903090919 1.0553191738453829
60350.2752 lsst_hardware_i -31.778107789678167 29.84000015258789 31.239999771118164 AB 3.639159924210513 1.0546761119288783
60350.287 lsst_hardware_z 51.10044682103647 40.88999938964844 30.940000534057617 AB 3.561324354199145 1.0586576558261673
60352.2747 lsst_hardware_u -0.17725902765948295 2.6500000953674316 28.440000534057617 AB 5.797529853770723 1.0559201992115044
60352.2856 lsst_hardware_g -15.841800885257022 13.020000457763672 31.389999389648438 AB 5.759096201114215 1.060851245887951
60354.2685 lsst_hardware_r 5.565468471729163 21.700000762939453 31.469999313354492 AB 3.6050274021140316 1.0556964426123379
60354.2796 lsst_hardware_z -4.175757159439004 41.060001373291016 30.940000534057617 AB 3.6135128561798218 1.0605364608349037
60356.2672 lsst_hardware_r -6.5038740072649865 21.790000915527344 31.489999771118164 AB 4.76454396506045 1.0571431029643776
60356.278 lsst_hardware_u 0.16991234806704228 2.630000114440918 28.43000030517578 AB 4.796269163136571 1.0629636530424935
60362.2513 lsst_hardware_r -36.61927405280213 67.02999877929688 31.639999389648438 AB 9.869589616052282 1.0573427435687528
60362.2631 lsst_hardware_i -80.1353896474957 55.060001373291016 31.31999969482422 AB 10.131157860829555 1.0640016657473212
60365.2562 lsst_hardware_z 0.15060307219222005 91.02999877929688 31.729999542236328 AB 9.415056471937607 1.0649512457653998
60367.2538 lsst_hardware_r 54.8507235983423 82.08000183105469 31.649999618530273 AB 6.338785596984746 1.0673752127836909
60367.2656 lsst_hardware_z -80.98108862290425 60.380001068115234 30.979999542236328 AB 6.470468663548388 1.0790708761268089
60369.2486 lsst_hardware_r 24.405104857431493 63.0099983215332 31.639999389648438 AB 3.742450779738588 1.0675940036338862
60369.2606 lsst_hardware_y 139.62046859936004 50.91999816894531 30.049999237060547 AB 4.184821658157748 1.0796057163902608
60372.2443 lsst_hardware_g -3.2459650702916423 30.719999313354492 31.639999389648438 AB 5.964213043386722 1.071062771551894
