data/validation/pwv_sim_epoch_fit_seasonal/4929047.ecsv
# %ECSV 0.9
# ---
# datatype:
# - {name: time, datatype: float64}
# - {name: band, datatype: string}
# - {name: flux, datatype: float64}
# - {name: fluxerr, datatype: float64}
# - {name: zp, datatype: float64}
# - {name: zpsys, datatype: string}
# - {name: pwv, datatype: float64}
# - {name: airmass, datatype: float64}
# meta: {SNID: '4929047', alt: 1024.0, c: -0.07207248359918594, dec: 5.079716, lat: -30.244573, lon: -70.7499537, ra: 153.105469, t0: 60395.51953125,
#   x0: 7.642147160126179e-06, x1: 0.8568017482757568, z: 0.5144339203834534}
# schema: astropy-2.0
time band flux fluxerr zp zpsys pwv airmass
60305.3182 lsst_hardware_z 48.088666751135 99.12999725341797 31.709999084472656 AB 7.565928224177034 1.2638668451768529
60307.3322 lsst_hardware_z 34.86567319370556 76.18000030517578 30.969999313354492 AB 8.628937754554034 1.2337041063557215
60307.3542 lsst_hardware_y -17.79789532309823 67.30999755859375 30.010000228881836 AB 8.38326788258381 1.224013415474348
60311.328 lsst_hardware_i 23.65932055936503 61.7599983215332 31.290000915527344 AB 6.371075292613818 1.2280801797694254
60311.3489 lsst_hardware_y 12.804763437104691 57.029998779296875 29.989999771118164 AB 5.447870538861078 1.2255257660905245
60313.3334 lsst_hardware_g 24.637470937365475 32.9900016784668 31.600000381469727 AB 3.3490470258943024 1.2239550574305353
60313.3532 lsst_hardware_y -23.771526385067354 55.16999816894531 30.0 AB 3.3967253546822187 1.2320367626703732
60317.3342 lsst_hardware_u -1.751828921760343 2.8299999237060547 28.3799991607666 AB 10.669539911147403 1.2262899292560803
60317.3555 lsst_hardware_z 67.65930256904629 49.869998931884766 30.940000534057617 AB 10.955357662586296 1.2489482419820972
60321.2939 lsst_hardware_i 7.090248756648642 32.84000015258789 31.229999542236328 AB 8.379782550374102 1.2337724603024296
60321.3172 lsst_hardware_z -51.54202466966029 44.02000045776367 30.940000534057617 AB 8.429801068746098 1.224194172051423
60323.2623 lsst_hardware_i -24.552319351581385 33.47999954223633 31.219999313354492 AB 9.145992345899417 1.279487842463021
60323.2813 lsst_hardware_u 4.013327421388923 2.690000057220459 28.309999465942383 AB 8.77516108860066 1.2424127266884695
60327.3209 lsst_hardware_i -48.10389331192331 32.95000076293945 31.219999313354492 AB 8.961562760608484 1.2384263618045928
60327.3398 lsst_hardware_r -9.514108271093578 24.84000015258789 31.459999084472656 AB 8.495867608186217 1.2719316727578724
60329.3129 lsst_hardware_u -0.14236168215067127 2.5999999046325684 28.239999771118164 AB 13.365718036931048 1.2354502044582092
60329.3329 lsst_hardware_g -16.189607690132195 15.0600004196167 31.3700008392334 AB 13.729441772001403 1.2686407625091858
60337.2849 lsst_hardware_r 183.66992193205598 135.25 31.610000610351562 AB 14.484389625755558 1.2296616590666196
60337.3039 lsst_hardware_z -39.710818629820544 97.1500015258789 30.969999313354492 AB 14.673320007880648 1.2541299152034742
60339.21 lsst_hardware_i 33.612554704172275 73.93000030517578 31.280000686645508 AB 15.908087618390121 1.3036566557902745
60339.2274 lsst_hardware_r -129.44747249595474 86.37999725341797 31.600000381469727 AB 15.422451424360021 1.2596954524511985
60360.2354 lsst_hardware_i -13.103537429558962 50.65999984741211 31.280000686645508 AB 4.107474922609287 1.2446893704876627
60360.2525 lsst_hardware_z -42.32625218436643 53.150001525878906 30.950000762939453 AB 3.454981167946937 1.2786754877671862
60371.1573 lsst_hardware_i 132.8359664665327 41.36640597898807 31.25 AB 6.153766505035477 1.2338378957464615
60371.1755 lsst_hardware_z -0.39237600345969315 48.26341460456507 30.940000534057617 AB 6.706584768547736 1.2238851715037613
60373.2035 lsst_hardware_r 264.0937586776129 33.44530751566206 31.5 AB 14.69903880645889 1.250414462070444
60373.2213 lsst_hardware_u -3.1546738727546355 4.768557950493007 28.549999237060547 AB 14.022520861515572 1.2900203184467038
60385.1272 lsst_hardware_g 993.4228461921645 34.71270543351655 31.389999389648438 AB 9.956209558830295 1.227267742228696
60385.1472 lsst_hardware_r 2208.4512050396943 52.52081824250824 31.469999313354492 AB 9.951148698762719 1.2256367072272867
60392.1584 lsst_hardware_z 1282.6527446207056 111.14573007727205 30.969999313354492 AB 6.821441075245798 1.2632298287492219
60392.1777 lsst_hardware_r 3069.7610679041377 161.4573293926597 31.600000381469727 AB 7.797248806339051 1.3153808454032565
60397.1428 lsst_hardware_r 2973.9858362775253 90.28735471185739 31.600000381469727 AB 8.319172924537519 1.2592723534795986
60397.1605 lsst_hardware_i 1866.320884319794 75.28040431512713 31.280000686645508 AB 8.505546992007908 1.3039317786306979
60399.0627 lsst_hardware_i 1886.9422433665275 59.669622256764335 31.25 AB 6.044540159250954 1.2614473124121504
60399.0795 lsst_hardware_z 1645.2359604290248 61.68214474398229 30.93000030517578 AB 5.900847659480344 1.2352622272305513
60401.0615 lsst_hardware_r 2424.6374354412146 54.79587611074682 31.469999313354492 AB 10.918796093920047 1.2532933485775557
60401.0799 lsst_hardware_u 3.0728917472322834 2.9503606020262945 28.290000915527344 AB 10.75988205727312 1.2297593665153335
60403.0611 lsst_hardware_g 644.0965526361108 29.134554374912046 31.3700008392334 AB 6.003220845932425 1.2449649203509798
60403.0796 lsst_hardware_i 1736.2709107504575 53.11347509819596 31.219999313354492 AB 6.016752571158588 1.2264069651769944
60423.0073 lsst_hardware_z 1544.340258854343 110.35829290002893 31.719999313354492 AB 10.996979931274433 1.243767758485327
60423.0258 lsst_hardware_r 1537.464325242542 152.8558698624978 32.369998931884766 AB 10.797665746984698 1.2260090169352267
60429.0051 lsst_hardware_r 449.1781510995726 32.78694038343658 31.479999542236328 AB 13.268192836401976 1.2285363737409236
60429.0228 lsst_hardware_i 696.674604172266 41.90689562967252 31.239999771118164 AB 13.222102577157852 1.2242687571442454
60436.0428 lsst_hardware_u 0.8298627326351157 2.699892176761097 28.280000686645508 AB 8.0979175761572 1.2733575872563574
60436.0612 lsst_hardware_r 268.72481240378966 31.06751004888015 31.469999313354492 AB 8.386249160262265 1.3280939362201702
60444.962 lsst_hardware_y 165.1870511887153 56.79555544266416 29.989999771118164 AB 8.754162679192136 1.2281373006724043
60444.9797 lsst_hardware_r 179.9173934660037 46.35784830318483 31.56999969482422 AB 9.00917857915425 1.224405895508868
60446.9714 lsst_hardware_y 432.3169591457567 84.77414110545514 30.75 AB 9.125573986526476 1.2239235496950576
60676.3302 lsst_hardware_i 20.277166025639417 33.029998779296875 31.229999542236328 AB 8.721411124518163 1.2270637927045362
60676.3508 lsst_hardware_y 56.927793517346586 52.0099983215332 29.989999771118164 AB 8.756726093967588 1.225978064703984
60692.2707 lsst_hardware_i 99.80940994750998 98.12999725341797 31.299999237060547 AB 2.7011458155516905 1.2428585040882012
60692.2892 lsst_hardware_r 124.27000853914419 116.02999877929688 31.6200008392334 AB 2.728152212969787 1.2256767710833756
60695.2376 lsst_hardware_z 80.19694100437226 53.18000030517578 30.940000534057617 AB 12.93948863493209 1.296541947387985
60695.2553 lsst_hardware_r -101.43272805518826 53.02000045776367 31.579999923706055 AB 14.9709323603598 1.2545912100584315
60699.1374 lsst_hardware_i -46.463231372802426 36.70000076293945 31.110000610351562 AB 28.427708792477976 2.0084102954909904
60699.1627 lsst_hardware_u 2.4845320195591465 2.3399999141693115 27.950000762939453 AB 23.72096530011239 1.6743816827918676
60707.2143 lsst_hardware_r 5.053578338345825 25.059999465942383 31.479999542236328 AB 15.925220115800451 1.2716861845922836
60707.231 lsst_hardware_i 27.55265024633094 33.09000015258789 31.229999542236328 AB 15.562439748112858 1.2411063798588045
60709.2098 lsst_hardware_z -103.44502036861837 44.52000045776367 30.940000534057617 AB 11.476528944166175 1.2694807283101113
60709.2276 lsst_hardware_r -23.279143683380024 24.90999984741211 31.489999771118164 AB 11.192901912510568 1.2384268546703439
60711.215 lsst_hardware_u -4.94799627940835 2.7799999713897705 28.3700008392334 AB 6.623150294347585 1.2487085773656834
60711.2333 lsst_hardware_g -25.147443569164963 15.609999656677246 31.420000076293945 AB 6.531860568113886 1.2278702740987197
60713.2126 lsst_hardware_r 12.63762519871876 25.1200008392334 31.489999771118164 AB 7.294541892079394 1.243953255811629
60713.2294 lsst_hardware_z 18.13025367501905 44.20000076293945 30.940000534057617 AB 7.226528933924963 1.2269149293590769
60714.2108 lsst_hardware_r -10.97231593554055 44.61000061035156 31.56999969482422 AB 8.920394109154511 1.2426110547316052
60714.2285 lsst_hardware_y -4.978045799206855 50.86000061035156 29.989999771118164 AB 8.758435221606982 1.2259561723933607
60718.194 lsst_hardware_i 133.76872026463286 128.91000366210938 31.309999465942383 AB 7.472595911276333 1.2519008060439492
60718.2107 lsst_hardware_z -134.15498169695996 108.93000030517578 30.979999542236328 AB 7.22524767022779 1.2304577095074518
60722.1924 lsst_hardware_z 73.85232364195666 65.47000122070312 30.959999084472656 AB 5.174876013408038 1.2380579800011329
60722.2077 lsst_hardware_i -13.329901480464738 70.26000213623047 31.299999237060547 AB 5.127634375653879 1.225485212265416
60729.1558 lsst_hardware_g -15.71859365850733 15.75 31.399999618530273 AB 9.741935689717456 1.2681096930869806
60729.173 lsst_hardware_r 26.662750769516453 25.420000076293945 31.479999542236328 AB 13.555643592460026 1.2384107064187855
60733.156 lsst_hardware_r 37.304377558912606 25.3799991607666 31.479999542236328 AB 9.680951282032815 1.2469828404756638
60733.1749 lsst_hardware_u -0.262650141818488 2.7699999809265137 28.360000610351562 AB 8.17785750668409 1.2268473175087709
60736.157 lsst_hardware_g -4.870189107799262 15.460000038146973 31.389999389648438 AB 4.212727752994036 1.2348005138233618
60736.176 lsst_hardware_i 61.33994030200485 32.95000076293945 31.229999542236328 AB 4.758411741046992 1.2238188712024498
60740.2005 lsst_hardware_y 32.57523592269615 49.81999969482422 29.979999542236328 AB 9.77656177804848 1.2534053561600615
60740.2192 lsst_hardware_g -35.05233514611258 15.5600004196167 31.3799991607666 AB 10.253430924619002 1.2975741489014345
60742.119 lsst_hardware_z 41.88304165361926 49.90999984741211 30.940000534057617 AB 13.113917891183103 1.2710671827457027
60742.138 lsst_hardware_r 28.438247273644127 43.27000045776367 31.56999969482422 AB 14.217974802593085 1.2377987030508006
60744.12 lsst_hardware_i 1.162205921835753 66.81999969482422 31.290000915527344 AB 14.079680657796589 1.2574137286672296
60744.1389 lsst_hardware_z 157.403791137305 63.02000045776367 30.959999084472656 AB 12.918807087556555 1.2311442586616794
60751.1173 lsst_hardware_z -85.24980296955297 60.5 30.959999084472656 AB 9.480597650130914 1.233489155624631
60751.1367 lsst_hardware_i -2.0618783198240176 63.95000076293945 31.299999237060547 AB 10.07037680715362 1.2237419917553767
60753.1127 lsst_hardware_z -9.186381320139686 51.22999954223633 30.950000762939453 AB 10.056803521967234 1.2326402355712671
60753.1322 lsst_hardware_r -1.3506209390464294 51.47999954223633 31.59000015258789 AB 8.79028752059041 1.2237627064722565
60755.1576 lsst_hardware_u 2.5635887893269227 6.739999771118164 28.959999084472656 AB 6.495948081710659 1.2500220811502232
60755.1763 lsst_hardware_g -2.3111468070312173 35.88999938964844 31.579999923706055 AB 6.847317083847847 1.2919466195939335
60761.1379 lsst_hardware_u 0.7753501037278514 2.8399999141693115 28.440000534057617 AB 8.58873789146237 1.2447446219510683
60761.1556 lsst_hardware_r -1.96877584215245 25.0 31.479999542236328 AB 8.83436021657443 1.2803420603731057
60768.0602 lsst_hardware_u 2.8975371962307226 2.700000047683716 28.290000915527344 AB 7.584210492347302 1.2473517523699358
60768.0792 lsst_hardware_g -8.718749865219666 15.020000457763672 31.389999389648438 AB 7.6320616069109 1.2269209238663934
60770.0588 lsst_hardware_r 21.97095398396721 36.220001220703125 31.540000915527344 AB 9.69490619338422 1.241345223224612
60770.0785 lsst_hardware_i -15.015504766115889 38.790000915527344 31.25 AB 9.566972838062464 1.224781552656982
60777.0463 lsst_hardware_i 87.12771837827822 93.41000366210938 31.309999465942383 AB 7.758694963190725 1.2334968144977305
60777.0636 lsst_hardware_z -70.33602960993 80.61000061035156 30.979999542236328 AB 7.610891206490282 1.2238619025512012
60791.0051 lsst_hardware_u -2.828620186621638 2.700000047683716 28.31999969482422 AB 14.34611942705728 1.236734433367007
60791.0231 lsst_hardware_r -54.490748058818504 25.1200008392334 31.479999542236328 AB 14.201270769656844 1.2242474801428314
60793.0058 lsst_hardware_i 26.397175048909507 33.0099983215332 31.229999542236328 AB 1.8458261479462825 1.2305507652975216
60793.0236 lsst_hardware_z 25.637307532156814 44.11000061035156 30.93000030517578 AB 1.8357062591264546 1.2238041727509696
60808.9639 lsst_hardware_y 51.636340942064486 57.65999984741211 30.0 AB 8.841569739808506 1.229133884125407
60808.9871 lsst_hardware_z -43.08383081372224 57.279998779296875 30.959999084472656 AB 8.884232182882997 1.2256931040997816
60810.9627 lsst_hardware_y -97.61197765618026 52.849998474121094 30.0 AB 8.954134778493447 1.2264258017386944
60810.9839 lsst_hardware_r 1.6901169752079463 25.860000610351562 31.5 AB 8.666371143835303 1.2268362321398731
60812.9711 lsst_hardware_z -27.917039295863255 66.3499984741211 31.690000534057617 AB 9.062522639759742 1.2240862618706847
60815.96 lsst_hardware_y -82.50119801434778 55.02000045776367 30.0 AB 8.807008420416675 1.2237621705071804
60815.9799 lsst_hardware_g 7.2661183871056325 16.540000915527344 31.43000030517578 AB 8.827717211539637 1.2347177170986148
