data/validation/pwv_sim_epoch_fit_seasonal/49303195.ecsv
# %ECSV 0.9
# ---
# datatype:
# - {name: time, datatype: float64}
# - {name: band, datatype: string}
# - {name: flux, datatype: float64}
# - {name: fluxerr, datatype: float64}
# - {name: zp, datatype: float64}
# - {name: zpsys, datatype: string}
# - {name: pwv, datatype: float64}
# - {name: airmass, datatype: float64}
# meta: {SNID: '49303195', alt: 1024.0, c: -0.051806073635816574, dec: -52.801853, lat: -30.244573, lon: -70.7499537, ra: 317.475006,
#   t0: 62014.8671875, x0: 5.157172163035997e-06, x1: -1.6421138048171997, z: 0.6056416630744934}
# schema: astropy-2.0
time band flux fluxerr zp zpsys pwv airmass
61903.4218 lsst_hardware_y -13.96719201329748 83.77999877929688 30.799999237060547 AB 6.996130809727298 1.085470821105046
61908.4196 lsst_hardware_r 5.560050253782713 30.739999771118164 31.559999465942383 AB 8.915612395067525 1.0822873230029673
61908.4311 lsst_hardware_z 34.39155893435682 54.52000045776367 30.969999313354492 AB 8.882789167843118 1.082310051216094
61918.3504 lsst_hardware_g -16.161921526373643 13.710000038146973 31.40999984741211 AB 10.080931803498121 1.109929182878988
61918.3657 lsst_hardware_i -10.919898333247824 43.439998626708984 32.0 AB 9.930477046246434 1.0946695255828938
61918.3859 lsst_hardware_y -52.145061422617204 47.59000015258789 30.030000686645508 AB 10.090038613900784 1.0836686299968863
61926.3962 lsst_hardware_z 29.11099405199541 41.43000030517578 30.940000534057617 AB 4.9993268164308935 1.086810177484977
61926.4097 lsst_hardware_r 33.82938812170283 22.450000762939453 31.479999542236328 AB 5.040352091693429 1.0957287155855282
61947.2927 lsst_hardware_g -9.766777234985055 19.260000228881836 32.13999938964844 AB 6.014965082446563 1.0902271846865654
61947.3043 lsst_hardware_r -41.062723341949585 31.8799991607666 32.22999954223633 AB 5.996499478959937 1.0844560048756555
61958.2497 lsst_hardware_y 26.148096597745234 60.72999954223633 30.040000915527344 AB 1.9812508882581514 1.1006949379211952
61958.2614 lsst_hardware_r -46.183346697357905 116.83000183105469 31.649999618530273 AB 1.715879742127467 1.0910638462022892
61960.278 lsst_hardware_z 200.72921633250246 108.41000366210938 31.739999771118164 AB 2.2727003614072085 1.0822382673367659
61965.2433 lsst_hardware_z -5.082714678843963 45.7599983215332 30.950000762939453 AB 7.175269024892601 1.0903973697044413
61965.2546 lsst_hardware_i -2.451423122141875 39.56999969482422 31.280000686645508 AB 6.768012777769348 1.0846608882999076
61976.219 lsst_hardware_g -31.686262797172215 13.960000038146973 31.399999618530273 AB 5.926564370076651 1.0870939368232795
61976.231 lsst_hardware_r -28.716762921690425 22.8799991607666 31.489999771118164 AB 5.886671902634201 1.0828054635582085
61979.2209 lsst_hardware_r 6.883055525500133 22.81999969482422 31.479999542236328 AB 2.747399074462692 1.0832524689849299
61979.2325 lsst_hardware_g 1.400808810612185 13.920000076293945 31.399999618530273 AB 2.808648935356139 1.081914073711918
61981.2165 lsst_hardware_r -15.057255528290243 27.90999984741211 31.530000686645508 AB 4.873474592138331 1.082994353808518
61981.2275 lsst_hardware_i 4.580902281056041 33.279998779296875 31.25 AB 4.868680999942471 1.081929111098327
61990.1971 lsst_hardware_r -197.11935427046137 92.9718338170475 31.649999618530273 AB 3.556327982329618 1.0821293655185593
61990.2086 lsst_hardware_z 98.51732038003303 65.13240120582272 30.979999542236328 AB 3.3558556461174365 1.0825340793927214
61992.1965 lsst_hardware_r 4.5811370374820415 60.27611874815399 31.6299991607666 AB 4.514804386204683 1.0819085516905542
61992.2091 lsst_hardware_i 91.08785649465015 51.87303068865093 31.299999237060547 AB 5.028196890269575 1.084013558320486
61994.1937 lsst_hardware_z 142.49154992065218 47.160393328110494 30.950000762939453 AB 2.9435765504509863 1.0820315088194772
61994.2047 lsst_hardware_i 62.591756882459705 41.59073811039498 31.280000686645508 AB 2.931590725728749 1.0843686797591496
61995.1486 lsst_hardware_r 128.8088280978199 25.554734576602424 31.479999542236328 AB 3.724511584210801 1.1007866363856367
61995.1604 lsst_hardware_u 35.48332452252273 6.270527951779003 28.3700008392334 AB 3.5972358383998633 1.0910633419471834
61997.2352 lsst_hardware_r 287.91654092013187 28.464161154394816 31.489999771118164 AB 4.8218831642756825 1.116736750131397
61997.2468 lsst_hardware_i 283.5237386219931 35.299816978394325 31.239999771118164 AB 4.911532702233755 1.13425950553876
62011.1275 lsst_hardware_y 375.1818111621165 52.21541633726884 30.030000686645508 AB 5.64334461154465 1.085258579143202
62011.1379 lsst_hardware_r 1859.3321884089364 61.19391126161158 31.610000610351562 AB 5.628349243767775 1.082374854570726
62013.124 lsst_hardware_i 1490.4021675771469 70.94533745173534 31.31999969482422 AB 3.6170307175264105 1.0845127332545659
62013.1339 lsst_hardware_z 1079.3866275674286 65.76836313661015 30.969999313354492 AB 4.965052156144681 1.0821822485058155
62020.1132 lsst_hardware_i 1528.8600874906317 69.6802124027994 31.31999969482422 AB 1.7101888978529236 1.0823980366157744
62020.1246 lsst_hardware_z 1231.888196481797 65.09166017333624 30.969999313354492 AB 1.7072234614456852 1.082233573024206
62030.0625 lsst_hardware_r 718.9292662856772 35.210221768308756 31.489999771118164 AB 0.21854365323901007 1.0927182661950503
62030.0741 lsst_hardware_u -0.23746353685185204 2.9160735183279436 28.479999542236328 AB 0.27672620497741685 1.0859105492869727
62031.1442 lsst_hardware_i 796.9243113386682 42.39383448227311 31.25 AB 2.5172341668122633 1.119268193335822
62031.1549 lsst_hardware_z 878.1788063740471 50.7853367601847 30.950000762939453 AB 2.589560897638254 1.1358553538876763
62035.1414 lsst_hardware_g 50.65296826042656 14.981945971394714 31.399999618530273 AB 3.8159915159159765 1.1315582235591857
62035.1531 lsst_hardware_r 487.77785871442205 31.380544050638232 31.479999542236328 AB 3.8913445358789556 1.1526779005837295
62037.1419 lsst_hardware_i 564.3035972180388 39.25530873392947 31.229999542236328 AB 4.002012408111512 1.1418009723570985
62037.1541 lsst_hardware_z 635.4494770047522 49.50159531924827 30.940000534057617 AB 4.091111503635339 1.1661679425061195
62039.0486 lsst_hardware_i 563.8661119908908 42.290763698422545 31.260000228881836 AB 3.159329078510318 1.0863333889830589
62039.0614 lsst_hardware_z 557.8908759190317 50.22715085150536 30.940000534057617 AB 3.2276952461100734 1.082392772001924
62043.0494 lsst_hardware_z 501.6345113135556 61.69986011757795 30.969999313354492 AB 4.010566081957288 1.0825713735713391
62043.0616 lsst_hardware_i 406.6021761702705 62.86069271220906 31.309999465942383 AB 4.012684387766411 1.0822181115025753
62044.0539 lsst_hardware_z 494.3562767208569 63.22628178428822 30.979999542236328 AB 6.2268397074177635 1.0819251200192643
62044.0665 lsst_hardware_r 237.62646915618743 77.96297991831736 31.639999389648438 AB 6.216732032500326 1.083841121458684
62048.0548 lsst_hardware_r 230.1076253814878 80.92665224868678 31.639999389648438 AB 3.0807098283915146 1.083612320925533
62048.0664 lsst_hardware_i 295.6540081928161 65.7517805436973 31.31999969482422 AB 3.108307628167062 1.0885971146977014
62050.0533 lsst_hardware_z 486.04516534643886 52.5105239042163 30.959999084472656 AB 4.474029169458335 1.0849419022633124
62050.0636 lsst_hardware_r 165.4494540189864 50.85177842179684 31.6200008392334 AB 4.422174861906227 1.0902126007781145
62052.0465 lsst_hardware_u 2.546096920396721 2.9399766710715336 28.479999542236328 AB 3.6198946542059107 1.0844501660285253
62052.0592 lsst_hardware_r 129.51927804195827 25.276108247071377 31.489999771118164 AB 3.8138097341412585 1.0909066745247566
62054.0794 lsst_hardware_g 35.70311167141407 14.480358753475233 31.389999389648438 AB 3.3942909003631887 1.1165430593299963
62054.0915 lsst_hardware_i 210.17850972454306 34.37433446766832 31.239999771118164 AB 4.766382083745952 1.1348528770823694
62055.079 lsst_hardware_z 318.95395637668855 45.876817372257285 30.940000534057617 AB 6.034967137122347 1.1197465117195395
62055.0902 lsst_hardware_r 140.8124899187589 25.107614457400075 31.479999542236328 AB 6.585812671899959 1.137298738833457
62057.0755 lsst_hardware_u 11.209364288703416 3.921290793118895 28.350000381469727 AB 8.082436649227214 1.1225606457260018
62057.0868 lsst_hardware_g 52.92678656269632 15.10146855427816 31.3799991607666 AB 8.233049912458045 1.1409305480754395
62059.0741 lsst_hardware_r 129.81329353435737 25.08702977974768 31.479999542236328 AB 9.333136105067368 1.1287353186811053
62059.0857 lsst_hardware_i 148.179159280154 33.7700827580266 31.239999771118164 AB 8.911951857484162 1.1490396928164823
62268.3831 lsst_hardware_r 26.72262547533368 22.809999465942383 31.489999771118164 AB 11.860516124232563 1.1217474404022165
62268.3935 lsst_hardware_y 3.5420064247079455 47.88999938964844 30.030000686645508 AB 11.67646890308734 1.1081923696756362
62270.4172 lsst_hardware_z 46.07769583525254 41.9900016784668 30.950000762939453 AB 8.462087713078166 1.085370065167461
62270.4292 lsst_hardware_y -75.35173127257565 60.220001220703125 30.049999237060547 AB 8.41433180042425 1.0821595782167386
62272.4137 lsst_hardware_u 0.048805756748684426 2.8399999141693115 28.459999084472656 AB 4.814918264069691 1.0846039039051716
62272.4268 lsst_hardware_y 79.5855943700448 51.900001525878906 30.040000915527344 AB 4.036399762194798 1.081902996344403
62277.4104 lsst_hardware_r 22.195800106156252 22.549999237060547 31.489999771118164 AB 7.67981891370234 1.0821218703258193
62277.4242 lsst_hardware_y -44.23713812491618 49.599998474121094 30.040000915527344 AB 6.8185062936819385 1.0828755363179006
62280.4242 lsst_hardware_g 4.805275633920233 15.25 31.450000762939453 AB 6.649723351288665 1.0855214285874664
62283.4092 lsst_hardware_i -56.15741611849617 67.2699966430664 31.31999969482422 AB 5.3353266258447585 1.0832050808739397
62283.4218 lsst_hardware_y 5.665387564647166 54.189998626708984 30.040000915527344 AB 4.630825745752095 1.0883896223637337
62285.4001 lsst_hardware_z -10.947636397459345 94.33000183105469 31.739999771118164 AB 8.806672954749411 1.0824327623831627
62291.4018 lsst_hardware_z 5.026811683260367 61.77000045776367 31.700000762939453 AB 12.688295660805847 1.0894747803632798
62302.376 lsst_hardware_r 32.235644626275246 22.540000915527344 31.489999771118164 AB 12.946596019612437 1.092293943946153
62302.3895 lsst_hardware_g 4.532367742194591 13.640000343322754 31.399999618530273 AB 13.037289452763636 1.1043558944626979
62306.372 lsst_hardware_z 57.722303238109866 42.099998474121094 30.940000534057617 AB 2.803273775720194 1.0978879017180918
62306.3857 lsst_hardware_i 18.186227408832387 31.010000228881836 31.239999771118164 AB 3.2422626387046236 1.1126501848677501
62308.3419 lsst_hardware_r 14.223213698001237 22.579999923706055 31.479999542236328 AB 3.667507243869937 1.0834585653973228
62308.3546 lsst_hardware_u 1.4474337214071253 2.630000114440918 28.3799991607666 AB 3.6593043516687054 1.0889976494811024
62310.323 lsst_hardware_y 56.135027486282354 49.79999923706055 30.040000915527344 AB 2.8378315853848908 1.0819030062466224
62310.336 lsst_hardware_r 44.64243198743503 49.04999923706055 31.6200008392334 AB 3.751057262301618 1.083337837487832
62312.301 lsst_hardware_r 60.12637965972813 100.33999633789062 31.649999618530273 AB 4.356993560666653 1.0860355350421775
62312.313 lsst_hardware_i 24.39077575375691 78.41000366210938 31.329999923706055 AB 4.336791789247506 1.0823714454975992
62314.3108 lsst_hardware_z 49.06063015874656 76.5 30.989999771118164 AB 7.276885599195723 1.0819843281831423
62314.3224 lsst_hardware_r 98.22605470654193 113.5 31.649999618530273 AB 7.321791805576706 1.0827048880705423
62315.3039 lsst_hardware_z 94.31288979231537 69.23999786376953 30.989999771118164 AB 5.875590484545384 1.0825260365802463
62315.3177 lsst_hardware_r 74.4917089109956 97.62000274658203 31.649999618530273 AB 5.853988773289477 1.0823515905192937
62323.3392 lsst_hardware_i -20.787121214907668 31.670000076293945 31.25 AB 6.313475601318174 1.1125393875858043
62323.3509 lsst_hardware_z 55.825089079760026 42.91999816894531 30.940000534057617 AB 6.41191742624524 1.129173465533872
62325.3382 lsst_hardware_r -11.626756916739708 23.059999465942383 31.489999771118164 AB 1.6850976605442378 1.1184276508039663
62325.35 lsst_hardware_u 2.1860768304736022 2.7300000190734863 28.43000030517578 AB 1.8187510846179624 1.1367194278862265
62327.2313 lsst_hardware_r 30.36771382411588 22.8799991607666 31.479999542236328 AB 10.69135113407773 1.1095217034119687
62327.2439 lsst_hardware_u 4.676736417870571 2.6700000762939453 28.399999618530273 AB 10.645929175844316 1.0966140477795725
62328.2337 lsst_hardware_g 5.7542316953725114 13.869999885559082 31.389999389648438 AB 9.1612158872797 1.1037609502746626
62328.2446 lsst_hardware_r -10.823510720105261 22.81999969482422 31.479999542236328 AB 9.078675849437236 1.0938163674020764
62334.3204 lsst_hardware_i 24.336958657222965 31.299999237060547 31.229999542236328 AB 1.9582097662569933 1.1284343639590817
62334.3325 lsst_hardware_z -18.762443598522278 42.970001220703125 30.940000534057617 AB 2.063244866394767 1.149653528823236
62343.2124 lsst_hardware_r 95.05518865297323 116.19999694824219 31.649999618530273 AB 10.967285989433044 1.088033398698704
62343.2245 lsst_hardware_z 11.789746980215197 77.6500015258789 30.989999771118164 AB 11.003594823797517 1.0831731352996636
62347.2168 lsst_hardware_z 6.766346059265789 49.09000015258789 30.959999084472656 AB 4.871190725136334 1.0824868278080744
62347.2294 lsst_hardware_r 45.52767168849195 51.9900016784668 31.6200008392334 AB 4.870010260920609 1.082224502426802
62348.2154 lsst_hardware_i 47.42465575869493 40.63999938964844 31.290000915527344 AB 3.4632862828434776 1.0822769633885867
62348.2268 lsst_hardware_z -27.689633598947385 46.099998474121094 30.959999084472656 AB 3.4631755074097224 1.0822423460655382
62351.2091 lsst_hardware_r -4.7179896089935305 22.90999984741211 31.5 AB 2.3953053368919752 1.0820533068326947
62351.2218 lsst_hardware_u -3.1088236297367517 2.690000057220459 28.43000030517578 AB 2.414825729195939 1.0828005661143139
62352.2099 lsst_hardware_g 15.942009433394821 13.90999984741211 31.399999618530273 AB 1.674640346885212 1.0818672496701234
62352.2231 lsst_hardware_i 1.7727064966829083 30.770000457763672 31.239999771118164 AB 1.6054680008859015 1.0838602537626338
62354.2139 lsst_hardware_z -14.998303671223448 41.709999084472656 30.940000534057617 AB 2.4039593183177157 1.082864557800773
62354.2259 lsst_hardware_r 9.103611530697547 22.81999969482422 31.489999771118164 AB 2.4303422983922247 1.0872798561201487
62356.1919 lsst_hardware_r 14.764865791191752 22.90999984741211 31.5 AB 3.5669958685443377 1.0825480632911495
62356.204 lsst_hardware_u -1.3821100775024004 2.740000009536743 28.459999084472656 AB 3.551627643790356 1.08212598008085
62360.0078 lsst_hardware_g -8.968369636522395 13.930000305175781 31.219999313354492 AB 3.798478772689616 1.6125997761369633
62362.2393 lsst_hardware_r 13.347358503861557 22.889999389648438 31.479999542236328 AB 2.795159038474493 1.1214278990870585
62362.2505 lsst_hardware_u 1.9082463841239838 2.609999895095825 28.34000015258789 AB 4.177244414413942 1.1393779514255553
62364.2279 lsst_hardware_g 27.534707902195276 13.930000305175781 31.40999984741211 AB 4.951671920946992 1.1133607466997169
62364.2387 lsst_hardware_i -4.295253081880354 31.15999984741211 31.239999771118164 AB 5.034601195822162 1.128771076917698
62367.2316 lsst_hardware_y -2.682206874089001 72.69999694824219 30.770000457763672 AB 2.7047535921888075 1.1305135181562413
62371.2349 lsst_hardware_z -79.00238281657973 77.05000305175781 30.979999542236328 AB 2.404502972862164 1.1564743757252893
62371.2461 lsst_hardware_r -81.85694491876123 114.86000061035156 31.6299991607666 AB 2.476873695945269 1.1814327192679555
62376.0272 lsst_hardware_i -17.89105464282946 32.290000915527344 31.219999313354492 AB 4.453232480110573 1.2705370841970252
62376.0343 lsst_hardware_z 35.88894617358837 43.9900016784668 30.93000030517578 AB 4.399025818875665 1.2461241165787258
62378.0875 lsst_hardware_g 0.8223983745466453 13.569999694824219 31.3799991607666 AB 3.4572783188198013 1.1152510705870327
62378.096 lsst_hardware_r 23.315709455245262 22.540000915527344 31.469999313354492 AB 3.4637715017770225 1.1050475360590277
62382.1177 lsst_hardware_u -0.3913728485792896 2.559999942779541 28.329999923706055 AB 0.5974230444706045 1.0832693462748948
62382.1298 lsst_hardware_g -10.987375335206778 13.479999542236328 31.389999389648438 AB 1.5146616153142354 1.0819011537958825
62385.1189 lsst_hardware_r 7.492997269527136 31.770000457763672 32.2400016784668 AB 1.435679889553588 1.08189893711641
62385.1305 lsst_hardware_i 14.48826933528577 43.279998779296875 32.0 AB 0.6729193689287604 1.0831700103481052
62387.118 lsst_hardware_z 23.962189097619923 41.5 30.940000534057617 AB 2.5039484273559958 1.082008683049044
62387.1295 lsst_hardware_r 31.943153853688557 22.3799991607666 31.479999542236328 AB 2.8946230837146385 1.0845346885405165
62389.1165 lsst_hardware_u -1.3314363287930804 2.6500000953674316 28.40999984741211 AB 3.8081976884526463 1.0825150363953986
62389.1281 lsst_hardware_g -20.384100238388683 13.520000457763672 31.399999618530273 AB 3.9626478685886384 1.0862025314784518
62390.114 lsst_hardware_r -29.887034179315872 22.420000076293945 31.479999542236328 AB 2.8695869973364636 1.0825566339098232
62390.125 lsst_hardware_z -31.72822081624737 41.650001525878906 30.940000534057617 AB 2.932293062013834 1.086034467412531
62393.1112 lsst_hardware_r 38.15186163656759 27.65999984741211 31.540000915527344 AB 1.3627223459869415 1.0838913072077483
62393.1233 lsst_hardware_y 49.91907642418502 47.880001068115234 30.030000686645508 AB 1.3212782104294953 1.0894893510037795
62396.0487 lsst_hardware_r -12.287562092906754 57.84000015258789 31.6200008392334 AB 0.367972868764904 1.103091287826445
62396.0547 lsst_hardware_i 88.63375587653401 51.369998931884766 31.299999237060547 AB 0.2463528918912927 1.0973402756815047
62399.1443 lsst_hardware_z 64.82133672875729 63.58000183105469 30.969999313354492 AB 8.01601085701733 1.1306478870225534
62399.1546 lsst_hardware_r 73.97201827005047 86.55000305175781 31.6200008392334 AB 8.165188833255117 1.1488534712096967
62401.1469 lsst_hardware_z 85.36177562455329 91.6500015258789 31.719999313354492 AB 3.8856177178093585 1.144624229519646
62406.051 lsst_hardware_z -2.661279450095951 41.56999969482422 30.940000534057617 AB 3.034079280375099 1.0835997429911068
62406.0625 lsst_hardware_u 2.030312069557671 2.6700000762939453 28.43000030517578 AB 3.029287331560767 1.081888332700274
62408.997 lsst_hardware_i -20.752455195943657 32.43000030517578 31.25 AB 9.58296849425111 1.1234429653275249
62408.9997 lsst_hardware_z -14.412386987367556 43.060001373291016 30.950000762939453 AB 10.972148572276819 1.1195498772794061
62411.0571 lsst_hardware_i -58.84582797746047 30.6299991607666 31.25 AB 5.264099990454728 1.0826469207578235
62411.0683 lsst_hardware_u -1.6750557721482042 2.680000066757202 28.43000030517578 AB 5.31028802179541 1.0863372417112611
62414.0485 lsst_hardware_i 5.308300891133828 30.639999389648438 31.239999771118164 AB 3.058264943846453 1.0825716615385674
62414.0604 lsst_hardware_r 0.21343520702637708 22.59000015258789 31.479999542236328 AB 3.079434865953238 1.0864759023708943
62416.0544 lsst_hardware_u -3.428482044393146 2.619999885559082 28.3799991607666 AB 4.491539003101224 1.086224668222787
62416.0654 lsst_hardware_g -16.684433724487665 13.600000381469727 31.389999389648438 AB 4.838402635959397 1.092806919470659
62418.0522 lsst_hardware_r -30.863784900153053 22.610000610351562 31.489999771118164 AB 3.220069906763309 1.0878614549876044
62418.0647 lsst_hardware_i 19.5938237659184 30.770000457763672 31.239999771118164 AB 3.2459487536045453 1.0966043086501842
62420.0785 lsst_hardware_i -4.3788176326455615 31.170000076293945 31.229999542236328 AB 3.4539712264909546 1.118031255877521
62420.09 lsst_hardware_z -6.932817599870392 42.66999816894531 30.940000534057617 AB 4.769957404446573 1.1357041439158506
62423.0808 lsst_hardware_g -35.90413546999917 30.31999969482422 31.610000610351562 AB 8.164817087805421 1.1340023733063085
62423.088 lsst_hardware_r 1.3104431091731386 35.349998474121094 31.559999465942383 AB 8.264923345849313 1.1468308663196742
62425.0771 lsst_hardware_i -1.5439650114729357 49.2599983215332 31.290000915527344 AB 9.381364414356616 1.136997262678053
62425.0882 lsst_hardware_r 9.010119265872937 54.470001220703125 31.610000610351562 AB 8.978656478538717 1.1580382388485635
62427.0818 lsst_hardware_z -32.53544109762425 78.8499984741211 31.709999084472656 AB 6.765561098119686 1.1561109190221757
