data/validation/pwv_sim_epoch_fit_seasonal/4945818.ecsv
# %ECSV 0.9
# ---
# datatype:
# - {name: time, datatype: float64}
# - {name: band, datatype: string}
# - {name: flux, datatype: float64}
# - {name: fluxerr, datatype: float64}
# - {name: zp, datatype: float64}
# - {name: zpsys, datatype: string}
# - {name: pwv, datatype: float64}
# - {name: airmass, datatype: float64}
# meta: {SNID: '4945818', alt: 1024.0, c: -0.02679385617375374, dec: -37.732746, lat: -30.244573, lon: -70.7499537, ra: 191.601562, t0: 60814.41796875,
#   x0: 4.078498914419028e-05, x1: 1.1180179119110107, z: 0.25180742144584656}
# schema: astropy-2.0
time band flux fluxerr zp zpsys pwv airmass
[from data line 133]
61132.0939 lsst_hardware_r -97.38826692842987 135.00999450683594 31.6299991607666 AB 10.337302150521493 1.1860144734421454
61132.2077 lsst_hardware_z -8.814319391636689 84.5199966430664 31.0 AB 8.279263402179106 1.0096662685584277
61132.2193 lsst_hardware_r 59.9536834735096 127.55999755859375 31.670000076293945 AB 8.64968642320133 1.013852947688136
61138.0725 lsst_hardware_g -32.01027408705521 14.180000305175781 31.3700008392334 AB 9.043357934142975 1.2055667349106265
61138.0915 lsst_hardware_i 9.634210846221231 37.290000915527344 31.270000457763672 AB 8.456611956304448 1.1384265590717229
61138.2019 lsst_hardware_z 21.454125577216654 46.25 30.959999084472656 AB 8.46811010998999 1.0133358727550845
61138.2138 lsst_hardware_i -20.30144959099841 42.0 31.299999237060547 AB 9.45522195021751 1.0212293293005663
61140.071 lsst_hardware_z 4.9438049200578975 43.349998474121094 30.940000534057617 AB 6.742055415981008 1.190019489185631
61140.0892 lsst_hardware_r 45.99948539216633 23.389999389648438 31.489999771118164 AB 5.700876610666132 1.1289609764339823
61140.1897 lsst_hardware_z 8.730776527396555 41.77000045776367 30.950000762939453 AB 4.9571872171844475 1.0106395957562584
61140.2012 lsst_hardware_r 4.815776845020349 27.940000534057617 31.549999237060547 AB 5.019256405719817 1.0160095285017003
61147.0643 lsst_hardware_u -2.173201778591065 2.75 28.43000030517578 AB 16.758627909948487 1.146640447697248
61147.0829 lsst_hardware_g 15.19592473937709 14.350000381469727 31.43000030517578 AB 16.004480496896186 1.0949848111266876
61149.1412 lsst_hardware_u 4.72510008074255 2.6600000858306885 28.420000076293945 AB 9.623279450450806 1.0112204539957763
61149.1538 lsst_hardware_g -18.573441819710084 14.0 31.43000030517578 AB 9.542612083314435 1.008946086203683
61151.0839 lsst_hardware_r -65.52103652954632 23.260000228881836 31.5 AB 7.484247597684672 1.0691782282406674
61151.1021 lsst_hardware_g 4.830869998831799 14.369999885559082 31.450000762939453 AB 7.2757066245520825 1.0393866606502975
61151.1422 lsst_hardware_r 26.763610647155893 22.809999465942383 31.510000228881836 AB 7.289646205615872 1.0095064680260175
61151.1543 lsst_hardware_i -79.1665858468724 30.360000610351562 31.260000228881836 AB 7.356987165340774 1.0093966063443471
61153.1385 lsst_hardware_z -13.344808941865683 40.72999954223633 30.950000762939453 AB 5.443335051222177 1.0092398352131597
61153.1505 lsst_hardware_r -28.816566316729986 22.829999923706055 31.510000228881836 AB 5.491994344278429 1.0096969884227474
61155.1351 lsst_hardware_z -26.817214137364346 61.959999084472656 31.709999084472656 AB 14.121126862807897 1.009036313558151
61159.1279 lsst_hardware_r -12.927535478594331 97.79000091552734 31.670000076293945 AB 8.316396061958425 1.0089652486452443
61159.1399 lsst_hardware_y -69.87684403113742 56.27000045776367 30.06999969482422 AB 8.289687271964349 1.0113383074955744
61161.0525 lsst_hardware_i -128.22488232013112 107.75 31.34000015258789 AB 10.875790279504596 1.077450988657083
61161.0978 lsst_hardware_z -17.093443387044662 124.54000091552734 31.760000228881836 AB 9.970296922097424 1.0165819517483694
61161.1359 lsst_hardware_r -108.35107757691836 133.1999969482422 31.670000076293945 AB 9.433184803554079 1.011900003063003
61166.1091 lsst_hardware_z -82.90363589739735 48.68000030517578 30.969999313354492 AB 3.565894151594873 1.0089773595646894
61166.1216 lsst_hardware_r 125.49125915837264 52.849998474121094 31.649999618530273 AB 3.5753193050743657 1.011644226854336
61167.9748 lsst_hardware_y -46.27340909744399 50.18000030517578 29.969999313354492 AB 12.54073784743928 1.2769091771961185
61167.9958 lsst_hardware_g 17.447446261270116 13.930000305175781 31.360000610351562 AB 11.621619049037289 1.1852848365908895
61168.1167 lsst_hardware_u -4.393698032566494 3.549999952316284 28.6299991607666 AB 10.42424122892354 1.0118657764437322
61168.1286 lsst_hardware_g 34.219833263680236 23.510000228881836 31.600000381469727 AB 10.075948998405524 1.018647222201438
61169.9717 lsst_hardware_y -66.19706686610095 49.869998931884766 29.969999313354492 AB 9.805811793063093 1.265211620110502
61169.991 lsst_hardware_z 10.75527474398007 43.0099983215332 30.93000030517578 AB 9.199569227139865 1.1828186551844853
61170.0996 lsst_hardware_r 38.83842380622648 22.450000762939453 31.5 AB 7.551579387687217 1.0090635560631618
61170.1113 lsst_hardware_z -48.8134086805088 40.66999816894531 30.950000762939453 AB 7.6053696628565675 1.011890588458893
61177.1093 lsst_hardware_i -5.279410877696364 30.1299991607666 31.25 AB 8.741354137716877 1.0229489058502348
61177.1214 lsst_hardware_z -6.8432732923999815 40.939998626708984 30.940000534057617 AB 8.892407852693939 1.0359282214228538
61182.048 lsst_hardware_i 9.595453991023065 31.190000534057617 31.25 AB 5.1344161818811545 1.01245574205199
61182.0606 lsst_hardware_z 3.0574501600054753 40.97999954223633 30.950000762939453 AB 5.026588858364768 1.009101903812197
61185.041 lsst_hardware_z -13.86033513395699 48.630001068115234 30.969999313354492 AB 4.778764229803289 1.0119497910220843
61185.0536 lsst_hardware_r -22.643723583180478 50.0 31.639999389648438 AB 4.941300565421353 1.0090121292083005
61189.0709 lsst_hardware_z 95.40152377235445 75.61000061035156 31.0 AB 9.841421421343114 1.0183853495116402
61189.0839 lsst_hardware_r 18.79255445719577 110.2699966430664 31.65999984741211 AB 9.775732487358646 1.0303259366946522
61193.9881 lsst_hardware_r 20.79497379682906 40.459999084472656 31.610000610351562 AB 9.470776566518804 1.0350009908222289
61193.9992 lsst_hardware_i 103.04611120723425 43.40999984741211 31.299999237060547 AB 9.360372474978025 1.0231778985219193
61196.022 lsst_hardware_i 5.4861654727564675 29.84000015258789 31.25 AB 10.199028447777984 1.0091386986587716
61196.0341 lsst_hardware_z -64.12065612361296 40.439998626708984 30.950000762939453 AB 10.273587078585212 1.009920743028889
61198.0256 lsst_hardware_i 29.778477042654433 29.739999771118164 31.239999771118164 AB 4.570060324082664 1.009344668783096
61198.0372 lsst_hardware_u 3.6846211372344384 2.5899999141693115 28.389999389648438 AB 4.826740204257827 1.012921591603774
61222.9965 lsst_hardware_z -17.54114955014622 68.98999786376953 31.719999313354492 AB 9.642482090169263 1.036826031200996
