data/validation/pwv_sim_epoch_fit_seasonal/495838.ecsv
# %ECSV 0.9
# ---
# datatype:
# - {name: time, datatype: float64}
# - {name: band, datatype: string}
# - {name: flux, datatype: float64}
# - {name: fluxerr, datatype: float64}
# - {name: zp, datatype: float64}
# - {name: zpsys, datatype: string}
# - {name: pwv, datatype: float64}
# - {name: airmass, datatype: float64}
# meta: {SNID: '495838', alt: 1024.0, c: 0.04585902765393257, dec: -57.209084, lat: -30.244573, lon: -70.7499537, ra: 61.779659, t0: 60624.16796875,
#   x0: 5.056304491182496e-06, x1: -0.7629899382591248, z: 0.6108714938163757}
# schema: astropy-2.0
time band flux fluxerr zp zpsys pwv airmass
60558.4125 lsst_hardware_r 17.568638276345286 29.389999389648438 31.540000915527344 AB 0.7849201566315808 1.121314509473687
60569.3641 lsst_hardware_i 3.1509515542838744 53.470001220703125 31.299999237060547 AB 1.4132106143941825 1.124272565150503
60569.3762 lsst_hardware_y -82.9726485370029 50.779998779296875 30.030000686645508 AB 0.7850050076654874 1.1214357252364107
60570.3552 lsst_hardware_r -4.6336051028073735 78.73999786376953 31.6299991607666 AB 1.6809010336230865 1.1270499191751153
60581.3753 lsst_hardware_z 15.789326512988703 41.970001220703125 30.940000534057617 AB 8.150309490346219 1.1304174050410845
60581.3872 lsst_hardware_u 5.362320095249071 4.389999866485596 28.719999313354492 AB 8.008903901673483 1.140003402212016
60587.3811 lsst_hardware_i -27.70055156915783 33.11000061035156 31.25 AB 9.113452626811497 1.1511366117042405
60589.3711 lsst_hardware_g -4.201634610884897 13.09000015258789 31.3700008392334 AB 4.125203763666421 1.1458899343517834
60589.3833 lsst_hardware_r 8.0311388662507 26.739999771118164 31.510000228881836 AB 4.523022034657021 1.1612131622319646
60591.3359 lsst_hardware_i -42.51333288502335 30.260000228881836 31.239999771118164 AB 3.2101249684831843 1.1241901483043895
60591.3485 lsst_hardware_r 22.64658583255632 21.700000762939453 31.459999084472656 AB 3.2509229232989765 1.1307557994082582
60593.3605 lsst_hardware_u -1.2365101342382379 2.666492169385992 28.40999984741211 AB 5.0237054446358185 1.1462450389905465
60593.3723 lsst_hardware_g -6.754986259921296 14.259820616748032 31.40999984741211 AB 5.0386041985212024 1.161102476903063
60595.3477 lsst_hardware_r -18.617820191440327 22.08295683843227 31.479999542236328 AB 6.243156976283105 1.1388119617456185
60595.3595 lsst_hardware_i -14.126348197518004 30.749407059481744 31.239999771118164 AB 6.279152265797102 1.151433789571552
60597.3499 lsst_hardware_i 38.307537875000975 30.50888652807848 31.229999542236328 AB 6.7387726220502735 1.146602266747062
60597.3614 lsst_hardware_z -36.11976260409422 42.66890307609729 30.93000030517578 AB 6.787208575445665 1.1611328539197647
60598.3432 lsst_hardware_i 1.8896506345365056 47.200286244168794 31.290000915527344 AB 8.354993999161898 1.142381021716697
60598.3553 lsst_hardware_z 117.16920312590831 50.07762190755132 30.950000762939453 AB 8.47330360680426 1.1565150113360152
60600.3377 lsst_hardware_z 60.43781001379298 60.753689746808355 30.969999313354492 AB 7.35811099245865 1.1423420908144615
60600.3485 lsst_hardware_r 40.35954786932498 81.82574359475532 31.6299991607666 AB 7.462662403299116 1.1547640082475379
60602.3389 lsst_hardware_i 209.21314984624723 57.171075065535014 31.309999465942383 AB 0.820082730292508 1.1496486873259457
60602.3492 lsst_hardware_r 243.3741941371079 68.80783115419352 31.6200008392334 AB 0.8220073157999874 1.1632178997169633
60604.3388 lsst_hardware_z 440.5012605660388 71.39757137663318 31.700000762939453 AB 3.6444662885266994 1.1563615933982123
60606.3468 lsst_hardware_r 373.1798424784618 40.8575140548622 31.559999465942383 AB 4.200312445487889 1.1766130385604991
60606.359 lsst_hardware_i 450.6175555289774 42.70543467873194 31.25 AB 4.274044136297774 1.1993950150968917
60612.33 lsst_hardware_r 1047.8570912973046 39.15900396277825 31.479999542236328 AB 5.290422153828189 1.1759106810021236
60612.3399 lsst_hardware_z 759.7254496210005 50.523559982307994 30.940000534057617 AB 5.782252939497196 1.1939403137512279
60616.3327 lsst_hardware_u -2.4430422590495398 2.8566787991438933 28.299999237060547 AB 5.767051455823915 1.201469053296649
60616.3453 lsst_hardware_g 354.32151766732704 22.18666903243897 31.31999969482422 AB 5.995941274670736 1.2301679853656042
60619.2779 lsst_hardware_r 1584.4948465680038 44.819848701085114 31.469999313354492 AB 3.477249807702439 1.135119632547042
60619.29 lsst_hardware_i 1319.5671548058235 48.275979864967795 31.239999771118164 AB 3.4449913610414438 1.1468013851667673
60621.1784 lsst_hardware_r 1565.403106628118 45.36353992212132 31.459999084472656 AB 6.027474110979593 1.1641856352388598
60621.1905 lsst_hardware_i 1407.385406010429 48.91917243397607 31.239999771118164 AB 5.964291495529043 1.1483225238877202
60623.2796 lsst_hardware_z 1177.9282227740473 53.45228310608164 30.940000534057617 AB 10.822760591135806 1.1473904681829636
60623.2909 lsst_hardware_i 1575.1333131626175 48.62043514769518 31.229999542236328 AB 11.067505059134534 1.1618411399670092
60627.3078 lsst_hardware_i 1358.5831024194076 58.896264596459545 31.270000457763672 AB 7.185513329869221 1.212557269036164
60627.3202 lsst_hardware_r 1550.1055767446026 56.81140388504069 31.549999237060547 AB 7.342546429867696 1.242831753415767
60628.3132 lsst_hardware_z 2394.084894015951 91.64837899808468 31.700000762939453 AB 6.471215695967551 1.2318303989785946
60630.2639 lsst_hardware_r 1450.4074847749055 90.15412199874497 31.6299991607666 AB 4.667039349101915 1.151407734153433
60630.2765 lsst_hardware_z 1279.3043731507416 68.57330909039707 30.969999313354492 AB 4.715068954113872 1.1688804579879264
60632.258 lsst_hardware_r 1384.4298643640893 70.86769434113269 31.610000610351562 AB 6.028865878989659 1.150876372814672
60632.2698 lsst_hardware_i 1285.1770013410764 62.49554051874074 31.290000915527344 AB 6.214135887320168 1.1669738755530832
60634.2988 lsst_hardware_i 1116.9363567803098 54.94484880231834 31.260000228881836 AB 5.160205117818055 1.236866039745459
60634.3108 lsst_hardware_z 1045.4533042873327 58.641116180117145 30.940000534057617 AB 5.318877329340003 1.2702554968869788
60636.2683 lsst_hardware_u 1.190555330079218 6.534307441903009 28.969999313354492 AB 7.032702590943267 1.1825630722960712
60636.281 lsst_hardware_g 139.30264963492502 32.59595546221562 31.600000381469727 AB 7.301496365525959 1.2076573545364635
60641.2964 lsst_hardware_i 832.3587294197902 42.63284223760558 31.209999084472656 AB 4.532850022108459 1.2848214348379985
60641.3078 lsst_hardware_r 661.3362686630408 33.948153006182515 31.43000030517578 AB 4.667263150150128 1.3237020586089088
60643.2369 lsst_hardware_i 786.1807336413518 41.235726523323606 31.229999542236328 AB 6.384168110621102 1.1627309574953002
60643.248 lsst_hardware_z 842.5008643970624 50.884827856291395 30.940000534057617 AB 6.478992803647696 1.1804669406299892
60645.242 lsst_hardware_r 488.6356105431285 31.114370507006928 31.459999084472656 AB 7.431024588335047 1.1795277124341346
60645.2536 lsst_hardware_g 12.749688655857288 14.208985896088354 31.329999923706055 AB 8.289746474446881 1.2016592500073817
60647.2687 lsst_hardware_r 358.66639471273777 29.793532606125048 31.43000030517578 AB 5.454422695626519 1.251253533693715
60647.2807 lsst_hardware_i 646.5502008970149 39.97031637010683 31.200000762939453 AB 5.627654378042184 1.2870074046445
60651.2649 lsst_hardware_z 488.5585702568733 50.28204847421374 30.920000076293945 AB 8.171162528194053 1.2718257563631352
60651.2769 lsst_hardware_g 26.83222372556007 14.15868011515507 31.290000915527344 AB 8.468646134873417 1.3108682939280867
60655.1204 lsst_hardware_z 613.0202343934536 53.36009960987025 30.959999084472656 AB 14.074783627116888 1.1286312114121315
60655.1341 lsst_hardware_r 209.91491325985155 50.570494715072186 31.610000610351562 AB 13.190440358426077 1.1227977095146122
60657.1293 lsst_hardware_i 212.81149531369513 56.57213694767113 31.299999237060547 AB 8.020352674024757 1.1226304614234885
60657.1417 lsst_hardware_z 494.4320184829441 57.35420679809676 30.969999313354492 AB 8.044038755797638 1.1213548136610147
60659.1245 lsst_hardware_r 236.54417270158896 79.715499489003 31.6299991607666 AB 11.339413809891672 1.1224732404678852
60659.1368 lsst_hardware_z 422.97368369212666 61.44051838268705 30.969999313354492 AB 11.433282160588648 1.1213840044580667
60661.1672 lsst_hardware_i 342.4537915756787 57.12205806249922 31.299999237060547 AB 3.7653261323043687 1.138592722196593
60661.18 lsst_hardware_z 409.55753351783557 57.830681912089034 30.959999084472656 AB 3.803524046982537 1.1523502465104924
60664.129 lsst_hardware_z 389.758640555327 46.2825989020887 30.940000534057617 AB 4.660975711125805 1.1221127201025112
60664.1421 lsst_hardware_r 136.05444022171213 24.65303197434693 31.469999313354492 AB 4.664073608621794 1.126655862943848
60667.1098 lsst_hardware_g 30.580132248039224 13.66575114176478 31.3700008392334 AB 6.907544206212135 1.1214152615745283
60667.1223 lsst_hardware_r 157.62156741893415 24.36535252777229 31.469999313354492 AB 6.913784395554417 1.122428334144843
60669.1084 lsst_hardware_i 88.71422932269212 33.33400538071051 31.239999771118164 AB 8.403079627811977 1.1213450712675759
60669.1204 lsst_hardware_z 323.72695342785426 45.58335289343077 30.940000534057617 AB 8.446951849279895 1.123389362643896
60671.1089 lsst_hardware_r 95.19274529693705 24.162036028565417 31.469999313354492 AB 6.071940851701771 1.1219402904106126
60671.1228 lsst_hardware_u 0.18338007683303398 3.300320920594831 28.43000030517578 AB 6.092109474507968 1.1265689714309255
60673.106 lsst_hardware_g 27.616053237930736 13.703948588908833 31.3799991607666 AB 8.289500003125832 1.1224526645474007
60673.1184 lsst_hardware_i 167.36626090880299 33.144404105331525 31.239999771118164 AB 8.400836394748836 1.1271121380237925
60675.1037 lsst_hardware_z 193.75661301887953 44.790497563757086 30.940000534057617 AB 7.726756064961524 1.123296954470786
60675.1179 lsst_hardware_r 108.34369837091481 23.73906664150467 31.459999084472656 AB 7.772335426543635 1.1300027426017856
60677.109 lsst_hardware_u 1.4496838791059499 3.13078985545401 28.309999465942383 AB 5.690732264645767 1.1279386085220289
60677.1212 lsst_hardware_g 15.807817337365625 13.36464882806312 31.34000015258789 AB 5.7291246437572365 1.1365619488681717
60679.1055 lsst_hardware_r 69.94449332841891 23.839878104103185 31.469999313354492 AB 2.596890624999018 1.1290828804343558
60679.1186 lsst_hardware_i 178.72171880024396 32.71457093626484 31.229999542236328 AB 2.6199608989618937 1.1391134343312581
60681.09 lsst_hardware_i 122.9800553924836 34.548218677316335 31.25 AB 9.667004083602006 1.1242009633215495
60681.1028 lsst_hardware_z 241.76359215829996 45.42028516426851 30.940000534057617 AB 9.696384251749574 1.13085060228582
60683.0836 lsst_hardware_r 60.52588436123434 38.59757593338574 31.579999923706055 AB 6.421783155271378 1.1238682455847704
60683.0954 lsst_hardware_z 271.5208507210277 47.58446825597557 30.950000762939453 AB 6.584772848458657 1.1295927804995458
60685.0745 lsst_hardware_z 419.91900381740487 71.7300404407296 31.709999084472656 AB 10.115413223184694 1.1227704480373701
60685.0884 lsst_hardware_i 268.0671294632127 66.17024391448774 32.040000915527344 AB 9.569244027091354 1.1286593244129335
60687.0746 lsst_hardware_z 162.2359269075314 55.30871462622234 30.959999084472656 AB 4.2663680376430095 1.1245780659355689
60687.0874 lsst_hardware_r 25.381724250621 68.33662993788344 31.6299991607666 AB 6.365511678625493 1.131529176878034
60689.0699 lsst_hardware_y -5.716445896512667 53.1049142261293 30.020000457763672 AB 7.3990127734935385 1.1248831673477147
60689.0825 lsst_hardware_g -5.950877780850768 86.7222230123023 31.690000534057617 AB 7.368078781854903 1.1319252532550548
60691.0717 lsst_hardware_r 118.21631714170631 46.19488652275216 31.600000381469727 AB 3.7527520896279007 1.128477549128823
60691.0847 lsst_hardware_i 130.55132207540186 48.352099969933086 31.299999237060547 AB 4.224014403949667 1.138088213377245
60693.0761 lsst_hardware_z 417.93797126741 62.41998466766953 31.690000534057617 AB 4.428022285349733 1.1353903295768546
60693.0902 lsst_hardware_r 175.4202503263284 33.22081409921617 32.220001220703125 AB 4.514758499263815 1.1494515942368568
60696.0729 lsst_hardware_u 0.7146675891469924 2.5047182546833637 28.290000915527344 AB 13.661446692842352 1.1397994876876019
60696.0873 lsst_hardware_r 56.69309329018191 23.328727857360533 31.459999084472656 AB 14.583866290382442 1.1560428809160104
60938.4034 lsst_hardware_u -10.332195741022646 13.0 29.260000228881836 AB 6.4480460527204935 1.134453752347685
60941.38 lsst_hardware_z -30.04192651653495 42.060001373291016 30.93000030517578 AB 1.5759547098044182 1.125146151692826
60941.3926 lsst_hardware_r -12.36677333232866 24.420000076293945 31.489999771118164 AB 1.6269672443069416 1.1324597988215372
60945.378 lsst_hardware_g 7.578123134825237 13.260000228881836 31.3799991607666 AB 6.355107266517335 1.1299307651010846
60945.3898 lsst_hardware_r 10.939744913412671 25.010000228881836 31.5 AB 6.473037723617072 1.1392181843747877
60947.3638 lsst_hardware_i 44.150716235607696 30.229999542236328 31.229999542236328 AB 7.787318574959276 1.1252266508466346
60947.3761 lsst_hardware_z 40.614903841762704 42.060001373291016 30.940000534057617 AB 7.94549641002455 1.132374785276658
60950.3752 lsst_hardware_r 7.910066447595424 22.170000076293945 31.459999084472656 AB 2.3811340133690244 1.1383454109568658
60950.3869 lsst_hardware_u -0.08172482528702996 6.320000171661377 28.940000534057617 AB 2.411110453198865 1.1507049569831749
60952.3758 lsst_hardware_g -5.67724262210734 14.119999885559082 31.3799991607666 AB 2.178296499204195 1.144313706187906
60952.387 lsst_hardware_i -1.207254706974578 40.93000030517578 31.260000228881836 AB 2.2260932092540666 1.1578154694456588
60955.3698 lsst_hardware_z 3.1451406482974797 60.380001068115234 30.969999313354492 AB 4.1281210542097515 1.1467002928360421
60955.3823 lsst_hardware_r -178.04659560300976 76.87999725341797 31.6200008392334 AB 4.51030207539163 1.1626987090161023
60957.3715 lsst_hardware_y 107.23940892241701 75.12000274658203 30.760000228881836 AB 3.3083805241563544 1.1553625018880231
60959.3634 lsst_hardware_r 30.807174136958118 45.65999984741211 31.59000015258789 AB 4.994275114426019 1.1520154810969752
60959.375 lsst_hardware_i -44.97167640441156 44.869998931884766 31.280000686645508 AB 5.256510977571807 1.1681135505715128
60961.364 lsst_hardware_z 39.454320532450275 44.380001068115234 30.940000534057617 AB 6.340627855509615 1.159977044639988
60961.3766 lsst_hardware_r -26.53023927017726 35.279998779296875 31.559999465942383 AB 6.623307169494443 1.1797139172643432
60963.3453 lsst_hardware_r -3.644392154366152 24.229999542236328 31.489999771118164 AB 6.689277576133601 1.1438247159167148
60963.3575 lsst_hardware_z -77.17620078724381 43.119998931884766 30.940000534057617 AB 6.832313354739874 1.158542847853205
60965.3458 lsst_hardware_g -9.567285386363567 13.029999732971191 31.360000610351562 AB 5.631955765764799 1.1505331742594807
60965.3574 lsst_hardware_i 70.39518075521093 31.010000228881836 31.239999771118164 AB 5.701715569039003 1.1662533763183396
60968.3406 lsst_hardware_z 6.355487607819546 42.189998626708984 30.940000534057617 AB 0.799507931193545 1.1542462914261316
60968.3513 lsst_hardware_r 5.68566126318557 21.959999084472656 31.459999084472656 AB 0.6814133504576494 1.1694737136000848
60970.3687 lsst_hardware_u -4.030005138558167 5.730000019073486 28.84000015258789 AB 3.8837392361861953 1.2128788766230807
60972.2645 lsst_hardware_r -42.949652384182 43.43000030517578 32.970001220703125 AB 3.3161371563159623 1.1230990594883594
60972.2817 lsst_hardware_i 57.792123556918604 52.41999816894531 32.41999816894531 AB 3.307284420260571 1.121493530098532
60974.3372 lsst_hardware_z 38.19595520719978 42.779998779296875 30.93000030517578 AB 2.811793047844788 1.1731283142388378
60974.3489 lsst_hardware_r -9.190640140501742 22.239999771118164 31.450000762939453 AB 2.833393214208493 1.1941808994978196
60976.3328 lsst_hardware_u -0.4185567938523459 2.569999933242798 28.329999923706055 AB 3.4418970062615215 1.1748759515044307
60976.3436 lsst_hardware_r 3.3251002671459124 22.219999313354492 31.450000762939453 AB 4.0526352849162945 1.1944986470903909
60982.3236 lsst_hardware_r -37.044703913585565 45.310001373291016 31.59000015258789 AB 5.700234499620348 1.1875488540875725
60982.3349 lsst_hardware_i 12.787578474912893 43.7400016784668 31.270000457763672 AB 5.9192063729538935 1.2105748014562456
60991.2722 lsst_hardware_r -10.212421625768735 27.729999542236328 31.520000457763672 AB 4.704744317016281 1.14749861390641
