data/validation/pwv_sim_epoch_fit_seasonal/49743867.ecsv
# %ECSV 0.9
# ---
# datatype:
# - {name: time, datatype: float64}
# - {name: band, datatype: string}
# - {name: flux, datatype: float64}
# - {name: fluxerr, datatype: float64}
# - {name: zp, datatype: float64}
# - {name: zpsys, datatype: string}
# - {name: pwv, datatype: float64}
# - {name: airmass, datatype: float64}
# meta: {SNID: '49743867', alt: 1024.0, c: -0.10928098112344742, dec: -5.379379, lat: -30.244573, lon: -70.7499537, ra: 207.597656, t0: 62669.44921875,
#   x0: 2.193594444612148e-06, x1: 0.7390033006668091, z: 0.8573007583618164}
# schema: astropy-2.0
time band flux fluxerr zp zpsys pwv airmass
[from data line 133]
62964.2417 lsst_hardware_z -39.30944238131016 113.19000244140625 30.989999771118164 AB 10.159652616492789 1.1040700517814126
62964.2608 lsst_hardware_r -166.00545151528493 170.1999969482422 31.639999389648438 AB 9.662544104083782 1.1218883752673399
62967.2279 lsst_hardware_i -49.08718982370959 63.41999816894531 31.31999969482422 AB 3.0850120788377273 1.1017900281563313
62967.2446 lsst_hardware_r 5.644221737247686 75.63999938964844 31.6299991607666 AB 3.1149650048696143 1.112487501739148
62971.2235 lsst_hardware_r -35.6859792084912 27.149999618530273 31.540000915527344 AB 11.100875694390915 1.104564745710539
62971.2402 lsst_hardware_i -19.197183674157337 33.959999084472656 31.260000228881836 AB 11.269805697252206 1.1199250419608442
62974.2232 lsst_hardware_z -76.65978974729887 43.36000061035156 30.950000762939453 AB 13.197257343499585 1.1103194803550045
62974.2403 lsst_hardware_r -26.88060127524988 25.280000686645508 31.510000228881836 AB 13.443689441960851 1.1321557782033518
62976.1955 lsst_hardware_i -12.156555243476792 32.560001373291016 31.260000228881836 AB 3.6649967053053034 1.1007924427117775
62976.2126 lsst_hardware_u 2.3013323054611994 2.9200000762939453 28.510000228881836 AB 3.006845051538512 1.1062711742231464
62978.1916 lsst_hardware_g 13.871935944942235 15.949999809265137 31.479999542236328 AB 10.183400321545856 1.100789138638618
62985.1835 lsst_hardware_z -3.9736910757021375 42.7599983215332 30.950000762939453 AB 10.790226587856314 1.1036336900742996
62985.2 lsst_hardware_g 16.393411120911882 15.699999809265137 31.450000762939453 AB 10.951241961830783 1.1174736695745697
62992.1586 lsst_hardware_i 104.52414614017465 129.52999877929688 31.329999923706055 AB 3.9519492521968713 1.1015118813175029
62992.176 lsst_hardware_z -61.2208612892235 108.01000213623047 30.989999771118164 AB 3.6437763140411503 1.11215067068099
62994.1626 lsst_hardware_z -58.161835222408506 114.16999816894531 31.739999771118164 AB 10.827104519812703 1.105709203412245
62994.1794 lsst_hardware_r -89.73968907295286 119.11000061035156 31.639999389648438 AB 9.884368726816664 1.1225858860666282
63001.1035 lsst_hardware_r 48.64559097774793 24.56999969482422 31.510000228881836 AB 7.324041591183868 1.113386443717936
63001.1224 lsst_hardware_i 6.803763164244505 32.08000183105469 31.25 AB 7.239712629875645 1.1014459785547732
63004.0731 lsst_hardware_u 1.5610092389001986 2.690000057220459 28.34000015258789 AB 9.6343276983949 1.1476268848594564
63004.0957 lsst_hardware_g 9.698873367094615 15.210000038146973 31.43000030517578 AB 9.479665306549236 1.112985125220974
63008.0872 lsst_hardware_g -22.747078788773585 15.1899995803833 31.43000030517578 AB 5.123042456719123 1.1106465797194722
63008.1087 lsst_hardware_r 19.35510005386717 24.309999465942383 31.5 AB 5.150559962359997 1.1007822103782856
63014.0873 lsst_hardware_z 51.94534591007805 43.22999954223633 30.950000762939453 AB 8.363895231196961 1.101357870891732
63014.1071 lsst_hardware_g -8.786054369280537 18.690000534057617 31.510000228881836 AB 8.440166110643906 1.1051556912840512
63016.0784 lsst_hardware_r 6.164840944624604 42.83000183105469 31.600000381469727 AB 12.054806130374265 1.1023552768848177
63016.1023 lsst_hardware_i 33.41336132607064 42.18000030517578 31.280000686645508 AB 13.374570186063279 1.1055648014931652
63018.0773 lsst_hardware_z -59.139738510622834 65.88999938964844 30.979999542236328 AB 8.128872371167548 1.1011747996704888
63018.099 lsst_hardware_r 94.61969308169475 83.37000274658203 31.639999389648438 AB 8.147007934929409 1.1070307004615896
63023.0448 lsst_hardware_g 85.87887274753925 102.66000366210938 31.709999084472656 AB 4.7445822563238 1.1120114663259986
63023.0673 lsst_hardware_r 50.140879055745 95.7300033569336 31.649999618530273 AB 4.702588089056331 1.100793092007568
63033.0429 lsst_hardware_i -14.839589224183596 32.20000076293945 31.25 AB 9.520999093020682 1.1008844415817969
63033.0621 lsst_hardware_r -4.76199259307415 24.65999984741211 31.510000228881836 AB 9.641762480220308 1.110322439063804
63036.9991 lsst_hardware_g -10.982090500211406 15.630000114440918 31.450000762939453 AB 4.102088008836764 1.12053394277353
63037.0168 lsst_hardware_r 12.465593489219877 24.729999542236328 31.510000228881836 AB 3.930120831739958 1.1042767158583753
63043.0027 lsst_hardware_i 18.227615186301982 47.959999084472656 32.0099983215332 AB 4.502526617077565 1.1031548737174273
63043.0222 lsst_hardware_z 34.84989009615909 61.7400016784668 31.700000762939453 AB 4.511351787671721 1.1023910860157338
63044.9962 lsst_hardware_i -2.1201513113243897 44.93000030517578 31.290000915527344 AB 7.105504136786947 1.1036390535917286
63045.0164 lsst_hardware_z -55.8883712822763 49.61000061035156 30.959999084472656 AB 7.894092058503758 1.1022702432167222
63051.9753 lsst_hardware_z -132.46626713818372 82.86000061035156 31.719999313354492 AB 5.412429346919198 1.1045774177386116
63056.9598 lsst_hardware_y 97.68739236171591 59.150001525878906 30.040000915527344 AB 8.868728733877347 1.1056886590047807
63056.9789 lsst_hardware_r -14.135521149828117 25.389999389648438 31.510000228881836 AB 8.881280612512636 1.101076197931105
