data/validation/pwv_sim_epoch_fit_seasonal/49873542.ecsv
# %ECSV 0.9
# ---
# datatype:
# - {name: time, datatype: float64}
# - {name: band, datatype: string}
# - {name: flux, datatype: float64}
# - {name: fluxerr, datatype: float64}
# - {name: zp, datatype: float64}
# - {name: zpsys, datatype: string}
# - {name: pwv, datatype: float64}
# - {name: airmass, datatype: float64}
# meta: {SNID: '49873542', alt: 1024.0, c: 0.0336487703025341, dec: -49.117878, lat: -30.244573, lon: -70.7499537, ra: 46.232876, t0: 61308.34765625,
#   x0: 2.6899450492703557e-06, x1: 0.4776262044906616, z: 0.7902372479438782}
# schema: astropy-2.0
time band flux fluxerr zp zpsys pwv airmass
61272.3711 lsst_hardware_g 22.392345959904752 25.709999084472656 32.88999938964844 AB 2.902532415656181 1.0778063184761162
61272.3963 lsst_hardware_y -8.027059424188788 47.2599983215332 30.040000915527344 AB 1.7267789294957787 1.0593735763777783
61278.4241 lsst_hardware_r -53.76627412981922 50.51133885020681 31.6299991607666 AB 2.5419656239950092 1.0661116834873519
61281.4106 lsst_hardware_r 138.5092877312012 81.45429064618915 31.649999618530273 AB 7.869155029110508 1.062681300352533
61281.4205 lsst_hardware_z 94.3118244576706 72.90452487220887 30.989999771118164 AB 7.0392311223745 1.0696700410096873
61286.409 lsst_hardware_y 145.28976906007915 53.71392043573622 30.040000915527344 AB 1.2467239846702072 1.0715289941299588
61297.2438 lsst_hardware_i 1651.8315190998312 59.04492014522883 31.979999542236328 AB 1.4437686039040742 1.194184122335876
61297.262 lsst_hardware_z 965.9166141538775 67.58722359065193 31.690000534057617 AB 2.302451970990937 1.1458785522513915
61299.394 lsst_hardware_u 4.312544103241582 3.4266588611013327 28.56999969482422 AB 4.677071318248652 1.0955894397396702
61299.4056 lsst_hardware_r 568.5566674616211 40.666725515932434 31.559999465942383 AB 4.785674438123751 1.1145891867380355
61305.3818 lsst_hardware_z 578.9397458147359 48.866611730787355 30.940000534057617 AB 1.5427571226685275 1.1019693733346625
61305.3946 lsst_hardware_r 655.0976006723002 34.861996379092176 31.5 AB 1.5747477396352423 1.124819814025173
61307.365 lsst_hardware_r 665.3859707902515 53.9877133697854 31.610000610351562 AB 4.349912536958508 1.0858493601993278
61307.3772 lsst_hardware_y 267.29315718088066 52.41289851729057 30.030000686645508 AB 4.1844426372097 1.1033467731601054
61309.3554 lsst_hardware_z 619.2568988654184 66.6625942214 30.979999542236328 AB 4.521503699718241 1.0808806007534209
61309.3676 lsst_hardware_r 668.1953297345201 87.11149337970232 31.639999389648438 AB 4.5869625640668295 1.0969220958310473
61313.3537 lsst_hardware_z 708.522084435913 55.55838749553568 30.959999084472656 AB 3.5387886006486062 1.092612134199127
61313.3659 lsst_hardware_r 450.2709881346108 58.57574953922142 31.610000610351562 AB 3.6084355722313957 1.1119415250058935
61315.358 lsst_hardware_z 1154.0050271386112 72.28468167107091 31.700000762939453 AB 2.7408617239500996 1.1077172533812372
61317.3561 lsst_hardware_r 340.4469560436847 32.920001387058605 31.510000228881836 AB 2.668084193875888 1.1139451091262924
61317.3682 lsst_hardware_z 604.677948453986 49.39086764426283 30.940000534057617 AB 2.7004210347630773 1.1381375532858282
61321.3426 lsst_hardware_g 42.747293464017076 14.057479914031516 31.3700008392334 AB 4.829567123960806 1.1093952045851774
61321.3548 lsst_hardware_r 276.6052655291821 28.253845471106146 31.469999313354492 AB 4.902707086677675 1.1327881438719212
61326.325 lsst_hardware_u 0.29051097405019877 2.5950701998512526 28.3799991607666 AB 5.734696645452325 1.102826277971601
61326.3357 lsst_hardware_g 19.250908826403666 13.68951565221027 31.3700008392334 AB 6.138218988115178 1.1217505460736377
61328.3252 lsst_hardware_r 216.91671126656038 26.17142092082715 31.469999313354492 AB 6.266117172659318 1.1123943143367403
61328.3363 lsst_hardware_z 421.72171003396903 46.80805117746351 30.940000534057617 AB 6.669966274091416 1.1340908423415066
61330.3236 lsst_hardware_r 201.7242148676665 25.793481313408645 31.469999313354492 AB 6.048327398468968 1.1194905184339181
61330.3347 lsst_hardware_u -0.11966987185550733 2.6735244426919205 28.420000076293945 AB 5.59432532581222 1.1425929112868096
61332.3171 lsst_hardware_g 13.911581773876511 13.7568113075696 31.399999618530273 AB 4.246629733297367 1.1175341403414125
61332.3274 lsst_hardware_r 146.73408035262779 25.435378379242614 31.479999542236328 AB 4.326220405476803 1.138479054072843
61334.326 lsst_hardware_i 360.1401256636381 35.934200083929774 31.239999771118164 AB 2.653332739765041 1.147718004368124
61334.3367 lsst_hardware_z 258.1328625048483 46.235779434701485 30.940000534057617 AB 2.9676015460451364 1.1748999852372695
61337.3145 lsst_hardware_r 117.75497518321887 67.65950191122462 31.6200008392334 AB 3.7233396520820112 1.1401468772324215
61337.3252 lsst_hardware_z 242.68365457314496 57.77161910992182 30.959999084472656 AB 3.6820654801971004 1.1660408456009044
61340.3098 lsst_hardware_z 150.35670757995905 61.16974061309311 30.969999313354492 AB 3.628719160331398 1.1481471793486469
61340.3205 lsst_hardware_i 132.0076133292211 65.5564919545182 31.309999465942383 AB 3.666368572971621 1.1754006806032287
61355.2514 lsst_hardware_i 85.49226666501825 32.09444771232417 31.239999771118164 AB 1.9872392138570039 1.1122607540244425
61355.263 lsst_hardware_z 201.68005909707864 43.6424853689509 30.940000534057617 AB 1.8696261532495888 1.1349984235845128
61358.2461 lsst_hardware_i 81.22952950594808 32.07600858821032 31.239999771118164 AB 8.146193558141643 1.1175243237726797
61358.2577 lsst_hardware_u 1.0115415038726316 2.6507708080578323 28.399999618530273 AB 6.385908248207802 1.1413598298852192
61360.2459 lsst_hardware_z 150.1007162530801 43.089734778661395 30.93000030517578 AB 8.396355101083305 1.1277844326503565
61360.2578 lsst_hardware_g 2.3152573991244294 13.075318059466895 31.329999923706055 AB 6.74052735920048 1.154409917763374
61362.2412 lsst_hardware_r 32.243005500762045 22.271130691465967 31.459999084472656 AB 5.147830418801048 1.129343589930576
61362.2532 lsst_hardware_i 40.295497513305406 31.77056953243375 31.219999313354492 AB 4.626116806238111 1.1565292015595277
61365.2349 lsst_hardware_z 140.45744683549785 52.480739719853645 30.959999084472656 AB 3.7280915646444854 1.1333020589165907
61365.2475 lsst_hardware_r 71.46766579549336 53.291821622311176 31.600000381469727 AB 3.8365112403979187 1.1628140756914283
61367.2369 lsst_hardware_i 270.21154106924945 62.62329806511909 31.309999465942383 AB 7.119890017381493 1.1501006920172177
61367.248 lsst_hardware_z 141.4311543506194 59.66278990172667 30.959999084472656 AB 7.294964423713576 1.1787936371840633
61369.1892 lsst_hardware_i 131.27110726951796 62.836034247493 31.31999969482422 AB 6.416024570131851 1.0782630502714443
61369.2013 lsst_hardware_z 106.32686669843442 58.648157282968725 30.969999313354492 AB 6.4732878259389155 1.09333765779845
61371.144 lsst_hardware_r -69.28025251099172 50.00268815883417 31.6299991607666 AB 3.802349980724125 1.0562083279789236
61371.156 lsst_hardware_z 14.734419997894072 49.52168126986102 30.959999084472656 AB 3.8109519990105283 1.0585977775029245
61373.219 lsst_hardware_r 12.501804599507315 41.14749619455473 31.579999923706055 AB 5.728645024626085 1.146531577028995
61373.2314 lsst_hardware_i 61.63316165646151 41.238874305270215 31.260000228881836 AB 5.817906075144117 1.1781907807096228
61375.184 lsst_hardware_i 84.33024256649549 30.870530852815786 31.239999771118164 AB 8.468591201471563 1.0920521230821398
61375.1942 lsst_hardware_z 92.44455222535967 42.24082835253749 30.950000762939453 AB 8.614620924935108 1.1077761107098005
61378.1986 lsst_hardware_r 48.093710241797204 22.406800696458337 31.469999313354492 AB 4.095588878815834 1.1316125934420154
61378.2098 lsst_hardware_g 4.076044038497704 13.17670599261874 31.360000610351562 AB 5.02189005302179 1.1572508475680217
61380.1992 lsst_hardware_r 43.23554451597482 22.352841332996217 31.459999084472656 AB 5.953715933009205 1.1449453717325393
61380.2109 lsst_hardware_i 58.98147895819863 31.64793824372432 31.229999542236328 AB 6.302540179893279 1.174368133394192
61382.1646 lsst_hardware_z 75.16740705197188 42.142645739678954 30.940000534057617 AB 4.039137792521976 1.0916588628437773
61382.177 lsst_hardware_i 50.38480112438725 31.114829570225496 31.239999771118164 AB 4.967636198481184 1.1110794449745436
61384.1642 lsst_hardware_u 0.9826480533573245 2.7098370506226837 28.479999542236328 AB 8.243480012735432 1.099032976544587
61384.1779 lsst_hardware_g 0.9329805006254995 12.942002978064705 31.3700008392334 AB 10.879692813525406 1.1228718823627302
61386.0986 lsst_hardware_u 0.6240030677722661 2.6857904938780393 28.479999542236328 AB 13.285496294975532 1.056248711637425
61386.1106 lsst_hardware_g 14.98370222769244 12.856950955115611 31.389999389648438 AB 13.121065005783672 1.057297744221015
61388.1055 lsst_hardware_r -0.8963264924718993 22.47707637707242 31.479999542236328 AB 7.817168163237927 1.0573862138179013
61388.1188 lsst_hardware_i 67.83578964708674 30.94316297788201 31.239999771118164 AB 7.856037330534252 1.0629194061066503
61393.1004 lsst_hardware_z 53.92402308450514 46.90408381681714 30.969999313354492 AB 3.252337413765416 1.060429544755597
61393.1134 lsst_hardware_r 12.491253596050717 43.883496303864156 31.6200008392334 AB 3.266661014134936 1.0686421724447024
61395.1016 lsst_hardware_i 30.92513584130865 49.88587917372061 31.309999465942383 AB 3.2986843340136263 1.0640917206495568
61395.1144 lsst_hardware_z 54.60751089613576 51.22458309234578 30.969999313354492 AB 3.330560213852801 1.0743742625331616
61404.0806 lsst_hardware_z -0.5868486698375343 40.9900016784668 30.950000762939453 AB 8.897464660152172 1.0665332379888528
61404.0932 lsst_hardware_r 24.17509618767004 21.770000457763672 31.479999542236328 AB 7.9711842518655605 1.0778182158741165
61406.0839 lsst_hardware_u -1.1500388116639157 2.640000104904175 28.43000030517578 AB 7.443455525637092 1.0739305393760665
61406.0979 lsst_hardware_g -4.8683940297614665 13.050000190734863 31.389999389648438 AB 7.553239637348299 1.0900767109892207
61410.0808 lsst_hardware_z -32.295544156097755 41.5 30.940000534057617 AB 11.554993768910824 1.082282936253532
61410.0927 lsst_hardware_r -18.038875976307214 22.020000457763672 31.469999313354492 AB 11.494193073820089 1.0982762436366615
61651.4066 lsst_hardware_z 57.45123837456333 43.15999984741211 30.950000762939453 AB 1.2666228534272874 1.0688800450863185
61655.3959 lsst_hardware_r -16.024314190039142 21.899999618530273 31.479999542236328 AB 2.1768731775234693 1.0690598784645644
61655.4067 lsst_hardware_i 48.3121340709322 33.59000015258789 31.260000228881836 AB 2.1842565982722824 1.0794448224720938
61671.3847 lsst_hardware_i -3.6450983061816404 34.66999816894531 31.260000228881836 AB 1.5627600363405962 1.1101776246797248
61671.3954 lsst_hardware_z 55.97645960065145 52.2400016784668 30.959999084472656 AB 1.6193886098590982 1.1305947939438197
61672.3794 lsst_hardware_r 16.023006937111973 25.950000762939453 31.520000457763672 AB 4.185493883834327 1.1058108015413433
61672.3916 lsst_hardware_z -3.537604040650258 46.7599983215332 30.950000762939453 AB 4.260224211847222 1.1283867598589785
61678.2292 lsst_hardware_u -0.6791739708024481 2.569999933242798 28.350000381469727 AB 4.135719684372213 1.1239895867297767
61680.3579 lsst_hardware_i -8.693794228233925 30.100000381469727 31.239999771118164 AB 2.694404948512857 1.1063803511550194
61680.3694 lsst_hardware_r 19.414528063850163 21.90999984741211 31.479999542236328 AB 2.792075743155738 1.1276557928738844
61682.3508 lsst_hardware_u -2.4143267569971965 2.559999942779541 28.350000381469727 AB 2.640929751463169 1.1036831168613925
61682.3629 lsst_hardware_g 9.971049278586062 12.880000114440918 31.350000381469727 AB 2.664198551394888 1.1255591683121622
61684.3499 lsst_hardware_r 30.68639298603665 21.889999389648438 31.469999313354492 AB 6.938321844223511 1.1113910716236017
61684.3616 lsst_hardware_i 19.199846431579818 30.579999923706055 31.239999771118164 AB 7.1008315899309 1.1341671646369067
61688.3453 lsst_hardware_z -25.397893985378598 42.08000183105469 30.940000534057617 AB 3.3694400636543187 1.123146687884773
61688.3569 lsst_hardware_g 17.005653425446308 12.970000267028809 31.350000381469727 AB 3.4443937642521663 1.148131254750722
61689.3428 lsst_hardware_r -22.273403631119503 21.8799991607666 31.469999313354492 AB 4.854228977060191 1.1235990919646295
61689.3544 lsst_hardware_z 138.63682932020131 42.20000076293945 30.940000534057617 AB 5.036935317580103 1.1486739606795318
61692.3358 lsst_hardware_r -18.94952019667315 74.80999755859375 31.6299991607666 AB 6.080217770175224 1.1259662537361526
61692.3465 lsst_hardware_y -26.189539547379347 52.58000183105469 30.020000457763672 AB 6.206556598322937 1.149362333022766
61694.3246 lsst_hardware_z -64.37631705286408 85.70999908447266 31.719999313354492 AB 7.833666807112402 1.1149804493577136
61696.3216 lsst_hardware_r 28.30162140067735 62.290000915527344 31.6200008392334 AB 6.910682786435398 1.1195619591373902
61696.3332 lsst_hardware_i 34.752236880136984 52.59000015258789 31.299999237060547 AB 7.024595862074973 1.143822600207528
61698.3214 lsst_hardware_z -29.8245501237502 47.380001068115234 30.950000762939453 AB 1.279171077670383 1.1300097859279001
61698.3333 lsst_hardware_r -58.08232464963366 45.95000076293945 31.59000015258789 AB 1.4700822044470585 1.1570894958260989
61700.3169 lsst_hardware_z -20.16847361790257 44.130001068115234 30.950000762939453 AB 2.7564591913873566 1.1320160950256084
61700.328 lsst_hardware_g -9.619073162414693 29.190000534057617 31.600000381469727 AB 2.827264649319297 1.1574895360725155
61707.3185 lsst_hardware_g -7.128735047651969 12.920000076293945 31.34000015258789 AB 3.5782965311170973 1.1831686976029199
61707.3297 lsst_hardware_r -35.68951211051092 22.31999969482422 31.450000762939453 AB 3.661732480630588 1.217736109288439
61709.2959 lsst_hardware_r -16.940055581450654 22.030000686645508 31.459999084472656 AB 3.923596218198696 1.1397519878572828
61709.3065 lsst_hardware_i -26.596339706455293 31.010000228881836 31.229999542236328 AB 4.002295569154576 1.1653211731415276
61722.1502 lsst_hardware_r 82.98468533003981 143.4199981689453 32.84000015258789 AB 5.34058683230858 1.068117366461716
61722.1624 lsst_hardware_z -48.45178778608076 103.25 32.16999816894531 AB 5.3023851943274725 1.0604770388654945
61724.2491 lsst_hardware_r 31.891529847159074 78.62999725341797 31.6200008392334 AB 8.461756377897458 1.127332317865369
61724.2598 lsst_hardware_i 51.19706830477049 62.72999954223633 31.299999237060547 AB 5.341854665686639 1.1509723846060558
61726.2408 lsst_hardware_i 25.273060921510556 47.619998931884766 31.290000915527344 AB 6.520377590126769 1.1217049828900403
61726.2534 lsst_hardware_z 63.4054147845531 50.20000076293945 30.959999084472656 AB 4.646844379566107 1.1487399067775563
61729.2391 lsst_hardware_r -9.649485492686102 31.809999465942383 31.549999237060547 AB 5.569462550951184 1.1349650275347996
61729.2512 lsst_hardware_i -4.7022024165986025 36.130001068115234 31.25 AB 5.120040670067906 1.1635354235548694
61734.2428 lsst_hardware_u 2.348636770630194 2.549999952316284 28.309999465942383 AB 7.33244485407643 1.1776032635463156
61734.2548 lsst_hardware_g -13.602342522700406 12.920000076293945 31.329999923706055 AB 8.020554731268714 1.2138561833172477
61738.2217 lsst_hardware_i -0.213115273456071 30.860000610351562 31.229999542236328 AB 5.69999812153613 1.1512821897670866
61738.2337 lsst_hardware_z 113.64642247381177 43.040000915527344 30.93000030517578 AB 5.891785444668598 1.1827332017801595
61740.1892 lsst_hardware_z -60.88711984478382 41.689998626708984 30.940000534057617 AB 8.542279573815026 1.0986148252607584
61740.2013 lsst_hardware_r 9.464681335381062 21.90999984741211 31.469999313354492 AB 8.653093442698676 1.1192722083428184
61744.1979 lsst_hardware_i 15.08811228562507 30.43000030517578 31.229999542236328 AB 2.745561849707161 1.134451559688931
61744.2095 lsst_hardware_z 44.56546935411697 42.369998931884766 30.940000534057617 AB 3.055106733416191 1.161637541222749
61746.2009 lsst_hardware_r 7.215529920007124 29.079999923706055 31.530000686645508 AB 4.714854173813158 1.1538104675291194
61746.212 lsst_hardware_z -17.444975202473106 44.36000061035156 30.93000030517578 AB 5.022856548152882 1.1831477421843681
61748.1226 lsst_hardware_y 15.87054802885948 69.37999725341797 30.790000915527344 AB 6.573173631575079 1.0581412800346233
61750.1008 lsst_hardware_z 37.171123848431705 52.25 30.969999313354492 AB 11.283699832709033 1.0563201466045824
61750.1128 lsst_hardware_r -19.60091284269693 63.279998779296875 31.639999389648438 AB 11.171209225399656 1.0570038297243909
61752.1042 lsst_hardware_i -6.52784211637507 62.189998626708984 31.329999923706055 AB 12.524531791960474 1.0564767433117228
61752.1161 lsst_hardware_z 26.889976130908334 57.61000061035156 30.979999542236328 AB 12.808493095382685 1.0597939539721373
61756.1059 lsst_hardware_g -23.29511717489739 20.110000610351562 32.18000030517578 AB 10.166918351407398 1.0601122667323177
61756.1205 lsst_hardware_i -4.495245555261973 38.470001220703125 31.280000686645508 AB 10.338843940653756 1.0693972959344777
61758.0986 lsst_hardware_z 26.65920381816501 40.79999923706055 30.950000762939453 AB 3.2781048281690537 1.0593326314975129
61758.1116 lsst_hardware_r 39.33380353798177 21.610000610351562 31.479999542236328 AB 3.2900952613532444 1.0667119619647394
61760.1038 lsst_hardware_u -2.255368139227512 2.5999999046325684 28.399999618530273 AB 3.301695808815224 1.0650631641339432
61760.1176 lsst_hardware_g 20.255337162918558 12.829999923706055 31.3700008392334 AB 3.3383553505977464 1.0768888227734665
61764.0847 lsst_hardware_g 10.39702452495072 12.930000305175781 31.399999618530273 AB 6.374654813241591 1.0604100163423305
61764.0985 lsst_hardware_r -21.18496461244266 21.68000030517578 31.479999542236328 AB 6.4557365243052285 1.0692731303197616
61766.0898 lsst_hardware_i 18.331415835398847 29.75 31.239999771118164 AB 5.399349199642081 1.066748829327751
61766.1011 lsst_hardware_z 24.956530461950447 40.939998626708984 30.940000534057617 AB 5.390583828169383 1.0767708021312794
61768.0885 lsst_hardware_r -4.220944693078578 21.809999465942383 31.489999771118164 AB 8.02533422012926 1.0700445626839012
61768.1015 lsst_hardware_u 3.0370223081593357 2.619999885559082 28.40999984741211 AB 8.124985432679274 1.0833313910239033
61770.0793 lsst_hardware_g -6.636719362947955 12.899999618530273 31.3700008392334 AB 8.018718606400872 1.0670639218072286
61770.0929 lsst_hardware_i 53.14977062201477 30.190000534057617 31.239999771118164 AB 8.043235220018241 1.0797013517710687
61772.0844 lsst_hardware_z 5.200417606671871 41.27000045776367 30.940000534057617 AB 5.472650208722556 1.0764457530925562
61772.0947 lsst_hardware_r 4.870599451645104 22.350000381469727 31.479999542236328 AB 5.542201857629989 1.0885204473396815
61774.0819 lsst_hardware_y -67.72854080610384 47.709999084472656 30.030000686645508 AB 2.4636852088717096 1.0796166559472873
61774.0943 lsst_hardware_g -35.044892444795785 20.8799991607666 31.540000915527344 AB 2.5197744004800855 1.0955540871652547
61776.0818 lsst_hardware_r 33.6338028358709 36.81999969482422 31.59000015258789 AB 10.614308633854 1.0859738729132407
61776.0945 lsst_hardware_i -37.10130428974526 37.7599983215332 31.270000457763672 AB 9.472416515286342 1.1043115666987537
