data/validation/pwv_sim_epoch_fit_seasonal/49923267.ecsv
# %ECSV 0.9
# ---
# datatype:
# - {name: time, datatype: float64}
# - {name: band, datatype: string}
# - {name: flux, datatype: float64}
# - {name: fluxerr, datatype: float64}
# - {name: zp, datatype: float64}
# - {name: zpsys, datatype: string}
# - {name: pwv, datatype: float64}
# - {name: airmass, datatype: float64}
# meta: {SNID: '49923267', alt: 1024.0, c: -0.1515113264322281, dec: -42.410164, lat: -30.244573, lon: -70.7499537, ra: 293.656128, t0: 61594.6953125,
#   x0: 2.3474182279488593e-06, x1: -0.32606545090675354, z: 0.833765983581543}
# schema: astropy-2.0
time band flux fluxerr zp zpsys pwv airmass
61517.4237 lsst_hardware_r 75.56258549929079 87.4000015258789 31.65999984741211 AB 5.461937964312503 1.0231861059001222
61519.4093 lsst_hardware_z -63.933063793676084 61.95000076293945 30.989999771118164 AB 10.138316074140874 1.0256349563703158
61519.4209 lsst_hardware_y 7.948440908326929 65.26000213623047 30.079999923706055 AB 10.008761532378198 1.02286781117815
61521.4086 lsst_hardware_z 60.201464075387435 58.11000061035156 30.979999542236328 AB 4.0980539545192025 1.0240654599910544
61521.4212 lsst_hardware_y -96.84531238539675 61.900001525878906 30.06999969482422 AB 4.621621254862353 1.0228220105925312
61523.4025 lsst_hardware_r 13.494540823906773 68.62999725341797 32.380001068115234 AB 5.123254361444914 1.0242411758186554
61523.4201 lsst_hardware_y 7.175764637411945 56.650001525878906 30.059999465942383 AB 6.110216024499918 1.0233724918211118
61525.4055 lsst_hardware_r 18.653733101387978 41.02000045776367 32.31999969482422 AB 11.674383092759918 1.0227976718487188
61525.4179 lsst_hardware_y 108.23018532910831 70.5 30.809999465942383 AB 12.322825289953371 1.0241142409513024
61527.4075 lsst_hardware_g -2.4339805188963246 15.779999732971191 31.479999542236328 AB 10.543391572919665 1.0231004890270086
61527.419 lsst_hardware_z -49.93563293328294 43.560001373291016 30.959999084472656 AB 11.407900889694943 1.0264672940901984
61531.3997 lsst_hardware_r -25.90758281323867 23.18000030517578 31.520000457763672 AB 2.7541703955748056 1.0236648933561812
61531.4139 lsst_hardware_y -23.412864306138378 47.529998779296875 30.059999465942383 AB 2.6973561319751567 1.0295252412118918
61536.3938 lsst_hardware_r 22.932994767799144 23.170000076293945 31.520000457763672 AB 7.799047477269675 1.0261904575354837
61536.4051 lsst_hardware_z -11.119482454378453 41.209999084472656 30.959999084472656 AB 7.849122562117478 1.032779284489142
61540.3823 lsst_hardware_r -30.67456490424599 23.1200008392334 31.510000228881836 AB 7.818561687004772 1.0259457653806223
61540.3953 lsst_hardware_u -1.7430800845095318 2.700000047683716 28.43000030517578 AB 7.882323625305413 1.0336230999952531
61542.3856 lsst_hardware_g 27.361050820843094 14.229999542236328 31.440000534057617 AB 7.498987471380067 1.0306115748331994
61542.3986 lsst_hardware_r -19.398258509714836 23.049999237060547 31.510000228881836 AB 7.599617737779386 1.0414358474465568
61546.3586 lsst_hardware_z -33.281592559561936 72.5 31.0 AB 7.169001210308792 1.0236312144368795
61550.3351 lsst_hardware_i -125.27428292436295 68.02999877929688 31.329999923706055 AB 7.5632568870579835 1.022983348114209
61550.3481 lsst_hardware_r 67.30876505858414 78.5999984741211 31.65999984741211 AB 7.594761933627022 1.0237252817020417
61552.3283 lsst_hardware_z -7.906430388482101 68.0 31.719999313354492 AB 4.102026179492273 1.023161799083502
61554.3734 lsst_hardware_i 25.986933454297095 33.869998931884766 31.270000457763672 AB 8.947921867940655 1.0499482962762887
61554.3866 lsst_hardware_z -83.22914100522046 43.04999923706055 30.950000762939453 AB 8.675091536306713 1.068931474469961
61559.3012 lsst_hardware_i -10.518970165466499 30.535414616782386 31.260000228881836 AB 9.719827863164712 1.025217188847371
61559.3145 lsst_hardware_u -4.670186908849492 2.755917047296447 28.479999542236328 AB 9.729274487867949 1.0227346250255387
61561.3175 lsst_hardware_g 10.34986288534865 14.195347338045769 31.43000030517578 AB 6.550009362537071 1.0235989002245773
61561.3295 lsst_hardware_r -25.716781817037432 22.956921114607077 31.5 AB 6.508893530689074 1.0280988044051609
61563.3231 lsst_hardware_i 28.04580202885049 30.823565019329088 31.260000228881836 AB 3.347428256248229 1.0276065253255289
61563.3362 lsst_hardware_r -22.205947678167917 23.402430934741613 31.510000228881836 AB 2.4531480397575103 1.036650930629807
61574.312 lsst_hardware_z 258.87189228264253 80.76069698412469 31.0 AB 4.827558471389128 1.0422190136850449
61574.3242 lsst_hardware_r 169.1368542307272 120.40309444108941 31.65999984741211 AB 4.88630187644338 1.0570690917129726
61578.2896 lsst_hardware_i 313.51517516715376 81.14603382553553 31.34000015258789 AB 2.6457143187219816 1.032171781418957
61578.302 lsst_hardware_z 302.7269133339274 70.38399848490263 30.989999771118164 AB 2.086374158235573 1.0431870791177864
61580.2852 lsst_hardware_z 278.865440124277 55.312125051915366 30.969999313354492 AB 3.906771467032715 1.032945348882752
61580.2965 lsst_hardware_r 442.71567176379773 64.18884221420473 31.639999389648438 AB 3.5847680386787717 1.0431450716364823
61582.2371 lsst_hardware_r 591.7101716746687 43.90357763815378 31.600000381469727 AB 6.101306219385336 1.0257169323707842
61582.249 lsst_hardware_i 725.8049704603234 45.78203409149165 31.290000915527344 AB 6.065219116543488 1.0228600455130548
61585.2759 lsst_hardware_u 0.0618171388355923 3.193327205164448 28.459999084472656 AB 2.7007205331097057 1.0364465252269743
61585.2882 lsst_hardware_g 178.71884212830105 20.22696044092646 31.459999084472656 AB 2.8120003808977825 1.049253873469322
61589.2178 lsst_hardware_r 697.5909553465211 35.5164351661509 31.520000457763672 AB 6.927350661224844 1.0257929358411872
61589.2317 lsst_hardware_i 854.953234862078 42.458675359490094 31.260000228881836 AB 6.904623395560266 1.0227556503570079
61591.2144 lsst_hardware_z 568.0129521590178 47.19499421830846 30.950000762939453 AB 3.695871714993033 1.025017578346963
61591.2266 lsst_hardware_i 877.1666984535227 42.720273463807516 31.260000228881836 AB 3.68921306639342 1.0227453864233333
61593.2081 lsst_hardware_u -3.2511111495276945 2.9652897640956755 28.489999771118164 AB 2.25809673571447 1.0253201463815307
61593.2189 lsst_hardware_g 115.72278561457162 18.198470484886773 31.450000762939453 AB 1.84115957104988 1.0228664283610445
61598.2103 lsst_hardware_z 1119.2232184122022 71.1072132927471 31.709999084472656 AB 7.352189401581485 1.0227828661733838
61600.2097 lsst_hardware_z 427.70342267898417 58.25994101366104 30.979999542236328 AB 6.734436169853325 1.0233409400815487
61600.2218 lsst_hardware_r 563.9314821284322 67.68137918312023 31.639999389648438 AB 6.7037837459661676 1.0274654186294656
61605.1883 lsst_hardware_r 339.9316778417835 140.80599426388184 31.670000076293945 AB 3.269131102144671 1.022748734930679
61607.0394 lsst_hardware_z 456.7443277882182 71.08360223719764 30.940000534057617 AB 7.651112150008092 1.3676539623442934
61611.1835 lsst_hardware_r 287.44889001750647 36.83474545618223 31.59000015258789 AB 6.007593399410704 1.0242252833365246
61611.1955 lsst_hardware_i 499.6680372480143 43.23949634611727 31.290000915527344 AB 6.05443951643888 1.0295352661546366
61612.1841 lsst_hardware_z 431.4163284429954 45.4515413104874 30.950000762939453 AB 11.126842859741865 1.0253107237948058
61612.1968 lsst_hardware_u -0.1210481594510834 3.3541304309296964 28.6299991607666 AB 11.141949988473113 1.0321956556373848
61617.1347 lsst_hardware_z 239.7989594862727 44.68963503684771 30.950000762939453 AB 3.8075971331801823 1.029080306264914
61617.1461 lsst_hardware_r 210.1091957922522 26.563220774215882 31.510000228881836 AB 3.7894636102145713 1.0241793541120463
61619.1422 lsst_hardware_u -1.7277327184487778 2.750716305812712 28.459999084472656 AB 1.8499702152317818 1.0237798645444283
61619.1531 lsst_hardware_r 108.15070319423235 26.040702995474486 31.510000228881836 AB 1.89029059868629 1.0227922799276525
61622.1271 lsst_hardware_i 238.04219147624949 34.31220585084128 31.25 AB 2.0772257112992896 1.0260438188685055
61622.1393 lsst_hardware_z 200.64883287919903 43.907449747333516 30.950000762939453 AB 2.077354134443301 1.022907247161248
61626.1325 lsst_hardware_g 28.14385423448259 28.38789983668359 31.65999984741211 AB 4.4018830378917295 1.0227423415175954
61626.1447 lsst_hardware_r 52.49221682541261 33.42426862192872 31.59000015258789 AB 4.415763359767661 1.0248957548491728
61627.1248 lsst_hardware_i 296.61982011519086 42.79488593501646 31.299999237060547 AB 3.82839810769508 1.0229976238608034
61627.1359 lsst_hardware_z 204.42310506009315 48.024816967341216 30.969999313354492 AB 4.411575041669493 1.023329863528066
61629.1207 lsst_hardware_z 176.39853420211819 60.5113516674083 30.989999771118164 AB 2.7917335499806537 1.0228628053176998
61629.1332 lsst_hardware_r 56.53971078267951 73.21054936213358 31.65999984741211 AB 3.2164759926301763 1.0239206258372802
61649.0606 lsst_hardware_u -4.124283936785594 2.871268478977481 28.389999389648438 AB 1.2821981083194467 1.0237110645265044
61649.0718 lsst_hardware_g 76.30916394638741 16.47641366068195 31.43000030517578 AB 1.2988291419518458 1.022834342001716
61653.0352 lsst_hardware_i 66.09523843344742 31.98882817610589 31.260000228881836 AB 1.4325469698019406 1.0298067236340556
61653.0478 lsst_hardware_r 35.172123175018 24.758199706335983 31.520000457763672 AB 1.201453924849559 1.0241846343818597
61655.0388 lsst_hardware_z 103.74798217291846 43.90217322830406 30.959999084472656 AB 2.6340789027095792 1.0253323871971893
61655.051 lsst_hardware_g 96.28059697767807 28.65784680223575 31.639999389648438 AB 2.2017113648580056 1.0227832292620032
61671.0254 lsst_hardware_g 16.259123690222804 15.71107966024229 31.450000762939453 AB 1.5394258243874321 1.0262838829249548
61671.0377 lsst_hardware_r -10.33041592067504 23.528325674818085 31.5 AB 1.550533151187038 1.0336887674580253
61672.0253 lsst_hardware_i 20.283396167514823 31.412831796225323 31.25 AB 2.931004772846293 1.0275213927594367
61672.0374 lsst_hardware_z 83.88051384022616 41.71541501874326 30.940000534057617 AB 2.9234528957110912 1.035644882462376
61674.0157 lsst_hardware_i 11.514131782137321 31.499025100776354 31.260000228881836 AB 3.3843320921972344 1.0256587813508136
61674.0286 lsst_hardware_u 0.4756837893885417 2.751074689316718 28.440000534057617 AB 3.501957355718966 1.033000375325548
61883.4131 lsst_hardware_u -6.712615905431179 3.450000047683716 28.639999389648438 AB 5.844231252902576 1.0254836379895729
61883.4244 lsst_hardware_y 31.56661683638465 66.70999908447266 30.06999969482422 AB 6.336905413834088 1.0228514065157788
61885.4062 lsst_hardware_r -1.9977013687962457 23.290000915527344 31.510000228881836 AB 14.978395897375202 1.0260639404509915
61885.4172 lsst_hardware_y -82.85034665726305 50.119998931884766 30.049999237060547 AB 13.496904235777135 1.02303526383515
61891.4091 lsst_hardware_i -32.80235898222528 30.979999542236328 31.260000228881836 AB 9.096614781292267 1.0228769033856255
61891.4216 lsst_hardware_y 66.90179050799289 52.5 30.059999465942383 AB 9.397958021371437 1.0260899684869262
61895.3921 lsst_hardware_z -62.41302508237506 41.060001373291016 30.950000762939453 AB 6.9835278484345285 1.0228154001588412
61895.4038 lsst_hardware_r 14.590989171585283 23.1299991607666 31.510000228881836 AB 7.037984024775296 1.0238060454020215
61897.39 lsst_hardware_z 16.175668437631973 41.08000183105469 30.950000762939453 AB 7.058869516049715 1.0227281246087676
61897.4009 lsst_hardware_g -6.829215080516468 14.1899995803833 31.43000030517578 AB 7.113329062692307 1.0245078944802766
61903.3948 lsst_hardware_r -144.67664983116575 91.58999633789062 31.65999984741211 AB 6.774887884466304 1.0290968938430154
61903.4062 lsst_hardware_y -9.469866283953218 56.369998931884766 30.059999465942383 AB 6.828883599747061 1.0375614484295357
61910.3313 lsst_hardware_g 17.48267469017563 15.65999984741211 31.479999542236328 AB 7.289675729847393 1.029469810739708
61910.3429 lsst_hardware_r 31.39705827619826 23.950000762939453 31.510000228881836 AB 7.835385605871453 1.0243003602681813
61918.3004 lsst_hardware_i -35.55041350488515 30.75 31.260000228881836 AB 8.166733391211935 1.0360587873405902
61918.3087 lsst_hardware_u 1.7951660080203438 2.8499999046325684 28.559999465942383 AB 8.135200820665801 1.0299352202140595
61926.3183 lsst_hardware_z 58.62809136640076 70.31999969482422 31.719999313354492 AB 6.539056513499014 1.0236068584509082
61928.3154 lsst_hardware_r -74.1733675722092 99.55999755859375 31.65999984741211 AB 3.3851444057006055 1.0242494419668042
61928.3267 lsst_hardware_i -61.180668487990864 77.9800033569336 31.329999923706055 AB 3.3438238590005764 1.0291855521699775
61960.2121 lsst_hardware_r -17.629337633429394 126.63999938964844 31.670000076293945 AB 2.2111355632986562 1.023081810664576
61960.2231 lsst_hardware_i -18.29098276736068 99.45999908447266 31.350000381469727 AB 2.178070156234682 1.0231685995230448
61964.2051 lsst_hardware_z -58.668371287742254 47.310001373291016 30.969999313354492 AB 6.332497789930926 1.0227452688986691
61964.2171 lsst_hardware_r 38.294397102939215 47.650001525878906 31.639999389648438 AB 6.958741069651068 1.0242480232045175
61974.1884 lsst_hardware_z 57.42207155151849 41.0 30.940000534057617 AB 5.418443132989145 1.0238771371682502
61974.2005 lsst_hardware_r 24.87278431604981 23.209999084472656 31.489999771118164 AB 5.520980403646049 1.0288339908960724
61976.1893 lsst_hardware_u 3.3446217985518247 2.690000057220459 28.420000076293945 AB 6.005902738499384 1.0259923533631234
61976.2017 lsst_hardware_g 11.738231828578142 14.720000267028809 31.440000534057617 AB 6.018210989212107 1.033257960204671
61978.1891 lsst_hardware_r 3.5854465704267935 23.15999984741211 31.489999771118164 AB 3.320545969104255 1.028563542314173
61978.2015 lsst_hardware_i 0.5653959255676083 30.719999313354492 31.239999771118164 AB 3.2486187960119692 1.0376211219628328
61979.1918 lsst_hardware_z 26.0848601779449 41.099998474121094 30.940000534057617 AB 3.3295127953612598 1.0320070655904718
61979.2038 lsst_hardware_r -18.66912066503695 23.31999969482422 31.489999771118164 AB 3.3899422971749664 1.0425245403920964
61983.1435 lsst_hardware_z -30.591519681673937 73.94000244140625 31.729999542236328 AB 4.18456968273484 1.024332670899149
61987.1345 lsst_hardware_z -152.80935969048244 89.33000183105469 31.0 AB 2.095419289959013 1.0238204999799736
61987.1461 lsst_hardware_r -19.270099420262717 131.85000610351562 31.670000076293945 AB 2.0491996566988764 1.0228099110051792
61992.132 lsst_hardware_r 87.84089883644398 54.810001373291016 31.639999389648438 AB 4.4088788017379565 1.0227835141674813
61992.1442 lsst_hardware_z 8.447734011869048 49.56999969482422 30.969999313354492 AB 4.407301363591826 1.0254307500213649
61995.1068 lsst_hardware_r -16.708671386118297 23.190000534057617 31.520000457763672 AB 2.5585887341044917 1.0256920160771665
61995.1201 lsst_hardware_z 12.339493699632948 41.0099983215332 30.950000762939453 AB 2.573271154952291 1.022762780187715
61997.1144 lsst_hardware_r 26.58981202806512 22.950000762939453 31.510000228881836 AB 3.6877824744065593 1.0227740984764424
61997.1253 lsst_hardware_u -1.6328318919709752 2.75 28.489999771118164 AB 3.400318457900952 1.0238068371549724
62031.0371 lsst_hardware_u -4.181587729008918 2.7899999618530273 28.510000228881836 AB 0.8598940161863295 1.0252089611759516
62031.0492 lsst_hardware_g 1.0990987748439809 14.59000015258789 31.459999084472656 AB 1.1880402734815365 1.0315834502008592
62033.0217 lsst_hardware_g 23.649715792382306 14.609999656677246 31.450000762939453 AB 6.342755327933685 1.0229150620257137
62033.033 lsst_hardware_r 16.256326547559237 23.3700008392334 31.510000228881836 AB 6.435764345452946 1.0257287911788153
62035.023 lsst_hardware_i 10.146527547130107 30.799999237060547 31.260000228881836 AB 2.6511149061324764 1.02418964888263
62035.0356 lsst_hardware_r 40.416807620412854 23.399999618530273 31.510000228881836 AB 2.628641901733549 1.0298303238916104
62039.0206 lsst_hardware_r -62.33605836471985 36.93000030517578 31.59000015258789 AB 3.3179994840125637 1.0275360346886568
62039.0326 lsst_hardware_i 6.30285350106847 38.22999954223633 31.280000686645508 AB 3.380866151040384 1.0355930623977336
62041.0236 lsst_hardware_z 39.93074898791666 55.15999984741211 30.969999313354492 AB 4.8598621728902 1.0328046271151206
62041.0364 lsst_hardware_r -12.078899742207486 64.12000274658203 31.639999389648438 AB 4.966554846601006 1.0445642554544565
62043.0271 lsst_hardware_z 22.383888283080672 83.4000015258789 31.729999542236328 AB 3.4975448235439526 1.0405488504409048
