data/validation/pwv_sim_epoch_fit_seasonal/49988394.ecsv
# %ECSV 0.9
# ---
# datatype:
# - {name: time, datatype: float64}
# - {name: band, datatype: string}
# - {name: flux, datatype: float64}
# - {name: fluxerr, datatype: float64}
# - {name: zp, datatype: float64}
# - {name: zpsys, datatype: string}
# - {name: pwv, datatype: float64}
# - {name: airmass, datatype: float64}
# meta: {SNID: '49988394', alt: 1024.0, c: 0.046311553567647934, dec: -5.379379, lat: -30.244573, lon: -70.7499537, ra: 57.480469, t0: 60644.796875,
#   x0: 7.317541884621481e-06, x1: -0.3029813766479492, z: 0.5243651866912842}
# schema: astropy-2.0
time band flux fluxerr zp zpsys pwv airmass
[from data line 132]
61010.2051 lsst_hardware_r 69.14131988295075 60.83000183105469 31.610000610351562 AB 8.862056705575052 1.1427539272179306
61012.1826 lsst_hardware_i 161.66680762384513 84.61000061035156 31.31999969482422 AB 7.132305459027655 1.1172252914166831
61012.2003 lsst_hardware_z 105.71294880092894 75.0 30.979999542236328 AB 7.300133133922408 1.14402022407356
61019.1563 lsst_hardware_r -11.526318319016994 23.31999969482422 31.489999771118164 AB 8.256811932761055 1.1103835304949699
61019.1746 lsst_hardware_i 38.4874958434371 35.790000915527344 31.260000228881836 AB 10.994490277874714 1.1323338912114025
61021.1561 lsst_hardware_z -31.08376695301477 42.220001220703125 30.940000534057617 AB 13.06633453444834 1.115168342164677
61021.1746 lsst_hardware_r 3.997747518998723 23.329999923706055 31.479999542236328 AB 14.50175327103637 1.1418703363020763
61023.1493 lsst_hardware_u -0.5936190344876687 2.7100000381469727 28.420000076293945 AB 7.9619730433034945 1.1138352804257194
61023.1672 lsst_hardware_r -12.739839133525606 23.420000076293945 31.479999542236328 AB 8.65121864680573 1.1383182430007541
61025.1496 lsst_hardware_i -47.708937192688346 31.149999618530273 31.229999542236328 AB 11.41874782109737 1.1201266814682624
61025.1676 lsst_hardware_z -46.61045453318137 42.810001373291016 30.940000534057617 AB 11.833567921747555 1.1496178250882818
61027.114 lsst_hardware_r 34.17413096763707 23.1200008392334 31.479999542236328 AB 4.335423685370981 1.1029273738488823
61027.133 lsst_hardware_u -1.1692215668075185 2.630000114440918 28.360000610351562 AB 3.252461803176052 1.1092664953279132
61029.0816 lsst_hardware_u 1.9289866885740852 2.6700000762939453 28.399999618530273 AB 6.03343248721235 1.1198946611998308
61029.1003 lsst_hardware_g 9.313488692757602 13.880000114440918 31.399999618530273 AB 3.6114926383519457 1.1048543444288936
61031.0804 lsst_hardware_r 25.990795050019965 22.84000015258789 31.479999542236328 AB 6.058157352343299 1.1151351121016484
61031.0994 lsst_hardware_i 28.35165467469717 30.81999969482422 31.239999771118164 AB 4.482898092758779 1.103437338223958
61033.0824 lsst_hardware_z -56.836098963243856 42.0099983215332 30.950000762939453 AB 7.120327089620292 1.1087110408667993
61033.1015 lsst_hardware_r 17.656836548680655 23.030000686645508 31.489999771118164 AB 6.801258208189507 1.1029961685849403
61035.0854 lsst_hardware_z 15.789187118602651 42.38999938964844 30.940000534057617 AB 8.297871953466197 1.1042970327336628
61035.1054 lsst_hardware_r -15.632664183943087 25.030000686645508 31.510000228881836 AB 8.310601467578019 1.105745843341203
61037.0817 lsst_hardware_i 11.788601378334164 38.04999923706055 31.280000686645508 AB 6.838869425671462 1.1037555561123913
61037.102 lsst_hardware_z -26.526198566273735 45.29999923706055 30.950000762939453 AB 5.971052853628563 1.10684370742011
61039.082 lsst_hardware_r 9.88495109660978 94.27999877929688 32.380001068115234 AB 9.21389396664117 1.1028879982413722
61039.1028 lsst_hardware_z -56.60633318179606 81.26000213623047 31.719999313354492 AB 8.311400739842133 1.111286018541881
61041.0851 lsst_hardware_y 27.257834343416715 55.470001220703125 30.030000686645508 AB 7.651035708810576 1.1041475271613217
61041.1057 lsst_hardware_r -121.03188432121438 90.19000244140625 31.639999389648438 AB 7.758928740156805 1.119863395351464
61044.0475 lsst_hardware_z -17.258696764775998 58.810001373291016 30.969999313354492 AB 2.5568063336012865 1.1126224254139627
61044.0684 lsst_hardware_i -45.16620624277237 62.029998779296875 31.309999465942383 AB 2.464121003222591 1.10288508592261
61047.049 lsst_hardware_y -57.90607412925737 49.599998474121094 30.020000457763672 AB 10.77261762975886 1.105819552930313
61047.0708 lsst_hardware_r -39.50733028777739 23.049999237060547 31.479999542236328 AB 10.889768120623412 1.1049152140246483
61050.0492 lsst_hardware_y 51.877804080860415 50.529998779296875 30.030000686645508 AB 9.924482536465286 1.1031288480695005
61050.0708 lsst_hardware_r -38.06562488165695 22.969999313354492 31.489999771118164 AB 10.076528788957114 1.1097091284046585
61055.0402 lsst_hardware_y -29.280571524083275 59.16999816894531 30.040000915527344 AB 6.48670415164047 1.1028996262246826
61055.0599 lsst_hardware_z -58.92349001714448 42.34000015258789 30.940000534057617 AB 6.637012810973503 1.111960261524353
61057.0405 lsst_hardware_y 56.352225806105636 58.38999938964844 30.049999237060547 AB 4.140962473957585 1.1038641746821358
61057.062 lsst_hardware_u -1.1489028555540848 2.799999952316284 28.469999313354492 AB 3.0594180206921635 1.1198455419810263
