data/validation/pwv_sim_epoch_fit_seasonal/50010409.ecsv
# %ECSV 0.9
# ---
# datatype:
# - {name: time, datatype: float64}
# - {name: band, datatype: string}
# - {name: flux, datatype: float64}
# - {name: fluxerr, datatype: float64}
# - {name: zp, datatype: float64}
# - {name: zpsys, datatype: string}
# - {name: pwv, datatype: float64}
# - {name: airmass, datatype: float64}
# meta: {SNID: '50010409', alt: 1024.0, c: 0.015875091776251793, dec: -44.20153, lat: -30.244573, lon: -70.7499537, ra: 343.58606, t0: 63051.82421875,
#   x0: 3.97016477547952e-06, x1: -0.1756446659564972, z: 0.6743826270103455}
# schema: astropy-2.0
time band flux fluxerr zp zpsys pwv airmass
63036.4265 lsst_hardware_r 625.0145261927945 33.41452522829415 31.5 AB 2.704622984687367 1.0335151360140242
63036.4389 lsst_hardware_y 250.6649728444665 58.0017030129917 30.059999465942383 AB 2.73482064705099 1.0411753732427627
63040.2561 lsst_hardware_r 2654.1975605339385 65.59150606706166 32.630001068115234 AB 5.146933308505584 1.3553180685538393
63040.2794 lsst_hardware_u 7.205448728012949 5.4642543616342305 29.450000762939453 AB 4.716399180251968 1.242792932872719
63048.4105 lsst_hardware_g 234.24692306118985 20.07968285136484 31.399999618530273 AB 10.135172495603731 1.0448631438766733
63048.4223 lsst_hardware_r 1216.3463803585548 41.17193009058475 31.479999542236328 AB 9.920358392817134 1.057532342351363
63051.4019 lsst_hardware_r 1285.8443755586711 94.83162853484632 31.649999618530273 AB 6.5921467858247995 1.0444935226299104
63051.4136 lsst_hardware_i 1458.464700875687 78.34276072042016 31.329999923706055 AB 6.662883817630577 1.056901596980413
63053.4226 lsst_hardware_r 1364.8532119754923 97.23148528592642 31.649999618530273 AB 5.652046936482181 1.0778121541728034
63053.4352 lsst_hardware_z 933.2953822885406 74.23163851755162 30.979999542236328 AB 5.808203844219312 1.101446706342258
63061.3217 lsst_hardware_r 808.6647456505219 36.65142025361101 31.5 AB 6.233808646653576 1.03457118025944
63061.3337 lsst_hardware_u 3.209905407152978 2.75723790714578 28.459999084472656 AB 5.873045039636456 1.0303587788835888
63063.3515 lsst_hardware_i 1004.1595232242074 43.42217204757925 31.25 AB 1.5016559007110932 1.032953328090176
63063.3637 lsst_hardware_z 745.4794111801815 49.69232107725693 30.950000762939453 AB 1.5613503378704077 1.0400335306380735
63066.4078 lsst_hardware_r 578.4622153528443 33.816416815255195 31.489999771118164 AB 3.1677323852785078 1.119504892456164
63066.4194 lsst_hardware_u -1.1048472793302655 2.717089545131917 28.389999389648438 AB 3.6445020369749503 1.1496851851655994
63070.3409 lsst_hardware_g 49.868756127824504 15.447247517902374 31.43000030517578 AB 4.682014590242933 1.0374697642490769
63070.3538 lsst_hardware_r 506.77758370659575 31.49321027674877 31.5 AB 4.662153819445198 1.0480675502685624
63071.1719 lsst_hardware_r 377.2174995017478 31.581673252060245 31.450000762939453 AB 7.448179958385564 1.3529026323054427
63071.1842 lsst_hardware_i 673.0668399857384 41.037136075653166 31.219999313354492 AB 7.124520570055742 1.2895448858286902
63078.2178 lsst_hardware_r 449.92062356652053 64.65143127409934 31.6299991607666 AB 3.556408255523956 1.1113775798512362
63078.2329 lsst_hardware_i 377.52735951935455 56.659962605272376 31.309999465942383 AB 3.4603267468163086 1.0813521083800963
63080.3739 lsst_hardware_i 451.12664785086616 84.79512029219916 31.31999969482422 AB 1.643972372542539 1.1301368280539912
63080.3859 lsst_hardware_z 529.8133085283199 76.26935881472575 30.969999313354492 AB 2.1589221295349086 1.1635258041147447
63082.3303 lsst_hardware_z 399.41990440261225 75.51192044753685 30.989999771118164 AB 1.9616980061041853 1.0585653419035086
63082.3415 lsst_hardware_r 207.89967164561273 106.59694328659671 31.649999618530273 AB 2.0033331815430095 1.0746534724414893
63086.2479 lsst_hardware_z 730.3985929836671 70.18934013173833 31.709999084472656 AB 3.217224714674934 1.0378144240886884
63089.2299 lsst_hardware_r 126.95935303720287 25.386545860436378 31.5 AB 6.733984484805544 1.0455956448639632
63089.2418 lsst_hardware_z 308.251116914227 44.46287461376238 30.950000762939453 AB 6.694726525689547 1.0364958237636703
63096.3051 lsst_hardware_z 252.66002403587834 44.383891275543945 30.950000762939453 AB 3.615479208500726 1.077639108345969
63096.3169 lsst_hardware_r 109.05358266599626 24.995372680326202 31.5 AB 3.6450844867113323 1.0995729974996478
63101.2562 lsst_hardware_z 223.0642232555748 43.440981086845206 30.950000762939453 AB 1.9923005947728174 1.0374314227500026
63101.2689 lsst_hardware_r 62.59426071100559 24.36895048906063 31.5 AB 2.019123747369445 1.0478068227137753
63117.2385 lsst_hardware_z 11.387928812161116 44.28192283589233 30.950000762939453 AB 2.5650956481236378 1.0635459808404277
63117.2492 lsst_hardware_r 117.47133229444374 30.38661996370498 31.549999237060547 AB 2.620065505338833 1.0800682261788388
63122.2346 lsst_hardware_r 69.85669037754897 23.749730487010936 31.489999771118164 AB 2.5390545579071855 1.0784600982191075
63122.246 lsst_hardware_z 175.08620566418315 43.17785007802703 30.940000534057617 AB 2.5800320285177536 1.099757897918906
63126.1414 lsst_hardware_z 44.791726546757396 42.398011056005274 30.950000762939453 AB 0.7473980553397459 1.0361340878080705
63126.1524 lsst_hardware_u 1.5445415112921936 2.803790228014193 28.540000915527344 AB 0.6043423892606559 1.0313010055642593
63133.2163 lsst_hardware_i 105.71399706224275 34.93186777240367 31.25 AB 4.249209445015896 1.1004513410778936
63133.2279 lsst_hardware_z 149.2561618207591 44.960331735719144 30.940000534057617 AB 4.323480061561758 1.1268844643514575
63137.2285 lsst_hardware_z -64.1488781212919 63.84000015258789 30.969999313354492 AB 4.336587543538685 1.1582250283210376
63137.24 lsst_hardware_r -79.05467125141003 84.56999969482422 31.610000610351562 AB 4.535527077058482 1.1951322996201534
63143.2139 lsst_hardware_r -43.346560177087696 55.16999816894531 31.600000381469727 AB 3.0562947806348313 1.163564002779758
63143.2255 lsst_hardware_i 106.2850293187255 48.40999984741211 31.280000686645508 AB 3.132684287117154 1.2017586217002605
63145.1784 lsst_hardware_i -31.59961974895174 36.459999084472656 31.270000457763672 AB 5.27199876824403 1.0902696242878773
63145.1905 lsst_hardware_z -36.03265785807026 44.93000030517578 30.950000762939453 AB 5.284697671815735 1.115738978531625
63147.0827 lsst_hardware_i -33.82634476733266 30.1299991607666 31.25 AB 5.011113860913411 1.036960964492272
63147.0938 lsst_hardware_z -16.29662227711017 40.83000183105469 30.940000534057617 AB 9.767076201508974 1.0316970742060816
63149.083 lsst_hardware_r -11.70399119562778 22.15999984741211 31.489999771118164 AB 2.494435269028717 1.0338199636784071
63149.0946 lsst_hardware_u 3.523726134445013 2.5999999046325684 28.399999618530273 AB 3.270605511964015 1.0301660492300284
63151.1617 lsst_hardware_r -23.76598635491529 22.43000030517578 31.479999542236328 AB 6.594327991350422 1.089671383864019
63151.1724 lsst_hardware_i 30.351783650942725 30.809999465942383 31.239999771118164 AB 6.911761090736283 1.1118114355071769
63155.1547 lsst_hardware_g -10.703669278291226 13.670000076293945 31.399999618530273 AB 8.649698921374206 1.0973293905961568
63155.1654 lsst_hardware_r 7.4440501853007826 22.799999237060547 31.479999542236328 AB 8.766731828751315 1.1209459983485963
63157.1582 lsst_hardware_i 4.987601451383837 30.93000030517578 31.239999771118164 AB 6.8454084619786615 1.1168275715649705
63157.1691 lsst_hardware_z -39.16123695628041 42.63999938964844 30.940000534057617 AB 6.655568292955278 1.1445517270773933
63159.1447 lsst_hardware_z -19.082560415075232 41.81999969482422 30.940000534057617 AB 3.724845451919969 1.0992068026519681
63159.1548 lsst_hardware_i -27.014048297819322 30.8700008392334 31.239999771118164 AB 3.717389137647451 1.121722733146485
63161.1426 lsst_hardware_z 54.81352942286095 42.91999816894531 30.950000762939453 AB 4.143076422313775 1.106295439870167
63161.1537 lsst_hardware_g -16.765988983642696 17.059999465942383 31.479999542236328 AB 4.237933570766329 1.1326073550521358
63163.1411 lsst_hardware_r -52.45685633037411 45.38999938964844 31.600000381469727 AB 3.229235381107858 1.1151637334395275
63163.1517 lsst_hardware_i 13.643880948032786 44.130001068115234 31.280000686645508 AB 3.2249317021119555 1.1417708274427174
63166.139 lsst_hardware_z -9.293147528856899 58.810001373291016 30.969999313354492 AB 4.102582654726728 1.129928663225494
63166.1496 lsst_hardware_r -54.27636073525543 74.94000244140625 31.6200008392334 AB 4.254777153769542 1.1590766366682068
63170.1405 lsst_hardware_i -25.13146931270801 63.40999984741211 31.299999237060547 AB 4.382811824955031 1.16455741330032
63170.1512 lsst_hardware_z -24.273732749767504 59.720001220703125 30.959999084472656 AB 4.41437960503757 1.1997226810810082
63172.0921 lsst_hardware_r 33.199610376269796 45.630001068115234 31.610000610351562 AB 5.951583425511565 1.0689866951972087
63172.1039 lsst_hardware_u -5.3371783000335205 10.479999542236328 29.229999542236328 AB 5.905013535071797 1.0888162633814007
63181.0451 lsst_hardware_g 1.8432893691640992 13.850000381469727 31.420000076293945 AB 3.609827082570527 1.0429007364900067
63181.0561 lsst_hardware_r -12.871810045082634 22.6299991607666 31.489999771118164 AB 3.6834738675563967 1.0538764582203224
