data/validation/pwv_sim_epoch_fit_seasonal/50161375.ecsv
# %ECSV 0.9
# ---
# datatype:
# - {name: time, datatype: float64}
# - {name: band, datatype: string}
# - {name: flux, datatype: float64}
# - {name: fluxerr, datatype: float64}
# - {name: zp, datatype: float64}
# - {name: zpsys, datatype: string}
# - {name: pwv, datatype: float64}
# - {name: airmass, datatype: float64}
# meta: {SNID: '50161375', alt: 1024.0, c: -0.0772373229265213, dec: -37.1689, lat: -30.244573, lon: -70.7499537, ra: 338.027344, t0: 62770.52734375,
#   x0: 2.3367771686994336e-06, x1: 0.2724166214466095, z: 0.8360411524772644}
# schema: astropy-2.0
time band flux fluxerr zp zpsys pwv airmass
[from data line 133]
63089.1779 lsst_hardware_u 0.5872283610291016 2.7200000286102295 28.420000076293945 AB 7.992303805038449 1.081624514046029
63095.1652 lsst_hardware_i 26.356837902027166 30.959999084472656 31.25 AB 4.577374915899033 1.0737449955193603
63095.1833 lsst_hardware_z 12.725073585778636 41.130001068115234 30.950000762939453 AB 4.58989170504531 1.0419928576125865
63096.2925 lsst_hardware_i 0.933001551170085 30.950000762939453 31.260000228881836 AB 3.509969214419139 1.0633048210903178
63096.3031 lsst_hardware_z 58.44647892153183 41.79999923706055 30.950000762939453 AB 3.6598715910607784 1.0852907082988446
63112.0945 lsst_hardware_g -104.7107724027986 92.58999633789062 31.690000534057617 AB 0.7200415290490452 1.1357121909290933
63112.1127 lsst_hardware_r -106.69286881823321 89.20999908447266 31.649999618530273 AB 0.5973318600318426 1.0870461511031257
63112.2464 lsst_hardware_z -131.63868418527744 88.63999938964844 31.739999771118164 AB 0.8597964823709815 1.0588626630179103
63114.0902 lsst_hardware_i -28.433442557938005 31.530000686645508 31.25 AB 1.6877984969940598 1.1321807794695133
63114.1096 lsst_hardware_z -3.2931695129007723 46.84000015258789 30.959999084472656 AB 1.6078869498414463 1.0817202106911115
63114.1466 lsst_hardware_r 27.58707882514094 49.52000045776367 31.639999389648438 AB 1.4750264585676967 1.0236130871392761
63114.1587 lsst_hardware_g -51.57713854505572 51.75 31.729999542236328 AB 1.5396431170196607 1.0139236858871654
63117.0657 lsst_hardware_z -79.38813471828568 43.70000076293945 30.940000534057617 AB 2.6979046658533794 1.1878065743410828
63117.0827 lsst_hardware_r -8.342687926889516 23.5 31.489999771118164 AB 2.5813535265972503 1.1301073447342942
63119.0885 lsst_hardware_g 14.64252906778214 14.210000038146973 31.399999618530273 AB 3.8604277504176814 1.0992628020742294
63122.1444 lsst_hardware_u -3.936592381432932 2.7100000381469727 28.459999084472656 AB 3.70676598181805 1.0100179786970163
63122.1554 lsst_hardware_g 19.550294202146915 13.989999771118164 31.43000030517578 AB 3.6418286280776844 1.0071892956195485
63124.0858 lsst_hardware_u -0.1872468261200627 2.680000066757202 28.420000076293945 AB 1.0833347872936328 1.0742040528446755
63124.1039 lsst_hardware_g -15.897853038175684 14.210000038146973 31.440000534057617 AB 1.099989742547081 1.0423149803036145
63126.0651 lsst_hardware_g 17.597571842714693 14.279999732971191 31.420000076293945 AB 0.3697532470160383 1.1103701111568587
63126.0823 lsst_hardware_r -19.27155241217534 23.1299991607666 31.5 AB 0.3701093467859646 1.0701957015497772
63131.0477 lsst_hardware_u -5.7696594222426345 3.4100000858306885 28.610000610351562 AB 2.8317629304867498 1.1207135373449697
63131.0557 lsst_hardware_r 12.0848986597671 24.59000015258789 31.510000228881836 AB 2.7934508660004274 1.099350990161522
63131.0765 lsst_hardware_i 13.723926147220086 44.290000915527344 32.0 AB 2.692365898433113 1.0555193172332786
63131.0941 lsst_hardware_z 5.412579947384733 41.220001220703125 30.950000762939453 AB 3.383967053187712 1.030126956830354
63133.2074 lsst_hardware_i -24.15789532711671 34.56999969482422 31.25 AB 4.135389106560675 1.097939494639584
63133.219 lsst_hardware_z 11.629976087376408 44.2599983215332 30.940000534057617 AB 4.327250734693459 1.129535561131034
63137.0006 lsst_hardware_y -46.009020507993796 59.0 29.989999771118164 AB 5.847371377090363 1.231155148350429
63137.0227 lsst_hardware_z 111.96680900707685 69.26000213623047 30.979999542236328 AB 5.410737384477728 1.146869124487404
63143.1627 lsst_hardware_r -14.504548111527368 52.95000076293945 31.6299991607666 AB 1.9177867710775103 1.0605761211544367
63143.1747 lsst_hardware_g 36.99748443897515 56.77000045776367 31.700000762939453 AB 2.394159357529377 1.0851303931994947
63149.0011 lsst_hardware_y -105.4108989134696 49.41999816894531 30.020000457763672 AB 2.67267424100341 1.1136142670847542
63149.0475 lsst_hardware_r -8.620862873896227 32.0 32.25 AB 2.4668009697568176 1.0272630357120789
63149.0858 lsst_hardware_u 4.173082795878848 2.690000057220459 28.459999084472656 AB 3.2138401462705968 1.006999889165091
63155.0018 lsst_hardware_y -7.264035891703707 50.779998779296875 30.040000915527344 AB 8.384936985005446 1.0728713954264046
63155.0211 lsst_hardware_i 5.408781007978102 30.360000610351562 31.25 AB 8.111355587977146 1.0396841206110492
63157.001 lsst_hardware_y -77.81528950259408 53.119998931884766 30.049999237060547 AB 5.612324599267563 1.063678930937016
63157.0187 lsst_hardware_r -29.514275541219316 22.709999084472656 31.5 AB 5.446160055857197 1.0355557070240273
63163.134 lsst_hardware_r 48.49558034186814 47.439998626708984 31.610000610351562 AB 3.188307238174327 1.1205719139528432
63163.1447 lsst_hardware_i -37.75529741279303 45.52000045776367 31.280000686645508 AB 3.3354768090349958 1.1535454985422777
63166.1376 lsst_hardware_z 14.487892208175255 61.290000915527344 30.969999313354492 AB 4.189118342581197 1.1572150117627618
63166.1482 lsst_hardware_r 74.6836605883837 79.38999938964844 31.6200008392334 AB 4.377490105831812 1.1960355480414786
