data/validation/pwv_sim_epoch_fit_seasonal/50314152.ecsv
# %ECSV 0.9
# ---
# datatype:
# - {name: time, datatype: float64}
# - {name: band, datatype: string}
# - {name: flux, datatype: float64}
# - {name: fluxerr, datatype: float64}
# - {name: zp, datatype: float64}
# - {name: zpsys, datatype: string}
# - {name: pwv, datatype: float64}
# - {name: airmass, datatype: float64}
# meta: {SNID: '50314152', alt: 1024.0, c: 0.01282267551869154, dec: -0.74606, lat: -30.244573, lon: -70.7499537, ra: 234.140625, t0: 62978.59375,
#   x0: 9.564130008690908e-06, x1: 0.4980405867099762, z: 0.4688885509967804}
# schema: astropy-2.0
time band flux fluxerr zp zpsys pwv airmass
62931.3881 lsst_hardware_z 77.18832290757942 64.22000122070312 31.690000534057617 AB 8.581124955275198 1.1482454026394404
62933.3851 lsst_hardware_r -35.683813228872616 64.86000061035156 31.610000610351562 AB 9.821175742601396 1.147870002641574
62933.4038 lsst_hardware_y 155.5061507287032 74.56999969482422 30.030000686645508 AB 9.842344974005375 1.153985810060426
62936.3786 lsst_hardware_z 23.28718717232745 68.0999984741211 30.969999313354492 AB 7.575286605836025 1.1477706978539433
62936.396 lsst_hardware_y 110.6331883646321 60.16999816894531 30.020000457763672 AB 7.618271959196994 1.1542836301813628
62938.3788 lsst_hardware_z -46.3331744896513 68.02999877929688 30.979999542236328 AB 16.284778009861338 1.1483788733389126
62938.3975 lsst_hardware_y 130.31492875794592 60.59000015258789 30.020000457763672 AB 16.481772073087367 1.1607971692004437
62940.3807 lsst_hardware_r 1.5661078159156943 55.689998626708984 31.610000610351562 AB 11.152287927309619 1.1513425713867944
62940.3987 lsst_hardware_y -20.555878464755388 54.06999969482422 30.010000228881836 AB 11.318899295062703 1.1691970589971028
62942.3488 lsst_hardware_i 30.828772830216835 34.7400016784668 31.260000228881836 AB 10.210901444358823 1.1521251817766085
62942.3673 lsst_hardware_r -0.2558150626432271 29.75 31.540000915527344 AB 10.12067097808919 1.1482494869626947
62947.3479 lsst_hardware_r -3.722815541694728 23.899999618530273 31.5 AB 7.136021703046637 1.147793212832212
62947.3665 lsst_hardware_i -40.769095104399945 31.979999542236328 31.25 AB 7.179824446750166 1.1546993682369764
62949.3457 lsst_hardware_z -57.718471155120575 43.28486245889193 30.940000534057617 AB 7.805504530689941 1.147868313336756
62949.3655 lsst_hardware_r 68.95010392311521 23.78576995238654 31.479999542236328 AB 7.879308745823785 1.1587218743858507
62951.3025 lsst_hardware_g -7.846775366869264 14.67181477680746 31.40999984741211 AB 7.419780450773538 1.1769956298815891
62951.3193 lsst_hardware_i 20.83579578768635 32.066072723535406 31.239999771118164 AB 7.3543212899746635 1.1557946393170744
62953.3247 lsst_hardware_r 53.15772164158298 25.05333367457405 31.5 AB 8.418205402431244 1.1491907629820268
62953.3421 lsst_hardware_z 66.21351305621032 43.50288554051203 30.950000762939453 AB 9.091670912659698 1.1497892330025858
62955.3203 lsst_hardware_r 143.57168198264918 26.96761040985529 31.5 AB 7.199462976130797 1.1488351978507303
62955.3387 lsst_hardware_u 2.388436854708829 3.24618768156637 28.479999542236328 AB 7.296546507651009 1.1507689630530131
62957.316 lsst_hardware_g 70.1257521591033 17.122534421212002 31.420000076293945 AB 5.806647210589022 1.1485044754750002
62957.335 lsst_hardware_r 404.54544304731604 30.976830166713256 31.489999771118164 AB 6.912862395761374 1.1517598126893327
62959.3173 lsst_hardware_i 572.5533126224677 39.2899389420397 31.239999771118164 AB 6.607824481713643 1.147789557358642
62959.3359 lsst_hardware_z 394.14741097138193 47.22248684191501 30.940000534057617 AB 6.720899537202624 1.156532508015104
62961.3145 lsst_hardware_r 1366.4045647485132 73.01855790650768 31.6200008392334 AB 7.969933908392217 1.1480746050694637
62961.3331 lsst_hardware_z 651.1369424459738 57.86369786864524 30.959999084472656 AB 8.051614512857576 1.159089399389246
62963.3144 lsst_hardware_z 842.1267511651903 78.29634961274627 30.979999542236328 AB 9.650313315628305 1.1496223621842117
62963.3324 lsst_hardware_i 1164.3478462659555 91.07395024188915 31.31999969482422 AB 9.768936817757973 1.164505168656021
62964.3162 lsst_hardware_z 819.0298927171613 88.26408541402515 30.979999542236328 AB 11.45240286437625 1.1519503975030805
62964.3357 lsst_hardware_r 2032.4671545661054 132.32332767972764 31.6200008392334 AB 10.875575815023325 1.1729482112837926
62967.3 lsst_hardware_y 909.6171802458257 87.04793581137788 30.770000457763672 AB 4.134493513612288 1.1484704204478577
62969.2846 lsst_hardware_r 3237.7642458926766 74.21367007395762 31.610000610351562 AB 13.647930706520382 1.1481955486882407
62969.3029 lsst_hardware_i 2028.4286761056887 63.554742572368 31.290000915527344 AB 14.038239540256406 1.1521706756246282
62971.2912 lsst_hardware_z 1580.0805769091658 58.63799952599077 30.940000534057617 AB 10.775949641537817 1.1491077711091406
62971.3085 lsst_hardware_r 3308.582169034907 63.75399972764825 31.530000686645508 AB 11.423926057546367 1.1620309284454
62974.2898 lsst_hardware_u 3.091973687380374 3.6996666846625272 28.440000534057617 AB 14.707976253801508 1.1525272306391496
62974.3076 lsst_hardware_r 3380.56784559641 62.81060957938938 31.489999771118164 AB 15.092643280261125 1.1717284260851761
62976.2604 lsst_hardware_g 1338.4095906345128 38.28319794860323 31.420000076293945 AB 4.119490515845274 1.149785695449209
62976.2788 lsst_hardware_i 2442.0829203208987 58.26189354257624 31.25 AB 4.127376587470966 1.149580332597985
62982.1698 lsst_hardware_u 6.2907875082994655 2.9701783902649224 28.290000915527344 AB 8.515654949395072 1.3262538532477726
62982.1864 lsst_hardware_g 884.2784799700299 33.671958762538935 31.3700008392334 AB 8.081777600588923 1.2574075719202764
62985.254 lsst_hardware_r 3009.349139849424 59.670151940877226 31.489999771118164 AB 12.246390901603638 1.1494911089150428
62985.2741 lsst_hardware_i 2291.7292470798884 56.96928327779951 31.229999542236328 AB 12.395441424492546 1.1667945050588362
62989.2065 lsst_hardware_z 1621.978527766895 65.60775439729456 30.950000762939453 AB 13.439577590454864 1.1655170922257276
62989.2279 lsst_hardware_r 2794.9061737618504 77.28145117690421 31.610000610351562 AB 13.627546388304541 1.1487114123324986
62994.2369 lsst_hardware_z 1367.1558927006965 109.5516542938673 30.989999771118164 AB 10.284291977929863 1.1537235784081068
62994.2575 lsst_hardware_r 2118.4759301105887 157.2710946393958 31.6299991607666 AB 10.96514395946983 1.179047737577401
62996.138 lsst_hardware_y 1119.185737455458 83.35439805081482 30.719999313354492 AB 9.165389750773997 1.2970655935997166
63001.1835 lsst_hardware_z 957.9571877542764 53.176947361046935 30.940000534057617 AB 7.522110323991425 1.1552039198328319
63001.2034 lsst_hardware_r 1209.8121863741414 42.559866890156016 31.489999771118164 AB 7.486930780237539 1.1478474704916222
63004.1227 lsst_hardware_g 180.0174569122088 19.576149603680832 31.360000610351562 AB 10.764522561894156 1.2706999168049455
63004.1474 lsst_hardware_i 1234.2859349505982 47.38591227407305 31.229999542236328 AB 9.59316809272939 1.1972752689833874
63008.1706 lsst_hardware_z 899.4490383688969 51.785954469654335 30.940000534057617 AB 6.072036128326516 1.15096961694469
63008.193 lsst_hardware_r 759.3263451086189 36.56537476078042 31.5 AB 6.088344171237958 1.1502815091687757
63014.1611 lsst_hardware_r 584.7292120416633 33.09016177435444 31.5 AB 8.172171157119367 1.14834134154702
63014.1821 lsst_hardware_i 784.0798407743529 42.92815360852675 31.239999771118164 AB 8.738232174163072 1.1535873846504372
63016.1671 lsst_hardware_z 1490.1622602704613 75.02344058019628 31.700000762939453 AB 14.244165862400987 1.1487230534194344
63016.1904 lsst_hardware_r 978.6082392066885 54.92400946738562 32.29999923706055 AB 14.48423219163423 1.168083241260825
63018.1641 lsst_hardware_z 833.9688258003449 60.55739691604228 30.959999084472656 AB 8.194980031448653 1.1495810387330945
63018.1855 lsst_hardware_r 539.1766312112424 64.81325008586924 31.610000610351562 AB 8.746348406946598 1.168868184417039
63021.1305 lsst_hardware_z 554.3161623172464 102.43563258718825 30.979999542236328 AB 12.404411273694818 1.153943449624736
63021.1511 lsst_hardware_i 627.0644314141825 120.48173892768506 31.31999969482422 AB 12.302092314045257 1.1481633892167846
63023.1294 lsst_hardware_z 619.4832267584244 85.36411931840371 30.989999771118164 AB 6.463468211789491 1.1511074286357064
63023.151 lsst_hardware_r 212.79379553989324 123.25288850307231 31.639999389648438 AB 6.479771535273653 1.1498130663248431
63033.0858 lsst_hardware_r 286.4707090286459 28.148158414211306 31.479999542236328 AB 9.22837830992979 1.1662668869772972
63037.077 lsst_hardware_i 374.8815562666339 36.91747732249054 31.239999771118164 AB 4.3114543996270065 1.163580712385842
63037.1012 lsst_hardware_z 458.6657081374042 47.11747225354847 30.940000534057617 AB 4.3389075990525185 1.1478844592832942
63043.0798 lsst_hardware_r 372.69444191410673 41.835894509020136 32.27000045776367 AB 4.53884877085222 1.1489302039873992
63043.1016 lsst_hardware_z 771.2043675845216 66.71347581022712 31.690000534057617 AB 5.574150739568372 1.1526763548994812
63045.0806 lsst_hardware_g 88.55213675595735 33.023735705108884 31.6200008392334 AB 8.08111294531533 1.1478038413913338
63047.0392 lsst_hardware_r 282.23479569992264 70.15749912487162 31.610000610351562 AB 4.066547758627971 1.1790512492397713
63047.0567 lsst_hardware_z 403.93604922218196 61.07383335302578 30.959999084472656 AB 3.7317788462395853 1.1562444140169126
63049.0412 lsst_hardware_r 279.7244054590911 105.1500768884367 31.6299991607666 AB 10.254692867147154 1.1674950608694887
63049.0611 lsst_hardware_y -64.53677372230439 61.75562635420896 30.020000457763672 AB 9.78911108844057 1.1498001572092873
63052.0433 lsst_hardware_z 113.76150168020438 97.30000305175781 31.719999313354492 AB 4.864358401257473 1.156024494298128
63052.0658 lsst_hardware_r 96.29118956411315 99.41000366210938 31.6299991607666 AB 4.832377692391776 1.1480604297901666
63057.0367 lsst_hardware_i 26.261198131058983 45.040000915527344 31.989999771118164 AB 9.408814858212015 1.1510426985273063
63057.0578 lsst_hardware_z -23.95195393395975 42.91999816894531 30.940000534057617 AB 9.627429804357654 1.1496696917303426
63067.0221 lsst_hardware_r -20.89415747156237 33.97999954223633 32.25 AB 3.381051414081856 1.147805164902746
63067.0482 lsst_hardware_u 5.953733775484747 3.9000000953674316 29.170000076293945 AB 3.276153706943328 1.164233726703386
63069.0112 lsst_hardware_g 35.93675922536693 14.59000015258789 31.399999618530273 AB 6.8950441291749005 1.1482968503240416
63069.0338 lsst_hardware_r -12.9738848887717 23.8799991607666 31.479999542236328 AB 6.988073889440427 1.1550535354446987
63072.0077 lsst_hardware_i 51.58243946176778 33.04999923706055 31.239999771118164 AB 5.950358370419523 1.1477945739436468
63072.0296 lsst_hardware_z 46.898323582499174 43.91999816894531 30.940000534057617 AB 5.994460737408167 1.1586857518910152
63078.9727 lsst_hardware_y 23.123674857847963 56.25 30.010000228881836 AB 5.349635106774347 1.1535394023699872
63078.9941 lsst_hardware_z -69.21068952038024 62.310001373291016 30.969999313354492 AB 5.337545415351741 1.1484766896937582
63084.9713 lsst_hardware_y 46.480996210165365 77.54000091552734 30.770000457763672 AB 3.6271005265920415 1.1478166223392536
63084.9922 lsst_hardware_z -60.71481078773864 61.06999969482422 31.690000534057617 AB 3.6857694352810633 1.156864229529524
