data/validation/pwv_sim_epoch_fit_seasonal/50333285.ecsv
# %ECSV 0.9
# ---
# datatype:
# - {name: time, datatype: float64}
# - {name: band, datatype: string}
# - {name: flux, datatype: float64}
# - {name: fluxerr, datatype: float64}
# - {name: zp, datatype: float64}
# - {name: zpsys, datatype: string}
# - {name: pwv, datatype: float64}
# - {name: airmass, datatype: float64}
# meta: {SNID: '50333285', alt: 1024.0, c: 0.13914698362350464, dec: -2.985506, lat: -30.244573, lon: -70.7499537, ra: 226.582031, t0: 61489.87890625,
#   x0: 5.654374223692256e-06, x1: 1.426621675491333, z: 0.583043098449707}
# schema: astropy-2.0
time band flux fluxerr zp zpsys pwv airmass
61460.3705 lsst_hardware_i -17.631029470818067 71.0603934655579 31.309999465942383 AB 11.45325138738366 1.1416623055081938
61460.3892 lsst_hardware_y 32.050221517188035 58.36064219590131 30.030000686645508 AB 12.075792957596928 1.125930564335932
61462.3795 lsst_hardware_z -55.79304576328796 63.5881200093613 30.969999313354492 AB 6.750730024780277 1.128130017510073
61462.3969 lsst_hardware_y -143.30487488845512 68.76216074351676 30.030000686645508 AB 6.567640437114159 1.124082685494208
61464.3824 lsst_hardware_i 187.8385299271319 42.5841858579609 31.280000686645508 AB 5.335211735715346 1.1245440319782223
61464.4008 lsst_hardware_y -17.36777913905594 68.78398456605444 30.040000915527344 AB 5.314644999958371 1.1273375521371076
61466.3864 lsst_hardware_z 294.354499606521 68.11303496755198 31.700000762939453 AB 3.464618416226695 1.1241461441358518
61468.3746 lsst_hardware_r 429.98695699681764 31.56286715088474 31.489999771118164 AB 8.270178007045024 1.1239836466905293
61468.3933 lsst_hardware_y 52.706103256459365 52.49419017241412 30.010000228881836 AB 7.702597579906572 1.1294821403907724
61472.3463 lsst_hardware_i 828.067697743226 42.59341321881605 31.239999771118164 AB 9.207292601227122 1.132508315034097
61472.3661 lsst_hardware_u -1.6325100222708893 3.191848558960882 28.31999969482422 AB 9.107873782851371 1.1238391933678573
61474.3469 lsst_hardware_g 186.30811714406164 20.51578951563693 31.420000076293945 AB 9.404753212453095 1.1280289316071999
61474.3659 lsst_hardware_r 1010.5157922861729 40.56280624292377 31.5 AB 9.510279535609826 1.124401257449189
61476.3497 lsst_hardware_i 1141.5493900967174 46.979673266132274 31.25 AB 7.657462263507116 1.1245263622155983
61476.3687 lsst_hardware_r 1286.534205091381 43.252153047991364 31.510000228881836 AB 7.737496827294743 1.1277095029760966
61477.3476 lsst_hardware_u -2.3049921853519884 2.993425084050589 28.459999084472656 AB 14.518008455040901 1.1243810761338853
61477.3662 lsst_hardware_g 293.64032601006323 22.41370238867299 31.420000076293945 AB 14.567801199842465 1.1278443231403603
61481.3644 lsst_hardware_z 1235.3761778251514 54.61686635346125 30.940000534057617 AB 10.076515777396954 1.1350836336809424
61481.3862 lsst_hardware_r 1639.4533075533213 47.605169426749036 31.489999771118164 AB 10.601842219831836 1.1680754584999635
61485.2388 lsst_hardware_i 3500.6109325027023 119.93389536763432 32.040000915527344 AB 7.596298409782354 1.3351042960540782
61485.2574 lsst_hardware_z 2802.0210568022167 106.07398152935457 31.719999313354492 AB 5.671987165996146 1.251127642218186
61489.322 lsst_hardware_i 1843.6844351943353 99.52698001845894 31.329999923706055 AB 6.9346908326193715 1.1239369258702527
61489.3428 lsst_hardware_r 2023.709544205288 116.2440528073395 31.639999389648438 AB 7.553506360096329 1.135324987113354
61492.3128 lsst_hardware_z 1369.2216001663069 64.13970364897956 30.969999313354492 AB 8.440225406357259 1.1238649009796617
61492.3312 lsst_hardware_r 1765.9665183239736 70.30160399388176 31.6200008392334 AB 8.449582756247626 1.132145970019749
61494.316 lsst_hardware_i 1791.6526654714971 55.26411164910281 31.270000457763672 AB 7.205310654292483 1.12591775205758
61494.3323 lsst_hardware_z 1482.1745119948512 58.291524550760364 30.950000762939453 AB 7.188246962748427 1.1387321921186047
61497.3152 lsst_hardware_r 1500.8060817183934 46.085922405095275 31.5 AB 9.956733053684387 1.1302588817077974
61497.3343 lsst_hardware_u 2.536542050441451 3.022657545100089 28.469999313354492 AB 10.38280833980854 1.1529301273997148
61499.2867 lsst_hardware_u -0.09962050953415352 2.7365065476757593 28.350000381469727 AB 7.288185276025841 1.1245753286911417
61499.3056 lsst_hardware_g 160.8028075128865 19.61231333415586 31.40999984741211 AB 7.852031640788823 1.1275309594632263
61501.2854 lsst_hardware_r 1328.7941915850367 43.628912501518045 31.489999771118164 AB 16.408904503944747 1.1238975687633388
61501.3032 lsst_hardware_z 1252.15083414241 54.932923992366774 30.940000534057617 AB 18.89498284299283 1.1294747350703909
61505.287 lsst_hardware_r 1111.6120361049743 41.33452822622511 31.489999771118164 AB 4.7608336804156055 1.1263802083002221
61505.3041 lsst_hardware_i 1271.4904997928904 47.54161615412822 31.239999771118164 AB 6.077131785732238 1.1409240187237844
61513.2143 lsst_hardware_r 761.6530462356604 78.44843459056158 31.6200008392334 AB 13.778756938982308 1.1593807332173123
61513.2324 lsst_hardware_z 845.4095766112587 64.91947162936535 30.969999313354492 AB 13.485709557958264 1.1343093686381516
61518.2536 lsst_hardware_z 704.3044838764322 86.73782367137481 30.989999771118164 AB 6.420141883473622 1.1274615495182851
61518.2711 lsst_hardware_r 630.365075737076 130.87342992526766 31.639999389648438 AB 6.513694825904392 1.1441585852633747
61522.2215 lsst_hardware_g 13.777805689235823 40.7179006540202 31.65999984741211 AB 3.201792196797982 1.1253113774880878
61522.2378 lsst_hardware_r 352.38905134398135 46.9871675608188 31.59000015258789 AB 3.1745844297141343 1.1252403827077126
61524.2259 lsst_hardware_i 491.45607145382024 41.092889721648355 31.260000228881836 AB 11.785526494254464 1.1238939407725417
61524.2433 lsst_hardware_z 776.1289689628693 51.1453825593118 30.940000534057617 AB 11.787385305337562 1.1316976322851053
61526.2226 lsst_hardware_r 286.8875142442815 29.832296968210684 31.5 AB 10.300171351247542 1.12414559275839
61526.2398 lsst_hardware_u 3.966958076750461 2.8287369257840194 28.40999984741211 AB 10.380945005494366 1.1334146746909453
61528.2231 lsst_hardware_g 11.076374378446438 15.916299822777498 31.440000534057617 AB 13.392453366790232 1.1258893120462574
61528.2418 lsst_hardware_i 484.8222067289181 38.182652358058505 31.239999771118164 AB 13.537592525238345 1.1415458744614508
61530.2156 lsst_hardware_z 628.6259403870612 49.83960650715427 30.950000762939453 AB 10.346975384194128 1.1251196546660764
61530.2341 lsst_hardware_r 169.48969584874902 28.82771959468033 31.5 AB 10.394547566350388 1.1388372908863913
61533.2169 lsst_hardware_r 207.88121506597324 28.25938927209 31.510000228881836 AB 10.07621817895464 1.1302544227655231
61533.2362 lsst_hardware_i 315.8167071065567 37.599771760880145 31.239999771118164 AB 10.329898931394872 1.1532444591135529
61535.1852 lsst_hardware_i 373.94439705688677 37.10185460565723 31.25 AB 7.0189653332397945 1.1256158657037143
61535.205 lsst_hardware_z 649.431217480882 48.92287050754179 30.950000762939453 AB 6.984812370385967 1.1263404166393196
61541.158 lsst_hardware_z 446.35481115538255 59.60046911811311 30.969999313354492 AB 7.635167071733672 1.132436066852115
61541.1797 lsst_hardware_r 167.40820317620796 65.84766522971361 31.6299991607666 AB 6.061261333376359 1.1239127263816509
61543.1618 lsst_hardware_y 301.8691816313287 90.57184950916269 30.790000915527344 AB 8.909450955792916 1.1262816453818236
61547.1414 lsst_hardware_r 73.87564460496532 106.60060753879354 31.639999389648438 AB 5.643887109868864 1.1326283583923065
61547.1626 lsst_hardware_i 159.85307990589556 85.11226132771849 31.31999969482422 AB 5.567646187728913 1.1238688307890417
61551.1115 lsst_hardware_i 274.8757833410071 40.279444597011015 31.260000228881836 AB 7.429472915694247 1.1576745528343941
61551.1331 lsst_hardware_z 341.8702251650578 49.816165316564586 30.950000762939453 AB 6.611960709125014 1.1304751447511123
61553.1267 lsst_hardware_r 150.48224952867128 26.20618744474895 31.489999771118164 AB 8.202415942724057 1.1312116870395887
61553.1474 lsst_hardware_u 0.07893239273743731 2.770454024013151 28.399999618530273 AB 8.050338107573875 1.1239564548096161
61560.1219 lsst_hardware_u -0.6422256417497508 2.7253480509573946 28.399999618530273 AB 13.111265303389457 1.1242081830961927
61560.1436 lsst_hardware_g -19.560186066077357 14.866616038943823 31.420000076293945 AB 12.116321799396811 1.130579081302627
61562.1132 lsst_hardware_r 92.68263962870874 25.88159175683997 31.5 AB 5.7375518423809195 1.1250101651727293
61562.1343 lsst_hardware_i 118.87667646890768 34.35531126599443 31.25 AB 6.367585075362169 1.1279544883507362
61571.074 lsst_hardware_i -67.94058633012719 84.12999725341797 31.31999969482422 AB 15.341245089738642 1.1343578845084155
61571.093 lsst_hardware_z -57.70605890855152 73.7699966430664 30.979999542236328 AB 13.946020714898951 1.1240369988836176
61573.0684 lsst_hardware_r 27.392882259242477 122.16000366210938 31.639999389648438 AB 6.696628674109834 1.1344930200516428
61573.0887 lsst_hardware_z 114.73316208889872 84.2300033569336 30.989999771118164 AB 6.069625372557778 1.1239179765556646
61577.0739 lsst_hardware_z -84.7444885432628 58.58000183105469 30.969999313354492 AB 3.731244212214478 1.1245461760742852
61577.0933 lsst_hardware_r 161.20670971288706 77.02999877929688 31.6299991607666 AB 3.3837955757991622 1.1279318585997207
61579.0361 lsst_hardware_r 0.3699810094038269 23.959999084472656 31.479999542236328 AB 3.7050449227802895 1.1558399384745872
61579.0552 lsst_hardware_u 2.8445687298377083 4.760000228881836 28.760000228881836 AB 3.394896345794675 1.1316321152648916
61581.0344 lsst_hardware_g 34.101598590939105 14.75 31.40999984741211 AB 5.838990102362856 1.1497092614261335
61581.0534 lsst_hardware_r 3.1495264150175757 23.950000762939453 31.489999771118164 AB 5.382319305853308 1.1289013278492228
61583.0375 lsst_hardware_i -35.31277667525285 31.93000030517578 31.239999771118164 AB 9.447719339163228 1.138279438453401
61583.0566 lsst_hardware_z 36.935197481697145 42.709999084472656 30.940000534057617 AB 8.469676365431203 1.1247910179855825
61588.0927 lsst_hardware_z -12.417119706182117 61.16999816894531 31.690000534057617 AB 10.235140860205941 1.1653575186677732
61588.1226 lsst_hardware_r -94.73940767345054 34.59000015258789 32.209999084472656 AB 10.95305657289209 1.2499684159569635
61590.0424 lsst_hardware_u -2.9572570464527628 2.7899999618530273 28.450000762939453 AB 9.508861483586543 1.123912473682039
61590.0636 lsst_hardware_g -22.0964419782238 14.899999618530273 31.43000030517578 AB 9.524121764016485 1.1321392884418229
61596.9918 lsst_hardware_i 50.525501841880946 43.66999816894531 31.280000686645508 AB 6.7359942840141525 1.1480666895078082
61597.0084 lsst_hardware_z 0.4053705434755102 48.95000076293945 30.950000762939453 AB 5.77617754477141 1.12981467868378
61599.0073 lsst_hardware_r 302.111513398072 83.6500015258789 31.6299991607666 AB 6.518297583817256 1.1270831557033123
61599.0292 lsst_hardware_z 168.96884792525498 65.48999786376953 30.969999313354492 AB 6.527896900227711 1.1258877026953624
61606.0026 lsst_hardware_g -122.33134397630891 65.69000244140625 31.690000534057617 AB 3.2864568620981385 1.123959255163522
61606.0244 lsst_hardware_i 28.809144287342207 59.90999984741211 31.309999465942383 AB 3.3880828258946845 1.1364320748752297
61609.9727 lsst_hardware_y -13.60648941925673 49.15999984741211 30.030000686645508 AB 6.2853324905948575 1.1299643423442791
61609.9953 lsst_hardware_u -1.3235769301370612 2.869999885559082 28.479999542236328 AB 6.38926313096517 1.1245897820611357
61615.9683 lsst_hardware_z 62.49943598913461 48.81999969482422 30.959999084472656 AB 5.954661658529416 1.124351956671644
61615.9915 lsst_hardware_r -25.206652661861558 24.81999969482422 31.5 AB 5.975235482910648 1.1312270378627085
61617.9698 lsst_hardware_y 6.654947846476308 54.41999816894531 30.030000686645508 AB 5.118693456055517 1.123958306910635
61617.9926 lsst_hardware_z -58.86139358403907 43.119998931884766 30.940000534057617 AB 5.200171659785386 1.1374783069162346
61826.379 lsst_hardware_r -10.046244153885088 24.489999771118164 31.5 AB 9.15978478475668 1.1308376277477383
61826.3964 lsst_hardware_y 78.23128594031367 66.95999908447266 30.030000686645508 AB 9.102881164029226 1.1238124893863242
61828.3838 lsst_hardware_z -37.53372002665995 65.19000244140625 31.700000762939453 AB 5.6592383496818215 1.1250970874118928
61830.3777 lsst_hardware_g 3.0881504802342032 15.220000267028809 31.43000030517578 AB 4.665857817397738 1.12531994390057
61830.3974 lsst_hardware_y -27.44475706436066 61.16999816894531 30.030000686645508 AB 4.677682260501394 1.1265867963074105
61834.3834 lsst_hardware_i 50.825890235861124 32.04999923706055 31.229999542236328 AB 11.010843932579341 1.1252778674071886
61834.4024 lsst_hardware_y 9.149422932597519 70.19999694824219 30.030000686645508 AB 11.107556951813377 1.1400551115481248
61838.3438 lsst_hardware_r -47.826313519097376 24.06999969482422 31.489999771118164 AB 7.7749883134524325 1.1328847899537575
61838.3646 lsst_hardware_i 17.689455205922297 31.799999237060547 31.239999771118164 AB 7.738242267407627 1.123805288807701
61840.3524 lsst_hardware_z -58.00617925499105 86.63999938964844 31.719999313354492 AB 7.483331536448377 1.1246787956337971
61842.301 lsst_hardware_z -94.46165165589491 75.95999908447266 30.979999542236328 AB 16.354302426902724 1.1856528384313625
61842.3208 lsst_hardware_r 99.40584961880175 108.44000244140625 31.639999389648438 AB 15.893105217481112 1.1470404140866508
61845.342 lsst_hardware_i 75.43267671489994 75.83999633789062 31.31999969482422 AB 8.507643283295742 1.124011531681309
61845.3628 lsst_hardware_z -9.85087426446432 69.94000244140625 30.979999542236328 AB 8.568513296801676 1.1305971692959609
61847.3429 lsst_hardware_g 39.274428518754085 42.27000045776367 31.65999984741211 AB 8.374577154082035 1.1240288778044474
61847.3626 lsst_hardware_r -5.472227896965743 45.54999923706055 31.600000381469727 AB 8.46237934400413 1.1352802983638488
61849.3443 lsst_hardware_i 28.615852917089885 33.72999954223633 31.239999771118164 AB 5.813600376305214 1.1260120814071692
61849.365 lsst_hardware_r -17.377869109843772 28.34000015258789 31.520000457763672 AB 5.84220899415216 1.1446334236191538
61851.3097 lsst_hardware_z 27.81873160078834 42.709999084472656 30.940000534057617 AB 6.559409761579337 1.1316806673800508
61851.3295 lsst_hardware_u -1.6791805654903302 2.799999952316284 28.389999389648438 AB 6.4922682740138695 1.1238130991888298
61853.3116 lsst_hardware_g 18.969845643013304 14.6899995803833 31.40999984741211 AB 6.778175732421712 1.1267538758389184
61853.3306 lsst_hardware_r 5.440671181709207 23.8700008392334 31.489999771118164 AB 6.80245370817201 1.1249613364855353
61855.2725 lsst_hardware_z -21.19620995442415 43.36000061035156 30.940000534057617 AB 8.304873008952109 1.1697004237960718
61855.2895 lsst_hardware_r -7.7485528155406 23.969999313354492 31.489999771118164 AB 8.103652634413182 1.1413595259736877
61857.2574 lsst_hardware_u -2.752330902940565 2.690000057220459 28.350000381469727 AB 9.12858582487481 1.1923959365448003
61857.2745 lsst_hardware_g -14.642072065353913 14.819999694824219 31.40999984741211 AB 8.792642854093469 1.155507646849501
61859.3218 lsst_hardware_r 48.87185582449229 23.790000915527344 31.479999542236328 AB 7.182830539364828 1.1286216819522847
61859.3386 lsst_hardware_z 32.463012342460814 43.08000183105469 30.93000030517578 AB 7.121230635674456 1.1458902799610922
61861.3158 lsst_hardware_r 1.8658857266592488 23.969999313354492 31.489999771118164 AB 5.667245390435946 1.12827780481512
61861.3344 lsst_hardware_u -1.1702737160978822 2.759999990463257 28.420000076293945 AB 6.904641013436 1.1477129344142287
61865.2874 lsst_hardware_r 35.454217499597775 23.979999542236328 31.5 AB 7.765407579624827 1.1240095888677883
61865.3058 lsst_hardware_i 14.835207162991946 31.790000915527344 31.239999771118164 AB 7.7028570329024255 1.1288718447867554
61867.2839 lsst_hardware_z 8.826187455210507 49.47999954223633 30.959999084472656 AB 8.99062870853749 1.1238285885671861
61867.302 lsst_hardware_r 2.8904472557392333 41.779998779296875 31.600000381469727 AB 9.465580133780286 1.1300386167909928
61873.1879 lsst_hardware_r -43.98597572444394 104.52999877929688 31.600000381469727 AB 12.638836241201526 1.281179548018334
61873.2074 lsst_hardware_y -99.91898730146809 60.529998779296875 30.010000228881836 AB 11.872390743965223 1.2101307137312722
61877.2565 lsst_hardware_i -85.57173596919749 37.59000015258789 31.270000457763672 AB 15.214471084979248 1.123834472224793
