data/validation/pwv_sim_epoch_fit_seasonal/50490048.ecsv
# %ECSV 0.9
# ---
# datatype:
# - {name: time, datatype: float64}
# - {name: band, datatype: string}
# - {name: flux, datatype: float64}
# - {name: fluxerr, datatype: float64}
# - {name: zp, datatype: float64}
# - {name: zpsys, datatype: string}
# - {name: pwv, datatype: float64}
# - {name: airmass, datatype: float64}
# meta: {SNID: '50490048', alt: 1024.0, c: -0.05050705373287201, dec: -25.944481, lat: -30.244573, lon: -70.7499537, ra: 127.792969, t0: 62549.421875,
#   x0: 2.4936656389618724e-06, x1: 0.9476783275604248, z: 0.8143670558929443}
# schema: astropy-2.0
time band flux fluxerr zp zpsys pwv airmass
[from data line 132]
62870.1359 lsst_hardware_i -4.64363452420921 47.16999816894531 31.260000228881836 AB 3.3203726641142666 1.322199169383481
62870.1558 lsst_hardware_z -106.33621971112818 49.650001525878906 30.940000534057617 AB 2.9420575776944022 1.2159356270822397
62872.1342 lsst_hardware_i 42.60121185768023 60.220001220703125 31.280000686645508 AB 10.171539225099654 1.2995727380293844
62872.1549 lsst_hardware_z 3.2089144788870696 56.779998779296875 30.959999084472656 AB 9.553289912884406 1.1957929983061533
62874.1295 lsst_hardware_z -99.30614308092458 72.12000274658203 30.959999084472656 AB 9.19687532472136 1.295152136983715
62874.1532 lsst_hardware_r 32.38121789181922 101.11000061035156 31.6299991607666 AB 8.513641092736187 1.1802099384598013
62881.1188 lsst_hardware_u -1.643280757245332 2.549999952316284 28.260000228881836 AB 6.7587332192237985 1.2495347049775924
62881.1356 lsst_hardware_g -8.84522011289909 21.809999465942383 31.530000686645508 AB 6.485948187546109 1.1741929282726606
62883.1192 lsst_hardware_r -38.982606848111786 23.15999984741211 31.469999313354492 AB 2.3773505356715137 1.2210326325996474
62883.1363 lsst_hardware_i 20.069575279114225 31.350000381469727 31.239999771118164 AB 1.614600015416886 1.151093166884662
62889.128 lsst_hardware_r 24.193035758160434 22.65999984741211 31.479999542236328 AB 8.597117589769342 1.124002125394754
62889.1468 lsst_hardware_z -23.64524705017197 41.439998626708984 30.940000534057617 AB 8.287590807184007 1.0734294284410681
62895.1198 lsst_hardware_i -9.210315951449996 31.600000381469727 31.260000228881836 AB 12.59473147306391 1.0999765478658288
62895.1376 lsst_hardware_z 46.77232990895169 41.060001373291016 30.950000762939453 AB 10.562885841859853 1.0581933321839163
62897.1184 lsst_hardware_r 30.64482551906039 47.119998931884766 32.33000183105469 AB 9.67028573732983 1.089231242178379
62897.1378 lsst_hardware_z -43.19185593684193 61.02000045776367 31.709999084472656 AB 9.505931474503631 1.0476298635628742
62910.0215 lsst_hardware_y -64.19814798847999 80.7300033569336 29.959999084472656 AB 4.48536928996075 1.3556083989303362
62910.0409 lsst_hardware_i -68.74040667540012 32.15999984741211 31.219999313354492 AB 4.086097699643855 1.2430770033141403
62912.0211 lsst_hardware_z -99.10824224916644 66.87999725341797 30.950000762939453 AB 2.905873690638398 1.322956380896152
62912.0398 lsst_hardware_u 0.19204718261214837 2.7200000286102295 28.329999923706055 AB 2.6383901038618216 1.2220426604269667
62914.02 lsst_hardware_y -84.22739909298254 74.33999633789062 29.989999771118164 AB 1.817232093904355 1.2967878881334598
62914.0382 lsst_hardware_r 17.202007407903242 23.1200008392334 31.469999313354492 AB 1.7024308754340005 1.2045501477127363
62919.0168 lsst_hardware_y -144.34738764155225 71.25 30.0 AB 5.988018342998339 1.240718641387864
62919.0356 lsst_hardware_u 2.5428322574373117 2.75 28.399999618530273 AB 5.5454875128210315 1.1598405255573399
62923.0149 lsst_hardware_y 4.050097700388558 65.13999938964844 30.0 AB 8.37109867789349 1.1989971966761186
62923.0346 lsst_hardware_r -7.156081924386699 23.280000686645508 31.479999542236328 AB 7.82481979873722 1.1257788625037064
62927.0121 lsst_hardware_y -1.0161059903103116 62.939998626708984 30.030000686645508 AB 2.843731154715262 1.1660609552907277
62927.0315 lsst_hardware_i -85.98100799956788 37.93000030517578 31.280000686645508 AB 2.7031204576128665 1.1025269532427313
62929.0117 lsst_hardware_y -40.92854180274522 85.06999969482422 30.780000686645508 AB 4.338660517573127 1.1475408025320153
62929.0319 lsst_hardware_r -7.514139770636259 79.58999633789062 32.380001068115234 AB 3.958888951362539 1.0870095967497362
62932.0098 lsst_hardware_y 57.78657327755238 63.77000045776367 30.030000686645508 AB 7.277703662675679 1.126492324537666
62932.0301 lsst_hardware_z 77.52584711810549 68.0999984741211 30.979999542236328 AB 6.91862811660703 1.07182465013277
62935.0072 lsst_hardware_y -29.529405269177968 60.08000183105469 30.030000686645508 AB 11.434170773551418 1.109503261010267
62935.0298 lsst_hardware_z -23.42733800321974 64.1500015258789 30.979999542236328 AB 10.916254478580626 1.0554243912385741
62937.0054 lsst_hardware_y 157.88921632235795 55.689998626708984 30.040000915527344 AB 8.11671681637445 1.099205527553249
62937.0261 lsst_hardware_u -1.281760196076765 5.420000076293945 28.940000534057617 AB 7.691307564607365 1.0521024881765748
62939.0057 lsst_hardware_z -6.99951401947282 45.869998931884766 30.959999084472656 AB 14.997064492925515 1.0842557772930845
62939.027 lsst_hardware_r -8.385159281369216 21.8799991607666 31.489999771118164 AB 14.347939372989732 1.0410888407055072
62941.0024 lsst_hardware_y -32.39758052118588 54.470001220703125 30.040000915527344 AB 8.801633127462251 1.0790282122670407
62941.0237 lsst_hardware_z -62.999058370368225 40.77000045776367 30.940000534057617 AB 8.429841726772905 1.037689269226487
62943.0008 lsst_hardware_y -8.502952297034621 53.34000015258789 30.049999237060547 AB 8.324445461791342 1.0701864706294713
62943.0187 lsst_hardware_u -1.4933106794983217 2.7300000190734863 28.479999542236328 AB 7.961457915699479 1.036985726564569
62945.9988 lsst_hardware_y -68.81957269463108 53.2599983215332 30.059999465942383 AB 4.248906246249218 1.057292529756773
62946.0175 lsst_hardware_i 14.249139444893729 30.059999465942383 31.260000228881836 AB 3.8001429689311093 1.0272507575052556
62947.9976 lsst_hardware_y -96.39889402675992 51.36000061035156 30.059999465942383 AB 6.052371597196999 1.0493015945209354
62948.0159 lsst_hardware_r -32.675204025232055 22.110000610351562 31.510000228881836 AB 6.247777273297329 1.0226052605102116
62949.9958 lsst_hardware_y 120.16244847081936 51.779998779296875 30.059999465942383 AB 9.366393245982927 1.0429894858375137
62950.0131 lsst_hardware_g -5.0500948863525865 13.390000343322754 31.43000030517578 AB 8.664379495285646 1.01969865779518
