data/validation/pwv_sim_epoch_fit_seasonal/50679386.ecsv
# %ECSV 0.9
# ---
# datatype:
# - {name: time, datatype: float64}
# - {name: band, datatype: string}
# - {name: flux, datatype: float64}
# - {name: fluxerr, datatype: float64}
# - {name: zp, datatype: float64}
# - {name: zpsys, datatype: string}
# - {name: pwv, datatype: float64}
# - {name: airmass, datatype: float64}
# meta: {SNID: '50679386', alt: 1024.0, c: 0.10727324336767197, dec: -38.682186, lat: -30.244573, lon: -70.7499537, ra: 347.871094, t0: 59833.30859375,
#   x0: 1.2535838589945444e-05, x1: 0.1877732127904892, z: 0.4186418652534485}
# schema: astropy-2.0
time band flux fluxerr zp zpsys pwv airmass
59842.2176 lsst_hardware_z 2471.690201167583 63.34276946317105 30.950000762939453 AB 6.1138639783893005 1.0474924006378012
59842.2293 lsst_hardware_i 3239.8493119692703 63.803536883448004 31.25 AB 6.220440177221001 1.0670623856627501
59844.2186 lsst_hardware_u -2.848551439536394 2.9189014885020543 28.459999084472656 AB 2.3040095505874443 1.057734213513811
59844.2304 lsst_hardware_g 766.9502908648406 30.87699249719677 31.40999984741211 AB 2.2125701962219684 1.0800928465818764
59850.2285 lsst_hardware_i 2258.1213520282176 57.348689248836195 31.239999771118164 AB 4.173082291056128 1.1145556975889948
59850.24 lsst_hardware_z 1678.6013899407562 59.35724861506389 30.93000030517578 AB 4.356975499621381 1.148083135605107
59853.0028 lsst_hardware_y 518.3657908078945 54.11056426636842 29.959999084472656 AB 7.950241515516443 1.3088074051856464
59853.0244 lsst_hardware_r 1783.4443815846519 49.81116419614664 31.489999771118164 AB 7.359431544512694 1.2073878723360882
59853.1919 lsst_hardware_z 1592.789791924848 56.96889076885816 30.940000534057617 AB 5.04441210140092 1.0542136053084472
59853.2031 lsst_hardware_r 1789.4386748206612 48.21773038502679 31.479999542236328 AB 5.079934528508541 1.0744930524051697
59858.181 lsst_hardware_r 1500.7432127637783 90.11300327680235 31.649999618530273 AB 5.053658950593235 1.0588013724268246
59858.1931 lsst_hardware_z 1412.2558280946346 73.75345578071932 30.979999542236328 AB 5.237702564405659 1.0820581684548412
59860.1799 lsst_hardware_y 446.18411236346117 62.70614681395234 30.049999237060547 AB 4.372144303118287 1.066593446583034
59860.1915 lsst_hardware_r 1162.9707138272547 114.30486633162008 31.639999389648438 AB 4.385079252387259 1.0905896586250912
59862.172 lsst_hardware_i 1626.768361309319 87.06779558717237 31.329999923706055 AB 3.6184111521087816 1.0621559154918145
59862.1834 lsst_hardware_z 1358.466265077742 77.16638188493052 30.989999771118164 AB 3.704245099485551 1.0846984185902053
59864.1655 lsst_hardware_z 1289.5049666005777 63.591066864435305 30.969999313354492 AB 6.374865643398839 1.0603274986940847
59864.1771 lsst_hardware_r 1059.9179181256486 73.32235322111109 31.639999389648438 AB 6.716023135592023 1.0828802217981333
59867.0033 lsst_hardware_y 602.7615746617769 53.421380013998025 30.010000228881836 AB 7.76818667036353 1.1462433451503873
59867.0225 lsst_hardware_i 1173.2172686605838 46.967238299211346 31.239999771118164 AB 7.434555185165624 1.0938531415152952
59867.1629 lsst_hardware_u 5.722910691027326 4.074403363390375 28.700000762939453 AB 6.61902501470968 1.0706065531272344
59867.175 lsst_hardware_r 715.5260608604037 43.10259127103034 31.56999969482422 AB 7.347796703911056 1.0966860752106053
59869.1594 lsst_hardware_i 1180.1719681927307 46.27995311059897 31.25 AB 6.876608194513356 1.0744700303927117
59869.1707 lsst_hardware_z 1188.633402404485 53.36648812086313 30.950000762939453 AB 7.1759326863428825 1.099478961135186
59871.1541 lsst_hardware_r 570.5080745256919 32.92748621849595 31.489999771118164 AB 4.121474813616594 1.0747935014649208
59871.1662 lsst_hardware_u -0.5589861659327419 2.960062220346229 28.440000534057617 AB 4.125989077806223 1.1018308023338677
59873.1549 lsst_hardware_g 100.2381814364635 16.775856290030536 31.43000030517578 AB 2.872935895543819 1.0880959079196386
59873.1656 lsst_hardware_r 516.5761328110324 32.19871066418505 31.489999771118164 AB 3.004508343716473 1.1142941069538161
59875.1559 lsst_hardware_i 950.9963994572038 43.68702371937317 31.239999771118164 AB 5.237252138106557 1.1033730517965323
59875.1671 lsst_hardware_z 880.913024545166 51.93360326198217 30.940000534057617 AB 3.681647644698796 1.133861301108345
59877.0067 lsst_hardware_y 610.8925269162191 54.759833378365435 30.049999237060547 AB 3.877259481921648 1.0694413134523921
59877.0261 lsst_hardware_r 459.2509747600655 30.691415836716217 31.5 AB 3.7411798500908735 1.0386155743456444
59879.1399 lsst_hardware_u -2.659885715837921 2.976412606411321 28.469999313354492 AB 4.029375097211336 1.0912322538148507
59879.1506 lsst_hardware_r 367.061578235853 30.254878239229562 31.489999771118164 AB 3.971761928780419 1.1180188399100406
59881.1437 lsst_hardware_i 742.2097936737051 41.670036791119145 31.25 AB 3.1855328951171806 1.114147325602045
59881.1544 lsst_hardware_z 685.7220049068433 50.517619742343896 30.950000762939453 AB 3.3092759210705784 1.145078173380741
59883.1355 lsst_hardware_r 347.9408458957234 34.54117365989591 31.549999237060547 AB 4.168460569044868 1.107013827923398
59883.1462 lsst_hardware_z 675.2863490819068 51.215542793758125 30.950000762939453 AB 4.184687073175939 1.1366799057925394
59885.1406 lsst_hardware_g 27.15519687491226 49.79476528214889 31.670000076293945 AB 4.431426446273572 1.1362631913521979
59885.1528 lsst_hardware_r 322.64993439360893 56.700150411217535 31.600000381469727 AB 4.587671286974114 1.1763259710190037
59887.1435 lsst_hardware_i 657.5798459482818 70.89488770256881 31.309999465942383 AB 5.931019164711826 1.162944934257221
59887.1551 lsst_hardware_z 584.5260251573535 67.94842207697306 30.969999313354492 AB 6.149193716199591 1.2057242580783512
59898.0106 lsst_hardware_y 163.9351855757271 81.50601410689377 30.079999923706055 AB 5.636162761661297 1.0107442746758473
59898.019 lsst_hardware_r 223.4123607235211 31.56684223384439 31.549999237060547 AB 5.644400698740202 1.0110430699458515
60119.2501 lsst_hardware_u 25.380233998893935 44.25 30.290000915527344 AB 5.501870483088913 1.461708417398755
60119.29 lsst_hardware_g -144.51538837506413 154.1699981689453 32.849998474121094 AB 4.671203587647038 1.229911423814386
60122.4158 lsst_hardware_r 18.63584524332712 83.97000122070312 31.65999984741211 AB 7.299030607595466 1.0143999917904405
60122.4318 lsst_hardware_i 62.18385565799146 91.55000305175781 31.34000015258789 AB 7.312216682427745 1.0253406271370322
60124.396 lsst_hardware_z -82.44627449412941 113.04000091552734 31.010000228881836 AB 2.3478004870972793 1.01067605987834
60124.4081 lsst_hardware_r -52.51630875901564 84.05999755859375 31.65999984741211 AB 2.3804110317736558 1.0134439928079588
60127.4247 lsst_hardware_r 20.164960967032187 82.52999877929688 31.65999984741211 AB 7.543078916130541 1.0319555258404627
60127.437 lsst_hardware_z 115.39457791679173 109.87000274658203 31.010000228881836 AB 7.7209264559553015 1.0478998990167347
60131.4174 lsst_hardware_z 53.840592546603986 109.88999938964844 31.010000228881836 AB 5.460316811283799 1.0361624007369683
60131.4294 lsst_hardware_r 44.205599224502684 82.31999969482422 31.649999618530273 AB 5.565225789965075 1.0530228552440706
60133.3813 lsst_hardware_i -9.460364589319273 91.73999786376953 31.350000381469727 AB 1.4997050010701347 1.0126299804659924
60133.3936 lsst_hardware_z 123.0405855807774 112.91999816894531 31.010000228881836 AB 1.4485412295621412 1.0188438400296405
60140.4073 lsst_hardware_u 28.76736420979336 31.100000381469727 29.5 AB 5.007866246892334 1.05706939248387
60140.4189 lsst_hardware_g 9.15735886358526 92.19000244140625 31.719999313354492 AB 4.9335988828601485 1.0788538995976709
60142.4033 lsst_hardware_r -93.17291391793627 83.44000244140625 31.649999618530273 AB 2.4369800446220435 1.059556541140019
60142.4145 lsst_hardware_z 50.3861268449204 112.37000274658203 31.0 AB 2.486489155301198 1.0810822414353034
60144.403 lsst_hardware_r -176.13974003595948 83.44999694824219 31.649999618530273 AB 2.9186168570868904 1.0689272786523023
60144.4142 lsst_hardware_u -18.355063135019275 30.579999923706055 29.469999313354492 AB 3.087291720002811 1.0925243479809417
60147.3945 lsst_hardware_i -44.36223368521893 91.12999725341797 31.329999923706055 AB 5.733774041817459 1.0683387445160162
60147.4057 lsst_hardware_z 97.00049576156368 112.27999877929688 31.0 AB 5.83135214015246 1.091809050768107
60153.3465 lsst_hardware_g 3.266581976482465 91.66000366210938 31.739999771118164 AB 3.1953827027138964 1.0247358944003175
60153.3591 lsst_hardware_r -75.34148291850289 82.58999633789062 31.65999984741211 AB 3.225993142524988 1.0383541041333582
60158.3295 lsst_hardware_i 103.87154378866565 91.69000244140625 31.350000381469727 AB 1.3836590403651614 1.0219047565473867
60158.3424 lsst_hardware_r -23.70635871239258 83.88999938964844 31.65999984741211 AB 1.4693323497564073 1.0346196571456923
60160.0946 lsst_hardware_i 35.18514127091073 84.29000091552734 31.15999984741211 AB 3.4553996226486188 1.9339021254504654
60160.1055 lsst_hardware_z 86.1626506206358 107.5199966430664 30.899999618530273 AB 3.2742013122558973 1.7830912524198215
60164.3346 lsst_hardware_z 90.67305621924028 112.56999969482422 31.0 AB 2.634009994220541 1.0458645996508005
60164.3464 lsst_hardware_r -21.50798228574611 83.33999633789062 31.639999389648438 AB 2.5905445549793225 1.0651910176726906
60168.2855 lsst_hardware_g 21.33209554886185 93.68000030517578 31.75 AB 2.930568352172437 1.012548450262568
60168.2974 lsst_hardware_r -13.964359037110658 84.16999816894531 31.670000076293945 AB 2.556637015280156 1.018411425173838
60176.3087 lsst_hardware_i -21.91235333937947 91.23999786376953 31.34000015258789 AB 2.5552470734817363 1.0565421019151278
60176.3199 lsst_hardware_r 147.89769987284424 83.44000244140625 31.649999618530273 AB 2.549605017571339 1.0773737661407177
60178.3027 lsst_hardware_u 49.8167856763664 31.18000030517578 29.510000228881836 AB 1.9294586354709768 1.0556469076574897
60178.3149 lsst_hardware_g 112.67151019734922 92.2300033569336 31.719999313354492 AB 1.975760691502008 1.0783248418621956
60179.3088 lsst_hardware_r -94.79324635631927 83.26000213623047 31.639999389648438 AB 2.153799611470835 1.0715420952591221
60179.3205 lsst_hardware_i -82.11268440444584 90.77999877929688 31.31999969482422 AB 2.200809675179649 1.0968856627551518
60181.3031 lsst_hardware_i -184.60961382230633 91.04000091552734 31.329999923706055 AB 2.574508563864043 1.0710755362074786
60181.3138 lsst_hardware_z 345.372878913752 112.22000122070312 30.989999771118164 AB 2.689677038296611 1.0939575806520923
60183.2939 lsst_hardware_i -22.46863125599509 91.13999938964844 31.329999923706055 AB 3.2208768071835046 1.0640491599549073
60183.3045 lsst_hardware_z -96.62832778844844 112.33000183105469 31.0 AB 3.280740581448502 1.0852598681602719
60185.2573 lsst_hardware_z -159.14430952639003 159.52000427246094 31.760000228881836 AB 6.224141445868754 1.0231465390469185
60198.2337 lsst_hardware_r 121.61305514759485 83.72000122070312 31.649999618530273 AB 2.318387795472177 1.0352256286993422
60198.2449 lsst_hardware_i 105.11645696497297 91.2300033569336 31.34000015258789 AB 2.3344833065041906 1.0505437515206737
60202.2327 lsst_hardware_u -0.29917399960716284 30.440000534057617 29.520000457763672 AB 0.7536771285839929 1.0485942658559901
60202.2434 lsst_hardware_g 0.6994922474372698 90.80000305175781 31.719999313354492 AB 0.9905850617769719 1.0665788013749362
60204.1924 lsst_hardware_r -142.05075220664466 82.73999786376953 31.670000076293945 AB 0.8219284779085102 1.0146221309435368
60204.2041 lsst_hardware_i -23.869224821694782 89.44999694824219 31.350000381469727 AB 0.8259955310412506 1.022060875695374
60208.2143 lsst_hardware_i -173.68379176138694 91.27999877929688 31.34000015258789 AB 3.4104809241438137 1.0456252194615678
60208.226 lsst_hardware_z -37.76161429449012 112.47000122070312 31.0 AB 3.4574450099329987 1.0647028361527733
60210.219 lsst_hardware_r -152.962546491922 83.51000213623047 31.649999618530273 AB 2.0872278119465153 1.0619322370624755
60210.2308 lsst_hardware_g 32.490674021501505 92.05999755859375 31.709999084472656 AB 2.162104389165906 1.0853029645271264
60214.1484 lsst_hardware_i 41.79048313801337 91.68000030517578 31.350000381469727 AB 3.9188939813959798 1.0106102717802798
60214.1604 lsst_hardware_z -28.164248104297233 112.9800033569336 31.010000228881836 AB 3.9322131268150375 1.0127174640893775
60217.0573 lsst_hardware_r -19.7942796009467 81.6500015258789 31.639999389648438 AB 4.133058577171197 1.1107884193965143
60217.0644 lsst_hardware_y -134.2846878958276 118.12000274658203 30.059999465942383 AB 4.0513195491312395 1.0932768415394187
60222.1816 lsst_hardware_r -6.05509868837807 82.2300033569336 31.649999618530273 AB 6.50890489159084 1.0540736666542103
60222.1928 lsst_hardware_i -84.79819085582317 88.97000122070312 31.329999923706055 AB 6.838967654197365 1.0743240195098187
60224.1721 lsst_hardware_z 56.77981116410422 109.88999938964844 31.010000228881836 AB 4.74872922405208 1.04780271561322
60224.1838 lsst_hardware_r 14.830977001845483 82.11000061035156 31.649999618530273 AB 4.85693529847011 1.0674583073560682
60225.1754 lsst_hardware_u -26.322623648210087 31.040000915527344 29.5 AB 4.2664591460142285 1.0573628614660031
60225.1872 lsst_hardware_r -74.95726749450394 83.33999633789062 31.639999389648438 AB 4.500277357062696 1.0796347118105911
60228.1773 lsst_hardware_i 23.608216876065676 91.02999877929688 31.329999923706055 AB 4.152694748681374 1.076106439150395
60228.189 lsst_hardware_z 128.23039893084788 112.1500015258789 30.989999771118164 AB 4.262259488224322 1.1024510466589343
60239.1582 lsst_hardware_z 88.76196558203831 112.30000305175781 31.0 AB 4.133745652576428 1.1005712600042827
60239.1698 lsst_hardware_r -103.94891398400289 82.76000213623047 31.6299991607666 AB 3.140467003433998 1.1316998210572966
60241.1433 lsst_hardware_r 46.47186105827604 83.37999725341797 31.649999618530273 AB 3.116980035659845 1.0791932954763301
60241.1543 lsst_hardware_z 0.8356657820304842 112.25 31.0 AB 3.1539993282070244 1.1044381784844697
60243.1547 lsst_hardware_i 66.83217515404675 88.77999877929688 31.329999923706055 AB 2.880226203606986 1.1198391149327316
60243.1663 lsst_hardware_z 175.6171041354712 109.22000122070312 30.989999771118164 AB 2.9129075589287803 1.1546937997867786
60245.1482 lsst_hardware_z -84.475367601334 109.43000030517578 31.0 AB 3.241551248216378 1.1170059435618118
60245.1588 lsst_hardware_r -27.922658832239627 81.47000122070312 31.6299991607666 AB 3.3640043614343496 1.1481243554383445
60247.1374 lsst_hardware_y 116.20243809614477 120.77999877929688 30.049999237060547 AB 6.139849002647792 1.103148542900442
60247.1476 lsst_hardware_g -153.81883220373928 90.91000366210938 31.690000534057617 AB 6.268388184679588 1.1306616494732302
60249.1367 lsst_hardware_r -70.03055255248435 82.94000244140625 31.6299991607666 AB 5.159888083796421 1.115450495506342
60249.1483 lsst_hardware_i -110.01522078268931 90.37999725341797 31.31999969482422 AB 5.292445558674483 1.1494696332029326
60251.1415 lsst_hardware_z 15.373443005911207 109.16999816894531 30.989999771118164 AB 4.486936432455639 1.1452352906405971
60251.153 lsst_hardware_r 24.931468273257913 80.9800033569336 31.6200008392334 AB 4.626522125746168 1.1844402003062007
60261.0421 lsst_hardware_z 87.36161169114906 110.08000183105469 31.010000228881836 AB 4.436742455134906 1.0175431351722735
60261.0537 lsst_hardware_r 11.724864856632177 82.58999633789062 31.65999984741211 AB 4.457538918448991 1.0266687207806322
