data/validation/pwv_sim_epoch_fit_seasonal/50762930.ecsv
# %ECSV 0.9
# ---
# datatype:
# - {name: time, datatype: float64}
# - {name: band, datatype: string}
# - {name: flux, datatype: float64}
# - {name: fluxerr, datatype: float64}
# - {name: zp, datatype: float64}
# - {name: zpsys, datatype: string}
# - {name: pwv, datatype: float64}
# - {name: airmass, datatype: float64}
# meta: {SNID: '50762930', alt: 1024.0, c: 0.015660902485251427, dec: 5.079716, lat: -30.244573, lon: -70.7499537, ra: 112.675781, t0: 60733.16015625,
#   x0: 4.19388132461961e-05, x1: -0.10026988387107849, z: 0.24889756739139557}
# schema: astropy-2.0
time band flux fluxerr zp zpsys pwv airmass
60633.3356 lsst_hardware_i 29.479543287015407 75.66000366210938 31.299999237060547 AB 6.170126534875939 1.2281913978354946
60633.3563 lsst_hardware_y -133.8907284760731 76.9800033569336 30.010000228881836 AB 6.146685860218521 1.2271283410298504
60644.3354 lsst_hardware_u -1.593530307205899 2.9600000381469727 28.40999984741211 AB 8.921184833763109 1.2336846363644014
60644.3549 lsst_hardware_y -66.75047015037154 74.41999816894531 30.0 AB 9.16758683786591 1.2628109882729308
60646.3002 lsst_hardware_g -1.2729067671447845 14.670000076293945 31.389999389648438 AB 7.545103735162172 1.2281298952711446
60646.3188 lsst_hardware_r 4.479932166162957 24.09000015258789 31.469999313354492 AB 7.533233549973508 1.226258866350091
60648.2984 lsst_hardware_i -6.4939440976626965 32.540000915527344 31.229999542236328 AB 3.8154952296060762 1.2263544329788483
60648.3168 lsst_hardware_z 3.37382659892354 44.06999969482422 30.940000534057617 AB 3.774169937796751 1.2278714722396913
60650.2956 lsst_hardware_r 32.58733267885358 24.059999465942383 31.469999313354492 AB 5.087245795014149 1.225497842778532
60650.3158 lsst_hardware_u -0.22504302087798697 2.5799999237060547 28.260000228881836 AB 5.158364160077763 1.2308683619195298
60654.2972 lsst_hardware_z 50.57022956267958 44.02000045776367 30.93000030517578 AB 10.173979274994343 1.226347020711695
60654.3163 lsst_hardware_r -22.765572895743052 24.139999389648438 31.469999313354492 AB 10.307787218316165 1.2433501529873543
60656.2956 lsst_hardware_y 9.798129744024525 49.130001068115234 29.989999771118164 AB 12.34232107890383 1.2282342307303167
60656.3141 lsst_hardware_g -24.636162398696843 14.510000228881836 31.3799991607666 AB 12.500058819108217 1.2482167712054273
60658.2959 lsst_hardware_r -128.00195797969533 85.48999786376953 31.610000610351562 AB 10.1854757088287 1.2324935534960628
60658.3147 lsst_hardware_i 28.84770600539589 66.08999633789062 31.290000915527344 AB 10.391992803189657 1.2588641592767118
60668.237 lsst_hardware_u 5.514490115680677 3.009999990463257 28.43000030517578 AB 8.102848921629274 1.23018961360749
60668.2561 lsst_hardware_g -11.981260168847369 18.8700008392334 31.479999542236328 AB 7.723173811278902 1.2254305324061778
60670.2397 lsst_hardware_r -28.218408587261113 24.219999313354492 31.479999542236328 AB 6.138477682190295 1.2258567513111684
60670.2601 lsst_hardware_i 20.450727093748394 32.689998626708984 31.229999542236328 AB 7.726185298128015 1.2300231317333923
60672.2038 lsst_hardware_i 35.82912139367324 32.689998626708984 31.229999542236328 AB 8.85762497102655 1.2601543563844857
60672.2232 lsst_hardware_z -1.4776324439686812 43.93000030517578 30.93000030517578 AB 8.822545893836883 1.232543433059025
60674.2037 lsst_hardware_r -4.044262713435563 24.450000762939453 31.469999313354492 AB 8.179937653486613 1.2504204002731687
60674.2228 lsst_hardware_u -0.4544127982287317 2.630000114440918 28.290000915527344 AB 8.123577145161446 1.2286886114261253
60682.2104 lsst_hardware_r 32.96338359081996 24.540000915527344 31.479999542236328 AB 10.70367659656634 1.225050732095949
60682.2316 lsst_hardware_i -71.03438864125846 32.779998779296875 31.229999542236328 AB 10.683080394522445 1.2336120547947396
60688.1564 lsst_hardware_z -66.51283281077961 95.56999969482422 30.969999313354492 AB 6.202470415009521 1.2678802974263126
60688.1747 lsst_hardware_i -8.111272179010378 111.27999877929688 31.309999465942383 AB 6.531098329545521 1.2374582365640296
60690.1569 lsst_hardware_z -72.79016429156187 91.37999725341797 30.969999313354492 AB 6.914790398863558 1.2558645838836828
60690.1775 lsst_hardware_r -45.29561679249414 130.35000610351562 31.6200008392334 AB 7.497871662861489 1.2297640910056569
60695.1597 lsst_hardware_z 1.479084903509318 46.68000030517578 30.940000534057617 AB 9.030529003446919 1.2331734266621492
60695.1791 lsst_hardware_r -17.802184334121893 38.25 31.559999465942383 AB 10.859147185754697 1.224900043512712
60705.1416 lsst_hardware_i 27.474953552252725 32.79999923706055 31.229999542236328 AB 14.731819786072137 1.226816731896804
60705.1601 lsst_hardware_z -52.13298389917832 44.209999084472656 30.940000534057617 AB 14.750189079743619 1.2272733314630258
60707.1056 lsst_hardware_z -40.819218605463305 44.630001068115234 30.940000534057617 AB 9.677405874021582 1.2655442393175715
60707.1245 lsst_hardware_r 16.610664373227817 24.489999771118164 31.489999771118164 AB 9.446535677105706 1.2355950048533797
60714.1037 lsst_hardware_y 45.7889548452723 54.04027126287056 29.989999771118164 AB 10.658953520371776 1.237458686807284
60714.1211 lsst_hardware_r 708.3851732824647 74.06123954686598 31.610000610351562 AB 10.316992556773405 1.22540517941306
60720.0953 lsst_hardware_r 5022.294384804319 117.37800273965968 31.610000610351562 AB 3.903997629716197 1.2299606594185868
60720.1126 lsst_hardware_i 3639.6455477211684 97.1832094573279 31.299999237060547 AB 3.8982660410088985 1.225099321498711
60722.0932 lsst_hardware_z 3311.522112221368 77.53556337107723 30.950000762939453 AB 3.8397619100401483 1.227807048616547
60722.1102 lsst_hardware_i 4937.19568538996 86.83574854522399 31.280000686645508 AB 3.8219639174802946 1.2258397126680696
60724.0908 lsst_hardware_u 142.00085702545093 12.671034735699644 28.610000610351562 AB 6.8338657863873955 1.2263554574046642
60724.1075 lsst_hardware_g 7380.892026014333 91.7696342055138 31.56999969482422 AB 6.860941329152013 1.2269208385465142
60733.0518 lsst_hardware_r 11888.735427608333 111.269628238332 31.469999313354492 AB 9.661613303631782 1.2374784890978907
60733.069 lsst_hardware_i 9374.431645437227 100.74726697409025 31.219999313354492 AB 9.554265978641975 1.2254557787009523
60738.05 lsst_hardware_u 85.64548769848498 8.825146758003275 28.280000686645508 AB 5.523929804622876 1.2275399565828613
60738.0687 lsst_hardware_g 7187.172641771024 85.65529900978831 31.3799991607666 AB 5.49493321719219 1.2266616799610508
60994.3429 lsst_hardware_i 49.79401328878567 33.45000076293945 31.229999542236328 AB 6.790908127644901 1.2311663020357526
60996.3394 lsst_hardware_z -39.74184223724677 44.08000183105469 30.93000030517578 AB 3.9280025169454857 1.2296783419426145
61000.34 lsst_hardware_r 40.287080006804615 24.360000610351562 31.469999313354492 AB 4.52993062809009 1.2249677198729285
61003.2301 lsst_hardware_r 42.94405027091426 43.060001373291016 32.599998474121094 AB 11.946249620606983 1.5660366555307383
61012.2957 lsst_hardware_z 31.03408968757549 55.45000076293945 30.950000762939453 AB 7.551408388674758 1.2296803362451056
61012.3152 lsst_hardware_g -14.80072121909004 44.11000061035156 31.6299991607666 AB 7.529632233896235 1.2256930035410711
61016.2991 lsst_hardware_r -117.56161782387056 105.18000030517578 31.610000610351562 AB 5.125153688764533 1.2248435486572418
61016.3174 lsst_hardware_y 84.35256567962428 61.279998779296875 29.989999771118164 AB 5.158088642545971 1.23404170243135
61021.2997 lsst_hardware_i 47.77880724065121 36.38999938964844 31.25 AB 12.928068717800695 1.2305024319744067
61021.3193 lsst_hardware_z -31.53819782635648 46.130001068115234 30.93000030517578 AB 13.226361082296576 1.255885779071957
61023.2955 lsst_hardware_r -13.289683648727259 25.329999923706055 31.479999542236328 AB 8.882671677238871 1.23150934823193
61023.3159 lsst_hardware_u -3.90498691652157 3.0799999237060547 28.389999389648438 AB 9.12747732400298 1.2598022576894452
61025.2618 lsst_hardware_u 2.1973351467355298 2.5999999046325684 28.270000457763672 AB 12.882962098556877 1.2286104921626113
61025.2816 lsst_hardware_g -17.51859639649794 14.699999809265137 31.389999389648438 AB 12.854037012650792 1.2263373642590631
61027.2292 lsst_hardware_r 27.16342860929292 24.3700008392334 31.469999313354492 AB 6.071621413400105 1.2654483979575042
61027.2478 lsst_hardware_z 18.125402088957212 44.220001220703125 30.93000030517578 AB 5.941602725922465 1.2358599582449832
61029.2243 lsst_hardware_r 12.440403930445862 24.09000015258789 31.459999084472656 AB 6.2603218595995695 1.2642645245821316
61029.2437 lsst_hardware_u 2.029322562164314 2.609999895095825 28.290000915527344 AB 6.096614340604827 1.2344448171307403
61047.2164 lsst_hardware_i -85.53858196431831 58.97999954223633 31.290000915527344 AB 10.805960186340245 1.2249803717888768
61047.2378 lsst_hardware_z -32.982104539162265 58.2599983215332 30.950000762939453 AB 10.921251946209578 1.2396426726685106
61050.2054 lsst_hardware_r 64.52535882885701 32.779998779296875 31.540000915527344 AB 9.391076208657735 1.2248164779572754
61050.2279 lsst_hardware_z -41.94248083379494 46.38999938964844 30.940000534057617 AB 8.897179605637891 1.237581491453051
61055.1553 lsst_hardware_u -0.9962814207476379 2.740000009536743 28.3700008392334 AB 6.9646411382229365 1.2602073864002057
61055.1749 lsst_hardware_g -2.0947990003829506 14.9399995803833 31.399999618530273 AB 7.475208789464295 1.232363481756468
61057.1595 lsst_hardware_r 21.671115467517005 24.540000915527344 31.459999084472656 AB 1.936215737784995 1.2438216730952858
61057.1801 lsst_hardware_z 11.980284515140202 44.09000015258789 30.93000030517578 AB 3.7552828650172985 1.2258812399403585
61059.1582 lsst_hardware_r -17.67779530429891 24.510000228881836 31.469999313354492 AB 5.171450761735683 1.2383742245535638
61059.1781 lsst_hardware_u 0.7449076505828761 2.5799999237060547 28.229999542236328 AB 7.105234206573793 1.2250403804437575
61061.1569 lsst_hardware_g 12.452403377672404 14.989999771118164 31.389999389648438 AB 14.69039409593823 1.2338647821214705
61061.1769 lsst_hardware_r -13.550073688890482 24.479999542236328 31.469999313354492 AB 14.085768518457442 1.2248494363876037
61063.1561 lsst_hardware_i 27.92335787085555 32.47999954223633 31.229999542236328 AB 9.371066245854003 1.2299063232812149
61063.175 lsst_hardware_z -36.958339161920996 43.869998931884766 30.93000030517578 AB 10.538471281358419 1.225403637367258
61065.1204 lsst_hardware_z -10.341737938294738 45.0 30.93000030517578 AB 10.116125614368233 1.2769392566471587
61065.1377 lsst_hardware_r 7.944270761195086 24.43000030517578 31.469999313354492 AB 9.711571045726046 1.243757698040668
61067.143 lsst_hardware_g -19.73787767828106 28.75 31.56999969482422 AB 13.547727370453572 1.231611579132143
61067.1615 lsst_hardware_i 31.82048222789166 37.439998626708984 31.239999771118164 AB 13.47428403631148 1.2249349123919528
61074.1095 lsst_hardware_i 8.21259690513395 85.63999938964844 31.299999237060547 AB 9.090540675657643 1.2492726535489223
61074.1286 lsst_hardware_z 108.74027070302235 75.37999725341797 30.969999313354492 AB 9.209966428870686 1.228227522381428
61078.1052 lsst_hardware_g 4.870016195880718 25.010000228881836 31.530000686645508 AB 6.829228021556254 1.2397430715500817
61078.1238 lsst_hardware_i -18.53512116693065 39.47999954223633 31.25 AB 6.752001633847116 1.2255569277311988
61088.0912 lsst_hardware_u -6.366332318719548 2.680000066757202 28.350000381469727 AB 2.875082978686217 1.2277497506933777
61088.1087 lsst_hardware_r 16.228829843559552 23.8700008392334 31.469999313354492 AB 2.8697088512314672 1.2259783621623273
61090.0909 lsst_hardware_i -23.64758717684724 32.630001068115234 31.239999771118164 AB 4.028621500839197 1.225591532768928
61090.109 lsst_hardware_z 26.750312097622512 44.22999954223633 30.940000534057617 AB 4.065926340876067 1.2288406017003604
61092.0589 lsst_hardware_z 55.95208211453851 44.22999954223633 30.93000030517578 AB 4.140571590376026 1.2516842776227406
61092.0768 lsst_hardware_r 31.440828970394143 24.06999969482422 31.469999313354492 AB 3.898531088414797 1.2299822022079023
61094.0571 lsst_hardware_y 35.6678259488388 49.349998474121094 29.979999542236328 AB 8.87582131865045 1.2458167336164574
61094.0747 lsst_hardware_g -2.9225228768747225 16.489999771118164 31.43000030517578 AB 8.816927929856297 1.2278133866949306
61097.0425 lsst_hardware_z 88.18240184745096 54.45000076293945 30.950000762939453 AB 8.166136456407404 1.256586446923585
61097.0534 lsst_hardware_r -39.14616214480752 56.7400016784668 31.59000015258789 AB 7.945665013683866 1.2396377888112537
61101.0511 lsst_hardware_i 5.731744751199818 89.18000030517578 31.309999465942383 AB 3.5643009364801657 1.2308377334607767
61101.0704 lsst_hardware_z -74.77190861400192 78.31999969482422 30.969999313354492 AB 3.5134717538425058 1.225202285426888
61103.0511 lsst_hardware_r 107.2248903178437 92.94999694824219 31.610000610351562 AB 5.520262410714774 1.2272931714419135
61103.0686 lsst_hardware_z -68.31108427684816 67.25 30.959999084472656 AB 5.515356769852116 1.2262934027204497
61107.0472 lsst_hardware_i 19.06318028743811 32.220001220703125 31.229999542236328 AB 11.316986022134826 1.225002997164152
61107.0657 lsst_hardware_z 16.8145128685072 47.2400016784668 30.940000534057617 AB 11.502647279880083 1.2311074505757866
61111.0063 lsst_hardware_y -39.110909710030406 56.20000076293945 29.979999542236328 AB 9.20272057789029 1.2529231556011287
61111.0271 lsst_hardware_r 6.206935497010503 24.049999237060547 31.459999084472656 AB 9.043333026561184 1.2285050808709368
61118.0115 lsst_hardware_z -50.463255404974376 65.11000061035156 31.690000534057617 AB 8.334479379034907 1.2266508763021424
61120.0002 lsst_hardware_y 31.677440762806555 51.959999084472656 29.989999771118164 AB 4.531019115856163 1.2300852764642591
61120.02 lsst_hardware_g 13.420701393886816 14.640000343322754 31.3799991607666 AB 4.531301589316992 1.2255593912685696
61121.9986 lsst_hardware_y -7.3899356560368 52.20000076293945 30.0 AB 6.905028999775061 1.2276152717499171
61122.0189 lsst_hardware_i -0.9490319851682092 32.709999084472656 31.229999542236328 AB 7.476527480842541 1.2272697768946839
61125.994 lsst_hardware_y -104.64801010990688 57.060001373291016 29.989999771118164 AB 7.47395165894401 1.2252379768760673
61126.0121 lsst_hardware_z -149.26469127473345 56.5 30.950000762939453 AB 6.747970488401107 1.2297918727437602
61127.9914 lsst_hardware_y -46.271952734907224 62.2599983215332 30.0 AB 9.037673172225777 1.2248382506630182
61128.0096 lsst_hardware_i -31.287640778635602 68.91000366210938 31.290000915527344 AB 8.008990407658175 1.2321523704089499
