data/validation/pwv_sim_epoch_fit_seasonal/50811195.ecsv
# %ECSV 0.9
# ---
# datatype:
# - {name: time, datatype: float64}
# - {name: band, datatype: string}
# - {name: flux, datatype: float64}
# - {name: fluxerr, datatype: float64}
# - {name: zp, datatype: float64}
# - {name: zpsys, datatype: string}
# - {name: pwv, datatype: float64}
# - {name: airmass, datatype: float64}
# meta: {SNID: '50811195', alt: 1024.0, c: -0.08971357345581055, dec: -48.141209, lat: -30.244573, lon: -70.7499537, ra: 47.20982, t0: 62440.30859375,
#   x0: 1.3687333307494094e-05, x1: 0.6658411622047424, z: 0.40290367603302}
# schema: astropy-2.0
time band flux fluxerr zp zpsys pwv airmass
62360.3802 lsst_hardware_r -0.6670904161351222 21.719999313354492 31.479999542236328 AB 3.2293731531285896 1.0909737292740371
62360.4031 lsst_hardware_g 0.8655196447742859 12.829999923706055 31.389999389648438 AB 3.265487505136701 1.0641677772490132
62369.4226 lsst_hardware_z 113.07361072217073 78.08000183105469 31.719999313354492 AB 1.5971269170345808 1.0516639049832621
62375.3617 lsst_hardware_z -14.486522973545853 52.2599983215332 30.969999313354492 AB 2.929298748390574 1.064554360408446
62375.3727 lsst_hardware_y -33.86352372953349 50.02000045776367 30.040000915527344 AB 2.8717385752918676 1.0566279175661497
62385.4085 lsst_hardware_g -13.384740120749697 18.09000015258789 31.510000228881836 AB 0.77448705298864 1.0712130746730844
62389.4006 lsst_hardware_i 20.79319950089123 31.40999984741211 31.239999771118164 AB 2.418219069917337 1.0745252476859974
62389.4118 lsst_hardware_u -13.738547878848868 13.699999809265137 29.31999969482422 AB 2.4698024794175035 1.0890581962596473
62390.398 lsst_hardware_g -13.387021537303248 13.890000343322754 31.399999618530273 AB 2.680505023823131 1.0746737591753557
62390.4098 lsst_hardware_r -5.8728402797993144 31.649999618530273 31.559999465942383 AB 2.703345401860705 1.0901318913343794
62393.3917 lsst_hardware_i -13.870252202871189 30.670000076293945 31.25 AB 1.31864356079548 1.0768832672889903
62393.4033 lsst_hardware_r 39.79417893328511 26.829999923706055 31.530000686645508 AB 1.3162223502872015 1.0926785336179712
62399.3823 lsst_hardware_i 4.500690281238801 30.219999313354492 31.239999771118164 AB 6.1987962238761405 1.0859205063724626
62399.3936 lsst_hardware_z -29.114294573395572 44.29999923706055 30.940000534057617 AB 6.584185204499984 1.1035872063860073
62404.2942 lsst_hardware_i 56.808581084773266 57.189998626708984 31.31999969482422 AB 6.441021698992982 1.056251508526307
62404.3088 lsst_hardware_r 3.1952267826342795 69.7699966430664 31.649999618530273 AB 6.473114276565983 1.05083023970227
62409.1784 lsst_hardware_z -121.64882156078325 62.029998779296875 31.68000030517578 AB 5.3822050029177415 1.2746237499755855
62409.1922 lsst_hardware_r 1.3934333497577973 31.59000015258789 32.20000076293945 AB 5.1366198991405 1.221986415877334
62413.3302 lsst_hardware_u 2.714607259267057 2.6747655752589243 28.420000076293945 AB 2.859593429897961 1.0693066952971086
62413.342 lsst_hardware_g 5.1895421875686605 13.100929808995396 31.3799991607666 AB 2.5495870183132823 1.0830870935909338
62414.3525 lsst_hardware_r 57.411279149503734 22.397095683409884 31.469999313354492 AB 8.3853357613028 1.103333652803
62414.3647 lsst_hardware_i 9.089014018979867 30.742191895287895 31.229999542236328 AB 8.563915761706383 1.1268310212771557
62416.3449 lsst_hardware_z 16.564093434670426 42.31252014494492 30.940000534057617 AB 3.958926195830095 1.0997017210639153
62416.3566 lsst_hardware_u 0.9231440396401803 3.149317836084731 28.350000381469727 AB 4.03680541549377 1.1213348376371584
62420.3416 lsst_hardware_i 420.46371489972034 37.46740818486477 31.239999771118164 AB 4.871226391268362 1.1132959413251882
62420.353 lsst_hardware_z 281.566020499925 45.7152734290397 30.940000534057617 AB 4.982769382192812 1.1371642339688854
62422.2781 lsst_hardware_z 617.0155780484705 46.56121936111175 30.940000534057617 AB 5.839020672311557 1.0517283790300305
62422.2915 lsst_hardware_i 801.0917886332795 40.880243230177236 31.239999771118164 AB 5.885831832265233 1.0578101241153632
62423.2501 lsst_hardware_r 2819.868959594655 60.86924309339773 32.22999954223633 AB 6.048774314069734 1.0526930584875973
62423.2619 lsst_hardware_u 8.794461054396077 3.3376925944163194 28.399999618530273 AB 6.076627874894663 1.0502294979077664
62425.3225 lsst_hardware_r 1937.5873775352977 49.486526359080955 31.479999542236328 AB 7.725221586443206 1.1033929136987686
62425.3336 lsst_hardware_i 1303.7509130980404 47.29974300924558 31.239999771118164 AB 8.211420927755752 1.1245825901675446
62429.3189 lsst_hardware_z 1407.534238270246 67.3645835448044 30.969999313354492 AB 1.2710557854579423 1.1169207253590825
62429.3301 lsst_hardware_r 3589.399050978601 84.47949900412124 31.6200008392334 AB 1.3578397593569953 1.1410418145857104
62433.3111 lsst_hardware_i 3045.5175819526316 82.43940458701773 31.309999465942383 AB 3.5035945722043644 1.1232169823526652
62433.3218 lsst_hardware_z 1950.387472067045 73.08717534754817 30.969999313354492 AB 3.6778266871656458 1.1473190070964145
62435.313 lsst_hardware_i 2861.221292029842 74.33481863877917 31.290000915527344 AB 1.5119401630026488 1.1393671160528842
62435.3236 lsst_hardware_z 2103.6994251333913 68.2727516095369 30.959999084472656 AB 1.5286599162022318 1.1660258704818833
62437.308 lsst_hardware_z 2166.420671943151 64.7536074190651 30.950000762939453 AB 3.2298239360637235 1.1404409955205144
62437.3191 lsst_hardware_r 5141.13667730334 83.42848860097077 31.59000015258789 AB 3.3160485597445537 1.1686514747996297
62438.3166 lsst_hardware_i 3270.5794532486557 67.70606770530587 31.260000228881836 AB 3.5269576237179634 1.1692864262518692
62438.3264 lsst_hardware_r 5078.066265327434 79.91346648981315 31.559999465942383 AB 3.6587305442401497 1.1982741957117582
62442.308 lsst_hardware_g 2066.388543390698 47.81790922872377 31.350000381469727 AB 3.614804065620037 1.1758009537959568
62442.32 lsst_hardware_r 4540.870747227712 70.4516002011036 31.450000762939453 AB 3.753877309293619 1.2130150719389117
62451.2528 lsst_hardware_u 7.315374956292703 3.344224864419383 28.299999237060547 AB 1.967061313695452 1.105660019876595
62451.2644 lsst_hardware_r 3360.226457535366 62.049192028644256 31.459999084472656 AB 1.8501748204608526 1.1283847248185723
62458.2404 lsst_hardware_y 647.3572248754796 76.67146728151343 30.770000457763672 AB 5.085362889938198 1.1182766113113134
62466.1591 lsst_hardware_z 1232.6847606731915 56.0395233967147 30.950000762939453 AB 5.47803536903853 1.052085791563368
62466.1722 lsst_hardware_r 1416.880886523775 55.48447348107542 31.600000381469727 AB 4.884699316203006 1.0583632781026304
62477.2011 lsst_hardware_r 709.5280795757267 34.210167400298 31.469999313354492 AB 4.593435073673458 1.1459713281513824
62477.2121 lsst_hardware_u 0.2139866423383584 2.712624827809819 28.350000381469727 AB 4.964777872118464 1.17486362582182
62479.1231 lsst_hardware_u -1.0946650637933903 2.8664997763506084 28.469999313354492 AB 6.566727172299346 1.051938673976772
62479.134 lsst_hardware_g 183.96304835251442 18.142123126571192 31.389999389648438 AB 5.792625163165447 1.0567109341296934
62481.1072 lsst_hardware_g 179.4707897322669 21.419365602331823 31.5 AB 11.222368713285304 1.0502099708291128
62483.1054 lsst_hardware_i 941.6671883384143 46.43856666297871 31.280000686645508 AB 12.534251422602932 1.0505029827577053
62483.1182 lsst_hardware_r 518.5693606843362 40.211364694931596 31.579999923706055 AB 12.61174060439681 1.0541995489882183
62485.1122 lsst_hardware_z 1387.1497405878117 76.27186061499957 31.709999084472656 AB 8.19123463451417 1.0539605429290642
62489.1025 lsst_hardware_z 771.9881135818912 61.8521818880282 30.979999542236328 AB 3.2668954622813198 1.0545175798196642
62489.117 lsst_hardware_r 368.2199281668168 77.86160449160599 31.649999618530273 AB 3.2496638499606854 1.064068058271272
62491.0854 lsst_hardware_i 827.26823745393 67.4610667305335 31.329999923706055 AB 3.2574251366784317 1.0507823021543328
62491.1054 lsst_hardware_z 2040.448587115787 108.37972982766641 32.16999816894531 AB 3.2839931511436022 1.059352629401162
62493.0874 lsst_hardware_g 184.32783207563872 56.5541119981813 31.709999084472656 AB 4.502916002697447 1.0527801120751543
62493.0995 lsst_hardware_r 410.7610952130374 62.89915847713263 31.639999389648438 AB 4.505923108261352 1.0590543187701928
62497.087 lsst_hardware_u -5.3776479453970865 3.4871765828582184 28.479999542236328 AB 5.362057531789562 1.058022401694992
62497.0993 lsst_hardware_g 122.18367299206591 16.735386400876425 31.389999389648438 AB 5.390645614249798 1.0678246153121969
62499.0819 lsst_hardware_r 309.29466643470386 28.23740537831428 31.489999771118164 AB 8.74541207178371 1.058254122916712
62499.0937 lsst_hardware_i 594.5367354285991 37.59700970572653 31.25 AB 8.007692326372304 1.0676923101829738
62501.0893 lsst_hardware_z 423.13623433834 45.84837861631389 30.950000762939453 AB 7.966009728308852 1.068725101902915
62501.1017 lsst_hardware_r 314.9522461361213 28.035600987772863 31.479999542236328 AB 8.041431715543634 1.0830940420962083
62503.0801 lsst_hardware_u -0.8748597308898964 2.981809843463574 28.350000381469727 AB 7.357163796522173 1.0652264184153726
62503.0918 lsst_hardware_g 89.02061538312368 15.773829659556142 31.360000610351562 AB 5.4473447358534415 1.077455320348799
62505.0852 lsst_hardware_r 308.2887159031503 27.850624443852507 31.479999542236328 AB 2.475028344807295 1.0760992803509979
62505.0978 lsst_hardware_z 362.93997093446734 46.118388525277865 30.940000534057617 AB 2.514324188783045 1.0931844299056719
62507.0845 lsst_hardware_r 293.25351670004795 27.59124712541367 31.479999542236328 AB 9.28009871453363 1.0820169507812238
62507.0968 lsst_hardware_u 0.7613415159670454 2.6848975377587445 28.360000610351562 AB 9.446485590106608 1.1003584492305234
62747.4151 lsst_hardware_u 2.331114634032074 9.130000114440918 29.190000534057617 AB 1.2420261055334625 1.0688692818704497
62751.4003 lsst_hardware_r 13.106981298275997 22.010000228881836 31.489999771118164 AB 2.1530821094721926 1.065223059726502
62751.4125 lsst_hardware_u 6.887628392669899 10.109999656677246 29.239999771118164 AB 2.2639745315595343 1.0780831102664448
62755.4057 lsst_hardware_i 126.05147326917897 56.5 31.309999465942383 AB 2.693610382045027 1.0833665566610913
62758.202 lsst_hardware_i -34.788867013264436 111.47000122070312 32.45000076293945 AB 1.2038351068008954 1.373718265653361
62758.2237 lsst_hardware_z 9.954041390559631 103.38999938964844 32.13999938964844 AB 1.5491296190899682 1.2707331621491298
62762.395 lsst_hardware_y -41.505942304761305 76.05999755859375 30.790000915527344 AB 1.8612060943266955 1.0956864762519793
62765.3852 lsst_hardware_i -24.099508841066967 31.920000076293945 31.25 AB 3.7112097003648876 1.0931666561380955
62765.3978 lsst_hardware_z 90.95779570972225 50.95000076293945 30.959999084472656 AB 3.323813124242344 1.115030541246819
62767.3674 lsst_hardware_z -8.04935134699845 41.36000061035156 30.950000762939453 AB 1.9157725662956702 1.076377507048664
62767.3801 lsst_hardware_r 4.247161088505216 22.540000915527344 31.489999771118164 AB 1.5713168610272197 1.0937240331976008
62774.354 lsst_hardware_i 36.685868203476666 29.920000076293945 31.239999771118164 AB 3.5063523845399898 1.0836010459562162
62774.3662 lsst_hardware_r 35.223474425001356 21.729999542236328 31.469999313354492 AB 3.569926641103115 1.102226102332048
62785.1352 lsst_hardware_r -10.745617992165528 95.22000122070312 31.579999923706055 AB 5.972241799930766 1.3377678936604167
62785.151 lsst_hardware_z -22.997680249075202 66.12000274658203 30.959999084472656 AB 5.639734550843084 1.2665970693612576
62787.3371 lsst_hardware_r -22.31731594878187 77.88999938964844 31.6299991607666 AB 6.097184416520875 1.1138105190782117
62787.3489 lsst_hardware_y 31.11870766867844 53.22999954223633 30.020000457763672 AB 6.200646019924891 1.1387082553730823
62789.3375 lsst_hardware_z 10.658541137965273 51.099998474121094 30.959999084472656 AB 6.6409755681350635 1.125589079344926
62789.3486 lsst_hardware_r -34.94317695849816 58.06999969482422 31.610000610351562 AB 6.7852629778799205 1.1511176482958554
62793.3096 lsst_hardware_z -11.656808974690302 43.2599983215332 30.959999084472656 AB 4.159050540674168 1.094486984387939
62793.3216 lsst_hardware_r 2.5642003594798384 31.25 31.559999465942383 AB 4.238944497796512 1.1155117099464504
62794.1316 lsst_hardware_i -103.670875172729 44.75 31.969999313354492 AB 4.199948247079609 1.2462754442372728
62794.1473 lsst_hardware_z 32.67020160093967 60.90999984741211 31.690000534057617 AB 3.958003419998193 1.1924091444058142
62796.3178 lsst_hardware_r 7.5053983108160836 22.649999618530273 31.479999542236328 AB 2.907681442877697 1.1243572105346757
62796.3285 lsst_hardware_z 11.011782415864129 42.5099983215332 30.940000534057617 AB 2.846591408944312 1.1486682664379495
62799.3136 lsst_hardware_r 14.878834795790093 21.969999313354492 31.469999313354492 AB 4.302882331440068 1.1329585952228374
62799.3247 lsst_hardware_u 1.1007396740298063 2.5299999713897705 28.309999465942383 AB 4.403703801229131 1.1598359513355652
62803.3202 lsst_hardware_i -6.445583745776413 31.030000686645508 31.239999771118164 AB 3.5511231861006665 1.1774931813541054
62803.3303 lsst_hardware_z 30.48726124374975 43.15999984741211 30.940000534057617 AB 3.6902346505529167 1.208658109248103
62807.302 lsst_hardware_z -14.592133818284335 42.220001220703125 30.940000534057617 AB 3.478978588279652 1.1576015710779675
62807.3131 lsst_hardware_r -4.869434013119482 22.209999084472656 31.459999084472656 AB 3.5675337917829597 1.1887816700376406
62809.2404 lsst_hardware_i -57.6728193946205 36.04999923706055 31.280000686645508 AB 5.946302238862983 1.0638978211772148
62813.237 lsst_hardware_z -22.61967657737436 58.43000030517578 30.979999542236328 AB 5.092366085654644 1.0710248357377037
62819.1777 lsst_hardware_r 82.89607151276692 51.91999816894531 31.6299991607666 AB 4.220394662415876 1.0502412995933497
62819.1892 lsst_hardware_i 16.52150766574919 46.09000015258789 31.309999465942383 AB 4.2575613269697445 1.0511631948736098
62827.1622 lsst_hardware_i 6.305239828877947 29.649999618530273 31.25 AB 4.408100873398949 1.0503397498270002
62829.2377 lsst_hardware_g 4.817410209860814 12.829999923706055 31.34000015258789 AB 8.668526758041573 1.1469718842303032
62829.2501 lsst_hardware_r 2.0081847103923574 22.149999618530273 31.459999084472656 AB 10.382330645229331 1.1800785002533907
62831.2309 lsst_hardware_i 16.102389550601266 30.579999923706055 31.229999542236328 AB 6.011702993929102 1.1437428405864418
62831.2431 lsst_hardware_z 47.966422101821095 42.650001525878906 30.93000030517578 AB 6.175863130206422 1.1756457622778984
62833.1892 lsst_hardware_i 31.847110309159778 30.020000457763672 31.239999771118164 AB 3.642297614206204 1.0788263654656278
62833.2018 lsst_hardware_z 1.1965079191019112 41.5 30.940000534057617 AB 3.627962424982192 1.0967514573567645
62836.0733 lsst_hardware_y 41.003802278513575 67.70999908447266 30.780000686645508 AB 9.123443561534978 1.098085522240474
62836.0826 lsst_hardware_g 3.5139346131715015 29.649999618530273 32.310001373291016 AB 9.040624405485175 1.084181052784412
62840.1994 lsst_hardware_r 21.165945166651152 52.529998779296875 31.610000610351562 AB 2.6313731782889302 1.1280536631704474
62840.2111 lsst_hardware_z 98.05005675624624 50.68000030517578 30.959999084472656 AB 3.1104883691460983 1.1555636181465954
62842.2079 lsst_hardware_r -59.73608074801154 69.38999938964844 31.6200008392334 AB 4.720932222728932 1.161456180759829
62842.2196 lsst_hardware_i -96.50299793247619 58.029998779296875 31.299999237060547 AB 5.0496963332926 1.1951472525642808
62844.1646 lsst_hardware_z -55.16577353310902 59.599998474121094 30.979999542236328 AB 5.95966720649451 1.0859946620189327
62844.1786 lsst_hardware_i -8.264880104106433 65.95999908447266 31.31999969482422 AB 6.757008063540052 1.1084785405471111
62849.1094 lsst_hardware_z 33.01492188222601 45.02000045776367 30.959999084472656 AB 7.777059955187918 1.051712038656844
62849.1239 lsst_hardware_r -68.51285633251595 40.06999969482422 31.610000610351562 AB 7.803691398754663 1.058462528088615
62851.1052 lsst_hardware_u 3.4181540567307014 2.569999933242798 28.389999389648438 AB 10.62118326069537 1.052085744317951
62851.1174 lsst_hardware_g -13.265963402267953 12.739999771118164 31.3700008392334 AB 10.67962637582429 1.0577988566996182
62855.101 lsst_hardware_z -19.32327527480027 41.04999923706055 30.959999084472656 AB 3.523781528125878 1.0547612456349211
62855.1134 lsst_hardware_r -50.93636588526585 21.809999465942383 31.5 AB 3.498706514039468 1.0627636544353125
62858.0846 lsst_hardware_r 0.6962447704758241 21.75 31.489999771118164 AB 4.493541539147924 1.0516538298118439
62858.0971 lsst_hardware_u 4.509712384119467 2.6500000953674316 28.440000534057617 AB 4.516718341068281 1.0570780530642578
62863.0826 lsst_hardware_z -49.134084442335755 41.2599983215332 30.950000762939453 AB 6.598725319458266 1.0565849678894865
62863.0939 lsst_hardware_r -5.454456775805882 21.860000610351562 31.479999542236328 AB 5.758092032596797 1.0647359527730764
62865.0821 lsst_hardware_y -28.039519108403486 47.400001525878906 30.040000915527344 AB 8.967163555501267 1.059750073036126
62865.0949 lsst_hardware_g 5.043878765764447 17.469999313354492 31.5 AB 7.900875577404046 1.070930035002977
62866.0861 lsst_hardware_r -39.532935691677196 28.790000915527344 31.559999465942383 AB 7.979316926974665 1.065080512159998
62866.0998 lsst_hardware_i -49.70047464989348 33.41999816894531 31.270000457763672 AB 8.029388255781347 1.0797267875722467
62868.0814 lsst_hardware_z -6.737966969237865 45.5 30.950000762939453 AB 7.213065982881594 1.0657603402602829
62868.0935 lsst_hardware_r 46.14644504671934 40.90999984741211 31.600000381469727 AB 5.461900034242272 1.0786807611814497
62870.0823 lsst_hardware_z 22.044735605750674 49.43000030517578 30.959999084472656 AB 2.3987112546929956 1.072049722767817
62870.0935 lsst_hardware_r -71.98343467751415 53.970001220703125 31.6200008392334 AB 2.4974779917495726 1.0858599964128577
62872.0823 lsst_hardware_i 41.69787101982053 54.27000045776367 31.309999465942383 AB 10.495847481578103 1.0783404946826833
62872.096 lsst_hardware_z -45.60702589996769 53.630001068115234 30.969999313354492 AB 9.429232905704188 1.0978905403393129
