data/validation/pwv_sim_epoch_fit_seasonal/50894157.ecsv
# %ECSV 0.9
# ---
# datatype:
# - {name: time, datatype: float64}
# - {name: band, datatype: string}
# - {name: flux, datatype: float64}
# - {name: fluxerr, datatype: float64}
# - {name: zp, datatype: float64}
# - {name: zpsys, datatype: string}
# - {name: pwv, datatype: float64}
# - {name: airmass, datatype: float64}
# meta: {SNID: '50894157', alt: 1024.0, c: -0.08017057925462723, dec: -27.784405, lat: -30.244573, lon: -70.7499537, ra: 334.6875, t0: 62258.2109375,
#   x0: 3.861185913777188e-06, x1: 0.33777979016304016, z: 0.6814907789230347}
# schema: astropy-2.0
time band flux fluxerr zp zpsys pwv airmass
62266.3329 lsst_hardware_i 1051.12286260355 47.56666298841825 31.190000534057617 AB 10.563513287811713 1.553457836442899
62266.3532 lsst_hardware_z 681.4263810692203 53.52252945823164 30.920000076293945 AB 9.546714758402503 1.3835150125697313
62270.3454 lsst_hardware_g 111.78244773219232 18.974740086528463 31.3700008392334 AB 10.87312744354441 1.361893089394536
62270.3661 lsst_hardware_i 917.0215698375687 45.24555157127934 31.229999542236328 AB 9.932401204765862 1.2417700473749553
62277.3499 lsst_hardware_u 1.73935186924554 2.826015603150748 28.40999984741211 AB 8.621894360098304 1.227694571530717
62277.369 lsst_hardware_g 93.4887236705834 17.731609148900777 31.440000534057617 AB 8.084226437581743 1.1492254513585363
62280.3601 lsst_hardware_z 553.7075470614086 48.69705190724302 30.940000534057617 AB 7.874895666033608 1.1517495611398434
62280.3805 lsst_hardware_r 483.6499348568565 31.950842850218613 31.5 AB 7.268871345931452 1.089513566714648
62283.3461 lsst_hardware_i 499.394723818417 68.17659772864852 31.309999465942383 AB 4.24096890542554 1.1734833717280173
62283.3669 lsst_hardware_z 545.1814629264743 62.18760225480106 30.979999542236328 AB 4.018735164650247 1.1040481221566611
62285.3482 lsst_hardware_r 465.9228438357238 89.2800182154031 31.639999389648438 AB 9.753442278780263 1.145576964855563
62285.3698 lsst_hardware_z 446.2828919841324 65.36277863231756 30.979999542236328 AB 9.220723459967592 1.0821386945683238
62291.3566 lsst_hardware_i 276.6563280809119 44.385791383032576 31.290000915527344 AB 12.954404792847862 1.0746084440354926
62291.3764 lsst_hardware_z 316.57943244867306 49.55094664661199 30.969999313354492 AB 12.109860822491752 1.0368031526105952
62306.2508 lsst_hardware_i 138.01395227011065 35.50563905153399 31.219999313354492 AB 4.672310786131154 1.3376850081971143
62306.2743 lsst_hardware_u 0.2953134832908571 3.0224963367043993 28.440000534057617 AB 4.20039473732501 1.2112446976474294
62308.2447 lsst_hardware_g 84.84580548194926 60.374770508110814 32.7400016784668 AB 3.887406784880412 1.3417960483968516
62308.2679 lsst_hardware_r 292.32310573204785 61.33430588152825 32.72999954223633 AB 3.9509466853548765 1.2154889048931135
62310.2377 lsst_hardware_i 68.29555795105051 53.0460853995808 31.260000228881836 AB 4.2701754208927065 1.351856088925384
62310.2588 lsst_hardware_r 156.0870878629651 58.82449760324395 31.600000381469727 AB 4.671193911475771 1.2325049898352958
62315.2359 lsst_hardware_z 60.00534814668399 81.0424822084908 30.959999084472656 AB 7.7236645698931845 1.2801830804116163
62315.2548 lsst_hardware_r -8.264011188834171 111.14248302288195 31.6200008392334 AB 6.847137780338295 1.189358655608528
62327.2544 lsst_hardware_u 4.4262981414108475 2.832597176878042 28.40999984741211 AB 10.454668347934216 1.0839469515743096
62327.2744 lsst_hardware_g -18.55563161299398 14.938029014012633 31.450000762939453 AB 10.061334716853562 1.042769437938192
62328.2557 lsst_hardware_r 63.02795059490517 24.553398164599873 31.489999771118164 AB 9.332162304042185 1.0743500100589711
62328.2741 lsst_hardware_i 52.801852630165214 32.11928617469778 31.239999771118164 AB 9.029535846540089 1.0388130132349154
62334.1479 lsst_hardware_z 28.396232393332046 49.14475353067918 30.889999389648438 AB 2.475479136499221 1.5471744603120128
62334.1677 lsst_hardware_i 120.30489762254207 34.92407331455697 31.200000762939453 AB 3.0177660341626997 1.3824995193537601
62345.156 lsst_hardware_r -105.52700802739585 111.69999694824219 31.600000381469727 AB 4.696350726200138 1.2692839800540914
62345.1744 lsst_hardware_i -16.324787003545865 89.87000274658203 31.309999465942383 AB 3.8769018781008344 1.1831847033878438
62347.1619 lsst_hardware_z 20.66556259277133 80.95999908447266 31.719999313354492 AB 6.777705909102612 1.2133379715543524
62348.1517 lsst_hardware_g 48.70140669944676 31.1299991607666 31.56999969482422 AB 4.621441529237254 1.2490382511452036
62348.1708 lsst_hardware_r -45.12234063054885 44.720001220703125 31.59000015258789 AB 4.294021483851168 1.1651913666240195
62351.1522 lsst_hardware_i -22.57450377456419 32.4900016784668 31.229999542236328 AB 2.189274317286485 1.2078754853994398
62351.1694 lsst_hardware_z 5.52202800063655 42.84000015258789 30.940000534057617 AB 2.603318765312406 1.1408057691991262
62352.1539 lsst_hardware_i 15.440312310102382 32.349998474121094 31.239999771118164 AB 1.7100056703360595 1.1888799562012
62352.1719 lsst_hardware_u 0.8769947494192554 2.7799999713897705 28.440000534057617 AB 1.360448622130602 1.123718575548405
62354.1557 lsst_hardware_g 13.287205919020394 14.930000305175781 31.40999984741211 AB 2.4209629708893177 1.1603912626087158
62354.174 lsst_hardware_r 6.974461537944145 24.0 31.5 AB 1.78166192214708 1.1014343962580475
62356.1545 lsst_hardware_i -7.625545822089488 32.150001525878906 31.25 AB 4.36053756060018 1.1450991493172744
62356.1722 lsst_hardware_r 24.859511883107626 24.1200008392334 31.510000228881836 AB 3.5981335852357215 1.0916115442895449
62360.1924 lsst_hardware_r -57.21007046214258 23.93000030517578 31.530000686645508 AB 2.792495772180396 1.0304095589362574
62360.2201 lsst_hardware_i -11.339050719718328 31.06999969482422 31.270000457763672 AB 2.7324357034061593 1.0048182287593133
62364.1533 lsst_hardware_z 45.187261138510046 42.86000061035156 30.950000762939453 AB 5.829571524908711 1.0841512328385048
62364.1712 lsst_hardware_g -39.45487006322612 18.360000610351562 31.530000686645508 AB 5.065881926507933 1.0465076540841673
62366.1548 lsst_hardware_r -16.16447727843237 41.0099983215332 31.610000610351562 AB 2.906505083830244 1.0679790864707859
62366.1738 lsst_hardware_z 31.602418677929897 45.34000015258789 30.959999084472656 AB 3.2688194412421883 1.0335643258565097
62367.1525 lsst_hardware_r -7.988898255720063 52.5099983215332 31.6299991607666 AB 1.9238828159078272 1.0670453776527051
62367.1704 lsst_hardware_y 1.6747334380769734 49.41999816894531 30.059999465942383 AB 2.4996470966227378 1.0345507746248483
62376.1218 lsst_hardware_z 67.79638798594506 51.52000045776367 30.969999313354492 AB 3.800025396499952 1.0810626765131084
62376.1352 lsst_hardware_i -45.349584548026115 51.38999938964844 31.309999465942383 AB 4.104272938765656 1.0523776766065787
62385.062 lsst_hardware_r -30.874486465279958 24.469999313354492 31.479999542236328 AB 0.7019135871200212 1.196443614409127
62385.0793 lsst_hardware_g -2.6241961982627005 15.069999694824219 31.43000030517578 AB 0.7087324205750467 1.1317084560080586
62387.0631 lsst_hardware_r 26.46176976022664 24.190000534057617 31.479999542236328 AB 2.6327321028635016 1.1698431916745176
62387.08 lsst_hardware_i -0.29492143443865826 31.709999084472656 31.229999542236328 AB 2.5581993198228603 1.1125830616799914
62389.0594 lsst_hardware_z -0.6220096808770406 43.2599983215332 30.940000534057617 AB 3.6057543809172286 1.1631465744894285
62389.0769 lsst_hardware_i 12.139246385587677 31.700000762939453 31.239999771118164 AB 3.427817112956653 1.1057474557924687
62390.0617 lsst_hardware_u 2.941482874126997 2.700000047683716 28.3799991607666 AB 2.688818588266123 1.1449901724340181
62390.0775 lsst_hardware_g 8.3778459779002 14.720000267028809 31.43000030517578 AB 2.6295263971285148 1.0965497902954606
62399.0688 lsst_hardware_i -132.60298356872522 91.0 31.34000015258789 AB 5.913454750896569 1.0593792101212447
62399.0864 lsst_hardware_z 7.2668444093060796 79.05999755859375 31.0 AB 4.175952741314989 1.0297434016065234
62400.9806 lsst_hardware_y -1.428049642238673 82.72000122070312 29.940000534057617 AB 2.9163299944638865 1.4130076284402198
62400.9969 lsst_hardware_i 90.41221151352516 98.9800033569336 31.290000915527344 AB 2.5264954064095235 1.3041098106041646
62402.9814 lsst_hardware_y -68.77568063651462 77.01000213623047 29.950000762939453 AB 3.493672158515171 1.367921753529824
62402.9984 lsst_hardware_r 115.90195484327654 57.400001525878906 31.56999969482422 AB 3.2193937311636183 1.2652362865645974
62404.0102 lsst_hardware_i -94.69359730976716 32.189998626708984 31.229999542236328 AB 5.24154925997185 1.1961090617210886
62404.0202 lsst_hardware_r 32.69541451315937 23.65999984741211 31.479999542236328 AB 5.070918907680407 1.1566437348824345
62405.9854 lsst_hardware_z -14.100674130479693 65.83999633789062 30.950000762939453 AB 2.801158126564115 1.29164992002649
62406.0046 lsst_hardware_i -6.497177635106946 32.439998626708984 31.219999313354492 AB 3.725629500629351 1.1967010360971173
62410.989 lsst_hardware_y -41.03717052167056 64.75 30.0 AB 8.512024529305538 1.205128652772204
62411.01 lsst_hardware_z -109.84740231231692 42.70000076293945 30.940000534057617 AB 5.630576031371531 1.1262653749909717
62413.9909 lsst_hardware_y 41.49518259069282 60.869998931884766 30.020000457763672 AB 3.7098959615519025 1.1640410913482966
62414.0093 lsst_hardware_r 17.74460014370485 23.639999389648438 31.489999771118164 AB 3.0304216140446716 1.1038781947162086
62416.0025 lsst_hardware_z -78.59309268366061 65.91000366210938 31.700000762939453 AB 4.3177374057074775 1.1076801964360459
62419.9953 lsst_hardware_y -56.16638830775716 57.20000076293945 30.040000915527344 AB 2.6171926379266126 1.0973170628251756
62420.0148 lsst_hardware_i 11.758055077957868 31.31999969482422 31.25 AB 3.598695270313898 1.0528657900273442
62422.9998 lsst_hardware_y 47.08111345293195 53.59000015258789 30.049999237060547 AB 7.52150876009227 1.066603307899813
62423.0214 lsst_hardware_g 13.795411179210602 29.639999389648438 31.649999618530273 AB 7.55300908888527 1.0290203118372303
62427.0094 lsst_hardware_z -130.4385596164925 97.86000061035156 31.739999771118164 AB 5.450623168378294 1.0304934147425562
62633.3443 lsst_hardware_u -4.827428674505116 2.609999895095825 28.190000534057617 AB 13.900740766155689 1.4138982623359293
62633.3637 lsst_hardware_g 12.899092740985637 15.800000190734863 31.389999389648438 AB 12.663829097437691 1.286952703792709
62639.3546 lsst_hardware_z -10.373132868703454 87.80999755859375 31.709999084472656 AB 8.753764739782373 1.2481752026210826
62642.3461 lsst_hardware_z 43.36373790492684 60.599998474121094 30.950000762939453 AB 8.752563331784033 1.2497413195950458
62642.3654 lsst_hardware_r 7.375028345750451 70.55000305175781 31.6200008392334 AB 8.191610192142354 1.1649599704397755
62644.3492 lsst_hardware_i 24.687975419273418 53.0099983215332 31.280000686645508 AB 2.870540753184641 1.2090729743143451
62644.3684 lsst_hardware_z -26.05237333049824 53.790000915527344 30.959999084472656 AB 2.6991108145916094 1.1349942101517334
62646.3348 lsst_hardware_i 8.219091361195145 38.58000183105469 31.25 AB 9.263406639199586 1.2516707540861955
62646.3539 lsst_hardware_z 40.51268063644028 46.25 30.950000762939453 AB 8.681738536051219 1.1671618018441743
62649.3273 lsst_hardware_g -20.648986427751677 15.0 31.3700008392334 AB 9.863699482921726 1.2481745628499497
62649.3338 lsst_hardware_r -31.23350981263362 24.5 31.469999313354492 AB 11.013538906949115 1.2169656250772503
62650.3342 lsst_hardware_i 19.1335504910925 33.040000915527344 31.239999771118164 AB 10.255316417158145 1.202993186630215
62650.353 lsst_hardware_r -10.43582752748275 24.760000228881836 31.510000228881836 AB 9.626950686739917 1.1317724397331226
62655.3531 lsst_hardware_z -6.599147749689316 42.38999938964844 30.940000534057617 AB 11.544522449686358 1.0915859885765378
62655.3748 lsst_hardware_r 3.0831837813665404 23.860000610351562 31.5 AB 11.05488970857936 1.045000838962648
62657.3508 lsst_hardware_u -1.447646099574845 2.740000009536743 28.420000076293945 AB 5.72361117853769 1.0835897159020633
62657.3703 lsst_hardware_g 2.214105056855329 14.869999885559082 31.450000762939453 AB 5.394636070371581 1.043365828744552
62675.2441 lsst_hardware_z 38.82752143607519 46.4900016784668 30.920000076293945 AB 4.1611930576263285 1.315792271186191
62675.2647 lsst_hardware_r 60.65216211689245 31.31999969482422 31.530000686645508 AB 4.589242065241399 1.2084903397607207
62676.2594 lsst_hardware_g 17.880967605336753 15.09000015258789 31.389999389648438 AB 4.623483691985866 1.220131164317171
62676.2801 lsst_hardware_r -42.06955499834365 25.84000015258789 31.510000228881836 AB 4.283152331046775 1.1381272801718623
62680.2422 lsst_hardware_z -11.889855923666575 43.599998474121094 30.93000030517578 AB 7.615197020192769 1.2505455325055865
62680.2614 lsst_hardware_r 3.4464654347879966 23.68000030517578 31.479999542236328 AB 6.6987089173804115 1.1659391246310766
62682.2603 lsst_hardware_r 35.98047939292093 23.90999984741211 31.479999542236328 AB 3.9938311420110737 1.1499381842294831
62682.2788 lsst_hardware_i 38.022096793012416 31.420000076293945 31.239999771118164 AB 3.815368670486018 1.0931244400208409
62686.2659 lsst_hardware_z 16.990407917963786 42.33000183105469 30.950000762939453 AB 7.653468047234516 1.0984131243564057
62686.2844 lsst_hardware_i -5.621488609233513 31.15999984741211 31.25 AB 7.300198801942157 1.0555521691645686
62688.2638 lsst_hardware_u 0.17244151512294173 2.6700000762939453 28.3799991607666 AB 4.8390145198823555 1.0895409456354748
62688.2824 lsst_hardware_g 4.255944461644519 14.6899995803833 31.440000534057617 AB 4.662425845216515 1.049072041974814
62695.2464 lsst_hardware_r 1.3153837575571103 77.83999633789062 31.639999389648438 AB 7.244908525026604 1.0852169749890732
62695.2907 lsst_hardware_i -19.15842884158753 61.90999984741211 31.329999923706055 AB 6.308781806148261 1.0128623257221867
62697.2577 lsst_hardware_z 133.21357379782677 78.87999725341797 30.989999771118164 AB 5.6413277765432746 1.0493053292803114
62697.2767 lsst_hardware_r -77.8269276595837 118.13999938964844 31.65999984741211 AB 5.438410002990792 1.0213935586422747
62699.1505 lsst_hardware_z 105.39685144788037 90.41999816894531 30.940000534057617 AB 2.4464521724873336 1.5290326078045833
62699.1688 lsst_hardware_r 73.90182733765943 120.94000244140625 31.579999923706055 AB 3.010508817215941 1.3797015660934648
62704.1485 lsst_hardware_u -0.23020017539866608 2.4700000286102295 28.110000610351562 AB 7.35943959451072 1.429017396992373
62704.1668 lsst_hardware_g -31.797429249056318 14.600000381469727 31.350000381469727 AB 7.098330077489181 1.3046002715473592
62707.154 lsst_hardware_r -21.57940113540215 24.610000610351562 31.440000534057617 AB 7.473260024171066 1.332725817952932
62707.175 lsst_hardware_z -13.736879703320994 43.9900016784668 30.93000030517578 AB 7.192420934711744 1.2190543957138549
62709.1545 lsst_hardware_r -40.060201272847905 34.380001068115234 32.189998626708984 AB 4.168965705135714 1.2967233919551209
62709.173 lsst_hardware_u 4.360926682746664 3.5399999618530273 28.940000534057617 AB 3.902475904310167 1.2035392148990494
62716.1777 lsst_hardware_z 43.16903883854572 42.58000183105469 30.940000534057617 AB 2.5368393469624877 1.1164437658543243
62716.1973 lsst_hardware_r -2.461302657159049 23.8700008392334 31.5 AB 2.3876569487413972 1.0661562619966052
62719.1562 lsst_hardware_g 0.5572692257789479 20.440000534057617 31.520000457763672 AB 2.4146981009325166 1.1611451497170988
62719.1755 lsst_hardware_i 14.874651985615612 32.91999816894531 31.25 AB 1.7662084735815249 1.0992428651510968
62723.1689 lsst_hardware_y -46.54830161909621 72.9000015258789 30.790000915527344 AB 4.577746443555291 1.0878675008448884
62725.1487 lsst_hardware_r 80.12477319503148 122.44000244140625 31.639999389648438 AB 3.530625859858863 1.1302825290338905
62725.167 lsst_hardware_i -73.04662150208397 95.58999633789062 31.329999923706055 AB 2.938426794352367 1.0791137695014201
62731.16 lsst_hardware_z -34.818736776468015 48.619998931884766 30.969999313354492 AB 2.858891844720177 1.0585874517601248
62731.177 lsst_hardware_r -1.7678651354657189 49.209999084472656 31.6299991607666 AB 3.1985731246585143 1.0300256949308226
62735.1514 lsst_hardware_i 1.044774220177997 31.440000534057617 31.260000228881836 AB 2.1362118213203907 1.0540518855199295
62735.1687 lsst_hardware_z -12.438851924321263 41.41999816894531 30.950000762939453 AB 2.545400069990052 1.0265434663041715
62736.067 lsst_hardware_u -0.8902870927667055 2.5799999237060547 28.200000762939453 AB 2.951938089489395 1.3852360814121985
