data/validation/pwv_sim_epoch_fit_seasonal/5093582.ecsv
# %ECSV 0.9
# ---
# datatype:
# - {name: time, datatype: float64}
# - {name: band, datatype: string}
# - {name: flux, datatype: float64}
# - {name: fluxerr, datatype: float64}
# - {name: zp, datatype: float64}
# - {name: zpsys, datatype: string}
# - {name: pwv, datatype: float64}
# - {name: airmass, datatype: float64}
# meta: {SNID: '5093582', alt: 1024.0, c: 0.002788721350952983, dec: -54.724628, lat: -30.244573, lon: -70.7499537, ra: 168.868423, t0: 62171.3125,
#   x0: 5.072369925138745e-06, x1: -0.2916679382324219, z: 0.60991370677948}
# schema: astropy-2.0
time band flux fluxerr zp zpsys pwv airmass
[from data line 131]
62539.2794 lsst_hardware_g 25.198083777095093 12.920000076293945 31.350000381469727 AB 4.892030655408951 1.1005693263012264
62539.291 lsst_hardware_i 1.046687414878091 30.31999969482422 31.229999542236328 AB 4.817866994328027 1.1006816420807684
62541.2852 lsst_hardware_z -30.27294797166733 41.540000915527344 30.940000534057617 AB 5.823547932669995 1.1006343249183366
62541.2966 lsst_hardware_r 4.824882777605514 21.90999984741211 31.469999313354492 AB 5.983093778057428 1.103790015322835
62543.2782 lsst_hardware_u 2.0532764347598214 2.569999933242798 28.360000610351562 AB 4.055887234898321 1.1004487387804032
62543.2886 lsst_hardware_g 9.060410296226157 12.9399995803833 31.3700008392334 AB 4.078129601918523 1.1028181458709243
62546.2675 lsst_hardware_r 8.257580811909262 35.72999954223633 31.579999923706055 AB 3.8483691962247604 1.100267567776068
62546.2779 lsst_hardware_i 44.935170154578636 37.38999938964844 31.270000457763672 AB 3.7349012680081497 1.1020116846839587
62550.2749 lsst_hardware_z 43.89916516226386 63.400001525878906 30.979999542236328 AB 5.266569266453764 1.1050871880509394
62550.2856 lsst_hardware_r -65.2269339359354 90.83999633789062 31.639999389648438 AB 5.256786434594625 1.1116651196605076
62552.2519 lsst_hardware_z 55.3069663231504 62.45000076293945 30.979999542236328 AB 2.9833175394889357 1.100313820809787
62552.2667 lsst_hardware_i 115.41992397526997 96.38999938964844 32.06999969482422 AB 3.0344965173719376 1.1038546807464305
62552.2818 lsst_hardware_z -14.804799777134127 61.86000061035156 30.979999542236328 AB 3.0399989560154714 1.1129412249736303
62554.2778 lsst_hardware_r 81.45331455926032 63.439998626708984 31.6299991607666 AB 10.620449897504088 1.114120855399892
62554.2892 lsst_hardware_z 21.712428779816804 54.11000061035156 30.959999084472656 AB 10.719778832431878 1.1251801514019781
62557.2515 lsst_hardware_r -3.452508346190289 30.770000457763672 31.549999237060547 AB 9.745853897741398 1.1032417671914492
62557.2629 lsst_hardware_i 15.667132552853193 34.56999969482422 31.260000228881836 AB 9.797128810996359 1.1091507767458801
62559.2573 lsst_hardware_z 20.72987982745623 42.04999923706055 30.940000534057617 AB 6.635883066942562 1.1090612368149129
62559.2686 lsst_hardware_r -54.665346722389906 22.790000915527344 31.479999542236328 AB 6.60729077564601 1.1180479624873387
62561.2535 lsst_hardware_u -1.0809780017042308 2.5799999237060547 28.3700008392334 AB 4.317320296301751 1.110183935962385
62561.2662 lsst_hardware_r -21.15177965591926 21.950000762939453 31.469999313354492 AB 4.350287718050716 1.1210396335733157
62566.2491 lsst_hardware_r -14.691436092699021 21.940000534057617 31.459999084472656 AB 8.753018656972033 1.117692005231808
62566.262 lsst_hardware_u -2.9064213761400315 2.4700000286102295 28.25 AB 8.802495065289788 1.1318140406252943
62568.2503 lsst_hardware_g -1.4804044385685649 12.930000305175781 31.350000381469727 AB 11.131983891224124 1.124442817295366
62568.2625 lsst_hardware_r 23.668838568038048 22.0 31.459999084472656 AB 11.284349108767865 1.1398332433098852
62571.1836 lsst_hardware_g -1.30823444307861 12.960000038146973 31.360000610351562 AB 9.80677376896298 1.102535064949884
62571.1951 lsst_hardware_r -18.135085157451517 21.93000030517578 31.469999313354492 AB 9.728978976474458 1.10031429274763
62575.1852 lsst_hardware_r -99.32134581647009 44.529998779296875 31.600000381469727 AB 11.34473711832074 1.1002735425511103
62575.1973 lsst_hardware_z 37.344915042362345 46.81999969482422 30.950000762939453 AB 11.23494691708857 1.1016453914452218
62578.1994 lsst_hardware_i -48.34568923006395 66.06999969482422 31.31999969482422 AB 7.618188329674222 1.105580736698086
62578.2115 lsst_hardware_z 85.7886057499849 60.779998779296875 30.969999313354492 AB 6.5697191057683195 1.113511712842088
62580.1954 lsst_hardware_r 45.59893715988175 104.7300033569336 31.639999389648438 AB 5.774217004230316 1.1063484600153888
62580.2073 lsst_hardware_z -34.11636433651986 70.80999755859375 30.979999542236328 AB 5.7910094553249385 1.1145487323801282
62582.1935 lsst_hardware_y -10.578037433171637 52.86000061035156 30.030000686645508 AB 5.277082006931397 1.1084366196950248
62582.2064 lsst_hardware_r 27.657599225405573 75.4800033569336 31.6299991607666 AB 5.408585319235059 1.1186319171117276
62584.194 lsst_hardware_i -74.27692554967209 45.38999938964844 31.290000915527344 AB 6.622104643704525 1.1126315190833829
62584.2066 lsst_hardware_z -58.09157694110861 49.08000183105469 30.950000762939453 AB 6.659497956645266 1.124440347259648
62587.153 lsst_hardware_z -0.07011585127245822 41.560001373291016 30.940000534057617 AB 7.591857573017742 1.100269213480832
62587.1655 lsst_hardware_r 11.240473145940475 22.100000381469727 31.469999313354492 AB 7.603214682037624 1.1019151713098005
62589.1497 lsst_hardware_u 4.397162752643332 2.549999952316284 28.329999923706055 AB 7.165810928882388 1.1002882990401865
62589.1613 lsst_hardware_r -11.307302928102485 22.06999969482422 31.469999313354492 AB 7.206040930662544 1.1022905767890725
62591.1425 lsst_hardware_i 43.86681477452344 30.3700008392334 31.229999542236328 AB 5.502433937230031 1.1002667340991863
62591.1529 lsst_hardware_z -0.20890942248123362 41.68000030517578 30.93000030517578 AB 5.559719080526025 1.1014797584004012
62594.1289 lsst_hardware_z 13.228215538376768 41.61000061035156 30.93000030517578 AB 6.842796643214316 1.1006589421287165
62594.1405 lsst_hardware_r -6.825436404633561 21.989999771118164 31.459999084472656 AB 6.914191993572252 1.100679268288654
62596.1218 lsst_hardware_u -0.14852314004976305 2.5399999618530273 28.31999969482422 AB 7.7500857366720854 1.1009165779637253
62596.1334 lsst_hardware_g 0.019991816541015398 13.140000343322754 31.3700008392334 AB 7.750149810199188 1.1004827561518193
62598.123 lsst_hardware_r 3.60386148040569 22.15999984741211 31.479999542236328 AB 11.320190173640817 1.1002760532284357
62598.1345 lsst_hardware_i 7.111357113647095 30.40999984741211 31.239999771118164 AB 11.229612402704111 1.1016624332280143
62600.1221 lsst_hardware_z 92.97331573420412 41.540000915527344 30.940000534057617 AB 7.833547043247882 1.1004491175455338
62600.1348 lsst_hardware_r 8.250462990405037 22.030000686645508 31.469999313354492 AB 7.637672011388307 1.1035503556405093
62606.1045 lsst_hardware_r 59.48139980182605 66.1500015258789 31.639999389648438 AB 11.418419758576164 1.1003584618460158
62606.116 lsst_hardware_z 11.268518583935716 54.650001525878906 30.969999313354492 AB 11.45540764656886 1.1026654561694953
62608.1123 lsst_hardware_y 134.03858575340703 56.93000030517578 30.040000915527344 AB 15.713568114077106 1.1033001226913033
62608.1231 lsst_hardware_r -48.94845051215151 100.0 31.639999389648438 AB 15.798089595389433 1.1088323983428274
62616.0518 lsst_hardware_r 11.113304359252059 22.200000762939453 31.469999313354492 AB 15.10767610865129 1.1064854789820593
62616.065 lsst_hardware_u 3.0143406330217313 2.5899999141693115 28.3700008392334 AB 15.085484915449051 1.1013714620317625
62618.0478 lsst_hardware_g -30.41791895079909 13.079999923706055 31.360000610351562 AB 4.533420773390449 1.1057123837537681
62618.0598 lsst_hardware_i -34.94576384542007 30.479999542236328 31.229999542236328 AB 4.515385254556602 1.1013134767211226
62620.0469 lsst_hardware_z 75.87315626581349 41.43000030517578 30.940000534057617 AB 9.374980773132359 1.1036313890832383
62620.0591 lsst_hardware_r -8.102009162377046 22.049999237060547 31.479999542236328 AB 9.346967137592907 1.1005279307984415
62622.0862 lsst_hardware_g -7.920419754111415 13.25 31.389999389648438 AB 10.848968529371717 1.1097175351397985
62625.0432 lsst_hardware_z -11.310497505092341 41.369998931884766 30.940000534057617 AB 12.059264003557658 1.1008334959430677
62625.0533 lsst_hardware_r -0.92208279617328 22.0 31.479999542236328 AB 12.014715039514192 1.1004165812408053
62627.0409 lsst_hardware_u -3.6416308148474115 2.690000057220459 28.459999084472656 AB 3.1912817601589674 1.100441986261713
62627.0534 lsst_hardware_r -38.30342710000871 22.100000381469727 31.479999542236328 AB 3.9892910768756424 1.101228242334147
62631.0222 lsst_hardware_g 20.28168512026513 22.920000076293945 31.579999923706055 AB 8.365526007298039 1.1018386100844764
62631.0343 lsst_hardware_i 65.24809892750191 33.04999923706055 31.260000228881836 AB 8.329037386107078 1.1002933643770922
62633.0237 lsst_hardware_z 17.219678803198722 46.369998931884766 30.950000762939453 AB 11.162324932970607 1.1005225341224627
62633.0347 lsst_hardware_r 10.316892781900052 42.650001525878906 31.600000381469727 AB 11.215530755247512 1.1008029401037946
62639.0178 lsst_hardware_r -125.18674592164716 88.16999816894531 31.639999389648438 AB 8.071538101733024 1.1007268278969975
62639.0303 lsst_hardware_i -104.83951866624759 70.36000061035156 31.31999969482422 AB 8.098533603516913 1.1044082418569572
62644.0151 lsst_hardware_u -0.6044503250366593 2.5999999046325684 28.3799991607666 AB 1.4922705549263986 1.1037504104485198
62644.0276 lsst_hardware_r 12.862537710998211 21.940000534057617 31.469999313354492 AB 1.501735398132376 1.11075103412158
62653.9991 lsst_hardware_z -74.46064786807447 41.58000183105469 30.940000534057617 AB 10.570309721942147 1.109918593158203
62654.9936 lsst_hardware_u -3.1414081226058865 2.490000009536743 28.290000915527344 AB 10.18933799463124 1.1081189024630231
62655.0073 lsst_hardware_r 7.91636836358069 21.860000610351562 31.459999084472656 AB 10.074676506027235 1.1188904958105532
