data/validation/pwv_sim_epoch_fit_seasonal/51381643.ecsv
# %ECSV 0.9
# ---
# datatype:
# - {name: time, datatype: float64}
# - {name: band, datatype: string}
# - {name: flux, datatype: float64}
# - {name: fluxerr, datatype: float64}
# - {name: zp, datatype: float64}
# - {name: zpsys, datatype: string}
# - {name: pwv, datatype: float64}
# - {name: airmass, datatype: float64}
# meta: {SNID: '51381643', alt: 1024.0, c: -0.1635405570268631, dec: 0.298417, lat: -30.244573, lon: -70.7499537, ra: 202.324219, t0: 62644.07421875,
#   x0: 2.24842244721087e-06, x1: 0.83610600233078, z: 0.8480480313301086}
# schema: astropy-2.0
time band flux fluxerr zp zpsys pwv airmass
62536.364 lsst_hardware_r -20.214035554851133 24.989999771118164 31.479999542236328 AB 9.750740997982719 1.1702293472795997
62536.3826 lsst_hardware_z 31.512595895927205 57.880001068115234 30.959999084472656 AB 8.770871256576203 1.1594524442464356
62540.366 lsst_hardware_u -1.289175134048076 2.7799999713897705 28.34000015258789 AB 9.493910326861457 1.1610268830109804
62540.3846 lsst_hardware_y 83.28478652289137 63.560001373291016 30.020000457763672 AB 7.718354427182917 1.161411610650979
62542.3647 lsst_hardware_i 13.65491357756408 32.34000015258789 31.229999542236328 AB 3.9459664706039224 1.1597256342700728
62542.3826 lsst_hardware_y -39.74967518061919 53.880001068115234 30.010000228881836 AB 4.473080583786209 1.163249111594888
62544.3633 lsst_hardware_u -4.845909342765318 2.8499999046325684 28.459999084472656 AB 7.17889605327384 1.1592264262357892
62544.3808 lsst_hardware_y 37.984674760148394 51.439998626708984 30.010000228881836 AB 6.043916120803232 1.165803919656007
62545.3588 lsst_hardware_r -14.337369547546642 24.639999389648438 31.489999771118164 AB 6.469170935740172 1.1593496300609683
62545.3768 lsst_hardware_y 8.044808433160393 49.81999969482422 30.010000228881836 AB 5.77035148854564 1.1648451150230916
62551.336 lsst_hardware_r 47.0117862041486 115.13999938964844 31.6299991607666 AB 3.642665986468855 1.161009079352623
62551.355 lsst_hardware_i -55.39117113171348 90.80999755859375 31.31999969482422 AB 3.715200728688804 1.1616052304394382
62555.3478 lsst_hardware_z -109.48447079538268 84.66000366210938 31.719999313354492 AB 11.46669384809515 1.1636784853368554
62558.3398 lsst_hardware_r 20.974135323603374 28.440000534057617 31.520000457763672 AB 7.699124899474647 1.1638009068815127
62558.3577 lsst_hardware_i -10.643093380117818 34.59000015258789 31.239999771118164 AB 7.961432510939972 1.1831963605335274
62560.3073 lsst_hardware_i 31.214130457939753 32.61000061035156 31.239999771118164 AB 6.091660130196276 1.1630854663859238
62560.3253 lsst_hardware_z 21.59005637028617 43.65999984741211 30.940000534057617 AB 6.055599307671252 1.159798766132871
62562.3073 lsst_hardware_r -14.440666714710588 24.399999618530273 31.489999771118164 AB 3.940877395906679 1.1605037730277337
62562.3263 lsst_hardware_g 15.638129493517413 15.039999961853027 31.40999984741211 AB 4.007892584786433 1.1622694784300915
62564.3071 lsst_hardware_r 13.081833099185644 24.25 31.479999542236328 AB 8.362495651926745 1.159324250778324
62564.3255 lsst_hardware_i -36.58152412430247 32.209999084472656 31.229999542236328 AB 8.344141192546532 1.165260788680869
62565.3058 lsst_hardware_z 12.193822021694778 43.18000030517578 30.93000030517578 AB 11.253556575471846 1.1592243283401904
62565.3244 lsst_hardware_i -48.60723946874989 32.25 31.229999542236328 AB 11.326412331005875 1.1665489217597371
62569.3045 lsst_hardware_r -45.68552970405239 24.290000915527344 31.479999542236328 AB 8.35923246238495 1.1610045086645764
62569.3224 lsst_hardware_i 16.201470207709146 32.2599983215332 31.229999542236328 AB 8.466175666145821 1.1758577314091418
62573.2715 lsst_hardware_i -42.099826886079285 32.41999816894531 31.239999771118164 AB 17.628188351120095 1.1632696549505144
62573.29 lsst_hardware_z 3.449921295508595 43.41999816894531 30.940000534057617 AB 17.73630043617316 1.1598417758418231
62576.2716 lsst_hardware_r -62.85611338025378 47.599998474121094 31.59000015258789 AB 8.706246325812643 1.159776158497273
62576.2906 lsst_hardware_g -20.384424980803395 34.939998626708984 31.6200008392334 AB 8.756223999847512 1.1637595720206202
62577.2744 lsst_hardware_r -15.9151849173608 69.77999877929688 31.610000610351562 AB 9.157795986178806 1.1592146817947855
62577.2955 lsst_hardware_i -7.813040334652025 59.08000183105469 31.290000915527344 AB 9.405886550239645 1.1701046899595255
62579.2733 lsst_hardware_z 30.812948927585595 85.94999694824219 30.979999542236328 AB 6.590950557466448 1.1597660667721852
62579.2925 lsst_hardware_i 0.09941420729284287 101.1500015258789 31.309999465942383 AB 6.450102939700749 1.1727459890365
62581.2379 lsst_hardware_z -15.705413401859655 142.02999877929688 31.739999771118164 AB 6.671158747344733 1.1737765016881732
62583.2717 lsst_hardware_r 10.442921380285025 81.4800033569336 31.6299991607666 AB 7.157585670086847 1.1638981522174938
62583.2914 lsst_hardware_i 74.19834056927341 68.87000274658203 31.309999465942383 AB 7.301895293462907 1.1862713029561847
62585.2077 lsst_hardware_z 90.66710535493768 69.27999877929688 31.690000534057617 AB 8.393772454630277 1.2059295953973461
62595.2551 lsst_hardware_g -8.446898022927675 15.460000038146973 31.40999984741211 AB 7.5908449053236815 1.1808418312663234
62595.2747 lsst_hardware_r -3.6304171151207383 24.959999084472656 31.469999313354492 AB 7.708698136947422 1.21931270454972
62597.2088 lsst_hardware_r 15.92663840998926 24.989999771118164 31.489999771118164 AB 17.239906160701274 1.1617187439825738
62597.2272 lsst_hardware_i 14.471078180408787 32.79999923706055 31.239999771118164 AB 17.189546355176994 1.1606715972435593
62599.2101 lsst_hardware_z -0.20474565052967422 43.529998779296875 30.940000534057617 AB 10.696937046310703 1.159517673758206
62599.2287 lsst_hardware_u -0.8017105815766626 2.7200000286102295 28.34000015258789 AB 10.738127566999449 1.1643612499005438
62601.2255 lsst_hardware_r -19.776414743312017 25.020000457763672 31.489999771118164 AB 5.767276076769462 1.1660485395812736
62601.2425 lsst_hardware_i 8.754424106704427 32.869998931884766 31.229999542236328 AB 5.93019011810787 1.1866709147761212
62603.2244 lsst_hardware_z 19.72001104884069 43.91999816894531 30.940000534057617 AB 8.045632206535359 1.1699901415223497
62603.242 lsst_hardware_r -38.24366086301079 25.34000015258789 31.5 AB 8.111067636449615 1.195441066536375
62605.1914 lsst_hardware_i -100.70156715151433 54.0 31.299999237060547 AB 6.553032273357022 1.1600340367068547
62605.2087 lsst_hardware_z -4.574162227626562 54.75 30.969999313354492 AB 7.647310867307195 1.1621611439241968
62607.1505 lsst_hardware_z -144.16865499687864 81.18016241445889 30.979999542236328 AB 20.03845545238359 1.1999075121187779
62607.168 lsst_hardware_r 2.2776674655221654 114.42005491956537 31.6299991607666 AB 19.96615751018071 1.1725256441331533
62609.1948 lsst_hardware_i -35.52816662221803 131.9518179575544 31.329999923706055 AB 14.974443096379566 1.160809542355005
62609.211 lsst_hardware_r -132.32624008363743 164.97022212287138 31.639999389648438 AB 13.946581885447916 1.1732140387337888
62613.1859 lsst_hardware_z 73.30081445505017 50.6454847308511 30.959999084472656 AB 10.648564276012191 1.1616826788864005
62615.1052 lsst_hardware_r 91.67774558491821 43.84864978516885 32.65999984741211 AB 11.43629201512491 1.2634692609097837
62615.1276 lsst_hardware_i 103.08128795562473 47.501622094605985 31.979999542236328 AB 11.5291171669899 1.2020766517558021
62617.1869 lsst_hardware_z 41.968250572713714 44.39001273185249 30.940000534057617 AB 7.498170625373707 1.1707354989133505
62617.2034 lsst_hardware_r 46.57670731158917 25.988198740462153 31.489999771118164 AB 7.673279971782319 1.1947342017281184
62619.1847 lsst_hardware_u 2.461245877005285 2.6995529491057955 28.31999969482422 AB 2.6876081588382634 1.1743972728154963
62619.2034 lsst_hardware_g 15.672498302608071 16.206467684076426 31.399999618530273 AB 2.691655814337672 1.2058039262348177
62621.1834 lsst_hardware_r 145.57887387749543 27.987433786177355 31.479999542236328 AB 12.920612631423003 1.1798299400911314
62621.2016 lsst_hardware_z 178.26669521879472 45.63466361566272 30.93000030517578 AB 13.416182340303578 1.214152461452231
62624.1551 lsst_hardware_i 283.25223375457415 37.706030607268346 31.239999771118164 AB 13.186922112359943 1.161331758023773
62624.1717 lsst_hardware_r 344.4299448909297 30.106067739144958 31.5 AB 13.51550616064665 1.1751932781270638
62626.1507 lsst_hardware_u -4.571047654190078 2.9594622037776497 28.40999984741211 AB 9.952996909212366 1.1618284329819883
62626.1689 lsst_hardware_g 17.88967439478921 16.56289310653525 31.420000076293945 AB 10.770542082164559 1.1786542002806477
62628.1491 lsst_hardware_r 480.81944217072424 32.63683953017776 31.489999771118164 AB 7.137354610823819 1.1640787122143883
62628.1678 lsst_hardware_i 539.0594029407247 39.927347515401244 31.229999542236328 AB 7.553101034402052 1.185094499455098
62630.0551 lsst_hardware_z 367.3756262688473 49.255586306204854 30.920000076293945 AB 11.576509550154709 1.2980575088941928
62630.0715 lsst_hardware_g 143.15841284625202 22.111963877004882 31.459999084472656 AB 11.060231213970997 1.2401795435170573
62632.1474 lsst_hardware_r 752.562117741781 44.919123818893326 31.56999969482422 AB 9.06341924044596 1.1723096834853302
62632.1679 lsst_hardware_z 481.845863033878 50.73179314020618 30.940000534057617 AB 9.384917958328726 1.205796863957943
62635.0732 lsst_hardware_i 952.2864803744912 84.61238798855302 31.309999465942383 AB 7.656906814736898 1.2016489037565556
62635.0922 lsst_hardware_r 953.1152295867034 99.04372411694756 31.6299991607666 AB 7.248811277581377 1.1718091299032294
62638.0915 lsst_hardware_z 1086.8300960335066 126.04900034353493 31.729999542236328 AB 9.964935059934945 1.1649785252006153
62640.0298 lsst_hardware_r 804.2046529767322 85.60805082883877 31.579999923706055 AB 10.466644148560045 1.2899487488982062
62640.0419 lsst_hardware_i 860.9721112108003 73.08660052543651 31.280000686645508 AB 10.11459726219849 1.2471759879406437
62643.0778 lsst_hardware_z 570.4319685937418 49.02837490581515 30.93000030517578 AB 5.792546647999978 1.1650139910499644
62643.0963 lsst_hardware_r 577.0294891309431 35.42063719489955 31.479999542236328 AB 5.379512857076942 1.1593777709217548
62645.0695 lsst_hardware_u 3.987639012444928 2.8640336280765264 28.360000610351562 AB 9.688540868992225 1.1672940806014729
62645.0878 lsst_hardware_g 84.71130755665818 18.173565653304358 31.40999984741211 AB 10.02433362676723 1.1592175341737185
62647.073 lsst_hardware_r 604.6625686852237 34.262256430893224 31.489999771118164 AB 6.045912937104999 1.1613913340258366
62647.0914 lsst_hardware_z 573.5216909008627 48.84690687522582 30.940000534057617 AB 7.462241902696487 1.16095657875275
62651.0394 lsst_hardware_i 726.7890489940552 42.05730796781744 31.239999771118164 AB 11.29319671010231 1.1838146032463823
62651.0596 lsst_hardware_r 495.56462960221853 32.88773390280172 31.489999771118164 AB 12.651356365994193 1.1626481979501497
62653.0333 lsst_hardware_u -1.4758707911054891 2.801737738119609 28.350000381469727 AB 8.056730243726212 1.1848132711362078
62653.0515 lsst_hardware_g 46.74659621243248 17.338205466860938 31.420000076293945 AB 8.578185497559645 1.16430151982441
62656.0361 lsst_hardware_r 368.5439735405534 31.200724753223835 31.489999771118164 AB 13.125660218750559 1.170496954074289
62656.0558 lsst_hardware_i 671.9672609519691 40.675077189831185 31.239999771118164 AB 13.32790664515531 1.159343252715517
62658.0385 lsst_hardware_z 449.5745615629231 48.219582010998565 30.93000030517578 AB 5.134770451114708 1.163863197714036
62658.0586 lsst_hardware_r 344.31272993295846 30.778328908382935 31.479999542236328 AB 4.772350694821397 1.1600269068598439
62678.9609 lsst_hardware_y 235.85528518933972 53.67680805107183 30.0 AB 9.12753554402677 1.187090069453313
62678.9886 lsst_hardware_i 339.6488041194091 50.174467856796454 31.989999771118164 AB 8.82771396607095 1.1602690864496321
62679.0168 lsst_hardware_r 73.40377765399708 26.892293648795523 31.489999771118164 AB 9.606812663067057 1.1699217759321752
62680.9638 lsst_hardware_z 251.421884306237 47.52764736715451 30.940000534057617 AB 4.586671448583391 1.17506527290763
62680.9847 lsst_hardware_u -1.9934265256970893 2.8563543283091732 28.420000076293945 AB 4.451855208670277 1.1598406970048485
62682.9647 lsst_hardware_y 81.350763163247 51.05671663729612 30.0 AB 9.012931102873424 1.1682347508585125
62682.9872 lsst_hardware_r 83.48144551271942 26.66300372234054 31.489999771118164 AB 8.949433836551428 1.1594032694068905
62688.961 lsst_hardware_y 89.70543189593194 57.123109292365406 30.020000457763672 AB 4.684972136491249 1.1603646158492258
62688.982 lsst_hardware_z 102.91630648500842 46.8249823611913 30.940000534057617 AB 4.732921398841662 1.1637377425231528
62907.3703 lsst_hardware_z -124.28371917470129 72.51000213623047 30.979999542236328 AB 3.971198568932163 1.1591637962391033
62907.3882 lsst_hardware_y -22.08334188253155 78.83000183105469 30.030000686645508 AB 4.54258897637998 1.1667608672208851
62909.3667 lsst_hardware_r -149.97970258548273 90.77999877929688 31.6200008392334 AB 7.1306142917434405 1.1592609806118421
62909.383 lsst_hardware_y 148.1808291214404 63.150001525878906 30.010000228881836 AB 6.0383505462427784 1.166981359191415
62911.3742 lsst_hardware_z -19.10547102236437 52.0 30.959999084472656 AB 2.820726019558047 1.1643863857824754
62911.3909 lsst_hardware_y 145.70781654850887 73.4800033569336 30.020000457763672 AB 2.9950228801354735 1.1827516556957147
62913.2819 lsst_hardware_r -2.9351802580023763 29.309999465942383 31.510000228881836 AB 5.8160810969650285 1.2890250658167097
62913.2978 lsst_hardware_z -45.877375469309705 45.209999084472656 30.940000534057617 AB 5.990330617728161 1.2350984933718998
62915.2578 lsst_hardware_g 15.141735639037652 15.149999618530273 31.350000381469727 AB 6.502845746387663 1.3770651164990553
62915.269 lsst_hardware_r 20.477963649107576 24.989999771118164 31.459999084472656 AB 6.270528607243237 1.3205978217750196
62918.3445 lsst_hardware_i -2.822869628329768 32.65999984741211 31.239999771118164 AB 6.596264088820522 1.159612790299535
62918.3623 lsst_hardware_z 0.5186054494763256 44.04999923706055 30.940000534057617 AB 6.665874073327401 1.1706496250538387
62920.3405 lsst_hardware_r -1.9605428360316433 24.459999084472656 31.489999771118164 AB 11.381726783793303 1.159960605078046
62920.3576 lsst_hardware_g 5.154169677587335 15.119999885559082 31.420000076293945 AB 11.525556959169304 1.1714551727032088
62922.3261 lsst_hardware_r -15.673722544533964 24.510000228881836 31.5 AB 10.434326217002814 1.1593695796669794
62922.3436 lsst_hardware_i -27.621786151089566 32.439998626708984 31.239999771118164 AB 10.010338495530588 1.1639928483175104
62924.3351 lsst_hardware_z 8.811803306928807 43.290000915527344 30.940000534057617 AB 6.0432806707202396 1.1621693597538922
62924.3526 lsst_hardware_i 54.73167010632119 32.380001068115234 31.229999542236328 AB 6.129239328648334 1.1786998708939105
62928.3074 lsst_hardware_g 10.158447503549882 15.029999732971191 31.40999984741211 AB 7.036316748154193 1.1598164994691051
62928.3252 lsst_hardware_r -33.845272648625375 24.440000534057617 31.489999771118164 AB 7.063887010787952 1.1627319058125924
62931.3069 lsst_hardware_i -4.14372891838779 48.41999816894531 31.280000686645508 AB 8.325948201287671 1.1592798943591855
62931.3271 lsst_hardware_z 7.407215153917672 49.90999984741211 30.950000762939453 AB 8.387823328221582 1.170952197427379
62933.3078 lsst_hardware_r -44.86488649870738 103.04000091552734 31.6299991607666 AB 11.075932136429435 1.16089776956203
62933.3268 lsst_hardware_z -38.32069791286698 72.08000183105469 30.969999313354492 AB 11.353640969798235 1.1770513316421496
62936.306 lsst_hardware_r -2.2466464102974544 137.85000610351562 31.6299991607666 AB 9.30426773667383 1.1644162113351895
62936.3246 lsst_hardware_i 4.83187500408512 114.29000091552734 31.31999969482422 AB 9.467093856482055 1.1857953789236957
62940.2742 lsst_hardware_r 8.680485004960222 45.09000015258789 31.59000015258789 AB 10.091364215518807 1.1599269213240009
62940.2932 lsst_hardware_z 61.303656095603955 48.52000045776367 30.950000762939453 AB 9.654416027704903 1.1631826539403496
62942.2758 lsst_hardware_g 20.99157165405232 21.270000457763672 31.530000686645508 AB 9.15759752004264 1.1591895594990682
62942.2946 lsst_hardware_r 13.16047243433793 28.40999984741211 31.520000457763672 AB 9.43615281815333 1.1684914640769402
62945.268 lsst_hardware_i -51.71887548940241 32.439998626708984 31.25 AB 5.787865078493606 1.1592152372848747
