data/validation/pwv_sim_epoch_fit_seasonal/5143892.ecsv
# %ECSV 0.9
# ---
# datatype:
# - {name: time, datatype: float64}
# - {name: band, datatype: string}
# - {name: flux, datatype: float64}
# - {name: fluxerr, datatype: float64}
# - {name: zp, datatype: float64}
# - {name: zpsys, datatype: string}
# - {name: pwv, datatype: float64}
# - {name: airmass, datatype: float64}
# meta: {SNID: '5143892', alt: 1024.0, c: 0.061890266835689545, dec: -37.92165, lat: -30.244573, lon: -70.7499537, ra: 344.003906, t0: 61702.62109375,
#   x0: 2.726422747661219e-05, x1: 0.7983892560005188, z: 0.3003315329551697}
# schema: astropy-2.0
time band flux fluxerr zp zpsys pwv airmass
61574.4238 lsst_hardware_z 119.07058533296627 57.099998474121094 30.989999771118164 AB 4.95029171904382 1.0102636161313918
61574.4379 lsst_hardware_y 11.602729097921719 59.7400016784668 30.06999969482422 AB 4.984329808768182 1.017210165054731
61576.3942 lsst_hardware_r 170.34909662433316 133.75999450683594 32.41999816894531 AB 3.868317153573297 1.011192563997725
61576.4087 lsst_hardware_i -95.42892723394871 105.2300033569336 32.09000015258789 AB 3.8529967804963103 1.0087039153076276
61578.2581 lsst_hardware_z 146.82348155936367 71.18000030517578 30.950000762939453 AB 3.4672057423827414 1.3721997595260822
61578.2779 lsst_hardware_i 47.1082170210177 75.79000091552734 31.290000915527344 AB 3.220972814402767 1.2618894473664122
61578.4084 lsst_hardware_z 89.94683805326663 62.31999969482422 30.989999771118164 AB 2.1193597702494062 1.0092189382140029
61578.4203 lsst_hardware_i 61.41347685959482 68.45999908447266 31.329999923706055 AB 1.673672732706489 1.0132213092765807
61580.4061 lsst_hardware_z 84.00138589816564 79.23999786376953 31.729999542236328 AB 3.9361602093511987 1.00989763982413
61582.4143 lsst_hardware_r -51.66653583908992 43.400001525878906 31.6200008392334 AB 5.48659319343726 1.0160357765624555
61582.4286 lsst_hardware_i 36.04065386426162 42.25 31.299999237060547 AB 5.966326758668906 1.0281747580783547
61591.4185 lsst_hardware_i -8.300913374257064 30.200000762939453 31.239999771118164 AB 5.509463624262055 1.0467300511564652
61591.4308 lsst_hardware_u -2.960761017539538 3.3499999046325684 28.56999969482422 AB 5.647008561611148 1.0678406961870466
61593.4133 lsst_hardware_g -15.300765146077955 13.770000457763672 31.43000030517578 AB 1.4922389881890015 1.0471240195466942
61593.4248 lsst_hardware_r -8.55373406175797 22.690000534057617 31.489999771118164 AB 1.8197915362907822 1.0668050041764874
61608.401 lsst_hardware_z -39.17654037011432 63.0 30.979999542236328 AB 5.895551940340593 1.1049670959311393
61608.4131 lsst_hardware_r -63.54633011578824 83.04000091552734 31.6299991607666 AB 6.121342364356357 1.1390133254605492
61611.2943 lsst_hardware_y 17.026470954642946 83.7699966430664 31.25 AB 5.454652597379848 1.0130756553614426
61611.3532 lsst_hardware_r -4.1256581577706966 43.279998779296875 31.6200008392334 AB 5.692919582301864 1.0323858276555398
61617.1642 lsst_hardware_r -8.58707879134578 23.770000457763672 31.450000762939453 AB 4.804995896737479 1.298647539658778
61617.1842 lsst_hardware_g 8.9957223127024 14.130000114440918 31.3700008392334 AB 4.370042067645544 1.205362589338069
61619.3414 lsst_hardware_r 32.67799606198214 23.030000686645508 31.5 AB 1.5219056583907626 1.0457436956418433
61619.3537 lsst_hardware_i -26.84299540078581 31.030000686645508 31.25 AB 1.5346325958530866 1.0665812087476567
61622.3364 lsst_hardware_z 60.19983095467324 41.27000045776367 30.950000762939453 AB 2.062800185262239 1.0506622335800877
61622.3496 lsst_hardware_i 78.09813080894716 30.84000015258789 31.25 AB 2.187398479649936 1.0746686491627115
61624.3332 lsst_hardware_u -3.526662541481679 2.690000057220459 28.43000030517578 AB 4.384690327238149 1.0543500305959002
61624.3455 lsst_hardware_g 13.95960424274467 14.079999923706055 31.40999984741211 AB 4.619388552705934 1.0774921788374452
61629.3289 lsst_hardware_r -30.59053802021697 35.36000061035156 31.59000015258789 AB 2.708285611315443 1.0714567893902585
61629.3395 lsst_hardware_g -1.9750493918110636 16.360000610351562 31.479999542236328 AB 3.4193561337902842 1.094661018180648
61649.2912 lsst_hardware_i -26.861231681855134 31.25 31.229999542236328 AB 1.8016490744222373 1.110529530155478
61649.301 lsst_hardware_z -17.1635475862765 42.7599983215332 30.93000030517578 AB 1.7812080666102283 1.138515862326768
61653.2446 lsst_hardware_r -22.926672504717725 22.809999465942383 31.489999771118164 AB 1.8204898379839531 1.0400817966010016
61653.2577 lsst_hardware_u 4.864475489417201 2.640000104904175 28.389999389648438 AB 2.4564456830147545 1.0607178192219164
61655.2706 lsst_hardware_r -18.670308496637446 23.280000686645508 31.489999771118164 AB 2.1969083759937518 1.0997372147474147
61655.2817 lsst_hardware_i -41.96210950061528 31.600000381469727 31.239999771118164 AB 2.2617432388487217 1.1297418775468142
61680.1775 lsst_hardware_r 172.14187453985537 26.305589189939088 31.5 AB 4.824915663068657 1.0498075855241715
61680.1892 lsst_hardware_i 183.69973551726943 33.199170821210856 31.25 AB 4.816809317653592 1.0705606721707495
61684.1789 lsst_hardware_g 750.6813953918509 31.29350126063154 31.459999084472656 AB 5.215367060913648 1.0717975875283563
61684.1906 lsst_hardware_r 1305.8179526027889 43.29703575687333 31.489999771118164 AB 5.317950002722308 1.0977293843992793
61686.0011 lsst_hardware_y 473.6992990450422 54.48780745086303 30.010000228881836 AB 5.442530118438781 1.1847684611567415
61686.0215 lsst_hardware_z 1327.4117531637526 58.7342988507849 30.950000762939453 AB 5.0845394607184815 1.1186490205639914
61688.0784 lsst_hardware_i 2650.569562663838 76.20874773561712 31.329999923706055 AB 2.485111009074744 1.0163360407912523
61688.09 lsst_hardware_z 2078.8555915839333 69.53008012393782 30.979999542236328 AB 3.232028612218586 1.0106405916881132
61689.1658 lsst_hardware_z 4469.19581008257 108.3870901648893 31.729999542236328 AB 4.8084159389554335 1.0729079819163234
61692.1542 lsst_hardware_r 6434.950582871921 125.61984228376603 31.649999618530273 AB 8.954230784606345 1.06623372048177
61692.1644 lsst_hardware_i 4624.463809845102 101.32107309933895 31.31999969482422 AB 9.050648166807163 1.0874697412857053
61694.0033 lsst_hardware_z 3602.668109988231 84.11768327538047 30.979999542236328 AB 8.653956603819553 1.1088300597494638
61694.0231 lsst_hardware_g 5983.047024165732 113.68659927823383 31.719999313354492 AB 8.329354844444513 1.0646243610090587
61696.1525 lsst_hardware_g 6703.130459115164 103.75988007377771 31.700000762939453 AB 6.622302808757526 1.0852675858337106
61696.1638 lsst_hardware_r 8518.362384228036 109.62191717448945 31.6200008392334 AB 6.812372008473525 1.113011438047085
61698.1561 lsst_hardware_i 6490.679501829502 87.61383954566611 31.270000457763672 AB 3.753460497280352 1.1071066258815314
61698.1663 lsst_hardware_z 3865.7965743039917 77.54526917024695 30.950000762939453 AB 3.817617416999366 1.1357449673738693
61702.0053 lsst_hardware_y 1322.271633412984 61.23502154419805 30.049999237060547 AB 3.044913436349002 1.0573533939921875
61702.0263 lsst_hardware_z 4145.900097564308 75.620324281574 30.950000762939453 AB 2.910864616300405 1.0282107440128594
61702.1471 lsst_hardware_u 45.151278622599314 7.6314406333249725 28.40999984741211 AB 3.179954229963143 1.1121637597143108
61702.1577 lsst_hardware_g 5190.4215800312195 73.23488327264258 31.389999389648438 AB 3.287291539218761 1.1429088358865749
61707.1396 lsst_hardware_z 4098.35062083278 76.46153924502721 30.940000534057617 AB 3.247605029990473 1.1294053312433452
61707.1502 lsst_hardware_u 19.888923915396756 6.312930481783749 28.360000610351562 AB 3.3538653006910826 1.163123045150367
61709.1389 lsst_hardware_g 3883.2463732187334 64.11190744475158 31.3799991607666 AB 4.163787476536129 1.1438976583890466
61709.1492 lsst_hardware_r 7562.875305347442 89.2185016917346 31.469999313354492 AB 4.297286609055455 1.1789538022100012
61711.0927 lsst_hardware_u 28.69271860949306 5.443340755074617 28.360000610351562 AB 5.892458185854098 1.0495695150697517
61711.1054 lsst_hardware_r 6969.584088297705 86.90024522248686 31.479999542236328 AB 5.931332172345316 1.0722504680349065
61910.3624 lsst_hardware_r 30.26336323956483 26.3700008392334 31.469999313354492 AB 9.916973605844786 1.293672974704991
61910.3827 lsst_hardware_i -37.65931502360493 33.25 31.229999542236328 AB 8.595420530797528 1.2004078716272368
61947.2644 lsst_hardware_r -22.787453906904158 23.540000915527344 31.440000534057617 AB 7.391311472166765 1.2781102320882876
61947.2849 lsst_hardware_g -15.905757805682445 13.84000015258789 31.350000381469727 AB 6.852960739028027 1.187945523558488
61954.375 lsst_hardware_i 11.97186120758757 29.8700008392334 31.25 AB 6.556791242668841 1.0087371142567447
61954.3864 lsst_hardware_z -48.967588575690016 40.459999084472656 30.950000762939453 AB 6.517547224699574 1.0112040584453208
61962.2706 lsst_hardware_z -78.38172907970056 66.54000091552734 30.979999542236328 AB 9.58014920967225 1.1042657123542734
61962.2923 lsst_hardware_r 64.94281953131657 88.6500015258789 31.649999618530273 AB 9.0612297154714 1.0579986824066085
61964.3197 lsst_hardware_r -45.179709346193626 59.119998931884766 31.649999618530273 AB 6.209599570367251 1.017967142683156
61964.3312 lsst_hardware_z 106.58038428668804 51.5 30.979999542236328 AB 6.170317280600672 1.0115274230492906
61965.2721 lsst_hardware_i -31.871284083492405 44.72999954223633 31.290000915527344 AB 6.749022093624578 1.0814440722067986
61965.3118 lsst_hardware_z 74.2678689373179 67.19000244140625 31.709999084472656 AB 6.1854569928456495 1.022093938587293
61965.3448 lsst_hardware_i 51.62184213281875 43.22999954223633 31.299999237060547 AB 5.7497444761286625 1.008727101075204
61974.2425 lsst_hardware_u -2.3088862529293324 2.559999942779541 28.309999465942383 AB 5.354511134698848 1.092831716721991
61974.2629 lsst_hardware_g -1.3542144688091529 13.819999694824219 31.399999618530273 AB 5.401635394059047 1.0523349686458303
61974.3855 lsst_hardware_z -31.22656044118556 41.810001373291016 30.940000534057617 AB 5.496257322395969 1.0740646484725136
61974.3966 lsst_hardware_r 26.64224748994612 23.0 31.479999542236328 AB 5.627507398823882 1.0990152131283824
61976.3529 lsst_hardware_r -32.73233893249706 22.489999771118164 31.489999771118164 AB 5.6880161255538075 1.0312160976982276
61976.3641 lsst_hardware_u 0.6629190817616818 2.5799999237060547 28.350000381469727 AB 5.760337369915397 1.0459711351721206
61978.2629 lsst_hardware_u 2.2010915728815883 2.5399999618530273 28.309999465942383 AB 2.0719377654474647 1.0364871262868758
61978.2813 lsst_hardware_g 4.107975770369057 13.84000015258789 31.40999984741211 AB 1.9893608214852103 1.0180966333087054
61979.3491 lsst_hardware_i -20.286936983918967 30.34000015258789 31.239999771118164 AB 3.221369823284522 1.0365323612220267
61979.3616 lsst_hardware_z -7.451704028303583 41.22999954223633 30.940000534057617 AB 3.278791657557592 1.0550088456773503
61987.1837 lsst_hardware_i 92.08731732938762 86.63999938964844 31.31999969482422 AB 1.879173401905169 1.1592679839020166
61990.2436 lsst_hardware_r 38.93942619565625 108.80000305175781 31.65999984741211 AB 3.1683474287607467 1.022047557664757
61990.2562 lsst_hardware_i 23.43812671118894 85.9000015258789 31.34000015258789 AB 3.0979018179587725 1.0133521007361392
61992.1673 lsst_hardware_z -31.93092903518921 59.61000061035156 30.969999313354492 AB 4.8923768102579785 1.1687474463110317
61992.1855 lsst_hardware_r 16.915019516656606 72.95999908447266 31.6299991607666 AB 4.587309085087403 1.1126143791140926
61992.2425 lsst_hardware_z -12.732611664238966 56.560001373291016 30.979999542236328 AB 4.784001313830143 1.018522740862283
61992.2541 lsst_hardware_r 153.52899331287782 70.70999908447266 31.65999984741211 AB 4.222725726298217 1.011794830789078
61994.2447 lsst_hardware_z -80.13565135429543 65.87000274658203 31.709999084472656 AB 2.7397347319311747 1.0136528575930843
61995.2203 lsst_hardware_r -22.850155001444424 34.939998626708984 31.59000015258789 AB 3.6381856526063885 1.0318410775277507
61995.2308 lsst_hardware_z -16.56747260060173 44.06999969482422 30.959999084472656 AB 3.5786077494212325 1.0213164552299758
61997.3226 lsst_hardware_u 3.2218206490413093 4.289999961853027 28.770000457763672 AB 5.087178385510195 1.0738485193168157
61997.3338 lsst_hardware_g 24.929424359634623 21.520000457763672 31.56999969482422 AB 6.132421087723853 1.09900019493259
62006.1046 lsst_hardware_z 108.35511540888935 44.43000030517578 30.93000030517578 AB 3.603684727506307 1.271701712397694
62006.1093 lsst_hardware_i 0.4859860596829358 32.5 31.229999542236328 AB 3.5281566857528137 1.2490892529586595
62011.2544 lsst_hardware_r 14.939864145545497 30.040000915527344 31.56999969482422 AB 6.18845950493958 1.0279833064683688
62011.2657 lsst_hardware_y -9.46901150473069 47.40999984741211 30.049999237060547 AB 6.310848001129958 1.0418525205475389
62013.2706 lsst_hardware_r -17.428496169862676 58.380001068115234 31.6299991607666 AB 5.259930462739683 1.058140945715515
62013.2818 lsst_hardware_i 28.30395499755053 51.79999923706055 31.299999237060547 AB 5.30245171897863 1.0798740835962792
62016.2423 lsst_hardware_r 46.02692086382457 113.45999908447266 31.670000076293945 AB 0.8093095261425277 1.0296558856775162
62016.2551 lsst_hardware_i 55.099932384879736 90.12000274658203 31.34000015258789 AB 1.3322695421374395 1.046284980736209
62017.0489 lsst_hardware_r 4.2033499601810735 132.58999633789062 31.579999923706055 AB 2.1247834583879226 1.4253914076842056
62017.0664 lsst_hardware_i 58.68417777250915 148.14999389648438 32.040000915527344 AB 1.9580430432073175 1.3147110854122543
62020.2625 lsst_hardware_z 139.89695985289706 62.33000183105469 30.979999542236328 AB 2.050998326001512 1.0794728031586904
62020.274 lsst_hardware_i -65.15322412071548 68.93000030517578 31.31999969482422 AB 2.1802871331032545 1.1065575028435781
62027.0317 lsst_hardware_g -13.132279096983565 14.149999618530273 31.329999923706055 AB 1.9014219893646518 1.3581585638318943
62027.0382 lsst_hardware_r -49.4670491361793 23.93000030517578 31.450000762939453 AB 1.8476339532560004 1.3197385380400004
62030.1397 lsst_hardware_i -65.77941489356185 30.290000915527344 31.260000228881836 AB 0.5292714856825415 1.0178297801587335
62030.1512 lsst_hardware_z -80.46981450654279 40.689998626708984 30.950000762939453 AB 0.6682335602492386 1.011453421164337
62031.2243 lsst_hardware_u 1.7827575176934352 2.680000066757202 28.420000076293945 AB 1.4714439913928061 1.0632460948222842
62031.2346 lsst_hardware_g -2.217223451515337 14.050000190734863 31.40999984741211 AB 1.503034645236536 1.0841146686804763
62033.2188 lsst_hardware_r -38.01822635601418 22.780000686645508 31.489999771118164 AB 6.185547009214169 1.0631741163998227
62033.2316 lsst_hardware_z 29.935820635910613 41.7400016784668 30.950000762939453 AB 6.336489718628748 1.089680089188091
62037.2091 lsst_hardware_u 0.7853923609441295 2.690000057220459 28.43000030517578 AB 4.12613172030496 1.0654497470230295
62037.2213 lsst_hardware_g 5.536751952333013 14.0600004196167 31.420000076293945 AB 4.211735865335292 1.0911232811748293
62039.2118 lsst_hardware_r 19.346802100793195 25.690000534057617 31.510000228881836 AB 3.3156512462032945 1.0820138952039469
62039.224 lsst_hardware_i 1.9760654891358005 31.690000534057617 31.239999771118164 AB 3.4126152562990932 1.1114803787752319
62041.23 lsst_hardware_z 22.751592335354395 49.84000015258789 30.959999084472656 AB 4.348404772200145 1.1448191589820478
62041.2415 lsst_hardware_r 8.977286036888252 44.31999969482422 31.579999923706055 AB 4.394922583254551 1.1844822234487278
62050.0013 lsst_hardware_y 5.745403547685628 50.220001220703125 30.0 AB 4.644141404978277 1.197149356842656
62050.0209 lsst_hardware_i 9.99911940151682 30.989999771118164 31.229999542236328 AB 4.359601967473913 1.1301625320736002
62052.0782 lsst_hardware_r -25.322877960893305 22.360000610351562 31.510000228881836 AB 3.3052731696814748 1.018888153415211
62052.0903 lsst_hardware_i -11.569432117738396 30.06999969482422 31.260000228881836 AB 5.501278049149003 1.0117913219164454
62054.1676 lsst_hardware_i 5.381977583794797 30.729999542236328 31.25 AB 4.1536401758252515 1.0751441352438098
62054.1791 lsst_hardware_u 4.0577827326154665 2.7100000381469727 28.43000030517578 AB 4.277129213372512 1.1013121311576877
62057.1613 lsst_hardware_i 52.264705265035104 30.68000030517578 31.25 AB 8.996857459538111 1.079104924780732
62057.1729 lsst_hardware_r -18.658015893809264 22.75 31.489999771118164 AB 8.954952023528111 1.1063691652493342
62059.1563 lsst_hardware_u 0.9472871477941042 2.7300000190734863 28.459999084472656 AB 8.484110267135407 1.0800904222961127
62059.1674 lsst_hardware_g -4.771766513747975 13.850000381469727 31.389999389648438 AB 8.396488109369814 1.1062688140234058
62067.1477 lsst_hardware_i 24.169175228048182 31.770000457763672 31.239999771118164 AB 3.194747140431621 1.1118932012292582
62067.1588 lsst_hardware_u -2.4463460730378266 2.7799999713897705 28.40999984741211 AB 3.2837599268406503 1.1441672218956969
62075.0879 lsst_hardware_y 9.513211008452533 53.25 30.059999465942383 AB 5.621867010405397 1.037723490614748
62075.099 lsst_hardware_r 149.48461292293558 82.94000244140625 31.65999984741211 AB 5.705442574066603 1.0542044943997642
62079.0927 lsst_hardware_r 21.277454638487082 66.5199966430664 31.639999389648438 AB 4.054859477587283 1.0622694348130681
62079.1034 lsst_hardware_g 60.862964574980325 75.41000366210938 31.709999084472656 AB 4.167466868642492 1.0838195662024317
