data/validation/pwv_sim_epoch_fit_seasonal/51746149.ecsv
# %ECSV 0.9
# ---
# datatype:
# - {name: time, datatype: float64}
# - {name: band, datatype: string}
# - {name: flux, datatype: float64}
# - {name: fluxerr, datatype: float64}
# - {name: zp, datatype: float64}
# - {name: zpsys, datatype: string}
# - {name: pwv, datatype: float64}
# - {name: airmass, datatype: float64}
# meta: {SNID: '51746149', alt: 1024.0, c: 0.048065755516290665, dec: -61.566963, lat: -30.244573, lon: -70.7499537, ra: 271.461029, t0: 62221.1328125,
#   x0: 7.209084682330092e-05, x1: 0.5302598476409912, z: 0.1956852525472641}
# schema: astropy-2.0
time band flux fluxerr zp zpsys pwv airmass
62230.396 lsst_hardware_i 12936.301960082686 121.74732522030662 31.280000686645508 AB 9.686228012768229 1.1751565681247655
62230.4065 lsst_hardware_y 1864.501469650205 65.04625812330985 30.0 AB 9.623203170330823 1.1715967944399115
62232.4004 lsst_hardware_g 22972.4624397774 157.2480091716555 32.34000015258789 AB 22.71014017237135 1.1717431660279658
62232.4129 lsst_hardware_y 3723.7279579020933 95.49477513622114 30.760000228881836 AB 22.687118832527396 1.170555366330112
62236.4036 lsst_hardware_g 7022.342485302557 85.26083203128663 31.40999984741211 AB 5.149238536933822 1.1706584021977884
62236.4139 lsst_hardware_z 4092.3367447697383 79.78798032320235 30.950000762939453 AB 5.128535746132324 1.1726834785363545
62238.4021 lsst_hardware_i 8668.163692830685 97.36947369528419 31.229999542236328 AB 7.304204487873995 1.1711555678637102
62238.415 lsst_hardware_y 1522.1262051157223 65.26031402246467 30.0 AB 7.289882400526818 1.1752188296835109
62242.3782 lsst_hardware_z 3829.7577756351648 72.95647968096625 30.940000534057617 AB 18.81731520421201 1.170837822516562
62242.3895 lsst_hardware_r 9485.353045694697 99.88609126107033 31.479999542236328 AB 18.872990019840422 1.1709020796095806
62244.3864 lsst_hardware_u 30.586017492450388 5.81375917146702 28.350000381469727 AB 15.269542407549864 1.1712765845729887
62244.3978 lsst_hardware_g 3196.0063232602997 58.4935746466429 31.3799991607666 AB 15.313662021063832 1.1748486030928362
62248.3835 lsst_hardware_r 7368.752340858947 88.47304669552949 31.469999313354492 AB 7.117771273247978 1.1734846712139113
62248.397 lsst_hardware_u 21.312233965799173 4.342426445393498 28.290000915527344 AB 7.11836981962631 1.1804925074006845
62250.3739 lsst_hardware_g 6012.421664413835 80.48271296275794 32.54999923706055 AB 10.880039747623075 1.1721654543873168
62250.3851 lsst_hardware_r 19899.078192634726 146.61090662363154 32.650001525878906 AB 11.626683825296524 1.176631071241727
62252.3912 lsst_hardware_i 7035.65035271089 88.38108477127825 31.229999542236328 AB 4.759985807585361 1.1842479151415906
62252.4036 lsst_hardware_z 4279.210987607383 76.88464854320087 30.940000534057617 AB 4.785301244033255 1.19590176246744
62254.3886 lsst_hardware_r 6480.779646457382 123.05774103112282 31.6200008392334 AB 5.938003305282632 1.1866118178749885
62254.4002 lsst_hardware_z 4235.500960335896 92.37815828286575 30.969999313354492 AB 6.010749254435236 1.1981958047314336
62257.3213 lsst_hardware_i 6254.852699198219 101.71471324870103 31.309999465942383 AB 11.568197875521774 1.1756298653985542
62257.3332 lsst_hardware_z 4003.729492348388 87.276266397609 30.969999313354492 AB 11.494910127221825 1.1715155042011642
62259.3226 lsst_hardware_z 3653.9763316464114 78.71860815010649 30.950000762939453 AB 14.639373740170498 1.1729014320187927
62259.3354 lsst_hardware_r 5345.203815082949 91.6740649111365 31.600000381469727 AB 13.397560653550476 1.170552676034291
62261.3234 lsst_hardware_i 4963.8168426778 78.90754226115469 31.260000228881836 AB 9.760690218509193 1.1712945391664948
62261.3356 lsst_hardware_r 4723.968640674396 75.67029855067788 31.559999465942383 AB 7.815788887064079 1.1706854726926161
62264.3283 lsst_hardware_u 17.680354920154244 4.212127025641782 28.420000076293945 AB 11.340399009452948 1.1707729007049115
62264.3401 lsst_hardware_g 1001.875304570745 35.5907173478907 31.40999984741211 AB 12.24409211868152 1.173592650118041
62268.2804 lsst_hardware_i 3502.0454210162848 66.8223042295861 31.229999542236328 AB 12.451839149738523 1.182211451649308
62268.2945 lsst_hardware_z 2532.888784395005 64.61297327333045 30.940000534057617 AB 10.476621643867537 1.1742019999104347
62272.3004 lsst_hardware_g 847.1254415863664 31.275118514311888 31.360000610351562 AB 4.388944758038666 1.1705413409891579
62272.3127 lsst_hardware_r 2715.9723010565567 56.99649265290382 31.469999313354492 AB 4.364948474477592 1.1718768976381213
62280.2872 lsst_hardware_z 1723.8460803821265 62.22761659110267 30.950000762939453 AB 7.959974710376414 1.171129895349749
62280.2996 lsst_hardware_r 2608.939442067596 65.78979646757114 31.579999923706055 AB 8.428904882143453 1.174896719546073
62283.3034 lsst_hardware_z 48.998737215967914 105.62999725341797 31.729999542236328 AB 4.780830002643353 1.1818623054616368
62285.2747 lsst_hardware_z -8.244315185860449 72.68000030517578 30.979999542236328 AB 9.729505285340135 1.1713357621100673
62285.2887 lsst_hardware_r -61.78517345104799 108.63999938964844 31.6299991607666 AB 9.80974757025461 1.1762052201500302
62288.2836 lsst_hardware_i 34.63727037271156 50.650001525878906 31.290000915527344 AB 7.089960594062162 1.1778810639302506
62288.2956 lsst_hardware_r -26.60108926140748 57.5099983215332 31.610000610351562 AB 8.070767802456176 1.1864704957792813
62291.2809 lsst_hardware_z -12.05478702663262 44.13999938964844 30.940000534057617 AB 13.545615557872877 1.18139812553674
62291.2937 lsst_hardware_g -12.06236718743506 25.479999542236328 31.559999465942383 AB 14.380935614242908 1.1923254732505415
62304.2273 lsst_hardware_r -22.050290465783426 23.1299991607666 31.479999542236328 AB 5.976426571990904 1.1724230646378042
62304.2388 lsst_hardware_i 21.323208138248916 31.489999771118164 31.229999542236328 AB 6.060930304358725 1.1772606612545864
62306.2269 lsst_hardware_z 51.44802619051776 43.439998626708984 30.940000534057617 AB 4.005532929231612 1.1741839737829625
62306.24 lsst_hardware_i -23.556824598716897 31.8799991607666 31.239999771118164 AB 4.019274522253879 1.181444597958224
62308.2242 lsst_hardware_z -14.69167733044088 48.369998931884766 30.940000534057617 AB 3.3782644405056437 1.1753891935653153
62308.2361 lsst_hardware_g -4.44761097320384 36.45000076293945 31.6200008392334 AB 3.426212394458419 1.1825739561509985
62310.213 lsst_hardware_r 8.172000059252325 74.0199966430664 31.6200008392334 AB 3.71426594303554 1.1730804399639458
62310.2259 lsst_hardware_i -65.71591902413391 61.599998474121094 31.299999237060547 AB 3.6465651375083006 1.17932304676198
62312.19 lsst_hardware_i -62.60801558537036 89.95999908447266 31.31999969482422 AB 4.447172279755415 1.1706165516597566
62312.2023 lsst_hardware_z 6.202170767970378 79.44999694824219 30.979999542236328 AB 4.4281466134871375 1.1716223345646612
62314.1957 lsst_hardware_r -71.71186433348407 109.06999969482422 31.6200008392334 AB 8.702633149184894 1.171388166168103
62314.2084 lsst_hardware_z -3.5504225332590966 73.7699966430664 30.969999313354492 AB 8.482447594607212 1.1756684122810055
62315.1902 lsst_hardware_r -55.40278970307026 88.4000015258789 31.6200008392334 AB 6.867256704089872 1.1709376706747725
62315.2033 lsst_hardware_i -25.82884914222705 71.08999633789062 31.309999465942383 AB 6.850329359378268 1.1745938745808275
62325.1897 lsst_hardware_u 3.3307339976183217 2.6700000762939453 28.3799991607666 AB 2.2439766071369394 1.1825963673975644
62325.2016 lsst_hardware_g 41.724421077310545 13.859999656677246 31.3799991607666 AB 2.258312049244168 1.1930855239469058
62327.1267 lsst_hardware_u -1.2931401722696212 2.569999933242798 28.290000915527344 AB 10.65666476918558 1.17748864894688
62327.138 lsst_hardware_g -2.4793795961762783 13.6899995803833 31.360000610351562 AB 10.569334655178102 1.172611599842248
62328.125 lsst_hardware_r 12.324739298803957 22.940000534057617 31.469999313354492 AB 8.826932901600724 1.1769243868800965
62328.1369 lsst_hardware_i 36.747617166307954 31.389999389648438 31.229999542236328 AB 8.780163370183672 1.1721471213310188
62330.1288 lsst_hardware_z 66.70638137413142 43.0 30.940000534057617 AB 7.635395877469018 1.1729319285373994
62330.1414 lsst_hardware_r 7.77158740831154 22.989999771118164 31.469999313354492 AB 7.6413022724448405 1.1706024009260338
62332.1267 lsst_hardware_u -0.8950182497176048 2.630000114440918 28.350000381469727 AB 8.085767844237301 1.1719636454107598
62332.1388 lsst_hardware_r 8.777172084168653 22.920000076293945 31.469999313354492 AB 8.145611396888661 1.170570712333109
62334.1286 lsst_hardware_i 17.90292034719361 32.0099983215332 31.229999542236328 AB 1.8731632006674894 1.1707270004171808
62334.1407 lsst_hardware_z -42.17374845934331 43.130001068115234 30.93000030517578 AB 1.8741253875365746 1.1713283672103592
62343.1037 lsst_hardware_z 81.45388563024336 69.05000305175781 30.969999313354492 AB 8.679539534938954 1.17076171463718
62343.1163 lsst_hardware_r 99.89581662963285 100.51000213623047 31.6299991607666 AB 8.55839475759805 1.1713665893877527
62345.1162 lsst_hardware_y -62.62503325658461 72.86000061035156 30.75 AB 4.4562782729484836 1.1727048086706535
62348.1071 lsst_hardware_z -25.267589268328265 42.849998474121094 30.93000030517578 AB 4.5429895437958185 1.1724348257032522
62348.1204 lsst_hardware_r -50.0839155782654 22.770000457763672 31.459999084472656 AB 4.557205482306181 1.1782828963990817
62351.0498 lsst_hardware_z 50.22403860722067 43.09000015258789 30.93000030517578 AB 1.8714914976718358 1.1853635581158044
62351.0618 lsst_hardware_r -21.095637726549825 22.75 31.459999084472656 AB 1.864515670040352 1.1771551554945139
62352.0887 lsst_hardware_g 31.673336837316537 13.390000343322754 31.350000381469727 AB 2.013074327223036 1.1709026187134133
62352.1004 lsst_hardware_i -26.110022409681616 31.15999984741211 31.219999313354492 AB 2.0560137079014025 1.1738588112483028
62354.0488 lsst_hardware_r 18.488293735401484 22.610000610351562 31.459999084472656 AB 2.0281052025974518 1.1800456958480132
62354.0604 lsst_hardware_z -29.478896217060925 42.779998779296875 30.93000030517578 AB 2.0360656121009892 1.173975943936761
62356.0525 lsst_hardware_r 23.836817267275972 22.799999237060547 31.469999313354492 AB 3.7693959140455875 1.1749987263234374
62356.063 lsst_hardware_u 4.0167442674035865 2.5999999046325684 28.329999923706055 AB 3.812244816468697 1.1715564893880446
62358.0489 lsst_hardware_g 0.17643360471662964 13.470000267028809 31.3700008392334 AB 3.9500370104857625 1.1742083859945787
62358.0607 lsst_hardware_r -8.26215243747662 22.760000228881836 31.469999313354492 AB 3.8455882755205337 1.1710073920586277
62366.0508 lsst_hardware_z 61.41692504934615 51.02000045776367 30.959999084472656 AB 3.391562512697041 1.1709511796865233
62366.0624 lsst_hardware_r -53.74225477010303 52.16999816894531 31.610000610351562 AB 3.3910666260652924 1.1739549234856623
62367.0314 lsst_hardware_r -55.0315806691451 59.02000045776367 31.600000381469727 AB 2.821975870432758 1.1719168897146006
62367.0433 lsst_hardware_y 34.70714599968729 52.279998779296875 30.0 AB 3.1009971116597193 1.170592511243406
62371.0305 lsst_hardware_i -53.6179933837297 72.30999755859375 31.309999465942383 AB 1.5383542791615106 1.1705929835090758
62371.0405 lsst_hardware_z 25.4795523150025 64.87999725341797 30.969999313354492 AB 1.5372181616660716 1.1715113641555226
62380.0136 lsst_hardware_r -8.915212420595203 22.6299991607666 31.450000762939453 AB 2.0982231902251716 1.1711013154745142
62380.0246 lsst_hardware_u -0.6923853100912988 2.5 28.25 AB 2.052771310226559 1.1741303966977459
62385.0154 lsst_hardware_i -9.803664025311642 31.350000381469727 31.229999542236328 AB 1.0212780066409517 1.1761359001623244
62385.0268 lsst_hardware_z -39.960680348497846 43.02000045776367 30.93000030517578 AB 1.0285141770851958 1.1833336649110593
62387.0175 lsst_hardware_r -6.194719320659712 22.75 31.459999084472656 AB 2.833382813586391 1.1805761723276629
62387.0293 lsst_hardware_u -0.035931058046197784 2.5799999237060547 28.309999465942383 AB 2.856374639983593 1.1901560999931637
62389.0155 lsst_hardware_g -16.460085404512824 13.520000457763672 31.350000381469727 AB 3.7929539309592166 1.183049077834081
62389.0268 lsst_hardware_i -16.561868604524904 31.65999984741211 31.219999313354492 AB 3.836243823741796 1.193078291691112
62390.0159 lsst_hardware_z -98.83521514096482 42.75 30.93000030517578 AB 2.3863647703863373 1.18552586398794
62390.0279 lsst_hardware_r 15.601763959722364 22.940000534057617 31.459999084472656 AB 2.3694012719880417 1.1971711690044844
