data/validation/pwv_sim_epoch_fit_seasonal/51787753.ecsv
# %ECSV 0.9
# ---
# datatype:
# - {name: time, datatype: float64}
# - {name: band, datatype: string}
# - {name: flux, datatype: float64}
# - {name: fluxerr, datatype: float64}
# - {name: zp, datatype: float64}
# - {name: zpsys, datatype: string}
# - {name: pwv, datatype: float64}
# - {name: airmass, datatype: float64}
# meta: {SNID: '51787753', alt: 1024.0, c: 0.02303548902273178, dec: -61.001064, lat: -30.244573, lon: -70.7499537, ra: 93.726112, t0: 62186.07421875,
#   x0: 4.353432959648848e-06, x1: -1.0560526847839355, z: 0.6495379209518433}
# schema: astropy-2.0
time band flux fluxerr zp zpsys pwv airmass
62077.3646 lsst_hardware_z 80.85917416777271 68.01000213623047 30.969999313354492 AB 5.721217395407007 1.170521691045345
62086.3543 lsst_hardware_z -35.98975572685977 50.29999923706055 30.950000762939453 AB 4.264566739406666 1.1808297769366374
62088.347 lsst_hardware_r 38.620304759764174 23.579999923706055 31.469999313354492 AB 6.764877143960345 1.1792348304403528
62088.3579 lsst_hardware_i 18.69480743525468 43.459999084472656 31.270000457763672 AB 6.88563423808478 1.1898794800987493
62091.3433 lsst_hardware_r -9.01623061793488 22.40999984741211 31.450000762939453 AB 3.781851301922174 1.1832768133669633
62091.3549 lsst_hardware_g 32.370088813986946 24.040000915527344 31.540000915527344 AB 3.8150436416560893 1.195969688337511
62095.2212 lsst_hardware_i -37.099761711888284 44.189998626708984 31.969999313354492 AB 4.002763665904169 1.2202617684335166
62095.2333 lsst_hardware_z -17.877476691529846 60.939998626708984 31.68000030517578 AB 3.9606078763112627 1.2019750263203677
62096.3366 lsst_hardware_u -3.908350137400987 2.7300000190734863 28.31999969482422 AB 5.641937090961105 1.190491385467439
62096.3488 lsst_hardware_g -0.1462013832161292 18.780000686645508 31.469999313354492 AB 5.72465851906793 1.2060376093543301
62098.3404 lsst_hardware_r -27.844489638127307 22.81999969482422 31.459999084472656 AB 10.058312368003266 1.2019492971125192
62098.3526 lsst_hardware_i -2.041462244117334 42.5 31.260000228881836 AB 10.20495567374895 1.220396516831972
62100.3486 lsst_hardware_z 15.697634070496987 50.779998779296875 30.940000534057617 AB 6.236641599291386 1.2228709018218404
62103.3416 lsst_hardware_g 20.526587537043284 14.949999809265137 31.389999389648438 AB 5.624686390874908 1.2249326102591358
62103.3551 lsst_hardware_r -0.4574713836726276 33.65999984741211 31.540000915527344 AB 5.7319026887246425 1.2510518782229123
62107.3179 lsst_hardware_z 88.41753828703212 59.189998626708984 30.959999084472656 AB 7.397667625459379 1.2048185122176664
62107.3306 lsst_hardware_i 28.5929825865765 63.04999923706055 31.290000915527344 AB 7.517060292612809 1.2247993648979245
62110.3098 lsst_hardware_r 48.141834996368836 58.2400016784668 31.600000381469727 AB 5.228879609012751 1.2049497889187122
62110.3214 lsst_hardware_z 35.69464673611819 51.810001373291016 30.950000762939453 AB 5.278715363510002 1.2230573131394815
62114.2869 lsst_hardware_i -19.801215448643745 34.72999954223633 31.25 AB 11.04932649559099 1.189890856729552
62114.2998 lsst_hardware_z 2.6302707158479985 44.66999816894531 30.940000534057617 AB 12.139223815437914 1.2062626139452393
62118.2153 lsst_hardware_r 29.3442947312593 21.8700008392334 31.450000762939453 AB 9.12458161494409 1.1656462381363317
62118.2274 lsst_hardware_u -1.083833337136019 2.4700000286102295 28.260000228881836 AB 9.023730107358638 1.1637891481358875
62122.223 lsst_hardware_z -50.291490250961566 60.02000045776367 31.690000534057617 AB 5.498334770493115 1.1641615012689213
62122.2353 lsst_hardware_r -48.32726482110643 31.139999389648438 32.220001220703125 AB 5.612790436534864 1.1674666372879838
62124.2212 lsst_hardware_u 2.8135120431692178 2.7100000381469727 28.459999084472656 AB 5.75493505334028 1.164789769435798
62124.2331 lsst_hardware_g -5.747046664274662 12.979999542236328 31.3799991607666 AB 5.75898349908616 1.168921398302288
62126.2194 lsst_hardware_r 7.0867280978794165 22.170000076293945 31.479999542236328 AB 5.581470651431363 1.1657206874334507
62126.231 lsst_hardware_i 5.097050715577298 30.979999542236328 31.239999771118164 AB 5.5907559267119735 1.1706754924363227
62129.1972 lsst_hardware_r -11.678930757892028 21.979999542236328 31.459999084472656 AB 7.712347080766717 1.163805801780647
62129.2101 lsst_hardware_z -8.127367058785367 42.439998626708984 30.940000534057617 AB 7.699482070498985 1.165411009661804
62131.1989 lsst_hardware_z 17.63143075777773 45.790000915527344 30.950000762939453 AB 6.466944477205238 1.1642362837022917
62131.2106 lsst_hardware_i 18.884492452479464 36.869998931884766 31.260000228881836 AB 5.920309015000708 1.1674259827460824
62133.1992 lsst_hardware_z 45.14934658121841 49.77000045776367 30.950000762939453 AB 8.248276372725416 1.1654223062840061
62133.2112 lsst_hardware_r 62.47124566709942 52.560001373291016 31.600000381469727 AB 8.359197553345277 1.1703052120465194
62135.2038 lsst_hardware_y 125.89995990288064 73.86000061035156 30.760000228881836 AB 7.683444727272011 1.1692961082441047
62137.1961 lsst_hardware_r -28.9615604344739 81.87000274658203 31.6299991607666 AB 8.175693680498622 1.1682374515149179
62137.21 lsst_hardware_i 18.340011595208463 64.11000061035156 31.309999465942383 AB 8.2770085349316 1.1766942467475108
62139.2038 lsst_hardware_z 1.1729275048882362 52.91999816894531 30.950000762939453 AB 4.457939085268904 1.1761337838190757
62139.2161 lsst_hardware_r 119.83615649990436 62.47999954223633 31.600000381469727 AB 4.046523222117344 1.1871859240479226
62141.2029 lsst_hardware_z -24.783312960938332 48.099998474121094 30.950000762939453 AB 13.45675919211537 1.1798137671175895
62141.2163 lsst_hardware_r -34.58947341245591 46.540000915527344 31.59000015258789 AB 13.979498243786095 1.193502795508076
62143.1335 lsst_hardware_u -5.463449769081859 2.5799999237060547 28.350000381469727 AB 9.346586849071032 1.171691970549208
62143.1466 lsst_hardware_g 2.1446377293199954 12.819999694824219 31.350000381469727 AB 9.310517175549625 1.165806232591046
62145.1607 lsst_hardware_z -6.479435974452948 42.09000015258789 30.940000534057617 AB 7.451246187147607 1.1642572167418135
62145.1751 lsst_hardware_r -6.499540502917539 21.850000381469727 31.459999084472656 AB 8.785785526794104 1.168633350198737
62147.1618 lsst_hardware_u -2.563413824471199 2.5199999809265137 28.299999237060547 AB 5.651463896786975 1.1656708908960913
62147.1745 lsst_hardware_g -11.62845053633771 12.779999732971191 31.34000015258789 AB 8.017118413490149 1.1711801344210397
62149.1612 lsst_hardware_r 13.48071850759804 22.209999084472656 31.469999313354492 AB 5.747629390600198 1.167347381477256
62149.1735 lsst_hardware_i 39.07220637233012 31.100000381469727 31.239999771118164 AB 6.119459963423432 1.173997115285071
62151.1596 lsst_hardware_z 12.899324521629268 42.41999816894531 30.940000534057617 AB 6.445724465030794 1.1690626721939683
62151.1731 lsst_hardware_r 0.06559341784812857 22.059999465942383 31.469999313354492 AB 7.100384033360299 1.1777539346233132
62153.1581 lsst_hardware_u -1.503868842290206 2.5711265830648236 28.34000015258789 AB 1.8370890245942468 1.1711771925373726
62153.1706 lsst_hardware_r 1.507426072480945 22.053868452091567 31.459999084472656 AB 3.6010855163534385 1.1802323208674623
62155.158 lsst_hardware_i -29.562907727192208 30.847599777752645 31.229999542236328 AB 4.7889077279915755 1.1746155820435555
62155.1713 lsst_hardware_z 35.0504193370949 42.71262495309832 30.93000030517578 AB 6.879131269665435 1.1860571154595578
62157.1009 lsst_hardware_r 0.34581674101256127 23.64566227031383 31.469999313354492 AB 14.741565620908847 1.1686978901912355
62157.1143 lsst_hardware_z -19.82677576824203 42.596466916085646 30.93000030517578 AB 14.716590039126194 1.1644407257649632
62159.1578 lsst_hardware_g 7.258792682665507 18.00053806524048 31.479999542236328 AB 9.240094637670927 1.1835148114171548
62159.1723 lsst_hardware_r -48.67891327609691 22.714978673391126 31.459999084472656 AB 10.440648726459566 1.1999596275980684
62161.0974 lsst_hardware_z 8.397316522138041 46.935769479178504 30.950000762939453 AB 9.309727174416413 1.1658411280250138
62161.1116 lsst_hardware_r -27.43711714781499 42.19784370760026 31.59000015258789 AB 9.32683430542282 1.1638418117117573
62164.095 lsst_hardware_i 90.76540046576653 55.38026869787868 31.299999237060547 AB 14.542018822282008 1.1644794060123216
62164.1075 lsst_hardware_z 116.53562706610128 54.97564707447656 30.959999084472656 AB 14.537428527595694 1.164111829564026
62168.0923 lsst_hardware_g 164.0777070779055 102.72619301988087 32.43000030517578 AB 8.895265955619482 1.1638448195236795
62168.1054 lsst_hardware_i 642.0105534832219 82.82398831257272 32.04999923706055 AB 8.900668332479903 1.1659755031413348
62170.0985 lsst_hardware_z 301.844459473285 50.817431026661225 30.950000762939453 AB 8.493973658492804 1.1655538467914655
62170.1126 lsst_hardware_r 494.9371306712505 48.244808990663266 31.59000015258789 AB 8.532592246735705 1.171737468653626
62174.0946 lsst_hardware_r 895.2728734870751 36.89130448003279 31.469999313354492 AB 6.439085078188063 1.1680703381393591
62174.1072 lsst_hardware_i 764.31307105937 41.665477142806644 31.229999542236328 AB 6.4680871617882465 1.1754103331837957
62176.0915 lsst_hardware_z 795.5757149849121 49.461780076671104 30.940000534057617 AB 6.981890358403256 1.1691694711253011
62176.1046 lsst_hardware_r 1070.1553795154737 39.01204941404332 31.469999313354492 AB 7.0102121508136745 1.177593171646846
62178.0648 lsst_hardware_r 1177.7998547678667 40.56385495173748 31.459999084472656 AB 1.1877102355694393 1.1638512842424835
62178.0765 lsst_hardware_u 1.374969899426735 2.8826505472613766 28.3700008392334 AB 1.1852353499148458 1.1655186592623394
62180.0665 lsst_hardware_g 263.4710849378768 20.25684815328978 31.34000015258789 AB 2.89040244903519 1.1645066103213733
62180.0767 lsst_hardware_i 1281.643351795816 45.978182986993204 31.229999542236328 AB 2.8892141934215854 1.1674378854151466
62182.062 lsst_hardware_z 891.5663801698181 52.2393908487559 30.93000030517578 AB 2.0063617698769116 1.1646836899440276
62182.0733 lsst_hardware_r 1278.3587378096272 42.368227659281544 31.459999084472656 AB 1.991107040962123 1.1683186392619265
62184.0607 lsst_hardware_u 1.3180296520091503 2.5037179506914415 28.229999542236328 AB 1.3964929307925507 1.1656869205280935
62184.0724 lsst_hardware_g 261.96951829986415 19.56408420208952 31.329999923706055 AB 1.3730299985408772 1.1706117216689538
62186.0619 lsst_hardware_r 1312.0133903696144 42.855937008830395 31.479999542236328 AB 3.3929686262384062 1.1681094650809294
62186.0737 lsst_hardware_i 1304.2014631707502 47.81390261354283 31.239999771118164 AB 3.42961090752261 1.17489311399901
62188.0562 lsst_hardware_z 988.572608326896 53.252094409974696 30.940000534057617 AB 3.7663357149462184 1.1680069409317644
62188.0693 lsst_hardware_r 1280.8000501438387 45.36017842726433 31.520000457763672 AB 3.7306733843973707 1.1756632425423055
62190.0539 lsst_hardware_z 1020.1505948250235 55.28854361483925 30.940000534057617 AB 8.226222313833215 1.1694942157852168
62190.0663 lsst_hardware_r 1242.1881088122732 52.188131891992256 31.56999969482422 AB 8.410051255396901 1.1775484815733548
62192.0551 lsst_hardware_i 1363.241854303119 57.94587180274141 31.280000686645508 AB 10.452845716672103 1.173378377923886
62192.0668 lsst_hardware_z 1006.8550311184836 58.31728512484769 30.950000762939453 AB 10.557124021858662 1.1827053938505543
62196.053 lsst_hardware_g 263.8609866546274 90.79567733957481 31.68000030517578 AB 4.537832567395011 1.180113794264355
62196.0667 lsst_hardware_r 931.4129206832508 87.35637416019125 31.6200008392334 AB 4.394265163002589 1.1942560573454515
62199.0494 lsst_hardware_i 1000.7212170872205 49.77136770522218 31.260000228881836 AB 5.324046624778631 1.1843496866629017
62199.0622 lsst_hardware_z 900.8966792832317 55.709842873916116 30.940000534057617 AB 5.391067729428368 1.198858692286061
62200.065 lsst_hardware_r 2546.1763026525527 67.36278621439419 32.959999084472656 AB 12.908442514135798 1.2063964966482055
62200.1003 lsst_hardware_g 214.4014502505475 43.36084032819989 32.31999969482422 AB 13.190172950775205 1.2741050906327107
62427.3773 lsst_hardware_r -56.60350798706157 33.79999923706055 31.559999465942383 AB 7.007628771725831 1.1639612609793126
62451.358 lsst_hardware_r 24.200043938634874 28.65999984741211 31.510000228881836 AB 2.936343266736096 1.1836514226486863
62456.2977 lsst_hardware_r 45.759204895294445 22.079999923706055 31.459999084472656 AB 5.678354078469388 1.1640294839979028
62458.3355 lsst_hardware_r -13.736926489092886 22.06999969482422 31.450000762939453 AB 4.354399117085718 1.1805338530800373
62458.3485 lsst_hardware_y 4.559702593571472 52.43000030517578 29.989999771118164 AB 4.388051786295416 1.1940276969510664
62460.3336 lsst_hardware_z -160.25182346382692 55.5 30.959999084472656 AB 5.921194671791435 1.183824595749799
62460.3462 lsst_hardware_r -56.62523393714456 59.880001068115234 31.600000381469727 AB 6.013347913720343 1.1979377287156667
62461.3337 lsst_hardware_i 76.82567414590763 62.369998931884766 31.299999237060547 AB 4.3437589527044596 1.1866572743352584
62461.3464 lsst_hardware_z 35.41723792516403 61.720001220703125 30.959999084472656 AB 4.379310794702429 1.2017867164385785
62465.1572 lsst_hardware_z -90.68567008447388 52.36000061035156 30.940000534057617 AB 10.348483090090589 1.344453555216065
62466.3416 lsst_hardware_z -25.255270279973676 50.560001373291016 30.940000534057617 AB 6.195250303385141 1.2147549614480668
62466.3529 lsst_hardware_r -10.156549923648905 54.63999938964844 31.59000015258789 AB 6.295130384130154 1.2343392910059126
62468.3367 lsst_hardware_y -152.97408840495527 49.75 29.989999771118164 AB 4.682265247363772 1.2156465376106722
62468.3489 lsst_hardware_g -29.929391549638222 37.11000061035156 31.600000381469727 AB 4.768722201172938 1.237129592141025
62473.3244 lsst_hardware_g -17.02006972154936 13.039999961853027 31.350000381469727 AB 7.483615726602128 1.217831457081115
62473.3356 lsst_hardware_r 0.8298526134528046 22.65999984741211 31.459999084472656 AB 7.495721617104034 1.2378140002968914
62475.2842 lsst_hardware_r 2.1359159998715804 21.84000015258789 31.450000762939453 AB 3.7356791280616046 1.1765300912482473
62475.2965 lsst_hardware_i -92.66993781573105 30.709999084472656 31.219999313354492 AB 3.671613401604847 1.1877439228804634
62481.2855 lsst_hardware_r 33.32226036762587 21.989999771118164 31.450000762939453 AB 11.497568017645705 1.1938083291088348
62481.2977 lsst_hardware_z -57.4166530909249 42.72999954223633 30.93000030517578 AB 10.03411672368903 1.2102298722952354
62483.2206 lsst_hardware_r -23.151935652112883 22.299999237060547 31.469999313354492 AB 12.662546177078037 1.16455946263338
62483.2338 lsst_hardware_i 25.368024477267838 31.18000030517578 31.229999542236328 AB 12.60693115651242 1.164074899031651
62487.2233 lsst_hardware_z 28.879031850969476 49.869998931884766 30.950000762939453 AB 9.875309563995646 1.1641293839437892
62487.2363 lsst_hardware_r 25.992054950266994 50.52000045776367 31.600000381469727 AB 9.881154775188035 1.1676171547803156
62491.2245 lsst_hardware_i 22.67423665707494 64.30000305175781 31.309999465942383 AB 6.886869424016037 1.1672660040705147
62491.2377 lsst_hardware_z 6.2252867402982695 59.56999969482422 30.959999084472656 AB 6.929477542310199 1.1744877190356269
62495.2258 lsst_hardware_i -41.72606005767533 46.279998779296875 31.280000686645508 AB 7.843555757839656 1.1738189074524645
62495.2394 lsst_hardware_r 12.963577345021267 52.220001220703125 31.600000381469727 AB 7.907271361811934 1.1852018029195084
62497.2108 lsst_hardware_z 125.32428374997616 64.87999725341797 31.690000534057617 AB 5.856979646106927 1.1684164672300215
62503.2025 lsst_hardware_i -9.431000086999278 30.739999771118164 31.229999542236328 AB 5.404576577908277 1.1728681809696775
62503.2147 lsst_hardware_u 2.069793414333847 2.4800000190734863 28.25 AB 6.598108191138705 1.1824566650786217
62507.2047 lsst_hardware_i -46.16034921009815 30.950000762939453 31.229999542236328 AB 7.953157232003805 1.1833294497848243
62507.2175 lsst_hardware_r -24.81661415191178 22.09000015258789 31.450000762939453 AB 8.383017011900279 1.1975168342317433
62509.2036 lsst_hardware_u 0.6104842102116375 2.640000104904175 28.399999618530273 AB 7.859109001687463 1.187714825704612
62509.2169 lsst_hardware_g 26.53562743889897 12.8100004196167 31.350000381469727 AB 9.649861892361598 1.2039752828897812
62510.1618 lsst_hardware_g -3.5709251017688075 12.720000267028809 31.350000381469727 AB 7.4517402832924375 1.1643344192644434
