data/validation/pwv_sim_epoch_fit_seasonal/51853103.ecsv
# %ECSV 0.9
# ---
# datatype:
# - {name: time, datatype: float64}
# - {name: band, datatype: string}
# - {name: flux, datatype: float64}
# - {name: fluxerr, datatype: float64}
# - {name: zp, datatype: float64}
# - {name: zpsys, datatype: string}
# - {name: pwv, datatype: float64}
# - {name: airmass, datatype: float64}
# meta: {SNID: '51853103', alt: 1024.0, c: -0.06215004250407219, dec: -27.447618, lat: -30.244573, lon: -70.7499537, ra: 226.054688, t0: 60704.73046875,
#   x0: 4.9645090582027036e-06, x1: 0.21396450698375702, z: 0.6149404644966125}
# schema: astropy-2.0
time band flux fluxerr zp zpsys pwv airmass
60712.3023 lsst_hardware_r 1373.190247184435 45.27351899622403 31.450000762939453 AB 4.780534963678492 1.4124789374142874
60712.3207 lsst_hardware_u 3.1991512402920512 2.867077257180891 28.31999969482422 AB 4.303318916020332 1.2915122797180318
60715.3027 lsst_hardware_g 142.18699716206885 20.801639652714545 31.3700008392334 AB 7.336951488021339 1.3517482360133275
60715.3207 lsst_hardware_r 1248.6410740409706 43.223430487176 31.479999542236328 AB 6.792142375272924 1.247638202658518
60717.2861 lsst_hardware_i 1056.7292357495737 71.4537349706333 31.25 AB 5.294931169549623 1.43212689689624
60717.304 lsst_hardware_z 985.2932221739775 66.44574734081502 30.950000762939453 AB 4.9851065209914704 1.3092860199583904
60719.3216 lsst_hardware_z 892.2883548796764 68.14624360098547 30.969999313354492 AB 6.800897157709938 1.1931398522298138
60719.3406 lsst_hardware_r 1071.0356861095802 88.93812323487751 31.6299991607666 AB 6.238977759460313 1.1237689218805216
60721.3136 lsst_hardware_i 999.1156691943984 72.14571439905761 31.299999237060547 AB 4.708313020081481 1.2040438197331438
60721.3331 lsst_hardware_z 801.0657657008608 66.43623430695197 30.969999313354492 AB 4.546028671014658 1.130267151189804
60723.313 lsst_hardware_i 897.6290797812239 73.68246414400465 31.299999237060547 AB 5.815320592030275 1.1835393491462858
60723.3316 lsst_hardware_z 819.837364415886 68.46879436577649 30.969999313354492 AB 5.494200231287421 1.1178433837817745
60725.3029 lsst_hardware_z 1545.5284796904073 98.36369470620279 31.719999313354492 AB 3.102948091683895 1.203081651056821
60728.2997 lsst_hardware_r 535.1557819352679 39.42962938723708 31.540000915527344 AB 13.228506901980825 1.182119378220886
60728.318 lsst_hardware_i 669.7830616990343 43.6096955302826 31.260000228881836 AB 12.49438613619735 1.1176908094552032
60730.3013 lsst_hardware_z 1263.4728784849972 70.35391539403003 31.690000534057617 AB 11.447060650508494 1.155063131126618
60730.3201 lsst_hardware_u 10.448276644551505 4.6709015224260435 29.309999465942383 AB 10.872704702815822 1.096112443996487
60732.2966 lsst_hardware_g 50.94792849365665 17.4714371980847 31.43000030517578 AB 7.521588696861508 1.1523218307927958
60732.3168 lsst_hardware_r 412.676462287795 31.7761037595185 31.510000228881836 AB 7.152153453901716 1.0904335194239716
60734.2974 lsst_hardware_i 508.0501678786209 39.08055571258083 31.25 AB 5.958668522104257 1.130945389723228
60734.3182 lsst_hardware_z 509.512317946407 48.07834928954578 30.950000762939453 AB 5.646877828106366 1.0737550538327374
60739.3193 lsst_hardware_r 288.6875672724962 28.863676197698748 31.520000457763672 AB 10.163551355395903 1.044397200369512
60739.3398 lsst_hardware_z 489.2066837751008 46.319728143913615 30.950000762939453 AB 9.842387627462927 1.0168281034622582
60741.2996 lsst_hardware_i 336.2018798225865 36.36363526719226 31.239999771118164 AB 9.597927911873075 1.0725939182573747
60741.3204 lsst_hardware_r 222.69746197139614 28.34063819662696 31.510000228881836 AB 9.238965925826607 1.033981115327905
60743.1972 lsst_hardware_r 93.10496539126336 48.8972912133326 31.479999542236328 AB 14.476220381239825 1.5954981224386737
60743.218 lsst_hardware_i 376.9865256546179 46.48168487349167 31.229999542236328 AB 12.42775412049249 1.409974940398127
60752.2474 lsst_hardware_i 287.22623206143584 94.12617821940374 31.31999969482422 AB 6.689140068153269 1.1337525539242828
60752.2644 lsst_hardware_z 515.0689331245228 82.61974741342021 31.0 AB 6.918503836321824 1.0848584313697194
60754.2473 lsst_hardware_i 548.9008848926211 94.71554529958836 32.06999969482422 AB 5.540061026692488 1.1168352034457012
60754.2652 lsst_hardware_z 406.8603553032077 90.054149520406 31.739999771118164 AB 5.340838970961825 1.070147567191664
60756.2503 lsst_hardware_g -29.455740612878152 36.271784929518816 31.670000076293945 AB 5.706708663064129 1.092977479159996
60756.2679 lsst_hardware_r 88.89298037009183 41.59917060662944 31.6200008392334 AB 5.529708240062484 1.0533780817339715
60760.2559 lsst_hardware_g 21.030839208930896 15.70599177935642 31.469999313354492 AB 7.4936656800182995 1.0554458704251126
60760.274 lsst_hardware_r 113.53436194061675 26.051896744631232 31.520000457763672 AB 7.287857928503008 1.0264588631694378
60762.2586 lsst_hardware_i 146.6919306161221 33.52213809563887 31.270000457763672 AB 8.007681185825353 1.0409048727187373
60762.2781 lsst_hardware_z 236.81340016230482 43.74036228310416 30.959999084472656 AB 7.7234852704400065 1.0157580032142535
60764.1468 lsst_hardware_u 6.952497283092557 3.122243675978646 28.200000762939453 AB 9.709324154883678 1.5265432872832154
60764.1654 lsst_hardware_r 79.32227309796451 26.69009303040041 31.459999084472656 AB 8.75400489981486 1.3756948506780817
60769.1667 lsst_hardware_u -0.6861555597529572 2.827003052469798 28.200000762939453 AB 5.959412469106209 1.2824214480538432
60769.1846 lsst_hardware_g 30.868591536556764 15.504312984738828 31.389999389648438 AB 5.475948802648934 1.195230558255797
60771.144 lsst_hardware_y 105.64881139736312 51.74235651091726 29.940000534057617 AB 16.151577489081657 1.3919573826071148
60771.162 lsst_hardware_r 92.30733865283887 35.449245367532306 31.530000686645508 AB 14.873366435236765 1.278219872399172
60775.1625 lsst_hardware_z 220.3734964175523 60.19058397073367 30.959999084472656 AB 5.85875670965726 1.2205743145119292
60775.1816 lsst_hardware_r 80.73738368021202 74.18815585487786 31.6299991607666 AB 5.622228658166644 1.1438918938284117
60778.1579 lsst_hardware_i 63.20406985611551 113.1502801542983 31.309999465942383 AB 10.214371608383177 1.2044065962523152
60778.1754 lsst_hardware_z 107.10671874691862 94.1258768382088 30.989999771118164 AB 11.2177310301435 1.137124280805161
60780.1542 lsst_hardware_i 153.9253537297817 122.67455391599995 31.31999969482422 AB 12.627382234659944 1.1967948284200496
60780.1727 lsst_hardware_z 42.15405228724274 102.55880727616785 30.989999771118164 AB 11.168045666854132 1.1280854208943567
60790.1533 lsst_hardware_u 1.2187632892665474 2.9000000953674316 28.520000457763672 AB 15.625748176009926 1.104325675739092
60790.1723 lsst_hardware_g 1.9775752708482193 15.430000305175781 31.469999313354492 AB 13.447409193559821 1.0587816437419761
60792.1486 lsst_hardware_r 4.903629571248747 24.299999237060547 31.489999771118164 AB 5.054954123618525 1.1021976829912292
60792.1665 lsst_hardware_i -16.384717386354414 31.469999313354492 31.239999771118164 AB 4.778622758969764 1.0594637063766683
60795.1602 lsst_hardware_u 3.5284403317505126 2.7899999618530273 28.450000762939453 AB 11.007750502948918 1.0557221092813118
60795.1798 lsst_hardware_g -17.086087104894183 15.430000305175781 31.469999313354492 AB 11.220526577190903 1.0247524158355426
60797.1559 lsst_hardware_r 22.87800937416941 24.459999084472656 31.520000457763672 AB 7.88821356251282 1.0534942210541094
60797.1749 lsst_hardware_z -8.127324014100338 41.5 30.950000762939453 AB 8.122380333622372 1.0240661077504094
60800.0452 lsst_hardware_y 23.510483271498405 52.18000030517578 29.889999389648438 AB 14.038671219198871 1.5584814712094588
60800.0639 lsst_hardware_g -14.56917842287798 31.90999984741211 31.530000686645508 AB 12.625397432380556 1.398677706689131
60804.0475 lsst_hardware_z -83.05591642556024 67.11000061035156 30.940000534057617 AB 12.822743957839482 1.4406498342265999
60804.0695 lsst_hardware_r 55.13491989278858 83.27999877929688 31.600000381469727 AB 11.524568506806405 1.2916541084327422
60806.0596 lsst_hardware_r 81.09298748474657 145.5500030517578 31.600000381469727 AB 10.104877904952437 1.3178126920549187
60806.0795 lsst_hardware_i 17.376176007702046 113.25 31.309999465942383 AB 9.358974007999828 1.213088011406329
60808.0375 lsst_hardware_i -70.82739525365112 146.32000732421875 31.260000228881836 AB 10.176684871721802 1.433335897425606
60808.0575 lsst_hardware_z -292.0095503158119 119.7699966430664 30.969999313354492 AB 9.59543324989237 1.2978494026004106
60810.0444 lsst_hardware_r -170.76184898378443 107.86000061035156 31.59000015258789 AB 8.740881794765922 1.3447510453486036
60810.0634 lsst_hardware_z -86.70305940010424 76.86000061035156 30.969999313354492 AB 8.043069152551723 1.2373952542387265
60812.0417 lsst_hardware_g -16.978117263093733 15.579999923706055 31.360000610351562 AB 11.746774318223263 1.3271691693846188
60812.0608 lsst_hardware_r -49.731700219938894 44.04999923706055 31.56999969482422 AB 10.880828129295976 1.223733692773545
60824.0666 lsst_hardware_g 6.643660589907336 15.239999771118164 31.43000030517578 AB 10.4707225908394 1.0879237976870904
60824.0853 lsst_hardware_r -5.264123099585819 24.1299991607666 31.5 AB 9.94569168364169 1.0477604751527345
60826.0446 lsst_hardware_r -52.44743615503766 24.920000076293945 31.5 AB 10.382963906178347 1.13627139133578
60826.0648 lsst_hardware_i -37.436937850614505 31.889999389648438 31.25 AB 9.88459719377561 1.0789278168177274
60828.0723 lsst_hardware_u 1.3582600880795284 4.21999979019165 28.760000228881836 AB 11.10302451604355 1.0515389499512102
60828.0809 lsst_hardware_g -23.64367313813071 21.3700008392334 31.59000015258789 AB 10.936205536971446 1.0369429787186795
60843.9518 lsst_hardware_y 253.10427157553278 104.11000061035156 30.709999084472656 AB 7.842765645434601 1.3432268285909186
60843.9728 lsst_hardware_r -20.223365783388 35.0 32.22999954223633 AB 8.166882479484206 1.2266730471230725
60846.9533 lsst_hardware_y 47.368111408788195 69.29000091552734 29.989999771118164 AB 5.461077970498128 1.284833558395795
60846.9749 lsst_hardware_g 10.975719054768188 15.15999984741211 31.420000076293945 AB 6.310512084832132 1.181706953871377
60848.9523 lsst_hardware_z 79.92238520738057 67.45999908447266 30.959999084472656 AB 6.855693685366145 1.2607013029360323
60848.9678 lsst_hardware_i 36.73084921241907 33.130001068115234 31.239999771118164 AB 9.812578516455746 1.1884071152212685
60850.9546 lsst_hardware_y -181.4752634427185 66.79000091552734 30.0 AB 5.5728901660349495 1.2223931050745667
60850.9758 lsst_hardware_r 15.888101763402325 24.06999969482422 31.489999771118164 AB 5.698519431182242 1.138072648773207
60860.9597 lsst_hardware_y 23.390087015738317 62.13999938964844 30.040000915527344 AB 5.407619261462275 1.1035957676453623
60860.9797 lsst_hardware_r 199.63679286357518 75.83999633789062 31.649999618530273 AB 5.175820310474166 1.056289859280442
60862.9685 lsst_hardware_z 88.45441766976424 109.2300033569336 31.739999771118164 AB 4.311587063187522 1.0681498979778328
60864.962 lsst_hardware_y -115.44950077587691 61.959999084472656 30.059999465942383 AB 3.3326319031016274 1.070438512773453
60864.9819 lsst_hardware_z -85.97469715654874 69.55999755859375 31.0 AB 3.1326922409138773 1.033891828684448
60869.9645 lsst_hardware_y 12.893803924143684 52.45000076293945 30.049999237060547 AB 8.700424522491664 1.0396428569854719
60869.9848 lsst_hardware_i 47.146883303938296 31.3799991607666 31.260000228881836 AB 8.537859903362206 1.0142786880800942
61077.3138 lsst_hardware_z 3.228789572290144 86.20999908447266 31.700000762939453 AB 4.40399361911321 1.3373803884339674
61079.3065 lsst_hardware_r -76.24023237830897 67.6500015258789 31.559999465942383 AB 11.017762143578334 1.3493064899367258
61079.3235 lsst_hardware_i -8.645949737628701 60.720001220703125 31.280000686645508 AB 10.225483806184508 1.250823707178529
61081.3138 lsst_hardware_z 14.58694226163747 72.83999633789062 31.690000534057617 AB 3.7182133865685105 1.2730700935523207
61083.316 lsst_hardware_r 4.381682226531998 28.65999984741211 31.510000228881836 AB 7.472200500219993 1.2338847667901724
61083.3337 lsst_hardware_i 36.57378519062375 34.59000015258789 31.260000228881836 AB 7.139671363175355 1.1589434888686558
61085.2946 lsst_hardware_i 8.2698372208819 34.029998779296875 31.219999313354492 AB 3.435066091088976 1.3208405887294716
61085.3133 lsst_hardware_z -45.23335313997437 44.310001373291016 30.93000030517578 AB 3.087089041480003 1.2208366892222529
61087.2961 lsst_hardware_i -6.127277215561777 34.04999923706055 31.219999313354492 AB 6.628376480717562 1.2802890493442167
61087.3151 lsst_hardware_u -2.595232335888736 2.809999942779541 28.3799991607666 AB 5.889126300121028 1.1890018776743443
61091.3165 lsst_hardware_r -21.19622658885418 25.3700008392334 31.510000228881836 AB 4.153698725862435 1.142433754534706
61091.3348 lsst_hardware_u -1.6812583561681822 2.930000066757202 28.520000457763672 AB 4.089911067143675 1.088079918541305
61093.3174 lsst_hardware_g 6.617592386223457 15.760000228881836 31.450000762939453 AB 12.528880811486957 1.1216796088978678
61093.3366 lsst_hardware_r -10.750867086594345 24.75 31.520000457763672 AB 10.040136279046736 1.0707765455177023
61098.3019 lsst_hardware_z -53.530504098610535 43.040000915527344 30.950000762939453 AB 6.952166411623253 1.1275002289366287
61098.3206 lsst_hardware_r 23.924192988568574 24.59000015258789 31.520000457763672 AB 6.514365147380098 1.0761320141042534
61104.3039 lsst_hardware_r -85.86175383370164 95.73999786376953 31.649999618530273 AB 10.505302109449303 1.076877821647916
61104.3243 lsst_hardware_y -88.89268748290567 55.47999954223633 30.049999237060547 AB 10.096097080679348 1.0373945932573496
61106.3021 lsst_hardware_z 35.91408251440537 71.47000122070312 30.989999771118164 AB 9.564915744836822 1.068586274699691
61106.3223 lsst_hardware_r -33.46505030307582 96.19999694824219 31.65999984741211 AB 9.206910925872716 1.0322420501389666
61110.2101 lsst_hardware_r -2.245471658512145 46.619998931884766 31.520000457763672 AB 12.324150974909628 1.434152557204357
61110.2306 lsst_hardware_i -83.3668931466374 45.959999084472656 31.260000228881836 AB 11.163963031641517 1.2955616883100256
61112.2124 lsst_hardware_z -22.27415865127125 46.459999084472656 30.920000076293945 AB 19.109187077368777 1.3764781317736277
61112.2313 lsst_hardware_i 101.36818706553365 34.33000183105469 31.229999542236328 AB 17.467030673766388 1.2617040359554255
61115.1897 lsst_hardware_r -46.23205364326384 25.360000610351562 31.420000076293945 AB 11.643748338232706 1.4903997872937864
61115.2095 lsst_hardware_u 1.3318659684408953 2.5799999237060547 28.200000762939453 AB 11.138866533771889 1.340955040181173
61117.2537 lsst_hardware_r 87.32096703273886 24.389999389648438 31.5 AB 7.056438371133878 1.1161129916909176
61117.2718 lsst_hardware_u -2.079948432443242 2.7699999809265137 28.440000534057617 AB 6.778222127919607 1.0691764227224785
61119.2492 lsst_hardware_g 12.407223215820324 15.119999885559082 31.420000076293945 AB 5.5411781247102025 1.1132452284701562
61119.2665 lsst_hardware_r -11.88492602320614 24.079999923706055 31.5 AB 5.324971530441808 1.0688242596855682
61123.2541 lsst_hardware_r -28.511723692339647 23.799999237060547 31.5 AB 6.54866134720938 1.072115694377917
61123.2705 lsst_hardware_u 3.5653664854579534 2.690000057220459 28.399999618530273 AB 6.35342811186885 1.04045112849088
61125.2574 lsst_hardware_i 7.782494728551473 31.559999465942383 31.25 AB 7.482758455877755 1.0539096416729232
61125.2757 lsst_hardware_z -22.388472163634013 41.52000045776367 30.950000762939453 AB 7.278889353884322 1.0251956836456793
61127.2542 lsst_hardware_r 51.29974122587786 33.63999938964844 31.579999923706055 AB 7.979817467130179 1.0496997457419193
61127.2713 lsst_hardware_z 15.911195718033031 41.31999969482422 30.950000762939453 AB 7.843024963296066 1.023893598341523
61129.1521 lsst_hardware_r 38.224400327511454 67.05999755859375 31.540000915527344 AB 9.427992509444417 1.4849570813426392
61129.1699 lsst_hardware_i 9.548131284256236 55.529998779296875 31.260000228881836 AB 9.164572030746307 1.3499314368880122
61132.1724 lsst_hardware_z -73.07607343419818 118.69000244140625 31.709999084472656 AB 10.53689801064105 1.284987562273299
61134.1461 lsst_hardware_z -110.14878117560066 101.95999908447266 30.950000762939453 AB 8.516194460490516 1.422269543733499
61134.1658 lsst_hardware_r -307.7194533146497 142.25999450683594 31.600000381469727 AB 7.707088302599567 1.291420228041539
61136.167 lsst_hardware_z -17.377652738249676 79.87999725341797 30.969999313354492 AB 17.419168859645993 1.255345118164168
