data/validation/pwv_sim_epoch_fit_seasonal/51903666.ecsv
# %ECSV 0.9
# ---
# datatype:
# - {name: time, datatype: float64}
# - {name: band, datatype: string}
# - {name: flux, datatype: float64}
# - {name: fluxerr, datatype: float64}
# - {name: zp, datatype: float64}
# - {name: zpsys, datatype: string}
# - {name: pwv, datatype: float64}
# - {name: airmass, datatype: float64}
# meta: {SNID: '51903666', alt: 1024.0, c: 0.161246195435524, dec: -18.524391, lat: -30.244573, lon: -70.7499537, ra: 42.011719, t0: 61312.11328125,
#   x0: 0.0001302955079784536, x1: -1.3361101150512695, z: 0.1497318148612976}
# schema: astropy-2.0
time band flux fluxerr zp zpsys pwv airmass
61259.4127 lsst_hardware_r -6.723265327323764 26.84000015258789 31.540000915527344 AB 3.240731392614946 1.0313410430789867
61259.4335 lsst_hardware_y 48.4051186199669 62.08000183105469 30.06999969482422 AB 3.372152802019343 1.021864485460407
61262.4124 lsst_hardware_g -3.4083622928145747 13.960000038146973 31.440000534057617 AB 5.335129140672784 1.0259863732063046
61262.4319 lsst_hardware_y 22.679890550712372 62.189998626708984 30.06999969482422 AB 5.0974908549227305 1.0219508530318226
61265.4113 lsst_hardware_i 3.2711704502003003 30.239999771118164 31.260000228881836 AB 4.549018052145339 1.023017552956223
61265.4307 lsst_hardware_z 58.13228726901692 56.150001525878906 30.979999542236328 AB 4.7832102156781096 1.0236574865911205
61269.3926 lsst_hardware_r 1.8934905888195166 31.639999389648438 32.2599983215332 AB 3.994284019292173 1.0263684846146912
61269.4134 lsst_hardware_y 63.00707802553595 66.56999969482422 30.809999465942383 AB 3.9940250169088545 1.0220343363450242
61273.3949 lsst_hardware_z -27.940247974995813 40.5099983215332 30.950000762939453 AB 1.1240966370063858 1.0219060336421688
61273.4129 lsst_hardware_y 49.66227016075185 47.33000183105469 30.049999237060547 AB 1.1279479630452154 1.025407239132014
61275.3868 lsst_hardware_u -1.811964590364231 2.7300000190734863 28.5 AB 2.318451121395113 1.022319888907965
61275.4069 lsst_hardware_y -69.78397623301892 47.060001373291016 30.049999237060547 AB 2.34552310562275 1.0251412174924608
61285.3194 lsst_hardware_r 10.121737165717569 57.15999984741211 31.639999389648438 AB 2.826858016663355 1.0587483208476982
61285.3364 lsst_hardware_z 6.076151947638211 51.279998779296875 30.979999542236328 AB 2.1946651519935854 1.0361969556154793
61287.3222 lsst_hardware_z -7.846684679209933 43.54999923706055 30.950000762939453 AB 2.4107729781140272 1.0464181341737804
61287.3408 lsst_hardware_r 18.22199667982698 32.41999816894531 31.579999923706055 AB 2.060699924862522 1.0279941425213166
61302.2628 lsst_hardware_r 17264.504914171685 132.56716267608343 31.479999542236328 AB 5.950525237655983 1.0777496468473595
61302.2954 lsst_hardware_u 423.62986865307636 22.57208835125715 29.100000381469727 AB 5.725075996533543 1.03126650392396
61302.3253 lsst_hardware_g 12881.151386924234 114.31619323971971 31.399999618530273 AB 5.6448898440409385 1.0223934514903792
61304.2701 lsst_hardware_z 13869.670182923885 122.91294289344926 30.959999084472656 AB 4.011079100072009 1.054622024558954
61304.2895 lsst_hardware_r 26303.499892636388 166.856135412517 31.59000015258789 AB 3.9012730238510067 1.0316279481316015
61306.2626 lsst_hardware_i 26487.62660222487 170.05409960793497 31.309999465942383 AB 1.8364661133136966 1.0578721850885349
61306.2803 lsst_hardware_z 16127.983957845334 134.99823250466227 30.969999313354492 AB 1.8144946766437722 1.0349812776749343
61308.2587 lsst_hardware_r 39886.32195040576 218.62468030267553 31.649999618530273 AB 6.329587361396861 1.0553709648016596
61308.2774 lsst_hardware_z 17417.456319147812 143.4565013351366 30.989999771118164 AB 6.100269516392278 1.0326313188983967
61310.2546 lsst_hardware_z 17232.302767780006 149.50571309494063 30.989999771118164 AB 4.030333007923729 1.0532687855543523
61310.2731 lsst_hardware_i 30859.288112628834 194.4106236075036 31.34000015258789 AB 3.9692481187441144 1.0316434356710404
61312.2859 lsst_hardware_z 16624.022117357552 139.76626437394106 30.989999771118164 AB 4.691320336293914 1.022296869970345
61312.3056 lsst_hardware_r 45774.34720114341 227.83016051667286 31.65999984741211 AB 6.215540847213091 1.025004331174256
61316.2885 lsst_hardware_r 41532.60512985107 205.7674140432867 31.579999923706055 AB 2.7075094150349854 1.0227308291496129
61316.3077 lsst_hardware_i 28583.91826251054 171.75159370141262 31.280000686645508 AB 3.3798974726617326 1.0341348717987233
61318.2842 lsst_hardware_z 14465.04056799828 124.06369578418722 30.950000762939453 AB 6.802993999438776 1.0230578975545488
61318.3037 lsst_hardware_r 36540.9394056087 192.7863422063249 31.510000228881836 AB 7.165290476361215 1.035533892745454
61320.2171 lsst_hardware_r 33491.354931633534 183.53847623631313 31.489999771118164 AB 4.354303897125133 1.070840183738257
61320.2358 lsst_hardware_u 145.38083129779275 12.590151859078984 28.399999618530273 AB 4.189134328150643 1.0417492889403002
61322.2128 lsst_hardware_g 16576.12629995818 129.33487781196786 31.420000076293945 AB 3.3461328638654533 1.0686252659051347
61322.2316 lsst_hardware_i 20250.125039987513 144.3309850142337 31.260000228881836 AB 3.1598312462549867 1.0402736613185142
61324.22 lsst_hardware_z 9215.999658451909 102.61790075831473 30.950000762939453 AB 3.7728771507373606 1.048021430760378
61324.2376 lsst_hardware_r 27251.733561165973 165.66097149337403 31.510000228881836 AB 3.7062434987311734 1.0295120829808815
61327.2174 lsst_hardware_u 43.40934989071076 7.670221308481449 28.43000030517578 AB 6.557720369056273 1.0409079950882973
61327.2345 lsst_hardware_g 9997.506099635944 100.64516596376666 31.43000030517578 AB 6.465236706552604 1.0262280486591435
61329.2615 lsst_hardware_r 20540.534278721843 144.62755163974714 31.5 AB 7.473154822167466 1.0261916015289063
61329.2796 lsst_hardware_i 15906.228610558132 128.45444489993454 31.260000228881836 AB 7.592905485954554 1.0420153684364846
61333.2457 lsst_hardware_z 11555.469315051098 116.150639941559 30.969999313354492 AB 1.1413064159534838 1.0238992966090816
61333.2631 lsst_hardware_r 17990.211816040304 138.62415713677814 31.579999923706055 AB 1.2440943981917483 1.0358820967458353
61336.2415 lsst_hardware_i 15190.450957605592 135.17280009651765 31.329999923706055 AB 3.616063220425124 1.0257122951211792
61336.2589 lsst_hardware_z 12173.438924550388 121.31658777209212 30.979999542236328 AB 3.702940644187012 1.0401518663446663
61338.1785 lsst_hardware_z 11577.086420374704 130.01139025676736 30.989999771118164 AB 4.83085532312137 1.0527415079623805
61338.1959 lsst_hardware_r 15209.006159491488 164.34086845268897 31.65999984741211 AB 4.726533712468913 1.0322759950792058
61344.2197 lsst_hardware_r 10074.978540085809 106.61447269898487 31.600000381469727 AB 3.900692125588137 1.0257331267708052
61344.2366 lsst_hardware_i 10311.789621399079 108.340753834132 31.299999237060547 AB 3.958742060607151 1.039631127222082
61359.1335 lsst_hardware_r 5295.51540185978 76.03737350503515 31.510000228881836 AB 4.343781129650567 1.0370732075087898
61359.1516 lsst_hardware_u 7.180026285607793 4.16048373562359 28.489999771118164 AB 4.293802933920196 1.0240814724935872
61361.179 lsst_hardware_g 1576.9078196273877 44.76313274502167 31.559999465942383 AB 2.6148449078906397 1.0292976511288632
61361.1987 lsst_hardware_r 5072.760208206521 75.68467017397347 31.520000457763672 AB 2.692195144928562 1.050578574326622
61366.0882 lsst_hardware_r 4987.0823974523755 110.81565481232406 31.639999389648438 AB 4.123054908246234 1.077453373235137
61366.107 lsst_hardware_z 3432.245985700681 85.6886511482294 30.979999542236328 AB 4.020601477901425 1.0457607450758
61368.1198 lsst_hardware_z 6676.00997842184 127.18867284819669 31.75 AB 8.137432295861672 1.027886184740368
61370.1096 lsst_hardware_r -100.54449025462546 70.20999908447266 31.649999618530273 AB 3.679847340845046 1.0313714373501566
61370.1283 lsst_hardware_z 123.67387560757395 56.83000183105469 30.979999542236328 AB 5.319853254224825 1.0221477712064555
61372.0949 lsst_hardware_r -7.898584774866817 22.260000228881836 31.489999771118164 AB 3.9999346435525442 1.0404754990598832
61372.1161 lsst_hardware_u -1.5287888935839193 2.6600000858306885 28.440000534057617 AB 3.8973101756138826 1.0240808029117037
61374.1447 lsst_hardware_g 1.7912783817229505 13.779999732971191 31.440000534057617 AB 5.451229836338792 1.0301861166661233
61374.1643 lsst_hardware_r 48.82792566740514 22.510000228881836 31.5 AB 5.527920395570114 1.0521856570202455
61379.1475 lsst_hardware_r -2.9296725618947606 22.3700008392334 31.489999771118164 AB 2.720487788685708 1.047684642626075
61379.1663 lsst_hardware_u -1.3872830266603682 2.7200000286102295 28.459999084472656 AB 2.7570100612247264 1.0804742238633807
61383.08 lsst_hardware_r 4.903883231770706 22.3700008392334 31.510000228881836 AB 5.545936367484695 1.0271520621345056
61383.0986 lsst_hardware_z -28.711280645321864 40.869998931884766 30.959999084472656 AB 6.249350109264595 1.021719955736875
61385.0804 lsst_hardware_r -2.2393361273326797 22.100000381469727 31.5 AB 10.277113923083968 1.0241609676204764
61385.1002 lsst_hardware_u 3.7624994139674532 2.7799999713897705 28.549999237060547 AB 10.901174391654303 1.0227441671541506
61387.1101 lsst_hardware_g -6.59982878317235 13.670000076293945 31.43000030517578 AB 12.281272392689338 1.0308846440421942
61387.1282 lsst_hardware_r -3.128400054288932 22.389999389648438 31.5 AB 10.858427300980049 1.0512903215303733
61389.1119 lsst_hardware_i 23.73674409913988 30.850000381469727 31.25 AB 8.06500457306855 1.0376217760023148
61389.1305 lsst_hardware_z 10.5820731370656 41.459999084472656 30.940000534057617 AB 8.373114298426259 1.0638662236584475
61392.0459 lsst_hardware_y -69.55052267804227 50.540000915527344 30.059999465942383 AB 4.204256269939038 1.0345755201326456
61392.0637 lsst_hardware_g 10.733108263797789 39.93000030517578 31.709999084472656 AB 4.154740731491246 1.0232721461711092
61394.0502 lsst_hardware_y -109.12487358710185 52.08000183105469 30.059999465942383 AB 5.521445733753867 1.0270068790989
61394.0722 lsst_hardware_z -105.68449274198619 54.310001373291016 30.989999771118164 AB 5.562418750673686 1.0220337621816602
61396.0612 lsst_hardware_y -9.697712389649707 74.4800033569336 30.81999969482422 AB 5.541531125665057 1.021731508634776
61405.036 lsst_hardware_z -97.35270975620787 67.69999694824219 30.989999771118164 AB 7.675985149489754 1.0217617503480538
61405.0571 lsst_hardware_r -21.631941868860903 22.510000228881836 31.5 AB 7.723469298449919 1.0280710317289772
61623.4101 lsst_hardware_i -13.853817995218845 30.260000228881836 31.25 AB 2.987742957255834 1.0369306885432095
61623.4309 lsst_hardware_y 53.180339611361134 52.790000915527344 30.059999465942383 AB 2.877278798485576 1.0230930894223929
61628.4081 lsst_hardware_g -5.906002106661506 13.630000114440918 31.399999618530273 AB 6.214056990817742 1.0273149628001668
61628.427 lsst_hardware_y -54.54565155540892 50.900001525878906 30.059999465942383 AB 4.9878319556980015 1.0217477546667124
61630.4095 lsst_hardware_i 44.64200021106813 30.200000762939453 31.25 AB 4.624524028240482 1.0238798586510292
61630.4297 lsst_hardware_z 9.843838941927512 53.33000183105469 30.979999542236328 AB 4.801439359535907 1.0231066182688462
61648.3064 lsst_hardware_u 0.5340923875044836 2.5899999141693115 28.350000381469727 AB 6.500337925396604 1.0982155643515126
61648.3232 lsst_hardware_r -8.015267078999921 22.389999389648438 31.479999542236328 AB 6.33199847380249 1.0627724863716834
61650.3778 lsst_hardware_i 36.79332285763617 30.059999465942383 31.260000228881836 AB 2.3625034337632873 1.024058705575764
61650.3963 lsst_hardware_z -27.630088297196373 40.959999084472656 30.950000762939453 AB 2.1992782915080875 1.0373954205226827
61654.3461 lsst_hardware_u 0.3937859265319626 2.619999885559082 28.420000076293945 AB 0.9190416045441859 1.023146790475019
61654.3636 lsst_hardware_g -4.927654505480943 13.4399995803833 31.40999984741211 AB 0.9185124502131067 1.0229372995412789
61656.3389 lsst_hardware_r 6.972354673636301 22.040000915527344 31.489999771118164 AB 2.9620143368113974 1.0237376740131556
61656.3574 lsst_hardware_i 20.69544708522589 29.860000610351562 31.25 AB 3.0228644745525006 1.022735245704015
61673.2649 lsst_hardware_r 23.394046403249334 22.549999237060547 31.489999771118164 AB 6.187056790106666 1.047322351266469
61673.2844 lsst_hardware_i 3.1479116837536347 30.229999542236328 31.25 AB 6.016363806467874 1.027852586526402
61677.2901 lsst_hardware_z -43.234079322200365 40.72999954223633 30.950000762939453 AB 4.675885785446575 1.0218281873790591
61677.3103 lsst_hardware_r 44.15775874307094 22.56999969482422 31.5 AB 6.2540066918214015 1.0271975513864837
61679.2798 lsst_hardware_u -0.8717030970490569 2.619999885559082 28.399999618530273 AB 4.850219320427599 1.0226058023250262
61679.2995 lsst_hardware_g -5.765714704072212 13.699999809265137 31.420000076293945 AB 4.517003952880263 1.0244187979013846
61681.286 lsst_hardware_r 5.960003779003436 22.399999618530273 31.489999771118164 AB 2.7085199891169656 1.022083014761119
61681.3058 lsst_hardware_z -67.41934126103897 40.81999969482422 30.950000762939453 AB 3.3889577652958875 1.0318556070117104
61685.2149 lsst_hardware_z -24.11441803407955 42.33000183105469 30.950000762939453 AB 4.36437922411013 1.0766276223521751
61685.2351 lsst_hardware_g 15.380856613953103 13.920000076293945 31.420000076293945 AB 4.271247853416758 1.0434644593037683
61687.2173 lsst_hardware_r -27.15760923870961 37.63999938964844 31.600000381469727 AB 3.2994481051199305 1.061769301728055
61687.2359 lsst_hardware_i 9.338543608845047 37.060001373291016 31.290000915527344 AB 3.2244700433133673 1.0363905322019662
61690.2137 lsst_hardware_z -64.23389558284256 53.13999938964844 30.969999313354492 AB 5.798449361906031 1.0542635203465511
61690.2321 lsst_hardware_r -39.32943319486799 64.01000213623047 31.649999618530273 AB 5.677550092242036 1.0322818349530976
61691.2288 lsst_hardware_z 0.7300353999860423 83.80000305175781 31.729999542236328 AB 6.000082741932428 1.0327757315851516
61693.2081 lsst_hardware_r 20.23257175655086 111.7699966430664 31.65999984741211 AB 6.832470419665645 1.0503951654707868
61693.2245 lsst_hardware_z 108.8149190473731 74.16000366210938 30.989999771118164 AB 6.593770762964541 1.0317813628675248
61695.2482 lsst_hardware_r 107.0525294828443 94.12999725341797 31.65999984741211 AB 5.3581062532512 1.022149228014406
61695.2673 lsst_hardware_y 47.05596832450006 56.0099983215332 30.059999465942383 AB 6.240802520037541 1.0316228647057677
61701.2432 lsst_hardware_i 3.6308364046473813 30.170000076293945 31.25 AB 3.587506695721756 1.026272536203633
61701.2596 lsst_hardware_z -7.06230928077495 41.560001373291016 30.950000762939453 AB 3.778008284575838 1.0401766528601595
61704.1791 lsst_hardware_z -21.858075125135954 41.380001068115234 30.950000762939453 AB 1.3293363726570593 1.0489240184041242
61704.1963 lsst_hardware_r -15.365589574681735 22.8799991607666 31.510000228881836 AB 1.2981872408425326 1.03030733400201
61708.1829 lsst_hardware_r -57.57777347855667 22.670000076293945 31.5 AB 5.331620614662396 1.032326180714206
61710.0846 lsst_hardware_i -25.49967099974602 32.540000915527344 31.219999313354492 AB 7.115108112144728 1.3098304417539097
61721.1971 lsst_hardware_r -22.74372264052353 89.6500015258789 31.65999984741211 AB 3.4957397243941326 1.0322828135130446
61721.2144 lsst_hardware_i -53.64463284226778 73.58000183105469 31.329999923706055 AB 7.187467325484517 1.0525946778840707
61725.1308 lsst_hardware_i -83.29663445255582 60.08000183105469 31.31999969482422 AB 6.0394798627042015 1.037785613982342
61725.1493 lsst_hardware_z 59.79972750660928 56.56999969482422 30.979999542236328 AB 6.022741059572145 1.024203113652085
61730.1764 lsst_hardware_i -8.07626894125508 30.15999984741211 31.239999771118164 AB 3.1766697906041297 1.0358705838928257
61730.1961 lsst_hardware_r -29.252667725834968 22.510000228881836 31.479999542236328 AB 3.3916224803281425 1.0627880862759553
61733.109 lsst_hardware_z 19.72563994806894 40.900001525878906 30.950000762939453 AB 8.226150218668913 1.037738137841417
61733.1288 lsst_hardware_u -4.552054909860941 2.680000066757202 28.450000762939453 AB 8.965394036871356 1.023680524876839
61739.1411 lsst_hardware_i -17.51474675260006 30.059999465942383 31.25 AB 5.439985606660558 1.027236105681016
61739.1603 lsst_hardware_u -2.184492738257448 2.6500000953674316 28.420000076293945 AB 5.4574174054974725 1.0456324961436598
61741.1381 lsst_hardware_g -4.986164499734796 13.600000381469727 31.420000076293945 AB 6.636640597702064 1.0288567704367202
61741.1573 lsst_hardware_r 15.855406814498114 22.420000076293945 31.489999771118164 AB 6.774610699144101 1.0489719792223124
61747.0797 lsst_hardware_z -80.35395247555121 68.61000061035156 31.719999313354492 AB 3.007719769299488 1.029688383874991
61747.1013 lsst_hardware_r 55.34420204927197 70.12000274658203 32.380001068115234 AB 3.8931172296967116 1.0217261559872395
61749.0716 lsst_hardware_i -148.3917019342741 60.02000045776367 31.329999923706055 AB 7.548601954965569 1.0317700920289181
61749.0875 lsst_hardware_z 67.97772964908015 56.40999984741211 30.979999542236328 AB 9.41071303606857 1.0229035908770185
61753.1098 lsst_hardware_g -62.20215566527238 93.41999816894531 31.739999771118164 AB 7.6185004861623264 1.0323404529680733
61753.1286 lsst_hardware_r 56.00310329154416 87.45999908447266 31.649999618530273 AB 7.494979812936097 1.0549994458157335
61755.1151 lsst_hardware_i 61.381200924009164 45.040000915527344 31.299999237060547 AB 10.541696173160199 1.0436914142820843
61755.1324 lsst_hardware_r -47.294889033322555 53.56999969482422 31.6299991607666 AB 10.919045531731555 1.0712013312534032
61757.0467 lsst_hardware_z -36.419870396467786 42.099998474121094 30.950000762939453 AB 4.215028449549074 1.034489740961775
61757.0663 lsst_hardware_u -3.0770258776254718 2.630000114440918 28.420000076293945 AB 4.120567044651491 1.0227269904818792
61759.0509 lsst_hardware_y -8.48467715946826 47.439998626708984 30.049999237060547 AB 5.316102146123443 1.0270180432018243
61759.0729 lsst_hardware_r 10.979727100353065 22.1299991607666 31.5 AB 5.358098099332253 1.0220501858525994
61765.0353 lsst_hardware_y 25.307049813634954 71.94000244140625 30.079999923706055 AB 9.712748727244637 1.0265548514764045
61765.0612 lsst_hardware_r 9.962465983608622 22.34000015258789 31.5 AB 9.748542112398106 1.0231198921521851
61767.0353 lsst_hardware_y 96.35930115236413 74.27999877929688 30.079999923706055 AB 5.95445804505483 1.0239237725072765
61767.0575 lsst_hardware_r -15.127587704128477 22.479999542236328 31.5 AB 6.540863578438642 1.0237161276771662
61769.0365 lsst_hardware_z -120.9899231826761 65.33000183105469 30.989999771118164 AB 10.575923498219959 1.0220999297610436
61769.0628 lsst_hardware_g 12.425626951946281 13.850000381469727 31.440000534057617 AB 8.557975504028771 1.0296857276618974
