data/validation/pwv_sim_epoch_fit_seasonal/51967642.ecsv
# %ECSV 0.9
# ---
# datatype:
# - {name: time, datatype: float64}
# - {name: band, datatype: string}
# - {name: flux, datatype: float64}
# - {name: fluxerr, datatype: float64}
# - {name: zp, datatype: float64}
# - {name: zpsys, datatype: string}
# - {name: pwv, datatype: float64}
# - {name: airmass, datatype: float64}
# meta: {SNID: '51967642', alt: 1024.0, c: -0.06591027230024338, dec: -35.501846, lat: -30.244573, lon: -70.7499537, ra: 242.929688, t0: 62612.6484375,
#   x0: 2.9869719653507722e-06, x1: 0.8932470083236694, z: 0.7566846013069153}
# schema: astropy-2.0
time band flux fluxerr zp zpsys pwv airmass
[from data line 132]
62977.1592 lsst_hardware_g -0.9937997733309996 14.8100004196167 31.3700008392334 AB 9.612745094544499 1.308034439317526
62977.1763 lsst_hardware_r 10.508130807322926 24.309999465942383 31.479999542236328 AB 8.302460960562083 1.2228083303886421
62988.1537 lsst_hardware_r -46.2376812706019 44.869998931884766 31.579999923706055 AB 8.91170343846617 1.1917759691257748
62988.1692 lsst_hardware_z 15.493759101192698 47.66999816894531 30.950000762939453 AB 8.92116216625658 1.1368882587302893
62990.1781 lsst_hardware_y 120.74756887554183 72.51000213623047 30.790000915527344 AB 10.010922547067343 1.0963164766767926
62995.1633 lsst_hardware_r -19.890193834510832 123.31999969482422 31.649999618530273 AB 8.354183925978864 1.0992347271024823
62995.1834 lsst_hardware_i 69.86216343318829 97.87999725341797 31.34000015258789 AB 8.112417435358655 1.0556171028443273
62997.1534 lsst_hardware_z 67.54069464561269 55.18000030517578 30.969999313354492 AB 8.630206925376202 1.111030468974417
62997.172 lsst_hardware_r 46.51410638618454 62.5099983215332 31.639999389648438 AB 8.297128164308992 1.066926039131032
63002.1612 lsst_hardware_i -22.991544586832372 31.3700008392334 31.260000228881836 AB 7.034824713419476 1.061339676901064
63002.1802 lsst_hardware_z 55.57551118617574 41.400001525878906 30.950000762939453 AB 5.551241962367103 1.0312862425055769
63005.159 lsst_hardware_r -1.0516170417847668 24.030000686645508 31.520000457763672 AB 7.879086298326054 1.0505448397768071
63005.1771 lsst_hardware_u 2.2366248644284323 2.8499999046325684 28.520000457763672 AB 8.599400145118656 1.0252332443287717
63010.0603 lsst_hardware_r -22.462627023096697 25.110000610351562 31.450000762939453 AB 11.294010513493262 1.3607241582522
63010.0816 lsst_hardware_i -47.755968592231866 33.150001525878906 31.229999542236328 AB 10.323122404623978 1.2437496873040936
63013.0546 lsst_hardware_z -86.28194854304431 45.810001373291016 30.920000076293945 AB 7.783944525278778 1.3451323325318665
63013.0758 lsst_hardware_u -0.07948483422124923 2.869999885559082 28.360000610351562 AB 7.145250030150971 1.232701243035376
63015.0547 lsst_hardware_g 35.64888770979871 26.139999389648438 31.530000686645508 AB 12.611635782180516 1.3122767579398285
63015.0732 lsst_hardware_r 15.271434601299536 31.0 31.530000686645508 AB 11.76292559047688 1.2199673916694742
63019.0554 lsst_hardware_i -25.470818058440397 62.939998626708984 31.280000686645508 AB 13.24343520872174 1.2514861678031866
63019.0752 lsst_hardware_z -17.289205013467004 59.470001220703125 30.959999084472656 AB 12.435867507034969 1.1685374340045545
63020.058 lsst_hardware_z 56.50542558090843 71.95999908447266 30.969999313354492 AB 11.017537756261175 1.2267948396582675
63020.0788 lsst_hardware_r -48.30347405208537 97.62999725341797 31.6299991607666 AB 10.286681536799325 1.14665940662126
63022.0544 lsst_hardware_i 65.53918660882685 131.75999450683594 31.309999465942383 AB 11.582870912600853 1.2186081970121954
63022.0753 lsst_hardware_r -20.941849724914313 161.2100067138672 31.639999389648438 AB 10.862685740622208 1.1402898035031903
63040.0616 lsst_hardware_i 40.587137377972844 31.15999984741211 31.25 AB 3.161171267333766 1.053723755777922
63040.0805 lsst_hardware_z -46.29163229680292 41.2400016784668 30.950000762939453 AB 3.0792083711150924 1.0264027903716975
63043.9699 lsst_hardware_y 9.604363980526838 50.9900016784668 29.950000762939453 AB 10.285354983157188 1.3454875048825519
63043.9909 lsst_hardware_z -46.984927138704386 45.0 30.940000534057617 AB 9.48891010590447 1.2338750083530252
63045.9702 lsst_hardware_y 10.151235500802525 52.709999084472656 29.950000762939453 AB 5.0874056612570016 1.3114686989275162
63045.9913 lsst_hardware_z -62.20474159261822 49.630001068115234 30.950000762939453 AB 4.70810509016798 1.2082391163816995
63047.9677 lsst_hardware_y -50.439785318076055 58.75 29.969999313354492 AB 10.038546077931162 1.2950456141303184
63047.9866 lsst_hardware_r -50.810731029535 83.79000091552734 31.6200008392334 AB 9.335643138571806 1.205065591657649
63050.9771 lsst_hardware_z 288.7068100762255 123.12999725341797 31.729999542236328 AB 9.94129581688509 1.21054471270176
63060.9691 lsst_hardware_y 117.0358822147917 50.27000045776367 30.020000457763672 AB 9.792901751871623 1.1393719315731965
63060.9893 lsst_hardware_i -63.691334256033336 31.350000381469727 31.25 AB 9.19780812393825 1.0841145023795207
63062.9686 lsst_hardware_y -25.898683688743137 50.61000061035156 30.020000457763672 AB 4.822930255583679 1.1241388211289751
63062.9883 lsst_hardware_i -16.984066055558166 31.309999465942383 31.25 AB 4.603584666719339 1.074181690919967
63065.9703 lsst_hardware_y -132.42019653213555 49.400001525878906 30.030000686645508 AB 2.275378558864795 1.0970526218963212
63065.9904 lsst_hardware_g -6.948632781401624 14.670000076293945 31.43000030517578 AB 2.1968982599080125 1.0540895289442682
63070.9795 lsst_hardware_r -28.578854840117998 24.31999969482422 31.520000457763672 AB 5.940387093744528 1.049352957736048
63071.0012 lsst_hardware_i -72.60636092154517 31.139999389648438 31.270000457763672 AB 6.348654621580221 1.0207387247301924
63073.9699 lsst_hardware_y 93.78456051699014 51.150001525878906 30.049999237060547 AB 4.569123486492896 1.051743302346251
63073.9903 lsst_hardware_z -16.553866381310378 44.029998779296875 30.959999084472656 AB 4.505784091992072 1.0234990744284256
63075.9701 lsst_hardware_y -75.8784795819023 55.810001373291016 30.059999465942383 AB 4.647656103528318 1.0425428675478505
63075.9888 lsst_hardware_r 2.117508090021199 66.33999633789062 31.649999618530273 AB 4.517568312786288 1.0195369697102885
