data/validation/pwv_sim_epoch_fit_seasonal/52167958.ecsv
# %ECSV 0.9
# ---
# datatype:
# - {name: time, datatype: float64}
# - {name: band, datatype: string}
# - {name: flux, datatype: float64}
# - {name: fluxerr, datatype: float64}
# - {name: zp, datatype: float64}
# - {name: zpsys, datatype: string}
# - {name: pwv, datatype: float64}
# - {name: airmass, datatype: float64}
# meta: {SNID: '52167958', alt: 1024.0, c: 0.0935777947306633, dec: -3.134927, lat: -30.244573, lon: -70.7499537, ra: 321.679688, t0: 61617.6484375,
#   x0: 2.898869848939509e-06, x1: 1.2700731754302979, z: 0.7664557695388794}
# schema: astropy-2.0
time band flux fluxerr zp zpsys pwv airmass
61543.4056 lsst_hardware_g -1.491346518383118 16.049999237060547 31.450000762939453 AB 9.143189986155136 1.1447112076816137
61543.4305 lsst_hardware_y 110.6445832484679 62.02000045776367 30.030000686645508 AB 9.250844537502438 1.1252357655469196
61547.3866 lsst_hardware_i -118.31351238647028 67.33000183105469 31.309999465942383 AB 4.823888012192053 1.1571776776408251
61547.41 lsst_hardware_z 72.19939917915528 61.08000183105469 30.969999313354492 AB 4.740707389769765 1.1294569702437496
61551.3949 lsst_hardware_r -118.31165767033788 80.55000305175781 31.6299991607666 AB 6.292163647542494 1.1325668052215023
61551.421 lsst_hardware_y 27.786430137341863 55.95000076293945 30.030000686645508 AB 5.689216843670339 1.1256859603621105
61553.4075 lsst_hardware_r -77.99053717736165 51.439998626708984 31.610000610351562 AB 10.565684895479945 1.124647129095935
61553.4274 lsst_hardware_y -20.919196306811898 54.810001373291016 30.020000457763672 AB 9.952713871938585 1.1323735099056897
61573.3143 lsst_hardware_z -140.94110207256807 82.0999984741211 31.719999313354492 AB 4.432777207345636 1.1595275528750744
61573.3378 lsst_hardware_r 78.6542357776361 105.61000061035156 32.380001068115234 AB 3.789316263353384 1.1302956788526126
61575.3126 lsst_hardware_i 83.99939475597327 79.4800033569336 31.309999465942383 AB 3.512312398434867 1.1530900848439554
61575.3382 lsst_hardware_z -25.988497675625453 68.9800033569336 30.979999542236328 AB 2.8999556315743322 1.1269257635652004
61581.3184 lsst_hardware_i -74.6393567227339 59.40999984741211 31.309999465942383 AB 4.539583810133687 1.1287115538114962
61581.3414 lsst_hardware_z 22.81095729965621 58.5099983215332 30.969999313354492 AB 4.086628610581427 1.1265171213584588
61588.311 lsst_hardware_r 9.887115798633863 24.335166319320923 31.5 AB 8.815052406161096 1.124727579733436
61588.325 lsst_hardware_u -2.211603138290503 2.8408790562484416 28.420000076293945 AB 8.909443007670847 1.127777595907702
61590.3083 lsst_hardware_g 10.00910540670191 21.45897384640251 32.16999816894531 AB 7.867068592732739 1.1246568793890097
61590.3298 lsst_hardware_r 51.73069388871989 34.84287193104666 32.22999954223633 AB 7.923934229853638 1.1354781442793778
61599.3057 lsst_hardware_r 364.2025284352045 37.52378967199086 31.549999237060547 AB 6.929293544493817 1.135949761392429
61599.3281 lsst_hardware_i 507.6073303296209 39.30991198719416 31.229999542236328 AB 7.1386946820602475 1.1702778167311882
61606.2423 lsst_hardware_i 955.0860493116489 124.71049671110882 31.31999969482422 AB 3.3396353546534314 1.13477246165594
61606.2644 lsst_hardware_z 632.065341912091 105.00902975139462 30.989999771118164 AB 3.1617881360567757 1.12465786200739
61609.219 lsst_hardware_r 810.3136434924423 85.77432609639848 31.6299991607666 AB 5.636521186672058 1.1543743150216943
61609.2393 lsst_hardware_z 581.0329751530221 68.66644268469797 30.979999542236328 AB 5.521847239930736 1.1304643330063777
61610.2659 lsst_hardware_y 434.67987856906615 54.27048487301928 30.020000457763672 AB 6.682523849106287 1.1283123382149407
61610.2859 lsst_hardware_r 730.1399870491738 67.49969526844934 31.6200008392334 AB 6.802459856208647 1.148627608798792
61616.2223 lsst_hardware_r 637.2365128363053 34.957926467789875 31.5 AB 5.080761646199835 1.1290581435999634
61616.2404 lsst_hardware_i 1087.7402176977755 45.457680343718486 31.239999771118164 AB 5.06240320825529 1.1249784907233977
61618.2139 lsst_hardware_z 724.0413935933501 50.46249732969847 30.940000534057617 AB 5.029511972519929 1.1310746564887397
61618.2343 lsst_hardware_r 620.2203224291112 34.62412969453897 31.5 AB 5.028031570036425 1.1248812192929845
61623.2015 lsst_hardware_i 947.4154600236792 44.83374842236596 31.239999771118164 AB 1.8273922588718794 1.1301709584323327
61623.2213 lsst_hardware_z 681.4415140006397 50.27537354115957 30.940000534057617 AB 2.55371080019852 1.1249827313649867
61625.2102 lsst_hardware_r 460.5722871433587 32.70647620468754 31.489999771118164 AB 3.486648159177709 1.1247252126379705
61625.2304 lsst_hardware_u -0.6842582675086847 2.805440089680728 28.420000076293945 AB 3.509385202137097 1.13205974262487
61628.2033 lsst_hardware_y 312.9779810623098 51.93386713191731 30.030000686645508 AB 8.398896754637281 1.1246639631272373
61628.2222 lsst_hardware_r 469.30671569753827 48.68499075546637 31.600000381469727 AB 7.262501972102924 1.132053721100944
61643.1704 lsst_hardware_z 677.287951233336 66.75724203310429 31.690000534057617 AB 2.4190167639460216 1.1259095945757607
61643.186 lsst_hardware_r 334.33050990748865 39.60877300753309 32.2400016784668 AB 2.429062978416502 1.1364037325926806
61648.1128 lsst_hardware_r 150.35286903021748 26.988655229928703 31.479999542236328 AB 3.8685173997266094 1.153920178889369
61648.1286 lsst_hardware_u 3.239309660080404 2.7050995699467193 28.350000381469727 AB 5.32283538440388 1.1338852626011247
61650.129 lsst_hardware_g 12.97095588622069 15.29827095421559 31.43000030517578 AB 3.460555702519308 1.1293627530658605
61650.1467 lsst_hardware_i 279.90890418650844 36.353157591077235 31.239999771118164 AB 3.431193797975696 1.124858637736541
61652.1251 lsst_hardware_z 262.6728228719329 45.94203166666355 30.940000534057617 AB 1.579782175626823 1.1284158397334452
61652.1447 lsst_hardware_r 119.82264775819962 26.407783111228532 31.5 AB 1.5757952636341992 1.1255680454529995
61654.098 lsst_hardware_r 106.90073487527417 28.41821759995564 31.520000457763672 AB 1.5034159185288811 1.1513811361507802
61654.1159 lsst_hardware_y 248.12126924401932 50.02717424360221 30.020000457763672 AB 1.4956639901195818 1.1308655964610659
61656.0939 lsst_hardware_g 18.401980618733287 32.422856144058876 31.6200008392334 AB 2.7054400635592017 1.1492948443326099
61656.1116 lsst_hardware_r 44.480399703960096 36.93026652640735 31.56999969482422 AB 2.6167946170229617 1.130039420047342
61673.0686 lsst_hardware_r 7.0065375671154255 24.660948339145364 31.489999771118164 AB 4.973898230643612 1.1279533367549197
61673.088 lsst_hardware_i 109.51732075137954 33.45679657876584 31.239999771118164 AB 5.643992113165496 1.125758873674179
61677.0635 lsst_hardware_z 103.87963076494985 43.753627981461236 30.940000534057617 AB 3.813643407134317 1.1255772759509026
61677.0819 lsst_hardware_r -14.856406119972062 24.494555042976696 31.479999542236328 AB 3.827585690579849 1.12775064542718
61679.0313 lsst_hardware_i 83.10153628468252 33.223303101065866 31.229999542236328 AB 6.998530889702999 1.1489953849455128
61679.0494 lsst_hardware_u -2.4892414504628633 2.6649922773556365 28.34000015258789 AB 6.449469725988995 1.1296362201054988
61681.0327 lsst_hardware_g 10.529006336647427 15.36860136201647 31.420000076293945 AB 2.2289463910890683 1.1398830894126921
61681.0519 lsst_hardware_r 28.202468268772293 24.710090486926905 31.5 AB 3.3390573295690054 1.1257779263550254
61683.0341 lsst_hardware_i 105.78636055904603 33.82245100591611 31.239999771118164 AB 3.082193163333984 1.1329509881764321
61683.0527 lsst_hardware_r 4.2654780164545985 26.181259264684204 31.510000228881836 AB 3.1699240750730318 1.1246847880337172
61685.0344 lsst_hardware_z -8.046497535766266 46.374630791847174 30.950000762939453 AB 4.3901494187945405 1.1287665629399746
61685.0524 lsst_hardware_g 43.88400145070215 29.890950962881764 31.6200008392334 AB 4.8267939341516275 1.1250612281681684
61687.027 lsst_hardware_r 79.17954885241393 63.397476391558754 31.6299991607666 AB 4.359579373257008 1.1300102056135324
61687.0444 lsst_hardware_i 63.39401193513856 56.74465655780404 31.309999465942383 AB 3.423683717495526 1.124731838861868
61690.0308 lsst_hardware_z 2.6465572535223627 78.46231042690114 30.979999542236328 AB 6.948322002743308 1.12496106253422
61690.0487 lsst_hardware_r 48.98999135226483 106.15414459387898 31.639999389648438 AB 6.091738694992689 1.1290580637872463
61691.0033 lsst_hardware_y 76.18556992151095 61.0780005010347 30.030000686645508 AB 6.594677595876712 1.1424300729105246
61691.0236 lsst_hardware_z 181.7545961091285 74.1922960986708 30.979999542236328 AB 6.512846803156035 1.12610820492021
61696.9995 lsst_hardware_z 3.9565286403425666 50.924401712479295 30.959999084472656 AB 5.8149646527284204 1.1301434282318388
61697.017 lsst_hardware_g 4.523313744190373 15.46094383568089 31.43000030517578 AB 4.559632511847705 1.1247243492470334
61701.0012 lsst_hardware_y 89.72483682824654 59.98401654492942 30.030000686645508 AB 4.45486685041046 1.1248953602450502
61701.018 lsst_hardware_i 84.90377162666462 33.15419149702074 31.239999771118164 AB 4.425743284927462 1.128656240976082
61911.4043 lsst_hardware_g -0.28307144603486734 16.860000610351562 31.459999084472656 AB 8.087972404413106 1.137308922788878
61911.4246 lsst_hardware_y -11.923055115108689 50.79999923706055 30.020000457763672 AB 7.141717184494133 1.1249751406396638
61927.3984 lsst_hardware_z 69.88589175516334 50.130001068115234 30.950000762939453 AB 5.016860534508847 1.128779510520583
61927.4193 lsst_hardware_r 17.288778554373085 24.780000686645508 31.489999771118164 AB 4.374448102715045 1.1511705533460643
61946.2174 lsst_hardware_z 42.160659896579766 66.37999725341797 31.65999984741211 AB 6.542171924398103 1.490272463273358
61946.2517 lsst_hardware_r -3.4543085727401084 34.66999816894531 32.209999084472656 AB 5.616165920689171 1.2837439721183674
61952.2539 lsst_hardware_g -11.562379520954936 14.989999771118164 31.389999389648438 AB 9.82803079173542 1.214937051887517
61952.2745 lsst_hardware_r -6.664082693328726 24.239999771118164 31.489999771118164 AB 9.437882292313365 1.163829615132362
61957.3014 lsst_hardware_i 4.858472597710577 71.45999908447266 31.31999969482422 AB 5.7661470068447755 1.1247360871608796
61957.3236 lsst_hardware_z 17.446128913839562 64.68000030517578 30.969999313354492 AB 5.787383944161305 1.134169603480732
61961.2855 lsst_hardware_z 187.79172743065712 93.13999938964844 30.989999771118164 AB 10.84682210291513 1.1255684855283297
61961.3036 lsst_hardware_i 15.598687453587516 108.7300033569336 31.329999923706055 AB 8.912034145679863 1.1277011382854223
61966.2568 lsst_hardware_r -7.493093138500578 38.45000076293945 31.579999923706055 AB 6.073653184288141 1.134679031206042
61966.2763 lsst_hardware_y 26.57451879003043 49.040000915527344 30.020000457763672 AB 6.0389270855542785 1.1247768831354588
61975.2658 lsst_hardware_i 47.96141020609985 31.829999923706055 31.239999771118164 AB 6.659944092754242 1.127927868365689
61975.2848 lsst_hardware_z -5.724390009255161 42.75 30.93000030517578 AB 6.785103286936208 1.1461000456523533
61977.2638 lsst_hardware_r 38.36301848655486 24.139999389648438 31.479999542236328 AB 11.997879488909454 1.1300275796411015
61977.2831 lsst_hardware_u -4.673183356834327 2.6600000858306885 28.31999969482422 AB 12.09801856986844 1.1516803867996865
61980.2299 lsst_hardware_z 47.612849976748265 42.58000183105469 30.940000534057617 AB 4.643026763756013 1.1269026569530392
61980.249 lsst_hardware_g -29.714156846336202 15.199999809265137 31.420000076293945 AB 4.658169478163515 1.1264768396670708
61982.2209 lsst_hardware_r 14.444976473055846 38.439998626708984 31.579999923706055 AB 3.6119237144733747 1.1287261607729295
61982.2393 lsst_hardware_z 44.934678932832206 45.459999084472656 30.940000534057617 AB 3.600657206711489 1.1252053770973403
61984.227 lsst_hardware_r -47.35209982987044 59.970001220703125 31.6200008392334 AB 1.9980161808445942 1.1247980001001656
61984.2449 lsst_hardware_y 19.514500528516812 51.18000030517578 30.010000228881836 AB 2.0217913063102855 1.1301763486152432
61989.2045 lsst_hardware_i -334.6669783719389 134.4600067138672 31.329999923706055 AB 3.1823199803820295 1.1272830252858765
61989.225 lsst_hardware_z -84.86821991818354 111.94999694824219 30.989999771118164 AB 3.605479376457284 1.126712305142901
61991.1856 lsst_hardware_r -23.368674096141863 107.6500015258789 31.6299991607666 AB 4.296061764036777 1.1376529001090439
61991.2032 lsst_hardware_z 124.01710998082247 76.54000091552734 30.979999542236328 AB 4.261492381821956 1.1256913925742598
61993.182 lsst_hardware_g -13.226039149484745 59.099998474121094 31.68000030517578 AB 8.340451401918559 1.1357339297242828
61993.2008 lsst_hardware_i 74.851655701164 53.400001525878906 31.299999237060547 AB 8.409294925307071 1.1250018294929134
61996.1689 lsst_hardware_r -5.29710151040159 35.04999923706055 32.25 AB 2.7786821905450423 1.1411425833860545
61996.1891 lsst_hardware_z -19.659001472892264 61.060001373291016 31.700000762939453 AB 2.6297467575112825 1.1258280802759684
62012.126 lsst_hardware_z -37.594293182980294 50.939998626708984 30.959999084472656 AB 4.688339562428328 1.140206614023346
62012.1433 lsst_hardware_r -30.225944310292604 52.970001220703125 31.610000610351562 AB 4.623424553410091 1.1265883128093304
62014.1258 lsst_hardware_z 34.85378358373268 95.0 31.719999313354492 AB 1.4750367709207834 1.134643669939064
62019.0901 lsst_hardware_z 26.228202581452518 83.18000030517578 30.979999542236328 AB 1.538922655976648 1.1667343866388538
62019.1097 lsst_hardware_r 265.2587225046528 120.80000305175781 31.639999389648438 AB 1.482556489770631 1.1370751551353426
62022.0933 lsst_hardware_i 15.672368802783726 42.58000183105469 31.280000686645508 AB 2.886090404645517 1.1472467488984432
62022.1129 lsst_hardware_r 68.24764339060678 45.599998474121094 31.610000610351562 AB 2.8945728018083736 1.1280486367140974
62028.0879 lsst_hardware_u 2.6609074069610235 2.819999933242798 28.459999084472656 AB 1.171775425369362 1.134342134917098
62028.1064 lsst_hardware_g 13.52371998035155 15.109999656677246 31.440000534057617 AB 1.1855958753730098 1.1248537717011478
62029.0872 lsst_hardware_r -16.5778052670578 24.209999084472656 31.5 AB 4.07722057045686 1.13256126957135
62029.1054 lsst_hardware_i -10.126105885725876 31.979999542236328 31.25 AB 4.049031297370102 1.1247309159361394
62032.0667 lsst_hardware_i -36.91727847286633 32.279998779296875 31.25 AB 6.27858897028246 1.1462508389380288
62032.0869 lsst_hardware_z 35.443538494519736 42.880001068115234 30.950000762939453 AB 6.221655040676303 1.1273837353243725
62038.0633 lsst_hardware_i -29.493499107779016 33.29999923706055 31.25 AB 4.997075231934178 1.1320113037682198
62038.0824 lsst_hardware_r 44.813347570703655 27.350000381469727 31.520000457763672 AB 4.99868564795383 1.1247323890992345
62042.0647 lsst_hardware_r -54.91970811282335 77.6500015258789 31.639999389648438 AB 3.823863783321472 1.1254933872910882
62042.0855 lsst_hardware_i 66.3966780067464 66.62000274658203 31.31999969482422 AB 4.185621757588671 1.1294938292083037
62047.0334 lsst_hardware_i -63.593343603753986 85.75 31.31999969482422 AB 2.7769190386566143 1.1369166995523499
62047.0526 lsst_hardware_z -29.319490836998195 74.66999816894531 30.979999542236328 AB 2.614831789563968 1.1251427665939906
62049.0353 lsst_hardware_g 0.29071318224113357 67.95999908447266 31.690000534057617 AB 3.874034523156248 1.1304723458374528
62049.0538 lsst_hardware_r -112.70978910612736 79.25 31.6299991607666 AB 4.2634677365770735 1.1248265948229021
62051.0298 lsst_hardware_i -20.55650527469093 31.93000030517578 31.239999771118164 AB 5.1273833489353144 1.1305001320549697
62051.0497 lsst_hardware_r -3.5306190893766907 24.190000534057617 31.489999771118164 AB 5.212118875550006 1.124998678080103
62053.0306 lsst_hardware_u -0.4083897634633419 2.7699999809265137 28.43000030517578 AB 2.704575620617343 1.1269065085905596
62053.0492 lsst_hardware_g -21.310676526913433 15.039999961853027 31.43000030517578 AB 2.7613285809398604 1.1263066951487264
62056.0322 lsst_hardware_r -7.329577039449193 24.139999389648438 31.489999771118164 AB 6.504256400316297 1.1247201107238973
62056.0486 lsst_hardware_i 5.368608113774395 32.22999954223633 31.25 AB 5.328381289106128 1.1303911512289668
62058.0008 lsst_hardware_y -21.401601372968347 51.119998931884766 30.020000457763672 AB 7.729804810544805 1.1397389903119453
62058.0184 lsst_hardware_z 50.060325188045326 42.84000015258789 30.940000534057617 AB 7.535539961446177 1.126318484615484
62060.0024 lsst_hardware_y -40.72024092343414 51.529998779296875 30.020000457763672 AB 8.017745468940792 1.132689901665719
62060.0203 lsst_hardware_u -0.18392770637030267 2.7799999713897705 28.420000076293945 AB 7.927431719791383 1.124750888381099
62066.0016 lsst_hardware_y -65.82738196838037 57.810001373291016 30.030000686645508 AB 4.41165036805379 1.1249905311880122
62066.0196 lsst_hardware_r 32.972431979629974 25.540000915527344 31.510000228881836 AB 4.446740082633178 1.129259115645617
