data/validation/pwv_sim_epoch_fit_seasonal/52411070.ecsv
# %ECSV 0.9
# ---
# datatype:
# - {name: time, datatype: float64}
# - {name: band, datatype: string}
# - {name: flux, datatype: float64}
# - {name: fluxerr, datatype: float64}
# - {name: zp, datatype: float64}
# - {name: zpsys, datatype: string}
# - {name: pwv, datatype: float64}
# - {name: airmass, datatype: float64}
# meta: {SNID: '52411070', alt: 1024.0, c: -0.1029665395617485, dec: -7.632146, lat: -30.244573, lon: -70.7499537, ra: 25.3125, t0: 60148.80859375,
#   x0: 6.083514198136164e-05, x1: 1.2875744104385376, z: 0.21078088879585266}
# schema: astropy-2.0
time band flux fluxerr zp zpsys pwv airmass
60145.4131 lsst_hardware_i 11076.201109089177 135.71832714278494 31.329999923706055 AB 5.245105833528521 1.0988542048978205
60145.4359 lsst_hardware_z 4842.182421389921 126.62536724507196 31.0 AB 5.615592245931762 1.0845622608144005
60148.419 lsst_hardware_r 17846.02151648409 156.31894373170505 31.639999389648438 AB 5.546339540531944 1.0875175569670479
60148.4377 lsst_hardware_y 1960.6468692641768 118.557183122384 30.059999465942383 AB 5.533078973539505 1.0849174457920598
60151.388 lsst_hardware_r 17507.38795779174 156.21337379284546 31.639999389648438 AB 7.5111375788701915 1.1100886870674587
60151.4084 lsst_hardware_y 1647.7077520885905 118.65433732509842 30.059999465942383 AB 7.288671168694139 1.0888771120364726
60159.3449 lsst_hardware_r 14578.720987044644 145.25235752864924 31.6299991607666 AB 2.5731991907312497 1.1522217354668083
60159.3754 lsst_hardware_z 7521.749518909539 172.02371431382915 31.75 AB 3.0027314317396763 1.0982924037087332
60159.4012 lsst_hardware_y 1132.4596727095209 117.29603296752225 30.059999465942383 AB 2.948763368692526 1.0842370518540971
60161.3862 lsst_hardware_y 909.1275397107927 116.88984065821431 30.059999465942383 AB 1.5672354206256072 1.086283431381464
60161.4065 lsst_hardware_r 13568.855024652254 142.69473940867422 31.639999389648438 AB 1.5732366316090614 1.0863018343580606
60163.3571 lsst_hardware_i 8102.6213531771955 123.82006137379146 31.329999923706055 AB 4.734018041517948 1.1074158153966114
60163.3774 lsst_hardware_z 3231.9619235136192 118.8361933602477 31.0 AB 3.3993072165334044 1.0878653385177708
60175.3278 lsst_hardware_z 4638.580742155435 164.50678723021167 31.75 AB 2.94947109886833 1.1028465143931685
60175.3527 lsst_hardware_i 11788.074504717955 164.27618661412862 32.08000183105469 AB 2.5734615665125866 1.0848188709085989
60177.3808 lsst_hardware_u 104.599902322137 28.833975507348608 29.450000762939453 AB 1.2102937187231555 1.1002670170210505
60177.4001 lsst_hardware_g 2847.737020234811 102.57805871055162 31.690000534057617 AB 1.2439022569483975 1.1308202335894522
60180.3243 lsst_hardware_g 2254.1185630786954 100.77876777164676 31.709999084472656 AB 3.404019950569769 1.0924033751460762
60180.3432 lsst_hardware_r 6036.876983809807 113.34657728332789 31.639999389648438 AB 3.48447215826985 1.0842668265542177
60182.2812 lsst_hardware_i 5625.187562283786 113.65315442342877 31.31999969482422 AB 2.563539094565267 1.1545306487064442
60182.2984 lsst_hardware_z 3014.8978558103336 116.96067470175451 30.989999771118164 AB 3.0683737365350074 1.1180082843997112
60184.2914 lsst_hardware_r 5128.696733471711 108.31019767671481 31.639999389648438 AB 4.022534851749353 1.1206913591426504
60184.3092 lsst_hardware_z 2850.0471516815296 117.08622626692504 31.0 AB 3.3437052439955304 1.0961770005448486
60196.2661 lsst_hardware_i 3117.93411003813 102.7884317819936 31.329999923706055 AB 4.767439137479367 1.1087067761579923
60196.2828 lsst_hardware_z 1917.46330291447 112.3046315115261 31.0 AB 4.6901168152436865 1.0907248407543457
60199.2344 lsst_hardware_z 1551.8093908831188 110.97031964444885 30.989999771118164 AB 3.47891572141135 1.155530022612273
60199.2572 lsst_hardware_r 5196.437515640352 136.69258226583796 32.38999938964844 AB 4.0934548435997025 1.1097383454544647
60199.2818 lsst_hardware_g 959.6579387844836 94.02789714851926 31.709999084472656 AB 3.9518399596978298 1.0865658398949216
60201.2385 lsst_hardware_u 49.38333173708555 28.295488069910352 29.420000076293945 AB 1.3732869853819663 1.133230905280223
60201.2563 lsst_hardware_r 2654.6172985112244 96.51306247069647 31.639999389648438 AB 2.277622484497683 1.1034992657452227
60209.2399 lsst_hardware_y 360.26655965539675 114.1409976857087 30.059999465942383 AB 2.3077647923300737 1.0972375097254599
60209.2599 lsst_hardware_g 826.7552107672942 92.97202666156211 31.709999084472656 AB 1.6950267955918912 1.0848171491788103
60211.1944 lsst_hardware_r -69.86683140931729 80.9000015258789 31.6200008392334 AB 4.392299543408238 1.1756690426681577
60211.2122 lsst_hardware_i 30.77903400084611 86.0 31.31999969482422 AB 4.3972017092321805 1.131161475535632
60215.2187 lsst_hardware_z 74.51318169051235 105.73999786376953 30.989999771118164 AB 4.077758950497809 1.1027179133739011
60215.2382 lsst_hardware_r -6.2084992865484905 82.80000305175781 31.639999389648438 AB 4.05637941509132 1.0865302004707387
60223.1895 lsst_hardware_z -71.49166030252165 104.37999725341797 30.989999771118164 AB 5.389334690479888 1.1130389695332275
60223.2071 lsst_hardware_r 48.22622429511286 81.73999786376953 31.639999389648438 AB 5.216017153608619 1.0922452420916384
60227.1945 lsst_hardware_r 228.55581111024674 116.37999725341797 32.38999938964844 AB 3.730106254474775 1.093658987824895
60227.2137 lsst_hardware_i -67.51021974485369 123.13999938964844 32.08000183105469 AB 2.862881993891269 1.0843565408338465
60232.1233 lsst_hardware_u 7.990594730916896 26.540000915527344 29.360000610351562 AB 7.580250015527746 1.2226209702464106
60232.1452 lsst_hardware_r 27.759750649465776 81.29000091552734 31.6299991607666 AB 7.080357111400521 1.153230883431371
60236.1813 lsst_hardware_i -153.10875853372403 86.3499984741211 31.329999923706055 AB 2.814718651661548 1.0863445201318642
60236.1998 lsst_hardware_z 86.26470066835547 104.5199966430664 31.0 AB 2.7995648755589926 1.0855935664288732
60238.1434 lsst_hardware_z 57.40593201438121 104.63999938964844 31.0 AB 3.0147770168565295 1.1217079313617249
60238.1611 lsst_hardware_r -9.952500202080596 80.94999694824219 31.639999389648438 AB 2.863868202012843 1.0968472623565082
60240.1489 lsst_hardware_y 46.85002085584594 159.42999267578125 30.809999465942383 AB 5.2015757748774725 1.104681249089255
60242.14 lsst_hardware_r 70.43144819494731 82.75 31.639999389648438 AB 4.880429080633111 1.1094405730014152
60242.1563 lsst_hardware_i -1.9660727986572393 87.66999816894531 31.329999923706055 AB 4.792329860932528 1.091398283063685
60246.1371 lsst_hardware_z -212.37883642471917 105.76000213623047 30.989999771118164 AB 3.1591154480901302 1.0991413562505528
60246.1541 lsst_hardware_r -43.79335273448938 82.83999633789062 31.639999389648438 AB 3.132528780856266 1.0863005828886225
60262.0916 lsst_hardware_g 5.842911745824865 88.4000015258789 31.700000762939453 AB 3.164359406933409 1.1012213004814368
60262.11 lsst_hardware_r 31.098660600780192 82.79000091552734 31.639999389648438 AB 3.048631969058996 1.0864689839839616
60264.0918 lsst_hardware_i 231.86431692378196 86.43000030517578 31.329999923706055 AB 6.335894330620931 1.0951807321413822
60264.1101 lsst_hardware_z -265.4233672060344 104.6500015258789 31.0 AB 6.271204158279144 1.0847331915842615
60267.0968 lsst_hardware_r -54.27018051847081 81.93000030517578 31.649999618530273 AB 4.839108750648111 1.0862806556255933
60267.1165 lsst_hardware_z 130.40721317704123 104.66000366210938 31.0 AB 4.828925338015196 1.0860669863402184
60269.1189 lsst_hardware_g 73.54779072646687 88.0199966430664 31.719999313354492 AB 3.5305097437429573 1.090336548407337
60269.1429 lsst_hardware_i -20.514561914090415 86.1500015258789 31.31999969482422 AB 3.2475576646646704 1.1194614493843418
60271.0717 lsst_hardware_r 190.92907256313086 81.80000305175781 31.639999389648438 AB 7.480935250912232 1.09613449670255
60271.0914 lsst_hardware_z -241.43307668094502 104.66999816894531 31.0 AB 7.394075951489891 1.084652479314932
60273.0662 lsst_hardware_r 105.45726251790484 81.77999877929688 31.639999389648438 AB 5.657528617314038 1.0961724320691573
60273.0847 lsst_hardware_y -149.36012461977882 112.01000213623047 30.059999465942383 AB 5.545519674732678 1.0849104323061753
60275.072 lsst_hardware_g 74.23025191920453 88.62999725341797 31.709999084472656 AB 3.9228072109246046 1.0876544947110733
60275.0899 lsst_hardware_r -83.79311248001656 82.80000305175781 31.639999389648438 AB 4.133496080465803 1.084693585374481
60277.0627 lsst_hardware_i -41.792844405259395 87.47000122070312 31.329999923706055 AB 5.940886770378789 1.0899709697054336
60277.0826 lsst_hardware_z -171.26842149094875 105.86000061035156 31.0 AB 5.838442856150646 1.0844061768483133
60279.0637 lsst_hardware_r -59.210979564006394 82.8499984741211 31.639999389648438 AB 9.06088782925065 1.086415678653582
60279.0838 lsst_hardware_u 10.335294359487264 28.170000076293945 29.469999313354492 AB 9.655336388831733 1.086089582545739
60283.0384 lsst_hardware_y -65.0911662055214 111.8499984741211 30.059999465942383 AB 2.3889949076410275 1.0966657316740878
60283.0593 lsst_hardware_z -5.234245413378946 104.58000183105469 31.0 AB 1.6165012882344676 1.0845362551048603
60285.0378 lsst_hardware_y 338.0960890529527 111.76000213623047 30.059999465942383 AB 5.806649311193842 1.0922453442170406
60285.0564 lsst_hardware_u 9.920317522796138 27.950000762939453 29.469999313354492 AB 5.034238377663609 1.084264134753952
60291.034 lsst_hardware_z 99.30561918559711 104.58000183105469 31.0 AB 11.55346712317141 1.0853166551439761
60291.0528 lsst_hardware_r -10.281483638708174 81.79000091552734 31.639999389648438 AB 12.50618010696496 1.086832372205176
60294.0348 lsst_hardware_y 95.92743160011433 60.66999816894531 30.049999237060547 AB 10.742522493790089 1.0842760438089225
60294.0533 lsst_hardware_u 3.4377069801266353 3.049999952316284 28.520000457763672 AB 10.919921389677514 1.0923502537945449
60511.414 lsst_hardware_r 28.24366906717536 65.80999755859375 31.6299991607666 AB 6.413231061088915 1.0958573302727865
60511.4344 lsst_hardware_y -19.426098859279175 53.369998931884766 30.040000915527344 AB 6.7414089380076065 1.0845252474272211
60514.417 lsst_hardware_z 67.01962157677619 60.70000076293945 30.979999542236328 AB 5.638924375286859 1.0875456847226344
60514.436 lsst_hardware_y -12.856344039529947 59.939998626708984 30.049999237060547 AB 5.682917297433798 1.0850438754049139
60516.415 lsst_hardware_z -21.903772617101232 60.939998626708984 30.969999313354492 AB 7.379449969550716 1.086011768881636
60516.4369 lsst_hardware_y 1.7453275448845362 62.099998474121094 30.040000915527344 AB 6.613086528066409 1.0874402315390939
60520.4181 lsst_hardware_y 58.6845333834851 68.62000274658203 30.790000915527344 AB 4.071112716191656 1.0847140768750803
60527.334 lsst_hardware_i -31.063313399954282 32.029998779296875 31.229999542236328 AB 3.0401699467346375 1.1611457831507752
60527.3547 lsst_hardware_z -0.803986066975936 42.5 30.940000534057617 AB 2.9064559483370322 1.1163648735690541
60529.3892 lsst_hardware_r 36.02012242581114 33.77000045776367 32.2599983215332 AB 1.5179909986199318 1.0842792847285228
60529.4062 lsst_hardware_u 1.5170917385895575 3.9200000762939453 29.190000534057617 AB 1.526464799077802 1.0903319993412872
60531.3817 lsst_hardware_g 44.90350021984373 14.890000343322754 31.450000762939453 AB 5.63853125988003 1.0843329345923134
60531.4018 lsst_hardware_i -0.510322986771197 31.65999984741211 31.25 AB 5.673710900532128 1.0910982501023323
60535.35 lsst_hardware_u -2.371004271421257 2.869999885559082 28.520000457763672 AB 3.8305041239209663 1.0944297496917046
60535.3692 lsst_hardware_g -12.512287656270118 14.850000381469727 31.450000762939453 AB 3.7957124543123073 1.0844892726606592
60537.3444 lsst_hardware_r -16.009726426067548 33.54999923706055 32.25 AB 5.993800366719832 1.094558138553658
60537.3636 lsst_hardware_i 25.747658752833612 44.459999084472656 32.0 AB 5.9557588699393404 1.084508443691534
60541.3664 lsst_hardware_z -37.42780616880407 63.790000915527344 30.979999542236328 AB 2.8130912356566937 1.0864152557891453
60541.3861 lsst_hardware_r -17.799070376944453 89.0199966430664 31.649999618530273 AB 1.7731754430395636 1.1025496303681415
60543.3203 lsst_hardware_z 10.376121610959318 76.12999725341797 30.979999542236328 AB 2.070971932071501 1.1029007759668983
60543.3421 lsst_hardware_i 53.954845195519866 86.87999725341797 31.329999923706055 AB 2.0995297303125615 1.0857296601489972
60549.2848 lsst_hardware_y -55.27729523940709 48.68000030517578 30.020000457763672 AB 4.107885514964235 1.1349840251328702
60549.3025 lsst_hardware_g 16.21556179503789 18.780000686645508 31.520000457763672 AB 3.4224031166189572 1.1047137238924976
60553.2765 lsst_hardware_r 1.0924603430641484 23.729999542236328 31.489999771118164 AB 1.8438390013829442 1.1295725963138314
60553.293 lsst_hardware_i -43.69292099466661 31.420000076293945 31.239999771118164 AB 1.7412050033851976 1.1029010314393382
60555.2847 lsst_hardware_i -10.322506162541037 31.440000534057617 31.239999771118164 AB 1.3449063901878955 1.106615241514999
60555.3055 lsst_hardware_z 100.12203692844432 42.04999923706055 30.940000534057617 AB 1.7166342213289787 1.0873375907069778
60557.2708 lsst_hardware_r -31.74805161799939 23.3799991607666 31.489999771118164 AB 2.5865015215779588 1.1197784204825567
60557.2892 lsst_hardware_u 0.07620147393975606 2.690000057220459 28.40999984741211 AB 2.573891722316186 1.0951177374767491
60559.2556 lsst_hardware_g 12.893367944031457 14.59000015258789 31.40999984741211 AB 2.2710248982666954 1.13911966139443
60559.2741 lsst_hardware_i -20.623189091832856 31.549999237060547 31.25 AB 2.1363991972013268 1.1061783899903315
60568.2382 lsst_hardware_z -52.74058406539553 52.93000030517578 30.969999313354492 AB 3.718132953689572 1.1244353690596278
60568.2579 lsst_hardware_r 51.14259626292578 61.08000183105469 31.639999389648438 AB 4.424126135388044 1.0963471341620266
60580.2185 lsst_hardware_g 10.589156167398206 14.6899995803833 31.43000030517578 AB 4.12764287440783 1.1038937930217767
60580.2375 lsst_hardware_r 17.948713664492676 23.6200008392334 31.5 AB 4.131412035577463 1.0872136935730166
60582.2135 lsst_hardware_i 12.835862704754105 31.739999771118164 31.25 AB 4.185402646185486 1.1033089880544245
60582.2334 lsst_hardware_z 32.84352891083077 42.22999954223633 30.940000534057617 AB 4.029892554132556 1.0865905100455797
60584.2081 lsst_hardware_r -11.836940776700796 23.739999771118164 31.489999771118164 AB 4.967121129890033 1.1032326489723918
60584.2266 lsst_hardware_u -0.030974716568382944 2.7899999618530273 28.469999313354492 AB 3.673116400774853 1.0872033153100054
60586.2079 lsst_hardware_g -1.7411500841202177 14.850000381469727 31.43000030517578 AB 2.4493479432788092 1.097214249639502
60586.2254 lsst_hardware_i -51.64472799713227 31.459999084472656 31.25 AB 2.840222107520877 1.0855043407303178
60590.1783 lsst_hardware_r 3.2688848514140787 24.18000030517578 31.489999771118164 AB 4.669804260328006 1.1241253986747457
60590.196 lsst_hardware_u -1.8453794206177205 2.7699999809265137 28.43000030517578 AB 4.486326122940941 1.098243848945429
60594.179 lsst_hardware_i -62.56502005815207 35.93000030517578 31.270000457763672 AB 6.806574637543387 1.1055616628388147
60594.1988 lsst_hardware_z -63.619314988511256 43.95000076293945 30.959999084472656 AB 6.769727902773919 1.0874482602442577
60596.1701 lsst_hardware_r 84.22852465019288 52.25 31.6200008392334 AB 8.958850094462662 1.1104177112622757
60596.1886 lsst_hardware_z 110.6608537617538 49.709999084472656 30.969999313354492 AB 9.022217562939286 1.0902981949171342
60603.1431 lsst_hardware_r -20.2972389031557 67.66999816894531 31.639999389648438 AB 3.026542269459453 1.1235771325800958
60603.1601 lsst_hardware_y 31.45595657339481 52.41999816894531 30.040000915527344 AB 2.9386066530962607 1.0986814505594193
60605.1425 lsst_hardware_g -1.7099157988890101 14.970000267028809 31.440000534057617 AB 5.461528473385698 1.1151286612779618
60605.1591 lsst_hardware_r -22.144124792549107 23.989999771118164 31.510000228881836 AB 5.30942546927606 1.0942380660068134
60607.1413 lsst_hardware_i -78.09896779558304 31.8700008392334 31.260000228881836 AB 4.867183997811114 1.108613772183839
60607.1579 lsst_hardware_z -6.204497246179971 42.310001373291016 30.950000762939453 AB 4.78175800562083 1.0907709399583947
60609.1066 lsst_hardware_r -28.556325421917865 24.329999923706055 31.5 AB 4.93577109879089 1.1710014469254781
60609.1138 lsst_hardware_u -1.520667203738125 2.859999895095825 28.489999771118164 AB 4.860516527032252 1.1515992403330244
