data/validation/pwv_sim_epoch_fit_seasonal/5256278.ecsv
# %ECSV 0.9
# ---
# datatype:
# - {name: time, datatype: float64}
# - {name: band, datatype: string}
# - {name: flux, datatype: float64}
# - {name: fluxerr, datatype: float64}
# - {name: zp, datatype: float64}
# - {name: zpsys, datatype: string}
# - {name: pwv, datatype: float64}
# - {name: airmass, datatype: float64}
# meta: {SNID: '5256278', alt: 1024.0, c: 0.009418867528438568, dec: -33.152889, lat: -30.244573, lon: -70.7499537, ra: 189.316406, t0: 61451.5,
#   x0: 3.2678640921029427e-06, x1: 0.5118362307548523, z: 0.7300090789794922}
# schema: astropy-2.0
time band flux fluxerr zp zpsys pwv airmass
[from data line 132]
61819.2402 lsst_hardware_i 7.037949063972201 34.0 31.270000457763672 AB 5.725037796594207 1.0820843541263945
61821.2188 lsst_hardware_z -17.060754660700862 42.41999816894531 30.940000534057617 AB 3.712574045885623 1.1250224381471585
61821.2392 lsst_hardware_r 3.1094240854420483 22.84000015258789 31.5 AB 3.5375187373905717 1.07197537496684
61823.2191 lsst_hardware_u 0.4835320134115485 2.700000047683716 28.420000076293945 AB 8.976566525689526 1.1082180895912994
61823.2394 lsst_hardware_g 34.06816235326729 13.960000038146973 31.43000030517578 AB 8.58806002996933 1.0602543246875717
61825.2188 lsst_hardware_r -0.13744624860084032 22.719999313354492 31.489999771118164 AB 9.142798744255607 1.0944216835354845
61825.2387 lsst_hardware_i 25.566389883887247 30.350000381469727 31.25 AB 8.85262102430957 1.0513177393634072
61827.2201 lsst_hardware_z -76.5751411588153 58.61000061035156 31.690000534057617 AB 5.97092678893293 1.0780440759989642
61827.24 lsst_hardware_r -26.371071985332645 31.829999923706055 32.25 AB 5.722138867965762 1.04001069937582
61829.2185 lsst_hardware_u 0.27227702191328074 2.5799999237060547 28.350000381469727 AB 5.655410828844915 1.069513820186891
61829.2388 lsst_hardware_r -6.904390309742574 22.440000534057617 31.5 AB 5.467872660891845 1.0336894563410182
61831.2135 lsst_hardware_i -24.36041326154078 30.670000076293945 31.25 AB 3.5318650695160265 1.068535216674877
61831.2343 lsst_hardware_z -19.772897667454163 40.86000061035156 30.950000762939453 AB 3.385414278643497 1.0323483264820585
61833.2166 lsst_hardware_r 19.804555209153655 22.3700008392334 31.479999542236328 AB 5.87280234797766 1.0517824036733914
61833.2368 lsst_hardware_u 0.2000482582576814 2.549999952316284 28.34000015258789 AB 5.692476883149597 1.0223863651000564
61835.213 lsst_hardware_g 19.341425140485413 13.84000015258789 31.40999984741211 AB 8.206565766727474 1.0484944125115092
61835.2333 lsst_hardware_r 13.639038120726081 22.489999771118164 31.489999771118164 AB 7.977963694174919 1.0202434495300343
61837.1226 lsst_hardware_z -81.94120752854708 72.47000122070312 31.68000030517578 AB 14.108601264846666 1.3672891780120133
61839.1136 lsst_hardware_z -73.62691536705739 62.119998931884766 30.940000534057617 AB 15.576634361647724 1.3912885176015704
61839.1358 lsst_hardware_r 52.623358651070376 77.7699966430664 31.600000381469727 AB 13.328601274262127 1.2594350632393458
61841.1095 lsst_hardware_i 19.717439894128848 101.9800033569336 31.270000457763672 AB 10.926330787199344 1.381913674603591
61841.1314 lsst_hardware_z 61.622774722539276 84.55999755859375 30.969999313354492 AB 10.35166545951437 1.254139260905553
61844.1045 lsst_hardware_i -80.34166044858486 80.4800033569336 31.270000457763672 AB 12.286720112769345 1.3606556049578844
61844.1251 lsst_hardware_z -45.863368455893585 71.13999938964844 30.959999084472656 AB 12.401664988111966 1.244897107820887
61848.1776 lsst_hardware_g 17.230884422818047 18.18000030517578 31.520000457763672 AB 6.599259968651637 1.0483335931138207
61848.1955 lsst_hardware_r 4.1559064309243245 27.170000076293945 31.549999237060547 AB 6.374041429803122 1.0227785940715044
61850.1758 lsst_hardware_i 17.938153553183717 30.56999969482422 31.25 AB 5.523823986135248 1.0422309407802355
61850.1944 lsst_hardware_z 8.281461244498882 40.790000915527344 30.950000762939453 AB 5.396079575707099 1.0181282218315282
61852.1731 lsst_hardware_r 28.998924812647967 22.889999389648438 31.5 AB 7.0877920269358965 1.037934032866322
61852.1903 lsst_hardware_g 5.530095605806636 14.15999984741211 31.440000534057617 AB 6.9378699369118415 1.016798437242065
61854.1728 lsst_hardware_r 21.06321990048916 22.90999984741211 31.5 AB 7.075417124412056 1.030588159166672
61854.1899 lsst_hardware_i -27.481630355385587 30.299999237060547 31.25 AB 7.032037714923617 1.012350219891848
61862.0797 lsst_hardware_g -16.256126296514704 15.699999809265137 31.399999618530273 AB 10.77892320344121 1.2273183266087342
61862.0984 lsst_hardware_r 19.299137635518647 23.559999465942383 31.479999542236328 AB 10.002071733995107 1.152577982714375
61864.0837 lsst_hardware_i -24.017882164874933 35.72999954223633 31.239999771118164 AB 7.121692869941184 1.186948811656864
61864.1012 lsst_hardware_z -24.80275454353284 43.90999984741211 30.940000534057617 AB 6.753787441175648 1.1256312401959414
61866.075 lsst_hardware_r 18.190907546644283 50.34000015258789 31.59000015258789 AB 9.481179294413865 1.200149277773907
61866.0927 lsst_hardware_z 48.01887188833924 49.529998779296875 30.959999084472656 AB 10.638275390715537 1.1351529849599278
61868.0748 lsst_hardware_z 8.822376037122066 63.720001220703125 30.969999313354492 AB 8.892579403783175 1.1790223278096674
61868.0939 lsst_hardware_i -4.411509381625112 68.45999908447266 31.31999969482422 AB 8.24101477004806 1.1148558942164273
61872.0862 lsst_hardware_r 46.229211656196526 106.93000030517578 31.649999618530273 AB 7.4821308518154055 1.1057744771578366
61872.1051 lsst_hardware_z -6.086152329014498 73.70999908447266 31.0 AB 7.186606558795564 1.0612758885742894
61874.0835 lsst_hardware_g -48.11647430494856 52.060001373291016 31.700000762939453 AB 6.793336732385003 1.098356787774455
61874.1022 lsst_hardware_r 58.47387178318922 57.939998626708984 31.639999389648438 AB 6.628394788699459 1.0563178946134597
61878.0656 lsst_hardware_z -68.10166964428964 60.13999938964844 31.700000762939453 AB 12.765276671107726 1.1177592765390145
61878.0841 lsst_hardware_r 25.313248235310372 32.9900016784668 32.25 AB 12.100449842061288 1.0708362692089635
61883.0579 lsst_hardware_i 2.5741468902652644 31.100000381469727 31.239999771118164 AB 5.583186163160642 1.1010753674389906
61883.0775 lsst_hardware_z 20.768534910898477 41.290000915527344 30.940000534057617 AB 5.485642927842085 1.0565568042839146
61885.0562 lsst_hardware_r 16.36031459421204 23.18000030517578 31.5 AB 14.88440115196346 1.0913317680845722
61885.0751 lsst_hardware_u 0.12857351167742942 2.75 28.479999542236328 AB 14.34098621586317 1.0509296655330012
61889.0481 lsst_hardware_r 42.7686992068345 23.229999542236328 31.5 AB 9.191736398415955 1.0844107238951133
61889.0734 lsst_hardware_i 19.99433324540259 30.479999542236328 31.25 AB 8.782663052154366 1.0359662707858057
61894.9759 lsst_hardware_y -42.75726833372227 52.93000030517578 29.959999084472656 AB 13.399617049660977 1.2964966546199634
61894.9959 lsst_hardware_r -34.325145992823316 55.58000183105469 31.600000381469727 AB 12.401483143401402 1.1998048754046586
61898.9725 lsst_hardware_y 175.71058272381293 66.69000244140625 30.0 AB 10.937619955123758 1.256812466116565
61898.9919 lsst_hardware_z 66.2400441007708 87.29000091552734 30.989999771118164 AB 10.223086868636832 1.1723723473207377
61907.966 lsst_hardware_z -7.897000399197425 44.40999984741211 30.93000030517578 AB 8.739137431495399 1.1774110699459377
61907.9842 lsst_hardware_r 21.561148956296314 23.110000610351562 31.479999542236328 AB 8.315725356951006 1.1162546901809038
61909.9674 lsst_hardware_y -79.68067820892938 49.16999816894531 30.010000228881836 AB 8.71148878964136 1.1523641416695656
61909.9879 lsst_hardware_z 35.44326753210804 41.869998931884766 30.940000534057617 AB 8.222807950063713 1.0914265927878268
61911.9655 lsst_hardware_y -91.23899852592845 49.86000061035156 30.010000228881836 AB 6.416709150060941 1.1403428381128382
61911.986 lsst_hardware_u 2.6405999694230835 2.680000066757202 28.420000076293945 AB 6.009210119832288 1.0827405621319437
61917.9761 lsst_hardware_i 9.575679943479182 30.639999389648438 31.25 AB 6.843367221917808 1.0682329322018043
61917.9921 lsst_hardware_z 17.210632920269823 40.90999984741211 30.950000762939453 AB 6.691808032699462 1.0391409655187391
61925.96 lsst_hardware_y -3.1208899883384653 58.619998931884766 30.049999237060547 AB 12.5672660599759 1.0567239806022675
61925.9796 lsst_hardware_r -92.7605414536305 89.69000244140625 31.65999984741211 AB 12.062649806008736 1.0262373019128672
