data/validation/pwv_sim_epoch_fit_seasonal/52706996.ecsv
# %ECSV 0.9
# ---
# datatype:
# - {name: time, datatype: float64}
# - {name: band, datatype: string}
# - {name: flux, datatype: float64}
# - {name: fluxerr, datatype: float64}
# - {name: zp, datatype: float64}
# - {name: zpsys, datatype: string}
# - {name: pwv, datatype: float64}
# - {name: airmass, datatype: float64}
# meta: {SNID: '52706996', alt: 1024.0, c: 0.04360899329185486, dec: -3.134927, lat: -30.244573, lon: -70.7499537, ra: 169.804688, t0: 61090.98046875,
#   x0: 3.968517150621644e-06, x1: 0.45006516575813293, z: 0.6744749546051025}
# schema: astropy-2.0
time band flux fluxerr zp zpsys pwv airmass
[from data line 132]
61454.2839 lsst_hardware_r -17.827010190992414 49.599998474121094 31.600000381469727 AB 5.359234275249778 1.1363940363125153
61456.2669 lsst_hardware_i -58.441701769773914 96.58999633789062 31.329999923706055 AB 3.0522674620904278 1.1262979564909328
61456.2841 lsst_hardware_z -56.08384086160569 83.55000305175781 30.989999771118164 AB 3.10324626014025 1.1435620661369303
61460.2428 lsst_hardware_z -105.08177370758096 97.3499984741211 31.729999542236328 AB 9.490973040698691 1.1219307335774797
61462.243 lsst_hardware_r -4.639931165363965 50.93000030517578 31.610000610351562 AB 6.191764743575601 1.1228831331858427
61462.2604 lsst_hardware_z 50.51131689977685 50.439998626708984 30.959999084472656 AB 7.355242973773723 1.1345722765931134
61464.2405 lsst_hardware_r -27.803367240452204 32.72999954223633 31.559999465942383 AB 5.950005921412395 1.1239326751924181
61464.2575 lsst_hardware_y 17.58195451631654 49.04999923706055 30.010000228881836 AB 6.252855520351602 1.1374343051815914
61466.2378 lsst_hardware_g -16.65511239382135 16.899999618530273 31.469999313354492 AB 3.589562137697274 1.1252545886199081
61466.2548 lsst_hardware_r -25.56855941042774 26.139999389648438 31.510000228881836 AB 3.9770334119974167 1.140858695352099
61468.2291 lsst_hardware_i -1.2399583482698828 32.47999954223633 31.239999771118164 AB 6.274564504544436 1.1237355091417414
61468.2485 lsst_hardware_z 45.56522192031941 43.31999969482422 30.93000030517578 AB 6.3542680219277035 1.1397790173861353
61472.2336 lsst_hardware_g 10.588012123791684 15.699999809265137 31.440000534057617 AB 12.25717808619569 1.1351078263788725
61472.252 lsst_hardware_i 28.86204324912611 32.86000061035156 31.239999771118164 AB 11.513888391381654 1.1630190294324902
61476.2034 lsst_hardware_r -70.33622242454918 24.899999618530273 31.5 AB 8.929463673162603 1.1225205229310402
61476.2222 lsst_hardware_u 3.0824157939012524 2.7100000381469727 28.34000015258789 AB 8.395997898573714 1.1345943106180694
61479.0246 lsst_hardware_i 8.135123199608868 40.40999984741211 31.079999923706055 AB 20.373464839901914 2.15224497896076
61481.2107 lsst_hardware_r 16.116500219046948 32.470001220703125 31.549999237060547 AB 9.389186203723424 1.1369806495184576
61481.2325 lsst_hardware_z -5.257143805944334 43.939998626708984 30.940000534057617 AB 9.736789353254176 1.1736727764288917
61485.1228 lsst_hardware_z 38.44595060437775 105.69999694824219 30.989999771118164 AB 5.779850486421215 1.1795613237594316
61485.1426 lsst_hardware_i -4.0132670110939355 123.8499984741211 31.329999923706055 AB 5.932743389429737 1.1427435100025176
61487.254 lsst_hardware_z -170.1458095252737 103.55999755859375 30.969999313354492 AB 7.991135131577593 1.3023716091121977
61487.2656 lsst_hardware_r 43.451105305026 155.4499969482422 31.579999923706055 AB 8.383304465961373 1.3635454145075177
61492.1741 lsst_hardware_r 20.080491686069173 41.20000076293945 31.59000015258789 AB 8.060906094662665 1.1303504853691524
61492.1921 lsst_hardware_i 18.290963458451245 41.02000045776367 31.280000686645508 AB 8.249586896573017 1.1533044731683066
61494.1731 lsst_hardware_z 9.10958620007869 44.11000061035156 30.950000762939453 AB 7.688607361421047 1.1346404517869098
61494.1917 lsst_hardware_r 10.13090958279007 28.979999542236328 31.540000915527344 AB 7.876923168465552 1.1625596883573983
61497.1759 lsst_hardware_u -1.8715957999576986 2.75 28.389999389648438 AB 9.422821468285008 1.1491245693030498
61497.1942 lsst_hardware_r -6.8068838525813975 24.700000762939453 31.489999771118164 AB 9.729252367068762 1.1864941911059466
61501.1416 lsst_hardware_z -43.33897262615711 43.13999938964844 30.940000534057617 AB 12.991630977607011 1.1249139300032047
61501.1601 lsst_hardware_r -5.092465073164898 24.649999618530273 31.5 AB 13.260862503190443 1.1419964263856586
61503.1422 lsst_hardware_u 3.6362331272275825 2.7699999809265137 28.420000076293945 AB 8.37697769097235 1.1288206024757241
61503.1596 lsst_hardware_g 21.319075591031055 15.210000038146973 31.420000076293945 AB 8.598153706022469 1.1492553239353698
61505.1288 lsst_hardware_r -1.4855841180726588 24.520000457763672 31.5 AB 5.427940253980875 1.1240298724333972
61505.1451 lsst_hardware_i 64.94263237150248 32.36000061035156 31.239999771118164 AB 5.5230463505325345 1.1368971491421438
61511.1258 lsst_hardware_z 3.4228564408715108 58.189998626708984 30.979999542236328 AB 18.933113028135786 1.1337193430021428
61511.1433 lsst_hardware_r 69.25741333885529 68.72000122070312 31.6299991607666 AB 19.35162133059667 1.1587797203950103
61515.1219 lsst_hardware_i -99.75116793651767 103.12999725341797 31.31999969482422 AB 7.777997715360587 1.1420317710494206
61515.1395 lsst_hardware_z 28.100660948947464 88.62000274658203 30.979999542236328 AB 7.4383402893022135 1.173301481040362
61518.0917 lsst_hardware_z -23.142225543212646 57.22999954223633 30.969999313354492 AB 5.302992384864065 1.1233963319276747
61518.1096 lsst_hardware_r -28.774332480005572 74.22000122070312 31.6200008392334 AB 5.255001665728712 1.1368925665484801
61520.0883 lsst_hardware_u -1.7495992680443666 10.520000457763672 29.200000762939453 AB 14.992550044275717 1.1242304601094082
61520.1061 lsst_hardware_g -70.49822635796595 51.4900016784668 31.65999984741211 AB 15.17952357517352 1.1392475007948104
61522.0828 lsst_hardware_r 27.666856381065514 24.15999984741211 31.479999542236328 AB 4.609272710114578 1.124212856125507
61522.101 lsst_hardware_i -43.72062103742808 32.11000061035156 31.239999771118164 AB 5.055141055087218 1.1397003844182658
61524.086 lsst_hardware_z 17.375589806556132 43.04999923706055 30.940000534057617 AB 9.955801270186925 1.1297363143474524
61524.103 lsst_hardware_r -6.305499783949086 24.520000457763672 31.489999771118164 AB 10.13086294918234 1.1504391414097082
61526.0858 lsst_hardware_u -2.4318559193566966 2.7200000286102295 28.389999389648438 AB 11.02607283007129 1.1347198549008464
61526.1036 lsst_hardware_r -15.10348625052712 24.389999389648438 31.489999771118164 AB 11.269776575121345 1.1611542990474306
61528.0831 lsst_hardware_i -14.044395918145584 32.36000061035156 31.25 AB 14.76677241452555 1.1378384369236627
61528.1006 lsst_hardware_z 70.21047442655711 43.68000030517578 30.940000534057617 AB 15.335101637900806 1.166034417207224
61530.0749 lsst_hardware_r -37.84617342037426 24.530000686645508 31.5 AB 10.2256521508215 1.1347441283728787
61530.0943 lsst_hardware_u 1.164724638424729 2.799999952316284 28.43000030517578 AB 10.791651181180242 1.1643363199201857
61532.0768 lsst_hardware_g 24.321938517323094 15.350000381469727 31.43000030517578 AB 7.197673796374918 1.1438496299364191
61532.0932 lsst_hardware_r 34.14357719437569 24.75 31.489999771118164 AB 7.814783504547117 1.1735671278791286
61533.0765 lsst_hardware_i 31.692386720151966 32.43000030517578 31.239999771118164 AB 11.781272148860985 1.147414746829301
61533.0947 lsst_hardware_z -18.71998772035496 43.90999984741211 30.940000534057617 AB 12.294921367561797 1.1834936823039655
61535.0458 lsst_hardware_z -8.668918419496718 43.060001373291016 30.950000762939453 AB 8.122990704652366 1.1235895573210273
61535.0634 lsst_hardware_r -22.74615469490955 24.65999984741211 31.5 AB 8.334721028352456 1.1371472854017468
61540.9985 lsst_hardware_r 8.409380766139998 97.62999725341797 31.639999389648438 AB 8.210375271933861 1.1324655547494982
61541.017 lsst_hardware_z -111.29215497586105 75.06999969482422 30.989999771118164 AB 5.870079528341263 1.122171578730919
61543.0001 lsst_hardware_y -77.234693782333 57.380001068115234 30.020000457763672 AB 8.214106008877021 1.1267635128775064
61543.0198 lsst_hardware_r -84.6172504979901 96.73999786376953 31.6299991607666 AB 8.198013744030925 1.1223749563990255
61550.9619 lsst_hardware_y 0.12596338244114383 50.540000915527344 30.010000228881836 AB 6.621148502931111 1.143417309969683
61550.9811 lsst_hardware_r -11.233954263036924 25.170000076293945 31.5 AB 6.520083492805709 1.1250899012635314
61552.9622 lsst_hardware_y 11.842962516525185 50.15999984741211 30.010000228881836 AB 7.282225172963353 1.136161194003203
61552.9833 lsst_hardware_r 21.788534153495014 25.200000762939453 31.5 AB 7.199497413561449 1.122334839792864
61554.9626 lsst_hardware_y 50.63280354389811 49.83000183105469 30.030000686645508 AB 10.729202847685077 1.1303416400848165
61554.982 lsst_hardware_z 30.666430147373784 43.29999923706055 30.950000762939453 AB 10.619928988165075 1.1219024918830631
61559.9557 lsst_hardware_y 62.22467848294749 56.709999084472656 30.030000686645508 AB 13.05627057918124 1.1255405671707965
61559.9767 lsst_hardware_r -0.3849938272889077 25.56999969482422 31.510000228881836 AB 12.13151309063353 1.123288249132734
