data/validation/pwv_sim_epoch_fit_seasonal/52714054.ecsv
# %ECSV 0.9
# ---
# datatype:
# - {name: time, datatype: float64}
# - {name: band, datatype: string}
# - {name: flux, datatype: float64}
# - {name: fluxerr, datatype: float64}
# - {name: zp, datatype: float64}
# - {name: zpsys, datatype: string}
# - {name: pwv, datatype: float64}
# - {name: airmass, datatype: float64}
# meta: {SNID: '52714054', alt: 1024.0, c: 0.033003777265548706, dec: -21.702768, lat: -30.244573, lon: -70.7499537, ra: 176.308594, t0: 62306.08203125,
#   x0: 4.953861564372375e-06, x1: 0.29515278339385986, z: 0.6158785820007324}
# schema: astropy-2.0
time band flux fluxerr zp zpsys pwv airmass
[from data line 132]
62540.3197 lsst_hardware_r 24.202129195175843 22.780000686645508 31.5 AB 8.320874474995259 1.0154425182030582
62544.2928 lsst_hardware_z 120.13504940659888 40.81999969482422 30.950000762939453 AB 6.199061228365723 1.0107851720957872
62544.3093 lsst_hardware_r -29.64320474144854 23.010000228881836 31.510000228881836 AB 6.17101238629285 1.0157348417188807
62545.285 lsst_hardware_u -3.0586056550412435 2.690000057220459 28.450000762939453 AB 5.359227469048233 1.0110478183338385
62545.3033 lsst_hardware_g 7.738129100293228 14.1899995803833 31.440000534057617 AB 5.780047669818137 1.0140434508452871
62547.2907 lsst_hardware_r 24.312581763775512 44.7599983215332 31.6299991607666 AB 3.3523575707445796 1.0115744027593547
62547.3083 lsst_hardware_i -47.12137199231086 41.15999984741211 31.299999237060547 AB 4.005860852812791 1.0207098467725555
62549.2811 lsst_hardware_i -101.74308046458638 73.45999908447266 31.34000015258789 AB 4.536861035981069 1.010905810635477
62549.2988 lsst_hardware_z -41.61870509810136 63.68000030517578 30.989999771118164 AB 5.005728619963588 1.0177003157963327
62551.2774 lsst_hardware_r -223.64524189880794 122.62000274658203 31.670000076293945 AB 2.5386732886176078 1.011121493027027
62551.2944 lsst_hardware_z -10.607488265548112 80.62000274658203 31.0 AB 2.5766446682560114 1.0184366277691745
62553.2793 lsst_hardware_z 50.89513708313327 74.23999786376953 31.0 AB 5.215032311510371 1.0131194388558782
62553.2961 lsst_hardware_i -100.5824498823497 84.47000122070312 31.34000015258789 AB 6.656867027851753 1.0244091913748707
62555.2648 lsst_hardware_z 51.21990914864332 50.529998779296875 30.969999313354492 AB 10.775318464444222 1.0109126995444435
62555.2825 lsst_hardware_r 88.83797194000243 55.52000045776367 31.639999389648438 AB 10.887260009222151 1.0177545814429283
62558.2626 lsst_hardware_y 9.83412789191424 46.900001525878906 30.059999465942383 AB 6.560276244138594 1.0120759401633128
62558.2812 lsst_hardware_g 0.04181158362563311 19.770000457763672 31.56999969482422 AB 6.630169877511162 1.023240158576734
62560.2615 lsst_hardware_r -1.957916186383967 23.0 31.510000228881836 AB 5.539486600661815 1.013660666808103
62560.2812 lsst_hardware_i -15.607618774232613 30.540000915527344 31.25 AB 5.616102971459434 1.0287473005268388
62562.2635 lsst_hardware_z -78.1825464432477 40.959999084472656 30.950000762939453 AB 3.5087974385230107 1.0178294638918035
62562.2811 lsst_hardware_r -54.897230165894904 23.229999542236328 31.510000228881836 AB 3.5296132994428384 1.0351784043727164
62564.2422 lsst_hardware_r -4.8789573031796385 23.100000381469727 31.510000228881836 AB 5.655446896736813 1.0111651880452017
62564.26 lsst_hardware_u -3.0177218860540327 2.700000047683716 28.440000534057617 AB 5.814387482470874 1.0192335191897055
62565.241 lsst_hardware_g -14.511408286143293 14.319999694824219 31.43000030517578 AB 10.990915170222353 1.0114494243981367
62565.2584 lsst_hardware_i -76.16993028370983 30.479999542236328 31.25 AB 10.522352380185275 1.0201020242545105
62567.2465 lsst_hardware_z 108.02203659649598 40.810001373291016 30.940000534057617 AB 9.834030192844812 1.0157285813871266
62567.2637 lsst_hardware_r 6.04047342038312 23.170000076293945 31.5 AB 9.97585354405043 1.0305722546561624
62569.2281 lsst_hardware_u 2.7184035993011078 2.6700000762939453 28.40999984741211 AB 8.946342997069268 1.0110956692048372
62569.2451 lsst_hardware_g 11.944496186138503 14.420000076293945 31.440000534057617 AB 9.000622432642446 1.0183235517396039
62573.2255 lsst_hardware_r -18.933494055035673 23.3700008392334 31.510000228881836 AB 13.993617526707808 1.0134427525136318
62573.2447 lsst_hardware_i -27.100619613222584 30.84000015258789 31.25 AB 14.125420557323396 1.0276520921517962
62576.2251 lsst_hardware_z -43.461948117727225 50.66999816894531 30.969999313354492 AB 8.475471267404576 1.0177078851350356
62576.2439 lsst_hardware_r -33.726534674445304 56.119998931884766 31.639999389648438 AB 8.594848666832734 1.0365229940705047
62577.2286 lsst_hardware_z -39.946433300174725 56.939998626708984 30.979999542236328 AB 8.483104419965553 1.0225843859766113
62577.2469 lsst_hardware_r -20.414671198108174 73.69000244140625 31.649999618530273 AB 8.654893918724717 1.0447723223955476
62581.164 lsst_hardware_z 124.95243242993106 83.8499984741211 31.0 AB 5.301670873289008 1.0225837897527368
62581.1831 lsst_hardware_r -128.4478289725399 126.69999694824219 31.670000076293945 AB 5.362220432186747 1.0117397041861786
62583.2145 lsst_hardware_y 34.93478925601261 72.27999877929688 30.809999465942383 AB 6.587808482981392 1.0247018950040927
62585.1388 lsst_hardware_r -47.07471925134448 32.099998474121094 31.56999969482422 AB 8.869736687022169 1.0388541446500739
62585.1569 lsst_hardware_i -7.313928701888973 37.02000045776367 31.280000686645508 AB 8.730450631018181 1.0194360848923611
62590.0122 lsst_hardware_z 6.220204561348478 107.76000213623047 32.63999938964844 AB 9.329397364303484 1.5614925291737587
62590.0238 lsst_hardware_r 20.54706987099853 35.11000061035156 32.16999816894531 AB 8.61849021949298 1.4545156761071019
62593.205 lsst_hardware_i -44.37583084984118 31.020000457763672 31.25 AB 8.590268246576981 1.047593688606949
62593.2263 lsst_hardware_z 20.643214156883925 42.09000015258789 30.940000534057617 AB 9.297758971772701 1.0912008808120688
62595.1727 lsst_hardware_r 28.980726195753657 23.31999969482422 31.510000228881836 AB 4.6325313813907165 1.0173561834612312
62595.1921 lsst_hardware_u 0.5462385738131028 2.680000066757202 28.40999984741211 AB 4.747217962402596 1.0366236406599925
62597.1614 lsst_hardware_g 12.555451986015331 14.619999885559082 31.459999084472656 AB 11.828132355006955 1.0140717039615017
62597.1812 lsst_hardware_r -5.3887472736958575 23.440000534057617 31.510000228881836 AB 14.258830042822234 1.0298902161662633
62599.1632 lsst_hardware_i -41.87766638355259 30.850000381469727 31.260000228881836 AB 7.617091512537967 1.01832774231791
62599.1829 lsst_hardware_z -31.259092305884508 41.599998474121094 30.950000762939453 AB 8.79148916498806 1.0389784319465898
62601.1539 lsst_hardware_r 8.579754545218343 23.31999969482422 31.510000228881836 AB 4.96043579123484 1.0158582410884374
62601.1708 lsst_hardware_g 28.590837327927034 14.65999984741211 31.450000762939453 AB 5.059532039582644 1.0304895698257193
62605.1497 lsst_hardware_z -47.73754848438263 54.25 30.989999771118164 AB 5.006949200874777 1.0205073444272255
62605.1663 lsst_hardware_i 61.596292422262934 55.959999084472656 31.329999923706055 AB 5.109586405317048 1.0386745640297563
62613.1285 lsst_hardware_i -22.847028748101437 42.27000045776367 31.309999465942383 AB 10.380322778470115 1.0210320934903965
62613.1458 lsst_hardware_z 76.22942928704879 46.81999969482422 30.959999084472656 AB 10.598540477106065 1.0405773522599902
62615.0669 lsst_hardware_r 24.04579944495909 22.940000534057617 31.5 AB 9.532781787145986 1.0266862452499714
62615.0759 lsst_hardware_g 8.953555515341659 14.220000267028809 31.440000534057617 AB 9.408455613079383 1.018754837506227
62615.9656 lsst_hardware_y 24.150662778273404 73.54000091552734 29.959999084472656 AB 18.512055035840202 1.358043370584388
62615.984 lsst_hardware_i 19.00240017555559 32.70000076293945 31.219999313354492 AB 17.084368852230014 1.2495652765440959
62617.1121 lsst_hardware_r 17.97297432000969 23.059999465942383 31.510000228881836 AB 9.966692343415707 1.017009422797521
62617.1318 lsst_hardware_i -38.01125626349467 30.75 31.260000228881836 AB 9.065686767533828 1.036315359800392
62619.1126 lsst_hardware_z 45.27640362211027 40.84000015258789 30.950000762939453 AB 2.3860726352394273 1.0214352034415357
62619.1312 lsst_hardware_i 48.83983116818558 30.56999969482422 31.239999771118164 AB 2.1694350158168665 1.043206579435079
62621.1086 lsst_hardware_u 5.179989304128242 2.75 28.489999771118164 AB 10.646861533175668 1.0227041480405346
62621.1273 lsst_hardware_g -9.15993590704831 14.079999923706055 31.420000076293945 AB 10.938617527332626 1.0456069901383764
62624.0906 lsst_hardware_g 4.353781270539482 14.149999618530273 31.450000762939453 AB 13.360358698481676 1.0155720952059348
62624.1085 lsst_hardware_r 10.970188939666825 22.8700008392334 31.510000228881836 AB 13.642130543584345 1.0310732781788485
62629.0839 lsst_hardware_r -10.512065589039757 23.079999923706055 31.510000228881836 AB 10.496757169558801 1.020291326745586
62630.0051 lsst_hardware_z -18.304308217678624 41.81999969482422 30.940000534057617 AB 9.591973368204535 1.0561908645481226
62632.0703 lsst_hardware_z 16.266710722052952 44.77000045776367 30.969999313354492 AB 7.856966932844015 1.0164800085616355
62632.0895 lsst_hardware_g 11.45261242447697 34.86000061035156 31.68000030517578 AB 8.026156894842298 1.034565209440915
62635.0257 lsst_hardware_r -89.50019779009288 90.38999938964844 31.65999984741211 AB 5.980095948807299 1.0158713389819873
62635.0449 lsst_hardware_i -3.6269781600458826 76.75 31.34000015258789 AB 6.4467033931040225 1.0107983473651843
62638.0119 lsst_hardware_i -28.57811484910783 79.31999969482422 31.34000015258789 AB 9.337955585733106 1.0196500967168194
62638.0315 lsst_hardware_z -93.7331354911867 68.95999908447266 30.989999771118164 AB 9.144100781871565 1.0109843590891994
62643.0073 lsst_hardware_r 13.80865555617898 22.940000534057617 31.5 AB 4.668950320659029 1.014070657880751
62643.0264 lsst_hardware_i 19.706366826789367 30.389999389648438 31.25 AB 4.6849660397893995 1.0111437495948343
62647.0078 lsst_hardware_u 2.440904311730552 2.809999942779541 28.530000686645508 AB 5.735881378193276 1.010891282561334
62647.0265 lsst_hardware_g -18.021501032349057 14.460000038146973 31.469999313354492 AB 5.767589904800471 1.0148698455592717
62650.9893 lsst_hardware_r -11.727346169295895 22.889999389648438 31.510000228881836 AB 9.626570180360147 1.0125238159726686
62651.0089 lsst_hardware_i 5.309827485887137 30.360000610351562 31.260000228881836 AB 9.813681913092603 1.0121371610037373
62652.9813 lsst_hardware_z -92.90300804484046 40.77000045776367 30.950000762939453 AB 6.97484411040632 1.0134908617271605
62653.003 lsst_hardware_u 1.4534001627647 2.75 28.489999771118164 AB 6.881660124864574 1.0120088418918491
62657.9661 lsst_hardware_y 5.7685750041272135 47.06999969482422 30.049999237060547 AB 4.3609918534804875 1.0141841519722063
62657.9863 lsst_hardware_i -2.270011161093979 30.850000381469727 31.25 AB 4.348552999524149 1.0112913952381744
