data/validation/pwv_sim_epoch_fit_seasonal/52733942.ecsv
# %ECSV 0.9
# ---
# datatype:
# - {name: time, datatype: float64}
# - {name: band, datatype: string}
# - {name: flux, datatype: float64}
# - {name: fluxerr, datatype: float64}
# - {name: zp, datatype: float64}
# - {name: zpsys, datatype: string}
# - {name: pwv, datatype: float64}
# - {name: airmass, datatype: float64}
# meta: {SNID: '52733942', alt: 1024.0, c: -0.13834205269813538, dec: -44.597992, lat: -30.244573, lon: -70.7499537, ra: 154.152893, t0: 62635.58984375,
#   x0: 9.60740031274865e-06, x1: 1.135270595550537, z: 0.46717262268066406}
# schema: astropy-2.0
time band flux fluxerr zp zpsys pwv airmass
62499.3454 lsst_hardware_g -22.660554324789274 24.739999771118164 31.6200008392334 AB 7.062550582364829 1.0336952601402394
62499.3573 lsst_hardware_y 42.65574167649975 67.5 30.06999969482422 AB 7.0683677713045725 1.033135362431881
62501.3387 lsst_hardware_i 64.62260915626706 30.40999984741211 31.260000228881836 AB 6.058870921125165 1.033966424720547
62501.3511 lsst_hardware_y -85.47901901859554 52.11000061035156 30.059999465942383 AB 6.090771289617645 1.0330636816312249
62503.3449 lsst_hardware_i 21.6132889057982 30.520000457763672 31.25 AB 4.6256302558882165 1.0330063473900806
62503.3563 lsst_hardware_y -166.558044349566 57.540000915527344 30.059999465942383 AB 4.641055754546866 1.03548767392835
62505.3422 lsst_hardware_g -32.752527422269516 13.430000305175781 31.40999984741211 AB 2.882382506530462 1.033297188216692
62505.3531 lsst_hardware_y 23.27790849476502 49.86000061035156 30.049999237060547 AB 2.8269980877767122 1.0363845982134423
62507.3395 lsst_hardware_i 3.280616964965236 29.920000076293945 31.25 AB 7.818869924538463 1.033786239471811
62507.3515 lsst_hardware_y 105.45265246034926 48.90999984741211 30.049999237060547 AB 7.922541603391687 1.0382275771617369
62510.3493 lsst_hardware_i 25.007944363138737 30.459999084472656 31.260000228881836 AB 7.6391861490943676 1.0418729546647467
62510.3614 lsst_hardware_y 29.507303799690334 56.18000030517578 30.059999465942383 AB 7.738642455375651 1.0522084556801556
62512.3286 lsst_hardware_z -6.770825033561557 40.61000061035156 30.950000762939453 AB 7.655095240625598 1.03447232981427
62512.342 lsst_hardware_r 22.37867251910501 21.860000610351562 31.489999771118164 AB 6.69243398255384 1.04065215091803
62514.3285 lsst_hardware_u 2.5209120177044246 2.6600000858306885 28.459999084472656 AB 5.722694552744307 1.0363758207257807
62514.3404 lsst_hardware_g -5.293977769404691 13.109999656677246 31.399999618530273 AB 4.348911042200524 1.0433213215994859
62517.3196 lsst_hardware_r -28.063894919267586 21.670000076293945 31.489999771118164 AB 5.9955474245407 1.0360819846270704
62517.3322 lsst_hardware_z 56.73815827823384 40.779998779296875 30.950000762939453 AB 6.128957299545766 1.0433155672049987
62519.3201 lsst_hardware_r -39.51644600078991 65.44000244140625 31.639999389648438 AB 7.524269115673198 1.0389766798775473
62519.3331 lsst_hardware_y -20.272537733894197 50.209999084472656 30.040000915527344 AB 7.57794404418566 1.048596401450951
62521.3251 lsst_hardware_z -79.9271503547414 60.5 30.979999542236328 AB 11.302735908161234 1.046355851523913
62521.3375 lsst_hardware_r -20.554942263644133 85.12999725341797 31.649999618530273 AB 10.166530536117673 1.0590135975122577
62523.2841 lsst_hardware_z -8.229687059381167 58.81999969482422 30.989999771118164 AB 10.11717837615982 1.033085489149899
62523.296 lsst_hardware_r 29.057538384125394 77.44999694824219 31.65999984741211 AB 9.7500725130786 1.0338323097315874
62525.276 lsst_hardware_i -35.484460044612284 52.0099983215332 31.309999465942383 AB 9.793027952910776 1.0334195314197605
62525.2886 lsst_hardware_z -86.25712392079406 51.86000061035156 30.969999313354492 AB 9.8135647610854 1.0334600889251861
62527.2759 lsst_hardware_i -30.19409661748389 37.27000045776367 31.280000686645508 AB 13.110075454608289 1.0329332947394994
62527.2884 lsst_hardware_z 53.16829411583066 44.02000045776367 30.950000762939453 AB 13.132505247211242 1.0347005217591996
62529.2778 lsst_hardware_r -13.908380323903117 24.34000015258789 31.510000228881836 AB 12.14221126030197 1.0334822969913582
62529.2882 lsst_hardware_z -7.5353125591715004 40.97999954223633 30.940000534057617 AB 12.205011265830406 1.0366657360558102
62531.2814 lsst_hardware_r 32.28188102433785 21.540000915527344 31.469999313354492 AB 12.81134569485051 1.0360975086818043
62531.2924 lsst_hardware_u 0.6267834525169264 2.509999990463257 28.329999923706055 AB 11.640926419277967 1.0421832556035693
62533.2608 lsst_hardware_u -0.6616152020295113 2.680000066757202 28.479999542236328 AB 10.995286695737397 1.0329304770649754
62533.2719 lsst_hardware_g -26.54019531136711 12.970000267028809 31.399999618530273 AB 10.99920625138998 1.0346675891812975
62535.2658 lsst_hardware_r 7.689323366157338 21.520000457763672 31.479999542236328 AB 9.423261408913797 1.0344811719601643
62535.2783 lsst_hardware_i 1.4638436403196065 29.6200008392334 31.239999771118164 AB 9.474394595517195 1.040094548954408
62537.2628 lsst_hardware_z -11.458267843215648 40.529998779296875 30.940000534057617 AB 5.856990913352976 1.0352613191962696
62537.2748 lsst_hardware_r -6.475301753372841 21.6200008392334 31.479999542236328 AB 5.859690471816742 1.0413524918814328
62539.2522 lsst_hardware_u 3.2629986981829893 2.4700000286102295 28.299999237060547 AB 4.623734604471749 1.0338143330288985
62539.2653 lsst_hardware_g -9.596181533377553 12.770000457763672 31.360000610351562 AB 4.382583011129601 1.0388755335234026
62541.2597 lsst_hardware_r 11.402263174560101 21.579999923706055 31.479999542236328 AB 5.501650717772862 1.0387986375881038
62541.272 lsst_hardware_z 12.322800480004215 40.7599983215332 30.940000534057617 AB 5.528209661317948 1.047670813894747
62543.2589 lsst_hardware_r 17.45951439057779 21.68000030517578 31.479999542236328 AB 3.8250478603037457 1.0416797005184528
62543.2708 lsst_hardware_u 6.767608792192494 2.5799999237060547 28.389999389648438 AB 3.886162506550902 1.0517117358339005
62548.2516 lsst_hardware_i 42.761686639552494 58.83000183105469 31.31999969482422 AB 4.724484672511189 1.0465520207881245
62548.2624 lsst_hardware_z -108.73459812110168 56.09000015258789 30.979999542236328 AB 4.782430378419035 1.0573969956337919
62550.2519 lsst_hardware_r -11.838938666680413 101.05999755859375 31.65999984741211 AB 5.0313785008352205 1.0519294377660926
62550.2627 lsst_hardware_z 87.1530261809594 68.93000030517578 30.989999771118164 AB 5.083469109304114 1.0645451252403866
62552.1955 lsst_hardware_i 30.664041728415693 70.22000122070312 31.34000015258789 AB 3.726435707791043 1.0351210299419564
62552.2063 lsst_hardware_z -41.48808856208873 63.09000015258789 30.989999771118164 AB 3.7187872863446025 1.0329964684290562
62554.1988 lsst_hardware_z 23.144194570964512 51.439998626708984 30.969999313354492 AB 8.274968801867125 1.0331657402031535
62554.211 lsst_hardware_r 70.66133731426844 59.29999923706055 31.639999389648438 AB 8.373529267857705 1.0337690454145316
62559.1949 lsst_hardware_r 4.46167159880993 21.770000457763672 31.479999542236328 AB 6.889018658261006 1.0333398819906259
62559.2049 lsst_hardware_i -19.633246537503922 29.729999542236328 31.239999771118164 AB 6.9104544320001615 1.0360889736497112
62561.1847 lsst_hardware_z 17.566338453998814 40.4900016784668 30.950000762939453 AB 4.020580093664313 1.0329485553646431
62561.1956 lsst_hardware_r -37.718832116898156 21.770000457763672 31.479999542236328 AB 3.9848984692706564 1.034725010413465
62563.1788 lsst_hardware_u 1.6927328694886583 2.640000104904175 28.43000030517578 AB 5.651228508241167 1.0329425165858466
62563.192 lsst_hardware_g 15.32111196592864 13.119999885559082 31.399999618530273 AB 5.622925970843138 1.035338974561432
62566.1813 lsst_hardware_r -16.796113635474377 21.780000686645508 31.479999542236328 AB 8.069369870197294 1.0345345987432428
62566.1925 lsst_hardware_z 40.76361331689526 40.689998626708984 30.940000534057617 AB 8.107418567517387 1.0394126368612036
62571.1629 lsst_hardware_z -5.365841992557203 40.4900016784668 30.940000534057617 AB 7.887386488780838 1.0334625902490335
62571.1751 lsst_hardware_g 4.446185541522057 13.170000076293945 31.389999389648438 AB 9.176957265118897 1.0374132110692944
62575.1633 lsst_hardware_z -77.79349339989248 46.66999816894531 30.959999084472656 AB 10.196041212104555 1.036999792733561
62575.1763 lsst_hardware_r -27.407039687200076 46.029998779296875 31.6200008392334 AB 10.762582912541447 1.0452492307421546
62578.1429 lsst_hardware_z -58.34360324708566 89.47000122070312 31.739999771118164 AB 6.355494375434206 1.0333297090373474
62580.1363 lsst_hardware_r 50.935656535446434 106.83000183105469 31.65999984741211 AB 4.839444726840386 1.0331863208454624
62580.149 lsst_hardware_z -83.39987258197421 72.0199966430664 30.989999771118164 AB 4.932917649524025 1.036708380081758
62584.1311 lsst_hardware_g -1.3812653501049208 42.869998931884766 31.700000762939453 AB 5.58496360068275 1.0342525186449536
62584.1441 lsst_hardware_r 2.3702446882237878 44.63999938964844 31.6200008392334 AB 5.615263550655233 1.0398636204917098
62587.1268 lsst_hardware_i -3.7933465270831124 29.84000015258789 31.239999771118164 AB 7.144717862820172 1.0354663569304596
62587.1387 lsst_hardware_z -3.045795455463624 40.81999969482422 30.940000534057617 AB 7.187420319741658 1.0416551188031389
62591.1174 lsst_hardware_g -3.6994223473208265 13.140000343322754 31.389999389648438 AB 5.335225555915255 1.036049950173662
62591.1295 lsst_hardware_i -13.49820926702024 29.809999465942383 31.239999771118164 AB 5.286285135039879 1.0428654833379285
62594.1086 lsst_hardware_r 8.082314406148905 21.729999542236328 31.469999313354492 AB 7.345191792968471 1.0358105824739414
62594.1203 lsst_hardware_z 36.74879849476922 40.4900016784668 30.940000534057617 AB 7.264209118795801 1.0421484777996248
62598.101 lsst_hardware_g -0.7012546327571322 13.229999542236328 31.40999984741211 AB 10.659040916466601 1.0372416474553117
62598.1135 lsst_hardware_r 7.797371178978162 21.899999618530273 31.489999771118164 AB 10.741418937251026 1.045257932847419
62600.0943 lsst_hardware_i -22.81217285865359 30.100000381469727 31.25 AB 7.366093891857041 1.0366749548739767
62600.1067 lsst_hardware_z 54.43929807040344 40.880001068115234 30.940000534057617 AB 7.358465224903978 1.044198272300788
62602.0623 lsst_hardware_z -3.3520931788067796 42.5 30.959999084472656 AB 3.315345814081303 1.034160378709967
62602.0733 lsst_hardware_r -16.871743339669308 30.09000015258789 31.56999969482422 AB 3.224181410371626 1.0329776244682822
62616.0306 lsst_hardware_z 326.59582427934504 44.40407860443099 30.950000762939453 AB 13.581751460052097 1.0330815882191222
62616.042 lsst_hardware_r 890.4620673867881 36.218260313773925 31.489999771118164 AB 14.092416350337396 1.033850513560076
62618.0276 lsst_hardware_u -5.615892761706141 4.483860562360865 28.360000610351562 AB 4.756789490123101 1.0329618871059936
62618.0387 lsst_hardware_g 584.4107800579119 27.61850887544616 31.3700008392334 AB 4.757708129488859 1.0343780696415672
62620.0257 lsst_hardware_r 1664.9798592756142 46.62184141369119 31.489999771118164 AB 8.84305528530388 1.0330672062270887
62620.0368 lsst_hardware_z 713.5827439038915 48.27051306658493 30.950000762939453 AB 8.855454140685971 1.0355136832444787
62622.0202 lsst_hardware_r 2155.008837157744 51.191930830942745 31.5 AB 11.037433278509328 1.0330644984175332
62622.0317 lsst_hardware_u -11.290455720950733 4.457753702282038 28.459999084472656 AB 11.028611869283802 1.0356476541725799
62623.0221 lsst_hardware_g 1353.8183752356676 38.67169955395481 31.420000076293945 AB 9.082429500257113 1.033689824284505
62623.0337 lsst_hardware_r 2336.0484743265956 53.392906983327784 31.5 AB 9.111411932888652 1.0377166860725664
62625.0174 lsst_hardware_i 1666.8576820249182 50.53225887898548 31.260000228881836 AB 11.331472664961424 1.0338463268063889
62625.0295 lsst_hardware_z 1092.4951965133562 52.439021447530834 30.950000762939453 AB 11.461511879853557 1.038368534141471
62627.0158 lsst_hardware_r 3131.2140069979214 59.86027844875056 31.489999771118164 AB 3.001128902924117 1.0348720354910748
62627.0273 lsst_hardware_u 23.56037431702 5.482519962257728 28.469999313354492 AB 3.0167249743136697 1.0402499911426448
62631.0018 lsst_hardware_z 1538.7396638061514 56.92772961962671 30.950000762939453 AB 7.82669766494914 1.034023692385662
62631.0138 lsst_hardware_g 2341.2080327299136 53.42937439592558 31.610000610351562 AB 7.87295880170269 1.0387402764142875
62633.0036 lsst_hardware_r 4018.8108552221465 78.09123124182273 31.6200008392334 AB 10.567126850443392 1.0364246720882127
62633.016 lsst_hardware_z 1690.2656505697867 61.32012274387076 30.959999084472656 AB 10.611310565970816 1.0437525762032969
62636.9936 lsst_hardware_r 4032.3202670846854 104.98361226584986 31.65999984741211 AB 7.642466851753818 1.0368290397169744
62637.0049 lsst_hardware_y 626.8406590782671 57.40777304828678 30.049999237060547 AB 5.499609710729663 1.0436187126010725
62638.9992 lsst_hardware_g 1808.5522758061477 98.21801948508757 31.729999542236328 AB 7.775366932747948 1.0434399820283535
62639.0107 lsst_hardware_r 3896.445345339814 102.13991887635065 31.649999618530273 AB 7.661433308549007 1.0538422707770299
62643.9904 lsst_hardware_r 2953.1738212851938 58.58737607005182 31.489999771118164 AB 1.9952666058921693 1.047384045087753
62644.0018 lsst_hardware_u 4.667549298625223 3.7574218877801737 28.420000076293945 AB 1.4017116323698138 1.0592279337807158
62863.3425 lsst_hardware_r -5.490882445556292 22.399999618530273 31.5 AB 5.799589871103742 1.0355177724860867
62863.354 lsst_hardware_y 43.999343248068655 55.529998779296875 30.059999465942383 AB 5.821947962223503 1.0330234444282425
62866.3442 lsst_hardware_g 6.728382769568613 14.0 31.420000076293945 AB 6.04298891172452 1.033166167160971
62866.3573 lsst_hardware_z 167.4706868068918 54.279998779296875 30.979999542236328 AB 6.057338736959228 1.033969627930415
62868.3363 lsst_hardware_i -8.216543833023584 29.81999969482422 31.239999771118164 AB 4.6315037389014 1.0335102065385453
62868.3506 lsst_hardware_y -12.16844556232474 48.900001525878906 30.049999237060547 AB 4.600495328313458 1.0337030284942044
62870.3392 lsst_hardware_r 3.822185120412162 21.989999771118164 31.489999771118164 AB 2.8143494065283963 1.0329783103425936
62870.352 lsst_hardware_y -80.08324971149968 49.9900016784668 30.049999237060547 AB 2.82639011583296 1.0356871073041263
62879.3458 lsst_hardware_y 85.46821691235708 72.33999633789062 30.799999237060547 AB 4.387722184185098 1.0471474127962526
62883.326 lsst_hardware_z 15.179834712844757 42.33000183105469 30.959999084472656 AB 2.7723610578113127 1.0404807873189463
62883.3379 lsst_hardware_r -17.675937122839834 28.790000915527344 31.56999969482422 AB 2.414792579123004 1.0499098170100019
62891.277 lsst_hardware_r -12.108744280852804 21.56999969482422 31.489999771118164 AB 9.632062613306001 1.0330766808450895
62891.2896 lsst_hardware_u -2.5351708453160455 2.6500000953674316 28.459999084472656 AB 9.629915789114555 1.0341126783660828
62893.2763 lsst_hardware_r -21.018705525009548 21.700000762939453 31.5 AB 11.889986674567695 1.0329836964959915
62893.2873 lsst_hardware_i 16.238991541217924 29.719999313354492 31.25 AB 11.924664149415051 1.0350222763390615
62895.2751 lsst_hardware_z -45.904032537817294 40.66999816894531 30.950000762939453 AB 11.59268176971369 1.033400050785674
62895.2872 lsst_hardware_r 12.98137675494604 21.75 31.5 AB 11.619520341979792 1.037163927637703
62897.2642 lsst_hardware_r 9.422611386230816 21.799999237060547 31.510000228881836 AB 11.852284790619567 1.0329538636606492
62897.2756 lsst_hardware_u 1.4210905417379218 2.7899999618530273 28.56999969482422 AB 11.87534486813499 1.0347757210007615
62906.2313 lsst_hardware_z -12.866623851401993 65.22000122070312 30.989999771118164 AB 5.497554351111655 1.0337635109273466
62906.2434 lsst_hardware_i -26.99829939198405 74.18000030517578 31.34000015258789 AB 5.5211750940944295 1.0331862447234064
62910.2684 lsst_hardware_y -3.1849941820020837 69.1500015258789 30.799999237060547 AB 5.61037273968317 1.0542015388597186
62917.2455 lsst_hardware_u 2.471142895832917 2.7100000381469727 28.489999771118164 AB 3.4661121241924855 1.0503370073310563
62917.2558 lsst_hardware_r 12.745706833273317 22.020000457763672 31.5 AB 2.8752074478879317 1.0618110843434228
62919.1908 lsst_hardware_u -1.6733831736944722 2.630000114440918 28.440000534057617 AB 8.285729581975536 1.0351231584374208
62919.2019 lsst_hardware_g 15.114651322889939 13.130000114440918 31.40999984741211 AB 8.269876021076959 1.0330027923233909
