data/validation/pwv_sim_epoch_fit_seasonal/52798772.ecsv
# %ECSV 0.9
# ---
# datatype:
# - {name: time, datatype: float64}
# - {name: band, datatype: string}
# - {name: flux, datatype: float64}
# - {name: fluxerr, datatype: float64}
# - {name: zp, datatype: float64}
# - {name: zpsys, datatype: string}
# - {name: pwv, datatype: float64}
# - {name: airmass, datatype: float64}
# meta: {SNID: '52798772', alt: 1024.0, c: -0.02377900294959545, dec: -32.442867, lat: -30.244573, lon: -70.7499537, ra: 62.402344, t0: 62080.08984375,
#   x0: 3.1073007827365087e-06, x1: 0.8795348405838013, z: 0.7449048161506653}
# schema: astropy-2.0
time band flux fluxerr zp zpsys pwv airmass
[from data line 132]
62413.1705 lsst_hardware_g -11.587674826751373 13.119999885559082 31.209999084472656 AB 3.4242062880517854 1.547430724434037
62414.2157 lsst_hardware_r 40.175441857835835 22.43000030517578 31.450000762939453 AB 8.254889499258855 1.2268847410342614
62414.2377 lsst_hardware_i 27.55790872615647 30.59000015258789 31.229999542236328 AB 7.708329877587606 1.1404963754522073
62416.1929 lsst_hardware_i 32.97250379080221 32.130001068115234 31.209999084472656 AB 5.949929428897444 1.3175706430482688
62416.2119 lsst_hardware_z -38.80954343548135 43.20000076293945 30.93000030517578 AB 4.905830125535907 1.2193446873744502
62418.2181 lsst_hardware_g -17.926991687860582 13.100000381469727 31.350000381469727 AB 3.650904115210692 1.171256500000951
62418.2396 lsst_hardware_r 35.059094645368766 21.989999771118164 31.479999542236328 AB 3.3733342987475274 1.1019466880353117
62420.1945 lsst_hardware_r -1.2060477179864035 22.56999969482422 31.440000534057617 AB 4.818526155858511 1.2498338637018445
62420.2131 lsst_hardware_i -29.98718120584059 30.889999389648438 31.229999542236328 AB 4.210281444931814 1.1695226235921705
62423.179 lsst_hardware_g 34.98653214164223 21.43000030517578 31.479999542236328 AB 10.412405020625254 1.28786704027543
62423.196 lsst_hardware_r -0.14472896095996618 26.329999923706055 31.489999771118164 AB 9.837412004677171 1.205269787390182
62427.2167 lsst_hardware_z 8.992323560265007 69.44000244140625 31.719999313354492 AB 5.462688964296291 1.0974764368249705
62429.2086 lsst_hardware_r 69.98462315671895 73.80999755859375 31.6299991607666 AB 1.2169849682778218 1.1045926646498172
62429.2277 lsst_hardware_i 82.5458348293614 58.45000076293945 31.31999969482422 AB 1.1753979714875245 1.0596330597138914
62433.1875 lsst_hardware_i -170.52846989306835 70.05000305175781 31.31999969482422 AB 2.837545515539569 1.1350182062158276
62433.2059 lsst_hardware_z -37.82986792389873 62.369998931884766 30.979999542236328 AB 2.399856978084079 1.0834161144060206
62435.1852 lsst_hardware_i -28.98846070068417 53.849998474121094 31.309999465942383 AB 1.422434355295219 1.125046945923294
62435.203 lsst_hardware_z 6.422876493675533 52.900001525878906 30.969999313354492 AB 1.3744009699761195 1.0773981996158077
62437.1888 lsst_hardware_g -11.296015959759004 31.219999313354492 31.639999389648438 AB 2.243551868875398 1.0990619867120883
62437.2062 lsst_hardware_r 9.898548506961918 40.709999084472656 31.610000610351562 AB 2.2044023173036322 1.0589602805301677
62440.1887 lsst_hardware_u -0.29542938905943267 2.630000114440918 28.40999984741211 AB 3.6903714628993765 1.078898249641683
62440.2075 lsst_hardware_g 17.562287284733088 13.079999923706055 31.399999618530273 AB 3.4468232393603153 1.0419659127449563
62454.1267 lsst_hardware_i 3.340518556058416 37.310001373291016 31.270000457763672 AB 5.7037440767721606 1.1465196308296077
62454.1454 lsst_hardware_z -43.739367242819114 44.18000030517578 30.950000762939453 AB 5.4384955448929935 1.0912274109406628
62456.1373 lsst_hardware_z -34.857390069935576 48.290000915527344 30.959999084472656 AB 6.484994107615591 1.0980658853024847
62456.1447 lsst_hardware_r -8.586134947726622 49.900001525878906 31.6200008392334 AB 6.277172881853275 1.0796341490932966
62458.1241 lsst_hardware_y 25.70818803804393 51.70000076293945 30.020000457763672 AB 6.227543396033241 1.1198939120695173
62458.1411 lsst_hardware_r 10.148169243312513 68.75 31.639999389648438 AB 4.960342849925969 1.0753547991820436
62460.1145 lsst_hardware_z 18.23175605958614 94.63999938964844 31.729999542236328 AB 6.516113074197019 1.132711740792117
62461.1083 lsst_hardware_z 20.077570001355063 68.38999938964844 30.979999542236328 AB 3.8562055003572495 1.1441048806872984
62461.126 lsst_hardware_r -103.07462538533667 97.5 31.649999618530273 AB 3.135012652430578 1.0919584299656064
62463.1115 lsst_hardware_i -16.979714960028097 64.55999755859375 31.309999465942383 AB 7.646781660098299 1.1167668275728142
62463.1289 lsst_hardware_z 18.854425177795324 59.279998779296875 30.979999542236328 AB 7.0759374788083695 1.0721117392133894
62468.1296 lsst_hardware_r 3.9174674167979577 21.889999389648438 31.489999771118164 AB 4.4215478530652 1.044357331695353
62468.1467 lsst_hardware_i -11.035990186013988 29.719999313354492 31.25 AB 4.262317680085453 1.02071067972524
62473.1325 lsst_hardware_z -14.276999489637808 40.40999984741211 30.950000762939453 AB 6.610928521521076 1.0213200906587336
62473.148 lsst_hardware_u -1.1219123789845455 2.6600000858306885 28.469999313354492 AB 6.520912189614394 1.0076941428673933
62479.0437 lsst_hardware_y 80.50801416400896 50.33000183105469 30.0 AB 6.445591535818709 1.2027227247679133
62479.067 lsst_hardware_z 40.16427974437875 42.0099983215332 30.950000762939453 AB 5.992091688690398 1.1191803677045944
62481.0436 lsst_hardware_y 41.55940309061587 50.150001525878906 30.010000228881836 AB 11.713211414386558 1.1808466376490245
62481.0668 lsst_hardware_z 28.65246249986139 42.099998474121094 30.940000534057617 AB 11.060942644375318 1.1041068720678098
62483.0449 lsst_hardware_y -0.8807450047677295 50.810001373291016 30.020000457763672 AB 13.096664473952817 1.1556220307024956
62483.0676 lsst_hardware_r 13.507629605864743 32.63999938964844 31.56999969482422 AB 12.422294680010525 1.0877666094580145
62485.0556 lsst_hardware_z 83.0160286121712 68.80000305175781 31.709999084472656 AB 8.490887870785752 1.1048724178151907
62487.0438 lsst_hardware_y -65.01028127185782 54.09000015258789 30.030000686645508 AB 12.253796490108762 1.1232740388769498
62487.0653 lsst_hardware_z 33.28158602688945 53.72999954223633 30.969999313354492 AB 11.667739923884143 1.0679283263792911
62489.046 lsst_hardware_y -48.95657481364432 55.97999954223633 30.040000915527344 AB 4.549323051488769 1.1012643552383086
62489.068 lsst_hardware_i -82.52824962318101 67.91000366210938 31.329999923706055 AB 4.372883066295111 1.0518059089105867
62491.0458 lsst_hardware_y 22.26633401008746 56.619998931884766 30.040000915527344 AB 4.857026097272595 1.0876576999509422
62491.0683 lsst_hardware_i 15.744270948442509 68.69999694824219 31.329999923706055 AB 4.659930701130482 1.0418879546413655
62493.0445 lsst_hardware_y -1.9613974415806454 50.84000015258789 30.040000915527344 AB 5.256749242567445 1.0777180159709105
62493.0676 lsst_hardware_g -91.83125614959557 43.93000030517578 31.700000762939453 AB 5.050401406195846 1.0345649859056016
62495.0459 lsst_hardware_y 37.1647287611638 51.18000030517578 30.049999237060547 AB 7.56208789375667 1.0628373708723358
62495.0678 lsst_hardware_i 8.969126530789527 29.56999969482422 31.25 AB 7.284137607370081 1.0268508445144269
62497.0453 lsst_hardware_z -40.170253298810955 45.16999816894531 30.959999084472656 AB 6.601274308230134 1.0533808286959163
62497.0676 lsst_hardware_u -0.7467697525444552 2.6500000953674316 28.450000762939453 AB 6.465626709797378 1.020619843693351
62499.0447 lsst_hardware_y -14.800854425103172 53.61000061035156 30.059999465942383 AB 8.653966096947725 1.0447864417418475
62499.0648 lsst_hardware_r 15.047854295266434 21.540000915527344 31.489999771118164 AB 8.322585116996366 1.0178042212298355
62501.045 lsst_hardware_y 15.492952146623164 50.869998931884766 30.059999465942383 AB 7.7689509475374985 1.0356760061594603
62501.0683 lsst_hardware_z -37.06816411041456 40.25 30.950000762939453 AB 7.5785085427682395 1.0099403923864219
