data/validation/pwv_sim_epoch_fit_seasonal/52799317.ecsv
# %ECSV 0.9
# ---
# datatype:
# - {name: time, datatype: float64}
# - {name: band, datatype: string}
# - {name: flux, datatype: float64}
# - {name: fluxerr, datatype: float64}
# - {name: zp, datatype: float64}
# - {name: zpsys, datatype: string}
# - {name: pwv, datatype: float64}
# - {name: airmass, datatype: float64}
# meta: {SNID: '52799317', alt: 1024.0, c: -0.10487488657236099, dec: -7.481631, lat: -30.244573, lon: -70.7499537, ra: 244.160156, t0: 61857.10546875,
#   x0: 2.545878651376537e-06, x1: 0.3312893509864807, z: 0.8071973323822021}
# schema: astropy-2.0
time band flux fluxerr zp zpsys pwv airmass
[from data line 132]
62290.1688 lsst_hardware_i 19.391292857925766 34.599998474121094 31.270000457763672 AB 10.376569671795561 1.0849612789413778
62290.1885 lsst_hardware_z 10.565334839067113 43.959999084472656 30.950000762939453 AB 10.383309719396639 1.086954049765833
62303.1377 lsst_hardware_u 2.9625279200637866 3.8499999046325684 29.15999984741211 AB 8.464632638491963 1.0840627078400291
62303.1597 lsst_hardware_g -5.109282128027702 21.059999465942383 32.18000030517578 AB 8.515490230255692 1.091193246514195
62309.1381 lsst_hardware_z -3.619881750251143 60.220001220703125 30.969999313354492 AB 2.855033592544667 1.0877354386302187
62309.1587 lsst_hardware_r -19.3523460275494 75.16999816894531 31.6299991607666 AB 2.9027551900684005 1.1080275560906194
62311.131 lsst_hardware_i -94.31595533369102 112.25 31.329999923706055 AB 3.896639946628452 1.0868783264269775
62311.1544 lsst_hardware_z -67.16294806105098 90.69999694824219 30.989999771118164 AB 3.922839697339271 1.1097142000959748
62313.108 lsst_hardware_z -35.09737750894067 84.37000274658203 30.989999771118164 AB 5.240199942711086 1.0844597622235583
62313.1321 lsst_hardware_r 88.00254241990109 127.75 31.649999618530273 AB 6.586999972769489 1.090969313530618
62320.1632 lsst_hardware_r -39.57192190200603 34.08000183105469 32.220001220703125 AB 7.323306107678549 1.1862806869889657
62320.1934 lsst_hardware_i -87.37539543329483 51.380001068115234 31.979999542236328 AB 8.762072634394018 1.3144916377592946
62324.1258 lsst_hardware_z -35.26546984007284 60.27000045776367 31.690000534057617 AB 2.0177856598825383 1.1209920332680767
62324.145 lsst_hardware_r 25.227811920774144 34.13999938964844 32.2400016784668 AB 2.096231670272039 1.1645731501511327
62329.0486 lsst_hardware_g 6.767220906495359 14.8100004196167 31.43000030517578 AB 9.049145799831868 1.0927930199356177
62329.0694 lsst_hardware_i -21.848864433229966 31.399999618530273 31.25 AB 8.950818089211504 1.0838965959325635
62331.0513 lsst_hardware_z 76.6311520232889 59.720001220703125 31.700000762939453 AB 7.805478754987716 1.0872149811943146
62331.0728 lsst_hardware_r -80.73471701922713 33.58000183105469 32.25 AB 7.756321094775378 1.0853820595809156
62333.0508 lsst_hardware_u -3.2076041798432313 2.940000057220459 28.469999313354492 AB 4.2281896503118945 1.0851482302915656
62333.0702 lsst_hardware_g -17.465456193333544 15.680000305175781 31.459999084472656 AB 4.228883366706234 1.0865346408409122
62335.0444 lsst_hardware_r 73.78904657392923 33.060001373291016 31.56999969482422 AB 2.38150750749222 1.0854637682279944
62335.0666 lsst_hardware_i 0.2376346991123989 36.220001220703125 31.270000457763672 AB 2.38353577224781 1.0874621423075705
62344.0167 lsst_hardware_i -36.440739414546904 55.5099983215332 31.309999465942383 AB 4.839384221642426 1.0867694187384744
62344.0361 lsst_hardware_z 18.87098044613012 56.54999923706055 30.969999313354492 AB 4.973086626556927 1.084997627698686
62346.0162 lsst_hardware_r 33.16433781746473 24.190000534057617 31.510000228881836 AB 4.818774448992511 1.0848819607119966
62346.0353 lsst_hardware_u 0.8175353600222218 2.809999942779541 28.469999313354492 AB 4.8029225187655 1.0868184689178395
62349.0058 lsst_hardware_g 27.842529917784343 14.970000267028809 31.440000534057617 AB 3.9294210142715387 1.0856003723093925
62349.0258 lsst_hardware_i -20.161275269418812 31.549999237060547 31.239999771118164 AB 3.929851912972588 1.0862195774656467
62353.0004 lsst_hardware_u -0.683883351432368 2.6700000762939453 28.350000381469727 AB 0.9020318616895857 1.0841729106845983
62353.0209 lsst_hardware_g -9.949917437653982 15.210000038146973 31.440000534057617 AB 0.9479133795579162 1.08955560868726
62354.9775 lsst_hardware_z -25.835502876444558 43.599998474121094 30.950000762939453 AB 3.4928664454636627 1.0928868727983925
62354.998 lsst_hardware_r 19.895490048026016 24.329999923706055 31.510000228881836 AB 3.4435731504108906 1.0839071924491315
62356.9767 lsst_hardware_y 15.262247234744143 49.72999954223633 30.030000686645508 AB 3.731192851269927 1.0893463630781743
62356.996 lsst_hardware_z 14.361195100448525 42.58000183105469 30.950000762939453 AB 3.6982620586755943 1.0840574699327552
62360.9709 lsst_hardware_y 22.778544815991296 60.75 30.049999237060547 AB 4.124554708169343 1.0864813192417462
62360.9918 lsst_hardware_u 1.5031515456234188 2.990000009536743 28.540000915527344 AB 4.255747090867196 1.0857190103621903
62362.9717 lsst_hardware_y 36.436889622853016 61.279998779296875 30.049999237060547 AB 4.7990962723053325 1.0844189972444542
62362.9906 lsst_hardware_i -41.60169325664017 34.040000915527344 31.260000228881836 AB 4.816125514586184 1.0877139663680615
62364.9726 lsst_hardware_y -12.34129606612743 89.04000091552734 30.799999237060547 AB 4.376193914539023 1.08393178200273
62364.991 lsst_hardware_r -112.78695971498374 72.51000213623047 32.369998931884766 AB 4.391041687501122 1.0916652906690452
