data/validation/pwv_sim_epoch_fit_seasonal/52826940.ecsv
# %ECSV 0.9
# ---
# datatype:
# - {name: time, datatype: float64}
# - {name: band, datatype: string}
# - {name: flux, datatype: float64}
# - {name: fluxerr, datatype: float64}
# - {name: zp, datatype: float64}
# - {name: zpsys, datatype: string}
# - {name: pwv, datatype: float64}
# - {name: airmass, datatype: float64}
# meta: {SNID: '52826940', alt: 1024.0, c: -0.04872780293226242, dec: -34.228867, lat: -30.244573, lon: -70.7499537, ra: 235.371094, t0: 62214.1875,
#   x0: 1.5007391089976886e-05, x1: 0.4214990735054016, z: 0.3876960277557373}
# schema: astropy-2.0
time band flux fluxerr zp zpsys pwv airmass
[from data line 133]
62580.2692 lsst_hardware_r -16.267443208255212 98.95999908447266 31.639999389648438 AB 5.589403410870024 1.1236110987777657
62582.2518 lsst_hardware_i -63.53382250525758 83.44999694824219 31.31999969482422 AB 6.1092079467405105 1.1628280650469514
62582.2703 lsst_hardware_r -55.27616196259357 101.41999816894531 31.649999618530273 AB 5.770250884693981 1.1049357814532015
62584.2608 lsst_hardware_z -109.28286347079558 94.29000091552734 31.729999542236328 AB 6.813613700244304 1.1162081664814405
62589.2607 lsst_hardware_r -14.04088205962281 23.889999389648438 31.510000228881836 AB 8.603734472562417 1.0811428088165997
62589.2805 lsst_hardware_u 0.6764075023361515 2.8399999141693115 28.510000228881836 AB 8.320205515827892 1.0427956153317115
62591.253 lsst_hardware_g 11.96466236701501 14.760000228881836 31.420000076293945 AB 4.977669043706289 1.0864121882918731
62591.2711 lsst_hardware_i -18.062545938638454 31.040000915527344 31.25 AB 4.821282593624953 1.0493024851460626
62594.2627 lsst_hardware_z 57.32268302446992 41.369998931884766 30.940000534057617 AB 6.272004373189055 1.0496639258924687
62594.2811 lsst_hardware_r -3.04087034949963 23.440000534057617 31.5 AB 6.133995704961589 1.0235694305555194
62596.2571 lsst_hardware_u -1.4274482977709568 2.7100000381469727 28.420000076293945 AB 7.2436498016217366 1.0499057592455894
62596.2764 lsst_hardware_g -9.033698772356516 14.720000267028809 31.450000762939453 AB 6.940904828347304 1.022726644648424
62600.2335 lsst_hardware_i 45.17048619761555 31.280000686645508 31.239999771118164 AB 7.961869628205775 1.0747664184943
62600.2515 lsst_hardware_z 43.750729045159275 41.38999938964844 30.950000762939453 AB 5.417262902429971 1.0411806462483126
62602.1708 lsst_hardware_i -85.07044313189206 35.41999816894531 31.239999771118164 AB 4.211945457473128 1.2782515740542104
62602.1894 lsst_hardware_z -61.42434374071113 43.849998474121094 30.940000534057617 AB 3.928379232082441 1.1924656173477004
62604.1658 lsst_hardware_i -27.162983122620364 42.18000030517578 31.260000228881836 AB 10.746294663106493 1.2758400787264694
62604.1842 lsst_hardware_z 0.3106940988299225 47.599998474121094 30.950000762939453 AB 11.852652621415025 1.1914209369825792
62606.1811 lsst_hardware_r 29.855749129257138 60.0 31.610000610351562 AB 11.703051391161907 1.1821264031476673
62606.1997 lsst_hardware_z 91.69416225847269 51.869998931884766 30.969999313354492 AB 11.080295285663341 1.1192217460266
62614.1372 lsst_hardware_r 33.94584856807463 57.2599983215332 32.29999923706055 AB 7.018201705179013 1.2826833053420477
62614.1623 lsst_hardware_z 37.840115423664265 71.55000305175781 31.700000762939453 AB 6.215373170440291 1.1706136492025305
62616.1737 lsst_hardware_z -33.68616411932428 42.58000183105469 30.940000534057617 AB 14.161107455821796 1.1154503887220555
62616.194 lsst_hardware_r 5.198475375448345 23.729999542236328 31.5 AB 13.522413040990008 1.0659109698287523
62618.1594 lsst_hardware_u 1.0106067648457666 2.680000066757202 28.350000381469727 AB 5.225575677820746 1.1426185884447697
62618.1776 lsst_hardware_g -23.585954102488742 14.850000381469727 31.43000030517578 AB 3.8222493584642656 1.0905133690341078
62620.1584 lsst_hardware_r -36.53815499983945 34.029998779296875 32.2400016784668 AB 9.356251832478652 1.1284488867756552
62620.1769 lsst_hardware_z 105.25117239366749 59.470001220703125 31.700000762939453 AB 10.564238704452057 1.079231632273928
62623.1603 lsst_hardware_g -8.255671596915164 15.010000228881836 31.459999084472656 AB 8.256846020698127 1.0997885744392124
62623.1803 lsst_hardware_r 14.46432326479204 23.889999389648438 31.520000457763672 AB 8.275005972223754 1.055418145810099
62625.1569 lsst_hardware_i 1.9006122960040124 31.6200008392334 31.25 AB 11.047710884759828 1.0944829487576608
62625.1773 lsst_hardware_z -27.58865019938866 41.540000915527344 30.950000762939453 AB 9.623447968969494 1.0509963380079586
62627.1614 lsst_hardware_r 8.446823419646652 24.170000076293945 31.520000457763672 AB 3.65159934204713 1.0712691204910416
62627.1829 lsst_hardware_u -1.8424426400830793 2.880000114440918 28.549999237060547 AB 3.377767624435657 1.033694060318981
62631.1602 lsst_hardware_g 5.615750795648313 17.280000686645508 31.5 AB 7.424173299363446 1.052265748448135
62631.1792 lsst_hardware_i 22.444542157362022 31.0 31.25 AB 6.4527620881449606 1.024573211836291
62633.1593 lsst_hardware_z 26.04329206920143 44.97999954223633 30.959999084472656 AB 13.572870939623673 1.0445156014152785
62633.1791 lsst_hardware_r -11.390140854578377 38.349998474121094 31.610000610351562 AB 11.904081920664511 1.0188652466974848
62637.1674 lsst_hardware_y -126.67072926062292 88.94999694824219 30.81999969482422 AB 5.485490582356637 1.0196395022813343
62639.0868 lsst_hardware_z 93.07760847157104 156.47000122070312 31.739999771118164 AB 10.22502298614622 1.19890052991625
62644.0757 lsst_hardware_i 4.101728822278278 32.61000061035156 31.229999542236328 AB 2.313797392796834 1.188594551094264
62644.097 lsst_hardware_z -29.475413194434687 42.65999984741211 30.940000534057617 AB 2.849972553939299 1.1161772404462007
62649.0425 lsst_hardware_r -14.468579259989218 24.780000686645508 31.469999313354492 AB 9.33253994038873 1.278138316419365
62649.0748 lsst_hardware_u 3.189330325553993 2.7300000190734863 28.389999389648438 AB 8.461106041644014 1.1424920951922102
62652.0592 lsst_hardware_z 9.990246557629277 43.220001220703125 30.940000534057617 AB 10.717810166143988 1.1682173596538417
62652.0871 lsst_hardware_u -2.2893195194860847 2.6700000762939453 28.360000610351562 AB 9.543322249971714 1.0848793766546605
62657.05 lsst_hardware_i -40.718178612302054 32.5099983215332 31.239999771118164 AB 10.947994517560403 1.152420475532674
62657.0693 lsst_hardware_u 1.1696222025601426 2.7100000381469727 28.3700008392334 AB 10.420384255162523 1.0950670472808262
62675.9668 lsst_hardware_y -18.715436529519145 50.7400016784668 29.959999084472656 AB 5.995601157315599 1.2886837522442272
62675.9857 lsst_hardware_g -21.67716272715282 14.869999885559082 31.399999618530273 AB 5.588321023137584 1.1992105199866059
62677.9688 lsst_hardware_z 60.08126265298904 45.22999954223633 30.93000030517578 AB 7.936518359055524 1.2504361681196667
62677.9905 lsst_hardware_i -12.595349977812992 32.11000061035156 31.239999771118164 AB 7.419762543391717 1.1599571453601611
62679.9666 lsst_hardware_y 4.2330831651974545 49.88999938964844 29.979999542236328 AB 7.850872141072051 1.234964026071091
62679.9866 lsst_hardware_r 4.334590933537332 23.969999313354492 31.479999542236328 AB 7.336579251689611 1.1544880670916537
62681.9666 lsst_hardware_y -38.00921744820393 49.939998626708984 29.989999771118164 AB 1.9148045899778154 1.2106246090477486
62681.986 lsst_hardware_r -9.407269400082255 23.979999542236328 31.489999771118164 AB 1.8496592086792984 1.1382518207257222
62685.9672 lsst_hardware_y 107.11914184774781 49.38999938964844 30.010000228881836 AB 9.558502633036165 1.1651737225618535
62685.9877 lsst_hardware_z 25.326340052274425 42.22999954223633 30.940000534057617 AB 9.04000693944505 1.1013318234026734
62687.9689 lsst_hardware_y 57.53501710786229 49.86000061035156 30.020000457763672 AB 7.475309507434536 1.1405720945124227
62687.9907 lsst_hardware_u 1.2299577661741343 3.2899999618530273 28.59000015258789 AB 7.053926870344464 1.0804544374059561
62693.9683 lsst_hardware_y -46.72283615683253 63.25 30.040000915527344 AB 11.611257357604174 1.0949970395470967
62693.9887 lsst_hardware_r 55.91447415663973 103.9000015258789 31.65999984741211 AB 11.165460707260612 1.051353398726679
62698.9675 lsst_hardware_y -37.64517701946365 49.63999938964844 30.030000686645508 AB 2.0229844078798505 1.0656634282071207
62698.9872 lsst_hardware_i -10.628267578975171 30.899999618530273 31.25 AB 1.9453663012519509 1.03248100906782
62703.9679 lsst_hardware_y 17.59952572414828 50.150001525878906 30.049999237060547 AB 5.586455014207757 1.0406311730905478
62703.9868 lsst_hardware_i -29.66539361564651 30.920000076293945 31.25 AB 5.453955382342899 1.0173708159197075
