data/validation/pwv_sim_epoch_fit_seasonal/52848753.ecsv
# %ECSV 0.9
# ---
# datatype:
# - {name: time, datatype: float64}
# - {name: band, datatype: string}
# - {name: flux, datatype: float64}
# - {name: fluxerr, datatype: float64}
# - {name: zp, datatype: float64}
# - {name: zpsys, datatype: string}
# - {name: pwv, datatype: float64}
# - {name: airmass, datatype: float64}
# meta: {SNID: '52848753', alt: 1024.0, c: -0.0888964831829071, dec: -26.276812, lat: -30.244573, lon: -70.7499537, ra: 128.496094, t0: 59943.46875,
#   x0: 9.042099576118334e-05, x1: 0.22016409039497375, z: 0.17654269933700562}
# schema: astropy-2.0
time band flux fluxerr zp zpsys pwv airmass
59896.2947 lsst_hardware_g 40.2940898754019 56.77000045776367 31.6299991607666 AB 4.9630274541616775 1.2381258461174198
59896.3139 lsst_hardware_r 47.24555413127799 56.290000915527344 31.610000610351562 AB 4.718352875149405 1.156459038026727
59899.28 lsst_hardware_z -11.966146278110417 47.52000045776367 30.93000030517578 AB 7.596160125243656 1.2716963336949996
59899.2955 lsst_hardware_i -48.909460716354374 38.95000076293945 31.25 AB 5.854381421996896 1.1968937625630944
59901.2838 lsst_hardware_u -1.1236531135299963 2.6600000858306885 28.270000457763672 AB 4.899630715404695 1.2249076788511737
59901.3005 lsst_hardware_g -17.376743170696052 16.299999237060547 31.440000534057617 AB 5.299906785263745 1.1555449221114105
59903.2604 lsst_hardware_g -13.784393945487757 13.619999885559082 31.31999969482422 AB 5.79786178943884 1.321952146556452
59903.2766 lsst_hardware_r 6.571112055126333 22.989999771118164 31.450000762939453 AB 5.346968059913486 1.2332042421480267
59905.264 lsst_hardware_i 58.47245982614539 32.08000183105469 31.219999313354492 AB 3.8986435108197983 1.269640743861603
59905.2806 lsst_hardware_z -26.387069450422576 43.0 30.93000030517578 AB 3.7798492225156997 1.190628692519216
59907.2648 lsst_hardware_r -6.193202721319128 23.0 31.450000762939453 AB 10.921401210890407 1.2374824328244083
59907.2816 lsst_hardware_g -11.22037943042654 13.489999771118164 31.360000610351562 AB 10.114252020743633 1.164900894989189
59909.2828 lsst_hardware_i -29.251339109761997 30.729999542236328 31.229999542236328 AB 6.165296726727507 1.1409468990304437
59909.2996 lsst_hardware_z 33.735922869138534 41.43000030517578 30.940000534057617 AB 5.724915847251922 1.0908064491429512
59911.2629 lsst_hardware_z 23.2125641247946 43.5099983215332 30.93000030517578 AB 5.283031223118121 1.1962031525230377
59911.2792 lsst_hardware_i -30.790139837992616 31.1299991607666 31.239999771118164 AB 5.020452811298829 1.1346938210642357
59915.2842 lsst_hardware_i -26.567323888988447 30.450000762939453 31.239999771118164 AB 7.482200900524895 1.0882937481067136
59915.301 lsst_hardware_r -25.340883130951983 21.950000762939453 31.469999313354492 AB 6.860275466484543 1.051598099200533
59917.2226 lsst_hardware_r 1.7681376829992508 54.56999969482422 31.56999969482422 AB 5.731259707400972 1.319350761372231
59917.2444 lsst_hardware_i 31.709603034612204 46.31999969482422 31.280000686645508 AB 5.282050520186243 1.2053971976691562
59919.2298 lsst_hardware_z -12.898396962974676 56.18000030517578 30.950000762939453 AB 6.6982752772808 1.248629933317327
59919.251 lsst_hardware_r -22.04808493315654 69.2699966430664 31.6200008392334 AB 6.021789175038869 1.1568498671307463
59921.2457 lsst_hardware_i 73.27851976536596 67.38900302303776 31.309999465942383 AB 5.869192701257095 1.156263337521381
59921.2681 lsst_hardware_z -5.338411994969557 59.84806753099229 30.979999542236328 AB 6.891008901817491 1.087581797664178
59923.2464 lsst_hardware_i 319.52116948500026 67.90826928902055 31.309999465942383 AB 10.680921232318898 1.1348195104461716
59923.2686 lsst_hardware_z 65.0812305251638 59.75886932880678 30.979999542236328 AB 9.973848755687555 1.073293562797617
59926.2415 lsst_hardware_g 2303.463667076181 85.10451739595285 31.690000534057617 AB 12.201770766818646 1.1241986195387443
59926.2655 lsst_hardware_r 2663.651211511808 85.06853633237645 31.639999389648438 AB 11.221341201729153 1.0622749279812385
59928.2476 lsst_hardware_i 7096.823902811454 123.90216398287535 32.06999969482422 AB 8.804865215345128 1.0911336743538342
59928.2696 lsst_hardware_r 10763.180285362238 141.82238823588554 32.400001525878906 AB 8.52535620458997 1.0443610221362913
59930.2447 lsst_hardware_u 473.0914654290474 30.623816172108114 29.450000762939453 AB 9.207238523261655 1.0846507331258783
59930.2669 lsst_hardware_g 10523.622493424466 124.64516645633044 31.729999542236328 AB 7.3672184252686295 1.0398332286899516
59932.1281 lsst_hardware_i 6694.275408715696 102.75108373245864 31.18000030517578 AB 6.565296540173374 1.8435371120177952
59932.15 lsst_hardware_z 4472.207150433816 95.9107800641007 30.920000076293945 AB 5.028082467847996 1.5712757712024987
59936.1472 lsst_hardware_i 11995.774711966766 124.67633400265179 31.25 AB 7.07873468673421 1.4939292339224246
59936.1696 lsst_hardware_z 6945.949779517821 107.09614387022182 30.959999084472656 AB 7.676886936364562 1.3263262628154793
59938.1503 lsst_hardware_r 20437.678722064677 156.40721822241167 31.549999237060547 AB 8.99381163591706 1.42279005511838
59938.1731 lsst_hardware_u 1367.2609789000621 41.509298985561486 29.239999771118164 AB 8.620157180901925 1.2739933021839167
59941.1262 lsst_hardware_u 1040.2841993948764 36.598874164350505 28.989999771118164 AB 9.59923800209303 1.5634574701075823
59941.1474 lsst_hardware_g 26769.88336506894 176.79891029447856 31.59000015258789 AB 8.53406174022283 1.3834345272904283
59943.1228 lsst_hardware_r 45579.69749559283 231.49156344696678 32.27000045776367 AB 11.555345922491494 1.5430960157342777
59943.1451 lsst_hardware_i 30174.49309402881 192.60053970556746 32.02000045776367 AB 10.724475248786186 1.361434738759177
59945.1316 lsst_hardware_z 6384.802158292366 103.98382184215208 30.940000534057617 AB 9.88521409205187 1.4196060936261814
59945.1526 lsst_hardware_r 24638.52083612887 169.77866063803475 31.59000015258789 AB 8.927157889020624 1.2816395693325922
59947.1338 lsst_hardware_z 6078.4756768391135 103.65891599252517 30.940000534057617 AB 5.278737155894403 1.364014768964961
59947.1551 lsst_hardware_r 23908.050233367547 168.37596824302796 31.59000015258789 AB 4.767401786229672 1.2398964333497204
59949.1348 lsst_hardware_i 14705.870252549803 133.82091736262433 31.270000457763672 AB 15.01872887957282 1.322013016995098
59949.156 lsst_hardware_z 6161.1056173000425 102.70591897375306 30.969999313354492 AB 13.716983371349807 1.209983978419248
59951.1371 lsst_hardware_r 21387.7671050063 160.30182476587572 31.59000015258789 AB 10.181116072797101 1.2767623876430683
59951.1583 lsst_hardware_z 5493.7498602629885 101.06186642326546 30.969999313354492 AB 9.406062682737941 1.1772048162622315
59953.1562 lsst_hardware_r 20057.7068250871 157.2054402182031 31.610000610351562 AB 7.450747969184665 1.1641793701851038
59953.1797 lsst_hardware_i 12447.795192471129 127.94797570016345 31.309999465942383 AB 8.180406368463942 1.0902120834895639
59955.1196 lsst_hardware_i 10924.910900948778 121.05200705079628 31.280000686645508 AB 7.526398869493369 1.3147696514094498
59955.1351 lsst_hardware_z 4355.410766550333 96.12250727117106 30.969999313354492 AB 5.977402720041568 1.2309313673891178
59957.1196 lsst_hardware_r 16382.247870396617 143.84338524880224 31.579999923706055 AB 3.978872618755355 1.2829554875608198
59957.1361 lsst_hardware_g 13321.047070548697 134.64140336063457 31.649999618530273 AB 5.993833687173753 1.2014098390807313
59962.1218 lsst_hardware_r 12856.505723537737 131.57306330223508 31.610000610351562 AB 4.751037114174828 1.2042423456497884
59962.1387 lsst_hardware_i 8583.33317304729 112.21205588493592 31.309999465942383 AB 5.103115285921546 1.1388975698089856
59964.1211 lsst_hardware_z 3902.152764592222 93.4288950761623 30.979999542236328 AB 9.111177865271824 1.184077177981325
59964.139 lsst_hardware_i 8297.969732066706 111.47553495859819 31.31999969482422 AB 8.291941224948097 1.1203055090114356
59966.1236 lsst_hardware_u 172.85570722480864 23.161036680346953 29.360000610351562 AB 12.81962001100755 1.1534918466770971
59966.1401 lsst_hardware_g 5947.277865518902 105.1492929827365 31.700000762939453 AB 11.279165986726216 1.1011584483770591
59968.125 lsst_hardware_r 10302.3063488986 121.3790229017218 31.6200008392334 AB 16.0463625699906 1.1300255330979296
59968.1431 lsst_hardware_i 8358.836553146672 109.60210502534814 31.31999969482422 AB 15.226713662902524 1.0794239227937232
59973.1248 lsst_hardware_z 8738.190673171028 135.33383608408292 31.739999771118164 AB 12.487195623767297 1.0909658940911495
59975.1212 lsst_hardware_z 4353.718103072879 96.26588297114932 30.989999771118164 AB 9.645998969008486 1.0862305643431758
59975.1403 lsst_hardware_r 7867.7166899319855 112.02164019270526 31.649999618530273 AB 9.4920740257833 1.0460258079894906
59979.1138 lsst_hardware_i 6120.428456986769 100.68429838263498 31.329999923706055 AB 11.3045583263017 1.0776851815725044
59979.1319 lsst_hardware_z 3906.633195470398 94.78368625801915 31.0 AB 10.711653790644037 1.0417869860575837
59983.024 lsst_hardware_y 1229.6500422387942 75.48410077327053 29.940000534057617 AB 9.808412433454235 1.4501441409653693
59983.0414 lsst_hardware_r 5201.595082107388 97.34040461268432 31.579999923706055 AB 9.166025770830853 1.3255279495055463
59985.0231 lsst_hardware_y 853.0241055191053 75.02751457007365 29.93000030517578 AB 3.535297880164885 1.414119152065954
59985.0414 lsst_hardware_g 1853.9520080934267 80.63710702175202 31.6200008392334 AB 3.2321295929603404 1.2928518371841362
59987.0232 lsst_hardware_z 2824.2344295332414 87.90983920344566 30.950000762939453 AB 3.631710757975553 1.3735668524869449
59987.0433 lsst_hardware_i 3955.505971088553 89.62553671803141 31.290000915527344 AB 2.4197579829156446 1.2528950550132782
59989.0209 lsst_hardware_y 857.8582069744939 74.45653643408403 29.950000762939453 AB 3.4662855737514082 1.3520372788888966
59989.0402 lsst_hardware_r 4097.656030211961 92.01230546381979 31.59000015258789 AB 3.1369279489714392 1.2409961226273925
59993.0194 lsst_hardware_y 607.3689594454809 74.21438004505777 29.969999313354492 AB 4.566927164235691 1.2937470720214184
59993.0362 lsst_hardware_z 2342.8266591338215 84.36362926546626 30.969999313354492 AB 4.344952373365923 1.2084697758811236
59995.0179 lsst_hardware_y 398.67025307479537 74.32077342389098 29.989999771118164 AB 4.705063852161057 1.2716388789624478
59995.0368 lsst_hardware_u 65.20608919121175 21.146051659221097 29.34000015258789 AB 4.375893226200625 1.1826738449190877
59999.0258 lsst_hardware_z 3454.5119056551093 115.39512489402328 31.729999542236328 AB 9.07087459458655 1.1829903941295101
60001.014 lsst_hardware_y 787.3379142013139 74.60093806099644 30.010000228881836 AB 8.366247842965816 1.210059109231258
60001.033 lsst_hardware_g 1247.2415887991708 79.98545166354648 31.690000534057617 AB 7.987173037511954 1.1362497652738308
60003.0143 lsst_hardware_y 88.96759804369358 71.73999786376953 30.020000457763672 AB 5.926751414103552 1.1853502828207103
60003.034 lsst_hardware_i 34.401982676740296 64.56999969482422 31.31999969482422 AB 5.578880147330139 1.1157760294660277
60005.0122 lsst_hardware_y -40.921123608754755 71.62000274658203 30.020000457763672 AB 2.82372010062597 1.1719112266553102
60005.0311 lsst_hardware_i 120.22794450467173 64.79000091552734 31.31999969482422 AB 2.667810800773547 1.1082400252460471
60008.0096 lsst_hardware_y 137.53995767341206 71.98999786376953 30.030000686645508 AB 13.143233400847123 1.1510472829922602
60008.0291 lsst_hardware_z -89.63285823513051 71.79000091552734 30.989999771118164 AB 12.4965610775307 1.0913074035045585
60010.0093 lsst_hardware_y 91.10869520889564 72.3499984741211 30.040000915527344 AB 7.304724273443905 1.1333500288497582
60010.0293 lsst_hardware_i -87.55436095432445 65.27999877929688 31.31999969482422 AB 6.942657007635817 1.0773413520015234
60012.0168 lsst_hardware_z -120.63294130720192 100.9800033569336 31.739999771118164 AB 11.861013188456097 1.0949217131805034
60014.0069 lsst_hardware_y -45.059434948335046 72.36000061035156 30.040000915527344 AB 8.954732777589975 1.1071628063291266
60014.0287 lsst_hardware_r -81.33722636609008 68.62999725341797 31.639999389648438 AB 8.507348178583547 1.055349495968352
60018.0035 lsst_hardware_y -73.78246506361297 72.48999786376953 30.049999237060547 AB 10.286856124103902 1.0869506988288624
60018.0242 lsst_hardware_u 8.540463979052175 21.100000381469727 29.469999313354492 AB 9.89751023489377 1.0437888416453938
60022.9987 lsst_hardware_y 126.47960834194295 73.30999755859375 30.06999969482422 AB 5.088425769702293 1.0663647026148775
60023.0152 lsst_hardware_r 103.05176716431151 69.62000274658203 31.65999984741211 AB 5.001546079198191 1.0363750682134223
60025.9965 lsst_hardware_z -101.23806334625094 71.55999755859375 31.0 AB 6.077044402739694 1.0542645448652808
60026.0134 lsst_hardware_g 9.243992120020224 72.05000305175781 31.739999771118164 AB 6.281532828555775 1.0274575260709344
60027.9949 lsst_hardware_y -160.04164551685997 73.16999816894531 30.06999969482422 AB 9.378466175528638 1.0472102775369632
60028.0111 lsst_hardware_i -136.19998973656013 65.27999877929688 31.34000015258789 AB 8.427078627369555 1.0235732573023044
60261.2905 lsst_hardware_r 0.42969611539947244 67.55999755859375 31.59000015258789 AB 5.587995891708853 1.2630142149570547
60261.3091 lsst_hardware_i -23.27811611030694 64.68000030517578 31.299999237060547 AB 4.733723855691881 1.1773968052958292
60263.2689 lsst_hardware_i -10.055029072402345 62.66999816894531 31.270000457763672 AB 6.37567865753205 1.3597096731780869
60263.2878 lsst_hardware_z -87.26580286289885 70.47000122070312 30.959999084472656 AB 5.848739341213262 1.2487300434936242
60265.2818 lsst_hardware_r -0.2401653360114589 66.27999877929688 31.600000381469727 AB 5.045326625702394 1.2514762807149038
60265.2989 lsst_hardware_u 13.8779551409364 19.93000030517578 29.360000610351562 AB 4.366957829182332 1.174544870678509
60268.265 lsst_hardware_y 114.70040349518514 70.29000091552734 29.979999542236328 AB 5.589904068459866 1.2984678440091042
60268.2814 lsst_hardware_g -13.093406480660954 69.41000366210938 31.65999984741211 AB 5.383810296408492 1.2139369326738427
60270.255 lsst_hardware_r 53.82743258958872 65.6500015258789 31.56999969482422 AB 3.7194304048938873 1.325842587295825
60270.2716 lsst_hardware_i -61.135353482146314 63.38999938964844 31.290000915527344 AB 3.590990619097857 1.2343001669676412
60272.266 lsst_hardware_z -64.49121350576017 70.76000213623047 30.959999084472656 AB 10.772512160804727 1.2349785613395565
60272.283 lsst_hardware_r -31.54278538823695 67.66999816894531 31.610000610351562 AB 10.077080454682044 1.1622148207654668
60274.2636 lsst_hardware_z 75.6826179352645 70.79000091552734 30.969999313354492 AB 6.478551891240665 1.220449335869513
60274.2799 lsst_hardware_r -58.359954184275715 67.75 31.6200008392334 AB 6.160265738259792 1.153535810172859
60276.264 lsst_hardware_i 26.224906972249382 63.68000030517578 31.299999237060547 AB 5.275763797749049 1.1944449478894987
60276.2807 lsst_hardware_z 4.141756033998157 70.97000122070312 30.979999542236328 AB 4.996352328380972 1.132018502012153
60278.266 lsst_hardware_r 72.3775284022757 67.69999694824219 31.6200008392334 AB 7.026279795460507 1.1645445919384283
60278.2812 lsst_hardware_z -2.833636582849896 71.43000030517578 30.979999542236328 AB 6.748873459480908 1.1134458171962727
60280.2876 lsst_hardware_r -4.124065724763469 69.08000183105469 31.639999389648438 AB 7.44333519439109 1.0815657068281153
60280.3032 lsst_hardware_i 68.59961793039513 65.51000213623047 31.329999923706055 AB 6.847576772339482 1.0488476624638923
60282.2303 lsst_hardware_g -84.86346015764887 69.47000122070312 31.6299991607666 AB 5.523431594118844 1.278498141107307
60282.2511 lsst_hardware_r -7.283147685751726 68.18000030517578 31.610000610351562 AB 5.187371085307805 1.1800654601648086
60290.2416 lsst_hardware_u -2.563377959140325 20.350000381469727 29.389999389648438 AB 14.214146907857586 1.1349073342534701
60290.2631 lsst_hardware_g -18.853186910945908 72.36000061035156 31.719999313354492 AB 13.091050358599528 1.0749533273335272
60293.2439 lsst_hardware_r 1.9565358847167027 22.040000915527344 31.469999313354492 AB 8.904512725943407 1.102931663591688
60293.2669 lsst_hardware_i -33.7403319718627 29.81999969482422 31.239999771118164 AB 8.570019536568243 1.0503040696920147
60297.2496 lsst_hardware_g -8.589734205891498 13.100000381469727 31.389999389648438 AB 5.46094335171728 1.0626987792201625
60297.2729 lsst_hardware_r 43.82189482915863 21.729999542236328 31.489999771118164 AB 4.456252065510636 1.0247791343016295
