data/validation/pwv_sim_epoch_fit_seasonal/52884050.ecsv
# %ECSV 0.9
# ---
# datatype:
# - {name: time, datatype: float64}
# - {name: band, datatype: string}
# - {name: flux, datatype: float64}
# - {name: fluxerr, datatype: float64}
# - {name: zp, datatype: float64}
# - {name: zpsys, datatype: string}
# - {name: pwv, datatype: float64}
# - {name: airmass, datatype: float64}
# meta: {SNID: '52884050', alt: 1024.0, c: 0.05569381266832352, dec: -61.37841, lat: -30.244573, lon: -70.7499537, ra: 344.032257, t0: 60566.2109375,
#   x0: 6.063150299204457e-06, x1: 0.09821587800979614, z: 0.5667684078216553}
# schema: astropy-2.0
time band flux fluxerr zp zpsys pwv airmass
60483.3971 lsst_hardware_i -48.42028742179821 78.27999877929688 31.309999465942383 AB 3.8343827695436516 1.166736649200594
60483.411 lsst_hardware_z 20.231665776663466 69.13999938964844 30.969999313354492 AB 3.8394995931604434 1.1679086214936527
60484.3993 lsst_hardware_z -71.42392551132902 69.12999725341797 30.969999313354492 AB 4.5311915390874375 1.1666551906162004
60484.4117 lsst_hardware_r -134.83648807002012 97.33999633789062 31.6200008392334 AB 4.528383322941636 1.1688664202043215
60486.4014 lsst_hardware_i -12.748145195934386 62.630001068115234 31.299999237060547 AB 6.3049905785430225 1.1675908478783374
60486.4134 lsst_hardware_r 85.88997274619456 75.30000305175781 31.610000610351562 AB 6.327315010955348 1.1717250020287682
60491.193 lsst_hardware_r 34.16927948964433 23.860000610351562 31.360000610351562 AB 12.327462540708572 1.6547855080095089
60491.2071 lsst_hardware_g -0.9872123964889573 13.239999771118164 31.219999313354492 AB 11.744284124411456 1.5683965577856402
60494.4248 lsst_hardware_u -0.652336277134174 2.7699999809265137 28.399999618530273 AB 6.88747396700578 1.2006404544592686
60494.4372 lsst_hardware_g 28.90966553010933 17.510000228881836 31.450000762939453 AB 7.054966168767832 1.2183690819044044
60496.4108 lsst_hardware_g 15.354671305468655 13.229999542236328 31.350000381469727 AB 5.854604881162781 1.1906863699740764
60496.4235 lsst_hardware_r -21.485084602843752 22.670000076293945 31.459999084472656 AB 6.347350194437516 1.2061473053562621
60498.4024 lsst_hardware_i 5.835861183597824 31.34000015258789 31.229999542236328 AB 1.7776484304717437 1.187672243508765
60498.4145 lsst_hardware_r 8.079253581702195 22.610000610351562 31.450000762939453 AB 1.937910382721975 1.2014323513465437
60500.3224 lsst_hardware_z -30.480774747776366 43.0 30.93000030517578 AB 9.329344850926235 1.1778236529312602
60500.3355 lsst_hardware_u 0.9228761085168155 2.5399999618530273 28.290000915527344 AB 9.356676525903717 1.1704258092883981
60502.3171 lsst_hardware_g 13.098988354266048 13.239999771118164 31.350000381469727 AB 9.028620175602558 1.1777101158457601
60502.3297 lsst_hardware_r -7.971575208956424 22.389999389648438 31.459999084472656 AB 8.916807532369118 1.1705687604029433
60505.3976 lsst_hardware_z 25.633666403364444 43.290000915527344 30.93000030517578 AB 5.71338265519949 1.2043386709948336
60505.4092 lsst_hardware_r -38.602033065993865 22.65999984741211 31.440000534057617 AB 5.772916981709724 1.2216520964362974
60507.3977 lsst_hardware_u -1.1823626085388363 2.4000000953674316 28.149999618530273 AB 2.788060999415769 1.2122004345285953
60507.4093 lsst_hardware_g -13.54976345528923 13.170000076293945 31.299999237060547 AB 2.83179636242219 1.2312158097487782
60510.1791 lsst_hardware_r 14.821111496866228 81.72000122070312 31.549999237060547 AB 5.023060474355729 1.4486811596872897
60510.1926 lsst_hardware_i 11.002397433611888 66.43000030517578 31.260000228881836 AB 4.77470707754446 1.3933970070655037
60512.3463 lsst_hardware_z -49.87093647658833 104.63999938964844 31.719999313354492 AB 5.094131681892316 1.1737630603438516
60515.3393 lsst_hardware_z -11.551220269651997 57.880001068115234 30.959999084472656 AB 6.477625715130285 1.1744580884122298
60515.3506 lsst_hardware_r -19.118417046252635 72.18000030517578 31.610000610351562 AB 6.534057890004604 1.1826884275314908
60517.3374 lsst_hardware_i 49.88553744036409 42.90999984741211 31.260000228881836 AB 2.9686959829678887 1.1767309174742242
60517.3487 lsst_hardware_z -91.96475318463052 48.38999938964844 30.940000534057617 AB 3.0100234492346516 1.1859045699263189
60524.1594 lsst_hardware_u -1.2063452290600825 2.450000047683716 28.15999984741211 AB 2.5113902715012584 1.374848688778061
60524.1673 lsst_hardware_g 14.96898401827839 13.4399995803833 31.309999465942383 AB 3.0127562889852864 1.3476878948715214
60524.1968 lsst_hardware_r 42.96304118271569 32.61000061035156 32.20000076293945 AB 2.8544690580264147 1.2659802896225367
60524.2057 lsst_hardware_i 1.5372606697834048 45.130001068115234 31.969999313354492 AB 2.816501152984351 1.2467911257124176
60528.2296 lsst_hardware_r -28.165812537392927 22.639999389648438 31.459999084472656 AB 3.7850723318380064 1.1927122520366324
60528.242 lsst_hardware_g -5.7860752396341875 13.420000076293945 31.360000610351562 AB 3.7244078860680125 1.180852214986765
60534.235 lsst_hardware_u -0.40046168781922065 2.5799999237060547 28.31999969482422 AB 4.110823629032746 1.1742973611786554
60534.2464 lsst_hardware_g -22.773639859310627 13.399999618530273 31.3700008392334 AB 4.124420764161353 1.169053504580848
60538.3098 lsst_hardware_z -45.85396094876964 77.68441061231168 31.709999084472656 AB 5.047123961330871 1.2074940694599157
60540.3101 lsst_hardware_r -93.5086541445973 99.36997207578256 31.610000610351562 AB 3.260488006178188 1.215995029653725
60540.3209 lsst_hardware_i 101.31542160353125 80.03765340306501 31.299999237060547 AB 3.306393497805421 1.2343046188727655
60542.2929 lsst_hardware_i 124.6155002903296 84.29538924071932 31.309999465942383 AB 1.760172066583914 1.1995720580989873
60542.3041 lsst_hardware_z 241.90902535852968 73.90166760639434 30.969999313354492 AB 1.7409236436200357 1.215163083029341
60545.2863 lsst_hardware_z 330.17494748927527 53.5609561957449 30.950000762939453 AB 3.398108357978901 1.2015941859897104
60545.2978 lsst_hardware_r 407.04514921143164 58.26230769313344 31.59000015258789 AB 3.8089517140078493 1.2181174364548597
60548.2883 lsst_hardware_u 9.530683847761164 6.054867605230782 28.84000015258789 AB 3.161769481503364 1.2160651851936015
60548.299 lsst_hardware_g 147.58390821786244 29.7746657166998 31.56999969482422 AB 3.7243089926034876 1.2342025326901176
60550.2911 lsst_hardware_r 842.4164459380847 36.61537354403833 31.459999084472656 AB 7.385738030662747 1.229794865515249
60550.3026 lsst_hardware_i 755.9192309000388 41.59896897306665 31.219999313354492 AB 8.740515759413935 1.2520435123068234
60554.2897 lsst_hardware_z 863.6563192082116 52.67079950964107 30.93000030517578 AB 3.6221704209969046 1.2479484654597433
60554.2999 lsst_hardware_r 1314.084851076171 42.65915376601698 31.440000534057617 AB 3.3573206491185172 1.2703089323481698
60556.2386 lsst_hardware_z 1047.24546595454 53.31360353822897 30.93000030517578 AB 1.9021058170597103 1.182656466565623
60556.2503 lsst_hardware_i 1297.5698612150527 48.19305525388439 31.219999313354492 AB 2.69027304036208 1.1943498514371054
60558.2344 lsst_hardware_u 5.726166494680419 3.077418661270678 28.31999969482422 AB 0.4798175628212866 1.1837604345919899
60558.2447 lsst_hardware_g 461.70720008104 25.79600467712578 31.350000381469727 AB 0.48106070303020004 1.1941928912623914
60560.246 lsst_hardware_r 1835.5916212627137 48.2716895661909 31.450000762939453 AB 2.89971868683671 1.2024543590448726
60560.2568 lsst_hardware_i 1616.3945879859373 51.037151338972095 31.219999313354492 AB 3.429739919605944 1.2180555516668539
60569.138 lsst_hardware_z 1487.3440078202025 75.2318675903543 30.969999313354492 AB 0.6510598305791314 1.1751982501428364
60569.1494 lsst_hardware_r 2237.9901024406163 100.45402203633513 31.6200008392334 AB 0.6284538523481151 1.1695791296819171
60570.1378 lsst_hardware_z 1370.260546146372 78.30819960781135 30.969999313354492 AB 2.6378794388356765 1.1736949672238828
60570.1448 lsst_hardware_r 1926.0181963293462 108.64818194161346 31.6200008392334 AB 2.6429238341235406 1.1702983767336712
60572.2226 lsst_hardware_z 1454.2669946505018 71.73157576568056 30.959999084472656 AB 7.097128076295341 1.215816824399613
60572.2342 lsst_hardware_i 1797.4917849358399 79.34333175142199 31.299999237060547 AB 7.227659394831879 1.235567735169803
60575.1982 lsst_hardware_r 1529.0761244979528 60.72783250781627 31.579999923706055 AB 2.352401317411928 1.1941123438639227
60575.2099 lsst_hardware_z 1409.0559639896426 60.32125953088618 30.940000534057617 AB 2.393028065190541 1.2091089171487786
60579.1994 lsst_hardware_g 167.36809247313843 17.75491141981937 31.309999465942383 AB 4.827578304680706 1.2097172497529334
60579.211 lsst_hardware_r 1256.4091559961892 40.84829004357621 31.43000030517578 AB 4.114464113250083 1.2281982427613707
60583.1787 lsst_hardware_z 1034.0539467492586 53.3458809391538 30.93000030517578 AB 5.675156495699992 1.1968485254811754
60583.1905 lsst_hardware_r 899.5027632663489 37.84409400182568 31.440000534057617 AB 5.798764885894208 1.2126867539906068
60585.18 lsst_hardware_u -4.34218157077667 2.6137106861284645 28.280000686645508 AB 3.376986486451598 1.2054925582286171
60585.1916 lsst_hardware_r 883.6058583352353 36.503501632092075 31.459999084472656 AB 3.4644987233346223 1.223052032243157
60587.1857 lsst_hardware_i 922.0144352366971 43.63603995024331 31.219999313354492 AB 7.6273087069838015 1.2223251132986863
60587.1982 lsst_hardware_z 928.5860057094943 52.68139087757497 30.93000030517578 AB 7.76975309520562 1.2451527396162854
60589.0733 lsst_hardware_r 581.2141444142453 33.204511738705094 31.459999084472656 AB 4.866487086700282 1.182693258812876
60589.0865 lsst_hardware_z 848.8005058692348 51.126964896653675 30.940000534057617 AB 9.258125772413369 1.173387577960923
60591.0779 lsst_hardware_r 516.9925286731333 33.185037055319825 31.489999771118164 AB 3.8547707923541505 1.1752349976680585
60591.0894 lsst_hardware_u 4.236295801627354 3.1365324137436934 28.479999542236328 AB 6.8716270460093005 1.1695722874174466
60597.1621 lsst_hardware_z 666.7687879701515 63.55459278028662 30.959999084472656 AB 7.574121003493216 1.2286509231756486
60597.1732 lsst_hardware_r 395.06948062049406 72.5807284308228 31.600000381469727 AB 8.234022779124356 1.2498516665337516
60598.1574 lsst_hardware_i 456.23377401489336 66.75171238448472 31.299999237060547 AB 9.611558972402689 1.225247863906435
60598.1686 lsst_hardware_z 738.3008606868357 65.28093381343275 30.959999084472656 AB 9.466872612356378 1.246037351222171
60600.1565 lsst_hardware_r 239.91996499981457 89.22942834124811 31.600000381469727 AB 7.565649906952186 1.2332952819222733
60600.1682 lsst_hardware_z 666.9815508296335 67.96915074624887 30.950000762939453 AB 7.322651062882497 1.2566041178725256
60602.136 lsst_hardware_y 331.7624001243 54.14787732307422 30.0 AB 4.049752523523719 1.2088813503055877
60602.148 lsst_hardware_g 181.22741444238218 77.07642347251806 31.649999618530273 AB 4.146530185432786 1.2278739074424916
60604.1577 lsst_hardware_i 385.81956245493393 46.261295329639644 31.260000228881836 AB 4.7487230186394145 1.2575234739859424
60604.1685 lsst_hardware_z 585.2525271913889 55.00243340624092 30.940000534057617 AB 3.6264128447810546 1.2827778014789724
60610.1404 lsst_hardware_i 349.62483615078753 35.889916116510435 31.219999313354492 AB 3.627487439289878 1.2555480032154178
60610.152 lsst_hardware_z 532.3112569385386 49.39312226445112 30.93000030517578 AB 3.6350064780252853 1.282490819013978
60612.1024 lsst_hardware_z 380.37555654120825 48.85580953303816 30.940000534057617 AB 7.20253400937284 1.2004223348954735
60612.1127 lsst_hardware_r 135.3865466720491 26.182752967161 31.469999313354492 AB 7.288842809479345 1.2148071349132241
60614.1455 lsst_hardware_g 17.168882004810623 14.055219054452929 31.34000015258789 AB 5.960140604850474 1.2938778743094903
60614.1561 lsst_hardware_r 102.01083059576882 25.996163439765304 31.450000762939453 AB 6.092748180932786 1.3238149916021191
60623.0464 lsst_hardware_g -3.0770705196816377 31.92411579008557 31.610000610351562 AB 10.19150826927371 1.1757623753199944
60623.0574 lsst_hardware_i 170.16607077505694 40.623172622707386 31.260000228881836 AB 10.14483788687948 1.1842453612185542
60842.3453 lsst_hardware_i -11.540418737360595 53.04999923706055 31.280000686645508 AB 8.192620110429834 1.2268533728321702
60842.3692 lsst_hardware_y -15.870807832515988 52.08000183105469 30.0 AB 7.965074662817316 1.193001522177358
60847.4169 lsst_hardware_g 4.7685428401384975 14.779999732971191 31.399999618530273 AB 3.634029824450072 1.168498335836075
60847.4301 lsst_hardware_y -41.4005534041783 50.439998626708984 30.0 AB 3.683668472721309 1.174389523715614
60856.3798 lsst_hardware_u -3.5143241610073876 2.5199999809265137 28.280000686645508 AB 4.732702779295243 1.1665523242039053
60856.3917 lsst_hardware_r -7.373314271531798 22.350000381469727 31.459999084472656 AB 4.732839040592001 1.1683137597116766
60860.1106 lsst_hardware_z 68.52140737939493 56.33000183105469 30.809999465942383 AB 21.03348118825364 2.3823849569025786
60860.1254 lsst_hardware_g -41.77709866452233 37.459999084472656 31.260000228881836 AB 19.013359858886794 2.1810564793675056
60863.3665 lsst_hardware_i -17.373139068878782 41.689998626708984 31.270000457763672 AB 1.8254054017894166 1.1670146415276743
60863.3799 lsst_hardware_z 48.963449517924595 43.11000061035156 30.940000534057617 AB 1.7220246448013905 1.1709806617341065
60867.3143 lsst_hardware_r -118.9794986295629 108.37000274658203 31.6200008392334 AB 10.086948786114922 1.1802777576264567
60867.3266 lsst_hardware_z 71.59869777410209 73.37999725341797 30.969999313354492 AB 9.989484210029126 1.1722682872767853
60870.3206 lsst_hardware_z -33.56340164892175 57.529998779296875 30.959999084472656 AB 7.0585812189797075 1.1712085649777588
60870.3332 lsst_hardware_i 48.613806690942376 59.279998779296875 31.299999237060547 AB 7.068700035171679 1.1672225949755084
60875.3479 lsst_hardware_g 0.1895004133096627 18.540000915527344 31.489999771118164 AB 2.600545523548225 1.1713289648892238
60875.3602 lsst_hardware_r -32.57884099627011 25.600000381469727 31.5 AB 2.549032501957866 1.1787887788929974
60877.3961 lsst_hardware_r -19.47289670531754 23.0 31.450000762939453 AB 7.034319317715607 1.2306905161554664
60877.4084 lsst_hardware_g -10.430676977474242 13.819999694824219 31.34000015258789 AB 7.392478773252019 1.2548234709530268
60879.3429 lsst_hardware_r -11.993976232623703 22.65999984741211 31.459999084472656 AB 5.266582064336549 1.1744840136041366
60879.3542 lsst_hardware_u 3.1620498872813934 2.640000104904175 28.360000610351562 AB 5.349025377979242 1.1827585136493626
60881.3424 lsst_hardware_g -21.02900666073337 13.449999809265137 31.360000610351562 AB 6.489497270816048 1.1777493874834406
60881.3543 lsst_hardware_i 33.098765092482466 31.5 31.229999542236328 AB 6.551167072330064 1.1879354589655131
60886.3471 lsst_hardware_r 9.985773651080692 22.81999969482422 31.469999313354492 AB 5.7191812962679345 1.194877440590825
60886.3583 lsst_hardware_i -41.3118797165518 31.729999542236328 31.229999542236328 AB 5.7990718388085165 1.2093787397803688
60888.3822 lsst_hardware_r -14.350615764562257 22.84000015258789 31.450000762939453 AB 7.9548173915065385 1.263237549930901
60888.3933 lsst_hardware_g -29.845220038956843 13.380000114440918 31.329999923706055 AB 8.122944377012974 1.290158332880967
60890.3452 lsst_hardware_z -82.43747652248375 43.470001220703125 30.93000030517578 AB 2.6825309638237393 1.2063095958735195
60890.357 lsst_hardware_r -26.49462575885757 22.780000686645508 31.450000762939453 AB 2.775748428935361 1.2244148341135248
60894.2317 lsst_hardware_r 122.34382821532547 89.6500015258789 31.6200008392334 AB 3.7419112078912966 1.1882855534745305
60894.2431 lsst_hardware_z -84.83229081410471 65.48999786376953 30.969999313354492 AB 3.7155891987037006 1.178367524299498
60896.2297 lsst_hardware_r 226.64772037877077 111.94000244140625 31.6200008392334 AB 4.016387886389363 1.1849499591058748
60896.2411 lsst_hardware_y 35.37846406886582 59.9900016784668 30.010000228881836 AB 3.9932765570864475 1.1759630588489869
60897.2323 lsst_hardware_z 145.03213336034457 71.94000244140625 30.969999313354492 AB 5.326413675275843 1.1803686815015717
60897.2429 lsst_hardware_r 149.52230443917222 105.68000030517578 31.6299991607666 AB 5.336451831253776 1.173233336540349
60899.2305 lsst_hardware_i -99.70138962727097 56.630001068115234 31.299999237060547 AB 3.187891504396325 1.1776111452287488
60899.243 lsst_hardware_z 35.5652903939409 55.560001373291016 30.959999084472656 AB 3.1687151462700687 1.1705273743340256
60902.1507 lsst_hardware_z 20.35299514970445 44.31999969482422 30.920000076293945 AB 4.3472365750979 1.2938204092553274
