data/validation/pwv_sim_epoch_fit_seasonal/52913440.ecsv
# %ECSV 0.9
# ---
# datatype:
# - {name: time, datatype: float64}
# - {name: band, datatype: string}
# - {name: flux, datatype: float64}
# - {name: fluxerr, datatype: float64}
# - {name: zp, datatype: float64}
# - {name: zpsys, datatype: string}
# - {name: pwv, datatype: float64}
# - {name: airmass, datatype: float64}
# meta: {SNID: '52913440', alt: 1024.0, c: -0.06444943696260452, dec: -40.423901, lat: -30.244573, lon: -70.7499537, ra: 24.609375, t0: 59904.19140625,
#   x0: 1.5423902206823875e-05, x1: 0.3986837863922119, z: 0.3831590414047241}
# schema: astropy-2.0
time band flux fluxerr zp zpsys pwv airmass
59844.3413 lsst_hardware_r -46.644206289735166 22.579999923706055 31.479999542236328 AB 1.6891976411160368 1.1047728195659776
59844.3519 lsst_hardware_u 0.6355634680268121 2.6500000953674316 28.3799991607666 AB 1.718122468038975 1.1325790824253967
59850.3225 lsst_hardware_r -20.732144370872458 22.260000228881836 31.469999313354492 AB 4.174931065640421 1.0990517020816029
59850.3337 lsst_hardware_i -34.30321143967391 30.729999542236328 31.229999542236328 AB 5.365965586113249 1.1274813439330984
59853.3298 lsst_hardware_z -8.793393586362908 42.619998931884766 30.93000030517578 AB 5.03079401371594 1.1397358436149552
59853.3431 lsst_hardware_r -5.629922789551486 22.90999984741211 31.459999084472656 AB 4.940893187165776 1.1829988277098074
59858.3143 lsst_hardware_z 43.06199790659082 52.689998626708984 30.959999084472656 AB 6.483338919591718 1.1343598022176746
59858.3258 lsst_hardware_r -13.171701256826433 48.709999084472656 31.59000015258789 AB 6.674880122593381 1.1702958881276473
59860.3182 lsst_hardware_y 68.23503382156264 81.2699966430664 30.760000228881836 AB 4.145462108125482 1.1631487396536144
59862.3025 lsst_hardware_r 24.93314078414839 106.41000366210938 31.639999389648438 AB 3.1680643662508703 1.1318557935873481
59862.3136 lsst_hardware_i -42.91401900347598 84.26000213623047 31.309999465942383 AB 3.262363865592926 1.1659975096683577
59864.3094 lsst_hardware_z -20.342634752897965 58.150001525878906 30.969999313354492 AB 6.1960013995322605 1.1702344622637109
59864.3209 lsst_hardware_r -46.43031630754398 74.81999969482422 31.610000610351562 AB 6.400887840180181 1.212576431954569
59867.2984 lsst_hardware_z 4.594482370012211 47.08000183105469 30.950000762939453 AB 6.604349621634501 1.160898158135704
59867.309 lsst_hardware_r 42.25362765643793 43.45000076293945 31.579999923706055 AB 6.797205435264715 1.1981677128969186
59869.3024 lsst_hardware_i 25.071490461043066 35.88999938964844 31.25 AB 6.459836784087351 1.193889346964326
59869.314 lsst_hardware_z -50.79085724141959 46.0099983215332 30.93000030517578 AB 6.721230895670074 1.2407853598763035
59871.2443 lsst_hardware_r 40.16674220942855 22.200000762939453 31.489999771118164 AB 2.4952828388496666 1.0584444703498055
59871.2559 lsst_hardware_z -27.109420728056712 41.70000076293945 30.950000762939453 AB 3.8982411939217902 1.079147696019689
59873.2417 lsst_hardware_r 8.560761325409532 22.239999771118164 31.489999771118164 AB 1.939686268431849 1.0631330602531373
59873.2524 lsst_hardware_u -0.5999080940957885 2.7300000190734863 28.479999542236328 AB 2.1545619260456688 1.0831026397112826
59875.2815 lsst_hardware_r -19.629045646094315 22.559999465942383 31.459999084472656 AB 4.255487290491751 1.1775820935293673
59875.2916 lsst_hardware_i -10.064379659096764 31.549999237060547 31.229999542236328 AB 4.447777403977094 1.2155164848037503
59877.2787 lsst_hardware_z -0.784740623417907 43.12207537942348 30.93000030517578 AB 4.510829783289556 1.1870604692867253
59877.2893 lsst_hardware_r 2.4071509393290773 22.888615496254246 31.450000762939453 AB 4.66840086293243 1.2285265428769552
59879.2321 lsst_hardware_r 25.560245688710562 23.11427252620794 31.489999771118164 AB 3.3477905691188727 1.075336246404842
59879.2424 lsst_hardware_u -1.6511340865024822 2.8822491906069465 28.479999542236328 AB 3.3903542612303146 1.0969357797399777
59881.2335 lsst_hardware_g 14.952619797066898 13.608222411514173 31.40999984741211 AB 3.5696294768579815 1.0892979789008184
59881.2433 lsst_hardware_i 123.06425965190954 32.611717281031886 31.25 AB 3.6616866252514813 1.1122421784795284
59883.27 lsst_hardware_r 371.1683621008661 29.925712264093917 31.469999313354492 AB 4.622694520108114 1.216498557923188
59883.2806 lsst_hardware_u 2.4510107255168276 3.3538053956721186 28.360000610351562 AB 4.797936657803867 1.2626149099483863
59885.2303 lsst_hardware_r 908.5911214541767 45.93594206502021 31.579999923706055 AB 4.716946291600196 1.107069481100791
59885.2414 lsst_hardware_y 143.12654152745793 50.11222519742331 30.020000457763672 AB 4.83223207270996 1.1367283163279134
59887.2283 lsst_hardware_z 687.769991095348 60.73450882593189 30.969999313354492 AB 6.324141058069615 1.1157787649316426
59887.2393 lsst_hardware_r 1566.3749893342597 74.89355678655198 31.6200008392334 AB 6.412630900272175 1.1467337873968573
59896.179 lsst_hardware_g 3472.4750518995725 67.96208369740943 31.65999984741211 AB 4.507088618500064 1.0633060733709359
59896.1897 lsst_hardware_r 4671.506132922921 79.28246133521739 31.59000015258789 AB 4.742198187678717 1.0833119789100438
59899.2077 lsst_hardware_u 25.282030612191758 5.626758441484594 28.299999237060547 AB 6.344990764905092 1.1503231481924499
59899.2201 lsst_hardware_g 2766.4137887876896 54.32008492653069 31.34000015258789 AB 8.905241517143583 1.1924533365216368
59901.1728 lsst_hardware_g 2833.0936340907638 55.16234370004879 31.3799991607666 AB 5.8687834394513105 1.076824532857802
59901.1858 lsst_hardware_r 4884.889070290125 73.729819882081 31.469999313354492 AB 6.348498836981749 1.105095754729405
59905.0869 lsst_hardware_i 3674.0053957390637 67.99228234865251 31.25 AB 3.8731285730110487 1.0167470877698441
59905.099 lsst_hardware_z 2531.535554010946 63.284375286456395 30.950000762939453 AB 3.89558815409424 1.015754592350037
59907.0865 lsst_hardware_r 4809.9684284273135 73.4268220628371 31.489999771118164 AB 8.055362983090744 1.0158513997759875
59907.0991 lsst_hardware_g 2384.8788566867042 50.742401167556245 31.399999618530273 AB 8.101142580792215 1.0166246022913348
59909.0831 lsst_hardware_r 4783.157813321668 71.84736365792705 31.489999771118164 AB 4.369815806186333 1.0156850870503602
59909.0958 lsst_hardware_i 3690.5810475774306 67.44003542607366 31.25 AB 3.585166421580916 1.0171887234655943
59911.1556 lsst_hardware_i 3648.0685456734436 66.6729900392102 31.239999771118164 AB 4.593940120873954 1.0982624056276646
59911.1679 lsst_hardware_u 1.0468605451016881 3.9850466606260007 28.3799991607666 AB 3.74778507123521 1.1295881060632662
59913.1614 lsst_hardware_g 1963.3969633136612 51.381265093227654 31.59000015258789 AB 5.879150827793814 1.1267057929847
59913.173 lsst_hardware_r 4158.680239394648 71.61627431765949 31.540000915527344 AB 5.137576740409022 1.1615592901669776
59917.12 lsst_hardware_i 3168.555881618464 78.94507641753744 31.31999969482422 AB 2.757439248703095 1.060553557193498
59917.1321 lsst_hardware_z 1961.7956941075051 69.36734276523066 30.969999313354492 AB 3.478537243589646 1.0827850619459183
59919.1218 lsst_hardware_r 3627.251418775951 97.66480022375404 31.639999389648438 AB 5.613518397188637 1.0732962742784429
59919.1336 lsst_hardware_z 1814.0799788340132 71.55018273993976 30.969999313354492 AB 6.026953480569792 1.097905725579581
59921.0831 lsst_hardware_r 3051.5843554754624 96.39919575281334 31.65999984741211 AB 3.133483960543158 1.0285520960259833
59921.0949 lsst_hardware_i 2678.891233675411 81.35059148144957 31.329999923706055 AB 3.9656681219732772 1.0405619019893584
59923.0816 lsst_hardware_z 1599.5316819868158 62.07391637646569 30.969999313354492 AB 7.5629436608727225 1.0321315129131228
59923.0951 lsst_hardware_i 2420.328198525411 69.2931874374204 31.309999465942383 AB 9.639713189609996 1.04779491191413
59926.0736 lsst_hardware_u -21.182309102657932 29.654008879037974 29.530000686645508 AB 11.596013324269846 1.0323166851480963
59926.0862 lsst_hardware_g 729.8496253113991 92.62482632362259 31.729999542236328 AB 12.466954731959975 1.0468368678435358
59928.0723 lsst_hardware_r 2007.0011520404585 91.65129247264136 31.65999984741211 AB 7.964512647365868 1.0365900758742206
59928.0853 lsst_hardware_i 1919.2793348225184 96.95788796510116 31.34000015258789 AB 8.198068504903002 1.0532835456563439
60149.3038 lsst_hardware_u -33.635728425853465 26.700000762939453 29.329999923706055 AB 6.586936913364418 1.2565694226181643
60158.4325 lsst_hardware_r 84.43719588580407 80.18000030517578 31.65999984741211 AB 1.2361925310089628 1.027876273011887
60160.2384 lsst_hardware_z 77.75776560961152 102.4000015258789 30.950000762939453 AB 2.1872926901345333 1.465931990037615
60162.4339 lsst_hardware_r 42.32957848185182 80.27999877929688 31.65999984741211 AB 2.900173145660513 1.040234270322996
60164.423 lsst_hardware_r -5.948380090983472 80.33999633789062 31.65999984741211 AB 1.8854032974305914 1.0342311011687282
60164.4337 lsst_hardware_i 44.57501790846022 85.88999938964844 31.34000015258789 AB 1.967093414332007 1.0468831369515736
60165.4254 lsst_hardware_z -133.00944462134234 105.37000274658203 31.010000228881836 AB 3.4840800408941983 1.039868688522273
60168.4266 lsst_hardware_u -0.7280859310236127 28.809999465942383 29.5 AB 3.479600165852754 1.0522454006913222
60178.3902 lsst_hardware_i 139.02041298694408 85.9800033569336 31.34000015258789 AB 1.2963633262993781 1.0402112949242754
60178.4018 lsst_hardware_z -272.78665744966224 105.26000213623047 31.0 AB 1.3486046630731303 1.0560036513460074
60179.3955 lsst_hardware_r -86.7258960902201 79.94000244140625 31.649999618530273 AB 2.4031220707785734 1.0506982747701992
60179.4067 lsst_hardware_g 0.26559991852790615 87.54000091552734 31.709999084472656 AB 2.4035580219352375 1.0687229977479937
60181.4065 lsst_hardware_r 16.699977883483214 79.66999816894531 31.639999389648438 AB 2.376755921058713 1.0786276020234686
60181.4172 lsst_hardware_i 45.60460662651264 85.08000183105469 31.31999969482422 AB 2.302227164306272 1.1018076881100405
60183.3884 lsst_hardware_z 15.961708827982244 105.05999755859375 31.0 AB 3.4176897291846267 1.056391230719405
60183.3992 lsst_hardware_i -21.841898232897172 85.4800033569336 31.329999923706055 AB 3.464365412263815 1.075055209391409
60185.3825 lsst_hardware_z -68.6437208743272 148.77999877929688 31.75 AB 7.912210595896318 1.0557121414200745
60193.2405 lsst_hardware_r 9.054574275217282 112.9000015258789 32.400001525878906 AB 0.4376861843151435 1.0778235608006816
60193.2567 lsst_hardware_i -121.48872015675748 85.93000030517578 31.34000015258789 AB 0.9207512868436407 1.0504863512192135
60198.3769 lsst_hardware_r -145.22793516204877 79.5999984741211 31.639999389648438 AB 2.7861376149830117 1.116986882927841
60198.3886 lsst_hardware_i 99.70758683469364 85.12000274658203 31.31999969482422 AB 2.8734233926563952 1.1503279636989738
60200.2022 lsst_hardware_u -33.75329726610864 48.31999969482422 30.6299991607666 AB 2.457600112393738 1.122191832143047
60200.2169 lsst_hardware_g 94.16804352884455 123.44999694824219 32.470001220703125 AB 2.5217838850391923 1.0869758125168933
60202.3204 lsst_hardware_z -194.76490368515266 105.19000244140625 31.0 AB 1.8470192369698464 1.035421416595321
60202.3306 lsst_hardware_r 84.62016114581398 79.97000122070312 31.649999618530273 AB 1.861424897205641 1.0477554653814762
60204.3253 lsst_hardware_u 14.723934831970391 28.940000534057617 29.510000228881836 AB 1.1802816765864774 1.0479748515750225
60204.3364 lsst_hardware_g 105.89510190742233 87.88999938964844 31.719999313354492 AB 1.2099804368190397 1.065123623960422
60210.3078 lsst_hardware_i 38.643022898800574 85.80000305175781 31.34000015258789 AB 2.0619684758286927 1.0464631723385203
60210.3211 lsst_hardware_z 100.8957392492192 105.05999755859375 31.0 AB 2.231381952773492 1.0670087042551066
60216.3153 lsst_hardware_z 107.46945011148078 105.0 31.0 AB 6.611377394061492 1.0875615666936889
60216.3274 lsst_hardware_r -34.39130892256002 79.55999755859375 31.639999389648438 AB 6.668748321483113 1.116061808540614
60217.213 lsst_hardware_r 9.79231975839862 113.66000366210938 32.40999984741211 AB 3.9412327336432793 1.0265631916763116
60217.229 lsst_hardware_y -147.8154543047798 114.38999938964844 30.09000015258789 AB 3.804841800200454 1.017677512591228
60222.3135 lsst_hardware_g 42.0644332472996 86.58000183105469 31.700000762939453 AB 7.759328050330827 1.1226150394730041
60222.3251 lsst_hardware_r -88.55079527132742 79.11000061035156 31.6200008392334 AB 8.002115820038226 1.156709427585751
60225.3067 lsst_hardware_r 1.8136042764060685 79.4000015258789 31.6299991607666 AB 4.1744313238880855 1.126398090633213
60225.3182 lsst_hardware_u 3.7471775115989003 27.350000381469727 29.399999618530273 AB 4.137359640888476 1.1608753201146116
60234.2057 lsst_hardware_r -68.04208142174404 80.38999938964844 31.65999984741211 AB 6.643748299574871 1.0171597294577501
60237.1992 lsst_hardware_g 179.22873218408193 88.58000183105469 31.75 AB 2.1566536661297766 1.0176895003368527
60237.216 lsst_hardware_r -63.55309612271285 80.45999908447266 31.65999984741211 AB 1.1414105787944393 1.027218160006995
60239.2835 lsst_hardware_i -10.720243722423037 84.83000183105469 31.309999465942383 AB 3.3197794373817513 1.1726525741369662
60239.2936 lsst_hardware_z 165.04906591247942 104.11000061035156 30.979999542236328 AB 2.9240842804207134 1.2098407531996196
60245.2336 lsst_hardware_r 31.29809469932466 79.87000274658203 31.639999389648438 AB 2.918460305405879 1.0823142241445038
60245.2438 lsst_hardware_z -39.66829371308629 104.88999938964844 31.0 AB 2.9636187381468897 1.1050032580711742
60247.2764 lsst_hardware_y 34.00183298874666 155.42999267578125 30.75 AB 4.374443706069515 1.228776321929639
60263.1766 lsst_hardware_z -103.69043249509673 104.88999938964844 31.0 AB 4.025822987088915 1.0673856792988727
60263.1888 lsst_hardware_i 5.769329643264697 85.19000244140625 31.329999923706055 AB 4.151414668987693 1.091520070723899
60268.177 lsst_hardware_r -41.93801016612747 79.5999984741211 31.639999389648438 AB 5.515873248254419 1.095651178227058
60268.1902 lsst_hardware_i 8.765514200942771 85.04000091552734 31.31999969482422 AB 5.797266200709328 1.1289160606999324
60270.1763 lsst_hardware_z -121.61699379389796 148.22000122070312 31.75 AB 4.13743883154267 1.1068589704503362
60272.0819 lsst_hardware_z 34.60151712451731 105.37000274658203 31.010000228881836 AB 7.650303456142529 1.016786743240634
60272.0951 lsst_hardware_r 80.96528253966117 80.36000061035156 31.65999984741211 AB 8.04798498202004 1.0158176937924992
60274.0827 lsst_hardware_z 89.03988959988126 105.30000305175781 31.0 AB 4.437095429000082 1.0157410367799697
60274.0954 lsst_hardware_r 16.871559297015185 80.36000061035156 31.65999984741211 AB 3.641242292623898 1.0168700840467018
60276.1582 lsst_hardware_z -16.716110460250647 104.66000366210938 30.989999771118164 AB 4.660827565271494 1.1027194555057391
60276.1705 lsst_hardware_i -5.872640906454075 84.83000183105469 31.31999969482422 AB 3.6829497214041313 1.13499054050822
60278.1586 lsst_hardware_u 5.291197607338866 27.989999771118164 29.450000762939453 AB 5.916000930046477 1.117333383076846
60278.1702 lsst_hardware_g -109.38799420265902 86.33000183105469 31.690000534057617 AB 5.098306723873806 1.1504264890274531
60280.1579 lsst_hardware_r 9.602023061402015 79.44000244140625 31.6299991607666 AB 7.309905747544499 1.130223019256517
60280.1695 lsst_hardware_i -70.99531907822504 84.97000122070312 31.31999969482422 AB 7.396202391552158 1.165735377464352
60284.1225 lsst_hardware_z 17.52096368072856 105.05999755859375 31.0 AB 5.582573644885372 1.0732966505162853
60284.1336 lsst_hardware_r 6.93594743493154 79.66999816894531 31.639999389648438 AB 6.018191231494411 1.0963095421247344
60286.1205 lsst_hardware_u -22.5077125573907 28.280000686645508 29.459999084472656 AB 4.110939896903207 1.0800026000577934
60286.132 lsst_hardware_r 5.747757330439107 79.26000213623047 31.6299991607666 AB 4.089887634835882 1.1053750364421302
60290.0713 lsst_hardware_r -25.276728290028483 80.16999816894531 31.65999984741211 AB 13.960213515437308 1.0272416126149602
60290.0828 lsst_hardware_u 38.053529601726794 28.989999771118164 29.510000228881836 AB 14.094924395021744 1.0383702566794624
60295.0711 lsst_hardware_i -2.32717848993203 30.40999984741211 31.25 AB 11.344866697154583 1.0406463822005259
60295.0831 lsst_hardware_z -11.382029013467026 41.20000076293945 30.940000534057617 AB 11.549166930337432 1.0571884323651848
