data/validation/pwv_sim_epoch_fit_seasonal/52974864.ecsv
# %ECSV 0.9
# ---
# datatype:
# - {name: time, datatype: float64}
# - {name: band, datatype: string}
# - {name: flux, datatype: float64}
# - {name: fluxerr, datatype: float64}
# - {name: zp, datatype: float64}
# - {name: zpsys, datatype: string}
# - {name: pwv, datatype: float64}
# - {name: airmass, datatype: float64}
# meta: {SNID: '52974864', alt: 1024.0, c: -0.06391341239213943, dec: -50.480045, lat: -30.244573, lon: -70.7499537, ra: 351.29718, t0: 60152.44921875,
#   x0: 1.5712671580073922e-05, x1: 0.13920193910598755, z: 0.38017895817756653}
# schema: astropy-2.0
time band flux fluxerr zp zpsys pwv airmass
60119.2591 lsst_hardware_u -129.11875598323957 52.27000045776367 30.610000610351562 AB 5.499813520566748 1.4525434071397345
60119.2987 lsst_hardware_g -2.5055449567157946 179.07000732421875 33.150001525878906 AB 4.334379922244347 1.2606660300288952
60122.4363 lsst_hardware_i 58.842146680911114 91.13999938964844 31.329999923706055 AB 7.648343384350469 1.074406731272308
60124.3929 lsst_hardware_z 12.496141280931745 116.23999786376953 31.0 AB 2.4881514897134167 1.0661983244023114
60124.4049 lsst_hardware_r 23.28406175943833 85.29000091552734 31.649999618530273 AB 2.470774333442413 1.0649124344986092
60126.4322 lsst_hardware_z -162.30425700275305 112.41492567068079 31.0 AB 10.053862101211326 1.0797446231701384
60126.4436 lsst_hardware_g 103.96004074050471 91.89395864126497 31.709999084472656 AB 10.160743260515746 1.091418589335383
60131.4246 lsst_hardware_z 308.2223741578834 113.27484644880144 31.0 AB 5.711104533395195 1.0855033563117502
60131.4365 lsst_hardware_r 247.6386684655313 85.25521230879524 31.639999389648438 AB 5.770572970750391 1.0997328068513148
60133.3839 lsst_hardware_i 560.5500077105792 94.48237518591607 31.34000015258789 AB 1.7597407318322849 1.0652183606729957
60133.3961 lsst_hardware_z 497.2214852869257 114.30544574509864 31.0 AB 1.5129631060664772 1.0686654466300387
60138.3274 lsst_hardware_i 1603.0677575564841 102.14941980433396 31.329999923706055 AB 6.60398351449515 1.0826202482778935
60138.34 lsst_hardware_z 1058.6031041904644 120.68414436100868 31.0 AB 6.538979683693415 1.0726672709470826
60144.4096 lsst_hardware_r 4798.342565880089 108.29644521780277 31.639999389648438 AB 3.0792855606246605 1.1124921489536632
60144.4207 lsst_hardware_u 100.50006329827846 31.485019900302014 29.440000534057617 AB 3.5401813685223176 1.1322541690369885
60147.3969 lsst_hardware_i 3727.2824699344474 111.39824418363344 31.329999923706055 AB 5.876973560381088 1.1055255004479096
60147.4081 lsst_hardware_z 2203.8322662916785 124.95336569727706 30.989999771118164 AB 6.039249556104526 1.123947249077286
60158.3371 lsst_hardware_i 3828.57016918681 113.42019992778941 31.34000015258789 AB 1.5310275865058873 1.0737773838732114
60158.3499 lsst_hardware_r 5190.214202329172 112.0640983276972 31.649999618530273 AB 1.5430549562921512 1.084494522402824
60160.1008 lsst_hardware_i 6790.670266208336 144.46466458586207 31.920000076293945 AB 3.442059845612636 1.8428910965667975
60160.1108 lsst_hardware_z 4452.505621993987 165.40758571601734 31.649999618530273 AB 3.234278391126805 1.7372248643096135
60162.3458 lsst_hardware_r 4227.677399956242 108.15214916034908 31.639999389648438 AB 2.844536913560344 1.091987682354654
60162.3556 lsst_hardware_i 3569.9132155657867 111.23323009455225 31.329999923706055 AB 2.8989074098650995 1.1050121952409768
60165.3377 lsst_hardware_z 2056.090563599009 120.4775101444442 31.0 AB 5.369290218097531 1.092096047614625
60165.348 lsst_hardware_g 1547.7332205709122 100.72831642160357 31.709999084472656 AB 5.4315533018393864 1.1058848217121828
60168.3007 lsst_hardware_r 3264.3043945057016 101.14987790623314 31.649999618530273 AB 2.686084174090297 1.068733756269349
60168.3133 lsst_hardware_z 1621.5196566311085 119.82602521786974 31.0 AB 2.6945692763406397 1.0762850353189655
60176.3157 lsst_hardware_i 2168.655888268611 101.61741831739134 31.329999923706055 AB 2.63078203954227 1.1025909637645726
60176.3268 lsst_hardware_r 1997.7955415120266 93.57371857442665 31.639999389648438 AB 2.6799841862322618 1.120160579407424
60178.306 lsst_hardware_u -4.072304268339958 30.918419342586542 29.469999313354492 AB 2.0143222408888657 1.0968267034516013
60178.3182 lsst_hardware_g 663.8427074961837 94.67540492355009 31.700000762939453 AB 2.0523834066936297 1.1148198841355947
60179.3112 lsst_hardware_r 1653.821574568886 91.84430334753348 31.639999389648438 AB 2.237205099185657 1.1080300957624285
60179.3228 lsst_hardware_i 2008.575938480565 100.3857694354703 31.31999969482422 AB 2.285879798950364 1.1277621011966357
60183.3127 lsst_hardware_z 2444.9862371884024 166.23543146963124 31.739999771118164 AB 3.3972646304819523 1.1293159247010562
60185.2544 lsst_hardware_z 2658.0696461555517 166.4524498621199 31.75 AB 6.434103138093231 1.0687878966932278
60193.0446 lsst_hardware_g 290.85904756116133 86.17636657994161 31.540000915527344 AB 0.9782618217726063 1.5355319635410434
60193.0516 lsst_hardware_r 649.9539299247425 83.65864188896113 31.549999237060547 AB 0.9878532843614886 1.4873575172318525
60198.2407 lsst_hardware_r 520.920639670476 86.64515097704825 31.639999389648438 AB 2.417016216595663 1.0845122120530943
60198.2519 lsst_hardware_i 949.1722409522034 96.10471907326544 31.329999923706055 AB 3.060540476851015 1.097492401452671
60204.195 lsst_hardware_r 295.4338520561842 86.37408815433628 31.649999618530273 AB 0.8543657608651644 1.0661802340247475
60204.2067 lsst_hardware_i 678.3142472498458 95.46861735011571 31.34000015258789 AB 0.883995702790852 1.0708609361486872
60208.2213 lsst_hardware_i 533.6768538588889 94.63008002697465 31.329999923706055 AB 3.542348341814271 1.0933173894489887
60208.233 lsst_hardware_z 510.7460803017691 114.57353325420857 30.989999771118164 AB 3.579030728137881 1.1095476061191507
60210.2219 lsst_hardware_r 427.7039464127794 87.18337222464547 31.639999389648438 AB 2.1907286094850864 1.1012375717919864
60210.2337 lsst_hardware_g 235.85061187651402 94.07351107254647 31.690000534057617 AB 2.1951711507149603 1.119699643312792
60212.2255 lsst_hardware_r 426.9076682754937 86.96274467086444 31.6299991607666 AB 6.749094732800054 1.1150460093015662
60212.2366 lsst_hardware_i 471.33089265544714 96.50756790319836 31.31999969482422 AB 6.863327143138176 1.1353412604788689
60214.1641 lsst_hardware_z 524.5531404195316 114.58885745529388 31.0 AB 4.147556922450909 1.0654339827334613
60214.1762 lsst_hardware_i 436.4858788818342 94.31659551122394 31.329999923706055 AB 4.234027903646584 1.0692439674177998
60216.2409 lsst_hardware_z 783.1813416030793 160.74690652530637 31.739999771118164 AB 5.407122282331082 1.1697187248828116
60224.1787 lsst_hardware_z -74.82226266742498 112.41999816894531 31.0 AB 4.929198845377931 1.094668014149014
60228.1792 lsst_hardware_i 161.24904956208064 93.37999725341797 31.31999969482422 AB 4.277780635223034 1.1108233277650648
60228.1909 lsst_hardware_z -285.51862751663487 115.48999786376953 30.989999771118164 AB 4.361283470925644 1.1313805536579127
60239.161 lsst_hardware_z 83.29654981254795 112.13999938964844 30.989999771118164 AB 4.257829349030764 1.1316489964201368
60239.1726 lsst_hardware_r -108.67174440188614 82.61000061035156 31.6299991607666 AB 3.2240217482554545 1.156392305687293
60241.1571 lsst_hardware_z -190.25686835853705 112.16999816894531 30.989999771118164 AB 3.2478575799601304 1.1347218377010317
60241.1683 lsst_hardware_r 33.983024341969035 82.76000213623047 31.6299991607666 AB 2.8387814867979437 1.1591200054971798
60243.1574 lsst_hardware_i 37.65341860838943 90.5199966430664 31.31999969482422 AB 2.8798635508499433 1.1467468346893854
60243.169 lsst_hardware_z -98.5096746311674 111.72000122070312 30.989999771118164 AB 1.4456765288939104 1.1743919812298216
60247.1443 lsst_hardware_y 60.02562983378564 123.95999908447266 30.030000686645508 AB 6.341658560687981 1.1420752889448176
60247.1545 lsst_hardware_g 63.50997536750758 92.26000213623047 31.670000076293945 AB 6.445610032475738 1.1653607001401873
60261.0494 lsst_hardware_z -142.6617925082368 112.55000305175781 31.0 AB 4.693061431034467 1.070009446200289
60261.061 lsst_hardware_r 104.37870091333451 83.41999816894531 31.649999618530273 AB 4.700998323905982 1.0775927390042364
60263.0473 lsst_hardware_u 0.6185864807352415 30.979999542236328 29.5 AB 5.65831004675918 1.071852632460538
60263.0588 lsst_hardware_g -45.51032637418959 92.29000091552734 31.719999313354492 AB 5.769083990989253 1.0803528073013582
60265.0479 lsst_hardware_r -51.11295690401506 83.33999633789062 31.639999389648438 AB 4.029806143283756 1.0759060588129106
60265.0602 lsst_hardware_z -114.82365529386365 112.30000305175781 31.0 AB 4.1523698818201025 1.0870789663776725
60483.4204 lsst_hardware_z 79.52003047650209 89.6500015258789 31.739999771118164 AB 3.0676184324563054 1.0648371764385007
60483.4321 lsst_hardware_y -51.067695205057 55.540000915527344 30.049999237060547 AB 3.0534959386437803 1.0665682219103094
60484.4194 lsst_hardware_r -129.49717261806623 91.86000061035156 31.649999618530273 AB 4.178583309940604 1.0648785193529113
60484.432 lsst_hardware_y -100.52267920884064 56.68000030517578 30.049999237060547 AB 4.25832074753186 1.0674266579708873
60486.4246 lsst_hardware_r -50.61762123261738 75.58999633789062 31.639999389648438 AB 6.214858629513711 1.0667759055094341
60486.4382 lsst_hardware_y 10.195377034624112 59.29999923706055 30.040000915527344 AB 6.2539561813874 1.0733334407415447
60491.1962 lsst_hardware_r 16.38760124919379 24.31999969482422 31.329999923706055 AB 13.734229484735241 1.82193871054094
60491.2102 lsst_hardware_g 1.174363309300839 13.3100004196167 31.18000030517578 AB 12.869768838043873 1.68155338577688
60492.4315 lsst_hardware_z -65.63416397975253 42.25 30.940000534057617 AB 7.946407003505014 1.0808864560825673
60492.4439 lsst_hardware_r 52.550580725369635 32.38999938964844 31.559999465942383 AB 8.076281500931392 1.094198821424115
60494.4276 lsst_hardware_u 1.1146655699998007 2.9100000858306885 28.5 AB 6.215839790386418 1.0823332387926607
60494.44 lsst_hardware_g -18.17275666435796 21.940000534057617 31.559999465942383 AB 6.354506247582741 1.0961715107094603
60496.4306 lsst_hardware_r -0.9966031024285081 22.719999313354492 31.489999771118164 AB 5.70732094084575 1.0913181205307292
60496.4424 lsst_hardware_z 10.809945810436389 55.810001373291016 30.969999313354492 AB 5.834462714856125 1.10716119642411
60498.4225 lsst_hardware_r 1.5879443074092214 22.170000076293945 31.479999542236328 AB 2.288343832673287 1.0883055640489119
60498.4336 lsst_hardware_u -1.7179189005366948 3.4800000190734863 28.579999923706055 AB 2.3224923430867443 1.1022744865148286
60500.3823 lsst_hardware_g 8.73702059571738 13.15999984741211 31.3799991607666 AB 10.328537773529685 1.065713269839772
60500.3949 lsst_hardware_r -44.83973752525229 21.979999542236328 31.479999542236328 AB 10.227218008584025 1.0703338168095586
60505.4004 lsst_hardware_z 10.6672086074454 41.369998931884766 30.940000534057617 AB 5.154876162077623 1.0851228632938898
60505.4119 lsst_hardware_r -18.994770237553837 22.18000030517578 31.469999313354492 AB 5.25840587476655 1.0987057824418198
60512.4007 lsst_hardware_z 10.833978044087049 70.11000061035156 30.979999542236328 AB 5.928523248172099 1.110210346099644
60512.4125 lsst_hardware_r -81.16701221910255 100.55999755859375 31.639999389648438 AB 5.993435768491622 1.1308369374512495
60515.3986 lsst_hardware_i -4.3715809122208675 63.47999954223633 31.299999237060547 AB 6.852457706967027 1.1203233396496408
60515.4101 lsst_hardware_z 23.19932283117809 60.130001068115234 30.959999084472656 AB 7.097564423994373 1.1425570547318695
60518.3941 lsst_hardware_g -60.88805999396019 35.099998474121094 31.639999389648438 AB 3.952958558943593 1.1270017274251156
60518.4062 lsst_hardware_i 7.214219166715584 38.380001068115234 31.260000228881836 AB 4.0553624194844025 1.1519552381065885
60528.3335 lsst_hardware_r -8.011887952372506 22.440000534057617 31.469999313354492 AB 4.624043784472897 1.081141871515758
60528.3444 lsst_hardware_i -28.750231680558546 30.81999969482422 31.239999771118164 AB 4.6855128214419 1.0927035497765625
60532.3326 lsst_hardware_u 4.43079419941449 2.5899999141693115 28.34000015258789 AB 6.155459943206091 1.0916516806347998
60532.3443 lsst_hardware_g 16.54488261216031 13.539999961853027 31.3799991607666 AB 5.980158975571339 1.1074368473280256
60534.2879 lsst_hardware_r 5.909978200045087 22.420000076293945 31.489999771118164 AB 3.622418278044088 1.0654171406012023
60534.3 lsst_hardware_z 29.02774401188384 41.40999984741211 30.950000762939453 AB 3.8494779183495558 1.0692994217637655
60538.313 lsst_hardware_z -33.18590272566956 73.12999725341797 31.719999313354492 AB 4.562174995760238 1.087980682229831
60540.3124 lsst_hardware_r 40.64497771314741 97.51000213623047 31.649999618530273 AB 2.9403284757798662 1.0936348668554814
60540.3232 lsst_hardware_i 100.22297641330265 77.97000122070312 31.31999969482422 AB 2.977620004810082 1.1085703666456002
60542.3154 lsst_hardware_z -36.017573687717075 76.48999786376953 30.979999542236328 AB 1.6170584681448497 1.1050513449737014
60542.3276 lsst_hardware_r -256.2678029903482 113.5999984741211 31.639999389648438 AB 1.660787819086406 1.125194999381034
60545.3035 lsst_hardware_r -55.438649715289856 57.630001068115234 31.6299991607666 AB 3.421651464307712 1.099796902868499
60545.3142 lsst_hardware_z -48.768869200735985 51.560001373291016 30.969999313354492 AB 3.4878328347431613 1.1160469846119656
60548.3057 lsst_hardware_g 12.442431772273345 26.420000076293945 31.600000381469727 AB 3.3618374897307617 1.1155306347961824
60548.3175 lsst_hardware_r 13.01160197544939 30.739999771118164 31.540000915527344 AB 3.4124470697280853 1.137355983688952
60554.292 lsst_hardware_z 16.92378935839206 42.22999954223633 30.940000534057617 AB 2.8954891430297596 1.1201118541701198
60554.3022 lsst_hardware_r -12.820579007227634 22.809999465942383 31.479999542236328 AB 3.0626170145326657 1.1395784240119353
60558.2873 lsst_hardware_r -25.9000951581714 22.75 31.479999542236328 AB 0.9771308381644319 1.1315933273473444
60558.2989 lsst_hardware_z 52.55210719002535 42.650001525878906 30.940000534057617 AB 0.8094371248963942 1.1563387498519917
60560.2488 lsst_hardware_r 6.768324331128497 22.34000015258789 31.469999313354492 AB 2.6109534645404544 1.0836829542918323
60560.2596 lsst_hardware_i 39.86437743067934 30.600000381469727 31.229999542236328 AB 3.0834239818914826 1.0959063999851255
60567.2429 lsst_hardware_z -6.456549276277972 76.41000366210938 31.719999313354492 AB 0.9369653426534944 1.0990795808232123
60569.1873 lsst_hardware_z -28.76499837026486 66.77999877929688 30.989999771118164 AB 0.8744505471143569 1.0648880216533674
60569.1988 lsst_hardware_r 23.946697090300976 93.3499984741211 31.649999618530273 AB 0.8635942925834413 1.0670440188428023
60572.2258 lsst_hardware_z 27.131742040218363 62.84000015258789 30.979999542236328 AB 6.356518864993528 1.094599006686025
60572.2374 lsst_hardware_i -55.107840376861574 70.38999938964844 31.31999969482422 AB 6.469340513537459 1.111029655700969
60575.219 lsst_hardware_z -9.615940902374055 47.029998779296875 30.950000762939453 AB 2.154912517867513 1.096368617587019
60575.2317 lsst_hardware_g 57.50774181127832 46.619998931884766 31.670000076293945 AB 2.173273311153314 1.1150709651889756
60579.219 lsst_hardware_r -19.502539805208624 22.190000534057617 31.459999084472656 AB 3.746898503162102 1.1121693390212415
60579.2307 lsst_hardware_i 41.101287353107004 30.75 31.219999313354492 AB 3.800978983667655 1.1330422248613248
60581.2433 lsst_hardware_z 76.77231644656528 42.68000030517578 30.93000030517578 AB 5.405113687336375 1.174025091824704
60581.2553 lsst_hardware_u 2.4211962408972956 2.509999990463257 28.25 AB 5.563510860814831 1.2077959752836307
60583.1815 lsst_hardware_z -6.8454818453745245 41.630001068115234 30.940000534057617 AB 5.125857653984271 1.0795256471298418
60583.1932 lsst_hardware_r 2.1736836718220074 22.139999389648438 31.469999313354492 AB 5.194370175643236 1.0914835418456055
60589.1822 lsst_hardware_r 41.36240394392355 22.309999465942383 31.479999542236328 AB 5.0363616568125105 1.0982435013946963
60589.1938 lsst_hardware_u -4.662514966601726 2.7300000190734863 28.469999313354492 AB 5.081645816390001 1.1156192791197759
60591.1405 lsst_hardware_g 13.778572310512429 19.56999969482422 32.189998626708984 AB 3.7433689862404043 1.0676782695525284
60591.1525 lsst_hardware_r 22.50765941970697 31.43000030517578 32.25 AB 3.7600770406596955 1.074000868511735
60593.1743 lsst_hardware_i 4.92300299540816 33.959999084472656 31.260000228881836 AB 4.263883807434493 1.102395951420189
60593.1865 lsst_hardware_z -69.94332261998309 43.68000030517578 30.950000762939453 AB 4.335817566368602 1.121864047531658
60595.1602 lsst_hardware_r -132.04922484198292 48.91999816894531 31.6200008392334 AB 6.377685302976596 1.0912129982991714
60595.1714 lsst_hardware_z -9.233363555510115 49.349998474121094 30.959999084472656 AB 7.0393432422339846 1.106119302676616
60597.1648 lsst_hardware_z 37.01875348729766 58.79999923706055 30.969999313354492 AB 6.850295424512254 1.104441019671556
60597.1759 lsst_hardware_r -174.92014212541196 73.62000274658203 31.6299991607666 AB 7.326539197482197 1.122439872967347
60598.1606 lsst_hardware_i 3.785973394341566 66.91000366210938 31.31999969482422 AB 8.577510113290979 1.1023306169690483
60598.1718 lsst_hardware_z 27.730337967950646 62.15999984741211 30.969999313354492 AB 8.495252223235262 1.1200191902660384
60600.1594 lsst_hardware_r -103.28821330370289 91.72000122070312 31.639999389648438 AB 6.774437278257985 1.1086249091628824
60600.171 lsst_hardware_z 69.05578277507395 64.5 30.969999313354492 AB 6.571245894584615 1.1284983504352364
60604.1563 lsst_hardware_i -13.98896716570324 40.400001525878906 31.280000686645508 AB 4.231709859693568 1.1215769572472614
60604.1671 lsst_hardware_z 76.35440345818289 47.439998626708984 30.950000762939453 AB 3.2226297642347115 1.142573928110162
60608.1611 lsst_hardware_r -20.743353059962224 22.6200008392334 31.479999542236328 AB 2.973488767445041 1.1534091417552523
60608.1722 lsst_hardware_i 30.603593187189873 31.360000610351562 31.239999771118164 AB 1.5171237038723677 1.1809473564133637
60610.1418 lsst_hardware_i -4.468397151247119 30.989999771118164 31.239999771118164 AB 3.2587710744642 1.1249749113538277
60610.1534 lsst_hardware_z 70.84667005803253 42.81999969482422 30.940000534057617 AB 3.263602373473232 1.1483807430920683
60612.1052 lsst_hardware_z -6.5324652928194835 41.61000061035156 30.959999084472656 AB 6.49287686854948 1.0821461447582468
60612.1155 lsst_hardware_r -18.95608507421422 22.479999542236328 31.5 AB 6.559676946184021 1.0932794910306702
60614.1483 lsst_hardware_g 9.932199334293042 13.539999961853027 31.389999389648438 AB 5.349314903232551 1.1618211224917567
60614.1589 lsst_hardware_r -24.90246212679781 22.829999923706055 31.469999313354492 AB 5.5045631887559425 1.1894043190916037
60616.1462 lsst_hardware_i -29.474615412064846 31.309999465942383 31.239999771118164 AB 4.586585747415311 1.170122009672921
60616.1581 lsst_hardware_z 20.182035569141096 43.279998779296875 30.940000534057617 AB 4.7206261455651175 1.2028860711099614
60625.0786 lsst_hardware_z 33.99848033664941 51.310001373291016 30.959999084472656 AB 5.013622309963927 1.0915987974157149
60625.0821 lsst_hardware_r -47.92934380968856 55.779998779296875 31.6200008392334 AB 4.972227703330117 1.0959083926891615
60627.0537 lsst_hardware_y -45.52279242909918 72.36000061035156 30.790000915527344 AB 4.103956700620026 1.0736783903254044
60628.0521 lsst_hardware_r 61.22410607433732 72.37000274658203 31.639999389648438 AB 5.723054576763591 1.0744493714002799
60628.0629 lsst_hardware_i -18.42817858056023 58.86000061035156 31.309999465942383 AB 5.743566666413135 1.0834873922682149
60630.0488 lsst_hardware_z -1.3915992639036543 56.02000045776367 30.969999313354492 AB 4.1060726589043925 1.076014847721277
60630.0624 lsst_hardware_r 61.07156221036499 75.44999694824219 31.639999389648438 AB 4.133979927032619 1.0886773130643577
