data/validation/pwv_sim_epoch_fit_seasonal/53229828.ecsv
# %ECSV 0.9
# ---
# datatype:
# - {name: time, datatype: float64}
# - {name: band, datatype: string}
# - {name: flux, datatype: float64}
# - {name: fluxerr, datatype: float64}
# - {name: zp, datatype: float64}
# - {name: zpsys, datatype: string}
# - {name: pwv, datatype: float64}
# - {name: airmass, datatype: float64}
# meta: {SNID: '53229828', alt: 1024.0, c: -0.03679254278540611, dec: -37.1689, lat: -30.244573, lon: -70.7499537, ra: 185.097656, t0: 61108.25,
#   x0: 5.084644928530849e-06, x1: -1.3260095119476318, z: 0.6092360615730286}
# schema: astropy-2.0
time band flux fluxerr zp zpsys pwv airmass
[from data line 132]
61467.2857 lsst_hardware_r 8.972592582798779 22.739999771118164 31.5 AB 5.950007669234872 1.0136299266158215
61469.1174 lsst_hardware_r 35.65693983638774 23.649999618530273 31.43000030517578 AB 14.045025200756198 1.3609300754919456
61469.1382 lsst_hardware_i 17.10513564402911 32.0 31.209999084472656 AB 12.814358810929438 1.2481518322333869
61471.2659 lsst_hardware_u 0.3151952122302167 2.6600000858306885 28.440000534057617 AB 9.770430932612664 1.009611476817605
61471.2785 lsst_hardware_g 10.574721500611457 13.600000381469727 31.420000076293945 AB 9.84365195008835 1.015979077297406
61473.1143 lsst_hardware_g -41.85948885299671 13.6899995803833 31.299999237060547 AB 13.479637884823815 1.3146056696158686
61473.1352 lsst_hardware_r -8.05182554552038 23.1200008392334 31.450000762939453 AB 11.603117435509256 1.2131653123245179
61482.1739 lsst_hardware_y 56.99189001872691 48.58000183105469 30.049999237060547 AB 7.142739986978626 1.0434466284055257
61482.1944 lsst_hardware_r 100.41527804073083 44.65999984741211 31.6299991607666 AB 7.025546377387608 1.0199689862641708
61482.2379 lsst_hardware_i -15.889708965455211 38.43000030517578 31.299999237060547 AB 5.960992903472351 1.010337780249551
61482.2494 lsst_hardware_r -18.97082673584909 34.54999923706055 31.600000381469727 AB 5.998127286273382 1.0166317434361665
61488.2275 lsst_hardware_r 186.6358333411943 113.47000122070312 31.670000076293945 AB 5.979576628478793 1.0131441254623506
61488.2413 lsst_hardware_i -76.97353143190928 89.45999908447266 31.34000015258789 AB 6.058561219344278 1.023520872735265
61495.0779 lsst_hardware_r -20.435711906574948 23.75 31.479999542236328 AB 5.749800901730226 1.201839589283454
61495.0962 lsst_hardware_z -78.21946085540121 42.90999984741211 30.940000534057617 AB 5.801448265780697 1.1372601354140057
61495.2095 lsst_hardware_r 4.276108933722376 24.110000610351562 31.530000686645508 AB 3.9165638429449325 1.013778389028119
61495.2209 lsst_hardware_z -27.242083547356412 41.43000030517578 30.959999084472656 AB 3.9346491241863704 1.0223187071611706
61502.0765 lsst_hardware_i 28.846820418312326 31.3700008392334 31.229999542236328 AB 12.338846067255721 1.1390755516437676
61502.0946 lsst_hardware_z -39.4677136237662 41.869998931884766 30.940000534057617 AB 11.200035378854611 1.0900454552892558
61506.0696 lsst_hardware_g 12.306343656508698 14.369999885559082 31.420000076293945 AB 3.5644906457191134 1.1269631866323109
61506.0905 lsst_hardware_i 83.52978323685336 31.040000915527344 31.25 AB 4.260744658826998 1.0749954986317645
61510.1398 lsst_hardware_z 2.656972769101257 44.0 30.959999084472656 AB 10.649041071683545 1.0085274241579265
61510.1519 lsst_hardware_r 16.200008870361664 37.130001068115234 31.610000610351562 AB 10.67272335480915 1.0079383637986354
61512.0774 lsst_hardware_y -89.24446115973929 51.18000030517578 30.049999237060547 AB 15.609663484052284 1.068368392043686
61512.0958 lsst_hardware_r 16.753822281656415 64.19000244140625 31.649999618530273 AB 14.751257145148804 1.0381020522278332
61521.1128 lsst_hardware_i -39.69472015272781 39.0 31.299999237060547 AB 9.87839611527998 1.0079996035999979
61521.1243 lsst_hardware_z 8.43021223907381 45.36000061035156 30.969999313354492 AB 9.88145091142162 1.008311317492002
61524.9765 lsst_hardware_y 17.81552707476591 50.31999969482422 29.950000762939453 AB 14.508751608567406 1.291867769554121
61524.9948 lsst_hardware_r -7.188689198841341 23.31999969482422 31.459999084472656 AB 13.50437891764242 1.2066459196702088
61526.9766 lsst_hardware_z 32.20112805245278 44.68000030517578 30.93000030517578 AB 11.80554233327543 1.2636159197882935
61526.9963 lsst_hardware_g 9.019655930154515 14.039999961853027 31.3799991607666 AB 10.993789759700428 1.1795911759335223
61539.9768 lsst_hardware_y 24.248621033539823 73.58000183105469 30.780000686645508 AB 7.367775405565431 1.1268583337596887
61541.967 lsst_hardware_z -115.73585706332238 68.9800033569336 30.979999542236328 AB 11.934148501385808 1.139951141597634
61541.9872 lsst_hardware_r -5.486146613596613 89.54000091552734 31.649999618530273 AB 11.303282891214451 1.0858622307713741
61545.9634 lsst_hardware_y -83.1518786202816 57.790000915527344 30.030000686645508 AB 7.931392380927431 1.1183444988089142
61545.9808 lsst_hardware_i 24.487079630056755 75.36000061035156 31.329999923706055 AB 7.726134308309003 1.0760008321210628
61547.9645 lsst_hardware_y -9.865624277898679 48.880001068115234 30.030000686645508 AB 2.0455743142866702 1.1009549592502756
61548.0353 lsst_hardware_r 25.831701399976225 76.0999984741211 32.380001068115234 AB 1.427644813980718 1.0086986438868126
61551.9618 lsst_hardware_z -62.06598537290595 43.18000030517578 30.950000762939453 AB 6.311934533938845 1.0816132747939229
61551.9816 lsst_hardware_i -27.176408045054387 30.149999618530273 31.239999771118164 AB 6.135244323561122 1.0451864265010429
61553.96 lsst_hardware_y -51.716314320490135 51.150001525878906 30.049999237060547 AB 9.451861185731495 1.073831082223528
61553.9792 lsst_hardware_r 22.37106754456028 22.31999969482422 31.5 AB 9.234996572708251 1.040738893639273
61561.0175 lsst_hardware_g 2.5451969067306193 13.529999732971191 31.420000076293945 AB 10.28889374615333 1.008846948570401
61561.0307 lsst_hardware_r -7.966308422476873 22.149999618530273 31.489999771118164 AB 10.293849245975784 1.0146388401211717
61572.0136 lsst_hardware_z -85.38552421407373 87.81999969482422 31.739999771118164 AB 9.427133006178744 1.025152660390971
