data/validation/pwv_sim_epoch_fit_seasonal/53292047.ecsv
# %ECSV 0.9
# ---
# datatype:
# - {name: time, datatype: float64}
# - {name: band, datatype: string}
# - {name: flux, datatype: float64}
# - {name: fluxerr, datatype: float64}
# - {name: zp, datatype: float64}
# - {name: zpsys, datatype: string}
# - {name: pwv, datatype: float64}
# - {name: airmass, datatype: float64}
# meta: {SNID: '53292047', alt: 1024.0, c: -0.12218619883060455, dec: -30.345182, lat: -30.244573, lon: -70.7499537, ra: 82.089844, t0: 61785.8046875,
#   x0: 7.757111345987284e-06, x1: 0.697068989276886, z: 0.5109496712684631}
# schema: astropy-2.0
time band flux fluxerr zp zpsys pwv airmass
[from data line 132]
62067.182 lsst_hardware_g 14.21885249872802 13.1899995803833 31.25 AB 3.264818989981985 1.477516513794834
62067.1997 lsst_hardware_i 35.69171015000521 32.38999938964844 31.209999084472656 AB 3.311255138651527 1.3466773423656229
62070.1822 lsst_hardware_z 32.768926578301965 48.40999984741211 30.920000076293945 AB 3.5076519011906537 1.4110567487190024
62070.2006 lsst_hardware_r 10.650978951126353 35.0 31.540000915527344 AB 3.069967674493946 1.2919380008391146
62075.1938 lsst_hardware_y 23.592872771431562 75.33999633789062 30.729999542236328 AB 5.545925428906153 1.2553022700103877
62077.1722 lsst_hardware_z -21.89886582258409 66.62000274658203 30.950000762939453 AB 4.883648132555031 1.3479569783480625
62077.1903 lsst_hardware_r 158.15391846159085 90.63999938964844 31.610000610351562 AB 4.674922914603446 1.2454836591457161
62079.1715 lsst_hardware_i -52.98307445066043 70.7699966430664 31.290000915527344 AB 4.8305056941434215 1.3182795098975764
62079.1892 lsst_hardware_z -19.691513563353155 63.5 30.969999313354492 AB 4.563612037054633 1.224637605542636
62081.1677 lsst_hardware_r 64.75812057059824 62.650001525878906 31.56999969482422 AB 7.095203876284317 1.308414342591035
62081.1851 lsst_hardware_z 32.28002930502686 55.689998626708984 30.950000762939453 AB 6.496530086124516 1.2184039921465963
62083.1996 lsst_hardware_i -41.063225344416956 38.54999923706055 31.270000457763672 AB 6.796520404910203 1.140116654210141
62083.2182 lsst_hardware_z -43.01065051653935 46.06999969482422 30.950000762939453 AB 8.535868716740485 1.0860344437943874
62086.1941 lsst_hardware_r -3.1272618903112193 22.110000610351562 31.469999313354492 AB 3.837819432135018 1.1312658606146309
62086.2131 lsst_hardware_u 1.6961413149347595 2.5899999141693115 28.3799991607666 AB 7.467638931618936 1.0785540973632692
62088.2011 lsst_hardware_g -24.59128950211621 12.8100004196167 31.350000381469727 AB 4.384014628145802 1.0948631745629473
62088.2181 lsst_hardware_r -7.345860806108697 21.540000915527344 31.469999313354492 AB 7.561187465413802 1.0561055192978765
62091.1828 lsst_hardware_z 27.12739318586905 42.0099983215332 30.940000534057617 AB 3.0258200357264555 1.123830524891438
62091.1986 lsst_hardware_r 22.873113876039564 21.81999969482422 31.469999313354492 AB 2.433711364121194 1.0805689262377929
62095.1918 lsst_hardware_g -4.245063307466411 13.020000457763672 31.3799991607666 AB 3.348416023866928 1.071064701756714
62095.2079 lsst_hardware_i 7.1569326823247374 29.6200008392334 31.239999771118164 AB 3.244752003455927 1.0402624643728984
62096.2088 lsst_hardware_u -2.0304826066874644 2.5199999809265137 28.34000015258789 AB 3.2383759358104736 1.03462489961972
62096.2248 lsst_hardware_g 6.201562722780007 12.829999923706055 31.3799991607666 AB 3.0978451797332003 1.0150767887278023
62098.206 lsst_hardware_r -16.98318155209532 21.81999969482422 31.5 AB 8.042856927849769 1.0307830990921611
62098.223 lsst_hardware_i -51.06612111101104 29.700000762939453 31.260000228881836 AB 7.628992121073803 1.0117691218558804
62100.2214 lsst_hardware_z -26.269236238661325 58.0 31.700000762939453 AB 5.28980263130622 1.008734292773839
62103.1371 lsst_hardware_i -102.38556503508799 48.86000061035156 31.290000915527344 AB 5.928164031579321 1.1683029787970414
62103.1543 lsst_hardware_z -77.87981180697086 50.060001373291016 30.959999084472656 AB 5.633499321650744 1.111034280968493
62105.1229 lsst_hardware_r 57.37950088202891 81.08999633789062 31.610000610351562 AB 10.692099154360529 1.2036811626576198
62105.1398 lsst_hardware_z 60.58067490273482 59.790000915527344 30.969999313354492 AB 9.248235676002155 1.1392258778026219
62107.1353 lsst_hardware_g 101.9939750629645 102.97000122070312 31.700000762939453 AB 7.341615240293894 1.136036295650152
62107.1523 lsst_hardware_i -56.631636268296816 73.87999725341797 31.329999923706055 AB 7.027348129229899 1.086966313116774
62110.1454 lsst_hardware_z 116.31423045264626 52.5099983215332 30.969999313354492 AB 5.855621500875503 1.0837722563161534
62110.1658 lsst_hardware_r -1.4626313915875397 61.189998626708984 31.649999618530273 AB 5.703098819438277 1.0421377468136372
62112.1473 lsst_hardware_u 5.019352613397041 3.799999952316284 28.68000030517578 AB 3.947461385733121 1.0668814556035462
62112.1693 lsst_hardware_g 5.531067988823167 28.809999465942383 31.649999618530273 AB 4.574844650285477 1.0286906853190527
62114.147 lsst_hardware_z -55.9328658120314 41.119998931884766 30.950000762939453 AB 7.9153885614239945 1.0563240962755025
62114.1706 lsst_hardware_u -1.177157590512462 2.680000066757202 28.479999542236328 AB 9.824980092256045 1.0203442791116542
62116.1571 lsst_hardware_g -2.917198428729099 12.989999771118164 31.389999389648438 AB 12.1469194240893 1.030440579745651
62116.1797 lsst_hardware_r 7.76541701905819 21.56999969482422 31.489999771118164 AB 12.793383714162234 1.007353048359231
62118.029 lsst_hardware_y -6.586868405832105 75.41000366210938 29.8700008392334 AB 13.388725528979887 1.6076116304558599
62118.05 lsst_hardware_r -27.590216654424527 23.760000228881836 31.420000076293945 AB 11.215102100258282 1.4196331772478836
62120.0505 lsst_hardware_y -68.1099060230591 51.029998779296875 29.940000534057617 AB 13.763201087829657 1.3766272025435262
62120.0736 lsst_hardware_g -5.136802384997469 13.149999618530273 31.329999923706055 AB 12.415137394355721 1.2420310248843913
62122.0318 lsst_hardware_y -20.66302001387264 82.06999969482422 29.920000076293945 AB 5.250256185836135 1.4778006293256192
62122.0536 lsst_hardware_z 5.05666006002012 44.900001525878906 30.920000076293945 AB 5.290715368432821 1.3212749874340566
62124.0335 lsst_hardware_y 31.95010734308456 79.0199966430664 29.950000762939453 AB 6.697747036607491 1.4205189897364774
62124.0552 lsst_hardware_u -4.107659573425438 2.9000000953674316 28.399999618530273 AB 6.8787393089241675 1.2806589358019371
62126.05 lsst_hardware_z 13.42357582716754 45.119998931884766 30.93000030517578 AB 7.035810245411307 1.2792382264384194
62126.072 lsst_hardware_r 3.2501765781413643 23.510000228881836 31.479999542236328 AB 6.364585864017688 1.1771737109773777
62128.0491 lsst_hardware_y 128.80640195038657 51.65999984741211 29.979999542236328 AB 8.053371126763118 1.2552664508904543
62128.0694 lsst_hardware_z -16.634819294522416 43.54999923706055 30.940000534057617 AB 7.4776165733537905 1.1661909814962244
62133.0385 lsst_hardware_y -9.160656071487043 66.91999816894531 30.0 AB 8.762149084867676 1.2401022434593771
62133.0593 lsst_hardware_r -35.203330046440534 62.41999816894531 31.6299991607666 AB 9.467184276522376 1.153198645048187
62137.0481 lsst_hardware_z 63.82253242149429 64.80000305175781 30.969999313354492 AB 7.957303743406493 1.1541900697907312
62137.0677 lsst_hardware_i 37.753273280025 70.16999816894531 31.31999969482422 AB 7.538278312517665 1.0938444590462175
62139.0493 lsst_hardware_y -132.1533681493142 50.599998474121094 30.010000228881836 AB 7.461960222413339 1.1315572854429865
62139.072 lsst_hardware_r 3.5388245125031115 43.54999923706055 31.610000610351562 AB 6.9106878989143805 1.0703182084018117
62141.0423 lsst_hardware_y 86.77250992313638 59.97999954223633 30.030000686645508 AB 12.014802649323963 1.136581463373757
62141.0643 lsst_hardware_r -13.374042252182937 21.950000762939453 31.479999542236328 AB 11.406934500690667 1.075365024811754
62143.0428 lsst_hardware_y 41.96576489360018 57.88999938964844 30.040000915527344 AB 10.798575666520437 1.1177781918091698
62143.0646 lsst_hardware_z 54.19431997261972 40.970001220703125 30.950000762939453 AB 10.404392365128773 1.0627842759139685
62145.0394 lsst_hardware_y 63.10918322901304 64.52999877929688 30.040000915527344 AB 7.622412833647191 1.1116790715090754
62145.0554 lsst_hardware_u -1.2438690094224993 3.009999990463257 28.530000686645508 AB 9.082690506447227 1.0707984013259824
62147.0448 lsst_hardware_y -52.675757929481705 52.029998779296875 30.040000915527344 AB 6.712940461804357 1.0827323325490898
62147.0622 lsst_hardware_r -3.6343187219115665 21.760000228881836 31.479999542236328 AB 6.488437047633698 1.046522104457048
62149.0527 lsst_hardware_z 4.621046129992417 62.38999938964844 31.709999084472656 AB 2.1955152532598903 1.053889477143833
62151.0435 lsst_hardware_y 138.12541773419463 53.84000015258789 30.049999237060547 AB 6.328788568884653 1.0612540569941566
62151.0605 lsst_hardware_g 19.100505698531514 13.050000190734863 31.399999618530273 AB 6.173573727538941 1.0318956545967892
62153.0406 lsst_hardware_y -31.085901182168797 55.970001220703125 30.059999465942383 AB 3.8098926855563975 1.0561521028154863
62153.057 lsst_hardware_i -13.2052277857043 29.829999923706055 31.260000228881836 AB 2.812710089268777 1.0291657845842652
