data/validation/pwv_sim_epoch_fit_seasonal/53388181.ecsv
# %ECSV 0.9
# ---
# datatype:
# - {name: time, datatype: float64}
# - {name: band, datatype: string}
# - {name: flux, datatype: float64}
# - {name: fluxerr, datatype: float64}
# - {name: zp, datatype: float64}
# - {name: zpsys, datatype: string}
# - {name: pwv, datatype: float64}
# - {name: airmass, datatype: float64}
# meta: {SNID: '53388181', alt: 1024.0, c: -0.029666466638445854, dec: 2.836105, lat: -30.244573, lon: -70.7499537, ra: 299.882812, t0: 60135.4609375,
#   x0: 8.350611241973656e-06, x1: 0.6632699966430664, z: 0.49603965878486633}
# schema: astropy-2.0
time band flux fluxerr zp zpsys pwv airmass
60064.4035 lsst_hardware_r 102.69656817130377 99.95999908447266 31.6200008392334 AB 13.765596015120856 1.205147460978859
60064.4204 lsst_hardware_y -8.129596267385383 159.64999389648438 30.030000686645508 AB 14.378507503089677 1.194691256557609
60068.3463 lsst_hardware_z -5.26541037580522 146.8300018310547 30.969999313354492 AB 10.842003251515333 1.314182212304889
60068.3628 lsst_hardware_y 6.7280407860842075 156.89999389648438 29.989999771118164 AB 10.499145594827297 1.2602125245104034
60070.4074 lsst_hardware_r 68.88185625464506 96.87999725341797 31.6299991607666 AB 3.184882407995184 1.1942935813237776
60070.4253 lsst_hardware_y 194.989211107611 152.05999755859375 30.030000686645508 AB 2.7890102632569964 1.2015122297283776
60072.4074 lsst_hardware_z 65.491398856138 209.57000732421875 31.739999771118164 AB 12.638682588082693 1.1948271625962494
60077.3503 lsst_hardware_r 13.93342768157397 99.43000030517578 31.610000610351562 AB 7.540634245410371 1.2318781695585659
60077.3707 lsst_hardware_g 9.005765613768336 108.2699966430664 31.670000076293945 AB 7.402799615500997 1.2025340506012319
60080.3478 lsst_hardware_r -117.88458198387627 96.0199966430664 31.610000610351562 AB 5.073692782054303 1.221448328544982
60080.3687 lsst_hardware_i 5.288389836781902 112.8499984741211 31.31999969482422 AB 4.960269774872821 1.19789167435045
60082.3468 lsst_hardware_z -131.4257970858839 140.60000610351562 30.979999542236328 AB 8.519911596067718 1.2145132411448174
60082.3666 lsst_hardware_i -154.0605136697228 112.69999694824219 31.309999465942383 AB 8.38296139436485 1.1961703813690867
60085.3954 lsst_hardware_r -52.75327199216505 99.33999633789062 31.610000610351562 AB 8.62306557578755 1.214003319131008
60085.4141 lsst_hardware_i -42.48841348592609 117.83000183105469 31.299999237060547 AB 8.947363709344323 1.2501556111980332
60095.3237 lsst_hardware_r -62.052365583533685 99.9800033569336 31.6200008392334 AB 8.913753738809673 1.2007211717672766
60095.3454 lsst_hardware_g -250.02852049475027 108.56999969482422 31.68000030517578 AB 8.504099634059562 1.1950394127071544
60100.3217 lsst_hardware_r -27.84788480377511 99.81999969482422 31.6200008392334 AB 7.557718993655894 1.1948018328441559
60100.3438 lsst_hardware_i 17.79314542043539 118.55999755859375 31.309999465942383 AB 6.315868885822036 1.2018779992049546
60111.2777 lsst_hardware_r 305.98157633610765 142.04292541499686 32.369998931884766 AB 7.937928561278691 1.2027164486785897
60111.298 lsst_hardware_u 22.611933356871248 53.887508136269496 30.139999389648438 AB 7.756643598344687 1.194386356907216
60121.2701 lsst_hardware_z 716.9604766068047 150.8917979174511 30.989999771118164 AB 6.857952011886124 1.1943490093845566
60121.2883 lsst_hardware_r 1915.043828124009 108.45654957086157 31.6200008392334 AB 6.9677550029216935 1.2035678201704354
60123.2674 lsst_hardware_z 849.2856263749136 151.67093546538504 30.989999771118164 AB 6.9051590698686045 1.1946986481504913
60123.2871 lsst_hardware_r 2436.003826410761 110.532181358049 31.6200008392334 AB 6.97590587217216 1.208123401155519
60125.2621 lsst_hardware_i 1674.1755316876918 125.89573770613254 31.31999969482422 AB 4.16613009421423 1.1947320141132933
60125.2815 lsst_hardware_z 1142.4294761070678 152.2280549197505 30.989999771118164 AB 4.207026876650428 1.2079612021105421
60130.1916 lsst_hardware_y 815.1804343559321 225.30558593478514 30.760000228881836 AB 4.556227293708556 1.2656186926968211
60137.1969 lsst_hardware_u -14.453714357912624 37.33139564269473 29.350000381469727 AB 7.0616645152197 1.2141789056430021
60137.2179 lsst_hardware_r 3101.105948148749 114.72459002798948 31.610000610351562 AB 8.510311557550377 1.19563231660623
60141.2239 lsst_hardware_r 6091.484391606203 160.75032518619548 32.369998931884766 AB 3.5466798018846606 1.1965856281662148
60141.252 lsst_hardware_u 56.09970010329961 52.611284517241394 30.09000015258789 AB 3.9714260573166142 1.229924452560116
60143.2246 lsst_hardware_g 823.5416124738474 109.36412200565263 31.670000076293945 AB 2.4278649539054626 1.200427665713455
60143.2473 lsst_hardware_r 2636.477031803736 109.75777722901444 31.610000610351562 AB 2.4369683781643783 1.2314140364650723
60148.1803 lsst_hardware_z 1538.0803498121338 152.74827845015218 30.989999771118164 AB 6.319236026893521 1.1997600240918005
60148.2003 lsst_hardware_r 2148.7893230614072 110.66688517805107 31.6200008392334 AB 6.296005458320657 1.1949713799895685
60151.1481 lsst_hardware_z 1203.391989124441 151.66258982860305 30.979999542236328 AB 11.412237609961885 1.2322567266796474
60151.1687 lsst_hardware_r 1808.6279892305595 108.81264726469001 31.610000610351562 AB 12.935932310633866 1.2025501625100234
60154.1809 lsst_hardware_i 1633.933796029139 124.71417315856853 31.309999465942383 AB 4.964302660752034 1.1944426340182142
60159.1338 lsst_hardware_r 1170.6404472295394 104.48999425719994 31.600000381469727 AB 2.2546859174062277 1.218749144543907
60161.1342 lsst_hardware_y 568.8045420165173 225.92927796072019 30.770000457763672 AB 2.4808784194533064 1.2103814048397983
60161.1546 lsst_hardware_g 503.0226157467952 154.16182990063834 32.41999816894531 AB 2.4216060853726207 1.1949696942376613
60163.1206 lsst_hardware_r 929.1922596392881 103.41676360104053 31.610000610351562 AB 3.3363074090982723 1.2225011117646116
60163.139 lsst_hardware_i 1236.0845744744902 122.95348956487493 31.309999465942383 AB 3.2012613911668613 1.2000230130576763
60166.129 lsst_hardware_z 735.794803844903 150.6628491350092 30.979999542236328 AB 5.200332086629723 1.2014629387669749
60166.1481 lsst_hardware_r 880.7813663560387 102.98812958438201 31.6200008392334 AB 5.1420850070611435 1.194444833231392
60169.1299 lsst_hardware_u -15.241687081918426 36.75174257283973 29.399999618530273 AB 3.9936564183631122 1.1958845391115773
60169.1496 lsst_hardware_r 724.9316119722522 99.52822566981054 31.6200008392334 AB 3.979448053825165 1.1977270289917727
60177.1055 lsst_hardware_z 597.9154355068455 150.2655043444297 30.979999542236328 AB 2.9671671767382124 1.197041725360852
60177.1276 lsst_hardware_r 293.5331969949591 101.29480684931639 31.610000610351562 AB 2.110241055837667 1.1976396457648508
60180.0996 lsst_hardware_y 338.668720714875 159.6858959410962 30.020000457763672 AB 3.3911383463192784 1.1959929509428755
60180.1189 lsst_hardware_g 144.54725022207904 108.31211234638725 31.670000076293945 AB 3.3106945201581257 1.197357873475134
60182.0804 lsst_hardware_r 197.71743731837032 101.16533051246832 31.6200008392334 AB 2.473332358457104 1.2062093920785681
60182.0976 lsst_hardware_i 246.40769438134063 120.62773585933714 31.309999465942383 AB 2.248000007848703 1.194897240174718
60184.0785 lsst_hardware_z 836.6988375153979 142.9477992435314 30.979999542236328 AB 4.209282779450902 1.2026522227002578
60184.0952 lsst_hardware_r 277.0764412697496 97.91747999657532 31.6200008392334 AB 4.189915049705036 1.1944169282922064
60196.0565 lsst_hardware_r 270.0765620711059 97.84158377725706 31.6200008392334 AB 3.0677481417105734 1.1957700805732112
60196.075 lsst_hardware_i 333.36618930587053 114.54170246949278 31.31999969482422 AB 3.112846464187408 1.1972486400720799
60199.0204 lsst_hardware_i 241.62355575854107 119.3910081838328 31.309999465942383 AB 2.6300913460525113 1.2258640624807788
60199.0494 lsst_hardware_z 1147.5472942330127 210.951574964636 31.729999542236328 AB 3.547128307044625 1.1953925995432346
60199.077 lsst_hardware_r 287.7113132810786 100.53495941446397 31.610000610351562 AB 3.4161685220894893 1.205281143863162
60201.0249 lsst_hardware_r 216.97590559487966 100.3777391388054 31.610000610351562 AB 1.6946975260821853 1.2104982329158467
60201.0428 lsst_hardware_u 14.593415852712234 37.671213543091945 29.3700008392334 AB 1.3713697359735866 1.1957881726265083
60207.1165 lsst_hardware_z 23.347601211613775 208.0057885954037 31.709999084472656 AB 5.435592324524433 1.3820766584234176
60207.1655 lsst_hardware_r 483.779886907912 131.8473478570818 32.20000076293945 AB 12.8257557356758 1.7919532050451767
60209.0289 lsst_hardware_y 138.65667005044395 151.75997143986964 30.030000686645508 AB 3.0392340582398942 1.1943544897459293
60209.0492 lsst_hardware_g 25.612759331554603 105.2492914132729 31.670000076293945 AB 3.105300015928702 1.2047720721351418
60211.0244 lsst_hardware_r 89.60576938674593 99.66000366210938 31.6200008392334 AB 3.355441081786141 1.1943905132130002
60211.0422 lsst_hardware_i -94.67360832361115 118.43000030517578 31.309999465942383 AB 3.6182118524011395 1.20326300379145
60214.9929 lsst_hardware_y 116.1339388466838 158.6699981689453 30.020000457763672 AB 5.1549906668925125 1.2035465971966155
60215.0129 lsst_hardware_z -95.65732684893122 148.05999755859375 30.979999542236328 AB 5.652921823487792 1.1943633685796629
60217.9939 lsst_hardware_y 359.3510749145077 158.55999755859375 30.020000457763672 AB 3.9712212251506687 1.1968719786469768
60218.0134 lsst_hardware_u -44.64861542572076 37.5 29.360000610351562 AB 7.272782359099226 1.1964928957539753
60222.9962 lsst_hardware_y 209.7682326095589 158.6300048828125 30.020000457763672 AB 3.991295706706048 1.195177633390117
60223.0168 lsst_hardware_r 110.98690660800439 99.30999755859375 31.610000610351562 AB 4.137285154872246 1.211592402041803
60429.3999 lsst_hardware_r -76.95542339393224 64.38999938964844 31.600000381469727 AB 13.823218954405904 1.2101392492585819
60429.4173 lsst_hardware_z 62.50152169860181 59.95000076293945 30.959999084472656 AB 14.36689959278302 1.195846478507014
60432.4045 lsst_hardware_z 34.36218765482461 46.36000061035156 30.940000534057617 AB 13.354660071837419 1.1981571928797254
60432.4234 lsst_hardware_y 60.67073229827812 57.060001373291016 30.0 AB 13.320845199011794 1.1953110526963944
60436.398 lsst_hardware_u -6.658919272803355 2.630000114440918 28.309999465942383 AB 8.265626093367946 1.195923619093966
60436.4164 lsst_hardware_y -7.421090372198537 50.279998779296875 29.989999771118164 AB 8.324933112988647 1.196913607733439
60443.3535 lsst_hardware_g -32.8316066116065 14.279999732971191 31.360000610351562 AB 9.76441365944363 1.222257775575528
60443.3745 lsst_hardware_i -25.689741557994846 32.0099983215332 31.229999542236328 AB 9.5580011706619 1.1981448901882787
60445.3487 lsst_hardware_z 27.716418129872267 44.060001373291016 30.93000030517578 AB 5.053312994460448 1.221147769413264
60445.3716 lsst_hardware_r -43.18732935457812 23.729999542236328 31.469999313354492 AB 4.922979276491591 1.196737527710459
60447.3573 lsst_hardware_u 9.280267218215108 3.630000114440918 29.010000228881836 AB 8.445949397854635 1.2029838904956158
60447.38 lsst_hardware_g -13.221353791923965 20.100000381469727 32.119998931884766 AB 9.32186614223134 1.1947025985429776
60462.3192 lsst_hardware_y 2.0497654071053093 49.20000076293945 29.989999771118164 AB 11.374629845404414 1.2005519917045135
60462.3408 lsst_hardware_g -9.831191635465645 18.739999771118164 31.469999313354492 AB 10.495180769387906 1.1951240200479678
60464.3184 lsst_hardware_r 10.37822150223311 33.2599983215332 32.220001220703125 AB 14.448005704607201 1.1974395047640802
60464.3414 lsst_hardware_i 100.33522745006623 45.25 31.979999542236328 AB 14.293496275181779 1.1977121061825164
60466.3213 lsst_hardware_z -19.703652118878757 43.560001373291016 30.93000030517578 AB 7.322552603217992 1.1945436546847568
60466.3441 lsst_hardware_r -6.708680149988226 23.479999542236328 31.459999084472656 AB 6.568253309396182 1.2040794334365137
60468.2754 lsst_hardware_r 49.17246007726931 23.700000762939453 31.459999084472656 AB 4.32685091797985 1.2417422637335056
60468.2956 lsst_hardware_u -0.37913850407808186 2.549999952316284 28.25 AB 3.413408747177956 1.2075382496427942
60485.2405 lsst_hardware_z -50.1011493497093 110.97000122070312 31.719999313354492 AB 5.358506744441858 1.219528532503315
60487.2418 lsst_hardware_r -62.39592145514794 70.27999877929688 31.610000610351562 AB 8.760634314164625 1.2098652553742404
60487.2661 lsst_hardware_z 147.80264938984803 58.38999938964844 30.959999084472656 AB 8.592677734231904 1.1943674745260489
60490.2475 lsst_hardware_r -24.076061989831803 28.329999923706055 31.510000228881836 AB 3.952254192519102 1.1974108844230769
60490.2695 lsst_hardware_y -8.616051793696922 49.43000030517578 29.989999771118164 AB 4.163545748356679 1.1972239284069814
60493.2501 lsst_hardware_g -0.48867480268419006 14.369999885559082 31.3799991607666 AB 7.698850169851407 1.1943608702841153
60493.2705 lsst_hardware_r -0.06621243918126281 23.739999771118164 31.469999313354492 AB 7.80420311935681 1.2042129567344535
60495.2184 lsst_hardware_i 7.4875155879806155 32.029998779296875 31.229999542236328 AB 4.389343120330029 1.2118840725205253
60495.2397 lsst_hardware_z -40.83266442650936 43.22999954223633 30.93000030517578 AB 4.30517203847485 1.195051225114462
60497.2316 lsst_hardware_z 15.667309061446662 43.22999954223633 30.93000030517578 AB 2.1526388413134425 1.195910467396357
60497.2522 lsst_hardware_r -30.4905499170767 23.770000457763672 31.469999313354492 AB 1.9142412546444187 1.1982730858493624
60499.2187 lsst_hardware_u 4.3315484816420105 2.7200000286102295 28.3799991607666 AB 2.5668829074187993 1.2001790332758853
60499.2381 lsst_hardware_g 9.860815745777685 14.520000457763672 31.399999618530273 AB 2.5397449101129412 1.1947523980303145
60501.2187 lsst_hardware_r -22.009975872959977 23.920000076293945 31.469999313354492 AB 9.933276108183813 1.1967802539980497
60501.2398 lsst_hardware_z 5.556543405400465 43.97999954223633 30.93000030517578 AB 9.938513325076848 1.1974112439851623
60503.2196 lsst_hardware_r -28.88230090884252 23.940000534057617 31.479999542236328 AB 8.123004569961358 1.194676620741449
60503.238 lsst_hardware_u -0.2855799976814359 2.740000009536743 28.389999389648438 AB 8.21348251943266 1.1997491264144253
60506.2158 lsst_hardware_z -59.51525279731578 46.279998779296875 30.940000534057617 AB 3.3771138328110535 1.1943815500658015
60506.2362 lsst_hardware_r -1.6343032936719744 31.030000686645508 31.520000457763672 AB 3.5132585238112077 1.2054412502354461
60511.178 lsst_hardware_z 67.48076361595928 78.62000274658203 30.969999313354492 AB 7.572391502194204 1.2077982059722596
60511.1986 lsst_hardware_r -76.6184634228004 116.68000030517578 31.610000610351562 AB 7.509253877222369 1.1945522174941132
60514.1772 lsst_hardware_z -24.330056108125106 108.05000305175781 31.719999313354492 AB 6.606351561918034 1.200609098031469
60516.166 lsst_hardware_r 11.446957165092627 59.86000061035156 31.600000381469727 AB 11.001697126610447 1.2059517832483089
60516.1842 lsst_hardware_z 108.73583824247544 53.84000015258789 30.950000762939453 AB 12.814209193747228 1.1946681038966729
60520.1697 lsst_hardware_r -5.359795924728275 33.790000915527344 32.220001220703125 AB 5.8482464198591355 1.1955936665356506
60520.1908 lsst_hardware_u -1.8184463681384195 3.680000066757202 29.040000915527344 AB 5.859603963110885 1.1992026529774131
60525.1698 lsst_hardware_g 2.416224557891479 14.600000381469727 31.389999389648438 AB 1.4843757408869243 1.1954703953453731
60525.1897 lsst_hardware_r -15.56341717075364 24.030000686645508 31.469999313354492 AB 1.460288151325173 1.2118573869920533
60531.1344 lsst_hardware_u 5.63530183322843 2.7100000381469727 28.3700008392334 AB 5.246089318480072 1.1981020063520262
60531.1553 lsst_hardware_g 8.798271690387843 14.5600004196167 31.389999389648438 AB 5.135978926695829 1.1961755127775395
60537.1142 lsst_hardware_z 23.828666684956215 53.22999954223633 30.950000762939453 AB 6.184415300965958 1.2007796196296598
60537.1322 lsst_hardware_r 66.05963223505786 57.560001373291016 31.600000381469727 AB 6.433195144570617 1.194466064286669
60539.1093 lsst_hardware_r 7.269873272132032 101.61000061035156 31.6200008392334 AB 3.1389943313582838 1.2003419896210892
60539.1441 lsst_hardware_i -58.999057907927764 112.04000091552734 32.060001373291016 AB 3.25836504128852 1.2034589256836639
60539.1708 lsst_hardware_z 81.66180363501726 72.02999877929688 30.969999313354492 AB 3.9684498995209356 1.2478094223417677
60541.097 lsst_hardware_z -215.6738955239431 88.08000183105469 30.979999542236328 AB 2.5342271455578906 1.206774831218043
60541.1168 lsst_hardware_r 28.090036876918262 130.41000366210938 31.6299991607666 AB 2.5085591289831006 1.1945519661824289
60546.0911 lsst_hardware_r -0.38393755590796497 23.75 31.469999313354492 AB 4.6684903281513455 1.1996634532060506
60546.1109 lsst_hardware_z 22.465448895710722 43.63999938964844 30.93000030517578 AB 4.501070838346379 1.1950274361734028
60549.0778 lsst_hardware_r -7.769495953825941 23.760000228881836 31.479999542236328 AB 4.21403402826619 1.2040097223617685
60549.0958 lsst_hardware_u -2.716466244588645 2.759999990463257 28.420000076293945 AB 4.186496950693513 1.1944640483207438
60553.0805 lsst_hardware_g -12.061099200264614 14.100000381469727 31.360000610351562 AB 1.536976110684456 1.195315186533409
60553.0972 lsst_hardware_r 10.71843151014993 23.510000228881836 31.459999084472656 AB 1.215462905518634 1.1971072608522328
60555.057 lsst_hardware_r 10.897570516725809 23.520000457763672 31.469999313354492 AB 1.6782688817893574 1.2088371297402334
60555.0759 lsst_hardware_i -41.289205366549616 31.860000610351562 31.229999542236328 AB 1.6636428187280885 1.1950741589187106
60557.0562 lsst_hardware_z -52.417224496192375 43.40999984741211 30.93000030517578 AB 1.4199517227405092 1.2037739790099689
60557.0731 lsst_hardware_r -20.665843385331538 23.469999313354492 31.469999313354492 AB 1.4050991036379519 1.1945582177580887
60561.0575 lsst_hardware_r -15.29646963765366 24.290000915527344 31.489999771118164 AB 3.105625272569335 1.195697615208933
60561.0749 lsst_hardware_z -0.807231820808001 43.560001373291016 30.940000534057617 AB 3.0845544285775777 1.1968781330573282
60566.0209 lsst_hardware_i 12.040089916624307 75.4800033569336 32.040000915527344 AB 1.703967132528888 1.2171193803777773
60566.0382 lsst_hardware_r 98.83742015278075 84.94999694824219 32.36000061035156 AB 1.6779102169335873 1.1985072978097053
60568.0302 lsst_hardware_z -46.97030529512108 96.5999984741211 31.719999313354492 AB 3.0213180432885967 1.200285258540031
60571.0258 lsst_hardware_r -30.681161877810023 97.16999816894531 31.6200008392334 AB 7.066715286267489 1.1977483536046591
60571.0463 lsst_hardware_i -79.5348970888892 77.58000183105469 31.309999465942383 AB 6.639360273248282 1.1962811303150058
60573.0289 lsst_hardware_z 103.28950463440249 45.61000061035156 30.940000534057617 AB 4.65907037537124 1.194633429582369
60573.0473 lsst_hardware_r 13.706713123763942 48.040000915527344 31.579999923706055 AB 4.704577460362537 1.2000962868149831
60576.9915 lsst_hardware_y -9.10669765080368 52.08000183105469 29.989999771118164 AB 5.4291456242741125 1.216161050798756
60577.0111 lsst_hardware_r -20.096463034912134 23.549999237060547 31.469999313354492 AB 5.259567877977021 1.1968524014056254
60579.9926 lsst_hardware_z 27.760503456292863 45.84000015258789 30.93000030517578 AB 5.15754944704066 1.204565849834331
60580.0123 lsst_hardware_g 3.6696289744850414 14.119999885559082 31.360000610351562 AB 5.664255636663895 1.1944026787089115
60581.9936 lsst_hardware_y -1.115481058611319 51.22999954223633 29.989999771118164 AB 11.808534764960894 1.199109925105032
60582.0123 lsst_hardware_i -4.3523297048394465 31.899999618530273 31.219999313354492 AB 4.0698414938798075 1.1949620241389207
60583.9917 lsst_hardware_y 3.9699281773208352 55.97999954223633 30.010000228881836 AB 8.327493451087832 1.196994890195175
60584.0104 lsst_hardware_r -7.292089825307962 23.829999923706055 31.479999542236328 AB 5.960032874549204 1.1961132303339874
60585.994 lsst_hardware_y -61.2716253828975 54.66999816894531 30.0 AB 2.607406906268627 1.1945513257443607
60586.0129 lsst_hardware_g -13.811061223151302 14.289999961853027 31.3799991607666 AB 2.921916086038985 1.2009519465839442
