data/validation/pwv_sim_epoch_fit_seasonal/53487790.ecsv
# %ECSV 0.9
# ---
# datatype:
# - {name: time, datatype: float64}
# - {name: band, datatype: string}
# - {name: flux, datatype: float64}
# - {name: fluxerr, datatype: float64}
# - {name: zp, datatype: float64}
# - {name: zpsys, datatype: string}
# - {name: pwv, datatype: float64}
# - {name: airmass, datatype: float64}
# meta: {SNID: '53487790', alt: 1024.0, c: 0.03737097978591919, dec: -29.82786, lat: -30.244573, lon: -70.7499537, ra: 288.984375, t0: 62263.0078125,
#   x0: 3.7743762702930915e-06, x1: -0.3917873501777649, z: 0.6885539293289185}
# schema: astropy-2.0
time band flux fluxerr zp zpsys pwv airmass
62226.3357 lsst_hardware_z -52.24888477479473 63.02000045776367 30.940000534057617 AB 5.727056405148142 1.3727364345992668
62226.3528 lsst_hardware_r -29.695369086285588 81.20999908447266 31.600000381469727 AB 5.266415866218799 1.2693727231475835
62230.3324 lsst_hardware_i 52.8974890956857 62.73139863741786 31.270000457763672 AB 9.101754855813244 1.3233943399420693
62230.3499 lsst_hardware_z 61.36786107102613 60.49681123654893 30.950000762939453 AB 9.398450988717807 1.229251993118272
62232.3359 lsst_hardware_r -82.38058633598644 46.910282444152294 31.56999969482422 AB 23.181626526487943 1.2721430389072999
62232.3543 lsst_hardware_z -53.497954938246274 50.50582612362555 30.950000762939453 AB 21.52379148632264 1.186047195829874
62236.3538 lsst_hardware_z -45.849721361583654 44.083958987180246 30.950000762939453 AB 5.423380658119837 1.1468345650496587
62236.3734 lsst_hardware_u -0.6743697602510423 3.0924880267111474 28.56999969482422 AB 5.187777465227351 1.0883258960984636
62238.3421 lsst_hardware_g 36.87913915302104 16.838766797318545 31.459999084472656 AB 7.937573795908868 1.1695692040975236
62238.3608 lsst_hardware_r 59.69577447053116 26.436078167958787 31.520000457763672 AB 7.526490998602786 1.1075291172575108
62242.342 lsst_hardware_i 262.5742976745065 36.3209547300196 31.25 AB 19.340431814625536 1.131482584369333
62242.3597 lsst_hardware_z 220.33511319041293 44.74669150290374 30.950000762939453 AB 18.67600470599263 1.0816949816681896
62244.3488 lsst_hardware_i 367.3611810137195 37.58222257513399 31.260000228881836 AB 14.032352792286218 1.095478775290378
62244.3673 lsst_hardware_u -0.36537960180202644 3.9103251881244057 28.520000457763672 AB 13.508499229867727 1.0535818141299946
62246.3518 lsst_hardware_g 118.15248096199886 18.914212636562073 31.479999542236328 AB 4.8275748663476525 1.0745853903946547
62246.37 lsst_hardware_r 455.1533208674592 32.9204681249605 31.530000686645508 AB 4.581337879493116 1.0393234753841007
62248.3451 lsst_hardware_i 567.1208596265793 40.57223942992519 31.25 AB 6.6802442538719395 1.0774587506245064
62248.3643 lsst_hardware_r 623.3223884483998 34.89117985802868 31.520000457763672 AB 6.446192378531696 1.0397084481502734
62250.34 lsst_hardware_u 1.6001386939584805 3.576741157314307 28.5 AB 9.908114536151276 1.0766179002663563
62250.3583 lsst_hardware_g 153.26348064257928 20.43575091879552 31.479999542236328 AB 9.588703696914427 1.040582077312399
62252.3566 lsst_hardware_r 949.7715449737773 54.738199520375375 31.6200008392334 AB 3.3679877277580066 1.0347120515385582
62252.3776 lsst_hardware_i 928.5125524131871 43.693730176761 31.260000228881836 AB 4.061914662533174 1.0106779453926782
62257.2331 lsst_hardware_z 919.8618613718144 83.28572771834882 30.93000030517578 AB 13.861803833551505 1.5147581000839425
62257.2524 lsst_hardware_i 1298.6817403707616 91.01380666811488 31.270000457763672 AB 12.376000836992857 1.3637090809611698
62259.2346 lsst_hardware_z 829.5728020958192 81.75619172293372 30.93000030517578 AB 17.2477393561063 1.4549733731214718
62259.2541 lsst_hardware_r 1096.1711463234867 96.13047441301755 31.579999923706055 AB 16.651255501877014 1.3181108899052993
62261.2497 lsst_hardware_y 421.6633840569931 54.67447235350134 29.969999313354492 AB 11.95369588980268 1.3117670520670144
62261.2686 lsst_hardware_g 206.13888792010252 41.0035179944155 31.6299991607666 AB 11.03515798720847 1.2139442617295078
62264.2518 lsst_hardware_r 1009.029069952153 40.468256762365336 31.479999542236328 AB 11.672650190069952 1.2551236763516076
62264.2706 lsst_hardware_i 1241.2769124135305 47.903026713296114 31.239999771118164 AB 10.895517993421178 1.171561074561417
62266.2511 lsst_hardware_r 963.7038458022823 39.64623439941261 31.489999771118164 AB 8.745129077563531 1.231708320783596
62266.27 lsst_hardware_g 153.26920799269132 19.375467166494747 31.450000762939453 AB 8.190038924641755 1.1535266091044725
62270.251 lsst_hardware_i 1098.311696034969 46.101474886835994 31.239999771118164 AB 8.129351540590692 1.1842598209032984
62270.2703 lsst_hardware_z 882.3116469673856 50.963639489931616 30.950000762939453 AB 7.618485033462375 1.1167115003792298
62272.2365 lsst_hardware_r 758.9043817126827 36.63330034386175 31.479999542236328 AB 6.455605252389999 1.223366912949333
62272.2546 lsst_hardware_u -2.3440173370556443 2.75674279250709 28.389999389648438 AB 5.658811822803389 1.150048129824966
62280.2469 lsst_hardware_r 494.81617215309683 54.80773283572832 31.6200008392334 AB 8.278489077531919 1.1053706263395096
62280.2682 lsst_hardware_z 688.7616873098918 54.131592914452156 30.969999313354492 AB 7.160581961685268 1.05514739845061
62283.2346 lsst_hardware_z 606.9781285851385 75.75807698844756 30.979999542236328 AB 5.5259872744030964 1.1173392076032411
62283.2541 lsst_hardware_i 660.6192235867348 85.23201547989271 31.329999923706055 AB 3.7352615019764035 1.0672175719932582
62288.2469 lsst_hardware_r 272.7965900696132 75.35436125156836 31.649999618530273 AB 7.228382650906 1.0541098557611952
62288.268 lsst_hardware_i 529.7120127622377 64.73049194076756 31.329999923706055 AB 6.210611923232296 1.021832358659005
62291.152 lsst_hardware_g 31.608718018140717 15.836790636182148 31.31999969482422 AB 15.404030566243037 1.4176792863984145
62291.172 lsst_hardware_r 133.68023482613668 28.451565234206498 31.459999084472656 AB 14.747111404434584 1.2875824858353828
62302.1545 lsst_hardware_i 228.55416269735414 35.49020574169495 31.219999313354492 AB 15.0626872708698 1.2238127454395558
62302.1767 lsst_hardware_z 231.96327622095095 45.61882726444739 30.940000534057617 AB 13.607904431172006 1.1363752673945593
62304.1514 lsst_hardware_r 87.4988813983393 26.607307902838574 31.479999542236328 AB 6.299891187962091 1.2130727576306979
62304.1754 lsst_hardware_u 0.18421714190151478 2.918141641677683 28.469999313354492 AB 5.764578840662469 1.1230428288841974
62306.166 lsst_hardware_g 1.1229149668770233 20.841691708781322 31.549999237060547 AB 4.31545303847586 1.1356455364410158
62306.1911 lsst_hardware_i 143.9814231622097 34.24497947854429 31.260000228881836 AB 4.0525855858955895 1.0676639889074422
62308.1496 lsst_hardware_z 149.54940739816357 49.87191244895087 30.950000762939453 AB 3.468060310574557 1.174949851126332
62308.1736 lsst_hardware_r 164.20317132299465 43.70510304332673 31.610000610351562 AB 3.281175325678807 1.0967411467130632
62310.163 lsst_hardware_y 132.3322802397019 75.49766150770327 30.780000686645508 AB 3.800178285230647 1.1110820218494692
62312.154 lsst_hardware_r 355.06415550142873 188.50405137696507 32.400001525878906 AB 4.4348336926035 1.1216778229790705
62312.174 lsst_hardware_i 233.18054437866758 140.09032269504664 32.09000015258789 AB 4.044277631988786 1.069231126128932
62315.1516 lsst_hardware_z 186.12792300586483 84.65086779429042 30.989999771118164 AB 6.911805269281835 1.1046516332558471
62315.1712 lsst_hardware_r 54.56376894300432 118.40309264906492 31.65999984741211 AB 6.282504299555582 1.0579723486811068
62325.0408 lsst_hardware_u 1.9056711362753582 2.591058375275635 28.020000457763672 AB 1.306203369411866 1.57849349777869
62325.0598 lsst_hardware_g 27.631463454282287 15.999981907348284 31.34000015258789 AB 2.6561451277491344 1.4129684162154772
62327.0396 lsst_hardware_r 9.591318815383582 27.03609829770265 31.40999984741211 AB 12.583495700525937 1.5368685781229297
62327.0586 lsst_hardware_i 51.94438240993358 35.782943484147076 31.209999084472656 AB 11.607668813066917 1.3821532834896455
62330.0643 lsst_hardware_r 50.44188496346098 26.411593780542173 31.459999084472656 AB 8.065527730977356 1.2944540961846982
62330.0822 lsst_hardware_i 79.17428827661611 34.40608826114456 31.229999542236328 AB 7.479005863633835 1.2051897508138731
62332.0606 lsst_hardware_z 44.16798861191396 46.559933407473 30.920000076293945 AB 8.062378008723835 1.284585223457293
62332.0797 lsst_hardware_r 74.84730434074257 26.068054892533908 31.479999542236328 AB 7.509087931012619 1.1925812643551967
62334.0638 lsst_hardware_z 91.92785724602221 45.951054433491855 30.940000534057617 AB 2.0090202481041883 1.2396258215369322
62334.0834 lsst_hardware_g 47.383039124935216 19.811882265577722 31.510000228881836 AB 1.966794923281866 1.1569381901658036
62347.0712 lsst_hardware_g 2.333913293170798 15.511082857030132 31.450000762939453 AB 5.213730357108925 1.0861938243976927
62347.0903 lsst_hardware_r 38.49344265798542 24.974720619375347 31.520000457763672 AB 5.438810460785895 1.045925088612672
62348.0768 lsst_hardware_i -11.477716416823665 31.559999465942383 31.25 AB 3.7833467324552634 1.0668584370688088
62348.0958 lsst_hardware_z -37.69265538061609 41.380001068115234 30.950000762939453 AB 4.017762533708749 1.0327995888030714
62351.0781 lsst_hardware_r 6.8121884365801755 24.139999389648438 31.510000228881836 AB 1.651846866254361 1.0481816083259654
62351.0983 lsst_hardware_u -0.4846115954026895 2.8499999046325684 28.530000686645508 AB 1.8216077774973651 1.0192238229109982
62352.0557 lsst_hardware_u -0.9928219988412922 2.809999942779541 28.469999313354492 AB 1.5868636191646757 1.0908778316897405
62352.0752 lsst_hardware_g 1.1920699500631955 15.260000228881836 31.459999084472656 AB 1.5024796543521928 1.0484854531417955
62354.0741 lsst_hardware_z 53.44540529375478 41.61000061035156 30.950000762939453 AB 1.786016553112216 1.0410044024357195
62354.0935 lsst_hardware_r 6.911124380249017 24.06999969482422 31.520000457763672 AB 2.006691488723113 1.0157034699121543
62355.9644 lsst_hardware_y -29.800457009241185 81.33999633789062 29.920000076293945 AB 5.059168719000227 1.5004949240732262
62355.9839 lsst_hardware_r 10.324550340697654 25.420000076293945 31.459999084472656 AB 4.406973276576085 1.3518322934284617
62357.9906 lsst_hardware_z -22.050815388786067 63.63999938964844 31.68000030517578 AB 2.5984774201344174 1.2791454666945483
62359.994 lsst_hardware_r -44.82213737216622 24.799999237060547 31.489999771118164 AB 7.292251225415645 1.2338834560779615
62359.9991 lsst_hardware_g 21.5199574399078 15.350000381469727 31.43000030517578 AB 7.60942282307777 1.2104065996412148
62363.9686 lsst_hardware_y 49.472406983847556 74.37999725341797 29.979999542236328 AB 7.984919032196835 1.3110807890422258
62363.9849 lsst_hardware_i -1.549354186058065 35.939998626708984 31.25 AB 7.423223120166152 1.2252912990645644
62365.9697 lsst_hardware_y -57.931458839849746 76.58999633789062 29.979999542236328 AB 4.554040055553201 1.274035544986208
62365.9876 lsst_hardware_z -9.992783664436052 52.0099983215332 30.950000762939453 AB 4.089633708427212 1.189538600473302
62366.9826 lsst_hardware_y 31.44091509874442 56.31999969482422 30.0 AB 3.411692950709555 1.1990486002962353
62367.0016 lsst_hardware_i -36.45134033117011 65.9800033569336 31.309999465942383 AB 2.628283494462395 1.128664540994444
62368.9795 lsst_hardware_z 18.63908960617969 134.07000732421875 31.729999542236328 AB 3.76013018786604 1.1891619822475579
62375.9951 lsst_hardware_i -18.728349506519425 31.809999465942383 31.25 AB 4.297544317979358 1.0787008830269473
62376.0061 lsst_hardware_z -15.90878438600689 41.86000061035156 30.950000762939453 AB 3.698044225638064 1.0551269843467774
62379.979 lsst_hardware_y -16.989306092190798 54.70000076293945 30.040000915527344 AB 4.562976332892956 1.0915123292079232
62379.9967 lsst_hardware_r 20.446422288890936 24.139999389648438 31.510000228881836 AB 4.18772157938817 1.0522354150646602
62381.9802 lsst_hardware_z -47.493340606738776 49.7599983215332 30.959999084472656 AB 3.5326075029144577 1.0752388087501203
62381.9973 lsst_hardware_g -1.8009228736783727 15.3100004196167 31.450000762939453 AB 3.120377285895314 1.0415723902849447
62384.984 lsst_hardware_y 42.88292300934831 50.540000915527344 30.049999237060547 AB 0.696986677755106 1.0504697479356797
62385.0024 lsst_hardware_i 13.610647108500226 31.31999969482422 31.260000228881836 AB 0.8984631221552231 1.0227241003474365
62386.9838 lsst_hardware_y 50.461877283133425 51.459999084472656 30.049999237060547 AB 2.5928886290234923 1.0413207345475872
62387.0029 lsst_hardware_r 4.106533942959568 24.170000076293945 31.520000457763672 AB 2.438861096288904 1.0161921234537101
62591.3255 lsst_hardware_i -12.620151471189347 35.880001068115234 31.190000534057617 AB 5.942329165945786 1.454136587775795
62591.3442 lsst_hardware_u 1.497796120956535 2.700000047683716 28.219999313354492 AB 5.4863700458235005 1.3223355135751826
62594.3346 lsst_hardware_g 1.6596907708865818 16.719999313354492 31.3799991607666 AB 7.67721901896866 1.3310211403254495
62594.353 lsst_hardware_r 1.6528948582470804 26.700000762939453 31.489999771118164 AB 7.053225405574535 1.2308398875430004
62596.3479 lsst_hardware_i -58.311997046399796 33.939998626708984 31.229999542236328 AB 9.446964336468529 1.2291398898148571
62596.3648 lsst_hardware_r 36.00055580061008 26.0 31.5 AB 8.925598932045915 1.1587924611549387
62598.3369 lsst_hardware_u 1.2515136510602802 2.7699999809265137 28.31999969482422 AB 10.193877720100504 1.2563319842371834
62598.3543 lsst_hardware_g 0.601148449736081 16.3700008392334 31.43000030517578 AB 9.59342958521608 1.1779389858140505
62600.347 lsst_hardware_r -19.56020739496668 25.799999237060547 31.489999771118164 AB 8.506503663177451 1.1853000924074395
62600.3662 lsst_hardware_i -25.171707334704795 32.88999938964844 31.25 AB 8.026347028429619 1.1177848171707896
62614.298 lsst_hardware_z -59.17648962859272 65.41000366210938 30.959999084472656 AB 6.917516062430711 1.2327392074188206
62614.3186 lsst_hardware_r 74.82362703915834 75.79000091552734 31.6299991607666 AB 6.435935669618914 1.1482831489997767
62616.3673 lsst_hardware_z 7.41231903044926 44.65999984741211 30.959999084472656 AB 15.986155113873691 1.0247535329406212
62616.3893 lsst_hardware_r 6.431977280471546 36.540000915527344 31.610000610351562 AB 14.697128105119043 1.0050750093257075
62618.3408 lsst_hardware_i -35.140122512834594 32.560001373291016 31.260000228881836 AB 2.4156346929200003 1.0587149859401026
62618.3601 lsst_hardware_z 0.769153150107187 41.90999984741211 30.950000762939453 AB 2.2853637713692696 1.026975930813033
62620.351 lsst_hardware_r -47.11453014682728 24.399999618530273 31.510000228881836 AB 11.75878942671571 1.0319555429483713
62620.3699 lsst_hardware_u -0.6371174214807389 2.7799999713897705 28.450000762939453 AB 11.512258602406177 1.0108521865954028
62623.2506 lsst_hardware_z 96.8570704125323 46.25 30.920000076293945 AB 10.963748012144075 1.3622101027699662
62623.2705 lsst_hardware_u 1.8751614716735785 2.7899999618530273 28.389999389648438 AB 9.899315035857843 1.247000697343055
62625.2337 lsst_hardware_g 33.772955208317214 15.34000015258789 31.329999923706055 AB 13.793406816517823 1.4459255533851694
62625.2539 lsst_hardware_r 52.810131687893495 25.280000686645508 31.469999313354492 AB 12.099119834297865 1.3072592200134552
62627.2376 lsst_hardware_i -14.963976529939027 34.400001525878906 31.209999084472656 AB 3.31427383169412 1.3763595646570266
62627.2573 lsst_hardware_z 2.4409898872200557 45.0 30.93000030517578 AB 3.3246313359310045 1.2585355214880773
62633.2414 lsst_hardware_g -7.041255761732096 23.780000686645508 31.520000457763672 AB 14.089372153654987 1.25607311702373
62633.2595 lsst_hardware_r -23.52822829088721 24.520000457763672 31.479999542236328 AB 12.345267821727989 1.1749937647583746
62637.2467 lsst_hardware_i 16.293312515846345 66.7300033569336 31.309999465942383 AB 6.179583468415462 1.1824313808876095
62637.2662 lsst_hardware_r 70.31466787147451 82.41000366210938 31.639999389648438 AB 5.443925145235493 1.1147589116894632
62639.256 lsst_hardware_z -57.05927249343258 107.73999786376953 31.729999542236328 AB 8.963281496812707 1.129374597972999
62642.2382 lsst_hardware_r -98.79819538605045 95.83999633789062 31.6299991607666 AB 7.913058076170124 1.1625452609457214
62642.2572 lsst_hardware_i -30.556048994146906 80.68000030517578 31.329999923706055 AB 6.5111103042111305 1.1014622145389303
62644.2434 lsst_hardware_z 13.447877185253677 50.66999816894531 30.959999084472656 AB 2.164155869616919 1.1260404299268236
