data/validation/pwv_sim_epoch_fit_seasonal/53545773.ecsv
# %ECSV 0.9
# ---
# datatype:
# - {name: time, datatype: float64}
# - {name: band, datatype: string}
# - {name: flux, datatype: float64}
# - {name: fluxerr, datatype: float64}
# - {name: zp, datatype: float64}
# - {name: zpsys, datatype: string}
# - {name: pwv, datatype: float64}
# - {name: airmass, datatype: float64}
# meta: {SNID: '53545773', alt: 1024.0, c: -0.026991412043571472, dec: -26.276812, lat: -30.244573, lon: -70.7499537, ra: 307.792969,
#   t0: 60939.3203125, x0: 1.672721210456512e-05, x1: -0.21158839762210846, z: 0.370352566242218}
# schema: astropy-2.0
time band flux fluxerr zp zpsys pwv airmass
[from data line 132]
61223.1557 lsst_hardware_z -10.802221788918391 152.82000732421875 31.719999313354492 AB 11.098514893213226 1.2625339253617944
61231.1537 lsst_hardware_z 70.77579087162975 43.5099983215332 30.940000534057617 AB 10.594627905147627 1.1721233830119258
61231.172 lsst_hardware_r 31.073807565083857 24.709999084472656 31.510000228881836 AB 10.076329856806591 1.1101354965266168
61235.1538 lsst_hardware_r -63.64393745341964 24.75 31.489999771118164 AB 8.505794905763004 1.1326461324199404
61235.1721 lsst_hardware_z -20.489878195638664 42.47999954223633 30.940000534057617 AB 7.8610865270130255 1.080883634577938
61237.1553 lsst_hardware_r -4.152882270981741 24.690000534057617 31.5 AB 3.199591777088443 1.1110658137298177
61237.1749 lsst_hardware_u -0.595436373031454 2.740000009536743 28.399999618530273 AB 3.2571885392768736 1.0624442760423627
61238.155 lsst_hardware_g 6.54256265631396 15.539999961853027 31.440000534057617 AB 1.766552798635141 1.1040954991469631
61238.1733 lsst_hardware_r 40.571715819256596 24.450000762939453 31.5 AB 2.323295075173504 1.0601392083839856
61244.1525 lsst_hardware_r -7.311021501972947 41.810001373291016 31.600000381469727 AB 6.202774242989424 1.0694438349981765
61244.1708 lsst_hardware_z 55.103359101390915 45.709999084472656 30.959999084472656 AB 5.56809785404475 1.0358448840948298
61246.1544 lsst_hardware_z 18.917442985226298 54.02000045776367 30.969999313354492 AB 5.830700132788939 1.0543761542113814
61246.1726 lsst_hardware_i 149.7469000776845 54.709999084472656 31.31999969482422 AB 5.995611277087434 1.025943065894496
61248.0739 lsst_hardware_z 196.8333101949798 118.55999755859375 31.700000762939453 AB 4.586784788072071 1.3419499087396347
61249.0626 lsst_hardware_r 113.49032992518072 156.50999450683594 31.56999969482422 AB 6.256155064104477 1.4014684283388164
61249.0804 lsst_hardware_i 32.080530375850735 123.06999969482422 31.290000915527344 AB 5.744011233837098 1.2860686395634968
61253.0684 lsst_hardware_g -165.33581492721967 90.73999786376953 31.639999389648438 AB 4.882037440799832 1.2921995123099894
61253.0871 lsst_hardware_r 45.0029017395787 93.37999725341797 31.6200008392334 AB 4.8266901965979905 1.1989294630340694
61260.0706 lsst_hardware_g -10.350858012192035 15.529999732971191 31.420000076293945 AB 4.033273990966543 1.1878874899764018
61260.0898 lsst_hardware_r -6.079054549026008 24.739999771118164 31.510000228881836 AB 4.924283542996399 1.1191553506809997
61261.0729 lsst_hardware_i -17.77248392049701 32.540000915527344 31.239999771118164 AB 4.638255819487273 1.1678361274411933
61261.0904 lsst_hardware_r 4.88134586269126 24.670000076293945 31.510000228881836 AB 4.25577853763006 1.1092385415195638
61263.0695 lsst_hardware_u 4.475151956718317 2.7899999618530273 28.399999618530273 AB 9.370597288410869 1.16006238869445
61263.0866 lsst_hardware_g -0.9922673633199336 15.649999618530273 31.450000762939453 AB 8.275059439526425 1.1044948421052776
61266.0696 lsst_hardware_r -2.5853570494434526 24.739999771118164 31.5 AB 3.775691849567942 1.1312087033384592
61266.0875 lsst_hardware_i 27.686805747566545 32.040000915527344 31.25 AB 3.9989136721471326 1.0807874789586844
61268.0765 lsst_hardware_z -68.45326298803155 42.54999923706055 30.950000762939453 AB 6.385151536346167 1.094785083673687
61268.0958 lsst_hardware_r 3.2865356249733497 24.420000076293945 31.530000686645508 AB 5.373641603388355 1.0516275684246106
61270.075 lsst_hardware_z 53.39725361832743 42.93000030517578 30.959999084472656 AB 3.1454482325155357 1.0846373215570813
61270.0938 lsst_hardware_g 35.024881985020556 18.559999465942383 31.549999237060547 AB 2.7276395061834067 1.0454731721668864
61274.076 lsst_hardware_z -39.37925389776735 50.7400016784668 30.969999313354492 AB 3.230199498268425 1.0581566384369159
61274.0955 lsst_hardware_r -89.71636458004807 53.810001373291016 31.639999389648438 AB 2.8551457322795146 1.0267538370150193
61276.0779 lsst_hardware_i 25.551597979660126 70.9800033569336 31.329999923706055 AB 2.6612481506764283 1.044650893297911
61276.0958 lsst_hardware_z 9.558247469087304 65.66000366210938 30.989999771118164 AB 2.9331134677963315 1.02006554451691
61278.0778 lsst_hardware_r 116.17448294092769 138.74000549316406 31.670000076293945 AB 2.1517100977675834 1.0360949068340355
61278.0966 lsst_hardware_z 43.05371808505529 96.55000305175781 31.010000228881836 AB 1.9197809991976278 1.0140581032824867
61285.9753 lsst_hardware_y 5.3600880555405555 69.98999786376953 29.979999542236328 AB 3.724649696335449 1.3097669261838942
61285.9921 lsst_hardware_r 40.83689762409514 25.0 31.489999771118164 AB 3.868562590242037 1.2208481547124876
61295.9889 lsst_hardware_z 47.720539286353805 71.30000305175781 31.709999084472656 AB 2.953509545719824 1.1272937197403907
61296.9989 lsst_hardware_i -28.432222744352686 45.2599983215332 32.0 AB 2.6568046368294516 1.090642297549036
61297.0161 lsst_hardware_z 25.533903173354158 59.209999084472656 31.700000762939453 AB 1.4736178542984602 1.0525841816417574
61298.9828 lsst_hardware_y 107.57033728641544 62.209999084472656 30.040000915527344 AB 2.9097834612470788 1.1207279989396888
61299.0 lsst_hardware_i 16.993856387264298 32.5 31.260000228881836 AB 2.686664931349298 1.0746659725397192
61302.986 lsst_hardware_y -28.659629832978784 56.849998474121094 30.040000915527344 AB 6.680898811259963 1.0819269329975287
61303.0031 lsst_hardware_i -9.97002068381192 48.470001220703125 31.309999465942383 AB 6.492114340328118 1.0464963205085354
61304.9872 lsst_hardware_y -34.58162650817814 68.08000183105469 30.059999465942383 AB 2.0504060768782404 1.0667160722508837
61305.0044 lsst_hardware_z 26.779974166437203 72.44000244140625 31.0 AB 2.682232589187875 1.035611038296394
61306.9886 lsst_hardware_y -85.80982167550728 62.68000030517578 30.059999465942383 AB 2.636755525274617 1.0529472979466894
61307.0053 lsst_hardware_i 38.784125409898664 77.45999908447266 31.34000015258789 AB 2.929833690766505 1.0268708537063513
61308.9962 lsst_hardware_z 39.27488418708079 97.12999725341797 31.739999771118164 AB 3.1969677954432574 1.0316959404417236
