data/validation/pwv_sim_epoch_fit_seasonal/53596753.ecsv
# %ECSV 0.9
# ---
# datatype:
# - {name: time, datatype: float64}
# - {name: band, datatype: string}
# - {name: flux, datatype: float64}
# - {name: fluxerr, datatype: float64}
# - {name: zp, datatype: float64}
# - {name: zpsys, datatype: string}
# - {name: pwv, datatype: float64}
# - {name: airmass, datatype: float64}
# meta: {SNID: '53596753', alt: 1024.0, c: -0.01081264391541481, dec: -27.953188, lat: -30.244573, lon: -70.7499537, ra: 68.027344, t0: 59884.390625,
#   x0: 5.717883552393127e-06, x1: 0.733282208442688, z: 0.5803785920143127}
# schema: astropy-2.0
time band flux fluxerr zp zpsys pwv airmass
59842.3027 lsst_hardware_g 3.3822042446376046 13.079999923706055 31.360000610351562 AB 7.415770280957943 1.122326187053794
59842.3184 lsst_hardware_i 30.15363343449892 30.43000030517578 31.239999771118164 AB 6.99505199895541 1.079344528577579
59844.3076 lsst_hardware_z -44.497175382790196 41.70000076293945 30.950000762939453 AB 2.146796498214164 1.0927026628172491
59844.3238 lsst_hardware_r 4.2580710394144585 21.889999389648438 31.489999771118164 AB 2.1483155837883072 1.0558562829890106
59850.2716 lsst_hardware_u 3.9719190880166173 2.5399999618530273 28.309999465942383 AB 3.8611676042079774 1.153333281487921
59850.2889 lsst_hardware_g 10.863650617031698 12.949999809265137 31.360000610351562 AB 3.83149467313807 1.0988990458330985
59856.2333 lsst_hardware_i 29.72815404312008 38.688907763983806 31.25 AB 3.2482383636715375 1.2469644059010205
59856.2531 lsst_hardware_z -38.02555301175033 45.18719213788602 30.940000534057617 AB 3.218814657673419 1.1610838335912774
59860.2038 lsst_hardware_r 170.76796464126033 82.67828581631444 31.579999923706055 AB 5.5580825632500686 1.3545286506702034
59860.2246 lsst_hardware_i 41.229028188387275 64.6570811752398 31.299999237060547 AB 3.9912780029539014 1.2360086718828946
59862.2042 lsst_hardware_z 499.97667779945834 102.1876613755556 31.709999084472656 AB 4.481406424802809 1.317285839154425
59864.2011 lsst_hardware_z 321.6362458157958 67.27005469454585 30.950000762939453 AB 8.188424084349041 1.3031974670051525
59864.221 lsst_hardware_r 585.892831837279 85.91812687639991 31.610000610351562 AB 6.613047750533771 1.2023723182788675
59869.1837 lsst_hardware_z 465.99910343366855 51.05148444398631 30.920000076293945 AB 8.619448307314217 1.3258140061240864
59869.203 lsst_hardware_i 822.9329382098013 43.0104098860955 31.229999542236328 AB 8.027423659151106 1.2219075779770516
59871.1995 lsst_hardware_g 337.09124028635347 23.461067172165013 31.360000610351562 AB 3.1261601964416736 1.2129436871863224
59871.2182 lsst_hardware_r 1219.8700818660843 42.334663950274575 31.479999542236328 AB 2.66288680699961 1.1396091898719496
59873.1991 lsst_hardware_i 1205.0097122209463 46.906605139326025 31.229999542236328 AB 3.0592638935942844 1.1909929510490957
59873.2172 lsst_hardware_r 1502.8516556622506 44.89569663249852 31.479999542236328 AB 2.0290062566482816 1.1250381240079188
59875.1814 lsst_hardware_z 939.2414964448591 53.17822447820535 30.93000030517578 AB 3.9807453251968843 1.2471006657886594
59875.1999 lsst_hardware_u 6.294357967114546 3.319345039474282 28.270000457763672 AB 3.794774581323492 1.1660681905123347
59881.1814 lsst_hardware_i 1634.9459862229926 51.13435791835201 31.239999771118164 AB 2.5387031875485766 1.174238292112788
59881.1991 lsst_hardware_u 13.108946217845538 3.159817599247674 28.479999542236328 AB 2.279522382035721 1.1135917840913676
59883.1829 lsst_hardware_g 562.3403221131241 28.169566495308953 31.469999313354492 AB 3.9010042657695356 1.1483674612213197
59883.2002 lsst_hardware_r 1958.60838081342 50.717814354204734 31.510000228881836 AB 3.6681799680959686 1.0951425490656184
59885.17 lsst_hardware_r 2067.1661035577185 57.71120752066283 31.559999465942383 AB 4.1211335125637065 1.176122577786446
59885.1881 lsst_hardware_i 1726.3097298219968 55.06387594160918 31.270000457763672 AB 3.981094341390908 1.1138264926602526
59887.1809 lsst_hardware_z 2620.7333948702676 85.2480765131524 31.709999084472656 AB 5.245821055272562 1.1190687026819524
59896.135 lsst_hardware_r 1333.3517820575375 43.19952715333228 31.469999313354492 AB 5.982455037839941 1.1964910075679882
59896.1526 lsst_hardware_g 271.5832588464626 32.553449432949705 31.610000610351562 AB 5.654042909451379 1.1308085818902758
59898.1016 lsst_hardware_r 1152.6135179695382 41.687878934089476 31.440000534057617 AB 5.646316524746796 1.3443610773206656
59898.1185 lsst_hardware_i 1229.883450286146 46.93113503059312 31.219999313354492 AB 5.240014986395104 1.247622615808358
59899.113 lsst_hardware_i 1214.6020139269488 46.08599695269156 31.209999084472656 AB 7.310144949973295 1.2618383377160136
59899.1299 lsst_hardware_z 1036.6816800853635 52.848531956083015 30.93000030517578 AB 6.9247614374105755 1.1836355993010028
59901.1183 lsst_hardware_r 1061.2055235965129 39.30015114544051 31.459999084472656 AB 6.75103367395587 1.2097723301344796
59901.1349 lsst_hardware_u -1.1337009484291989 2.6158875206199013 28.350000381469727 AB 5.3713967838634575 1.1443721510228406
59905.1034 lsst_hardware_z 859.8046860539051 52.29805250883888 30.93000030517578 AB 4.722055998230054 1.228049758978018
59905.1212 lsst_hardware_u 0.18981270035775274 2.7806768539228974 28.309999465942383 AB 4.431519593941901 1.1541918463190883
59907.1041 lsst_hardware_g 127.5503727702894 16.48656301229638 31.350000381469727 AB 9.562419808630452 1.2002033062459776
59907.1211 lsst_hardware_r 704.1359897502449 34.4931145349027 31.479999542236328 AB 9.077023132955773 1.135621560484837
59909.1009 lsst_hardware_i 739.9390875046624 41.27375218803774 31.229999542236328 AB 4.295645205653081 1.1906165254150447
59909.1161 lsst_hardware_z 634.223573411633 49.94649592992179 30.940000534057617 AB 3.9773726775051754 1.134096997269078
59911.1239 lsst_hardware_z 725.773413696772 49.117162358361774 30.940000534057617 AB 4.279732074001712 1.0947472904165363
59911.1415 lsst_hardware_i 695.7820238498716 39.799814440646415 31.25 AB 4.440508876836957 1.0546483230488568
59913.1282 lsst_hardware_z 651.3546929557463 49.413271783088426 30.950000762939453 AB 5.629854423204437 1.070925323036796
59913.1466 lsst_hardware_g 16.522340715648184 23.773064166958626 31.600000381469727 AB 5.471863245211358 1.0364358831729061
59915.1274 lsst_hardware_r 424.9677812754448 46.9954970600627 31.6200008392334 AB 6.873392042206532 1.0609542397478633
59915.1444 lsst_hardware_i 606.2165197102378 46.63278284659618 31.299999237060547 AB 6.69320960897875 1.0316291012605965
59917.0245 lsst_hardware_z 661.0952292836681 88.6963866923 30.93000030517578 AB 6.742061345053641 1.5449269809928237
59917.0458 lsst_hardware_i 574.8354847644122 61.840731697403776 31.260000228881836 AB 4.783594179406758 1.3705919047056276
59919.0262 lsst_hardware_y 323.82335012958566 89.16464203254604 29.920000076293945 AB 4.794127016844051 1.4795927216225662
59919.048 lsst_hardware_r 289.97509161071605 92.49790701861382 31.579999923706055 AB 4.193165332222739 1.3207859932974129
59921.0283 lsst_hardware_y 268.93448060312215 80.10550100594098 29.940000534057617 AB 5.337555396751974 1.4183052427150045
59921.0513 lsst_hardware_r 200.04241299372163 98.08665779054311 31.600000381469727 AB 3.763198047687484 1.2704922510758594
59923.0294 lsst_hardware_y 128.90852463372326 78.08689518767541 29.959999084472656 AB 9.9445030960646 1.3707102820211334
59923.0507 lsst_hardware_z 617.0680348632212 49.83985184931236 30.93000030517578 AB 9.2485678346566 1.2453188287239587
59928.0339 lsst_hardware_y 267.5186317043742 97.83841360744084 30.010000228881836 AB 9.574678059997966 1.2614092056829782
59928.0548 lsst_hardware_r 247.3681867955116 79.13273290985377 31.6200008392334 AB 8.971552770083063 1.1675594884740899
59930.0446 lsst_hardware_z 910.229679958593 134.14379937276567 31.729999542236328 AB 12.945802846755061 1.1863188075009792
59932.0366 lsst_hardware_y 31.58993423314033 97.2819535282353 30.020000457763672 AB 4.346486530714563 1.1969395623410766
59932.0595 lsst_hardware_g 122.20316843528478 83.66447794245506 31.700000762939453 AB 4.525428355513251 1.1146375259884853
59934.0387 lsst_hardware_y 44.28554849916426 97.88460494694289 30.030000686645508 AB 5.249167658571214 1.1664817019047142
59934.0607 lsst_hardware_i 354.8912629571126 80.74652856245461 31.329999923706055 AB 4.823762018132019 1.0958114534602497
59936.0404 lsst_hardware_y 287.57958723714944 98.29213408551063 30.040000915527344 AB 6.3994342858891935 1.1407191240444197
59936.0633 lsst_hardware_i 164.4753558272364 80.71457966856599 31.329999923706055 AB 5.267104632033516 1.0757059683850807
59938.041 lsst_hardware_y 14.577801680975046 98.351812700147 30.049999237060547 AB 6.35307206727335 1.1210644198470707
59938.0632 lsst_hardware_g -21.000384147394662 84.38574705955203 31.719999313354492 AB 7.6030210168176495 1.0638555527263502
59943.0516 lsst_hardware_z 883.0983742257716 134.06556108821792 31.75 AB 9.029242775282503 1.0596251814441493
59945.0429 lsst_hardware_y -152.9567016900651 99.17041097346286 30.06999969482422 AB 7.350567768812129 1.0663768718273574
59945.0645 lsst_hardware_r 205.73980732322724 79.67982213514152 31.65999984741211 AB 7.093123242016774 1.0288447552045867
60176.3329 lsst_hardware_r 50.72230638088783 76.68000030517578 31.56999969482422 AB 3.3358524905337 1.3916781353916146
60176.35 lsst_hardware_u 35.33084829488739 24.420000076293945 29.290000915527344 AB 3.4644357271838637 1.283124343401431
60178.3467 lsst_hardware_r -20.666207124968892 76.80999755859375 31.600000381469727 AB 2.3847598587549963 1.2713068993807177
60178.3638 lsst_hardware_i 161.1749998642521 78.86000061035156 31.309999465942383 AB 2.3187940127451383 1.1901423504252207
60179.3339 lsst_hardware_i 71.56357051150175 77.88999938964844 31.280000686645508 AB 2.696914408978779 1.3298394521590933
60179.3512 lsst_hardware_z -120.79571273972898 93.1500015258789 30.979999542236328 AB 2.4936516851967165 1.2344301069411574
60181.3408 lsst_hardware_r -52.75733547761023 77.70999908447266 31.600000381469727 AB 2.5010658593990396 1.2591898599869298
60181.3593 lsst_hardware_u 11.568419169557194 25.489999771118164 29.3799991607666 AB 2.2972409703644274 1.175209602437359
60183.3288 lsst_hardware_z 20.343181454001996 95.25 30.969999313354492 AB 3.897302201037939 1.2949281872980194
60183.3461 lsst_hardware_i 141.7694233917742 80.37000274658203 31.309999465942383 AB 3.264532350022806 1.2075207508869266
60185.3245 lsst_hardware_z 52.670769514288 94.2699966430664 30.969999313354492 AB 8.989103761542285 1.2883294135594714
60185.3429 lsst_hardware_r -41.95260945952136 78.2699966430664 31.610000610351562 AB 8.424160200913521 1.1976911332515314
60193.271 lsst_hardware_i 142.0585201925007 76.56999969482422 31.239999771118164 AB 1.2670074894193104 1.5182833905563935
60193.2864 lsst_hardware_z 219.55497442839214 92.1500015258789 30.950000762939453 AB 1.2280289539086793 1.3923230769939672
60200.2824 lsst_hardware_z -150.67485895316352 131.0800018310547 31.719999313354492 AB 4.589763268447135 1.2948667972579198
60200.2984 lsst_hardware_i 150.99152352005336 111.16000366210938 32.04999923706055 AB 3.35684273178827 1.2132801054624631
60202.3381 lsst_hardware_r -23.263205959055842 78.73999786376953 31.649999618530273 AB 1.4401285276962694 1.0671571157438084
60202.3558 lsst_hardware_u -32.637235624685694 26.75 29.520000457763672 AB 1.3534790312343272 1.0349017697729748
60208.3015 lsst_hardware_g -29.722438453457432 83.1500015258789 31.690000534057617 AB 3.4694957680239757 1.1197339900031211
60208.3176 lsst_hardware_r 17.415595748956957 78.16000366210938 31.639999389648438 AB 3.3261357447008133 1.076419334854632
60210.3311 lsst_hardware_z 232.2452253462233 95.87000274658203 31.0 AB 2.170022434607501 1.0393242552500503
60210.3486 lsst_hardware_r -11.615026440052649 80.0199966430664 31.65999984741211 AB 1.8244447501937402 1.0166869602639956
60214.2287 lsst_hardware_i -13.676440110472278 76.81999969482422 31.260000228881836 AB 4.711827459774943 1.3949948069993912
60214.2461 lsst_hardware_z -102.03085481286705 91.8499984741211 30.969999313354492 AB 4.246199975167211 1.2840036211574666
60216.2647 lsst_hardware_z -10.995510326905078 92.58000183105469 30.979999542236328 AB 5.283427240660272 1.1714916276408585
60216.2841 lsst_hardware_r -45.16051275651795 78.0999984741211 31.639999389648438 AB 5.009923476115515 1.1065947893054444
60217.2529 lsst_hardware_y 74.38304368620756 134.13999938964844 30.770000457763672 AB 2.9726116158341074 1.2091979454240438
60222.275 lsst_hardware_u -7.992335306340444 25.149999618530273 29.450000762939453 AB 7.174506639950634 1.087046460598581
60222.294 lsst_hardware_g -23.614060656550002 82.98999786376953 31.729999542236328 AB 7.239594718521602 1.0466001255587989
60225.1998 lsst_hardware_r -51.97310733555716 75.94999694824219 31.56999969482422 AB 5.531198512287726 1.3868445914637006
60225.2191 lsst_hardware_i -26.517383987138828 78.41000366210938 31.299999237060547 AB 4.024275543636842 1.26748836020058
60228.2021 lsst_hardware_z 15.662284023762473 91.52999877929688 30.959999084472656 AB 5.106572239971736 1.3176550741766833
60228.2217 lsst_hardware_i -4.381089293963793 77.98999786376953 31.299999237060547 AB 4.371996251837278 1.2144434032881328
60234.1561 lsst_hardware_r 239.5011783204118 104.95999908447266 32.27000045776367 AB 9.896588126099338 1.5463418947030216
60234.1745 lsst_hardware_i 129.44712297547704 108.97000122070312 32.02000045776367 AB 9.029946316623262 1.3920780549777816
60239.1841 lsst_hardware_r 106.44288901388144 76.68000030517578 31.600000381469727 AB 3.575860846273608 1.2507383162901742
60239.2029 lsst_hardware_g 24.225353804546206 82.62000274658203 31.68000030517578 AB 3.275313082171318 1.1676695480114236
60241.1813 lsst_hardware_r -12.314996122017266 77.22000122070312 31.610000610351562 AB 2.948979173130402 1.2375069966983074
60241.2001 lsst_hardware_i -37.93219818473742 79.23999786376953 31.31999969482422 AB 2.623383667445893 1.157715652006131
60245.1916 lsst_hardware_z -125.41776517889612 134.72000122070312 31.739999771118164 AB 2.33554783683333 1.1490068072316437
60247.1843 lsst_hardware_r 98.1648512812354 78.77999877929688 31.6299991607666 AB 5.963253364043331 1.1555946057831252
60247.2021 lsst_hardware_i 62.90561142438994 80.76000213623047 31.329999923706055 AB 5.659993048072105 1.099241221222005
60249.1941 lsst_hardware_z 148.02814851510794 134.9600067138672 31.75 AB 4.8844152870650674 1.1063228283272568
60251.1696 lsst_hardware_r 51.92686704875158 77.75 31.6200008392334 AB 4.299341988606278 1.1697298295759155
60251.1866 lsst_hardware_g 50.55201263525043 83.98999786376953 31.700000762939453 AB 4.056302180569823 1.1122298274113331
60261.1983 lsst_hardware_i 72.86843640867433 79.45999908447266 31.34000015258789 AB 4.491609090019098 1.0297722450894933
60261.2159 lsst_hardware_z 78.5078802143021 93.45999908447266 31.0 AB 6.74982877217925 1.0108443293458018
60263.112 lsst_hardware_g -12.469917271778852 81.22000122070312 31.6299991607666 AB 5.400330855283652 1.285793060781822
60263.1298 lsst_hardware_i -29.039032363589378 78.76000213623047 31.309999465942383 AB 5.007213548785197 1.1983280001879137
60265.1139 lsst_hardware_z -154.9324984165681 95.5 30.969999313354492 AB 3.8649863602509673 1.2467697936293443
60265.1318 lsst_hardware_r 61.04126499920399 78.55999755859375 31.6200008392334 AB 3.2090692863237558 1.1681023883241033
60268.0998 lsst_hardware_g -82.09963414604495 79.30000305175781 31.6299991607666 AB 7.356864684677262 1.2777510596903257
60268.1167 lsst_hardware_r 11.678749676463378 75.70999908447266 31.610000610351562 AB 6.878045239611313 1.1959737853610353
60272.1012 lsst_hardware_r -71.63494677092201 77.22000122070312 31.610000610351562 AB 9.631253599072798 1.216118557061193
60272.1187 lsst_hardware_z -17.900238353934814 93.54000091552734 30.989999771118164 AB 9.075498682941372 1.1461374889001346
60276.1248 lsst_hardware_i 181.5356287996229 80.6500015258789 31.31999969482422 AB 4.250572597063447 1.0941923623813026
60276.1434 lsst_hardware_z 27.3337976715669 95.69999694824219 31.0 AB 4.409790975672436 1.0523514310046582
60278.1265 lsst_hardware_r -123.62094782391576 78.48999786376953 31.639999389648438 AB 5.650206017634116 1.076383486714188
60278.1445 lsst_hardware_u -36.28997773866226 26.5 29.5 AB 5.446767676122092 1.0408499285538109
60280.1265 lsst_hardware_g 84.59640204060753 83.16000366210938 31.719999313354492 AB 6.8816736796423115 1.064258630251184
60280.1444 lsst_hardware_r -3.498068784642083 77.45999908447266 31.65999984741211 AB 6.69961190201923 1.0326158911866878
60282.0239 lsst_hardware_z 134.92934430638127 90.06999969482422 30.920000076293945 AB 6.753526165214441 1.5575475473282767
60282.0451 lsst_hardware_r -18.40197478927526 75.37000274658203 31.559999465942383 AB 4.777607750719052 1.3802795889982677
60290.0308 lsst_hardware_y -224.5940570784976 98.72000122070312 29.979999542236328 AB 17.69602369893161 1.3301363908321544
60290.0522 lsst_hardware_r 57.10038324946673 78.27999877929688 31.610000610351562 AB 16.52703859078515 1.2154468535234528
60293.0342 lsst_hardware_y 103.40712892020005 65.13999938964844 29.989999771118164 AB 9.588312469565745 1.2634603245093976
60293.0556 lsst_hardware_g 20.53294329128507 13.609999656677246 31.3799991607666 AB 8.969427712681272 1.16714216865658
60295.0347 lsst_hardware_z 17.546307296740686 62.2599983215332 30.959999084472656 AB 12.46722568839058 1.2334425045402007
60295.0543 lsst_hardware_i 2.6645748406651713 31.360000610351562 31.239999771118164 AB 12.571437360327439 1.1517842699399838
60301.039 lsst_hardware_y 181.3938130550908 61.88999938964844 30.020000457763672 AB 6.425056687845413 1.147946522752696
60301.0604 lsst_hardware_r -0.3274517362067148 62.790000915527344 31.6299991607666 AB 5.294516965889851 1.0843124482144624
60303.04 lsst_hardware_y 81.28535454216842 63.56999969482422 30.030000686645508 AB 6.314358700011554 1.1263572422423929
60303.0602 lsst_hardware_z -74.34471097373064 60.16999816894531 30.979999542236328 AB 7.67935475406573 1.0718868590796315
60304.0403 lsst_hardware_y -90.91067348095827 64.97000122070312 30.040000915527344 AB 10.559279700872308 1.1169704025887035
60304.0607 lsst_hardware_z -151.58675282002875 63.709999084472656 30.989999771118164 AB 10.194649115547154 1.0648265213648584
60306.0407 lsst_hardware_y 91.81569115007346 61.880001068115234 30.040000915527344 AB 6.286595416932992 1.1000808592393245
60306.0625 lsst_hardware_r -71.61988117334654 58.58000183105469 31.639999389648438 AB 6.722997161564035 1.0504683064943805
60308.0529 lsst_hardware_z 22.875199883014922 64.98999786376953 31.709999084472656 AB 8.91790960480166 1.0584009025579504
60310.0434 lsst_hardware_y 36.83890824676333 54.09000015258789 30.049999237060547 AB 7.3543708190271655 1.066786987570566
60310.0643 lsst_hardware_g -0.8354531271039917 12.989999771118164 31.389999389648438 AB 7.099959371481342 1.0300581944835487
60312.0441 lsst_hardware_y 83.38021668562402 55.5099983215332 30.049999237060547 AB 7.124103606556612 1.054251366120103
60312.0661 lsst_hardware_i -31.91224401482238 29.670000076293945 31.25 AB 7.017107300537109 1.0209547826235814
60316.0453 lsst_hardware_y 26.15130444108031 53.529998779296875 30.059999465942383 AB 9.993316400783161 1.033782439887568
60316.0668 lsst_hardware_g -20.498049023275115 12.920000076293945 31.399999618530273 AB 9.86505685014262 1.0100137551657462
