data/validation/pwv_sim_epoch_fit_seasonal/53613028.ecsv
# %ECSV 0.9
# ---
# datatype:
# - {name: time, datatype: float64}
# - {name: band, datatype: string}
# - {name: flux, datatype: float64}
# - {name: fluxerr, datatype: float64}
# - {name: zp, datatype: float64}
# - {name: zpsys, datatype: string}
# - {name: pwv, datatype: float64}
# - {name: airmass, datatype: float64}
# meta: {SNID: '53613028', alt: 1024.0, c: 0.1164451465010643, dec: -24.296478, lat: -30.244573, lon: -70.7499537, ra: 32.871094, t0: 61625.21484375,
#   x0: 1.000502828996428e-05, x1: -0.13780802488327026, z: 0.4602719247341156}
# schema: astropy-2.0
time band flux fluxerr zp zpsys pwv airmass
[from data line 132]
62054.1171 lsst_hardware_z 84.89513364886008 44.63999938964844 30.93000030517578 AB 5.3388528194244325 1.2711554331962933
62055.0962 lsst_hardware_r -48.450335994060076 23.979999542236328 31.440000534057617 AB 8.006054766580412 1.3850706745521852
62057.0932 lsst_hardware_g 10.869630630533656 14.09000015258789 31.329999923706055 AB 9.866032660045382 1.3676862427862193
62057.1126 lsst_hardware_r -25.257986285494216 23.579999923706055 31.469999313354492 AB 9.034629606862076 1.2516804664536165
62059.0964 lsst_hardware_i -25.54364503851702 33.09000015258789 31.209999084472656 AB 10.245992476378849 1.3115709775191233
62059.1159 lsst_hardware_z 18.86178700699106 44.0 30.940000534057617 AB 9.423596414651907 1.2096525285164188
62061.1199 lsst_hardware_g -21.088001111917787 13.949999809265137 31.3700008392334 AB 10.129393371143248 1.1702276906327942
62061.1432 lsst_hardware_r 26.289393530690727 22.950000762939453 31.479999542236328 AB 6.710330517493548 1.095146967276719
62064.1029 lsst_hardware_r -1.5023141835689737 23.360000610351562 31.469999313354492 AB 3.233075227250503 1.2067465855989434
62064.1221 lsst_hardware_g -7.0246632600379995 13.949999809265137 31.399999618530273 AB 3.023247402975797 1.1331865948997846
62065.1009 lsst_hardware_r -22.186306505113873 23.5 31.469999313354492 AB 5.243557787034584 1.2035249884168935
62065.1195 lsst_hardware_i 11.015944896813526 31.3700008392334 31.239999771118164 AB 4.933547493703509 1.1327600245760392
62067.1049 lsst_hardware_z -59.71432617403376 43.209999084472656 30.940000534057617 AB 3.611314530268142 1.1649401710542393
62067.1234 lsst_hardware_i -3.3521957457069664 31.610000610351562 31.25 AB 3.423707484124314 1.1044217690723592
62070.1033 lsst_hardware_z -35.61408841107323 45.540000915527344 30.950000762939453 AB 4.803764754805276 1.1412626620009136
62070.1231 lsst_hardware_g 32.67828988252566 34.5099983215332 31.670000076293945 AB 4.603534697909467 1.0838221772594916
62079.1128 lsst_hardware_g 102.73783599776394 85.80000305175781 31.729999542236328 AB 4.058401320340238 1.0534461571291986
62079.1319 lsst_hardware_r 100.8428788866635 79.88999938964844 31.65999984741211 AB 3.7624068820401186 1.0251789869319123
62081.1126 lsst_hardware_i 65.48443500789851 39.849998474121094 31.290000915527344 AB 4.7662494822161126 1.0443140846222385
62081.1305 lsst_hardware_z 46.77754500042204 46.40999984741211 30.969999313354492 AB 4.535107152462752 1.0208457293106925
62086.0092 lsst_hardware_y 13.65174104584265 72.1500015258789 29.950000762939453 AB 7.050449141937438 1.4023767562286653
62086.0266 lsst_hardware_u -0.19523935732061387 2.9100000858306885 28.329999923706055 AB 6.819631772446401 1.2885463906370147
62090.0656 lsst_hardware_z -3.512553280802966 41.61000061035156 30.940000534057617 AB 6.493669489152082 1.09103684956771
62091.0141 lsst_hardware_y 69.85665850729832 71.5 29.989999771118164 AB 4.48713911195872 1.28203974627392
62091.0326 lsst_hardware_g -4.013159078514781 14.0 31.3700008392334 AB 4.171872391657589 1.1919635404735966
62093.0155 lsst_hardware_y -98.86378723966632 74.12999725341797 30.0 AB 7.163902316193938 1.2456072185339577
62093.0318 lsst_hardware_i -19.14958846636736 32.029998779296875 31.239999771118164 AB 6.655893736308251 1.173051416339306
62094.1119 lsst_hardware_r -7.282779967244932 22.18000030517578 31.5 AB 5.841205199001991 1.008727584446543
62094.1324 lsst_hardware_i -29.598860071377334 29.850000381469727 31.25 AB 5.378302460699759 1.0063561019209928
62100.0302 lsst_hardware_z -63.04664424466889 80.30999755859375 31.719999313354492 AB 5.397849293672625 1.113302937748441
62103.0262 lsst_hardware_y 109.47076588785806 66.33000183105469 30.049999237060547 AB 6.784343185820144 1.1013842126388935
62103.0437 lsst_hardware_r -81.46906639282517 73.2300033569336 31.649999618530273 AB 5.701510166174683 1.0602529365271376
62105.0282 lsst_hardware_y -72.85243193903024 65.55000305175781 30.049999237060547 AB 8.055248274770351 1.0822097995661017
62105.0444 lsst_hardware_z 42.634107239126074 64.0199966430664 30.989999771118164 AB 8.717718656829723 1.0488111954799955
62107.0289 lsst_hardware_y -45.44591386855582 66.61000061035156 30.059999465942383 AB 7.164720695011378 1.0682333023984008
62107.045 lsst_hardware_z 19.304178653951272 63.16999816894531 30.989999771118164 AB 6.894856531531168 1.0389780938730953
62119.0467 lsst_hardware_y -132.21043508280985 47.970001220703125 30.059999465942383 AB 7.743446452348868 1.0075221842432944
62119.066 lsst_hardware_i -66.80845535918284 30.010000228881836 31.260000228881836 AB 7.731231805531257 1.0067985401984727
