data/validation/pwv_sim_epoch_fit_seasonal/53779492.ecsv
# %ECSV 0.9
# ---
# datatype:
# - {name: time, datatype: float64}
# - {name: band, datatype: string}
# - {name: flux, datatype: float64}
# - {name: fluxerr, datatype: float64}
# - {name: zp, datatype: float64}
# - {name: zpsys, datatype: string}
# - {name: pwv, datatype: float64}
# - {name: airmass, datatype: float64}
# meta: {SNID: '53779492', alt: 1024.0, c: 0.01478792354464531, dec: -24.624317, lat: -30.244573, lon: -70.7499537, ra: 218.847656, t0: 62978.19140625,
#   x0: 5.097863940176128e-06, x1: 0.8438586592674255, z: 0.6085295081138611}
# schema: astropy-2.0
time band flux fluxerr zp zpsys pwv airmass
62910.3225 lsst_hardware_i -45.19316445717345 66.88999938964844 31.31999969482422 AB 6.442076315289075 1.1301888272436973
62910.3422 lsst_hardware_r 62.03325017745092 74.5999984741211 31.649999618530273 AB 6.018210378021065 1.0760254564672027
62912.3151 lsst_hardware_z 7.386760447093414 48.7400016784668 30.950000762939453 AB 4.540551892719731 1.1365586715193319
62912.3332 lsst_hardware_g -50.861528811242714 36.31999969482422 31.65999984741211 AB 4.308817840934179 1.0844340203693579
62914.308 lsst_hardware_r 13.65104179444896 26.739999771118164 31.510000228881836 AB 5.610953219735988 1.1421012761955398
62914.3282 lsst_hardware_i 5.546036232570876 32.90999984741211 31.25 AB 5.3392734338063494 1.0833099081170792
62919.3197 lsst_hardware_u -1.540448812608342 2.8299999237060547 28.469999313354492 AB 11.990082526189187 1.071356165499637
62919.3397 lsst_hardware_g 4.87850735059032 15.649999618530273 31.469999313354492 AB 9.722178979466225 1.0351002373666462
62921.297 lsst_hardware_g 5.708195647918507 15.6899995803833 31.440000534057617 AB 11.075179286208853 1.1160744997859104
62921.3166 lsst_hardware_r -12.093304476391618 24.729999542236328 31.510000228881836 AB 10.564625546326418 1.0662543235034823
62923.3243 lsst_hardware_r 53.09845088196541 24.489999771118164 31.530000686645508 AB 6.839325050042094 1.041891796583893
62923.342 lsst_hardware_u -0.6662526188018032 2.859999895095825 28.510000228881836 AB 6.7196519330959354 1.0192100611399872
62925.3212 lsst_hardware_g 0.6157792869159049 15.5600004196167 31.469999313354492 AB 5.441061016282565 1.0382218225029938
62925.342 lsst_hardware_r 13.907466395966612 24.3700008392334 31.520000457763672 AB 4.799054270863529 1.014384753934375
62927.207 lsst_hardware_z -15.338602416271272 47.90999984741211 30.899999618530273 AB 5.941731783097609 1.5322956545424935
62927.226 lsst_hardware_r 17.725193671872532 25.329999923706055 31.450000762939453 AB 4.547296125706671 1.3757450965227926
62929.2086 lsst_hardware_z -17.570117169006295 52.2400016784668 30.920000076293945 AB 8.217962569385842 1.468411072882309
62929.2288 lsst_hardware_r 24.221255942883335 42.34000015258789 31.549999237060547 AB 7.372855313787475 1.321142392865991
62935.2051 lsst_hardware_r -168.39783586891363 116.9000015258789 31.56999969482422 AB 14.923864672061905 1.3691618965194408
62935.2254 lsst_hardware_z -31.09333747075459 77.80999755859375 30.969999313354492 AB 12.586849236487158 1.2482619364791152
62937.2038 lsst_hardware_y -66.73996252099452 65.12999725341797 29.959999084472656 AB 10.703648111764354 1.3411972406354218
62937.2252 lsst_hardware_r 73.79802751592378 116.30000305175781 31.610000610351562 AB 9.047395747348528 1.2226210469389902
62941.2146 lsst_hardware_r -12.018778551007369 36.650001525878906 31.559999465942383 AB 10.197609836982416 1.2211243967168501
62941.2362 lsst_hardware_g 64.64994415432596 31.809999465942383 31.6299991607666 AB 9.452757263078896 1.1356482235087233
62943.2509 lsst_hardware_z -53.64758614691036 42.68000030517578 30.950000762939453 AB 6.811364031495281 1.0788285779254267
62943.2683 lsst_hardware_r 20.627841447061353 24.950000762939453 31.530000686645508 AB 6.666274266664466 1.044161374196909
62946.2519 lsst_hardware_u -4.4874368746118005 2.8838824238854017 28.540000915527344 AB 4.835412042874923 1.0590039515713805
62946.2704 lsst_hardware_g 9.255750284679678 15.164820172953561 31.479999542236328 AB 4.634111075295616 1.029116383587745
62948.2501 lsst_hardware_r -52.32112138562146 24.162696767592262 31.520000457763672 AB 6.4554612681195955 1.0520634400455575
62948.2677 lsst_hardware_z 54.22535737290864 41.5531296640973 30.959999084472656 AB 6.2745225183551945 1.0257236495690045
62950.161 lsst_hardware_g -6.955390359302562 15.371741748776973 31.350000381469727 AB 11.86310538961431 1.3915666146175398
62950.1775 lsst_hardware_r 21.89267071476588 25.31575999455633 31.469999313354492 AB 8.991770797143644 1.2854568687839376
62952.1495 lsst_hardware_i 44.026287012521585 35.206354578238596 31.200000762939453 AB 9.920986739146386 1.437824165093679
62952.1671 lsst_hardware_z 43.04979328164538 45.90446597115678 30.93000030517578 AB 8.86842256150944 1.314424568179869
62954.1474 lsst_hardware_r 202.1830366155804 27.827256663079265 31.459999084472656 AB 9.233808230230906 1.4115375638569763
62954.1648 lsst_hardware_g 40.25985412102286 16.361793737689197 31.399999618530273 AB 8.52788912734148 1.295637971337184
62956.149 lsst_hardware_r 262.2785701922829 34.91290932505707 31.5 AB 6.875171230033911 1.360679081694901
62956.1661 lsst_hardware_i 226.152898625254 39.14898739149775 31.239999771118164 AB 6.297300892588027 1.2583905465530354
62958.1506 lsst_hardware_z 410.71186712206577 52.29620497000305 30.93000030517578 AB 10.98346182180182 1.315148395114868
62958.1678 lsst_hardware_i 428.72301801155515 46.34807050539149 31.260000228881836 AB 10.028035445921352 1.2229311519416284
62960.1652 lsst_hardware_z 526.5970999706112 56.672349146051495 30.950000762939453 AB 7.1805804149374275 1.2098193698558963
62960.1824 lsst_hardware_r 577.1993078561627 64.73381540077428 31.610000610351562 AB 5.2156073445545355 1.1421454822193224
62965.1537 lsst_hardware_z 1755.847505930214 158.33620311564655 31.739999771118164 AB 8.302097909141581 1.2003322358333812
62968.1572 lsst_hardware_r 1672.7790784217677 76.72986688882573 31.6200008392334 AB 7.269966388940237 1.1539629188794027
62968.1751 lsst_hardware_i 1303.792344456763 66.87621200992866 31.309999465942383 AB 7.135878205234589 1.0978274161899368
62970.1598 lsst_hardware_z 967.4447251933424 52.8620306846732 30.950000762939453 AB 5.565947034919607 1.1266339049158944
62970.1789 lsst_hardware_r 1630.1698914924011 50.722856386107864 31.559999465942383 AB 6.071875726510671 1.0748585106232378
62973.1392 lsst_hardware_u -0.9952679898029271 3.2109141665790966 28.420000076293945 AB 17.084580788470102 1.1702302015025872
62973.1633 lsst_hardware_g 408.8966838322228 25.868634063688823 31.450000762939453 AB 16.05036052239689 1.0929269257369016
62975.1607 lsst_hardware_r 3444.1228925859755 69.03819161000781 32.27000045776367 AB 10.296426501149224 1.0856628533476618
62975.1791 lsst_hardware_u -0.6250612662043926 4.515361228678833 29.299999237060547 AB 9.478657250040836 1.0472497237919385
62977.1514 lsst_hardware_g 397.7992487176956 24.95130487673479 31.459999084472656 AB 8.062866339861404 1.0954981440029081
62977.1682 lsst_hardware_r 1762.9751777771583 48.62008149700133 31.520000457763672 AB 7.17434998445632 1.0571761851450936
62990.0488 lsst_hardware_y 332.11166041370495 59.84346942582408 29.920000076293945 AB 15.464338455474852 1.4139039182745508
62990.0676 lsst_hardware_r 1284.7290391281444 89.91808962993599 31.59000015258789 AB 14.148667319557598 1.289368224747047
62999.0412 lsst_hardware_r 673.0442022059448 36.56118805717979 31.469999313354492 AB 9.204307961346876 1.2999363933781647
62999.0608 lsst_hardware_i 816.6388180771112 43.260858633253314 31.239999771118164 AB 8.859171923642762 1.2006331592265305
63002.0462 lsst_hardware_z 656.1696858848695 51.32584005073264 30.93000030517578 AB 6.2222700688903325 1.229879936530184
63002.0669 lsst_hardware_i 635.3510467430923 41.69146121207296 31.239999771118164 AB 5.742160412431287 1.1449970912126548
63008.135 lsst_hardware_r 396.9397981231921 31.09532539960053 31.530000686645508 AB 4.926650769337982 1.0050287167152145
63008.1569 lsst_hardware_z 657.8462928066409 47.80153714680437 30.950000762939453 AB 4.962094799113509 1.008966002259762
63010.0481 lsst_hardware_r 293.2375818771577 30.29541412015941 31.489999771118164 AB 9.417905965232247 1.134687465690632
63010.0688 lsst_hardware_i 430.70962664074386 38.58425135696101 31.25 AB 8.938210078671622 1.0768927805628459
63013.0448 lsst_hardware_z 439.89874610775604 48.75191786823535 30.940000534057617 AB 6.467744195414599 1.1191482385720908
63013.0656 lsst_hardware_u 3.574747924914572 3.1538693694532633 28.489999771118164 AB 6.156350926659485 1.065865607478089
63030.9521 lsst_hardware_z 305.0728920445648 66.09180126657566 30.950000762939453 AB 16.802619339067757 1.310196837230906
63030.9737 lsst_hardware_i 206.61493670368765 35.36942949949723 31.239999771118164 AB 16.60361120333131 1.1994445614730815
63035.9541 lsst_hardware_y 105.42892270184637 66.09905588014249 30.0 AB 5.566311121533322 1.2263748661256537
63035.9739 lsst_hardware_r 119.67823402268723 26.543936163108963 31.489999771118164 AB 6.882575407394658 1.1455684765969802
63043.0312 lsst_hardware_z 245.890520354355 44.218375571198344 30.959999084472656 AB 4.089440421353975 1.007458120637399
63043.0522 lsst_hardware_r 76.17664188482979 28.05316055719582 31.549999237060547 AB 3.8384321070377214 1.0054831976524128
63047.9587 lsst_hardware_y -114.07773034780416 65.92573909932456 30.049999237060547 AB 8.541351073090297 1.0924539327352174
63047.9772 lsst_hardware_r 120.5768129886058 94.69842428406264 31.65999984741211 AB 8.114730394720999 1.0518121056022034
63050.9694 lsst_hardware_z 430.9997219416598 99.058184729144 31.739999771118164 AB 8.625348595923242 1.0511026804683454
63052.962 lsst_hardware_y 149.96370423896278 51.89894520841857 30.049999237060547 AB 6.903187952983712 1.054673246025199
63052.9811 lsst_hardware_g -34.89045294201641 42.653809268342805 31.709999084472656 AB 6.671459728709465 1.0256157824247814
