data/validation/pwv_sim_epoch_fit_seasonal/5381074.ecsv
# %ECSV 0.9
# ---
# datatype:
# - {name: time, datatype: float64}
# - {name: band, datatype: string}
# - {name: flux, datatype: float64}
# - {name: fluxerr, datatype: float64}
# - {name: zp, datatype: float64}
# - {name: zpsys, datatype: string}
# - {name: pwv, datatype: float64}
# - {name: airmass, datatype: float64}
# meta: {SNID: '5381074', alt: 1024.0, c: -0.04392487183213234, dec: -31.03924, lat: -30.244573, lon: -70.7499537, ra: 171.035156, t0: 60671.609375,
#   x0: 2.853556966449859e-06, x1: -0.8700317740440369, z: 0.7713370323181152}
# schema: astropy-2.0
time band flux fluxerr zp zpsys pwv airmass
[from data line 133]
61091.0987 lsst_hardware_g -23.655555024276225 13.9399995803833 31.280000686645508 AB 4.759710820026222 1.4963330759035567
61091.1186 lsst_hardware_r 11.187858965473657 23.809999465942383 31.450000762939453 AB 4.308230644154324 1.3473395983907717
61093.1032 lsst_hardware_i -59.19532055214641 33.61000061035156 31.190000534057617 AB 8.699088538159886 1.4160977597525455
61093.1217 lsst_hardware_z 18.55043527316457 44.810001373291016 30.920000076293945 AB 8.00081532499077 1.2957835168824634
61098.1128 lsst_hardware_r -28.49600290598709 48.66999816894531 31.559999465942383 AB 8.554089245217527 1.2698592310584127
61098.1317 lsst_hardware_i 6.998838871534627 44.0 31.270000457763672 AB 9.136435207700378 1.1829397562892963
61102.1148 lsst_hardware_z -91.59732421741948 110.55999755859375 31.729999542236328 AB 6.977840320984721 1.2078657297879039
61104.1117 lsst_hardware_r 64.51013183975068 118.13999938964844 31.6200008392334 AB 12.398803940071767 1.197759195627606
61104.1342 lsst_hardware_i 35.08018120870701 92.91999816894531 31.31999969482422 AB 11.536765105279414 1.1174524276644844
61106.1214 lsst_hardware_z 72.4234343803796 86.2699966430664 31.719999313354492 AB 8.340696090034058 1.1406860079368402
61110.1105 lsst_hardware_i -33.67432479663692 31.219999313354492 31.239999771118164 AB 8.642435734778083 1.1406144562198715
61110.1306 lsst_hardware_z 66.56069716371842 41.54999923706055 30.940000534057617 AB 8.325219114410457 1.0829788111712502
61112.1109 lsst_hardware_i 37.674842356010736 31.110000610351562 31.229999542236328 AB 14.69658970134036 1.1218556669789217
61112.1311 lsst_hardware_u -1.6711157143414699 2.609999895095825 28.360000610351562 AB 14.969975860136755 1.0692839900097681
61121.09 lsst_hardware_r 11.187064523947011 23.149999618530273 31.489999771118164 AB 5.88358107063223 1.1109480873550284
61121.1082 lsst_hardware_i -24.73162067806026 30.75 31.25 AB 5.585660439309725 1.065694563592524
61123.0925 lsst_hardware_z -67.99303435825304 41.880001068115234 30.940000534057617 AB 5.991467592198664 1.089423769719129
61123.1104 lsst_hardware_r 48.353884358851786 22.889999389648438 31.5 AB 5.76044121444773 1.0506321940203123
61129.0735 lsst_hardware_r 60.813557067016276 79.44999694824219 31.639999389648438 AB 5.453550796910784 1.0961911149569072
61129.0915 lsst_hardware_y 12.99277084368182 53.130001068115234 30.049999237060547 AB 6.302129026121492 1.0553383800370906
61132.0685 lsst_hardware_z 106.21861676934422 86.58000183105469 30.989999771118164 AB 9.508028790499216 1.0879788832458337
61132.0855 lsst_hardware_r 102.97025094730397 127.52999877929688 31.65999984741211 AB 8.98379897815415 1.0512285254100593
61134.0724 lsst_hardware_i -17.66641190089061 75.16999816894531 31.329999923706055 AB 5.207289662220391 1.066339179976872
61134.0898 lsst_hardware_z -20.032043964529556 65.87000274658203 30.989999771118164 AB 6.210143504222096 1.0350239173703493
61136.0735 lsst_hardware_r -172.22485152949488 55.459999084472656 31.6299991607666 AB 8.307340485639962 1.0532285877198084
61136.09 lsst_hardware_z 13.209025669621031 51.15999984741211 30.969999313354492 AB 9.470201216244828 1.0271367913497644
61138.0681 lsst_hardware_g 1.6877241666306373 13.9399995803833 31.40999984741211 AB 7.947679121823289 1.053114434993472
61138.087 lsst_hardware_i 24.44354519733052 34.720001220703125 31.280000686645508 AB 7.5874632847026735 1.0240412926987592
61140.0661 lsst_hardware_z 2.299640628625497 41.310001373291016 30.950000762939453 AB 5.962613852225428 1.0468531540579253
61140.0841 lsst_hardware_r -41.81455634622342 22.690000534057617 31.510000228881836 AB 5.1932995305683 1.021030119385602
61146.9705 lsst_hardware_y 53.88010298331518 78.97000122070312 29.979999542236328 AB 18.922810395288526 1.3176068234716796
61146.9901 lsst_hardware_i 34.60179681724541 32.0099983215332 31.229999542236328 AB 17.3710310863161 1.2159478570849855
61148.9838 lsst_hardware_z 61.290637032158024 44.40999984741211 30.93000030517578 AB 11.3800426637348 1.2197259017936548
61149.0042 lsst_hardware_u 2.4434452593396765 2.5999999046325684 28.329999923706055 AB 10.432023205238432 1.1399872369400537
61150.9817 lsst_hardware_y 101.67749684546438 50.119998931884766 29.989999771118164 AB 8.70577479405863 1.2048681467107731
61151.0013 lsst_hardware_r 12.51787659235947 23.510000228881836 31.489999771118164 AB 8.178855675142081 1.1316038843991258
61154.9769 lsst_hardware_y 24.1570302419487 51.869998931884766 30.0 AB 16.232108325178867 1.1796304589408348
61154.9946 lsst_hardware_z -13.123100370983098 46.349998474121094 30.950000762939453 AB 15.336675152484528 1.1184924416706534
61156.9768 lsst_hardware_y 34.40823240194936 53.68000030517578 30.010000228881836 AB 7.151708235934591 1.1593448001513582
61156.9963 lsst_hardware_r -0.44075145324157844 67.18000030517578 31.6299991607666 AB 6.863591584003912 1.098174653440626
61158.9664 lsst_hardware_y -50.83875017040921 69.55000305175781 30.020000457763672 AB 12.298431661961686 1.1779730846998837
61158.9856 lsst_hardware_r 60.109102429616975 102.06999969482422 31.639999389648438 AB 11.674733263268052 1.1128066973209152
61160.9806 lsst_hardware_z 171.96216531302312 109.9000015258789 31.739999771118164 AB 12.580713381657386 1.1114686263501534
61162.9714 lsst_hardware_y 30.450383468049314 55.130001068115234 30.020000457763672 AB 14.786989383669912 1.122607757642716
61162.9898 lsst_hardware_i 23.859183577095937 68.58000183105469 31.31999969482422 AB 14.152444646788933 1.07382257648537
61165.9688 lsst_hardware_y -153.02667606224801 49.459999084472656 30.030000686645508 AB 7.81634313684016 1.1061906505576224
61165.9875 lsst_hardware_r -29.752284592299578 22.479999542236328 31.5 AB 7.746744239454298 1.0611978410211367
61167.9699 lsst_hardware_y -96.46330215741189 48.779998779296875 30.020000457763672 AB 10.681674829391378 1.0887355113069108
61167.9909 lsst_hardware_g 32.578721587345214 13.470000267028809 31.3799991607666 AB 10.261556600516212 1.0446902054465914
61169.9664 lsst_hardware_y -70.87237524666983 50.40999984741211 30.040000915527344 AB 8.394284568291956 1.0838793881757858
61169.9855 lsst_hardware_z -8.931885326623265 40.810001373291016 30.950000762939453 AB 8.135759434117848 1.044586176300694
61171.9641 lsst_hardware_y -93.32115929816645 51.31999969482422 30.040000915527344 AB 12.56289672350248 1.0763891634919778
61171.9836 lsst_hardware_u -3.8026192351141628 2.549999952316284 28.350000381469727 AB 12.14622255362764 1.038760160235
61174.9809 lsst_hardware_i -5.3567361583130975 29.899999618530273 31.239999771118164 AB 6.711859264484225 1.0306381631495785
61174.9898 lsst_hardware_z 39.408324740084616 40.43000030517578 30.950000762939453 AB 6.645862721770413 1.0196168643403842
61176.9624 lsst_hardware_y 44.71379892476849 50.02000045776367 30.049999237060547 AB 10.973123249680102 1.0516446557903156
61176.9818 lsst_hardware_z 111.1743946224292 40.59000015258789 30.950000762939453 AB 10.682280620388006 1.0224968886920487
61177.9628 lsst_hardware_y -41.104950808463535 70.62999725341797 30.799999237060547 AB 7.795706802688903 1.0460525733228987
61177.983 lsst_hardware_u 5.476631223887145 3.7100000381469727 29.15999984741211 AB 7.547198459322268 1.0181260147027364
