data/validation/pwv_sim_epoch_fit_seasonal/53821006.ecsv
# %ECSV 0.9
# ---
# datatype:
# - {name: time, datatype: float64}
# - {name: band, datatype: string}
# - {name: flux, datatype: float64}
# - {name: fluxerr, datatype: float64}
# - {name: zp, datatype: float64}
# - {name: zpsys, datatype: string}
# - {name: pwv, datatype: float64}
# - {name: airmass, datatype: float64}
# meta: {SNID: '53821006', alt: 1024.0, c: -0.021443475037813187, dec: -61.001064, lat: -30.244573, lon: -70.7499537, ra: 3.726115, t0: 60881.66015625,
#   x0: 5.0189530892698225e-06, x1: 0.8509326577186584, z: 0.6123056411743164}
# schema: astropy-2.0
time band flux fluxerr zp zpsys pwv airmass
60860.3278 lsst_hardware_r 1449.036037570182 58.80321677670398 32.95000076293945 AB 8.851966946877148 1.2692053500594433
60860.3526 lsst_hardware_u 8.844782034634822 4.3590673654543455 29.43000030517578 AB 8.810917621109237 1.218829384577291
60861.4395 lsst_hardware_r 482.0486516463018 34.606785877389115 31.510000228881836 AB 6.098472589022519 1.1662789422494777
60863.3958 lsst_hardware_z 825.1979673114569 66.72643445548799 31.68000030517578 AB 1.6722296294306191 1.1657907135982937
60867.4225 lsst_hardware_r 1176.0516985173545 101.43381140774736 31.6200008392334 AB 10.728019442523728 1.1660045767542704
60867.4348 lsst_hardware_i 833.6086874681988 82.34634197420921 31.309999465942383 AB 10.815783617038774 1.173057278469894
60870.4289 lsst_hardware_z 935.8103644740902 63.02749557481051 30.959999084472656 AB 8.008322951160592 1.1747576574975196
60870.4401 lsst_hardware_i 1228.0678782058903 70.7753171858094 31.299999237060547 AB 8.108077198504976 1.1848717227100651
60875.4379 lsst_hardware_z 1927.4710420605777 93.47773090966889 31.709999084472656 AB 3.7359191122914117 1.1983702044236701
60877.4189 lsst_hardware_g 430.8978069150374 24.612341068729062 31.350000381469727 AB 7.4288848051866365 1.1827551035164203
60877.4302 lsst_hardware_r 1709.2575857077895 47.24310511784513 31.459999084472656 AB 7.442707052679714 1.1954715580740816
60879.4245 lsst_hardware_i 1494.3518912212924 49.19847109941685 31.229999542236328 AB 6.095356285846723 1.195167899185632
60879.4367 lsst_hardware_z 1150.4971308451195 61.44972535532244 30.950000762939453 AB 6.183436792687804 1.2124385868015302
60881.4232 lsst_hardware_i 1435.5553637080798 48.99898757766994 31.229999542236328 AB 7.3934537672544955 1.2006258147538966
60881.4345 lsst_hardware_u -5.527465237749174 5.22913372918018 28.790000915527344 AB 7.464579227363634 1.217712761397004
60884.1365 lsst_hardware_r 1411.6950167187078 44.67624124015226 31.31999969482422 AB 7.173224918540276 1.9387094374433178
60884.1527 lsst_hardware_u -2.402346889288949 2.24527501209973 27.81999969482422 AB 6.635836762501904 1.7934693952707847
60886.4105 lsst_hardware_z 1076.8801673948765 53.91875952380953 30.940000534057617 AB 5.734728943779622 1.201934282164972
60886.4227 lsst_hardware_u -3.6139592919660846 3.0494590478648185 28.440000534057617 AB 4.617394829114635 1.2208332514294191
60888.4036 lsst_hardware_g 205.0417498870266 20.118532140115626 31.34000015258789 AB 7.558051731965453 1.1999605835119729
60888.4143 lsst_hardware_r 1471.0298576960627 43.88825938518173 31.459999084472656 AB 7.641536346044779 1.2159177372212073
60890.4104 lsst_hardware_i 1239.9098962040373 46.936882271366834 31.219999313354492 AB 3.3281226817684835 1.2184974426782342
60890.4215 lsst_hardware_z 1004.7296924611321 54.17006275737877 30.93000030517578 AB 2.6466597942200067 1.2387829600842533
60894.3938 lsst_hardware_z 1147.5289447047087 65.02197289359633 30.959999084472656 AB 3.7939470123638706 1.209418875474616
60894.405 lsst_hardware_r 1263.8886732359465 67.3657813029528 31.59000015258789 AB 3.9272354573198633 1.2281566112748452
60896.3878 lsst_hardware_i 936.6535152259414 87.06078947274179 31.299999237060547 AB 4.580595583234754 1.2086004177400405
60896.399 lsst_hardware_r 1305.382132821333 106.90849892682846 31.610000610351562 AB 4.736076337036098 1.2271747288919799
60899.3918 lsst_hardware_r 916.2303736213988 73.2248693378633 31.600000381469727 AB 3.6909399454785796 1.2289819180816048
60899.4035 lsst_hardware_i 999.0289393004367 63.8528706660334 31.280000686645508 AB 3.7299890782787366 1.2524447070161968
60904.3683 lsst_hardware_g 76.73482634689466 21.742038470046733 31.5 AB 5.4406858951577215 1.2122065159377757
60904.3794 lsst_hardware_r 581.0450565406152 36.09237814238011 31.489999771118164 AB 4.70973916985525 1.2313043581320915
60908.334 lsst_hardware_z 610.4933709897631 49.08451971908146 30.940000534057617 AB 2.1819992657161715 1.1824951988709058
60908.3453 lsst_hardware_u 0.6575052894448289 2.8502361951075974 28.329999923706055 AB 2.1778363156251492 1.1951358571135406
60912.3647 lsst_hardware_z 543.694533146809 49.69669878911717 30.93000030517578 AB 2.481479811071433 1.2454101937623252
60912.3759 lsst_hardware_r 351.3137450254803 29.36357194994251 31.450000762939453 AB 2.83272770907874 1.2705663642421847
60932.3031 lsst_hardware_g 18.212990522501713 26.69661852610726 31.559999465942383 AB 2.029864812459145 1.231589531272613
60932.3134 lsst_hardware_r 131.0928084680237 33.04172139801025 31.520000457763672 AB 2.0579818140044033 1.2524486138580404
60934.2922 lsst_hardware_i 209.4246052573798 34.39801348150478 31.229999542236328 AB 3.19376003745502 1.2217903739305715
60934.3038 lsst_hardware_z 239.6267059277526 47.01141449092775 30.93000030517578 AB 3.281700219485868 1.2436963944489139
60936.3322 lsst_hardware_g 6.430694089513346 13.287565463245086 31.299999237060547 AB 2.6473860561111944 1.3312367027042546
60936.3441 lsst_hardware_r 85.4565768335863 25.254460917724565 31.43000030517578 AB 2.0470315909774497 1.3715454545912562
60938.2783 lsst_hardware_u -6.076322166490535 2.799636429640437 28.260000228881836 AB 8.395712585867278 1.2167699399807648
60938.2905 lsst_hardware_r 104.54655114000339 24.79407086159971 31.450000762939453 AB 8.54837706388749 1.2388952266503608
60941.2764 lsst_hardware_r 72.32727072852572 24.383771510557036 31.440000534057617 AB 2.152506212103188 1.227665139982807
60941.2891 lsst_hardware_u 2.764729612477175 2.713668234214569 28.209999084472656 AB 2.1481431921545218 1.2530487218478643
60943.285 lsst_hardware_g 25.143295495339615 13.060866383818484 31.309999465942383 AB 7.293464738567177 1.256050184598251
60943.2975 lsst_hardware_r 115.15365320546036 24.67263866706011 31.43000030517578 AB 7.971541145735737 1.2862856840151036
60945.2461 lsst_hardware_g -2.9033541969818373 12.99815553858931 31.329999923706055 AB 3.960104163528244 1.1974914313664167
60945.2572 lsst_hardware_r 77.6572582848229 24.297780542290315 31.450000762939453 AB 4.618396915436462 1.2135579176937363
60947.2362 lsst_hardware_i 179.71981166618932 33.216817985089236 31.219999313354492 AB 5.505716252544447 1.191949972587154
60947.2488 lsst_hardware_z 179.26100917490353 45.50508756407367 30.93000030517578 AB 5.572649925016049 1.2089926073943102
60950.2476 lsst_hardware_r 75.1700876180062 49.9141470076235 31.579999923706055 AB 4.080466554545115 1.2202352136797594
60950.2597 lsst_hardware_z 177.70731403398617 52.306181791424336 30.940000534057617 AB 4.5842875986576 1.2428595902554462
60952.2471 lsst_hardware_z 162.79353729416096 60.05306245951478 30.959999084472656 AB 3.2121356760495035 1.2290159778272347
60952.2596 lsst_hardware_i 126.2290949635866 61.98839984035004 31.280000686645508 AB 3.4375253754234882 1.2542279943166972
60955.2431 lsst_hardware_z 136.5505019637945 65.74979011815317 30.959999084472656 AB 5.092711971079947 1.236970825887401
60955.2542 lsst_hardware_r 98.62420588423396 92.04244993560876 31.600000381469727 AB 5.54615276951602 1.2604892657990954
60957.1384 lsst_hardware_i 110.94127679665178 54.80438903254575 31.299999237060547 AB 4.1067537628496025 1.1661668556803337
60957.1505 lsst_hardware_r 25.926937892523355 65.15097769955996 31.6200008392334 AB 4.076716763699166 1.1625341879800861
60959.2404 lsst_hardware_r 37.97262979409458 46.796571031641044 31.56999969482422 AB 4.514557018144635 1.2540436161512876
60959.252 lsst_hardware_i 70.18746873795806 44.70700412875411 31.260000228881836 AB 5.406233602016146 1.2816041727418759
60961.2796 lsst_hardware_r 27.106317206425505 33.22965213382548 31.489999771118164 AB 7.721912241236017 1.3854691381063993
60961.2911 lsst_hardware_g 30.34189675674599 30.012957095806005 31.5 AB 8.013945609457695 1.4317861315768214
60965.1802 lsst_hardware_u 1.592403805060784 2.559999942779541 28.309999465942383 AB 7.766011951385802 1.1843698724869667
60965.1914 lsst_hardware_g -10.903255854353214 13.079999923706055 31.350000381469727 AB 7.737130246616399 1.1973892566340498
60970.1393 lsst_hardware_r -15.990160437255977 22.020000457763672 31.450000762939453 AB 4.3740432432731 1.1652462852542391
60970.1501 lsst_hardware_u -0.20216862394359472 2.4800000190734863 28.260000228881836 AB 4.38564640991143 1.170754514124781
60976.1612 lsst_hardware_z 20.14999728740216 43.650001525878906 30.93000030517578 AB 3.431635442544111 1.1971865369226773
60976.1715 lsst_hardware_r -19.485151862296053 24.420000076293945 31.469999313354492 AB 2.512308126053327 1.2119190188387965
60978.1613 lsst_hardware_z -11.91883584309337 46.93000030517578 30.940000534057617 AB 6.713152078134841 1.2048011626228405
60978.1728 lsst_hardware_g -21.99037475736523 33.4900016784668 31.59000015258789 AB 6.369558540519454 1.2231117980897934
60982.1635 lsst_hardware_z -18.43468642821121 56.38999938964844 30.950000762939453 AB 4.7958513796927535 1.2259856111012435
60982.1756 lsst_hardware_r 7.829202991778817 69.0 31.59000015258789 AB 4.684626119531449 1.2497335252851673
60991.0655 lsst_hardware_g 22.283864668376964 13.170000076293945 31.360000610351562 AB 5.309748886943662 1.1619765960304764
60991.0771 lsst_hardware_r -16.141007266918095 22.389999389648438 31.459999084472656 AB 5.281538851530887 1.1636549383708923
60995.1545 lsst_hardware_u -1.7966052490512134 2.430000066757202 28.170000076293945 AB 7.593049032841182 1.283693834799974
60995.1666 lsst_hardware_g -8.592354057386506 13.149999618530273 31.299999237060547 AB 7.694884346314568 1.3174291932624718
60997.053 lsst_hardware_u 4.680250326089378 2.569999933242798 28.329999923706055 AB 7.628131975344467 1.1622049173985205
60997.0655 lsst_hardware_g -2.984267363423339 13.229999542236328 31.3700008392334 AB 7.64804805262146 1.1652392858417284
61001.0541 lsst_hardware_z -12.672885219463032 42.91999816894531 30.940000534057617 AB 5.185685843024334 1.1650608499269957
61001.0667 lsst_hardware_u -0.5324422777039317 2.569999933242798 28.309999465942383 AB 5.099930665567787 1.1715898611459947
61004.0552 lsst_hardware_g 15.197921682041526 15.010000228881836 31.399999618530273 AB 6.061442941750331 1.169523029568879
61004.0683 lsst_hardware_r 11.879169262148176 23.690000534057617 31.469999313354492 AB 6.122682769786475 1.1792153763270754
61006.0589 lsst_hardware_i -68.93373996788644 34.18000030517578 31.25 AB 4.2190500245953695 1.1758779332763014
61006.0708 lsst_hardware_z 1.1022668521001449 44.47999954223633 30.93000030517578 AB 4.368926545286775 1.1871007731057264
61220.3089 lsst_hardware_r 291.33639676913566 162.25999450683594 32.77000045776367 AB 2.713544882352492 1.3677141544115383
61220.3427 lsst_hardware_z -66.72204610644025 91.68000030517578 31.700000762939453 AB 2.7238843199336285 1.2678074563340136
61222.4419 lsst_hardware_r -41.22391214372207 91.2300033569336 31.6299991607666 AB 10.839763548540457 1.1630647584271134
61223.4445 lsst_hardware_z -6.248252136003547 76.88999938964844 30.979999542236328 AB 8.579951489842978 1.1646465983226522
61231.4062 lsst_hardware_i -2.7160178463739335 31.219999313354492 31.239999771118164 AB 11.253299535117893 1.1618308046237178
61231.4173 lsst_hardware_y -34.463998026705035 48.439998626708984 30.010000228881836 AB 12.170792988355947 1.1630553765928566
61233.4348 lsst_hardware_z -36.628809062074204 45.33000183105469 30.940000534057617 AB 10.31282189999595 1.1744919026645122
61235.43 lsst_hardware_u 2.254209431901716 3.2799999713897705 28.510000228881836 AB 8.10632672691588 1.1750002503139412
61235.4407 lsst_hardware_g 4.291016755587201 24.09000015258789 31.549999237060547 AB 8.123510680340138 1.1847033222021492
61242.4274 lsst_hardware_g -17.00311783378797 14.229999542236328 31.3799991607666 AB 7.423431579253992 1.1911318671834397
61242.4392 lsst_hardware_r -46.87678661952223 29.010000228881836 31.520000457763672 AB 7.573227123172171 1.2067926257943067
61244.4157 lsst_hardware_i 37.76291962626853 31.09000015258789 31.219999313354492 AB 6.09064475072033 1.1842591387750983
61244.4265 lsst_hardware_z -78.17116383472244 43.5099983215332 30.940000534057617 AB 6.103499927812931 1.1967646917280257
61248.4043 lsst_hardware_z 29.340498702266142 53.849998474121094 30.950000762939453 AB 3.46785278660067 1.1837695124084895
61248.4162 lsst_hardware_g -19.5518368172169 42.06999969482422 31.6200008392334 AB 3.51945997766291 1.1975704568693621
61249.3928 lsst_hardware_r -17.559967230150672 86.93000030517578 31.6200008392334 AB 4.146578876993575 1.1758062932470734
61249.4039 lsst_hardware_i 70.68098004427955 69.05000305175781 31.299999237060547 AB 4.184506192260181 1.1861965961240237
61251.3988 lsst_hardware_z -123.92416110602908 97.44999694824219 31.719999313354492 AB 5.640225920025008 1.186583293132891
61253.4054 lsst_hardware_z 45.12441078997686 58.290000915527344 30.959999084472656 AB 7.5486095487762395 1.201402087393762
61253.4165 lsst_hardware_r 16.853075273991468 73.47000122070312 31.600000381469727 AB 7.653702196396536 1.2183382152518198
61258.396 lsst_hardware_i -72.6690565046506 34.380001068115234 31.239999771118164 AB 3.487880022747332 1.2075056336324501
61258.4073 lsst_hardware_z 54.58541592879741 44.7599983215332 30.93000030517578 AB 3.5300160691655096 1.2260547852383825
61260.3993 lsst_hardware_g 38.324991377231406 15.3100004196167 31.399999618530273 AB 1.710219079487196 1.2215850567765687
61260.4096 lsst_hardware_r -65.4537077779064 23.690000534057617 31.459999084472656 AB 1.737160036847214 1.24082859774801
61261.3993 lsst_hardware_i -26.647985310361697 31.6299991607666 31.219999313354492 AB 4.747790539156477 1.226396729590962
61261.41 lsst_hardware_r -32.68601332028095 22.940000534057617 31.450000762939453 AB 4.982451614690354 1.247275938256931
61263.3961 lsst_hardware_u -1.5499297177710203 2.5299999713897705 28.260000228881836 AB 7.387523186885764 1.2305360517840866
61263.4073 lsst_hardware_g 12.293799599065247 13.319999694824219 31.329999923706055 AB 7.5714183580073735 1.253200279946048
61266.3721 lsst_hardware_g 21.782396458130755 13.300000190734863 31.350000381469727 AB 4.21571742533006 1.2044906929514456
61266.3823 lsst_hardware_r -11.202359848793503 22.780000686645508 31.459999084472656 AB 4.302338284107926 1.2205214990377096
61274.3414 lsst_hardware_z -30.507853520063435 60.209999084472656 31.690000534057617 AB 2.2205290652794742 1.192764045808133
61276.3729 lsst_hardware_r 13.804374798942217 31.8799991607666 31.520000457763672 AB 4.039502415617332 1.2556086874425734
61276.3839 lsst_hardware_i -22.319613166497632 32.20000076293945 31.209999084472656 AB 4.90712118090549 1.2819020848760423
61278.3658 lsst_hardware_z 29.594157138277353 64.0199966430664 30.959999084472656 AB 3.0841146560407626 1.2520086560381987
61278.3764 lsst_hardware_r 17.299044247841906 78.70999908447266 31.59000015258789 AB 2.7237095024593687 1.276738829277829
61281.3118 lsst_hardware_z 245.82299472619906 91.97000122070312 31.719999313354492 AB 8.250862637257484 1.1814090904947057
61286.3043 lsst_hardware_g -39.22108672967731 34.529998779296875 31.6200008392334 AB 1.8478355730841003 1.1877458287540414
61286.3159 lsst_hardware_r 8.027415355672954 36.29999923706055 31.549999237060547 AB 1.8421280579229027 1.2022372706300555
61297.067 lsst_hardware_r -19.536934579929103 23.5 31.40999984741211 AB 1.7350567933513656 1.5035154188486706
61297.0766 lsst_hardware_i 17.553917381310242 33.099998474121094 31.190000534057617 AB 1.7279169941087704 1.4573379202491739
61299.2974 lsst_hardware_r -15.025141139551497 22.6299991607666 31.450000762939453 AB 3.2486789369610563 1.2297838247171191
61299.3088 lsst_hardware_i -20.592758591011904 31.889999389648438 31.219999313354492 AB 3.307254921058137 1.2527480761583851
61303.2859 lsst_hardware_i -31.045316652083788 31.200000762939453 31.219999313354492 AB 8.478165292528987 1.2287196076128966
61303.2991 lsst_hardware_z 7.794334593198911 43.439998626708984 30.920000076293945 AB 8.313082454232829 1.2554365649485217
61305.284 lsst_hardware_r -5.6248471928934345 57.369998931884766 31.59000015258789 AB 1.988429960968342 1.2354333401480846
61305.296 lsst_hardware_z 20.27391642615318 53.15999984741211 30.940000534057617 AB 2.54609953593704 1.2607573834800463
61309.2785 lsst_hardware_i 64.52122082322148 72.94000244140625 31.290000915527344 AB 3.9604911477182245 1.2463519818687374
61309.2896 lsst_hardware_z -111.04579348123369 66.41999816894531 30.950000762939453 AB 4.037417930680174 1.2714274699039243
61311.2496 lsst_hardware_i 44.91449956812282 61.4900016784668 31.290000915527344 AB 4.501314206597355 1.205036708960642
61311.2616 lsst_hardware_z 40.792054260789975 58.810001373291016 30.950000762939453 AB 4.10732284118653 1.224300116603864
61313.2495 lsst_hardware_r 19.88520667395189 52.849998474121094 31.59000015258789 AB 4.483874542219903 1.21316951899828
61313.2615 lsst_hardware_z 45.35121142538853 50.529998779296875 30.940000534057617 AB 3.0556103593489574 1.2341744972126385
61315.2491 lsst_hardware_g -5.343171011183083 33.45000076293945 31.610000610351562 AB 4.12455871338673 1.221548560161922
61315.2611 lsst_hardware_i 16.55526352589904 38.52000045776367 31.260000228881836 AB 4.593435419539783 1.2442433587159971
61317.2501 lsst_hardware_z -0.9479015988516839 44.11000061035156 30.93000030517578 AB 3.396407925548141 1.2332635895236532
61317.2617 lsst_hardware_r 23.678908725761733 22.809999465942383 31.450000762939453 AB 3.4921154550355484 1.2572872925420515
61319.2459 lsst_hardware_u 1.2934053600527307 2.5 28.239999771118164 AB 6.0177963942553 1.2356871446111546
61319.2575 lsst_hardware_g -10.493675554262248 13.020000457763672 31.309999465942383 AB 7.55244067146196 1.260140267763397
61321.2393 lsst_hardware_r -24.524111640429478 22.280000686645508 31.450000762939453 AB 4.014009360740011 1.2334983951057652
61321.25 lsst_hardware_i 36.66695368626101 31.309999465942383 31.219999313354492 AB 4.771104436784811 1.2555537991538976
61323.242 lsst_hardware_z 4.048847539464128 44.150001525878906 30.93000030517578 AB 3.307547518118975 1.2500179584728774
61323.2536 lsst_hardware_r 19.6540925454877 22.860000610351562 31.450000762939453 AB 4.087969827593844 1.276925265666963
61328.1833 lsst_hardware_r -27.377701865419354 22.1200008392334 31.459999084472656 AB 7.868115001034323 1.1812804025174142
61328.1955 lsst_hardware_z -9.0752113539963 42.72999954223633 30.93000030517578 AB 7.943132765101717 1.1946955928659957
61330.1792 lsst_hardware_r -11.209782088158093 24.149999618530273 31.489999771118164 AB 7.660281671769195 1.1825984827124365
61330.1905 lsst_hardware_y 105.04145154137963 49.0099983215332 30.0 AB 7.8524678405034996 1.1952763884829
61334.2221 lsst_hardware_z 56.596159160698846 52.849998474121094 30.940000534057617 AB 2.3092481441120025 1.2733068845906177
61334.2337 lsst_hardware_r 48.120591497405876 53.279998779296875 31.56999969482422 AB 2.372885555900828 1.3039623881857196
61337.2184 lsst_hardware_z -31.34170689930817 60.7400016784668 30.950000762939453 AB 2.1768470644944733 1.2846545084062986
61337.2286 lsst_hardware_r -126.61525067896059 78.62999725341797 31.579999923706055 AB 1.7402504612509992 1.3129011401383965
61340.1686 lsst_hardware_z 42.80091822999 82.29000091552734 31.709999084472656 AB 2.9916655983032383 1.2024782173719264
61342.1679 lsst_hardware_r 46.74064988138034 53.38999938964844 31.600000381469727 AB 2.5410286476473205 1.2094377190127648
61342.1796 lsst_hardware_z 18.982108627004074 50.720001220703125 30.950000762939453 AB 2.555909905362017 1.229098295437373
61348.0678 lsst_hardware_g 12.516455988189616 13.140000343322754 31.360000610351562 AB 4.757996540714875 1.166247083942524
61348.0747 lsst_hardware_r -14.989236387895442 22.389999389648438 31.469999313354492 AB 4.6659409829592375 1.163721407397151
61355.0698 lsst_hardware_i -21.642232233548484 30.65999984741211 31.229999542236328 AB 4.018320618286991 1.1619240342034671
61355.0814 lsst_hardware_z 1.1760913259413275 42.189998626708984 30.940000534057617 AB 4.010565822745014 1.1638322178599116
61360.1575 lsst_hardware_r -3.347164151430417 25.969999313354492 31.469999313354492 AB 7.488753073905736 1.2896819300641336
61360.1708 lsst_hardware_z 23.49143405787638 45.029998779296875 30.920000076293945 AB 7.3176227187856 1.328102371902163
61365.0553 lsst_hardware_z 37.53277005237104 51.630001068115234 30.950000762939453 AB 4.478530846085891 1.1642123424685584
61365.0671 lsst_hardware_r -0.3524695546301028 57.599998474121094 31.610000610351562 AB 4.530507179394483 1.1696158976105546
