data/validation/pwv_sim_epoch_fit_seasonal/53823639.ecsv
# %ECSV 0.9
# ---
# datatype:
# - {name: time, datatype: float64}
# - {name: band, datatype: string}
# - {name: flux, datatype: float64}
# - {name: fluxerr, datatype: float64}
# - {name: zp, datatype: float64}
# - {name: zpsys, datatype: string}
# - {name: pwv, datatype: float64}
# - {name: airmass, datatype: float64}
# meta: {SNID: '53823639', alt: 1024.0, c: -0.0704570934176445, dec: -38.300922, lat: -30.244573, lon: -70.7499537, ra: 223.417969, t0: 60757.86328125,
#   x0: 4.1787336652137385e-06, x1: -0.7621467709541321, z: 0.6600297093391418}
# schema: astropy-2.0
time band flux fluxerr zp zpsys pwv airmass
60719.334 lsst_hardware_z 68.61105680890606 58.86000061035156 30.969999313354492 AB 6.216812564284764 1.1174283390464212
60719.3541 lsst_hardware_r 139.09460109729696 79.4800033569336 31.649999618530273 AB 5.978716537902524 1.0707509768794494
60725.3124 lsst_hardware_z -63.580313734936006 82.48435055120032 31.729999542236328 AB 2.895160452233307 1.132212006739439
60728.3901 lsst_hardware_y 15.921740272676443 80.97817304727124 30.81999969482422 AB 8.709418679124669 1.010490622940558
60732.3012 lsst_hardware_g 1.5521439447506915 14.745518516775299 31.420000076293945 AB 7.3058996798514055 1.1102628559624241
60732.3217 lsst_hardware_r -28.804981401293794 23.642628403676742 31.5 AB 7.027657949839013 1.0649042251498657
60732.3848 lsst_hardware_z 13.235428792260548 42.2724302447896 30.959999084472656 AB 6.022399200507914 1.01024365922186
60732.3969 lsst_hardware_y -23.944402878318222 60.57782796045528 30.06999969482422 AB 5.916607274823062 1.0126552843718157
60734.3764 lsst_hardware_u 4.505598179767768 3.626054092265969 28.479999542236328 AB 4.856009002715213 1.0102653958492123
60734.3883 lsst_hardware_y -71.43349619615759 48.33525471687443 30.059999465942383 AB 4.769218540022396 1.0116421989724378
60739.3631 lsst_hardware_z 265.1953220472008 43.619420871019635 30.950000762939453 AB 9.774430220634367 1.0102509207136112
60739.3755 lsst_hardware_r 387.00072894612214 29.69321751948844 31.5 AB 9.842655469881448 1.011890148029346
60741.3646 lsst_hardware_u 27.582090724529948 5.789520135620469 28.459999084472656 AB 8.691599063824652 1.010651053933099
60741.3764 lsst_hardware_g 194.66324681765082 19.51555200612304 31.450000762939453 AB 9.082055592871258 1.0143770207972367
60752.3095 lsst_hardware_r 1593.9505648934605 101.3224199842943 31.670000076293945 AB 6.282302591468201 1.0154583930175234
60752.3226 lsst_hardware_z 842.4353639836338 74.71244112948362 31.0 AB 6.215668539306821 1.0107873817172164
60754.3125 lsst_hardware_z 814.9155229838362 65.7150138893039 31.0 AB 4.857112667202597 1.0118984723338744
60754.3262 lsst_hardware_i 1317.3896501219178 71.136726287257 31.34000015258789 AB 4.8292642026466766 1.0103239322819455
60756.317 lsst_hardware_z 874.5075664910896 53.85612212238613 30.969999313354492 AB 5.836171918824535 1.0102426724640012
60756.3305 lsst_hardware_r 1539.5557442045647 55.84885344450458 31.6200008392334 AB 5.864442623400512 1.0123471406287297
60758.3118 lsst_hardware_y 435.61286199877526 50.286712335437045 30.059999465942383 AB 6.093913475689755 1.0102362571253702
60758.325 lsst_hardware_g 310.2495693949721 25.737935930608767 31.549999237060547 AB 6.074003213309407 1.012333868884901
60760.308 lsst_hardware_i 1240.1270016550886 46.65092847994336 31.260000228881836 AB 6.390424313421712 1.0102372840947007
60760.3194 lsst_hardware_z 798.7990941486182 50.339359515463926 30.959999084472656 AB 6.401701995698979 1.0122868430896552
60764.2958 lsst_hardware_u -2.298432991832667 2.9500412485696206 28.600000381469727 AB 6.521795863170385 1.0102305484522147
60764.3087 lsst_hardware_r 1158.7316101987717 40.72837813574548 31.520000457763672 AB 6.400407413265834 1.0123622781866952
60767.3033 lsst_hardware_i 1119.4299196389304 44.23786660097457 31.260000228881836 AB 8.922807159673523 1.0134275322141146
60767.316 lsst_hardware_z 774.5859220536111 49.48897035696965 30.950000762939453 AB 8.99648239836094 1.0210319176455187
60769.2924 lsst_hardware_r 828.6940712330664 36.84522468045016 31.5 AB 6.949947164166587 1.0115512507428899
60769.305 lsst_hardware_u -4.761327027190695 2.6512374817460045 28.389999389648438 AB 6.9190257577758585 1.0171547642146115
60771.2814 lsst_hardware_g 59.26791926053757 17.017095698198094 31.440000534057617 AB 14.7530045286034 1.0104797622331096
60771.2926 lsst_hardware_r 761.3494527615245 35.24042927311023 31.489999771118164 AB 16.991688463399374 1.013521530772391
60773.2848 lsst_hardware_i 861.7266140985253 46.78528628041321 31.290000915527344 AB 8.769621802640234 1.012599942571454
60773.2968 lsst_hardware_z 582.2959027545177 48.38780864898135 30.950000762939453 AB 10.143395305641128 1.0189502805837543
60778.1675 lsst_hardware_i 638.657982333241 104.82764402083764 31.31999969482422 AB 10.99216318668597 1.1328234132620374
60778.1856 lsst_hardware_z 625.1374276665753 88.51733740061651 30.989999771118164 AB 10.794180332719645 1.0862068259340523
60780.2736 lsst_hardware_z 614.162404974772 87.34488924220159 31.010000228881836 AB 9.463074392761778 1.0163327669167412
60780.2854 lsst_hardware_i 582.989005828591 107.47601121676664 31.350000381469727 AB 9.604677287620978 1.0251914844824213
60782.2774 lsst_hardware_z 1264.866274553139 95.85589812913769 31.75 AB 13.79545657303674 1.022946505489896
60784.2243 lsst_hardware_y 197.22555934211488 50.518755208896835 30.06999969482422 AB 9.11294256691038 1.0143618763431368
60784.236 lsst_hardware_r 258.1097983529825 52.63162088786618 31.639999389648438 AB 9.083355186623788 1.0106653893322712
60792.2115 lsst_hardware_z 339.763738564705 44.65888299047594 30.950000762939453 AB 2.8790659338094153 1.011174267735329
60792.224 lsst_hardware_r 120.00455192431276 26.112381326485806 31.5 AB 2.877074008857151 1.010474671650593
60794.1984 lsst_hardware_u 3.333902299364577 2.9403919119037734 28.540000915527344 AB 9.889343497871161 1.0137197988694748
60794.2071 lsst_hardware_r 126.14448511764071 26.040563301232936 31.520000457763672 AB 9.881853332533131 1.01094852418965
60795.2156 lsst_hardware_i 225.0910795959441 34.15999381281076 31.260000228881836 AB 9.930463658700736 1.0104513910814517
60795.2273 lsst_hardware_z 281.93973252621953 44.206311580288286 30.950000762939453 AB 9.972510635775144 1.013621043428891
60800.0612 lsst_hardware_y 88.04454429635476 51.53539669863346 29.959999084472656 AB 11.965062527198205 1.3266384270978986
60800.0799 lsst_hardware_g 55.88288942781884 31.569733560880646 31.59000015258789 AB 11.108290661267352 1.2328732432664165
60800.1973 lsst_hardware_y 131.1856336190942 48.34804493481548 30.059999465942383 AB 9.272976730815223 1.0102382319223813
60800.2097 lsst_hardware_g 25.090735751960995 15.83528344330404 31.469999313354492 AB 9.225896365206683 1.0121293459965142
60802.1948 lsst_hardware_r 86.72808175235465 47.99644922791006 31.639999389648438 AB 6.44491121379719 1.01030613410276
60802.2063 lsst_hardware_i 202.99773593515295 45.24926791023394 31.309999465942383 AB 6.473152763847076 1.0128544459156745
60804.0644 lsst_hardware_z 197.21243680133608 63.63021543049302 30.959999084472656 AB 11.16437292602082 1.2536257356014018
60804.0857 lsst_hardware_r 158.69067915302196 78.3791549649118 31.6299991607666 AB 10.026295403693323 1.167477340905138
60806.1926 lsst_hardware_z 262.979904510633 87.89525380976436 31.010000228881836 AB 7.874306797946123 1.011904921560864
60806.2045 lsst_hardware_r 226.58014298684196 131.44067104673843 31.670000076293945 AB 7.912981692983005 1.01748510903729
60810.1984 lsst_hardware_r 165.40651066631892 100.9745084470803 31.670000076293945 AB 6.658445894569372 1.0208817347647472
60810.2107 lsst_hardware_z 130.4297536642553 72.56649981117441 30.989999771118164 AB 6.666484975106715 1.0326030011007923
60812.1891 lsst_hardware_y 160.79473548469477 50.47203528783538 30.049999237060547 AB 6.937834467330846 1.0181237294913925
60812.1999 lsst_hardware_r 151.53900438112822 59.813150021204436 31.639999389648438 AB 7.006828550418899 1.0269675672988747
60814.1917 lsst_hardware_i 23.125355734112127 39.1149921685483 31.290000915527344 AB 8.57989935884887 1.0244044366126046
60814.204 lsst_hardware_z 43.763744402458144 46.13433515387529 30.959999084472656 AB 8.697824280524124 1.0376685526300091
60819.1236 lsst_hardware_r 22.480246200958458 24.59599675858757 31.510000228881836 AB 8.843992261044853 1.0171938882103582
60819.1358 lsst_hardware_u 10.527472045285041 3.4340278879354478 28.469999313354492 AB 7.596216349559616 1.011682273364788
60823.0387 lsst_hardware_u 2.195765983307997 3.0559801682277064 28.360000610351562 AB 8.103930081571468 1.151167311562409
60823.0545 lsst_hardware_g 27.751771623781043 22.454200944510774 32.18000030517578 AB 8.199314948214365 1.1057740995568934
60823.0738 lsst_hardware_i 141.12009634512947 32.641428906723554 31.25 AB 7.816204654697558 1.0639117043599218
60826.0492 lsst_hardware_r 105.75275874511755 25.240025860448693 31.5 AB 10.082452708397398 1.0986055797763628
60826.0696 lsst_hardware_i 94.23182837845557 32.43242105033513 31.25 AB 9.657869526453451 1.056919868288541
60828.0011 lsst_hardware_g 15.605201015740066 22.42742880685284 31.510000228881836 AB 13.197720823692977 1.2433574083165544
60828.0096 lsst_hardware_r 49.54750250055214 29.05043108082397 31.510000228881836 AB 12.909053171427809 1.2070081895663405
60830.0757 lsst_hardware_r -11.771812462716193 40.33639973074028 31.610000610351562 AB 11.864843957761419 1.032923153606624
60830.0966 lsst_hardware_i 26.601247007628043 39.728737181163616 31.290000915527344 AB 11.83202103521311 1.0154352725713196
60830.1286 lsst_hardware_z 150.20355908747615 45.710335817131906 30.959999084472656 AB 10.84275816130406 1.0124035974108787
60830.1418 lsst_hardware_r 39.2573763636301 39.020150428676786 31.610000610351562 AB 11.01283356937619 1.0194000480759207
60844.1044 lsst_hardware_z 56.533962066556654 40.900001525878906 30.950000762939453 AB 5.222415230873454 1.0200029747799717
60844.1177 lsst_hardware_r 3.4009443108290576 22.950000762939453 31.5 AB 5.300781067981138 1.0324185680674813
60847.093 lsst_hardware_r -14.54811759729119 22.860000610351562 31.5 AB 3.053327828901879 1.017775942967293
60847.1061 lsst_hardware_u -2.579705605614063 2.6500000953674316 28.40999984741211 AB 3.086219411699862 1.028739803899954
60851.0503 lsst_hardware_r 13.738558614542091 22.799999237060547 31.5 AB 4.832290423147182 1.0112038552230893
60851.0625 lsst_hardware_i -23.242126492302706 30.3700008392334 31.260000228881836 AB 4.749045606487405 1.010435235422852
60857.9965 lsst_hardware_z -32.334675694649334 42.709999084472656 30.950000762939453 AB 9.636478619230287 1.0361804966914285
60858.005 lsst_hardware_g 31.792895689249818 25.360000610351562 31.6200008392334 AB 9.136810275212591 1.026838646348909
60861.026 lsst_hardware_i 61.58026008737214 59.40999984741211 31.329999923706055 AB 3.816496892221719 1.0106355968457197
60861.0382 lsst_hardware_r -34.32520627678361 68.41000366210938 31.65999984741211 AB 3.8143625615070587 1.0108734703640616
60863.0219 lsst_hardware_z 26.466167052189366 100.55000305175781 31.75 AB 3.0313792922294827 1.0104597640764943
60865.0182 lsst_hardware_r -31.5770994866494 101.26000213623047 31.670000076293945 AB 2.466161251064533 1.0103077636478395
60865.0301 lsst_hardware_i 2.9687810877187775 80.41999816894531 31.350000381469727 AB 2.4832590234346705 1.011510803843043
60870.0193 lsst_hardware_u -2.266760827596577 2.690000057220459 28.43000030517578 AB 7.065136891644113 1.0123785622989951
60870.0309 lsst_hardware_g -20.65791181562308 14.329999923706055 31.440000534057617 AB 7.137436893180365 1.0182398230775056
60872.0191 lsst_hardware_r -1.6166927864286191 22.940000534057617 31.510000228881836 AB 4.456499768268045 1.0145702375112224
60872.0306 lsst_hardware_z 0.6116778677505562 40.84000015258789 30.950000762939453 AB 4.473176711657764 1.0220704990554499
60875.008 lsst_hardware_u -0.06983434255339525 2.740000009536743 28.479999542236328 AB 1.6277235192572512 1.0132635903453344
60875.0208 lsst_hardware_g -17.248126100638256 14.279999732971191 31.450000762939453 AB 1.6382908054590555 1.0207949356409296
60877.0033 lsst_hardware_r -19.54056368764756 22.8799991607666 31.489999771118164 AB 5.671418040290168 1.0135827907287516
60877.0142 lsst_hardware_i -15.873259122982542 30.420000076293945 31.239999771118164 AB 5.685976812016826 1.0199366460014039
60878.9953 lsst_hardware_z -66.26893660845549 40.95000076293945 30.950000762939453 AB 3.4502004230102736 1.0125808324232852
60879.0067 lsst_hardware_r -13.38179201756038 23.149999618530273 31.510000228881836 AB 4.303641372961177 1.018492811019093
60880.9972 lsst_hardware_u -0.6447663896036098 2.809999942779541 28.520000457763672 AB 4.982202270849854 1.0159811584508418
60881.0093 lsst_hardware_g -20.033119770111195 14.619999885559082 31.450000762939453 AB 5.298562498638947 1.0249000609895123
60882.9996 lsst_hardware_r -11.882558449434677 23.389999389648438 31.510000228881836 AB 4.444346993974214 1.021297662345664
60883.0121 lsst_hardware_z 15.549169765980182 41.310001373291016 30.950000762939453 AB 4.67373630606849 1.0334408636967365
61091.3799 lsst_hardware_g 1.4818986837338384 15.350000381469727 31.489999771118164 AB 2.7436933122331935 1.016182708234516
61091.3936 lsst_hardware_y -146.59223847865084 64.7699966430664 30.079999923706055 AB 2.7294897346992477 1.0109221239626842
61098.3856 lsst_hardware_r 31.57274672142377 23.670000076293945 31.510000228881836 AB 5.124281525342564 1.010457288704474
61098.3972 lsst_hardware_y -0.024611582350248788 60.02000045776367 30.06999969482422 AB 5.079616567920265 1.013592051864764
61102.3761 lsst_hardware_z 19.28536123127882 58.849998474121094 30.989999771118164 AB 6.167024772004269 1.0106425027524921
61102.3877 lsst_hardware_y -109.83808511458395 52.70000076293945 30.059999465942383 AB 6.195185425410112 1.0142324602644148
61104.3051 lsst_hardware_r 69.17057779782124 93.06999969482422 31.649999618530273 AB 10.33695890499131 1.0616527461476923
61104.3257 lsst_hardware_y 97.97769358262566 55.13999938964844 30.059999465942383 AB 10.03762017888617 1.0319691753481326
61108.3714 lsst_hardware_r 101.50050475058477 65.62999725341797 31.649999618530273 AB 7.095839017261162 1.0142708715353554
61108.3835 lsst_hardware_z 58.268258694433484 56.529998779296875 30.979999542236328 AB 7.7124158657010335 1.0220535205010506
61110.227 lsst_hardware_r -32.61285464905818 43.209999084472656 31.559999465942383 AB 10.771543293055998 1.2498406451041764
61110.2481 lsst_hardware_i 18.430440154549718 42.720001220703125 31.280000686645508 AB 10.043967972973544 1.1653624914255194
61110.3714 lsst_hardware_r -48.380375073940954 41.279998779296875 31.6200008392334 AB 6.8563949374528095 1.0172692785538489
61110.3838 lsst_hardware_i -1.469489524769027 40.86000061035156 31.299999237060547 AB 6.779754746290269 1.0272355676197378
61115.3592 lsst_hardware_u 1.5167020309182844 2.680000066757202 28.420000076293945 AB 7.712414230121557 1.0182077008543875
61115.3716 lsst_hardware_g 6.7988673946021265 14.420000076293945 31.440000534057617 AB 7.736297814397948 1.0286946099857652
61117.3207 lsst_hardware_g 6.278879326269144 14.199999809265137 31.43000030517578 AB 6.186761124329771 1.011349355546497
61117.3343 lsst_hardware_r 34.14574383924184 22.81999969482422 31.5 AB 7.523628902195902 1.0105273700944872
61119.3151 lsst_hardware_i -19.83512899994479 30.260000228881836 31.25 AB 4.835428859196198 1.0113844089513124
61119.3284 lsst_hardware_z 33.512819517485035 40.61000061035156 30.940000534057617 AB 4.827458887278974 1.0104747448472446
61123.3129 lsst_hardware_r 9.6254416139759 22.75 31.5 AB 6.094780602445244 1.0102404446287405
61123.326 lsst_hardware_i -33.87510622733848 30.260000228881836 31.25 AB 6.098636605082628 1.012445897584402
61127.3057 lsst_hardware_g -7.260045969038787 14.1899995803833 31.440000534057617 AB 7.4863010225505215 1.0103879371806535
61127.3177 lsst_hardware_r 14.213517992022735 22.889999389648438 31.510000228881836 AB 7.467818722212723 1.013455901865474
61129.297 lsst_hardware_r -88.59640056301096 56.22999954223633 31.639999389648438 AB 6.354403401615891 1.010239014565287
61129.3101 lsst_hardware_i -35.39055246746496 46.90999984741211 31.309999465942383 AB 6.411895410478767 1.012617721174864
61132.2986 lsst_hardware_z 175.19986808056987 107.12999725341797 31.75 AB 8.90460628166673 1.0115709615366482
61138.2846 lsst_hardware_i -50.41307757347186 49.04999923706055 31.309999465942383 AB 8.746981807087325 1.0122942808306368
61138.2972 lsst_hardware_z 121.1378656343 50.5099983215332 30.969999313354492 AB 10.175765024256167 1.018748062697719
