data/validation/pwv_sim_epoch_fit_seasonal/53886367.ecsv
# %ECSV 0.9
# ---
# datatype:
# - {name: time, datatype: float64}
# - {name: band, datatype: string}
# - {name: flux, datatype: float64}
# - {name: fluxerr, datatype: float64}
# - {name: zp, datatype: float64}
# - {name: zpsys, datatype: string}
# - {name: pwv, datatype: float64}
# - {name: airmass, datatype: float64}
# meta: {SNID: '53886367', alt: 1024.0, c: -0.12822085618972778, dec: -25.447729, lat: -30.244573, lon: -70.7499537, ra: 304.804688, t0: 60577.328125,
#   x0: 2.8374667616976925e-06, x1: 0.10874772071838379, z: 0.7722095847129822}
# schema: astropy-2.0
time band flux fluxerr zp zpsys pwv airmass
60416.3421 lsst_hardware_i -31.204182608847322 35.029998779296875 31.219999313354492 AB 19.877360362623378 1.350983661843806
60416.3602 lsst_hardware_r 1.8350176138496592 26.790000915527344 31.5 AB 18.326866702104645 1.2459698506306025
60425.3402 lsst_hardware_z 11.900273744710873 62.63999938964844 30.959999084472656 AB 3.970437320648465 1.2237439730769257
60425.3601 lsst_hardware_r 28.983914583832576 83.94999694824219 31.6299991607666 AB 3.644776993202124 1.1432801107911306
60428.3048 lsst_hardware_z 123.4817145279973 69.51000213623047 30.940000534057617 AB 16.64659631780167 1.382263249838207
60428.3232 lsst_hardware_r 16.080784445623244 90.0 31.59000015258789 AB 15.251783262084421 1.268023217665804
60434.3565 lsst_hardware_g -38.11407638556831 17.239999771118164 31.5 AB 7.231842513356055 1.0821656523670726
60434.3757 lsst_hardware_r -23.380656419739534 25.809999465942383 31.540000915527344 AB 7.122300231874067 1.0433056980284277
60444.3599 lsst_hardware_g 0.08282063679474012 15.699999809265137 31.469999313354492 AB 7.873982936833856 1.026762241151929
60444.3789 lsst_hardware_i 5.148281580352022 31.469999313354492 31.260000228881836 AB 7.699228436643938 1.0093818690701313
60446.2574 lsst_hardware_u -2.5858778220307865 2.609999895095825 28.200000762939453 AB 8.783250362710971 1.3700103252509652
60446.2759 lsst_hardware_g 8.60188645143038 15.630000114440918 31.399999618530273 AB 8.080124238109844 1.2582760074399792
60448.223 lsst_hardware_y -99.00802053927859 54.029998779296875 29.84000015258789 AB 13.098087115866381 1.6262834760202451
60448.2395 lsst_hardware_r 58.04390364006441 46.47999954223633 31.510000228881836 AB 11.593163044046845 1.4655102449073973
60461.2398 lsst_hardware_r -21.255049692176584 29.899999618530273 31.520000457763672 AB 8.311260404987477 1.233856948483965
60461.2606 lsst_hardware_i -31.838032336016624 36.41999816894531 31.260000228881836 AB 7.184929434059634 1.1475231677475959
60463.2349 lsst_hardware_z -58.25225816986643 44.61000061035156 30.93000030517578 AB 11.521527602584628 1.2311516583349558
60463.2551 lsst_hardware_u 0.17972313632224635 2.7300000190734863 28.3700008392334 AB 10.068831374181215 1.14766315055257
60465.238 lsst_hardware_g 11.822457955136592 15.1899995803833 31.399999618530273 AB 9.706633623671896 1.192571013750954
60465.2589 lsst_hardware_r -18.712916343292505 24.40999984741211 31.5 AB 6.896626928710929 1.117405529603206
60467.2477 lsst_hardware_i 1.4421508455001335 32.09000015258789 31.229999542236328 AB 4.522246257441676 1.1356245571778663
60467.2668 lsst_hardware_z -13.610732071394057 42.099998474121094 30.940000534057617 AB 4.152971986947754 1.08122155348809
60483.1488 lsst_hardware_z -61.24303003066479 99.44999694824219 30.950000762939453 AB 4.888279132217708 1.4259857445209183
60483.168 lsst_hardware_i 133.6145472774929 119.72000122070312 31.299999237060547 AB 4.009056971833539 1.2962059453590642
60484.1511 lsst_hardware_z 178.71765881501582 191.64999389648438 32.150001525878906 AB 4.878697917058051 1.3881298163533526
60484.1707 lsst_hardware_r -67.53625608170655 271.9200134277344 32.79999923706055 AB 4.773549115068315 1.2659695319311302
60486.1612 lsst_hardware_y 202.13851048919244 89.88999938964844 30.719999313354492 AB 7.80308701861972 1.2882227113986908
60491.1334 lsst_hardware_i -49.73837755686214 34.27000045776367 31.209999084472656 AB 11.566912579049783 1.3780387287029205
60491.1498 lsst_hardware_z -30.755177052359528 45.099998474121094 30.93000030517578 AB 10.708049885145495 1.2756537141044966
60492.1756 lsst_hardware_r -9.691935170972016 24.65999984741211 31.5 AB 9.504419714631082 1.1488133097188526
60492.1945 lsst_hardware_i 53.144612605905884 31.8700008392334 31.25 AB 9.010221638343756 1.0913103038084406
60496.1493 lsst_hardware_r -26.17416816734615 25.010000228881836 31.479999542236328 AB 5.852436597023123 1.2102646853980403
60496.1675 lsst_hardware_u -3.8817201778705277 2.7300000190734863 28.3700008392334 AB 5.580648281914072 1.1390627871643906
60498.1536 lsst_hardware_g 11.802650278290422 15.420000076293945 31.40999984741211 AB 1.9866309973620808 1.1695811199698263
60498.173 lsst_hardware_r -18.88636342650518 24.639999389648438 31.5 AB 2.0934125662248366 1.1051405919096406
60500.1545 lsst_hardware_i 22.113198156994233 32.709999084472656 31.25 AB 10.368590488251245 1.146207217361389
60500.1733 lsst_hardware_z 10.747821954588396 42.77000045776367 30.950000762939453 AB 9.91129233493379 1.0896619118746438
60502.1479 lsst_hardware_r 36.58827941818646 25.049999237060547 31.5 AB 6.17517058289579 1.1502242486456828
60502.1684 lsst_hardware_g -24.96131538961016 15.710000038146973 31.450000762939453 AB 6.38332643523642 1.0882370430441837
60505.1522 lsst_hardware_r 0.8129733437346449 32.369998931884766 31.559999465942383 AB 7.758714134213965 1.1099734097587932
60505.171 lsst_hardware_i -38.07287950976346 34.9900016784668 31.270000457763672 AB 6.806164145409096 1.0634631477201713
60507.1526 lsst_hardware_z -17.81701671799088 47.400001525878906 30.950000762939453 AB 1.7500420283646816 1.093776267727926
60507.1722 lsst_hardware_i 10.077460299241286 42.47999954223633 31.290000915527344 AB 2.303180775097587 1.0505613996187866
60509.1589 lsst_hardware_z -28.767712685156415 81.19999694824219 31.729999542236328 AB 2.9547621914514153 1.0659315264976246
60512.0621 lsst_hardware_z -153.34119236740983 127.93000030517578 30.950000762939453 AB 7.70239692119384 1.4886255927577077
60512.0816 lsst_hardware_r -18.550194871876343 179.25 31.600000381469727 AB 6.950717894480386 1.3405434704879668
60515.0655 lsst_hardware_i -11.401495536154119 65.16999816894531 31.260000228881836 AB 6.557180647311092 1.395144818576828
60515.0835 lsst_hardware_z 94.94531114621621 66.72000122070312 30.950000762939453 AB 6.813054387561101 1.2799275573099946
60524.0575 lsst_hardware_r 53.663262382349544 25.40999984741211 31.459999084472656 AB 2.0589865038798902 1.287939848131708
60524.0796 lsst_hardware_u 0.1432440522454809 2.7699999809265137 28.3799991607666 AB 1.874728859387063 1.1814897491016625
60526.071 lsst_hardware_r -22.170825044662216 24.969999313354492 31.489999771118164 AB 2.627911494049068 1.194505224567758
60526.0891 lsst_hardware_i 20.617763458600415 32.349998474121094 31.25 AB 2.689920825876498 1.1275342290945223
60530.0907 lsst_hardware_u 1.3075061406751671 2.8299999237060547 28.459999084472656 AB 4.194029014749416 1.0914371134844074
60530.1031 lsst_hardware_r -9.425308996928758 24.510000228881836 31.520000457763672 AB 4.0422505803506725 1.0627247165938145
60532.0702 lsst_hardware_i 56.25755943444614 32.97999954223633 31.25 AB 9.190503991183308 1.1357401564718572
60532.089 lsst_hardware_z -38.96878190144607 42.619998931884766 30.950000762939453 AB 8.096911268644448 1.0820287450998738
60538.0743 lsst_hardware_i 140.13929770013613 63.369998931884766 31.31999969482422 AB 4.221621587666395 1.0780213872703752
60538.0924 lsst_hardware_z -98.78084949946187 62.380001068115234 30.989999771118164 AB 4.200571549299043 1.0422607900996324
60542.0769 lsst_hardware_r 37.103962918975355 123.29032742614427 31.65999984741211 AB 3.3245799448855005 1.050088422263266
60542.0946 lsst_hardware_i 113.0231451346789 94.74101173117654 31.34000015258789 AB 2.5214923161436937 1.0240602360214006
60544.0796 lsst_hardware_z -30.56438467879207 52.715142693600306 30.979999542236328 AB 2.2394868541742277 1.0366794834737774
60544.0967 lsst_hardware_i -69.57743910607363 54.17333476574462 31.329999923706055 AB 2.4131655348577303 1.0162836533408004
60547.9717 lsst_hardware_z 41.98783877226771 70.46268739415906 30.940000534057617 AB 2.918766161307486 1.4230941790870237
60547.9891 lsst_hardware_g 1.0221523905320113 16.084556712648407 31.389999389648438 AB 2.8140091262179237 1.3045939389049253
60549.9724 lsst_hardware_y 10.405014117532435 79.71098192233474 29.969999313354492 AB 7.366239039001904 1.3774034821663084
60549.9892 lsst_hardware_i 37.41364949263488 34.20910914068827 31.229999542236328 AB 6.713882834915041 1.2729750990516746
60553.9747 lsst_hardware_y 64.23225119221463 76.91123986134664 29.979999542236328 AB 3.0704661390469603 1.2930093230124762
60553.9922 lsst_hardware_r 137.20194620314888 27.058569908170185 31.469999313354492 AB 2.8574504495050532 1.204658705524896
60555.9759 lsst_hardware_y 60.96431430764526 69.83071823056854 30.0 AB 1.5521787929867312 1.256570567081256
60555.9922 lsst_hardware_g 106.79304063345744 18.54128101075705 31.43000030517578 AB 1.5236667596307045 1.1815950055298212
60559.9797 lsst_hardware_y 39.26791060078547 62.97937310934509 30.020000457763672 AB 2.9659928519461793 1.1880604253739953
60559.9972 lsst_hardware_u 9.651195864359527 4.065465865792081 28.459999084472656 AB 2.8071131214879914 1.1245695886310976
60566.9833 lsst_hardware_z 576.1505104457673 82.80091487976694 30.989999771118164 AB 2.617642279598136 1.1088572209533543
60567.001 lsst_hardware_r 712.5643161341546 100.18392437056026 31.649999618530273 AB 1.3718355060481788 1.0649518742771913
60569.9898 lsst_hardware_y 178.97852078823416 63.002828213314615 30.049999237060547 AB 1.6044996408825771 1.0714521808894977
60570.0226 lsst_hardware_z 552.843444860454 75.42312690491386 31.0 AB 0.8724745421201832 1.0192459604207746
60571.9862 lsst_hardware_y 251.34697184564774 60.09643967026893 30.049999237060547 AB 6.577057464919803 1.067386459374072
60572.0027 lsst_hardware_i 1069.2363821674223 62.63008171579743 31.31999969482422 AB 6.496908411061946 1.0373476626316376
60574.9875 lsst_hardware_y 244.3031560698467 56.37314381609285 30.049999237060547 AB 1.1537098961354924 1.048827178304993
60575.0043 lsst_hardware_r 877.7783119328318 38.067990734426225 31.520000457763672 AB 1.5364251861386966 1.0242834574257977
60780.3315 lsst_hardware_z -8.271608021861192 63.47999954223633 30.940000534057617 AB 14.258059384895954 1.4554238130858934
60780.3497 lsst_hardware_i -157.63126280831514 64.63999938964844 31.280000686645508 AB 13.09678269429354 1.3241780187344965
60782.3409 lsst_hardware_z 4.0713610803239835 59.20000076293945 30.940000534057617 AB 19.809895224967143 1.3455447849370104
60782.3604 lsst_hardware_r 84.03146057106659 69.6500015258789 31.600000381469727 AB 18.175156236381042 1.2349629958017991
60784.3395 lsst_hardware_y 58.40135286996421 79.37999725341797 30.729999542236328 AB 14.391932110848332 1.3197150119985632
60790.3458 lsst_hardware_r 28.22409029688054 26.18000030517578 31.489999771118164 AB 18.74506855929883 1.201606958929412
60790.3638 lsst_hardware_i -21.195124589005214 33.29999923706055 31.25 AB 17.67801282645949 1.13320595041407
60792.3346 lsst_hardware_z 23.11564863213079 44.560001373291016 30.940000534057617 AB 2.757106917502135 1.2277453989173823
60792.3528 lsst_hardware_r 19.299864535659868 25.719999313354492 31.510000228881836 AB 2.5322356791201797 1.1522382886941511
60795.3483 lsst_hardware_i -10.53017709824746 32.939998626708984 31.25 AB 11.883397025048813 1.139375059330207
60795.3659 lsst_hardware_z -41.49521013082608 42.77000045776367 30.950000762939453 AB 11.483668342362762 1.0876660071537436
60800.3508 lsst_hardware_g 19.35043707573552 16.079999923706055 31.479999542236328 AB 7.3082443487119555 1.091366429614638
60800.3696 lsst_hardware_r -20.239330983323732 24.979999542236328 31.530000686645508 AB 7.024039467328273 1.0503367469742835
60802.3381 lsst_hardware_i -42.83009736983526 32.720001220703125 31.25 AB 6.804200858685158 1.111298168091978
60802.3585 lsst_hardware_z -36.265055076172125 42.439998626708984 30.950000762939453 AB 6.370430000354794 1.0611193471066533
60804.3537 lsst_hardware_r -54.733557237695145 38.88999938964844 31.610000610351562 AB 8.204648379119787 1.0597924731643087
60804.3749 lsst_hardware_g -0.8169067555510506 16.0 31.5 AB 7.96748301823422 1.0259772743436526
60806.3481 lsst_hardware_r -21.169440490630635 74.30000305175781 31.649999618530273 AB 7.284021967291167 1.0600723256017708
60806.3657 lsst_hardware_i -105.1304125370489 58.939998626708984 31.329999923706055 AB 7.0534504488019 1.0307541208244542
60808.3469 lsst_hardware_z -8.844004834621535 63.79999923706055 30.989999771118164 AB 6.504950936490081 1.0519002161206734
60808.3656 lsst_hardware_i 14.399966320480932 71.22000122070312 31.34000015258789 AB 6.275176307282414 1.024058799279111
60810.2351 lsst_hardware_z -24.20549203311451 80.33999633789062 30.920000076293945 AB 10.30418135577697 1.5914612884745636
60810.2546 lsst_hardware_r 166.8072925671006 112.12999725341797 31.559999465942383 AB 10.135524946169502 1.4155266849858206
60812.2365 lsst_hardware_i -178.31501617809673 90.94999694824219 31.25 AB 10.553871953976936 1.52299850218542
60812.2547 lsst_hardware_r -2.668412285616525 104.29000091552734 31.579999923706055 AB 8.803122921640025 1.374736147675505
60814.2472 lsst_hardware_z -29.767781567262872 88.7699966430664 31.690000534057617 AB 11.210627816407166 1.3892879812137104
60819.3082 lsst_hardware_z -5.4294016645818 41.9900016784668 30.950000762939453 AB 7.667571655766019 1.0692969025333794
60819.3301 lsst_hardware_r 13.300441438023377 24.079999923706055 31.510000228881836 AB 7.3846923448890704 1.0309016768109451
60824.2428 lsst_hardware_r 44.840319459811184 35.52000045776367 32.22999954223633 AB 11.11346917992421 1.2495936261674085
60824.2636 lsst_hardware_z -20.946159575731077 61.61000061035156 31.690000534057617 AB 9.623998871118749 1.1589361410278616
60826.2384 lsst_hardware_r -26.832080686418514 25.020000457763672 31.479999542236328 AB 8.90482486231053 1.2442409159978565
60826.2577 lsst_hardware_u -0.1197767130129004 2.819999933242798 28.43000030517578 AB 7.965358599739409 1.1605670616424588
60830.2718 lsst_hardware_z -5.4960942017755245 42.33000183105469 30.940000534057617 AB 12.407301757793435 1.0840568583292864
60830.2937 lsst_hardware_r 50.89428049539852 24.049999237060547 31.510000228881836 AB 12.54617838771208 1.0402054834873866
60833.2301 lsst_hardware_r 14.79255614380397 54.65999984741211 31.600000381469727 AB 4.733539477784565 1.1943329212240594
60833.2505 lsst_hardware_z 38.00480085198536 49.70000076293945 30.959999084472656 AB 4.338538814405374 1.1202010881501094
60844.2598 lsst_hardware_z -34.605064401747775 45.369998931884766 30.959999084472656 AB 5.230350361674646 1.0337341778130271
60844.2822 lsst_hardware_r 56.90399634595853 38.970001220703125 31.6200008392334 AB 5.148128713110565 1.0105598468449712
60847.1314 lsst_hardware_g -6.746877420991185 21.09000015258789 32.0099983215332 AB 4.874603875505767 1.6205465011653697
60847.1549 lsst_hardware_r -31.069403806494332 35.72999954223633 32.189998626708984 AB 4.132841126207755 1.4055689126657
60851.157 lsst_hardware_g -12.230964087373582 15.329999923706055 31.3799991607666 AB 5.225224226640631 1.317172731696655
60851.1772 lsst_hardware_r 20.63623651497797 24.889999389648438 31.489999771118164 AB 4.597832921329888 1.2107525796786902
60860.1376 lsst_hardware_g 6.540486306871947 37.43000030517578 31.56999969482422 AB 11.207338077722948 1.2867207896352408
60860.1597 lsst_hardware_r 48.761711675302195 38.34000015258789 31.559999465942383 AB 10.366831354719011 1.1806204446866102
60861.1486 lsst_hardware_i -27.613174681671655 43.29999923706055 31.270000457763672 AB 4.491560392295576 1.21664803746071
60861.1678 lsst_hardware_r -34.450003401362686 44.939998626708984 31.600000381469727 AB 4.105589774522467 1.1404416040340186
60863.1614 lsst_hardware_z -76.71443571165287 55.43000030517578 30.959999084472656 AB 2.0585910272522527 1.143661681806807
60863.1804 lsst_hardware_r 120.62241632211446 65.91000366210938 31.639999389648438 AB 2.427575364019174 1.0872986103399296
60865.1563 lsst_hardware_r -67.89558525776488 102.62999725341797 31.639999389648438 AB 3.6351827353247925 1.142420721346572
60865.1756 lsst_hardware_i -60.35583978649696 85.0 31.329999923706055 AB 2.768947246164653 1.0856487928502414
60867.1474 lsst_hardware_z 61.30361857148297 113.61000061035156 30.989999771118164 AB 8.635132017659986 1.1545580413584382
60867.166 lsst_hardware_r -254.4012975279777 173.35000610351562 31.649999618530273 AB 8.197874091865218 1.0963144597510657
