data/validation/pwv_sim_epoch_fit_seasonal/53950286.ecsv
# %ECSV 0.9
# ---
# datatype:
# - {name: time, datatype: float64}
# - {name: band, datatype: string}
# - {name: flux, datatype: float64}
# - {name: fluxerr, datatype: float64}
# - {name: zp, datatype: float64}
# - {name: zpsys, datatype: string}
# - {name: pwv, datatype: float64}
# - {name: airmass, datatype: float64}
# meta: {SNID: '53950286', alt: 1024.0, c: -0.014890006743371487, dec: -30.17244, lat: -30.244573, lon: -70.7499537, ra: 27.070312, t0: 60980.24609375,
#   x0: 3.173558602865821e-06, x1: 0.23175038397312164, z: 0.7387097477912903}
# schema: astropy-2.0
time band flux fluxerr zp zpsys pwv airmass
[from data line 132]
61276.253 lsst_hardware_i 2.089696058414289 47.52000045776367 31.290000915527344 AB 3.245382770094572 1.151559574237407
61276.2733 lsst_hardware_z -22.1317155965019 49.040000915527344 30.959999084472656 AB 3.0660081370644403 1.0900393341265453
61278.261 lsst_hardware_r -46.26331979355972 78.79000091552734 31.639999389648438 AB 2.4527130612693715 1.1085708751499983
61278.2784 lsst_hardware_z -78.60446732023752 57.83000183105469 30.979999542236328 AB 2.3678760335780664 1.06537109230758
61286.2681 lsst_hardware_y 4.079459914466483 48.0 30.049999237060547 AB 1.3498505502908922 1.0434299538450595
61286.2857 lsst_hardware_g 42.416285309595715 36.209999084472656 31.690000534057617 AB 1.2799840913468647 1.0190956141296694
61296.2709 lsst_hardware_r 43.079538540193504 22.309999465942383 31.510000228881836 AB 3.5216092220654778 1.007974017049153
61297.1613 lsst_hardware_r 8.959704059467636 23.649999618530273 31.450000762939453 AB 2.2159086816937537 1.3106715388566355
61299.1566 lsst_hardware_z 60.628358374121106 45.279998779296875 30.920000076293945 AB 4.170048133583196 1.3062014513964588
61299.1741 lsst_hardware_r 30.749388050737956 23.309999465942383 31.469999313354492 AB 3.6388083108205933 1.2161115058722394
61303.1673 lsst_hardware_z 0.7628651981941574 46.040000915527344 30.940000534057617 AB 7.505410833206002 1.1980861733906345
61303.1857 lsst_hardware_i 68.34689790398767 37.630001068115234 31.270000457763672 AB 7.053089508306886 1.1299406453551564
61305.1727 lsst_hardware_z -16.944983568203913 71.13999938964844 31.709999084472656 AB 2.573184869070691 1.155578699481456
61307.1641 lsst_hardware_r -52.93965278722401 78.68000030517578 31.6200008392334 AB 4.0934256556939825 1.1671602877044098
61307.1809 lsst_hardware_i 47.25543668960889 62.970001220703125 31.309999465942383 AB 4.257723054220745 1.111241825452187
61309.183 lsst_hardware_z -113.90391641495401 103.97000122070312 31.739999771118164 AB 3.700919946578302 1.0905640389691236
61311.2127 lsst_hardware_r 154.48525568939823 95.22000122070312 31.65999984741211 AB 3.8513205675796436 1.024628019309516
61311.2334 lsst_hardware_i -67.37904594438228 74.12000274658203 31.34000015258789 AB 3.7150257806818283 1.0057599406243811
61313.0918 lsst_hardware_r -12.182951606655438 24.139999389648438 31.40999984741211 AB 5.7568246007396064 1.4975156664471891
61313.1112 lsst_hardware_i -39.948987741441705 46.849998474121094 31.25 AB 5.209154453618277 1.3504840115673802
61315.0904 lsst_hardware_i 9.226611233941993 33.41999816894531 31.190000534057617 AB 6.629694093802162 1.4629703774480682
61315.1105 lsst_hardware_z 27.470531896766662 44.68000030517578 30.920000076293945 AB 5.9578060607036205 1.3205820815036287
61317.0945 lsst_hardware_u 0.5232877957541991 2.490000009536743 28.15999984741211 AB 2.9185574221093895 1.3897892486235188
61317.115 lsst_hardware_g -2.534454039681038 13.899999618530273 31.350000381469727 AB 2.655420281410228 1.2644858482905847
61319.1122 lsst_hardware_r 15.164897554338966 23.5 31.469999313354492 AB 4.2608211792983735 1.2508526800954223
61319.1312 lsst_hardware_i -36.00009897067514 31.610000610351562 31.239999771118164 AB 5.092534769441044 1.1676777917892907
61321.0912 lsst_hardware_z 28.960110852163265 45.599998474121094 30.920000076293945 AB 12.157138952395055 1.3386585253006602
61321.1108 lsst_hardware_u -1.1538993783678455 2.6600000858306885 28.34000015258789 AB 11.870739849566794 1.2310533664734729
61325.1103 lsst_hardware_u 1.5129629452367956 2.680000066757202 28.389999389648438 AB 6.8432736215409316 1.1853758600760884
61325.1316 lsst_hardware_r -30.487938515085908 22.770000457763672 31.489999771118164 AB 6.686835885873911 1.111693414110376
61328.1015 lsst_hardware_r -11.943475123889128 23.459999084472656 31.469999313354492 AB 7.364696372924458 1.1878542536974932
61328.1195 lsst_hardware_u 1.2069519069851622 2.7200000286102295 28.420000076293945 AB 6.965412012906018 1.1234535504687126
61330.0958 lsst_hardware_g 2.2703642930898287 19.350000381469727 31.489999771118164 AB 8.197112117766208 1.188834379729433
61330.1152 lsst_hardware_r -29.495366527988086 25.889999389648438 31.520000457763672 AB 7.7168454580334735 1.1198846944140126
61332.0994 lsst_hardware_i 9.501595596337136 36.63999938964844 31.260000228881836 AB 4.852516402100697 1.1540787384098976
61332.1176 lsst_hardware_z -52.331166786398974 44.13999938964844 30.950000762939453 AB 4.629171039841713 1.0973933717522828
61334.1022 lsst_hardware_r 102.61205461427663 51.439998626708984 31.6200008392334 AB 2.942518089175295 1.1263227135601444
61334.1215 lsst_hardware_z 129.47725858038908 49.0 30.969999313354492 AB 2.8909205967106 1.0741925115506177
61337.1115 lsst_hardware_r 88.60694592969338 90.94000244140625 31.649999618530273 AB 3.3430012973322207 1.0783875152684583
61337.1306 lsst_hardware_i -61.68450120945003 72.08999633789062 31.329999923706055 AB 2.9444793211276417 1.0405439777815422
61340.1104 lsst_hardware_z -8.674999630235783 63.29999923706055 30.989999771118164 AB 4.499820252742182 1.0626986348285086
61340.1303 lsst_hardware_i -46.134177353056174 70.08000183105469 31.34000015258789 AB 3.635977371228159 1.02880755611266
61342.1111 lsst_hardware_u -5.778212027150628 5.860000133514404 29.030000686645508 AB 3.1404338467304105 1.0506637158683207
61342.1301 lsst_hardware_g 15.61582098477353 40.16999816894531 31.709999084472656 AB 2.9267827086043754 1.0221592695940775
61343.1112 lsst_hardware_r 6.712496338269774 22.549999237060547 31.520000457763672 AB 6.273664276207111 1.045610712701185
61348.095 lsst_hardware_i -34.12047905635382 30.329999923706055 31.260000228881836 AB 4.627644289534023 1.0501462079125339
61355.0098 lsst_hardware_y -33.47675586758551 73.44000244140625 29.989999771118164 AB 8.311601047930964 1.272118929839186
61355.0272 lsst_hardware_r 17.341342683683013 23.270000457763672 31.469999313354492 AB 8.575611658045991 1.1902306256829966
61358.0123 lsst_hardware_y -72.00524065355181 73.33000183105469 30.0 AB 7.430784318020267 1.219327387067458
61358.0287 lsst_hardware_z 26.954293555239804 43.56999969482422 30.940000534057617 AB 7.036898219626537 1.1530385558205563
61360.0142 lsst_hardware_y -8.896575406743827 71.33999633789062 30.020000457763672 AB 7.688414275348116 1.1875527262733607
61360.0319 lsst_hardware_z -42.428521702640296 43.11000061035156 30.950000762939453 AB 7.385713353073498 1.1241572835728308
61365.0258 lsst_hardware_y -50.94532179790582 57.290000915527344 30.040000915527344 AB 5.057367386879454 1.102003025958371
61365.0437 lsst_hardware_z 6.513430373605013 56.2599983215332 30.979999542236328 AB 4.088830396600254 1.0595112234766366
61369.0272 lsst_hardware_y 67.33902629282626 58.119998931884766 30.049999237060547 AB 6.744058579974118 1.0713357553572864
61369.0447 lsst_hardware_i 30.038619025066602 58.61000061035156 31.31999969482422 AB 5.39268219430432 1.0381856242644523
61373.0265 lsst_hardware_y 50.22159434401294 57.470001220703125 30.049999237060547 AB 6.47805700728113 1.0505809131466899
61373.042 lsst_hardware_i 3.8533776862692872 30.100000381469727 31.25 AB 5.503671841138317 1.0264214548933825
