data/validation/pwv_sim_epoch_fit_seasonal/53978661.ecsv
# %ECSV 0.9
# ---
# datatype:
# - {name: time, datatype: float64}
# - {name: band, datatype: string}
# - {name: flux, datatype: float64}
# - {name: fluxerr, datatype: float64}
# - {name: zp, datatype: float64}
# - {name: zpsys, datatype: string}
# - {name: pwv, datatype: float64}
# - {name: airmass, datatype: float64}
# meta: {SNID: '53978661', alt: 1024.0, c: -0.0787113606929779, dec: -53.764561, lat: -30.244573, lon: -70.7499537, ra: 284.538452, t0: 63007.9453125,
#   x0: 2.2782948494261276e-06, x1: 0.8665736317634583, z: 0.8445249795913696}
# schema: astropy-2.0
time band flux fluxerr zp zpsys pwv airmass
62973.3811 lsst_hardware_g 21.862049873650136 31.42467128129342 32.97999954223633 AB 16.257563014036318 1.1070486543894535
62973.391 lsst_hardware_y -15.895104164851459 95.93051400505722 31.540000915527344 AB 16.084961526362072 1.0992251436043239
62975.4109 lsst_hardware_i 26.20753435498803 32.016775324428544 31.25 AB 10.575375390314669 1.0902448855994504
62975.4233 lsst_hardware_y -133.1494647424425 74.83527324723866 30.059999465942383 AB 10.701605176559045 1.0915271618491005
62977.3899 lsst_hardware_u 3.168943215967223 2.9118676212581036 28.510000228881836 AB 12.376206200125429 1.0938842319361348
62977.4004 lsst_hardware_z 81.0389620948769 42.04509305126384 30.950000762939453 AB 12.290957582786564 1.0907843080215267
62984.3857 lsst_hardware_i 249.06784384090525 34.18470691756694 31.239999771118164 AB 5.481920074132772 1.0902784554758893
62984.3972 lsst_hardware_z 175.83786556459688 43.64232161998457 30.940000534057617 AB 5.464202253477335 1.0911673274600284
62990.3928 lsst_hardware_i 456.0722351923519 37.23484331700888 31.229999542236328 AB 9.743036080844135 1.0955027263795363
62990.4048 lsst_hardware_r 310.68351966761793 28.902445132355925 31.469999313354492 AB 9.835624257097294 1.1033906503362456
62995.329 lsst_hardware_i 729.8863649554769 80.36654484052025 31.329999923706055 AB 9.114971553405349 1.1005650615370948
62995.3415 lsst_hardware_z 494.55808916542196 70.55312618277566 30.989999771118164 AB 8.471135122424707 1.093578844269792
63005.3274 lsst_hardware_u 1.10897022384384 2.800302381651478 28.440000534057617 AB 7.956021465588847 1.0903513846012056
63005.3402 lsst_hardware_g 116.84977076100333 16.730277062645694 31.399999618530273 AB 8.919807941882864 1.0912414903208236
63010.3066 lsst_hardware_g 29.45531263703823 15.929823320314382 31.399999618530273 AB 7.842977969271675 1.0915766136773224
63010.3186 lsst_hardware_r 516.54047294027 31.847574567766536 31.479999542236328 AB 7.844342892135764 1.090223931639617
63013.3081 lsst_hardware_i 813.7659080064798 41.09955898634657 31.25 AB 4.414098299038148 1.0902148682430974
63013.3224 lsst_hardware_z 582.7696871757776 47.61581407982766 30.950000762939453 AB 4.3921418249386015 1.0923461533526335
63015.3022 lsst_hardware_r 877.1467294017109 42.95596294309505 32.2400016784668 AB 9.373236556731916 1.0902281543160057
63015.3162 lsst_hardware_g 130.5246148406277 22.04301315592039 32.15999984741211 AB 9.370983525393456 1.092114971832925
63017.2932 lsst_hardware_r 333.9565581527623 29.602956388617482 31.469999313354492 AB 8.119143509223084 1.0905010085811808
63019.2946 lsst_hardware_z 471.38207671383185 54.01423720155104 30.959999084472656 AB 10.343639804722294 1.0902482907769664
63019.3073 lsst_hardware_i 603.8396368625388 51.403578332908346 31.299999237060547 AB 10.358643633997287 1.0927799877623452
63020.3118 lsst_hardware_z 815.0597771227257 85.02687535380896 31.719999313354492 AB 10.35119860226509 1.095973805793175
63022.3122 lsst_hardware_r 354.4687896930951 115.34153481529906 31.639999389648438 AB 7.026404808333014 1.0995078332419486
63022.3249 lsst_hardware_i 583.8765096176277 92.32627360342778 31.31999969482422 AB 7.066821406533832 1.1101317843983285
63031.2993 lsst_hardware_i 327.8348943717478 36.64591798784903 31.239999771118164 AB 13.624332297396966 1.1091195639878948
63031.3126 lsst_hardware_z 356.5478775347566 45.858449248004455 30.940000534057617 AB 13.809710267375397 1.1243861152398094
63036.3019 lsst_hardware_r 95.21066334260914 25.47584026292247 31.489999771118164 AB 3.478921437987668 1.1284208361944512
63036.3137 lsst_hardware_g 43.75440181602577 15.262272440678515 31.399999618530273 AB 3.486616877302624 1.1470077727782297
63040.0938 lsst_hardware_z 145.05234821468508 47.68801219885409 30.90999984741211 AB 4.401451257840164 1.3754535180750511
63040.1043 lsst_hardware_r 53.847466555175735 25.582150341015236 31.440000534057617 AB 4.251740273260407 1.3286688353938771
63046.2142 lsst_hardware_z 435.86718831238306 65.6829093300162 31.700000762939453 AB 3.054095617223478 1.090488794533496
63046.2268 lsst_hardware_r 188.6473805723622 45.56918221614774 32.310001373291016 AB 3.0128383649588013 1.0909493174262406
63048.2091 lsst_hardware_y 122.57145893654567 72.8209895159549 30.790000915527344 AB 8.332122711131587 1.0904492489375197
63051.2025 lsst_hardware_r 75.61026996002802 120.16716845687762 31.649999618530273 AB 8.394302867933325 1.0903108024332153
63051.2146 lsst_hardware_i -28.240325288316726 95.44738528896714 31.329999923706055 AB 7.939388712308014 1.0912499089145937
63053.191 lsst_hardware_i 173.7876283681886 79.67111286796082 31.329999923706055 AB 5.322339211087021 1.0911650128655137
63053.2052 lsst_hardware_z 109.79140811413461 70.5422114084297 30.979999542236328 AB 5.32500749992869 1.090556882942695
63061.1835 lsst_hardware_r 4.001284050681033 23.68168230695879 31.489999771118164 AB 7.936139663870037 1.0905784889198742
63061.1951 lsst_hardware_u -7.264481805991056 2.6933049740651622 28.399999618530273 AB 7.942004196617352 1.0937391016274356
63063.1878 lsst_hardware_g -11.8432473516835 14.07073786897024 31.399999618530273 AB 3.3022879180304643 1.0930204114290856
63063.1994 lsst_hardware_i 22.77389282005606 32.144571167903884 31.239999771118164 AB 3.39135257567164 1.0989476914036422
63066.1342 lsst_hardware_g -10.122048811393862 14.292940688711957 31.40999984741211 AB 3.0562411449413522 1.1012820172751254
63066.1464 lsst_hardware_r 20.78770229046484 23.575577205354087 31.489999771118164 AB 3.032922994056209 1.0941280642338418
63068.134 lsst_hardware_i 12.55008135572048 31.98430885219243 31.239999771118164 AB 6.4670928499297835 1.0977454445032522
63068.1472 lsst_hardware_r 36.59136482149918 23.594829139006613 31.489999771118164 AB 6.353823593086085 1.0918786068599888
63070.1265 lsst_hardware_u 1.6316974884402013 2.736192748184454 28.43000030517578 AB 6.374406337921123 1.0990355755036418
63070.1385 lsst_hardware_g -3.823556324234515 14.389929533974065 31.40999984741211 AB 6.338962634616498 1.0929245921752582
63076.1275 lsst_hardware_r 9.662010849885103 49.51524761592534 31.6200008392334 AB 4.478819258561854 1.091330228694409
63076.139 lsst_hardware_z 123.65995885462459 49.3014712390581 30.959999084472656 AB 4.543874838050269 1.0902682967408468
63082.1286 lsst_hardware_i 86.5476764485242 71.69754452380086 31.31999969482422 AB 1.4260022613115948 1.0909803720585998
63082.1402 lsst_hardware_z -168.17627161646763 64.6666666792663 30.979999542236328 AB 1.473912906465952 1.0948285284798158
63086.1148 lsst_hardware_u -0.8330201946372918 2.599812273572523 28.350000381469727 AB 4.798343926091531 1.0905327104753477
63086.1253 lsst_hardware_g 23.164052100719573 14.055919244483496 31.399999618530273 AB 4.1484710887944445 1.093141261869419
63089.1066 lsst_hardware_r 26.867596910292054 23.09388666118223 31.489999771118164 AB 8.170815388211883 1.0905325843459304
63089.1177 lsst_hardware_z -0.6189748168570769 42.29631694928128 30.940000534057617 AB 8.190881487932657 1.0933688316094183
63096.0524 lsst_hardware_g 8.033627650997254 13.702403025473279 31.399999618530273 AB 3.1816690068077964 1.101209312730915
63096.0651 lsst_hardware_r 18.114333859304732 22.837877399585484 31.479999542236328 AB 3.1514583098982722 1.0938765393607333
63101.0526 lsst_hardware_i 18.921214786215117 31.190000534057617 31.25 AB 2.3431762198458017 1.0934093419719093
63101.0642 lsst_hardware_z 14.832293545099525 42.02000045776367 30.950000762939453 AB 2.3167453311663673 1.0904896828271908
63107.0506 lsst_hardware_i -34.36628575837961 63.09000015258789 31.31999969482422 AB 6.105539843456705 1.0902749720458402
63107.062 lsst_hardware_z 67.64703136282937 59.36000061035156 30.969999313354492 AB 6.1115048262169775 1.091340147538746
63109.041 lsst_hardware_z -131.13402054447027 90.91000366210938 31.729999542236328 AB 2.9575198952108854 1.0906649890144628
63112.0468 lsst_hardware_z -93.85570446430557 73.83000183105469 31.709999084472656 AB 1.5542394182758106 1.0910133383626632
63114.035 lsst_hardware_g -22.414506641683662 13.739999771118164 31.399999618530273 AB 1.5256527540167941 1.0902711438900388
63114.0473 lsst_hardware_r -17.445516781431404 22.719999313354492 31.489999771118164 AB 1.289085106315554 1.0925993272910473
63117.0331 lsst_hardware_i -6.548658910769975 30.799999237060547 31.239999771118164 AB 2.618412773072626 1.0910053221135942
63117.045 lsst_hardware_z -24.41038341122613 41.970001220703125 30.940000534057617 AB 2.5156192867656784 1.0950171010297498
63122.0171 lsst_hardware_u 0.242946494232446 2.619999885559082 28.3700008392334 AB 2.3625580746144723 1.0906211538901198
63122.0293 lsst_hardware_g 17.737504382450854 13.829999923706055 31.399999618530273 AB 2.3782617760487854 1.0940824731679288
63124.0168 lsst_hardware_r 9.771068571731256 22.90999984741211 31.489999771118164 AB 1.403036999552702 1.0916452048649694
63124.0277 lsst_hardware_i -24.267197562090214 31.100000381469727 31.25 AB 1.4145779189362724 1.0959348587536488
63126.0162 lsst_hardware_z -58.28827264068083 41.77000045776367 30.950000762939453 AB 1.776724200255665 1.0932005539182679
63126.0281 lsst_hardware_u -0.31699205836386185 2.700000047683716 28.43000030517578 AB 1.7407039773632975 1.0994498514847924
63133.0213 lsst_hardware_i -96.97157186651735 40.0099983215332 31.280000686645508 AB 3.1292090606130953 1.1096486030542891
63133.0337 lsst_hardware_z -32.69352683149054 46.630001068115234 30.950000762939453 AB 3.1913119120884117 1.1238992470817555
