data/validation/pwv_sim_epoch_fit_seasonal/54001763.ecsv
# %ECSV 0.9
# ---
# datatype:
# - {name: time, datatype: float64}
# - {name: band, datatype: string}
# - {name: flux, datatype: float64}
# - {name: fluxerr, datatype: float64}
# - {name: zp, datatype: float64}
# - {name: zpsys, datatype: string}
# - {name: pwv, datatype: float64}
# - {name: airmass, datatype: float64}
# meta: {SNID: '54001763', alt: 1024.0, c: 0.022383250296115875, dec: -9.291553, lat: -30.244573, lon: -70.7499537, ra: 351.386719, t0: 60809.6796875,
#   x0: 2.3607883264456366e-05, x1: 1.0732864141464233, z: 0.3195340633392334}
# schema: astropy-2.0
time band flux fluxerr zp zpsys pwv airmass
60843.3936 lsst_hardware_r 3400.3760352766217 120.1350231811032 32.38999938964844 AB 4.09116809489124 1.1057211067273622
60843.4214 lsst_hardware_y 1253.4248569165475 84.1352254719638 30.799999237060547 AB 3.841090595422068 1.075333313388037
60845.4336 lsst_hardware_z 1981.6182069158917 66.34747919680079 30.969999313354492 AB 2.789516810465517 1.0721694284483585
60850.3877 lsst_hardware_r 1095.8985090080907 41.676771655150375 31.510000228881836 AB 4.231354141760767 1.0872625789839594
60850.4111 lsst_hardware_y 633.0797051691007 52.978210440274964 30.030000686645508 AB 4.1787735088805515 1.0722364510566558
60853.3435 lsst_hardware_i 3630.694491730613 75.6138735060152 32.0 AB 8.328133813623447 1.1566852518921453
60853.3683 lsst_hardware_r 962.7122835721143 39.983228396306565 31.520000457763672 AB 7.937564877223141 1.1024395662809918
60859.3788 lsst_hardware_u -6.037197355047601 3.44283961825378 28.520000457763672 AB 6.9653877002938875 1.0747949336941671
60859.4011 lsst_hardware_g 213.4889682138477 21.81447532030948 31.459999084472656 AB 6.97494653959801 1.0737570041715816
60864.3641 lsst_hardware_z 986.9431183096247 59.341500572378784 30.969999313354492 AB 1.6665738586843073 1.0753245673844694
60864.3869 lsst_hardware_r 686.9807081837956 54.71329987701186 31.6200008392334 AB 1.548061083288663 1.0735513753738994
60869.3567 lsst_hardware_r 705.7562801484648 107.16119192945946 31.649999618530273 AB 6.434787159015185 1.0728221338805282
60869.3778 lsst_hardware_z 845.4677899337609 79.22093682879732 30.989999771118164 AB 6.616378958539855 1.075629927960526
60871.3298 lsst_hardware_i 1066.9114930597498 87.02190046954615 31.329999923706055 AB 5.105020076027536 1.0879105116734227
60871.3502 lsst_hardware_r 876.395224767523 96.862156743172 31.649999618530273 AB 3.916398927165733 1.073133011964671
60876.3351 lsst_hardware_u 1.3240301403580659 2.880000114440918 28.469999313354492 AB 3.0920763868322614 1.0736376343167575
60876.3557 lsst_hardware_g 0.22171785581482575 16.479999542236328 31.479999542236328 AB 3.013063758418497 1.074176027956089
60878.3303 lsst_hardware_r 14.86927162201303 24.209999084472656 31.5 AB 5.088448040584157 1.073399017104558
60878.3497 lsst_hardware_i 4.278986170228552 31.59000015258789 31.25 AB 4.6315947751043 1.0739514859570953
60882.3221 lsst_hardware_u -0.14865031071075985 2.7200000286102295 28.389999389648438 AB 9.09845528859293 1.0725937545496225
60882.3432 lsst_hardware_g -3.9654779286754143 15.199999809265137 31.440000534057617 AB 7.699400329039697 1.0761368331679908
60885.3208 lsst_hardware_r 3.9276460407294214 24.260000228881836 31.520000457763672 AB 3.9658168652454537 1.0718423960122847
60885.3413 lsst_hardware_z -65.54880991962075 42.20000076293945 30.950000762939453 AB 4.548899587047578 1.0805842712124791
60887.2939 lsst_hardware_i -27.571046119518662 31.860000610351562 31.25 AB 3.6438568902264503 1.0803014794623333
60887.3148 lsst_hardware_r 24.116872173722985 24.360000610351562 31.520000457763672 AB 3.622266262067731 1.0718349643638796
60889.2877 lsst_hardware_z -82.83362724172073 59.470001220703125 31.700000762939453 AB 1.648131382107766 1.0809190897575118
60889.3102 lsst_hardware_g -8.392506980643631 21.469999313354492 32.20000076293945 AB 1.4814797799124646 1.071853211078595
60893.2515 lsst_hardware_z -77.27816802871794 53.150001525878906 30.969999313354492 AB 1.3957036126902362 1.1158933541397051
60893.2681 lsst_hardware_r 18.551077193528844 61.790000915527344 31.6299991607666 AB 1.3843657087176668 1.08983720426504
60895.2957 lsst_hardware_z -39.17046109380205 101.43000030517578 31.739999771118164 AB 2.742875632347008 1.071994124158549
60898.2823 lsst_hardware_r -173.67661262519073 139.27000427246094 31.65999984741211 AB 7.08824512808899 1.0719463331703576
60898.3043 lsst_hardware_z -103.06846780141022 95.47000122070312 31.0 AB 6.076352659032138 1.0793769711399128
60900.2751 lsst_hardware_r -117.39069338391727 83.7699966430664 31.649999618530273 AB 3.645362925506342 1.0721655663253946
60900.2955 lsst_hardware_y -11.144984412749984 55.619998931884766 30.049999237060547 AB 3.9049196243124733 1.077021133854686
60903.2386 lsst_hardware_u 2.240996737260418 3.3399999141693115 28.579999923706055 AB 4.814250707704834 1.092595905294714
60903.2591 lsst_hardware_g 8.606474518335514 22.059999465942383 31.579999923706055 AB 4.850408728000238 1.0746049910642281
60905.2549 lsst_hardware_r -16.07291637121407 24.280000686645508 31.510000228881836 AB 3.2113204866295457 1.0740501641504654
60905.2732 lsst_hardware_i 0.8600933486314148 31.6299991607666 31.25 AB 3.2039071258194785 1.072976264507528
60907.2225 lsst_hardware_z -19.44753233184072 42.65999984741211 30.950000762939453 AB 1.9791104665302302 1.0999131899945702
60907.2393 lsst_hardware_r -2.894980942841893 24.420000076293945 31.510000228881836 AB 1.9278900938517165 1.0803026442316412
60911.2483 lsst_hardware_r 19.188488548891037 24.399999618530273 31.510000228881836 AB 2.777710804253162 1.0718544488726158
60911.2675 lsst_hardware_z 45.980411557311314 42.20000076293945 30.950000762939453 AB 3.0206092983139774 1.0784038908653972
60913.2178 lsst_hardware_r 8.147456677360305 24.559999465942383 31.510000228881836 AB 2.6548866022269517 1.085029603798223
60913.2355 lsst_hardware_u 0.5600075464429474 2.890000104904175 28.520000457763672 AB 2.6705406573164634 1.0731527656485687
60931.1633 lsst_hardware_z -26.721171486408792 42.560001373291016 30.950000762939453 AB 4.017644591218987 1.0911335316199582
60931.1804 lsst_hardware_u -1.5745341997501814 2.8299999237060547 28.459999084472656 AB 2.294228852708591 1.0757559484410397
60933.1569 lsst_hardware_g -21.67349095484862 15.90999984741211 31.469999313354492 AB 1.5161522992730645 1.092328745873966
60933.1742 lsst_hardware_r -9.819005757820339 25.020000457763672 31.520000457763672 AB 1.0447883819616404 1.0761768741241515
60935.1571 lsst_hardware_i -3.18721299784011 32.18000030517578 31.25 AB 0.6521381786496414 1.0856906414825864
60935.1743 lsst_hardware_z -9.151953348195796 42.40999984741211 30.940000534057617 AB 0.8760998858348413 1.0735421862572003
60937.1451 lsst_hardware_z -67.5063558494778 42.70000076293945 30.940000534057617 AB 8.15517880358979 1.0934806655389446
60937.1659 lsst_hardware_i -39.18552584430705 32.16999816894531 31.25 AB 8.026211214743384 1.0747830624677737
60939.1453 lsst_hardware_u 4.024117807987139 2.809999942779541 28.450000762939453 AB 4.829539633250462 1.086632834570922
60939.1641 lsst_hardware_g -9.840324674605478 15.619999885559082 31.459999084472656 AB 4.8909790521588095 1.0732892368134321
60942.1335 lsst_hardware_r -33.361992434016074 24.559999465942383 31.510000228881836 AB 3.8304905895362915 1.0908416886049528
60942.1524 lsst_hardware_i -33.10409950770411 31.790000915527344 31.25 AB 3.773038556938381 1.074710120896783
60944.138 lsst_hardware_z 20.875835600923338 42.27000045776367 30.950000762939453 AB 3.054669089811072 1.0805338131627422
60944.1566 lsst_hardware_u 1.3859308841911013 2.7699999809265137 28.420000076293945 AB 3.0336453810348747 1.0719594985988956
60946.1396 lsst_hardware_g 11.878708541809203 17.790000915527344 31.510000228881836 AB 4.638558064363424 1.0756700247813866
60946.158 lsst_hardware_r -51.00055111202137 25.709999084472656 31.520000457763672 AB 4.6174049238664985 1.0722150876869398
60951.105 lsst_hardware_z -83.38104712577058 60.43000030517578 30.979999542236328 AB 3.8376294355910896 1.096048010926625
60951.1239 lsst_hardware_i 79.78693343437128 63.5 31.31999969482422 AB 3.8868036847207987 1.0768757900039154
60954.1178 lsst_hardware_z -50.536152382494215 140.25999450683594 31.75 AB 3.7143843474184255 1.0756458364067065
60956.0986 lsst_hardware_r -154.71468150719178 106.01000213623047 31.649999618530273 AB 10.541436146694 1.0869420923046942
60956.1182 lsst_hardware_i -36.31233557031924 83.72000122070312 31.329999923706055 AB 9.973930147811338 1.073119479375307
60960.1004 lsst_hardware_g 24.429586841938736 15.319999694824219 31.450000762939453 AB 6.224329467436778 1.0762219188098519
60960.1189 lsst_hardware_r -31.736578507412148 24.31999969482422 31.510000228881836 AB 6.189117209781762 1.0720798908334943
60962.1025 lsst_hardware_i 64.1517813040272 31.43000030517578 31.239999771118164 AB 7.7260452298914695 1.0729128218152297
60962.1198 lsst_hardware_z 30.384891530704223 41.93000030517578 30.950000762939453 AB 7.75328886150942 1.0737387921305754
60969.0671 lsst_hardware_r -18.40588846139458 24.1299991607666 31.510000228881836 AB 3.2277495065356283 1.0828648851918572
60969.0854 lsst_hardware_i -20.177712491901342 31.530000686645508 31.25 AB 2.880310256218726 1.0724084106306147
60971.0262 lsst_hardware_z -35.62134548042756 42.9900016784668 30.940000534057617 AB 4.528943237262317 1.1436003376711867
60971.0364 lsst_hardware_u 1.8425511707663125 2.7799999713897705 28.43000030517578 AB 4.460451294445932 1.1201535144263144
60973.0708 lsst_hardware_g 23.456054995114368 15.270000457763672 31.450000762939453 AB 4.084376136899543 1.0734469358241425
60973.088 lsst_hardware_r 40.72055711508331 24.18000030517578 31.510000228881836 AB 4.843520188940111 1.0731184643713552
60975.0709 lsst_hardware_i -2.513723336463756 32.290000915527344 31.25 AB 3.131814294094256 1.072080203369878
60975.0883 lsst_hardware_z -14.401189221702776 42.470001220703125 30.940000534057617 AB 4.5251884676877765 1.0755904926564457
60980.0529 lsst_hardware_z -27.31169200850755 93.5 31.729999542236328 AB 4.46207832562824 1.0730448879263639
60992.0246 lsst_hardware_z -54.71818364492524 67.30000305175781 31.709999084472656 AB 5.553727984575926 1.0720620254952322
60994.0153 lsst_hardware_y 22.123335207356877 62.939998626708984 30.059999465942383 AB 5.98055769946762 1.0728580328825355
60994.0351 lsst_hardware_g -0.9462025371896087 15.8100004196167 31.469999313354492 AB 5.99940993384363 1.0749062232161306
60996.0173 lsst_hardware_y -18.48167766619914 59.099998474121094 30.049999237060547 AB 3.7514254277481762 1.0718358364994789
60996.0375 lsst_hardware_i -0.3812201722052861 32.11000061035156 31.260000228881836 AB 3.7799593179577076 1.079988376559345
