data/validation/pwv_sim_epoch_fit_seasonal/54165493.ecsv
# %ECSV 0.9
# ---
# datatype:
# - {name: time, datatype: float64}
# - {name: band, datatype: string}
# - {name: flux, datatype: float64}
# - {name: fluxerr, datatype: float64}
# - {name: zp, datatype: float64}
# - {name: zpsys, datatype: string}
# - {name: pwv, datatype: float64}
# - {name: airmass, datatype: float64}
# meta: {SNID: '54165493', alt: 1024.0, c: 0.13939256966114044, dec: -52.222923, lat: -30.244573, lon: -70.7499537, ra: 16.182266, t0: 62364.59765625,
#   x0: 4.315451352178641e-05, x1: 0.17751847207546234, z: 0.2457924783229828}
# schema: astropy-2.0
time band flux fluxerr zp zpsys pwv airmass
62328.4 lsst_hardware_r 8.973629162663453 21.860000610351562 31.469999313354492 AB 9.963285570179549 1.094866546173577
62328.4108 lsst_hardware_z -56.888513732483545 41.20000076293945 30.940000534057617 AB 9.893094066553273 1.08613866899634
62343.4383 lsst_hardware_r 312.0262609352167 86.56268819095712 31.639999389648438 AB 6.684293750028338 1.0983667223577267
62345.4296 lsst_hardware_y 82.07387228410326 78.53492387647609 30.790000915527344 AB 3.9424784941802837 1.0951329150500788
62347.421 lsst_hardware_r 2072.4993989947952 71.60661747942078 31.6200008392334 AB 4.125473152884857 1.09226188850533
62347.433 lsst_hardware_i 1842.570883965923 66.89528757938831 31.299999237060547 AB 4.183449688685248 1.1046383898301937
62348.4281 lsst_hardware_z 1686.0750942725456 64.56385778798055 30.959999084472656 AB 3.830863540452866 1.102116048175167
62348.4384 lsst_hardware_r 3184.4081897510705 76.72704115113358 31.6200008392334 AB 3.879259324068545 1.1152371023411645
62351.4251 lsst_hardware_z 3307.304461082189 71.62019303483498 30.940000534057617 AB 2.367461591456731 1.1083621682849865
62351.437 lsst_hardware_r 5629.435661959465 83.71240864840816 31.579999923706055 AB 2.414611020547125 1.1255178778187345
62352.4249 lsst_hardware_i 4879.003199700832 77.41130127814564 31.239999771118164 AB 1.642129259202174 1.1116750034088958
62352.4366 lsst_hardware_z 3745.9954436005783 89.06375076782689 30.969999313354492 AB 1.6763388514277349 1.12935471688372
62354.4258 lsst_hardware_r 8112.418813706741 92.76473678067735 31.489999771118164 AB 3.2342453570002334 1.1207965890032
62356.402 lsst_hardware_u 86.87581692298895 10.000109972452721 28.420000076293945 AB 1.5365446869566899 1.0975319192547786
62356.4136 lsst_hardware_g 6683.195881845209 82.7889328173027 31.3799991607666 AB 1.5556321940799034 1.1111658529142168
62358.3647 lsst_hardware_i 9516.866192115116 100.97652929108183 31.25 AB 5.500792766442593 1.0780583569706208
62358.3768 lsst_hardware_z 6123.950737598471 87.41311504150949 30.950000762939453 AB 5.628755307501325 1.0824529437502548
62360.1597 lsst_hardware_g 13833.449669187934 118.75502235821871 31.950000762939453 AB 5.410193709102389 1.6988257407690146
62360.1759 lsst_hardware_r 22637.619297409416 154.0700760750869 32.150001525878906 AB 4.264936435016002 1.5670791273520936
62360.2417 lsst_hardware_i 10009.060149392197 104.52711114083522 31.219999313354492 AB 3.3702161770619505 1.2370035518671134
62360.2649 lsst_hardware_z 6288.055825999495 88.87228442389991 30.940000534057617 AB 3.3871740805686303 1.1723367934822637
62367.38 lsst_hardware_g 7619.064198186549 88.3325620477989 31.389999389648438 AB 1.9933222144442693 1.1065815402170258
62367.3918 lsst_hardware_r 12776.384636272158 115.6914364832806 31.469999313354492 AB 2.087846932835345 1.1231021693573668
62369.3788 lsst_hardware_i 11591.895380390923 116.19380407559228 31.290000915527344 AB 1.223304212400467 1.112094738545879
62369.3895 lsst_hardware_z 5716.2027768792705 89.47761749854598 30.950000762939453 AB 1.2410237153719006 1.1282033776108187
62371.3938 lsst_hardware_r 13895.97522069459 142.84713233035512 31.6200008392334 AB 2.6148309968952343 1.1458505683151772
62371.4054 lsst_hardware_z 5481.355754833167 95.98592906282519 30.959999084472656 AB 2.6532977428404654 1.170744701944609
62375.304 lsst_hardware_z 4628.805316445868 86.07644192957827 30.969999313354492 AB 3.251819617385522 1.0775047745030033
62375.3151 lsst_hardware_r 12214.002739320833 128.6141996760565 31.639999389648438 AB 3.2529839379562104 1.077503788657241
62376.154 lsst_hardware_i 16693.64272465097 149.08623045846127 31.989999771118164 AB 5.566467814122271 1.4272994395185312
62376.1658 lsst_hardware_z 8386.601418918062 119.20359277986356 31.68000030517578 AB 5.326635660726814 1.365804015570978
62380.3697 lsst_hardware_g 3656.347200227161 66.15692224369934 31.56999969482422 AB 0.9206719685850449 1.1467784537077577
62380.3808 lsst_hardware_r 8625.997716733562 97.58802455971038 31.520000457763672 AB 0.7345032858908199 1.170678633376257
62382.3608 lsst_hardware_r 7388.3407336808295 89.66465851878961 31.479999542236328 AB 1.1450222513939974 1.1401765012635094
62382.3715 lsst_hardware_i 6283.755880863608 85.06463009491881 31.229999542236328 AB 1.1831574787881096 1.1619518573906107
62385.3611 lsst_hardware_z 3084.8952926425463 69.96282287131748 30.940000534057617 AB 1.038255708022147 1.1571531992445216
62385.3726 lsst_hardware_r 6225.331275229248 82.21052648897616 31.459999084472656 AB 1.0434434939204555 1.183937398548172
62387.362 lsst_hardware_u 7.767086945748399 3.831162120489192 28.280000686645508 AB 3.40801737151429 1.1714083540951958
62387.3736 lsst_hardware_r 5539.616570833493 77.8845431566011 31.450000762939453 AB 3.5898761129528856 1.2010291445141805
62389.3555 lsst_hardware_i 5529.893553525383 79.44542827543442 31.229999542236328 AB 4.359343223790533 1.1689858924131038
62389.3661 lsst_hardware_z 3190.1157986672465 70.04309183629475 30.93000030517578 AB 4.525842067261882 1.1954678584006733
62390.3511 lsst_hardware_r 4757.57507596255 72.48681617583819 31.459999084472656 AB 3.709128529557223 1.1651712658294942
62390.3626 lsst_hardware_u 13.06324151181408 3.7450765861551996 28.280000686645508 AB 3.6470586549890354 1.1934092457424854
62393.35 lsst_hardware_g 833.4142774868286 33.28946641252378 31.350000381469727 AB 1.773048528793459 1.1820323525289727
62393.3611 lsst_hardware_r 4178.701357792693 67.03942073889735 31.450000762939453 AB 1.8114082562699039 1.212049686363268
62399.3365 lsst_hardware_z 2903.490450939497 80.28861832584663 30.959999084472656 AB 6.19136421967969 1.18938895777167
62399.3485 lsst_hardware_r 3341.514678096517 85.16318086928644 31.59000015258789 AB 6.330836763766178 1.2233500992786353
62411.3141 lsst_hardware_g 423.1523524755425 26.81718983006486 31.43000030517578 AB 3.8901297350178177 1.2183942376210735
62411.326 lsst_hardware_i 2685.460769529651 60.274070085002904 31.219999313354492 AB 4.00748815883401 1.256988287574053
62414.3043 lsst_hardware_u 6.295613112232341 3.1121912431323144 28.270000457763672 AB 8.39189485963079 1.2136223087791735
62414.3167 lsst_hardware_g 360.20478896049553 23.464395960012908 31.31999969482422 AB 8.677347096798696 1.2531369913782318
62416.303 lsst_hardware_r 1439.5882388606874 44.73253490580931 31.450000762939453 AB 5.825970820518455 1.2261759829913295
62416.3141 lsst_hardware_i 2218.650950744951 55.941829784567226 31.209999084472656 AB 5.990865730446472 1.263185071080926
62420.2995 lsst_hardware_u 2.9810918039546483 2.800940966115926 28.34000015258789 AB 5.654844452694296 1.2503341213209962
62420.3119 lsst_hardware_r 1382.2928079836054 43.474699189250764 31.450000762939453 AB 5.838724231179038 1.2961501179175012
62422.1993 lsst_hardware_z 1137.6282152946806 52.92425851194813 30.940000534057617 AB 7.035050036556085 1.081151073698698
62422.2111 lsst_hardware_g 300.61746960392594 22.507710327775957 31.3700008392334 AB 6.314188981288157 1.088137345446238
62425.2809 lsst_hardware_y 493.75585777590175 53.55385588016851 29.979999542236328 AB 8.980966479653253 1.2339741204282153
62425.2915 lsst_hardware_g 310.96373093079757 21.746604660516347 31.31999969482422 AB 9.250685397669804 1.2703350091209893
62429.2358 lsst_hardware_i 49.08051528507058 64.87000274658203 31.309999465942383 AB 1.266097837036081 1.1465681114206017
62429.247 lsst_hardware_z -16.322650563766036 60.83000183105469 30.969999313354492 AB 1.315039407944383 1.1706582266568286
62433.2356 lsst_hardware_r 19.123631130214644 76.02999877929688 31.6200008392334 AB 2.020392358242658 1.1695469512271122
62433.2468 lsst_hardware_z -108.39833623256786 58.029998779296875 30.959999084472656 AB 1.8822500118648626 1.197741019322216
62435.2157 lsst_hardware_z -28.618058439283615 49.880001068115234 30.950000762939453 AB 1.43306920947881 1.139466638864678
62435.2266 lsst_hardware_g 40.97931052688095 59.06999969482422 31.65999984741211 AB 1.3692689886122318 1.1615458690334215
62437.2201 lsst_hardware_r -8.40878954085605 41.060001373291016 31.59000015258789 AB 3.0852221349537317 1.159276854316282
62437.2308 lsst_hardware_z 43.36194750873418 47.029998779296875 30.950000762939453 AB 3.188617328328486 1.1844056193876042
62438.226 lsst_hardware_r 10.538219545342129 32.869998931884766 31.549999237060547 AB 3.8635737851908725 1.1792370897926427
62438.2357 lsst_hardware_u -1.69975887976064 6.110000133514404 28.8799991607666 AB 3.942130583475798 1.204807635536537
62440.2212 lsst_hardware_g -1.6691196860153072 13.109999656677246 31.360000610351562 AB 4.510637089454508 1.1808723318161214
62440.2313 lsst_hardware_r -34.90463803915708 22.520000457763672 31.459999084472656 AB 4.600577153574324 1.207817577730198
62451.1752 lsst_hardware_i 13.210874083610205 30.739999771118164 31.229999542236328 AB 0.8302322073417044 1.1455428869835789
62451.1868 lsst_hardware_z 21.249744792934653 42.56999969482422 30.93000030517578 AB 0.8757286454795072 1.1703690551007604
62454.1558 lsst_hardware_z 41.655818708353166 46.97999954223633 30.950000762939453 AB 5.623510941441319 1.1255838956731845
62454.1673 lsst_hardware_i -81.19216717759579 40.810001373291016 31.270000457763672 AB 4.63374406618297 1.1461152773145518
62456.0974 lsst_hardware_r -0.31419295767727906 54.70000076293945 31.6299991607666 AB 6.242093839124525 1.078159425253587
62460.074 lsst_hardware_i 43.96368752354077 62.33000183105469 31.31999969482422 AB 7.0854244625302565 1.0773170501674174
62460.0867 lsst_hardware_z 59.40282127321206 57.720001220703125 30.969999313354492 AB 6.197918162629279 1.078211335916952
62461.077 lsst_hardware_r 120.71738486096787 78.88999938964844 31.639999389648438 AB 4.150216791066843 1.0772322523966542
62461.0885 lsst_hardware_z -155.04337139938613 57.540000915527344 30.969999313354492 AB 3.593616262582585 1.0794882134520623
62463.0767 lsst_hardware_r 52.739860497573595 55.38999938964844 31.6299991607666 AB 7.356466152788519 1.0778441775959344
62463.0898 lsst_hardware_i -95.07036060075087 52.040000915527344 31.309999465942383 AB 7.401564698433155 1.0823374568155033
62465.0314 lsst_hardware_i 54.983617596346086 31.610000610351562 31.25 AB 6.8089912157058485 1.0901362817332452
62465.0387 lsst_hardware_z 69.07408079248212 41.869998931884766 30.940000534057617 AB 6.791472855881226 1.084928702449143
62466.0803 lsst_hardware_u -0.26182885855899507 2.5199999809265137 28.31999969482422 AB 4.644454717464788 1.0816989482490262
62466.0925 lsst_hardware_g 2.3778604747965275 13.039999961853027 31.3700008392334 AB 3.8144890833047174 1.0893352927095814
62468.103 lsst_hardware_g -11.388761358593662 13.270000457763672 31.3799991607666 AB 4.226358312945105 1.1051228919056866
62468.1152 lsst_hardware_r 17.272350717493136 22.420000076293945 31.469999313354492 AB 4.304532626476029 1.121848482271695
62473.1037 lsst_hardware_i -7.852333011642515 30.709999084472656 31.239999771118164 AB 7.36716161063419 1.125242490935207
62473.1162 lsst_hardware_z 22.001130023734152 42.38999938964844 30.940000534057617 AB 7.513990015555592 1.1476687072754754
62477.1061 lsst_hardware_r -12.912488510430343 22.530000686645508 31.469999313354492 AB 6.643811017967054 1.1493157106388137
62477.1152 lsst_hardware_i -15.575752283387219 31.170000076293945 31.229999542236328 AB 6.693578366449991 1.1689798055272482
62479.0753 lsst_hardware_z -49.4666682275528 41.790000915527344 30.950000762939453 AB 5.9250881752478275 1.1080108789617684
62479.0885 lsst_hardware_i -11.411528081326674 30.790000915527344 31.239999771118164 AB 6.955749926919599 1.1271673840415328
62695.334 lsst_hardware_i -20.791256610234324 56.630001068115234 31.290000915527344 AB 7.277048933991471 1.2074081523132105
62695.3623 lsst_hardware_z -0.6684125093359287 53.83000183105469 30.959999084472656 AB 6.863208626222165 1.140952337286185
62697.4393 lsst_hardware_z -206.80876598836272 68.12999725341797 30.979999542236328 AB 4.945644935922923 1.0787555981291481
62707.4327 lsst_hardware_u 4.236057089190367 4.670000076293945 28.770000457763672 AB 6.732180788922248 1.0900110566965793
62709.4405 lsst_hardware_r 48.4546809512373 34.099998474121094 31.559999465942383 AB 3.412545153422518 1.1029854779828385
62711.2592 lsst_hardware_i 40.52963100892431 32.040000915527344 31.209999084472656 AB 5.497494375338297 1.3167125564660007
62711.2807 lsst_hardware_z 57.687573450675764 43.31999969482422 30.93000030517578 AB 5.177135368534 1.2366753806514847
62716.429 lsst_hardware_g -17.27466406925685 16.649999618530273 31.469999313354492 AB 2.3762461553914003 1.1125616022121265
62722.4123 lsst_hardware_g -18.5499314110867 13.109999656677246 31.3700008392334 AB 4.2601881641300094 1.112127087747131
62722.4241 lsst_hardware_r -26.633329404883725 23.15999984741211 31.479999542236328 AB 3.8157790270197633 1.1300989270012627
62723.4059 lsst_hardware_r -2.932112258690669 22.09000015258789 31.479999542236328 AB 5.758179930319886 1.1073422942922857
62723.4167 lsst_hardware_i 1.7745975065211597 30.809999465942383 31.239999771118164 AB 5.557523704475273 1.1225052927641435
62725.3928 lsst_hardware_z 59.96134375936433 81.48999786376953 31.719999313354492 AB 3.3902511545391274 1.0985611172324556
62731.402 lsst_hardware_z 3.4074291582094687 48.70000076293945 30.959999084472656 AB 2.776200767864119 1.1343778675554832
62731.4137 lsst_hardware_r 68.96034846753997 49.63999938964844 31.600000381469727 AB 2.8237639447891816 1.157201261439457
62733.3936 lsst_hardware_i -3.7532313832006325 36.47999954223633 31.260000228881836 AB 1.8150787732910336 1.1293070606881528
62733.4039 lsst_hardware_z -2.4211751851611445 44.97999954223633 30.940000534057617 AB 1.9324746434523439 1.1482321113798835
62735.3843 lsst_hardware_i 16.391054744692426 31.989999771118164 31.25 AB 1.4323821974570363 1.1230700012730765
62735.3955 lsst_hardware_z -50.07784348353426 42.58000183105469 30.940000534057617 AB 1.4076517081792561 1.142497159158003
62738.3879 lsst_hardware_i 36.63707594489558 30.979999542236328 31.229999542236328 AB 2.514836058631754 1.143627129891657
62738.3996 lsst_hardware_r -6.639871417537862 22.729999542236328 31.469999313354492 AB 2.5440285882606326 1.1683254136673398
62740.4008 lsst_hardware_u -0.11227946160086684 2.6700000762939453 28.3799991607666 AB 3.8959066244399354 1.1844361554883136
62740.4123 lsst_hardware_g 13.137907977997564 15.229999542236328 31.420000076293945 AB 3.93571691499843 1.2160410675107154
62742.3677 lsst_hardware_g -11.470539310222872 13.220000267028809 31.3700008392334 AB 7.909047824983417 1.1270998966795835
62742.3793 lsst_hardware_r -9.19643314921257 22.440000534057617 31.469999313354492 AB 8.543567659080848 1.1481746618842694
62751.3554 lsst_hardware_r 43.52738142647717 22.329999923706055 31.459999084472656 AB 2.6814566729705835 1.1495241524595243
62751.3656 lsst_hardware_i 7.924202134397525 31.100000381469727 31.229999542236328 AB 2.6994422730172407 1.1718024626033459
62755.3563 lsst_hardware_z 111.80898397300358 66.33000183105469 30.969999313354492 AB 3.6774796617228662 1.175664853491965
62755.3679 lsst_hardware_r -156.68086278452523 91.05999755859375 31.6200008392334 AB 3.696925962157096 1.2060437023131023
62764.3409 lsst_hardware_z 3.9580868756683842 62.619998931884766 31.690000534057617 AB 6.278821776051013 1.1992783451536162
62765.3415 lsst_hardware_g -9.325197403064585 19.040000915527344 31.479999542236328 AB 2.8070172465968115 1.2086188359943215
62765.353 lsst_hardware_r 33.85219838240071 26.280000686645508 31.489999771118164 AB 2.624732191624276 1.244243750472604
62767.305 lsst_hardware_r -13.030921911738925 22.309999465942383 31.469999313354492 AB 2.385146762367879 1.1366863045441462
62767.3171 lsst_hardware_i -14.235429369227797 31.079999923706055 31.229999542236328 AB 2.3608952502961547 1.1608581439686072
62772.3049 lsst_hardware_r -38.04744678492638 22.149999618530273 31.450000762939453 AB 4.400017618444117 1.1640771511382646
62772.3173 lsst_hardware_u -0.954298173507235 2.4700000286102295 28.239999771118164 AB 4.487806929606692 1.1945187462355442
