data/validation/pwv_sim_epoch_fit_seasonal/54195107.ecsv
# %ECSV 0.9
# ---
# datatype:
# - {name: time, datatype: float64}
# - {name: band, datatype: string}
# - {name: flux, datatype: float64}
# - {name: fluxerr, datatype: float64}
# - {name: zp, datatype: float64}
# - {name: zpsys, datatype: string}
# - {name: pwv, datatype: float64}
# - {name: airmass, datatype: float64}
# meta: {SNID: '54195107', alt: 1024.0, c: -0.033109504729509354, dec: -8.234748, lat: -30.244573, lon: -70.7499537, ra: 198.28125, t0: 60719.65234375,
#   x0: 3.2297455353702685e-06, x1: -0.5578325986862183, z: 0.7334632873535156}
# schema: astropy-2.0
time band flux fluxerr zp zpsys pwv airmass
60707.3678 lsst_hardware_r 688.9183282305277 36.575226175676256 31.540000915527344 AB 12.769629117200727 1.0815914439030516
60709.3641 lsst_hardware_r 805.0307036508498 37.66523314066213 31.530000686645508 AB 11.485977132795169 1.080660208191223
60709.3821 lsst_hardware_y 208.626480764171 64.69636217455701 30.049999237060547 AB 10.969723238267065 1.078193782121425
60711.3667 lsst_hardware_z 656.2646879793607 49.274215024445304 30.959999084472656 AB 7.413759529286428 1.0779730322481174
60711.3847 lsst_hardware_y 369.872554938271 70.83659788245514 30.049999237060547 AB 6.254607785045791 1.081239100791597
60713.3647 lsst_hardware_u -2.624930063785543 3.070492209585556 28.459999084472656 AB 5.164431583467328 1.07760700750492
60713.3827 lsst_hardware_y 230.60195473689097 61.03338124795387 30.040000915527344 AB 4.775280470043083 1.0833418213539463
60714.313 lsst_hardware_r 859.1805037769368 38.8747514416059 31.5 AB 9.239050886256459 1.128571536829715
60714.3322 lsst_hardware_y 327.44143852991766 50.5896250396159 30.030000686645508 AB 8.984608679464527 1.0964416889067072
60716.3691 lsst_hardware_z 1326.4684827531607 72.14111829374528 31.700000762939453 AB 3.6809967632031193 1.0802631733538093
60720.3387 lsst_hardware_i 1136.7648318044164 92.56450077704646 31.34000015258789 AB 2.6319958780315913 1.0787973677760563
60720.3572 lsst_hardware_z 726.6604032838478 78.98495555556667 30.989999771118164 AB 2.690395755315464 1.0798297231850316
60722.2941 lsst_hardware_i 1258.4755119109307 99.13044941483662 31.31999969482422 AB 5.727755101296853 1.122538971346762
60722.3107 lsst_hardware_z 694.081782636662 85.39561850685989 30.989999771118164 AB 5.499810915499007 1.0960165236147514
60729.3364 lsst_hardware_u -1.85539911676057 3.400750570082706 28.639999389648438 AB 10.659795700272214 1.081700280774477
60729.3538 lsst_hardware_g 73.38131333731698 19.536102862503384 31.510000228881836 AB 10.780180308846159 1.097852567266565
60731.312 lsst_hardware_g 48.9030123476477 16.957301632061384 31.450000762939453 AB 9.701845529021613 1.077982836557957
60731.3294 lsst_hardware_r 523.8759749880958 33.33747590814629 31.510000228881836 AB 9.727793768631834 1.080865974292426
60733.3066 lsst_hardware_i 778.6534747027962 42.02280868956383 31.25 AB 6.634914530606513 1.0779714915688892
60733.326 lsst_hardware_z 556.8251009876943 48.29140218945434 30.940000534057617 AB 6.631590877343399 1.0820021010512968
60736.3112 lsst_hardware_i 592.9510010158895 40.76253679156223 31.25 AB 3.673391130138833 1.0789546826989596
60736.3295 lsst_hardware_u -2.1690419361669315 2.829451815357773 28.450000762939453 AB 3.6954592129423034 1.0917161633507544
60740.3029 lsst_hardware_i 533.2379796312034 39.0355684747856 31.25 AB 7.724366887185843 1.0799534270794724
60740.3213 lsst_hardware_r 329.4365428331643 29.717943436065084 31.5 AB 7.849635384158091 1.0947887565074046
60742.3006 lsst_hardware_u -1.1632600172519814 2.6853236071452407 28.360000610351562 AB 10.33124130557941 1.0815222513037852
60742.3215 lsst_hardware_g 42.19992348437493 15.894429978942593 31.440000534057617 AB 10.600381993841978 1.1021972439658931
60749.1059 lsst_hardware_i 261.7613864623657 213.8108279709961 31.93000030517578 AB 17.257573420827534 1.9134332537182888
60749.1421 lsst_hardware_z 112.43003091049387 116.8782431425213 30.940000534057617 AB 14.687031377100562 1.4806594628727536
60751.2768 lsst_hardware_i 528.6590540850491 149.33797529551487 32.09000015258789 AB 8.547519786701907 1.0819645299622667
60751.3017 lsst_hardware_z 535.0589998432836 127.67916739330914 31.739999771118164 AB 9.043809696098837 1.109533762249888
60753.266 lsst_hardware_z 164.9049011360672 60.83346526373832 30.979999542236328 AB 6.104253029616336 1.0793798826387486
60753.285 lsst_hardware_r 83.63728610672752 73.02294784934354 31.639999389648438 AB 6.231978561226784 1.0938413107699714
60757.245 lsst_hardware_z 425.3718561330006 64.77586758954003 31.709999084472656 AB 6.999973289302723 1.0775820950281156
60759.2506 lsst_hardware_r 83.4780550900487 26.32372299028415 31.520000457763672 AB 6.992848723701875 1.079768187408126
60759.2678 lsst_hardware_i 91.41540917847995 34.83312810301582 31.260000228881836 AB 7.067941684780867 1.0929102534291877
60761.2392 lsst_hardware_z 176.9284932360276 44.40489066128952 30.950000762939453 AB 6.791355597808567 1.077992952033106
60761.2575 lsst_hardware_r 94.53366629365505 26.318397599306216 31.520000457763672 AB 7.514368609567697 1.0879877330455159
60763.243 lsst_hardware_u -3.0942522535880617 3.0879300281369155 28.530000686645508 AB 7.190668022139751 1.081371217064691
60763.2598 lsst_hardware_g 30.312576992609145 16.768927438101368 31.479999542236328 AB 8.70453173867263 1.0963576722303312
60766.2407 lsst_hardware_r 71.95118536620387 26.020926738374513 31.520000457763672 AB 4.589395372927818 1.0853055430225014
60766.2586 lsst_hardware_z 90.71936239332611 44.35469405821173 30.950000762939453 AB 5.095826515723835 1.1061051694647166
60768.2141 lsst_hardware_i 117.14719400598234 33.87830458703741 31.260000228881836 AB 7.735645568516818 1.0776130902718977
60768.2313 lsst_hardware_r 59.03605469731302 25.952140502575283 31.510000228881836 AB 7.764907834944204 1.0825188672722876
60770.2149 lsst_hardware_z 42.11412141135201 43.67578321316216 30.940000534057617 AB 7.592654873259861 1.078042719474636
60770.2325 lsst_hardware_g 71.08044611970816 17.231761963642924 31.459999084472656 AB 7.618991114447537 1.0875986554693067
60772.2135 lsst_hardware_r 55.31084581805173 38.94176197350468 31.59000015258789 AB 9.324741842666388 1.0791484435528658
60772.2317 lsst_hardware_i 99.703830258946 39.81822119748859 31.280000686645508 AB 9.363211384532487 1.0922381317623033
60774.2011 lsst_hardware_z 119.89452340782884 60.26066973513252 30.979999542236328 AB 8.614485336011153 1.0776525830819268
60774.2202 lsst_hardware_r 54.79208056516687 75.20324175234632 31.639999389648438 AB 8.079179532245444 1.0863979648918123
60777.1999 lsst_hardware_z 208.69889351061042 160.68336121718352 31.75 AB 7.014582573370067 1.079166549749241
60781.1401 lsst_hardware_r -38.79907141111992 83.45860842648645 31.639999389648438 AB 18.531745756664257 1.1096853746505544
60781.1566 lsst_hardware_y 104.75090871185205 55.04885558319569 30.040000915527344 AB 18.176979503861272 1.0884418864587588
60783.1867 lsst_hardware_g 136.8032642023121 53.18688808256573 31.700000762939453 AB 13.938407714862855 1.0804967220823918
60783.2041 lsst_hardware_r 53.55301944612691 53.18773334340807 31.6299991607666 AB 14.125791768720758 1.0950226177302913
60785.1838 lsst_hardware_i 62.5953463663031 38.10704471238096 31.270000457763672 AB 3.559321130924618 1.0818605261169052
60785.2048 lsst_hardware_z -39.41117225041224 46.15581004993914 30.950000762939453 AB 3.489996302494786 1.1032073028276954
60791.1548 lsst_hardware_z -53.07779287382593 43.25645947986436 30.950000762939453 AB 9.328235956442093 1.0776612703837907
60791.1729 lsst_hardware_r 48.817783741411404 25.69561240232876 31.520000457763672 AB 6.966918492631006 1.0856689337398653
60793.1572 lsst_hardware_u 0.9405915198502113 2.7881150326667745 28.389999389648438 AB 2.2639650969042386 1.0795351332293912
60793.1746 lsst_hardware_g 30.840333510711915 16.180397739367443 31.450000762939453 AB 2.4704117868877216 1.0924983026590256
60796.1504 lsst_hardware_r 66.84474806511955 25.34808803089084 31.5 AB 10.062952555922946 1.0801215645277673
60796.1692 lsst_hardware_z 9.63415518604871 43.24249210193239 30.940000534057617 AB 10.488983637194108 1.0957413044861957
60799.1431 lsst_hardware_r 33.39417586806246 27.93106118672736 31.540000915527344 AB 10.888127216155477 1.0805376044613808
60799.1614 lsst_hardware_y -45.839931711313824 48.35079203336757 30.030000686645508 AB 11.041880006753034 1.0962221199370938
60801.143 lsst_hardware_z 87.23494358746802 49.516149273574904 30.959999084472656 AB 3.847634424554517 1.0837134865544937
60801.1605 lsst_hardware_r 22.750490736835115 47.88312032526519 31.610000610351562 AB 3.923975128940301 1.1023176147033642
60803.1448 lsst_hardware_i 34.2868521199101 74.98579952007528 31.329999923706055 AB 10.653538986623118 1.0898761111634903
60803.1642 lsst_hardware_z 89.4090477542899 69.59408888438813 30.979999542236328 AB 10.893077581805606 1.1173533266802345
60805.1145 lsst_hardware_z 95.99396811094368 95.9401472194751 31.0 AB 7.960035188987686 1.0775734654106117
60805.134 lsst_hardware_r -32.88421153789878 138.1611293502695 31.649999618530273 AB 7.605439290741047 1.0851349086129949
60813.0789 lsst_hardware_g 6.1342352976155645 15.329999923706055 31.459999084472656 AB 9.094381132662155 1.0812913521713088
60813.0997 lsst_hardware_r 21.619316861956573 34.0 31.579999923706055 AB 9.087242798484965 1.0785618133983317
60822.0455 lsst_hardware_z -8.552285004121371 42.540000915527344 30.950000762939453 AB 6.301462679896329 1.0876623873934566
60822.0674 lsst_hardware_r -15.51975080353536 24.459999084472656 31.510000228881836 AB 6.239112394594432 1.077582416775321
60825.0491 lsst_hardware_u -2.3720943056243393 2.819999933242798 28.469999313354492 AB 11.713194286601817 1.0798556547065687
60825.0674 lsst_hardware_g -4.511026291315126 15.449999809265137 31.459999084472656 AB 11.715187069121276 1.0786968435266893
60827.0513 lsst_hardware_r -6.547648156618793 26.299999237060547 31.520000457763672 AB 7.912213181756731 1.0777624203264708
60827.0731 lsst_hardware_z -52.98946479033483 42.86000061035156 30.940000534057617 AB 8.019906901378322 1.0845039758456454
60831.0343 lsst_hardware_r -91.0835182972478 74.9800033569336 31.639999389648438 AB 10.94306258269769 1.0792329711066684
60831.0552 lsst_hardware_y 112.94691043255389 55.0099983215332 30.040000915527344 AB 10.2720302360085 1.0802902888802397
60843.0063 lsst_hardware_r -35.35018125349287 35.29999923706055 32.27000045776367 AB 6.487148443986863 1.077957534726963
60843.0353 lsst_hardware_i -84.58845350639584 45.779998779296875 32.0099983215332 AB 6.596262067487444 1.0896008701077924
60845.0003 lsst_hardware_z -37.39520554330019 42.65999984741211 30.950000762939453 AB 4.3176187835683475 1.0780571244865345
60845.0251 lsst_hardware_r -30.45812823423723 25.200000762939453 31.520000457763672 AB 4.311165030008078 1.0853889803645715
60847.9948 lsst_hardware_u 3.499334664428351 2.869999885559082 28.469999313354492 AB 5.5230902060001945 1.0776761377561355
60848.0144 lsst_hardware_g -3.398846533378355 16.09000015258789 31.469999313354492 AB 3.3528091283670416 1.0835319815901063
60849.9636 lsst_hardware_y -7.623573726918631 49.54999923706055 30.030000686645508 AB 5.224540656708186 1.0931907215431251
60849.9832 lsst_hardware_r -2.382914404004305 25.15999984741211 31.510000228881836 AB 5.020780806032252 1.0789643565973088
60852.9644 lsst_hardware_y 53.68743126475251 49.58000183105469 30.030000686645508 AB 8.268490953681358 1.084724193678681
60852.984 lsst_hardware_r 10.581368584790578 25.43000030517578 31.520000457763672 AB 8.268298922622307 1.0775835947637278
60858.9568 lsst_hardware_z -82.71638785801616 65.30000305175781 30.979999542236328 AB 7.847331233959768 1.0796355828520008
60858.9759 lsst_hardware_g 56.46807892765286 49.38999938964844 31.690000534057617 AB 7.877680182474218 1.0791342715718106
60861.9588 lsst_hardware_y -42.507256891701466 65.13999938964844 30.049999237060547 AB 7.025807473993635 1.0775778334346067
60861.9784 lsst_hardware_i -105.96926864517111 64.18000030517578 31.31999969482422 AB 7.102623527458652 1.0851707663352408
61071.3726 lsst_hardware_y 60.722959023414354 87.23999786376953 30.799999237060547 AB 12.53020860336598 1.0808115529067899
61074.3694 lsst_hardware_z 54.11556111332294 68.41000366210938 30.989999771118164 AB 11.460814999005953 1.0787664720449828
61076.3617 lsst_hardware_z 11.653550634388507 73.16000366210938 30.979999542236328 AB 7.4174809060529885 1.0795605927548315
61076.3798 lsst_hardware_y -163.87552497072895 66.02999877929688 30.049999237060547 AB 6.16429719837432 1.0788059500130067
61078.3703 lsst_hardware_i -149.13639155910303 71.33000183105469 31.31999969482422 AB 5.089893786904198 1.077853520441366
61080.3139 lsst_hardware_r 41.28489244576403 44.689998626708984 31.600000381469727 AB 6.1513571140511685 1.122510422272111
61080.3322 lsst_hardware_y 45.511854637102296 49.63999938964844 30.030000686645508 AB 5.9166479717420275 1.093953586344093
61082.3367 lsst_hardware_g 3.2490467289747724 21.549999237060547 31.56999969482422 AB 4.796141338849786 1.0844864531033998
61082.3534 lsst_hardware_r -19.59505077444966 28.389999389648438 31.540000915527344 AB 4.776302692287623 1.0776248389165017
61084.3387 lsst_hardware_i -9.998018374832085 32.119998931884766 31.25 AB 6.004883073446986 1.080047316786537
61084.3561 lsst_hardware_z -8.705053633543619 42.459999084472656 30.950000762939453 AB 6.0331840056705826 1.0782849493319728
61086.3387 lsst_hardware_r 89.89245250898641 24.610000610351562 31.510000228881836 AB 4.355683894971665 1.0782062986500915
61086.3566 lsst_hardware_g -9.950715285223524 15.550000190734863 31.459999084472656 AB 4.405453655694814 1.080430081102356
61088.333 lsst_hardware_r -31.159349514777357 24.520000457763672 31.510000228881836 AB 5.297319274369528 1.078261547858234
61088.351 lsst_hardware_i -3.4293106158355102 32.02000045776367 31.25 AB 4.4224653036572175 1.0803628444258502
61090.3359 lsst_hardware_z -11.691372296365467 42.47999954223633 30.959999084472656 AB 3.328581087068262 1.0776466489901293
61090.3534 lsst_hardware_i 17.649617882366268 32.119998931884766 31.260000228881836 AB 3.350475168471401 1.0853206106534434
61092.3364 lsst_hardware_u -0.5917904948757706 2.8299999237060547 28.469999313354492 AB 6.110119299587397 1.078890988744096
61092.3543 lsst_hardware_g 7.257405980723628 15.470000267028809 31.450000762939453 AB 6.248344651304655 1.0911756649298678
61094.3125 lsst_hardware_g -13.852883735291316 15.279999732971191 31.43000030517578 AB 11.983312429254248 1.0795776963292116
61094.3304 lsst_hardware_r -5.42238968318342 24.3799991607666 31.5 AB 11.864840487049657 1.078719927907036
61097.1831 lsst_hardware_r -8.88363770420225 36.81999969482422 31.469999313354492 AB 10.63011819944497 1.534647302045688
61099.3215 lsst_hardware_r -36.33478470174683 24.489999771118164 31.520000457763672 AB 5.66810338020354 1.0806164396746658
61099.3412 lsst_hardware_i -64.3706054166539 32.099998474121094 31.25 AB 5.20769502783312 1.098264359747587
61101.3123 lsst_hardware_z 34.84672622835147 64.33000183105469 30.979999542236328 AB 3.6624629474229256 1.0790462894444741
61101.3309 lsst_hardware_i 57.928091917178214 71.05999755859375 31.31999969482422 AB 3.703807416131686 1.0924342876632305
61103.3118 lsst_hardware_z -20.041820384139346 122.33999633789062 31.739999771118164 AB 7.833374368139221 1.0812484030697365
61107.2753 lsst_hardware_i 73.2403185158176 67.37000274658203 31.31999969482422 AB 10.695146276900966 1.0803178057475722
61107.2944 lsst_hardware_z -62.1601124741618 63.06999969482422 30.979999542236328 AB 10.505235773318319 1.078566301162045
61113.2777 lsst_hardware_z -42.508084931810735 42.45000076293945 30.950000762939453 AB 11.745409701959053 1.0784757433564287
61113.2961 lsst_hardware_i -13.013023375981577 32.38999938964844 31.25 AB 11.553083674369562 1.0902735501693543
61114.2764 lsst_hardware_u 1.8144909348678677 2.7699999809265137 28.420000076293945 AB 9.386480464550866 1.078905800523088
61114.2955 lsst_hardware_g 9.115220301740898 15.449999809265137 31.43000030517578 AB 9.06802651234962 1.092533314740918
61120.2675 lsst_hardware_g -7.449449576727717 15.550000190734863 31.450000762939453 AB 4.977253530052955 1.0824822814382242
61120.2872 lsst_hardware_r -2.834837928053165 24.670000076293945 31.5 AB 5.052215523504633 1.1028630263053119
61122.2385 lsst_hardware_r -13.58252148635865 24.809999465942383 31.510000228881836 AB 6.973304184685614 1.078707430533779
61122.2565 lsst_hardware_i 20.164236296645655 32.150001525878906 31.25 AB 6.622921234846474 1.079618752114512
61124.2452 lsst_hardware_i -5.803744543721996 31.979999542236328 31.239999771118164 AB 7.588118716296679 1.0779215696426376
