data/validation/pwv_sim_epoch_fit_seasonal/54263350.ecsv
# %ECSV 0.9
# ---
# datatype:
# - {name: time, datatype: float64}
# - {name: band, datatype: string}
# - {name: flux, datatype: float64}
# - {name: fluxerr, datatype: float64}
# - {name: zp, datatype: float64}
# - {name: zpsys, datatype: string}
# - {name: pwv, datatype: float64}
# - {name: airmass, datatype: float64}
# meta: {SNID: '54263350', alt: 1024.0, c: -0.16466756165027618, dec: 0.0, lat: -30.244573, lon: -70.7499537, ra: 33.925781, t0: 60301.5703125,
#   x0: 3.99906222928801e-05, x1: 0.3291075527667999, z: 0.2535867691040039}
# schema: astropy-2.0
time band flux fluxerr zp zpsys pwv airmass
60161.4232 lsst_hardware_r -141.73620366183812 83.43000030517578 31.6200008392334 AB 1.2749878110188853 1.1590798281989865
60175.3353 lsst_hardware_z -275.77811664855557 148.57000732421875 31.729999542236328 AB 2.8084802118012195 1.2109432841656655
60175.3601 lsst_hardware_i -35.40141930614556 87.5999984741211 31.31999969482422 AB 2.742471590373398 1.1699964122753403
60177.386 lsst_hardware_u -34.38534501482199 27.1299991607666 29.389999389648438 AB 1.2770464392540486 1.1609513084127714
60177.4053 lsst_hardware_g 52.48934662302712 87.98999786376953 31.670000076293945 AB 1.2960343722705185 1.1782130657004712
60180.3552 lsst_hardware_r 180.14785328917358 143.14999389648438 32.81999969482422 AB 3.731149194692341 1.1628649802952522
60180.3758 lsst_hardware_i 60.40426876570944 151.1300048828125 32.5099983215332 AB 4.412789090461561 1.1601662705242586
60182.3083 lsst_hardware_z 6.127504531470683 104.95999908447266 30.979999542236328 AB 3.3358514410280606 1.2310171994691164
60182.3255 lsst_hardware_u 34.347891221744824 26.920000076293945 29.3700008392334 AB 3.233969579960901 1.19180747372799
60184.3206 lsst_hardware_z 62.23117380303432 105.0 30.979999542236328 AB 3.633349028878829 1.1908064769363071
60184.3397 lsst_hardware_r 39.32853535539875 83.27999877929688 31.6200008392334 AB 3.50426957013971 1.1661462795806024
60187.3079 lsst_hardware_i 88.06943374207785 87.11000061035156 31.299999237060547 AB 7.137928261580472 1.1993494516643655
60187.3248 lsst_hardware_z -183.76098511979168 105.08999633789062 30.979999542236328 AB 6.962073272685563 1.1727572260903838
60196.2708 lsst_hardware_i 19.58637643124929 86.55000305175781 31.299999237060547 AB 5.284836278868828 1.2290316927601925
60196.2876 lsst_hardware_z 8.692152120629588 105.20999908447266 30.979999542236328 AB 5.12230994782252 1.1912348715866325
60199.2681 lsst_hardware_r -181.50596640236478 82.77999877929688 31.610000610351562 AB 4.381381346180337 1.214913026947131
60199.2875 lsst_hardware_g 76.29230179520401 87.87999725341797 31.670000076293945 AB 4.360355872474865 1.178474560128342
60206.2303 lsst_hardware_i 142.22496364527373 86.91999816894531 31.299999237060547 AB 7.489234504396252 1.2707258363887086
60206.2488 lsst_hardware_z 112.23219956616177 105.08000183105469 30.979999542236328 AB 7.246846434487854 1.2153700415620559
60209.2741 lsst_hardware_g 77.01996274226317 88.16000366210938 31.68000030517578 AB 1.8009113117948938 1.1641314232675462
60209.2956 lsst_hardware_r 85.2110282170339 83.38999938964844 31.6200008392334 AB 2.2374376300755356 1.1598449851357047
60211.2223 lsst_hardware_i -66.43757528866047 86.72000122070312 31.290000915527344 AB 4.779788590486432 1.2514719646934669
60211.2383 lsst_hardware_z -102.21721516798314 104.98999786376953 30.979999542236328 AB 4.693992047905958 1.2080274636456958
60221.1712 lsst_hardware_i -44.64960624409313 85.88999938964844 31.270000457763672 AB 3.0206380794400376 1.3488002140835176
60221.1925 lsst_hardware_z -151.64375881326967 104.52999877929688 30.969999313354492 AB 2.7722119058693773 1.2597145891559147
60223.2196 lsst_hardware_r -0.42981313960189105 83.2699966430664 31.6200008392334 AB 5.673797949310227 1.181877089844023
60223.239 lsst_hardware_u 18.867629355754705 27.18000030517578 29.399999618530273 AB 5.6195251106836785 1.1621794658797073
60227.2247 lsst_hardware_i 127.53819496658137 87.62000274658203 31.31999969482422 AB 3.0345896106842476 1.1643137015031004
60227.2458 lsst_hardware_z -296.10735777560035 105.37999725341797 30.989999771118164 AB 3.0265239819461076 1.159661785023187
60232.1647 lsst_hardware_r 125.0434486491359 82.5199966430664 31.600000381469727 AB 7.654853799041202 1.2523278198840413
60232.1849 lsst_hardware_i -11.299587959287559 87.26000213623047 31.309999465942383 AB 7.937625140790002 1.1996410792125947
60236.1861 lsst_hardware_i 70.316004223445 87.47000122070312 31.309999465942383 AB 3.0621678893841464 1.1790039038922968
60236.2046 lsst_hardware_z 80.10523153289714 105.33000183105469 30.989999771118164 AB 3.0047754954761556 1.1616025883738883
60238.1749 lsst_hardware_r 38.348539433026346 83.26000213623047 31.6200008392334 AB 3.034092111765884 1.1878215235937786
60238.1917 lsst_hardware_z -205.6891263873231 105.31999969482422 30.989999771118164 AB 2.9189079150333157 1.1666298621238202
60240.1713 lsst_hardware_y 134.00395724000478 110.81999969482422 30.030000686645508 AB 3.8623786052052282 1.1847787132531375
60240.1889 lsst_hardware_r -34.141229544721945 83.47000122070312 31.6200008392334 AB 3.7187411249746822 1.1645327113700932
60242.1671 lsst_hardware_i -25.40239263660626 87.55999755859375 31.31999969482422 AB 5.425290644903701 1.1828180399855457
60242.1839 lsst_hardware_z 131.6501302373289 105.44999694824219 30.989999771118164 AB 5.322738436532112 1.1642035075529553
60244.171 lsst_hardware_r -122.81894266597902 83.54000091552734 31.6299991607666 AB 2.8595622930549878 1.1707522182417989
60244.1872 lsst_hardware_z 94.41025768623888 105.41000366210938 30.989999771118164 AB 2.8812197755183977 1.1598335225168728
60246.1656 lsst_hardware_r 73.0558390354332 83.29000091552734 31.6200008392334 AB 3.338605575755295 1.1706874790796429
60246.183 lsst_hardware_i -87.47012767319198 87.5199966430664 31.309999465942383 AB 2.363635668072382 1.1594975070259415
60248.1427 lsst_hardware_i 26.376921844772905 87.2300033569336 31.309999465942383 AB 4.485810430528755 1.196694792724956
60248.1595 lsst_hardware_z -62.23530132564828 105.19999694824219 30.979999542236328 AB 4.287221320356981 1.1713719454525282
60260.1276 lsst_hardware_u 48.54423356916282 26.959999084472656 29.3799991607666 AB 4.972064921277846 1.170448427796103
60260.1454 lsst_hardware_g -97.31580572014758 88.33000183105469 31.68000030517578 AB 4.9512222394493755 1.1593558162933972
60264.1219 lsst_hardware_z -20.54758965958302 105.19999694824219 30.979999542236328 AB 6.754531879805064 1.1656463207210557
60264.1408 lsst_hardware_r -44.788261872925844 83.36000061035156 31.6200008392334 AB 6.7485295457792 1.158960351332488
60267.1032 lsst_hardware_r -130.57078161796423 83.18000030517578 31.6200008392334 AB 5.244344207321768 1.1766534007901654
60267.1229 lsst_hardware_z -10.343290490500838 105.23999786376953 30.989999771118164 AB 5.161703665424043 1.160324528588073
60269.1257 lsst_hardware_g 23.88950349158535 87.7300033569336 31.690000534057617 AB 3.337596558757625 1.1588876940133142
60269.1496 lsst_hardware_i -193.48559929497438 86.91999816894531 31.309999465942383 AB 3.374066988997814 1.1725688927881195
60271.1051 lsst_hardware_z -14.107174729267436 105.20999908447266 30.979999542236328 AB 7.9671218052616695 1.1639330613968837
60271.1248 lsst_hardware_r 115.5698969391334 83.2699966430664 31.6200008392334 AB 7.926522289901979 1.159441569502175
60273.1083 lsst_hardware_y 109.05753664908652 157.6300048828125 30.790000915527344 AB 5.93181202997935 1.159746230017051
60275.1035 lsst_hardware_r 9.414878092718988 83.30999755859375 31.6200008392334 AB 4.419311283947588 1.1595691478412353
60275.1231 lsst_hardware_i 122.1518320176982 87.43000030517578 31.309999465942383 AB 4.448943335916986 1.1635026703934896
60279.07 lsst_hardware_r 64.54842793041367 82.74478299415362 31.6200008392334 AB 9.774078533861132 1.1772215995496786
60279.0901 lsst_hardware_u 35.21617653940831 27.351639629147826 29.399999618530273 AB 10.304927257127927 1.1603341129521367
60281.0699 lsst_hardware_g 47.433791636323534 89.08837507520924 31.68000030517578 AB 7.765151236639378 1.1708239336837798
60281.0898 lsst_hardware_i 236.38689021419196 89.22460572901888 31.31999969482422 AB 7.588052917782096 1.159059175695378
60283.0732 lsst_hardware_z 513.3816087182967 107.40292415989232 30.989999771118164 AB 1.7264177106364642 1.1633542524504477
60283.0905 lsst_hardware_r 1125.4692025032707 90.11366986132033 31.6200008392334 AB 4.302939789222492 1.1591450965444041
60285.0679 lsst_hardware_u 124.48971001312155 29.19707711979301 29.389999389648438 AB 5.294533822156297 1.1632503179510336
60285.0876 lsst_hardware_g 2319.2882114488734 100.63426271191133 31.68000030517578 AB 6.5592353368973075 1.1596950737086895
60291.0384 lsst_hardware_z 2557.3789645303286 116.98501911099618 30.989999771118164 AB 12.503929612887644 1.1757062234444555
60291.0573 lsst_hardware_r 7054.612598343412 117.51068493065398 31.6299991607666 AB 13.285927948517383 1.1603430522722606
60292.04 lsst_hardware_y 828.0718469275433 59.42661171768386 30.010000228881836 AB 9.829003628394943 1.1706769447826855
60292.0597 lsst_hardware_z 2909.545575322529 68.31174362376201 30.940000534057617 AB 9.156606734930872 1.1590641436621356
60294.0391 lsst_hardware_y 992.4695562829643 63.138285362323394 30.010000228881836 AB 11.548461314013514 1.1663619260366598
60294.0577 lsst_hardware_u 281.5386138373376 17.110349207616594 28.420000076293945 AB 11.586939131243604 1.1588870609678492
60296.0389 lsst_hardware_y 1171.5718983392374 66.20783414088456 30.020000457763672 AB 4.092396594406363 1.1626126688654441
60296.0542 lsst_hardware_i 6382.215991300475 86.23928650608973 31.25 AB 4.721314384362288 1.1590313942216592
60527.3683 lsst_hardware_z 92.68030733205464 44.0099983215332 30.93000030517578 AB 3.1733245806961343 1.2186736316559545
60527.3893 lsst_hardware_y -78.94969911592274 48.72999954223633 30.0 AB 3.399198637174781 1.1784019542423048
60531.4152 lsst_hardware_i -36.430400697481055 32.810001373291016 31.25 AB 6.034048857629831 1.1603940110826596
60535.3549 lsst_hardware_u 0.1338566400165964 2.819999933242798 28.43000030517578 AB 4.198693248969073 1.1996266425625923
60535.3741 lsst_hardware_g 33.34490641946427 15.4399995803833 31.440000534057617 AB 4.096452949105713 1.170415128315918
60537.3501 lsst_hardware_r -96.1198755465967 34.95000076293945 32.2400016784668 AB 6.5043994836617856 1.1983049896208153
60537.3689 lsst_hardware_i -32.197220418977615 46.0099983215332 31.989999771118164 AB 6.309432289078857 1.1701469378856346
60539.3527 lsst_hardware_z 22.67690125722188 51.810001373291016 30.959999084472656 AB 4.852441403152782 1.184027671116728
60543.3609 lsst_hardware_i -36.07998323907438 78.8499984741211 31.309999465942383 AB 2.1970132924680184 1.1632102144109173
60543.3802 lsst_hardware_z -66.23524254292673 69.76000213623047 30.969999313354492 AB 1.4414035897859614 1.1596944738472368
60546.3603 lsst_hardware_r 14.129068357666767 78.80999755859375 31.6200008392334 AB 2.225895925856823 1.1597738313699744
60546.3788 lsst_hardware_z 15.933156548134363 64.87000274658203 30.969999313354492 AB 2.508786318203964 1.1625515839684726
60549.3132 lsst_hardware_g 14.625655879710148 20.719999313354492 31.510000228881836 AB 3.7095063999475415 1.2069977440176383
60549.3297 lsst_hardware_r -9.04132998029449 29.959999084472656 31.530000686645508 AB 3.6428885121985104 1.1777848406719258
60553.3107 lsst_hardware_i -27.232753957641428 32.380001068115234 31.229999542236328 AB 1.8544903669101513 1.1903019043069007
60553.3271 lsst_hardware_z -81.88226809905012 43.290000915527344 30.93000030517578 AB 1.826351508973674 1.1683041797368776
60555.2814 lsst_hardware_i -50.162028996059554 32.65999984741211 31.219999313354492 AB 1.6325618111185298 1.2481359412221176
60555.3022 lsst_hardware_z 25.571698841037108 43.56999969482422 30.93000030517578 AB 1.9044527467945556 1.1958886950041974
60557.2776 lsst_hardware_r 29.347889093251865 24.290000915527344 31.469999313354492 AB 2.906141683596534 1.2430032863971487
60557.2961 lsst_hardware_u -3.966958800098355 2.680000066757202 28.34000015258789 AB 2.2598776792790947 1.1971276277468388
60559.2608 lsst_hardware_g -5.129926910076595 14.819999694824219 31.3799991607666 AB 2.4571602575655733 1.2817737389491777
60559.2794 lsst_hardware_i 39.458477141378985 32.459999084472656 31.229999542236328 AB 2.347384460307964 1.2225960730770646
60566.2398 lsst_hardware_y -10.665218415896414 51.20000076293945 29.959999084472656 AB 1.5733703510663066 1.2891195010786072
60566.2569 lsst_hardware_g -39.32644938483711 40.709999084472656 31.6200008392334 AB 2.5570477265920055 1.2317185580886345
60571.264 lsst_hardware_i -73.50661645677546 97.01000213623047 31.309999465942383 AB 6.582352575873145 1.1861697663420308
60571.2853 lsst_hardware_z 67.09753440284724 82.2699966430664 30.979999542236328 AB 6.4172511510837325 1.162703474400343
60574.1964 lsst_hardware_z -80.40173667611533 78.83999633789062 30.959999084472656 AB 3.1838418519751723 1.3939762924584815
60574.2187 lsst_hardware_i 19.616150980626124 82.63999938964844 31.299999237060547 AB 2.5933150494513444 1.2862070921017463
60578.246 lsst_hardware_u -2.0532915612713856 2.690000057220459 28.34000015258789 AB 3.6076539686796116 1.1843906660143178
60578.2641 lsst_hardware_g -17.734733281974098 16.31999969482422 31.440000534057617 AB 3.7082413640174603 1.164039352521961
60580.2247 lsst_hardware_g 12.566329279725498 14.869999885559082 31.399999618530273 AB 4.601494988988765 1.2159863437098697
60580.2438 lsst_hardware_r 11.608251151323353 24.18000030517578 31.489999771118164 AB 4.429146995594738 1.1795331546191046
60582.2193 lsst_hardware_i -32.34164894471227 32.540000915527344 31.229999542236328 AB 4.569429598331525 1.2158397121882591
60582.2393 lsst_hardware_z -56.40753168232479 43.439998626708984 30.940000534057617 AB 4.431522552238451 1.1782047330643937
60586.2137 lsst_hardware_g -6.529642646159302 14.960000038146973 31.40999984741211 AB 3.153830233351789 1.2037137114030394
60586.2312 lsst_hardware_i -0.4337380414421822 32.220001220703125 31.239999771118164 AB 3.077856142330732 1.1745674577188818
60588.2155 lsst_hardware_z -9.72853945353291 43.77000045776367 30.940000534057617 AB 5.649418022988002 1.1896851094314933
60588.2339 lsst_hardware_r 21.124956485688156 24.25 31.479999542236328 AB 5.742529479638382 1.1662326319332548
60590.2077 lsst_hardware_u -5.324770176435721 2.7200000286102295 28.3700008392334 AB 4.919848942227015 1.1938966088319312
60590.2251 lsst_hardware_g -3.824654678148176 15.109999656677246 31.43000030517578 AB 3.8351560500735657 1.1692548933154805
60592.2074 lsst_hardware_r -11.429175395209949 24.739999771118164 31.489999771118164 AB 4.094921493957578 1.1849874102319096
60592.2253 lsst_hardware_i 17.798044497011443 32.650001525878906 31.239999771118164 AB 3.0886890687668798 1.1644445122589557
60594.2112 lsst_hardware_z -1.2750374686592463 45.27000045776367 30.950000762939453 AB 6.448222751559778 1.1724041366472324
60594.2283 lsst_hardware_r 32.57848514068769 30.510000228881836 31.540000915527344 AB 6.380365181052431 1.1600663965549876
60596.2092 lsst_hardware_z -70.99883175019671 50.0 30.950000762939453 AB 7.36335585733167 1.1687866440209
60596.2267 lsst_hardware_r 16.87215887878035 49.529998779296875 31.59000015258789 AB 7.302788534835619 1.1591727833072412
60599.1771 lsst_hardware_z 11.85730398715097 82.36000061035156 30.979999542236328 AB 7.88641309172156 1.2061040859065664
60599.1946 lsst_hardware_i 121.65461562088197 94.7300033569336 31.31999969482422 AB 7.687264833732201 1.1759471987352466
60601.1771 lsst_hardware_z 52.72714031938992 102.80999755859375 30.979999542236328 AB 3.0922600878710256 1.1949609073021061
60601.1956 lsst_hardware_r 79.5477585300851 148.4199981689453 31.6299991607666 AB 3.0101782201108804 1.1687364882172506
60603.1816 lsst_hardware_y 38.98868585843796 79.12999725341797 30.770000457763672 AB 3.029265776846597 1.1787026369054803
60605.1688 lsst_hardware_r 18.808384681989637 24.729999542236328 31.5 AB 3.884756407853968 1.1901827229946265
60605.1857 lsst_hardware_i -1.4106654481802359 39.0099983215332 31.270000457763672 AB 3.7882829441326837 1.1677814254416412
60613.1363 lsst_hardware_z -13.484460777544534 44.220001220703125 30.950000762939453 AB 4.537473824679702 1.2119321112924546
60613.1528 lsst_hardware_r -50.48355620795687 24.93000030517578 31.510000228881836 AB 4.305860715561754 1.1808201605818605
60615.1536 lsst_hardware_u -0.9529726999152536 2.75 28.389999389648438 AB 4.573534421754454 1.1727011337831934
60615.1729 lsst_hardware_g -6.379721956545502 15.279999732971191 31.440000534057617 AB 4.118069487204516 1.1595296317624992
60617.1557 lsst_hardware_r 19.087054024902603 24.65999984741211 31.5 AB 5.943768737821446 1.1654448505532249
60617.1735 lsst_hardware_i 35.55763358744551 32.4900016784668 31.239999771118164 AB 5.3892319171039915 1.1589746058288155
60620.1654 lsst_hardware_z -54.02547218810446 43.36000061035156 30.940000534057617 AB 5.209609588729564 1.1589787739109152
60620.1838 lsst_hardware_r 17.05499236858838 24.549999237060547 31.489999771118164 AB 6.317767530637629 1.1677943679551994
60622.1258 lsst_hardware_r 15.727695499665312 28.209999084472656 31.520000457763672 AB 7.910642032619782 1.18449382834765
60622.1441 lsst_hardware_z 15.644241518996552 44.400001525878906 30.940000534057617 AB 7.746057427736616 1.1639455188184247
60624.1248 lsst_hardware_g -5.920074427059736 37.529998779296875 31.6299991607666 AB 2.3628053024579354 1.1779669143956186
60624.1432 lsst_hardware_i -39.88888018699026 40.40999984741211 31.270000457763672 AB 3.2300231679490885 1.1613218484955974
60626.126 lsst_hardware_z -134.30404869498707 60.560001373291016 30.959999084472656 AB 5.850315679326593 1.1700631358653186
60626.1439 lsst_hardware_r -83.94989222931625 74.05000305175781 31.6200008392334 AB 5.796567191332135 1.159313438266427
60629.1309 lsst_hardware_y -220.7883664776019 98.77999877929688 30.770000457763672 AB 6.859424342808341 1.1607289306028357
60631.1018 lsst_hardware_g 108.89174095854173 98.69999694824219 31.670000076293945 AB 6.536899578122407 1.183595547905981
60631.122 lsst_hardware_r 21.45061691240308 98.01000213623047 31.6299991607666 AB 6.373824213259359 1.1623995525699864
60640.1062 lsst_hardware_g 5.037091183128443 14.960000038146973 31.420000076293945 AB 4.428703294371907 1.1592199701704509
60640.1268 lsst_hardware_i 11.647701222573016 32.279998779296875 31.239999771118164 AB 4.196689287082148 1.1657470241894856
60642.0604 lsst_hardware_r -40.09850947700097 24.239999771118164 31.489999771118164 AB 6.5010224597319946 1.2045622493481554
60642.0789 lsst_hardware_z 19.174334829649492 43.20000076293945 30.940000534057617 AB 6.261244931361246 1.17383669504349
60644.0694 lsst_hardware_r 12.269524853106297 24.360000610351562 31.479999542236328 AB 9.800230018762772 1.1790459599088992
60644.0888 lsst_hardware_u -1.4942556588642266 2.75 28.399999618530273 AB 10.322855417275724 1.1612196277260929
60646.071 lsst_hardware_g -29.786329019124885 15.079999923706055 31.43000030517578 AB 7.762551095449165 1.1704619001046606
60646.0901 lsst_hardware_r 42.18254390224641 24.43000030517578 31.5 AB 7.589518993023579 1.1591747106107955
60648.0692 lsst_hardware_i -51.78597968187043 32.22999954223633 31.239999771118164 AB 1.812298218146314 1.1669660129720474
60648.0885 lsst_hardware_z -1.144330601959479 43.279998779296875 30.940000534057617 AB 4.315556356395308 1.1589534570930662
60650.0701 lsst_hardware_r -18.792550062147022 25.09000015258789 31.510000228881836 AB 5.316850936043073 1.1624072881595955
60650.0894 lsst_hardware_u -2.3864459227480945 3.0399999618530273 28.479999542236328 AB 6.675917448221084 1.160087601057714
60654.0727 lsst_hardware_z -40.97853939252275 54.34000015258789 30.969999313354492 AB 11.556559986276884 1.1589784033839599
60654.0913 lsst_hardware_r 27.446656506458872 59.2599983215332 31.6200008392334 AB 12.442152940165139 1.1680944709902552
60656.048 lsst_hardware_y -78.80769884419965 87.5 30.770000457763672 AB 13.144332440967831 1.1664151602596844
60660.0383 lsst_hardware_y -56.337018623842205 61.33000183105469 30.020000457763672 AB 11.779168764925537 1.1654273797396768
60660.0585 lsst_hardware_z -91.47402276633144 58.279998779296875 30.959999084472656 AB 12.648766126498312 1.1592142351187456
60663.0394 lsst_hardware_y 10.508649363167464 59.04999923706055 30.030000686645508 AB 5.402757233410664 1.1602198783272724
60663.0624 lsst_hardware_i 10.66386112998422 32.2400016784668 31.25 AB 6.205473588375151 1.1645270632656737
60665.0405 lsst_hardware_y -127.97043452307543 59.130001068115234 30.020000457763672 AB 5.2364575680503735 1.1589570227521748
60665.0617 lsst_hardware_r 31.348864125393437 24.670000076293945 31.489999771118164 AB 6.306008267707812 1.1685006055049343
