data/validation/pwv_sim_epoch_fit_seasonal/54281961.ecsv
# %ECSV 0.9
# ---
# datatype:
# - {name: time, datatype: float64}
# - {name: band, datatype: string}
# - {name: flux, datatype: float64}
# - {name: fluxerr, datatype: float64}
# - {name: zp, datatype: float64}
# - {name: zpsys, datatype: string}
# - {name: pwv, datatype: float64}
# - {name: airmass, datatype: float64}
# meta: {SNID: '54281961', alt: 1024.0, c: -0.052580542862415314, dec: -25.282602, lat: -30.244573, lon: -70.7499537, ra: 179.121094,
#   t0: 59972.05859375, x0: 7.547226268714573e-06, x1: -2.252607822418213, z: 0.5175038576126099}
# schema: astropy-2.0
time band flux fluxerr zp zpsys pwv airmass
[from data line 132]
60363.1698 lsst_hardware_r -69.4794497658235 94.88999938964844 31.6200008392334 AB 13.120975543601302 1.185630320204937
60363.1864 lsst_hardware_z 20.327475948647823 66.08999633789062 30.979999542236328 AB 12.514614340482286 1.1255499167000498
60369.0963 lsst_hardware_r 49.724960544978074 68.61000061035156 31.510000228881836 AB 6.392359337999486 1.5629240435205678
60369.1171 lsst_hardware_y -19.077059252898955 57.56999969482422 29.940000534057617 AB 5.706782742369306 1.3853936377664153
60372.0929 lsst_hardware_g -18.400663640645657 14.199999809265137 31.260000228881836 AB 6.875352395233258 1.5165103437761762
60372.1138 lsst_hardware_r 33.634599543001045 24.18000030517578 31.440000534057617 AB 6.109953222166334 1.3515602172613768
60375.1032 lsst_hardware_i 30.48172275415822 33.349998474121094 31.200000762939453 AB 9.927315272689968 1.3679012409548919
60375.1212 lsst_hardware_z -28.701640428259772 44.34000015258789 30.920000076293945 AB 9.166510960694202 1.2593091029941204
60379.0883 lsst_hardware_u 4.081606919404548 2.5399999618530273 28.18000030517578 AB 10.591685048939112 1.3962760973246622
60379.1123 lsst_hardware_g 8.262859705965829 14.329999923706055 31.360000610351562 AB 9.385765184737998 1.2488820879186722
60382.0881 lsst_hardware_r 30.613904929303732 24.0 31.440000534057617 AB 17.26861959144574 1.3410176545027417
60382.115 lsst_hardware_u 4.293606465926769 2.5399999618530273 28.239999771118164 AB 15.682011037938386 1.197923079821128
60386.0836 lsst_hardware_r 52.92452944630839 30.790000915527344 31.510000228881836 AB 10.650357775485459 1.301323612485586
60386.1007 lsst_hardware_i 5.348244531097723 34.7400016784668 31.239999771118164 AB 9.799690025885203 1.2128329239956934
60390.0817 lsst_hardware_z 58.27841685307289 78.19999694824219 31.700000762939453 AB 4.913818196713635 1.2517687419981238
60390.0995 lsst_hardware_r -65.56408054987554 88.19999694824219 32.369998931884766 AB 6.105037366549618 1.1719421614824987
60396.0903 lsst_hardware_y -0.989164617278664 62.939998626708984 30.030000686645508 AB 9.336855213885359 1.1454624344840647
60396.1149 lsst_hardware_g -86.31338812072885 117.76000213623047 31.719999313354492 AB 8.731336233546658 1.0750891132853118
60398.0711 lsst_hardware_i 8.090090218911396 60.83000183105469 31.290000915527344 AB 5.886921043667632 1.1988435075181003
60398.0884 lsst_hardware_z 91.47457068286324 59.720001220703125 30.959999084472656 AB 6.784972863498643 1.1334104677596903
60402.0642 lsst_hardware_r -10.395258259369713 24.059999465942383 31.469999313354492 AB 7.359853603005761 1.1820209753482311
60402.0813 lsst_hardware_i -56.4262769412469 31.790000915527344 31.239999771118164 AB 6.81815828089366 1.1212232002785165
60404.0674 lsst_hardware_z 4.22478796528911 42.93000030517578 30.93000030517578 AB 8.97512986561806 1.1491721000353894
60404.0848 lsst_hardware_i -33.74672727407686 31.3700008392334 31.239999771118164 AB 7.689688579488181 1.0955012697532949
60426.9636 lsst_hardware_y 29.376197137544334 76.97000122070312 29.959999084472656 AB 1.3601836116873376 1.3517352662733388
60426.982 lsst_hardware_i 0.07681348233608637 32.54999923706055 31.219999313354492 AB 1.3284562099679293 1.2450386222756538
60430.9623 lsst_hardware_y 246.8852255086481 70.75 29.969999313354492 AB 11.927829931844148 1.2921959336823792
60430.9807 lsst_hardware_g -11.47166904948699 14.609999656677246 31.3799991607666 AB 11.149865710189019 1.2001147076121934
60433.9611 lsst_hardware_z -53.61969207624297 64.05000305175781 30.959999084472656 AB 13.032596340710654 1.2541291255765832
60433.9794 lsst_hardware_i -44.49948317414094 31.639999389648438 31.239999771118164 AB 12.168966179817271 1.1717829735019039
60436.9607 lsst_hardware_y 39.69809913848626 65.87999725341797 30.0 AB 11.936082599252824 1.2162301405393137
60436.98 lsst_hardware_r 4.9941505021687735 23.34000015258789 31.479999542236328 AB 11.170343589710873 1.1397922100994053
60441.9812 lsst_hardware_r 9.248454082155051 33.18000030517578 32.2400016784668 AB 8.496895692887993 1.0950783837896672
60441.9889 lsst_hardware_i 0.8592990153655028 43.849998474121094 32.0 AB 8.335433573695408 1.0760026127834148
60445.9584 lsst_hardware_y -68.76708279387587 58.470001220703125 30.030000686645508 AB 11.823410108937807 1.1299400414705656
60445.9773 lsst_hardware_z 8.697937538362709 45.970001220703125 30.950000762939453 AB 11.273073354106774 1.0775771499408886
60454.9599 lsst_hardware_y -102.23089005441125 75.66999816894531 30.799999237060547 AB 6.13680447746385 1.061883975912995
60454.9815 lsst_hardware_g 83.27671993986458 84.69000244140625 32.47999954223633 AB 5.919628119378926 1.0267328279210879
60456.9608 lsst_hardware_y 99.03206160537779 49.63999938964844 30.049999237060547 AB 6.731537934019535 1.04971157990244
60456.9855 lsst_hardware_i -16.394676324747756 30.329999923706055 31.260000228881836 AB 6.523595453273352 1.0165718108649646
60458.9611 lsst_hardware_y -34.39337831833651 49.11000061035156 30.049999237060547 AB 9.967107970295192 1.0400279616315036
60458.9836 lsst_hardware_g 29.313781437679822 14.020000457763672 31.43000030517578 AB 9.719173019140753 1.0135223962814608
