data/validation/pwv_sim_epoch_fit_seasonal/54547136.ecsv
# %ECSV 0.9
# ---
# datatype:
# - {name: time, datatype: float64}
# - {name: band, datatype: string}
# - {name: flux, datatype: float64}
# - {name: fluxerr, datatype: float64}
# - {name: zp, datatype: float64}
# - {name: zpsys, datatype: string}
# - {name: pwv, datatype: float64}
# - {name: airmass, datatype: float64}
# meta: {SNID: '54547136', alt: 1024.0, c: -0.05580151081085205, dec: -0.895283, lat: -30.244573, lon: -70.7499537, ra: 112.324219, t0: 61866.75,
#   x0: 5.326503534627448e-06, x1: 0.7806943655014038, z: 0.5973474383354187}
# schema: astropy-2.0
time band flux fluxerr zp zpsys pwv airmass
[from data line 131]
62132.2478 lsst_hardware_r -1.772742778991185 35.0099983215332 31.56999969482422 AB 6.843807395597981 1.14724717115563
62134.2202 lsst_hardware_z -120.50044872820774 120.4000015258789 32.47999954223633 AB 10.365869826650819 1.152777331169175
62136.2064 lsst_hardware_z -36.2603421158269 88.06999969482422 30.979999542236328 AB 8.072692999448641 1.1606930921826537
62136.2288 lsst_hardware_r -86.26716338392978 130.55999755859375 31.6299991607666 AB 8.01459311517201 1.1466926275183764
62138.2115 lsst_hardware_i 62.99158734260028 103.08999633789062 31.31999969482422 AB 6.2848587539996394 1.1512135951886011
62138.232 lsst_hardware_z -99.43845736631549 89.27999877929688 30.979999542236328 AB 6.220421505473535 1.1473969820720982
62140.2099 lsst_hardware_i -77.26079018381313 63.2400016784668 31.309999465942383 AB 2.999467899741466 1.1490379823430987
62140.2315 lsst_hardware_z -30.082085836806964 60.150001525878906 30.969999313354492 AB 3.008078023817484 1.1493277385872513
62144.2079 lsst_hardware_i 13.90989783206913 33.209999084472656 31.25 AB 7.790011237697313 1.1466015951865343
62144.2295 lsst_hardware_r 27.189144162757017 27.649999618530273 31.520000457763672 AB 9.324820418239723 1.1556351986912532
62146.2042 lsst_hardware_u -1.8458298066576344 2.690000057220459 28.3700008392334 AB 8.826099907161977 1.1465445449677827
62146.2255 lsst_hardware_g 12.117889712226548 14.600000381469727 31.399999618530273 AB 8.391571258707623 1.1570192352842197
62148.1592 lsst_hardware_g -1.6138003616047283 14.579999923706055 31.40999984741211 AB 8.160677102489576 1.1823641122123407
62148.1782 lsst_hardware_r 10.376219938505182 23.690000534057617 31.479999542236328 AB 7.249341821144041 1.1559490519523825
62150.1596 lsst_hardware_i 12.133523633654129 31.889999389648438 31.239999771118164 AB 8.617129335198133 1.1723055088867957
62150.1803 lsst_hardware_z 51.07269828474124 42.779998779296875 30.940000534057617 AB 9.14808161533146 1.1502439215404505
62154.1581 lsst_hardware_g -4.835294979992425 14.640000343322754 31.40999984741211 AB 5.241695212474505 1.1597312268321267
62154.1774 lsst_hardware_r -10.776052789605524 23.889999389648438 31.489999771118164 AB 7.136402397974892 1.1470549542674422
62156.1594 lsst_hardware_i -2.5054097456845 32.279998779296875 31.239999771118164 AB 8.456226490768778 1.1533314908304388
62156.1784 lsst_hardware_r 30.165393841700446 24.1200008392334 31.489999771118164 AB 10.29726014387639 1.1466030892891763
62160.1523 lsst_hardware_r 19.696352992301026 35.040000915527344 31.559999465942383 AB 16.244941207351385 1.1506545691564942
62160.173 lsst_hardware_i -23.775543976756705 36.61000061035156 31.260000228881836 AB 13.132645374047481 1.1477077014679904
62162.1434 lsst_hardware_z -80.70627094626256 54.90999984741211 30.969999313354492 AB 15.216829141806855 1.1530303011465914
62162.1616 lsst_hardware_r -12.965929368118317 62.0 31.6200008392334 AB 14.986272390649324 1.146572234470703
62163.1463 lsst_hardware_z 67.86574096019743 90.05999755859375 31.729999542236328 AB 12.643642175674728 1.1494220159704298
62165.1421 lsst_hardware_r -190.1020295165466 133.25 31.639999389648438 AB 11.47290168114897 1.1488123444713214
62165.1606 lsst_hardware_z 98.30565182942978 92.01000213623047 30.989999771118164 AB 11.454212522732876 1.1481481040203358
62167.1378 lsst_hardware_r 43.02210494250703 120.83999633789062 31.639999389648438 AB 10.419525076235162 1.1483152033321573
62167.1549 lsst_hardware_y 95.34602380883491 63.15999984741211 30.030000686645508 AB 10.435747364294437 1.1480575396871375
62169.1079 lsst_hardware_z -3.7224962900187286 55.22999954223633 30.969999313354492 AB 7.104394978768831 1.1720200679849597
62169.125 lsst_hardware_g -68.36632887966785 65.04000091552734 31.68000030517578 AB 8.297930814801285 1.152490390944623
62171.1059 lsst_hardware_r 29.630477683028825 31.3799991607666 31.559999465942383 AB 12.227147841388124 1.1669259970943913
62171.1256 lsst_hardware_i -22.909223843633107 37.90999984741211 31.280000686645508 AB 11.74799749959327 1.1488641419546997
62175.1099 lsst_hardware_u 0.012980792215535636 2.75 28.440000534057617 AB 9.805220191225748 1.1515795673570541
62175.1286 lsst_hardware_g 5.041337101046605 14.399999618530273 31.420000076293945 AB 9.966220738668685 1.1468498467028796
62177.1007 lsst_hardware_r 18.60189399735327 23.850000381469727 31.489999771118164 AB 4.002052851543958 1.154438322560757
62177.1204 lsst_hardware_z 4.238229710628246 43.13999938964844 30.940000534057617 AB 3.9909631791237525 1.146553941811947
62179.0948 lsst_hardware_r 35.48073285603324 23.549999237060547 31.489999771118164 AB 5.220731711243234 1.1548162310584078
62179.111 lsst_hardware_u 0.9960605975013532 2.7100000381469727 28.399999618530273 AB 5.174582615700653 1.1467219092965435
62183.096 lsst_hardware_i -44.217588625303335 31.65999984741211 31.229999542236328 AB 3.5840582748534877 1.1476331331583374
62183.1135 lsst_hardware_z -4.711724549165011 43.0099983215332 30.940000534057617 AB 3.5891560497482073 1.1490201845314931
62185.0916 lsst_hardware_r -12.62791389462716 23.56999969482422 31.489999771118164 AB 6.368789744652422 1.1473229588637204
62185.1082 lsst_hardware_u -2.320752991735726 2.680000066757202 28.3700008392334 AB 6.333821090045061 1.1490967144493942
62189.0544 lsst_hardware_r 16.78971144842934 37.779998779296875 31.579999923706055 AB 6.255334555370358 1.170315164709141
62189.0728 lsst_hardware_z -18.626096100451505 46.18000030517578 30.950000762939453 AB 6.378245473396243 1.150840448084486
62191.0561 lsst_hardware_r -4.66528320278544 67.0999984741211 31.6200008392334 AB 9.173255477043993 1.160816477285724
62191.0728 lsst_hardware_y -14.494548081429743 53.43000030517578 30.020000457763672 AB 9.10089634716333 1.1481004190990607
62193.0546 lsst_hardware_z -14.604128722777142 74.27999877929688 30.979999542236328 AB 7.456755410980644 1.156624074915546
62193.0721 lsst_hardware_r -103.157422492563 102.0199966430664 31.6299991607666 AB 7.392000050635172 1.1468169908416774
62195.0547 lsst_hardware_i 8.786404834824374 88.8499984741211 31.31999969482422 AB 6.430943441880157 1.1519827034268084
62195.0734 lsst_hardware_z -108.68080517600318 76.87000274658203 30.979999542236328 AB 6.294239275947856 1.146752771750919
62198.0489 lsst_hardware_g -15.092964288867103 47.59000015258789 31.649999618530273 AB 7.216243005806564 1.1504266668838181
62198.0675 lsst_hardware_i -9.829333731284544 50.880001068115234 31.290000915527344 AB 7.22696765093033 1.1471984206990313
62203.0445 lsst_hardware_u 4.094258208502528 2.7100000381469727 28.389999389648438 AB 10.807287056802446 1.1468645620943838
62203.0625 lsst_hardware_g 8.788872962501243 14.329999923706055 31.399999618530273 AB 10.589462664848488 1.1510285505270097
62205.0402 lsst_hardware_r -9.974640870240917 23.290000915527344 31.479999542236328 AB 11.832134151984382 1.1466912973769872
62205.0598 lsst_hardware_i 7.889444311644801 31.510000228881836 31.229999542236328 AB 11.6692293711165 1.1529719761996169
62207.0097 lsst_hardware_y 77.52986014202376 50.970001220703125 30.010000228881836 AB 8.520356019208041 1.164115589553664
62207.0295 lsst_hardware_z 41.64345977061038 42.7400016784668 30.940000534057617 AB 8.512082305428724 1.1479544579135363
62210.0073 lsst_hardware_y 8.645896335318612 50.779998779296875 30.020000457763672 AB 10.968416049448976 1.1574892170463909
62210.0266 lsst_hardware_i 63.20898070187747 31.3799991607666 31.239999771118164 AB 10.84644388729636 1.146684815078795
62212.0055 lsst_hardware_y -57.54775659873033 50.810001373291016 30.020000457763672 AB 9.125728532804107 1.1541206976197427
62212.0246 lsst_hardware_r 14.663259680405407 23.520000457763672 31.489999771118164 AB 9.072458593095122 1.1465378665382742
62214.9989 lsst_hardware_y 103.42026856289039 54.79999923706055 30.020000457763672 AB 5.586715675231269 1.1528509441253687
62215.0188 lsst_hardware_g -11.280954046366851 15.119999885559082 31.440000534057617 AB 5.536515962772121 1.1467514421648966
62218.9954 lsst_hardware_y -24.840384394544877 57.779998779296875 30.030000686645508 AB 6.394314535873028 1.1484729454360838
62219.0151 lsst_hardware_r -93.60503915977857 51.70000076293945 31.610000610351562 AB 5.3840564824557005 1.1489663855006145
62220.9937 lsst_hardware_y -24.479493479587987 60.70000076293945 30.030000686645508 AB 9.428183454660909 1.1472135617109196
62221.0123 lsst_hardware_r 104.95863079697335 80.0199966430664 31.6299991607666 AB 8.530453974692938 1.1503803795774148
62222.9908 lsst_hardware_y 118.79944729322678 63.15999984741211 30.030000686645508 AB 7.120190397305714 1.146722383138754
62223.0079 lsst_hardware_z 50.132139614338726 64.69000244140625 30.979999542236328 AB 8.016573902304915 1.1510348285112828
62224.9902 lsst_hardware_y -65.31813582559798 62.66999816894531 30.030000686645508 AB 7.661030878425279 1.1466034391117592
62225.0088 lsst_hardware_z -5.963073082864167 61.470001220703125 30.969999313354492 AB 6.843801096247607 1.156047482474258
