data/validation/pwv_sim_epoch_fit_seasonal/54568911.ecsv
# %ECSV 0.9
# ---
# datatype:
# - {name: time, datatype: float64}
# - {name: band, datatype: string}
# - {name: flux, datatype: float64}
# - {name: fluxerr, datatype: float64}
# - {name: zp, datatype: float64}
# - {name: zpsys, datatype: string}
# - {name: pwv, datatype: float64}
# - {name: airmass, datatype: float64}
# meta: {SNID: '54568911', alt: 1024.0, c: -0.10810603201389313, dec: -51.255806, lat: -30.244573, lon: -70.7499537, ra: 341.610565, t0: 62795.94140625,
#   x0: 1.841670013502745e-05, x1: -0.46177682280540466, z: 0.3551649749279022}
# schema: astropy-2.0
time band flux fluxerr zp zpsys pwv airmass
62657.4154 lsst_hardware_i 14.99136512260343 30.399999618530273 31.239999771118164 AB 4.960805728770411 1.0784360279935676
62657.4304 lsst_hardware_y 6.8742989628294575 50.0 30.040000915527344 AB 4.71475788818737 1.0715358836789477
62675.404 lsst_hardware_z 29.957489386222875 42.7599983215332 30.950000762939453 AB 3.5174834238181463 1.071722764651968
62675.4184 lsst_hardware_r -51.79614518799898 29.280000686645508 31.549999237060547 AB 3.1379366723671045 1.0784831753803596
62676.3988 lsst_hardware_y -26.183587774913114 47.75 30.040000915527344 AB 4.16722890308839 1.071083508333205
62676.4117 lsst_hardware_g 1.2671601123990757 18.799999237060547 31.540000915527344 AB 4.168984227419133 1.0760983163912439
62678.3925 lsst_hardware_r 11.16018650050838 22.709999084472656 31.489999771118164 AB 5.782861888476773 1.0709003497179208
62678.4059 lsst_hardware_i -5.525832629880545 30.6299991607666 31.239999771118164 AB 5.8099269779213545 1.0759124033187693
62680.4016 lsst_hardware_z 25.11172395974701 41.2599983215332 30.940000534057617 AB 5.590384207190345 1.0765576032076922
62680.4146 lsst_hardware_r 8.256582798463812 22.1200008392334 31.469999313354492 AB 5.634648124796128 1.0861448845445876
62682.4274 lsst_hardware_u 4.774365067510297 2.9800000190734863 28.469999313354492 AB 5.041788942009445 1.1071729765598561
62682.4393 lsst_hardware_r -73.19149013295767 26.3700008392334 31.510000228881836 AB 5.153507385830698 1.125936980063211
62686.4129 lsst_hardware_g -2.3186335748664963 13.449999809265137 31.389999389648438 AB 6.98104148765215 1.102327725825401
62686.4249 lsst_hardware_i -29.083594678429634 31.030000686645508 31.239999771118164 AB 6.457735824549962 1.1200166196157981
62688.4096 lsst_hardware_z 41.570326139770295 41.93000030517578 30.940000534057617 AB 5.475566911963334 1.1052076119148222
62688.4218 lsst_hardware_r -9.495525945776171 22.549999237060547 31.469999313354492 AB 5.906293689854534 1.1239913772975945
62695.1128 lsst_hardware_z 121.83261007898271 139.33999633789062 32.349998474121094 AB 14.512522357966974 2.1047893195020992
62697.3948 lsst_hardware_z -67.56871118127368 71.29000091552734 30.979999542236328 AB 5.305533537746754 1.1199015383106605
62697.4061 lsst_hardware_r 58.78164553434747 102.23999786376953 31.6299991607666 AB 5.46592521065707 1.1404569841233259
62707.3852 lsst_hardware_z -37.20083268169393 42.9900016784668 30.93000030517578 AB 7.100501508969283 1.1538964018801143
62707.3976 lsst_hardware_r -38.72107899636936 23.8700008392334 31.459999084472656 AB 7.354392703678488 1.183900950366788
62709.3463 lsst_hardware_r -13.471531868678559 22.469999313354492 31.459999084472656 AB 2.765869524155021 1.0975672714900877
62709.3581 lsst_hardware_u 1.9250636722441716 2.5 28.260000228881836 AB 2.838495516303406 1.1136450073772597
62716.2416 lsst_hardware_g 4.9435403099497925 13.680000305175781 31.389999389648438 AB 2.4131188736784326 1.0887887834313879
62716.2536 lsst_hardware_r 6.960866572623705 22.530000686645508 31.479999542236328 AB 2.483032242568246 1.078914686997826
62722.2369 lsst_hardware_z -19.47185671319336 48.4900016784668 30.959999084472656 AB 3.653935132688112 1.079130281360931
62722.2479 lsst_hardware_r 40.25709941405862 49.189998626708984 31.6200008392334 AB 3.5937049973280932 1.0732283103861708
62723.2378 lsst_hardware_i 34.07697924960566 53.619998931884766 31.309999465942383 AB 4.806765297021071 1.0768446478904667
62723.249 lsst_hardware_r -90.57273281684164 62.91999816894531 31.639999389648438 AB 4.868238524147151 1.0718860624534925
62725.2352 lsst_hardware_z 29.902829621355046 96.66999816894531 31.739999771118164 AB 2.9128423454796994 1.075279421224856
62731.3182 lsst_hardware_i 22.80612424419107 44.34000015258789 31.290000915527344 AB 3.84442687955574 1.1506814964249448
62731.3295 lsst_hardware_z 63.969317284955636 49.0099983215332 30.950000762939453 AB 3.966059158268647 1.1772214776695302
62735.287 lsst_hardware_u 6.346672963125271 2.950000047683716 28.440000534057617 AB 1.9537760741853307 1.1134742064126124
62735.2977 lsst_hardware_g -6.230668877335875 17.219999313354492 31.469999313354492 AB 2.06700108480751 1.1315183165772602
62738.2533 lsst_hardware_i -23.71847096548031 30.68000030517578 31.239999771118164 AB 3.555984566849701 1.083591031035968
62738.2651 lsst_hardware_r 13.632975473641816 22.639999389648438 31.479999542236328 AB 3.5309427402946314 1.095205564607516
62740.2989 lsst_hardware_g 22.426026140144423 13.819999694824219 31.3799991607666 AB 3.5193270281596867 1.162517186135109
62740.3095 lsst_hardware_r -50.62205045266231 23.170000076293945 31.469999313354492 AB 3.595507909032368 1.1892528916314338
62742.2855 lsst_hardware_i 20.55461039430105 31.209999084472656 31.239999771118164 AB 6.896645258261508 1.1450515122466391
62742.2962 lsst_hardware_z 44.89705201254009 42.790000915527344 30.93000030517578 AB 8.160567373552553 1.1690938538809574
62744.2908 lsst_hardware_r 1.9523914773994075 22.799999237060547 31.469999313354492 AB 5.64987494004593 1.1692420329490585
62744.301 lsst_hardware_u 1.4090097435828381 2.569999933242798 28.299999237060547 AB 7.133187930778447 1.1959406372333719
62747.2501 lsst_hardware_i 32.0007499974242 30.75 31.239999771118164 AB 1.408622194686993 1.1074073857602147
62747.2614 lsst_hardware_u 0.2225737737306749 2.5799999237060547 28.34000015258789 AB 1.4732315101289386 1.1251768152715926
62751.2381 lsst_hardware_i 68.09670863820666 47.119998931884766 31.290000915527344 AB 2.046479085507637 1.105906017566948
62751.2484 lsst_hardware_r -48.985529201279824 51.290000915527344 31.610000610351562 AB 2.0811770492218873 1.1216260033533385
62760.142 lsst_hardware_z -25.2603301047912 46.77000045776367 30.959999084472656 AB 3.412593490191182 1.0741559616591347
62760.154 lsst_hardware_g 94.49534224776042 46.29999923706055 31.700000762939453 AB 3.4065030538454146 1.0705260349913572
62764.1992 lsst_hardware_z -44.86344841285135 41.70000076293945 30.940000534057617 AB 6.913935738533651 1.1013836301924824
62764.2117 lsst_hardware_u -0.15379578517200987 2.640000104904175 28.389999389648438 AB 6.551712768136612 1.1196319170840123
62765.2094 lsst_hardware_g 18.911008839305392 13.489999771118164 31.389999389648438 AB 3.6089937683035265 1.1203416085380764
62765.2213 lsst_hardware_r -30.078117602486284 22.6200008392334 31.479999542236328 AB 3.7007069122598577 1.1421934914383736
62767.2061 lsst_hardware_i -8.602519717211685 30.84000015258789 31.229999542236328 AB 2.1491571789063872 1.1239871931521748
62767.2172 lsst_hardware_z -35.60936881150034 42.47999954223633 30.93000030517578 AB 2.281939355602936 1.1449770976432192
62771.1798 lsst_hardware_z 10.533836111610018 41.900508475942864 30.940000534057617 AB 4.356736676230948 1.1010201355145757
62771.1915 lsst_hardware_i 57.030046777374714 30.96968376038249 31.229999542236328 AB 4.431416734007608 1.117868421444063
62774.1796 lsst_hardware_r 59.96853321325755 23.776899847536377 31.469999313354492 AB 4.6855709403012415 1.112103706236573
62774.1908 lsst_hardware_i 65.46968975483047 32.63433422160146 31.229999542236328 AB 4.754408894413688 1.130768144543935
62776.0096 lsst_hardware_r 268.0009301402561 30.25419812315826 31.479999542236328 AB 6.111073001887497 1.2255439948969693
62776.0168 lsst_hardware_i 240.51463543844855 36.23980482068061 31.229999542236328 AB 5.999966038506784 1.2035436615027901
62780.1807 lsst_hardware_z 760.184777787257 58.07456640845455 30.959999084472656 AB 5.465465554609838 1.1429246245524547
62781.1647 lsst_hardware_r 2077.9613785187266 78.81468506031841 31.6299991607666 AB 4.161523802637461 1.118689194257382
62781.1764 lsst_hardware_i 1271.4640752397333 66.35560198953684 31.299999237060547 AB 5.090980050497679 1.1397716530966273
62783.0804 lsst_hardware_i 1712.6775447421462 78.119363956602 31.31999969482422 AB 3.5473094316167932 1.073640869131798
62783.0926 lsst_hardware_z 1275.4524450505548 69.95727722379362 30.979999542236328 AB 5.990362890240779 1.0703447689530874
62785.0002 lsst_hardware_r 3656.1099357366325 105.85925120096164 31.6200008392334 AB 4.096448948305162 1.1815543548615985
62785.006 lsst_hardware_z 1561.2416616589594 75.24224123398474 30.969999313354492 AB 4.027827560299801 1.1670352212572872
62789.1604 lsst_hardware_z 4745.027243675952 96.17675638678378 31.709999084472656 AB 7.12561100020357 1.1519241816306458
62791.1667 lsst_hardware_g 4479.958313682244 72.34285328045135 31.579999923706055 AB 7.642627652360896 1.179873045520881
62791.1773 lsst_hardware_r 5702.414689168214 82.64535414693849 31.549999237060547 AB 7.857947221561824 1.2093801033569564
62793.1625 lsst_hardware_i 3998.3085561631156 70.08291958633183 31.239999771118164 AB 4.6143321650369575 1.18316209359922
62793.1738 lsst_hardware_z 2365.2212068544554 65.17366503596801 30.93000030517578 AB 3.1484908695907587 1.2153207165172768
62799.1395 lsst_hardware_r 5499.632574246482 77.22958720137981 31.479999542236328 AB 5.10522301757921 1.1665525975121966
62799.1505 lsst_hardware_i 4235.649619135816 71.33341343758421 31.229999542236328 AB 5.25017487712055 1.1950548858181413
62801.1375 lsst_hardware_z 2462.2241479640934 65.68532123505828 30.940000534057617 AB 4.465182045107998 1.1750479066073678
62801.1485 lsst_hardware_u 14.560690416128736 5.2678174616189875 28.389999389648438 AB 4.428238846201383 1.2049629513473152
62807.091 lsst_hardware_z 1928.2862621660047 62.61666888992067 30.950000762939453 AB 6.227722485881213 1.1144149989647263
62807.1035 lsst_hardware_r 4119.155463490435 72.78034551529714 31.559999465942383 AB 6.348690536499663 1.1360615335221584
63022.4307 lsst_hardware_y -136.08755055792474 84.36000061035156 30.799999237060547 AB 4.715080932251665 1.071609302784469
63036.4066 lsst_hardware_z 64.42766872876408 58.470001220703125 31.690000534057617 AB 3.11126458654471 1.0700824029388702
63036.4202 lsst_hardware_r 52.20933630372772 31.469999313354492 32.22999954223633 AB 2.7990049134573187 1.0732723745482609
63040.2521 lsst_hardware_r -12.087817951115976 40.29999923706055 32.619998931884766 AB 5.157217286566783 1.3615516564099672
63040.2754 lsst_hardware_u -6.184593305661447 4.369999885559082 29.440000534057617 AB 4.775103794883004 1.2620863736970898
63044.4126 lsst_hardware_i -34.75792199921486 30.479999542236328 31.239999771118164 AB 7.767864072044633 1.0815739448683699
63044.4288 lsst_hardware_z -4.962382463080891 42.72999954223633 30.940000534057617 AB 7.812828209212507 1.097410086507984
63046.3921 lsst_hardware_r 9.45733918926609 22.15999984741211 31.479999542236328 AB 2.4962331473032937 1.072956435548327
63046.4053 lsst_hardware_u 0.3343723787056261 2.609999895095825 28.3799991607666 AB 2.5419157224141586 1.0802106618375913
63048.412 lsst_hardware_g -15.597589699826866 13.3100004196167 31.3799991607666 AB 10.581286642962326 1.0908542930888996
63048.4238 lsst_hardware_r 30.06860072703707 22.329999923706055 31.469999313354492 AB 10.317458677288059 1.1049684432337632
63063.353 lsst_hardware_i 10.343228480570033 30.3700008392334 31.239999771118164 AB 1.3899390503597027 1.0764290806270689
63063.3652 lsst_hardware_z -7.793635877223099 41.5 30.940000534057617 AB 1.452878892588192 1.085250339933899
63066.4087 lsst_hardware_r -2.5871888577012747 22.920000076293945 31.479999542236328 AB 3.2709607264886444 1.1687220103577112
63066.4203 lsst_hardware_u 0.5370234182777296 2.690000057220459 28.360000610351562 AB 3.6823733529392997 1.1993073750919838
63068.3475 lsst_hardware_r 2.6949512128928843 22.450000762939453 31.489999771118164 AB 4.44154946941499 1.0818974024232682
63068.3599 lsst_hardware_u -2.7144671159277305 2.680000066757202 28.43000030517578 AB 4.574590139197947 1.0935275233142505
63070.3389 lsst_hardware_g -3.780925327111548 13.65999984741211 31.40999984741211 AB 4.894141310190172 1.0795899948948906
63070.3518 lsst_hardware_r 19.026131791747062 22.59000015258789 31.489999771118164 AB 4.883201130869151 1.0907103503104663
63080.3748 lsst_hardware_i -274.76033880043934 77.93000030517578 31.309999465942383 AB 1.7012877896363605 1.1795385645733953
63080.3869 lsst_hardware_z -115.60657668867792 69.86000061035156 30.969999313354492 AB 2.294377824559414 1.2135284685610441
63082.2349 lsst_hardware_r 3.7682392802212874 102.8499984741211 31.649999618530273 AB 1.6928311085834045 1.0936190203499785
63082.246 lsst_hardware_i 33.611894751514185 80.54000091552734 31.329999923706055 AB 1.670519989019346 1.0829951306446328
63086.246 lsst_hardware_z 11.783285857289178 64.98999786376953 31.709999084472656 AB 3.3345747772771124 1.0756692829926169
63089.2356 lsst_hardware_r 3.7930299919412156 22.579999923706055 31.479999542236328 AB 6.994511673275872 1.076907109049403
63089.2475 lsst_hardware_z -45.98354673098927 41.61000061035156 30.940000534057617 AB 6.86168561834963 1.0716918396006294
63101.2552 lsst_hardware_z 48.81033418607423 41.720001220703125 30.940000534057617 AB 2.0617628558943433 1.0802582312680487
63101.2679 lsst_hardware_r -15.519374176708943 22.639999389648438 31.479999542236328 AB 2.0921915881416853 1.091483308307983
63107.284 lsst_hardware_z 30.362810639785597 55.65999984741211 30.959999084472656 AB 6.926536261617823 1.1405460664610279
63107.2942 lsst_hardware_i 32.5986987727832 56.59000015258789 31.299999237060547 AB 8.108743202165202 1.1626271707169262
63112.2544 lsst_hardware_z 39.05912640742495 84.30999755859375 31.719999313354492 AB 1.3574057389112757 1.112627654845308
63114.2415 lsst_hardware_r 73.03539402603266 51.9900016784668 31.6200008392334 AB 1.9526840918241726 1.10217352313688
63114.2529 lsst_hardware_i -99.56077934116688 46.33000183105469 31.290000915527344 AB 2.6087757191884298 1.118845912446789
63117.2399 lsst_hardware_z -29.967974982897562 43.439998626708984 30.940000534057617 AB 2.67920539700665 1.111357626052743
63117.2506 lsst_hardware_r -45.67353555909615 29.68000030517578 31.540000915527344 AB 3.189027860241992 1.1289593274597725
63122.1425 lsst_hardware_u -1.1809107295369814 2.619999885559082 28.389999389648438 AB 3.9897531168500278 1.0787975980667042
63122.1535 lsst_hardware_g 13.49210244173614 13.470000267028809 31.399999618530273 AB 3.910274715481942 1.0730230181976514
63126.1399 lsst_hardware_z 3.4641079675890154 41.459999084472656 30.950000762939453 AB 0.629452248893507 1.0741505953814114
63126.1509 lsst_hardware_u 0.8090828642044041 2.7300000190734863 28.489999771118164 AB 0.7202023778193494 1.0706675587007177
63131.0462 lsst_hardware_u -0.15758697649967104 3.2899999618530273 28.5 AB 3.069785498061518 1.1994863722033868
63131.0542 lsst_hardware_r 4.264336541771683 24.489999771118164 31.489999771118164 AB 3.0311919728997805 1.177848056304416
63133.2149 lsst_hardware_i -13.261245018509442 34.040000915527344 31.25 AB 4.413906241059597 1.1443884472542383
63133.2265 lsst_hardware_z -3.9831381782840856 44.220001220703125 30.940000534057617 AB 4.485790843807824 1.1705116579475927
63137.2234 lsst_hardware_z -75.30057983018857 61.97999954223633 30.959999084472656 AB 4.392541970209065 1.1907941633911392
63137.2349 lsst_hardware_r 51.63338073901176 80.61000061035156 31.600000381469727 AB 4.590678437405604 1.2248613951942111
63141.0547 lsst_hardware_i 82.00376563797752 60.7599983215332 31.309999465942383 AB 5.475481083292468 1.1198447864388619
63141.0619 lsst_hardware_z 132.58866057656326 57.400001525878906 30.969999313354492 AB 5.4173764109373685 1.108754893765323
63143.2149 lsst_hardware_r -33.34698698484194 55.380001068115234 31.59000015258789 AB 3.1683502650315503 1.213578575134176
63143.2264 lsst_hardware_i 10.853626822070739 48.869998931884766 31.270000457763672 AB 3.286982681928113 1.251389345911718
63145.0757 lsst_hardware_u 0.24564049209074718 2.6600000858306885 28.43000030517578 AB 4.0959191987329095 1.0816688024822825
63145.0873 lsst_hardware_r -14.767064503550587 22.219999313354492 31.489999771118164 AB 3.698760610012979 1.074492285275453
63149.082 lsst_hardware_r 8.804195324778163 22.1299991607666 31.479999542236328 AB 2.621261086388536 1.0722366047403338
63149.0937 lsst_hardware_u -4.662311742148693 2.569999933242798 28.360000610351562 AB 3.38048470102882 1.0700558272841778
63151.1608 lsst_hardware_r 15.981673863529895 22.329999923706055 31.469999313354492 AB 6.81723751566877 1.1345989041639353
63151.1714 lsst_hardware_i -32.67094050632062 30.8700008392334 31.229999542236328 AB 7.027190402755027 1.1565487825469103
63153.1554 lsst_hardware_z -24.787970844766644 42.27000045776367 30.93000030517578 AB 9.49454799803257 1.134716118002402
63153.1664 lsst_hardware_u -0.5900764163817728 2.559999942779541 28.309999465942383 AB 9.736093534880942 1.1575888001205368
63155.156 lsst_hardware_g 9.521784413733302 13.470000267028809 31.3799991607666 AB 8.990204365604557 1.1468316401323222
63155.1668 lsst_hardware_r 45.97539583411794 22.75 31.469999313354492 AB 8.88562044921619 1.1714340923787867
63157.1415 lsst_hardware_r 31.455293746047044 22.43000030517578 31.459999084472656 AB 6.928534395699864 1.129192078614673
63157.1535 lsst_hardware_i 5.438561338457544 31.110000610351562 31.229999542236328 AB 7.060184492656914 1.1531852495220092
63161.1412 lsst_hardware_z 6.847970812601541 43.529998779296875 30.940000534057617 AB 4.303742966763566 1.15019522062232
63161.1523 lsst_hardware_g 32.089992309002085 17.1299991607666 31.459999084472656 AB 4.3970069686676485 1.1761420271946728
63163.1401 lsst_hardware_r 7.720176893404956 43.08000183105469 31.59000015258789 AB 3.297552083100611 1.1598846581430218
63163.1508 lsst_hardware_i 16.258615630083074 42.36000061035156 31.270000457763672 AB 3.4279747869147474 1.1864583497152366
63166.1399 lsst_hardware_z -25.764901054671192 57.41999816894531 30.959999084472656 AB 4.354731497344787 1.1793450229775997
63166.1505 lsst_hardware_r -96.31538042943819 71.2699966430664 31.610000610351562 AB 4.511754116965219 1.2087753829779555
63168.1393 lsst_hardware_i 53.46456059794047 67.08999633789062 31.299999237060547 AB 3.420941459284496 1.1923118649844306
63168.1504 lsst_hardware_z 93.46553696461416 62.29999923706055 30.959999084472656 AB 3.513067332099371 1.2253461221135769
63170.0862 lsst_hardware_i 82.79526752405984 60.470001220703125 31.309999465942383 AB 5.479897686321633 1.0991671219178885
63170.0969 lsst_hardware_z -43.152108770554015 57.20000076293945 30.969999313354492 AB 5.645635365598759 1.1139769861085373
63172.0907 lsst_hardware_r -4.74665477537737 45.970001220703125 31.600000381469727 AB 6.18373710565608 1.1128501089962952
63172.1025 lsst_hardware_u -20.86089120441056 10.270000457763672 29.190000534057617 AB 6.445649585301291 1.132803090562617
63181.047 lsst_hardware_g 26.697463507680176 13.649999618530273 31.399999618530273 AB 3.7607104906116957 1.0890088293277111
63181.0581 lsst_hardware_r -1.7481505853235346 22.610000610351562 31.479999542236328 AB 3.801849563395558 1.1016128546082653
