data/validation/pwv_sim_epoch_fit_seasonal/5466524.ecsv
# %ECSV 0.9
# ---
# datatype:
# - {name: time, datatype: float64}
# - {name: band, datatype: string}
# - {name: flux, datatype: float64}
# - {name: fluxerr, datatype: float64}
# - {name: zp, datatype: float64}
# - {name: zpsys, datatype: string}
# - {name: pwv, datatype: float64}
# - {name: airmass, datatype: float64}
# meta: {SNID: '5466524', alt: 1024.0, c: -0.054097697138786316, dec: -0.74606, lat: -30.244573, lon: -70.7499537, ra: 76.640625, t0: 63157.2890625,
#   x0: 4.343483180787313e-06, x1: -0.9300251603126526, z: 0.649786114692688}
# schema: astropy-2.0
time band flux fluxerr zp zpsys pwv airmass
63136.3706 lsst_hardware_z 178.37049873825998 44.61417759486254 30.940000534057617 AB 5.803850768701736 1.1618545513217733
63136.3904 lsst_hardware_y 25.518186502543696 55.08256844484072 30.020000457763672 AB 6.511088319121718 1.149691875065636
63142.3333 lsst_hardware_z 903.8988928832047 96.24558183228453 31.719999313354492 AB 3.9207886910047725 1.1952409382191158
63144.3644 lsst_hardware_z 647.2006999851162 66.7657438788897 30.969999313354492 AB 8.745701821887879 1.1507502397220895
63144.3728 lsst_hardware_y 156.5362379634311 56.88221493764302 30.030000686645508 AB 8.735583062302888 1.1494188239872223
63148.3597 lsst_hardware_i 1091.8812545371916 47.754594096118296 31.260000228881836 AB 3.3246113578705527 1.1494565026634718
63148.3782 lsst_hardware_y 387.3220467673299 54.558715174443535 30.020000457763672 AB 3.319272020774349 1.156003722117837
63150.3603 lsst_hardware_g 377.18142724343977 24.916125651904956 31.450000762939453 AB 4.966634091186267 1.1498834499476223
63150.3782 lsst_hardware_y 231.133528890568 56.36049459823135 30.020000457763672 AB 5.3574175109569415 1.1609543869453067
63152.3593 lsst_hardware_i 1125.8799240849805 46.579498734787265 31.229999542236328 AB 6.297214278039128 1.151262551212248
63152.3767 lsst_hardware_y 460.7634173695966 58.61509045634087 30.010000228881836 AB 6.585074772541739 1.1654312027387892
63156.3243 lsst_hardware_g 317.9527464342867 22.316870065684064 31.399999618530273 AB 6.253108590640921 1.1545443830518614
63156.3418 lsst_hardware_r 1515.5992879656164 44.45296874303133 31.479999542236328 AB 5.615807191502851 1.1495434607241903
63158.3167 lsst_hardware_i 1295.9011007040854 47.75058839968577 31.239999771118164 AB 4.393248838180788 1.1561181153107336
63158.3346 lsst_hardware_z 954.3705294158029 52.421619100130535 30.940000534057617 AB 4.3990103608507 1.1494169823239833
63160.3204 lsst_hardware_i 1257.2389059044376 47.33102841335638 31.229999542236328 AB 2.6655851081223894 1.1508606640809975
63160.3383 lsst_hardware_u 1.4597356727129884 2.7067237886926585 28.309999465942383 AB 2.8831813246707765 1.1516218718519895
63162.3177 lsst_hardware_g 174.53884508430858 19.8286905388144 31.399999618530273 AB 3.594705092323313 1.1500296224339617
63162.3362 lsst_hardware_r 1149.8179317545644 41.833857482325094 31.479999542236328 AB 3.784176876103391 1.153390122507447
63164.3116 lsst_hardware_i 1053.6810231973493 46.37442949190468 31.239999771118164 AB 4.36171593499404 1.1501909906370567
63164.3301 lsst_hardware_r 1076.917693861011 40.66305108267361 31.479999542236328 AB 4.360311336832747 1.1530131344643666
63167.3115 lsst_hardware_z 814.7997564645376 62.643588295702514 30.959999084472656 AB 3.3196959114625044 1.149512362936086
63167.3289 lsst_hardware_g 123.12251776516335 52.96810093535185 31.670000076293945 AB 3.4030511840640716 1.1581569543040746
63169.3126 lsst_hardware_r 931.6569328052952 111.11222383372782 31.6299991607666 AB 5.117974956954339 1.1511414658016959
63169.3289 lsst_hardware_i 1018.0511337846777 90.40945917643214 31.309999465942383 AB 5.140379258810829 1.163771623004571
63171.3103 lsst_hardware_i 1039.9934505725073 96.76565005141737 31.31999969482422 AB 6.215343097046362 1.1526259066044704
63171.3294 lsst_hardware_z 869.6134719307886 84.08736468360418 30.979999542236328 AB 6.420051800161683 1.171542299299577
63180.2723 lsst_hardware_z 541.2609285086809 48.82260374897263 30.93000030517578 AB 10.92169241058297 1.1494501747676715
63180.2901 lsst_hardware_i 517.8074255163215 39.35534658711129 31.239999771118164 AB 10.965076852708398 1.1554348632990936
63182.2738 lsst_hardware_u 0.7929110831838337 2.5957303473038693 28.280000686645508 AB 4.715289636960933 1.1500706431612033
63182.2917 lsst_hardware_g 18.619545728544367 14.796829452079086 31.3700008392334 AB 4.270409447523564 1.161858100264912
63185.2665 lsst_hardware_r 189.57294878252554 27.85890269556013 31.479999542236328 AB 5.320649964572935 1.1503071718741595
63185.2843 lsst_hardware_i 412.92111828304417 37.28713250648178 31.239999771118164 AB 5.355017086515877 1.1627228732913044
63188.2624 lsst_hardware_i 286.0504499878926 36.40512724418751 31.229999542236328 AB 4.607454715179941 1.1518636787949852
63188.2824 lsst_hardware_z 365.97427690777977 47.519923133403104 30.93000030517578 AB 4.682772476181392 1.170693119045348
63190.2569 lsst_hardware_r 193.9917769875065 26.61058219381267 31.479999542236328 AB 4.9874861659001475 1.1518443801155074
63190.2776 lsst_hardware_g 34.34431446100884 16.42447243209158 31.389999389648438 AB 5.149367021386724 1.1716420981539761
63196.2238 lsst_hardware_r 31.836126106377627 79.49642673505483 31.6299991607666 AB 6.0751110464211004 1.1502987338590374
63196.2423 lsst_hardware_z 272.4012855487892 63.81418291485527 30.969999313354492 AB 6.060038659340674 1.1527560698764836
63200.2271 lsst_hardware_i 140.17516520073156 110.80088515266232 31.31999969482422 AB 6.301218588569546 1.1508024086511384
63200.2471 lsst_hardware_z 266.55578642689596 96.66937740567306 30.989999771118164 AB 6.38811356704612 1.1672406554275747
63203.2222 lsst_hardware_r -52.40511165355615 69.85776755843347 31.6200008392334 AB 7.268989594463307 1.1522277735813096
63203.24 lsst_hardware_z 212.69210237164043 59.899348569553986 30.959999084472656 AB 7.374150518252223 1.168682888266896
63205.2216 lsst_hardware_r 58.8616088570835 44.20048170733821 31.59000015258789 AB 3.095475880525077 1.1552438441965733
63205.24 lsst_hardware_i 184.26276494157307 44.21036028534646 31.280000686645508 AB 3.173815042208722 1.176794602227928
63207.2245 lsst_hardware_z 259.16171771673527 46.403578770706346 30.940000534057617 AB 4.937371822558254 1.1630115788062347
63207.2432 lsst_hardware_i 123.34589053633105 37.090967046105376 31.25 AB 5.042342192822171 1.1927950306313875
63209.2241 lsst_hardware_u 14.448300970715298 3.63270440245174 28.350000381469727 AB 6.2982414613973985 1.1693365339723487
63209.2433 lsst_hardware_g 45.315334514901416 15.817339924138189 31.3799991607666 AB 6.43946441352127 1.20519632799863
63215.1915 lsst_hardware_i 142.55562353539165 33.407058092799886 31.239999771118164 AB 9.195125874335888 1.1533699662956591
63215.2106 lsst_hardware_z 66.38451427940643 44.84941015390791 30.940000534057617 AB 9.47238652168491 1.173498115804113
63219.1503 lsst_hardware_r 67.09773850168996 25.176951301598578 31.489999771118164 AB 4.154306567202854 1.1559809578303593
63219.1696 lsst_hardware_i 70.94622725755114 33.333527219381835 31.229999542236328 AB 5.976623782192717 1.1494980988958936
63221.1545 lsst_hardware_z 108.2710906103564 45.789844648412796 30.940000534057617 AB 4.796898508804455 1.150611299785275
63221.1724 lsst_hardware_i 127.62118372412453 35.638304412316344 31.25 AB 5.509907674017833 1.151897074707561
63223.1577 lsst_hardware_z 178.47076364231646 73.49461111589753 31.709999084472656 AB 5.4932563531174905 1.1494171968162141
63225.1258 lsst_hardware_y 42.734791030272376 56.270651846604125 30.020000457763672 AB 7.436134932589195 1.1638509891754423
63225.1464 lsst_hardware_r 61.98247500212198 84.37980660776103 31.6299991607666 AB 7.262431841563676 1.1498467133571368
63227.1284 lsst_hardware_i 80.9728368144155 106.07833440453392 31.31999969482422 AB 5.586183620388756 1.1560212365644154
63227.1492 lsst_hardware_z 251.67848785991228 89.5061434805499 30.989999771118164 AB 5.544379047439258 1.1496897972917073
