data/validation/pwv_sim_epoch_fit_seasonal/54665439.ecsv
# %ECSV 0.9
# ---
# datatype:
# - {name: time, datatype: float64}
# - {name: band, datatype: string}
# - {name: flux, datatype: float64}
# - {name: fluxerr, datatype: float64}
# - {name: zp, datatype: float64}
# - {name: zpsys, datatype: string}
# - {name: pwv, datatype: float64}
# - {name: airmass, datatype: float64}
# meta: {SNID: '54665439', alt: 1024.0, c: 0.01835702545940876, dec: -21.542267, lat: -30.244573, lon: -70.7499537, ra: 201.796875, t0: 61923.5234375,
#   x0: 8.917916345399299e-06, x1: 0.24745015799999237, z: 0.4828353524208069}
# schema: astropy-2.0
time band flux fluxerr zp zpsys pwv airmass
61805.3737 lsst_hardware_g -19.570877683415546 18.770000457763672 31.549999237060547 AB 8.436942827706302 1.0136089256785497
61808.3792 lsst_hardware_r -51.70982618561078 26.530000686645508 31.530000686645508 AB 4.474489796724987 1.011298405859416
61812.364 lsst_hardware_r -138.09304542145287 91.12000274658203 31.670000076293945 AB 4.499803612033162 1.01136227724519
61812.381 lsst_hardware_y -21.329731841426746 57.08000183105469 30.06999969482422 AB 3.9227591645511715 1.0146378836619834
61814.3751 lsst_hardware_y -234.61833057811998 82.0999984741211 30.81999969482422 AB 5.017387643073729 1.0144334094366618
61816.3616 lsst_hardware_i -85.91123006934629 69.80000305175781 31.34000015258789 AB 4.1246929581335365 1.0118221410851311
61816.3791 lsst_hardware_z 73.54181326709613 66.55000305175781 30.989999771118164 AB 3.0107546044586626 1.020248934076131
61818.2953 lsst_hardware_z 3.050189144722245 47.40999984741211 30.959999084472656 AB 5.26066886761513 1.0623679177978116
61818.3121 lsst_hardware_r -27.583284970275344 41.970001220703125 31.610000610351562 AB 5.100098618448002 1.035377828140349
61820.3452 lsst_hardware_z -24.731882133540417 59.279998779296875 31.709999084472656 AB 3.1959836906305923 1.0112539034295875
61820.3635 lsst_hardware_r -25.983063387073095 26.8700008392334 31.559999465942383 AB 3.1942179114193117 1.0169969471220943
61822.3301 lsst_hardware_i -39.79576704822403 31.43000030517578 31.270000457763672 AB 6.563539961024964 1.0126315188004533
61822.3478 lsst_hardware_z -21.1823684942225 41.47999954223633 30.959999084472656 AB 5.735826997858654 1.0124280940546275
61828.3136 lsst_hardware_r -40.09088555561725 23.600000381469727 31.510000228881836 AB 6.265875344004064 1.012666722263283
61828.3303 lsst_hardware_i -4.652513740492598 30.829999923706055 31.25 AB 6.113815247647169 1.0121372812924707
61832.261 lsst_hardware_u 0.21686046131333928 2.6700000762939453 28.3700008392334 AB 6.185431826998326 1.0550843201702902
61832.2791 lsst_hardware_r -5.652905042341694 23.719999313354492 31.5 AB 6.010991338552148 1.0291324876961874
61834.3207 lsst_hardware_i 32.92767438111687 30.780000686645508 31.25 AB 9.870640210715425 1.0145237985523599
61834.3402 lsst_hardware_z 45.57079632116843 41.220001220703125 30.940000534057617 AB 9.981269946470904 1.0299790982608088
61836.2969 lsst_hardware_r -8.985662636335789 23.530000686645508 31.510000228881836 AB 9.082219990973298 1.011533263027926
61836.3168 lsst_hardware_u -0.10165726446514588 2.700000047683716 28.40999984741211 AB 9.077684641411828 1.0152873997776461
61838.2962 lsst_hardware_y 117.88331489007122 48.41999816894531 30.059999465942383 AB 7.281026497266596 1.011253680175916
61838.3142 lsst_hardware_r -4.166762631993116 38.27000045776367 31.610000610351562 AB 7.321663422143221 1.0168976975198918
61840.2748 lsst_hardware_r 110.10340704546114 99.8499984741211 31.65999984741211 AB 8.926985283925562 1.015103036170836
61840.2941 lsst_hardware_i -91.57730429215577 77.41999816894531 31.34000015258789 AB 8.12488164486529 1.0115009828652712
61845.2782 lsst_hardware_i -39.721689183065486 62.619998931884766 31.329999923706055 AB 7.599200650584332 1.0112940581002083
61845.2981 lsst_hardware_z -12.501287910816233 59.459999084472656 30.989999771118164 AB 7.826336639043615 1.0188884151724804
61847.2793 lsst_hardware_r -76.1584647831283 40.380001068115234 31.610000610351562 AB 6.419359265618927 1.012357556476727
61847.2993 lsst_hardware_z -49.72964029634917 45.43000030517578 30.959999084472656 AB 6.278116508757153 1.024385376170535
61849.262 lsst_hardware_g 5.104406416803785 20.110000610351562 31.56999969482422 AB 5.03435665588074 1.0114566011011399
61849.2819 lsst_hardware_r -4.397167030803553 26.8700008392334 31.540000915527344 AB 5.071891160435844 1.0155969484252791
61851.2604 lsst_hardware_i -27.925920600633074 30.90999984741211 31.25 AB 5.307534162667614 1.0112478160746146
61851.2798 lsst_hardware_z 46.726723850432585 41.22999954223633 30.950000762939453 AB 5.327557911084411 1.0175834038935136
61853.2603 lsst_hardware_r 15.539695133388841 23.739999771118164 31.510000228881836 AB 6.198991345370077 1.011763613351481
61853.2811 lsst_hardware_g 18.947756293918957 15.010000228881836 31.450000762939453 AB 6.241141394132307 1.022732752455826
61855.2085 lsst_hardware_r 18.24562010249651 23.899999618530273 31.510000228881836 AB 6.764319705118772 1.038826645952357
61855.2257 lsst_hardware_i -43.02002036566688 31.09000015258789 31.260000228881836 AB 6.645634363879046 1.0203123383642343
61861.2422 lsst_hardware_r 14.878045898011251 23.889999389648438 31.510000228881836 AB 4.260341913264583 1.0126793233336426
61861.2604 lsst_hardware_i -3.5037274248857053 31.18000030517578 31.25 AB 4.779575006674668 1.023755891762388
61863.2373 lsst_hardware_z -38.1466668616615 41.099998474121094 30.940000534057617 AB 7.228245729063382 1.0128558437698396
61863.256 lsst_hardware_u 0.08394186939965129 2.7100000381469727 28.40999984741211 AB 6.111077512142605 1.0247467950268474
61865.2404 lsst_hardware_g -15.634802606685865 15.289999961853027 31.469999313354492 AB 7.182304502566939 1.0168434878575185
61865.2595 lsst_hardware_r 16.22779354528798 24.149999618530273 31.510000228881836 AB 7.049741878814189 1.0346979274188808
61867.2355 lsst_hardware_i 57.39678535439177 51.68000030517578 31.329999923706055 AB 8.820303491273972 1.0171893892199904
61867.2554 lsst_hardware_z -111.05760348334374 51.59000015258789 30.979999542236328 AB 8.291680927015978 1.0364601158769973
61873.1394 lsst_hardware_i 66.52656320539441 105.16999816894531 32.08000183105469 AB 9.053323274803665 1.0741534437180538
61873.1604 lsst_hardware_r 172.85034150409436 88.55999755859375 31.65999984741211 AB 8.80318843190328 1.0373982243232776
61875.2104 lsst_hardware_z -136.35581697772756 68.41999816894531 31.729999542236328 AB 10.185056227504333 1.0153242733605703
61877.1977 lsst_hardware_g 0.7302254720155348 26.299999237060547 31.639999389648438 AB 13.852360425827507 1.0124390941367114
61877.214 lsst_hardware_r -13.715276103441978 33.27000045776367 31.59000015258789 AB 13.54844174162912 1.0213933061488505
61882.1873 lsst_hardware_g 32.85796199057296 22.1299991607666 32.2400016784668 AB 9.297027706400138 1.013520953493999
61882.2075 lsst_hardware_r -19.606022097844647 34.540000915527344 32.27000045776367 AB 9.553672261217665 1.02816102682067
61884.1816 lsst_hardware_i 31.844454247675564 31.18000030517578 31.260000228881836 AB 8.013693014692231 1.0134294043240253
61884.1994 lsst_hardware_r -21.753216920589608 24.18000030517578 31.520000457763672 AB 8.10589239397642 1.025456573413564
61886.1793 lsst_hardware_u 3.315638241761141 2.8399999141693115 28.510000228881836 AB 6.509624460475583 1.0147900480105354
61887.0817 lsst_hardware_r -24.514999590538633 24.420000076293945 31.489999771118164 AB 4.613342879277295 1.1252055803115355
61890.1619 lsst_hardware_i -47.121180662081635 31.34000015258789 31.260000228881836 AB 10.54265997610057 1.0123545204628932
61890.1795 lsst_hardware_z 31.63881813939878 41.4900016784668 30.950000762939453 AB 11.182153028678197 1.0222280856274062
61893.1162 lsst_hardware_g 35.91225384761021 26.84000015258789 31.649999618530273 AB 13.517568155456278 1.025339868430711
61893.1362 lsst_hardware_r 1.4274955219672647 30.350000381469727 31.579999923706055 AB 11.500803020634454 1.0126397693662157
61894.1755 lsst_hardware_i 18.524999506212534 39.08435199847507 31.299999237060547 AB 9.520981645052544 1.0289893972119146
61894.187 lsst_hardware_r 27.3815709830084 36.45710232286737 31.600000381469727 AB 9.543581836712297 1.0440032639343966
61896.162 lsst_hardware_z -92.60769257593658 82.48884779509915 31.739999771118164 AB 3.5146038639401542 1.021291320401052
61898.1446 lsst_hardware_r 204.3231900346564 139.82463844884523 31.670000076293945 AB 9.961228481155421 1.0139170930994372
61898.1636 lsst_hardware_i -51.773500770976945 112.699056706336 31.350000381469727 AB 10.16367827335454 1.0279320630446747
61900.1421 lsst_hardware_z 35.46224488702608 89.48786401378325 31.0 AB 7.141379463074988 1.0153018607535456
61900.1604 lsst_hardware_r 219.53958936116413 136.22115577141756 31.670000076293945 AB 7.2275834327220805 1.0304265319313886
61909.0964 lsst_hardware_g 571.3127441988411 27.566577827825416 31.459999084472656 AB 8.12202280976514 1.0117118597116452
61909.1164 lsst_hardware_r 1608.799211233349 46.16036017786401 31.510000228881836 AB 8.14599924296214 1.0147405941488297
61911.0931 lsst_hardware_i 1430.4993738157784 48.5462803025234 31.270000457763672 AB 7.18741588797554 1.0114099002733064
61911.1135 lsst_hardware_r 2004.9223775319952 50.80350722994605 31.520000457763672 AB 7.267661663776955 1.0160772202130144
61919.0716 lsst_hardware_u 8.988606709962294 3.5361813824018524 28.489999771118164 AB 9.729939576651734 1.0113756641184857
61927.0303 lsst_hardware_i 2454.7864700432197 104.67010297566917 31.34000015258789 AB 4.512498788381843 1.0194089772130899
61942.9896 lsst_hardware_z 1068.9629024263334 52.24351533251103 30.950000762939453 AB 5.371143407737429 1.0173583497941805
61943.0116 lsst_hardware_i 1564.0841866405644 49.44105538036745 31.260000228881836 AB 3.1272890137601683 1.011358490948149
61945.9782 lsst_hardware_u -2.8409063712660454 3.213916498773537 28.489999771118164 AB 5.127085279440474 1.0195715125494569
61945.9938 lsst_hardware_g 233.18176421568612 20.62237014526337 31.459999084472656 AB 5.078350315689595 1.01202676677752
61947.9701 lsst_hardware_y 457.23444313765714 50.308722343827874 30.049999237060547 AB 7.843571124910743 1.0216530642033517
61947.9913 lsst_hardware_r 1038.174131402597 39.636067749007616 31.530000686645508 AB 7.726509908214406 1.011499813433522
61956.9538 lsst_hardware_y 396.47110717244817 76.54114920589025 30.079999923706055 AB 5.718575704484852 1.0159132535947508
61956.9771 lsst_hardware_z 725.8504275178152 67.12143438690147 30.989999771118164 AB 6.602206505532177 1.0119099556336995
61958.9538 lsst_hardware_y 456.2576284051078 78.3305229014095 30.079999923706055 AB 1.683558979604155 1.0133781979960805
61958.9753 lsst_hardware_i 730.507797257928 67.47690196825097 31.329999923706055 AB 1.444639335550052 1.0128934868010881
62169.3724 lsst_hardware_z -197.2263120262576 98.61000061035156 31.75 AB 9.98681372929038 1.0158233926805178
62171.3717 lsst_hardware_i -21.41849644715132 65.63999938964844 31.34000015258789 AB 8.413416600941062 1.0135832384074848
62173.376 lsst_hardware_r -79.58917124446963 40.90999984741211 31.6200008392334 AB 4.425872108213193 1.0113196987310211
62175.3802 lsst_hardware_g -6.031443930036598 22.479999542236328 31.610000610351562 AB 6.746591277738805 1.0121405127377314
62177.3591 lsst_hardware_z 44.7139631473303 41.470001220703125 30.959999084472656 AB 3.448858775799385 1.0123356320530459
62177.3783 lsst_hardware_y 0.6703740376785008 49.630001068115234 30.059999465942383 AB 4.015695874380136 1.0132117429049965
62179.3584 lsst_hardware_g 13.390459951288308 15.449999809265137 31.489999771118164 AB 6.227887889103154 1.0114312446777352
62179.3764 lsst_hardware_y 16.3004570997906 47.7599983215332 30.059999465942383 AB 5.168204877716666 1.0146999105464658
62181.1896 lsst_hardware_r -23.25970845644003 36.58000183105469 32.13999938964844 AB 2.3442899110728117 1.7092890346869276
62181.2026 lsst_hardware_i 105.56256772590578 61.43000030517578 32.380001068115234 AB 2.2881511314011687 1.5608125043664178
62183.3148 lsst_hardware_z 9.540907166499677 41.61000061035156 30.950000762939453 AB 5.095594437391586 1.0328558705566864
62183.3332 lsst_hardware_r -14.101873486267175 24.020000457763672 31.510000228881836 AB 5.091361425936169 1.0163750517572527
62185.3483 lsst_hardware_u 4.683367995826745 2.8399999141693115 28.520000457763672 AB 5.3387618778885395 1.0113685773883097
62185.3656 lsst_hardware_r 18.640389240581587 24.1200008392334 31.520000457763672 AB 5.272186948640312 1.017878583922203
62187.3173 lsst_hardware_i 0.17043545147385478 31.06999969482422 31.260000228881836 AB 3.7147271778288213 1.0196890414023665
62187.3325 lsst_hardware_z -19.37063282309539 41.11000061035156 30.959999084472656 AB 3.64645569643637 1.0121546159612425
62189.3332 lsst_hardware_r -17.606106560334595 23.709999084472656 31.510000228881836 AB 11.281684998711336 1.011266134699833
62189.3496 lsst_hardware_u 4.0467399555143055 2.799999952316284 28.489999771118164 AB 9.501122913460433 1.0149416919172582
62191.3319 lsst_hardware_g -3.8550199504129923 15.270000457763672 31.479999542236328 AB 10.01859068539053 1.0113659080749575
62191.35 lsst_hardware_r 9.48732863063241 24.059999465942383 31.530000686645508 AB 10.184055109924198 1.01840551099242
62193.329 lsst_hardware_i -5.393727867690375 41.29999923706055 31.299999237060547 AB 6.648605397803668 1.0117076435917325
62193.3484 lsst_hardware_z -29.427385711352784 41.150001525878906 30.950000762939453 AB 6.740444134964128 1.0213181006801966
62195.3167 lsst_hardware_z 12.74414784422903 64.9800033569336 31.0 AB 5.285405800146833 1.011270601769221
62195.3358 lsst_hardware_r 117.51503746085572 91.12999725341797 31.670000076293945 AB 4.865401806869387 1.0163249896849729
62197.3144 lsst_hardware_z -88.13893876798852 80.25 31.0 AB 3.510836341414153 1.0112826715547247
62197.3329 lsst_hardware_r 50.434169003095285 112.26000213623047 31.670000076293945 AB 3.480430176435063 1.0179176728545152
62201.296 lsst_hardware_r 0.07728239950762236 50.029998779296875 31.639999389648438 AB 7.24990699092988 1.0117796372800165
62201.3154 lsst_hardware_z 55.517125367812085 48.68000030517578 30.969999313354492 AB 7.254526586316703 1.0142644650565231
62203.2985 lsst_hardware_g 4.505524062893662 22.540000915527344 31.59000015258789 AB 9.784446402360153 1.0113122896496554
62203.318 lsst_hardware_r -17.68645880269934 28.549999237060547 31.549999237060547 AB 9.913424313598995 1.0189386874791257
62205.2979 lsst_hardware_i 18.34278171056629 31.100000381469727 31.260000228881836 AB 8.73527718018258 1.012042617615963
62205.3156 lsst_hardware_z -36.9797751281834 41.349998474121094 30.950000762939453 AB 8.786797094675771 1.0212851607464892
62209.2811 lsst_hardware_u 4.792662390870899 2.759999990463257 28.459999084472656 AB 11.020246595228551 1.0112560058632465
62209.3002 lsst_hardware_r 8.636114782159154 23.65999984741211 31.5 AB 10.773551628719675 1.0179573514167923
62210.2769 lsst_hardware_i 38.61846100726334 30.760000228881836 31.260000228881836 AB 8.797748690234283 1.0112354816361244
62210.2962 lsst_hardware_z -17.069215836300533 41.060001373291016 30.950000762939453 AB 8.44223850149933 1.017137168855341
62212.2797 lsst_hardware_r -32.32830958269273 23.670000076293945 31.520000457763672 AB 7.996891779986045 1.0122647822767146
62212.299 lsst_hardware_u 4.962926419523387 2.8499999046325684 28.540000915527344 AB 8.29556535463224 1.0234489364792105
62215.2658 lsst_hardware_g 5.4398774617171775 15.140000343322754 31.489999771118164 AB 5.051941855678979 1.011315410261869
62215.2838 lsst_hardware_r 37.78326987328628 23.90999984741211 31.530000686645508 AB 5.079541782673219 1.0179442450246932
62217.2622 lsst_hardware_i -98.82365507834602 31.18000030517578 31.280000686645508 AB 5.351380699191206 1.0115075511182698
62217.2823 lsst_hardware_z -30.011573676747066 41.380001068115234 30.959999084472656 AB 5.346694131901332 1.020848521604073
62221.2578 lsst_hardware_r -55.28174715869749 38.959999084472656 31.6200008392334 AB 7.192826405722846 1.013074141651105
62221.2749 lsst_hardware_i -2.717584291983742 38.45000076293945 31.299999237060547 AB 7.269539674678594 1.0238788274195203
62223.2367 lsst_hardware_z 20.374901360924948 62.34000015258789 31.0 AB 7.685109996345239 1.0116423865307467
62223.2549 lsst_hardware_i -43.50814644449037 67.55999755859375 31.34000015258789 AB 7.767443888754377 1.014070745735808
62225.2487 lsst_hardware_z 97.69674626690878 133.0500030517578 31.760000228881836 AB 6.53605214204458 1.013760543177185
62227.2333 lsst_hardware_r 83.28463453361194 121.9000015258789 31.670000076293945 AB 4.257549599937871 1.0113344787848901
