data/validation/pwv_sim_epoch_fit_seasonal/54695972.ecsv
# %ECSV 0.9
# ---
# datatype:
# - {name: time, datatype: float64}
# - {name: band, datatype: string}
# - {name: flux, datatype: float64}
# - {name: fluxerr, datatype: float64}
# - {name: zp, datatype: float64}
# - {name: zpsys, datatype: string}
# - {name: pwv, datatype: float64}
# - {name: airmass, datatype: float64}
# meta: {SNID: '54695972', alt: 1024.0, c: -0.04104037582874298, dec: -7.030393, lat: -30.244573, lon: -70.7499537, ra: 355.78125, t0: 61591.0390625,
#   x0: 3.428693258284508e-06, x1: 0.809233546257019, z: 0.7155418395996094}
# schema: astropy-2.0
time band flux fluxerr zp zpsys pwv airmass
61575.4097 lsst_hardware_i 710.4538023699981 69.90501519664672 31.309999465942383 AB 3.229162895812587 1.1120345161496599
61575.4297 lsst_hardware_y 229.4045859556264 55.6742692413959 30.040000915527344 AB 2.845359416855862 1.0928977979089374
61579.4042 lsst_hardware_i 997.4423143131945 73.27490270477504 31.31999969482422 AB 3.6199494552221876 1.105159351311918
61579.4281 lsst_hardware_y 275.92715309431 56.73435059533907 30.040000915527344 AB 3.1822786095119047 1.0896659527505452
61581.4231 lsst_hardware_z 1321.610752536316 94.83781424980748 31.729999542236328 AB 4.539539432069232 1.0895984235390646
61584.3368 lsst_hardware_z 1295.751880189737 75.37777425401349 31.690000534057617 AB 6.258164580925063 1.2388112200574564
61584.3561 lsst_hardware_y 653.2581445390745 73.22820144895668 30.760000228881836 AB 5.971498395821551 1.1725488971226845
61586.4146 lsst_hardware_u 3.8771897350931073 3.2489051310510244 28.469999313354492 AB 4.4399306158226155 1.0894198542075153
61586.4388 lsst_hardware_y 289.4554569318546 56.391130161141234 30.030000686645508 AB 5.0207617349531155 1.1030600662657888
61590.3961 lsst_hardware_i 1180.767383904333 47.0927656730127 31.25 AB 6.871193568494898 1.0900600568723564
61590.4187 lsst_hardware_r 1000.3336054216932 40.49635384431994 31.510000228881836 AB 6.284162480970036 1.0950402929156813
61597.2732 lsst_hardware_r 1573.0109262482192 53.461939059262164 32.20000076293945 AB 12.042581160959214 1.3864357772230271
61597.3084 lsst_hardware_i 2089.213402194 65.31350953565136 31.989999771118164 AB 10.376495971416167 1.2116766570037854
61606.3323 lsst_hardware_i 936.6536979421254 90.1439476212009 31.31999969482422 AB 3.5438922119306167 1.1031571087718566
61606.3549 lsst_hardware_z 662.5469490024906 77.53839376265985 30.989999771118164 AB 2.997767502036714 1.0896019998316089
61610.3469 lsst_hardware_i 825.6432761921534 74.41325503915363 31.31999969482422 AB 5.470116988742746 1.0893753960586987
61610.3678 lsst_hardware_r 456.2857317148099 84.26141918177956 31.639999389648438 AB 5.606024165339006 1.097857072655984
61616.3315 lsst_hardware_u 0.7600872792190584 2.8988807242185386 28.440000534057617 AB 4.849640190058137 1.0893783770557952
61616.3494 lsst_hardware_g 57.20455992426326 16.9229954184434 31.440000534057617 AB 5.256915478658665 1.0962565296799665
61618.323 lsst_hardware_r 249.9407980311428 29.03038044840444 31.5 AB 5.260938286808609 1.0895031399034139
61618.3424 lsst_hardware_i 407.3351159161483 38.033815120721044 31.25 AB 5.640476237718568 1.0951495000828868
61621.2965 lsst_hardware_i 355.71551192185757 37.25113166676574 31.25 AB 2.0168535336201585 1.098205027835643
61621.3176 lsst_hardware_z 284.8760383598413 46.40478664864241 30.950000762939453 AB 2.0008211508833798 1.0893763071960325
61623.2871 lsst_hardware_i 356.54645559336444 36.8300177427134 31.25 AB 1.364971738311539 1.101894440614764
61623.3066 lsst_hardware_u -1.7100793033300157 2.8742667372098967 28.459999084472656 AB 2.975531198172998 1.0899381678291022
61625.2928 lsst_hardware_g 9.567517807842162 15.822672771390685 31.440000534057617 AB 2.849066854838365 1.0931321862789483
61625.3118 lsst_hardware_r 163.17924253692215 27.18364001863596 31.489999771118164 AB 2.795024209334024 1.0899613451192087
61630.2945 lsst_hardware_z 484.5882826198432 75.15682787540305 31.719999313354492 AB 4.0193000273617745 1.089438026932176
61643.2294 lsst_hardware_g 28.300112271242494 15.668000325796289 31.43000030517578 AB 2.7521041490521445 1.1052627104627086
61643.2452 lsst_hardware_r 82.34935225321433 25.639361486554396 31.5 AB 2.713532107961545 1.0923309391324567
61648.2023 lsst_hardware_i 79.59241455687743 33.94813462927868 31.25 AB 4.386704802376246 1.1247961031733964
61648.2187 lsst_hardware_z 47.13874426379228 44.15665993870295 30.950000762939453 AB 4.653398072869936 1.1020480930420216
61650.2256 lsst_hardware_i 126.98116627390037 33.70005536423396 31.25 AB 2.376626395578195 1.0925762075982968
61650.2423 lsst_hardware_u -1.0276937338346201 2.861770867018447 28.3799991607666 AB 2.37397009890521 1.0897269216916272
61652.1961 lsst_hardware_u 0.2342716141764004 2.895256164800979 28.399999618530273 AB 1.675510966413582 1.1170073109423881
61652.2146 lsst_hardware_g 21.596430855419673 16.14366537278754 31.450000762939453 AB 1.8073586326435223 1.0960331307720246
61654.1989 lsst_hardware_r 42.64981735811543 25.533663717317893 31.5 AB 0.6833891470594875 1.1058076813260316
61654.2167 lsst_hardware_i 75.51753434297531 33.3527105630442 31.25 AB 0.46339666713350125 1.091629368983513
61656.2036 lsst_hardware_z 237.505671443522 63.98302001486817 31.700000762939453 AB 2.8451809512467947 1.0960920547998823
61673.1479 lsst_hardware_z 12.64297161083102 43.7343598501667 30.940000534057617 AB 6.04176781524955 1.1047972355082682
61673.1674 lsst_hardware_r 57.159760655134164 25.766001768878244 31.510000228881836 AB 6.795114721551056 1.0906648563943753
61677.139 lsst_hardware_u -0.1401201424037799 2.799999952316284 28.43000030517578 AB 4.391706165148363 1.1025895763705194
61677.1582 lsst_hardware_r -13.35030134180252 24.739999771118164 31.510000228881836 AB 4.344690027672139 1.0901697961706323
61679.1343 lsst_hardware_i -33.064088845376794 32.13999938964844 31.25 AB 6.554815545662358 1.1018039858236208
61679.1536 lsst_hardware_z 52.18426692663463 42.459999084472656 30.940000534057617 AB 6.633358600986255 1.0899671807725801
61683.1081 lsst_hardware_u -0.1231983572283592 3.1500000953674316 28.530000686645508 AB 3.958580596830692 1.1224443458794482
61683.1276 lsst_hardware_g -4.3496253878574676 16.59000015258789 31.479999542236328 AB 4.704471411832128 1.097892978257206
61685.1071 lsst_hardware_r 73.53502746762706 31.639999389648438 31.559999465942383 AB 8.961837686435258 1.1153384868149359
61685.1257 lsst_hardware_i -4.159824245075454 35.349998474121094 31.270000457763672 AB 4.16897174959123 1.0951764666178994
61687.1038 lsst_hardware_z 106.2236673008288 49.02000045776367 30.959999084472656 AB 6.4367990633177214 1.112221932377927
61687.1238 lsst_hardware_r -20.156461961459655 47.9900016784668 31.610000610351562 AB 6.333488152958248 1.0929857604042383
61690.0988 lsst_hardware_z -17.542300508150113 79.16999816894531 30.979999542236328 AB 6.416057137992563 1.1079997360106693
61690.1158 lsst_hardware_r 17.34425799240295 109.83999633789062 31.649999618530273 AB 6.333709318593734 1.0928824764271112
61691.1035 lsst_hardware_i 33.739276777055565 109.95999908447266 31.329999923706055 AB 5.743987311118187 1.0998890619362074
61691.1222 lsst_hardware_z 76.7080135063074 91.91000366210938 30.989999771118164 AB 5.6748315106924405 1.0897071325659604
61693.0984 lsst_hardware_r 20.967901839930477 135.0 31.649999618530273 AB 6.81724048341518 1.0995549166798677
61693.1162 lsst_hardware_z 213.92170117489127 91.52999877929688 30.989999771118164 AB 6.75676107237285 1.0898001729633628
61695.1053 lsst_hardware_g -19.004029020351368 92.4800033569336 31.719999313354492 AB 7.501658873819814 1.0914017347733147
61695.1221 lsst_hardware_r 125.82918265904999 89.41999816894531 31.649999618530273 AB 7.508373561110448 1.0903164772840739
61697.0761 lsst_hardware_r 12.140921225039108 24.450000762939453 31.5 AB 4.226228065146433 1.112775354509209
61697.094 lsst_hardware_i 6.443438104053463 31.959999084472656 31.25 AB 4.615631749035083 1.0944648168913857
61701.0753 lsst_hardware_z 7.832054069147405 42.33000183105469 30.950000762939453 AB 4.819865846450292 1.10074013050527
61701.0923 lsst_hardware_r 16.188205036345714 24.170000076293945 31.5 AB 5.82528129826997 1.090264139672463
61706.07 lsst_hardware_i 40.28732451567343 31.8799991607666 31.25 AB 2.853413690144899 1.0941003413132282
61706.0856 lsst_hardware_z -18.596686113402786 42.29999923706055 30.940000534057617 AB 4.036158780315749 1.0893815871296353
61708.0725 lsst_hardware_r -3.5001514425385505 24.329999923706055 31.5 AB 5.564233721610598 1.090456046827178
61708.0915 lsst_hardware_u 1.8065310236673562 2.7300000190734863 28.389999389648438 AB 6.552903202256484 1.092150533709414
61721.0205 lsst_hardware_y -27.37704558355626 61.310001373291016 30.040000915527344 AB 5.839012804742995 1.1009215752520378
61721.0391 lsst_hardware_z 105.23633208608702 73.05000305175781 30.979999542236328 AB 5.768421744777895 1.0899238062877459
61723.0209 lsst_hardware_y 66.86895311187699 58.599998474121094 30.040000915527344 AB 6.678208289274149 1.095911103880886
61723.0389 lsst_hardware_z 43.41488067479142 64.83999633789062 30.979999542236328 AB 6.608884678622906 1.0893765953774022
61727.0187 lsst_hardware_y 71.19100082574658 58.59000015258789 30.040000915527344 AB 8.270048615424539 1.0910954140519429
61727.0385 lsst_hardware_r -4.729020134331617 24.700000762939453 31.5 AB 8.283560769534741 1.0916419121265077
61946.352 lsst_hardware_u 1.4576938413561296 3.9000000953674316 29.09000015258789 AB 4.4010946583671995 1.2145418061909126
61946.3746 lsst_hardware_y -64.80983188846731 68.69999694824219 30.760000228881836 AB 4.14709483558032 1.147852335992691
61952.3985 lsst_hardware_z -6.1638679103000245 85.0999984741211 32.45000076293945 AB 10.597282551949435 1.092503355871076
61957.3972 lsst_hardware_r -9.81771126544652 66.88999938964844 31.639999389648438 AB 5.354827232369804 1.089412837183603
61957.4187 lsst_hardware_z 178.26721815773087 53.15999984741211 30.969999313354492 AB 5.756394663695292 1.0988107208198752
61961.3711 lsst_hardware_z -96.12858540700695 67.75 30.979999542236328 AB 8.750815759103759 1.0940913023603682
61961.3904 lsst_hardware_i 121.43947916445742 74.69999694824219 31.31999969482422 AB 10.485272968247665 1.0897564145069458
61963.3775 lsst_hardware_z -169.87256459886174 102.9800033569336 31.739999771118164 AB 8.291063899168712 1.089639098326812
61967.3908 lsst_hardware_z -39.52849509308019 64.79000091552734 31.700000762939453 AB 3.8037605532525682 1.0982946737014152
61977.3344 lsst_hardware_r 13.473109444731866 24.299999237060547 31.489999771118164 AB 7.767825510129732 1.0907824625720464
61977.3533 lsst_hardware_i 56.9455055114482 31.889999389648438 31.239999771118164 AB 7.771335908987091 1.0917353185184393
61980.3354 lsst_hardware_z 1.8351570165930793 42.40999984741211 30.940000534057617 AB 4.594354471560274 1.0894410476766252
61980.354 lsst_hardware_i 44.92908238129758 31.920000076293945 31.239999771118164 AB 4.627966593695376 1.097216222944671
61984.33 lsst_hardware_r 48.11797153735119 42.220001220703125 31.59000015258789 AB 1.5256630444460542 1.0902784976984665
61984.3497 lsst_hardware_i -20.19869864172044 40.43000030517578 31.280000686645508 AB 1.5518096801859758 1.1034437166527442
61989.2866 lsst_hardware_r 11.696485711574638 126.38999938964844 31.649999618530273 AB 4.5721057268727305 1.1004305973459176
61991.2628 lsst_hardware_r 269.3825076477911 177.39999389648438 32.400001525878906 AB 3.7782123117355395 1.1253052305988205
61991.2822 lsst_hardware_i -235.0006491217292 101.70999908447266 31.34000015258789 AB 3.536905924907747 1.0994423142392746
61993.2605 lsst_hardware_z 78.64704510569825 64.3499984741211 30.979999542236328 AB 7.557624379419788 1.1199384106130905
61993.2801 lsst_hardware_i 6.93330374984068 68.1500015258789 31.31999969482422 AB 7.276089681068712 1.0966224086011624
61996.2814 lsst_hardware_z 67.83159859817994 45.08000183105469 30.959999084472656 AB 3.8900847749212772 1.0911878751532333
61996.3029 lsst_hardware_g -5.065552515597419 30.68000030517578 31.649999618530273 AB 3.679647258734009 1.0924237284712546
62000.2474 lsst_hardware_g -12.835978255042747 15.569999694824219 31.469999313354492 AB 2.724256075991451 1.1109965305657574
62000.2668 lsst_hardware_r 11.19126434837793 24.600000381469727 31.520000457763672 AB 3.262450029192343 1.0928565544568605
62010.1267 lsst_hardware_r -45.692137347696445 34.27000045776367 31.489999771118164 AB 5.888667049008107 1.5099146279507967
62010.1497 lsst_hardware_g 40.52895931892866 28.75 31.549999237060547 AB 5.240611769373164 1.3437466075315805
62012.228 lsst_hardware_r -145.2593909734827 61.54999923706055 32.36000061035156 AB 3.06437114200626 1.0968011961724915
62012.2473 lsst_hardware_i -8.654797558597293 58.66999816894531 32.040000915527344 AB 3.0284353889784805 1.0894305614168045
62014.2147 lsst_hardware_z 97.77572271188353 54.779998779296875 30.969999313354492 AB 1.8633364128549101 1.1041993557658727
62014.2311 lsst_hardware_i -20.931332569534128 55.59000015258789 31.309999465942383 AB 1.8426242693100525 1.0916559482458963
62019.1931 lsst_hardware_r 143.19666165889222 159.00999450683594 31.639999389648438 AB 0.7018005393837666 1.1144113368539368
62019.2106 lsst_hardware_z -31.0440693451625 105.91999816894531 31.0 AB 0.4642310848671187 1.0955305837572122
62022.194 lsst_hardware_y -2.85872866539354 53.130001068115234 30.040000915527344 AB 3.5826864086789496 1.10295894979726
62022.2123 lsst_hardware_r 107.48722395381138 71.69000244140625 31.639999389648438 AB 3.4101533425910917 1.090551116914324
62028.1674 lsst_hardware_r 5.921106743234374 25.049999237060547 31.520000457763672 AB 1.1714273813166418 1.1160880171337595
62028.1853 lsst_hardware_i 48.10633268089176 32.310001373291016 31.260000228881836 AB 1.0581512466167888 1.0960565351237177
62029.1617 lsst_hardware_z 0.7131633432665061 43.189998626708984 30.950000762939453 AB 3.557544064366438 1.1207804875924718
62029.1791 lsst_hardware_r 18.509514148207842 25.040000915527344 31.510000228881836 AB 3.287624611207557 1.0988662284689448
62032.1762 lsst_hardware_u 4.920624320939007 2.8399999141693115 28.450000762939453 AB 6.700161721661216 1.0947827597654525
62032.1949 lsst_hardware_r 24.441280389730085 24.969999313354492 31.510000228881836 AB 6.658347408796961 1.0895527103154403
62034.1444 lsst_hardware_g 6.398454358019304 15.869999885559082 31.459999084472656 AB 5.144108743840425 1.1271053338826522
62034.1638 lsst_hardware_i -53.593002433687815 32.31999969482422 31.25 AB 4.993516104607931 1.1003781632013951
62036.1494 lsst_hardware_z 42.07455816507593 42.7400016784668 30.940000534057617 AB 1.4645239317622174 1.1106096550273081
62036.169 lsst_hardware_r -10.837852091455344 24.729999542236328 31.510000228881836 AB 2.170188537541312 1.0926059345708306
62040.1439 lsst_hardware_r 56.34743336329589 35.95000076293945 31.579999923706055 AB 4.27576206144302 1.1039922699310665
62040.1634 lsst_hardware_i 38.016559106831174 37.310001373291016 31.270000457763672 AB 4.229332327881075 1.0904791030397478
62042.1375 lsst_hardware_z -105.01567311835238 52.189998626708984 30.959999084472656 AB 4.420188223378335 1.1050470558445837
62042.157 lsst_hardware_r 60.18875005540068 56.790000915527344 31.6200008392334 AB 4.338722404787932 1.0907707378164582
62045.1363 lsst_hardware_z -40.55181170535577 91.27999877929688 30.989999771118164 AB 4.821394729755937 1.098100834289969
62045.1554 lsst_hardware_r -140.38045039334492 133.1300048828125 31.649999618530273 AB 4.775368130626899 1.0894790213986107
62047.1341 lsst_hardware_i 257.5915403041196 118.43000030517578 31.34000015258789 AB 1.9795063708408116 1.0955666659021188
62047.1533 lsst_hardware_z 10.381466727466526 99.79000091552734 31.0 AB 1.9660875118922871 1.0894966586335164
62049.1079 lsst_hardware_z 21.305790346142246 78.25 30.979999542236328 AB 3.8423733129627884 1.1194639155956458
62049.1262 lsst_hardware_r 6.451909341313963 111.48999786376953 31.639999389648438 AB 4.785025210049977 1.0974199208875586
62053.1069 lsst_hardware_r -19.59306990577644 24.719999313354492 31.510000228881836 AB 3.524970114842306 1.1056995341412503
62053.1248 lsst_hardware_i 57.15189342569637 32.2400016784668 31.260000228881836 AB 3.4468420816578034 1.0915788287736443
62056.0999 lsst_hardware_z -53.68472982554546 42.70000076293945 30.950000762939453 AB 5.767778985913051 1.1043390852818809
62056.1188 lsst_hardware_r -1.3523134369764251 24.540000915527344 31.520000457763672 AB 5.691592189219995 1.0907612474549626
62058.0997 lsst_hardware_u -2.2613333985070003 2.7200000286102295 28.3799991607666 AB 6.81416713989502 1.0990592161121
62058.1186 lsst_hardware_r -10.233047608044673 24.34000015258789 31.5 AB 6.755483491006753 1.0895941114527021
62060.0991 lsst_hardware_i 46.37418183555239 31.90999984741211 31.25 AB 7.548434272723424 1.0952193465127207
62061.0151 lsst_hardware_r 76.01449511272735 25.31999969482422 31.469999313354492 AB 6.932377114958264 1.3174414889696435
62069.0756 lsst_hardware_z -84.97744262662457 44.79999923706055 30.950000762939453 AB 2.3808171374861473 1.0945027640437408
62069.0934 lsst_hardware_r 24.682660583294282 35.060001373291016 31.59000015258789 AB 2.4819897083527205 1.089507864807135
62074.0697 lsst_hardware_z -33.468198309945905 80.23999786376953 31.0 AB 4.384604908521614 1.090742959953965
62074.087 lsst_hardware_r 60.107029927171396 111.81999969482422 31.649999618530273 AB 5.4164819313816155 1.091152685612462
62078.0494 lsst_hardware_z 72.70901153021848 65.41000366210938 30.979999542236328 AB 4.397748502988846 1.0956025169379286
62078.0682 lsst_hardware_r 55.54675478193502 91.16000366210938 31.639999389648438 AB 4.402523467590954 1.0894638623090704
62080.0415 lsst_hardware_u -0.9659968723755433 2.759999990463257 28.40999984741211 AB 2.645339022756428 1.0974613058972216
62080.0612 lsst_hardware_g 4.715758596338356 15.390000343322754 31.450000762939453 AB 3.6059130659759395 1.0894271454894733
62082.0467 lsst_hardware_r -8.444810917603613 24.40999984741211 31.510000228881836 AB 8.185780628422444 1.0911464447379098
62082.0631 lsst_hardware_i -32.66935268018728 31.889999389648438 31.260000228881836 AB 8.181784462179134 1.0904684075941802
62084.0476 lsst_hardware_z -40.773930927635966 42.68000030517578 30.950000762939453 AB 9.383561315337943 1.08959142073122
62084.0652 lsst_hardware_r 34.53393776618594 24.56999969482422 31.510000228881836 AB 9.358265242075417 1.0938303129069507
62087.0218 lsst_hardware_y -7.056169948707408 50.869998931884766 30.030000686645508 AB 5.647367695979493 1.0979442404250264
62087.04 lsst_hardware_u 1.1898945978683482 2.759999990463257 28.40999984741211 AB 5.864937099288353 1.089529462992805
62092.0178 lsst_hardware_y 117.6380613463822 59.41999816894531 30.040000915527344 AB 8.268596428883562 1.0917920923691722
62092.038 lsst_hardware_r 3.50225473965152 24.729999542236328 31.5 AB 8.285801350945151 1.0912061832476412
62094.0198 lsst_hardware_y 24.196310525078577 58.68000030517578 30.040000915527344 AB 8.149687296874475 1.0896517834261137
62094.0407 lsst_hardware_g 8.936859424389235 15.819999694824219 31.450000762939453 AB 8.201844980239782 1.095673284086002
