data/validation/pwv_sim_epoch_fit_seasonal/54725034.ecsv
# %ECSV 0.9
# ---
# datatype:
# - {name: time, datatype: float64}
# - {name: band, datatype: string}
# - {name: flux, datatype: float64}
# - {name: fluxerr, datatype: float64}
# - {name: zp, datatype: float64}
# - {name: zpsys, datatype: string}
# - {name: pwv, datatype: float64}
# - {name: airmass, datatype: float64}
# meta: {SNID: '54725034', alt: 1024.0, c: 0.0931277647614479, dec: -39.065495, lat: -30.244573, lon: -70.7499537, ra: 225.527344, t0: 63069.52734375,
#   x0: 1.0945569302900804e-05, x1: -2.8654367923736572, z: 0.44342586398124695}
# schema: astropy-2.0
time band flux fluxerr zp zpsys pwv airmass
62919.385 lsst_hardware_i -24.357679271661205 45.7599983215332 32.02000045776367 AB 8.739947205935206 1.016194156181909
62919.3963 lsst_hardware_y 52.97728834685022 66.38999938964844 30.079999923706055 AB 8.719561090272347 1.01272486530457
62921.3834 lsst_hardware_r 21.915965617763813 23.760000228881836 31.520000457763672 AB 10.877937622137532 1.0146146785251284
62921.3944 lsst_hardware_y 20.593464015823823 57.5099983215332 30.06999969482422 AB 10.83828246027723 1.012355918202618
62923.3855 lsst_hardware_g -14.942986833470597 15.479999542236328 31.479999542236328 AB 5.9202862166455725 1.0127071872469333
62923.3966 lsst_hardware_y 37.37612175475904 60.33000183105469 30.06999969482422 AB 5.9292124494266325 1.0127327116989238
62925.3771 lsst_hardware_i 12.93536814609425 30.719999313354492 31.260000228881836 AB 4.8119877914451745 1.0132633799631867
62925.3891 lsst_hardware_z -90.89751431207394 42.81999969482422 30.959999084472656 AB 4.78766349281097 1.012476418894185
62927.3754 lsst_hardware_r -36.19200276053689 23.3700008392334 31.510000228881836 AB 3.0879075680413206 1.012594709966001
62927.3879 lsst_hardware_y 59.47238130613794 48.02000045776367 30.059999465942383 AB 3.089574677888862 1.0131413929788038
62929.3811 lsst_hardware_r -37.11095302251227 23.229999542236328 31.5 AB 6.89981754101754 1.0128792035257261
62929.3927 lsst_hardware_y 44.20971227408747 48.560001373291016 30.059999465942383 AB 6.957772700275489 1.0167846605773108
62935.3615 lsst_hardware_r 100.83723618896127 94.22000122070312 31.670000076293945 AB 8.527947915873439 1.0124496669913379
62935.3736 lsst_hardware_z 87.35958596973599 65.43000030517578 30.989999771118164 AB 8.448507462633918 1.015537153305178
62937.3659 lsst_hardware_y 55.6197877175364 55.380001068115234 30.06999969482422 AB 6.968450597823814 1.0146628222960785
62937.3771 lsst_hardware_r -87.64545276841733 89.30999755859375 31.670000076293945 AB 7.422089233505065 1.0204288490417357
62939.3582 lsst_hardware_i 89.5504008046698 59.06999969482422 31.329999923706055 AB 10.574578685801296 1.0139266190681424
62939.3717 lsst_hardware_z 13.664424046056473 56.439998626708984 30.979999542236328 AB 10.663565350893505 1.0204694265424898
62941.3672 lsst_hardware_r 2.511354838641353 37.70000076293945 31.600000381469727 AB 7.669188901488856 1.0211289396829686
62941.3794 lsst_hardware_g -12.647364077769454 34.0 31.68000030517578 AB 7.934614319693901 1.0318094043815216
62943.3657 lsst_hardware_i 7.076688207761238 31.43000030517578 31.270000457763672 AB 7.622564914974563 1.024125341256827
62943.3787 lsst_hardware_z -21.08640813314887 41.66999816894531 30.950000762939453 AB 7.407153723663057 1.0371622814664552
62946.3163 lsst_hardware_i 41.15627787019936 30.559999465942383 31.270000457763672 AB 3.9848960569032448 1.014226535226054
62946.329 lsst_hardware_z -2.9121259213039723 40.83000183105469 30.959999084472656 AB 4.002431002671676 1.0123126152820985
62948.3134 lsst_hardware_r 21.523174870207548 23.0 31.520000457763672 AB 6.239865937650775 1.013486251750214
62948.3248 lsst_hardware_u 1.605284360870895 2.930000066757202 28.6299991607666 AB 6.233792653225184 1.0123627975789373
62950.3158 lsst_hardware_g -20.359529757351005 14.390000343322754 31.469999313354492 AB 6.189148472012078 1.0123326063401477
62950.3267 lsst_hardware_r 2.061730645362199 23.06999969482422 31.530000686645508 AB 6.258991986976766 1.013519874824187
62952.3107 lsst_hardware_z 45.75298386245337 40.810001373291016 30.950000762939453 AB 7.027527753400032 1.0123203332468962
62952.3227 lsst_hardware_u -1.7783371746911032 2.880000114440918 28.59000015258789 AB 7.02320942289626 1.0139256394263196
62954.315 lsst_hardware_g -5.804356024805915 14.359999656677246 31.479999542236328 AB 7.502678604497452 1.0133277423686455
62954.3263 lsst_hardware_r -3.3695314526392623 23.049999237060547 31.530000686645508 AB 7.57345488339263 1.0177550909414788
62956.2975 lsst_hardware_r 1.110671117964625 22.989999771118164 31.510000228881836 AB 4.149734672080206 1.0124596629994125
62956.3087 lsst_hardware_i -2.3752592366617957 43.11000061035156 32.0099983215332 AB 4.113851613272785 1.0131391733217057
62956.3217 lsst_hardware_z -4.0514380840225535 40.880001068115234 30.950000762939453 AB 4.124200517657026 1.0182373099309587
62958.2943 lsst_hardware_z 24.123474740914258 40.869998931884766 30.959999084472656 AB 8.924375994956442 1.0123218098240554
62958.3073 lsst_hardware_i -51.610965578216074 30.479999542236328 31.260000228881836 AB 8.946368772475196 1.0142316983439021
62960.2963 lsst_hardware_z 3.256419914537849 46.70000076293945 30.969999313354492 AB 6.958306519770431 1.0128539330087962
62960.3083 lsst_hardware_g -18.37448349753535 34.52000045776367 31.690000534057617 AB 6.949950985926053 1.016904781328724
62965.2879 lsst_hardware_z -132.333481972184 118.02999877929688 31.75 AB 5.271498902767213 1.014139842779379
62968.2443 lsst_hardware_r -88.99591901524478 64.5 31.649999618530273 AB 6.958173031511661 1.0200730117664154
62968.2581 lsst_hardware_z 32.99163625295745 54.65999984741211 30.979999542236328 AB 6.0278052315099995 1.0136727876078364
62970.285 lsst_hardware_i 1.2503094850737209 36.38999938964844 31.290000915527344 AB 7.136035788444973 1.0191425004919985
62970.2963 lsst_hardware_z 34.84520378675234 43.7400016784668 30.959999084472656 AB 7.555094670354431 1.0279040367829158
62972.2665 lsst_hardware_i -23.25596966812574 31.1299991607666 31.270000457763672 AB 16.758864376652298 1.0134877413688836
62972.278 lsst_hardware_z 16.961727499857503 41.279998779296875 30.959999084472656 AB 16.81317230779984 1.0182293243042913
62973.2939 lsst_hardware_g 22.2277733014844 20.780000686645508 32.209999084472656 AB 14.406396236719068 1.0338282193555126
62973.3078 lsst_hardware_r 3.9641800110665626 33.5 32.27000045776367 AB 14.656717230513266 1.0522006925677316
62977.2615 lsst_hardware_u -1.067469916394159 2.8299999237060547 28.549999237060547 AB 8.40856504060081 1.0167141639515709
62977.2736 lsst_hardware_g -6.413852421376816 14.510000228881836 31.459999084472656 AB 8.414026696666312 1.0247261839807957
62979.276 lsst_hardware_r 42.81398369715825 23.219999313354492 31.510000228881836 AB 5.834564571462706 1.0321791316421818
62979.2871 lsst_hardware_i -86.50954294925066 30.84000015258789 31.25 AB 5.907298642555421 1.0458480925149758
62984.2243 lsst_hardware_r -15.236663831277347 23.209999084472656 31.510000228881836 AB 2.1746915924469516 1.0123084335840575
62984.2362 lsst_hardware_i 27.772042249105148 30.700000762939453 31.260000228881836 AB 2.187877962520228 1.014197688038117
62986.2072 lsst_hardware_z 7.09218301840783 40.83000183105469 30.950000762939453 AB 11.237475796356874 1.0141973613234043
62986.2194 lsst_hardware_i 34.730523180091716 30.559999465942383 31.25 AB 10.003657513515506 1.0123110214041193
62990.2158 lsst_hardware_r -29.549406630187377 69.73999786376953 31.65999984741211 AB 9.634001949219789 1.0131278887971034
62990.2273 lsst_hardware_i -95.98020187372079 58.13999938964844 31.329999923706055 AB 9.706781577453834 1.0173757024896586
62995.2003 lsst_hardware_i 88.57857743214355 80.38999938964844 31.34000015258789 AB 7.80350256856515 1.0127842399176326
62995.214 lsst_hardware_z 60.44467073899593 70.5 31.0 AB 8.495892301714935 1.0175635298637713
62997.1885 lsst_hardware_r -41.941488289255254 54.22999954223633 31.649999618530273 AB 7.8840568560405995 1.0123122929282304
62999.1491 lsst_hardware_u -0.8786495222406482 2.859999895095825 28.549999237060547 AB 7.17600853407707 1.0285972241205577
62999.1581 lsst_hardware_r 12.789048892543164 23.56999969482422 31.520000457763672 AB 7.073156872007888 1.021136445231563
63002.1994 lsst_hardware_z 28.621858149648236 41.060001373291016 30.950000762939453 AB 5.4999758826487755 1.0202774949261693
63002.2118 lsst_hardware_i 59.70129679357759 30.829999923706055 31.25 AB 5.449836060274558 1.0307180999432486
63005.1856 lsst_hardware_u 2.1438845426596704 2.7899999618530273 28.5 AB 8.518572866476578 1.0169912390958395
63005.1982 lsst_hardware_g -26.673283077790344 14.819999694824219 31.459999084472656 AB 8.600840032244134 1.0256188924688863
63013.1333 lsst_hardware_r 16.147853184934753 23.40999984741211 31.520000457763672 AB 5.395519675238581 1.0142589777376867
63013.1459 lsst_hardware_i 12.25322410261993 30.739999771118164 31.260000228881836 AB 5.451327928316032 1.0123171640326505
63015.1339 lsst_hardware_z -11.213882974152002 42.18000030517578 30.959999084472656 AB 9.18797736241283 1.0127841007950709
63015.1471 lsst_hardware_r 27.410540958291755 27.700000762939453 31.559999465942383 AB 9.204902483612672 1.0130398837399421
63020.1303 lsst_hardware_r 16.957797852917537 103.75 31.670000076293945 AB 9.220599564253986 1.0125479956353438
63020.1423 lsst_hardware_z 168.07561307184235 75.29000091552734 31.0 AB 9.230277148816391 1.0158790610627768
63031.1028 lsst_hardware_r 7.019005940371397 22.889999389648438 31.5 AB 13.799318693429154 1.012924132892603
63031.116 lsst_hardware_i 27.345278662470612 30.459999084472656 31.25 AB 13.908759377915368 1.017726512122004
63044.0921 lsst_hardware_g -48.4832728398002 23.05063508458288 31.600000381469727 AB 8.002480874790853 1.025959086511648
63044.1056 lsst_hardware_i -90.7349266979909 34.01019932102618 31.270000457763672 AB 8.115599708044098 1.0404615010312945
63046.0761 lsst_hardware_z -119.98348500028916 49.172623689892795 30.969999313354492 AB 3.475020101873299 1.018320908973953
63046.0893 lsst_hardware_r -283.4740311134858 51.067780358973614 31.6299991607666 AB 4.042434368802473 1.0283911898585898
63051.0326 lsst_hardware_z 197.57059366425943 71.06120741084779 31.0 AB 8.00579272893548 1.0133914846753773
63051.0446 lsst_hardware_r 108.39044187246732 104.95457454172528 31.670000076293945 AB 8.580982386669989 1.0124455650605042
63053.0378 lsst_hardware_i 325.27340755431214 62.17230227251172 31.329999923706055 AB 5.823582318342914 1.0123567698119111
63053.05 lsst_hardware_z 88.83197757267108 58.125088716228326 30.979999542236328 AB 6.292857284160375 1.0149769813161895
63061.0182 lsst_hardware_z 1586.3588809157377 55.78845756854506 30.950000762939453 AB 7.055672816451125 1.0125337694021808
63061.0306 lsst_hardware_r 2703.9145277640846 56.87245901105664 31.510000228881836 AB 7.129311019593853 1.015993494865262
63063.0196 lsst_hardware_u -3.169398833181081 2.954786669335395 28.489999771118164 AB 4.448520055941367 1.013926962929902
63063.0316 lsst_hardware_g 955.636981009385 33.8018441849147 31.440000534057617 AB 4.478059721183755 1.0194785933258408
63068.0069 lsst_hardware_i 2928.048584247722 61.72277215808934 31.260000228881836 AB 5.673561087459786 1.0142225755201622
63068.0191 lsst_hardware_r 3956.764140915155 67.5908004483771 31.510000228881836 AB 5.705600284274216 1.0202235644656623
63074.0097 lsst_hardware_z 2487.4666634066048 65.33113444061527 30.959999084472656 AB 4.693901005701788 1.0255409669438034
63074.0212 lsst_hardware_r 3877.7863789642442 72.55366047061437 31.600000381469727 AB 4.649044581007783 1.0373858263991484
63075.9978 lsst_hardware_r 3603.1048897210494 88.59029992730913 31.649999618530273 AB 4.573002211074838 1.0205885646543185
63076.0097 lsst_hardware_z 2199.8654293714476 73.77948436686873 30.979999542236328 AB 4.62620114974117 1.0306786565091166
