data/validation/pwv_sim_epoch_fit_seasonal/54764841.ecsv
# %ECSV 0.9
# ---
# datatype:
# - {name: time, datatype: float64}
# - {name: band, datatype: string}
# - {name: flux, datatype: float64}
# - {name: fluxerr, datatype: float64}
# - {name: zp, datatype: float64}
# - {name: zpsys, datatype: string}
# - {name: pwv, datatype: float64}
# - {name: airmass, datatype: float64}
# meta: {SNID: '54764841', alt: 1024.0, c: 0.07273378223180771, dec: -13.86195, lat: -30.244573, lon: -70.7499537, ra: 42.011719, t0: 60611.9375,
#   x0: 4.453539394086227e-06, x1: -0.695047914981842, z: 0.64356529712677}
# schema: astropy-2.0
time band flux fluxerr zp zpsys pwv airmass
[from data line 133]
60966.2635 lsst_hardware_u -2.986977362949353 2.8299999237060547 28.530000686645508 AB 5.411397876356017 1.0537236639774792
60971.1191 lsst_hardware_r 3.2069476244411774 24.079999923706055 31.459999084472656 AB 6.838666112237021 1.2866728339110107
60971.1348 lsst_hardware_i -22.493067519042555 32.20000076293945 31.229999542236328 AB 5.7649578603601395 1.2114225181996836
60973.1828 lsst_hardware_z 83.52574734691704 41.40999984741211 30.950000762939453 AB 4.887681616268682 1.0685598097109472
60973.2007 lsst_hardware_r -44.8227100150444 22.899999618530273 31.5 AB 4.814791254792989 1.049736465434518
60975.1812 lsst_hardware_u -1.004026208150473 2.680000066757202 28.40999984741211 AB 2.5500393961194368 1.0634395396501561
60975.1992 lsst_hardware_r 76.9212629976166 23.0 31.5 AB 2.482785867889212 1.0472207527127257
60977.1777 lsst_hardware_i 31.225491260371136 33.130001068115234 31.260000228881836 AB 2.1810229956624054 1.0610668915895916
60977.1952 lsst_hardware_z -93.16292755310918 42.369998931884766 30.950000762939453 AB 2.1425848950917903 1.0464395092020224
60980.1627 lsst_hardware_z -39.49411826702961 48.7400016784668 30.959999084472656 AB 4.930669011430403 1.069965607645072
60980.1805 lsst_hardware_r 34.24203273520739 50.61000061035156 31.6200008392334 AB 4.637208389791817 1.0505286138852028
60990.1924 lsst_hardware_u -4.385473224413566 2.5999999046325684 28.360000610351562 AB 0.7662596398990817 1.049311386373272
60990.2106 lsst_hardware_g 7.977532596686279 20.079999923706055 31.540000915527344 AB 2.507436435533808 1.0681305369687026
60992.1962 lsst_hardware_r 13.807389035309088 22.90999984741211 31.489999771118164 AB 4.464117157142615 1.0572839498235809
60992.2144 lsst_hardware_i -0.6253971800927765 30.920000076293945 31.239999771118164 AB 7.248590581695527 1.0827949880538887
60994.1315 lsst_hardware_i -35.39970941948077 30.799999237060547 31.260000228881836 AB 4.4371080819036886 1.06081120839249
60994.1489 lsst_hardware_z 5.506391385199295 41.290000915527344 30.950000762939453 AB 4.366183692019739 1.0463773027687762
60996.1785 lsst_hardware_r 8.53679432211501 22.860000610351562 31.5 AB 2.5354973538933456 1.0511285927838094
60996.1993 lsst_hardware_u -10.650182102501923 2.6700000762939453 28.40999984741211 AB 2.6953363236490118 1.0757320611887704
60998.1799 lsst_hardware_g -7.625442524979835 14.020000457763672 31.40999984741211 AB 5.6564767975285495 1.0573677322274724
60998.198 lsst_hardware_i -1.9482180951978807 30.8799991607666 31.239999771118164 AB 5.815783473310996 1.0827616426924005
61003.0609 lsst_hardware_r -60.87259578579237 23.440000534057617 31.489999771118164 AB 8.809840086763906 1.1608696912324976
61003.0719 lsst_hardware_u 4.157156649943578 2.7899999618530273 28.469999313354492 AB 8.481236336866578 1.1276240476245227
61005.1166 lsst_hardware_g 10.193668601543262 16.219999313354492 31.479999542236328 AB 3.7094117090994443 1.0476098025227896
61005.1374 lsst_hardware_r 1.736416577809302 23.5 31.5 AB 5.437103892823709 1.04330631008656
61010.1433 lsst_hardware_r 4.870117477452595 67.4800033569336 31.639999389648438 AB 8.623472710506901 1.0536560962619392
61010.1629 lsst_hardware_z 5.865155744749308 56.22999954223633 30.969999313354492 AB 8.774332275977184 1.07872292549516
61014.076 lsst_hardware_r 57.793166362394324 90.80000305175781 31.649999618530273 AB 1.561992983771689 1.0618579087502986
61014.0955 lsst_hardware_z 28.553472272070728 65.0999984741211 30.989999771118164 AB 3.882845813557744 1.0457904960877928
61016.0791 lsst_hardware_r 19.86376650246881 22.40999984741211 31.479999542236328 AB 4.710726428301061 1.0530292675310338
61016.0978 lsst_hardware_u 6.571831675641549 6.800000190734863 29.059999465942383 AB 5.82664042227364 1.043328236052341
61019.0783 lsst_hardware_g 5.155409240459307 13.579999923706055 31.399999618530273 AB 7.624708368187789 1.04764985879949
61019.0976 lsst_hardware_r -22.0957702630152 22.260000228881836 31.479999542236328 AB 9.596330225393135 1.0430793723253409
61021.1115 lsst_hardware_i 16.230147632659047 30.3799991607666 31.25 AB 13.108908810915272 1.0521356528638024
61021.1302 lsst_hardware_z 36.01168280532566 41.54999923706055 30.940000534057617 AB 12.635004723733985 1.0743975502214305
61023.1106 lsst_hardware_r -21.007389994024937 22.360000610351562 31.489999771118164 AB 7.791545842917827 1.0563017580637475
61023.1288 lsst_hardware_u -0.10945554271773766 2.690000057220459 28.440000534057617 AB 7.707198920006872 1.0811051928751398
61025.1131 lsst_hardware_g -8.58183161230418 13.710000038146973 31.399999618530273 AB 10.764987224116679 1.0655052838293886
61025.1313 lsst_hardware_i -44.229938222318765 30.760000228881836 31.229999542236328 AB 11.174104076839846 1.096331920560758
61027.0714 lsst_hardware_z 69.44551716707859 57.79999923706055 31.700000762939453 AB 4.25930861753403 1.0429257143814963
61027.0926 lsst_hardware_r -7.932517107485254 31.59000015258789 32.2400016784668 AB 4.113175012913941 1.0501723437227084
61029.0466 lsst_hardware_y 43.04936387443233 49.599998474121094 30.049999237060547 AB 5.670606303487681 1.0505986666952627
61029.0657 lsst_hardware_u -2.1763167954259415 2.740000009536743 28.479999542236328 AB 5.511921492846003 1.042936895524621
61031.0466 lsst_hardware_z 20.25964267666002 43.91999816894531 30.950000762939453 AB 5.730096130490612 1.0470391272671358
61031.0651 lsst_hardware_r 19.066487041403605 22.68000030517578 31.489999771118164 AB 5.657818485477666 1.0431081278536316
61033.036 lsst_hardware_y -66.94418417233226 69.31999969482422 30.06999969482422 AB 7.011134336447279 1.0503572039621392
61033.0548 lsst_hardware_z 24.654832141379742 41.59000015258789 30.959999084472656 AB 6.719631109054646 1.042935140315758
61035.0378 lsst_hardware_y -76.62039850524178 62.63999938964844 30.059999465942383 AB 9.892104708159303 1.0459534452190644
61035.0581 lsst_hardware_z -54.73298158045224 41.93000030517578 30.950000762939453 AB 9.896153903149395 1.0438705628173726
61039.0373 lsst_hardware_y -24.250149339708564 74.77999877929688 30.06999969482422 AB 10.781118469127346 1.0430144119505969
61039.0579 lsst_hardware_r -34.28860156137355 62.93000030517578 31.639999389648438 AB 8.833373752920613 1.0488243824338717
