data/validation/pwv_sim_epoch_fit_seasonal/54774796.ecsv
# %ECSV 0.9
# ---
# datatype:
# - {name: time, datatype: float64}
# - {name: band, datatype: string}
# - {name: flux, datatype: float64}
# - {name: fluxerr, datatype: float64}
# - {name: zp, datatype: float64}
# - {name: zpsys, datatype: string}
# - {name: pwv, datatype: float64}
# - {name: airmass, datatype: float64}
# meta: {SNID: '54774796', alt: 1024.0, c: -0.056567687541246414, dec: -22.669609, lat: -30.244573, lon: -70.7499537, ra: 71.191406, t0: 61771.0234375,
#   x0: 2.0879306060468373e-06, x1: -0.8874253630638123, z: 0.8754417300224304}
# schema: astropy-2.0
time band flux fluxerr zp zpsys pwv airmass
61649.3355 lsst_hardware_i -17.910050395529428 31.889999389648438 31.209999084472656 AB 1.0150557538206053 1.2597651304009994
61649.3527 lsst_hardware_u -0.12455583024751647 2.5899999141693115 28.329999923706055 AB 0.955342348157257 1.1805280792797466
61651.3249 lsst_hardware_u -0.20461263971160448 2.5 28.200000762939453 AB 2.0164714490425113 1.2878629724046056
61651.3417 lsst_hardware_g 12.996993290186536 13.520000457763672 31.34000015258789 AB 1.2332581979479047 1.2037659325992238
61671.3296 lsst_hardware_g -14.37671821589586 29.56999969482422 31.639999389648438 AB 2.1752542189564443 1.0695779810480366
61671.3474 lsst_hardware_r -93.78845127885533 33.66999816894531 31.579999923706055 AB 1.8471401829632235 1.0382052550611758
61677.3642 lsst_hardware_u 1.936845848596659 2.619999885559082 28.43000030517578 AB 7.021428363480598 1.0102290101406368
61677.3835 lsst_hardware_y -32.074822767032856 47.959999084472656 30.059999465942383 AB 7.1675863834597155 1.0106579784912177
61678.259 lsst_hardware_g -1.814956200256748 13.359999656677246 31.350000381469727 AB 3.093248334277751 1.246021484099799
61678.2771 lsst_hardware_r 9.11892014588266 22.309999465942383 31.459999084472656 AB 2.826057668600357 1.1665872729005424
61679.3542 lsst_hardware_i 30.312079960592023 29.510000228881836 31.25 AB 4.225094221877665 1.0118774330924833
61679.3739 lsst_hardware_y 46.45420910870241 46.599998474121094 30.049999237060547 AB 4.212527424665719 1.009552825850548
61680.2747 lsst_hardware_u 0.6020041973522752 2.559999942779541 28.329999923706055 AB 4.263484417772615 1.1552592921752105
61680.294 lsst_hardware_g -29.385041727712938 13.100000381469727 31.3799991607666 AB 3.4870205383092787 1.095599886359054
61682.273 lsst_hardware_r 0.8997542493134136 22.239999771118164 31.469999313354492 AB 3.1033279168957235 1.1420840617887087
61682.2931 lsst_hardware_i -95.64928842001375 30.190000534057617 31.239999771118164 AB 2.8511377690796937 1.0841858614239732
61684.2747 lsst_hardware_z -65.1463167183743 41.84000015258789 30.940000534057617 AB 6.697112542801372 1.1191387064979315
61684.2927 lsst_hardware_r 30.02937113066095 21.860000610351562 31.479999542236328 AB 6.123056599859558 1.0726052756567355
61685.3549 lsst_hardware_i 64.17869041139295 29.549999237060547 31.25 AB 3.632902251639068 1.0091395143441855
61685.3735 lsst_hardware_z 12.911846778332759 40.9900016784668 30.950000762939453 AB 3.6608693009621085 1.0169081391561412
61687.3333 lsst_hardware_z -29.090857269802953 40.34000015258789 30.950000762939453 AB 2.735969495957661 1.0114801426874498
61687.3525 lsst_hardware_r -16.322708619127326 21.709999084472656 31.489999771118164 AB 2.925947118422506 1.0096435881375105
61693.2779 lsst_hardware_r 126.3901926815541 87.12999725341797 31.649999618530273 AB 6.6743470355500305 1.0532899056628138
61693.2937 lsst_hardware_z -1.1973754679152682 60.72999954223633 30.979999542236328 AB 5.851540884461558 1.029898659629491
61697.3328 lsst_hardware_i -16.160309310416466 53.150001525878906 31.329999923706055 AB 3.8463892072364843 1.0122076861148643
61697.3501 lsst_hardware_z 35.432671856525076 52.79999923706055 30.979999542236328 AB 3.9325292249220247 1.0251640315230024
61700.1824 lsst_hardware_u 0.6695128179790891 2.549999952316284 28.25 AB 3.7998169014411896 1.3410329632758151
61700.2006 lsst_hardware_g 3.281257148888586 13.399999618530273 31.360000610351562 AB 3.405666829751419 1.2377491658191602
61701.3077 lsst_hardware_r 34.994586853630906 27.239999771118164 31.549999237060547 AB 3.151650750274289 1.0089318128127973
61701.3254 lsst_hardware_g -4.719245058726294 22.209999084472656 31.600000381469727 AB 3.1937016998216596 1.0140345133581028
61705.1781 lsst_hardware_r 27.736380014353355 22.979999542236328 31.450000762939453 AB 3.0561413450944617 1.2843178477021027
61705.1968 lsst_hardware_u -3.3631230637649465 2.609999895095825 28.350000381469727 AB 2.892328549669052 1.192917772676956
61707.1851 lsst_hardware_g 6.551773324011453 13.369999885559082 31.34000015258789 AB 2.5777149638496897 1.2205089790951382
61707.2035 lsst_hardware_r 3.999805077091691 22.5 31.469999313354492 AB 2.369525256690507 1.146359582336965
61710.1922 lsst_hardware_u 0.7811463795662225 2.5799999237060547 28.31999969482422 AB 5.100735308178301 1.1574166798679513
61710.2216 lsst_hardware_g 4.147861791389346 13.25 31.3799991607666 AB 5.26432420391147 1.0728557190132633
61711.1709 lsst_hardware_z 12.779579970720988 43.38999938964844 30.920000076293945 AB 4.405226545700577 1.2361210931464264
61711.1885 lsst_hardware_r 14.180579687431457 22.3700008392334 31.459999084472656 AB 4.1046454423856185 1.1609801845242875
61721.2623 lsst_hardware_z -78.26153787387857 56.599998474121094 30.979999542236328 AB 4.142285609489172 1.0103135632900422
61721.2814 lsst_hardware_r -91.78957809637959 71.22000122070312 31.649999618530273 AB 4.190302418424017 1.022024980103419
61723.238 lsst_hardware_r 80.90703535487992 97.9000015258789 31.670000076293945 AB 7.335053306310848 1.0104075082734139
61723.2562 lsst_hardware_z -27.49949309494486 65.47000122070312 31.0 AB 5.8031882496305185 1.0101285029818134
61727.2508 lsst_hardware_z 55.3494497433706 49.02000045776367 30.969999313354492 AB 4.048642172496088 1.012160543124022
61727.2701 lsst_hardware_r -28.462724864711483 53.630001068115234 31.639999389648438 AB 4.108839739868082 1.0272099349670205
61729.099 lsst_hardware_z 21.710644170229543 45.36000061035156 30.920000076293945 AB 7.894964642925796 1.369504404797857
61729.1158 lsst_hardware_r 12.538911082543578 23.1299991607666 31.459999084472656 AB 7.334606943753257 1.2665891973670447
61730.232 lsst_hardware_r -29.29034479691793 25.040000915527344 31.530000686645508 AB 3.3075898890457025 1.0091294281640504
61730.2523 lsst_hardware_u -1.212026968676908 3.680000066757202 28.670000076293945 AB 3.4250522210322707 1.0181486982857055
61735.2324 lsst_hardware_i 48.35047997980643 29.8722599848466 31.25 AB 5.351357076883617 1.0139306679288125
61735.252 lsst_hardware_z 39.86476002073961 40.75076623687354 30.950000762939453 AB 5.56516696166474 1.0316053438577744
61740.1301 lsst_hardware_r -8.939888718686493 22.822764360598132 31.479999542236328 AB 8.90535528230871 1.095818943680317
61740.146 lsst_hardware_i -44.40090191873526 30.486179530289483 31.25 AB 8.642475054397195 1.0599061876866809
61743.1955 lsst_hardware_r -51.53351022497754 22.32593959998352 31.5 AB 3.677826365133348 1.0090289302819035
61743.2145 lsst_hardware_y -9.561166831065611 46.83613923576811 30.049999237060547 AB 4.400163693455697 1.0164388296270228
61749.1791 lsst_hardware_r 112.18427523234386 59.9494491586226 31.649999618530273 AB 9.830776582620087 1.0090264552701114
61749.1985 lsst_hardware_z 132.28632746518764 51.73158026595738 30.979999542236328 AB 9.874781162572727 1.0167084852069732
61753.1792 lsst_hardware_z 178.9711966396019 67.75881275019634 30.989999771118164 AB 7.690305766002806 1.0118823376319481
61753.199 lsst_hardware_r 152.16969964181575 97.315602702795 31.65999984741211 AB 7.805824925296754 1.0270822270127309
61754.0328 lsst_hardware_y -23.101637449589617 72.17975960711196 29.969999313354492 AB 10.286522126449492 1.3553704704574696
61754.054 lsst_hardware_z 272.6987599642885 57.34866033593481 30.959999084472656 AB 9.477324349704036 1.233658859261555
61756.0347 lsst_hardware_y 190.0242438242407 65.15616113360768 29.969999313354492 AB 13.225634366795886 1.3084755169471514
61756.057 lsst_hardware_u 0.9254733338028809 3.0049569302451293 28.34000015258789 AB 13.054902717686883 1.1952485168938458
61757.1463 lsst_hardware_r 398.2556171835875 36.850395661044146 31.579999923706055 AB 2.9797152890499365 1.0100729793389616
61757.1637 lsst_hardware_i 392.73392351919716 43.33083029772075 31.280000686645508 AB 3.0310726962993533 1.0102172574806898
61763.1663 lsst_hardware_g 53.111104853993204 15.379941447667834 31.40999984741211 AB 6.363697023733341 1.021624181045648
61763.1911 lsst_hardware_i 661.9506871317534 39.63336467235928 31.25 AB 6.764813771572379 1.05536688281008
61764.0386 lsst_hardware_z 609.0470113380952 60.20011486087718 30.959999084472656 AB 6.628435548476303 1.1810130153187177
61764.0596 lsst_hardware_g 58.77811738032622 15.418910839485262 31.389999389648438 AB 7.927269401515786 1.1093813595441226
61765.1363 lsst_hardware_z 508.85102961070635 46.09140189998497 30.950000762939453 AB 7.035503711639428 1.009108392375088
61765.1557 lsst_hardware_r 444.41101133582924 30.971545231075297 31.489999771118164 AB 7.079758581135514 1.0173528640804015
61770.0417 lsst_hardware_y 165.73009228184134 60.532686481364074 30.030000686645508 AB 8.380492254770537 1.1137606824068604
61770.0624 lsst_hardware_g 50.78816282052683 14.838086654865755 31.389999389648438 AB 7.986151345079772 1.063201750013379
61771.1047 lsst_hardware_i 769.577256423432 39.70835586802051 31.25 AB 7.004034325214513 1.0111748895515587
61771.1267 lsst_hardware_z 580.5551803179403 46.392280978495386 30.950000762939453 AB 7.040334730233943 1.0105941882449287
61777.0958 lsst_hardware_z 494.40533273895727 51.65841403765121 30.959999084472656 AB 8.87620074927709 1.0092230412003398
61777.1155 lsst_hardware_r 356.0009861072394 49.126603439095085 31.6299991607666 AB 8.905915274162817 1.0127359186744036
61781.0791 lsst_hardware_r 652.3440831639314 124.71392888546204 32.40999984741211 AB 6.265528733054431 1.0105691504926502
61781.1012 lsst_hardware_i 1227.3585995380474 105.94350103971506 32.09000015258789 AB 5.743335061966823 1.0112395566452685
61784.0742 lsst_hardware_z 449.10670218152563 52.85733193634364 30.969999313354492 AB 6.745432480531405 1.009669324764586
61784.0928 lsst_hardware_r 223.84218628838465 58.87618465904371 31.649999618530273 AB 6.989806676507922 1.0111592260354791
61785.0727 lsst_hardware_u 2.065363408712792 2.726441560065737 28.520000457763672 AB 6.029535825576362 1.0094229817229083
61785.0935 lsst_hardware_r 192.7577035169753 41.85446654048217 31.610000610351562 AB 5.480673198182418 1.0126578754378872
61787.0504 lsst_hardware_y 114.79737088919958 49.591412835736094 30.049999237060547 AB 2.7974651699332225 1.0170751390413533
61787.0686 lsst_hardware_i 428.2284076931684 35.73823979684995 31.25 AB 2.818463771716836 1.0092073303077096
61789.0514 lsst_hardware_y 110.86507335783458 48.76734584219015 30.049999237060547 AB 3.727985651779223 1.013039579287827
61789.071 lsst_hardware_r 161.07171321228492 24.458278039086714 31.479999542236328 AB 3.6676888910764314 1.0091316250038331
61793.0513 lsst_hardware_z 281.13966800005664 44.266181793377314 30.950000762939453 AB 7.354087716045001 1.0093450063196543
61793.0722 lsst_hardware_i 286.66766650093575 33.88023040325813 31.25 AB 7.261696174593739 1.0129301401302304
61795.0314 lsst_hardware_y 207.79951053656956 81.19781790714254 30.079999923706055 AB 6.765821442046818 1.0151269980565367
61795.052 lsst_hardware_r 94.93238409792338 23.730537970405347 31.479999542236328 AB 7.165792146377754 1.0089349246319643
61799.0297 lsst_hardware_y 56.98401314157313 71.33190452114535 30.079999923706055 AB 13.00554760158379 1.0106498505329906
61799.0488 lsst_hardware_z 264.97963132728853 42.94066324548705 30.950000762939453 AB 12.76559584506374 1.0101494918545901
62011.3267 lsst_hardware_r 27.10374051713007 23.5 31.440000534057617 AB 9.532421261549628 1.366688034822762
62011.3438 lsst_hardware_i -53.90764602637698 31.989999771118164 31.219999313354492 AB 8.8625524908745 1.2628316458926332
62016.3175 lsst_hardware_r -115.13548993532382 75.4000015258789 31.579999923706055 AB 2.1377397822500424 1.3369229407442416
62016.3351 lsst_hardware_z -121.99290236110424 56.470001220703125 30.959999084472656 AB 1.2606867755699727 1.2375851854417272
62020.3098 lsst_hardware_z -30.984364671928937 60.130001068115234 30.940000534057617 AB 2.449628318121891 1.316650533793008
62020.3284 lsst_hardware_i 28.563742869734003 60.2599983215332 31.290000915527344 AB 2.2740676870662924 1.2175439363224694
62032.3914 lsst_hardware_r 13.154207705014066 22.600000381469727 31.510000228881836 AB 6.681908041548316 1.010471021506671
62040.3618 lsst_hardware_r 6.630308163406005 21.5 31.469999313354492 AB 4.9971587836479765 1.013896682736638
62040.3818 lsst_hardware_z -66.69041363334055 40.970001220703125 30.950000762939453 AB 5.7141716999316685 1.0090361469064544
62044.2639 lsst_hardware_r 21.928381905043008 57.18000030517578 31.600000381469727 AB 5.765251638897176 1.2128860390386764
62044.2832 lsst_hardware_z 18.73419065443349 50.130001068115234 30.959999084472656 AB 5.38034057770996 1.1376530683063564
62045.3628 lsst_hardware_z 45.15830336566768 47.29999923706055 30.969999313354492 AB 2.416718411427643 1.009068230241187
62045.3821 lsst_hardware_y 77.63772758814642 48.06999969482422 30.059999465942383 AB 2.11518976469455 1.0133050092352325
62047.3586 lsst_hardware_i -3.7114677380776437 62.59000015258789 31.34000015258789 AB 2.418014521292224 1.0089774760242083
62047.3779 lsst_hardware_y 73.73578513858214 52.709999084472656 30.06999969482422 AB 1.9426609925558311 1.0140031279108297
62049.3578 lsst_hardware_r -2.892423763826141 81.0999984741211 31.65999984741211 AB 6.226485664776433 1.0090867442408968
62049.377 lsst_hardware_y -16.707749249439637 54.11000061035156 30.06999969482422 AB 5.941133045529284 1.0169690252532153
62050.2751 lsst_hardware_r 71.27596608489269 78.69999694824219 31.639999389648438 AB 4.892504361069125 1.1119328093338918
62050.2947 lsst_hardware_z -103.7760567019194 58.52000045776367 30.979999542236328 AB 5.083792243479649 1.0641485298938702
62051.3451 lsst_hardware_y -97.88303877316395 71.73999786376953 30.81999969482422 AB 4.385386500937088 1.0092175132564638
62053.3312 lsst_hardware_r 31.41044779245902 50.7400016784668 31.639999389648438 AB 2.8115685227975695 1.0115071885345777
62053.3501 lsst_hardware_i 31.462185961278713 46.2599983215332 31.31999969482422 AB 3.0287136542202644 1.0095712180734215
62055.1937 lsst_hardware_z -27.964127700190183 46.209999084472656 30.90999984741211 AB 8.995072681179881 1.4657913114361565
62055.2126 lsst_hardware_r -19.62114165662447 23.1200008392334 31.450000762939453 AB 7.297889145681484 1.3268889355784517
62056.3347 lsst_hardware_z -57.60581443414043 41.43000030517578 30.959999084472656 AB 5.5414864954418785 1.0089494135051895
62056.3516 lsst_hardware_r -23.296878821557563 27.049999237060547 31.559999465942383 AB 5.557297003888743 1.0130577269044314
62058.3302 lsst_hardware_u -0.657084292121866 2.619999885559082 28.40999984741211 AB 5.6846781860482105 1.0089353699428136
62058.3481 lsst_hardware_r 2.5565696479074216 22.25 31.489999771118164 AB 5.935231575431295 1.014136108574299
62060.2642 lsst_hardware_i -41.845802696857206 30.139999389648438 31.25 AB 6.450259617268229 1.0707898542901635
62060.2811 lsst_hardware_z -15.303642242603747 40.65999984741211 30.950000762939453 AB 6.432461735180095 1.040332369531937
62061.2799 lsst_hardware_r 7.470295180571549 21.969999313354492 31.489999771118164 AB 5.325805419443375 1.0381181071962138
62064.2039 lsst_hardware_z -59.08198591048923 43.540000915527344 30.940000534057617 AB 3.082657271839475 1.2383465205570383
62064.221 lsst_hardware_r -11.539612431707138 22.459999084472656 31.469999313354492 AB 2.1095658716813457 1.1645409172958021
62066.3193 lsst_hardware_g 13.165103478558077 13.140000343322754 31.420000076293945 AB 3.1814813762826155 1.0108765990252766
62066.339 lsst_hardware_r 26.28324606736991 21.829999923706055 31.5 AB 3.362774939901624 1.024273403528682
62069.2928 lsst_hardware_z -54.793731414029274 40.36000061035156 30.959999084472656 AB 1.4201188346927258 1.0098024423031342
62069.3102 lsst_hardware_r 6.407891306978842 21.850000381469727 31.5 AB 1.349780998197704 1.0105672559500516
62076.2252 lsst_hardware_z 70.60638342439475 61.88999938964844 30.979999542236328 AB 4.696640971447666 1.061207924407765
62076.2419 lsst_hardware_i 95.17276980861402 68.12999725341797 31.34000015258789 AB 4.606856129766513 1.034086673348047
62078.2829 lsst_hardware_z -84.13484857583245 65.45999908447266 30.989999771118164 AB 5.130625031288339 1.0097999077489552
