data/validation/pwv_sim_epoch_fit_seasonal/5481856.ecsv
# %ECSV 0.9
# ---
# datatype:
# - {name: time, datatype: float64}
# - {name: band, datatype: string}
# - {name: flux, datatype: float64}
# - {name: fluxerr, datatype: float64}
# - {name: zp, datatype: float64}
# - {name: zpsys, datatype: string}
# - {name: pwv, datatype: float64}
# - {name: airmass, datatype: float64}
# meta: {SNID: '5481856', alt: 1024.0, c: -0.03287694975733757, dec: 3.284369, lat: -30.244573, lon: -70.7499537, ra: 70.839844, t0: 60953.1015625,
#   x0: 1.6102299374979948e-05, x1: 0.8779990673065186, z: 0.37627702951431274}
# schema: astropy-2.0
time band flux fluxerr zp zpsys pwv airmass
60935.3806 lsst_hardware_i 1026.009251125325 45.66432038763408 31.229999542236328 AB 0.8495559078849043 1.2136512969784348
60935.3991 lsst_hardware_y 236.1362589613864 58.67078164755631 30.0 AB 0.8405936851417052 1.2008481216310074
60937.3768 lsst_hardware_z 1006.3978802742295 53.43547021129884 30.93000030517578 AB 8.221004087776226 1.2117927656714742
60937.3965 lsst_hardware_y 432.3607293775778 55.9279805451838 29.989999771118164 AB 8.096062582967068 1.2003947784071567
60939.3758 lsst_hardware_u 15.062500196083791 4.085525687519454 28.3799991607666 AB 4.247487232618373 1.2075015230963606
60939.3951 lsst_hardware_y 533.5588579726074 58.991694863967396 30.0 AB 3.787800554858846 1.200443869066671
60942.3706 lsst_hardware_r 3582.92868763047 64.64852956669392 31.469999313354492 AB 4.997326044684615 1.2051913769891147
60942.3894 lsst_hardware_y 650.2134656556285 56.59993202508276 30.0 AB 4.542914318074416 1.200876108399264
60946.3266 lsst_hardware_g 2759.1132193533554 55.73762641238353 31.3799991607666 AB 4.759482262703699 1.2572375440795192
60946.3444 lsst_hardware_y 693.5039475634719 55.1767641503103 29.989999771118164 AB 5.764587696770504 1.221828676721175
60951.3629 lsst_hardware_i 4018.6160302798385 70.05082322951223 31.229999542236328 AB 3.4814922777974933 1.2005145785508597
60951.3815 lsst_hardware_y 706.3945719278942 56.95896441220211 29.989999771118164 AB 3.171419418112555 1.2117372884182078
60954.3627 lsst_hardware_z 2698.2297706913423 78.44798892657272 30.959999084472656 AB 7.5306037279999165 1.2032120995406297
60954.3834 lsst_hardware_y 776.9487393737878 66.42911240349143 29.989999771118164 AB 7.140158244921209 1.2252523800808595
60956.3239 lsst_hardware_r 5662.345323962023 130.80824928580324 31.610000610351562 AB 4.521793065179157 1.2129273243502283
60956.3423 lsst_hardware_i 4163.570557574593 106.5841063417768 31.299999237060547 AB 5.196775114303503 1.2007336216043214
60962.3216 lsst_hardware_i 3693.0741691705407 69.984065869815 31.25 AB 6.02678604611374 1.2020715469942969
60962.3401 lsst_hardware_z 2278.9006151015797 65.20179368907093 30.940000534057617 AB 6.495218297436999 1.2028182032290737
60964.3216 lsst_hardware_i 3263.8805629173853 66.51112046493219 31.239999771118164 AB 8.420140806015857 1.2005333595384045
60964.3391 lsst_hardware_u 1.6943630468105118 3.8040766651574502 28.399999618530273 AB 8.80906648946434 1.2055379179523766
60966.3174 lsst_hardware_g 1350.1147405899721 39.493021103175664 31.3799991607666 AB 7.3939867013789575 1.2003874724896841
60966.3358 lsst_hardware_r 3527.7055652633467 63.53596148118465 31.469999313354492 AB 7.751827358602604 1.2072146947406235
60977.282 lsst_hardware_i 2072.137483743849 55.39037643630428 31.229999542236328 AB 3.177699049450384 1.2015499304702737
60977.3 lsst_hardware_u -1.1198911469305164 3.0157903347469466 28.31999969482422 AB 3.609773248593152 1.2032577495310506
60980.2726 lsst_hardware_z 1548.6855379784317 59.74320108930922 30.940000534057617 AB 6.054920304740087 1.2020090599669309
60980.2911 lsst_hardware_g 548.4767703933917 34.528500863264036 31.56999969482422 AB 6.017839880042541 1.2028863404156558
60992.2376 lsst_hardware_i 1430.9428930789613 48.813877698627266 31.219999313354492 AB 8.038759360204732 1.2030468961695013
60992.256 lsst_hardware_z 1161.1387329239035 55.94447624039663 30.93000030517578 AB 5.346573368343315 1.2018372624780036
60994.2407 lsst_hardware_r 738.0258985100375 35.621879643147025 31.479999542236328 AB 8.916591212792087 1.200402694236953
60994.2579 lsst_hardware_g 143.56118393814498 19.849249970089218 31.389999389648438 AB 5.563716217473808 1.2060514218301819
60996.2631 lsst_hardware_r 658.7768790236419 34.82921453987618 31.469999313354492 AB 4.9283709118390036 1.2170319574858632
60996.2825 lsst_hardware_i 1142.605746974776 47.178065095556114 31.219999313354492 AB 5.014330835520368 1.2527475438508582
60998.2602 lsst_hardware_z 988.7411610623316 53.42650477915168 30.93000030517578 AB 6.412167697839348 1.22055157472896
60998.2807 lsst_hardware_i 1127.9292518598238 46.26103994331202 31.219999313354492 AB 6.665592642819521 1.2619448396099056
61000.2274 lsst_hardware_r 569.0626597030122 33.16811156491958 31.469999313354492 AB 3.948200497673487 1.200334574043775
61000.2471 lsst_hardware_u -3.956197785968952 3.2034729308313747 28.299999237060547 AB 3.9800708358541277 1.2110670190493198
61007.1557 lsst_hardware_r 494.571383167515 37.96889384303086 31.510000228881836 AB 5.369005391216878 1.268768505210763
61007.1729 lsst_hardware_g 159.25804555317742 26.419514083458054 31.520000457763672 AB 4.083377103310252 1.2298711219246783
61010.2233 lsst_hardware_r 490.60589693788256 58.35881538472434 31.59000015258789 AB 9.335089495204247 1.2150318228821742
61010.2415 lsst_hardware_i 697.6023165981142 54.207239893253146 31.270000457763672 AB 9.50726894693828 1.2463101088405
61012.2212 lsst_hardware_z 580.1502127092052 80.18642067617816 30.969999313354492 AB 7.685097814478616 1.219442019751784
61012.2412 lsst_hardware_i 743.9307695107574 91.52889238818166 31.299999237060547 AB 7.932289734138645 1.2586383188441508
61014.1879 lsst_hardware_r 491.8161775940369 138.55844956917556 31.6200008392334 AB 2.8993221256853037 1.2002989549511218
61014.2054 lsst_hardware_z 491.3437423856132 97.246546913147 30.979999542236328 AB 2.9201368382771506 1.20774943335303
61016.1885 lsst_hardware_g 185.10044213358222 83.54430780711844 31.65999984741211 AB 4.861478961380267 1.2011560602982045
61016.2075 lsst_hardware_r 490.1616325290279 86.22603756934114 31.610000610351562 AB 4.869484341344214 1.2157500852224234
61021.1877 lsst_hardware_r 382.6722632492519 30.631808139661015 31.479999542236328 AB 15.35453827513994 1.2090187618220427
61021.2056 lsst_hardware_g 105.4945003869675 17.083010164958605 31.3799991607666 AB 15.674406382480218 1.2342052269669463
61023.1854 lsst_hardware_r -39.22656358120875 24.18000030517578 31.479999542236328 AB 9.21297032028995 1.2122329368802565
61023.2036 lsst_hardware_i 28.218353026611464 32.709999084472656 31.219999313354492 AB 9.432370744096698 1.241101413696934
61025.1867 lsst_hardware_z -88.65700194590336 43.7400016784668 30.93000030517578 AB 12.571298667485282 1.2208574321970556
61025.2064 lsst_hardware_i -24.790737336834646 32.630001068115234 31.219999313354492 AB 12.979357398563401 1.2604168693540667
61027.1533 lsst_hardware_u -0.5108808628941879 2.640000104904175 28.31999969482422 AB 3.508395454744286 1.2003063565770173
61027.1729 lsst_hardware_g -11.164118516718196 14.710000038146973 31.399999618530273 AB 4.03641298562758 1.210560727470033
61029.116 lsst_hardware_g 16.927128781685678 14.640000343322754 31.3799991607666 AB 4.0951310107550025 1.2245594849005739
61029.1356 lsst_hardware_r 33.24144784971027 23.959999084472656 31.469999313354492 AB 3.6964493422533202 1.203565109402912
61033.1156 lsst_hardware_r -3.2516738157246903 24.15999984741211 31.479999542236328 AB 7.448751671682291 1.2108181850963735
61033.1345 lsst_hardware_g 16.828730639889738 14.65999984741211 31.389999389648438 AB 7.52626558517957 1.2003613373492732
61035.1212 lsst_hardware_r 19.27002618743119 25.40999984741211 31.479999542236328 AB 9.02048828042329 1.2025313488315506
61035.1405 lsst_hardware_i -15.3958568526094 32.7599983215332 31.219999313354492 AB 8.396609634868085 1.2026511454676059
61039.1358 lsst_hardware_z 125.29940799718095 80.29000091552734 31.700000762939453 AB 9.432207142103517 1.2066274967511854
61041.0886 lsst_hardware_y 25.839938629335176 60.68000030517578 30.0 AB 8.428132339226275 1.2168172152426449
61041.1092 lsst_hardware_r 59.58459263367501 103.2699966430664 31.6200008392334 AB 8.32307791045596 1.2009398944741063
61047.0884 lsst_hardware_r 5.61120019054868 23.68000030517578 31.469999313354492 AB 10.556425622670966 1.2025432402583187
61047.1104 lsst_hardware_g 8.329605124690756 28.780000686645508 31.579999923706055 AB 10.575527809866173 1.204113457297323
61050.0859 lsst_hardware_r -19.740117487827394 23.799999237060547 31.479999542236328 AB 10.178846413429644 1.2006542317748987
61050.1074 lsst_hardware_i 6.801421913261032 32.189998626708984 31.229999542236328 AB 10.254556269129878 1.2079935134004
61055.0441 lsst_hardware_y -3.766312665856169 54.83000183105469 29.989999771118164 AB 7.328490812778704 1.226012683024459
61055.0638 lsst_hardware_z 5.827403850161785 43.7599983215332 30.93000030517578 AB 7.18687052975644 1.2040325900077802
61057.0439 lsst_hardware_y 102.84160781461348 55.97999954223633 30.0 AB 3.3121597046691704 1.218153624372635
61057.0654 lsst_hardware_u -3.0149763143059607 2.7300000190734863 28.3799991607666 AB 3.3056516467235815 1.200963359390947
61059.0432 lsst_hardware_y 0.13886450716418933 54.95000076293945 30.0 AB 4.414020387380231 1.212309911392538
61059.063 lsst_hardware_r 12.432854164957787 23.600000381469727 31.459999084472656 AB 4.345750332745945 1.2004006167380619
61061.0523 lsst_hardware_z 128.02254304455442 64.93000030517578 31.690000534057617 AB 14.422745126154283 1.2016450844535957
61063.0407 lsst_hardware_y -24.85072381132092 54.36000061035156 29.989999771118164 AB 10.11982973969912 1.2048372576830448
61063.0602 lsst_hardware_g 5.666045473972049 14.970000267028809 31.389999389648438 AB 8.720941268068412 1.2011488558733436
61065.0396 lsst_hardware_y 6.191381622413172 55.34000015258789 30.0 AB 8.102505861457571 1.202375197396783
61065.0598 lsst_hardware_i 80.6767564503849 34.380001068115234 31.239999771118164 AB 8.47439808765131 1.203265459590294
61069.0382 lsst_hardware_y -199.99335635923725 60.27000045776367 30.0 AB 15.339594911001004 1.2002812919406105
61069.0571 lsst_hardware_z -52.05394268124303 66.01000213623047 30.959999084472656 AB 15.299816074709693 1.2094397571639504
61071.0356 lsst_hardware_y -41.92829832785068 63.5099983215332 30.010000228881836 AB 10.181969940023787 1.2005270378804762
61071.0526 lsst_hardware_i 112.91310059066276 75.6500015258789 31.299999237060547 AB 11.031454284809204 1.2103855919255215
61072.0457 lsst_hardware_z -73.24269951699495 99.44000244140625 31.719999313354492 AB 9.791343085942062 1.2066229566967708
61302.3575 lsst_hardware_g -18.92820799646733 14.920000076293945 31.3700008392334 AB 6.129154871920312 1.2440774435567428
61302.374 lsst_hardware_y -0.6524184785843125 49.560001373291016 29.979999542236328 AB 6.385504350486983 1.2159005427780702
61304.3847 lsst_hardware_i -47.30756780730785 32.709999084472656 31.239999771118164 AB 4.222144105840649 1.2022620964845867
61306.3765 lsst_hardware_r 27.819301398973995 34.4900016784668 32.22999954223633 AB 1.7258266587068265 1.2036452344809327
61306.3962 lsst_hardware_y -35.587507490921304 61.529998779296875 30.0 AB 1.7302417586333982 1.2019741289570316
61308.3717 lsst_hardware_r 195.63956703444958 61.84000015258789 31.59000015258789 AB 7.1583016029676 1.2032781312769967
61308.3907 lsst_hardware_y -25.62192235315289 55.75 29.989999771118164 AB 7.761045638273508 1.2019584386361326
61310.3661 lsst_hardware_z 31.68581865160252 66.27999877929688 30.969999313354492 AB 5.78973741342667 1.2033540418652489
61310.3849 lsst_hardware_y -103.12134121295101 57.81999969482422 30.0 AB 6.780297178443435 1.2018252014966206
61312.3705 lsst_hardware_z 20.684516758874334 66.27999877929688 30.959999084472656 AB 8.297985812234037 1.200374059681407
61312.3885 lsst_hardware_y -56.10887596825282 60.68000030517578 29.989999771118164 AB 8.565732519046385 1.2073481280371243
61314.3659 lsst_hardware_r -55.88087101975602 72.81999969482422 31.610000610351562 AB 5.014327657887409 1.2003417561620504
61314.3845 lsst_hardware_y -18.431253063281936 57.630001068115234 30.0 AB 5.124570350435531 1.2086250826500664
61316.3764 lsst_hardware_z 106.58013090135604 72.36000061035156 31.700000762939453 AB 3.1687975543850926 1.206395008014629
61318.3641 lsst_hardware_g 17.021915226710934 18.290000915527344 31.479999542236328 AB 9.13710513200486 1.2022506752637974
61318.3828 lsst_hardware_y -14.959447158838474 54.810001373291016 30.0 AB 9.85312696227135 1.2192326381230207
61320.3234 lsst_hardware_r -30.404574304303356 23.959999084472656 31.469999313354492 AB 5.62864427785416 1.2177940886748524
61320.3433 lsst_hardware_i 35.40641284885389 32.34000015258789 31.239999771118164 AB 4.325026277523603 1.2013961882010007
61322.3584 lsst_hardware_i -52.32653060487804 32.529998779296875 31.229999542236328 AB 3.443864745000883 1.2052020104989094
61322.3775 lsst_hardware_y 38.23673938519463 52.86000061035156 29.989999771118164 AB 3.5584817030593747 1.2279094903587402
61324.3299 lsst_hardware_u -2.17568647891046 2.700000047683716 28.3700008392334 AB 5.422695832374815 1.2023493650985344
61324.3466 lsst_hardware_g -14.162835809618068 14.5 31.40999984741211 AB 5.263258390838257 1.2017943579947217
61327.3245 lsst_hardware_r -10.673701563586805 24.040000915527344 31.469999313354492 AB 6.060941551909142 1.2012965549503285
61327.3428 lsst_hardware_i -37.34963116148413 32.47999954223633 31.229999542236328 AB 6.501270670221156 1.2039390130039176
61329.3242 lsst_hardware_z 41.7240741225405 43.4900016784668 30.940000534057617 AB 8.464581556691725 1.200366091707607
61329.3421 lsst_hardware_u 4.302210236466445 2.7300000190734863 28.389999389648438 AB 8.829698098874616 1.207356250487094
61331.3241 lsst_hardware_g -1.042065769919514 14.5 31.389999389648438 AB 7.407281726905064 1.200791374728017
61331.341 lsst_hardware_r -16.639202775461438 23.90999984741211 31.469999313354492 AB 7.821218107731166 1.211496286211101
61333.3185 lsst_hardware_i -6.344162146743197 32.11000061035156 31.239999771118164 AB 1.4733352490295013 1.2007622241479228
61333.3365 lsst_hardware_z 49.0576504786261 43.65999984741211 30.940000534057617 AB 0.7768335702735973 1.212539391687723
61336.315 lsst_hardware_i -34.10138180474774 45.619998931884766 31.280000686645508 AB 3.7306337349151812 1.2022667531146658
61336.3335 lsst_hardware_z -44.48168077861172 49.040000915527344 30.950000762939453 AB 4.008718416241086 1.2190112258601449
61351.2212 lsst_hardware_r 13.899161958290104 24.190000534057617 31.469999313354492 AB 5.798185707346631 1.2497436593052893
61351.2436 lsst_hardware_i 13.046930706144337 32.43000030517578 31.229999542236328 AB 5.580785512864914 1.2119408258420858
61357.2705 lsst_hardware_u -3.8695868041470214 2.5799999237060547 28.260000228881836 AB 5.363948329202219 1.212009112571112
61357.2884 lsst_hardware_g -6.598231876327807 14.619999885559082 31.360000610351562 AB 5.563154646337329 1.240022582585035
61359.271 lsst_hardware_r -1.8619101670125133 24.100000381469727 31.469999313354492 AB 5.585521993253327 1.2194131630287801
61359.2889 lsst_hardware_i 10.162304154246664 32.66999816894531 31.219999313354492 AB 5.874058223138029 1.253355239645383
61361.2622 lsst_hardware_i 20.241627870339336 32.5 31.229999542236328 AB 4.867833042576964 1.2150344560887674
61361.2828 lsst_hardware_z 1.1302297336990061 44.31999969482422 30.93000030517578 AB 5.072176647914945 1.2518226271025323
61364.223 lsst_hardware_z 28.72101976152795 50.029998779296875 30.950000762939453 AB 5.893968930628958 1.2014409479955068
61364.2425 lsst_hardware_r 45.36612637748173 41.459999084472656 31.56999969482422 AB 5.901817790913588 1.2043706804122687
61366.1327 lsst_hardware_z 109.55166213088147 65.08000183105469 30.93000030517578 AB 6.044261022390083 1.4418274976380279
61366.1529 lsst_hardware_r 144.8171549241195 80.20999908447266 31.579999923706055 AB 5.59818401414348 1.3379447952543668
61368.2234 lsst_hardware_i 74.79930761273478 104.83999633789062 31.31999969482422 AB 9.193401363295909 1.2008492131137916
61368.2438 lsst_hardware_z -32.44725944594226 89.91000366210938 30.979999542236328 AB 9.195964768822751 1.2159149502608424
61372.2217 lsst_hardware_g -40.93055175413871 60.880001068115234 31.65999984741211 AB 4.640667533077826 1.205055189062211
61372.2405 lsst_hardware_r 2.552415493550078 63.060001373291016 31.600000381469727 AB 4.86348534734468 1.2270683353968568
61374.2259 lsst_hardware_i 13.236025915370826 38.220001220703125 31.260000228881836 AB 6.624923318355367 1.2140600442909715
