data/validation/pwv_sim_epoch_fit_seasonal/54873123.ecsv
# %ECSV 0.9
# ---
# datatype:
# - {name: time, datatype: float64}
# - {name: band, datatype: string}
# - {name: flux, datatype: float64}
# - {name: fluxerr, datatype: float64}
# - {name: zp, datatype: float64}
# - {name: zpsys, datatype: string}
# - {name: pwv, datatype: float64}
# - {name: airmass, datatype: float64}
# meta: {SNID: '54873123', alt: 1024.0, c: -0.03715549409389496, dec: -42.010422, lat: -30.244573, lon: -70.7499537, ra: 204.176468, t0: 60407.28125,
#   x0: 3.7771491405361856e-06, x1: 0.6932111382484436, z: 0.687874436378479}
# schema: astropy-2.0
time band flux fluxerr zp zpsys pwv airmass
60350.3893 lsst_hardware_r 37.19205009234056 34.36000061035156 31.59000015258789 AB 3.970824048416382 1.0242882326095568
60352.3686 lsst_hardware_i -3.5675926886922937 30.389999389648438 31.25 AB 6.331216474065978 1.0219606371740342
60352.3796 lsst_hardware_y -0.14965514748165462 49.209999084472656 30.049999237060547 AB 5.265482033077509 1.0230196295079572
60354.37 lsst_hardware_g -16.112040581730465 14.029999732971191 31.420000076293945 AB 2.5515207278298937 1.0222438813421206
60354.381 lsst_hardware_y -94.7443963178197 48.63999938964844 30.049999237060547 AB 2.628393417968543 1.0253143818874753
60356.3711 lsst_hardware_i 30.672694063255836 30.329999923706055 31.25 AB 3.595440961548533 1.0236859453480058
60356.3827 lsst_hardware_y 51.25810294779927 49.779998779296875 30.049999237060547 AB 3.503960487823808 1.029063285704496
60359.3565 lsst_hardware_z 21.62129743816185 40.88999938964844 30.959999084472656 AB 3.183078733558384 1.022265349998678
60359.3681 lsst_hardware_u 2.578779337933803 2.8499999046325684 28.559999465942383 AB 3.161972508970043 1.0256431979359513
60369.3553 lsst_hardware_i 11.088074980772138 65.4800033569336 31.329999923706055 AB 4.312910058683361 1.0349949145925474
60369.3671 lsst_hardware_r 9.162587705411681 78.30999755859375 31.649999618530273 AB 4.43255274801067 1.0469566573393965
60375.3404 lsst_hardware_g -2.269368834526099 15.302145957949001 31.450000762939453 AB 8.911998503734514 1.036278895783083
60375.3525 lsst_hardware_r 7.958716310347048 23.37533410228198 31.489999771118164 AB 9.022387588569536 1.0491148358801787
60378.3299 lsst_hardware_i 9.940553226746726 30.501548135600892 31.25 AB 8.956747124005892 1.0343062231809415
60378.3413 lsst_hardware_z 75.93017631074193 41.190848264032816 30.950000762939453 AB 8.748604956317196 1.0455250316277571
60393.285 lsst_hardware_i 872.6324923831103 78.47669607490354 31.34000015258789 AB 6.803024771700418 1.031282178630685
60396.2977 lsst_hardware_i 1104.645139500399 94.98403646955153 31.34000015258789 AB 7.757235606348091 1.052351759927841
60398.2437 lsst_hardware_z 1435.7329830707445 98.04419552789943 31.739999771118164 AB 6.577917719459853 1.0219447518580818
60400.2334 lsst_hardware_z 753.6528846206485 56.2687416296474 30.969999313354492 AB 4.337573494916439 1.022409780769945
60400.2454 lsst_hardware_r 1317.2102266027646 64.1200106711568 31.6299991607666 AB 4.327135072113012 1.022399402720264
60404.2269 lsst_hardware_i 1271.693521211822 46.12376115700788 31.25 AB 7.176899063853303 1.021962084277573
60404.2399 lsst_hardware_u 2.119303517976437 2.8232758963983717 28.389999389648438 AB 7.209580580788066 1.0236519353667566
60414.2119 lsst_hardware_g 181.44609442221196 18.89260316900731 31.459999084472656 AB 10.31773454694622 1.0234493995780538
60414.2223 lsst_hardware_r 929.7421302296401 38.43488552777728 31.510000228881836 AB 10.29849472167259 1.0278622717751604
60416.2039 lsst_hardware_r 840.9000875664506 37.38146890463284 31.510000228881836 AB 13.955949010304128 1.0228134809916545
60416.2146 lsst_hardware_i 1074.192340531609 44.46365715891319 31.260000228881836 AB 13.656709195239428 1.026665854400799
60419.207 lsst_hardware_z 1477.907111932346 78.56477359363937 31.719999313354492 AB 3.239403376861572 1.0269692624521523
60421.2026 lsst_hardware_z 647.4005470911751 66.28951880999223 30.989999771118164 AB 9.438951675880592 1.0275366509776735
60421.2141 lsst_hardware_r 871.3885355768698 86.85368345525356 31.65999984741211 AB 8.684766058380163 1.035667932390209
60425.187 lsst_hardware_i 904.8852963521725 102.54382871780246 31.350000381469727 AB 6.584939975194148 1.0252657216930892
60425.1979 lsst_hardware_z 751.9741699049522 86.76059516774275 31.0 AB 6.619192519742426 1.0314820953809978
60428.199 lsst_hardware_z 589.4174012626573 57.918731116585256 30.969999313354492 AB 10.14933332812345 1.0393759915468894
60431.1409 lsst_hardware_g 72.21897817254951 16.408543931047692 31.469999313354492 AB 7.67385750368509 1.024501469051456
60431.1535 lsst_hardware_r 416.7667635185056 30.22146710687772 31.520000457763672 AB 7.608121695052163 1.0219559902013293
60444.1306 lsst_hardware_z 280.2860396631957 44.42672688110118 30.950000762939453 AB 7.0455924457315975 1.0236347157670076
60444.1427 lsst_hardware_i 308.72064175128816 34.45928305324366 31.25 AB 7.160559872781338 1.0292473914281135
60446.1229 lsst_hardware_z 335.1801097293542 46.40736081834552 30.959999084472656 AB 8.748426889896935 1.0230283447227895
60446.1362 lsst_hardware_g 38.09880925900404 30.692764453427415 31.65999984741211 AB 8.140161511196482 1.0286098892682334
60448.101 lsst_hardware_y 184.24430955026676 50.58538463980771 30.049999237060547 AB 8.193378177479936 1.0226595882107634
60448.1135 lsst_hardware_r 122.62986745873152 54.46902430552592 31.639999389648438 AB 8.190383000028119 1.0222857440071709
60457.1551 lsst_hardware_i 221.49538900878431 72.24696591358827 32.060001373291016 AB 7.879964064671856 1.0929215068893003
60457.1712 lsst_hardware_z 515.3103770008262 75.48356659463516 31.709999084472656 AB 8.554119837824329 1.1314225035148904
60459.1092 lsst_hardware_u 0.12524438297652293 2.8573652813780677 28.510000228881836 AB 12.494885324824697 1.034701703801645
60459.1215 lsst_hardware_g 26.753785284056015 21.688759440974057 31.56999969482422 AB 12.679399762575912 1.047127057918958
60465.0404 lsst_hardware_z 207.4904637078808 42.63738618092767 30.950000762939453 AB 10.42188406564035 1.0281371981887883
60465.0518 lsst_hardware_r 111.80802245054862 23.893132865652237 31.5 AB 9.737223263143044 1.02331023477442
60467.0903 lsst_hardware_r 42.54807307725201 23.70377813603482 31.489999771118164 AB 4.465155862781594 1.0372826071197756
60467.1029 lsst_hardware_i 146.551555755503 31.96965612375095 31.239999771118164 AB 4.442820154699146 1.0511404151496402
60483.0155 lsst_hardware_z 302.37070457308516 65.88898184724403 30.989999771118164 AB 3.282953343904101 1.0220370499364522
60483.0265 lsst_hardware_i 149.8472894341382 74.9256110489756 31.34000015258789 AB 3.3128525907100435 1.0244351669463618
60484.0256 lsst_hardware_z 180.39352664747796 60.167946807835875 30.989999771118164 AB 4.176711047642748 1.0251484439204142
60484.0377 lsst_hardware_r 63.85188029566158 82.44518338874445 31.65999984741211 AB 4.154141368030974 1.0321489205617276
60486.0157 lsst_hardware_u -3.8995871758138723 2.6697639816101764 28.43000030517578 AB 4.167313984834764 1.0235747465616747
60486.0288 lsst_hardware_g 1.7681946047303028 17.533957419515502 31.520000457763672 AB 4.202075870970266 1.0297522964312302
60488.0127 lsst_hardware_r 60.37759924813782 23.29093949878228 31.5 AB 7.435734975669808 1.0243822938756775
60488.0247 lsst_hardware_i 44.74744269733144 31.4250880863072 31.25 AB 7.507515459700303 1.0306622299096264
60493.9999 lsst_hardware_g 9.86407643851438 13.850000381469727 31.43000030517578 AB 8.423672403489887 1.0258488571996167
60494.0108 lsst_hardware_i 11.363546144765893 30.239999771118164 31.25 AB 8.15638683247338 1.0324540294270101
60496.0021 lsst_hardware_z 5.728549383938871 40.83000183105469 30.950000762939453 AB 5.897101573383321 1.030151379750758
60496.0139 lsst_hardware_r 20.94984594639409 22.389999389648438 31.489999771118164 AB 5.983200173056139 1.03995368013722
60498.0006 lsst_hardware_u 4.302363457541887 2.690000057220459 28.450000762939453 AB 0.9798077158219947 1.033007607614122
60498.0132 lsst_hardware_g -21.831490081182856 13.770000457763672 31.40999984741211 AB 0.9196265494513041 1.0450301698310274
60499.9933 lsst_hardware_r -23.77503200309469 22.739999771118164 31.510000228881836 AB 8.174104101441747 1.0316279549998646
60500.0051 lsst_hardware_i 20.242947905137303 30.440000534057617 31.260000228881836 AB 8.526407868513653 1.0421358160741885
60501.9951 lsst_hardware_z -17.154307812163065 41.290000915527344 30.950000762939453 AB 11.01891229383761 1.0376274995766424
60502.0072 lsst_hardware_r 3.273668426338639 24.149999618530273 31.520000457763672 AB 10.281711959458622 1.0509774056484331
60504.9959 lsst_hardware_z -14.704930113947192 46.09000015258789 30.959999084472656 AB 6.6218442828007795 1.0471388468554557
60505.0076 lsst_hardware_r -33.76370086179114 41.119998931884766 31.600000381469727 AB 5.778373292685589 1.0631129570744982
60715.3734 lsst_hardware_i 14.60272926402866 31.209999084472656 31.260000228881836 AB 6.768429455857479 1.0220739863124284
60715.3854 lsst_hardware_y -50.32542827792921 61.63999938964844 30.06999969482422 AB 6.74842721912942 1.022953951664305
60717.3614 lsst_hardware_g -42.7402392328512 48.459999084472656 31.719999313354492 AB 4.520526597047753 1.0232065633879024
60717.3723 lsst_hardware_z -29.96575527570378 49.31999969482422 30.969999313354492 AB 4.536954631932861 1.021951713466125
60719.3799 lsst_hardware_i 25.47539197086188 65.62000274658203 31.329999923706055 AB 5.092057500065113 1.0246103928900152
60719.3909 lsst_hardware_y 14.300039952179075 76.16000366210938 30.06999969482422 AB 5.08221942775258 1.0304058852962807
60723.3615 lsst_hardware_z 117.65186374257905 82.52999877929688 31.729999542236328 AB 4.132821491515555 1.0225326879484269
60725.3574 lsst_hardware_r -61.20983763503035 57.790000915527344 31.649999618530273 AB 3.216279660332605 1.0227999449845726
60725.3684 lsst_hardware_z 54.24226308451066 52.369998931884766 30.979999542236328 AB 3.173170014479563 1.0267774079480856
60728.3538 lsst_hardware_r 21.15338833111959 27.06999969482422 31.540000915527344 AB 9.596519304160573 1.0240656604589236
60728.3652 lsst_hardware_y -25.141067085919474 47.279998779296875 30.049999237060547 AB 9.650238217844203 1.0296607770646624
60730.3548 lsst_hardware_g 14.814215717033584 14.760000228881836 31.469999313354492 AB 10.378425766711931 1.026804429058811
60730.3662 lsst_hardware_r -2.7273813258986985 23.09000015258789 31.510000228881836 AB 10.444529057551804 1.0344105037809734
60732.3542 lsst_hardware_i -2.8391384686245074 30.260000228881836 31.25 AB 6.774323006249459 1.0296106096587063
60732.3656 lsst_hardware_z -61.36366948377022 41.189998626708984 30.950000762939453 AB 6.838375832760568 1.0387537816064358
60737.3013 lsst_hardware_i -47.19960419390276 30.079999923706055 31.25 AB 6.221012134152997 1.0250473116086665
60737.3128 lsst_hardware_u -0.18371840747779092 2.5999999046325684 28.3799991607666 AB 6.1544999304203545 1.02212994484872
60739.298 lsst_hardware_g -6.1353355112942 13.739999771118164 31.420000076293945 AB 9.946809979851588 1.0242300344799042
60739.3095 lsst_hardware_r 28.94177549090247 22.450000762939453 31.5 AB 9.960854996739181 1.0219755468610652
60741.332 lsst_hardware_r -45.56753443960131 22.270000457763672 31.489999771118164 AB 9.188824079862004 1.0312162292228673
60741.3442 lsst_hardware_u -3.011634085504983 2.640000104904175 28.420000076293945 AB 8.960785188722868 1.0419517661305662
60743.33 lsst_hardware_g -3.1362883254385037 13.539999961853027 31.40999984741211 AB 7.443620801489892 1.0338362224291517
60743.3424 lsst_hardware_r -31.905514261988944 22.290000915527344 31.479999542236328 AB 7.186653534736265 1.0460034011769677
60752.2848 lsst_hardware_z -42.47750192117863 66.95999908447266 31.0 AB 6.465070852893289 1.0230621668256243
60752.2956 lsst_hardware_r 104.36220245512462 89.45999908447266 31.670000076293945 AB 6.364225186855483 1.027261140673938
60760.2353 lsst_hardware_u -4.657830510368316 2.759999990463257 28.510000228881836 AB 6.699875653662203 1.026499340474017
60760.2468 lsst_hardware_g 6.693169644421608 13.800000190734863 31.440000534057617 AB 6.66229124979415 1.0225949399154541
60762.2364 lsst_hardware_r 25.572470281320182 22.709999084472656 31.520000457763672 AB 7.771614144966363 1.0238381536491643
60762.2468 lsst_hardware_i 25.081869473157912 30.3700008392334 31.270000457763672 AB 7.807570843720035 1.0219779454234386
60764.236 lsst_hardware_z -7.555070044311091 40.86000061035156 30.959999084472656 AB 6.646728422289906 1.0225736034292163
60764.2475 lsst_hardware_r -9.876570894630191 22.65999984741211 31.510000228881836 AB 6.741283793884876 1.0222326820488592
60767.2308 lsst_hardware_u -4.059082363620567 2.759999990463257 28.5 AB 8.696261097419589 1.0221475617473672
60767.2428 lsst_hardware_g 6.530876440778446 14.0600004196167 31.450000762939453 AB 8.748394907177628 1.0228252585410038
60769.2249 lsst_hardware_r 4.775832778546223 22.56999969482422 31.489999771118164 AB 5.6220778201700705 1.0221959673036491
60769.2364 lsst_hardware_z 7.230762908065762 40.59000015258789 30.940000534057617 AB 5.624490447430782 1.0226346268055968
60771.2108 lsst_hardware_i -53.595366499441106 30.299999237060547 31.25 AB 15.175291438741468 1.0241811054020094
60771.223 lsst_hardware_r 22.71997235654731 22.56999969482422 31.5 AB 15.148467104523798 1.0219568983690146
60773.2166 lsst_hardware_z -1.4255503644500325 66.58999633789062 31.719999313354492 AB 9.471103136707095 1.0219879652586608
60775.2224 lsst_hardware_i 17.494169228676476 59.869998931884766 31.329999923706055 AB 5.030569777742147 1.0231667344559436
60775.2344 lsst_hardware_z 62.596183550608394 56.56999969482422 30.979999542236328 AB 5.096903814536536 1.0281543466655196
60778.212 lsst_hardware_r -40.280674694988136 129.24000549316406 31.670000076293945 AB 12.499756427411048 1.0226701560552292
60778.2236 lsst_hardware_z 99.72969527360453 84.44000244140625 31.0 AB 12.529048015886973 1.026739711613122
60780.2002 lsst_hardware_z -51.72302174724471 110.30000305175781 31.75 AB 10.117454384516213 1.021965089345072
60782.2088 lsst_hardware_z -72.25551408430883 58.40999984741211 30.989999771118164 AB 13.652700958524019 1.02497754943874
60782.222 lsst_hardware_r 14.968149499930597 74.2300033569336 31.65999984741211 AB 13.644788260302159 1.0326529964910494
60784.1892 lsst_hardware_r -36.89158216170359 44.31999969482422 31.6299991607666 AB 9.145556040150506 1.0219640228126614
60784.2009 lsst_hardware_y 23.374792451231645 48.41999816894531 30.059999465942383 AB 9.186481716766968 1.0240768872155364
60790.1868 lsst_hardware_g -14.12456794471171 14.229999542236328 31.440000534057617 AB 12.996369543480663 1.0249166005439356
60790.2001 lsst_hardware_r 27.83451413638627 22.979999542236328 31.510000228881836 AB 13.103837813739075 1.0326113328399376
60792.1787 lsst_hardware_i 13.224831967029823 30.280000686645508 31.239999771118164 AB 3.586846961701851 1.0239601175311577
60792.1912 lsst_hardware_z 13.536698392028537 40.77000045776367 30.940000534057617 AB 3.608556790282669 1.0301577609942199
60795.1936 lsst_hardware_g 6.788552188326543 14.25 31.43000030517578 AB 11.512804079178473 1.0387726711891372
60795.2061 lsst_hardware_i -31.666747237776494 30.739999771118164 31.25 AB 11.671322458920535 1.053075404009462
60797.1354 lsst_hardware_g 16.97286116788597 14.220000267028809 31.440000534057617 AB 7.662635163949551 1.0259709672341628
60797.147 lsst_hardware_r -23.942340991163054 22.8700008392334 31.5 AB 7.661159254285807 1.0223966976360346
60802.1402 lsst_hardware_z 148.45805815448207 68.23999786376953 31.719999313354492 AB 6.271841719207681 1.021971927522842
60806.1199 lsst_hardware_z -98.38664788042323 83.5199966430664 31.0 AB 8.012654236944032 1.022870267051003
60806.1315 lsst_hardware_r -97.49680233834522 126.48999786376953 31.670000076293945 AB 7.923080331545122 1.0221021487464073
60808.1289 lsst_hardware_z -177.8068166749796 122.37999725341797 31.75 AB 7.072374024143655 1.0224626317975503
60810.1254 lsst_hardware_r -17.511039220215086 85.30999755859375 31.65999984741211 AB 7.075465700599126 1.0228356632596836
60810.138 lsst_hardware_z 103.10849954961719 62.18000030517578 30.989999771118164 AB 7.159125885314261 1.0276871897095656
60812.1096 lsst_hardware_i 15.727450076396842 46.13999938964844 31.309999465942383 AB 8.72884020818838 1.0220226804658115
60812.121 lsst_hardware_r -22.831912586030313 51.95000076293945 31.639999389648438 AB 8.73147987010802 1.0230804230017014
60814.1119 lsst_hardware_u 0.9185937341479553 2.7200000286102295 28.469999313354492 AB 8.18371255808384 1.0223676886087916
60814.1244 lsst_hardware_g -10.245494897249399 14.069999694824219 31.440000534057617 AB 8.215179911372823 1.0262988146130785
60818.1126 lsst_hardware_r -46.27931400049287 22.600000381469727 31.5 AB 2.6303724056322046 1.0258862736475056
60818.1246 lsst_hardware_i -28.520175799633066 30.31999969482422 31.25 AB 2.6600244509639763 1.033353622906086
60819.0904 lsst_hardware_z -5.525963807038677 40.709999084472656 30.950000762939453 AB 8.859287313474718 1.0220289152249242
60819.1029 lsst_hardware_r -22.70289177286676 22.6200008392334 31.5 AB 8.870678064748775 1.0233429799748635
60824.0996 lsst_hardware_r 7.8375859876559755 22.510000228881836 31.489999771118164 AB 9.81180702747471 1.0275936841481854
60824.112 lsst_hardware_z 23.219395852405075 40.95000076293945 30.950000762939453 AB 9.856751689979738 1.0365344598268318
60826.0876 lsst_hardware_i 13.358512500202623 30.1299991607666 31.25 AB 8.971171214447676 1.0245741450945267
60826.0999 lsst_hardware_r -25.09405419369939 22.59000015258789 31.5 AB 9.083661725524754 1.031218692824274
60830.0501 lsst_hardware_g 10.433648734948378 54.84000015258789 32.439998626708984 AB 11.758236178756462 1.0240581935861703
60830.063 lsst_hardware_r 36.67448519980712 57.63999938964844 32.369998931884766 AB 11.745665467297814 1.0219620618448058
60841.9678 lsst_hardware_i 20.148626846384044 31.110000610351562 31.25 AB 9.869456366322781 1.0751334585716148
60841.9736 lsst_hardware_z 15.06219305792506 41.52000045776367 30.950000762939453 AB 9.703616679901108 1.0653656498120871
60844.0267 lsst_hardware_u 2.736152556416752 2.75 28.510000228881836 AB 5.238755937443101 1.0220300967211382
60844.0395 lsst_hardware_g 7.7287559684248315 13.649999618530273 31.43000030517578 AB 5.246205501026453 1.024983165293348
60847.0251 lsst_hardware_r 2.9521170432042214 22.3700008392334 31.5 AB 4.026547480728323 1.0230049493720332
60847.0368 lsst_hardware_i -8.726695553009584 30.09000015258789 31.25 AB 4.040685008125305 1.0275975945726203
60851.0164 lsst_hardware_g -4.097628628308329 13.729999542236328 31.43000030517578 AB 5.107055582154645 1.0235947853062493
60851.0291 lsst_hardware_r 13.51998127622506 22.3700008392334 31.5 AB 5.2168869837415315 1.0295132845168133
60863.0004 lsst_hardware_z -1.4662623442402767 89.36000061035156 31.739999771118164 AB 3.097015978363581 1.032338659454527
60864.9948 lsst_hardware_z 78.4678750042958 62.86000061035156 30.989999771118164 AB 3.2042287984065907 1.0322347806947407
60865.0071 lsst_hardware_r 131.39393463381202 88.86000061035156 31.65999984741211 AB 2.5439209138269607 1.0435528310232636
