data/validation/pwv_sim_epoch_fit_seasonal/54923756.ecsv
# %ECSV 0.9
# ---
# datatype:
# - {name: time, datatype: float64}
# - {name: band, datatype: string}
# - {name: flux, datatype: float64}
# - {name: fluxerr, datatype: float64}
# - {name: zp, datatype: float64}
# - {name: zpsys, datatype: string}
# - {name: pwv, datatype: float64}
# - {name: airmass, datatype: float64}
# meta: {SNID: '54923756', alt: 1024.0, c: -0.01618356630206108, dec: -31.388166, lat: -30.244573, lon: -70.7499537, ra: 127.089844, t0: 60395.890625,
#   x0: 8.800709269855906e-06, x1: 0.7915201187133789, z: 0.4853358864784241}
# schema: astropy-2.0
time band flux fluxerr zp zpsys pwv airmass
60261.3054 lsst_hardware_r -28.918075211077106 64.79000091552734 31.610000610351562 AB 4.714393367600914 1.1639040532280438
60261.3251 lsst_hardware_i -143.4988859953715 62.63999938964844 31.309999465942383 AB 4.463832838207234 1.1010934480037577
60263.2822 lsst_hardware_i 62.021570976152525 61.95000076293945 31.290000915527344 AB 5.599614853851288 1.2388985258714453
60263.3017 lsst_hardware_z 12.127688344968146 70.11000061035156 30.979999542236328 AB 6.135444458052623 1.157485434169153
60268.2748 lsst_hardware_y -57.30203488749911 70.8499984741211 30.010000228881836 AB 5.331977074907999 1.2102085284451674
60268.2915 lsst_hardware_g -61.78583940015854 68.47000122070312 31.68000030517578 AB 5.027775780321022 1.1453879328685765
60270.2646 lsst_hardware_r -49.388953123618066 63.93000030517578 31.59000015258789 AB 3.6902365344490384 1.2317211396699193
60270.2814 lsst_hardware_i 14.346078982929333 62.18000030517578 31.299999237060547 AB 3.754949412710021 1.1618036549226551
60272.2745 lsst_hardware_z -103.74550169420453 69.95999908447266 30.979999542236328 AB 10.328375992076102 1.167136054551465
60272.2918 lsst_hardware_r -118.02055074812692 64.76000213623047 31.6299991607666 AB 10.305045699000118 1.110218239495811
60274.2705 lsst_hardware_z 180.36575044811798 70.0 30.969999313354492 AB 6.186982131109252 1.161729135214856
60274.2869 lsst_hardware_r -31.609760055669984 65.25 31.6299991607666 AB 5.896381457220949 1.1086202288583746
60276.2698 lsst_hardware_i -75.16045357416893 61.880001068115234 31.299999237060547 AB 5.061446741573593 1.1449078397527448
60276.2866 lsst_hardware_z -64.92830464244723 69.91000366210938 30.979999542236328 AB 4.82465530999295 1.0945639149982116
60278.2699 lsst_hardware_r 62.470808404678976 65.81999969482422 31.6299991607666 AB 6.797958723409844 1.1267490529001525
60278.2853 lsst_hardware_z -19.40993087343071 70.55999755859375 30.989999771118164 AB 6.591994497960279 1.0840758949076912
60280.2907 lsst_hardware_r 28.00270608238827 65.69999694824219 31.639999389648438 AB 7.2990219156620695 1.0600312604437336
60280.3065 lsst_hardware_i 40.75995367870755 63.13999938964844 31.329999923706055 AB 6.74982289627164 1.0329517019315386
60282.2371 lsst_hardware_g 51.53177016618846 67.9000015258789 31.65999984741211 AB 5.268089150767447 1.2079310176594031
60282.258 lsst_hardware_r 2.3225750761803328 65.19000244140625 31.6299991607666 AB 4.956776382258521 1.1298354402443158
60284.2342 lsst_hardware_i -48.54779485560941 62.20000076293945 31.299999237060547 AB 6.433298522878661 1.1970040976608596
60284.2538 lsst_hardware_z 78.78879565547147 70.23999786376953 30.979999542236328 AB 5.880058687844646 1.1258728659391077
60293.2444 lsst_hardware_r 14.641921202887294 21.979999542236328 31.469999313354492 AB 8.740251785895634 1.0839492159829356
60293.2674 lsst_hardware_i 24.365957946341812 29.760000228881836 31.239999771118164 AB 8.47509775161366 1.0383580904271275
60295.247 lsst_hardware_z 21.278203458852477 58.2400016784668 31.700000762939453 AB 8.958781853545258 1.0656758747277737
60295.2715 lsst_hardware_u -2.562157073534492 3.75 29.209999084472656 AB 7.221333998315705 1.02499329311461
60297.1414 lsst_hardware_i 2.984074250225889 36.90999984741211 31.18000030517578 AB 5.696263238799645 1.5757298032634022
60297.1643 lsst_hardware_z -11.256294268893111 46.68000030517578 30.920000076293945 AB 4.750837036159175 1.3845790997913805
60301.1635 lsst_hardware_r -68.69987259399184 53.95000076293945 31.559999465942383 AB 6.356448073491253 1.3192213227587586
60301.1856 lsst_hardware_z 40.161743493988645 50.119998931884766 30.950000762939453 AB 7.076523643199709 1.206311296518169
60303.1639 lsst_hardware_z 71.27889783681589 58.349998474121094 30.950000762939453 AB 8.125155057229339 1.2856258001945156
60303.1869 lsst_hardware_i 26.755786179953226 58.689998626708984 31.299999237060547 AB 7.816499036529932 1.1784851296406573
60304.1406 lsst_hardware_r 14.273746485847642 87.97000122070312 31.559999465942383 AB 9.821086987871697 1.4176445437366674
60304.165 lsst_hardware_z -94.46044426167573 62.380001068115234 30.950000762939453 AB 8.852481049368183 1.2651823709259076
60308.1703 lsst_hardware_r 108.72014660062119 70.31999969482422 31.610000610351562 AB 11.06960538569192 1.190280148999131
60308.1928 lsst_hardware_i -30.821205979508946 58.84000015258789 31.309999465942383 AB 10.344164496242584 1.1122757522841487
60310.144 lsst_hardware_i -29.234502787881482 41.59000015258789 31.25 AB 8.984820139049878 1.289976265835171
60310.1671 lsst_hardware_z -7.42413808634756 49.38999938964844 30.950000762939453 AB 8.268796479058633 1.1811916743234312
60312.1663 lsst_hardware_u -0.9119148635699251 2.549999952316284 28.31999969482422 AB 4.5034935963228975 1.163392817443269
60312.1877 lsst_hardware_r 20.40263535349536 29.139999389648438 31.540000915527344 AB 4.156414364289244 1.0961731032608277
60314.1621 lsst_hardware_i 11.674317664820633 31.079999923706055 31.229999542236328 AB 13.13921439687764 1.15878861398987
60314.1834 lsst_hardware_z 51.83394546575961 41.68000030517578 30.940000534057617 AB 12.545176539662831 1.0931424933809242
60316.1413 lsst_hardware_z 35.86150948104151 43.22999954223633 30.93000030517578 AB 9.745548402720733 1.221144649910709
60316.1648 lsst_hardware_r -11.810208646107249 22.1200008392334 31.469999313354492 AB 9.001811443349363 1.1310229228985254
60318.1457 lsst_hardware_u 1.3075006874110762 2.569999933242798 28.309999465942383 AB 7.548473541798576 1.1794489909060275
60318.1688 lsst_hardware_g -14.688595068679545 13.100000381469727 31.3700008392334 AB 8.282073191603894 1.1029528820886794
60324.1273 lsst_hardware_u -2.932006627702629 2.4600000381469727 28.219999313354492 AB 6.555561402366453 1.187494140452215
60324.1438 lsst_hardware_r 17.469690520407372 22.170000076293945 31.459999084472656 AB 6.21607626933006 1.1283492955763403
60328.1306 lsst_hardware_r 27.41813495296221 34.5099983215332 31.559999465942383 AB 4.861761668815437 1.1356602823675397
60328.1486 lsst_hardware_z 16.385600799748715 43.470001220703125 30.940000534057617 AB 4.373934199942479 1.084536126938378
60330.1302 lsst_hardware_y 0.39636168034456154 49.54999923706055 30.030000686645508 AB 13.33485420245248 1.1197683073793394
60330.1483 lsst_hardware_r -51.36029076340678 47.58000183105469 31.6200008392334 AB 12.7671484677851 1.0724865882172412
60332.1246 lsst_hardware_i -89.60053091691772 79.9800033569336 32.060001373291016 AB 9.387649355965728 1.120188855681288
60332.143 lsst_hardware_z -4.370357677723553 76.43000030517578 31.719999313354492 AB 8.20893091268614 1.0721285475863485
60334.1312 lsst_hardware_r -22.568038934560697 90.9000015258789 31.649999618530273 AB 8.501121590493097 1.0870420276617525
60334.1503 lsst_hardware_z 21.70039316344544 63.18000030517578 30.979999542236328 AB 8.19310303497628 1.046874689024281
60338.1238 lsst_hardware_z -112.53804707479323 53.86000061035156 30.969999313354492 AB 12.498287281602465 1.078554304591169
60338.1441 lsst_hardware_i 21.36130932270929 54.34000015258789 31.31999969482422 AB 10.38265306504801 1.0390445899472602
60340.124 lsst_hardware_u -8.75348388973447 5.090000152587891 28.8799991607666 AB 9.468343290792872 1.0659647758165893
60340.1446 lsst_hardware_g 76.33943534828548 38.439998626708984 31.700000762939453 AB 9.362432064540233 1.0302633199248301
60344.1182 lsst_hardware_r -42.934032988985884 21.889999389648438 31.479999542236328 AB 11.069882434872184 1.0556485363367099
60344.1373 lsst_hardware_i 17.088836018779784 29.639999389648438 31.25 AB 10.49765204514012 1.0255118492785698
60346.0422 lsst_hardware_z -2.8735594283415686 45.0099983215332 30.920000076293945 AB 6.269450284925263 1.3099561815556195
60346.0619 lsst_hardware_r -11.401387521993435 22.670000076293945 31.450000762939453 AB 5.785133483529839 1.2099414703422697
60350.0393 lsst_hardware_y -54.84373543575326 50.880001068115234 29.979999542236328 AB 3.1642879754319413 1.2657151901727766
60350.0591 lsst_hardware_u -1.8558041238134655 2.619999885559082 28.360000610351562 AB 3.0587194422513497 1.1764305547120575
60352.0362 lsst_hardware_y 71.70334345341452 51.65999984741211 29.969999313354492 AB 3.2891762620876253 1.2536563062206676
60352.0536 lsst_hardware_i -12.208768247836367 31.469999313354492 31.229999542236328 AB 2.248840626366004 1.1765821205264
60356.0318 lsst_hardware_y 8.67084231378577 50.619998931884766 29.989999771118164 AB 3.4160919969198327 1.2224340658149337
60356.0494 lsst_hardware_g -10.449283208189806 22.440000534057617 31.549999237060547 AB 2.76418044522887 1.1517418521786957
60359.0307 lsst_hardware_z 47.07158622646348 50.790000915527344 30.950000762939453 AB 7.268656136396785 1.1917132150612282
60359.0491 lsst_hardware_i 56.02380432643992 43.790000915527344 31.290000915527344 AB 3.2731761317465966 1.1256409004688246
60362.0283 lsst_hardware_y 8.929255229268867 55.33000183105469 30.020000457763672 AB 5.700862726820208 1.1689082054137974
60362.0486 lsst_hardware_r -12.050744293879662 77.26000213623047 31.639999389648438 AB 5.873847978301584 1.1031218326309375
60363.025 lsst_hardware_y 39.61170664066775 57.33000183105469 30.010000228881836 AB 8.314555954092885 1.1710642188863218
60363.0409 lsst_hardware_r 60.01057182551615 87.95999908447266 31.6299991607666 AB 7.907981730008336 1.1173542695675216
60365.025 lsst_hardware_y 75.13280777567577 57.029998779296875 30.030000686645508 AB 11.165949374706843 1.1511288015161694
60365.0447 lsst_hardware_z -72.72557790202502 64.7300033569336 30.979999542236328 AB 9.810046074404308 1.0917235731508086
60367.0239 lsst_hardware_y 26.037769086028202 48.90237026703948 30.020000457763672 AB 9.07037247339461 1.1363533542213242
60367.0448 lsst_hardware_u 2.2300189053143615 8.35797833854704 29.15999984741211 AB 8.382424781716688 1.0781253738542365
60369.0207 lsst_hardware_y 60.78816579756711 49.183576324346404 30.020000457763672 AB 5.7883867915405265 1.129074146594381
60369.0399 lsst_hardware_r 2.605552926986977 22.540220065309494 31.479999542236328 AB 5.541608219309777 1.076824526462915
60372.0206 lsst_hardware_z 182.78456060863553 67.42095989946763 31.700000762939453 AB 4.167026755577012 1.1050434480326214
60375.0171 lsst_hardware_y 154.49175050902448 50.19427361156211 30.030000686645508 AB 7.03529890898895 1.0924801287299895
60375.0392 lsst_hardware_g 128.24825495910432 17.300120451515575 31.389999389648438 AB 6.769538130676655 1.0454077879201074
60379.0056 lsst_hardware_y 211.8057493613138 59.69829545236735 30.040000915527344 AB 8.809961012183717 1.0939747526460049
60379.026 lsst_hardware_i 888.5957946183038 41.88940792550342 31.239999771118164 AB 8.475301441668178 1.0493996584673133
60386.0114 lsst_hardware_z 2733.056650346814 79.72188436850193 31.709999084472656 AB 7.954179600434184 1.0416683604549744
60389.9999 lsst_hardware_y 1070.004685444156 85.5849308080211 30.809999465942383 AB 5.272601237062783 1.0426170362487437
60390.0185 lsst_hardware_z 3383.115101586248 92.62316450955142 31.729999542236328 AB 5.294972195793355 1.0177419648500812
60619.2124 lsst_hardware_z -77.81300727987947 52.849998474121094 30.809999465942383 AB 5.781385285594088 2.3125541142376353
60619.229 lsst_hardware_r -20.899889169602886 24.649999618530273 31.309999465942383 AB 4.937222083431458 1.9748888333725834
60623.3121 lsst_hardware_i 0.24332631290647758 31.010000228881836 31.229999542236328 AB 12.159354367289586 1.1720801060926582
60623.3321 lsst_hardware_u -4.26198636757597 2.5899999141693115 28.3700008392334 AB 11.477410131423849 1.106274169682133
60628.2934 lsst_hardware_z -53.53090769648726 76.66999816894531 31.709999084472656 AB 6.303432534888229 1.1921009648025724
60630.2845 lsst_hardware_z -49.84237186682734 59.150001525878906 30.959999084472656 AB 4.8827989999533745 1.2066224876326912
60630.3009 lsst_hardware_r -35.912990187824406 78.27999877929688 31.6299991607666 AB 4.27166790505206 1.1436096392616453
60632.2801 lsst_hardware_i 27.09921327710483 55.75 31.290000915527344 AB 6.382980416764955 1.2020678750969782
60632.296 lsst_hardware_z -6.789028975954682 54.08000183105469 30.959999084472656 AB 7.153446971717528 1.1417200497514777
60634.2758 lsst_hardware_z 0.6003245183111433 51.959999084472656 30.950000762939453 AB 3.865245169482806 1.1971645166682239
60634.2921 lsst_hardware_i 51.06111758629951 48.029998779296875 31.290000915527344 AB 4.72829947538276 1.1365421490013243
60636.2925 lsst_hardware_g 15.912959358522594 35.630001068115234 31.649999618530273 AB 7.2662780669696145 1.1181756450838973
60636.3094 lsst_hardware_r -54.953865412615144 39.02000045776367 31.600000381469727 AB 6.952292241456902 1.0739895326658448
60647.2368 lsst_hardware_u -0.489557784761262 2.609999895095825 28.34000015258789 AB 5.275419321924551 1.2122523862640435
60647.2567 lsst_hardware_r 42.55481175095136 22.219999313354492 31.469999313354492 AB 4.941519768888799 1.136242761298873
60649.2369 lsst_hardware_i -48.136054479713565 31.139999389648438 31.229999542236328 AB 6.316733175757575 1.1886964952498955
60649.2571 lsst_hardware_z -40.93675777974103 41.81999969482422 30.940000534057617 AB 5.81234635316963 1.117902234870247
60651.2338 lsst_hardware_r -9.147947695825728 22.5 31.469999313354492 AB 5.919927513025438 1.179268428889821
60651.2538 lsst_hardware_z 51.96519794141943 41.779998779296875 30.940000534057617 AB 7.149903900939257 1.1115568069035482
60653.2512 lsst_hardware_i 32.3404586994763 43.150001525878906 32.0 AB 10.195939286033836 1.1034864889238167
60653.2738 lsst_hardware_r -2.920396512356677 30.889999389648438 32.2400016784668 AB 9.75281606862673 1.0518567804817087
60657.2467 lsst_hardware_r -93.13384824447083 85.0 32.380001068115234 AB 8.50246008053355 1.0866920967770355
60657.2712 lsst_hardware_i 118.54362963200427 67.56999969482422 32.060001373291016 AB 8.179145639805146 1.0377651005271207
60659.2485 lsst_hardware_z 4.0576406743579705 59.0099983215332 30.979999542236328 AB 11.112281443246944 1.0697885335471853
60659.2712 lsst_hardware_r -47.19048219697631 79.94999694824219 31.65999984741211 AB 10.800385507591805 1.029827122623282
60664.1693 lsst_hardware_r -85.13202490790064 43.13999938964844 31.540000915527344 AB 6.37658703153816 1.321298597500428
60664.1916 lsst_hardware_z -117.03155344130012 52.04999923706055 30.950000762939453 AB 5.7515040950770455 1.2069468582280456
60666.1253 lsst_hardware_u -1.4250341833317122 2.2699999809265137 27.93000030517578 AB 8.123619834486254 1.6370014779821167
60666.1467 lsst_hardware_g -7.839835824843409 13.40999984741211 31.280000686645508 AB 7.119674946061751 1.4388026162466008
60667.1478 lsst_hardware_r -5.149982665866063 23.489999771118164 31.40999984741211 AB 8.854879514191351 1.4098442883717572
60667.1689 lsst_hardware_i 38.3143747251708 32.220001220703125 31.209999084472656 AB 8.41437305122112 1.2770333967552276
60669.1447 lsst_hardware_z -84.2959400279585 45.36000061035156 30.90999984741211 AB 9.737911649268948 1.3928215188827788
60669.1674 lsst_hardware_r -29.485409573908658 22.670000076293945 31.450000762939453 AB 8.845479065276722 1.2564006058344852
60671.1457 lsst_hardware_u 0.1787534534392684 2.5799999237060547 28.270000457763672 AB 8.305751318122603 1.3492123648671515
60671.1678 lsst_hardware_r -10.625357982469765 22.649999618530273 31.459999084472656 AB 7.53112794548533 1.2279847183343477
60677.146 lsst_hardware_g 6.773440745820321 13.109999656677246 31.309999465942383 AB 5.783605528075309 1.2541701242709118
60677.1693 lsst_hardware_r -8.78040804856475 22.239999771118164 31.459999084472656 AB 5.458577603212457 1.1550100726221881
60679.1417 lsst_hardware_i -31.63231626126209 31.59000015258789 31.219999313354492 AB 3.1490507404654617 1.248384832691957
60679.1628 lsst_hardware_z 29.868987679813923 42.380001068115234 30.940000534057617 AB 2.933061898954491 1.1587405032906632
60681.1479 lsst_hardware_r 11.241248289589283 24.860000610351562 31.479999542236328 AB 9.457120964504087 1.19541419906513
60681.1687 lsst_hardware_g -6.006014176752577 13.220000267028809 31.3799991607666 AB 7.648122576693901 1.1210146686249765
