data/validation/pwv_sim_epoch_fit_seasonal/54966067.ecsv
# %ECSV 0.9
# ---
# datatype:
# - {name: time, datatype: float64}
# - {name: band, datatype: string}
# - {name: flux, datatype: float64}
# - {name: fluxerr, datatype: float64}
# - {name: zp, datatype: float64}
# - {name: zpsys, datatype: string}
# - {name: pwv, datatype: float64}
# - {name: airmass, datatype: float64}
# meta: {SNID: '54966067', alt: 1024.0, c: -0.007827598601579666, dec: -11.567418, lat: -30.244573, lon: -70.7499537, ra: 83.671875, t0: 62537.93359375,
#   x0: 4.881884436858943e-06, x1: 0.7265490889549255, z: 0.6193926930427551}
# schema: astropy-2.0
time band flux fluxerr zp zpsys pwv airmass
62412.3791 lsst_hardware_z -68.53883277621445 68.13999938964844 31.709999084472656 AB 2.7667644900473842 1.060808162840031
62415.3714 lsst_hardware_g 4.170412895421973 14.020000457763672 31.420000076293945 AB 6.532730830212403 1.0605082516577686
62417.366 lsst_hardware_i 22.88737288535115 30.440000534057617 31.25 AB 4.67738738866968 1.0604717477334522
62417.3841 lsst_hardware_y 10.176173548397923 61.619998931884766 30.059999465942383 AB 4.292754001716135 1.0558116011599432
62419.3657 lsst_hardware_i 4.863138075583554 30.75 31.25 AB 3.17365121668844 1.0578837388961466
62419.3838 lsst_hardware_y -10.059140418452648 68.02999877929688 30.059999465942383 AB 3.3287170197172626 1.056735561815004
62421.3667 lsst_hardware_g 12.010707385443528 14.050000190734863 31.43000030517578 AB 5.860094409613147 1.0560631482452958
62426.3571 lsst_hardware_u 5.175947793892899 2.819999933242798 28.479999542236328 AB 5.159746168682414 1.0557205412570998
62426.3735 lsst_hardware_z 49.78073097735818 48.25 30.959999084472656 AB 5.18384913054518 1.0606340932061524
62431.2708 lsst_hardware_z -14.267671259305764 110.9800033569336 32.15999984741211 AB 3.3395188158492743 1.1633927245599285
62431.2892 lsst_hardware_y -43.094769410211164 54.72999954223633 30.030000686645508 AB 3.0617519342495885 1.1137693467623095
62434.3319 lsst_hardware_z -50.478607431180194 62.119998931884766 30.989999771118164 AB 4.006307505614381 1.0559587521387404
62434.3504 lsst_hardware_r 38.15328621681865 81.19000244140625 31.649999618530273 AB 3.886632206556443 1.0598942477655966
62436.3199 lsst_hardware_i 18.0655759317485 58.02000045776367 31.31999969482422 AB 3.3138521864208563 1.0576405286589095
62436.3363 lsst_hardware_r 39.1095924951574 67.80999755859375 31.639999389648438 AB 3.255287109698914 1.0564540598329821
62439.3234 lsst_hardware_z 50.09420571845351 44.119998931884766 30.959999084472656 AB 4.680457919621907 1.0557622330394711
62439.3403 lsst_hardware_g 3.5016660125006673 31.25 31.649999618530273 AB 5.20691506866792 1.0621299521319834
62441.3167 lsst_hardware_g -5.006860661573205 16.600000381469727 31.479999542236328 AB 5.702989110082323 1.0557180877605998
62441.336 lsst_hardware_r 40.72535180703033 24.239999771118164 31.5 AB 5.407837682680172 1.0629656378732308
62450.3027 lsst_hardware_i 22.654706449014622 30.329999923706055 31.25 AB 10.982994379112137 1.0579390626703402
62450.3197 lsst_hardware_z -53.83439132076077 41.38999938964844 30.950000762939453 AB 11.126576619029457 1.0704463924923313
62452.2766 lsst_hardware_z -40.63605276636954 41.099998474121094 30.950000762939453 AB 4.335722767289763 1.057493357875552
62452.2946 lsst_hardware_i 9.754465915487085 30.270000457763672 31.239999771118164 AB 3.897561349746575 1.056989676534134
62455.2754 lsst_hardware_z -0.08739229765914604 41.18000030517578 30.950000762939453 AB 4.873294128326808 1.0558539981206896
62455.2935 lsst_hardware_g 14.314377376485213 13.649999618530273 31.40999984741211 AB 5.564298188227055 1.0601355623447966
62457.2887 lsst_hardware_r -39.10312422365531 38.33000183105469 31.600000381469727 AB 4.284698731969335 1.060525242020379
62457.31 lsst_hardware_i 17.42181624618401 30.469999313354492 31.25 AB 4.110579350431835 1.082301040134853
62459.2629 lsst_hardware_i -49.00609633379964 64.61000061035156 31.31999969482422 AB 5.596073469311652 1.0560621757522166
62459.2836 lsst_hardware_z -156.06843285515873 59.540000915527344 30.979999542236328 AB 5.527009441206031 1.060744542981804
62462.2685 lsst_hardware_r 25.331719811223095 105.33999633789062 31.65999984741211 AB 3.166517574724028 1.0573856549618585
62462.2889 lsst_hardware_z -91.90373584588576 72.29000091552734 30.989999771118164 AB 3.4609747457063342 1.0726161401982441
62464.2573 lsst_hardware_r 227.86885176734253 84.79000091552734 31.649999618530273 AB 9.323310759774891 1.0559672403709175
62464.2769 lsst_hardware_i 72.98336137536891 69.7699966430664 31.329999923706055 AB 9.233771343973348 1.0659681391434197
62467.2129 lsst_hardware_z -60.99268136782411 46.9900016784668 30.959999084472656 AB 4.070211484171974 1.0757794328457708
62467.2316 lsst_hardware_i 12.91169555968539 42.36000061035156 31.299999237060547 AB 4.017315388538523 1.0592789422646072
62472.2283 lsst_hardware_r 3.536499647665697 22.469999313354492 31.489999771118164 AB 6.652343595058269 1.055927554771154
62472.2481 lsst_hardware_u 1.0498700667246625 2.680000066757202 28.43000030517578 AB 6.682635245589288 1.060735753268141
62476.2312 lsst_hardware_i 14.96675458378202 30.389999389648438 31.25 AB 5.670725764811498 1.0577245539401867
62476.2508 lsst_hardware_z -22.35197961432952 41.29999923706055 30.940000534057617 AB 5.654838837818128 1.0727530361359798
62478.2289 lsst_hardware_r -9.730686048610314 22.610000610351562 31.489999771118164 AB 5.541448613851988 1.0591453772652881
62478.2476 lsst_hardware_g 22.41751220328024 13.880000114440918 31.420000076293945 AB 5.510662069134103 1.0754609814859684
62480.2317 lsst_hardware_r 30.8198646406151 22.719999313354492 31.5 AB 10.00996249910982 1.0646631035002998
62480.2497 lsst_hardware_i 15.99144325517827 30.760000228881836 31.25 AB 10.114069951803582 1.0860551884677052
62482.2214 lsst_hardware_z -5.765269682156514 41.52000045776367 30.950000762939453 AB 13.353024871444132 1.0611113216341752
62482.2396 lsst_hardware_i 33.83057803759828 30.809999465942383 31.239999771118164 AB 13.530540030914388 1.07927014823736
62484.2187 lsst_hardware_z 13.36045565416011 41.41999816894531 30.950000762939453 AB 8.293811825057384 1.0630252806482798
62484.2375 lsst_hardware_g -26.124344689255285 13.930000305175781 31.40999984741211 AB 8.347514708331357 1.0840928192638126
62490.1554 lsst_hardware_r -58.43297750957363 115.2699966430664 31.649999618530273 AB 3.2631034620145543 1.0696946277706023
62490.1746 lsst_hardware_z 32.11310248153642 76.06999969482422 30.989999771118164 AB 4.006079282916954 1.0568968098274913
62492.1575 lsst_hardware_r -33.47375060518651 104.37000274658203 31.65999984741211 AB 3.72176381791906 1.0629561551558626
62492.1764 lsst_hardware_i 16.637168743122178 83.5199966430664 31.34000015258789 AB 4.053920206758719 1.0557083871764936
62494.1576 lsst_hardware_z 25.831519917303808 55.209999084472656 30.979999542236328 AB 6.629828658071452 1.0594165321302529
62494.1783 lsst_hardware_i -55.862293939500695 57.119998931884766 31.31999969482422 AB 6.7956267311031935 1.056520318368055
62496.1588 lsst_hardware_u -3.874383293473452 6.489999771118164 29.0 AB 7.365385182894473 1.0567267120365098
62496.1801 lsst_hardware_g 22.820158467400194 42.68000030517578 31.68000030517578 AB 7.492908243017765 1.0593178477404945
62498.1635 lsst_hardware_r 11.87981085137004 22.610000610351562 31.489999771118164 AB 6.508712301916125 1.0558378298184439
62498.1849 lsst_hardware_i -50.755735603505684 32.849998474121094 31.260000228881836 AB 6.455795712379785 1.0667063483450248
62500.1309 lsst_hardware_i -8.265205990435918 30.440000534057617 31.239999771118164 AB 8.415590309382415 1.0669302678505366
62500.1505 lsst_hardware_z -1.9242547294121761 41.209999084472656 30.950000762939453 AB 8.266294388373163 1.0561255127600822
62504.1347 lsst_hardware_r -30.271301327566785 22.540000915527344 31.489999771118164 AB 4.111882073147749 1.0574468492086277
62504.1561 lsst_hardware_i -15.389176044956919 30.43000030517578 31.25 AB 4.119601547500925 1.0582753959285653
62506.1211 lsst_hardware_z 25.045677705169858 41.144715749621774 30.940000534057617 AB 11.13998057141206 1.0616583028125475
62506.1418 lsst_hardware_i 8.626058344674352 30.302389386181183 31.239999771118164 AB 11.977826565638663 1.0558500179067507
62508.1191 lsst_hardware_u -2.707211697335862 3.8947903262456327 29.190000534057617 AB 9.31616760072928 1.059558441936796
62508.1392 lsst_hardware_g -28.67899378289984 19.584283814616743 32.16999816894531 AB 8.39733444045367 1.0563127729196617
62511.1216 lsst_hardware_r 56.44629514464694 24.47889195336829 31.510000228881836 AB 8.968294758372483 1.0559423958522518
62511.1405 lsst_hardware_i 59.74409850520096 31.21903291244127 31.239999771118164 AB 8.839993030124859 1.060057123628443
62513.0846 lsst_hardware_i 92.66895466001401 37.98170188151595 31.270000457763672 AB 6.09743784504292 1.079303971509073
62513.104 lsst_hardware_z 178.70469099488494 44.9431669690169 30.959999084472656 AB 6.041068479433539 1.0603791670182472
62522.0759 lsst_hardware_r 921.1789842347907 85.1028754964902 31.649999618530273 AB 12.760996857853387 1.0627153079165845
62522.0963 lsst_hardware_i 713.7655959155923 71.30106079794956 31.329999923706055 AB 13.365296016627479 1.0557105858315523
62524.0823 lsst_hardware_z 1338.8471172129387 74.25143290503182 31.709999084472656 AB 7.89906430887127 1.0567310112202368
62526.0747 lsst_hardware_g 370.8056187089111 22.533355273779907 31.389999389648438 AB 7.141604718249137 1.0574150065270296
62526.0955 lsst_hardware_r 1245.854336802715 41.90523302113375 31.479999542236328 AB 8.495452033977545 1.0580409993225912
62528.0675 lsst_hardware_i 1229.5412724091534 45.4914382768441 31.239999771118164 AB 12.062318450716267 1.0580981097119533
62528.0848 lsst_hardware_z 777.1591580293033 50.11403965244279 30.950000762939453 AB 11.97763435362703 1.0563529827399192
62530.0662 lsst_hardware_i 1231.671668505266 46.45767096138894 31.239999771118164 AB 13.395874473227652 1.0566514190225056
62530.085 lsst_hardware_u 5.132569638691858 3.2800469278998277 28.3799991607666 AB 12.372717221758295 1.058220768196912
62532.0654 lsst_hardware_g 457.7483274371553 24.333586087842395 31.399999618530273 AB 9.602541801017926 1.0558044860932299
62532.0841 lsst_hardware_r 1607.0125867136383 46.256605038672056 31.489999771118164 AB 9.432168306088151 1.0606085165863097
62534.04 lsst_hardware_y 414.5256853908363 52.6042749275093 30.049999237060547 AB 7.239059877187685 1.0651942138298536
62534.0582 lsst_hardware_i 1425.335891197028 48.08993186999717 31.25 AB 7.0753650819945735 1.0560246391036676
62536.0398 lsst_hardware_z 1051.6375394767902 53.15576478621299 30.950000762939453 AB 9.681722860304513 1.0612433256937974
62536.0578 lsst_hardware_u 4.573889976841004 2.871979140602385 28.43000030517578 AB 10.271497671898814 1.0556975895061091
62538.0375 lsst_hardware_y 470.4074238275206 53.14088159948975 30.040000915527344 AB 5.614723478806786 1.0593817884541106
62538.0561 lsst_hardware_r 1694.8583459080694 46.0985569354414 31.479999542236328 AB 5.058954980111496 1.0560757734558825
62540.027 lsst_hardware_y 365.71800179213494 67.09838773925806 30.049999237060547 AB 7.283639682807348 1.0625294942096488
62540.0456 lsst_hardware_z 1129.617120447431 52.637095055810875 30.950000762939453 AB 10.432931491586915 1.0556886939063082
62542.0252 lsst_hardware_y 629.9197984697946 70.81288353121036 30.06999969482422 AB 2.6503624037576423 1.060144961503057
62542.0443 lsst_hardware_z 1088.2433493443718 54.391894044727 30.950000762939453 AB 2.7454414668056657 1.0559390256944867
62547.0298 lsst_hardware_z 2260.370165973089 105.38983779400648 31.739999771118164 AB 2.277434996367736 1.0558344906665442
62549.0214 lsst_hardware_y 389.33752401817395 72.73865350079053 30.059999465942383 AB 1.5075155320463456 1.0556831456907088
62549.0384 lsst_hardware_i 1210.2860208701695 78.62388327138841 31.329999923706055 AB 1.5083779520354863 1.061054893277791
62786.3659 lsst_hardware_r 1.6299364674663062 83.41999816894531 31.649999618530273 AB 5.8575979974868835 1.0563430009594725
62788.3614 lsst_hardware_z 76.0357502298601 58.63999938964844 30.979999542236328 AB 5.703221267710628 1.0561520866130791
62788.3778 lsst_hardware_y 77.53686337891462 64.45999908447266 30.059999465942383 AB 6.135304138745332 1.0582367858469497
62790.353 lsst_hardware_z -99.08084942508411 56.08000183105469 30.979999542236328 AB 7.721391541780918 1.056844165266042
62790.3709 lsst_hardware_y -12.04422517128917 54.20000076293945 30.049999237060547 AB 7.743308900171901 1.0576484753521613
62792.3481 lsst_hardware_r 116.21721810425618 48.20000076293945 31.6299991607666 AB 6.888277186913603 1.0566868167845291
62792.3648 lsst_hardware_y -36.00746817859554 51.060001373291016 30.049999237060547 AB 6.875821835028825 1.0574120469095536
62795.3479 lsst_hardware_r 9.22097072972272 25.809999465942383 31.530000686645508 AB 2.6574457642441676 1.0557289667923595
62795.3648 lsst_hardware_y -74.6822039602353 49.099998474121094 30.040000915527344 AB 2.6757825795125827 1.0616078474559383
62797.288 lsst_hardware_g 16.038694858342495 13.550000190734863 31.3799991607666 AB 4.076583225221002 1.1119217798079788
62797.3038 lsst_hardware_z 8.440198119090795 41.689998626708984 30.940000534057617 AB 3.389000231581306 1.0830937141519035
62798.3694 lsst_hardware_i -36.59559581150533 38.86000061035156 31.280000686645508 AB 3.8512022904427003 1.0733562682393256
62800.3236 lsst_hardware_z 7.230995166054298 41.5 30.950000762939453 AB 1.3864292568120924 1.057535664997448
62800.3415 lsst_hardware_r -8.432209429205619 22.549999237060547 31.5 AB 2.517694879824032 1.0569298078673566
62802.3257 lsst_hardware_u 0.7567118875362474 2.7899999618530273 28.540000915527344 AB 3.0266655793608748 1.055813574195654
62802.343 lsst_hardware_g 12.359739605523844 13.5600004196167 31.420000076293945 AB 3.5812939662110415 1.0599464198922801
62808.3148 lsst_hardware_i 25.255435575133447 30.34000015258789 31.260000228881836 AB 5.068340661180895 1.0559043044126866
62808.3334 lsst_hardware_r -13.786422598002977 22.43000030517578 31.5 AB 5.194230875701689 1.0646642840279945
62816.2046 lsst_hardware_r 72.98775715401176 109.58999633789062 31.6200008392334 AB 0.8931273838612045 1.2073367811574243
62816.2436 lsst_hardware_i 17.08110347505353 83.13999938964844 31.329999923706055 AB 2.528138677746979 1.0968856798382556
62820.2395 lsst_hardware_i 36.982655153062225 54.29999923706055 31.309999465942383 AB 7.94049578300937 1.085360276518319
62820.2573 lsst_hardware_z 57.71502875179398 54.220001220703125 30.969999313354492 AB 4.9453144440708385 1.0644623018627815
62821.2759 lsst_hardware_z 11.36709930999873 69.12999725341797 31.709999084472656 AB 6.188245819948848 1.0557106328081884
62828.2696 lsst_hardware_z -41.140847952681796 41.18000030517578 30.940000534057617 AB 6.406092962258176 1.0586833518855545
62828.289 lsst_hardware_u -1.0390905827523247 2.569999933242798 28.329999923706055 AB 6.561690193271864 1.0751581506260082
62830.2621 lsst_hardware_g 8.987198123081209 13.720000267028809 31.420000076293945 AB 6.943984501353746 1.0577951636463974
62830.2815 lsst_hardware_r 30.296810081319965 22.520000457763672 31.489999771118164 AB 7.0652344651098025 1.0727249140421034
62834.2134 lsst_hardware_i 53.39732517240059 30.670000076293945 31.25 AB 5.317105574416352 1.069732536850556
62834.232 lsst_hardware_u 5.040194263653609 2.700000047683716 28.440000534057617 AB 5.249556366642904 1.0570995502704197
62837.2525 lsst_hardware_g 12.449773140463577 13.729999542236328 31.40999984741211 AB 7.335612673241659 1.0632863709583662
62837.2711 lsst_hardware_r -35.24663441245226 22.610000610351562 31.479999542236328 AB 7.479849674945211 1.0843111912361973
62839.2263 lsst_hardware_r -0.5125595625817768 34.52000045776367 31.59000015258789 AB 4.612405769608843 1.0557120095236536
62839.2444 lsst_hardware_i 4.033626145752823 35.959999084472656 31.280000686645508 AB 4.651115597480202 1.0614138743679145
62841.238 lsst_hardware_z 3.940597410772419 73.94000244140625 31.719999313354492 AB 5.643782780314904 1.0608115747032385
62850.2181 lsst_hardware_i 17.725844040095804 46.25 31.299999237060547 AB 8.58945468466124 1.0641362797871896
62850.2377 lsst_hardware_z -63.41601542343961 49.560001373291016 30.959999084472656 AB 8.770602028944527 1.0875664594535384
62852.1675 lsst_hardware_u 0.980244040084949 2.890000104904175 28.520000457763672 AB 9.170592195646567 1.0665546263594246
62852.187 lsst_hardware_g 3.0794388067184295 22.049999237060547 31.59000015258789 AB 8.962553138602964 1.0560746039201592
62854.1677 lsst_hardware_r -27.96396484705246 22.8799991607666 31.5 AB 5.555736244106578 1.0620115160139145
62854.1878 lsst_hardware_i 1.6795793674916928 30.670000076293945 31.260000228881836 AB 5.37380504445882 1.0557573761217474
62856.1667 lsst_hardware_z -85.66691090008057 41.56999969482422 30.950000762939453 AB 5.186346403220156 1.0593027784353104
62856.1856 lsst_hardware_u -0.06289913724264284 2.740000009536743 28.469999313354492 AB 5.164686782529112 1.0561731661613725
62862.161 lsst_hardware_i 24.718335593259724 30.530000686645508 31.25 AB 5.134235338872148 1.0558838743181793
62862.1814 lsst_hardware_z -56.25723921413038 41.29999923706055 30.950000762939453 AB 5.894310359884885 1.0612730212251829
62864.13 lsst_hardware_z 7.540043740331174 41.84000015258789 30.950000762939453 AB 7.711701504092973 1.0713176435415106
62864.153 lsst_hardware_i -35.00002608901382 43.33000183105469 32.0099983215332 AB 7.5732756240430845 1.0563062415124493
62864.1784 lsst_hardware_u 3.7050412492605456 2.8299999237060547 28.559999465942383 AB 7.512945985689559 1.0629897754857711
62867.1331 lsst_hardware_z 71.7693735743053 43.5099983215332 30.959999084472656 AB 7.3941471632592215 1.0614022264398189
62867.1545 lsst_hardware_g -26.729212465579845 24.290000915527344 31.610000610351562 AB 7.356169902000947 1.0559893860876968
62871.1436 lsst_hardware_z -30.322085660725197 83.56999969482422 31.729999542236328 AB 11.940355095158527 1.0559910760935265
62875.119 lsst_hardware_i 23.25222986597083 85.98999786376953 31.329999923706055 AB 6.924429686993128 1.0574473618131774
62875.1403 lsst_hardware_z 30.235155770117878 73.94000244140625 30.989999771118164 AB 6.7726286402402485 1.0582232250375387
62882.0873 lsst_hardware_u 3.3742283386597265 2.6500000953674316 28.420000076293945 AB 4.008270826553871 1.0650380833144337
62882.1064 lsst_hardware_g 6.826068713625924 13.600000381469727 31.40999984741211 AB 3.992268668886473 1.0558764001286625
62884.085 lsst_hardware_r 18.944770765543915 22.549999237060547 31.5 AB 4.146102186955066 1.0625582232073463
62884.1052 lsst_hardware_i 20.257377774709923 30.540000915527344 31.260000228881836 AB 4.144454538888394 1.0557102563557066
62886.0733 lsst_hardware_z -46.349064806113795 41.40999984741211 30.950000762939453 AB 8.840263480704538 1.0678258771800782
62886.093 lsst_hardware_u -0.7358041043434048 2.7100000381469727 28.469999313354492 AB 8.110941155037187 1.0562840507943567
62892.0739 lsst_hardware_i 21.232961590878247 30.290000915527344 31.25 AB 12.636038041858338 1.056996267164146
62892.0939 lsst_hardware_u 1.0140983271137087 2.7200000286102295 28.479999542236328 AB 14.440560469009244 1.0582266209152311
62896.0421 lsst_hardware_y -36.102708007062326 50.619998931884766 30.049999237060547 AB 11.947026614263223 1.0718907757901506
62896.0614 lsst_hardware_i -7.30488349485333 35.189998626708984 31.280000686645508 AB 11.950873994888543 1.0575370770062291
62898.0482 lsst_hardware_z 2.9199925721749365 71.76000213623047 31.719999313354492 AB 8.613512529672795 1.0615618104107445
62907.0361 lsst_hardware_y 73.14079411039728 50.59000015258789 30.049999237060547 AB 2.6404743863335307 1.0561897545334122
62907.0547 lsst_hardware_r 15.368881268295379 48.650001525878906 31.6299991607666 AB 2.7535331436071884 1.0590512090796877
62909.0233 lsst_hardware_y 1.8562946544909622 72.0999984741211 30.059999465942383 AB 2.840315050386634 1.058634010580184
62909.0402 lsst_hardware_z 3.0512647304361264 41.2599983215332 30.950000762939453 AB 2.8122287196647386 1.0560378218793816
62911.0231 lsst_hardware_y -53.432939170619136 66.62000274658203 30.059999465942383 AB 2.7169756753959 1.0566750317533884
62911.0411 lsst_hardware_u 1.9710942425695435 2.759999990463257 28.420000076293945 AB 2.649086444363882 1.057836256110182
62913.0217 lsst_hardware_y -36.73330319789752 64.76000213623047 30.059999465942383 AB 3.0081891217274843 1.0558754376017845
62913.0381 lsst_hardware_r 19.209895191091636 22.610000610351562 31.5 AB 3.0163951206451842 1.0589415905371895
