data/validation/pwv_sim_epoch_fit_seasonal/55001237.ecsv
# %ECSV 0.9
# ---
# datatype:
# - {name: time, datatype: float64}
# - {name: band, datatype: string}
# - {name: flux, datatype: float64}
# - {name: fluxerr, datatype: float64}
# - {name: zp, datatype: float64}
# - {name: zpsys, datatype: string}
# - {name: pwv, datatype: float64}
# - {name: airmass, datatype: float64}
# meta: {SNID: '55001237', alt: 1024.0, c: -0.04331229627132416, dec: -47.357574, lat: -30.244573, lon: -70.7499537, ra: 77.171051, t0: 60706.62890625,
#   x0: 2.7203348545165872e-06, x1: 1.1836614608764648, z: 0.7860937714576721}
# schema: astropy-2.0
time band flux fluxerr zp zpsys pwv airmass
60593.3816 lsst_hardware_g 6.5523323612954085 24.270000457763672 31.610000610351562 AB 4.8044941127862275 1.0536171299969799
60595.3679 lsst_hardware_i -36.65211151755851 30.549999237060547 31.25 AB 5.736214652254845 1.0493715444091218
60595.3798 lsst_hardware_y 32.269771240490016 61.36000061035156 30.059999465942383 AB 5.959420045351676 1.0560730188466554
60597.3728 lsst_hardware_z -23.31335163255781 44.31999969482422 30.950000762939453 AB 6.167689286534937 1.054997169632797
60600.3594 lsst_hardware_r -16.027738989059312 76.41000366210938 31.649999618530273 AB 6.759693983222258 1.0518196031985687
60600.3702 lsst_hardware_z 55.98304292987183 58.5099983215332 30.979999542236328 AB 6.820842252892102 1.0592055261689448
60604.3543 lsst_hardware_z 43.00485414016428 47.5099983215332 30.959999084472656 AB 3.349634955384193 1.055418654709474
60604.3665 lsst_hardware_r 46.3422929860607 49.880001068115234 31.6200008392334 AB 3.3997320729400364 1.0658859536324086
60606.3698 lsst_hardware_i 5.501145110747187 43.41999816894531 31.290000915527344 AB 3.828501371636106 1.075925444019452
60608.356 lsst_hardware_r -19.831494722859368 26.139999389648438 31.540000915527344 AB 2.5461941414988685 1.0663198749907552
60608.3672 lsst_hardware_z 8.108128949834407 49.61000061035156 30.969999313354492 AB 2.5874437115823983 1.0796760741007294
60610.3523 lsst_hardware_g -11.106686959529931 14.4399995803833 31.450000762939453 AB 3.5661374296908557 1.0681855413181143
60610.3631 lsst_hardware_i 54.49141015572711 34.2599983215332 31.270000457763672 AB 3.596942742369052 1.0815433337950995
60612.3462 lsst_hardware_z -17.033649684627882 41.18000030517578 30.959999084472656 AB 5.208324259274814 1.0674983109807863
60612.3574 lsst_hardware_r -33.218718084233174 23.06999969482422 31.510000228881836 AB 5.237746090052796 1.0812109179218599
60614.3484 lsst_hardware_r 21.392495281909497 21.8799991607666 31.489999771118164 AB 5.466149487118834 1.0764904706058458
60614.3606 lsst_hardware_u -0.5459094118156261 5.349999904632568 28.950000762939453 AB 5.555064488563229 1.0943244498523745
60616.3538 lsst_hardware_g -5.609085205966893 14.880000114440918 31.440000534057617 AB 5.340971616093494 1.0921487866048765
60616.3652 lsst_hardware_r -38.37160768589134 31.09000015258789 31.559999465942383 AB 5.4408022383864525 1.1124678706509916
60619.2826 lsst_hardware_r 38.18553467696592 21.389999389648438 31.489999771118164 AB 3.2198315535481723 1.0463057474700193
60619.2948 lsst_hardware_i 18.542407718369887 29.649999618530273 31.25 AB 3.4551731942767927 1.0470221800838766
60621.2012 lsst_hardware_i -57.849627943351614 30.420000076293945 31.239999771118164 AB 5.862550269943346 1.131784668983094
60621.2096 lsst_hardware_z 133.89317324198365 41.709999084472656 30.950000762939453 AB 5.316397141054093 1.1138870288900087
60623.3421 lsst_hardware_u 4.751818825958824 2.75 28.420000076293945 AB 11.74913830588366 1.1048913418016306
60623.3537 lsst_hardware_g 16.854807446652902 16.860000610351562 31.469999313354492 AB 11.964321602899114 1.1283990980059684
60625.2645 lsst_hardware_r 45.217848788792125 31.809999465942383 31.56999969482422 AB 4.290697559059634 1.0465115997706425
60625.2762 lsst_hardware_z -23.74069341633172 43.06999969482422 30.950000762939453 AB 4.291109939259068 1.04661218030709
60627.329 lsst_hardware_r 6.133093176615338 21.649999618530273 31.459999084472656 AB 6.515436609667857 1.100967954882953
60627.3392 lsst_hardware_y -103.6954144147912 48.20000076293945 30.010000228881836 AB 6.4145029929110144 1.1206655783554498
60628.3265 lsst_hardware_z -62.19777599360796 51.459999084472656 30.959999084472656 AB 5.801681241780913 1.1013759238968153
60628.3373 lsst_hardware_r 28.688587619758685 48.459999084472656 31.600000381469727 AB 6.166768182067877 1.1224210250994624
60632.3186 lsst_hardware_z -19.51245438541818 51.709999084472656 30.959999084472656 AB 6.965328703196418 1.1068815228948263
60632.3319 lsst_hardware_r 10.505584611487718 61.2599983215332 31.6200008392334 AB 7.128179758228294 1.1346991019147237
60634.3255 lsst_hardware_z -65.85477878331537 67.38999938964844 31.700000762939453 AB 4.733715950929534 1.1325356662312067
60641.3158 lsst_hardware_r -8.19388275613904 21.989999771118164 31.459999084472656 AB 4.0501415248174855 1.1556699155346528
60641.3276 lsst_hardware_u -4.40610686628294 2.619999885559082 28.329999923706055 AB 4.185842278697223 1.1894976637388746
60643.2935 lsst_hardware_u 0.7064203971410918 2.559999942779541 28.360000610351562 AB 6.489333508313423 1.116508503710049
60643.3055 lsst_hardware_g 22.524113400783154 12.739999771118164 31.350000381469727 AB 6.639649666708887 1.1433708258664737
60645.2658 lsst_hardware_g -13.156835211837683 12.75 31.3799991607666 AB 7.441376167340069 1.0791771588383525
60645.2775 lsst_hardware_r 15.023680595636796 21.770000457763672 31.479999542236328 AB 7.567536558821895 1.0969034003220768
60649.2872 lsst_hardware_i 30.824255454545078 30.510000228881836 31.239999771118164 AB 6.0064678118015955 1.1387388419745188
60649.2988 lsst_hardware_u -0.8068939745839299 2.609999895095825 28.3700008392334 AB 5.110338606742018 1.168878912795521
60651.2864 lsst_hardware_g -8.190069365777873 12.800000190734863 31.350000381469727 AB 7.256468203637328 1.1502380117782143
60651.2976 lsst_hardware_r -45.10722393476994 22.239999771118164 31.459999084472656 AB 6.541092916538485 1.1812712948239057
60653.2143 lsst_hardware_r 14.04291640440262 25.8799991607666 31.540000915527344 AB 9.84500015876672 1.0516290004023556
60653.2278 lsst_hardware_i -13.05577784223562 29.770000457763672 31.25 AB 9.977790534840436 1.0612036588266256
60655.189 lsst_hardware_i -27.558271845737274 42.459999084472656 31.299999237060547 AB 13.28610920113788 1.0461503307982583
60655.2004 lsst_hardware_z 63.91559600343217 46.619998931884766 30.959999084472656 AB 13.310437916901824 1.048065977708805
60657.196 lsst_hardware_r 13.414798693399758 64.83999633789062 31.639999389648438 AB 7.9679491171427195 1.048414357518779
60657.2079 lsst_hardware_z 29.095155006988282 52.59000015258789 30.969999313354492 AB 8.012692635881258 1.0543016626159551
60661.1895 lsst_hardware_z -3.7702689812618755 75.62999725341797 31.729999542236328 AB 3.515287080977677 1.0501753876651096
60661.2015 lsst_hardware_i 90.135595026401 78.48999786376953 32.06999969482422 AB 3.525569927180784 1.0575123513014744
60666.177 lsst_hardware_g 15.713501831370078 12.720000267028809 31.389999389648438 AB 6.16316655656351 1.0507188537643082
60666.1897 lsst_hardware_r -8.065872869639346 26.350000381469727 31.540000915527344 AB 6.054751347892497 1.0589858063651065
60669.1799 lsst_hardware_r -21.537336585501517 21.40999984741211 31.479999542236328 AB 7.446591558461048 1.0577044020350903
60669.1926 lsst_hardware_g 4.265440972713543 12.65999984741211 31.3799991607666 AB 7.566656395825075 1.0697440710403028
60671.1812 lsst_hardware_r 13.258054949186258 21.48194337069911 31.489999771118164 AB 6.489973808319441 1.063566892452486
60671.1934 lsst_hardware_i 17.95136431317334 29.880400718188017 31.25 AB 6.582029190715716 1.077328654280596
60673.1345 lsst_hardware_i -4.9730860821876 29.84829785236604 31.25 AB 8.259598122595076 1.0464017891801745
60673.1471 lsst_hardware_z -31.38786761692375 40.863729496666764 30.950000762939453 AB 8.223437586113729 1.0469937087103165
60675.1731 lsst_hardware_u 0.3699096568487875 2.7466644577629937 28.450000762939453 AB 7.416112136096451 1.0663832227780599
60675.1852 lsst_hardware_g 13.82237448904234 13.102746282809631 31.389999389648438 AB 7.514607726958327 1.0809784843244354
60677.1772 lsst_hardware_r -3.254057881271558 21.62836305325248 31.469999313354492 AB 4.978374859158268 1.0775703158351222
60677.1914 lsst_hardware_i -6.374253410771907 30.854026714337508 31.239999771118164 AB 5.299131328440997 1.099100800976423
60679.1722 lsst_hardware_z 115.75084198273835 41.89819552030759 30.940000534057617 AB 2.7867262251273206 1.078176254240645
60679.1859 lsst_hardware_u -0.5046463855751372 2.798288676070542 28.3700008392334 AB 2.7596747090857776 1.0990341334471436
60681.1765 lsst_hardware_g 16.451527463173512 13.62636111774546 31.3799991607666 AB 7.430346133380125 1.0924569776343622
60681.1906 lsst_hardware_r 60.52893775581768 23.49912259967921 31.469999313354492 AB 7.654065809584307 1.1182797588697944
60685.1039 lsst_hardware_i 722.2678755071296 69.71271686815575 32.04999923706055 AB 8.863934859696975 1.0462212133253699
60685.1164 lsst_hardware_z 489.25003010791517 71.21037353264964 31.709999084472656 AB 8.874619560206186 1.0474823417641168
60687.0947 lsst_hardware_r 445.06405138699995 71.67897808910891 31.649999618530273 AB 5.789016357324701 1.0466175955629609
60687.1073 lsst_hardware_z 328.8806224629187 56.702409259918944 30.979999542236328 AB 5.99674929929124 1.0467053322399256
60691.0936 lsst_hardware_i 714.0001375824249 54.09858992692232 31.309999465942383 AB 3.8790444214581026 1.0463401231257947
60691.1075 lsst_hardware_z 424.95830752057907 54.53951687197451 30.969999313354492 AB 3.8897590179513126 1.0501509227730326
60696.0795 lsst_hardware_u -2.0705112970379744 2.864590806446419 28.3700008392334 AB 12.571310324506703 1.0463013170625608
60696.0939 lsst_hardware_r 666.113871803118 33.54352425988551 31.479999542236328 AB 13.223826390972993 1.0501768099565592
60698.0958 lsst_hardware_z 547.8462223046271 46.937307127574385 30.940000534057617 AB 8.978214022492576 1.054224373219491
60698.1089 lsst_hardware_i 995.570838393194 42.23323582406559 31.239999771118164 AB 8.651839244525565 1.0649728267510543
60700.0727 lsst_hardware_r 657.3556294620989 34.223640998246495 31.469999313354492 AB 7.172721890959375 1.046870707397469
60700.0861 lsst_hardware_u -2.250654468635318 2.8755748175017737 28.420000076293945 AB 8.487138674311357 1.0517226276292677
60702.0748 lsst_hardware_g 172.14543349808176 17.70307813838367 31.399999618530273 AB 11.959069846608951 1.0490412146148202
60702.0872 lsst_hardware_r 729.9927768144618 34.46880160983899 31.489999771118164 AB 12.114922558160432 1.0557973412294126
60704.0741 lsst_hardware_i 1092.6805757374805 43.269465734803155 31.260000228881836 AB 13.277584150395368 1.051162517844147
60704.0867 lsst_hardware_z 647.8912992451194 47.60184167943675 30.950000762939453 AB 12.069233204267876 1.0596341706995502
60706.0657 lsst_hardware_r 669.4550410455244 33.74508794069034 31.489999771118164 AB 9.538344738573054 1.0497848050377563
60706.0776 lsst_hardware_g 106.15909414170312 16.679752229946544 31.389999389648438 AB 9.631283047874245 1.056756972555875
60708.064 lsst_hardware_r 696.8544817757019 33.29742157007963 31.489999771118164 AB 7.045648874624482 1.0515893842723107
60708.076 lsst_hardware_i 957.3674490861589 43.348327033362054 31.25 AB 7.10081233750263 1.059822736940691
60710.0644 lsst_hardware_z 1278.1398999515843 68.10464461732619 31.700000762939453 AB 10.159204762148049 1.055136378273988
60710.0766 lsst_hardware_i 1975.7436885533982 62.17720238666053 32.0099983215332 AB 10.266464975513186 1.0654465078799467
60712.0624 lsst_hardware_z 661.2169006703282 49.97672865118671 30.959999084472656 AB 5.0284513950497605 1.0576564667425703
60712.0752 lsst_hardware_g 131.89895198504064 33.4157469730447 31.65999984741211 AB 5.0996382868522065 1.0697793763063157
60957.3857 lsst_hardware_y -42.53731824896191 72.79000091552734 30.059999465942383 AB 3.027221057189311 1.0540463291049134
60963.3692 lsst_hardware_z 86.63969179728613 43.22999954223633 30.959999084472656 AB 6.164678097479044 1.053971293807325
60963.3804 lsst_hardware_r 30.22232907290189 35.38999938964844 31.59000015258789 AB 7.476305407971707 1.0627803366145034
60968.3631 lsst_hardware_r -4.434293977090298 22.040000915527344 31.489999771118164 AB 0.7395603607612595 1.059542064127879
60968.3745 lsst_hardware_u -0.5550475233692552 9.979999542236328 29.25 AB 0.7296199010472192 1.0708706962558594
60972.3013 lsst_hardware_i -12.27421830172348 29.729999542236328 31.25 AB 3.332514117294125 1.0504930494777862
60974.3575 lsst_hardware_r -7.108053261766491 21.959999084472656 31.479999542236328 AB 2.566969296200115 1.0701650762368
60974.3673 lsst_hardware_g 28.845397323825264 21.690000534057617 31.559999465942383 AB 2.5750766737753623 1.0826473297352797
60979.2813 lsst_hardware_u -1.8205854510944015 2.5999999046325684 28.420000076293945 AB 3.993524476513931 1.0509274938194555
60979.2958 lsst_hardware_g 1.172809150024856 12.609999656677246 31.3700008392334 AB 3.568122209233717 1.0464212940711815
60993.1736 lsst_hardware_z -11.96407420401909 42.13999938964844 30.940000534057617 AB 4.6229879558281475 1.154160018930947
60993.1852 lsst_hardware_r -11.57889197714463 21.760000228881836 31.469999313354492 AB 4.525480236799292 1.1263484224828622
60995.3237 lsst_hardware_g -12.253362369062375 12.960000038146973 31.3700008392334 AB 5.33116635134763 1.1049478816737912
60995.3366 lsst_hardware_i 1.0610773591505733 30.81999969482422 31.239999771118164 AB 4.516694306743243 1.1313892138963577
61001.3151 lsst_hardware_r 34.26085124122919 21.700000762939453 31.459999084472656 AB 5.041038604030056 1.120230800895568
61001.3263 lsst_hardware_i -0.006707030821928012 30.549999237060547 31.219999313354492 AB 5.156349969911385 1.1458555488691966
61004.2723 lsst_hardware_r -0.8306028011303298 21.43000030517578 31.469999313354492 AB 7.040406420595954 1.0665935746390363
61004.2839 lsst_hardware_i -14.70265356919396 29.940000534057617 31.229999542236328 AB 7.175035724609519 1.0805776693689035
61006.2693 lsst_hardware_z -49.73332425791083 41.16999816894531 30.940000534057617 AB 4.687829520906655 1.0692432048598428
61006.281 lsst_hardware_r 0.9350938687605771 21.6299991607666 31.469999313354492 AB 4.757232364811067 1.0841871154657092
61011.2984 lsst_hardware_z -41.19840019811294 46.97999954223633 30.950000762939453 AB 7.4893972220850875 1.1443803532867065
61011.3117 lsst_hardware_r 23.68312574616916 21.959999084472656 31.459999084472656 AB 7.734730053548679 1.1805744167206973
61013.2898 lsst_hardware_r 3.78228209396089 78.55000305175781 31.6299991607666 AB 4.955386067034671 1.1368171752774572
61013.3032 lsst_hardware_y -85.19536301013889 53.59000015258789 30.0 AB 4.184883573337847 1.171689287915233
61015.2891 lsst_hardware_z -88.42633265266716 57.380001068115234 30.959999084472656 AB 6.020841469912765 1.148431104383157
61015.3011 lsst_hardware_r -103.45850364302999 75.83999633789062 31.6200008392334 AB 5.191385568292802 1.1815386784165691
61020.1948 lsst_hardware_i -33.9073993050203 32.209999084472656 31.260000228881836 AB 10.570596105988244 1.0465936738602222
61020.2068 lsst_hardware_z -18.9781992227664 42.06999969482422 30.950000762939453 AB 10.607769965865842 1.050274254046123
61022.1896 lsst_hardware_i -3.1035646018253336 29.809999465942383 31.25 AB 11.592011827701855 1.0466355313712117
61022.2006 lsst_hardware_u 1.880372656288992 2.690000057220459 28.489999771118164 AB 11.602379180479879 1.049941557439019
61024.1924 lsst_hardware_g 10.689622168144439 12.59000015258789 31.3700008392334 AB 8.357711603916066 1.048829067834873
61024.2052 lsst_hardware_r -8.7536268103398 21.3799991607666 31.479999542236328 AB 8.411743668500307 1.055705766462981
61026.1987 lsst_hardware_i -42.68850972434455 29.559999465942383 31.239999771118164 AB 8.97224052928275 1.0549888427945673
61026.212 lsst_hardware_r -18.302874259547117 21.399999618530273 31.479999542236328 AB 8.967407446814649 1.0663636570652173
61028.1973 lsst_hardware_u 2.0313937391365045 2.640000104904175 28.450000762939453 AB 5.436498474588252 1.0579589662535518
61028.2085 lsst_hardware_g -3.3090725200561653 12.6899995803833 31.3799991607666 AB 5.4859533475078415 1.068449381148669
61030.196 lsst_hardware_r 1.809694934803896 21.549999237060547 31.479999542236328 AB 5.086511941850699 1.0614590863626505
61030.2096 lsst_hardware_i 6.799031435677516 30.0 31.239999771118164 AB 6.3496351947142715 1.0762093550363172
61034.1762 lsst_hardware_i 23.8433599989352 29.610000610351562 31.25 AB 7.108308633118736 1.0545539282879182
61034.1891 lsst_hardware_u -1.4428265437621433 2.569999933242798 28.399999618530273 AB 7.084347868742837 1.0652887700172182
61036.1758 lsst_hardware_g -21.008469245487106 12.979999542236328 31.3799991607666 AB 5.827871926909689 1.0582341664333788
61036.1902 lsst_hardware_r -21.585192751721628 21.530000686645508 31.479999542236328 AB 5.918551155741766 1.0724927345731206
61038.1773 lsst_hardware_i 16.87022089067529 36.08000183105469 31.270000457763672 AB 7.516382792151052 1.0644173039936349
61038.1913 lsst_hardware_r -50.55213590135865 30.90999984741211 31.559999465942383 AB 7.597757033554937 1.0809157822670277
61048.1149 lsst_hardware_u 0.42151266618970346 2.630000114440918 28.450000762939453 AB 6.053490245929826 1.046230599020023
61048.1285 lsst_hardware_g 35.42542636661508 23.34000015258789 31.610000610351562 AB 7.6138088729265085 1.0494808802765754
61054.1003 lsst_hardware_r -32.08680655437638 21.270000457763672 31.479999542236328 AB 7.230559270528018 1.0463906324932009
61054.113 lsst_hardware_i -55.305251383275284 29.5 31.239999771118164 AB 7.090747446229704 1.049858964499512
61058.0928 lsst_hardware_g 13.727916588028403 12.609999656677246 31.3700008392334 AB 4.166483147699551 1.046920823594329
61058.1075 lsst_hardware_r 12.016528317850963 21.399999618530273 31.469999313354492 AB 4.109376278447199 1.0526066287006197
61064.0744 lsst_hardware_u -5.486297269609972 2.7300000190734863 28.40999984741211 AB 13.59082510166992 1.0465751656915108
61064.0864 lsst_hardware_g 12.660164348800704 13.760000228881836 31.399999618530273 AB 13.623595815806816 1.050176973313646
61066.0751 lsst_hardware_r 48.0374309166722 28.90999984741211 31.549999237060547 AB 12.508500451925466 1.047964179953541
61066.0887 lsst_hardware_i 74.35245904570957 33.099998474121094 31.260000228881836 AB 14.40412694708767 1.054487752199586
61070.0702 lsst_hardware_z -51.15340707373335 49.86000061035156 30.959999084472656 AB 11.644357326648127 1.0502633539011426
61070.0832 lsst_hardware_r -40.07221166890415 57.290000915527344 31.6299991607666 AB 11.813604983147744 1.0584402983348236
61073.0651 lsst_hardware_i 84.12972884978286 60.33000183105469 31.329999923706055 AB 7.047111732629109 1.0518077212879267
61073.0786 lsst_hardware_z -64.42980067858971 56.599998474121094 30.979999542236328 AB 7.11198741345753 1.0614906587250044
61075.0637 lsst_hardware_i 36.2452899165252 45.36000061035156 31.299999237060547 AB 10.226318515408117 1.0542143566418747
61075.0779 lsst_hardware_z 48.58224464399876 49.83000183105469 30.969999313354492 AB 10.31869856438699 1.066073032911276
61077.0652 lsst_hardware_g -16.361823810384234 12.670000076293945 31.3700008392334 AB 5.045689971092224 1.059351243143444
61077.0771 lsst_hardware_r -24.408763357938643 23.489999771118164 31.5 AB 5.089106228474488 1.0711652764627306
61079.0639 lsst_hardware_i -20.512482085692174 29.940000534057617 31.239999771118164 AB 10.474508122874258 1.0630420963674823
61079.0772 lsst_hardware_r 9.863197684886467 21.639999389648438 31.469999313354492 AB 10.960995844971267 1.0780423747205397
