data/validation/pwv_sim_epoch_fit_seasonal/55193447.ecsv
# %ECSV 0.9
# ---
# datatype:
# - {name: time, datatype: float64}
# - {name: band, datatype: string}
# - {name: flux, datatype: float64}
# - {name: fluxerr, datatype: float64}
# - {name: zp, datatype: float64}
# - {name: zpsys, datatype: string}
# - {name: pwv, datatype: float64}
# - {name: airmass, datatype: float64}
# meta: {SNID: '55193447', alt: 1024.0, c: 0.08507368713617325, dec: -32.97485, lat: -30.244573, lon: -70.7499537, ra: 102.65625, t0: 63225.4609375,
#   x0: 1.7657646541269894e-05, x1: 1.252102017402649, z: 0.36192217469215393}
# schema: astropy-2.0
time band flux fluxerr zp zpsys pwv airmass
63143.2767 lsst_hardware_z 23.232359033867645 59.7599983215332 30.899999618530273 AB 4.462067110076574 1.6076624428306878
63143.2972 lsst_hardware_r -49.73473917659423 63.04999923706055 31.540000915527344 AB 3.835305010490425 1.4265594236527523
63145.284 lsst_hardware_z -44.09029981075374 54.0 30.920000076293945 AB 8.793573847286117 1.4882291258364488
63145.3053 lsst_hardware_r 25.037660544487007 50.52000045776367 31.559999465942383 AB 7.64162959839625 1.3344134108580354
63149.3029 lsst_hardware_r 40.808561727171636 25.25 31.469999313354492 AB 3.5783605366841638 1.2852537096740964
63149.3238 lsst_hardware_z -1.0127294326595944 43.720001220703125 30.940000534057617 AB 3.314081515193252 1.187559071378375
63151.2546 lsst_hardware_u -2.033028472236736 2.2799999713897705 27.940000534057617 AB 8.759928518814439 1.610354983007388
63151.2731 lsst_hardware_g 10.2025507983557 13.300000190734863 31.260000228881836 AB 7.899481797634745 1.443816641103074
63155.2721 lsst_hardware_r 8.017756341759906 23.309999465942383 31.43000030517578 AB 9.99866973438276 1.372234143584445
63155.2904 lsst_hardware_g -19.24485184398081 13.239999771118164 31.309999465942383 AB 9.213069180637085 1.2648075754220915
63157.2734 lsst_hardware_r 53.192327907868055 23.010000228881836 31.43000030517578 AB 6.867470148827995 1.329166332574248
63157.2927 lsst_hardware_i 15.209032857707655 31.5 31.219999313354492 AB 7.566575010139835 1.2272111710234648
63159.2516 lsst_hardware_i 7.452420476659598 33.56999969482422 31.190000534057617 AB 1.8322188243045452 1.4411789388866374
63159.2695 lsst_hardware_z -11.990999760035573 45.099998474121094 30.920000076293945 AB 1.5978618086504193 1.3198197758676369
63163.3094 lsst_hardware_r 11.237118918537545 21.989999771118164 31.459999084472656 AB 3.474442253635193 1.107450782076666
63163.3281 lsst_hardware_u -0.24216657121091334 2.5199999809265137 28.31999969482422 AB 3.473709458794479 1.0627568902310824
63166.2467 lsst_hardware_r -49.147989273676146 58.61000061035156 31.56999969482422 AB 4.326815748359828 1.3422726069050963
63166.2646 lsst_hardware_z 3.3988480671739647 51.58000183105469 30.950000762939453 AB 4.089260972718516 1.243787080136381
63168.2476 lsst_hardware_r -56.52615681349913 80.44000244140625 31.579999923706055 AB 4.255518325841907 1.3043068019539967
63168.2645 lsst_hardware_i 61.344847348731875 61.560001373291016 31.290000915527344 AB 3.226945349003291 1.2189418341739955
63170.2451 lsst_hardware_z 6.12337237872771 63.18000030517578 30.950000762939453 AB 4.918548389661057 1.287802859921729
63170.2625 lsst_hardware_i 19.089475466322526 66.9800033569336 31.299999237060547 AB 4.574824723348042 1.203901242986327
63181.2839 lsst_hardware_i -37.097374053498 29.729999542236328 31.239999771118164 AB 1.8916056431890056 1.0532325407511167
63181.3014 lsst_hardware_r 5.170520827336346 21.459999084472656 31.479999542236328 AB 1.9980504738538922 1.0263957913634099
63183.2821 lsst_hardware_u 2.09626335239765 2.5899999141693115 28.399999618530273 AB 4.65837803669249 1.0467481170008814
63183.3016 lsst_hardware_g 2.5527219561645373 12.8100004196167 31.389999389648438 AB 4.101458156967892 1.0198826698913073
63186.208 lsst_hardware_z -45.86275319901478 43.7599983215332 30.93000030517578 AB 6.910629447686828 1.2535531241080198
63186.2263 lsst_hardware_r -16.177006343140707 22.25 31.469999313354492 AB 8.893227392726985 1.1738684520494964
63187.2127 lsst_hardware_u 2.9262362749524833 2.4200000762939453 28.190000534057617 AB 6.998843189354194 1.2186206745926422
63187.2306 lsst_hardware_r 8.590172548845242 21.989999771118164 31.459999084472656 AB 6.265280640328569 1.1485215270759035
63191.203 lsst_hardware_g -1.7469753163571125 12.890000343322754 31.329999923706055 AB 3.845445059555748 1.2132336194209676
63191.2121 lsst_hardware_r -30.402079415896186 22.06999969482422 31.459999084472656 AB 3.8654861662196276 1.1759623271551292
63193.2128 lsst_hardware_y 38.14295620220523 48.95000076293945 30.0 AB 7.090683275302089 1.1534255022858217
63193.2304 lsst_hardware_r -39.26417446506907 30.920000076293945 31.549999237060547 AB 6.7802466265689985 1.0995588885727703
63195.2186 lsst_hardware_i -63.644949019268616 45.77000045776367 31.290000915527344 AB 6.929842375272178 1.1172810128211788
63195.2363 lsst_hardware_z -22.10434105715953 47.970001220703125 30.959999084472656 AB 6.6569672887921785 1.0720905017380753
63197.2418 lsst_hardware_z -46.891669236504285 55.099998474121094 30.979999542236328 AB 3.975918625774743 1.0503714750081878
63197.2597 lsst_hardware_r -134.29946344325688 71.4000015258789 31.649999618530273 AB 4.501673189701831 1.0239996640334514
63199.2089 lsst_hardware_r -8.448052336553246 91.61358505775681 31.639999389648438 AB 5.49290647283462 1.1137279953029053
63199.2269 lsst_hardware_i -72.9835049777741 70.65738193796881 31.329999923706055 AB 5.414575782758805 1.0688069054003437
63201.2145 lsst_hardware_z 99.21427950211661 60.73749121015567 30.979999542236328 AB 8.248236759460386 1.084533234501219
63201.2333 lsst_hardware_i 155.11708086865102 65.39428680015155 31.329999923706055 AB 8.034903164079331 1.046165942981498
63204.1495 lsst_hardware_r 500.6976753404101 47.258676389988786 31.540000915527344 AB 4.199941512656171 1.3032503659463093
63204.171 lsst_hardware_z 305.3159506691127 53.98095644567924 30.940000534057617 AB 4.410487376641846 1.1983391866977253
63206.1499 lsst_hardware_r 952.41202984898 38.87016617406052 31.450000762939453 AB 6.905268628988575 1.2713373154725887
63206.1717 lsst_hardware_u 2.7214754508189882 3.157802285174228 28.360000610351562 AB 6.104041671412691 1.1738541675793637
63208.158 lsst_hardware_i 1401.9663092673836 47.892746005972946 31.229999542236328 AB 4.466322190760053 1.207114105610825
63208.1791 lsst_hardware_z 977.6196111146271 52.012793680926855 30.940000534057617 AB 4.99718029141877 1.129433900196275
63211.1415 lsst_hardware_z 1488.8931347160685 58.06328333927716 30.93000030517578 AB 11.929294930112928 1.2449583785829033
63211.1628 lsst_hardware_r 2840.036316739318 57.25588134786181 31.469999313354492 AB 11.071424387393256 1.1564355020126131
63213.159 lsst_hardware_r 3446.395778316517 62.89837064668567 31.459999084472656 AB 11.893520912917106 1.1506332813734925
63213.1788 lsst_hardware_i 2822.2618041370943 60.287889562732154 31.239999771118164 AB 12.09760941174903 1.0917763141582062
63220.1605 lsst_hardware_r 5605.563983845177 78.2133775559943 31.5 AB 3.2880127463212214 1.089738253814196
63220.1826 lsst_hardware_i 4438.7686412428475 73.01648861169481 31.25 AB 4.004856518275557 1.0442003784829132
63222.1348 lsst_hardware_i 4758.970581232722 78.06535590918931 31.260000228881836 AB 4.0459061565152075 1.149350738084937
63222.1571 lsst_hardware_z 2880.1075398674757 69.3168423235109 30.950000762939453 AB 3.8100619368549262 1.0846894081341003
63224.1407 lsst_hardware_r 6519.707220141433 95.1074459890208 31.610000610351562 AB 6.951990437311602 1.113565663512991
63224.1627 lsst_hardware_z 3115.920338972873 72.25796631855467 30.959999084472656 AB 6.601229294917847 1.0604810305502785
63226.1567 lsst_hardware_i 10582.373297479819 130.2400606307616 32.06999969482422 AB 7.349658833698069 1.0615525144360611
63226.181 lsst_hardware_z 6410.36091192747 109.81690551339148 31.729999542236328 AB 7.213909366321349 1.0234431144880378
63229.1385 lsst_hardware_z 3500.8025024386648 88.20893099139833 30.989999771118164 AB 7.736816459883464 1.083461285081046
63229.159 lsst_hardware_i 5230.617430282767 105.60372305954277 31.34000015258789 AB 7.411643416344731 1.0426085340382951
