data/validation/pwv_sim_epoch_fit_seasonal/55228530.ecsv
# %ECSV 0.9
# ---
# datatype:
# - {name: time, datatype: float64}
# - {name: band, datatype: string}
# - {name: flux, datatype: float64}
# - {name: fluxerr, datatype: float64}
# - {name: zp, datatype: float64}
# - {name: zpsys, datatype: string}
# - {name: pwv, datatype: float64}
# - {name: airmass, datatype: float64}
# meta: {SNID: '55228530', alt: 1024.0, c: -0.08231072127819061, dec: -35.501846, lat: -30.244573, lon: -70.7499537, ra: 16.523438, t0: 63062.7265625,
#   x0: 2.4366839871304705e-06, x1: 1.1691865921020508, z: 0.8217064738273621}
# schema: astropy-2.0
time band flux fluxerr zp zpsys pwv airmass
63044.3803 lsst_hardware_g 17.019391071240946 19.948367196631924 32.119998931884766 AB 8.288580519343633 1.1554578389205934
63044.4049 lsst_hardware_i 919.058089259062 52.736878521008954 31.989999771118164 AB 7.80098946498862 1.0849902476832458
63046.3634 lsst_hardware_z 204.04400925431943 47.02858077682043 30.93000030517578 AB 2.481023470183656 1.198272625058695
63046.3847 lsst_hardware_r 423.2123563195711 30.667680172136855 31.479999542236328 AB 2.593688516795965 1.1239441788802391
63048.3637 lsst_hardware_r 537.6296444437924 31.994743810882035 31.459999084472656 AB 10.159309232502928 1.1758232942076123
63048.3814 lsst_hardware_y 185.85335496777566 49.24441030625623 30.020000457763672 AB 10.84119969018912 1.1176494525968166
63051.368 lsst_hardware_z 441.31898762646375 61.92272858227197 30.969999313354492 AB 8.313397309485861 1.1331943853448097
63051.3874 lsst_hardware_r 681.5313252857051 81.23112355968492 31.649999618530273 AB 6.836729779630098 1.081276291688341
63061.3904 lsst_hardware_u 2.6559533437863037 3.0954347754691125 28.549999237060547 AB 6.119392640493581 1.0289016629665542
63061.4118 lsst_hardware_r 653.2411981394866 34.45851088156826 31.520000457763672 AB 6.0063718480468475 1.0097712517205644
63063.3218 lsst_hardware_g 112.5538742570469 16.391815022586382 31.350000381469727 AB 3.3958718082910933 1.1793951637963973
63063.3413 lsst_hardware_i 843.7554275762402 42.672167548643515 31.239999771118164 AB 1.4999807966507146 1.1152273581033334
63066.3759 lsst_hardware_z 569.7725460402195 47.131977007409866 30.950000762939453 AB 2.8920126485232482 1.0299496003048696
63066.396 lsst_hardware_r 526.3964515636031 32.08647110356186 31.510000228881836 AB 2.788047318072819 1.0110779031995716
63078.3962 lsst_hardware_r 610.7976012810171 39.52909086710395 32.25 AB 4.526080509190874 1.0055163586094693
63078.4324 lsst_hardware_i 1409.7738972006998 59.13305932564846 32.02000045776367 AB 3.6127194655363564 1.035484596136217
63080.2566 lsst_hardware_z 818.2990079470062 94.24407515688345 31.709999084472656 AB 1.920076875381383 1.2611342367037
63086.2694 lsst_hardware_z 443.4542970584378 53.44546607925895 30.950000762939453 AB 3.6092100899909294 1.142878432549376
63086.2895 lsst_hardware_i 443.0153766162568 49.9870414270582 31.299999237060547 AB 3.297483996765291 1.0867243755131135
63089.2643 lsst_hardware_z 293.2695034470433 46.08872738962639 30.940000534057617 AB 7.547619453865508 1.1330635321997384
63089.283 lsst_hardware_r 176.79200496816932 27.247466377654387 31.510000228881836 AB 7.300375032803772 1.0827802340173935
63096.2598 lsst_hardware_r 77.76672021935804 24.691602790651867 31.489999771118164 AB 3.2555221259895775 1.0925181920654101
63096.2777 lsst_hardware_i 244.8110910976198 33.82633711027023 31.25 AB 3.1540782599591286 1.0546111376608305
63101.281 lsst_hardware_r 81.20133208574559 23.764573109751506 31.489999771118164 AB 1.9678914464123178 1.0291422189901427
63101.2997 lsst_hardware_u -1.8747622324590032 2.6394611596487825 28.40999984741211 AB 2.026329927338437 1.0115633217431776
63107.2631 lsst_hardware_z 281.31508122714405 71.44165366160544 31.719999313354492 AB 6.288324224756652 1.0310418469842026
63112.1867 lsst_hardware_z 285.9664229138724 100.28089715837913 31.719999313354492 AB 1.5052609842170321 1.1844676597112809
63114.176 lsst_hardware_g -49.25161949853018 61.795498043040084 31.649999618530273 AB 2.6235505788633247 1.2054911527936856
63114.1939 lsst_hardware_r 104.16260110902861 62.54610849823605 31.610000610351562 AB 2.446084256130126 1.139834229324383
63122.1687 lsst_hardware_g 16.804526986399484 13.988102053381315 31.3700008392334 AB 2.4379328364434314 1.1508730935216827
63122.1856 lsst_hardware_r 50.386703929792695 23.31297405378481 31.479999542236328 AB 2.316876197641565 1.1006537756016936
63124.1673 lsst_hardware_i 39.116270167353086 32.227550069294686 31.239999771118164 AB 1.1290649109471704 1.1375968876047948
63124.1837 lsst_hardware_r 42.2641382174734 23.37659019895803 31.489999771118164 AB 1.0930377718959852 1.0916731804204596
63126.1677 lsst_hardware_u 0.9607022594459396 2.7780466918102737 28.469999313354492 AB 0.9054664088758632 1.119818293982167
63126.1866 lsst_hardware_g 9.377227452571532 14.055274100421416 31.420000076293945 AB 0.8664637400284412 1.072577355100058
63131.1827 lsst_hardware_r 59.68336613042302 32.670537304177124 32.2400016784668 AB 2.3429949912012487 1.0536233799666874
63131.2095 lsst_hardware_u -0.49288327263140685 3.809363932277963 29.190000534057617 AB 2.0259402989711117 1.0180604517438008
63133.1809 lsst_hardware_z 21.76828598147692 43.18489101991062 30.950000762939453 AB 4.013033027816779 1.047379101609325
63133.2008 lsst_hardware_i 61.168972425158216 33.47060297777442 31.270000457763672 AB 3.800229479129029 1.0211553081093723
63137.0893 lsst_hardware_z 81.35454157072671 62.229191049214904 30.950000762939453 AB 6.070855950980799 1.3241892467830518
63137.1102 lsst_hardware_r -53.915656773498505 76.73438845277717 31.610000610351562 AB 5.593234336771747 1.2182820329490311
63141.1576 lsst_hardware_z 63.547373030170704 93.92200607112581 31.739999771118164 AB 4.598872657970426 1.049811137871831
63145.1074 lsst_hardware_r 18.87138765974647 23.437001198822117 31.479999542236328 AB 3.921418430100859 1.1458876238545344
63145.1285 lsst_hardware_i 41.6968416271899 31.400110645897353 31.239999771118164 AB 4.708498617161116 1.0865348141597129
63149.109 lsst_hardware_u -1.9183723378622926 2.6046439428346444 28.350000381469727 AB 3.506152654428335 1.1083144158142357
63149.1279 lsst_hardware_g -1.4558583484536134 13.617816465065273 31.399999618530273 AB 3.349554212651503 1.064195143018746
63153.1064 lsst_hardware_r 3.305834451511548 22.631040481427412 31.469999313354492 AB 7.856795174393246 1.087144759152241
63153.1258 lsst_hardware_i 9.155696686153329 30.77985943831958 31.25 AB 8.715050694250545 1.0481959701219434
63157.1048 lsst_hardware_u -7.455282054828327 2.630000114440918 28.389999389648438 AB 9.088836339665088 1.066702228703138
63157.1255 lsst_hardware_r -25.852442401493896 22.15999984741211 31.489999771118164 AB 6.311879081467783 1.0324493467682643
63159.1098 lsst_hardware_i 17.85008539195519 30.270000457763672 31.25 AB 3.415583109455338 1.0475642108436323
63159.1294 lsst_hardware_z -55.125781469366636 40.65999984741211 30.950000762939453 AB 3.4529176049147923 1.0215732558918253
63161.1088 lsst_hardware_r 37.53528537179242 25.309999465942383 31.530000686645508 AB 4.557626220407027 1.0405539315997285
63161.1265 lsst_hardware_z 16.988794416524733 41.04999923706055 30.950000762939453 AB 3.820743764019203 1.0190688175020388
63166.014 lsst_hardware_y -41.663937893698986 56.52000045776367 29.969999313354492 AB 5.576838577611816 1.3020616559593634
63166.0329 lsst_hardware_z 49.77233924278016 61.11000061035156 30.959999084472656 AB 5.184347565325474 1.2102122472845036
63168.0147 lsst_hardware_y -107.78308999298274 61.060001373291016 29.979999542236328 AB 4.0492649203052435 1.2693620439828348
63168.0331 lsst_hardware_z -22.28953112785802 72.36000061035156 30.979999542236328 AB 3.683081531782493 1.1871972273930889
63170.0156 lsst_hardware_y -64.83722248785477 55.779998779296875 29.979999542236328 AB 5.731392548744604 1.2384836148764744
63170.034 lsst_hardware_i 21.42153220403562 67.26000213623047 31.309999465942383 AB 5.404706494776198 1.163490984290662
63172.017 lsst_hardware_y 27.726652617419152 50.209999084472656 29.989999771118164 AB 10.419302502011897 1.2081751509752314
63172.0367 lsst_hardware_r 23.29959084598106 22.459999084472656 31.459999084472656 AB 9.759574735378965 1.1361553824655373
63183.0195 lsst_hardware_z 11.905500626981716 45.5099983215332 30.950000762939453 AB 5.5197883256594995 1.0994864203557864
63183.0373 lsst_hardware_i 46.070742018139015 30.219999313354492 31.25 AB 5.341987569321449 1.0598831194712044
63186.0222 lsst_hardware_y -16.18553860552184 52.119998931884766 30.040000915527344 AB 7.066574688869771 1.0738115267371229
63186.0412 lsst_hardware_r 1.9235007231927486 22.079999923706055 31.489999771118164 AB 6.7602512109537605 1.0395721731459617
63187.0218 lsst_hardware_y -1.646523192342221 51.470001220703125 30.040000915527344 AB 3.7412055582857833 1.068915873795938
63187.0391 lsst_hardware_r 8.020675947146737 22.100000381469727 31.489999771118164 AB 3.6352701302185184 1.0386486086338624
63189.0217 lsst_hardware_y -22.32922500173761 55.70000076293945 30.049999237060547 AB 5.928528542599223 1.0584138078909962
63189.0379 lsst_hardware_z 24.35841487282332 40.939998626708984 30.950000762939453 AB 5.85360927313881 1.0327468724664193
63193.0236 lsst_hardware_y 11.759637702688162 59.810001373291016 30.059999465942383 AB 7.973540042660485 1.0373771400436473
63193.0399 lsst_hardware_r 85.20744031489544 48.97999954223633 31.6299991607666 AB 7.786573942131125 1.0183519950473925
