data/validation/pwv_sim_epoch_fit_seasonal/55264513.ecsv
# %ECSV 0.9
# ---
# datatype:
# - {name: time, datatype: float64}
# - {name: band, datatype: string}
# - {name: flux, datatype: float64}
# - {name: fluxerr, datatype: float64}
# - {name: zp, datatype: float64}
# - {name: zpsys, datatype: string}
# - {name: pwv, datatype: float64}
# - {name: airmass, datatype: float64}
# meta: {SNID: '55264513', alt: 1024.0, c: -0.02510042116045952, dec: -51.255806, lat: -30.244573, lon: -70.7499537, ra: 165.072113, t0: 62974.33203125,
#   x0: 3.116288496950918e-06, x1: 0.700149416923523, z: 0.7440620064735413}
# schema: astropy-2.0
time band flux fluxerr zp zpsys pwv airmass
62872.3436 lsst_hardware_g -16.288892096418166 13.470000267028809 31.389999389648438 AB 8.37253647771148 1.0767381602458233
62872.3558 lsst_hardware_y -104.99147637407125 53.08000183105469 30.040000915527344 AB 8.326923573337968 1.0729419400843512
62874.3438 lsst_hardware_z 78.400733317234 56.36000061035156 30.979999542236328 AB 9.417086813038715 1.0745192620993511
62874.3586 lsst_hardware_y 115.06148980323296 60.290000915527344 30.059999465942383 AB 9.43013351437473 1.0724591737034832
62879.3623 lsst_hardware_y 117.34677632037207 88.66000366210938 30.809999465942383 AB 4.477487128755213 1.0769230647210486
62881.3475 lsst_hardware_i 18.221029211069897 43.22999954223633 31.290000915527344 AB 5.795995070737678 1.0735975063110048
62881.3612 lsst_hardware_z 16.628005619311416 50.4900016784668 30.969999313354492 AB 5.786613539352575 1.079222941037439
62883.3316 lsst_hardware_z -33.86888245824241 42.790000915527344 30.959999084472656 AB 2.871438229737485 1.0724325788001732
62883.3435 lsst_hardware_r 20.151675105085594 29.34000015258789 31.559999465942383 AB 2.470144886083052 1.073976037427414
62885.3373 lsst_hardware_u -1.2890012353769669 2.9200000762939453 28.5 AB 6.611977309828766 1.0737796746325068
62885.3498 lsst_hardware_r 78.3242124587565 23.139999389648438 31.5 AB 6.6438091261534815 1.078949135411706
62889.3426 lsst_hardware_r 15.67270666670137 22.149999618530273 31.489999771118164 AB 10.234011715838783 1.0812479361689218
62889.3547 lsst_hardware_u 2.102054695533046 2.890000104904175 28.489999771118164 AB 10.182270318017677 1.0911718714052057
62891.3306 lsst_hardware_g 15.322106719426522 13.170000076293945 31.399999618530273 AB 10.558975162795296 1.0774464451831933
62891.3439 lsst_hardware_r -16.560263767549397 22.15999984741211 31.489999771118164 AB 10.61340064685506 1.0863255523904873
62893.3349 lsst_hardware_z -27.469735803971414 41.40999984741211 30.950000762939453 AB 11.896171100927802 1.0835222255114507
62893.3469 lsst_hardware_u -1.4511149388427795 2.630000114440918 28.40999984741211 AB 12.02623759865507 1.094355520382347
62895.2808 lsst_hardware_z 24.681101065724643 41.290000915527344 30.950000762939453 AB 12.063893823840678 1.07675683270053
62895.2928 lsst_hardware_r 29.070183537696906 21.950000762939453 31.489999771118164 AB 11.85314936289548 1.0729906938243696
62897.2838 lsst_hardware_u -0.07132531071885845 2.7899999618530273 28.549999237060547 AB 12.401606181791243 1.0737321369516228
62897.2954 lsst_hardware_r -28.920914322458696 22.040000915527344 31.489999771118164 AB 11.527321530243338 1.0724586249470434
62906.256 lsst_hardware_i 44.325848311566695 70.83000183105469 31.329999923706055 AB 5.682747449827572 1.0746835408001207
62906.2679 lsst_hardware_z 10.18437646840157 63.34000015258789 30.989999771118164 AB 5.66605901042824 1.0724740232363594
62912.2698 lsst_hardware_i -72.15924738745066 33.869998931884766 31.260000228881836 AB 3.5235109022141744 1.0758811915157784
62912.2803 lsst_hardware_z 10.785452403700873 42.959999084472656 30.950000762939453 AB 3.5049072822947354 1.0815945941350826
62917.2506 lsst_hardware_u -2.763712937481578 2.700000047683716 28.479999542236328 AB 2.952906907571028 1.0739795990438363
62917.2609 lsst_hardware_r -4.932450237773085 21.90999984741211 31.489999771118164 AB 2.9589185137428484 1.078126621877518
62919.2507 lsst_hardware_i 1.6941857307882808 30.139999389648438 31.25 AB 10.084687806159629 1.0758913022218666
62919.2625 lsst_hardware_z 17.165431590247433 41.290000915527344 30.950000762939453 AB 9.959089411496985 1.0825097186409767
62921.2528 lsst_hardware_r 29.080499471340435 21.889999389648438 31.479999542236328 AB 10.661688522623647 1.0797284419458006
62921.2662 lsst_hardware_u 4.729266065176738 2.609999895095825 28.389999389648438 AB 10.770840716882702 1.0901017028565487
62923.2568 lsst_hardware_g 10.478875716804527 13.020000457763672 31.3799991607666 AB 7.04560240520774 1.0865716783294506
62923.2681 lsst_hardware_r -56.17651324117793 21.969999313354492 31.479999542236328 AB 7.11000324135548 1.0978015529827425
62925.245 lsst_hardware_i -0.8399350146666154 30.040000915527344 31.239999771118164 AB 5.731754578603724 1.0817352626957204
62925.2569 lsst_hardware_z -23.139114401181054 41.29999923706055 30.940000534057617 AB 5.991117892471196 1.0916760008147224
62927.2485 lsst_hardware_r -8.953654357794665 21.850000381469727 31.469999313354492 AB 3.5933005756947414 1.0888789623317399
62927.2609 lsst_hardware_g -7.593438744825115 12.989999771118164 31.360000610351562 AB 3.8457609084409605 1.1022530548698655
62929.1901 lsst_hardware_r 14.080386382890355 44.16999816894531 31.610000610351562 AB 6.952157085443228 1.0758522261595835
62929.2025 lsst_hardware_z 3.5459796565703905 46.16999816894531 30.950000762939453 AB 6.970245363025856 1.0726754944638128
62932.1828 lsst_hardware_z -27.42580108155461 57.459999084472656 30.969999313354492 AB 10.137562233458999 1.0754988179885923
62932.1943 lsst_hardware_i -5.091624706519946 61.45000076293945 31.31999969482422 AB 10.100071523554742 1.072678387123141
62935.1874 lsst_hardware_z 117.63790913212925 68.56999969482422 30.989999771118164 AB 11.69098280469919 1.0725672297889166
62935.1989 lsst_hardware_r 214.10829218946768 99.58999633789062 31.649999618530273 AB 11.69974263293751 1.0733708837557348
62939.1892 lsst_hardware_r -13.169207793850719 47.689998626708984 31.6200008392334 AB 11.998577844696078 1.0736502030957074
62939.2023 lsst_hardware_i 11.401353757489444 44.0 31.299999237060547 AB 12.042676863573773 1.0789478890448139
62943.1998 lsst_hardware_r -15.56190612432672 22.28963507816315 31.5 AB 7.4380826097025 1.0846375263261394
62943.2131 lsst_hardware_i 42.44687009307382 30.81710609035134 31.25 AB 6.4744672627153514 1.0973673326636189
62948.1417 lsst_hardware_z 36.901700243086815 42.18576398858706 30.959999084472656 AB 8.057269926211205 1.074589213951896
62948.1549 lsst_hardware_r 62.68117078362828 23.360156674758592 31.510000228881836 AB 7.979545165694689 1.0724714617214313
62950.1431 lsst_hardware_u 3.869094585927633 2.9476430316776527 28.559999465942383 AB 9.076650444718046 1.07295353681873
62950.1562 lsst_hardware_g 7.769379163752568 14.42183236642303 31.420000076293945 AB 9.0967728873378 1.073048998801274
62952.1325 lsst_hardware_r 213.35250018234854 26.238529977849197 31.489999771118164 AB 7.411092510276158 1.0740713783008924
62952.1441 lsst_hardware_i 251.8396893608445 34.58845951818329 31.25 AB 7.400071962272893 1.072474197430854
62954.129 lsst_hardware_z 289.7374197365503 44.509737315190314 30.959999084472656 AB 7.0551415037893115 1.0735695922580744
62954.1415 lsst_hardware_r 257.3269219777592 28.076766072114065 31.5 AB 7.0487082627786934 1.072590656268632
62956.1314 lsst_hardware_z 322.2108028485456 46.34817425418854 30.950000762939453 AB 5.449405359692863 1.0725064671704283
62956.143 lsst_hardware_r 404.02803864849614 33.880915190876195 31.540000915527344 AB 5.39138576826922 1.0737138697075868
62958.1321 lsst_hardware_i 628.8531930431841 47.29181128198456 31.290000915527344 AB 9.037267210762208 1.0727363298429826
62958.1442 lsst_hardware_z 506.0292585124188 49.77124481606709 30.959999084472656 AB 8.980622095987906 1.0759101588580016
62960.1269 lsst_hardware_r 800.9453591108173 67.95160500650563 31.639999389648438 AB 6.394052630862938 1.0727676244387234
62960.1387 lsst_hardware_z 480.35959240633724 56.79559011028639 30.969999313354492 AB 6.304117742075147 1.0758951105044838
62962.1259 lsst_hardware_y 106.6570222074828 57.09935459374643 30.049999237060547 AB 12.484804486184277 1.073546109994793
62962.1378 lsst_hardware_r 798.293547620034 98.85545979104201 31.649999618530273 AB 12.567159343653994 1.078032111829637
62965.12 lsst_hardware_i 1078.781640223048 78.29539284895876 31.329999923706055 AB 7.725199779003176 1.074137900306337
62965.1316 lsst_hardware_z 732.5432034561502 68.5176444123797 30.979999542236328 AB 7.386644535243888 1.0791299540166381
62968.1163 lsst_hardware_r 915.1028930483271 51.38900126903976 31.600000381469727 AB 7.349365046021154 1.0756742517472537
62968.1274 lsst_hardware_g 289.2048130713978 45.930350787179506 31.690000534057617 AB 6.81427637247919 1.081631170234792
62970.1119 lsst_hardware_r 836.5457408155534 36.56300554618063 31.479999542236328 AB 6.72928190406279 1.0761111786880795
62970.1232 lsst_hardware_i 1121.321284304759 44.824046761765295 31.25 AB 6.668238586957372 1.0825062641164565
62973.1836 lsst_hardware_g 136.28368634172963 18.12882954974936 31.3700008392334 AB 16.406330278543404 1.1978483757560987
62973.1968 lsst_hardware_r 797.3120298047023 36.45796263130728 31.459999084472656 AB 16.926027475610642 1.2382029146132463
62990.0878 lsst_hardware_r 437.33219606540797 76.81288705198456 31.639999389648438 AB 12.92799038096255 1.1009572391707516
62990.1001 lsst_hardware_i 741.5761585638037 67.56278178449705 31.31999969482422 AB 13.183949544200212 1.1180418541553776
62995.0274 lsst_hardware_r 460.0535518795118 63.971191930798994 31.639999389648438 AB 9.748240976165002 1.0725022390367744
62995.0404 lsst_hardware_i 653.0684157092805 61.190239801773544 31.31999969482422 AB 9.764378790344383 1.07487886876555
62999.0216 lsst_hardware_u 4.7702842184067755 3.9310825935901055 29.239999771118164 AB 7.6105593593470395 1.0729424130285543
62999.0318 lsst_hardware_r 431.3919447919185 38.10371161238816 32.2400016784668 AB 7.6208455432662285 1.0757448626553592
63002.0204 lsst_hardware_i 367.5770461631421 36.02119943130496 31.25 AB 5.643189330983914 1.0745861812784754
63002.0329 lsst_hardware_z 368.0393040819392 45.13331386563057 30.940000534057617 AB 5.674534197925392 1.080554926768617
63004.9983 lsst_hardware_z 353.04893823726627 44.73705317986848 30.950000762939453 AB 10.37137240550726 1.0725030278956231
63005.011 lsst_hardware_r 167.69310510578305 25.25159263531529 31.479999542236328 AB 8.754862583995408 1.0742162679748695
63010.0011 lsst_hardware_u 1.4029952309981142 2.5633905016792817 28.329999923706055 AB 7.96980080644884 1.0754861926048853
63010.0143 lsst_hardware_g 23.557778724157163 13.435017935431247 31.360000610351562 AB 8.095813536972113 1.0827502083439995
63012.9954 lsst_hardware_r 58.539364540103804 25.32264460741337 31.489999771118164 AB 6.281868898223726 1.076522717620883
63013.0082 lsst_hardware_i 195.89930194915044 34.02890772459528 31.239999771118164 AB 6.336694609240019 1.0843077702326918
63014.9936 lsst_hardware_z 187.99825028756158 45.431063457777796 30.950000762939453 AB 9.497094010534093 1.0783268342029684
63015.0058 lsst_hardware_r 75.9232473283428 32.067267092781826 31.559999465942383 AB 10.224338255134787 1.0867899008062203
63018.9942 lsst_hardware_i 205.05865204506654 58.23635578726586 31.31999969482422 AB 10.40218469542179 1.0862198815247346
63019.0071 lsst_hardware_z 182.85367113839453 56.767866244692385 30.969999313354492 AB 11.747867164940029 1.0991556482630995
63021.9931 lsst_hardware_g -12.601251825897402 95.44288105235644 31.709999084472656 AB 12.722651365739342 1.0927844046473176
63022.0062 lsst_hardware_r 11.591772553910529 87.41364751699054 31.639999389648438 AB 11.215774272481248 1.108460642972945
