data/validation/pwv_sim_epoch_fit_seasonal/55533456.ecsv
# %ECSV 0.9
# ---
# datatype:
# - {name: time, datatype: float64}
# - {name: band, datatype: string}
# - {name: flux, datatype: float64}
# - {name: fluxerr, datatype: float64}
# - {name: zp, datatype: float64}
# - {name: zpsys, datatype: string}
# - {name: pwv, datatype: float64}
# - {name: airmass, datatype: float64}
# meta: {SNID: '55533456', alt: 1024.0, c: -0.10910184681415558, dec: 0.298417, lat: -30.244573, lon: -70.7499537, ra: 163.300781, t0: 60693.9921875,
#   x0: 1.1668422102756203e-05, x1: 0.24621914327144623, z: 0.43089741468429565}
# schema: astropy-2.0
time band flux fluxerr zp zpsys pwv airmass
60680.3362 lsst_hardware_i 1217.2411786598543 48.12252681989577 31.239999771118164 AB 13.102938095761617 1.1714217599357755
60680.3571 lsst_hardware_y 424.4557739105266 60.37106683936947 30.020000457763672 AB 13.015743079124974 1.1595833292462883
60682.3368 lsst_hardware_u 19.383780206044875 5.326931516453201 28.40999984741211 AB 8.029845942553514 1.1658719562322857
60682.3565 lsst_hardware_z 1197.3790394964572 59.4660924277421 30.959999084472656 AB 7.978133690615844 1.1597388800546344
60684.3382 lsst_hardware_r 3168.7965966760044 61.48573258080717 31.489999771118164 AB 8.511306693206224 1.1616888116296018
60684.3582 lsst_hardware_y 578.0120672651411 58.40394530904745 30.020000457763672 AB 8.51636715120008 1.161956587847927
60686.3377 lsst_hardware_z 1463.2374009754274 58.26462175576956 30.940000534057617 AB 7.511487066378841 1.1600304337869352
60686.3581 lsst_hardware_y 591.2840768791868 58.38909751305207 30.010000228881836 AB 7.488312834451471 1.1651787971294172
60688.3459 lsst_hardware_z 1806.8724666188423 72.90329154609925 30.969999313354492 AB 4.828274671034778 1.1613408709644688
60688.3659 lsst_hardware_y 566.8396184045858 72.00925762809028 30.020000457763672 AB 4.898737128538895 1.1790453997847234
60692.2717 lsst_hardware_i 2735.045909132902 112.42399813728171 31.299999237060547 AB 2.7382906205441424 1.2311535199149386
60692.2902 lsst_hardware_r 4738.931591452694 134.36338270215853 31.6200008392334 AB 2.5536308312472027 1.1898105212567047
60694.3296 lsst_hardware_z 3843.087648182905 108.48009355838285 31.719999313354492 AB 7.665048213444005 1.16137094143091
60697.3171 lsst_hardware_z 1988.59180217497 62.53291323118183 30.950000762939453 AB 10.927863110826303 1.160008822337068
60697.3366 lsst_hardware_r 4315.279140213804 73.61796862170937 31.559999465942383 AB 10.459098324034462 1.1731145538603742
60699.2264 lsst_hardware_u 3.4167526769771315 3.4409472016274982 28.239999771118164 AB 13.111492419150862 1.3270741314930024
60699.253 lsst_hardware_g 1413.7311135210073 41.84497855457281 31.420000076293945 AB 11.670178282083894 1.2300151016653498
60707.2899 lsst_hardware_i 2167.258093468723 56.01793472875396 31.25 AB 12.250154354623028 1.160025032989089
60707.309 lsst_hardware_z 1427.4592674497012 57.16033134048283 30.940000534057617 AB 11.632722326958111 1.1727716833307906
60709.2876 lsst_hardware_r 2449.393364622251 54.8355860918052 31.5 AB 10.606464697233799 1.1609527908530866
60709.3065 lsst_hardware_u 0.16108220370050602 3.678315301092435 28.479999542236328 AB 11.061411034492462 1.1763078677612018
60711.2935 lsst_hardware_g 551.4335483918593 28.935031980458632 31.450000762939453 AB 7.6497539236202385 1.1681391515250288
60711.3108 lsst_hardware_i 1852.208681116872 53.50986613209491 31.25 AB 7.7622839532681125 1.1910823927064869
60713.2909 lsst_hardware_z 1153.8322794232022 55.042494822410774 30.93000030517578 AB 4.978229070553438 1.1709117945596985
60713.3107 lsst_hardware_r 1814.4678496005993 49.0109513375471 31.479999542236328 AB 4.476073380134474 1.2013079388445018
60716.2564 lsst_hardware_z 1088.2988373240414 70.18589571865998 30.969999313354492 AB 3.8717084545515013 1.1598886921964024
60716.2757 lsst_hardware_r 1559.5807980736083 86.40989770836303 31.6200008392334 AB 3.9836411532118112 1.1648073547402957
60718.2696 lsst_hardware_z 1037.1928136397391 99.27048452821892 30.979999542236328 AB 6.360057581145315 1.1643658897240725
60718.287 lsst_hardware_r 1246.9600066576818 144.7711389336779 31.6200008392334 AB 6.428094274877123 1.1833752346975641
60720.2666 lsst_hardware_z 978.5635808964112 107.59703281184032 30.989999771118164 AB 4.0149162852879074 1.166166321911577
60720.2828 lsst_hardware_r 1574.1360537320186 156.40785170914356 31.6299991607666 AB 3.9336301351340164 1.1853341441279712
60722.2212 lsst_hardware_i 1358.3102876646874 87.89835232438233 31.309999465942383 AB 4.660939280836379 1.171752694572655
60722.2387 lsst_hardware_z 906.1124118807838 78.07068432309464 30.969999313354492 AB 4.618382299513944 1.1601789360079906
60724.2366 lsst_hardware_z 933.0630659721281 60.98249567288603 30.959999084472656 AB 6.13675372660392 1.1595919239008445
60724.2554 lsst_hardware_r 853.7669509967324 64.80231436141452 31.600000381469727 AB 5.537663536988489 1.165946633748488
60727.2356 lsst_hardware_y 339.7943037585692 51.59571747952027 30.010000228881836 AB 6.4138245627842005 1.1600858354572374
60727.2531 lsst_hardware_g 197.1863541655001 28.241707181429543 31.579999923706055 AB 6.13885254120071 1.171350461033686
60729.2359 lsst_hardware_r 627.6721166620312 35.3793206456223 31.5 AB 13.546094158064005 1.1622061823228522
60729.2562 lsst_hardware_i 935.6349538891542 45.02340721772327 31.239999771118164 AB 12.601464684267256 1.1822185615761636
60731.2365 lsst_hardware_z 813.4226839067741 51.14069874451712 30.93000030517578 AB 10.014449816449362 1.1661093377069753
60731.2549 lsst_hardware_r 553.8767980922858 34.301817367662515 31.489999771118164 AB 10.485697484865558 1.1888321254169985
60738.2036 lsst_hardware_z 564.1965806349993 49.69426767687321 30.93000030517578 AB 7.534830012580237 1.1597101319929564
60738.2216 lsst_hardware_r 398.43720299756353 31.87180179040096 31.479999542236328 AB 6.535148631130621 1.169845807828144
60740.2024 lsst_hardware_y 183.3617122786372 50.52009300799586 30.010000228881836 AB 9.053788656049717 1.1607421353909892
60740.2211 lsst_hardware_g 107.93169167275407 18.846648053548254 31.43000030517578 AB 9.175918165411723 1.1753449680302093
60742.201 lsst_hardware_r 364.0430114575507 36.94355660066264 31.540000915527344 AB 12.513827084170847 1.1625089027981732
60742.219 lsst_hardware_i 538.4978521041684 40.739622743885725 31.239999771118164 AB 12.721035452474428 1.1797579886832605
60744.1986 lsst_hardware_z 595.42498462145 61.674973670930214 30.959999084472656 AB 12.691407914683937 1.1643493499710034
60744.2176 lsst_hardware_r 365.6881804041308 70.6092533273241 31.610000610351562 AB 11.955329649772317 1.185848535272506
60749.0125 lsst_hardware_z 283.1597958757337 112.96667499345526 30.860000610351562 AB 20.154416730062284 2.1327425111177023
60749.0364 lsst_hardware_r 236.4148949658871 160.03310956769653 31.489999771118164 AB 16.573132256035795 1.7474526585750774
60751.1991 lsst_hardware_i 530.6294128805304 73.59006112251242 31.299999237060547 AB 10.188232206929802 1.186840236896268
60751.2194 lsst_hardware_z 449.90511895560627 68.3592368960427 30.959999084472656 AB 10.197283518162106 1.23125857500145
60753.1933 lsst_hardware_r 310.75875835879503 58.32409753663477 31.610000610351562 AB 7.378218423176485 1.1862882170311224
60753.2131 lsst_hardware_z 439.09793530853494 55.87734270521269 30.959999084472656 AB 8.26562421165061 1.228952044255364
60755.1591 lsst_hardware_u 0.1285265018293689 6.9271816676493785 29.059999465942383 AB 5.955979224183776 1.1600673703977196
60755.1777 lsst_hardware_g 170.79250665078428 36.68641659129416 31.639999389648438 AB 6.214157057616115 1.1724824637011537
60757.1586 lsst_hardware_r 243.88308409238775 29.799952047216067 31.510000228881836 AB 8.605378568437647 1.161790005189384
60757.1778 lsst_hardware_i 352.10378714819086 38.413664734024735 31.25 AB 8.047449993981672 1.179415966582166
60759.1788 lsst_hardware_r 282.35291571905026 29.330554505566663 31.489999771118164 AB 8.26847974906034 1.1894240828185798
60759.1957 lsst_hardware_g 58.12818040223498 17.419738510002908 31.40999984741211 AB 8.493561534672518 1.2262119636197089
60763.1415 lsst_hardware_i 396.9295133959161 37.35165713417179 31.25 AB 7.632793361361895 1.1614699510061215
60763.1599 lsst_hardware_z 347.4403726005627 47.022415343342644 30.950000762939453 AB 7.701973666117757 1.177371770616746
60770.1386 lsst_hardware_i -43.04777925763655 35.5099983215332 31.239999771118164 AB 8.227278577367931 1.17462632871405
60770.1563 lsst_hardware_z -42.93068657561764 45.38999938964844 30.93000030517578 AB 8.448688716806211 1.2038598912519538
60774.1325 lsst_hardware_r 71.99266412761573 105.93000030517578 31.6299991607666 AB 8.040209409479404 1.180994331592157
60774.149 lsst_hardware_i -205.7426737946281 90.4000015258789 31.309999465942383 AB 8.368819152931213 1.21190632871352
60777.1234 lsst_hardware_z -58.25124671667092 89.79000091552734 30.979999542236328 AB 7.956233778361811 1.1797062354393462
60777.14 lsst_hardware_i 10.577561907116301 106.23999786376953 31.299999237060547 AB 7.62329319202298 1.2100465384163461
60783.0913 lsst_hardware_i -9.593685355438106 41.869998931884766 31.280000686645508 AB 13.1511132866779 1.1638153351042388
60783.1088 lsst_hardware_z -108.84594898646256 48.93000030517578 30.950000762939453 AB 13.359701887856602 1.1822745033501416
60785.0917 lsst_hardware_r -18.36464124314676 24.719999313354492 31.489999771118164 AB 8.002023825038524 1.1683492225198782
60785.109 lsst_hardware_g -25.578521559205647 15.25 31.40999984741211 AB 8.145734587567414 1.1915065585559006
60791.0825 lsst_hardware_r -0.0179166449868543 24.6200008392334 31.489999771118164 AB 12.91889405889466 1.1761556863523908
60791.0998 lsst_hardware_i 37.03416889042324 32.779998779296875 31.229999542236328 AB 11.815500495836766 1.2056633159017107
60793.0842 lsst_hardware_z 12.909317985902787 43.97999954223633 30.940000534057617 AB 2.7878344668732096 1.1864808342487771
60793.1006 lsst_hardware_i -6.682739918184885 33.13999938964844 31.229999542236328 AB 2.8671981349421594 1.2203439603924917
60796.0771 lsst_hardware_u -2.947831278133275 2.6500000953674316 28.280000686645508 AB 11.914330776824864 1.1882841247518938
60796.0946 lsst_hardware_g -6.858149426672793 15.260000228881836 31.3799991607666 AB 11.954123102481 1.226021992664969
60799.0472 lsst_hardware_g 37.08049394074044 29.18000030517578 31.600000381469727 AB 12.700631201742045 1.1635587126741018
60799.0656 lsst_hardware_r 83.53946545973048 35.290000915527344 31.559999465942383 AB 13.008740073495611 1.1830070696440056
60801.0459 lsst_hardware_i 17.60235001582002 60.810001373291016 31.299999237060547 AB 4.224294578500685 1.166529396893527
60801.0642 lsst_hardware_z 147.59778992956814 60.09000015258789 30.959999084472656 AB 4.312368836808571 1.1895642968530837
60803.0478 lsst_hardware_r 64.4987157622954 102.04000091552734 31.6200008392334 AB 12.099224667177484 1.1738082980801492
60803.0655 lsst_hardware_z -38.83257020852766 78.76000213623047 30.969999313354492 AB 12.293806372456807 1.202406648106492
60807.0005 lsst_hardware_z -21.781336262872106 66.16000366210938 30.979999542236328 AB 11.834761964238488 1.1625788417435095
60807.0209 lsst_hardware_i 111.36007702486393 73.83999633789062 31.309999465942383 AB 11.771031320084061 1.1612806827065476
60809.0062 lsst_hardware_z -22.500716312079316 58.2400016784668 30.969999313354492 AB 6.817303019277313 1.1594874386128233
60809.0231 lsst_hardware_g 11.595704827313634 84.61000061035156 31.690000534057617 AB 6.850394240815035 1.1657765140719054
60811.0028 lsst_hardware_r 51.96171402402808 25.170000076293945 31.5 AB 6.056598840381844 1.1595460375019087
60811.0228 lsst_hardware_i -12.045407815169296 44.369998931884766 31.280000686645508 AB 6.108449988369176 1.1703693037062786
60813.0005 lsst_hardware_z 34.793891759922 43.91999816894531 30.940000534057617 AB 8.391270778213766 1.1600166964871284
60813.021 lsst_hardware_u 0.6480052461311686 2.7899999618530273 28.3799991607666 AB 8.523250760140646 1.174405891855453
60815.9618 lsst_hardware_y -176.93408861482564 74.37000274658203 30.760000228881836 AB 8.364642020799586 1.1748780271504498
60815.9817 lsst_hardware_g -18.747297692054953 22.540000915527344 32.189998626708984 AB 8.205940439469805 1.1602602247394986
60821.957 lsst_hardware_y -72.73243738215993 57.27000045776367 30.020000457763672 AB 6.984566725072089 1.1640944541786815
60821.9772 lsst_hardware_i 12.34707988851049 33.290000915527344 31.25 AB 6.8343967189115 1.160339001512988
60824.9576 lsst_hardware_y 15.551749275633888 54.939998626708984 30.020000457763672 AB 11.227055766779742 1.160139408250869
60824.9774 lsst_hardware_i -38.18383896574878 33.459999084472656 31.25 AB 11.10248726304466 1.1643319451570469
60826.9573 lsst_hardware_y -77.84370505516881 55.720001220703125 30.010000228881836 AB 10.179324018822435 1.1594863618971856
60826.9778 lsst_hardware_g -22.146382250331087 21.579999923706055 31.520000457763672 AB 8.006863789929518 1.1690843389282142
61044.3412 lsst_hardware_z -23.69673752109277 102.69000244140625 31.719999313354492 AB 3.207135311206654 1.169740242985923
61047.3396 lsst_hardware_z 68.50135801017154 75.43000030517578 30.969999313354492 AB 8.050144012033968 1.164283040392518
61047.3596 lsst_hardware_y -27.937012522435907 68.06999969482422 30.020000457763672 AB 8.0107232870626 1.1601477141258185
61050.3323 lsst_hardware_i -72.33277063244165 43.66999816894531 31.280000686645508 AB 8.33016743006493 1.163702085690094
61050.3537 lsst_hardware_y 86.34390544872667 51.7400016784668 30.010000228881836 AB 7.916334935655659 1.1608522139951842
61055.2696 lsst_hardware_z -80.50908595568357 44.86000061035156 30.93000030517578 AB 6.971829084480234 1.2561099785863132
61055.2895 lsst_hardware_i -30.180067382140898 32.88999938964844 31.229999542236328 AB 6.729407604277865 1.2028254774090559
61057.277 lsst_hardware_u 0.7693530715204084 2.619999885559082 28.270000457763672 AB 2.7040606272180074 1.2189604630584556
61057.2976 lsst_hardware_g -15.298843629830076 15.180000305175781 31.399999618530273 AB 3.1181284272748666 1.1793224006334593
61059.3176 lsst_hardware_r -0.20351209644223497 24.420000076293945 31.479999542236328 AB 7.654353396830422 1.159750514671276
61059.3378 lsst_hardware_i 13.023505106454312 32.27000045776367 31.229999542236328 AB 7.166343301549287 1.165732948605008
61063.3158 lsst_hardware_g 8.019752339976144 15.09000015258789 31.40999984741211 AB 10.446289510646405 1.160108038755789
61063.3353 lsst_hardware_r -32.91913934820135 24.440000534057617 31.479999542236328 AB 11.201534047756498 1.1738881341147525
61065.3162 lsst_hardware_i -6.7077978405905485 32.119998931884766 31.229999542236328 AB 11.391199918806423 1.1623673386537166
61065.336 lsst_hardware_z 61.91233330296944 43.439998626708984 30.940000534057617 AB 11.377233895679275 1.1820502748757689
61067.2476 lsst_hardware_i -10.385954247804769 32.86000061035156 31.219999313354492 AB 13.307523212327093 1.2243182543235078
61067.2657 lsst_hardware_u 2.2268413586723197 2.609999895095825 28.270000457763672 AB 13.658438531696191 1.1862118401727868
61069.2979 lsst_hardware_g 0.8104333621101661 15.130000114440918 31.40999984741211 AB 12.833718856984786 1.1597781899254285
61069.314 lsst_hardware_r 18.318386857080515 24.489999771118164 31.489999771118164 AB 12.933089546003036 1.168705472777659
61071.2893 lsst_hardware_i -41.632852867398825 66.4000015258789 31.309999465942383 AB 13.360130530466726 1.1594400026440117
61071.3071 lsst_hardware_r -85.23808087325136 69.36000061035156 31.6200008392334 AB 12.535344913621877 1.1674088997808552
61072.2951 lsst_hardware_z 69.5076045885746 108.18000030517578 31.729999542236328 AB 11.535191529032794 1.1614167870552552
61074.2926 lsst_hardware_r -182.23663344453814 146.91000366210938 31.6299991607666 AB 10.94280386247314 1.1628909524413633
61074.3106 lsst_hardware_i 105.14547234962073 117.69000244140625 31.31999969482422 AB 11.150048737524687 1.1808365091368576
61078.3029 lsst_hardware_z -57.025681500554676 78.01000213623047 31.700000762939453 AB 4.437589069154082 1.1857285421921762
61080.2145 lsst_hardware_g 19.116848754968554 31.1200008392334 31.59000015258789 AB 6.514200359921182 1.2182147537566048
61080.2329 lsst_hardware_r -60.60941380060295 36.15999984741211 31.559999465942383 AB 6.303013088788601 1.182036586007739
61084.2687 lsst_hardware_g -23.329514868634558 15.5600004196167 31.40999984741211 AB 6.198755418391449 1.1650883392700693
61084.2865 lsst_hardware_r 37.28575869828145 25.09000015258789 31.479999542236328 AB 6.305035182986211 1.1856956041408961
61086.2661 lsst_hardware_i 95.96659156035454 32.79999923706055 31.239999771118164 AB 3.959106765728094 1.1673615703163802
