data/validation/pwv_sim_epoch_fit_seasonal/55649821.ecsv
# %ECSV 0.9
# ---
# datatype:
# - {name: time, datatype: float64}
# - {name: band, datatype: string}
# - {name: flux, datatype: float64}
# - {name: fluxerr, datatype: float64}
# - {name: zp, datatype: float64}
# - {name: zpsys, datatype: string}
# - {name: pwv, datatype: float64}
# - {name: airmass, datatype: float64}
# meta: {SNID: '55649821', alt: 1024.0, c: 0.11156607419252396, dec: -40.817047, lat: -30.244573, lon: -70.7499537, ra: 180.703125, t0: 60362.265625,
#   x0: 2.1318291170665505e-05, x1: 0.5764366388320923, z: 0.333960622549057}
# schema: astropy-2.0
time band flux fluxerr zp zpsys pwv airmass
60328.3589 lsst_hardware_r 33.91010813193566 22.8700008392334 31.489999771118164 AB 6.264567354091065 1.0196235927882593
60328.3715 lsst_hardware_y 165.39878685396755 65.30999755859375 30.06999969482422 AB 6.2726678537281275 1.0177119905456522
60330.3593 lsst_hardware_r 22.07553860075272 22.760000228881836 31.5 AB 11.465317156652462 1.0182040635255731
60330.373 lsst_hardware_y 67.61326197370414 66.4800033569336 30.06999969482422 AB 11.430452416131374 1.0184845777538447
60332.3553 lsst_hardware_g 8.70754128501506 13.9399995803833 31.43000030517578 AB 9.710905980498575 1.0179947040384218
60332.3667 lsst_hardware_z 6.417702835121767 44.130001068115234 30.959999084472656 AB 9.694943712594762 1.018322957050025
60334.3607 lsst_hardware_i 25.851517944414983 55.060001373291016 31.31999969482422 AB 9.815730468777264 1.01822930174038
60334.3734 lsst_hardware_y 79.93570761090683 61.65999984741211 30.06999969482422 AB 9.941577198185922 1.0225330108702413
60336.3546 lsst_hardware_z -68.16705034138374 57.24031124030001 30.979999542236328 AB 11.172430781224174 1.0181282891715655
60336.3656 lsst_hardware_y -9.024419621844533 53.369657126575724 30.049999237060547 AB 11.186329733717525 1.0214116114852179
60338.342 lsst_hardware_z 19.860500947891875 56.879715005425865 30.979999542236328 AB 11.821063526394424 1.0177411559530283
60338.354 lsst_hardware_i 30.869320943211022 59.63724152186007 31.329999923706055 AB 11.811828437460512 1.0191762807803484
60340.344 lsst_hardware_z 190.4866434885222 55.32809940066964 30.979999542236328 AB 11.796873223349863 1.0181787224813834
60340.3567 lsst_hardware_r 236.8080848735416 65.2583380498741 31.649999618530273 AB 11.88763634032597 1.0223725083058242
60346.3329 lsst_hardware_r 2012.5996732424087 51.503709621074634 31.489999771118164 AB 3.4103825736687075 1.019393984058833
60346.3458 lsst_hardware_i 1702.8668673007087 50.82639059188862 31.239999771118164 AB 4.435043859290662 1.0255424667402862
60350.3571 lsst_hardware_u 22.433164457207155 4.968017860442453 28.43000030517578 AB 3.573332921655802 1.047104956163943
60350.3703 lsst_hardware_r 3875.9213274594217 66.4208047668769 31.489999771118164 AB 3.6552389271761467 1.0669374893851669
60352.3345 lsst_hardware_i 3918.614297576329 68.472004798379 31.25 AB 6.333172508340587 1.029226301463805
60352.3449 lsst_hardware_z 2913.3097883369487 66.35727241852686 30.940000534057617 AB 6.419073111242096 1.039049253175405
60356.2853 lsst_hardware_u 30.398851400555216 6.135160360852245 28.479999542236328 AB 4.639567718202669 1.0188268604917474
60356.2962 lsst_hardware_g 3663.461655277837 61.5194298405526 31.420000076293945 AB 5.031028911610456 1.0177573279947978
60359.2728 lsst_hardware_g 3818.2741817607257 63.012027005803446 31.440000534057617 AB 2.5777907199214716 1.0201328575357866
60359.2849 lsst_hardware_r 7034.101145416644 85.91825381010604 31.510000228881836 AB 2.5549469881572717 1.0177382193489548
60362.2746 lsst_hardware_i 6268.514808894358 95.11148777715326 31.329999923706055 AB 9.535351499233286 1.0178732196842009
60363.3359 lsst_hardware_z 8143.93232081121 120.28760691682628 31.729999542236328 AB 10.52211838799952 1.068832179186299
60363.3414 lsst_hardware_r 15661.529090605509 164.348756791735 32.38999938964844 AB 10.633563808511687 1.0789654138380254
60365.2797 lsst_hardware_z 3992.027986378957 90.78606875713638 30.989999771118164 AB 8.974543394125774 1.0190238894204353
60365.2918 lsst_hardware_i 6223.707918424765 109.60818875150896 31.34000015258789 AB 9.2179806676491 1.0242200741832332
60367.2836 lsst_hardware_z 3968.1390138189195 89.52423265564896 30.989999771118164 AB 6.041053740763422 1.0226940478692097
60367.2957 lsst_hardware_r 7445.496430896179 123.92573314677067 31.65999984741211 AB 6.301528945497329 1.0310093169989085
60372.2647 lsst_hardware_r 5860.800779506752 84.2923846955493 31.59000015258789 AB 5.83381959693209 1.020344485689915
60372.2786 lsst_hardware_i 5272.022786440285 80.80822655541125 31.270000457763672 AB 5.871071133219676 1.028223610949315
60375.2605 lsst_hardware_i 4637.455971213259 73.83141569321806 31.25 AB 9.9081465476564 1.0220642698152385
60375.2734 lsst_hardware_z 2687.9104323305332 65.4094392982692 30.950000762939453 AB 9.97410079485304 1.0306218692209492
60381.2641 lsst_hardware_z 2309.385126179505 61.10548793682336 30.950000762939453 AB 15.811482070105296 1.0373173156559632
60381.2772 lsst_hardware_r 3262.892691167526 61.309907557658164 31.5 AB 16.098983626299013 1.0535984048625007
60386.2251 lsst_hardware_r 2452.3962372538094 53.621957332545044 31.489999771118164 AB 6.017150836006463 1.0198560738994005
60386.2398 lsst_hardware_i 3183.855783898946 62.706303001323626 31.239999771118164 AB 6.063988011802897 1.0277945782716773
60388.2039 lsst_hardware_z 1990.8737348351228 62.41322532122194 30.950000762939453 AB 5.253828961505434 1.0178551426875235
60388.2179 lsst_hardware_r 2183.5295102290806 55.940588280459394 31.559999465942383 AB 5.046082974704568 1.019307741582581
60390.2245 lsst_hardware_z 2052.2609720621767 66.8460710605219 30.969999313354492 AB 5.957554308736312 1.0248086540257646
60390.2371 lsst_hardware_r 2150.594430965872 70.4253858512607 31.639999389648438 AB 5.965552226488412 1.0348626919821111
60393.2109 lsst_hardware_z 2115.305976989249 81.86138400619006 30.989999771118164 AB 7.266640677955394 1.0218513873025876
60393.2236 lsst_hardware_i 3049.1967803428156 94.97689525520407 31.34000015258789 AB 7.2247261446499165 1.0300803628087756
60398.2093 lsst_hardware_i 2338.2845271389956 77.21717736530894 31.31999969482422 AB 6.6708127174420335 1.0295523280340293
60398.2209 lsst_hardware_z 1940.9197660344678 72.13578718244499 30.979999542236328 AB 6.6926110909093985 1.040841538244041
60400.1557 lsst_hardware_i 2153.097736614498 62.51971468593303 31.290000915527344 AB 5.019146551194745 1.0223682545888264
60400.1672 lsst_hardware_z 1950.2882297424499 62.980436693681085 30.959999084472656 AB 5.5691049974616265 1.0183971834070817
60404.1917 lsst_hardware_i 1796.0276105794712 51.89848040253575 31.25 AB 7.586381619909469 1.0285921795009787
60404.2042 lsst_hardware_z 1605.3001262422736 56.94876415225479 30.950000762939453 AB 7.674073134707808 1.040481748316427
60416.1356 lsst_hardware_y 314.449493318455 50.233611397149346 30.059999465942383 AB 14.868866642779512 1.0180668704402267
60416.1469 lsst_hardware_g 217.2663878222937 25.346058485151783 31.59000015258789 AB 14.991449914755261 1.0213086961637248
60419.1344 lsst_hardware_r 540.9185377764474 60.88423976962055 31.639999389648438 AB 6.669975716338887 1.0196660797501356
60419.1454 lsst_hardware_i 1067.0717917685263 58.97352343245352 31.309999465942383 AB 6.581860255754431 1.0248659988717874
60421.117 lsst_hardware_i 1035.2967690947842 75.7977534026084 31.34000015258789 AB 9.34683656547689 1.017730462268871
60421.1285 lsst_hardware_z 1022.3285537615244 67.83089779986184 30.989999771118164 AB 10.365023167227374 1.0195271890254636
60425.1116 lsst_hardware_r 622.2302414564572 107.05868110853967 31.670000076293945 AB 9.97787012630594 1.0181500128883612
60425.1232 lsst_hardware_z 857.4600952225182 75.23354778654915 30.989999771118164 AB 10.012710989165084 1.021705202976029
60428.1743 lsst_hardware_r 497.0044007313051 60.45973031621241 31.6200008392334 AB 10.754083623572468 1.100969197219356
60428.1845 lsst_hardware_z 703.2135185289044 56.68149864518068 30.959999084472656 AB 10.98743642332791 1.126531417292677
60431.1079 lsst_hardware_u 0.1047600808485411 2.809999942779541 28.559999465942383 AB 9.117392274806647 1.0222246781059494
60431.1208 lsst_hardware_g -11.927177881620821 13.880000114440918 31.459999084472656 AB 9.252672392621186 1.0308905687893248
60437.0513 lsst_hardware_r -2.6930693567702737 22.040000915527344 31.479999542236328 AB 10.48940606271564 1.0242226984815428
60437.0633 lsst_hardware_i -18.85318816353454 29.780000686645508 31.239999771118164 AB 10.409024844425424 1.019060618518953
60442.0143 lsst_hardware_z -40.2889514163484 40.79999923706055 30.940000534057617 AB 7.409162355482492 1.0458148358029749
60444.0855 lsst_hardware_g 1.0976384911278543 16.959999084472656 31.5 AB 6.743396485184491 1.031060966352069
60444.0981 lsst_hardware_i -2.7756226412785936 31.149999618530273 31.25 AB 6.960677889567121 1.04416694386906
60446.0339 lsst_hardware_r 51.55578041235981 35.869998931884766 31.600000381469727 AB 9.132921049455108 1.0206661879141243
60446.0463 lsst_hardware_z 9.071757913382884 43.720001220703125 30.959999084472656 AB 9.038147486616905 1.017809401646036
60455.0346 lsst_hardware_r -43.30653526313746 78.0999984741211 31.65999984741211 AB 5.7956901013929825 1.0192165718996407
60455.0487 lsst_hardware_i 23.860172263729126 63.290000915527344 31.329999923706055 AB 5.354276511564815 1.0259036251381592
60461.0124 lsst_hardware_r 55.50787338407838 22.0 31.5 AB 6.922605395312019 1.018030205192944
60461.024 lsst_hardware_u -4.055327621992233 2.6700000762939453 28.459999084472656 AB 6.944862870821931 1.0213033633561663
60463.0107 lsst_hardware_g 6.941435089289528 13.329999923706055 31.399999618530273 AB 9.137682472447272 1.0186936981546568
60463.0236 lsst_hardware_r 8.722519988229013 22.020000457763672 31.489999771118164 AB 9.126581325912488 1.0238767438970677
60467.0019 lsst_hardware_z -24.80164894694591 40.45000076293945 30.950000762939453 AB 4.828802070017826 1.0192363477134831
60467.0149 lsst_hardware_r 49.569918641718075 21.950000762939453 31.479999542236328 AB 4.799867723816597 1.0252293958063965
60696.3592 lsst_hardware_z -22.41232685062876 47.4900016784668 30.969999313354492 AB 11.502260535970606 1.0179592190663702
60696.3727 lsst_hardware_y 77.94191823264134 68.23999786376953 30.079999923706055 AB 11.44802451191651 1.018900333335794
60702.3569 lsst_hardware_r 29.40556930042578 22.59000015258789 31.510000228881836 AB 11.197346735553593 1.0190523057475058
60702.37 lsst_hardware_y 109.35633675944689 51.97999954223633 30.059999465942383 AB 11.2709277008602 1.0248782463197297
60704.3426 lsst_hardware_i -2.1071120748794008 30.040000915527344 31.260000228881836 AB 11.797371475794868 1.017745921707681
60704.3546 lsst_hardware_z -47.125259982977816 40.7400016784668 30.959999084472656 AB 11.797932924251418 1.020030945574531
60706.3473 lsst_hardware_r 17.101437979288438 22.229999542236328 31.510000228881836 AB 11.826229321097836 1.019429292817858
60706.3595 lsst_hardware_g -8.36445451970974 13.729999542236328 31.43000030517578 AB 11.90875947932225 1.0251442880334791
60708.3467 lsst_hardware_r -11.091760609740726 22.299999237060547 31.510000228881836 AB 10.084033800959588 1.0212196871699415
60708.3579 lsst_hardware_i -48.481093063230674 30.15999984741211 31.260000228881836 AB 10.122351384543068 1.0278064054975953
60710.3383 lsst_hardware_z 67.90205848007918 40.709999084472656 30.959999084472656 AB 8.553891193425015 1.0200609603798227
60710.3494 lsst_hardware_i 0.1812190610652152 30.059999465942383 31.260000228881836 AB 8.596534166639444 1.0256762050556192
60712.3399 lsst_hardware_u 5.954587367840838 2.7100000381469727 28.489999771118164 AB 4.454939869895418 1.023242002847052
60712.352 lsst_hardware_g 11.61071956340907 13.479999542236328 31.420000076293945 AB 4.559254825841962 1.0318947172784374
60715.3383 lsst_hardware_r -5.059287499602713 22.139999389648438 31.5 AB 6.78483856065427 1.027448010901292
60715.352 lsst_hardware_i -39.59493178034862 30.100000381469727 31.25 AB 6.889368367819246 1.0401139904110361
60717.3331 lsst_hardware_z -60.06984753262701 76.44999694824219 31.729999542236328 AB 3.9528154478709454 1.0276395288888458
60719.3072 lsst_hardware_r 77.36147833022416 92.04000091552734 31.670000076293945 AB 5.80445642063347 1.0183256878304334
60719.3177 lsst_hardware_z 46.265929026921455 63.83000183105469 30.989999771118164 AB 5.823606229027422 1.0216853033381441
60721.2888 lsst_hardware_r 24.815190812867073 87.27999877929688 31.65999984741211 AB 3.398977314364801 1.0182676196419653
60721.3003 lsst_hardware_i 25.13862130041047 69.76000213623047 31.34000015258789 AB 4.104205394124849 1.0180974621084895
60723.2882 lsst_hardware_z 32.755119392948835 57.119998931884766 30.989999771118164 AB 4.512083588390141 1.0177632154263474
60723.2997 lsst_hardware_i -21.83508466871408 60.9900016784668 31.329999923706055 AB 5.000013982928052 1.019093820829143
60725.278 lsst_hardware_r -51.188563354446806 48.689998626708984 31.639999389648438 AB 2.551815438956349 1.0182484377174272
60725.2884 lsst_hardware_z 22.68081791879953 48.09000015258789 30.969999313354492 AB 2.56690807769434 1.0179747160293493
60728.2814 lsst_hardware_g 12.234469212626612 19.200000762939453 31.559999465942383 AB 9.724154354073336 1.0181294476047886
60728.2923 lsst_hardware_r -2.273833104029819 25.739999771118164 31.540000915527344 AB 11.372841418874362 1.021313943592507
60730.2814 lsst_hardware_i -18.099102713934965 30.06999969482422 31.260000228881836 AB 10.06378692155035 1.0193241083308364
60730.2934 lsst_hardware_z 14.010179409015006 40.779998779296875 30.950000762939453 AB 10.167870787463706 1.0247889726410788
60732.2756 lsst_hardware_r 3.217204080518307 22.0 31.489999771118164 AB 6.599749998652328 1.0192270566622645
60732.288 lsst_hardware_g 12.474448063635203 13.369999885559082 31.40999984741211 AB 6.654458716793421 1.0248271230575476
60734.268 lsst_hardware_r -15.142878874823243 22.1299991607666 31.5 AB 5.588328777909413 1.018683659956144
60734.2797 lsst_hardware_i -0.9265166473700597 29.979999542236328 31.260000228881836 AB 5.620295398416912 1.023174112218626
60737.2702 lsst_hardware_z -1.85881265324447 40.56999969482422 30.940000534057617 AB 5.97089846591954 1.0224870722944628
60737.2829 lsst_hardware_i 43.544314988243414 29.920000076293945 31.239999771118164 AB 6.0640993974961495 1.0311632814220462
60739.2532 lsst_hardware_r -29.03275183992798 22.079999923706055 31.489999771118164 AB 10.533424279597712 1.0184437552788816
60739.2656 lsst_hardware_u -1.0215798361018873 2.6500000953674316 28.440000534057617 AB 10.539973859702773 1.0229342816184632
60741.253 lsst_hardware_g -23.338357331992295 13.380000114440918 31.40999984741211 AB 9.886247206305638 1.019840333505271
60741.265 lsst_hardware_r -21.03303719190853 22.1299991607666 31.5 AB 9.949630346867343 1.0258408440939626
60743.2487 lsst_hardware_i 1.024055103299859 31.93000030517578 31.260000228881836 AB 9.017136268031743 1.020249629602496
60743.261 lsst_hardware_z 28.854421256817584 40.79999923706055 30.950000762939453 AB 7.996536599829107 1.0268425810374762
60750.2429 lsst_hardware_r -51.28509743647343 107.18000030517578 31.65999984741211 AB 8.5624228560575 1.0275729485627851
60750.2552 lsst_hardware_z 41.90914318223645 73.02999877929688 30.989999771118164 AB 7.799548480195083 1.0387510045430342
60752.2172 lsst_hardware_r -40.95961375891906 76.5 31.65999984741211 AB 6.008278146995154 1.0183522283042632
60752.2304 lsst_hardware_i -67.0104821065816 63.2400016784668 31.34000015258789 AB 6.036259619856464 1.0230948508231295
60754.2167 lsst_hardware_z 79.61709018320377 48.33000183105469 30.979999542236328 AB 5.070887543232471 1.019581289480758
60754.2297 lsst_hardware_i 35.59014882219988 45.599998474121094 31.31999969482422 AB 5.038043386811046 1.0259736048897516
60756.2066 lsst_hardware_r 1.4951377348888386 31.959999084472656 31.59000015258789 AB 4.824730646644626 1.0184128014025595
60756.2201 lsst_hardware_z -11.415630325552636 43.04999923706055 30.969999313354492 AB 5.932517665257068 1.0234360549609662
60758.2049 lsst_hardware_g -10.11812268662221 13.899999618530273 31.459999084472656 AB 6.044801384166586 1.0193164511051955
60758.2163 lsst_hardware_r 6.680957443474789 22.59000015258789 31.520000457763672 AB 6.063753406170436 1.024398030099747
60762.1907 lsst_hardware_r 10.454336552017173 22.59000015258789 31.510000228881836 AB 7.289807405261928 1.0185088587828552
60762.2025 lsst_hardware_g 9.363881936742311 13.970000267028809 31.450000762939453 AB 7.265835107380299 1.0227808428181728
60767.1554 lsst_hardware_i -50.30702623972533 30.239999771118164 31.260000228881836 AB 8.57052492793153 1.0204220654758338
