data/validation/pwv_sim_epoch_fit_seasonal/55703723.ecsv
# %ECSV 0.9
# ---
# datatype:
# - {name: time, datatype: float64}
# - {name: band, datatype: string}
# - {name: flux, datatype: float64}
# - {name: fluxerr, datatype: float64}
# - {name: zp, datatype: float64}
# - {name: zpsys, datatype: string}
# - {name: pwv, datatype: float64}
# - {name: airmass, datatype: float64}
# meta: {SNID: '55703723', alt: 1024.0, c: -0.16368432343006134, dec: -14.631667, lat: -30.244573, lon: -70.7499537, ra: 147.65625, t0: 60378.1328125,
#   x0: 2.2938930847438542e-06, x1: -0.37252721190452576, z: 0.8414369225502014}
# schema: astropy-2.0
time band flux fluxerr zp zpsys pwv airmass
60300.3172 lsst_hardware_u -1.8401732122014498 2.75 28.479999542236328 AB 6.308289860720091 1.0647801267143757
60300.337 lsst_hardware_y -29.2007645206769 47.630001068115234 30.049999237060547 AB 6.7959447891870415 1.0440308463518297
60302.3224 lsst_hardware_r 8.196854346981658 22.850000381469727 31.489999771118164 AB 6.39373644648158 1.0517455429441942
60302.3437 lsst_hardware_y -45.86899776666952 48.959999084472656 30.049999237060547 AB 6.209915955800128 1.0385198448832866
60305.3115 lsst_hardware_z -172.84110280335156 87.31999969482422 31.739999771118164 AB 6.309281361974736 1.054637567645417
60307.3246 lsst_hardware_z 2.522873774163778 62.2400016784668 30.979999542236328 AB 7.255402021814256 1.040325298862123
60307.3467 lsst_hardware_y -89.98119020681841 55.959999084472656 30.059999465942383 AB 7.120794634719992 1.0395826514263142
60309.3239 lsst_hardware_i -21.064346028154855 62.939998626708984 31.329999923706055 AB 5.335387956437894 1.0386868182551636
60309.3445 lsst_hardware_y -52.369805261353264 54.470001220703125 30.059999465942383 AB 6.09513648026539 1.0409546533528504
60313.2974 lsst_hardware_z -15.763401108842444 43.97999954223633 30.950000762939453 AB 3.411827249715167 1.047108107329463
60313.3195 lsst_hardware_g -18.493636093101408 30.520000457763672 31.649999618530273 AB 3.33190494635884 1.0377610920968128
60317.2994 lsst_hardware_z -60.1833409258982 40.93000030517578 30.950000762939453 AB 9.063039030681617 1.0394982830725208
60317.3196 lsst_hardware_u 2.0933805942621038 2.700000047683716 28.440000534057617 AB 9.097310407586887 1.0396530121808947
60321.2859 lsst_hardware_i 7.605068254154193 43.0099983215332 32.0099983215332 AB 6.104527523995644 1.0405296840662452
60321.3092 lsst_hardware_z 149.93408023314373 58.060001373291016 31.700000762939453 AB 7.071663847114032 1.039848619808945
60323.2566 lsst_hardware_i -11.017034611335786 30.84000015258789 31.25 AB 7.487804734797317 1.0617234647000804
60323.2754 lsst_hardware_u 3.2837631014225868 2.7100000381469727 28.450000762939453 AB 7.423199054589099 1.043243490209978
60325.2634 lsst_hardware_g -17.71749479928902 13.920000076293945 31.43000030517578 AB 4.883354605922181 1.048155098931569
60325.2836 lsst_hardware_r 9.69605056185103 22.579999923706055 31.5 AB 4.589050006204845 1.0380117634482797
60329.2391 lsst_hardware_z -45.21199286084921 41.220001220703125 30.940000534057617 AB 10.496063810691282 1.0632514412316074
60329.2587 lsst_hardware_u -3.1279352825625657 2.559999942779541 28.329999923706055 AB 12.415683010823173 1.0434443122868513
60331.2362 lsst_hardware_g 49.2115319596656 47.06999969482422 31.700000762939453 AB 10.06830986040927 1.059822090569397
60331.2548 lsst_hardware_r 1.644447842097558 43.15999984741211 31.6200008392334 AB 10.1939486779803 1.0424859311735235
60333.228 lsst_hardware_i -30.83496987640299 68.97000122070312 31.329999923706055 AB 10.770057036293032 1.0634992629893387
60333.2477 lsst_hardware_z 83.00993971168397 61.959999084472656 30.979999542236328 AB 10.531980685761022 1.0434935782979236
60337.2118 lsst_hardware_z -75.06923325255877 74.20999908447266 30.989999771118164 AB 10.783323031692992 1.0714393765137276
60337.2283 lsst_hardware_r -52.484665660466696 102.76000213623047 31.649999618530273 AB 10.522185071502376 1.0502929700385004
60339.2157 lsst_hardware_i -47.43384968673707 61.75 31.31999969482422 AB 12.96980335607372 1.0581260216529196
60339.2333 lsst_hardware_r 119.39277071393528 72.19999694824219 31.639999389648438 AB 12.736379710345439 1.0422853632405773
60341.2136 lsst_hardware_z -41.25022308766419 67.16999816894531 31.709999084472656 AB 13.271860436403841 1.0541937794926102
60345.2095 lsst_hardware_r -17.046507121299232 23.058130099306542 31.489999771118164 AB 5.649744366399067 1.047542218739001
60345.2262 lsst_hardware_i 7.279118008065634 30.8972704117408 31.25 AB 5.587630645226564 1.0385287117080435
60349.1823 lsst_hardware_i -52.39509487903587 31.39610641845858 31.25 AB 5.989566566067271 1.066391673483787
60349.1999 lsst_hardware_z -31.555713963554187 41.62968446692261 30.950000762939453 AB 5.917006320318054 1.046455164826632
60351.1859 lsst_hardware_u 1.872381966897843 3.0019080561314464 28.5 AB 2.8475061519904274 1.0546319081446027
60351.2029 lsst_hardware_g 2.941500684111305 15.521621129938861 31.450000762939453 AB 2.810780159664975 1.0410296887648054
60355.1642 lsst_hardware_i 102.37160852688136 33.44584092207075 31.25 AB 3.1553036369439065 1.0689905037641694
60355.1816 lsst_hardware_r 63.87764115826886 24.755767733531265 31.5 AB 4.055956893776245 1.048050876944766
60360.1631 lsst_hardware_r 215.14871548809697 58.622048101420496 31.639999389648438 AB 4.079489021640526 1.0527034440721312
60360.1803 lsst_hardware_i 373.4015289227968 52.91085683344371 31.31999969482422 AB 3.7444942047605183 1.040137279100144
60361.1688 lsst_hardware_z 265.94081620986964 57.79142001062589 30.979999542236328 AB 6.423655777233232 1.0451766640470601
60361.1869 lsst_hardware_r 459.40477468267824 70.86194225599907 31.649999618530273 AB 6.405468108585168 1.0378269780598133
60364.1609 lsst_hardware_z 712.6596544218584 120.12307206060801 31.75 AB 9.799667241351884 1.0449634507732868
60366.1529 lsst_hardware_r 349.64608980758686 116.6286905867642 31.65999984741211 AB 5.648145924818372 1.0469223215604027
60366.1698 lsst_hardware_z 462.11732571570724 79.50167508036422 30.989999771118164 AB 7.203317661480842 1.0383160593125538
60373.1295 lsst_hardware_z 527.1669762053016 46.948970201374856 30.940000534057617 AB 10.838744708015728 1.0507750565211564
60373.1479 lsst_hardware_r 607.1565657743039 34.82825090015201 31.489999771118164 AB 10.687203803031592 1.0390216773586576
60380.1122 lsst_hardware_r 572.0607538412887 33.46248900193989 31.5 AB 8.379185437294268 1.049059190046023
60380.13 lsst_hardware_z 562.9236350961364 47.145227016591996 30.950000762939453 AB 8.517853792266745 1.038678212210399
60387.0872 lsst_hardware_r 398.42853350590667 42.83445412299621 31.59000015258789 AB 8.634952146962846 1.0550801930918863
60387.1066 lsst_hardware_i 753.630229166017 46.27910179613021 31.280000686645508 AB 8.489999686562928 1.040122473085794
60389.0429 lsst_hardware_z 525.7499395851283 58.492337871962704 30.959999084472656 AB 4.4681473452987035 1.1310333743320127
60389.0531 lsst_hardware_r 256.0079627075384 64.54314103843369 31.6299991607666 AB 4.387151327399321 1.104449953401532
60391.1008 lsst_hardware_z 954.0786110732842 95.03583814022724 31.739999771118164 AB 6.334675063641389 1.0384713219084245
60392.0803 lsst_hardware_r 408.1287079072838 109.39139480894713 31.65999984741211 AB 4.437290578570304 1.0482820541951376
60392.1005 lsst_hardware_z 446.9055346118211 78.66669157101865 30.989999771118164 AB 5.702088596736203 1.038017311561676
60395.0718 lsst_hardware_r 380.3565286230136 104.47529694433518 31.65999984741211 AB 6.611749108534835 1.0485547108041553
60395.0899 lsst_hardware_y 186.87507528263458 58.54274273356771 30.059999465942383 AB 6.668509036531832 1.038465940439435
60399.068 lsst_hardware_i 373.8349146224797 42.979661652279795 31.280000686645508 AB 4.999760436537977 1.0431561373286224
60399.0849 lsst_hardware_z 316.07204371195473 48.84852888149062 30.959999084472656 AB 5.342166563761881 1.0377336910585344
60401.0542 lsst_hardware_r 150.5103164756222 25.73058538868702 31.489999771118164 AB 9.10846958711088 1.0496651785780329
60401.0725 lsst_hardware_u 0.3589163537860723 2.646077897055666 28.389999389648438 AB 9.13724662148646 1.038716933098135
60403.0558 lsst_hardware_g 34.16409159479737 14.397357549105255 31.40999984741211 AB 5.043844509196854 1.0439860306051167
60403.0743 lsst_hardware_i 275.89725928635295 34.55026881528059 31.239999771118164 AB 5.114621212451912 1.037729178774228
60413.0409 lsst_hardware_r 39.80401183181281 24.98880051306535 31.520000457763672 AB 5.239052429799086 1.0384300016119228
60413.0612 lsst_hardware_i 119.04001363197756 33.018282466432616 31.260000228881836 AB 6.054363739886005 1.0412526855079551
60417.0156 lsst_hardware_r 50.67557159619353 47.388260659127816 31.6200008392334 AB 11.185615992915125 1.0453846722350584
60417.0331 lsst_hardware_z 191.38110772992107 49.00311042348795 30.969999313354492 AB 11.105576937103457 1.037904386645183
60428.9998 lsst_hardware_r 23.871548258537818 23.67172696760577 31.5 AB 11.61314481638083 1.0379691478963946
60429.0175 lsst_hardware_i 33.8719222639277 31.738610746229252 31.25 AB 11.24546443946033 1.0412467073574379
60435.9709 lsst_hardware_y 28.55391693843045 48.47616380642631 30.049999237060547 AB 4.322642322548977 1.0409734672002353
60435.9885 lsst_hardware_u 3.2591772621573076 2.983368199020945 28.450000762939453 AB 4.056286347302999 1.0380328449977818
60442.957 lsst_hardware_y 14.372101550077335 66.14439944484829 30.059999465942383 AB 8.806785272135572 1.0389443891626708
60442.9766 lsst_hardware_i -0.42735833707181436 32.48585530370541 31.25 AB 7.5624135141469235 1.0400311975080874
60444.9557 lsst_hardware_y 158.99704512757444 69.77533123767567 30.06999969482422 AB 7.936058006424335 1.03802642218665
60444.9733 lsst_hardware_r -19.5271106251791 34.63921914056477 31.579999923706055 AB 7.650270654576248 1.0409947822257306
60668.3261 lsst_hardware_r -31.432926011030883 28.469999313354492 31.559999465942383 AB 7.009453418790771 1.0465124855426344
60668.3466 lsst_hardware_y 15.818390643305262 49.81999969482422 30.049999237060547 AB 6.66303952739787 1.0377758005448472
60670.3218 lsst_hardware_z -64.15286094010546 58.400001525878906 31.700000762939453 AB 6.257879122541945 1.0456083970885788
60672.3134 lsst_hardware_g -8.048331767914421 14.130000114440918 31.440000534057617 AB 7.290718140651695 1.0479937913301112
60672.3365 lsst_hardware_y 15.211581452044815 47.31999969482422 30.059999465942383 AB 7.093121408351654 1.037739349201707
60674.3182 lsst_hardware_i -39.9736159153009 30.489999771118164 31.25 AB 5.276384766060767 1.041049279722611
60674.3385 lsst_hardware_y -51.24079489457885 47.349998474121094 30.049999237060547 AB 6.1027158964110715 1.0385244590863105
60678.3018 lsst_hardware_u -0.9977218263161389 2.680000066757202 28.43000030517578 AB 4.87632421636601 1.0442739465761082
60678.3224 lsst_hardware_g 29.147971518824498 13.869999885559082 31.420000076293945 AB 4.788858905981788 1.0377662640502274
60680.2973 lsst_hardware_r 3.2005046506195707 22.68000030517578 31.489999771118164 AB 10.583610984350583 1.043628542181265
60680.3195 lsst_hardware_i 27.69034941085862 30.440000534057617 31.25 AB 10.542475604448367 1.038019850121273
60682.3008 lsst_hardware_z -73.68317980125383 41.209999084472656 30.950000762939453 AB 8.703477337399697 1.0392315152269809
60682.3219 lsst_hardware_u 2.719934188223658 2.7100000381469727 28.450000762939453 AB 8.699404850050435 1.0402668427196788
60684.3018 lsst_hardware_g -24.05710345151429 14.119999885559082 31.440000534057617 AB 7.807706077382662 1.0378562495551564
60684.3233 lsst_hardware_r 34.19107264927125 22.790000915527344 31.5 AB 7.9126139426259625 1.0440526396339718
60688.2606 lsst_hardware_i -90.5606219243976 71.13999938964844 31.329999923706055 AB 4.90928016947425 1.0574647645609585
60688.2794 lsst_hardware_z -86.92991440562068 63.29999923706055 30.989999771118164 AB 4.717236312349499 1.04133251928245
60692.2403 lsst_hardware_r -49.950393950718464 87.66000366210938 31.649999618530273 AB 3.423448422734551 1.0706082839782727
60692.2593 lsst_hardware_i -16.856802784510762 71.08000183105469 31.329999923706055 AB 2.278867778762164 1.0475546196186927
60695.2434 lsst_hardware_z 143.35160600312003 48.290000915527344 30.959999084472656 AB 10.572337851133037 1.0552112967944476
60695.2612 lsst_hardware_r -2.5219009889327424 47.939998626708984 31.6299991607666 AB 12.381708323745896 1.0408805904581648
60697.2399 lsst_hardware_i 19.01243936462707 34.209999084472656 31.270000457763672 AB 10.003962146755624 1.0530486470269078
60697.26 lsst_hardware_z -24.109826685840194 42.689998626708984 30.950000762939453 AB 10.183234745003059 1.0391762784886447
60699.127 lsst_hardware_i 35.614005950861475 47.59000015258789 31.940000534057617 AB 20.95813669659555 1.485830657193181
60699.1524 lsst_hardware_u -1.6109512003194035 3.6600000858306885 29.020000457763672 AB 18.45798032487922 1.303805914026928
60701.2175 lsst_hardware_g -5.782698717917597 14.180000305175781 31.450000762939453 AB 15.16131960834075 1.067848965230367
60701.2377 lsst_hardware_r -20.819484464057854 22.889999389648438 31.510000228881836 AB 14.790053116058084 1.0451965030251995
60703.2172 lsst_hardware_i 29.2590151758993 30.68000030517578 31.260000228881836 AB 10.620337773314095 1.0605490087192027
60703.2344 lsst_hardware_r -0.9178988374362623 22.8700008392334 31.510000228881836 AB 10.459155498543929 1.043689013292702
60705.2075 lsst_hardware_u -3.4111762726917023 2.759999990463257 28.489999771118164 AB 13.019414545653307 1.0664658048536457
60705.225 lsst_hardware_g -2.2514226613009685 14.199999809265137 31.450000762939453 AB 12.768094741328785 1.0465651427318676
60707.2084 lsst_hardware_r -20.46822157451116 23.1299991607666 31.510000228881836 AB 13.216581594906557 1.0578554553201847
60707.225 lsst_hardware_i -9.634777873666886 30.690000534057617 31.260000228881836 AB 13.138396834395948 1.042729907491742
60709.2029 lsst_hardware_z 2.7784514799657365 41.45000076293945 30.959999084472656 AB 9.710670899470328 1.0579033208683137
60709.2205 lsst_hardware_r -14.787425100315435 23.049999237060547 31.520000457763672 AB 9.392886790907587 1.0421680334605352
60711.2093 lsst_hardware_u 1.1026361827372495 2.8299999237060547 28.540000915527344 AB 5.607039820863185 1.046024467544901
60711.2274 lsst_hardware_g -13.639864846901832 14.380000114440918 31.459999084472656 AB 5.545616098114793 1.0379217851609095
60716.1891 lsst_hardware_z -110.2974737127985 84.30999755859375 31.729999542236328 AB 3.3812170882918418 1.0519186212667764
60718.1881 lsst_hardware_i 42.56268553543933 95.33999633789062 31.34000015258789 AB 6.285314669987315 1.0477270661755909
60718.2048 lsst_hardware_z 5.730163297888252 79.20999908447266 31.0 AB 6.2168263288796295 1.0385610305512334
60720.1869 lsst_hardware_r -245.65447922022116 118.5199966430664 31.65999984741211 AB 1.321537856681555 1.0444187486945904
60720.2028 lsst_hardware_z 8.774267265082615 81.52999877929688 31.0 AB 1.6172559025054096 1.0379222820657243
60724.1619 lsst_hardware_r -8.435982442594854 47.400001525878906 31.6299991607666 AB 5.858244389370784 1.0579540794673743
60724.1792 lsst_hardware_z 5.036383848323505 47.779998779296875 30.969999313354492 AB 6.622121527667101 1.042361329713052
60727.1503 lsst_hardware_r 6.019227068880417 23.239999771118164 31.510000228881836 AB 5.4513277990706825 1.0623781338018383
60727.1672 lsst_hardware_y 76.70640156431658 47.20000076293945 30.049999237060547 AB 6.456023281653329 1.0448330282656302
60731.1537 lsst_hardware_i 23.703603607374202 30.829999923706055 31.25 AB 9.104186784970096 1.0468091929252255
60731.1709 lsst_hardware_z 56.81498752590155 41.279998779296875 30.950000762939453 AB 9.708562649327995 1.038210148304023
60736.1511 lsst_hardware_g -4.430836447067714 14.260000228881836 31.420000076293945 AB 3.4430018708505914 1.04005091127016
60736.17 lsst_hardware_i -77.72784916188233 30.59000015258789 31.25 AB 4.049550622072518 1.0387014249502011
60738.1293 lsst_hardware_r -24.726388780683973 23.15999984741211 31.5 AB 5.639154527960789 1.0516396154526717
60738.1472 lsst_hardware_z 16.668304050917133 41.15999984741211 30.940000534057617 AB 5.448992096334131 1.0394541880903185
60740.1238 lsst_hardware_r -9.475909780890856 23.68000030517578 31.5 AB 7.545444397020245 1.0516787395958342
60740.1436 lsst_hardware_y -31.51713329305166 46.93000030517578 30.049999237060547 AB 7.989159232204062 1.038857340237189
60742.112 lsst_hardware_z 7.495144748172056 45.630001068115234 30.959999084472656 AB 10.930535751883092 1.0588868269067861
60742.131 lsst_hardware_r 29.62844774959901 39.689998626708984 31.610000610351562 AB 11.955626667683315 1.0418241497385756
