data/validation/pwv_sim_epoch_fit_seasonal/55752551.ecsv
# %ECSV 0.9
# ---
# datatype:
# - {name: time, datatype: float64}
# - {name: band, datatype: string}
# - {name: flux, datatype: float64}
# - {name: fluxerr, datatype: float64}
# - {name: zp, datatype: float64}
# - {name: zpsys, datatype: string}
# - {name: pwv, datatype: float64}
# - {name: airmass, datatype: float64}
# meta: {SNID: '55752551', alt: 1024.0, c: -0.10434316843748093, dec: -15.094787, lat: -30.244573, lon: -70.7499537, ra: 234.316406, t0: 60470.015625,
#   x0: 2.5688268602792595e-06, x1: 1.0178471803665161, z: 0.8041114211082458}
# schema: astropy-2.0
time band flux fluxerr zp zpsys pwv airmass
60385.3658 lsst_hardware_g -10.687693859776742 15.5600004196167 31.479999542236328 AB 9.198556746359603 1.0356791232530984
60385.384 lsst_hardware_r -27.0605542805401 24.399999618530273 31.510000228881836 AB 9.462044552411667 1.04287937313035
60389.228 lsst_hardware_r 15.28568382658406 44.34000015258789 31.530000686645508 AB 7.902428256663361 1.3878721307822726
60389.2466 lsst_hardware_u -2.122440638652595 5.380000114440918 28.760000228881836 AB 7.247605763380672 1.2730359372430116
60392.3439 lsst_hardware_z 122.01116304904374 53.630001068115234 30.979999542236328 AB 7.042215337860223 1.0356199026265034
60392.3634 lsst_hardware_r 3.98748959870768 53.029998779296875 31.6299991607666 AB 7.08451178203758 1.041839967946703
60395.2844 lsst_hardware_y 48.38018243200161 86.30000305175781 30.799999237060547 AB 7.520221075040833 1.0856912042888391
60397.3229 lsst_hardware_r 17.949867413119048 113.88999938964844 31.65999984741211 AB 7.743437696113674 1.0367898370231645
60397.3432 lsst_hardware_i 218.06852113805863 91.62000274658203 31.34000015258789 AB 9.178997203731566 1.0382306530631789
60399.3259 lsst_hardware_z -43.28819820519919 68.47000122070312 30.989999771118164 AB 4.2012957886648294 1.0356096599149165
60399.3446 lsst_hardware_r -54.125323201047536 91.36000061035156 31.649999618530273 AB 4.35038363829303 1.0420496558648191
60401.3091 lsst_hardware_z 29.411099676466584 48.13999938964844 30.969999313354492 AB 9.139493169052157 1.0377729228120736
60401.3286 lsst_hardware_r 84.87406283447491 46.849998474121094 31.6299991607666 AB 9.126017901617802 1.036880566759268
60405.1984 lsst_hardware_r -13.962320354562577 25.100000381469727 31.469999313354492 AB 17.99670159088804 1.2978078597308749
60405.2241 lsst_hardware_u -2.267253877348704 2.7799999713897705 28.40999984741211 AB 17.477835392828414 1.1784399284956453
60406.2012 lsst_hardware_g 8.21613913305759 15.1899995803833 31.3799991607666 AB 12.828457044037881 1.2677280474380888
60406.2192 lsst_hardware_r 18.528278370145596 24.65999984741211 31.489999771118164 AB 10.172788685802379 1.18667701205042
60413.3079 lsst_hardware_i 7.290022486374225 31.600000381469727 31.270000457763672 AB 7.634828400346417 1.0431280975083344
60413.3257 lsst_hardware_z 64.7782816994438 42.189998626708984 30.959999084472656 AB 7.789583770932394 1.0622159687635082
60415.2923 lsst_hardware_r -30.64387836349281 24.399999618530273 31.530000686645508 AB 17.727138472293802 1.0375241994787303
60415.31 lsst_hardware_g 4.747918797348898 15.520000457763672 31.489999771118164 AB 17.848737572917525 1.0497610711800616
60423.2718 lsst_hardware_r -100.5395755004449 122.12999725341797 31.65999984741211 AB 8.782267554974275 1.0380521912029794
60423.2878 lsst_hardware_z 36.596827371830926 81.37000274658203 31.0 AB 8.925129863969328 1.0493979851815787
60429.2492 lsst_hardware_i -5.879736376503582 50.20000076293945 31.31999969482422 AB 10.177537239394951 1.0361453030689693
60429.2687 lsst_hardware_z -39.21899808088887 51.34000015258789 30.969999313354492 AB 11.07692725393366 1.0468036466152457
60443.184 lsst_hardware_i 81.31909655286617 33.554682369453204 31.260000228881836 AB 6.177687203998744 1.043836810543445
60443.2037 lsst_hardware_z 145.81905651315964 42.51882898708378 30.950000762939453 AB 6.130511617635785 1.0356614448443688
60447.174 lsst_hardware_y 283.0419158350165 69.44021349497419 30.790000915527344 AB 7.724982684888163 1.0431412713372277
60449.1487 lsst_hardware_r 420.5367160993568 67.80381916082919 31.639999389648438 AB 8.202177721373387 1.0652178858926475
60449.1684 lsst_hardware_i 412.57633872207106 58.96645575837109 31.31999969482422 AB 8.358822590933617 1.0432444886134231
60454.1306 lsst_hardware_z 347.8690255106536 103.85616202955278 31.0 AB 6.130412982089772 1.072297292982736
60454.1375 lsst_hardware_r 291.95038664920935 153.7473042370587 31.65999984741211 AB 5.945303027316122 1.061661254877879
60458.1443 lsst_hardware_i 780.503217522854 53.25221489956077 31.299999237060547 AB 9.473939164148005 1.0428972302774588
60458.1642 lsst_hardware_z 408.8262830233737 52.97360860929807 30.969999313354492 AB 9.397968245502849 1.0356078068103565
60460.1165 lsst_hardware_z 592.9188892645456 47.646495849230206 30.950000762939453 AB 9.357052898383726 1.0685633306110582
60460.1367 lsst_hardware_r 667.2684411901283 36.27263112887993 31.510000228881836 AB 8.538191046866404 1.0445335157752698
60462.1473 lsst_hardware_g 238.94217161550628 20.995535495732977 31.459999084472656 AB 10.943072939395918 1.0363085582937515
60462.1659 lsst_hardware_r 826.5741995277588 36.57540470488462 31.5 AB 10.959093486512822 1.0383009508926018
60464.1173 lsst_hardware_r 739.8212189681153 36.83846710925068 31.510000228881836 AB 12.158142007765127 1.052698559051518
60464.1361 lsst_hardware_i 912.711110263079 43.699046350401495 31.25 AB 11.12850457877433 1.0381794042283117
60466.1208 lsst_hardware_z 633.186408339569 48.18249286100145 30.950000762939453 AB 5.325165672147463 1.0441501317936204
60466.1406 lsst_hardware_r 749.3122133047771 36.63855210920088 31.510000228881836 AB 5.8746486028498 1.0356822429987746
60468.1157 lsst_hardware_u 1.892972450671106 2.9353945322667236 28.450000762939453 AB 2.550171452859117 1.043868789545213
60468.1342 lsst_hardware_r 701.1131978984253 36.45945984761356 31.520000457763672 AB 3.158743849658583 1.0357669197700372
60485.0624 lsst_hardware_g 72.48500098446232 76.31574974349606 31.729999542236328 AB 4.971303922372713 1.050072117520806
60485.081 lsst_hardware_i 706.3100512372488 65.23314778860973 31.329999923706055 AB 4.91321829599527 1.037309890424421
60487.07 lsst_hardware_z 535.8684095050486 46.41934108492672 30.950000762939453 AB 7.803973799096086 1.0397904333490966
60487.09 lsst_hardware_r 310.812019496851 40.217436737326274 31.600000381469727 AB 8.080751867515502 1.0359938291686541
60490.0765 lsst_hardware_u 2.0926488285714093 2.7706727173071677 28.43000030517578 AB 3.2979985609115956 1.0356138356911984
60490.0971 lsst_hardware_g 34.34484492616647 16.237979634566866 31.450000762939453 AB 3.773075205085233 1.0427180337391828
60493.0504 lsst_hardware_g 62.05027522998355 16.790039337125553 31.469999313354492 AB 6.648908410364406 1.041740448157411
60493.0724 lsst_hardware_r 183.3932798488969 28.216306425478873 31.510000228881836 AB 6.579606400474846 1.0358186527478042
60497.0516 lsst_hardware_r 133.6996098279355 27.28432750311581 31.510000228881836 AB 3.3014332680473495 1.0363398351095583
60497.0763 lsst_hardware_u 1.9563317652079553 2.8507202902909508 28.43000030517578 AB 3.3114735508925346 1.0415622407923677
60499.0429 lsst_hardware_g 3.953760679072697 16.657332691973625 31.479999542236328 AB 2.9556901404279015 1.037266236331897
60499.0654 lsst_hardware_i 309.2560066614623 36.15313431486286 31.260000228881836 AB 2.9624300282207536 1.038538134345519
60501.0498 lsst_hardware_z 252.24757208110827 44.716372930895744 30.950000762939453 AB 6.879704574678687 1.0357361230509552
60501.0719 lsst_hardware_r 80.38674884174314 26.94137991225146 31.520000457763672 AB 6.918816731926522 1.046614067959841
60503.0462 lsst_hardware_y 78.19556440755044 48.445030636723665 30.049999237060547 AB 6.463972269247697 1.0359760027642755
60503.069 lsst_hardware_g 21.071374543407735 20.087484033127357 31.559999465942383 AB 6.54017851145724 1.0490301566215798
60506.0231 lsst_hardware_g -56.00396977895696 53.105956947733 31.709999084472656 AB 4.540407425030166 1.0375109797269728
60506.0449 lsst_hardware_r 160.45171505012775 57.754931042150396 31.6299991607666 AB 4.036456457713085 1.0379385324223913
60508.0198 lsst_hardware_i 294.5180546482305 82.64779417215863 31.329999923706055 AB 2.3025565922465576 1.036798465551921
60508.042 lsst_hardware_z 228.06423272486145 74.89316090902437 30.989999771118164 AB 2.262123544931846 1.0391013068129749
60511.0034 lsst_hardware_r -54.51177543717016 98.18337933977492 31.65999984741211 AB 5.802725726451923 1.040396669865445
60511.0273 lsst_hardware_z 97.78303817580144 69.73529413733935 30.989999771118164 AB 5.783751666193494 1.0366075214971762
60514.0034 lsst_hardware_g 27.806612596462283 46.06219913287626 31.700000762939453 AB 6.438202773373197 1.0368032809126029
60514.0244 lsst_hardware_i 64.46358368277627 53.023666486760405 31.309999465942383 AB 6.523287287777832 1.0385195215099499
60519.977 lsst_hardware_y 370.6655555785254 68.68426571503775 30.790000915527344 AB 5.495446242475829 1.041527495573156
60519.9984 lsst_hardware_u -1.0917070784629892 4.07467959668429 29.18000030517578 AB 5.4666256451679685 1.0357871527010707
60524.9643 lsst_hardware_z 105.20869439986012 59.438307732469 30.979999542236328 AB 9.837148649699852 1.040922215038122
60524.9831 lsst_hardware_r 52.333530834112935 25.812861134158304 31.530000686645508 AB 8.789989569039863 1.0356495874135079
60736.3833 lsst_hardware_g 10.860353331700498 16.479999542236328 31.5 AB 3.142377818783283 1.0423344618237942
60736.4019 lsst_hardware_y 10.87703454945965 73.55000305175781 30.079999923706055 AB 3.1244224289099862 1.0356057106098728
60738.3871 lsst_hardware_z -15.395483519681262 42.41999816894531 30.950000762939453 AB 7.121555229819477 1.0374344492605005
60742.3732 lsst_hardware_r -17.874035804308217 24.729999542236328 31.520000457763672 AB 8.456873539965299 1.0386727511625276
60742.3905 lsst_hardware_z -83.75186729475202 42.40999984741211 30.959999084472656 AB 8.824029368356241 1.035896970428931
60749.2266 lsst_hardware_r 243.17833532652676 195.19000244140625 32.7400016784668 AB 14.043725667450895 1.5170925426651067
60749.2539 lsst_hardware_z 156.83792372569397 105.87999725341797 31.709999084472656 AB 11.418607631301233 1.312483635781751
60751.3784 lsst_hardware_z -81.56072791293887 71.66999816894531 30.989999771118164 AB 9.458559952828294 1.0405074936190533
60751.3997 lsst_hardware_i -84.90932745631054 82.19000244140625 31.34000015258789 AB 9.56798992743013 1.0616158659031878
60757.3422 lsst_hardware_r -29.056503395677968 32.16999816894531 31.59000015258789 AB 6.225516073740952 1.0357734088247288
60757.3619 lsst_hardware_i -44.11220178087723 35.4900016784668 31.290000915527344 AB 6.2571834933937085 1.040436231026556
60759.3423 lsst_hardware_r 56.690364774822235 25.149999618530273 31.540000915527344 AB 6.880080319607842 1.035688742978751
60759.3617 lsst_hardware_g 11.105071323746124 16.979999542236328 31.520000457763672 AB 6.944627368162003 1.0440432024297674
60761.3424 lsst_hardware_r -29.674089345146108 24.299999237060547 31.530000686645508 AB 8.07582530501837 1.0367024001136096
60761.3615 lsst_hardware_i 25.91061939643325 31.559999465942383 31.260000228881836 AB 8.161201755342432 1.0486719106544546
60763.3217 lsst_hardware_i -45.89251892970081 31.510000228881836 31.270000457763672 AB 7.773384358576716 1.0365433850000065
60763.3392 lsst_hardware_z -10.939976610093899 41.7400016784668 30.959999084472656 AB 9.207704713479465 1.03742940831272
60766.3091 lsst_hardware_r 5.377458570385759 24.209999084472656 31.520000457763672 AB 5.2256617407168555 1.0380390810892344
60766.3271 lsst_hardware_u 0.7242633367506087 2.7899999618530273 28.459999084472656 AB 5.244905978484946 1.0362866838201654
60768.3103 lsst_hardware_g -7.958473656807726 15.25 31.459999084472656 AB 5.953300576838187 1.0360473202723393
60768.3294 lsst_hardware_r 36.12538582828959 24.139999389648438 31.520000457763672 AB 6.016329176294853 1.0390896677538606
60770.3134 lsst_hardware_i 77.67048984814467 31.290000915527344 31.25 AB 7.177611752719911 1.0358051450638446
60770.3323 lsst_hardware_z 70.68106415947771 41.790000915527344 30.940000534057617 AB 7.233464788906221 1.0445436518275897
60772.3095 lsst_hardware_r 25.25678938534409 24.09000015258789 31.520000457763672 AB 8.678571510876592 1.0360411672355627
60772.3286 lsst_hardware_g -14.167731523915009 15.289999961853027 31.459999084472656 AB 8.785077199470809 1.0460189356701994
60777.2815 lsst_hardware_z 117.73629473948016 73.7699966430664 31.0 AB 6.122681357273381 1.0371273578848785
60777.299 lsst_hardware_i 93.7364667309896 85.27999877929688 31.34000015258789 AB 6.891750407591025 1.0367821892648876
60779.2918 lsst_hardware_z 169.51817183426888 136.89999389648438 31.75 AB 7.592406884844224 1.0363292113761098
60781.2342 lsst_hardware_r 179.5037617701726 119.36000061035156 31.649999618530273 AB 17.4757798212555 1.0737256559063337
60781.2516 lsst_hardware_i -48.62312377002485 98.08000183105469 31.34000015258789 AB 17.339134738860995 1.0499445777725003
60783.2941 lsst_hardware_z 48.26151583188106 82.58000183105469 31.729999542236328 AB 13.44039093115792 1.0424968726901624
60785.2666 lsst_hardware_r 21.678429558646563 40.130001068115234 31.610000610351562 AB 3.720018712363832 1.035688008639181
60785.2838 lsst_hardware_g -20.469200978422737 37.34000015258789 31.690000534057617 AB 3.7318316840428922 1.0395074328810285
60791.247 lsst_hardware_r 35.24413029028008 24.40999984741211 31.520000457763672 AB 6.161589360166856 1.036141708548256
60791.2647 lsst_hardware_i -38.82862947062678 31.610000610351562 31.260000228881836 AB 6.40309837582561 1.038199979866333
60793.25 lsst_hardware_z -13.898676224968295 41.7599983215332 30.950000762939453 AB 2.7964865445107194 1.0357357572261923
60793.2682 lsst_hardware_i 21.15290877145423 31.68000030517578 31.260000228881836 AB 2.874556286852415 1.0435223693801117
60796.2453 lsst_hardware_u -4.972870910303879 2.7799999713897705 28.440000534057617 AB 9.480327578203076 1.0363090139958544
60796.2632 lsst_hardware_g -10.44527264764393 15.630000114440918 31.469999313354492 AB 9.51278316242521 1.046127180618608
60799.2236 lsst_hardware_g 3.239420830922939 15.770000457763672 31.479999542236328 AB 9.852390696466825 1.036493682233121
60799.242 lsst_hardware_r 1.4237154958248754 24.68000030517578 31.520000457763672 AB 9.907243984924706 1.037842445519046
60801.2236 lsst_hardware_i -0.2590282469999925 36.52000045776367 31.280000686645508 AB 2.399056183776219 1.0356383266896354
60801.2432 lsst_hardware_z 6.061328109869323 41.849998474121094 30.950000762939453 AB 2.4804076042299297 1.0413130160495088
60805.2101 lsst_hardware_r 189.81434213732695 101.12999725341797 31.65999984741211 AB 6.4226433647245385 1.035910220116861
60805.2296 lsst_hardware_i -13.744076533269435 81.37000274658203 31.34000015258789 AB 6.446291491055418 1.0397244340411964
60807.1967 lsst_hardware_z 37.7727847480802 108.80000305175781 31.010000228881836 AB 12.095774716326783 1.038234217875884
60807.2168 lsst_hardware_i -100.43316276943546 129.9499969482422 31.350000381469727 AB 11.668810178262197 1.036697703685881
60809.2033 lsst_hardware_z -63.576295866687865 137.1699981689453 31.760000228881836 AB 6.114720878860648 1.0355888864064324
60811.1915 lsst_hardware_r -25.816645967910397 81.37000274658203 31.65999984741211 AB 5.55906444001769 1.0363332807241306
60811.2119 lsst_hardware_i 74.96826142914892 67.12000274658203 31.34000015258789 AB 5.5768646810753 1.0390382588017575
60813.1732 lsst_hardware_i -23.72314936017511 44.400001525878906 31.309999465942383 AB 7.695928393898644 1.0422438236591234
60813.1934 lsst_hardware_z 49.896921535450154 47.9900016784668 30.969999313354492 AB 7.6960784458362985 1.0356022937275515
60825.1537 lsst_hardware_z 23.14242636539103 59.04999923706055 31.700000762939453 AB 12.515345966094062 1.036238729839709
60825.1759 lsst_hardware_i -10.857575725894867 44.869998931884766 32.0099983215332 AB 12.898890434556787 1.0402330995610312
60827.136 lsst_hardware_r 39.93422678691744 24.579999923706055 31.520000457763672 AB 7.44710421216581 1.041553036666577
60827.1576 lsst_hardware_u 2.087945629402104 2.880000114440918 28.520000457763672 AB 7.434158378342553 1.0357827946789735
60831.1229 lsst_hardware_y -83.34364983019641 49.4900016784668 30.049999237060547 AB 9.402381806752112 1.043067224563422
60831.1429 lsst_hardware_r 34.253936371842535 49.47999954223633 31.6299991607666 AB 8.612849292039723 1.0355923879729596
60843.1348 lsst_hardware_z -29.779382174675362 43.83000183105469 30.959999084472656 AB 5.459752226120991 1.0460631420592013
60843.158 lsst_hardware_r -23.48305050059153 34.619998931884766 31.579999923706055 AB 5.6790368040596775 1.0767307345117256
60845.1045 lsst_hardware_u -1.242574490491002 2.8399999141693115 28.510000228881836 AB 3.799602256409153 1.0355961451101097
60845.1261 lsst_hardware_r -10.32136142463487 24.260000228881836 31.520000457763672 AB 3.9650361835928947 1.0434305746297092
60848.0874 lsst_hardware_i 38.45760284358516 31.399999618530273 31.260000228881836 AB 2.684905044552404 1.0372102029626518
60848.1081 lsst_hardware_z -4.413418671973556 41.5 30.950000762939453 AB 2.6729366135721357 1.0377985363466409
60853.0677 lsst_hardware_g 25.28481023028863 15.350000381469727 31.479999542236328 AB 7.8351195149349975 1.0399220698493559
60853.0878 lsst_hardware_r -9.598046165278527 24.15999984741211 31.520000457763672 AB 8.080400006753795 1.035948718814589
60859.0418 lsst_hardware_r 36.6184938938788 39.68000030517578 31.600000381469727 AB 6.67256801378501 1.04688260659502
60859.061 lsst_hardware_i -59.897798020651265 39.59000015258789 31.290000915527344 AB 6.592890613234375 1.0362107054199832
60864.0312 lsst_hardware_z -55.32419836250869 76.83999633789062 31.0 AB 0.9633549784561152 1.044287239518824
60864.0515 lsst_hardware_r -129.16303356444365 110.55000305175781 31.65999984741211 AB 1.9502055805074963 1.0356448628618824
60866.0291 lsst_hardware_i -51.62053069155278 83.20999908447266 31.34000015258789 AB 8.534475840116318 1.0418273288579665
60866.0495 lsst_hardware_z -55.67632382958989 72.18000030517578 30.989999771118164 AB 8.675908336525296 1.035640816869962
60871.0064 lsst_hardware_u -3.923351031247149 2.799999952316284 28.459999084472656 AB 5.760169844680526 1.0494024129496313
60871.0268 lsst_hardware_g 0.4394438301902048 15.34000015258789 31.459999084472656 AB 5.605570658510237 1.0365490084308935
60876.007 lsst_hardware_r -38.52874842631236 24.389999389648438 31.510000228881836 AB 3.0236912354167274 1.0388311619617707
60876.0245 lsst_hardware_i 26.295157860600263 31.540000915527344 31.25 AB 3.013704186577537 1.0358744912617566
60877.9976 lsst_hardware_z -14.266194939567495 41.9900016784668 30.950000762939453 AB 5.607563913981037 1.0410081523479648
60878.0163 lsst_hardware_r 42.472764332763944 24.5 31.510000228881836 AB 6.267218111194437 1.035618525672449
60884.9766 lsst_hardware_y 20.95235813895499 48.400001525878906 30.049999237060547 AB 4.608308510234675 1.0422500305857005
60884.9964 lsst_hardware_r 2.788093306809271 25.530000686645508 31.530000686645508 AB 4.643604491013655 1.0355942219030627
60886.9756 lsst_hardware_y -98.74703308468713 48.560001373291016 30.049999237060547 AB 4.159125881634693 1.0395215900111705
60886.9931 lsst_hardware_g -14.344678384972314 25.34000015258789 31.6200008392334 AB 4.149415421068411 1.0357139748069917
60888.9769 lsst_hardware_z 111.55972237034703 53.709999084472656 30.969999313354492 AB 4.1176488113647265 1.0367558903981686
60888.9956 lsst_hardware_i 30.298014272757072 50.75 31.309999465942383 AB 4.023678952632805 1.0375877819188495
60894.967 lsst_hardware_y 33.58282607932041 70.41999816894531 30.06999969482422 AB 3.4020679463117047 1.0356371221650658
60894.9873 lsst_hardware_z 72.19744913982663 60.09000015258789 30.979999542236328 AB 3.431914940422559 1.0418158179881283
