data/validation/pwv_sim_epoch_fit_seasonal/55754234.ecsv
# %ECSV 0.9
# ---
# datatype:
# - {name: time, datatype: float64}
# - {name: band, datatype: string}
# - {name: flux, datatype: float64}
# - {name: fluxerr, datatype: float64}
# - {name: zp, datatype: float64}
# - {name: zpsys, datatype: string}
# - {name: pwv, datatype: float64}
# - {name: airmass, datatype: float64}
# meta: {SNID: '55754234', alt: 1024.0, c: -0.13015250861644745, dec: -12.788582, lat: -30.244573, lon: -70.7499537, ra: 39.023438, t0: 60541.24609375,
#   x0: 1.0755923564990665e-05, x1: -0.642441987991333, z: 0.4458426535129547}
# schema: astropy-2.0
time band flux fluxerr zp zpsys pwv airmass
60527.3768 lsst_hardware_z 737.4850445065633 49.50214329091683 30.940000534057617 AB 3.1962996742184426 1.1080628655386773
60527.3979 lsst_hardware_y 327.4067736826726 50.12158548935247 30.030000686645508 AB 3.0874703161770665 1.0709846734729953
60531.4219 lsst_hardware_i 1745.3340342242204 51.27688894373004 31.260000228881836 AB 5.233406793813957 1.0489190527419743
60535.3863 lsst_hardware_g 2023.1759672093835 46.33651980386221 31.440000534057617 AB 3.6622915022728084 1.0596908282039377
60535.4062 lsst_hardware_y 676.898440187592 52.56625924936347 30.049999237060547 AB 3.6959407062439817 1.0492379577697606
60537.3801 lsst_hardware_i 2365.0359145336492 56.56492711353439 31.25 AB 5.148091785058752 1.0603690597443363
60537.4008 lsst_hardware_z 1676.0402823759657 57.18151993712551 30.950000762939453 AB 5.047578985285468 1.0492291192195538
60539.3777 lsst_hardware_r 8939.300797760292 114.27227606459559 32.369998931884766 AB 2.5580542735480374 1.057702821396749
60539.3974 lsst_hardware_y 736.6859934151412 54.119862469031276 30.049999237060547 AB 2.5394392335267995 1.0489938314052183
60541.4027 lsst_hardware_r 4544.061797209097 105.08759911444804 31.649999618530273 AB 1.7096315394708301 1.0503035106563232
60541.421 lsst_hardware_y 680.5375030680291 62.16352049101572 30.049999237060547 AB 2.7012887374203967 1.062453780696105
60543.3652 lsst_hardware_i 2715.2737920937175 90.13335249863906 31.329999923706055 AB 2.0690899868968935 1.0590351820332395
60543.3846 lsst_hardware_z 1784.1409186689123 78.21123570158973 30.989999771118164 AB 1.330302682019676 1.0492035612379962
60546.3666 lsst_hardware_r 4091.7063733411555 90.02601214049604 31.639999389648438 AB 2.079042675635284 1.0524134019920446
60546.3852 lsst_hardware_z 1737.0500236699502 68.53314026412501 30.979999542236328 AB 2.2597650250314016 1.0493452635390765
60553.3069 lsst_hardware_i 1919.8989238443978 54.008014040616224 31.239999771118164 AB 1.7491864607270198 1.1056804429374334
60553.3232 lsst_hardware_z 1363.369662630478 55.293654415960745 30.940000534057617 AB 1.6766153134482646 1.0761330638307218
60555.3144 lsst_hardware_z 1277.0688640562905 54.013692052549224 30.940000534057617 AB 1.7116098999244493 1.0812444093016103
60555.3312 lsst_hardware_r 2168.300737882055 51.81192817212304 31.489999771118164 AB 1.6313028490328894 1.060148074107483
60557.3472 lsst_hardware_u 7.145385531622569 3.613627520539345 28.43000030517578 AB 1.2709819529759665 1.0490977738142522
60557.3651 lsst_hardware_r 1940.5969126240248 49.1168377551985 31.5 AB 1.3235462637962738 1.0529405439906714
60566.2426 lsst_hardware_y 327.30321019713426 52.83124880323835 30.0 AB 1.4498975645528738 1.1900664004537953
60566.2597 lsst_hardware_g 329.8254541076946 41.897152465538376 31.65999984741211 AB 2.365173093279263 1.1345569683140997
60568.2769 lsst_hardware_r 846.4243728607665 64.77766589539873 31.639999389648438 AB 4.422055881108698 1.0845460794086084
60568.2941 lsst_hardware_i 1189.0071086513667 59.19039576829459 31.309999465942383 AB 2.792219189734043 1.0616803002789368
60571.2693 lsst_hardware_i 1066.8121017696828 93.8126262637062 31.329999923706055 AB 6.016724706780547 1.0835576438306935
60571.2907 lsst_hardware_z 703.531704649955 79.51133534336607 30.989999771118164 AB 5.876041861762464 1.0574126078392054
60574.2041 lsst_hardware_z 1395.6997777070292 102.78806736048044 31.709999084472656 AB 2.808371806828431 1.2624732779627055
60574.2265 lsst_hardware_i 1545.5370706755552 108.46461091398008 32.060001373291016 AB 2.3948563360213297 1.169506207311112
60578.2416 lsst_hardware_u 7.994325702751447 4.39420717167961 28.3799991607666 AB 3.334252666566969 1.0994458122335575
60578.2596 lsst_hardware_g 109.29852734267445 17.06666485193085 31.40999984741211 AB 3.3942449945627136 1.0697835776317843
60582.295 lsst_hardware_z 548.6487589581591 46.879953200721964 30.940000534057617 AB 3.9933719096268234 1.0519947074886258
60582.3133 lsst_hardware_r 313.5132411436991 29.555993148997878 31.489999771118164 AB 4.043524349579557 1.067104136591557
60586.2859 lsst_hardware_i 545.3938837653919 37.88388374045115 31.25 AB 2.913183008079569 1.0529259991251718
60586.3049 lsst_hardware_z 468.5699306479052 46.307868135696474 30.950000762939453 AB 2.857192458231207 1.07020974182272
60588.2188 lsst_hardware_z 259.1547349226176 46.55095907191563 30.950000762939453 AB 5.20486199335318 1.0907087161259807
60588.2372 lsst_hardware_r 265.2493596240396 28.490022207654896 31.489999771118164 AB 5.027949780637347 1.0640412910491
60590.2138 lsst_hardware_u 30.138711471252144 5.666366891812621 28.459999084472656 AB 3.4912040360524084 1.089865984199503
60590.2314 lsst_hardware_g 58.857408042820644 16.089816737737124 31.43000030517578 AB 3.587054433351668 1.0644078437245306
60592.2135 lsst_hardware_r 276.83085189661693 28.121194880247103 31.5 AB 2.836334030669917 1.081057310635297
60592.2315 lsst_hardware_i 369.9078626584391 36.813792133902304 31.260000228881836 AB 2.789850558046738 1.0589677578466339
60594.2078 lsst_hardware_z 357.67278856949537 47.13009452145775 30.959999084472656 AB 6.5888574143947025 1.0814406523243303
60594.2249 lsst_hardware_r 229.70806461232212 33.553867139847014 31.56999969482422 AB 5.829914378224059 1.0599844324043743
60599.2486 lsst_hardware_i 278.2111319785898 87.56452513392493 31.34000015258789 AB 5.4790744712588575 1.051999130467788
60599.2667 lsst_hardware_z 292.7259599895877 76.70671094707718 30.989999771118164 AB 6.431701459170893 1.0668825510776587
60601.2497 lsst_hardware_r 202.24583691693581 121.34552780132533 31.65999984741211 AB 2.3565151796084733 1.0559440685325496
60601.267 lsst_hardware_z 315.0107220808933 83.69244139757569 30.989999771118164 AB 3.876130352733944 1.0743155079638302
60603.244 lsst_hardware_y 260.7582907036174 53.7443042164539 30.049999237060547 AB 1.9186000035524695 1.0557710846347936
60603.2612 lsst_hardware_r 250.3607151620268 76.2367342221727 31.639999389648438 AB 2.127186654256962 1.073839546131149
60605.1754 lsst_hardware_r 236.61885848155038 35.0371356258821 31.56999969482422 AB 3.5100555641479216 1.085360409446002
60605.1924 lsst_hardware_i 367.9092435078862 41.5647408595851 31.290000915527344 AB 3.462928406457282 1.0623566028603995
60607.1751 lsst_hardware_z 197.56431268146025 45.01260191355911 30.950000762939453 AB 4.935349914486416 1.0771169608220026
60607.1929 lsst_hardware_r 163.90810198043482 27.431030319387443 31.510000228881836 AB 4.844514390418787 1.0570233951239696
60611.1684 lsst_hardware_i 287.74123697224684 35.20401712143252 31.260000228881836 AB 2.2832687601376485 1.0712027962172102
60611.1855 lsst_hardware_z 232.53478949611497 44.41629789495177 30.959999084472656 AB 2.145405002656639 1.0545121664566157
60613.2072 lsst_hardware_r 212.90648750907746 27.05544225924254 31.520000457763672 AB 3.4850576644943656 1.0506655605952264
60613.2222 lsst_hardware_u -4.527906328982024 3.177049658121981 28.59000015258789 AB 4.0331641155807025 1.0602893876127097
60615.1613 lsst_hardware_u -0.06400540713201733 2.7300000190734863 28.450000762939453 AB 4.159251196091607 1.0664746656645148
60615.1807 lsst_hardware_g -4.3428753172544585 14.350000381469727 31.450000762939453 AB 3.7225082404307077 1.0512590342927726
60617.1568 lsst_hardware_r -40.32836443648044 32.88999938964844 32.2599983215332 AB 5.4334266357439995 1.0653777717145099
60617.1747 lsst_hardware_i 21.793810892421565 43.619998931884766 32.0099983215332 AB 4.850167041552121 1.0514887357027791
60620.1614 lsst_hardware_z -73.25366837865047 41.599998474121094 30.950000762939453 AB 4.811407344494909 1.0542084453317824
60620.1798 lsst_hardware_r -12.24406289117124 23.18000030517578 31.5 AB 5.566251961527472 1.0489497713235558
60622.2002 lsst_hardware_z 26.26748381806946 41.91999816894531 30.950000762939453 AB 6.350509166038024 1.062802253635974
60622.2189 lsst_hardware_r -1.519940702692996 23.170000076293945 31.489999771118164 AB 8.835967360956339 1.0891122101511572
60624.1987 lsst_hardware_i -61.96725675876774 38.22999954223633 31.280000686645508 AB 0.8081232890428197 1.0671816296368286
60624.2159 lsst_hardware_z -64.04609556048473 44.959999084472656 30.950000762939453 AB 2.564856782994272 1.0936778265913574
60626.1299 lsst_hardware_z -7.100092788904888 55.88999938964844 30.969999313354492 AB 5.340473150362357 1.0680946300724714
60626.1478 lsst_hardware_r 75.0133679672197 66.66999816894531 31.639999389648438 AB 5.263023246031274 1.0526046492062548
60629.1367 lsst_hardware_y -72.9090535644142 87.20999908447266 30.809999465942383 AB 6.251038765005569 1.0542862288133077
60631.1795 lsst_hardware_r -12.02509825703674 91.75 31.649999618530273 AB 5.86998756842128 1.0670764530851264
60631.1995 lsst_hardware_i -90.11669725540462 74.23999786376953 31.31999969482422 AB 6.050494593666748 1.0990242056790875
60640.1013 lsst_hardware_g 23.02284979428347 14.119999885559082 31.440000534057617 AB 4.032197637562204 1.0582270066211716
60640.1219 lsst_hardware_i 39.54832703796673 30.690000534057617 31.260000228881836 AB 3.9916690211501114 1.0489669817318379
60646.1458 lsst_hardware_r -40.37993743773912 22.829999923706055 31.5 AB 6.967883561030958 1.0767092399089155
60646.1642 lsst_hardware_i 18.796904221941627 31.09000015258789 31.25 AB 7.18234129574812 1.111267533049473
60648.0761 lsst_hardware_i 10.527719836586003 30.59000015258789 31.25 AB 1.499019173503738 1.0612525122150358
60648.0954 lsst_hardware_z 43.815758701409415 41.20000076293945 30.950000762939453 AB 3.917744765785495 1.0496770829111801
60650.077 lsst_hardware_r 9.82033820625293 23.690000534057617 31.510000228881836 AB 4.870780818248384 1.055881382668195
60650.0964 lsst_hardware_u 0.9133680688868757 3.049999952316284 28.56999969482422 AB 5.84868514569474 1.048903361853277
60652.0659 lsst_hardware_g -18.07842134763687 25.84000015258789 31.6200008392334 AB 5.6791418626691765 1.0605637018274785
60652.0849 lsst_hardware_i 37.51105663489652 34.43000030517578 31.280000686645508 AB 6.468029948747847 1.0495788963486408
60654.0686 lsst_hardware_z 23.97438443816849 50.439998626708984 30.969999313354492 AB 10.456750827851707 1.0541787917049237
60654.0872 lsst_hardware_r -20.39649743919893 53.13999938964844 31.639999389648438 AB 11.207218166477936 1.0489557600634525
60656.12 lsst_hardware_y 111.83164577684325 78.08999633789062 30.790000915527344 AB 13.041237234967332 1.07897715678154
60658.1147 lsst_hardware_r -202.37961647780207 99.2300033569336 31.649999618530273 AB 8.387240200535421 1.0792252064432462
60658.1327 lsst_hardware_i -8.516930205774427 80.23999786376953 31.31999969482422 AB 8.769822716259865 1.1142139255886312
60660.0452 lsst_hardware_y -55.60952835126427 52.25 30.049999237060547 AB 11.557075066602987 1.0595125925301543
60660.0654 lsst_hardware_z 64.55913331307065 56.040000915527344 30.979999542236328 AB 11.452400759117312 1.0491549668631686
60663.0482 lsst_hardware_y 49.08605291598899 48.560001373291016 30.049999237060547 AB 5.564479927567902 1.0518865647576374
60663.0712 lsst_hardware_i -4.852428288472022 30.530000686645508 31.260000228881836 AB 5.468346419553984 1.0508472581415294
60665.0351 lsst_hardware_y -26.20808805154677 67.69000244140625 30.06999969482422 AB 4.813759540439397 1.0565758429410441
60665.0564 lsst_hardware_r 4.981666090233867 22.81999969482422 31.510000228881836 AB 5.655757346747089 1.0489164218745408
60668.0376 lsst_hardware_y -196.7727106155137 65.83999633789062 30.059999465942383 AB 5.996954843669439 1.0506227827031251
60668.0584 lsst_hardware_g 15.32568065289505 14.25 31.43000030517578 AB 7.479168282779274 1.0511831739675719
60670.0385 lsst_hardware_z -10.83575967135958 53.65999984741211 30.969999313354492 AB 6.634161904240922 1.0491005067062051
60670.0604 lsst_hardware_i -11.959483177674441 30.469999313354492 31.25 AB 6.696349263791033 1.0552910351888793
60893.3818 lsst_hardware_r -41.83661649796082 71.6500015258789 32.790000915527344 AB 3.1540680027029064 1.0935487571129086
60893.405 lsst_hardware_y -18.732915626791193 81.88999938964844 31.229999542236328 AB 3.07578658095283 1.0607379863039994
60895.4206 lsst_hardware_z -48.762970095815476 76.95999908447266 31.729999542236328 AB 1.9911388492342754 1.0492563758480284
60898.3973 lsst_hardware_z -79.83821670980626 86.91999816894531 31.739999771118164 AB 6.377383497803117 1.0557999278963275
60898.4172 lsst_hardware_y 56.88420954564099 53.900001525878906 30.059999465942383 AB 5.226387099455893 1.0489487404827598
60900.3941 lsst_hardware_r 93.61022524756157 101.44999694824219 32.400001525878906 AB 4.678359180225604 1.0542781251212627
60900.4156 lsst_hardware_y 63.600419453129156 53.31999969482422 30.049999237060547 AB 4.743342358079528 1.049315297206274
60903.3938 lsst_hardware_z 54.264514876722814 63.400001525878906 31.709999084472656 AB 5.070611808261793 1.050468574323968
60907.3537 lsst_hardware_i -10.38977973584807 30.989999771118164 31.239999771118164 AB 2.8229189871773546 1.076491287852048
60907.3764 lsst_hardware_y 36.25120830108004 47.34000015258789 30.040000915527344 AB 1.7697576061141074 1.0534271464964924
60911.3781 lsst_hardware_u -6.639822069906683 3.859999895095825 29.219999313354492 AB 4.011864192959041 1.0491048032318964
60911.398 lsst_hardware_g -3.0927892000021515 19.790000915527344 32.16999816894531 AB 4.012194684875262 1.0542454666952012
60913.3275 lsst_hardware_r 7.188351244413488 22.93000030517578 31.479999542236328 AB 2.953230870682497 1.0929795968477043
60913.346 lsst_hardware_i 38.909626819241964 30.719999313354492 31.239999771118164 AB 2.565183378508181 1.0652754894136964
60931.275 lsst_hardware_r 36.377724545400284 44.380001068115234 31.600000381469727 AB 3.9585313494001007 1.099592041500028
60931.2909 lsst_hardware_i 43.02138295273536 42.41999816894531 31.290000915527344 AB 3.740401692566913 1.0726447678530198
60935.2713 lsst_hardware_u -1.9562539440776503 2.6500000953674316 28.389999389648438 AB 2.1611363755364046 1.0859981786615098
60935.2903 lsst_hardware_r -4.246753723008514 22.809999465942383 31.489999771118164 AB 2.094415052227815 1.0607766271360224
60939.2598 lsst_hardware_z 0.21914276775054456 41.61000061035156 30.940000534057617 AB 4.129708744930508 1.0870038372265705
60939.2784 lsst_hardware_r 40.68414952664384 22.610000610351562 31.479999542236328 AB 4.020829568393075 1.0617219676688372
60942.2456 lsst_hardware_u -3.0086231203226395 2.6600000858306885 28.389999389648438 AB 4.176137307851071 1.0983091017403215
60942.2644 lsst_hardware_g -1.8731293252342678 14.039999961853027 31.40999984741211 AB 4.207975783300618 1.068104522370916
60944.2498 lsst_hardware_r 3.7854392293552186 23.0 31.5 AB 3.3342421662394823 1.0809084178430721
60944.2676 lsst_hardware_i 36.42731656725239 30.690000534057617 31.25 AB 3.3502015109965577 1.0590731857734113
60946.2492 lsst_hardware_z 82.20412183275619 41.529998779296875 30.940000534057617 AB 3.9412654668502176 1.0736705017526134
60946.2673 lsst_hardware_r -8.665196271905609 22.829999923706055 31.5 AB 3.640534227040756 1.0550744028519798
60949.2875 lsst_hardware_z -27.150376150500573 41.02000045776367 30.950000762939453 AB 4.939019765155641 1.0508552691820512
60949.3062 lsst_hardware_r -1.0804321203218532 22.670000076293945 31.489999771118164 AB 4.703241611156172 1.0644832013178813
60951.2122 lsst_hardware_z -12.609677641854955 49.4900016784668 30.959999084472656 AB 3.6785746275551143 1.1179378901550265
60951.2309 lsst_hardware_i -36.48220915700089 45.880001068115234 31.299999237060547 AB 3.4948422513837456 1.0805726988896176
60954.2166 lsst_hardware_z 18.82324172051303 74.66999816894531 30.979999542236328 AB 5.19917803135025 1.0910418364613004
60954.2362 lsst_hardware_r 46.94679642503794 109.0199966430664 31.649999618530273 AB 5.158281269809355 1.0629786927756604
60956.2221 lsst_hardware_y -199.86665552956475 87.41999816894531 30.809999465942383 AB 3.473310934765374 1.0733899360596915
60958.2145 lsst_hardware_r 32.70382394343028 70.38999938964844 31.6299991607666 AB 2.849685225578354 1.0764361214726428
60958.232 lsst_hardware_i -106.90376242621517 59.54999923706055 31.309999465942383 AB 2.7951805657650253 1.0569122381264275
