data/validation/pwv_sim_epoch_fit_seasonal/55850082.ecsv
# %ECSV 0.9
# ---
# datatype:
# - {name: time, datatype: float64}
# - {name: band, datatype: string}
# - {name: flux, datatype: float64}
# - {name: fluxerr, datatype: float64}
# - {name: zp, datatype: float64}
# - {name: zpsys, datatype: string}
# - {name: pwv, datatype: float64}
# - {name: airmass, datatype: float64}
# meta: {SNID: '55850082', alt: 1024.0, c: -0.1211935505270958, dec: -1.64151, lat: -30.244573, lon: -70.7499537, ra: 347.34375, t0: 60939.734375,
#   x0: 7.150194909680529e-06, x1: -0.12529069185256958, z: 0.5286411643028259}
# schema: astropy-2.0
time band flux fluxerr zp zpsys pwv airmass
60845.4261 lsst_hardware_z 94.1545469446848 84.61000061035156 32.150001525878906 AB 2.97136528840136 1.141917804990137
60850.3466 lsst_hardware_g 58.69154596887361 31.940000534057617 32.91999816894531 AB 4.154877128883605 1.2195715852111753
60850.372 lsst_hardware_r -0.14980036880347017 36.0099983215332 32.25 AB 3.98641290813669 1.1644828358724508
60853.3403 lsst_hardware_i -14.725448764128743 47.529998779296875 31.989999771118164 AB 8.742419746532619 1.2142249647961971
60853.3659 lsst_hardware_r 1.8137016927725353 25.530000686645508 31.510000228881836 AB 8.362484309888574 1.1614561541511907
60859.3706 lsst_hardware_u 1.8659871618445494 2.8299999237060547 28.440000534057617 AB 7.509703764205007 1.1424643462830422
60859.3933 lsst_hardware_g 17.062211203160228 15.699999809265137 31.440000534057617 AB 7.430364916658325 1.14451234821323
60862.3715 lsst_hardware_r -17.47365974372792 24.959999084472656 31.510000228881836 AB 6.480158688616925 1.1405216154559745
60862.3923 lsst_hardware_i 14.402443377194652 32.650001525878906 31.25 AB 5.733926465506936 1.1500053079636854
60864.3326 lsst_hardware_i -19.00384189722308 52.95000076293945 31.299999237060547 AB 1.5387309537619283 1.166294305529506
60864.3529 lsst_hardware_z 17.080731151322134 52.66999816894531 30.969999313354492 AB 1.7043923520643571 1.1445276007147334
60876.3287 lsst_hardware_u -2.464976023643723 2.7799999713897705 28.3799991607666 AB 3.680162372989203 1.1410471662628332
60876.3493 lsst_hardware_g 24.57364984122633 16.350000381469727 31.450000762939453 AB 3.256357988666538 1.146100479953027
60880.2905 lsst_hardware_i -95.44825803635119 46.099998474121094 31.989999771118164 AB 6.874087435374051 1.163899499449559
60880.3117 lsst_hardware_z -61.49293325078837 61.20000076293945 31.690000534057617 AB 5.881693934383079 1.1431863818041534
60887.2862 lsst_hardware_i 17.409363521111814 32.29999923706055 31.239999771118164 AB 4.108144809246796 1.1472327316320672
60887.3071 lsst_hardware_r 35.80922451636073 24.579999923706055 31.5 AB 3.8644475637317703 1.140824393337628
60889.2838 lsst_hardware_z -16.56723890637126 43.2599983215332 30.940000534057617 AB 1.7519496379189183 1.1450651228228224
60889.3062 lsst_hardware_g -9.910087909091104 15.25 31.420000076293945 AB 1.5522015024248448 1.1420244039913021
60892.2938 lsst_hardware_r -70.46953307885023 51.06999969482422 31.610000610351562 AB 1.7626691424426075 1.1408861763382574
60895.2961 lsst_hardware_z 38.51739238965684 126.37000274658203 32.16999816894531 AB 2.87104053874863 1.1452096285395412
60898.2509 lsst_hardware_z -22.396112464726688 100.48999786376953 30.989999771118164 AB 7.609694546606748 1.1519804029228808
60898.2704 lsst_hardware_r -197.50571838801775 144.82000732421875 31.639999389648438 AB 7.591106126835303 1.140747783730604
60900.2461 lsst_hardware_i 180.98798694821716 72.0 31.31999969482422 AB 4.031619520710299 1.1513156338146067
60900.2646 lsst_hardware_r 61.13740863983955 84.37000274658203 31.639999389648438 AB 3.8787105078069493 1.1407972081785145
60903.2352 lsst_hardware_u -8.133090343416914 3.2799999713897705 28.540000915527344 AB 5.1092497718408625 1.154176262910908
60903.2557 lsst_hardware_g -16.162971851161153 21.8799991607666 31.559999465942383 AB 5.1653120598045925 1.140917109366351
60905.2481 lsst_hardware_r 33.40278901294229 24.770000457763672 31.5 AB 2.8749329380247137 1.1414125808534845
60905.2669 lsst_hardware_i -57.13702460534 32.560001373291016 31.239999771118164 AB 3.426471786510601 1.144064035562805
60911.2179 lsst_hardware_g 3.7148546101395348 15.51317822569388 31.420000076293945 AB 2.9502065472348726 1.1495804184575422
60911.2371 lsst_hardware_r -20.460522040303065 24.82406424198094 31.489999771118164 AB 2.9359933212026674 1.1405606945429592
60913.1893 lsst_hardware_i 6.1158629990905045 33.117681840129876 31.239999771118164 AB 2.540012107774204 1.1834651637853018
60913.2081 lsst_hardware_r 16.823979201668088 25.266302535224327 31.510000228881836 AB 2.507830792235168 1.15395412043491
60931.1658 lsst_hardware_z 984.2011966003745 54.092725616694246 30.940000534057617 AB 4.219298334971218 1.1474579041281499
60931.1828 lsst_hardware_u 6.554206872457512 4.7642409757340864 28.399999618530273 AB 2.390984319233725 1.1405554074892286
60933.1593 lsst_hardware_g 1180.8225277131844 37.93732974727634 31.450000762939453 AB 1.5729870637961247 1.1483054365222958
60933.1767 lsst_hardware_r 2433.5620986108675 55.197131838163266 31.510000228881836 AB 1.1111161274775785 1.1405811402678308
60935.127 lsst_hardware_r 2483.4738228182136 56.00646638347278 31.489999771118164 AB 0.8190517417353832 1.1881795092873064
60935.1455 lsst_hardware_i 1839.17751047958 52.87930806242096 31.239999771118164 AB 0.6378498470599004 1.156922334449638
60937.138 lsst_hardware_z 1305.0030356852214 56.34998632962237 30.940000534057617 AB 8.604008536726903 1.1595308159060547
60937.1587 lsst_hardware_i 1798.5607795683654 53.2871561043078 31.239999771118164 AB 8.519054128043576 1.1420791806205624
60942.1365 lsst_hardware_r 2391.4329400820375 55.60516105572923 31.489999771118164 AB 4.034284596353186 1.1468909799871652
60942.1554 lsst_hardware_i 1804.642744805013 53.53894386222545 31.239999771118164 AB 4.011460937460415 1.1406457336032312
60944.1079 lsst_hardware_i 1836.9254427625037 53.252607961656686 31.239999771118164 AB 4.358835258432 1.1771091705190386
60944.1281 lsst_hardware_z 1274.8866462925275 56.54574492743 30.940000534057617 AB 3.328800702578544 1.149315468723171
60946.1084 lsst_hardware_r 2225.0793647704268 54.37797000472455 31.510000228881836 AB 5.342595528984763 1.1668240303542763
60946.1276 lsst_hardware_g 641.9464399856575 32.190111669864926 31.5 AB 4.947215846684425 1.14545400478917
60949.1057 lsst_hardware_r 2073.724095773213 62.97031927718845 31.59000015258789 AB 7.332869935391978 1.1589194924758537
60949.1229 lsst_hardware_i 1805.4494746654627 58.29354899434529 31.280000686645508 AB 7.242739895860966 1.1434099714562385
60951.0992 lsst_hardware_z 1152.2372797154753 70.31813798951974 30.969999313354492 AB 4.180956696214174 1.1603025058873748
60951.118 lsst_hardware_i 1533.0765928092212 75.7617697365779 31.309999465942383 AB 4.033354491222616 1.1431330631712657
60954.1116 lsst_hardware_z 2360.8676300575153 158.1109481966532 31.739999771118164 AB 3.9018628027386475 1.1423429694755483
60956.1006 lsst_hardware_r 1538.02188616155 113.29556951967461 31.639999389648438 AB 10.17472173374329 1.1452538744118288
60956.1202 lsst_hardware_i 1365.8480530542504 92.46260829550867 31.31999969482422 AB 10.848824008468592 1.141130631560881
60958.0704 lsst_hardware_i 1121.9944491318538 47.06044179873473 31.229999542236328 AB 2.859839328471247 1.1757596252450337
60958.0877 lsst_hardware_z 935.0684778820432 53.03773183932945 30.940000534057617 AB 3.665374677650174 1.151366319349827
60960.0705 lsst_hardware_r 937.8222669685013 39.26141434505281 31.489999771118164 AB 6.218881087339893 1.1663135586165307
60960.089 lsst_hardware_g 172.14736394025158 20.71308231153187 31.440000534057617 AB 6.6257150968532645 1.1457063152908509
60962.0726 lsst_hardware_r 855.6985390268082 37.397868605745415 31.489999771118164 AB 8.322691856576697 1.155929424524541
60962.0914 lsst_hardware_i 993.3078515116847 44.66620772059873 31.239999771118164 AB 8.252157163525709 1.1417456759017262
60964.0731 lsst_hardware_z 737.5075938669617 50.39292821927859 30.940000534057617 AB 9.433035492733858 1.1496691642576304
60964.0922 lsst_hardware_i 858.0190153052685 43.41527721674049 31.239999771118164 AB 8.798401806109753 1.1405758110072275
60966.069 lsst_hardware_u 4.880824932082979 3.612299604755888 28.3799991607666 AB 6.74842251203667 1.1484721769973911
60966.0865 lsst_hardware_g 133.90779564287297 18.901889501658253 31.43000030517578 AB 9.776455205189695 1.1405880247553197
60973.0421 lsst_hardware_r 373.5206300389313 31.133699968909927 31.489999771118164 AB 4.409972443223047 1.1564865779120297
60973.0605 lsst_hardware_g 78.81128174795329 17.7126389118998 31.43000030517578 AB 4.346333400654322 1.1420438548654546
60977.0391 lsst_hardware_z 547.9786227678367 51.18278101329913 30.940000534057617 AB 3.6418223035468484 1.1483568331554073
60977.0562 lsst_hardware_i 400.43640010107765 42.331833648916906 31.260000228881836 AB 2.739826060228707 1.1406040840501122
60980.0553 lsst_hardware_z 871.1533278496858 103.17152132363577 31.719999313354492 AB 4.86852109042828 1.1412825373144206
60990.0136 lsst_hardware_y 200.0220641746167 61.70315157663552 30.030000686645508 AB 8.247806217260731 1.1422235961584393
60990.0311 lsst_hardware_r 165.44120284865286 28.0185565261165 31.5 AB 8.233834520721219 1.1422924720647256
60992.0266 lsst_hardware_z 693.6350579428249 69.84325787070247 31.700000762939453 AB 6.031322112023281 1.1426926228216767
61218.3464 lsst_hardware_z -48.20221233592991 75.25 31.700000762939453 AB 8.641279316992037 1.2001776829155606
61219.4029 lsst_hardware_z 41.18378511252639 54.31999969482422 30.959999084472656 AB 5.921560258105763 1.1422395611199028
61219.4234 lsst_hardware_r 43.569839684509496 53.849998474121094 31.600000381469727 AB 5.811507955751214 1.1597501408403939
61221.382 lsst_hardware_i 156.8230268260899 71.76000213623047 31.309999465942383 AB 4.629657318119694 1.1416218933387376
61221.4012 lsst_hardware_z -127.86166130297084 64.7300033569336 30.969999313354492 AB 4.6444810766691385 1.1440078188765892
61224.3732 lsst_hardware_i -143.90631673779973 77.48999786376953 31.31999969482422 AB 7.46977240032732 1.1418178539173525
61224.3929 lsst_hardware_z -59.985324244083785 70.20999908447266 30.979999542236328 AB 7.397156360895222 1.143949125351065
61226.3704 lsst_hardware_z -5.377657056712864 71.30000305175781 30.979999542236328 AB 5.175241678746686 1.1410940053094267
61226.3901 lsst_hardware_r 65.58478865864807 91.08000183105469 31.6299991607666 AB 4.750691902398049 1.1455731618996983
61232.3356 lsst_hardware_r -3.1108040301319106 24.81999969482422 31.5 AB 10.807888897553939 1.1526877907003268
61232.3558 lsst_hardware_i -22.148216106061607 32.38999938964844 31.239999771118164 AB 10.718948408943598 1.1407889892714507
61234.3348 lsst_hardware_z 21.69209871421646 43.56999969482422 30.940000534057617 AB 6.911946758541706 1.1482910773964514
61234.3529 lsst_hardware_u 1.6479426243110387 2.7899999618530273 28.40999984741211 AB 6.885392782518411 1.1405951599975281
61236.3379 lsst_hardware_g 10.590875568285274 15.350000381469727 31.420000076293945 AB 4.227264351740242 1.1428127471587568
61236.3583 lsst_hardware_r -6.052667715379265 24.540000915527344 31.489999771118164 AB 4.148598764731603 1.1430221145423896
61239.3314 lsst_hardware_i 6.233726670972629 32.33000183105469 31.229999542236328 AB 2.05582385021087 1.142124361228261
61239.3518 lsst_hardware_z -24.31675263665423 43.189998626708984 30.940000534057617 AB 1.7949337512908945 1.143877058709014
61243.3313 lsst_hardware_i 31.250634565541827 32.119998931884766 31.229999542236328 AB 5.528023901703169 1.140739558750138
61243.3518 lsst_hardware_u 0.03063147996306123 2.619999885559082 28.280000686645508 AB 5.026977613415186 1.1525359449939288
61245.3268 lsst_hardware_g 3.9836599040267426 15.25 31.420000076293945 AB 5.941081059413309 1.1408701026237753
61245.3482 lsst_hardware_r 30.273163909128144 24.540000915527344 31.489999771118164 AB 5.837473177215126 1.1545635239745107
61250.3052 lsst_hardware_z 82.32193581945442 105.97000122070312 31.729999542236328 AB 4.221851988153356 1.1410410778792852
61252.294 lsst_hardware_z 57.08690404013767 90.04000091552734 30.979999542236328 AB 3.8662091746162304 1.1429189785281888
61252.3148 lsst_hardware_r 47.44803828008913 132.7899932861328 31.6299991607666 AB 3.8631615016441634 1.1431162898784328
61257.2813 lsst_hardware_i -35.984525725442516 43.470001220703125 31.280000686645508 AB 0.3416097653541673 1.142507576435342
61257.3027 lsst_hardware_z 37.50069012281211 48.689998626708984 30.950000762939453 AB 1.7687694144952264 1.1439090797058862
61259.2802 lsst_hardware_g 30.019328058918568 16.549999237060547 31.450000762939453 AB 4.747211968802372 1.1411338640177173
61259.301 lsst_hardware_r 5.920355126873265 26.219999313354492 31.5 AB 4.754007957638109 1.1462806520586986
61262.2549 lsst_hardware_r -19.241063373621806 24.540000915527344 31.489999771118164 AB 4.82552035136838 1.1514693912470035
61262.2748 lsst_hardware_i -23.822068087981165 32.20000076293945 31.229999542236328 AB 4.894182841704806 1.1407022122607637
61265.2452 lsst_hardware_z -50.000306355915086 43.2599983215332 30.940000534057617 AB 4.044724488566827 1.1530275297019108
61265.2656 lsst_hardware_u 0.845962514039544 2.809999942779541 28.440000534057617 AB 3.87878852966492 1.1408201557838
61267.2468 lsst_hardware_g -10.92945475838367 15.489999771118164 31.440000534057617 AB 4.9652141568117925 1.1466565929283228
61267.2665 lsst_hardware_r 11.014237316817129 24.709999084472656 31.5 AB 5.361970319691802 1.1408447488705962
61269.2444 lsst_hardware_i -27.091598815006922 32.45000076293945 31.25 AB 4.894343140983057 1.144607844009134
61269.2637 lsst_hardware_z 11.538794226513037 43.2400016784668 30.950000762939453 AB 4.08703552719384 1.1413909173200698
61275.2404 lsst_hardware_z -120.9966060868536 49.66999816894531 30.959999084472656 AB 2.3592068596350337 1.1406318418863983
61275.2587 lsst_hardware_r -28.05115534576296 49.66999816894531 31.610000610351562 AB 2.20257121214732 1.1473218971987604
61277.2039 lsst_hardware_r 79.8341433249795 77.80999755859375 31.6200008392334 AB 4.410324124160538 1.1638786393808598
61277.2241 lsst_hardware_i -14.764338513544581 63.97999954223633 31.309999465942383 AB 3.8797556309187957 1.1437396838555876
61285.1957 lsst_hardware_g 80.65967826839113 46.79999923706055 31.65999984741211 AB 2.8873283151128235 1.148195247261197
61285.2134 lsst_hardware_r -56.1057070367333 50.79999923706055 31.610000610351562 AB 2.4847517608320633 1.140622819707975
61287.1702 lsst_hardware_r 2.740927307849519 25.139999389648438 31.489999771118164 AB 1.761530335865797 1.1743535572438646
61287.189 lsst_hardware_i -66.56841681706952 32.54999923706055 31.239999771118164 AB 1.723888751749639 1.1492591678330928
61298.157 lsst_hardware_z 34.9003453614495 43.709999084472656 30.940000534057617 AB 1.5601162273843945 1.1510941175979301
61298.1749 lsst_hardware_i 12.780671846962335 32.84000015258789 31.25 AB 1.189884080372257 1.1409196136215873
61300.163 lsst_hardware_z -27.6268204547622 43.93000030517578 30.940000534057617 AB 0.6331719894939795 1.1429097283284826
61300.1805 lsst_hardware_g 12.79431225909642 15.829999923706055 31.440000534057617 AB 0.9215487843910327 1.141826062229321
61304.1453 lsst_hardware_i -47.203054629032614 47.349998474121094 31.290000915527344 AB 5.097952773697733 1.1470250362690366
61304.1647 lsst_hardware_z 35.12544931816556 50.84000015258789 30.959999084472656 AB 5.230357687280595 1.140754130268396
61308.1394 lsst_hardware_r -158.2618500634808 156.02000427246094 31.639999389648438 AB 6.202322157359665 1.143777137452606
61308.1587 lsst_hardware_i -64.8388496075207 126.68000030517578 31.329999923706055 AB 6.256148440340346 1.1418412922688115
61312.1045 lsst_hardware_r -21.85669936500129 73.76000213623047 31.6200008392334 AB 4.355613198141385 1.169920278845422
61312.1222 lsst_hardware_z -111.02242878604972 60.18000030517578 30.969999313354492 AB 4.252068265010477 1.1480182509140788
61314.1069 lsst_hardware_g -37.755854675992104 15.520000457763672 31.43000030517578 AB 7.311421174611813 1.1583366879929997
61314.1252 lsst_hardware_r -30.07832259805395 24.81999969482422 31.5 AB 6.8763298009145615 1.1427220275720085
61318.1009 lsst_hardware_r 26.094826930807788 24.719999313354492 31.5 AB 4.074755751981807 1.1526075247808356
61318.1213 lsst_hardware_g -33.58920331908206 15.4399995803833 31.43000030517578 AB 4.072578977780992 1.1407784251486381
61322.1002 lsst_hardware_z 30.34653759269121 43.15999984741211 30.940000534057617 AB 6.658215339021148 1.1443181814937093
61322.118 lsst_hardware_i 32.34366059739741 32.31999969482422 31.239999771118164 AB 6.669130109459014 1.1411601499145612
61324.0716 lsst_hardware_r 8.525898802326346 24.860000610351562 31.5 AB 3.574406075069413 1.1701460306861893
61324.0906 lsst_hardware_u -4.36711982327334 2.799999952316284 28.43000030517578 AB 4.817800872781076 1.147095445900256
61327.0701 lsst_hardware_g 14.685224763614466 15.359999656677246 31.40999984741211 AB 8.35235470493813 1.1600492645747402
61327.0875 lsst_hardware_r 29.40746928827451 24.600000381469727 31.489999771118164 AB 8.235281223049439 1.1437890587568664
61329.0741 lsst_hardware_i 14.687004817709807 32.88999938964844 31.25 AB 9.504519686412992 1.1494621889559138
61329.0921 lsst_hardware_z -83.70485145221524 43.29999923706055 30.940000534057617 AB 8.843796285805128 1.1406934458668387
61331.0708 lsst_hardware_r 4.396257888232232 32.040000915527344 31.549999237060547 AB 6.517020331303955 1.1476321315984894
61331.089 lsst_hardware_g 39.06811159401581 26.610000610351562 31.600000381469727 AB 9.786638355993242 1.1406227627151921
61333.0691 lsst_hardware_r -29.046766129540597 54.43000030517578 31.6200008392334 AB 3.3117910198119005 1.1449580016636194
61333.0847 lsst_hardware_i 12.051102789898886 49.72999954223633 31.299999237060547 AB 3.6632908130613124 1.140679063696611
61336.0699 lsst_hardware_z 20.989189175736264 86.61000061035156 30.989999771118164 AB 4.94493414785108 1.1411605949000694
61336.0877 lsst_hardware_i 105.76816712399655 99.69000244140625 31.31999969482422 AB 6.08374938429705 1.144314752994837
61338.0404 lsst_hardware_r -44.749144101958514 121.58000183105469 31.639999389648438 AB 4.192920795827901 1.1596001279081545
61338.0583 lsst_hardware_z 43.46915116348936 83.13999938964844 30.989999771118164 AB 4.350382276088365 1.1433580961707526
61341.04 lsst_hardware_g -6.642945082577471 15.449999809265137 31.450000762939453 AB 4.14021406722496 1.1506987401959974
61341.0583 lsst_hardware_r 53.46710432645063 47.02000045776367 31.610000610351562 AB 2.9997380019990674 1.1408016740821705
61344.0388 lsst_hardware_i 18.08557121028011 32.59000015258789 31.260000228881836 AB 5.346584151450936 1.1451240418614126
61344.0569 lsst_hardware_z 36.98299533224854 43.470001220703125 30.950000762939453 AB 4.611745217605423 1.1409562636332073
61351.0115 lsst_hardware_y -29.169174584485194 83.11000061035156 30.780000686645508 AB 4.580916700854966 1.1518764622982545
61351.0249 lsst_hardware_r -54.06016940372437 35.20000076293945 32.2599983215332 AB 4.592607091834039 1.1424158931618003
61357.0149 lsst_hardware_y 103.3310398065058 63.75 30.030000686645508 AB 5.951655275480853 1.140764823514467
61357.0322 lsst_hardware_u 0.7955638617393173 2.950000047683716 28.440000534057617 AB 6.130265329192039 1.1454514644561749
