data/validation/pwv_sim_epoch_fit_seasonal/5590598.ecsv
# %ECSV 0.9
# ---
# datatype:
# - {name: time, datatype: float64}
# - {name: band, datatype: string}
# - {name: flux, datatype: float64}
# - {name: fluxerr, datatype: float64}
# - {name: zp, datatype: float64}
# - {name: zpsys, datatype: string}
# - {name: pwv, datatype: float64}
# - {name: airmass, datatype: float64}
# meta: {SNID: '5590598', alt: 1024.0, c: -0.0899706780910492, dec: -22.508005, lat: -30.244573, lon: -70.7499537, ra: 193.007812, t0: 60456.953125,
#   x0: 2.355335065703729e-06, x1: 0.19798502326011658, z: 0.8332563638687134}
# schema: astropy-2.0
time band flux fluxerr zp zpsys pwv airmass
[from data line 132]
60760.172 lsst_hardware_i -28.051623500945443 31.219999313354492 31.260000228881836 AB 7.73359614449726 1.0517129842924577
60760.1907 lsst_hardware_z -69.81473950214922 41.27000045776367 30.959999084472656 AB 7.560080644718235 1.0256055862419673
60761.2351 lsst_hardware_z -13.241676436188301 41.15999984741211 30.959999084472656 AB 6.378964497209894 1.0125340471761737
60761.2536 lsst_hardware_r 0.5537567145634602 23.760000228881836 31.520000457763672 AB 7.095586596626933 1.0272912970926367
60763.2195 lsst_hardware_i -19.566009518507247 31.09000015258789 31.270000457763672 AB 6.818832691218363 1.0092504846640775
60763.2375 lsst_hardware_u -3.4537112161511283 2.869999885559082 28.549999237060547 AB 6.714815726376773 1.017396322178299
60768.2025 lsst_hardware_i -8.569671654795915 31.040000915527344 31.260000228881836 AB 6.2632288529275675 1.0088964002782808
60768.2201 lsst_hardware_r -37.789862610804256 23.8700008392334 31.520000457763672 AB 7.247857566528551 1.0148218379345493
60770.203 lsst_hardware_z 30.48569271877163 41.029998779296875 30.950000762939453 AB 7.466205651607915 1.0097768189986698
60770.2209 lsst_hardware_g 12.422115142106327 14.989999771118164 31.459999084472656 AB 7.222334595565922 1.0193838525851837
60777.1898 lsst_hardware_z 118.59846274589229 136.9499969482422 31.760000228881836 AB 6.576607874490264 1.011785826844656
60778.0792 lsst_hardware_r 104.89028496344719 164.36000061035156 31.6299991607666 AB 8.898101467759334 1.1704947997578707
60778.096 lsst_hardware_z -197.792640974081 106.5199966430664 30.989999771118164 AB 8.023182798484497 1.113789518773443
60779.1822 lsst_hardware_r 22.196930502005788 137.6699981689453 31.670000076293945 AB 5.484786836763094 1.0109274420354057
60779.1991 lsst_hardware_z -9.876429618258609 93.05999755859375 31.010000228881836 AB 5.589899742854488 1.0218261114804885
60790.0701 lsst_hardware_r -13.174283970643392 24.079999923706055 31.5 AB 14.935940134540392 1.0948497386409906
60790.0882 lsst_hardware_i 27.072064110407315 31.43000030517578 31.260000228881836 AB 14.17322233261117 1.0550785855541813
60793.1459 lsst_hardware_u 2.122694706048198 2.7699999809265137 28.469999313354492 AB 2.103055402615455 1.0116923163513916
60793.1636 lsst_hardware_g 37.16470131593172 14.989999771118164 31.459999084472656 AB 2.1492788129372804 1.024482453038599
60794.0757 lsst_hardware_z 25.484875106275943 41.34000015258789 30.940000534057617 AB 8.978901094097989 1.0580009144655917
60796.1373 lsst_hardware_r 18.0850295783667 23.40999984741211 31.510000228881836 AB 9.428541068358864 1.0115194165636072
60796.1566 lsst_hardware_z 40.01871798670085 41.16999816894531 30.950000762939453 AB 9.546928219100515 1.025724224453453
60801.1286 lsst_hardware_z 3.4839272717226213 66.08999633789062 31.719999313354492 AB 3.6402707298379653 1.0139794516853273
60805.1205 lsst_hardware_z -8.17206920378947 88.16999816894531 31.0 AB 7.660984912596327 1.0157426381512582
60805.1395 lsst_hardware_r -183.91289969738457 126.97000122070312 31.65999984741211 AB 7.223624707468561 1.0346562006400422
60807.0837 lsst_hardware_z -156.99207497217338 124.19000244140625 31.760000228881836 AB 12.30934826947868 1.0107027070760062
60809.0778 lsst_hardware_r 5.5801433243384775 95.19000244140625 31.670000076293945 AB 6.417766892965459 1.0108576735303632
60809.0967 lsst_hardware_z 48.76630584410355 65.52999877929688 30.989999771118164 AB 6.160577741283782 1.0098204143728196
60813.0743 lsst_hardware_g 4.007967466761036 14.640000343322754 31.459999084472656 AB 8.440247754282707 1.0090759679132872
60813.0951 lsst_hardware_r -30.431318130204087 32.27000045776367 31.579999923706055 AB 8.67069710188804 1.0135634081071874
60822.0393 lsst_hardware_z 34.951998160652785 58.09000015258789 31.709999084472656 AB 5.916909068976487 1.0120862209068184
60822.0612 lsst_hardware_r 42.50748801672875 33.13999938964844 32.27000045776367 AB 5.8376806933931595 1.0098192086133675
60825.9554 lsst_hardware_y 35.57393609211616 59.91999816894531 30.030000686645508 AB 10.944428205799294 1.1440567482280752
60825.9759 lsst_hardware_u 2.237164077225838 3.0 28.510000228881836 AB 9.846444309428618 1.0845992942339808
60827.9722 lsst_hardware_i 8.793214768939615 33.79999923706055 31.260000228881836 AB 10.276479081562128 1.0804267551450484
60831.0296 lsst_hardware_r 200.97057580516807 64.75 31.65999984741211 AB 10.236904120655412 1.0088601676018154
60831.0506 lsst_hardware_y 58.955143236901456 51.45000076293945 30.06999969482422 AB 9.68187323535023 1.016496310701098
60843.0005 lsst_hardware_r 32.33328791365031 33.5 32.27000045776367 AB 6.068595770017205 1.0091620138051394
60843.0299 lsst_hardware_i 20.15887837435878 44.06999969482422 32.0099983215332 AB 6.185767524400037 1.0275076865646262
60844.9699 lsst_hardware_y 4.039220840621689 47.349998474121094 30.059999465942383 AB 6.400200481922365 1.015824217430738
60844.9919 lsst_hardware_z -88.06312293185769 41.310001373291016 30.959999084472656 AB 6.466901488892382 1.0088769873467054
60847.9688 lsst_hardware_y 69.9836769991428 47.34000015258789 30.049999237060547 AB 5.401327637693346 1.011863551459975
60847.9894 lsst_hardware_u 3.49210385102725 2.7799999713897705 28.479999542236328 AB 5.449974213834797 1.0096284204955164
60852.9512 lsst_hardware_y -23.50565289738379 79.55000305175781 30.079999923706055 AB 7.766025151893058 1.013863463333805
60852.9708 lsst_hardware_r -17.991478687968048 24.100000381469727 31.530000686645508 AB 7.6876033843649685 1.0089159697753305
