data/validation/pwv_sim_epoch_fit_seasonal/56057284.ecsv
# %ECSV 0.9
# ---
# datatype:
# - {name: time, datatype: float64}
# - {name: band, datatype: string}
# - {name: flux, datatype: float64}
# - {name: fluxerr, datatype: float64}
# - {name: zp, datatype: float64}
# - {name: zpsys, datatype: string}
# - {name: pwv, datatype: float64}
# - {name: airmass, datatype: float64}
# meta: {SNID: '56057284', alt: 1024.0, c: -0.050953857600688934, dec: -9.140394, lat: -30.244573, lon: -70.7499537, ra: 126.5625, t0: 62844.23046875,
#   x0: 2.56869519311431e-06, x1: 0.4114667475223541, z: 0.8047480583190918}
# schema: astropy-2.0
time band flux fluxerr zp zpsys pwv airmass
62837.3356 lsst_hardware_z 535.1698641568358 48.066106492077466 30.940000534057617 AB 7.132145082205782 1.0759411777794377
62839.3371 lsst_hardware_u 1.5746429761626175 3.2817790086641074 28.559999465942383 AB 4.664140855874902 1.0726272570044748
62841.3366 lsst_hardware_r 658.9111797734215 34.5814543428217 31.5 AB 4.525154899133778 1.0714229665286557
62845.2765 lsst_hardware_z 1701.2465453683851 125.35143758370864 32.16999816894531 AB 10.432377119811582 1.1279160061423283
62845.2976 lsst_hardware_y 406.86444735874807 57.50985205606351 30.049999237060547 AB 10.972391434024656 1.091128821999236
62852.2817 lsst_hardware_z 1177.0445804629476 74.94083974834967 31.709999084472656 AB 7.636309561832265 1.0872513080134214
62852.3047 lsst_hardware_r 546.1385286490904 48.074045440716716 31.610000610351562 AB 7.084861021518486 1.0717587204474932
62854.2889 lsst_hardware_y 279.94768300201997 49.83954070634182 30.040000915527344 AB 4.648801761024973 1.0761115187557806
62854.3091 lsst_hardware_g 74.96771004694799 21.57606147098025 31.56999969482422 AB 5.17244343401776 1.071490837042762
62859.2817 lsst_hardware_z 417.2226671615451 46.777644610136065 30.950000762939453 AB 6.037747748690613 1.072900532863725
62859.3031 lsst_hardware_r 332.55137825822595 28.326096196510324 31.479999542236328 AB 6.498991797149857 1.0738880995538307
62862.2871 lsst_hardware_u 4.614424519392391 2.706186766193542 28.440000534057617 AB 6.736365374572369 1.0714611239295968
62862.3056 lsst_hardware_r 237.14739059208074 27.664218498139913 31.489999771118164 AB 6.461338753293658 1.0811091208678858
62864.2539 lsst_hardware_g 17.71366474560887 14.98993098966902 31.43000030517578 AB 7.761199080999873 1.0821023954547546
62864.2763 lsst_hardware_i 556.5629477937046 37.969832244520326 31.260000228881836 AB 7.701347452236732 1.0711689163480085
62867.2551 lsst_hardware_z 308.77769942588304 45.65483189390938 30.950000762939453 AB 7.604537312526763 1.0751045922733042
62867.2782 lsst_hardware_r 151.2009225628558 26.493875661417903 31.5 AB 7.586408821337337 1.0726508319930403
62869.2589 lsst_hardware_y 129.51501613152223 48.818292566232195 30.030000686645508 AB 4.655133771089681 1.071623796291363
62869.2805 lsst_hardware_g 14.511695839899014 14.71555033038189 31.389999389648438 AB 4.721345720084381 1.0764991191528135
62871.2414 lsst_hardware_r 209.31452271256754 58.104101267914814 31.6299991607666 AB 12.438178895781068 1.0768053757926632
62871.2634 lsst_hardware_i 339.8041643828549 49.487616978014515 31.299999237060547 AB 11.159388121400069 1.0716098833007965
62873.2467 lsst_hardware_z 297.7599730693444 69.28707595177927 30.979999542236328 AB 9.431315556662053 1.0719028136833673
62873.2679 lsst_hardware_r 100.33824864385358 95.41908251579451 31.649999618530273 AB 10.143406368184015 1.0754627709684412
62875.2446 lsst_hardware_z 247.59449953588674 85.71188424338807 31.0 AB 7.4324088911607715 1.0712996131542303
62875.2666 lsst_hardware_r 68.90587353069341 124.92774956355069 31.649999618530273 AB 8.535631936216976 1.078230485858391
62880.2015 lsst_hardware_g -12.49420029329495 53.37425791241193 31.690000534057617 AB 8.662237779294026 1.0918099001273902
62880.2206 lsst_hardware_i 170.38991580908748 51.09908102338485 31.309999465942383 AB 8.462820632095053 1.0745642924348537
62882.199 lsst_hardware_z 174.63945915557485 45.74666859906006 30.950000762939453 AB 5.600998813130663 1.0881536379874035
62882.2187 lsst_hardware_r 60.30038439701963 33.74875176850869 31.56999969482422 AB 5.428318607225025 1.072966945918305
62888.193 lsst_hardware_z 129.10751795193764 43.167359398165246 30.940000534057617 AB 10.543471372062262 1.078202364521259
62888.2136 lsst_hardware_r 75.00513201313352 23.85224270230999 31.489999771118164 AB 10.176156880965618 1.0711744085226966
62890.1638 lsst_hardware_r 40.818701626944964 24.30128377457748 31.489999771118164 AB 15.682780942180699 1.107645325043366
62890.1858 lsst_hardware_u 1.0265704520849548 2.7294910664498837 28.420000076293945 AB 12.369083924685299 1.0795622015872022
62892.1638 lsst_hardware_g -2.333658540813801 14.828294185359942 31.440000534057617 AB 14.385705092694792 1.0987325359119218
62892.184 lsst_hardware_i 152.11895022820147 32.47675400696854 31.260000228881836 AB 15.036441959595981 1.0768390417585836
62898.1442 lsst_hardware_r 53.62173532881921 41.338563579965815 31.600000381469727 AB 9.330591303773001 1.1038200998193541
62898.1626 lsst_hardware_i 44.13886800837377 40.39950108975313 31.280000686645508 AB 9.086571455485293 1.0807054537922565
62909.1313 lsst_hardware_z 66.09758710540012 49.74950631518732 30.959999084472656 AB 4.346825734752587 1.081838161959323
62909.1481 lsst_hardware_r 41.50717942396431 50.781512013093234 31.6200008392334 AB 4.338783067052901 1.0719661685121435
62913.1214 lsst_hardware_r -9.719276750555595 23.694352900491236 31.5 AB 3.411365243406527 1.0809142089374204
62915.0594 lsst_hardware_g 13.40453539401549 14.541267707534136 31.3700008392334 AB 5.36312304779128 1.204294097557922
62915.0819 lsst_hardware_r 22.21826607788838 23.904520875592628 31.489999771118164 AB 5.0664297631177035 1.1359707989053147
62918.1215 lsst_hardware_i 76.99578207862761 31.802116379517102 31.260000228881836 AB 4.894642396607315 1.0725632511465577
62918.1388 lsst_hardware_z 58.8922576732827 42.40526634202336 30.950000762939453 AB 5.418313549626191 1.072579389566358
62920.0976 lsst_hardware_z 112.07991037329725 42.74455051806157 30.950000762939453 AB 7.14400386724404 1.085494914998588
62920.1155 lsst_hardware_r 3.939358623814459 23.654232659423716 31.510000228881836 AB 7.073620893072104 1.0727495130216647
62922.0943 lsst_hardware_u -2.514441165853855 2.741785690966049 28.450000762939453 AB 8.284033769064976 1.083269641905911
62922.1132 lsst_hardware_r -7.998031044226575 23.511931319355604 31.5 AB 8.18867742318375 1.0718164166470876
62926.0917 lsst_hardware_r 23.320915611979707 31.530482333845402 31.559999465942383 AB 4.543264690741386 1.0764754627985749
62926.1103 lsst_hardware_z 86.34845627223348 43.775771993041005 30.950000762939453 AB 4.544272835283229 1.0711940209283348
62928.0804 lsst_hardware_y 64.98052657272146 50.09086159207141 30.040000915527344 AB 6.791776646897341 1.080948032610517
62928.0973 lsst_hardware_r 89.58148037396073 50.61626575947899 31.6200008392334 AB 6.193392259227737 1.0717065684768536
62931.0817 lsst_hardware_i 164.1408615141347 78.05462236718094 31.329999923706055 AB 5.696297872234045 1.0743677616435394
62931.0997 lsst_hardware_z 18.25230584196281 71.03017448878039 30.989999771118164 AB 7.635601689466788 1.071613261059149
62933.0779 lsst_hardware_r -14.187100736503993 116.73860729365964 31.649999618530273 AB 10.046954339351483 1.0735837228158012
62933.0959 lsst_hardware_z 127.9957999818347 79.56173344599028 30.989999771118164 AB 11.064318432162931 1.071994034846841
62936.0488 lsst_hardware_z 44.791636576100345 57.04999923706055 30.969999313354492 AB 7.800789131645785 1.09152832998773
62936.0679 lsst_hardware_r -8.390307253441819 73.91999816894531 31.639999389648438 AB 7.7189697806260185 1.0744419135542345
62938.0481 lsst_hardware_i 45.49591338265468 30.760000228881836 31.25 AB 11.44236017484623 1.085870479226214
62938.0674 lsst_hardware_z -25.707691526848286 45.75 30.959999084472656 AB 11.15378062215121 1.0723929770516345
62940.0464 lsst_hardware_r 38.514526372928096 22.68000030517578 31.479999542236328 AB 10.314263827415095 1.082067124151797
62940.0661 lsst_hardware_u -0.9376652074411171 2.6700000762939453 28.40999984741211 AB 10.38362926970753 1.0714161140904432
62942.0456 lsst_hardware_g -2.779009613827798 13.880000114440918 31.420000076293945 AB 8.761887572624822 1.078153945011832
62942.0637 lsst_hardware_r -9.611087463484852 22.799999237060547 31.5 AB 8.718709747580458 1.0711274606198544
62947.0307 lsst_hardware_r -1.5761225977411197 22.8700008392334 31.510000228881836 AB 5.601323959414279 1.0791145567841536
62947.0511 lsst_hardware_g 20.05513179245903 13.960000038146973 31.440000534057617 AB 4.179568526398815 1.0711120622912145
62949.0328 lsst_hardware_r 13.43554274324041 22.690000534057617 31.510000228881836 AB 4.989309695853636 1.07424043403028
62949.0507 lsst_hardware_i 35.000979706844824 30.610000610351562 31.260000228881836 AB 4.465169585571509 1.071640700537129
62951.0247 lsst_hardware_z -3.4694819524153684 41.709999084472656 30.950000762939453 AB 8.05399793703521 1.0756831008416716
62951.0421 lsst_hardware_i -49.80882825379388 30.799999237060547 31.25 AB 7.490600636761499 1.0711952574825792
62953.0246 lsst_hardware_u 2.8848348499794887 3.0199999809265137 28.579999923706055 AB 7.459407800786023 1.0730387629996836
62953.0426 lsst_hardware_g -16.328882457085633 14.90999984741211 31.459999084472656 AB 7.604875387511544 1.0723678572284001
62955.0243 lsst_hardware_r -26.352210542710463 29.65999984741211 31.559999465942383 AB 6.2914707346864205 1.071557409109757
62955.0415 lsst_hardware_i -18.6822205964946 34.09000015258789 31.270000457763672 AB 6.2906718706132025 1.0741044742082873
62957.0088 lsst_hardware_z 80.91402898525753 87.91000366210938 32.15999984741211 AB 3.935954656152447 1.0753974470361878
62958.9916 lsst_hardware_y 11.58818651078679 57.31999969482422 30.040000915527344 AB 9.95727654732988 1.084966117932975
62959.0096 lsst_hardware_z -6.257240173692259 61.65999984741211 30.979999542236328 AB 6.733133730195876 1.072539322240592
62962.9887 lsst_hardware_y -6.614757220585038 57.20000076293945 30.049999237060547 AB 12.201089924024997 1.0778268644098636
62963.0067 lsst_hardware_i 118.57728327454086 70.4000015258789 31.329999923706055 AB 11.406319034119585 1.0711164460624971
62963.9894 lsst_hardware_y 87.30885889882914 55.0 30.040000915527344 AB 9.446686140453377 1.0755648571619465
62964.0081 lsst_hardware_g 128.41676735223345 90.48999786376953 31.719999313354492 AB 8.118670931766262 1.0713592256138467
62966.9787 lsst_hardware_y 65.9944269738405 59.93000030517578 30.049999237060547 AB 3.126941313861197 1.0771722625616296
62966.9968 lsst_hardware_i -25.826281882132694 30.809999465942383 31.25 AB 3.1325636123029756 1.0711144991490442
62968.9765 lsst_hardware_z 61.87351521004922 53.279998779296875 30.969999313354492 AB 8.29507965983382 1.0751304846142016
62968.9938 lsst_hardware_u -2.533110337890224 2.8399999141693115 28.469999313354492 AB 8.307752699807343 1.0712769438823138
62970.9744 lsst_hardware_y 17.01262801779554 64.61000061035156 30.049999237060547 AB 12.145199718438581 1.073466476793228
62970.9918 lsst_hardware_r -17.914089801517136 23.360000610351562 31.5 AB 12.159947580991158 1.0719040554458124
62973.9738 lsst_hardware_y 76.67345857413126 58.33000183105469 30.049999237060547 AB 12.07610805981103 1.0713367689683313
62973.9922 lsst_hardware_z 5.4036648554537186 42.040000915527344 30.950000762939453 AB 12.141682290437878 1.0754845024525335
62975.9715 lsst_hardware_y 68.74152715665318 59.7599983215332 30.049999237060547 AB 9.580558364976492 1.0711116736515727
62975.989 lsst_hardware_u -0.19253408506052144 2.950000047683716 28.549999237060547 AB 9.652529594110426 1.0769106447621295
63200.3461 lsst_hardware_z 3.6702523593408665 69.19999694824219 30.989999771118164 AB 6.55286043411013 1.0736234020005493
63203.3365 lsst_hardware_i -56.376377230937095 71.02999877929688 31.329999923706055 AB 6.5081512106851465 1.0742839811247156
63203.3552 lsst_hardware_y -27.081120678695903 78.55000305175781 30.059999465942383 AB 6.497113912556162 1.0718121673530088
63207.3417 lsst_hardware_g -48.2988371051886 33.150001525878906 31.649999618530273 AB 4.685518368536386 1.0713429446750626
63212.2884 lsst_hardware_u 1.6394785165014434 2.680000066757202 28.43000030517578 AB 13.406807511590362 1.0971724655369826
63212.3069 lsst_hardware_y 14.536720052965165 47.31999969482422 30.040000915527344 AB 11.324377407676668 1.0772809558292111
63215.3057 lsst_hardware_g 16.624588126940566 13.770000457763672 31.40999984741211 AB 8.866595965090646 1.0733787437163633
63215.3248 lsst_hardware_r 8.71090634626265 22.770000457763672 31.5 AB 8.862914253199692 1.0724622250329623
63217.2635 lsst_hardware_i -59.84183157209322 31.350000381469727 31.239999771118164 AB 7.887375248836412 1.116480323991233
63217.2864 lsst_hardware_z -22.309179824682904 41.900001525878906 30.940000534057617 AB 7.600451558711646 1.0829939525095444
63219.2699 lsst_hardware_r -9.100663201622629 32.20000076293945 32.2400016784668 AB 4.787188271154726 1.0962817361091717
63219.2924 lsst_hardware_u -0.9483302405824909 2.7300000190734863 28.469999313354492 AB 5.2008797385064724 1.0744879288974187
63221.2719 lsst_hardware_g 3.9519502811905247 13.850000381469727 31.399999618530273 AB 5.856807488150303 1.086740627440061
63221.2926 lsst_hardware_i 16.810979152384878 30.770000457763672 31.25 AB 6.522601882380432 1.0722085286104819
63223.2585 lsst_hardware_z -11.885119960946255 41.59000015258789 30.940000534057617 AB 7.349727643235464 1.0969742751097706
63223.2856 lsst_hardware_r 66.19521831302897 22.610000610351562 31.489999771118164 AB 7.187110671502432 1.0727030852988704
63225.282 lsst_hardware_y -3.4883754988116653 69.51000213623047 30.790000915527344 AB 6.778268133737998 1.0721149576218694
63225.303 lsst_hardware_g -3.0209694946244703 19.770000457763672 32.15999984741211 AB 7.194832920599991 1.0748315640718715
63227.2839 lsst_hardware_r 116.03159515076423 83.88999938964844 31.649999618530273 AB 6.718018955527608 1.071112716123662
63227.3053 lsst_hardware_i -77.97786755025216 67.55000305175781 31.329999923706055 AB 6.452583126527973 1.0802164802156362
63230.2477 lsst_hardware_i 27.627421527207222 137.9199981689453 32.09000015258789 AB 9.767211447846716 1.0863219798704327
63230.2705 lsst_hardware_z 87.73339600764697 80.87000274658203 31.0 AB 9.322937390979892 1.071601998963206
