data/validation/pwv_sim_epoch_fit_seasonal/56072342.ecsv
# %ECSV 0.9
# ---
# datatype:
# - {name: time, datatype: float64}
# - {name: band, datatype: string}
# - {name: flux, datatype: float64}
# - {name: fluxerr, datatype: float64}
# - {name: zp, datatype: float64}
# - {name: zpsys, datatype: string}
# - {name: pwv, datatype: float64}
# - {name: airmass, datatype: float64}
# meta: {SNID: '56072342', alt: 1024.0, c: -0.08189725130796432, dec: -48.336796, lat: -30.244573, lon: -70.7499537, ra: 45.807175, t0: 60542.01171875,
#   x0: 2.04464728670428e-05, x1: 0.6771096587181091, z: 0.3396485447883606}
# schema: astropy-2.0
time band flux fluxerr zp zpsys pwv airmass
60538.4304 lsst_hardware_u 147.4677707306424 18.151233123157123 29.3799991607666 AB 4.209263591444973 1.0525790426218988
60542.428 lsst_hardware_z 2792.3228402942136 92.99852675704243 30.989999771118164 AB 1.5897933379629197 1.0555812568780139
60547.316 lsst_hardware_i 4759.338620309288 78.322295109014 31.270000457763672 AB 3.0962599775489936 1.137355201744457
60548.424 lsst_hardware_g 4251.520317486437 76.91201947563135 31.690000534057617 AB 2.9958788229326654 1.0632795798761345
60554.4093 lsst_hardware_z 1993.456499768392 62.40281099631074 30.950000762939453 AB 2.321966688321661 1.0646339698861353
60556.4007 lsst_hardware_i 3623.287318661289 66.44627728696543 31.239999771118164 AB 2.4783805018287706 1.0621630722123303
60556.4125 lsst_hardware_u 18.46280691258333 8.18324686670925 29.020000457763672 AB 2.574766393911003 1.0728193307962512
60569.3071 lsst_hardware_z 1577.441457867311 67.44369489050287 30.969999313354492 AB 1.181693274757238 1.062116642729897
60569.3181 lsst_hardware_r 1993.6308808896524 82.92557032825576 31.649999618530273 AB 1.1857848736299341 1.0555165405800169
60570.28 lsst_hardware_r 1780.4645732915021 98.08308139426383 31.649999618530273 AB 1.7420182592792013 1.0883079504034994
60570.3153 lsst_hardware_z 1571.2280555774685 72.62045211883581 30.979999542236328 AB 2.0030797890540355 1.0555488085652742
60572.3805 lsst_hardware_i 2183.4231626650458 80.68597120455166 31.31999969482422 AB 6.41508678692803 1.0871492930819993
60572.3922 lsst_hardware_z 1617.4209042565947 72.99628333485136 30.969999313354492 AB 6.5787517146994965 1.105486760998067
60575.3661 lsst_hardware_z 3055.3442950921267 86.27695072186016 31.709999084472656 AB 1.9392386469525678 1.0790533137080651
60579.3601 lsst_hardware_r 1023.2317139442754 39.46781231021466 31.489999771118164 AB 5.371901507032283 1.0853788066471477
60579.3722 lsst_hardware_i 1719.245256458899 51.45812832237283 31.229999542236328 AB 5.332807905137572 1.1039486416930346
60587.3548 lsst_hardware_z 1074.185038667844 52.11220055127801 30.940000534057617 AB 8.450342855058333 1.1118872177708332
60587.367 lsst_hardware_i 1183.3604636264488 46.545136241018064 31.239999771118164 AB 8.641123694607295 1.1369899598167494
60589.3477 lsst_hardware_u -2.8732003051711654 2.9820405065019338 28.389999389648438 AB 3.991987102821289 1.108885306339247
60589.3594 lsst_hardware_g 187.52233409676091 19.21865626357625 31.3700008392334 AB 4.0760136499127775 1.1322260138646605
60591.2704 lsst_hardware_g 168.01919863594392 19.223353167059727 31.399999618530273 AB 2.7177159699803313 1.05181550795863
60591.2824 lsst_hardware_r 569.5305279098807 32.624953360086195 31.489999771118164 AB 2.723329329707726 1.0519184973281204
60593.3372 lsst_hardware_z 810.701620391427 49.99414691566327 30.950000762939453 AB 4.871913942910188 1.1096490019155423
60593.349 lsst_hardware_u -6.067886275442329 3.4327849709842875 28.450000762939453 AB 4.927052913412069 1.1333723419199992
60595.3265 lsst_hardware_g 164.42436854526025 19.096046946913127 31.389999389648438 AB 5.815949995635098 1.1005503421527136
60595.3368 lsst_hardware_r 584.7505662809745 31.798919766204968 31.479999542236328 AB 6.119938053615165 1.1192619965766755
60597.33 lsst_hardware_r 530.4157527192093 46.46892813276585 31.59000015258789 AB 6.2546578498255645 1.1166373214398542
60597.3411 lsst_hardware_i 879.673209681261 48.3535713201782 31.260000228881836 AB 6.72395409805849 1.1402007910112066
60598.3242 lsst_hardware_z 639.2333531537607 59.396737368661334 30.969999313354492 AB 7.833279012314189 1.1108407958847495
60598.3348 lsst_hardware_i 876.7279412804379 59.10955898609626 31.299999237060547 AB 8.287647430531026 1.1321664940048464
60600.3239 lsst_hardware_z 1284.1903359301525 97.72578798744068 31.729999542236328 AB 6.826180847361799 1.1207608659198112
60602.3189 lsst_hardware_r 527.7083533231925 75.01452892824626 31.639999389648438 AB 1.2764822097382265 1.1216891122486141
60602.3314 lsst_hardware_i 794.5602479480682 65.14392469782145 31.309999465942383 AB 1.3082674306736048 1.1496198863570464
60604.3154 lsst_hardware_z 1072.3118610792476 75.82695206319538 31.700000762939453 AB 2.826486970086917 1.1257166824106613
60608.3143 lsst_hardware_i 785.1250627021916 42.06735828340095 31.25 AB 1.5630135107845762 1.1478679393763287
60608.3249 lsst_hardware_z 556.8860192032001 48.95536087822535 30.940000534057617 AB 1.582107385993112 1.175705265785949
60610.313 lsst_hardware_i -0.17595538596804952 31.149999618530273 31.239999771118164 AB 3.2823019982928163 1.1582891921631115
60610.3228 lsst_hardware_u -0.26408983003345193 2.740000009536743 28.43000030517578 AB 3.4787795584886467 1.1854424166365582
60614.3044 lsst_hardware_r -18.71336969115987 22.299999237060547 31.469999313354492 AB 6.380829139826928 1.1643848795304612
60614.316 lsst_hardware_i -50.84698231593122 31.290000915527344 31.229999542236328 AB 6.535581516075588 1.1980168977286305
60616.2928 lsst_hardware_i -37.84872666481797 30.93000030517578 31.239999771118164 AB 5.513781994801109 1.148704582250231
60616.3047 lsst_hardware_z 49.92282144033323 43.11000061035156 30.940000534057617 AB 5.665966664127899 1.1804097216933125
60619.2386 lsst_hardware_r 8.490840815041125 21.65999984741211 31.479999542236328 AB 2.6771719344052425 1.070868773762097
60619.2507 lsst_hardware_g -28.180019741120887 12.890000343322754 31.3799991607666 AB 3.313279287647928 1.085135137876106
60621.1495 lsst_hardware_r -16.851657329007534 22.549999237060547 31.489999771118164 AB 6.378942343589655 1.0770388918713023
60621.1641 lsst_hardware_u 2.3803945833041946 2.7300000190734863 28.459999084472656 AB 6.278822314417694 1.0629160592079159
60623.2575 lsst_hardware_i -10.670455533737117 30.5 31.239999771118164 AB 10.37276388335977 1.113754175020734
60623.2697 lsst_hardware_z -41.240303778423495 42.34000015258789 30.940000534057617 AB 10.627396286251024 1.1392599199125626
60628.2506 lsst_hardware_i -103.86872232619851 63.33000183105469 31.309999465942383 AB 5.267939625468995 1.1272539721754655
60628.2623 lsst_hardware_z 65.08111337781176 59.68000030517578 30.969999313354492 AB 5.3655193389845905 1.15433023894394
60630.2423 lsst_hardware_z -107.39871114019462 60.41999816894531 30.969999313354492 AB 6.158149144406078 1.1213965481937682
60630.2546 lsst_hardware_r 100.41983750045833 84.37000274658203 31.6299991607666 AB 4.625531739198175 1.1487723181915248
60632.2327 lsst_hardware_z -38.49060884350928 51.470001220703125 30.959999084472656 AB 5.909472605957941 1.1133318356463662
60632.2453 lsst_hardware_r 153.87851963821186 60.77000045776367 31.6200008392334 AB 6.069754551093837 1.139663823334419
60634.2414 lsst_hardware_i 29.34322754814895 41.72999954223633 31.270000457763672 AB 3.7412745487082275 1.1433048432438304
60634.2539 lsst_hardware_z -13.48490177153421 47.58000183105469 30.950000762939453 AB 4.022412486895617 1.1756856450393542
60636.2032 lsst_hardware_z -75.61873781122715 41.209999084472656 30.940000534057617 AB 6.625724935416972 1.0836972416450188
60636.2154 lsst_hardware_r -31.07620852140712 27.09000015258789 31.530000686645508 AB 6.797348699501901 1.1019749310189517
60645.1854 lsst_hardware_i -55.23549619449826 30.09000015258789 31.239999771118164 AB 6.925356816994287 1.0933047650888208
60645.1975 lsst_hardware_z -10.503386094943496 41.709999084472656 30.940000534057617 AB 7.01903269300586 1.113896428217144
60647.2033 lsst_hardware_r 1.380612715783231 21.8700008392334 31.459999084472656 AB 4.130719016404851 1.1372864103902307
60647.2149 lsst_hardware_u -1.049794562615824 2.5 28.280000686645508 AB 5.0928774947346795 1.166018543811958
60649.2023 lsst_hardware_g -17.267653352437787 12.930000305175781 31.360000610351562 AB 5.968332879286663 1.147756322939743
60649.2143 lsst_hardware_i -20.051660819167687 30.959999084472656 31.229999542236328 AB 6.306272632399587 1.1795693490576735
60651.2012 lsst_hardware_z 3.907309087072496 42.459999084472656 30.940000534057617 AB 5.168034846303485 1.1586872588539845
60651.2127 lsst_hardware_r 24.10215005569053 22.31999969482422 31.459999084472656 AB 5.953844224360614 1.1910070462813789
60653.1196 lsst_hardware_r -18.14990623192574 34.7400016784668 31.59000015258789 AB 9.692361887649046 1.0535175964835921
60653.1327 lsst_hardware_y 43.59941449277087 47.90999984741211 30.040000915527344 AB 7.877359220510861 1.0599720861867048
60657.1047 lsst_hardware_r 42.603048595908966 66.04000091552734 31.639999389648438 AB 7.7842928760989585 1.0524292403297448
60657.1188 lsst_hardware_i -7.827677269034385 54.20000076293945 31.309999465942383 AB 7.820548840878125 1.058117824499814
60659.0967 lsst_hardware_z 39.57856225106512 56.810001373291016 30.979999542236328 AB 10.628017306780125 1.0519439734313591
60659.1102 lsst_hardware_r 60.04885192439934 78.20999908447266 31.649999618530273 AB 10.665019261112331 1.0564110720722484
60661.1003 lsst_hardware_z 20.953949301884737 50.209999084472656 30.969999313354492 AB 4.046374792666865 1.0544299133985315
60661.1128 lsst_hardware_g 31.753462469863006 61.349998474121094 31.709999084472656 AB 4.072788902389727 1.0613130690266388
60664.0845 lsst_hardware_g 11.520011781831775 12.899999618530273 31.389999389648438 AB 3.2618317842104827 1.0522038013582202
60664.097 lsst_hardware_r 10.464712633546814 21.649999618530273 31.479999542236328 AB 3.2755946649921266 1.0566434403200409
60666.0853 lsst_hardware_i 30.80017792692088 29.940000534057617 31.25 AB 4.475162286790687 1.0539299650957383
60666.0963 lsst_hardware_r -8.907623734621096 21.709999084472656 31.479999542236328 AB 4.53419135154593 1.0593905026975958
60667.0883 lsst_hardware_u 4.401519012618883 2.6500000953674316 28.450000762939453 AB 6.542023103948304 1.0563861082350519
60667.1018 lsst_hardware_g 2.8122864488222703 12.979999542236328 31.389999389648438 AB 6.573480489391493 1.0655378342928261
60669.086 lsst_hardware_r 3.5017958428393614 30.739999771118164 32.2400016784668 AB 7.975453221764796 1.058103246668557
60669.0988 lsst_hardware_i 52.86043077131936 42.540000915527344 32.0 AB 8.064894365066866 1.0677265267078087
60671.0855 lsst_hardware_z -26.04173083698649 41.0 30.950000762939453 AB 5.649413256008826 1.0613212955117088
60671.0982 lsst_hardware_r -17.70340585401622 21.809999465942383 31.489999771118164 AB 5.744471712256102 1.072530192729004
60675.0784 lsst_hardware_r -3.3602922454390285 21.81999969482422 31.479999542236328 AB 7.281264149593303 1.0642424494291045
60675.0907 lsst_hardware_z -8.350434577065178 41.41999816894531 30.940000534057617 AB 7.402469463275764 1.0763020947485276
60910.4249 lsst_hardware_r -48.58334339331882 33.18000030517578 31.56999969482422 AB 1.6563118626997189 1.057839286412083
60919.3721 lsst_hardware_i 32.50708775548728 29.709999084472656 31.239999771118164 AB 0.8557115952386818 1.0517811269962287
60919.3836 lsst_hardware_z 12.133709733354776 40.810001373291016 30.940000534057617 AB 0.6439697969206344 1.0518085698989537
60934.3886 lsst_hardware_r 56.31469209700121 23.68000030517578 31.510000228881836 AB 4.570488129103926 1.086056585133606
60934.4005 lsst_hardware_i -23.385369452851553 36.400001525878906 31.270000457763672 AB 4.668587357771889 1.1044682653825144
60936.3911 lsst_hardware_z -22.5648568796336 42.470001220703125 30.940000534057617 AB 1.864876212758132 1.0979009249421685
60936.4024 lsst_hardware_r -16.497519023524912 29.739999771118164 31.540000915527344 AB 1.8886465857460235 1.1180385293745885
60938.3801 lsst_hardware_r 4.391450360714039 21.770000457763672 31.469999313354492 AB 6.25713280839094 1.0894601523605816
60938.3919 lsst_hardware_u -2.474525377706752 3.630000114440918 28.600000381469727 AB 6.573767002317507 1.1085610459217372
60941.3753 lsst_hardware_z 49.886447848549906 41.439998626708984 30.940000534057617 AB 1.5897868778160982 1.0945176439353517
60941.3879 lsst_hardware_r -8.889488658722787 22.469999313354492 31.469999313354492 AB 1.5997785875437167 1.1163842201978267
60943.3652 lsst_hardware_r 1.6311537975441177 21.760000228881836 31.469999313354492 AB 6.368928296276527 1.087683083643959
60943.3774 lsst_hardware_u 1.0150504138906045 2.6500000953674316 28.3700008392334 AB 7.160085367702343 1.1070442375945797
60945.3563 lsst_hardware_u -0.4146283091111341 2.5899999141693115 28.389999389648438 AB 5.2764859879119745 1.0830225755155942
60945.3684 lsst_hardware_g 5.409600997734593 12.890000343322754 31.3700008392334 AB 5.47765344902995 1.1009621028467005
60952.352 lsst_hardware_z -163.14242103382574 47.58000183105469 30.959999084472656 AB 2.6010781368663185 1.1055871933406447
60952.364 lsst_hardware_g 12.70708494390963 12.970000267028809 31.360000610351562 AB 2.671081111696985 1.1288643143045651
60955.3456 lsst_hardware_r 117.56970597400615 87.52999877929688 31.639999389648438 AB 3.9915617303575286 1.1087671473215357
60955.3572 lsst_hardware_z -8.3973725996079 63.099998474121094 30.969999313354492 AB 4.074731812099853 1.1318699478055148
60957.343 lsst_hardware_r -67.33943167325313 66.19000244140625 31.6299991607666 AB 3.214983091885503 1.114057092192493
60957.3552 lsst_hardware_y 13.928506700146393 51.58000183105469 30.020000457763672 AB 3.2853859083428865 1.139637824481547
60959.3297 lsst_hardware_z 18.81127680147322 66.97000122070312 31.709999084472656 AB 4.954636683335722 1.100174682654737
60961.3266 lsst_hardware_r -21.545122534372243 31.700000762939453 31.549999237060547 AB 5.78116329782544 1.1041534231084718
60961.3373 lsst_hardware_i 60.03025838271799 35.11000061035156 31.25 AB 6.136570642074571 1.124394547500337
60963.3253 lsst_hardware_z -53.8378440312183 42.31999969482422 30.940000534057617 AB 6.341609942283687 1.11158807051415
60963.336 lsst_hardware_r 34.96722084729503 24.1299991607666 31.489999771118164 AB 6.658028155069675 1.1332813880969261
60965.3266 lsst_hardware_u -1.4578221824423085 2.559999942779541 28.350000381469727 AB 6.082265045862045 1.1248525190386915
60965.3368 lsst_hardware_g 1.3011914957150394 13.0600004196167 31.360000610351562 AB 5.6056772437756965 1.1477831474961755
60968.322 lsst_hardware_r -9.380068515551583 22.040000915527344 31.479999542236328 AB 1.3137174295152088 1.1325150254441454
60968.3332 lsst_hardware_z 10.056325294797622 42.40999984741211 30.940000534057617 AB 1.4050899689140721 1.1593151558691024
60970.3458 lsst_hardware_r 23.80041640651018 22.3799991607666 31.450000762939453 AB 3.7891849098371186 1.2127008645966917
60970.3571 lsst_hardware_u 1.631710408446461 2.690000057220459 28.290000915527344 AB 3.9642488016061304 1.2533522755705795
60972.2224 lsst_hardware_u -0.43693372645197975 4.519999980926514 29.6200008392334 AB 1.5660816887905085 1.052828026078971
60972.2333 lsst_hardware_g -16.726726081528945 18.239999771118164 32.13999938964844 AB 1.4598588245215198 1.0513927436251194
60974.3154 lsst_hardware_i 25.30741382927364 30.850000381469727 31.229999542236328 AB 1.5755658683347633 1.1556717860642678
60974.326 lsst_hardware_z 88.10741322470705 43.0099983215332 30.93000030517578 AB 1.5963094829043514 1.184791798296154
60976.2954 lsst_hardware_z 11.709919815092803 42.09000015258789 30.940000534057617 AB 3.2336205534837132 1.122460128487058
60976.3056 lsst_hardware_r -0.5355633686425569 22.1200008392334 31.459999084472656 AB 3.3399979909016286 1.1449785999377102
60982.2686 lsst_hardware_z 147.0248555545573 77.19000244140625 31.719999313354492 AB 5.848694530709723 1.1030243186049864
60991.2477 lsst_hardware_g 18.373133353233808 18.100000381469727 31.489999771118164 AB 7.5939796954339425 1.1094875064857528
60991.2594 lsst_hardware_r 35.73440324241611 26.790000915527344 31.520000457763672 AB 4.645129823046837 1.132958493426058
60993.1373 lsst_hardware_r 5.642355223747584 30.610000610351562 32.22999954223633 AB 5.328755779777994 1.070282016492082
60993.1459 lsst_hardware_i -23.441518212396293 42.279998779296875 32.0 AB 5.2910054418532 1.0627176383335577
60995.2426 lsst_hardware_z -11.076993223438482 41.75 30.940000534057617 AB 8.382118474072035 1.1206040740738015
60995.2551 lsst_hardware_i 25.289494514206687 30.6200008392334 31.229999542236328 AB 6.750596506649646 1.1483047427853958
