data/validation/pwv_sim_epoch_fit_seasonal/56465708.ecsv
# %ECSV 0.9
# ---
# datatype:
# - {name: time, datatype: float64}
# - {name: band, datatype: string}
# - {name: flux, datatype: float64}
# - {name: fluxerr, datatype: float64}
# - {name: zp, datatype: float64}
# - {name: zpsys, datatype: string}
# - {name: pwv, datatype: float64}
# - {name: airmass, datatype: float64}
# meta: {SNID: '56465708', alt: 1024.0, c: -0.11462701112031937, dec: -42.609806, lat: -30.244573, lon: -70.7499537, ra: 20.535713, t0: 61262.18359375,
#   x0: 5.4831740759336645e-06, x1: -0.1501901000738144, z: 0.589986264705658}
# schema: astropy-2.0
time band flux fluxerr zp zpsys pwv airmass
61244.4339 lsst_hardware_z 320.2111087668372 47.080547191831506 30.959999084472656 AB 5.2357131822595395 1.0266104278940273
61249.4169 lsst_hardware_i 1050.2946702533027 64.60088430315692 31.31999969482422 AB 3.6911822520946256 1.0253284033596182
61249.4283 lsst_hardware_r 1500.6406464761915 70.57039553085389 31.639999389648438 AB 3.711336455391548 1.030926793164319
61251.4287 lsst_hardware_z 726.779206463917 69.18024042139727 30.989999771118164 AB 3.893497733272087 1.035183515736807
61253.4303 lsst_hardware_r 1980.4247157860568 88.3889592167942 31.649999618530273 AB 7.006316274225605 1.0415861852935153
61256.4243 lsst_hardware_z 1007.9854863907766 57.195394648144855 30.959999084472656 AB 1.532213478257475 1.0438606641926707
61256.4356 lsst_hardware_r 2249.644597642224 68.72612670911636 31.6200008392334 AB 1.5365026535410737 1.057833152179741
61258.4149 lsst_hardware_z 942.150584397236 53.00735575735 30.950000762939453 AB 3.004437609678948 1.039867650663303
61258.4257 lsst_hardware_g 839.4244156899995 38.96684535359953 31.610000610351562 AB 2.9943792764180435 1.0518896755566898
61260.4246 lsst_hardware_r 2053.593358763736 51.34601537327873 31.520000457763672 AB 1.9585467502366267 1.0577210172295013
61268.3998 lsst_hardware_z 1120.0235816690063 52.02994465696236 30.940000534057617 AB 5.124668616374868 1.0536997257890137
61268.411 lsst_hardware_r 1622.4023180242245 46.26654179331164 31.479999542236328 AB 5.177785962190983 1.0703433513573093
61272.2145 lsst_hardware_r 2772.369667437847 65.16646480703884 32.22999954223633 AB 2.264914316301034 1.2750502812728657
61274.3987 lsst_hardware_g 231.6615428599275 19.654854948959258 31.389999389648438 AB 1.3956773206140933 1.0773964520662027
61274.4099 lsst_hardware_r 1195.1298716606952 41.74425538007929 31.479999542236328 AB 1.37683542601264 1.0996356147854698
61276.3904 lsst_hardware_i 1044.5913647239188 44.463250754315645 31.25 AB 4.092216758276923 1.0724306857244612
61276.402 lsst_hardware_z 855.3004512281342 51.23487238539007 30.940000534057617 AB 4.184696352160162 1.0944197590864342
61281.3831 lsst_hardware_z 872.3299705468901 71.87003379326268 30.979999542236328 AB 8.02342312146878 1.0839045960465772
61281.3949 lsst_hardware_r 861.2833183169793 98.7234843604076 31.639999389648438 AB 8.267662784933503 1.1089099277864938
61286.38 lsst_hardware_r 588.103760881537 44.04892472590475 31.579999923706055 AB 1.3264939933132114 1.1060261200499262
61286.3921 lsst_hardware_y 216.01062928100066 50.99476680495014 30.010000228881836 AB 1.3336528752307983 1.1364745421651457
61297.1303 lsst_hardware_z 420.4278246794465 49.85885027478761 30.920000076293945 AB 2.2730159533501295 1.3583084228973437
61299.3498 lsst_hardware_z 434.2699609962548 47.00054492616984 30.940000534057617 AB 4.657483277961603 1.1186461577907891
61299.3614 lsst_hardware_r 243.32694197304758 27.06420827024684 31.479999542236328 AB 4.8099671553158245 1.150159530204645
61303.349 lsst_hardware_i 295.6810657906387 34.77013030385869 31.229999542236328 AB 5.964633189910345 1.1458329055635494
61303.361 lsst_hardware_u -0.7585606896451811 3.353858075415874 28.299999237060547 AB 6.1258415264200945 1.1837374930281797
61305.3355 lsst_hardware_z 375.1471461200195 50.489325855530126 30.950000762939453 AB 1.7052412214783081 1.123902601073197
61305.3475 lsst_hardware_r 145.43134583830104 25.977868513183477 31.469999313354492 AB 1.7387611213635485 1.1576305734777288
61309.3337 lsst_hardware_z 771.4683206897872 104.12952526896228 31.729999542236328 AB 4.803054330957749 1.1489873406991518
61311.3321 lsst_hardware_z 386.764648260622 64.91083793252429 30.969999313354492 AB 4.3812999429232145 1.1606604996926704
61311.3441 lsst_hardware_r 153.0405785142597 85.92489298638424 31.610000610351562 AB 5.673183147499412 1.201309295394264
61313.3104 lsst_hardware_r 282.08998987512257 56.54639269310338 31.610000610351562 AB 4.182390519962095 1.1157504388320916
61313.3214 lsst_hardware_i 103.85185579356856 50.483638710383914 31.280000686645508 AB 4.254726104968354 1.1449747322304504
61317.3126 lsst_hardware_u 9.031550945450965 4.832994487216075 28.540000915527344 AB 3.046028904887108 1.1511825037366243
61317.3236 lsst_hardware_g 56.534880053166084 20.766248722028465 31.489999771118164 AB 3.1939871325824267 1.1865838701895772
61321.2647 lsst_hardware_i 190.0015126366511 32.44017760837417 31.25 AB 4.046696664255457 1.067729990568722
61321.2759 lsst_hardware_z 205.709252650883 44.15250720741385 30.950000762939453 AB 4.039800987407162 1.087820030717304
61323.3002 lsst_hardware_g 35.24831761192005 14.554194401204152 31.3799991607666 AB 3.247818214953935 1.1633628422867577
61323.3108 lsst_hardware_r 94.01518661225052 24.81317779942577 31.469999313354492 AB 3.3530663762813457 1.1993441388827133
61328.2975 lsst_hardware_g 48.30447546378519 14.490230568841755 31.350000381469727 AB 6.726744740086013 1.2006326880209752
61328.309 lsst_hardware_r 112.4571438447861 24.66816475360252 31.450000762939453 AB 7.070441303010421 1.2463319765573604
61330.2436 lsst_hardware_g 33.42329219079678 14.32218544034232 31.389999389648438 AB 5.590089629069872 1.073520501045697
61330.2557 lsst_hardware_r 76.68383925275708 24.034016233506996 31.479999542236328 AB 6.695355462678108 1.0968200943610726
61332.2415 lsst_hardware_i 117.23442902137569 35.36289958917929 31.260000228881836 AB 2.5683008242813776 1.0794959681743093
61332.2522 lsst_hardware_z 201.43548943109948 44.47199058477722 30.950000762939453 AB 4.062964772874008 1.101074464193498
61334.2865 lsst_hardware_z 173.44989833223647 50.449460364316806 30.940000534057617 AB 2.420789869069271 1.2211307086817962
61334.2969 lsst_hardware_r 54.06559470300248 30.136336423716866 31.5 AB 2.9168382282002767 1.265256605639218
61337.2697 lsst_hardware_i -22.34875510695614 72.35541599943402 31.299999237060547 AB 3.5604264207619845 1.1890547993193759
61337.2812 lsst_hardware_z 233.09597702176725 67.67317566942198 30.959999084472656 AB 3.6480019943728244 1.2327801726970964
61340.2708 lsst_hardware_i 124.24730778448392 67.30289161524071 31.299999237060547 AB 4.032655543019362 1.2238402295397777
61340.2814 lsst_hardware_z 175.78892549655532 63.61991780849219 30.959999084472656 AB 4.154402021114747 1.26929484299259
61348.0786 lsst_hardware_r -4.055101468896863 21.979999542236328 31.489999771118164 AB 4.264194436956071 1.0649171347833106
61348.0866 lsst_hardware_i 13.685653720616303 30.149999618530273 31.25 AB 4.676546926678944 1.053474058947763
61355.1738 lsst_hardware_r -25.48347040706485 21.950000762939453 31.469999313354492 AB 0.7796252485868088 1.0709138030038583
61355.1855 lsst_hardware_u 2.9317335099341766 2.5899999141693115 28.360000610351562 AB 0.783777584998179 1.0927536911785847
61358.1677 lsst_hardware_g -11.988465167763035 13.079999923706055 31.3799991607666 AB 4.316382022697484 1.0744841777448273
61358.1794 lsst_hardware_i 15.978966771386823 30.350000381469727 31.239999771118164 AB 4.399581899074788 1.0971525932854835
61360.1626 lsst_hardware_r 9.455182236994187 24.489999771118164 31.489999771118164 AB 6.332428491218291 1.0751151937552277
61360.1759 lsst_hardware_z -35.009052609110704 42.31999969482422 30.93000030517578 AB 6.105345471196031 1.1014183477307251
61362.1603 lsst_hardware_r 16.453825435405143 37.4900016784668 31.59000015258789 AB 5.233603486903515 1.0808205868971055
61362.1728 lsst_hardware_y -73.40739367797717 48.70000076293945 30.020000457763672 AB 6.031820579327294 1.1067391469846852
61367.0807 lsst_hardware_z 35.047766075112115 58.060001373291016 30.979999542236328 AB 6.971930794632223 1.023227453837712
61367.0935 lsst_hardware_r -47.67297767584611 79.7300033569336 31.65999984741211 AB 7.0347584829571925 1.0249520627896662
61375.1044 lsst_hardware_u 3.6333261393898586 2.619999885559082 28.420000076293945 AB 9.33620374564007 1.0496013204766679
61375.1161 lsst_hardware_g -20.155776233719013 13.130000114440918 31.389999389648438 AB 9.485035220182445 1.065903960763305
61380.1189 lsst_hardware_z 12.779213571591379 41.619998931884766 30.940000534057617 AB 5.759677073495667 1.0962461121994036
61380.1295 lsst_hardware_r -34.44655316437266 22.350000381469727 31.479999542236328 AB 6.009851478406887 1.1208227300272642
61382.0693 lsst_hardware_u -2.2118828785986113 2.5999999046325684 28.399999618530273 AB 3.095861703658063 1.03384929158705
61382.0809 lsst_hardware_g -4.854096689911466 13.170000076293945 31.389999389648438 AB 3.1665549363390912 1.0445505315317312
61384.0697 lsst_hardware_r 30.93623725434039 31.09000015258789 32.2400016784668 AB 7.529254871571884 1.0387805934703327
61384.0825 lsst_hardware_z 91.0400036595441 57.9900016784668 31.700000762939453 AB 7.605213796280737 1.052964804727811
61607.3017 lsst_hardware_z 204.06478073699745 125.51000213623047 32.470001220703125 AB 6.111995692363227 1.2541285918463583
61611.4403 lsst_hardware_y 47.901146974230265 67.68000030517578 30.06999969482422 AB 6.325652481179572 1.0330547472632297
61617.4298 lsst_hardware_i 42.198212126138344 32.22999954223633 31.260000228881836 AB 3.610116342256323 1.0378370970982673
61619.4319 lsst_hardware_r -6.958919398209184 24.610000610351562 31.520000457763672 AB 1.2670523408716925 1.0454227234914955
61624.4242 lsst_hardware_z -88.03670776888045 42.439998626708984 30.950000762939453 AB 3.473451018064668 1.052560914565051
61624.4359 lsst_hardware_r 24.882644793541637 34.33000183105469 31.579999923706055 AB 3.530101488595624 1.0697277238168559
61626.4192 lsst_hardware_u -0.03264225150131486 3.109999895095825 28.549999237060547 AB 3.500166457613793 1.0531567496957404
61626.4304 lsst_hardware_g 18.306571538179067 22.579999923706055 31.59000015258789 AB 3.5828327134722766 1.0696619535668836
61629.4214 lsst_hardware_z -30.632850369024766 42.40999984741211 30.950000762939453 AB 3.2434702950338212 1.0683367243194404
61629.4332 lsst_hardware_r -27.942417106841926 34.86000061035156 31.56999969482422 AB 3.4974563213241248 1.0897765853731174
61631.3996 lsst_hardware_r -3.50563829804313 36.9900016784668 31.600000381469727 AB 3.637248553296713 1.045937757957358
61631.4117 lsst_hardware_z 33.35532073165931 41.2599983215332 30.950000762939453 AB 3.7744783139825806 1.0617379223579693
61649.3886 lsst_hardware_g 12.035514319287197 13.34000015258789 31.3799991607666 AB 0.6832442748240876 1.1117194980188545
61649.3988 lsst_hardware_i 52.30334570758061 30.950000762939453 31.229999542236328 AB 0.7571362381711751 1.1379803178925478
61651.3776 lsst_hardware_r 8.010859161431139 22.209999084472656 31.469999313354492 AB 1.2771781704064922 1.0991206285770156
61651.3898 lsst_hardware_z -95.58981670862744 42.04999923706055 30.940000534057617 AB 1.3078166531904394 1.12840090870616
61653.3743 lsst_hardware_r 1.6498343036928094 22.260000228881836 31.469999313354492 AB 1.3779433765165678 1.1039001614392694
61653.386 lsst_hardware_u 2.558442337761825 2.5299999713897705 28.299999237060547 AB 1.2461142232407352 1.132831112037032
61671.2998 lsst_hardware_r 64.40589172805352 29.780000686645508 31.559999465942383 AB 2.1095080167094875 1.057839373193224
61671.3115 lsst_hardware_g -5.108391240572312 25.989999771118164 31.610000610351562 AB 2.1658926799687648 1.0764428312124736
61680.3148 lsst_hardware_g 0.8822823548171755 13.510000228881836 31.3700008392334 AB 3.623864741387844 1.139759314794101
61680.3263 lsst_hardware_r -22.87217041473955 22.84000015258789 31.459999084472656 AB 3.747432636363073 1.1748665387281414
61682.313 lsst_hardware_i 23.652905802626737 30.989999771118164 31.229999542236328 AB 3.0825388388017227 1.1503083641392218
61682.324 lsst_hardware_z -48.306418029170466 42.880001068115234 30.93000030517578 AB 3.138490739825509 1.1855664330250293
61684.3116 lsst_hardware_r 43.59997455921421 22.649999618530273 31.469999313354492 AB 6.636415619390493 1.162685599215763
61684.3231 lsst_hardware_g 8.621136448801002 13.479999542236328 31.350000381469727 AB 6.8791491609829025 1.2018605216829705
61686.3017 lsst_hardware_r 6.179997223008397 22.68000030517578 31.469999313354492 AB 4.254305165569327 1.1491910225741022
61686.3128 lsst_hardware_i 1.9364369923233218 31.549999237060547 31.229999542236328 AB 4.400803889835097 1.1846040080305857
61688.2623 lsst_hardware_i 32.09665325343878 43.130001068115234 31.290000915527344 AB 3.451868637275156 1.0716206252212415
61688.2735 lsst_hardware_z -73.30837414773445 47.16999816894531 30.959999084472656 AB 3.50997000015906 1.0925976654191625
61689.304 lsst_hardware_z 26.339764064895814 71.93000030517578 31.700000762939453 AB 5.342497590604255 1.1825135310753405
61692.2906 lsst_hardware_r 46.78786783706101 94.48999786376953 31.6299991607666 AB 6.674812034908806 1.1653462589863046
61692.3017 lsst_hardware_i 15.484215507479263 76.23999786376953 31.299999237060547 AB 6.078064349377245 1.2034976600971377
61696.2435 lsst_hardware_z -2.9929769831305912 52.16999816894531 30.969999313354492 AB 5.426712445390073 1.0769067197730147
61696.2546 lsst_hardware_r 37.191153675965666 63.0099983215332 31.6299991607666 AB 5.647691626844877 1.0988261348985608
61698.2439 lsst_hardware_z 60.13416991103667 46.5099983215332 30.959999084472656 AB 1.226122295243726 1.0879523471550365
61698.2546 lsst_hardware_r -29.62416759547615 44.630001068115234 31.600000381469727 AB 1.3856787055873832 1.1112098681534748
61700.2826 lsst_hardware_z 24.805648195381412 45.119998931884766 30.93000030517578 AB 3.3794075483135138 1.2138676538485156
61700.2931 lsst_hardware_i 33.67816068574668 36.349998474121094 31.239999771118164 AB 3.2237191840751467 1.257341639058139
61705.2664 lsst_hardware_r 8.265675698205165 22.770000457763672 31.459999084472656 AB 3.9406219958458677 1.204223896051541
61705.2779 lsst_hardware_i -26.317899080691056 32.060001373291016 31.219999313354492 AB 4.106972646341968 1.2505372178661156
61707.2272 lsst_hardware_r 41.76812126865722 22.139999389648438 31.469999313354492 AB 3.6398741984153538 1.1046659175766693
61707.2378 lsst_hardware_i 6.725177025381437 30.829999923706055 31.229999542236328 AB 3.672223634805694 1.13078479901638
61709.2717 lsst_hardware_g 4.774581466943134 13.210000038146973 31.31999969482422 AB 4.832634936177277 1.2717460358361254
61709.2814 lsst_hardware_r 49.92004781599729 22.940000534057617 31.43000030517578 AB 5.015176307513562 1.3197832388193584
61711.2217 lsst_hardware_u -1.7323770565231331 2.5 28.280000686645508 AB 4.77893669755367 1.1174878282601919
61711.2337 lsst_hardware_r -23.101437754866012 22.329999923706055 31.459999084472656 AB 4.970421137199288 1.1499615101389826
61720.1821 lsst_hardware_z -42.750245261964835 79.91999816894531 31.729999542236328 AB 0.80014589808854 1.0845759377682684
61726.1749 lsst_hardware_g 39.91926143327072 56.810001373291016 31.690000534057617 AB 2.667602968885605 1.1037215331724726
61726.1866 lsst_hardware_r -46.942860296319694 54.099998474121094 31.610000610351562 AB 2.6603186712819107 1.1326127884537076
61728.083 lsst_hardware_g -9.430934709592195 13.119999885559082 31.40999984741211 AB 4.822573003611538 1.0246804193448387
61728.0945 lsst_hardware_r 40.49136908716701 21.799999237060547 31.5 AB 4.53581117129844 1.0231922335435237
61731.0831 lsst_hardware_i -21.509136110199602 29.5 31.239999771118164 AB 4.454742418953493 1.0232554080517957
61731.095 lsst_hardware_u 0.8830071271017003 2.5 28.329999923706055 AB 3.8954303214889086 1.0243943692555542
61734.0766 lsst_hardware_g -7.686174975909189 13.130000114440918 31.399999618530273 AB 5.305918815772318 1.0231893326037766
61734.0904 lsst_hardware_r 7.076798313191257 21.790000915527344 31.489999771118164 AB 5.2786491308781605 1.025478218723295
61736.0808 lsst_hardware_i -33.9810702131116 29.709999084472656 31.25 AB 3.7737187741777336 1.024260953816333
61736.0917 lsst_hardware_r 4.881801508870836 21.719999313354492 31.479999542236328 AB 3.933327848167419 1.0284554446770608
61738.1605 lsst_hardware_g -21.957401222540202 13.130000114440918 31.350000381469727 AB 5.8595199311942245 1.1515220460242632
61738.1731 lsst_hardware_r 3.7061219523626603 22.420000076293945 31.450000762939453 AB 5.241534827505061 1.1926131575665668
61740.16 lsst_hardware_i -25.615519591356165 31.0 31.229999542236328 AB 9.56490946092165 1.1668318307890757
61740.1716 lsst_hardware_z 74.08606033943703 43.09000015258789 30.93000030517578 AB 9.319436147271642 1.2071026678675787
61742.108 lsst_hardware_i -4.890735621974784 30.43000030517578 31.25 AB 6.951000509782723 1.0608193133807653
61742.1187 lsst_hardware_z -18.852718634968287 41.5099983215332 30.950000762939453 AB 7.059791369721767 1.0783627290288018
61744.1187 lsst_hardware_i 4.996818507559065 33.099998474121094 31.260000228881836 AB 4.0728924134978906 1.0887660717749474
61744.1306 lsst_hardware_z -1.546630886497659 43.08000183105469 30.950000762939453 AB 2.768616391066948 1.1150661752910371
61748.0664 lsst_hardware_i 38.757145238810395 47.900001525878906 31.309999465942383 AB 5.5220372169660035 1.0331864569601255
61748.0794 lsst_hardware_r -31.793003624307815 54.5099983215332 31.6299991607666 AB 5.633213754883066 1.0451231456183794
61750.0762 lsst_hardware_z 45.370456300774606 74.97000122070312 31.719999313354492 AB 10.540501741943224 1.0476941629391583
