data/validation/pwv_sim_epoch_fit_seasonal/56563898.ecsv
# %ECSV 0.9
# ---
# datatype:
# - {name: time, datatype: float64}
# - {name: band, datatype: string}
# - {name: flux, datatype: float64}
# - {name: fluxerr, datatype: float64}
# - {name: zp, datatype: float64}
# - {name: zpsys, datatype: string}
# - {name: pwv, datatype: float64}
# - {name: airmass, datatype: float64}
# meta: {SNID: '56563898', alt: 1024.0, c: 0.00996582955121994, dec: -15.249383, lat: -30.244573, lon: -70.7499537, ra: 194.414062, t0: 61570.9609375,
#   x0: 1.1253139191305179e-05, x1: 0.2106274962425232, z: 0.43801629543304443}
# schema: astropy-2.0
time band flux fluxerr zp zpsys pwv airmass
61434.3619 lsst_hardware_r 92.4381411374411 48.0099983215332 31.6299991607666 AB 11.995426585868758 1.0409684627597997
61434.3809 lsst_hardware_y -76.89173805447727 79.26000213623047 30.079999923706055 AB 12.106985627879105 1.0345419348340437
61436.3671 lsst_hardware_g 27.244074312232694 22.68000030517578 31.610000610351562 AB 11.980049287011477 1.0357764432734444
61438.3733 lsst_hardware_z -80.67797402788456 44.7400016784668 30.969999313354492 AB 10.153590899484836 1.034734493336204
61440.3591 lsst_hardware_u -1.36990241302747 3.0199999809265137 28.600000381469727 AB 8.666229938640402 1.0350620995270803
61440.3783 lsst_hardware_y -40.40266233529509 52.9900016784668 30.059999465942383 AB 7.958554986044229 1.0379031661417242
61442.3545 lsst_hardware_r 43.718321732628745 24.43000030517578 31.530000686645508 AB 4.569124008678819 1.0349091752386905
61442.3732 lsst_hardware_z -23.87846454868994 43.06999969482422 30.959999084472656 AB 4.536415353778404 1.0380813166541123
61443.3597 lsst_hardware_z -3.2732156733557245 41.790000915527344 30.959999084472656 AB 4.9548473760823555 1.0347389320418494
61443.3787 lsst_hardware_y 65.24571701076933 52.029998779296875 30.059999465942383 AB 4.611421716944476 1.0434457904198087
61450.337 lsst_hardware_r -13.750795931240669 24.100000381469727 31.520000457763672 AB 2.515997754200211 1.0345385502468138
61450.3538 lsst_hardware_u -0.9806042351395424 2.8299999237060547 28.5 AB 2.568391818542698 1.0394139289934192
61452.2865 lsst_hardware_g -8.291618918927455 15.25 31.459999084472656 AB 4.861004541405113 1.0718469460303128
61452.3025 lsst_hardware_r -31.356357883520946 24.139999389648438 31.520000457763672 AB 5.445700364808744 1.049874757048114
61454.3319 lsst_hardware_i -41.4190974347045 31.3700008392334 31.260000228881836 AB 5.090570630882447 1.0350895955434012
61454.3523 lsst_hardware_z 16.267174358764624 41.869998931884766 30.950000762939453 AB 5.43970415139707 1.0466001253289217
61456.3089 lsst_hardware_z 206.55815098377238 63.70000076293945 30.989999771118164 AB 3.791515595711681 1.0370666290239827
61456.327 lsst_hardware_r 3.636163559558316 88.58000183105469 31.65999984741211 AB 3.7757395949370185 1.0352055186264901
61460.3053 lsst_hardware_i -96.68659058062612 89.19000244140625 31.34000015258789 AB 10.273160083601807 1.034914001991468
61460.3238 lsst_hardware_z 13.120528690755066 78.66000366210938 31.0 AB 10.285377242095015 1.037948456885261
61462.3138 lsst_hardware_r -62.23861231364622 65.73999786376953 31.649999618530273 AB 6.777326275277261 1.036077192510792
61462.3318 lsst_hardware_z -120.20890141108273 56.63999938964844 30.979999542236328 AB 6.877294286513742 1.0478888140353104
61464.3033 lsst_hardware_g -41.04743957665656 31.030000686645508 31.65999984741211 AB 5.47052937853682 1.0348601330880718
61464.3218 lsst_hardware_r -8.991748854541267 35.2599983215332 31.59000015258789 AB 5.484862303262868 1.0437912942124339
61466.3061 lsst_hardware_i 26.71517727292157 32.209999084472656 31.260000228881836 AB 3.618111496888491 1.037327391295231
61466.3225 lsst_hardware_z 32.88835489052882 42.119998931884766 30.950000762939453 AB 3.6698826525717334 1.0495374602207055
61468.2752 lsst_hardware_z 36.89692483318731 41.33000183105469 30.940000534057617 AB 5.973537481617654 1.0374777441913339
61468.2939 lsst_hardware_r -32.063701008476215 23.940000534057617 31.5 AB 7.600968067145475 1.0351311544526045
61470.28 lsst_hardware_u 3.016926563590256 2.740000009536743 28.440000534057617 AB 8.06996071961756 1.0346545646759555
61470.2988 lsst_hardware_r 21.12572930706689 23.940000534057617 31.510000228881836 AB 7.45297926802527 1.0391772543258995
61472.2784 lsst_hardware_i -38.24130189788112 31.190000534057617 31.25 AB 10.242135200339368 1.0345591111453907
61472.2969 lsst_hardware_z -5.89991558181937 41.529998779296875 30.950000762939453 AB 10.150755379649356 1.0414591702786893
61474.278 lsst_hardware_r 33.580010036085284 24.09000015258789 31.520000457763672 AB 9.815822686544253 1.0352332308428565
61474.298 lsst_hardware_u -2.8273693506910678 2.809999942779541 28.479999542236328 AB 9.083792859394622 1.0468817401630313
61476.2678 lsst_hardware_g -12.261233925945465 15.140000343322754 31.450000762939453 AB 8.2490923584203 1.034574349150238
61476.2857 lsst_hardware_r -23.127708789912813 24.040000915527344 31.510000228881836 AB 8.315526006975745 1.0412629610538156
61477.2628 lsst_hardware_i -5.677610784361875 31.200000762939453 31.260000228881836 AB 15.611214989698073 1.0345404234392361
61477.2828 lsst_hardware_z 31.48463631347445 41.56999969482422 30.950000762939453 AB 15.71365736254923 1.041145193861206
61479.0868 lsst_hardware_r 104.84342715974947 60.83000183105469 32.86000061035156 AB 17.001373280312055 1.8972982364340232
61479.1291 lsst_hardware_g -29.196053190037283 22.299999237060547 32.09000015258789 AB 13.974682264180506 1.415372690958678
61481.2808 lsst_hardware_r -15.754735118567432 24.15999984741211 31.510000228881836 AB 8.285217879098031 1.048761756847852
61481.3026 lsst_hardware_i 7.560548081881032 31.860000610351562 31.25 AB 8.765950449137359 1.080348835239979
61485.1703 lsst_hardware_i 43.89164472285592 89.36000061035156 31.329999923706055 AB 5.996656969171335 1.1314447111644028
61485.1902 lsst_hardware_z 54.44085747590332 76.41999816894531 31.0 AB 5.740843784204044 1.0831780724913291
61489.2473 lsst_hardware_y -20.26403921821032 59.86000061035156 30.06999969482422 AB 7.380551629966199 1.0393923196760095
61489.2673 lsst_hardware_r -21.69480281759474 104.83000183105469 31.65999984741211 AB 6.872989621358358 1.058604485384443
61494.2158 lsst_hardware_r 18.816578534500533 30.209999084472656 31.56999969482422 AB 6.790150365187644 1.0345582069864365
61494.2322 lsst_hardware_g 17.221595985112305 25.770000457763672 31.6299991607666 AB 6.831052068025923 1.0385747113357555
61499.2182 lsst_hardware_z -42.1870411340004 41.810001373291016 30.950000762939453 AB 5.711138618031233 1.0383888396420424
61499.2358 lsst_hardware_i 4.551461988200811 31.780000686645508 31.25 AB 5.793230723720291 1.053314677040053
61501.2162 lsst_hardware_u -0.1582272842654682 2.819999933242798 28.459999084472656 AB 15.479055006609745 1.0404222216707197
61501.2359 lsst_hardware_g -39.534903183450275 15.710000038146973 31.459999084472656 AB 15.789332599028716 1.060469648668737
61503.2017 lsst_hardware_r -8.754795250104369 24.479999542236328 31.520000457763672 AB 8.859676531885384 1.0360175246796395
61503.2203 lsst_hardware_i -27.152483142213885 31.690000534057617 31.260000228881836 AB 9.64069774526432 1.0483197374240807
61505.1952 lsst_hardware_z -24.956883844968836 41.81999969482422 30.950000762939453 AB 5.091320875128171 1.0356984319636897
61505.2121 lsst_hardware_u 0.46251359731184394 2.859999895095825 28.5 AB 5.120494948593628 1.0457103366766227
61511.1871 lsst_hardware_z 52.55324662947016 49.540000915527344 30.979999542236328 AB 17.72198787499016 1.0393111841456453
61511.2033 lsst_hardware_r 16.607804672339455 51.150001525878906 31.6299991607666 AB 17.93095550785273 1.0536258255520161
61513.1418 lsst_hardware_i 1.5125932173063195 80.05999755859375 31.34000015258789 AB 12.280003166332852 1.0443067579158818
61513.1577 lsst_hardware_z -79.44427514086516 70.70999908447266 31.0 AB 12.148472095289286 1.0355282365639398
61515.1876 lsst_hardware_i -31.122011495096384 131.4600067138672 31.350000381469727 AB 3.356922667819415 1.0483830942598413
61515.2054 lsst_hardware_z 142.74388628371796 111.0999984741211 31.0 AB 3.4477841388921493 1.0724612387035564
61520.1584 lsst_hardware_r -45.82892222465664 56.369998931884766 31.639999389648438 AB 14.485834709830813 1.037202879071391
61520.1774 lsst_hardware_i -56.84008728447333 49.45000076293945 31.309999465942383 AB 13.312787864614098 1.0520824154589823
61526.1445 lsst_hardware_i -115.88197480547694 31.3799991607666 31.260000228881836 AB 9.680282355687105 1.0383969344964235
61526.1623 lsst_hardware_z -5.490176426942613 41.93000030517578 30.950000762939453 AB 9.820524978377353 1.0535725118505155
61528.1483 lsst_hardware_i 27.709569430425148 31.6200008392334 31.260000228881836 AB 11.819842468178605 1.0448248629359442
61528.1651 lsst_hardware_u -1.5593331083083897 2.9100000858306885 28.549999237060547 AB 12.091972576841963 1.0647153805443306
61533.1199 lsst_hardware_z -49.00940244182341 41.52000045776367 30.959999084472656 AB 10.72900730012512 1.0360518202715217
61533.1374 lsst_hardware_u -2.5880729377587244 2.9100000858306885 28.56999969482422 AB 10.296960851731614 1.0473438286865293
61535.1175 lsst_hardware_g -27.55105127282255 15.180000305175781 31.469999313354492 AB 7.879811874684534 1.0372267835573274
61535.1355 lsst_hardware_r 6.930253109668081 24.030000686645508 31.510000228881836 AB 7.432062999492771 1.0510253490532468
61538.9822 lsst_hardware_i 18.05916587746545 45.20000076293945 31.25 AB 9.49508952219177 1.3027196819983222
61538.9959 lsst_hardware_z 44.044161179363414 50.150001525878906 30.940000534057617 AB 8.887219133262139 1.2317698036399716
61541.0626 lsst_hardware_z 73.14988624665695 66.79000091552734 30.989999771118164 AB 5.290313059411668 1.0467576294839396
61541.084 lsst_hardware_r 40.68537401754411 86.2699966430664 31.65999984741211 AB 5.60827158212613 1.034927400281507
61547.0736 lsst_hardware_z 178.24094256050222 86.60106898663106 31.729999542236328 AB 5.261982343907281 1.034550473120134
61551.0405 lsst_hardware_g 171.83280055699512 19.62909393495719 31.450000762939453 AB 5.935046887638769 1.0423487442982216
61551.0597 lsst_hardware_r 570.7944307276354 33.97462901740999 31.520000457763672 AB 5.383779483544311 1.0345795375609708
61553.0483 lsst_hardware_i 795.0633404614265 41.19068099382056 31.260000228881836 AB 7.581707854322992 1.0355755990197018
61553.0716 lsst_hardware_z 477.8577378929392 47.2554226449146 30.950000762939453 AB 7.619034410751956 1.0388411876948835
61555.0314 lsst_hardware_i 2017.9298605734893 63.015915486096006 32.0099983215332 AB 10.08664976193394 1.0410413625692603
61555.0526 lsst_hardware_u 10.026859636091581 5.376315015186392 29.219999313354492 AB 11.291615727781114 1.0345992054041995
61562.0013 lsst_hardware_z 1597.8465813386986 57.68741809340053 30.950000762939453 AB 4.634331225564817 1.050789333889687
61562.02 lsst_hardware_u 14.830831172270964 4.397312867909296 28.479999542236328 AB 4.563479773766151 1.0368403000074562
61570.9881 lsst_hardware_z 2348.6403657170163 83.9786785282808 30.989999771118164 AB 13.529081003358428 1.0407785986120799
61571.0084 lsst_hardware_r 4675.2453266661105 117.3810371443384 31.65999984741211 AB 13.700255131983567 1.0345671234271068
61572.9888 lsst_hardware_i 3086.788651819376 93.55380688014908 31.329999923706055 AB 7.4760906127675995 1.0373373959717056
61573.0096 lsst_hardware_z 2231.401046839151 82.13380350819367 30.989999771118164 AB 6.242440690874775 1.0357172841094116
61574.9655 lsst_hardware_y 724.2025812750385 59.11813664069033 30.049999237060547 AB 6.717198536998271 1.0511225314135468
61574.9857 lsst_hardware_i 3096.5004230713294 86.38334071615525 31.329999923706055 AB 6.475304658499602 1.036380387083803
61578.9656 lsst_hardware_y 815.4417895335991 53.483678831369986 30.049999237060547 AB 8.709246736529824 1.0412258360155189
61578.9848 lsst_hardware_i 2754.3898412959948 60.14958646959315 31.25 AB 8.827436944900626 1.0345258837315419
61580.9659 lsst_hardware_z 1801.771085562675 60.19870259153765 30.950000762939453 AB 5.236025263794002 1.0378299885290665
61580.9845 lsst_hardware_u 4.997152782903728 3.0051340551908696 28.459999084472656 AB 5.223092518441454 1.0349588874058362
61582.9662 lsst_hardware_y 481.1450995438231 52.87194050682034 30.049999237060547 AB 7.951201857572164 1.0356273856083225
61582.9852 lsst_hardware_r 2962.7518411801 58.65729875033649 31.520000457763672 AB 7.915997701311462 1.036713367264755
61587.9564 lsst_hardware_y 785.0506757277533 92.46163533068543 30.81999969482422 AB 9.520289956443833 1.0348141257004166
61587.9898 lsst_hardware_r 4364.361028975157 74.21580692983325 32.279998779296875 AB 9.764663860992558 1.049963856020705
61589.9555 lsst_hardware_y 491.65185725619887 68.94659574033439 30.06999969482422 AB 9.089214849254486 1.0345307615579298
61589.9756 lsst_hardware_r 1798.8073610469542 49.813800174591215 31.530000686645508 AB 8.57098108220597 1.0420962439230335
61801.3666 lsst_hardware_r -12.667553395811133 25.1299991607666 31.530000686645508 AB 11.957800142045928 1.036129696761874
61803.2791 lsst_hardware_r 25.802608679432588 25.280000686645508 31.489999771118164 AB 11.001717810448996 1.2022421386131565
61807.3585 lsst_hardware_i -16.304127352867575 31.270000457763672 31.25 AB 4.508013814894359 1.0345413229820675
61807.3771 lsst_hardware_y 32.60375275461346 51.060001373291016 30.049999237060547 AB 4.549857832580641 1.0398486647424554
61808.3643 lsst_hardware_r 7.3409992585710535 24.229999542236328 31.510000228881836 AB 4.922251070179086 1.0354459258856872
61808.383 lsst_hardware_y 5.964804624797441 58.5 30.049999237060547 AB 4.611524834559941 1.046547610770643
61812.3448 lsst_hardware_z -88.86562529985834 68.83000183105469 30.989999771118164 AB 4.59078003598562 1.0345419799404305
61812.3613 lsst_hardware_r 114.60823522957776 98.73999786376953 31.65999984741211 AB 4.6446266570514565 1.0386016674981076
61814.3549 lsst_hardware_y -81.42677939152931 84.19999694824219 30.809999465942383 AB 5.7924759982940675 1.0381091427391669
61816.3303 lsst_hardware_r -65.44957242616663 79.37000274658203 31.65999984741211 AB 4.173806204097506 1.0349348992493206
61816.3477 lsst_hardware_i 49.82904118116987 69.51000213623047 31.329999923706055 AB 4.225106959002332 1.0372815218811446
61818.283 lsst_hardware_z -34.951348663821356 46.5099983215332 30.959999084472656 AB 4.80011581696232 1.074352136595129
61818.2996 lsst_hardware_r 58.544672266336114 39.630001068115234 31.600000381469727 AB 5.175974153006563 1.05078142168971
61820.3069 lsst_hardware_r 8.862535283204673 26.309999465942383 31.549999237060547 AB 2.630880294413433 1.0398736341555073
61820.3241 lsst_hardware_z -29.916363434569824 41.93000030517578 30.959999084472656 AB 2.626793003824102 1.0345098800751305
61822.3318 lsst_hardware_i -20.908333128507728 31.6200008392334 31.270000457763672 AB 6.7273937515963596 1.0374975905611843
61822.3494 lsst_hardware_z 59.41012727831758 41.939998626708984 30.950000762939453 AB 6.072843441252161 1.0512712246830054
61824.3076 lsst_hardware_z -26.93109896892587 41.2599983215332 30.940000534057617 AB 11.369480122957253 1.0350946943697426
61824.3244 lsst_hardware_r 5.713221225897456 23.799999237060547 31.510000228881836 AB 11.478002435061512 1.0366692950741974
61826.3132 lsst_hardware_u -0.937137120350757 2.7899999618530273 28.479999542236328 AB 9.315050049860067 1.035005561095563
61826.3309 lsst_hardware_g 1.8468915451922816 15.0 31.450000762939453 AB 9.395440541894578 1.0439378379882864
61828.3006 lsst_hardware_r -13.532615865193137 23.920000076293945 31.510000228881836 AB 6.260682217633798 1.0345670028313307
61828.3175 lsst_hardware_i -5.217939123524159 31.309999465942383 31.25 AB 6.436836252755257 1.0385344067046236
61830.2977 lsst_hardware_z -62.792517260255245 41.630001068115234 30.950000762939453 AB 4.259965774232622 1.0345163170516751
61830.3157 lsst_hardware_r 22.418441331723322 24.040000915527344 31.510000228881836 AB 4.296866498475848 1.0407395039098746
61832.2481 lsst_hardware_u 5.922471334802593 2.6500000953674316 28.34000015258789 AB 5.582830862009494 1.0687400549431911
61832.266 lsst_hardware_r -2.0672463508937766 24.0 31.5 AB 6.125950392604025 1.0461278598441714
61834.3047 lsst_hardware_i -56.236376776228404 31.25 31.25 AB 10.101936221396986 1.0406857135466145
61834.3257 lsst_hardware_z 63.37749074516799 41.869998931884766 30.940000534057617 AB 10.33873115439599 1.062926438080465
61838.2851 lsst_hardware_y -20.36189374612356 69.86000061035156 30.799999237060547 AB 8.012397264987085 1.03626451952759
61845.2625 lsst_hardware_i 45.14862096283853 60.619998931884766 31.329999923706055 AB 7.764349809238102 1.035246641231747
