data/validation/pwv_sim_epoch_fit_seasonal/56686465.ecsv
# %ECSV 0.9
# ---
# datatype:
# - {name: time, datatype: float64}
# - {name: band, datatype: string}
# - {name: flux, datatype: float64}
# - {name: fluxerr, datatype: float64}
# - {name: zp, datatype: float64}
# - {name: zpsys, datatype: string}
# - {name: pwv, datatype: float64}
# - {name: airmass, datatype: float64}
# meta: {SNID: '56686465', alt: 1024.0, c: -0.0694802924990654, dec: -18.524391, lat: -30.244573, lon: -70.7499537, ra: 284.238281, t0: 60451.86328125,
#   x0: 3.031779355547775e-05, x1: -1.1092946529388428, z: 0.2866857349872589}
# schema: astropy-2.0
time band flux fluxerr zp zpsys pwv airmass
60415.4088 lsst_hardware_i 34.098181607898084 32.83000183105469 31.280000686645508 AB 16.429249363370328 1.0236292438236965
60420.3324 lsst_hardware_g -49.20052960042848 43.0099983215332 32.709999084472656 AB 10.024215256567345 1.1221241156989163
60420.3493 lsst_hardware_y 65.22912764641717 67.51000213623047 30.790000915527344 AB 10.680637635953751 1.0796156510617358
60423.403 lsst_hardware_z -18.58797099494783 56.290000915527344 30.979999542236328 AB 10.109270006511586 1.0217662374871683
60423.4225 lsst_hardware_y 67.23508984017036 64.30000305175781 30.059999465942383 AB 10.00673829495163 1.0313389750190631
60429.3694 lsst_hardware_z 21.39645960369371 67.15352558776058 30.989999771118164 AB 10.693790569393526 1.0241132512347755
60429.3882 lsst_hardware_r -22.63859831505272 85.06282669604475 31.65999984741211 AB 11.678696781848807 1.0220563111302923
60436.3556 lsst_hardware_r 1539.6283339024658 45.56443399566555 31.520000457763672 AB 6.24710350839153 1.0223137108197078
60436.3741 lsst_hardware_u 10.295136743511199 4.375840916569315 28.459999084472656 AB 6.111027383356336 1.0235369539161436
60443.3161 lsst_hardware_u 104.25027809667267 10.032883743651823 28.40999984741211 AB 6.841248946199798 1.0345542998299164
60443.3385 lsst_hardware_g 5219.447806115194 73.17575055193372 31.450000762939453 AB 8.162981292747864 1.0218841986373006
60445.2956 lsst_hardware_r 6992.692009543203 86.50987530886937 31.510000228881836 AB 3.9738368278332783 1.053160227346039
60445.3182 lsst_hardware_z 3722.4024565382747 72.8400073305788 30.959999084472656 AB 3.8469572589657863 1.0283232448451713
60458.289 lsst_hardware_z 7281.352045826484 120.54827872734491 31.739999771118164 AB 8.539417936397738 1.0246686722473937
60460.261 lsst_hardware_r 7807.706265263437 96.64006850075651 31.610000610351562 AB 7.205445130598083 1.044267410231669
60460.2832 lsst_hardware_z 3240.477557430257 72.09409271093037 30.959999084472656 AB 7.089097967714092 1.024831047761228
60462.2677 lsst_hardware_r 12895.104462644053 120.24184606511157 32.279998779296875 AB 10.193561728219189 1.0314412258514787
60462.2903 lsst_hardware_y 1552.7619903611887 75.06201903802284 30.799999237060547 AB 10.060132339566609 1.0214542168683203
60464.2627 lsst_hardware_g 2786.8727914327083 55.597806007761854 31.459999084472656 AB 11.779612457184253 1.0310608509756531
60464.2873 lsst_hardware_r 5837.0790305346245 80.11668898524385 31.510000228881836 AB 11.709067027011034 1.0214216449610534
60466.2667 lsst_hardware_i 3984.0530823627028 70.61958442004263 31.260000228881836 AB 5.994577613684427 1.0248893167523383
60466.2911 lsst_hardware_z 2423.881894673562 62.81807595921695 30.950000762939453 AB 5.9371240677598065 1.0231422697693322
60468.2348 lsst_hardware_z 6472.500533642627 108.17621408100511 32.13999938964844 AB 3.5080303932165804 1.0502036902155216
60468.2616 lsst_hardware_r 13959.472018756584 124.8913990578372 32.709999084472656 AB 3.6327888717775916 1.0247159621393234
60485.1952 lsst_hardware_i 2231.278340734527 105.39478714503491 31.34000015258789 AB 3.9484754444447265 1.0412417390031143
60485.2152 lsst_hardware_z 1986.6507028732817 91.9999372778885 31.0 AB 4.499246671107685 1.0247102820947989
60487.2021 lsst_hardware_z 1690.535239657946 66.41691980812206 30.969999313354492 AB 7.642415576713263 1.0293508757105883
60487.226 lsst_hardware_r 1387.6472459307893 71.20334027765024 31.649999618530273 AB 7.408624136050038 1.0215034657666198
60495.1726 lsst_hardware_r 875.3055643203211 38.328562835720454 31.520000457763672 AB 3.729840468389187 1.036066796774774
60495.192 lsst_hardware_i 1318.89337894238 48.17588276101799 31.260000228881836 AB 3.682984004301158 1.0230511123058772
60497.1985 lsst_hardware_i 1284.0981849141908 47.13743812627781 31.260000228881836 AB 2.298350435038013 1.0214890822390228
60497.2183 lsst_hardware_z 959.8832629378509 51.2259309672807 30.950000762939453 AB 1.853329269748771 1.0296273720826505
60499.1876 lsst_hardware_i 1112.7623481647172 46.65812176245395 31.270000457763672 AB 2.6193741887357462 1.021596797478799
60499.2073 lsst_hardware_u 14.075201900327743 4.741323100978499 28.559999465942383 AB 2.6248217405666425 1.0259889539673757
60501.1858 lsst_hardware_g 244.4668638554009 22.68251733329096 31.479999542236328 AB 7.971368596675268 1.0214137933402017
60501.2065 lsst_hardware_r 705.3762031810105 36.920311164629844 31.530000686645508 AB 8.043782193628287 1.0289785018552928
60508.1729 lsst_hardware_r 1564.0479529042689 97.99238647007799 32.400001525878906 AB 2.234237680024886 1.022144573400634
60508.1907 lsst_hardware_i 2010.3192310483107 89.61661486346617 32.06999969482422 AB 2.240220059221619 1.0315671799946058
60511.1451 lsst_hardware_i 1052.6704005195086 130.71434158908457 31.350000381469727 AB 6.039971777089519 1.0243027321237173
60511.1651 lsst_hardware_z 292.88605514490513 105.87671086389744 31.0 AB 6.026072981872282 1.022234602522864
60520.1222 lsst_hardware_i 32.44692641632804 31.260000228881836 31.25 AB 5.322756675280216 1.023607052938503
60520.1421 lsst_hardware_r 24.53979504431188 24.1200008392334 31.510000228881836 AB 5.686183797382295 1.0226489451701444
60529.1023 lsst_hardware_i -34.5871322063075 44.220001220703125 32.0099983215332 AB 4.497556710699805 1.022171979704501
60529.1211 lsst_hardware_z -47.328926793022866 58.650001525878906 31.709999084472656 AB 4.505178457908789 1.0239041949792702
60531.1011 lsst_hardware_i -94.07948073822547 31.290000915527344 31.260000228881836 AB 3.783851246034033 1.0215121474107625
60531.1217 lsst_hardware_u -0.048614762269773876 2.799999952316284 28.479999542236328 AB 3.8510473196581256 1.0270372441083098
60535.0774 lsst_hardware_i 40.55004127237393 39.630001068115234 31.299999237060547 AB 3.4167155685640953 1.0253479086395365
60535.0979 lsst_hardware_r 4.521257472887713 39.7599983215332 31.6200008392334 AB 3.693270892142354 1.0218872655224405
60539.0922 lsst_hardware_r 29.566550687544982 118.55000305175781 31.670000076293945 AB 2.664135690342822 1.023290067348885
60539.1247 lsst_hardware_i 69.9578183193279 101.41000366210938 31.34000015258789 AB 2.742671325719453 1.0535903677774965
60541.0643 lsst_hardware_i -89.1623805450408 92.38999938964844 31.350000381469727 AB 2.2601028894620363 1.0238291684992238
60541.0841 lsst_hardware_z 133.7398610172841 79.30000305175781 31.0 AB 2.147176157338146 1.0224648368276885
60543.0647 lsst_hardware_i -19.163013671103936 63.619998931884766 31.329999923706055 AB 3.158091440424424 1.022036064862136
60543.0861 lsst_hardware_z 126.81411785084092 58.88999938964844 30.979999542236328 AB 2.8626998643840733 1.025414118163902
60546.0623 lsst_hardware_g -1.9813182926663473 15.380000114440918 31.479999542236328 AB 4.268315177168854 1.0214131162211593
60546.0801 lsst_hardware_r -5.394750623729543 24.170000076293945 31.520000457763672 AB 4.293086253194151 1.0266447795601796
60549.0387 lsst_hardware_i -2.44550872667811 31.43000030517578 31.270000457763672 AB 3.6307849870238194 1.0255971904403236
60549.0551 lsst_hardware_r -2.782915670991064 24.25 31.530000686645508 AB 3.574972637309335 1.0214207535169528
60553.0202 lsst_hardware_z -16.70733019375721 41.47999954223633 30.950000762939453 AB 1.8225430780792002 1.030655840572592
60553.0369 lsst_hardware_u 0.8213274502899505 2.809999942779541 28.489999771118164 AB 1.8207758935824547 1.0221421558284738
60555.0246 lsst_hardware_g -8.792476995619833 15.5 31.479999542236328 AB 1.777872333945085 1.02446425005239
60555.0448 lsst_hardware_r -9.053296816911253 24.190000534057617 31.520000457763672 AB 1.426816915695909 1.0221971933340035
60557.0115 lsst_hardware_i -11.174538861328584 31.479999542236328 31.260000228881836 AB 1.4224564758120979 1.0289636331151035
60557.0315 lsst_hardware_z -3.9284448466700885 41.41999816894531 30.950000762939453 AB 1.412382215118567 1.0214299151101551
60561.0128 lsst_hardware_g -3.7543343661605935 17.059999465942383 31.520000457763672 AB 2.6859474345128223 1.0227310555022644
60561.0323 lsst_hardware_r 5.951451102316774 25.299999237060547 31.530000686645508 AB 2.6820340258876962 1.0233516156010287
60565.9926 lsst_hardware_y -44.162864367066504 56.16999816894531 30.06999969482422 AB 2.5533145964583297 1.0254275487784457
60566.0103 lsst_hardware_i -22.745686772321324 67.86000061035156 31.34000015258789 AB 1.430106299262182 1.0215044994729872
60568.0028 lsst_hardware_z -42.05534574364578 92.7300033569336 31.739999771118164 AB 2.6057951653576636 1.0214131437999596
60570.9809 lsst_hardware_y -10.151327681969681 73.73999786376953 30.079999923706055 AB 6.18190064533224 1.0244687650217077
60571.0006 lsst_hardware_r 145.24635230833684 81.45999908447266 31.65999984741211 AB 6.03029100373314 1.0220832209717186
60572.9815 lsst_hardware_y 218.25439172485886 74.0999984741211 30.06999969482422 AB 3.511185007634692 1.0223278519827934
60573.0026 lsst_hardware_z 73.22246707820388 41.95000076293945 30.950000762939453 AB 3.9960491617317833 1.0246279901876367
60779.3996 lsst_hardware_z -72.29843723238417 60.61000061035156 30.989999771118164 AB 6.949780444425445 1.0313159628158701
60779.4171 lsst_hardware_y 23.0666341368155 64.94999694824219 30.079999923706055 AB 7.28431008485604 1.0221441219190401
60781.3576 lsst_hardware_y 166.9124357530844 76.94999694824219 30.799999237060547 AB 18.614685494818826 1.086925463903937
60783.4109 lsst_hardware_r -55.414155727549606 80.5 31.65999984741211 AB 13.290601570066126 1.0214700025029206
60793.3684 lsst_hardware_g 17.649627973364982 15.6899995803833 31.479999542236328 AB 3.7722245256227205 1.0263625591210015
60793.3877 lsst_hardware_i 13.135198129272018 31.559999465942383 31.260000228881836 AB 5.124347756355448 1.021498605871713
60801.352 lsst_hardware_r -31.863230319912766 24.239999771118164 31.520000457763672 AB 3.1250247552174524 1.02370323931561
60801.3712 lsst_hardware_i 6.498955256153186 31.469999313354492 31.260000228881836 AB 3.1290299728519932 1.0223917571808505
60803.3586 lsst_hardware_z -7.155921325918831 41.400001525878906 30.950000762939453 AB 10.53310528512309 1.0214167892674693
60803.377 lsst_hardware_r -29.912790601722065 24.350000381469727 31.530000686645508 AB 10.842560838540257 1.0274711768153633
60805.3351 lsst_hardware_r 6.260180918698261 64.16000366210938 31.649999618530273 AB 7.115595682815085 1.0266827168355204
60805.3552 lsst_hardware_z -69.82444223337563 72.44000244140625 31.729999542236328 AB 7.007716338932842 1.0215205848713464
60807.3281 lsst_hardware_z 36.030933848443276 66.04000091552734 31.0 AB 9.170840312462643 1.0276506807380001
60807.3477 lsst_hardware_i 43.49949995670257 74.87000274658203 31.34000015258789 AB 10.028106982984406 1.02141752080238
60816.3142 lsst_hardware_z -9.570884105713809 42.59000015258789 30.959999084472656 AB 6.903766152996611 1.022628670270616
60816.3369 lsst_hardware_r -5.422446864743085 29.969999313354492 31.56999969482422 AB 7.183623493436038 1.0248654403798798
60822.2939 lsst_hardware_r 38.32806596177605 24.040000915527344 31.520000457763672 AB 4.151370969832309 1.0240184928052067
60822.3137 lsst_hardware_u 2.3807431236516097 2.890000104904175 28.549999237060547 AB 4.130467718420745 1.02235082342001
60825.2916 lsst_hardware_g 11.55967011003393 15.34000015258789 31.479999542236328 AB 11.82126419431811 1.0221291383143396
60825.3126 lsst_hardware_i 20.15378505612041 31.18000030517578 31.260000228881836 AB 13.093342962378104 1.0249994490666772
60827.2851 lsst_hardware_z -34.52625863448011 41.36000061035156 30.950000762939453 AB 6.3441876988139345 1.0223766166974677
60827.3041 lsst_hardware_r 35.078327524977794 24.06999969482422 31.520000457763672 AB 7.029767375945469 1.0236531466768473
60841.2079 lsst_hardware_z 41.91023575818888 63.86000061035156 30.989999771118164 AB 12.693112828894948 1.0591863618120156
60841.2272 lsst_hardware_r 114.34314821142127 82.94000244140625 31.65999984741211 AB 11.995489528097222 1.0340939248359675
60845.2539 lsst_hardware_r -29.956338686019194 28.450000762939453 31.56999969482422 AB 3.5247916927104144 1.023260603651175
60845.276 lsst_hardware_z -30.796389581047507 42.9900016784668 30.959999084472656 AB 3.614037909916702 1.0396120174273762
60850.1859 lsst_hardware_r 9.745888726402454 24.639999389648438 31.510000228881836 AB 3.962117316352592 1.0550172590474216
60850.2078 lsst_hardware_z -24.57742776586222 41.66999816894531 30.950000762939453 AB 3.8595000155735795 1.029703414711201
60859.1951 lsst_hardware_g -55.96239514279767 30.6200008392334 32.34000015258789 AB 6.812263556234379 1.0231696539853379
60859.2189 lsst_hardware_r -38.57414520489668 34.95000076293945 32.27000045776367 AB 6.92003015730227 1.0245824929378389
60862.1704 lsst_hardware_r 99.77573962918285 83.0999984741211 32.38999938964844 AB 5.031199544470235 1.0335957428891587
60862.1923 lsst_hardware_i -12.104224251231742 72.31999969482422 32.06999969482422 AB 4.962896004662898 1.0218027598647104
60869.1517 lsst_hardware_r 43.61332781761245 94.72000122070312 31.65999984741211 AB 6.741925003159486 1.0332188199268708
60869.1741 lsst_hardware_z 77.01198685921158 67.87999725341797 30.989999771118164 AB 6.272199362509636 1.021669503870216
60871.1531 lsst_hardware_r -54.961914174864624 52.380001068115234 31.639999389648438 AB 7.095794520493542 1.0278298276993205
60871.1741 lsst_hardware_y 124.95810901340255 49.13999938964844 30.059999465942383 AB 6.537352029078985 1.0214612545435913
60876.1232 lsst_hardware_u -4.933065274458872 2.869999885559082 28.510000228881836 AB 3.3532885194904907 1.0433380583355603
60876.149 lsst_hardware_g -4.4598785104176475 22.329999923706055 32.2400016784668 AB 3.273801080267542 1.0230628375836068
60876.174 lsst_hardware_r 33.39052644181622 24.639999389648438 31.530000686645508 AB 3.5165331459036864 1.0253279655662415
60878.1306 lsst_hardware_r 18.918729025630544 24.350000381469727 31.510000228881836 AB 5.350945635253755 1.030282838441773
60878.1552 lsst_hardware_i -41.983798208603574 31.450000762939453 31.260000228881836 AB 5.244588032749621 1.0214740049502606
60880.1324 lsst_hardware_z 113.36101231100824 41.630001068115234 30.959999084472656 AB 6.35820616610975 1.0255171235660887
60880.1561 lsst_hardware_r 1.9888114581169518 24.479999542236328 31.530000686645508 AB 6.339835519722506 1.022554116084275
60882.1316 lsst_hardware_u 1.409161842571267 3.940000057220459 29.200000762939453 AB 9.29522424963863 1.0234213321925276
60882.1533 lsst_hardware_g -18.081086351481307 21.969999313354492 32.220001220703125 AB 9.262330225189638 1.023414784791452
60887.1163 lsst_hardware_r -52.01093745595267 26.690000534057617 31.540000915527344 AB 3.9741009209456473 1.0240768564540095
60887.1373 lsst_hardware_y 54.14659015719414 47.13999938964844 30.049999237060547 AB 3.783777965816751 1.0226426934639867
60895.1126 lsst_hardware_z -306.4393678375111 134.7100067138672 31.760000228881836 AB 4.496611762232083 1.0219572186891097
60898.0855 lsst_hardware_r 143.77297570784503 80.45999908447266 31.65999984741211 AB 7.677206583229389 1.0244129276751361
60898.107 lsst_hardware_z -91.19708690526932 60.0099983215332 30.989999771118164 AB 7.646418324940564 1.022567421870534
60900.0855 lsst_hardware_r -30.179229293802784 30.579999923706055 31.579999923706055 AB 2.4891631613673044 1.022453547491191
60900.104 lsst_hardware_y -96.97768482773593 48.11000061035156 30.059999465942383 AB 2.566072961185702 1.0233591071528223
60903.0806 lsst_hardware_g 23.454479891447356 15.350000381469727 31.489999771118164 AB 5.932704890970462 1.021764433831528
60903.0996 lsst_hardware_r -2.824256824742644 24.079999923706055 31.520000457763672 AB 5.253903429262692 1.0249852243724975
60905.0689 lsst_hardware_r -0.9723762446591409 24.1299991607666 31.520000457763672 AB 2.9401835871968505 1.0233844717009575
60905.0891 lsst_hardware_i -25.659474172190674 31.219999313354492 31.260000228881836 AB 2.6669545459409068 1.022932127830048
60909.0954 lsst_hardware_u -2.8507719803837106 3.940000057220459 29.219999313354492 AB 2.8439344765842307 1.0335942128236346
60909.1197 lsst_hardware_g 13.951102114795184 21.540000915527344 32.20000076293945 AB 2.9786846650061554 1.0670552265828965
60911.0526 lsst_hardware_r -31.129553105907302 24.030000686645508 31.510000228881836 AB 2.616716040209247 1.0233539461123375
60911.0735 lsst_hardware_z -23.167013471131575 41.47999954223633 30.950000762939453 AB 2.5963543610289985 1.0231938368588438
60913.0413 lsst_hardware_r -16.536888775016553 24.110000610351562 31.520000457763672 AB 2.2870900311313305 1.0260610278740827
60913.0593 lsst_hardware_u -0.16228032993953215 2.7699999809265137 28.450000762939453 AB 2.089131109993081 1.0214551326209906
60932.9935 lsst_hardware_y -5.657761761647487 47.4900016784668 30.059999465942383 AB 2.355666585254458 1.0230167567690842
60933.0117 lsst_hardware_r 17.207223714546874 24.790000915527344 31.530000686645508 AB 1.303018533546926 1.022643715013938
60934.9797 lsst_hardware_y 38.63097500998636 74.38999938964844 30.079999923706055 AB 6.818011329044788 1.0269635982896201
60934.9972 lsst_hardware_z 9.887526588770093 42.18000030517578 30.959999084472656 AB 6.765562479864414 1.0214225474097256
60936.9812 lsst_hardware_y 60.61694941957541 70.16999816894531 30.079999923706055 AB 6.180683017007899 1.0235037080534186
60937.002 lsst_hardware_u 0.11059996178823996 2.9800000190734863 28.530000686645508 AB 6.03583045637933 1.0230221112507338
60938.9813 lsst_hardware_y -128.42992877899886 65.3499984741211 30.06999969482422 AB 3.492971447643366 1.0219343029968888
60939.0004 lsst_hardware_r 20.568929968543088 24.950000762939453 31.520000457763672 AB 3.9957603639190356 1.0245539394664194
