data/validation/pwv_sim_epoch_fit_seasonal/56711012.ecsv
# %ECSV 0.9
# ---
# datatype:
# - {name: time, datatype: float64}
# - {name: band, datatype: string}
# - {name: flux, datatype: float64}
# - {name: fluxerr, datatype: float64}
# - {name: zp, datatype: float64}
# - {name: zpsys, datatype: string}
# - {name: pwv, datatype: float64}
# - {name: airmass, datatype: float64}
# meta: {SNID: '56711012', alt: 1024.0, c: -0.1214437484741211, dec: -21.542267, lat: -30.244573, lon: -70.7499537, ra: 305.15625, t0: 60539.57421875,
#   x0: 6.478185761144818e-05, x1: -0.9509179592132568, z: 0.20501787960529327}
# schema: astropy-2.0
time band flux fluxerr zp zpsys pwv airmass
[from data line 133]
60882.1953 lsst_hardware_i -17.15226013514828 31.700000762939453 31.270000457763672 AB 10.850364798687462 1.0122946719034756
60887.1755 lsst_hardware_y -29.57890944401471 46.869998931884766 30.049999237060547 AB 3.7310506561924446 1.0139413428065613
60887.1976 lsst_hardware_g -8.157294500688847 15.859999656677246 31.479999542236328 AB 3.694261640859292 1.013792985965777
60889.158 lsst_hardware_r 17.30503459068586 34.84000015258789 31.600000381469727 AB 1.8505329301045301 1.0207959529858583
60889.1764 lsst_hardware_i 39.12591770932723 36.5 31.280000686645508 AB 1.842313016131296 1.0122598989732396
60893.1698 lsst_hardware_z -37.883782816657515 68.33000183105469 30.989999771118164 AB 1.64007894823543 1.0118739012250086
60893.1915 lsst_hardware_r -0.9600835553354391 93.62999725341797 31.65999984741211 AB 1.6489861360665121 1.0192033805201208
60895.1436 lsst_hardware_z -223.51704273687358 107.7300033569336 31.010000228881836 AB 3.965544415610994 1.0193328118270055
60895.1639 lsst_hardware_i 63.190071858943966 127.94999694824219 31.350000381469727 AB 3.838418060980218 1.0118852533339766
60898.1432 lsst_hardware_z 81.33871793696757 68.12999725341797 31.0 AB 8.335740038242232 1.0148622261566778
60898.163 lsst_hardware_r 32.6942456641003 97.33000183105469 31.670000076293945 AB 8.309440338317112 1.0125129117271894
60900.1392 lsst_hardware_y 76.74422556742346 49.099998474121094 30.059999465942383 AB 3.2952951222123477 1.0142490373075863
60900.1606 lsst_hardware_g -106.79355454776382 53.95000076293945 31.729999542236328 AB 3.3008091275138507 1.0132952041485344
60903.1167 lsst_hardware_r -10.93293934065713 24.389999389648438 31.520000457763672 AB 5.269129870008268 1.023330718587739
60903.1347 lsst_hardware_i 41.660610134493744 31.389999389648438 31.260000228881836 AB 5.450857518201341 1.013013632002727
60905.1336 lsst_hardware_z 27.857312502527794 41.33000183105469 30.950000762939453 AB 2.734524673423159 1.0121309053106908
60905.1516 lsst_hardware_r -25.94853288719935 24.360000610351562 31.530000686645508 AB 2.747977635657858 1.0150751593884841
60909.1658 lsst_hardware_i 31.600339808355926 31.530000686645508 31.260000228881836 AB 2.079483302957852 1.0373643581581469
60909.1824 lsst_hardware_z 38.50415148352286 42.15999984741211 30.950000762939453 AB 2.6499097013302886 1.0646839795078897
60911.1094 lsst_hardware_z 80.2992609411827 41.369998931884766 30.959999084472656 AB 2.914011136733129 1.0141570081437805
60911.1299 lsst_hardware_r 17.646249784339084 24.200000762939453 31.520000457763672 AB 2.766013129621707 1.013098847952278
60931.0506 lsst_hardware_g 16.308091222473895 15.449999809265137 31.479999542236328 AB 2.4647368835540555 1.0160720946321986
60931.0696 lsst_hardware_r 11.471369821817413 24.170000076293945 31.520000457763672 AB 2.491829497480585 1.0120131982863578
60933.0478 lsst_hardware_i -10.086213913646583 31.3799991607666 31.270000457763672 AB 1.1904309486307167 1.014788050264251
60933.0656 lsst_hardware_z -9.723378129202686 41.36000061035156 30.959999084472656 AB 1.190251841042195 1.0121906379779135
60937.037 lsst_hardware_u 7.1211268894077815 2.809999942779541 28.479999542236328 AB 5.986933928347553 1.0147345641267038
60937.0556 lsst_hardware_g -18.098826422237597 15.470000267028809 31.479999542236328 AB 5.550566975328727 1.0123383798760504
60942.0199 lsst_hardware_r 21.355585596129032 24.31999969482422 31.520000457763672 AB 2.8685313098120533 1.0164287402629375
60942.0378 lsst_hardware_u -4.462996484525444 2.859999895095825 28.520000457763672 AB 2.886420522368415 1.0118915065270517
60944.02 lsst_hardware_g -10.476931348865602 16.260000228881836 31.489999771118164 AB 3.4377629241220493 1.0138899697567978
60944.0403 lsst_hardware_r -20.466524791232995 24.899999618530273 31.540000915527344 AB 3.263580962976982 1.0132460106005998
60949.0023 lsst_hardware_y -57.85123146475041 51.56999969482422 30.049999237060547 AB 6.174557452964945 1.015635735334294
60949.0223 lsst_hardware_r 13.88180425694395 62.9900016784668 31.649999618530273 AB 6.154305481397408 1.0122490443373948
60951.0021 lsst_hardware_y -39.9978785858126 57.13999938964844 30.06999969482422 AB 2.012501246027237 1.0134716082225714
60951.0211 lsst_hardware_z -20.78883732649783 68.86000061035156 30.989999771118164 AB 1.9375300889114393 1.013220075258033
60953.9867 lsst_hardware_y -81.15525614915872 86.25 30.079999923706055 AB 3.4075360483003787 1.0166691342517291
60954.0056 lsst_hardware_z 36.88988320445591 62.540000915527344 30.989999771118164 AB 3.46422010548155 1.0119189227569887
60955.997 lsst_hardware_y -11.80804029561392 86.02999877929688 30.81999969482422 AB 4.546788153830898 1.0118964734045957
60957.9886 lsst_hardware_z 98.59968720894436 66.11000061035156 30.989999771118164 AB 3.2157402321400843 1.0121674173289754
60958.0074 lsst_hardware_r 27.21367007380417 25.0 31.520000457763672 AB 2.4367579169962084 1.0153157987484203
