data/validation/pwv_sim_epoch_fit_seasonal/56765334.ecsv
# %ECSV 0.9
# ---
# datatype:
# - {name: time, datatype: float64}
# - {name: band, datatype: string}
# - {name: flux, datatype: float64}
# - {name: fluxerr, datatype: float64}
# - {name: zp, datatype: float64}
# - {name: zpsys, datatype: string}
# - {name: pwv, datatype: float64}
# - {name: airmass, datatype: float64}
# meta: {SNID: '56765334', alt: 1024.0, c: -0.07201839983463287, dec: -42.210369, lat: -30.244573, lon: -70.7499537, ra: 220.216537, t0: 61610.75390625,
#   x0: 3.6992537731887077e-06, x1: 1.1142421960830688, z: 0.6934278011322021}
# schema: astropy-2.0
time band flux fluxerr zp zpsys pwv airmass
[from data line 134]
61885.2157 lsst_hardware_u -2.6108017036636193 2.759999990463257 28.5 AB 12.9893635086437 1.0227845282396615
61885.2266 lsst_hardware_g -19.92080337170429 14.239999771118164 31.440000534057617 AB 12.999019669048119 1.0235448558305607
61888.2079 lsst_hardware_r -12.985383984231209 22.920000076293945 31.489999771118164 AB 2.302739307125748 1.0227578534868966
61888.2198 lsst_hardware_i 50.766582924293616 30.420000076293945 31.239999771118164 AB 2.2141175538561706 1.0238693890664372
61889.2557 lsst_hardware_u 0.8165383293525781 2.700000047683716 28.43000030517578 AB 11.216139668831508 1.0540494003224798
61889.27 lsst_hardware_g -12.118949102209758 14.34000015258789 31.420000076293945 AB 11.41316384962005 1.0763074169766174
61895.1983 lsst_hardware_r 9.44896325475039 45.25 31.6299991607666 AB 9.49102540640201 1.0233463158555187
61895.211 lsst_hardware_i 24.68604711890459 42.43000030517578 31.299999237060547 AB 9.405177936372775 1.0278882990571339
61899.2084 lsst_hardware_z -191.87078710638175 135.39999389648438 31.75 AB 8.613278019485929 1.0332317312323993
61903.1836 lsst_hardware_r 36.129429162204886 70.62999725341797 31.649999618530273 AB 6.056859931022248 1.0253698884412135
61903.1967 lsst_hardware_i 24.63295525129401 58.959999084472656 31.31999969482422 AB 6.195221637987799 1.0326516787400843
61908.1371 lsst_hardware_r -9.431872840806838 22.950000762939453 31.489999771118164 AB 8.184986945577558 1.027296761289935
61908.1491 lsst_hardware_i 50.86416676986057 30.450000762939453 31.239999771118164 AB 8.246495311423432 1.0232653321036647
61908.1956 lsst_hardware_z 72.96681415926668 41.279998779296875 30.950000762939453 AB 7.774821105247684 1.044090660746392
61908.2089 lsst_hardware_u -1.8185618692002192 2.6600000858306885 28.389999389648438 AB 8.460031484593577 1.0612181992716547
61910.136 lsst_hardware_z -28.23161736175406 41.099998474121094 30.950000762939453 AB 7.895470690434903 1.0253858039525847
61910.1495 lsst_hardware_r -5.993413705026764 23.040000915527344 31.5 AB 7.874724450987152 1.0226914871411885
61926.1114 lsst_hardware_z 44.69378180967244 67.81999969482422 30.989999771118164 AB 9.16944167669492 1.0229946087796489
61926.1218 lsst_hardware_r -29.231520319667794 92.76000213623047 31.65999984741211 AB 9.257104394118912 1.025765295991783
61928.1179 lsst_hardware_y 32.61600431438808 91.95999908447266 30.81999969482422 AB 4.346593584106539 1.0264311045591636
61944.0874 lsst_hardware_g -4.011421166882553 13.890000343322754 31.420000076293945 AB 3.311043785290938 1.034701182903418
61944.0996 lsst_hardware_r -45.647914775369564 22.709999084472656 31.5 AB 3.349363829181651 1.046676196619266
61950.028 lsst_hardware_z 74.14402131143132 41.29999923706055 30.940000534057617 AB 4.7361981814904475 1.0249477588840075
61950.0373 lsst_hardware_r 16.625867410532152 25.510000228881836 31.520000457763672 AB 4.526049370368787 1.022874542250658
61958.0271 lsst_hardware_i -8.540084478750178 79.33999633789062 31.34000015258789 AB 3.0705513856992113 1.0235171285664038
61958.0395 lsst_hardware_r -87.51162551448097 102.04000091552734 31.65999984741211 AB 3.0845225060697152 1.028174168689905
61962.0216 lsst_hardware_r 4.800043810934431 22.579999923706055 31.5 AB 5.092773282316587 1.0250466183797222
61962.0336 lsst_hardware_i 4.2181219938085786 30.360000610351562 31.25 AB 5.071138432432896 1.0312431992746103
61964.0166 lsst_hardware_z 1.1043735869833065 40.95000076293945 30.950000762939453 AB 5.877204506359281 1.0252130200649983
61964.0288 lsst_hardware_r 44.613536423778 22.649999618530273 31.5 AB 5.920575433862093 1.0316987861051137
61965.0204 lsst_hardware_u 2.503634518266684 2.75 28.489999771118164 AB 7.177569574920438 1.0281823433096007
61965.0324 lsst_hardware_g -1.3416450135811113 13.930000305175781 31.43000030517578 AB 7.210495982808745 1.0366734774301583
61973.9961 lsst_hardware_g 23.623695130441767 14.15999984741211 31.43000030517578 AB 3.305062598222099 1.0283331046117297
61974.0082 lsst_hardware_r -25.250651821176845 22.920000076293945 31.5 AB 4.3706258782716185 1.037003925562706
61975.9976 lsst_hardware_i 46.12183926788529 30.540000915527344 31.25 AB 5.080131764675287 1.0328270055588142
61976.0097 lsst_hardware_r 8.29116246587368 22.899999618530273 31.5 AB 5.4200335395714605 1.0438531564944713
61978.0001 lsst_hardware_u 3.5364768679094643 2.859999895095825 28.40999984741211 AB 4.669947614347864 1.0396143397924897
61978.012 lsst_hardware_g -13.439014997508647 15.739999771118164 31.450000762939453 AB 4.701261819818454 1.0531500492424852
61980.9981 lsst_hardware_z 25.213184782223554 48.619998931884766 30.959999084472656 AB 5.519694889985391 1.0461397564530472
61981.0098 lsst_hardware_r -53.22340576171872 46.81999969482422 31.6200008392334 AB 5.435395789407464 1.0615661839277624
