data/validation/pwv_sim_epoch_fit_seasonal/56780934.ecsv
# %ECSV 0.9
# ---
# datatype:
# - {name: time, datatype: float64}
# - {name: band, datatype: string}
# - {name: flux, datatype: float64}
# - {name: fluxerr, datatype: float64}
# - {name: zp, datatype: float64}
# - {name: zpsys, datatype: string}
# - {name: pwv, datatype: float64}
# - {name: airmass, datatype: float64}
# meta: {SNID: '56780934', alt: 1024.0, c: -0.005306124221533537, dec: -54.532822, lat: -30.244573, lon: -70.7499537, ra: 213.219894,
#   t0: 60372.48046875, x0: 1.4219986446402768e-05, x1: -1.6024905443191528, z: 0.39693590998649597}
# schema: astropy-2.0
time band flux fluxerr zp zpsys pwv airmass
60359.3732 lsst_hardware_u 38.04793014976463 6.503453873101079 28.530000686645508 AB 3.437363408341094 1.0981991719939597
60359.3842 lsst_hardware_z 923.2909063410652 53.99343145556027 30.959999084472656 AB 2.3354165262078013 1.0987610097425553
60367.3629 lsst_hardware_z 2253.667813528435 74.61437281520129 30.969999313354492 AB 5.714113315316905 1.098867945253251
60367.3766 lsst_hardware_r 4799.694140248805 102.93376424218091 31.639999389648438 AB 5.542796125000781 1.1038128298318792
60369.3614 lsst_hardware_i 3580.8153189679147 84.05124468989878 31.309999465942383 AB 4.5789691224513485 1.0998324553526058
60369.3728 lsst_hardware_r 5273.619429422659 101.06021275859761 31.639999389648438 AB 4.601629747163141 1.1047225560859797
60372.3537 lsst_hardware_z 2558.5582775323714 68.09975186936903 30.950000762939453 AB 8.014909108955015 1.0999795201969438
60372.3659 lsst_hardware_g 2540.8256238458584 62.920795806650624 31.649999618530273 AB 8.016458536282826 1.105476992787712
60375.3658 lsst_hardware_r 4603.885565843161 71.96409767239997 31.489999771118164 AB 9.555798801475284 1.1111393955203819
60375.3772 lsst_hardware_i 3659.205083488087 67.00909073133128 31.239999771118164 AB 9.99068525895904 1.1219186141447546
60378.3351 lsst_hardware_i 3544.4771590081214 65.79803723572316 31.239999771118164 AB 9.268431754640973 1.0993711554611072
60378.3465 lsst_hardware_z 2417.0061667003924 63.549170703438996 30.940000534057617 AB 9.302405491095184 1.1037827998095795
60381.3496 lsst_hardware_g 1064.676327789836 35.32537655462381 31.389999389648438 AB 14.310611048097318 1.1112879866509409
60381.3632 lsst_hardware_r 3459.3491226867704 63.18457182051118 31.479999542236328 AB 14.484809316898684 1.1245969966536244
60382.3407 lsst_hardware_i 3053.5515173239173 62.63955636256501 31.239999771118164 AB 11.542416128975155 1.1067969183316968
60382.3476 lsst_hardware_r 3190.5992576978965 61.478873063359046 31.479999542236328 AB 11.605092621150824 1.1118829159252779
60386.3187 lsst_hardware_u 1.495391695781511 3.4262648253138166 28.34000015258789 AB 6.786376883981011 1.101088731851939
60386.3318 lsst_hardware_g 660.1498331713932 28.931767042984834 31.3799991607666 AB 6.788622367393987 1.108165583968945
60388.287 lsst_hardware_r 2132.434062715202 50.6786825034472 31.469999313354492 AB 5.471961701347101 1.0993761789473147
60388.3001 lsst_hardware_i 2207.2149782331585 56.32265767618852 31.229999542236328 AB 5.251445673839807 1.0981693169886733
60394.2856 lsst_hardware_r 1347.7948495739909 103.01963270446315 31.639999389648438 AB 7.798194894790684 1.0983373091254485
60394.2976 lsst_hardware_z 1493.3627714633647 75.61950766081884 30.979999542236328 AB 7.02094792530215 1.101382753393943
60398.2854 lsst_hardware_z 1446.0519605190516 70.58764510730377 30.969999313354492 AB 7.398197890676385 1.1008950012166938
60398.2975 lsst_hardware_r 1000.8299865189712 83.29820699579501 31.6299991607666 AB 7.189659290537958 1.1071233893652934
60400.2938 lsst_hardware_i 1522.1246062637892 62.847734750607955 31.299999237060547 AB 5.59152691714611 1.108330409741548
60400.3062 lsst_hardware_z 1136.1060321314876 62.08445994243231 30.959999084472656 AB 5.709384822812715 1.1190301000204304
60404.2324 lsst_hardware_i 1163.7064089939527 45.86943388617827 31.239999771118164 AB 7.773752043103302 1.1035468759433231
60404.2451 lsst_hardware_u -5.143205151811692 2.721654975984652 28.350000381469727 AB 7.7778565012137815 1.098981231332015
60414.2171 lsst_hardware_g 110.07778402932381 16.819475701334234 31.40999984741211 AB 11.043037013534514 1.0991377539100742
60414.2275 lsst_hardware_r 305.9849396494369 29.341600534567842 31.489999771118164 AB 11.086553312129709 1.0981134421681567
60416.2209 lsst_hardware_i 633.1515450979406 39.97829072533552 31.25 AB 14.527874924103521 1.0981009012927831
60416.2313 lsst_hardware_r 350.26689260712715 29.093456640083478 31.489999771118164 AB 14.652570419178156 1.0993825344521426
60419.2213 lsst_hardware_z 1200.0049869804 74.58176894083982 31.709999084472656 AB 2.9782232482149507 1.0989753683450003
60421.2182 lsst_hardware_r 480.1352239939863 74.50966983536738 31.639999389648438 AB 9.205966201127634 1.0995261805630583
60421.2291 lsst_hardware_i 587.1421411288283 63.845706090168456 31.309999465942383 AB 9.25396487244586 1.1038087796643306
60431.2 lsst_hardware_i 953.3975580039936 57.39564812356065 32.02000045776367 AB 8.82328333686431 1.1029104171080388
60431.2109 lsst_hardware_r 583.8411960609055 49.79386911058297 32.310001373291016 AB 8.93879133162258 1.1096162780154026
60434.2004 lsst_hardware_u 15.210530279258377 3.915342164248159 28.440000534057617 AB 10.19427346564745 1.1079527731385495
60434.2111 lsst_hardware_g 54.93125647694331 15.432023744924733 31.399999618530273 AB 10.175159604828771 1.1167994297913513
60442.0975 lsst_hardware_r 184.56852325304231 26.856797857232394 31.469999313354492 AB 7.2439258018548305 1.1317455163818608
60442.1123 lsst_hardware_i 304.00782077794673 36.07298063421754 31.239999771118164 AB 7.161349057027447 1.1152722595105946
60444.1369 lsst_hardware_z -60.34026825847956 41.97999954223633 30.940000534057617 AB 7.666033923450545 1.0988104046990341
60444.149 lsst_hardware_i 31.566442531318895 30.8799991607666 31.239999771118164 AB 7.591956828692676 1.0983601415916031
60446.1297 lsst_hardware_z -16.20321795944972 44.0 30.950000762939453 AB 8.95544325081549 1.09916455978087
60446.1429 lsst_hardware_g 9.692193488366918 29.3700008392334 31.6200008392334 AB 8.728719127675948 1.0982974680937523
60448.1222 lsst_hardware_r -100.1645947083629 49.150001525878906 31.610000610351562 AB 8.801590916878796 1.0996719384726648
60448.1335 lsst_hardware_i 79.26225435496906 44.81999969482422 31.290000915527344 AB 8.23590462863162 1.0981206171508826
60457.1639 lsst_hardware_i -21.150391666265403 52.2400016784668 31.299999237060547 AB 8.240168422502759 1.135009424587157
60457.1801 lsst_hardware_z -13.71461858148543 53.41999816894531 30.959999084472656 AB 8.780894760434647 1.1609821190526197
60459.1164 lsst_hardware_u 0.5993936443803218 2.640000104904175 28.389999389648438 AB 13.269096341622372 1.1001047125844403
60459.1286 lsst_hardware_g -28.319260297848665 22.709999084472656 31.56999969482422 AB 13.274306053449864 1.1056700491531664
60461.1027 lsst_hardware_r -35.14498424885897 22.649999618530273 31.489999771118164 AB 8.156583710663897 1.0983818624649007
60461.1162 lsst_hardware_i -14.715414525143569 30.860000610351562 31.25 AB 8.094277394485971 1.1020619126558007
60463.1023 lsst_hardware_z 74.65387070904772 41.91999816894531 30.940000534057617 AB 9.93555701953773 1.0992484394023236
60463.1149 lsst_hardware_u 2.1119475317470253 2.5299999713897705 28.290000915527344 AB 10.011573082721231 1.1040856974135154
60467.1074 lsst_hardware_i 28.48851120723693 30.690000534057617 31.229999542236328 AB 4.632951195440186 1.1060682465637879
60467.1191 lsst_hardware_z -11.629382021543234 42.040000915527344 30.940000534057617 AB 4.638559010839612 1.115038223759522
60483.0391 lsst_hardware_i -116.1125493919698 80.44999694824219 31.329999923706055 AB 3.5298180642376247 1.098149351105763
60483.0526 lsst_hardware_z 144.16582317317798 70.33999633789062 30.979999542236328 AB 3.3020535111697726 1.1006845037232575
60484.0225 lsst_hardware_z 9.376268225588152 62.77000045776367 30.979999542236328 AB 4.402571104698418 1.1000927298096996
60484.0347 lsst_hardware_r -23.46215763259682 87.16000366210938 31.639999389648438 AB 4.405187438830324 1.098139708046946
60492.0183 lsst_hardware_u 2.430033489570579 2.5999999046325684 28.3700008392334 AB 9.75013006205968 1.0984205556311248
60492.0304 lsst_hardware_r 28.53169492458499 22.31999969482422 31.469999313354492 AB 9.692864738064355 1.1015870824030018
60496.019 lsst_hardware_r 31.25502618506357 22.270000457763672 31.469999313354492 AB 6.315955745950099 1.101396066954396
60496.0315 lsst_hardware_u -1.2533184924797196 2.619999885559082 28.3799991607666 AB 6.35527594788349 1.1082528464353256
60497.9981 lsst_hardware_u -0.6049210328698424 2.619999885559082 28.3799991607666 AB 1.563494131669163 1.0981521556938811
60498.0107 lsst_hardware_g -6.241556307315336 13.329999923706055 31.3799991607666 AB 0.9727270034959986 1.100369913457012
60502.0008 lsst_hardware_z 11.824663451206208 41.83000183105469 30.940000534057617 AB 10.763372618594017 1.1007181693096095
60502.0129 lsst_hardware_r -8.851688630937563 23.729999542236328 31.5 AB 10.736667164898192 1.1067588047518655
60506.9971 lsst_hardware_i 145.43925770940498 50.20000076293945 31.290000915527344 AB 2.025232413636015 1.1054259251140406
60507.0081 lsst_hardware_z 44.492991379793324 52.290000915527344 30.959999084472656 AB 1.6702009442326093 1.113467296155073
60511.9999 lsst_hardware_i -184.23360700658856 70.13999938964844 31.31999969482422 AB 5.9443484692723745 1.1185852537442134
60512.0107 lsst_hardware_z -17.44008912717804 63.47999954223633 30.969999313354492 AB 6.819942301793051 1.1310020400983503
60719.3856 lsst_hardware_i -78.33071544375925 64.30000305175781 31.31999969482422 AB 5.413964636359201 1.0984457796315903
60721.3764 lsst_hardware_r 61.19436762658483 70.52999877929688 31.639999389648438 AB 3.1214188324365106 1.09909113818187
60721.3874 lsst_hardware_y -22.38219017266481 60.47999954223633 30.049999237060547 AB 3.2192330878637607 1.098152170514672
60723.3743 lsst_hardware_z -89.85119333124834 54.970001220703125 30.969999313354492 AB 4.454683205207998 1.0984978004335118
60723.3858 lsst_hardware_y -2.0470900111693644 56.52000045776367 30.040000915527344 AB 3.6250830153013758 1.0985100046367806
60725.3759 lsst_hardware_z 44.546248824908034 50.66999816894531 30.969999313354492 AB 2.344784465551454 1.0981311160526654
60725.3864 lsst_hardware_y -61.62296959074218 53.38999938964844 30.040000915527344 AB 2.3293593537982202 1.0997919517460906
60728.3594 lsst_hardware_r 6.746093299622756 27.959999084472656 31.540000915527344 AB 10.31010650190028 1.0986899511828943
60728.3709 lsst_hardware_y -71.19019600802493 48.029998779296875 30.030000686645508 AB 10.25454379874894 1.098357884455637
60730.3604 lsst_hardware_g -7.857706437734557 14.739999771118164 31.440000534057617 AB 11.075406811796679 1.0981151924445192
60730.3718 lsst_hardware_r -16.155181198898003 23.31999969482422 31.5 AB 11.078280518123053 1.099535719924541
60732.3599 lsst_hardware_i 18.602677340397307 30.579999923706055 31.239999771118164 AB 7.365823308034158 1.098352031020937
60732.3713 lsst_hardware_z -13.188239185559143 41.68000030517578 30.950000762939453 AB 7.388580888035323 1.1011297895731116
60734.3607 lsst_hardware_r -76.48301877094136 22.549999237060547 31.479999542236328 AB 5.231381722578178 1.0994917449722945
60734.3717 lsst_hardware_u 0.09735584547794938 2.619999885559082 28.3700008392334 AB 5.21591440651999 1.1037804267315605
60737.3587 lsst_hardware_g -16.989110551212587 13.4399995803833 31.389999389648438 AB 6.522253480501284 1.1015459348929715
60737.3705 lsst_hardware_i -7.008015720467322 30.68000030517578 31.239999771118164 AB 6.619806652496748 1.108041062182126
60739.3557 lsst_hardware_z -83.19772662141126 41.81999969482422 30.940000534057617 AB 10.680346456970819 1.102620164868456
60739.3682 lsst_hardware_r -39.878450106574945 22.43000030517578 31.469999313354492 AB 10.755361211590419 1.110364556067699
60743.3351 lsst_hardware_g -13.585848395143897 13.350000381469727 31.3799991607666 AB 7.618501917402917 1.0992451785402153
60743.3475 lsst_hardware_r -1.2532497421738513 22.329999923706055 31.469999313354492 AB 7.512222755091024 1.1039810064305413
60750.2977 lsst_hardware_r -38.595869771297174 92.80000305175781 31.639999389648438 AB 8.523276508391895 1.0990094890743325
60750.3099 lsst_hardware_i 65.0645442079348 73.63999938964844 31.31999969482422 AB 8.509383922161227 1.0982802588430731
60752.3017 lsst_hardware_r 133.12105961026657 79.08000183105469 31.649999618530273 AB 6.80990087264295 1.0981349504369409
60752.3148 lsst_hardware_z 152.27989266457658 60.939998626708984 30.979999542236328 AB 6.783246763442709 1.1004618370283066
60754.304 lsst_hardware_z 27.248277114095604 53.59000015258789 30.979999542236328 AB 5.255592346459308 1.099017306918394
60754.3178 lsst_hardware_i -64.87059983036903 52.849998474121094 31.309999465942383 AB 5.270639671293634 1.1041650120550262
60758.3045 lsst_hardware_y -16.58623109520823 47.97999954223633 30.030000686645508 AB 6.668439749535095 1.1029506697874785
60758.3177 lsst_hardware_g -3.4949594689370698 18.06999969482422 31.510000228881836 AB 6.687850772166119 1.1114617797135062
60760.2884 lsst_hardware_r -16.289886668107105 22.450000762939453 31.5 AB 7.804251243326674 1.0991903159615035
60760.3003 lsst_hardware_i -38.77295080994057 30.649999618530273 31.25 AB 7.068427287337607 1.1035795920901805
60767.2966 lsst_hardware_i -24.561236280679267 30.729999542236328 31.239999771118164 AB 9.814572446655937 1.1144269540685348
60767.3094 lsst_hardware_z -11.746532068307985 42.06999969482422 30.940000534057617 AB 9.93257610343814 1.1280181825527835
60769.2316 lsst_hardware_r 6.99887123290355 22.280000686645508 31.469999313354492 AB 6.074170689400419 1.1043946708000763
60769.243 lsst_hardware_z 24.36894792271012 41.59000015258789 30.940000534057617 AB 6.048354023970595 1.0997007316310172
60771.2312 lsst_hardware_r 14.561084477977838 22.40999984741211 31.479999542236328 AB 16.398458947102235 1.1019235489149222
60771.2428 lsst_hardware_u 3.6742391725473977 2.630000114440918 28.389999389648438 AB 16.376008684793597 1.0985940216547951
60773.2269 lsst_hardware_z -33.6446495723943 47.529998779296875 30.959999084472656 AB 10.21847967649358 1.101445782893099
60773.2395 lsst_hardware_r -27.778576605412958 44.29999923706055 31.610000610351562 AB 10.110517391637085 1.0983325671679915
60775.2276 lsst_hardware_i 8.125352003631129 56.61000061035156 31.309999465942383 AB 5.330123549239699 1.0994479268233703
60775.2395 lsst_hardware_z -1.0746983557946046 54.849998474121094 30.969999313354492 AB 5.282916966689725 1.0981673295502477
60778.2173 lsst_hardware_r 263.85069682877355 113.19999694824219 31.649999618530273 AB 13.44402988267991 1.100031083146906
60778.2288 lsst_hardware_z -48.92109172895267 75.12999725341797 30.989999771118164 AB 13.40813020059709 1.0981569412703398
60782.2124 lsst_hardware_z -39.110390643751 59.47999954223633 30.979999542236328 AB 14.621656876577015 1.0986567807876992
60782.2256 lsst_hardware_r -16.088392807337392 75.2300033569336 31.639999389648438 AB 14.504746593145688 1.0986779725152014
60784.2115 lsst_hardware_y -38.420219601854875 70.25 30.790000915527344 AB 9.864436663632366 1.0981940639915797
60790.2116 lsst_hardware_r -28.569386806131806 22.760000228881836 31.489999771118164 AB 13.978559251186168 1.1006739567863124
60790.2231 lsst_hardware_i -20.762558599459087 30.829999923706055 31.239999771118164 AB 14.049826041311086 1.106285515063865
60792.1853 lsst_hardware_i 34.742417845340704 30.6200008392334 31.229999542236328 AB 3.8072183991487645 1.0986322181023247
60792.1977 lsst_hardware_z 47.30255093516001 41.68000030517578 30.93000030517578 AB 3.905957897356843 1.0985935724430356
60795.1993 lsst_hardware_g -3.3760413817115964 13.75 31.389999389648438 AB 12.099007045289499 1.1011694024488163
60797.1935 lsst_hardware_z -57.90698619498774 41.84000015258789 30.940000534057617 AB 8.727967677891378 1.1010429769006407
60800.1889 lsst_hardware_y 3.1726528822860747 48.04999923706055 30.030000686645508 AB 10.077212920470878 1.1025397068348881
60800.2014 lsst_hardware_g 8.326223800517779 13.9399995803833 31.420000076293945 AB 10.147258696173793 1.1102033584435222
60802.1885 lsst_hardware_r 19.680834075171447 46.56999969482422 31.610000610351562 AB 7.060075432691238 1.1051802185328974
60802.2 lsst_hardware_i 14.344287011621583 43.52000045776367 31.290000915527344 AB 7.1265913835672725 1.1135299036823862
60804.19 lsst_hardware_z -8.493022707554191 56.880001068115234 30.979999542236328 AB 8.43923121295284 1.1098410327397215
60804.2015 lsst_hardware_r -56.540911890399094 71.88999938964844 31.639999389648438 AB 8.589368965753692 1.1202063599209267
60806.125 lsst_hardware_z -64.95663041338568 74.58999633789062 30.989999771118164 AB 8.53061697451963 1.1078723343531987
60806.1366 lsst_hardware_r -73.81630557439262 109.23999786376953 31.649999618530273 AB 8.50779674941781 1.1015468051295152
60808.135 lsst_hardware_z -169.8898033475519 116.36000061035156 31.739999771118164 AB 7.6989840097716815 1.1001691925938384
60810.1315 lsst_hardware_r -61.35938619737897 90.31999969482422 31.639999389648438 AB 7.602413988238517 1.0996078811410308
60810.1441 lsst_hardware_z -159.86147390894357 65.66999816894531 30.979999542236328 AB 7.646180112754106 1.0981946301980354
60812.1257 lsst_hardware_r 76.11380690254269 55.130001068115234 31.6299991607666 AB 8.79759866450957 1.0996998330636965
60812.1393 lsst_hardware_y -77.31740062012511 50.15999984741211 30.040000915527344 AB 8.75149385795963 1.098226680214542
60814.1287 lsst_hardware_g -13.84477204609353 14.199999809265137 31.43000030517578 AB 8.23697967303306 1.098263956404408
60814.1408 lsst_hardware_r -42.32581186197065 29.690000534057617 31.549999237060547 AB 8.243905556459113 1.0991874075278818
60823.0329 lsst_hardware_i -50.43808932047805 44.41999816894531 31.979999542236328 AB 8.226753912067819 1.166667221451864
60823.0375 lsst_hardware_u 3.567609686702418 2.609999895095825 28.34000015258789 AB 8.222617408965762 1.1581151280233468
60826.1078 lsst_hardware_r -12.672067196454014 22.709999084472656 31.489999771118164 AB 9.55447815475967 1.099142360007579
60826.1198 lsst_hardware_u -0.6367226965098877 2.700000047683716 28.43000030517578 AB 9.636942837926076 1.1034667371671079
60830.11 lsst_hardware_i 58.12371748111797 38.529998779296875 31.270000457763672 AB 12.912252570589459 1.1040516933183715
60830.1214 lsst_hardware_z 25.123296464181703 45.599998474121094 30.950000762939453 AB 12.7893911935192 1.1117342831640824
60842.0089 lsst_hardware_i 3.3155801706910286 31.030000686645508 31.239999771118164 AB 10.279117019651874 1.1241379067860884
60842.0163 lsst_hardware_u -2.3559240926856986 2.700000047683716 28.440000534057617 AB 10.249304932413754 1.1164009439126283
60847.0859 lsst_hardware_r 14.465263653025778 22.440000534057617 31.469999313354492 AB 3.366505171114908 1.122168390371636
60847.099 lsst_hardware_u 5.830771407846691 2.549999952316284 28.299999237060547 AB 3.416427287484545 1.1388090958281818
60851.0435 lsst_hardware_r -10.551380885170392 22.31999969482422 31.469999313354492 AB 5.211075085073121 1.1001953098433697
60851.0556 lsst_hardware_i -13.183089715761064 30.579999923706055 31.239999771118164 AB 5.274627644180874 1.1057340064317478
60861.0186 lsst_hardware_i -117.78011123178683 52.279998779296875 31.299999237060547 AB 4.178539614325968 1.1010161031994996
60861.0308 lsst_hardware_r -31.817286040146268 60.25 31.6299991607666 AB 4.199186046373272 1.107331616852267
60863.0158 lsst_hardware_z 95.89558420463655 88.72000122070312 31.729999542236328 AB 3.3062534591183406 1.1020844863727801
60865.0009 lsst_hardware_z 4.037874095174442 66.75 30.979999542236328 AB 2.70892939836113 1.0990686269848704
60865.0132 lsst_hardware_r -61.6807038571144 94.87000274658203 31.639999389648438 AB 2.692357357557621 1.1034251465400087
60870.0005 lsst_hardware_i -16.873688474223027 30.65999984741211 31.239999771118164 AB 7.654285965779522 1.1039172115780813
60870.0126 lsst_hardware_u 5.669369682976884 2.5899999141693115 28.350000381469727 AB 7.773541673533633 1.1120946600191177
60872.0033 lsst_hardware_g 5.722698580710161 13.369999885559082 31.3799991607666 AB 4.87498665097097 1.1091068312001449
60872.0156 lsst_hardware_r -43.105232358367175 22.3700008392334 31.469999313354492 AB 4.901024856336489 1.1199995862969259
60874.9997 lsst_hardware_u -0.29892294779666584 2.640000104904175 28.389999389648438 AB 2.3331983427895686 1.1127247481708458
60875.0126 lsst_hardware_g 8.870652228708124 13.539999961853027 31.389999389648438 AB 1.821489622646929 1.1257661450228238
