data/validation/pwv_sim_epoch_fit_seasonal/56917711.ecsv
# %ECSV 0.9
# ---
# datatype:
# - {name: time, datatype: float64}
# - {name: band, datatype: string}
# - {name: flux, datatype: float64}
# - {name: fluxerr, datatype: float64}
# - {name: zp, datatype: float64}
# - {name: zpsys, datatype: string}
# - {name: pwv, datatype: float64}
# - {name: airmass, datatype: float64}
# meta: {SNID: '56917711', alt: 1024.0, c: -0.011679067276418209, dec: -2.985506, lat: -30.244573, lon: -70.7499537, ra: 153.105469, t0: 61750.1796875,
#   x0: 1.2653237496335251e-05, x1: 1.149845838546753, z: 0.41674482822418213}
# schema: astropy-2.0
time band flux fluxerr zp zpsys pwv airmass
61765.3349 lsst_hardware_z 1631.170088345689 58.86840776947874 30.940000534057617 AB 10.04324293811412 1.137239115426975
61765.3546 lsst_hardware_y 518.4457169749742 65.41228152118322 30.030000686645508 AB 9.937135156377552 1.124142103156526
61767.3375 lsst_hardware_u 9.567230974510379 3.651360558186861 28.43000030517578 AB 6.3268756217007 1.1297992181608394
61767.3565 lsst_hardware_y 246.8745177742661 71.48602927084282 30.040000915527344 AB 6.330938796359931 1.1236025905333504
61769.3297 lsst_hardware_r 2175.547916057999 52.596797483566384 31.489999771118164 AB 10.532323161708991 1.1316560827021334
61769.3512 lsst_hardware_z 1425.7189953414688 61.28432694116029 30.959999084472656 AB 9.842217962016473 1.1236156854450725
61771.3265 lsst_hardware_z 1347.131900007388 55.89345352143321 30.940000534057617 AB 8.032197132964654 1.1298559979525595
61771.3478 lsst_hardware_y 318.74035939822437 53.502221172665074 30.030000686645508 AB 8.032323999028618 1.1238978876733186
61773.3309 lsst_hardware_u -1.7001554788402364 3.5816535724049814 28.399999618530273 AB 5.332032051380008 1.124644237719229
61773.3509 lsst_hardware_y 343.3038911845728 53.364541321620166 30.020000457763672 AB 6.125783545103957 1.1270472462359518
61775.3316 lsst_hardware_i 1688.4777825708995 51.232176408407405 31.25 AB 11.29435987964423 1.1235374165276515
61775.3519 lsst_hardware_y 369.4454350122168 53.883089120452304 30.030000686645508 AB 12.748065535725576 1.131552062464545
61777.2974 lsst_hardware_z 1273.3490174601225 54.60651548613993 30.940000534057617 AB 9.517771760416688 1.1429898536402325
61777.3179 lsst_hardware_r 1245.0069931005917 43.262271683189596 31.489999771118164 AB 9.320641195818027 1.1253868185641471
61779.293 lsst_hardware_y 325.8472526341267 51.218208421047876 30.010000228881836 AB 8.635797762845113 1.141609178233447
61779.3153 lsst_hardware_g 230.9046731715506 21.602741459035958 31.440000534057617 AB 8.401680349487872 1.1244093480606063
61781.2991 lsst_hardware_r 1223.492697521357 92.46466295128138 31.6299991607666 AB 8.36143320926343 1.1299234066572201
61781.3197 lsst_hardware_i 1540.0901813641328 76.76741296400702 31.31999969482422 AB 8.315824977639776 1.1237601321134831
61785.2697 lsst_hardware_z 1025.7774792700773 86.03073238793125 30.979999542236328 AB 6.346670266580649 1.1515671222778485
61785.2886 lsst_hardware_r 776.7042693842383 110.87525640922382 31.639999389648438 AB 6.2222661584694805 1.129609590039845
61787.2654 lsst_hardware_i 1210.764927104118 64.55140628206765 31.290000915527344 AB 2.5054650528710987 1.1497353971110205
61787.2843 lsst_hardware_z 1014.4193042690944 63.751158758395114 30.959999084472656 AB 2.455588595987059 1.1287900077320325
61789.3163 lsst_hardware_r 700.8761900831048 40.82449807574621 31.540000915527344 AB 7.483763636279198 1.133903581254424
61789.3352 lsst_hardware_z 1068.4540232322588 54.49113946943707 30.93000030517578 AB 7.173597996287605 1.1603695569979657
61791.2358 lsst_hardware_u -6.747163102362171 3.5511267827979998 28.3700008392334 AB 14.017726507605953 1.1875152176212764
61791.2546 lsst_hardware_g 156.9833410224859 19.312382125083104 31.420000076293945 AB 13.595107259752293 1.1495461260518562
61793.2396 lsst_hardware_r 558.8167508451592 33.20264012178178 31.479999542236328 AB 10.660533476886595 1.1665198716330525
61793.2591 lsst_hardware_i 1010.7100742297132 44.30737440988876 31.229999542236328 AB 10.796929881279635 1.1365189348715405
61795.2417 lsst_hardware_z 865.5250481061395 51.61848850646302 30.940000534057617 AB 9.941408767472385 1.1526939263113671
61795.2628 lsst_hardware_r 438.49408105963636 32.35848671402119 31.479999542236328 AB 10.525190351641973 1.1285554592298055
61799.2915 lsst_hardware_z 745.9522786372195 49.738864239197234 30.940000534057617 AB 12.748485685820528 1.1364396852493879
61799.3092 lsst_hardware_i 827.8936712657842 41.96344487339767 31.239999771118164 AB 12.849619663433035 1.1628264302826192
61801.2155 lsst_hardware_r 333.6521136453671 30.802638965234816 31.489999771118164 AB 12.354722056403533 1.1712117224676293
61801.2341 lsst_hardware_u 0.706193638133853 3.412858857237744 28.399999618530273 AB 12.033826517706409 1.1401427347498494
61805.2147 lsst_hardware_i 609.5419906645146 40.01488984190722 31.229999542236328 AB 8.650108150888178 1.1521955578938632
61805.2335 lsst_hardware_z 539.7626749962117 48.45796326017286 30.940000534057617 AB 8.513737816578555 1.1299671931221122
61807.2096 lsst_hardware_r 342.884825372682 40.32163613630797 31.559999465942383 AB 4.983215083313507 1.1516115433455703
61807.228 lsst_hardware_g 119.43816765184255 26.744291043885635 31.56999969482422 AB 4.872730099026894 1.1299957714281825
61808.2153 lsst_hardware_r 313.2924253196469 55.40218162424542 31.610000610351562 AB 6.66626825412305 1.1397603375242442
61808.2342 lsst_hardware_i 505.7256495671635 51.024489975253964 31.280000686645508 AB 6.581689286203896 1.1250109884685595
61810.2124 lsst_hardware_z 510.94284057037027 76.48167782215013 30.979999542236328 AB 6.051101971572122 1.136819733520135
61810.2307 lsst_hardware_i 491.4860076921639 86.61519698854976 31.31999969482422 AB 5.989960164277241 1.1243824610706872
61816.2005 lsst_hardware_z 923.0989478306501 77.83598810328077 31.709999084472656 AB 4.385759778377337 1.1323934361934773
61818.1893 lsst_hardware_g 58.90647376575527 26.45116578410289 31.579999923706055 AB 4.81563038394666 1.1382226631349277
61818.2062 lsst_hardware_r 276.97043212783143 36.88653928363026 31.559999465942383 AB 4.772084091637564 1.1252703694173927
61820.2296 lsst_hardware_i 502.2450583249732 38.81878812021116 31.260000228881836 AB 2.9582173378648715 1.132007017263894
61820.248 lsst_hardware_z 394.3817329877251 47.837267545888416 30.950000762939453 AB 3.011616366987918 1.155757984069035
61822.2341 lsst_hardware_i -44.56114621299478 32.189998626708984 31.239999771118164 AB 6.376757385982523 1.1428904715444974
61822.2525 lsst_hardware_u -7.788826658472362 2.7699999809265137 28.399999618530273 AB 5.889316811964718 1.1755123377175085
61824.1576 lsst_hardware_u 2.457984166131637 2.630000114440918 28.280000686645508 AB 9.297787206072984 1.161352386469271
61824.1755 lsst_hardware_g 21.24297465782614 15.399999618530273 31.43000030517578 AB 12.437301103835246 1.1354118225155418
61826.164 lsst_hardware_r 28.656382859805063 24.65999984741211 31.489999771118164 AB 9.921804001875499 1.1424617187785444
61826.1813 lsst_hardware_i -74.65123435049593 32.20000076293945 31.229999542236328 AB 10.63241233505791 1.1266729188362734
61828.1584 lsst_hardware_z -56.86107333792696 43.29999923706055 30.940000534057617 AB 8.83977882195759 1.142643893612227
61828.1763 lsst_hardware_u -0.3722074272949721 2.7100000381469727 28.350000381469727 AB 7.512192209162918 1.1264345792716925
61830.1506 lsst_hardware_g 3.9846037619863166 15.210000038146973 31.43000030517578 AB 4.641251628577804 1.1458465938965077
61830.1681 lsst_hardware_r -11.091049639441673 24.399999618530273 31.5 AB 4.346317639808671 1.1279858920737067
61832.1476 lsst_hardware_i 43.836564662637166 32.22999954223633 31.229999542236328 AB 5.675858014275824 1.1424834972374847
61832.1645 lsst_hardware_z 49.5354520908807 42.849998474121094 30.940000534057617 AB 5.649126166501792 1.1268953055060427
61834.2001 lsst_hardware_i 0.0643102116515436 31.889999389648438 31.229999542236328 AB 13.38502988359851 1.141288359788413
61834.2184 lsst_hardware_u 1.286478625034318 2.5799999237060547 28.260000228881836 AB 12.703809121585472 1.1725600869082282
61840.1276 lsst_hardware_z -52.63192395734995 147.5800018310547 31.739999771118164 AB 8.724418380471835 1.140148769010925
61843.0999 lsst_hardware_i -42.326224493193784 69.98999786376953 31.299999237060547 AB 15.248350937043254 1.1731982486328247
61843.1167 lsst_hardware_z 9.168928090339454 63.63999938964844 30.959999084472656 AB 14.729392015918076 1.1436307322425412
61845.1113 lsst_hardware_i 26.745814244211125 45.13999938964844 31.280000686645508 AB 8.257942535544093 1.1435481723888608
61845.1317 lsst_hardware_z -39.71132806154767 49.310001373291016 30.959999084472656 AB 9.505543645761152 1.12558243289057
61849.1079 lsst_hardware_i 6.840393091981243 32.029998779296875 31.239999771118164 AB 5.772214799900356 1.1347363716588872
61849.1288 lsst_hardware_r 26.91612538887292 24.100000381469727 31.489999771118164 AB 5.266097489813106 1.1235539769176672
61851.1553 lsst_hardware_u 1.9010258790970975 2.75 28.40999984741211 AB 5.686561941734345 1.143391419393316
61851.1745 lsst_hardware_g 11.063665444526954 14.960000038146973 31.399999618530273 AB 5.671036857077992 1.1781932528555383
61853.0765 lsst_hardware_g -18.893976438565964 14.819999694824219 31.40999984741211 AB 4.875270120231796 1.1650550919601663
61853.0962 lsst_hardware_r -6.447548837149686 23.959999084472656 31.479999542236328 AB 6.222970492214487 1.1355267537456297
61855.0961 lsst_hardware_z 21.005021167021056 42.72999954223633 30.940000534057617 AB 9.160107724330725 1.1306332242207862
61855.1128 lsst_hardware_r -29.703116189400507 23.940000534057617 31.479999542236328 AB 9.130056944569148 1.123526466029125
61859.1454 lsst_hardware_r 25.280977911825104 23.959999084472656 31.469999313354492 AB 7.401153252446681 1.1628500972734914
61859.1652 lsst_hardware_z -41.913377645721354 43.56999969482422 30.920000076293945 AB 7.677804906033144 1.21158354205985
61863.0627 lsst_hardware_z -60.83252255756456 44.45000076293945 30.940000534057617 AB 6.9417384001711 1.1428140758400405
61863.0806 lsst_hardware_g 21.130317607575527 21.6299991607666 31.540000915527344 AB 6.9963863933396615 1.1264962191908223
61865.0617 lsst_hardware_r 84.64019561789345 51.880001068115234 31.610000610351562 AB 8.90100203096837 1.1373871192803793
61865.0824 lsst_hardware_i -2.2869459695300347 48.08000183105469 31.290000915527344 AB 8.779076110139703 1.123925547263786
61870.0777 lsst_hardware_r -29.516886609651074 116.51000213623047 31.639999389648438 AB 6.375048835030903 1.1239012446614487
61870.1014 lsst_hardware_z 73.6589895162231 79.12999725341797 30.979999542236328 AB 5.757119922300336 1.1407767349340163
61873.0114 lsst_hardware_r 138.56511821060957 43.0099983215332 31.579999923706055 AB 7.88953028237252 1.188779048072203
61873.0203 lsst_hardware_y 18.998836653068263 50.529998779296875 30.010000228881836 AB 7.745158940963101 1.1682723561254127
61875.0476 lsst_hardware_g -1.9972830372848218 14.899999618530273 31.43000030517578 AB 12.28012013476354 1.1266165261250953
61875.0665 lsst_hardware_r 17.999597131057726 24.040000915527344 31.5 AB 12.257039857011588 1.1244990694506043
61877.0904 lsst_hardware_i -41.09903290099754 32.41999816894531 31.25 AB 16.401202683140546 1.1524442686361784
61877.1065 lsst_hardware_z 85.25411541363046 43.959999084472656 30.940000534057617 AB 16.87275930497773 1.1853426045858817
61879.0126 lsst_hardware_z -55.45043364676171 43.33000183105469 30.93000030517578 AB 10.559288022292767 1.1522575318957624
61879.029 lsst_hardware_r -28.875182536190856 24.239999771118164 31.489999771118164 AB 10.373182618278108 1.1319286298021032
61882.0018 lsst_hardware_r -0.28214480900508376 24.309999465942383 31.489999771118164 AB 10.766192639235943 1.156670501551827
61882.0145 lsst_hardware_z -43.51108423999954 43.08000183105469 30.940000534057617 AB 10.660661398597467 1.1382704272980178
61886.0069 lsst_hardware_g -20.973319495329683 14.880000114440918 31.40999984741211 AB 13.162587777027776 1.134705842847222
61886.0249 lsst_hardware_r -32.48465997975761 23.989999771118164 31.479999542236328 AB 13.037906859135553 1.1239574878565133
61890.0027 lsst_hardware_r -13.454426449626341 24.579999923706055 31.5 AB 12.19339490135836 1.1290180464220703
61890.0216 lsst_hardware_u 2.8274917107426476 2.859999895095825 28.469999313354492 AB 12.1355805956384 1.1236648699665184
61894.0357 lsst_hardware_y 19.935889218131745 106.12000274658203 31.520000457763672 AB 12.528017008168016 1.1405696475025506
61896.0486 lsst_hardware_r 13.042381228121009 94.55000305175781 31.6299991607666 AB 4.220465060894173 1.1714565431667958
61896.0676 lsst_hardware_i 44.68907641364145 81.29000091552734 31.299999237060547 AB 4.422870952888741 1.2223503324427656
61899.9661 lsst_hardware_y 149.6079691025013 58.11000061035156 30.020000457763672 AB 8.868671578435666 1.1374223429582113
61899.9842 lsst_hardware_z -27.138818817324257 60.70000076293945 30.969999313354492 AB 8.71597054389789 1.1245929909119468
61908.9582 lsst_hardware_y -92.17837546394055 59.400001525878906 30.030000686645508 AB 10.079218454094846 1.125080196542809
61908.9785 lsst_hardware_r 8.422370709296734 24.68000030517578 31.489999771118164 AB 10.838504776228003 1.1264490249150028
61910.9593 lsst_hardware_y 183.5383053738529 54.75 30.020000457763672 AB 8.004980845095053 1.1235717894747546
61910.9782 lsst_hardware_g -5.893301463356215 15.890000343322754 31.43000030517578 AB 8.05257548709893 1.1296575385222196
62136.3323 lsst_hardware_z 20.91036684009454 89.48999786376953 31.719999313354492 AB 7.960805513588804 1.126570597832357
62136.354 lsst_hardware_y -88.74667584833915 87.83000183105469 30.780000686645508 AB 7.994837229657714 1.12550088030112
62138.3236 lsst_hardware_z 88.84429109722291 73.44999694824219 30.979999542236328 AB 5.861919210485556 1.1284857465560796
62138.3452 lsst_hardware_y -9.689993651482942 59.369998931884766 30.030000686645508 AB 5.0417104313308245 1.1243360932163144
62140.3319 lsst_hardware_i 105.74921658939859 83.75 31.31999969482422 AB 3.6805958242651897 1.123502998859948
62140.3524 lsst_hardware_y 6.3267796810500725 63.20000076293945 30.040000915527344 AB 3.1312407843025882 1.131330786488156
62144.2964 lsst_hardware_y 78.70928585508483 48.689998626708984 30.020000457763672 AB 10.030457786468299 1.1382725586096571
62144.3175 lsst_hardware_g -30.10260715977594 25.350000381469727 31.59000015258789 AB 9.780151772295566 1.1239831181767814
62148.2645 lsst_hardware_z -5.109195460085933 43.68000030517578 30.940000534057617 AB 6.886545622489492 1.1729766006624904
62148.283 lsst_hardware_r 18.202924888608045 24.239999771118164 31.489999771118164 AB 6.641300103216493 1.1412639263163626
62152.2644 lsst_hardware_i 3.039319768452672 32.02000045776367 31.25 AB 5.14881088103197 1.1523748614664213
62152.2837 lsst_hardware_z -14.901087858968712 42.75 30.950000762939453 AB 5.2381953829234 1.1296517970505497
62154.3165 lsst_hardware_r -0.02645220474021412 24.200000762939453 31.5 AB 8.212726369812282 1.1333760731153746
62154.3351 lsst_hardware_u -0.40410364890126205 2.809999942779541 28.450000762939453 AB 7.7426354213530795 1.1588458523278395
62156.3181 lsst_hardware_g 19.050429294640686 14.890000343322754 31.420000076293945 AB 12.258428199724086 1.1411238811618198
62156.3385 lsst_hardware_r 8.209665714846283 24.25 31.479999542236328 AB 11.424270274829814 1.176971130152971
62160.2359 lsst_hardware_z 27.010329804587535 43.2400016784668 30.93000030517578 AB 11.565373293071138 1.1643383965640843
62160.2545 lsst_hardware_r -13.269828025741308 23.969999313354492 31.489999771118164 AB 10.742441912971692 1.1362853726435063
62162.2467 lsst_hardware_r -50.71408026691794 36.7599983215332 31.579999923706055 AB 16.002814811417 1.1389093168754538
62162.2645 lsst_hardware_i 20.38368011286637 31.81999969482422 31.25 AB 14.268399950899632 1.125120248461004
62163.2846 lsst_hardware_z 29.24297539931124 49.0099983215332 30.959999084472656 AB 12.98397610431768 1.1277093957992528
62163.3023 lsst_hardware_i -7.509029009232006 32.11000061035156 31.25 AB 13.538116574045892 1.1455505647356483
62167.209 lsst_hardware_y -70.6904659130785 73.66999816894531 30.030000686645508 AB 12.575423414265865 1.1812345870999308
62167.2275 lsst_hardware_r -12.18021043316402 151.25 31.639999389648438 AB 12.043746995558646 1.1461502660409828
62169.2115 lsst_hardware_i -54.974012110252076 83.1500015258789 31.31999969482422 AB 12.078687713117779 1.1639958285410192
62169.2285 lsst_hardware_z 43.263082525740515 73.30999755859375 30.979999542236328 AB 11.858513567373963 1.1378529274158922
