data/validation/pwv_sim_epoch_fit_seasonal/57005439.ecsv
# %ECSV 0.9
# ---
# datatype:
# - {name: time, datatype: float64}
# - {name: band, datatype: string}
# - {name: flux, datatype: float64}
# - {name: fluxerr, datatype: float64}
# - {name: zp, datatype: float64}
# - {name: zpsys, datatype: string}
# - {name: pwv, datatype: float64}
# - {name: airmass, datatype: float64}
# meta: {SNID: '57005439', alt: 1024.0, c: 0.014298513531684875, dec: -33.510056, lat: -30.244573, lon: -70.7499537, ra: 122.167969, t0: 62831.88671875,
#   x0: 2.346133946192707e-05, x1: 0.63729327917099, z: 0.3204255700111389}
# schema: astropy-2.0
time band flux fluxerr zp zpsys pwv airmass
62807.2604 lsst_hardware_r 82.8720785184452 24.641829098923964 31.40999984741211 AB 4.7153603291652635 1.5127071579421258
62807.2786 lsst_hardware_i 60.65054636807735 33.37334949468882 31.200000762939453 AB 4.258430092735167 1.3730596531913832
62809.2118 lsst_hardware_z 65.14522404920827 57.58957482479378 30.84000015258789 AB 11.55898768885059 2.068753482769423
62809.2285 lsst_hardware_i 138.52554046077466 45.72747877914859 31.15999984741211 AB 10.134916262667772 1.8027777882661833
62810.2224 lsst_hardware_z 381.0770693603645 82.31375267528428 31.6200008392334 AB 7.9667302955702715 1.8500389655892127
62817.2815 lsst_hardware_r 3230.5162076268966 93.82260212906716 31.610000610351562 AB 4.961014258723966 1.2100034777375528
62817.2991 lsst_hardware_i 2144.518686753409 75.48963259235738 31.299999237060547 AB 4.220968969055016 1.1432227605439806
62819.2838 lsst_hardware_z 2099.138563884215 70.67362908134284 30.959999084472656 AB 6.622703131128968 1.1784169272471472
62819.3006 lsst_hardware_r 4176.778406809584 90.1029268522124 31.6200008392334 AB 6.643424374292348 1.1213003712042444
62822.2915 lsst_hardware_z 2854.0918710555957 70.36880151923839 30.950000762939453 AB 4.53641488252311 1.124034247166577
62822.3091 lsst_hardware_g 4674.028641673114 79.24035967816613 31.670000076293945 AB 4.0728663081954055 1.0776204016921302
62827.2366 lsst_hardware_g 4410.55574434358 67.01597249309697 31.31999969482422 AB 4.076992114711838 1.2962722001097464
62827.2455 lsst_hardware_r 6422.4352493903825 84.25116853308839 31.450000762939453 AB 3.9435696038266768 1.2499098081379059
62829.2699 lsst_hardware_r 6979.830968028369 86.83769173786686 31.479999542236328 AB 9.87072466223533 1.131715085052253
62829.2868 lsst_hardware_i 5444.840542869948 78.86941997184333 31.25 AB 9.523508188587034 1.0850630751405637
62833.2717 lsst_hardware_u 39.27222770119878 6.751880486417834 28.420000076293945 AB 4.847155190832676 1.095443562657553
62833.2897 lsst_hardware_g 4292.622037825049 66.81333941740908 31.399999618530273 AB 4.647526845760154 1.0556562965951513
62836.2631 lsst_hardware_g 7361.71578993789 88.10426668958964 32.130001068115234 AB 8.417010128206224 1.0965002609615664
62836.2879 lsst_hardware_r 13694.10654711037 120.46862494536842 32.2400016784668 AB 8.06050441793015 1.0444450169006403
62842.2414 lsst_hardware_i 5202.6319412482535 87.55070310475443 31.299999237060547 AB 4.727158250975971 1.1108784860510663
62842.2631 lsst_hardware_z 2982.4071380095866 73.86773489762984 30.969999313354492 AB 4.795132595925826 1.0595221998399882
62844.2449 lsst_hardware_z 2810.377028575515 78.25546157235836 30.979999542236328 AB 5.895549816450818 1.0873552986706703
62844.2678 lsst_hardware_i 4937.549091129286 93.9725101740573 31.329999923706055 AB 6.9104029495310515 1.0416384297748098
62849.1676 lsst_hardware_z 2211.5585712656543 74.83831866490378 30.940000534057617 AB 10.254296234576094 1.3492495045494861
62849.1895 lsst_hardware_g 2057.039873253269 80.42022396795969 31.649999618530273 AB 9.352902430961452 1.2306450567054543
62851.1626 lsst_hardware_r 3500.008606133652 69.92225175348128 31.520000457763672 AB 13.728193179479607 1.3463480440963431
62851.1855 lsst_hardware_i 3432.133220121429 72.66879754194187 31.260000228881836 AB 12.591697744912485 1.2239927605712213
62853.1632 lsst_hardware_z 1880.8821210535564 61.934399607043176 30.93000030517578 AB 3.8860986210830064 1.3099208835113543
62853.1854 lsst_hardware_u 6.128100142121831 3.7462716587426197 28.350000381469727 AB 4.003690352942546 1.2007468818182183
62855.165 lsst_hardware_g 908.0713686777411 32.46781825078485 31.34000015258789 AB 3.8147050996992107 1.2702980684977743
62855.1879 lsst_hardware_r 2551.548626487723 55.86384214772669 31.469999313354492 AB 4.4618830809804395 1.169409797137883
62858.1422 lsst_hardware_r 2101.1485311318193 51.24954724776941 31.440000534057617 AB 6.413636820684387 1.3545167519924786
62858.1636 lsst_hardware_i 2747.6526365381983 61.12252385403752 31.219999313354492 AB 5.838811634377613 1.2368179984559817
62860.1671 lsst_hardware_i 2753.6201479723018 59.88772848224242 31.219999313354492 AB 8.013781305847745 1.1973824370920394
62860.1901 lsst_hardware_u 4.214550979153998 2.6001064583207936 28.360000610351562 AB 7.521200186838049 1.1170652289970653
62863.1625 lsst_hardware_g 470.2743049546664 25.046473508981435 31.350000381469727 AB 7.334386897526598 1.1829656286333223
62863.1834 lsst_hardware_r 1601.6469999698188 45.33507038387738 31.479999542236328 AB 6.794830899263663 1.1127665751097093
62865.1397 lsst_hardware_r 1335.7800479155628 43.73042982636058 31.459999084472656 AB 9.841232734036888 1.2600810158818039
62865.1619 lsst_hardware_i 2360.009976109091 57.22469441091249 31.229999542236328 AB 9.105796794055067 1.164622714110106
62866.1551 lsst_hardware_z 4029.5953933338433 85.95131766529464 31.700000762939453 AB 7.970165674264878 1.179891291526999
62868.1438 lsst_hardware_z 1816.8312874579963 62.74056206514531 30.940000534057617 AB 5.546722259045357 1.2034546016587886
62868.1662 lsst_hardware_r 1250.0507178755197 51.065992054753806 31.56999969482422 AB 5.188376934507659 1.1231671245303685
62872.1409 lsst_hardware_i 1932.3924028707554 72.77103214308931 31.299999237060547 AB 9.198854172905051 1.171592248642637
62872.1619 lsst_hardware_z 1623.13326108255 67.71544793464514 30.969999313354492 AB 8.887512779061785 1.104221748413207
62879.1341 lsst_hardware_i 1466.752408750791 64.49167862475136 31.299999237060547 AB 5.616596533506879 1.1294938732082476
62879.1523 lsst_hardware_r 810.6735780026872 66.05708007386417 31.6299991607666 AB 5.313048933849621 1.08032715206377
62881.1272 lsst_hardware_u -1.116182308420718 2.671334146694621 28.360000610351562 AB 6.23994914654029 1.134020744487104
62881.1443 lsst_hardware_g 268.72214286364664 27.3707647373238 31.579999923706055 AB 5.991976378844621 1.0863393697764803
62883.1283 lsst_hardware_r 627.9099787856098 34.17662247753148 31.489999771118164 AB 1.5046077608674697 1.1141803844745226
62883.1457 lsst_hardware_i 1212.9336632515387 46.58950890865612 31.25 AB 1.5646273621839735 1.0706847825164052
62887.1286 lsst_hardware_i 1081.3310197850585 44.331756017465445 31.239999771118164 AB 12.909454047135323 1.0846989403616087
62887.1499 lsst_hardware_u -5.180423293005206 2.9340381972511014 28.3700008392334 AB 12.416879205951027 1.042435132061064
62889.1327 lsst_hardware_r 537.1839744865036 32.51902557459385 31.479999542236328 AB 8.15102737025319 1.0636399352222592
62889.1519 lsst_hardware_z 773.9832949162585 48.7024318629515 30.940000534057617 AB 7.885700984691586 1.0314397869756975
62891.1337 lsst_hardware_r 546.5931100086759 32.36503169124283 31.489999771118164 AB 8.221383870933343 1.0513614720334208
62891.1522 lsst_hardware_u -0.03694478578831729 2.790885273218252 28.450000762939453 AB 7.991321786879295 1.0242001649316623
62893.1183 lsst_hardware_g 140.3163836441142 18.464162692174682 31.389999389648438 AB 12.281700562735297 1.0708917540023801
62893.1363 lsst_hardware_r 580.062033557241 32.17798923914455 31.489999771118164 AB 11.419284015200358 1.038116728654578
62895.1224 lsst_hardware_i 931.723426951114 43.22191325197451 31.260000228881836 AB 12.177354145762383 1.0520392350550656
62895.1404 lsst_hardware_z 623.2393575462002 47.51064776678484 30.950000762939453 AB 10.236123325078495 1.0252356222430676
62897.1206 lsst_hardware_r 570.4296451663635 40.71185335265692 31.59000015258789 AB 9.281170197807864 1.0456969248377512
62897.1403 lsst_hardware_z 569.0030991254251 48.936308429427534 30.959999084472656 AB 9.249525162792425 1.0192969424435832
62906.0386 lsst_hardware_y 29.81507195556559 56.630001068115234 30.010000228881836 AB 6.6628846578895615 1.2096008456077871
62906.0582 lsst_hardware_i 47.72241345207369 71.48999786376953 31.31999969482422 AB 6.815283777619131 1.136385689909798
62908.026 lsst_hardware_y 107.8361166295152 65.45999908447266 30.0 AB 0.6650535982114746 1.241930155390242
62908.0337 lsst_hardware_g -4.355664278611306 15.789999961853027 31.43000030517578 AB 0.6751262133490582 1.2071993086259423
62910.0353 lsst_hardware_y 86.78854337681061 49.41999816894531 30.0 AB 3.8485891059731347 1.1785905135045966
62910.0553 lsst_hardware_i -69.23641469223944 30.56999969482422 31.239999771118164 AB 2.750736008434799 1.1121199454606454
62912.0328 lsst_hardware_z -2.6958651235664925 44.529998779296875 30.940000534057617 AB 2.5078708630011013 1.1674470616810153
62912.0521 lsst_hardware_u 1.4484705382755527 2.630000114440918 28.399999618530273 AB 1.8934302230955173 1.1058141177372065
62914.0294 lsst_hardware_y 14.521069948884463 50.91999816894531 30.020000457763672 AB 1.6297627577447698 1.1599734930567758
62914.0479 lsst_hardware_r -11.595065636920912 22.059999465942383 31.479999542236328 AB 1.3451056367117291 1.102395003451847
62919.0267 lsst_hardware_y -29.869261819141595 49.93000030517578 30.020000457763672 AB 5.365774922987632 1.1239186433208515
62919.046 lsst_hardware_u 0.2968334506639785 2.7200000286102295 28.489999771118164 AB 5.80194481015413 1.0737382826231852
62921.0248 lsst_hardware_y 11.261138499300626 50.220001220703125 30.030000686645508 AB 8.361399304760338 1.113442879653817
62921.0445 lsst_hardware_r -16.788972519137985 21.799999237060547 31.479999542236328 AB 8.439817332164631 1.065319644738246
62923.0235 lsst_hardware_y 6.517646640458879 49.41999816894531 30.030000686645508 AB 7.672163364363616 1.101926515527988
62923.0437 lsst_hardware_r 11.262406680885102 22.219999313354492 31.489999771118164 AB 6.7788378422440045 1.0561679317960018
62925.0214 lsst_hardware_z 62.29736464068404 44.630001068115234 30.950000762939453 AB 5.465865984137021 1.093173196827404
62925.0413 lsst_hardware_g -14.485579769188497 19.889999389648438 31.559999465942383 AB 5.252940381953062 1.0505880763906124
62932.0144 lsst_hardware_y 74.74716413205432 55.290000915527344 30.049999237060547 AB 6.836997116175391 1.0654506959911783
62932.035 lsst_hardware_z -46.4828577447284 61.060001373291016 30.979999542236328 AB 6.598902198127767 1.030756357095871
62935.0123 lsst_hardware_y 31.979017151980155 77.4800033569336 30.799999237060547 AB 10.897044906552665 1.053635050751211
62935.0354 lsst_hardware_z 16.080065989603657 85.45999908447266 31.739999771118164 AB 10.54605197498929 1.020486918200428
62939.0083 lsst_hardware_z -34.01016983633443 43.060001373291016 30.950000762939453 AB 14.455721369575127 1.0418225064406565
62939.0298 lsst_hardware_r -26.559156691751838 21.469999313354492 31.479999542236328 AB 14.00334213424412 1.0152867235268626
62941.0056 lsst_hardware_y -55.27134445818798 49.72999954223633 30.049999237060547 AB 8.410904295676128 1.037571976110382
62941.0272 lsst_hardware_z -99.53113139827951 40.20000076293945 30.950000762939453 AB 8.295234763165583 1.0128491774316952
63181.2883 lsst_hardware_i 19.930981662262802 31.290000915527344 31.219999313354492 AB 1.9432718073619744 1.1957982507739957
63181.3059 lsst_hardware_r 5.355124938173965 22.440000534057617 31.469999313354492 AB 2.214930204513373 1.132280925882393
63183.286 lsst_hardware_u 1.5701711028639296 2.569999933242798 28.309999465942383 AB 5.264984401281949 1.1831425620858311
63183.3056 lsst_hardware_g -13.720414435555815 13.199999809265137 31.3700008392334 AB 4.545008472934495 1.1166411087610086
63186.2832 lsst_hardware_r 32.34933820619945 22.360000610351562 31.469999313354492 AB 6.8585812090833995 1.162865583093043
63186.3008 lsst_hardware_i -15.984749317570744 30.459999084472656 31.25 AB 5.431309208452545 1.107032539716948
63189.2692 lsst_hardware_i 0.1810467414749358 31.079999923706055 31.219999313354492 AB 6.342176239182951 1.184789134911816
63189.2868 lsst_hardware_u -1.6991415678339705 2.549999952316284 28.329999923706055 AB 5.952307272421782 1.123818988468061
63191.2461 lsst_hardware_z -8.024122342462224 43.61000061035156 30.93000030517578 AB 4.168820029575495 1.2639490728645082
63191.2582 lsst_hardware_r -33.87734444429058 22.40999984741211 31.459999084472656 AB 4.005700438093297 1.2075061610010942
63193.2681 lsst_hardware_i 12.226271061216758 30.889999389648438 31.229999542236328 AB 7.1007083942550215 1.1487960514894755
63193.2849 lsst_hardware_r -17.39169552081512 22.040000915527344 31.469999313354492 AB 6.617866248002796 1.0984010370129123
63197.2981 lsst_hardware_i 72.7571049016604 54.18000030517578 31.31999969482422 AB 4.007922403386469 1.0467965794022773
63197.3157 lsst_hardware_z 83.4275143172642 50.849998474121094 30.969999313354492 AB 3.9427597232682725 1.022234825840962
63199.2632 lsst_hardware_z 30.148040539445525 60.45000076293945 30.969999313354492 AB 5.5276471260738615 1.1129490857867994
63199.279 lsst_hardware_r -84.18396705147215 83.13999938964844 31.649999618530273 AB 5.354934734340306 1.0732228277592262
63201.2784 lsst_hardware_z -96.34718655285458 81.47000122070312 31.729999542236328 AB 8.171515130905801 1.0630189340437206
63206.2334 lsst_hardware_r 52.436424500934 40.060001373291016 31.579999923706055 AB 6.1474907132745304 1.1461180542111185
63206.2545 lsst_hardware_i 2.3081484744253764 39.91999816894531 31.280000686645508 AB 5.553987886455869 1.0856113929739974
63208.2477 lsst_hardware_g -3.5246744362460545 16.940000534057617 31.479999542236328 AB 5.451984968002158 1.088872571999632
63208.2729 lsst_hardware_r -0.9534779424143599 26.09000015258789 31.530000686645508 AB 6.628832047422907 1.0390290311799537
63211.2505 lsst_hardware_i -0.26999403811795525 29.84000015258789 31.239999771118164 AB 10.236810230413552 1.064228114192073
63211.2719 lsst_hardware_z -30.309305081967572 40.34000015258789 30.950000762939453 AB 9.91468566495145 1.0289213018837122
63216.1627 lsst_hardware_z 88.65605276681477 45.150001525878906 30.920000076293945 AB 13.75960890492643 1.350053220827467
63216.1841 lsst_hardware_i 19.99579628416987 31.610000610351562 31.229999542236328 AB 12.690638198074545 1.2335475898950263
63222.1405 lsst_hardware_i -58.45925500422289 39.650001525878906 31.219999313354492 AB 4.868321816012796 1.3885356830307283
63222.163 lsst_hardware_z -33.67677016531071 46.43000030517578 30.93000030517578 AB 4.405287324659117 1.256230790520886
63224.1455 lsst_hardware_r -51.39527189866558 50.779998779296875 31.559999465942383 AB 8.219514030018022 1.3216246380219514
63224.1676 lsst_hardware_z 8.173927612721867 48.95000076293945 30.950000762939453 AB 7.897120145118928 1.209668646175991
63226.1619 lsst_hardware_i 39.45990342014636 56.560001373291016 31.290000915527344 AB 8.457951617044543 1.210700202840562
63226.1863 lsst_hardware_z 96.48144029874582 54.08000183105469 30.969999313354492 AB 7.897772543248811 1.122267792238842
63229.1432 lsst_hardware_z -65.86050314565993 69.04000091552734 30.959999084472656 AB 8.983545988348869 1.2596699212454596
63229.1638 lsst_hardware_i 117.44102047723302 75.80999755859375 31.309999465942383 AB 8.365079425214429 1.170213955497472
