data/validation/pwv_sim_epoch_fit_seasonal/57046934.ecsv
# %ECSV 0.9
# ---
# datatype:
# - {name: time, datatype: float64}
# - {name: band, datatype: string}
# - {name: flux, datatype: float64}
# - {name: fluxerr, datatype: float64}
# - {name: zp, datatype: float64}
# - {name: zpsys, datatype: string}
# - {name: pwv, datatype: float64}
# - {name: airmass, datatype: float64}
# meta: {SNID: '57046934', alt: 1024.0, c: 0.08284842222929001, dec: -5.67919, lat: -30.244573, lon: -70.7499537, ra: 217.441406, t0: 61481.11328125,
#   x0: 1.0839317812999175e-05, x1: 0.3496493101119995, z: 0.445039302110672}
# schema: astropy-2.0
time band flux fluxerr zp zpsys pwv airmass
61454.3855 lsst_hardware_z 52.20120263160885 76.39025573539519 31.709999084472656 AB 5.035870148800728 1.0988751620316997
61456.3754 lsst_hardware_z 126.9246362557311 57.029144657343444 30.979999542236328 AB 2.9705304633307557 1.1001964679002798
61456.3932 lsst_hardware_y -38.548836387999195 65.74073317397503 30.049999237060547 AB 2.9698733705241276 1.0999531001941212
61458.37 lsst_hardware_i 91.65970895821653 78.77598279799511 31.329999923706055 AB 10.33722565992312 1.1001730161689145
61458.3884 lsst_hardware_y 10.189455809859833 61.62891179171479 30.040000915527344 AB 9.485422293560376 1.1001949325116664
61460.3657 lsst_hardware_i 382.78299342965573 80.6554802594447 31.31999969482422 AB 11.076430395279974 1.099761416046332
61460.3843 lsst_hardware_y 169.3801297644324 60.06311329367298 30.040000915527344 AB 11.794639293899671 1.1007510559631366
61462.3752 lsst_hardware_z 453.4708907048513 66.89854942835467 30.979999542236328 AB 6.449277321813478 1.099433570032983
61462.3926 lsst_hardware_y 270.4105782891909 62.70006233787608 30.030000686645508 AB 6.60528439957581 1.110754103067681
61466.3561 lsst_hardware_z 1939.064052917103 75.0663624089643 31.700000762939453 AB 3.515100501958412 1.0984689068620037
61468.3438 lsst_hardware_g 779.5849262653381 32.02685176950521 31.440000534057617 AB 8.139463142029477 1.0997788328644493
61468.362 lsst_hardware_r 2085.396435518963 53.04073195017768 31.489999771118164 AB 7.979738512211354 1.1005523876717085
61470.3485 lsst_hardware_i 2008.2388146393632 54.4528514214737 31.25 AB 7.868195273935196 1.0985263907762925
61470.3697 lsst_hardware_z 1542.9388675032164 56.95550447365839 30.940000534057617 AB 7.980369607275827 1.1096947239485142
61472.3404 lsst_hardware_i 2347.031414853663 57.198778850701615 31.25 AB 8.949558393247356 1.0984422698063647
61472.3602 lsst_hardware_u 10.880882987005108 3.6121834224646805 28.34000015258789 AB 8.989054660628563 1.1061069505803243
61474.3411 lsst_hardware_g 1252.061575153901 38.875733561793915 31.43000030517578 AB 9.133296648972586 1.0990840239841293
61474.3601 lsst_hardware_r 3615.729033683095 64.39404865746383 31.5 AB 9.366633194967 1.1110192782263322
61476.3433 lsst_hardware_i 2706.0921323970933 60.744544112301355 31.25 AB 7.507027215032791 1.1020702778335782
61476.3624 lsst_hardware_r 3728.147388346863 66.19171881312879 31.5 AB 7.656798369504097 1.1203567866999575
61477.3119 lsst_hardware_z 2262.944539121481 61.770464242052114 30.950000762939453 AB 15.290001209082824 1.1033339016512542
61477.3312 lsst_hardware_u 10.640972728163204 3.5478890641015024 28.479999542236328 AB 15.070713406935965 1.0987488130455643
61479.1608 lsst_hardware_g 893.4363100403322 34.37613668970063 31.1299991607666 AB 19.493879054749115 1.9814376596192997
61479.1771 lsst_hardware_r 3469.8838137322555 64.36503349667237 31.3700008392334 AB 17.808225744821897 1.7327390654169148
61489.3157 lsst_hardware_i 3024.387881203936 114.12033471248681 31.329999923706055 AB 6.80469671242928 1.1077155644520909
61489.3365 lsst_hardware_r 3744.398666860396 132.51973480217868 31.639999389648438 AB 7.535470336605779 1.1356866700066572
61492.2921 lsst_hardware_z 4019.254053021418 94.13667734024321 31.719999313354492 AB 8.140045498891704 1.0991149741954465
61494.278 lsst_hardware_r 2768.552193720866 61.38955847191404 31.56999969482422 AB 7.297571521632009 1.0986044367726426
61494.2982 lsst_hardware_i 2371.7456067383873 60.405499507458316 31.270000457763672 AB 7.040920451666565 1.104631385576847
61497.279 lsst_hardware_z 1600.4374091393793 57.58199875609743 30.950000762939453 AB 8.684083507677057 1.0992510769211463
61497.2971 lsst_hardware_r 2172.177646364217 52.756665681877536 31.510000228881836 AB 9.790164440518572 1.1108040929835845
61499.2808 lsst_hardware_u 4.818333478394599 2.970598823012098 28.3700008392334 AB 6.9742705770209055 1.1022303326034963
61499.2998 lsst_hardware_g 361.9190062039552 23.955992436502758 31.43000030517578 AB 7.786264425556292 1.1206214241967074
61501.279 lsst_hardware_r 1644.8919336111499 47.07461840979206 31.5 AB 16.126683494209995 1.104567362617123
61501.2969 lsst_hardware_z 1328.6505725022203 55.229206168107744 30.940000534057617 AB 18.717650004059216 1.124318236668606
61503.2465 lsst_hardware_i 1627.25930433463 51.097374319509406 31.239999771118164 AB 10.153555755219656 1.1004178774487543
61503.2649 lsst_hardware_r 1353.5638020356741 44.553492043731794 31.489999771118164 AB 9.49505675082886 1.0999515480701858
61505.253 lsst_hardware_g 214.81544712566685 21.143345476868962 31.450000762939453 AB 4.460937025485625 1.098527484215627
61505.2703 lsst_hardware_r 1236.8339170635923 42.911446431706125 31.510000228881836 AB 4.711751827891483 1.1062614348404969
61511.2561 lsst_hardware_i 1286.8851601006982 52.861657911340785 31.280000686645508 AB 18.28948932225441 1.1081292947876527
61511.273 lsst_hardware_z 1056.4391703870933 53.27835652526771 30.950000762939453 AB 18.65302030264897 1.1296987131786311
61513.1807 lsst_hardware_z 986.1884078763924 69.84837416244865 30.969999313354492 AB 14.812575823207085 1.1482616917214794
61513.198 lsst_hardware_r 964.1488426223383 85.8150280687868 31.6299991607666 AB 14.428952753169243 1.1185234692379258
61518.2259 lsst_hardware_r 640.4881222094467 114.90764338214566 31.649999618530273 AB 5.00948197798547 1.1007229732083137
61518.2433 lsst_hardware_z 920.3899475236706 83.17881935357241 30.989999771118164 AB 4.935219840509252 1.1146951398692058
61520.2194 lsst_hardware_r 1011.2094168099412 97.15312962416999 32.380001068115234 AB 13.973720314286398 1.1002929381327873
61520.2378 lsst_hardware_y 775.8353522634935 77.45021189643744 30.780000686645508 AB 14.156039281819753 1.1146487623480121
61522.2167 lsst_hardware_g 136.6250660472416 40.265391434246894 31.65999984741211 AB 3.1134855779897475 1.1015339034104286
61522.233 lsst_hardware_r 477.42189081990807 46.8851640006088 31.59000015258789 AB 3.2132910706071836 1.1154355881652984
61524.2206 lsst_hardware_i 785.2307943993318 44.0988586131561 31.260000228881836 AB 11.632719325128853 1.1081242808048315
61524.238 lsst_hardware_z 744.6496094105631 51.488610330123876 30.940000534057617 AB 11.787988003809115 1.1305253672014337
61526.1884 lsst_hardware_z 761.3597546482362 49.831100710072754 30.950000762939453 AB 10.541429397570008 1.0989718324211815
61526.2071 lsst_hardware_r 369.16717246418546 31.288829629026978 31.510000228881836 AB 10.622382361554527 1.102240376485402
61528.1898 lsst_hardware_u 1.067848567714851 3.1996280702551667 28.5 AB 12.652470137314303 1.098495410428419
61528.2063 lsst_hardware_g 38.62160393862186 17.62901335444986 31.450000762939453 AB 12.781897102030467 1.1053179783838176
61530.1864 lsst_hardware_r 273.3341206033435 30.43274594835644 31.520000457763672 AB 10.038007458970561 1.0987311141605254
61530.2038 lsst_hardware_z 621.5727671256386 49.21909097477502 30.950000762939453 AB 10.237838044748985 1.1077513573630149
61532.1866 lsst_hardware_r 277.3437905882697 30.054895786980445 31.510000228881836 AB 7.033171572650592 1.1002797548015513
61535.1778 lsst_hardware_i 565.3278290891377 39.37640662986666 31.260000228881836 AB 6.932879320855652 1.1000496092752758
61535.1977 lsst_hardware_z 486.5493335251994 48.37862456388734 30.950000762939453 AB 6.956958653611278 1.11567199234692
61539.0323 lsst_hardware_z 938.6072225489825 79.22210214607449 31.65999984741211 AB 8.981715373815996 1.527719128076414
61539.0536 lsst_hardware_i 411.6457237292818 47.4773523903748 31.239999771118164 AB 8.751280279619598 1.3679931656649231
61541.1162 lsst_hardware_r 351.64965481310213 74.30979246522588 31.6299991607666 AB 6.118715593432903 1.1262130670776556
61541.1371 lsst_hardware_z 401.00879144391337 62.345322852245204 30.979999542236328 AB 7.37466698559406 1.103372655409622
61543.1203 lsst_hardware_r 416.9015693582074 129.65614764967913 31.639999389648438 AB 9.583265581199433 1.113383810068921
61543.1394 lsst_hardware_y 131.2450535513655 66.90589492289554 30.040000915527344 AB 8.905015676163496 1.0996561714204092
61547.1037 lsst_hardware_z 383.51145187752405 71.10037481869178 30.979999542236328 AB 5.241353330030398 1.1205059495539937
61547.1231 lsst_hardware_r 285.49563533125536 98.38032223030464 31.639999389648438 AB 5.173726945574797 1.1019652706229601
61553.1204 lsst_hardware_r 178.1842722495434 28.10410959420219 31.5 AB 8.369218603200261 1.0984427785016202
61553.1411 lsst_hardware_u -1.1954207692577614 2.9121884522517245 28.40999984741211 AB 7.875090715125333 1.1078414173349278
61557.0264 lsst_hardware_r 8.32806552555983 24.889999389648438 31.469999313354492 AB 8.532622200590966 1.254797382439848
61557.0408 lsst_hardware_z -43.27152162661204 44.08000183105469 30.93000030517578 AB 8.167786730844776 1.201145107477173
61560.0832 lsst_hardware_r 65.64939014488485 24.280000686645508 31.5 AB 12.688513850734406 1.1047579972197359
61560.1065 lsst_hardware_u -4.300263715789007 2.7799999713897705 28.43000030517578 AB 12.727139790230154 1.0991333454438372
61562.0698 lsst_hardware_g -20.914395819566764 15.15999984741211 31.440000534057617 AB 4.74399203023758 1.1118731320870407
61562.0919 lsst_hardware_r -9.643767030940452 24.260000228881836 31.510000228881836 AB 5.603187108022884 1.0986641388280165
61571.037 lsst_hardware_r -26.24033630186802 106.5999984741211 31.639999389648438 AB 14.863317791163112 1.1221550577181734
61571.0565 lsst_hardware_i 20.20924162642274 91.02999877929688 31.329999923706055 AB 14.915026936445747 1.102570832485363
61573.0378 lsst_hardware_z 112.95912915437012 78.62000274658203 30.989999771118164 AB 6.742829016688143 1.1140568387754248
61573.0558 lsst_hardware_r -58.92424452537283 113.80999755859375 31.649999618530273 AB 6.672769428113485 1.1002546565173312
61575.0471 lsst_hardware_z 270.486883079956 98.77999877929688 31.729999542236328 AB 4.2069483864596755 1.1017280048341846
61577.0301 lsst_hardware_r -80.60165396775834 68.87999725341797 31.6299991607666 AB 4.371932047752443 1.1105669892681904
61577.0534 lsst_hardware_z 46.17404310870686 55.93000030517578 30.969999313354492 AB 3.6603239833134897 1.0984541926066953
61579.0304 lsst_hardware_r -11.488381344913789 24.360000610351562 31.5 AB 3.574646899111902 1.1054469330312389
61579.0494 lsst_hardware_u -2.503560898967847 3.0799999237060547 28.479999542236328 AB 3.2953386817166272 1.0984462272388757
61581.0275 lsst_hardware_g 18.43399955779222 15.279999732971191 31.440000534057617 AB 5.6240753036613835 1.1036254520528617
61581.0464 lsst_hardware_r -19.2574729006327 24.420000076293945 31.510000228881836 AB 5.255853279671314 1.0986315383928331
61583.0321 lsst_hardware_i 19.25320253510514 32.16999816894531 31.25 AB 9.039779097109363 1.0991281047005121
61583.0512 lsst_hardware_z 15.815084318116476 42.9900016784668 30.950000762939453 AB 8.354286298727166 1.1021001229577194
61588.0375 lsst_hardware_r 10.554758143507103 34.70000076293945 32.25 AB 9.808469257471902 1.102075197468753
61588.0711 lsst_hardware_z -108.93262811368344 61.04999923706055 31.690000534057617 AB 9.744565554721083 1.1452405529274081
61590.005 lsst_hardware_r 4.449046228358021 24.690000534057617 31.510000228881836 AB 8.708595577639999 1.1023538705873415
61590.0271 lsst_hardware_u 1.833017091229804 2.8399999141693115 28.469999313354492 AB 8.688981106110683 1.0998710260899598
61595.0037 lsst_hardware_g 29.248907361226962 20.799999237060547 31.549999237060547 AB 2.700344389170088 1.0984824119475594
61595.0247 lsst_hardware_r -39.434861380647234 28.209999084472656 31.540000915527344 AB 2.665828182824663 1.1063823128552956
61596.9876 lsst_hardware_i 87.12663598734268 46.68000030517578 31.290000915527344 AB 6.430201553677155 1.101439115052613
61597.0041 lsst_hardware_z 29.171077203703348 50.720001220703125 30.959999084472656 AB 5.47409726100887 1.0988485636016465
61605.9618 lsst_hardware_y 52.03201307488342 60.349998474121094 30.049999237060547 AB 3.4303222405043625 1.102082056331888
61605.9813 lsst_hardware_g 23.268539397048407 49.58000183105469 31.690000534057617 AB 3.3669712045308584 1.0992397011200974
61609.9651 lsst_hardware_y -98.12931206560651 58.06999969482422 30.040000915527344 AB 6.187634672045593 1.0984616850782163
61609.9877 lsst_hardware_u 4.372901462301941 2.9600000381469727 28.5 AB 6.168823347569382 1.1099497724022451
61818.3242 lsst_hardware_r -7.070950625714573 46.08000183105469 31.579999923706055 AB 5.967731643770698 1.2051965621886296
61818.3414 lsst_hardware_y 44.719496010150515 50.83000183105469 30.010000228881836 AB 4.570324337784409 1.1567512877207147
61820.3758 lsst_hardware_r -29.237871171266068 40.119998931884766 32.29999923706055 AB 2.411466401833012 1.1015034380874782
61820.3936 lsst_hardware_y -20.819115046465246 96.11000061035156 30.799999237060547 AB 2.409909786283571 1.0990353602934995
61822.3757 lsst_hardware_z -33.933096940839185 42.91999816894531 30.950000762939453 AB 5.731448704574469 1.0993827438442076
61822.3942 lsst_hardware_y -55.686066600266784 66.87000274658203 30.040000915527344 AB 5.7542051759520785 1.1011779113868678
61824.367 lsst_hardware_u 2.042168609461921 2.799999952316284 28.440000534057617 AB 10.835726323209304 1.1005206503361065
61824.3854 lsst_hardware_y 1.7560294093469584 49.79999923706055 30.030000686645508 AB 10.668134524713576 1.0998076829601626
61826.3742 lsst_hardware_r -46.147836617151164 24.579999923706055 31.5 AB 9.447374646497297 1.0985319356392205
61826.3916 lsst_hardware_y 83.43061908480253 52.77000045776367 30.030000686645508 AB 8.963612006311168 1.1066187662112554
61828.3774 lsst_hardware_z 22.160256363416547 61.15999984741211 31.690000534057617 AB 5.540399964801474 1.1009786804712551
61830.3408 lsst_hardware_r 21.432019274496934 24.489999771118164 31.510000228881836 AB 4.733229021251833 1.1066487726258547
61830.3599 lsst_hardware_g 6.488277115088279 15.350000381469727 31.450000762939453 AB 4.665977597469345 1.0984155207382469
61832.2916 lsst_hardware_r -15.590302935658691 24.6200008392334 31.479999542236328 AB 6.935805032628149 1.187468403360505
61832.3088 lsst_hardware_i -5.664620423254999 32.119998931884766 31.229999542236328 AB 6.9466874198139035 1.144429558453691
61834.347 lsst_hardware_z 13.466051869938669 42.40999984741211 30.940000534057617 AB 10.630450505845245 1.0985653295740867
61834.3658 lsst_hardware_i 73.00240468702596 31.860000610351562 31.239999771118164 AB 10.700480764995538 1.1036638375516477
61836.3395 lsst_hardware_u 3.2848330463704185 2.6500000953674316 28.329999923706055 AB 9.450443017934939 1.0988887230156905
61836.3564 lsst_hardware_g 13.974827297763236 15.0600004196167 31.420000076293945 AB 9.471869246253748 1.1013801449132266
61838.3379 lsst_hardware_r 34.00267485377478 24.219999313354492 31.5 AB 7.596120215835297 1.0984195236548764
61838.3588 lsst_hardware_i -22.676257445063314 31.90999984741211 31.239999771118164 AB 7.602230626822595 1.1065837884749339
61840.3465 lsst_hardware_z -74.34855728014118 90.08000183105469 31.729999542236328 AB 7.373141564850793 1.101907949165073
61843.2946 lsst_hardware_r -110.5550932568652 164.72999572753906 32.38999938964844 AB 11.823050681567585 1.1180365977305475
61843.3218 lsst_hardware_i 0.9234029053900087 132.0 32.08000183105469 AB 11.612492907127573 1.0986448452792608
61845.3108 lsst_hardware_z -12.067971610740212 64.55000305175781 30.979999542236328 AB 8.557159571917182 1.1000687220848058
61845.3287 lsst_hardware_i -152.81605948027195 69.26000213623047 31.31999969482422 AB 8.473416911447064 1.1000270778099905
61847.3124 lsst_hardware_z -12.560418286087387 47.47999954223633 30.959999084472656 AB 6.691176628928164 1.0984748761510612
61847.3311 lsst_hardware_g -35.6527735709229 40.029998779296875 31.670000076293945 AB 6.646540056881569 1.1041987025498232
61849.3063 lsst_hardware_r -16.02808562801651 27.920000076293945 31.530000686645508 AB 5.26307677287252 1.0985340790800502
61849.3249 lsst_hardware_i 26.631816173992224 33.56999969482422 31.25 AB 5.285136697863051 1.1036952538913147
61851.3038 lsst_hardware_z 2.2113372587058717 42.630001068115234 30.940000534057617 AB 6.360095842385211 1.0983989135430152
