data/validation/pwv_sim_epoch_fit_seasonal/57221208.ecsv
# %ECSV 0.9
# ---
# datatype:
# - {name: time, datatype: float64}
# - {name: band, datatype: string}
# - {name: flux, datatype: float64}
# - {name: fluxerr, datatype: float64}
# - {name: zp, datatype: float64}
# - {name: zpsys, datatype: string}
# - {name: pwv, datatype: float64}
# - {name: airmass, datatype: float64}
# meta: {SNID: '57221208', alt: 1024.0, c: 0.08627410233020782, dec: -46.768478, lat: -30.244573, lon: -70.7499537, ra: 351.233765, t0: 61958.4375,
#   x0: 7.848590207927753e-06, x1: -0.31762295961380005, z: 0.5093587636947632}
# schema: astropy-2.0
time band flux fluxerr zp zpsys pwv airmass
[from data line 132]
62378.1257 lsst_hardware_r -8.81312339041278 23.139999389648438 31.459999084472656 AB 4.954837772925288 1.204579685476164
62380.291 lsst_hardware_i 11.19148351730085 33.779998779296875 31.260000228881836 AB 1.8151086458664103 1.096521533950711
62380.3026 lsst_hardware_r -23.983861636547598 29.6299991607666 31.540000915527344 AB 1.7268794010667754 1.119170059019297
62385.2457 lsst_hardware_r -12.977339033869939 22.549999237060547 31.489999771118164 AB 0.4377510983254313 1.0556698512668539
62385.2564 lsst_hardware_g 4.313183815887226 13.75 31.40999984741211 AB 0.9393722100534942 1.0662567651004475
62387.2439 lsst_hardware_r -23.52608025122107 22.3700008392334 31.479999542236328 AB 2.5700409835758835 1.0589373644729188
62387.2551 lsst_hardware_i 23.938789664670857 30.459999084472656 31.239999771118164 AB 3.019108699737517 1.0712390418938558
62389.2438 lsst_hardware_z 80.86556384609509 41.279998779296875 30.940000534057617 AB 3.919072288689602 1.064386824739164
62389.2555 lsst_hardware_i 23.280481769450233 30.600000381469727 31.239999771118164 AB 3.7462941125082665 1.0791053612601824
62390.2389 lsst_hardware_u 0.5092275326823299 2.630000114440918 28.389999389648438 AB 2.393233340790736 1.0620858021260662
62390.2506 lsst_hardware_g 9.511736445927479 13.630000114440918 31.389999389648438 AB 2.959748477227246 1.076076523260224
62393.2325 lsst_hardware_r -17.278382050610624 22.479999542236328 31.489999771118164 AB 1.2781908995278974 1.0639768863995622
62393.2446 lsst_hardware_i -2.3259094048031623 30.700000762939453 31.25 AB 1.3085435806318026 1.0791370330274876
62395.2441 lsst_hardware_z 8.25728649368713 62.900001525878906 31.709999084472656 AB 3.542298215097237 1.086594544508355
62399.2602 lsst_hardware_i -56.245425092052336 71.94000244140625 31.309999465942383 AB 7.873613712113271 1.1411034365381552
62399.2719 lsst_hardware_z -23.452645718769556 65.98999786376953 30.969999313354492 AB 8.0924944451661 1.1728252819081304
62401.2217 lsst_hardware_z 17.48723962159031 69.87999725341797 30.989999771118164 AB 2.1299658424197494 1.0776452529323313
62401.2333 lsst_hardware_i -30.62519436919506 80.75 31.329999923706055 AB 2.3624612397901945 1.0958883171931688
62404.04 lsst_hardware_y -49.15924605529068 52.119998931884766 29.979999542236328 AB 5.539513559725843 1.2595528785188956
62409.0097 lsst_hardware_r 10.500951660920444 23.299999237060547 31.440000534057617 AB 4.434295312552556 1.335966451183504
62409.0154 lsst_hardware_u 0.516738986090906 2.5299999713897705 28.239999771118164 AB 4.419700121955412 1.3079260533530195
62411.1867 lsst_hardware_i -5.541091560545615 30.15999984741211 31.239999771118164 AB 4.801342713357044 1.0677559777666759
62411.1979 lsst_hardware_z -71.81412463702209 41.36000061035156 30.950000762939453 AB 4.906202300289841 1.082728181614648
62413.1196 lsst_hardware_r 13.10083578259031 22.040000915527344 31.479999542236328 AB 2.1966887559191157 1.0460422647233885
62413.1318 lsst_hardware_u -0.10919702711945709 2.609999895095825 28.399999618530273 AB 1.8929655597425872 1.0425254356285167
62418.1364 lsst_hardware_r -26.927701772234386 22.079999923706055 31.489999771118164 AB 3.683934236520426 1.0443964004499107
62418.1485 lsst_hardware_g 24.082860316023783 13.300000190734863 31.399999618530273 AB 3.6894446826194662 1.0503757103542963
62420.2186 lsst_hardware_i -18.665023159337238 31.510000228881836 31.229999542236328 AB 4.266242500217701 1.1850673611715836
62420.2297 lsst_hardware_z -45.5186511348049 43.779998779296875 30.93000030517578 AB 4.400626014512995 1.2223961151424987
62423.1486 lsst_hardware_r -9.165883787621604 30.809999465942383 31.559999465942383 AB 8.82540438664504 1.061894403398513
62423.1539 lsst_hardware_z 4.645295855408176 61.02000045776367 31.700000762939453 AB 8.98023451807792 1.0677197033224648
62423.1618 lsst_hardware_g -3.627598629891136 25.1200008392334 31.600000381469727 AB 9.01583354780498 1.0778902739175706
62425.164 lsst_hardware_y 47.293386647545574 49.79999923706055 30.040000915527344 AB 8.515020964083137 1.0895159307885525
62425.1747 lsst_hardware_r -20.08759283140584 49.540000915527344 31.6200008392334 AB 8.423447950781673 1.1088104189177668
62433.1574 lsst_hardware_r 57.6276717319966 72.95999908447266 31.6299991607666 AB 3.2054333451199875 1.1181419185907342
62433.1676 lsst_hardware_i 33.30182853523894 59.060001373291016 31.309999465942383 AB 2.5821492268913433 1.1417019426196064
62435.1555 lsst_hardware_z -32.05071113177997 49.20000076293945 30.959999084472656 AB 2.863659122297587 1.1259472302611744
62435.1662 lsst_hardware_i -22.439262759569075 46.880001068115234 31.290000915527344 AB 2.816610425542855 1.1521449790876146
62437.1444 lsst_hardware_r -32.01727014966169 22.579999923706055 31.479999542236328 AB 3.2945949847625213 1.1137914079656934
62437.1546 lsst_hardware_u 0.9940804799583999 2.619999885559082 28.360000610351562 AB 3.304379830560843 1.136599821329725
62438.1437 lsst_hardware_g 4.3507938582770675 13.399999618530273 31.3799991607666 AB 3.196671085917004 1.1180429329934143
62438.1544 lsst_hardware_r -18.652718811959648 22.559999465942383 31.469999313354492 AB 3.3027986085076617 1.1428368887568945
62440.1439 lsst_hardware_i -16.297192541257356 30.860000610351562 31.239999771118164 AB 4.11330551521785 1.130650224084071
62440.1546 lsst_hardware_z 72.39790756466842 42.45000076293945 30.93000030517578 AB 4.307095382907855 1.1576657392575878
62442.1483 lsst_hardware_r -7.304721253089702 22.739999771118164 31.459999084472656 AB 4.506025330578711 1.1553911104047978
62442.1599 lsst_hardware_g -11.339446487983812 13.520000457763672 31.34000015258789 AB 4.638613859027586 1.1893881689814323
62458.0522 lsst_hardware_y -35.632761343975055 71.8499984741211 30.799999237060547 AB 6.987107495734002 1.0610641603240702
