data/validation/pwv_sim_epoch_fit_seasonal/57301830.ecsv
# %ECSV 0.9
# ---
# datatype:
# - {name: time, datatype: float64}
# - {name: band, datatype: string}
# - {name: flux, datatype: float64}
# - {name: fluxerr, datatype: float64}
# - {name: zp, datatype: float64}
# - {name: zpsys, datatype: string}
# - {name: pwv, datatype: float64}
# - {name: airmass, datatype: float64}
# meta: {SNID: '57301830', alt: 1024.0, c: 0.04023420065641403, dec: -29.82786, lat: -30.244573, lon: -70.7499537, ra: 196.171875, t0: 62289.4609375,
#   x0: 0.0006385705483354944, x1: 0.22229091823101044, z: 0.07124531269073486}
# schema: astropy-2.0
time band flux fluxerr zp zpsys pwv airmass
62151.3034 lsst_hardware_z 33.47264406754093 44.0 30.93000030517578 AB 7.458905268051557 1.2525800220635686
62151.3212 lsst_hardware_r -14.039339987491218 24.110000610351562 31.489999771118164 AB 6.995044826138693 1.1735667856956116
62153.3053 lsst_hardware_u -0.7809734657737826 2.740000009536743 28.3700008392334 AB 3.189781356637709 1.2173576401632502
62153.3224 lsst_hardware_r -37.203953962758106 24.280000686645508 31.5 AB 3.06643922119283 1.1490170383860805
62155.2869 lsst_hardware_i -74.65537644621642 33.310001373291016 31.209999084472656 AB 8.124211225654205 1.2819605342395548
62155.3046 lsst_hardware_z -62.27646418984277 43.91999816894531 30.93000030517578 AB 7.897181201183706 1.1965426062399556
62157.2925 lsst_hardware_r 45.21994687670998 24.579999923706055 31.469999313354492 AB 14.832039542583393 1.2259910350953376
62157.3096 lsst_hardware_u -1.7355337808346325 2.7100000381469727 28.3700008392334 AB 13.889726716459172 1.1556955290975761
62159.2971 lsst_hardware_g 14.71279765932052 14.6899995803833 31.389999389648438 AB 10.658319107307246 1.182473020235079
62159.3142 lsst_hardware_r 1.9362875723472623 23.799999237060547 31.489999771118164 AB 10.127241620795107 1.1221113132679101
62161.2997 lsst_hardware_i 40.72106280573749 31.989999771118164 31.239999771118164 AB 11.290058706038977 1.152046806738671
62161.3168 lsst_hardware_z 61.84511375386595 42.38999938964844 30.950000762939453 AB 10.76831176717028 1.0988073231806408
62166.3049 lsst_hardware_i -29.900873190834798 65.66000366210938 31.31999969482422 AB 12.221272941983486 1.0941402396636888
62166.3219 lsst_hardware_z 23.573877925755973 59.15999984741211 30.979999542236328 AB 11.80489423615145 1.0555162943626117
62168.3084 lsst_hardware_i 113.71653195463567 68.61000061035156 31.329999923706055 AB 10.674923525568 1.0723177825784027
62168.3246 lsst_hardware_z -114.10963783701881 61.869998931884766 30.989999771118164 AB 10.258729958719558 1.0409670176275554
62170.3155 lsst_hardware_z 19.20802372790286 63.619998931884766 30.989999771118164 AB 9.776763526677128 1.047155093094535
62170.3329 lsst_hardware_r 42.12449833163636 81.55999755859375 31.65999984741211 AB 9.601364769017133 1.021747873684922
62172.3088 lsst_hardware_i 55.63314537676803 48.75 31.31999969482422 AB 6.862899109293326 1.0493729524913342
62172.328 lsst_hardware_r 28.02743104131591 51.0099983215332 31.639999389648438 AB 6.661998796144507 1.0211003110628682
62174.316 lsst_hardware_z 41.51458081211919 42.36000061035156 30.959999084472656 AB 3.808954886418352 1.029308170900849
62174.3337 lsst_hardware_g -24.596895058117134 21.90999984741211 31.600000381469727 AB 4.789585158703838 1.0103011461696647
62176.1971 lsst_hardware_i -39.24399012719174 34.599998474121094 31.18000030517578 AB 8.535892773145877 1.5119370797329748
62176.2158 lsst_hardware_z 55.591987285228875 46.029998779296875 30.920000076293945 AB 7.251339391177863 1.3658149849966086
62178.2242 lsst_hardware_u -1.6277688537555224 2.619999885559082 28.290000915527344 AB 4.774483938105794 1.2814539757832593
62178.2421 lsst_hardware_r 31.485328511744207 23.43000030517578 31.469999313354492 AB 4.43849276577335 1.1953121297443883
62180.2211 lsst_hardware_i 51.69255996021055 32.70000076293945 31.219999313354492 AB 6.225735703038057 1.2687458127242832
62180.2395 lsst_hardware_z 37.069609807015546 43.41999816894531 30.940000534057617 AB 5.911430721087933 1.1835485960533645
62184.2202 lsst_hardware_g 1.2265325810567842 14.289999961853027 31.3799991607666 AB 5.545578511069278 1.2194785071070222
62184.2394 lsst_hardware_r 21.312544178045698 23.43000030517578 31.489999771118164 AB 5.1840345963187024 1.1433689008201617
62186.21 lsst_hardware_i -6.292678972422523 32.650001525878906 31.229999542236328 AB 3.229695774402671 1.241872253679571
62186.2287 lsst_hardware_z -16.224349756367616 43.220001220703125 30.940000534057617 AB 3.0437674206068577 1.1620020057672602
62188.2119 lsst_hardware_r -7.835421083715353 23.920000076293945 31.479999542236328 AB 6.746527483008976 1.2077564416414208
62188.2302 lsst_hardware_g -16.342609819462076 14.4399995803833 31.40999984741211 AB 6.341103426462322 1.1375706913867019
62192.2202 lsst_hardware_z 71.72894778351157 48.65999984741211 30.950000762939453 AB 9.68842265001467 1.1345310739221863
62192.241 lsst_hardware_i 11.788215651504778 42.86000061035156 31.290000915527344 AB 9.211303522022071 1.076610911310654
62194.2205 lsst_hardware_z -55.746573925321584 82.83000183105469 31.729999542236328 AB 6.537075695844537 1.116478677362042
62196.2209 lsst_hardware_r -39.67264340015199 111.33999633789062 31.639999389648438 AB 3.895845720675092 1.0997447341355235
62196.2419 lsst_hardware_i -21.22040737446715 85.76000213623047 31.34000015258789 AB 3.692176457290316 1.0519021245841358
62199.2282 lsst_hardware_z 48.69677720740844 94.55000305175781 31.739999771118164 AB 5.9208722258565345 1.0627388223985643
62200.2057 lsst_hardware_i -39.07053514448494 57.0099983215332 31.309999465942383 AB 13.05853342565041 1.1118061152500631
62200.2214 lsst_hardware_z -11.48321851717424 55.31999969482422 30.979999542236328 AB 11.589354883441317 1.0715010062353365
62204.2139 lsst_hardware_i -20.812674865200908 30.81999969482422 31.25 AB 9.420764291929586 1.064092352251089
62204.2347 lsst_hardware_u 2.030454855545144 2.7899999618530273 28.479999542236328 AB 9.058593256722524 1.028489564779462
62206.2092 lsst_hardware_g 3.61650916066134 14.180000305175781 31.420000076293945 AB 9.16324741431782 1.0625081551049746
62206.2317 lsst_hardware_r 12.565690764835322 22.8700008392334 31.5 AB 8.845640741748241 1.0252843514052012
62211.1048 lsst_hardware_g -3.0326710271159163 14.180000305175781 31.280000686645508 AB 10.946124944110638 1.4833152576882767
62211.1268 lsst_hardware_r 4.709388513925318 24.06999969482422 31.450000762939453 AB 11.312316390065412 1.3237230295541769
62216.1755 lsst_hardware_i 3.2466992918823223 31.200000762939453 31.260000228881836 AB 5.705728191086799 1.0765524888843019
62216.1923 lsst_hardware_z 1.0999175678330146 41.41999816894531 30.959999084472656 AB 5.528122349923556 1.0430419528157653
62220.1564 lsst_hardware_z -75.13388835433818 46.06999969482422 30.959999084472656 AB 9.256301570444982 1.0969781429775791
62220.1728 lsst_hardware_r -13.167441418472032 39.75 31.610000610351562 AB 7.269109622154139 1.0588009402907241
62222.155 lsst_hardware_i 1.6499902850697883 53.63999938964844 31.31999969482422 AB 7.496706978202658 1.0864792722032837
62222.1739 lsst_hardware_r -27.185682758123782 62.52000045776367 31.649999618530273 AB 7.001817510013818 1.0465052077541577
62224.1666 lsst_hardware_z 60.26830536240213 111.25 31.75 AB 6.8579334130124705 1.0497908071761104
62226.1576 lsst_hardware_r -94.41346381285668 142.35000610351562 31.65999984741211 AB 5.343607809603168 1.0564665499413144
62226.1769 lsst_hardware_i 204.12764251559662 111.69999694824219 31.350000381469727 AB 4.881868047891262 1.0255307151932178
62228.0777 lsst_hardware_z 121.65152691344457 93.58999633789062 31.700000762939453 AB 11.73403960383816 1.3404586153177764
62228.0968 lsst_hardware_r 52.386520842719705 113.25 32.36000061035156 AB 10.644432212487306 1.2347574293350352
62230.0765 lsst_hardware_i 3.364364725766171 33.119998931884766 31.209999084472656 AB 6.486067914747504 1.3142107081076384
62230.0933 lsst_hardware_z 2.4117713199417077 43.95000076293945 30.93000030517578 AB 7.353040191754803 1.2255066986258005
62232.0788 lsst_hardware_r 31.257908996480218 24.280000686645508 31.469999313354492 AB 10.02453287612502 1.2704828113884146
62232.0972 lsst_hardware_u -1.5719625723738553 2.680000066757202 28.350000381469727 AB 10.991657900309756 1.1848714948232522
62234.0601 lsst_hardware_g 3.9944578046317565 14.649999618530273 31.31999969482422 AB 10.162397952764017 1.3482749804657541
62234.0774 lsst_hardware_r 0.24412985992323827 24.40999984741211 31.459999084472656 AB 9.398354799463156 1.2495319815812127
62236.0568 lsst_hardware_i 14.82665637219652 33.08000183105469 31.209999084472656 AB 7.543621417363118 1.334504695477974
62236.0756 lsst_hardware_z 41.246761645469675 43.72999954223633 30.93000030517578 AB 6.929206687699658 1.2316947407367298
62238.0746 lsst_hardware_g 15.66387421097608 14.84000015258789 31.399999618530273 AB 7.650415812946152 1.2112275183765924
62238.0923 lsst_hardware_r 2.447295548155245 24.010000228881836 31.489999771118164 AB 7.709498776667303 1.1422325767341732
62242.0541 lsst_hardware_r 25.71695660910137 24.43000030517578 31.459999084472656 AB 20.93898774612442 1.256904871959847
62242.0727 lsst_hardware_i -73.56631339350629 32.2599983215332 31.229999542236328 AB 19.54956166500981 1.1737659919451515
62244.0568 lsst_hardware_z -72.59914320113525 43.880001068115234 30.940000534057617 AB 13.8546121536733 1.217586479505508
62244.0773 lsst_hardware_i 33.230199247999 31.889999389648438 31.25 AB 12.971330458147005 1.1375865343693672
62246.0528 lsst_hardware_z 30.679884666798507 44.43000030517578 30.940000534057617 AB 8.237874584851083 1.2110365930588767
62246.0719 lsst_hardware_g 14.924242558190842 16.8799991607666 31.469999313354492 AB 7.6447399558393885 1.137384440960001
62248.0752 lsst_hardware_i -38.94080776681473 36.0 31.260000228881836 AB 10.417516407210803 1.1101951731455004
62248.0945 lsst_hardware_r 3.929443699884125 32.5 31.56999969482422 AB 9.752918692867828 1.0625637739179548
62250.0629 lsst_hardware_z -68.87760562626588 72.08000183105469 31.709999084472656 AB 10.46319013020843 1.1310945495063622
62254.0724 lsst_hardware_z 205.24110892978263 100.63999938964844 31.0 AB 1.7424649745516099 1.0750426578210446
62254.0912 lsst_hardware_r -191.37457302060614 148.74000549316406 31.670000076293945 AB 2.4293735951341793 1.0387117202882545
62257.0507 lsst_hardware_i 47.19901852554669 53.310001373291016 31.299999237060547 AB 11.122018836816673 1.1099819198419834
62257.0692 lsst_hardware_z 19.293423093793074 54.40999984741211 30.969999313354492 AB 10.584373253964614 1.0640769331421147
62259.0513 lsst_hardware_g 8.144719085128607 14.600000381469727 31.420000076293945 AB 14.265973929607688 1.0933177107886847
62259.0708 lsst_hardware_r -14.243900722421122 23.510000228881836 31.510000228881836 AB 13.73210602069943 1.0502232067071997
62261.0516 lsst_hardware_i -14.74975495831958 30.959999084472656 31.25 AB 9.718527545087573 1.078977208343827
62261.0726 lsst_hardware_r -8.331517484723255 23.1299991607666 31.510000228881836 AB 9.36050261184049 1.0379031577292028
62264.0514 lsst_hardware_u -1.425783634169153 2.8299999237060547 28.520000457763672 AB 10.939039224245258 1.061355681524443
62264.0729 lsst_hardware_g -23.68905509721056 14.520000457763672 31.459999084472656 AB 10.534037476820872 1.0258427718776413
62269.954 lsst_hardware_y 192.855805014533 82.08134332214142 29.93000030517578 AB 11.945648082770061 1.4019342493226479
62269.9728 lsst_hardware_z -363.7489379166273 48.52351186532558 30.93000030517578 AB 9.224969724934642 1.2826115388980457
62271.9705 lsst_hardware_y 1245.1283255276 58.766310113395434 29.969999313354492 AB 9.268281097884106 1.265639915046307
62271.9916 lsst_hardware_u -80.86909001907858 8.466083510871218 28.34000015258789 AB 8.547946784798095 1.170630893563246
62278.9622 lsst_hardware_z 57850.89402391987 256.2144913603319 31.719999313354492 AB 2.4034237141743264 1.213237614424003
62279.9664 lsst_hardware_y 12982.745381747085 117.5381160644854 30.010000228881836 AB 9.339524362037805 1.1838166759385733
62279.9872 lsst_hardware_z 34916.81859362337 192.99072771220384 30.979999542236328 AB 8.882005566415128 1.1120113804876344
62282.9631 lsst_hardware_y 18940.597907905834 140.67380216559485 30.030000686645508 AB 6.757094907657545 1.1648155331249
62282.9819 lsst_hardware_i 88674.3307736091 308.24595860993594 31.329999923706055 AB 6.48569421571206 1.1037600775548093
62287.9548 lsst_hardware_y 19933.674324601005 137.39744791851683 30.020000457763672 AB 10.056440539973067 1.1455761849943689
62287.9736 lsst_hardware_i 85090.64141897572 290.5572378196928 31.239999771118164 AB 7.511460205375277 1.089485851820348
62290.955 lsst_hardware_z 51156.438863736796 223.03385897133154 30.959999084472656 AB 12.973949810947495 1.1184439492196117
62290.976 lsst_hardware_u 3876.2544997367045 62.89458254699811 28.3700008392334 AB 11.500278747046265 1.0648406247265059
62301.9577 lsst_hardware_y 16879.60532942988 125.1309765233079 30.049999237060547 AB 12.945705200773624 1.0426771085930833
62301.9762 lsst_hardware_r 111420.26999930607 333.79899953242324 31.5 AB 13.209490980572909 1.017654218990732
62517.2847 lsst_hardware_g -29.966525883838514 36.810001373291016 31.549999237060547 AB 5.993661868543572 1.348102084692661
62517.3015 lsst_hardware_r 2.4127110022434115 24.8700008392334 31.469999313354492 AB 7.195663578968075 1.2519096305455308
62519.2999 lsst_hardware_i -0.46517229975173435 59.209999084472656 31.280000686645508 AB 8.958641784176734 1.2329961510066765
62519.3162 lsst_hardware_r 58.14719385232867 68.52999877929688 31.610000610351562 AB 8.430031026320702 1.1640875515339144
62523.3008 lsst_hardware_r 33.47807898280428 76.41999816894531 31.610000610351562 AB 11.197742604653682 1.1813834050381102
62523.3187 lsst_hardware_i -82.4498105075633 61.790000915527344 31.309999465942383 AB 10.491875946489651 1.1188350782713619
62525.2951 lsst_hardware_z -74.2190110609566 61.33000183105469 30.959999084472656 AB 9.25301396728229 1.1823426996271775
62525.3122 lsst_hardware_r -33.18259837882077 72.70999908447266 31.6299991607666 AB 8.944123030571971 1.122012548525619
62527.3034 lsst_hardware_z 35.49474324238354 52.72999954223633 30.959999084472656 AB 13.857668977190544 1.132578887433333
62527.3204 lsst_hardware_g 100.16041805201493 48.31999969482422 31.690000534057617 AB 13.224847889209329 1.0842705492505735
62531.3118 lsst_hardware_u 0.6978944768953667 2.619999885559082 28.329999923706055 AB 12.029141347250357 1.0786774584482577
62531.3292 lsst_hardware_g 6.840163403354138 14.880000114440918 31.440000534057617 AB 11.611162093538189 1.0435592588449367
62533.303 lsst_hardware_r 22.813532154076277 23.770000457763672 31.5 AB 10.621298339571439 1.0868001984622366
62533.32 lsst_hardware_i 10.01275442384691 31.190000534057617 31.260000228881836 AB 10.203118216122238 1.0501356747758583
62535.3163 lsst_hardware_z -114.10426252289184 41.22999954223633 30.950000762939453 AB 9.79760831099799 1.0469767376574044
62535.3359 lsst_hardware_r 5.962564004280878 22.969999313354492 31.510000228881836 AB 10.893730704868979 1.0191534011478136
62537.3102 lsst_hardware_u -1.0723680971354999 2.6600000858306885 28.3799991607666 AB 6.850109036299907 1.0481117513591942
62537.3294 lsst_hardware_r 55.834578860885976 23.1299991607666 31.489999771118164 AB 6.652385881838475 1.0203045831040687
62541.1988 lsst_hardware_u -2.072900362081144 2.369999885559082 28.020000457763672 AB 8.510737058985995 1.502955685010491
62541.2177 lsst_hardware_g 2.6726165807184628 14.369999885559082 31.329999923706055 AB 7.219516288514026 1.3577750597462357
62543.2269 lsst_hardware_i 27.18502376270613 32.2599983215332 31.219999313354492 AB 4.7085751045862505 1.2706418380641094
62543.2477 lsst_hardware_r 2.757490254228068 23.40999984741211 31.479999542236328 AB 4.359660137305273 1.175453785868809
62548.212 lsst_hardware_r 62.714497295258376 70.54000091552734 31.600000381469727 AB 5.114500269546089 1.2773477196668184
62548.2326 lsst_hardware_i 9.738061628630199 56.56999969482422 31.299999237060547 AB 4.693982416010733 1.1811732299976334
62550.2147 lsst_hardware_z 88.37095460512803 69.06999969482422 30.959999084472656 AB 6.546144619026538 1.2357045057152505
62550.2335 lsst_hardware_r -42.267611933502636 97.7699966430664 31.6299991607666 AB 6.1186765369047995 1.1569776944133119
62552.232 lsst_hardware_z -63.67824944465348 105.5999984741211 31.739999771118164 AB 3.77207531011322 1.1430531242767334
62559.2218 lsst_hardware_i 31.42800475682583 31.15999984741211 31.239999771118164 AB 6.458957128036661 1.1146863436992498
62559.2441 lsst_hardware_z 0.11040354361901769 41.31999969482422 30.940000534057617 AB 6.19584816083498 1.059572152344621
