data/validation/pwv_sim_epoch_fit_seasonal/57409697.ecsv
# %ECSV 0.9
# ---
# datatype:
# - {name: time, datatype: float64}
# - {name: band, datatype: string}
# - {name: flux, datatype: float64}
# - {name: fluxerr, datatype: float64}
# - {name: zp, datatype: float64}
# - {name: zpsys, datatype: string}
# - {name: pwv, datatype: float64}
# - {name: airmass, datatype: float64}
# meta: {SNID: '57409697', alt: 1024.0, c: -0.030332393944263458, dec: -57.58987, lat: -30.244573, lon: -70.7499537, ra: 269.742859, t0: 62393.46875,
#   x0: 3.3649626384968862e-06, x1: -0.12646101415157318, z: 0.7212666273117065}
# schema: astropy-2.0
time band flux fluxerr zp zpsys pwv airmass
62230.3969 lsst_hardware_i 3.2664514608856883 47.5099983215332 31.290000915527344 AB 9.334411643360601 1.128252817489212
62230.4075 lsst_hardware_y 47.28327610651464 52.7400016784668 30.030000686645508 AB 9.337962522022071 1.1259601111762945
62232.4011 lsst_hardware_g -11.069846737997034 29.549999237060547 31.610000610351562 AB 21.6461140359641 1.1260577367793347
62232.4136 lsst_hardware_y -32.000472278710745 58.88999938964844 30.030000686645508 AB 21.653617207404146 1.1264480610766385
62236.4031 lsst_hardware_g 1.5199329513415547 14.789999961853027 31.420000076293945 AB 4.9295803140869525 1.1265251808010404
62236.4135 lsst_hardware_z 21.49392760044385 48.560001373291016 30.950000762939453 AB 4.957463053865938 1.1297344495877408
62238.4012 lsst_hardware_i -46.711905527963005 31.170000076293945 31.239999771118164 AB 7.057419849917503 1.1273383411073843
62238.4141 lsst_hardware_y -98.55476847874596 52.779998779296875 30.030000686645508 AB 7.047598164859157 1.1327811885974697
62242.3791 lsst_hardware_z -25.187177169887764 42.5099983215332 30.940000534057617 AB 18.058449994277662 1.12578004016485
62242.3904 lsst_hardware_r -10.900589281536364 22.829999923706055 31.489999771118164 AB 18.127186584631534 1.1273710236619767
62244.3846 lsst_hardware_u 1.4620717047911154 2.630000114440918 28.3700008392334 AB 14.618469948113551 1.1272797569473547
62244.396 lsst_hardware_g -0.763953457242967 13.670000076293945 31.389999389648438 AB 14.66565794582528 1.1318277403685342
62248.3816 lsst_hardware_r 23.34187868229235 22.639999389648438 31.469999313354492 AB 6.868272442186228 1.1301147580726003
62248.3951 lsst_hardware_u -0.10209747204711464 2.569999933242798 28.309999465942383 AB 6.8780955462720845 1.1383805935571143
62250.373 lsst_hardware_g -9.342430353989666 13.539999961853027 31.3799991607666 AB 10.404571049461513 1.1288151074845196
62250.3842 lsst_hardware_r 36.98979740957713 22.600000381469727 31.469999313354492 AB 11.203615239923566 1.1345241673480853
62252.3908 lsst_hardware_i 22.450360602151303 31.040000915527344 31.239999771118164 AB 4.581439929992255 1.144049092912435
62252.4031 lsst_hardware_z -36.98716470289058 42.63999938964844 30.940000534057617 AB 4.657846103973301 1.1574924568261842
62254.3288 lsst_hardware_i -75.60537848040792 74.5999984741211 31.31999969482422 AB 3.2747248771507 1.1292154748795518
62254.3396 lsst_hardware_z -38.66117894648679 66.08999633789062 30.979999542236328 AB 4.052252520688923 1.1262513954110405
62257.3199 lsst_hardware_i 104.63523989303577 66.33999633789062 31.31999969482422 AB 11.107006602429962 1.1295069509767592
62257.3318 lsst_hardware_z 75.03250121478754 63.119998931884766 30.979999542236328 AB 11.042914129813328 1.126195923697244
62259.3222 lsst_hardware_z 5.442319598979845 52.90999984741211 30.959999084472656 AB 14.08283288910276 1.1269722359472445
62259.3349 lsst_hardware_r -12.828893034663366 58.380001068115234 31.6200008392334 AB 12.954434033311896 1.1258606438510699
62261.3229 lsst_hardware_i -4.312775973697113 37.22999954223633 31.270000457763672 AB 9.40011260435294 1.1259642575735689
62261.3352 lsst_hardware_r 13.618968493204935 35.15999984741211 31.56999969482422 AB 7.53815146283438 1.1265965595258933
62264.3038 lsst_hardware_z -14.302506669035939 42.209999084472656 30.950000762939453 AB 10.912353932075908 1.1283583840425921
62264.3177 lsst_hardware_u 1.8014893597458526 2.819999933242798 28.469999313354492 AB 10.891220323743621 1.125794797916492
62266.3143 lsst_hardware_r -44.85243594083591 22.780000686645508 31.489999771118164 AB 7.65543332920716 1.125799019001053
62266.3261 lsst_hardware_i 2.5925701704239645 31.149999618530273 31.239999771118164 AB 7.668543149243812 1.1277269337123252
62268.2815 lsst_hardware_i 37.67248440352232 43.95000076293945 31.989999771118164 AB 11.940479100054821 1.1338409552801307
62268.2957 lsst_hardware_z 126.86916794275754 59.75 31.690000534057617 AB 10.051055010067955 1.1274740139920678
62270.3034 lsst_hardware_i 34.726492457949796 31.079999923706055 31.25 AB 7.659102557037897 1.1258005448921284
62270.3155 lsst_hardware_u -3.729495232821178 2.690000057220459 28.420000076293945 AB 7.5053969427697504 1.1278255295496113
62283.2752 lsst_hardware_i 14.868199063315263 87.58999633789062 31.31999969482422 AB 3.9431567060533697 1.1266162017295343
62283.289 lsst_hardware_z 12.708781503799898 75.44000244140625 30.979999542236328 AB 3.960457477457995 1.1315592792737128
62285.2729 lsst_hardware_z -34.94867912670354 74.12999725341797 30.979999542236328 AB 9.395742295626958 1.1273537930200725
62285.2868 lsst_hardware_r 132.32928834804474 111.83999633789062 31.639999389648438 AB 9.44355715748863 1.1333855328732378
62288.2823 lsst_hardware_i -15.300815532088533 50.41999816894531 31.299999237060547 AB 7.074842153349689 1.1357606132468765
62288.2942 lsst_hardware_r -150.86985785140908 57.36000061035156 31.610000610351562 AB 7.788271279423657 1.1456709737310469
62291.2799 lsst_hardware_z -51.391000124176735 43.810001373291016 30.940000534057617 AB 13.032205593728506 1.1401505298421892
62291.2928 lsst_hardware_g -3.5184566824427526 25.5 31.56999969482422 AB 13.926816382759842 1.1529060107005544
62302.2236 lsst_hardware_r -10.271500208716732 23.09000015258789 31.479999542236328 AB 13.069482463509319 1.1266795227163207
62302.2358 lsst_hardware_g 3.5456427983671865 13.970000267028809 31.389999389648438 AB 13.118408670273707 1.1308972991615265
62304.2268 lsst_hardware_r -49.68529006378931 23.190000534057617 31.489999771118164 AB 5.785381612126044 1.1293140194471334
62304.2383 lsst_hardware_i -25.856683885549515 31.399999618530273 31.239999771118164 AB 5.88452201747338 1.1355514064433634
62308.2232 lsst_hardware_z -28.468766349136544 47.189998626708984 30.950000762939453 AB 3.269612724185181 1.132921941852107
62308.2352 lsst_hardware_g -32.72619687837802 36.54999923706055 31.639999389648438 AB 3.300501536635473 1.1416141134991609
62312.1909 lsst_hardware_i 0.5141776730131675 92.45999908447266 31.31999969482422 AB 4.253110250879235 1.1259309274537608
62312.2033 lsst_hardware_z 83.12343815812983 81.36000061035156 30.989999771118164 AB 4.2838000564720815 1.1286771473853328
62314.1961 lsst_hardware_r 46.342870746477736 112.55999755859375 31.639999389648438 AB 8.351709666508635 1.1280758649974518
62314.2089 lsst_hardware_z 42.11319308557834 75.44000244140625 30.979999542236328 AB 8.15250676937594 1.1341829117106532
62315.1911 lsst_hardware_r -168.82240295977078 89.51000213623047 31.6299991607666 AB 6.550084498966011 1.1273973233637462
62315.2043 lsst_hardware_i -42.755483511969246 72.04000091552734 31.31999969482422 AB 6.688668681570211 1.1330485209960972
62323.1301 lsst_hardware_g -16.64449236209145 13.970000267028809 31.399999618530273 AB 5.47658214741785 1.1346509973932009
62323.1426 lsst_hardware_i 6.23421644011646 31.040000915527344 31.239999771118164 AB 5.446542971494993 1.1284274112213382
62325.1297 lsst_hardware_z -25.110775854191175 42.380001068115234 30.940000534057617 AB 1.9199033027402381 1.1316848233069141
62325.1424 lsst_hardware_r 56.95535164677712 22.93000030517578 31.469999313354492 AB 1.904387197216051 1.126911897361404
62327.1271 lsst_hardware_u -2.439377275838726 2.609999895095825 28.34000015258789 AB 10.200199400305966 1.1302786193479804
62327.1385 lsst_hardware_g -13.522366438219464 13.760000228881836 31.3799991607666 AB 10.165951576886133 1.1265876669003139
62330.127 lsst_hardware_z -7.100648478764327 42.56999969482422 30.940000534057617 AB 7.354433772175848 1.1273466515010753
62330.1395 lsst_hardware_r -36.882688954373144 22.950000762939453 31.479999542236328 AB 7.344520627020275 1.1258270850268677
62332.1249 lsst_hardware_u -3.3440041722078626 2.690000057220459 28.40999984741211 AB 7.161768733023737 1.1265809110085188
62332.137 lsst_hardware_r 14.84209654468936 22.889999389648438 31.479999542236328 AB 7.779922905189423 1.1260019642786698
62343.1014 lsst_hardware_z 28.60313141802376 68.26000213623047 30.979999542236328 AB 8.43636654495247 1.125849627885116
62343.114 lsst_hardware_r 203.19891224427133 99.72000122070312 31.639999389648438 AB 8.325887700718429 1.1272398814055842
62345.118 lsst_hardware_y -176.7781946226328 72.5 30.770000457763672 AB 4.296767835221664 1.1307283776899117
62347.107 lsst_hardware_r -20.25436156062373 35.41999816894531 31.56999969482422 AB 5.86784704082042 1.128432123234696
62347.1189 lsst_hardware_i 44.7592288418661 39.779998779296875 31.270000457763672 AB 5.898181892152255 1.1342657484908183
62348.1066 lsst_hardware_z -105.52978965758267 42.40999984741211 30.93000030517578 AB 4.387372958514417 1.1293109288325398
62348.1199 lsst_hardware_r -16.171285629227185 22.709999084472656 31.469999313354492 AB 4.408287337515533 1.136791336446177
62351.0502 lsst_hardware_z -9.606832561968174 42.47999954223633 30.940000534057617 AB 1.8098792083528434 1.1370373540774892
62351.0623 lsst_hardware_r -16.49383131522933 22.65999984741211 31.469999313354492 AB 1.7840209463382666 1.12996154101442
62354.0492 lsst_hardware_r -53.70820193841979 22.56999969482422 31.469999313354492 AB 1.9836068520869168 1.1324111429612662
62354.0608 lsst_hardware_z -72.95420305901006 42.29999923706055 30.93000030517578 AB 1.9264047603645205 1.1275415629877206
62356.0511 lsst_hardware_r -4.910947749033622 22.610000610351562 31.479999542236328 AB 3.6314678983872235 1.128953750794246
62356.0617 lsst_hardware_u 4.3968845675697965 2.630000114440918 28.3799991607666 AB 3.8366375205811334 1.1262145363743832
62358.048 lsst_hardware_g -11.305538529721519 13.640000343322754 31.399999618530273 AB 3.648893207805013 1.1281166201283082
62358.0598 lsst_hardware_r -18.723022740697598 22.690000534057617 31.489999771118164 AB 3.739062682784446 1.1258845777730941
62362.0899 lsst_hardware_u 2.9543396468995056 2.6311009449543596 28.34000015258789 AB 4.1697202836182665 1.1435640133337721
62362.1018 lsst_hardware_r 18.039236716322467 22.990334399673003 31.469999313354492 AB 4.189308319256037 1.1563358213012638
62364.047 lsst_hardware_g -0.6864369397091699 24.869135771623508 31.59000015258789 AB 6.537446689751537 1.1258518983498629
62364.059 lsst_hardware_i 29.762506652248202 34.707286367044446 31.260000228881836 AB 6.572367596598352 1.1279161827009356
62366.0313 lsst_hardware_r -43.59639320057195 53.098797682818194 31.6200008392334 AB 2.6219375160257763 1.1267458169427487
62366.0427 lsst_hardware_z 3.738775035028045 51.38549133880434 30.959999084472656 AB 3.2554612664282025 1.1259052712666349
62371.0295 lsst_hardware_i 223.486266175916 72.81921816875358 31.31999969482422 AB 1.515510357809873 1.125936372815656
62371.0396 lsst_hardware_z 84.00709407110288 65.21022184407059 30.979999542236328 AB 1.4938113140935896 1.1278303617165644
62375.9781 lsst_hardware_u 2.359077050954766 7.107129733781828 28.969999313354492 AB 4.509364720359656 1.1400239464946673
62375.9813 lsst_hardware_g 87.50226378980341 20.04627126594435 31.469999313354492 AB 4.602380427283688 1.1375136992792112
62380.0145 lsst_hardware_r 593.5803959025203 33.959726168737554 31.469999313354492 AB 1.9230629314236893 1.1276756830084183
62380.0255 lsst_hardware_u 1.2428357372506582 3.3701287924997296 28.309999465942383 AB 2.0076182052894764 1.132328372977708
62382.0139 lsst_hardware_g 179.9192755492397 19.238598031075643 31.3700008392334 AB 1.8822999105431881 1.1293799463259129
62382.0256 lsst_hardware_r 818.9311137714354 35.712107306939636 31.469999313354492 AB 1.9038444882389194 1.135775981052301
62385.015 lsst_hardware_i 973.2622270998116 44.40615799721121 31.239999771118164 AB 1.0185055382541306 1.1341932497262033
62385.0264 lsst_hardware_z 557.5240194217648 49.315975645206116 30.940000534057617 AB 0.9676852122970208 1.1429352901145915
62387.017 lsst_hardware_r 984.8401723938413 38.112915685961454 31.469999313354492 AB 2.734937524937678 1.139557302057366
62387.0289 lsst_hardware_u 2.676479212341685 2.8690559351661045 28.350000381469727 AB 2.762264898870165 1.1509437078625688
62596.3961 lsst_hardware_u 0.0394546823384613 2.630000114440918 28.309999465942383 AB 9.153345781298434 1.1278496480668694
62596.4088 lsst_hardware_y 130.55540303586403 50.400001525878906 30.010000228881836 AB 9.220079552657271 1.125772839152292
62600.3978 lsst_hardware_z 70.4699649923019 42.290000915527344 30.940000534057617 AB 7.542688424086062 1.125774391654636
62600.4088 lsst_hardware_y 26.552611641331268 49.599998474121094 30.020000457763672 AB 7.550864006272482 1.126994627801863
62608.3819 lsst_hardware_y -75.27014902789595 53.36000061035156 30.030000686645508 AB 16.5129003017511 1.1260843086300532
62608.3931 lsst_hardware_r 55.827730701697575 69.08000183105469 31.6299991607666 AB 16.43632510035885 1.1289072495867887
62614.3339 lsst_hardware_r -115.66044594998617 54.56999969482422 31.6200008392334 AB 6.381833458944983 1.1339434006654303
62614.3478 lsst_hardware_z 4.7485007654305 51.380001068115234 30.959999084472656 AB 6.34490782866252 1.1275993949313603
62616.4052 lsst_hardware_r -4.709886965955907 31.100000381469727 31.540000915527344 AB 16.94091203984417 1.1558174061354298
62616.4184 lsst_hardware_i -1.9789330475159013 38.81999969482422 31.260000228881836 AB 15.447449492661919 1.1741603678372818
62618.3165 lsst_hardware_g 17.061865777347855 14.9399995803833 31.420000076293945 AB 2.2973572070581847 1.1384797226800831
62618.3275 lsst_hardware_i 29.408836518218585 31.420000076293945 31.239999771118164 AB 2.2638902490127255 1.1313794347889683
62620.3243 lsst_hardware_z -18.619876016480752 42.349998474121094 30.93000030517578 AB 13.599712648968039 1.1302796101257495
62620.3363 lsst_hardware_r -4.2422350180745845 22.520000457763672 31.459999084472656 AB 12.813030862250333 1.126453305203112
62622.3302 lsst_hardware_u -0.14697254737973728 2.690000057220459 28.420000076293945 AB 11.095050191781617 1.126572593976912
62622.3418 lsst_hardware_g -12.285560770488944 13.640000343322754 31.399999618530273 AB 10.020516517239033 1.1259007322740486
62623.3228 lsst_hardware_r 58.4212906077862 22.670000076293945 31.479999542236328 AB 10.019505735454354 1.1277300670204495
62623.3356 lsst_hardware_i 2.813336644627849 31.030000686645508 31.25 AB 10.200912178391567 1.1257731746052217
62625.3238 lsst_hardware_z -1.440081771759627 42.18000030517578 30.940000534057617 AB 10.288053820250568 1.1262648321687236
62625.3357 lsst_hardware_r 11.040306962497732 22.59000015258789 31.479999542236328 AB 9.312959707074072 1.126113628424918
62627.326 lsst_hardware_u -3.435920400504484 2.690000057220459 28.420000076293945 AB 3.449982380990168 1.1257896495317892
62627.3375 lsst_hardware_r -14.778011341113109 22.719999313354492 31.479999542236328 AB 3.495696957375222 1.1276441797984587
62633.3043 lsst_hardware_z -19.58563792663053 41.90999984741211 30.940000534057617 AB 10.037808210223899 1.1259775327657982
62633.3162 lsst_hardware_r 5.942302574152653 22.530000686645508 31.469999313354492 AB 10.04750168172251 1.12647520092561
62642.2968 lsst_hardware_z 88.5754097315764 55.93000030517578 30.969999313354492 AB 7.545037630191087 1.1277240311174181
62642.3098 lsst_hardware_r 10.723347580785513 67.0199966430664 31.6299991607666 AB 7.619182578103496 1.1336382350995162
62644.3033 lsst_hardware_z 65.3831201485011 46.15999984741211 30.950000762939453 AB 2.6215214391707824 1.1330184502088743
62644.3163 lsst_hardware_r -63.852121879172145 39.4900016784668 31.579999923706055 AB 2.661251566539811 1.1426584656675876
62646.2675 lsst_hardware_g 11.802312856623068 18.079999923706055 31.5 AB 5.97073761831297 1.1261293131484291
62646.2785 lsst_hardware_i 1.232509549583659 32.720001220703125 31.25 AB 6.043983071543513 1.1261380792888975
62649.2557 lsst_hardware_r 40.72123697539064 22.81999969482422 31.469999313354492 AB 8.645118508239511 1.1267423548839552
62649.2622 lsst_hardware_z 49.571526610478934 42.2599983215332 30.940000534057617 AB 8.6619892523066 1.1258597009193472
62654.2916 lsst_hardware_z -21.3302300895073 42.68000030517578 30.940000534057617 AB 11.31766712043874 1.145087901295613
