data/validation/pwv_sim_epoch_fit_seasonal/57478943.ecsv
# %ECSV 0.9
# ---
# datatype:
# - {name: time, datatype: float64}
# - {name: band, datatype: string}
# - {name: flux, datatype: float64}
# - {name: fluxerr, datatype: float64}
# - {name: zp, datatype: float64}
# - {name: zpsys, datatype: string}
# - {name: pwv, datatype: float64}
# - {name: airmass, datatype: float64}
# meta: {SNID: '57478943', alt: 1024.0, c: -0.066775843501091, dec: -9.896853, lat: -30.244573, lon: -70.7499537, ra: 32.519531, t0: 61701.52734375,
#   x0: 2.0905348149174275e-05, x1: -2.4176392555236816, z: 0.3366711437702179}
# schema: astropy-2.0
time band flux fluxerr zp zpsys pwv airmass
61616.4184 lsst_hardware_r -50.037045637662025 23.770000457763672 31.510000228881836 AB 4.024479192170153 1.071432539957444
61616.4371 lsst_hardware_z 34.858803985749 54.959999084472656 30.979999542236328 AB 4.0302450626220025 1.067850314671319
61618.4132 lsst_hardware_z -117.22756227889096 59.31999969482422 31.700000762939453 AB 6.734846299870746 1.071290503690999
61618.4339 lsst_hardware_y -35.35759369669652 77.61000061035156 30.799999237060547 AB 7.187739464400979 1.0683322628420004
61621.4133 lsst_hardware_u -1.1989758611102572 2.75 28.440000534057617 AB 2.2200859464867047 1.0681192910688981
61621.4317 lsst_hardware_y 37.26141332044183 54.79999923706055 30.049999237060547 AB 1.5512494201518583 1.0705655073511788
61623.3953 lsst_hardware_i -13.218856387986778 30.979999542236328 31.25 AB 3.0866491465199055 1.0739595163164353
61623.4168 lsst_hardware_y -89.4813637462632 47.59000015258789 30.040000915527344 AB 3.0332749544632716 1.0676786182552875
61625.3984 lsst_hardware_r -26.613832945496444 23.100000381469727 31.5 AB 1.4970334765639888 1.0693096261171349
61625.4183 lsst_hardware_y 52.11120552333665 47.529998779296875 30.040000915527344 AB 1.941806814283948 1.0694731857631437
61628.3959 lsst_hardware_g -13.652153457628842 14.329999923706055 31.40999984741211 AB 6.452166780585126 1.0677975640190527
61628.4146 lsst_hardware_y 20.592316320650237 47.630001068115234 30.030000686645508 AB 6.456032428454837 1.071629583941379
61648.2962 lsst_hardware_u 0.29217870350414465 2.640000104904175 28.3700008392334 AB 6.628125431605802 1.115705160393183
61648.3129 lsst_hardware_r 24.356719488236095 23.0 31.489999771118164 AB 6.474587298655534 1.088074497715351
61652.2745 lsst_hardware_r -16.045656201113818 23.510000228881836 31.479999542236328 AB 2.560769655542999 1.1404852978962288
61652.2925 lsst_hardware_z 11.544357858126917 42.220001220703125 30.940000534057617 AB 2.5354938840932837 1.102228901938828
61656.27 lsst_hardware_g 1.7623307085437099 14.130000114440918 31.399999618530273 AB 3.151586281162778 1.1250308000343092
61656.2888 lsst_hardware_r -9.184799983447856 23.030000686645508 31.489999771118164 AB 3.0663407960758553 1.0910950525711738
61677.2197 lsst_hardware_i -18.54274208389364 31.873230862874493 31.239999771118164 AB 5.111134798240199 1.1104322985639963
61677.2389 lsst_hardware_z -49.004667593923806 42.36488239299339 30.940000534057617 AB 5.005888340536114 1.0819643387325895
61679.2143 lsst_hardware_i -67.45368535016375 32.4136315819872 31.239999771118164 AB 4.680447259838868 1.1103166377002354
61679.2322 lsst_hardware_u -2.271171542814526 3.171542446884498 28.3799991607666 AB 4.55304020148264 1.0833263754172386
61681.2164 lsst_hardware_g -272.1323523135128 22.34371001889444 31.43000030517578 AB 3.5297156308632545 1.0972072212817081
61681.2352 lsst_hardware_r -251.28677498094072 28.318350764221535 31.489999771118164 AB 3.5196339523264037 1.075271962827894
61683.2059 lsst_hardware_i 24.236613151428525 32.631008888096986 31.239999771118164 AB 6.986833822001805 1.10565746886467
61683.2251 lsst_hardware_r -106.85761819402879 25.17695092910177 31.489999771118164 AB 7.242295060840829 1.0793286230760464
61685.2033 lsst_hardware_z 424.614584113197 47.88225907130737 30.940000534057617 AB 5.038094245019585 1.1007215464767415
61685.2233 lsst_hardware_g -62.61969274310153 19.896214211995932 31.5 AB 4.327089188067271 1.0760557508406163
61687.2048 lsst_hardware_r 928.456024037352 50.26797001251804 31.600000381469727 AB 3.503972433559163 1.0902216656999422
61687.2232 lsst_hardware_i 751.1188499085039 47.04124553774685 31.280000686645508 AB 3.2917440530312856 1.0722293332351271
61690.2019 lsst_hardware_z 1754.0740498786865 69.17299219943264 30.969999313354492 AB 6.77772778435483 1.0836273370850826
61690.2202 lsst_hardware_r 2660.759499188941 86.42766726526818 31.639999389648438 AB 5.8828115607449 1.0696021019536182
61691.2185 lsst_hardware_z 4203.8291790026515 111.55187276467463 31.729999542236328 AB 6.2144005759860965 1.0692055015604405
61693.1734 lsst_hardware_z 2663.0439051763155 99.67214212950647 30.989999771118164 AB 7.275838111567706 1.1155838870850399
61693.191 lsst_hardware_r 4480.614733451995 144.67380915714472 31.649999618530273 AB 7.184844251994657 1.08685623013231
61695.1806 lsst_hardware_i 3655.0246181113152 106.89206871008773 31.329999923706055 AB 7.089334813033382 1.0935409442303565
61695.1982 lsst_hardware_r 6024.660836039434 132.1913789211403 31.649999618530273 AB 7.015464871995391 1.0743437782535057
61697.1799 lsst_hardware_z 3258.226083480128 78.55891330685662 30.969999313354492 AB 2.815444876028009 1.0870793304912032
61697.1972 lsst_hardware_g 5157.478277946966 96.55530418233288 31.709999084472656 AB 2.7817121872348363 1.0714690327668368
61701.1696 lsst_hardware_r 6466.426694418343 83.81257518372134 31.5 AB 3.530134500712833 1.0863066470549285
61701.1861 lsst_hardware_i 4502.585739587466 74.54666520847303 31.25 AB 3.5243897579170493 1.071568792313011
61704.1685 lsst_hardware_z 3175.3275297687705 70.57237776370872 30.950000762939453 AB 1.3497183005659221 1.0786241080707955
61704.1855 lsst_hardware_r 6224.677978728885 82.75671294342666 31.510000228881836 AB 1.36436493053207 1.0684141977545123
61706.1423 lsst_hardware_i 4741.801117015872 74.94675992649032 31.25 AB 3.1547000451967104 1.1071065257752977
61706.1605 lsst_hardware_u 8.794740662623926 5.377151938760544 28.450000762939453 AB 3.1998952152098985 1.0811369930604549
61708.1499 lsst_hardware_g 2468.727687688429 52.26895604473285 31.420000076293945 AB 6.050165393697006 1.0870350615276188
61708.1657 lsst_hardware_r 5464.020549164353 76.98637211430496 31.510000228881836 AB 5.958912015896597 1.0723253582682377
61710.0705 lsst_hardware_i 4116.1252538380795 71.02240953935903 31.219999313354492 AB 5.380861147612328 1.3239764972595434
61710.0896 lsst_hardware_r 4824.200888736938 72.52536123560117 31.479999542236328 AB 6.685344713666974 1.229206106856601
61712.151 lsst_hardware_u 8.284921067433753 3.661353395505622 28.3799991607666 AB 4.204936879871932 1.074927411666834
61712.1716 lsst_hardware_g 1571.0706089042546 43.226014916993925 31.43000030517578 AB 3.886766393981889 1.0674996962323233
61721.1176 lsst_hardware_z 1877.777679123429 87.18419135033463 30.989999771118164 AB 3.7136950193322495 1.0832362720463538
61721.1374 lsst_hardware_r 2083.6390116735565 117.20833342782196 31.649999618530273 AB 4.605604269326951 1.0689163552517025
61723.1167 lsst_hardware_i 2384.8684705180103 101.46764572858177 31.329999923706055 AB 3.2577511829219925 1.078546989876508
61723.1346 lsst_hardware_z 1938.1301105566934 88.05515884155133 30.989999771118164 AB 5.32632025846196 1.0681659023938954
61725.1191 lsst_hardware_i 2421.5599846077807 77.93250661654766 31.31999969482422 AB 6.2120772645904925 1.0724345730842457
61725.1374 lsst_hardware_z 1835.1182248795321 71.24915436202942 30.979999542236328 AB 6.252894186059801 1.0675781494303334
61727.1059 lsst_hardware_u 26.715777239448883 6.125785655010291 28.360000610351562 AB 5.921044951348873 1.0784327148241097
61727.1256 lsst_hardware_g 295.80367728745983 21.713717535414737 31.420000076293945 AB 5.149702427922025 1.0677937749047794
61730.0962 lsst_hardware_r 905.338765455704 37.62803036277062 31.5 AB 3.54363153965053 1.0798816211031113
61730.1164 lsst_hardware_i 1892.1496060575987 52.197882164185124 31.25 AB 3.4538162972431863 1.0679704073108183
61733.0968 lsst_hardware_z 1537.9406624743285 55.8773465835407 30.950000762939453 AB 8.517043643026835 1.0727205562399977
61733.1162 lsst_hardware_u -0.7276415712761005 2.897297688233693 28.3700008392334 AB 8.458207992656394 1.0676410139255768
61735.1022 lsst_hardware_g 184.74098660917494 19.590730711408632 31.420000076293945 AB 3.7516360816529417 1.068081446734091
61735.1196 lsst_hardware_r 600.3803699331091 33.50147443094257 31.489999771118164 AB 3.8128803964474898 1.0701570519793362
61737.0731 lsst_hardware_r 466.5392712428304 32.12170670994204 31.489999771118164 AB 4.125219280393168 1.0841574981322386
61737.0929 lsst_hardware_i 1145.4229908165687 45.719720891378344 31.239999771118164 AB 4.134937569041513 1.0691960616379255
61739.071 lsst_hardware_z 930.1544980575411 51.315594838662676 30.950000762939453 AB 5.365259201402472 1.080507340932999
61739.0898 lsst_hardware_i 1034.0032941730938 44.17337261863337 31.25 AB 5.386017694113717 1.0684423118654904
61741.0687 lsst_hardware_u 14.446260307054317 4.309039701464492 28.399999618530273 AB 6.744224910272721 1.077495658677575
61741.0879 lsst_hardware_g 212.0891440709428 20.164582042151665 31.420000076293945 AB 6.7618291320058095 1.0677134268128547
61743.0649 lsst_hardware_r 384.302362468172 31.75054319859975 31.510000228881836 AB 3.7431255914363657 1.076074627407385
61743.0835 lsst_hardware_i 743.1000812887926 42.22041395258131 31.25 AB 2.7757354196546946 1.0675905460210364
61747.0663 lsst_hardware_z 459.2813353041271 56.8712154938524 30.969999313354492 AB 3.161942796094353 1.0689461785308834
61747.0878 lsst_hardware_r 373.93391027005947 60.333623817150134 31.6299991607666 AB 4.096431941643727 1.0706127256827775
61751.0407 lsst_hardware_y 209.77135808142648 61.531150086337306 30.049999237060547 AB 14.354450205729135 1.0781200865530232
61751.0598 lsst_hardware_i 604.142991676889 81.90364313666154 31.329999923706055 AB 14.500964999992968 1.0678308521208877
61753.0422 lsst_hardware_y 189.9523140285434 57.13279810689345 30.049999237060547 AB 8.474400645393178 1.0727089424548326
61753.0602 lsst_hardware_g 122.4334200541754 81.01266704285888 31.719999313354492 AB 8.433378850095366 1.0675163101386538
61757.0347 lsst_hardware_z 485.0216784854487 59.27683904297064 30.979999542236328 AB 3.842393201970449 1.070751902457884
61757.0544 lsst_hardware_u 63.11695956958666 7.377797098324563 28.459999084472656 AB 4.28932515278201 1.0683250691860549
61759.0364 lsst_hardware_y 195.08774827776472 67.28686326545754 30.049999237060547 AB 5.205378978042988 1.0681352212124249
61759.0584 lsst_hardware_r 258.22558311897546 29.392853068272526 31.489999771118164 AB 5.556857786338293 1.0724936620194534
61977.4158 lsst_hardware_z -41.54090966376242 42.060001373291016 30.93000030517578 AB 7.342062191991574 1.0833660781297128
61977.4359 lsst_hardware_y -87.95380907722308 55.36000061035156 30.030000686645508 AB 6.425021746233399 1.0688773492319745
61980.416 lsst_hardware_u -4.933133177241136 2.6700000762939453 28.360000610351562 AB 5.054203872388288 1.0753625260400612
61980.4352 lsst_hardware_y 152.87991860753738 56.7400016784668 30.049999237060547 AB 4.891587171522076 1.0675271170527936
61982.4113 lsst_hardware_r 49.38201578657839 23.719999313354492 31.5 AB 4.893822745326945 1.0747780553426673
61982.4329 lsst_hardware_y 22.2230633165718 52.86000061035156 30.040000915527344 AB 3.719362823176207 1.0676064172155788
61984.4144 lsst_hardware_r -11.542594806847044 33.15999984741211 32.25 AB 2.0204327814873597 1.069766739227335
61984.4354 lsst_hardware_y 144.2504640628743 87.83000183105469 30.799999237060547 AB 1.3201356820048198 1.0695131099147879
61991.382 lsst_hardware_r 50.20682797401444 80.41000366210938 31.649999618530273 AB 4.1224404922129505 1.0787963604883855
61991.4059 lsst_hardware_y -79.5677998592495 53.27000045776367 30.049999237060547 AB 4.082886885313851 1.0675144375058003
61993.3836 lsst_hardware_z -16.07597487896209 83.56999969482422 31.729999542236328 AB 6.442539146024512 1.073130531527361
61993.4087 lsst_hardware_y -218.34915515435577 75.23999786376953 30.799999237060547 AB 6.454809857040296 1.0687656026227825
61996.3731 lsst_hardware_r 21.291708223812293 39.29999923706055 31.610000610351562 AB 3.7616798004397927 1.0747656572685123
61996.3939 lsst_hardware_z 95.92434761298827 46.099998474121094 30.959999084472656 AB 3.8026305006294265 1.0675548850728318
62010.2692 lsst_hardware_i -30.162930253579514 45.68000030517578 31.979999542236328 AB 4.401361064469986 1.223279895628123
62010.2949 lsst_hardware_z -26.643679428445793 60.43000030517578 31.700000762939453 AB 3.5056589993087353 1.13900221995186
62012.3373 lsst_hardware_r -12.158542346683314 23.040000915527344 31.5 AB 2.8047942092551916 1.0700556530508774
62012.3566 lsst_hardware_u 0.8510271105166496 2.7300000190734863 28.459999084472656 AB 2.7866331020419723 1.068699176238532
62014.2849 lsst_hardware_z -113.8184665675364 50.040000915527344 30.959999084472656 AB 1.885004318701935 1.1366860213278
62014.3012 lsst_hardware_g 94.73958927685644 56.650001525878906 31.690000534057617 AB 1.6976960254931568 1.1025790066524803
62019.2723 lsst_hardware_z -49.689073811668756 75.80000305175781 30.979999542236328 AB 0.9758890315337113 1.1340953300798504
62019.2905 lsst_hardware_r 230.33912319395947 109.58000183105469 31.639999389648438 AB 0.8982164660809043 1.0977286478226755
62022.2734 lsst_hardware_i -131.1909805178959 69.48999786376953 31.31999969482422 AB 4.7883864007026995 1.113578232721558
62022.2921 lsst_hardware_r -113.73878414218541 82.16000366210938 31.639999389648438 AB 3.9610968390665047 1.0843407717127032
62029.2564 lsst_hardware_r -6.1356080264293436 33.209999084472656 32.25 AB 4.429103916509606 1.1094949690655327
62029.2754 lsst_hardware_i 60.031727620121565 44.06999969482422 32.0 AB 4.363431658630913 1.0816637725908183
62032.2486 lsst_hardware_i 2.689990120265927 31.260000228881836 31.25 AB 6.640377679937562 1.1087623442874541
62032.2725 lsst_hardware_z -12.608888439379706 41.709999084472656 30.950000762939453 AB 6.026928151485592 1.0766216776501594
62034.2473 lsst_hardware_i 39.28820212327532 31.299999237060547 31.25 AB 3.613289249256285 1.1013887164976857
62034.2668 lsst_hardware_u 1.1019889696652188 2.7699999809265137 28.479999542236328 AB 4.120203072359955 1.076825370103876
62036.2538 lsst_hardware_g 7.189163458091416 14.4399995803833 31.43000030517578 AB 1.864498522517638 1.0844310910339112
62036.2725 lsst_hardware_r -5.393180566303072 23.31999969482422 31.5 AB 1.8199941005726972 1.0697457487692186
62038.2468 lsst_hardware_i 26.54305604159879 31.270000457763672 31.239999771118164 AB 6.511566170300548 1.086271864701967
62038.2657 lsst_hardware_r -9.8950191446254 23.200000762939453 31.479999542236328 AB 6.361369196449669 1.0703369371480094
62040.2284 lsst_hardware_z 12.376471963063166 61.81999969482422 31.690000534057617 AB 3.748889987451596 1.105758525450414
62042.2187 lsst_hardware_z -52.62192217823285 47.41999816894531 30.950000762939453 AB 5.1460804762247685 1.1137697847361998
62042.2371 lsst_hardware_r 41.0243443123001 44.689998626708984 31.610000610351562 AB 5.004110825736616 1.0848040810918749
62045.2193 lsst_hardware_i -50.08016903244278 68.33999633789062 31.31999969482422 AB 3.6815519622619433 1.0980693348033534
62045.2386 lsst_hardware_z -6.146606786016278 61.939998626708984 30.979999542236328 AB 3.649381529346119 1.0753242075420362
62047.2094 lsst_hardware_i 145.6949207820357 99.2699966430664 31.329999923706055 AB 2.8803479971237196 1.1055583407588923
62047.2282 lsst_hardware_z 67.68564661279264 83.5999984741211 30.989999771118164 AB 2.822639019923365 1.079678319491278
62049.2114 lsst_hardware_z 19.901062737310763 86.12000274658203 30.989999771118164 AB 5.378419373375821 1.093471002990476
62049.2292 lsst_hardware_r 0.9121784025902003 123.19999694824219 31.649999618530273 AB 5.259183346964348 1.0741796051806267
62051.2067 lsst_hardware_i 26.005618239490577 65.08999633789062 31.31999969482422 AB 4.309422146999699 1.092375702661807
62051.2241 lsst_hardware_r -46.312906773927956 77.54000091552734 31.649999618530273 AB 3.4132808677569013 1.0739216154452758
62053.2023 lsst_hardware_z -5.732682864192245 48.11000061035156 30.959999084472656 AB 3.7286623401420282 1.0908900936635542
62053.221 lsst_hardware_g -53.4027088945471 45.91999816894531 31.700000762939453 AB 2.8128040267112993 1.0723614284069
62056.1813 lsst_hardware_g 20.602631056714436 14.609999656677246 31.420000076293945 AB 7.33127073406295 1.1121466526189823
62056.2007 lsst_hardware_r -18.71952024329004 23.530000686645508 31.5 AB 7.08102457041225 1.0827254694819954
