data/validation/pwv_sim_epoch_fit_seasonal/57495285.ecsv
# %ECSV 0.9
# ---
# datatype:
# - {name: time, datatype: float64}
# - {name: band, datatype: string}
# - {name: flux, datatype: float64}
# - {name: fluxerr, datatype: float64}
# - {name: zp, datatype: float64}
# - {name: zpsys, datatype: string}
# - {name: pwv, datatype: float64}
# - {name: airmass, datatype: float64}
# meta: {SNID: '57495285', alt: 1024.0, c: 0.05855909734964371, dec: -1.790785, lat: -30.244573, lon: -70.7499537, ra: 338.730469, t0: 62780.828125,
#   x0: 5.832473508649119e-06, x1: -0.3951018452644348, z: 0.5759729743003845}
# schema: astropy-2.0
time band flux fluxerr zp zpsys pwv airmass
62656.4162 lsst_hardware_g -13.063668494279193 16.469999313354492 31.450000762939453 AB 13.382472775067058 1.147897220857938
62656.4361 lsst_hardware_y 103.50898328913706 60.22999954223633 30.020000457763672 AB 12.751851128560482 1.1391175245487053
62673.3715 lsst_hardware_z -11.332942234998594 62.65999984741211 30.969999313354492 AB 3.835154506399551 1.146447801031232
62673.3999 lsst_hardware_i 23.14726606212829 65.05000305175781 31.309999465942383 AB 3.4505448963395216 1.141493597509904
62677.393 lsst_hardware_u 5.151762397373192 3.1600000858306885 28.450000762939453 AB 5.106185501005142 1.1437093049380898
62677.4132 lsst_hardware_g 29.274988126235442 18.219999313354492 31.479999542236328 AB 5.169988787313176 1.1661628843563554
62679.3524 lsst_hardware_r 30.219668964486303 24.760000228881836 31.489999771118164 AB 8.27160147318854 1.1488335379428527
62679.374 lsst_hardware_i -21.542433062840605 32.45000076293945 31.239999771118164 AB 8.201841582976623 1.1391446643023089
62681.3719 lsst_hardware_z -0.542573048698429 61.130001068115234 31.690000534057617 AB 2.4704680120695763 1.1395147657149123
62681.3944 lsst_hardware_u 1.8680921883404815 3.8499999046325684 29.100000381469727 AB 2.6706082023538964 1.1551073539592978
62687.3356 lsst_hardware_r 1.711380529475129 24.479999542236328 31.489999771118164 AB 5.15683242360146 1.1446908820424995
62687.356 lsst_hardware_i 27.485560765754236 32.18000030517578 31.239999771118164 AB 5.1867544198157445 1.139612074076991
62689.3388 lsst_hardware_z 16.560549738972178 43.25 30.940000534057617 AB 1.80085463679751 1.1402625391289327
62689.3603 lsst_hardware_i -2.2841606423571497 32.380001068115234 31.239999771118164 AB 1.7684372244769082 1.1437558851849454
62703.2558 lsst_hardware_r 51.35888911303104 48.4900016784668 31.579999923706055 AB 5.565746123214887 1.2017589153335728
62703.2786 lsst_hardware_z -65.72152336210286 50.290000915527344 30.950000762939453 AB 5.340967962055221 1.1582263904991807
62705.1373 lsst_hardware_r -6.657275895926831 36.720001220703125 32.0 AB 12.828725758749831 2.211849268749971
62705.1609 lsst_hardware_i 43.05708272541206 51.29999923706055 31.8799991607666 AB 10.402723610369476 1.7935730362705993
62712.2285 lsst_hardware_g -1.5771093802465779 21.350000381469727 32.150001525878906 AB 5.439888704110137 1.2088641564689193
62712.2508 lsst_hardware_r -7.116875505227525 34.619998931884766 32.2400016784668 AB 5.1203918557078545 1.1627784620194586
62717.2266 lsst_hardware_i -32.48783848215662 32.56999969482422 31.219999313354492 AB 1.847709396541348 1.1812739881990504
62717.2482 lsst_hardware_z -98.93910914797048 43.20000076293945 30.93000030517578 AB 1.7584046461416603 1.1492840824455295
62721.224 lsst_hardware_r 33.616568924707714 39.790000915527344 31.579999923706055 AB 3.6152782991596535 1.1662188061805334
62721.2457 lsst_hardware_g -0.9029899403924818 30.860000610351562 31.6200008392334 AB 3.5427805773507335 1.1428324443066882
62724.2225 lsst_hardware_r -77.82185165849438 82.41000366210938 31.6200008392334 AB 7.405521908460672 1.1566308686683682
62724.2423 lsst_hardware_i -111.73412944754836 67.12999725341797 31.309999465942383 AB 7.397922473327196 1.140598592865741
62730.1887 lsst_hardware_i 79.48511814672807 68.77999877929688 31.309999465942383 AB 5.243584500014982 1.1863089685371653
62730.2111 lsst_hardware_z -46.617049922034724 63.4900016784668 30.969999313354492 AB 4.9361747681076515 1.1508917622074264
62734.2079 lsst_hardware_g -20.211128816686962 15.5600004196167 31.43000030517578 AB 1.982278764759508 1.1442825272808397
62734.227 lsst_hardware_r 5.454432986794532 25.65999984741211 31.5 AB 1.5744139836815119 1.1395034863798639
62737.2067 lsst_hardware_i -8.565877882859104 32.650001525878906 31.25 AB 3.3928371398689094 1.140641163176638
62737.2261 lsst_hardware_z 17.417221284335323 43.47999954223633 30.940000534057617 AB 2.9643708745186568 1.141972728546513
62739.1864 lsst_hardware_r 27.407562724221563 25.079999923706055 31.510000228881836 AB 2.5115410045416073 1.1510270414947787
62739.2046 lsst_hardware_g 14.319247182828768 15.800000190734863 31.459999084472656 AB 2.438612035569618 1.1396714735691635
62741.1871 lsst_hardware_r 23.162194922228363 24.93000030517578 31.489999771118164 AB 4.925631745489588 1.1454957547650206
62741.2033 lsst_hardware_i 15.99431058490931 32.47999954223633 31.239999771118164 AB 4.898422990071689 1.139168137225974
62743.1831 lsst_hardware_z -59.22001035454192 43.2599983215332 30.940000534057617 AB 3.9243815347792848 1.144440409666126
62743.2003 lsst_hardware_i -13.319718559359751 32.58000183105469 31.25 AB 3.8919045984564997 1.1392329596650346
62745.1508 lsst_hardware_r -14.528365613243473 25.110000610351562 31.479999542236328 AB 1.5339769926157703 1.179982302012131
62745.1678 lsst_hardware_u 5.325400746858394 2.740000009536743 28.360000610351562 AB 1.914154191717612 1.1534523601793383
62746.0974 lsst_hardware_g 15.901335857159252 16.06999969482422 31.3700008392334 AB 3.9644314342509586 1.3621525328850825
62746.1141 lsst_hardware_r 36.01055616806702 25.559999465942383 31.479999542236328 AB 3.7259497581344747 1.2816429827900504
62750.1703 lsst_hardware_r -30.652856815520035 41.776099608955704 31.59000015258789 AB 0.7099823547692873 1.1409921330155615
62750.1907 lsst_hardware_z 35.33664353289475 47.67106830498844 30.950000762939453 AB 0.7503093784628087 1.1420234070971214
62752.1376 lsst_hardware_z 55.53302743018468 59.96711993658345 30.969999313354492 AB 3.1028423763163864 1.1691192073535743
62752.1555 lsst_hardware_r -67.08006684739637 74.55505599819317 31.6299991607666 AB 3.0058885927987316 1.1467386143247427
62754.1304 lsst_hardware_i 236.27915253545538 113.10581297272441 31.31999969482422 AB 4.259126005161447 1.1721289804132042
62754.1497 lsst_hardware_z -59.74831661381042 95.5318576423515 30.989999771118164 AB 4.136544935140447 1.1470223500713608
62756.1313 lsst_hardware_r -231.34698491809144 159.1773272609604 31.639999389648438 AB 4.035140472171628 1.1618601993007855
62756.1491 lsst_hardware_z 64.55790747053491 106.94948483640259 30.989999771118164 AB 3.9752504667690496 1.1434633875360418
62759.1274 lsst_hardware_g 48.450016713615355 69.45003360002036 31.68000030517578 AB 1.593626018725131 1.1560580476787314
62759.1462 lsst_hardware_r 72.96746459372864 71.97252873272015 31.6200008392334 AB 1.552067585091875 1.1408067512617706
62761.1259 lsst_hardware_i 291.60213631817913 37.466933881243 31.25 AB 0.7745655997091895 1.151485034255485
62761.1437 lsst_hardware_z 323.3827871453144 48.953656794474725 30.950000762939453 AB 0.7561128287145299 1.1398685860018039
62763.1054 lsst_hardware_z 376.09035996868886 47.87898883175308 30.940000534057617 AB 6.529877557827712 1.1728914305760796
62763.1249 lsst_hardware_r 568.462884608131 33.91485241710352 31.5 AB 6.362074868688601 1.1472155199895295
62766.1059 lsst_hardware_u 5.519125847831656 4.136759235141482 28.420000076293945 AB 3.774473401754512 1.1591769673198071
62766.1254 lsst_hardware_r 890.1214056276893 38.453568239820946 31.5 AB 3.8623269313528747 1.1415182300437396
62770.159 lsst_hardware_g 383.2513146900074 25.144174292558773 31.40999984741211 AB 3.3491837414590337 1.1657444279356193
62770.1808 lsst_hardware_r 1401.7656711570812 44.40900643864863 31.479999542236328 AB 4.118620269436098 1.2127559500707106
62773.1028 lsst_hardware_i 1505.461142979504 50.05592420333607 31.239999771118164 AB 4.259802849122841 1.1433921799600848
62773.1223 lsst_hardware_z 1134.0062780584449 54.249786716349305 30.940000534057617 AB 4.24059700047382 1.139894359699101
62775.1009 lsst_hardware_r 1913.0641260377304 48.82123248921624 31.489999771118164 AB 7.240626620897901 1.141484529950572
62775.1203 lsst_hardware_g 499.7860969206012 26.59242197728161 31.420000076293945 AB 7.247731630733534 1.1410456242135132
62778.0815 lsst_hardware_i 1716.35901864524 55.98967019201416 31.260000228881836 AB 2.679346458226127 1.1494407800197886
62778.1004 lsst_hardware_z 1362.6443743982468 57.74887584396301 30.950000762939453 AB 2.3925398221620053 1.1393046772200024
62782.0674 lsst_hardware_y 1083.3946082567973 95.790998982325 30.780000686645508 AB 5.675562685166923 1.1527496060052653
62782.0928 lsst_hardware_r 4142.394472404143 178.38294975913664 32.38999938964844 AB 10.04347024656103 1.1391782655343001
62786.065 lsst_hardware_r 1861.0885206723362 111.06653733117278 31.6299991607666 AB 6.073866506363998 1.1449324234426776
62786.0829 lsst_hardware_z 1299.0596986548805 80.69911457364057 30.979999542236328 AB 6.130048265701894 1.1392377139293117
62788.065 lsst_hardware_r 1655.232174066061 62.49740644346089 31.600000381469727 AB 8.220038314211006 1.141671988084862
62788.0834 lsst_hardware_i 1595.784398266383 64.29112512475176 31.290000915527344 AB 8.235937484125557 1.1405141054700607
62790.0376 lsst_hardware_i 1450.8670303974197 49.857422241091555 31.239999771118164 AB 9.093422541571137 1.1631392352994547
62790.0563 lsst_hardware_z 1253.455968558021 55.38725008646195 30.940000534057617 AB 9.449411919798084 1.1434428750966308
62792.0369 lsst_hardware_r 1199.5533420143445 42.90027142972928 31.489999771118164 AB 6.118952198934929 1.156555985181708
62792.0538 lsst_hardware_u 3.00275272508119 2.719764007021908 28.3700008392334 AB 6.570710053106917 1.1418055004240473
62795.0371 lsst_hardware_g 125.27085143380906 19.02674149570845 31.440000534057617 AB 3.8166690035611426 1.1475827622834807
62795.0555 lsst_hardware_r 1057.520989427144 40.558131283497374 31.5 AB 3.4588515555043458 1.1391853620437733
62798.0376 lsst_hardware_r 852.5298541101718 38.00255099164284 31.489999771118164 AB 3.25845870845011 1.1417164360371794
62798.0581 lsst_hardware_g 92.6639447614931 17.96117225982155 31.40999984741211 AB 4.111341864652748 1.1412996755767784
62800.0405 lsst_hardware_r 748.3048599437548 36.60575018311091 31.5 AB 4.467040047982756 1.1392846183037868
62800.0569 lsst_hardware_i 999.0089076833851 44.73412646653182 31.239999771118164 AB 2.5089935645152037 1.143570448730722
62802.0088 lsst_hardware_y 357.35577203527595 54.557044831211115 30.020000457763672 AB 4.144126470426978 1.157577226376251
62802.0273 lsst_hardware_z 844.4401115428575 52.19553084142163 30.950000762939453 AB 4.062339839099754 1.1414273220285243
62804.0093 lsst_hardware_y 303.31528911812177 54.975878412490204 30.020000457763672 AB 5.229945385512902 1.1506397636022005
62804.0261 lsst_hardware_u 3.9095056333515634 3.1075738705897513 28.559999465942383 AB 5.136749689326404 1.1399167133040564
62808.0098 lsst_hardware_y 209.77687671212675 60.24777949276824 30.030000686645508 AB 3.358687889817602 1.1419576890638963
62808.0279 lsst_hardware_r 359.80550314840013 57.450857702107406 31.610000610351562 AB 3.318995778984746 1.1402218536449171
62814.0224 lsst_hardware_z 1345.4477529567587 105.0057449737684 31.729999542236328 AB 10.187126842718888 1.1462308683790592
63033.3629 lsst_hardware_g -1.34053205826121 16.049999237060547 31.440000534057617 AB 7.831096446095314 1.1776970367840436
63033.3834 lsst_hardware_r -1.811463511698969 25.459999084472656 31.510000228881836 AB 8.04041664852052 1.1486309497886455
63034.4183 lsst_hardware_i -2.46007696606971 32.90999984741211 31.239999771118164 AB 4.120060109817893 1.1457076290829076
63034.4332 lsst_hardware_z 26.351505803833735 46.380001068115234 30.940000534057617 AB 4.167322037808891 1.1623248524941123
63037.3943 lsst_hardware_r 6.260217535658725 25.149999618530273 31.510000228881836 AB 4.346979462095626 1.1392201957926034
63037.4132 lsst_hardware_g -40.64182559198698 15.880000114440918 31.450000762939453 AB 4.378852672376754 1.148300525972925
63043.3756 lsst_hardware_r 6.6312595188591565 24.899999618530273 31.5 AB 6.15174057003879 1.13921121667385
63043.3949 lsst_hardware_i -3.6767536732869255 32.68000030517578 31.239999771118164 AB 6.191872695861667 1.1466430918262345
63045.3646 lsst_hardware_z 14.060367218814438 43.400001525878906 30.940000534057617 AB 5.77287400850199 1.1401518804132065
63045.386 lsst_hardware_i 18.29777413769924 32.59000015258789 31.239999771118164 AB 5.9349691172166015 1.1440904322345142
63047.3312 lsst_hardware_r -12.825427857148448 24.729999542236328 31.5 AB 4.153185942714619 1.1662157789300946
63047.3514 lsst_hardware_u 2.393174738519597 2.759999990463257 28.399999618530273 AB 4.1251809846740635 1.1437655225528172
63049.3321 lsst_hardware_y 69.97571792982983 50.5099983215332 30.010000228881836 AB 9.067958264681927 1.1570577827229467
63049.3526 lsst_hardware_r -46.80516406841616 46.65999984741211 31.600000381469727 AB 7.912767090191025 1.1404968420569364
63057.3202 lsst_hardware_r 50.01175732765772 84.27999877929688 32.369998931884766 AB 9.076435357246062 1.1466177943673308
63057.3416 lsst_hardware_z -47.08997277187396 77.61000061035156 31.719999313354492 AB 9.106057086055705 1.1394202939737352
63067.294 lsst_hardware_g -7.617266370872466 15.119999885559082 31.420000076293945 AB 3.7176681646921024 1.1457487216864481
63067.3087 lsst_hardware_r -16.23842486724711 24.299999237060547 31.479999542236328 AB 3.6712081510176926 1.1393306388448112
63069.306 lsst_hardware_i -41.01622630976763 32.189998626708984 31.239999771118164 AB 5.4989384533321655 1.139204154408984
63069.326 lsst_hardware_z 33.609876510214995 43.33000183105469 30.940000534057617 AB 5.545956121461026 1.1484688592795662
63077.3477 lsst_hardware_z 37.02080338674064 44.40999984741211 30.93000030517578 AB 5.923729383381258 1.2364070860900476
63077.3659 lsst_hardware_i -8.371948070821626 33.59000015258789 31.219999313354492 AB 6.246013641441252 1.3074039961851183
63083.166 lsst_hardware_i -49.57278278234048 124.23999786376953 31.260000228881836 AB 2.858891436617531 1.4136598499839446
63083.1944 lsst_hardware_z 7.442834097404546 99.44000244140625 30.969999313354492 AB 2.1269401289910235 1.2690573561998948
63085.259 lsst_hardware_r -73.4791245563778 99.91000366210938 32.380001068115234 AB 4.817120028496177 1.1394051276674775
63085.2795 lsst_hardware_z -50.69081968414158 83.58999633789062 31.719999313354492 AB 4.88342728214855 1.1460754006450484
63088.2073 lsst_hardware_r -24.363033655625653 24.770000457763672 31.479999542236328 AB 4.974032778648376 1.1890118195973391
63088.2259 lsst_hardware_i -24.22113682365635 34.290000915527344 31.25 AB 5.211903881349818 1.1567228277980126
63094.2245 lsst_hardware_g 31.180745964933767 15.569999694824219 31.440000534057617 AB 5.106585049929741 1.1429241383011954
63094.2475 lsst_hardware_r 22.306015586187605 24.809999465942383 31.5 AB 5.024814582676653 1.1414844576730243
63099.2221 lsst_hardware_i -12.043080382643886 32.41999816894531 31.25 AB 1.6315349829071195 1.139273773342184
63099.2433 lsst_hardware_z 45.36853263832453 43.209999084472656 30.940000534057617 AB 1.6991749716395244 1.1477680641527888
63102.1833 lsst_hardware_r -6.821251969416772 24.93000030517578 31.489999771118164 AB 3.482556468224485 1.162757786892235
63102.2006 lsst_hardware_i -26.797339336293337 32.61000061035156 31.239999771118164 AB 3.4043086319194815 1.1442092704544093
63108.1471 lsst_hardware_i -2.0658609874884735 80.0999984741211 31.309999465942383 AB 4.945807415853369 1.2023112248088739
63108.1651 lsst_hardware_z 80.54519124889771 71.18000030517578 30.979999542236328 AB 4.800863030166182 1.165540915311042
63110.1514 lsst_hardware_r -40.12255208824787 178.19000244140625 31.6200008392334 AB 1.5343074513563606 1.1802365010433542
63110.1697 lsst_hardware_z 19.611847683368193 116.97000122070312 30.989999771118164 AB 1.7478369522174737 1.1521667450345905
63113.1615 lsst_hardware_y 34.31492031451703 54.86000061035156 30.010000228881836 AB 1.6130475987650583 1.152176856260756
63113.1812 lsst_hardware_r 101.63261356047548 81.2300033569336 31.6299991607666 AB 1.7094494653603602 1.139632976906907
63115.1636 lsst_hardware_i -24.399405209339236 42.11000061035156 31.280000686645508 AB 0.6943219563514349 1.1452733300642226
63115.1824 lsst_hardware_z 13.998557063343968 49.11000061035156 30.950000762939453 AB 0.7596539817790033 1.139338555348556
63121.1259 lsst_hardware_u -0.4373849156376858 2.680000066757202 28.309999465942383 AB 4.025159739259501 1.1717225061523513
63121.1445 lsst_hardware_r -15.147333750714576 24.780000686645508 31.489999771118164 AB 3.939203101692635 1.1474521123485684
63123.1272 lsst_hardware_i -1.8273412018436277 32.779998779296875 31.229999542236328 AB 1.970734868520552 1.1609631036939922
63123.1455 lsst_hardware_z -17.292702332188846 43.470001220703125 30.93000030517578 AB 1.9354742065603885 1.142827854092637
63125.1287 lsst_hardware_r -33.89934867158774 24.860000610351562 31.5 AB 3.664724004609367 1.1522175716014464
63125.1475 lsst_hardware_u -0.9833621646806138 2.759999990463257 28.389999389648438 AB 3.646710792600724 1.13983458822694
63128.1039 lsst_hardware_u -1.8945991402814502 2.799999952316284 28.40999984741211 AB 6.603879921527817 1.1770223244167923
63128.1239 lsst_hardware_g -9.469054397912275 15.550000190734863 31.440000534057617 AB 6.443934051268119 1.1487878627171593
63136.1005 lsst_hardware_i 7.903743905546459 71.95999908447266 31.309999465942383 AB 3.71977148404949 1.1502965547891735
63136.1204 lsst_hardware_z 16.48861606859417 66.94000244140625 30.969999313354492 AB 3.7379856135622282 1.1393402936943544
63142.1075 lsst_hardware_i 14.687598774540026 60.209999084472656 31.309999465942383 AB 3.9934493052000932 1.1392495165083392
63144.0446 lsst_hardware_z -4.452058979364347 43.97999954223633 30.93000030517578 AB 3.42831132933528 1.2134899401812094
63148.0647 lsst_hardware_i 17.578560543722343 32.36000061035156 31.239999771118164 AB 3.4145417352597884 1.1535613970472258
63148.0826 lsst_hardware_z -90.85787002153825 43.130001068115234 30.940000534057617 AB 3.8363935147806543 1.1404261340005417
63150.0675 lsst_hardware_r 34.45065305475094 24.549999237060547 31.5 AB 3.440088982841819 1.145677947216098
63150.0855 lsst_hardware_u -1.1476336634935884 2.7699999809265137 28.40999984741211 AB 4.784817640615303 1.139242295384596
63152.0692 lsst_hardware_g 12.501512532304291 15.180000305175781 31.43000030517578 AB 5.509992836406785 1.1413760406848668
63152.0876 lsst_hardware_r 8.088097183021862 24.34000015258789 31.489999771118164 AB 5.973502458112658 1.1408522647274435
63154.0654 lsst_hardware_i -12.617253081787208 32.220001220703125 31.239999771118164 AB 6.766301783172198 1.140708364681983
63154.0828 lsst_hardware_z 14.150303799475287 43.119998931884766 30.940000534057617 AB 6.791721114947008 1.14111412981104
63156.0382 lsst_hardware_z -10.522409338332572 43.279998779296875 30.940000534057617 AB 8.20096056104925 1.159419494964516
63156.0568 lsst_hardware_r 1.3648447551041711 24.469999313354492 31.5 AB 7.459453190426453 1.1420735191650029
63158.0356 lsst_hardware_u -2.0992121493984355 2.75 28.389999389648438 AB 4.683459472564901 1.155696353501459
63158.0528 lsst_hardware_r -18.346408902092634 24.489999771118164 31.5 AB 4.308054920401279 1.141382974075803
63162.0373 lsst_hardware_r 8.868578910223942 36.380001068115234 31.56999969482422 AB 4.533722988273854 1.1438685475649941
63162.0556 lsst_hardware_z 37.96040592633442 46.31999969482422 30.950000762939453 AB 4.980127522276521 1.1395520902182992
63164.0338 lsst_hardware_y -104.61556127940707 55.31999969482422 30.020000457763672 AB 4.125102714912961 1.14268773266287
63164.0506 lsst_hardware_r -111.80478975107559 76.52999877929688 31.6200008392334 AB 4.3588225472440225 1.1396359362687816
63167.0087 lsst_hardware_z 28.457036649524273 78.69000244140625 30.979999542236328 AB 4.125520447733795 1.1586913208070648
63167.0267 lsst_hardware_i -113.33056852240266 87.01000213623047 31.31999969482422 AB 4.0540929714503475 1.1421052600573802
63169.0082 lsst_hardware_y 109.71323454885841 62.0 30.020000457763672 AB 5.237465195216748 1.1526111785248911
63169.0251 lsst_hardware_r 112.20650928324348 97.41000366210938 31.6299991607666 AB 5.193731898434657 1.1404769210440617
63171.012 lsst_hardware_y -27.147044702278812 51.630001068115234 30.020000457763672 AB 4.780322636818405 1.1443479022067393
63171.0298 lsst_hardware_r -43.433169168460786 46.52000045776367 31.610000610351562 AB 4.760871652968486 1.1393733763236775
