data/validation/pwv_sim_epoch_fit_seasonal/57527995.ecsv
# %ECSV 0.9
# ---
# datatype:
# - {name: time, datatype: float64}
# - {name: band, datatype: string}
# - {name: flux, datatype: float64}
# - {name: fluxerr, datatype: float64}
# - {name: zp, datatype: float64}
# - {name: zpsys, datatype: string}
# - {name: pwv, datatype: float64}
# - {name: airmass, datatype: float64}
# meta: {SNID: '57527995', alt: 1024.0, c: 0.12005538493394852, dec: -38.873585, lat: -30.244573, lon: -70.7499537, ra: 71.367188, t0: 62086.91796875,
#   x0: 5.8905261068908044e-06, x1: -0.3992708921432495, z: 0.57361900806427}
# schema: astropy-2.0
time band flux fluxerr zp zpsys pwv airmass
62044.3829 lsst_hardware_r 1.4796468989962979 22.489999771118164 31.5 AB 4.255976101414695 1.0140519660267013
62046.3188 lsst_hardware_g 57.25776141950358 81.05000305175781 31.729999542236328 AB 3.3908178358395427 1.0388535036274427
62046.3397 lsst_hardware_y 4.457243132871079 50.56999969482422 30.059999465942383 AB 2.9548715268264036 1.0189212161470358
62052.3756 lsst_hardware_z 18.83198413141783 50.599998474121094 30.979999542236328 AB 2.9151138728139014 1.0226675575561837
62054.3749 lsst_hardware_i 75.48826394099362 40.619998931884766 31.299999237060547 AB 4.482731641339289 1.0267953138267853
62055.3675 lsst_hardware_r 14.560656818643332 31.65999984741211 31.59000015258789 AB 5.625752195132941 1.0227400669857487
62055.3792 lsst_hardware_z -41.968610859937776 50.849998474121094 30.979999542236328 AB 6.1519068118048965 1.0341077175667646
62057.3623 lsst_hardware_g -18.404484441669144 16.31131236368938 31.5 AB 5.523927774431525 1.0229495878576897
62057.3737 lsst_hardware_r 0.6575907880073392 25.140658801305335 31.520000457763672 AB 5.583936443196686 1.0340623042956825
62064.36 lsst_hardware_r 163.3966988410512 24.65082274712782 31.510000228881836 AB 2.6024393349814345 1.0406982144687156
62064.3718 lsst_hardware_g -7.699233256679712 21.98420595960914 31.59000015258789 AB 2.6618633354259718 1.058359896130402
62065.3558 lsst_hardware_r 202.37097227394906 25.391989869301653 31.479999542236328 AB 3.2406455333950874 1.038807169781059
62065.3677 lsst_hardware_i 218.29747512905038 35.95105873978039 31.260000228881836 AB 3.3191652247816736 1.0560780245891577
62070.3431 lsst_hardware_r 611.6631428151056 33.11168150617768 31.489999771118164 AB 3.1753650273660523 1.0400234818600917
62070.3538 lsst_hardware_u 6.591994514458348 3.963897824657591 28.540000915527344 AB 3.2521676549604304 1.0556700892534772
62075.3321 lsst_hardware_y 543.7247934718897 52.66062306024687 30.049999237060547 AB 5.687063583589069 1.0435617316513064
62075.3445 lsst_hardware_g 401.1280217268782 43.667377292906075 31.690000534057617 AB 5.3980643539030755 1.063099393534381
62079.3353 lsst_hardware_z 1263.6701866666965 67.2799227638258 30.979999542236328 AB 4.576549019095065 1.0662147283750247
62079.3479 lsst_hardware_r 2000.145190125861 87.70518220893582 31.639999389648438 AB 4.730745753872943 1.0922146576588294
62081.3303 lsst_hardware_z 1268.8351875455878 62.018411058984704 30.969999313354492 AB 6.132248783421024 1.0670657086664386
62081.342 lsst_hardware_r 1931.422322386246 73.07562018069311 31.6299991607666 AB 5.439680945382559 1.091209818531995
62083.324 lsst_hardware_i 1808.6532120527959 57.919585677046996 31.290000915527344 AB 8.524163656397214 1.0655204570496517
62083.3352 lsst_hardware_z 1321.789293372986 58.451719356399344 30.959999084472656 AB 8.765839761956775 1.088191973759699
62086.3279 lsst_hardware_r 1824.1275853581847 49.76844913295152 31.510000228881836 AB 4.016447156449306 1.090191492363561
62086.3392 lsst_hardware_z 1553.0934081761493 56.4332916145205 30.950000762939453 AB 3.9686266434104085 1.1182379947618242
62088.3224 lsst_hardware_g 324.79854179090177 21.72203008507445 31.3799991607666 AB 6.442959128742512 1.0901023552331355
62088.3335 lsst_hardware_r 1732.9506567733781 47.78020573682377 31.479999542236328 AB 6.503815895879215 1.1175901530851815
62090.2272 lsst_hardware_g 228.4296737636774 20.58529446065455 31.3799991607666 AB 7.7833634982518385 1.0147801171122006
62090.2419 lsst_hardware_r 1676.177885274818 46.518588664149114 31.479999542236328 AB 7.726524810177194 1.0113252369340233
62091.3142 lsst_hardware_z 1326.3129061537973 55.77778557615814 30.940000534057617 AB 4.0600106458608 1.090082063595328
62091.3264 lsst_hardware_r 1603.1847066623911 45.874200054474386 31.459999084472656 AB 4.168486733891086 1.1205609499708158
62095.13 lsst_hardware_z 2678.021952858818 79.3787924113747 31.690000534057617 AB 3.2547424188825946 1.1615783079523894
62095.1401 lsst_hardware_i 3217.1562588785173 70.4214271349211 31.979999542236328 AB 3.2930362650826783 1.1300742158828685
62096.31 lsst_hardware_r 1314.5507499621674 42.355458142930914 31.469999313354492 AB 5.009274522528829 1.1131721161175174
62096.322 lsst_hardware_u 0.8279883644578501 2.5522307990890263 28.31999969482422 AB 5.165234624972829 1.1478299166606287
62098.3003 lsst_hardware_u 0.9720233566110049 2.626036335844245 28.399999618530273 AB 10.130876194255988 1.1023804346307835
62098.3124 lsst_hardware_g 160.61395885127783 17.20815686365647 31.360000610351562 AB 10.56683373519773 1.1351608252379863
62100.3092 lsst_hardware_r 1096.9237727217303 38.99751565026616 31.459999084472656 AB 5.939075214503417 1.1419834408096186
62100.3215 lsst_hardware_i 1162.9772755932272 47.066933118338575 31.219999313354492 AB 6.1852671946239255 1.1833302457670585
62103.2922 lsst_hardware_z 1029.9387002344138 52.73477300029305 30.940000534057617 AB 5.021068709487658 1.116661561100361
62103.3047 lsst_hardware_r 839.5199278181866 36.57320895132326 31.459999084472656 AB 5.187275053655715 1.1536250536318993
62110.2701 lsst_hardware_r 621.1152525726967 64.73040688880712 31.6200008392334 AB 5.705264122991635 1.1088230350464925
62110.2811 lsst_hardware_z 891.5570604788277 60.049031145552426 30.959999084472656 AB 6.017609672246173 1.1395549183650118
62112.274 lsst_hardware_r 528.4137173804714 48.09416442482407 31.600000381469727 AB 7.23552906493709 1.134643816620429
62112.2846 lsst_hardware_y 328.4475233560959 52.17075528577376 30.010000228881836 AB 7.484797131262242 1.1686017977744558
62114.1977 lsst_hardware_u 0.15827639517476544 3.212081207566258 28.59000015258789 AB 9.901683032382683 1.016852199712463
62114.212 lsst_hardware_g 61.814915821562124 19.576018910943436 31.549999237060547 AB 9.650546206122723 1.0276742374829875
62116.1919 lsst_hardware_r 325.5690853637293 27.852914200151186 31.489999771118164 AB 12.91166400586271 1.016666457154544
62116.2053 lsst_hardware_i 546.8024036466416 37.64099394743379 31.25 AB 13.036598422856324 1.0265038128233326
62118.1869 lsst_hardware_z 727.7262337215814 48.02128865916471 30.950000762939453 AB 7.728597976994707 1.016920786446672
62118.1992 lsst_hardware_r 331.69493627512924 27.04221808357451 31.479999542236328 AB 7.796976570454749 1.0259179697966776
62122.1804 lsst_hardware_g 21.41258847218213 13.684965984692386 31.40999984741211 AB 3.399207789647963 1.0196603708571768
62122.1939 lsst_hardware_r 218.26879375524834 26.200759976881887 31.5 AB 3.459610990034307 1.0314880709702128
62124.1802 lsst_hardware_i 408.9599058770592 35.29625699939339 31.260000228881836 AB 3.8489795077167948 1.0236420755877005
62124.1905 lsst_hardware_r 179.7750169282193 25.737047054341016 31.489999771118164 AB 3.8689521043816795 1.033765118847747
62128.1295 lsst_hardware_g 76.14281528850776 26.342848913090904 32.290000915527344 AB 6.348281130516934 1.012646535415098
62128.1424 lsst_hardware_r 143.19445726326921 27.36526086055228 31.530000686645508 AB 6.301513070339874 1.011438236080394
62129.1282 lsst_hardware_i 591.4343001604395 53.044573844903795 32.029998779296875 AB 6.435115769387102 1.012288149974375
62129.1424 lsst_hardware_z 1037.3103096678599 67.34900106339592 31.709999084472656 AB 6.444697828459668 1.011766211932912
62133.1223 lsst_hardware_z 345.11530726512945 54.6939298301477 30.979999542236328 AB 7.586057245585637 1.0114742994114183
62133.1363 lsst_hardware_r 189.12641366814103 59.0180205257925 31.649999618530273 AB 7.245216937592204 1.0128448654601603
62135.1654 lsst_hardware_r 199.24134730397452 81.02516863224953 31.649999618530273 AB 7.015661027577609 1.0397422790037212
62135.1802 lsst_hardware_y 245.1828686432936 54.096685889174545 30.040000915527344 AB 6.9835752826488875 1.0622618979578229
62137.1148 lsst_hardware_z 655.9044807732819 87.18654009260284 31.739999771118164 AB 7.00810023131369 1.0113151138526673
62139.1197 lsst_hardware_g 3.214111228118681 62.235516908856006 31.729999542236328 AB 4.346361873142297 1.0127838455417213
62139.1315 lsst_hardware_r 165.87466146625908 59.745862682651996 31.639999389648438 AB 3.917746193399922 1.0180591680373994
62141.1175 lsst_hardware_i 227.98803598422074 37.84525279593016 31.280000686645508 AB 10.644135747748297 1.01385595768494
62141.1294 lsst_hardware_z 362.6309973885814 47.03052572201886 30.950000762939453 AB 11.544410045334358 1.0202748603919007
62143.1131 lsst_hardware_i 188.89234792564645 32.020022621164365 31.25 AB 8.900458720232706 1.0142683935195809
62143.1268 lsst_hardware_u 1.9572632849480047 3.0286808509940406 28.469999313354492 AB 8.147787735885847 1.0224140210250985
62145.0934 lsst_hardware_g 41.40141303662109 18.63850073054438 32.13999938964844 AB 6.6082132421953865 1.0113193162482896
62145.1058 lsst_hardware_r 203.8583374267078 33.01730544163642 32.2400016784668 AB 6.677682542507902 1.01357455204461
62147.0942 lsst_hardware_i 169.9965775726177 31.897508194211525 31.25 AB 5.714378462065699 1.01193172694629
62147.1079 lsst_hardware_r 79.51186365775905 23.307063604021856 31.479999542236328 AB 5.80012389441243 1.0170303163970629
62149.0923 lsst_hardware_u 3.323076448377644 2.8293878316529413 28.479999542236328 AB 3.285390732482011 1.012759165376699
62149.1075 lsst_hardware_g 20.559987258400078 13.384947538077412 31.399999618530273 AB 2.9804535079369177 1.020237394318872
62151.0932 lsst_hardware_r 49.96193946621094 23.178893270305917 31.489999771118164 AB 5.495445743795618 1.0151060422010243
62151.1058 lsst_hardware_i 198.2857158959466 31.800679088538917 31.25 AB 5.528703057454937 1.0230918421740287
62153.0772 lsst_hardware_i 194.57142503721616 31.657230659523574 31.25 AB 2.8255206854077444 1.011824775436972
62153.0905 lsst_hardware_z 249.58462381382893 43.180782310909 30.950000762939453 AB 2.0974943946895497 1.0164741432951538
62155.0805 lsst_hardware_i 153.2732219905059 31.743844892898725 31.25 AB 3.6731722426661406 1.014338209918161
62155.0952 lsst_hardware_u 1.8664130780923454 2.7191628132950445 28.5 AB 3.9829865192301095 1.0233559197251094
62159.0751 lsst_hardware_i 117.52344984050765 36.24382470280622 31.270000457763672 AB 7.550310616049456 1.0170138222049216
62159.0868 lsst_hardware_r 113.10073432082226 32.855442752310736 31.56999969482422 AB 8.539094904362262 1.0255220613931864
62161.0721 lsst_hardware_z 798.5974073592192 96.71175076173226 32.470001220703125 AB 7.059007368165438 1.0184810621248261
62164.0654 lsst_hardware_r 23.824821562813128 68.61285060581989 31.65999984741211 AB 11.890229327259235 1.0194537862754418
62164.0777 lsst_hardware_i 26.49733531270614 57.13305524662993 31.329999923706055 AB 11.984964355386506 1.0299015515499275
62166.064 lsst_hardware_z 64.72329922872022 57.41999816894531 30.989999771118164 AB 11.436886722254533 1.022421019176018
62166.0764 lsst_hardware_r -22.14638800923275 80.05000305175781 31.65999984741211 AB 11.68228485232561 1.0344408074668356
62168.0624 lsst_hardware_z 52.91947131556881 49.68000030517578 30.979999542236328 AB 8.31972627863583 1.0256810395186822
62168.0755 lsst_hardware_g 115.08774726477354 64.83999633789062 31.729999542236328 AB 8.431166126555986 1.040018025294475
62378.3268 lsst_hardware_z -63.18071600123102 69.9800033569336 31.68000030517578 AB 3.856206775954121 1.2756576515906122
62404.327 lsst_hardware_r -74.6745963434082 96.83000183105469 32.400001525878906 AB 6.445006418882993 1.055635469351877
62404.3389 lsst_hardware_y 19.24265703905999 50.66999816894531 30.059999465942383 AB 6.189254386503173 1.0384655010911363
62409.2891 lsst_hardware_z 100.446802969699 77.0 32.13999938964844 AB 2.6220407239409216 1.105568822462792
62409.3063 lsst_hardware_y 55.8879355581546 67.80000305175781 30.780000686645508 AB 4.029530230578103 1.0679910497159912
62413.3669 lsst_hardware_r 5.784926301006123 21.649999618530273 31.489999771118164 AB 2.419312096580038 1.0122644755564134
62413.3804 lsst_hardware_y -113.1528301317187 48.84000015258789 30.049999237060547 AB 1.9511306611475747 1.0178927021028448
62414.3889 lsst_hardware_r -32.66572150297052 32.38999938964844 31.579999923706055 AB 8.300806520297176 1.0264806084456526
62416.3867 lsst_hardware_g 24.758322710522076 31.09000015258789 31.65999984741211 AB 3.9890639696269874 1.0296572948058476
62420.3712 lsst_hardware_z 6.457749340273157 41.09000015258789 30.950000762939453 AB 4.450502270387244 1.0252841721792145
62420.383 lsst_hardware_r 47.80550426219667 31.3799991607666 31.56999969482422 AB 4.723467211149768 1.037820538556416
62422.3234 lsst_hardware_u -1.3123825244682208 2.569999933242798 28.40999984741211 AB 5.3792682511533245 1.0128064487931845
62422.3344 lsst_hardware_g -3.8910284216000113 12.670000076293945 31.389999389648438 AB 5.551359146915111 1.011299334512066
62423.3172 lsst_hardware_r 19.81232187527795 30.18000030517578 32.2400016784668 AB 5.076953086509479 1.0139710578209047
62423.3284 lsst_hardware_z -26.832116593392627 40.220001220703125 30.950000762939453 AB 5.102689631414854 1.011401598509766
62425.3675 lsst_hardware_r 23.376964907055473 22.1200008392334 31.489999771118164 AB 7.560080726777314 1.035580210051228
62425.3779 lsst_hardware_u 8.474322649834168 10.09000015258789 29.270000457763672 AB 8.186576459962085 1.0495610846105237
62427.3514 lsst_hardware_g 11.389184041903912 12.850000381469727 31.399999618530273 AB 6.694574078331057 1.0246797058669985
62427.3622 lsst_hardware_r 31.468906717721556 21.899999618530273 31.489999771118164 AB 6.6453301865436165 1.0357703888624938
62429.3556 lsst_hardware_i -47.13362435822997 44.02000045776367 31.309999465942383 AB 0.7110023030085347 1.0344359403628385
62429.3664 lsst_hardware_z 96.51582895265338 42.95000076293945 30.950000762939453 AB 0.7564569882067811 1.0486926823569054
62433.3504 lsst_hardware_r -10.988830125646555 76.30000305175781 31.649999618530273 AB 3.7151589129666736 1.0415360002710046
62433.3612 lsst_hardware_z -41.16444654504534 59.5099983215332 30.979999542236328 AB 3.7675163978031616 1.057746403388656
62435.3491 lsst_hardware_z -6.361658810201594 50.959999084472656 30.969999313354492 AB 2.5054067014738606 1.0473378533298379
62435.3601 lsst_hardware_i -86.27295237682303 51.130001068115234 31.309999465942383 AB 2.537016867689083 1.065376624169548
62437.3366 lsst_hardware_r 44.2575680293993 44.79999923706055 31.6200008392334 AB 3.5042593461016014 1.0378378042652454
62437.3478 lsst_hardware_z 89.06337740179366 46.560001373291016 30.959999084472656 AB 3.497466906193245 1.053691920220907
62438.342 lsst_hardware_r -31.423739254633247 37.56999969482422 31.600000381469727 AB 3.767827508173972 1.0489497517189326
62438.3527 lsst_hardware_y 89.9157723665208 48.93000030517578 30.040000915527344 AB 3.7733760924725273 1.066829542683904
62442.3382 lsst_hardware_r -7.964436689261856 22.209999084472656 31.489999771118164 AB 2.7429621859667312 1.0604235255025598
62442.35 lsst_hardware_i -29.63624439390265 30.940000534057617 31.239999771118164 AB 2.8164175762441856 1.0832375293246868
62456.229 lsst_hardware_z 18.63366861459347 45.7599983215332 30.959999084472656 AB 7.5845480287257985 1.013299669836446
62456.2456 lsst_hardware_g 57.23835790048064 36.54999923706055 31.690000534057617 AB 7.492780331067521 1.0115809816479364
62458.307 lsst_hardware_i -93.42562647455594 44.02000045776367 31.290000915527344 AB 4.941235040401777 1.0847142632229863
62458.3186 lsst_hardware_r 20.19686867594263 40.439998626708984 31.59000015258789 AB 5.111881684943045 1.11244750316123
62460.3132 lsst_hardware_z 35.38636517360944 86.37000274658203 31.719999313354492 AB 5.39243334746806 1.1126066053923096
62461.3034 lsst_hardware_r -2.5227683951763873 87.0199966430664 31.639999389648438 AB 4.525091300908941 1.0950671670177121
62461.3169 lsst_hardware_i 57.53231339080778 69.37000274658203 31.309999465942383 AB 4.73046464094872 1.130338026511044
62468.2881 lsst_hardware_i 11.31233378964848 35.65999984741211 31.260000228881836 AB 4.886160637743972 1.10427948194677
62468.2996 lsst_hardware_r -37.795065024977724 34.08000183105469 31.549999237060547 AB 3.9894697364916243 1.1356573796204363
