data/validation/pwv_sim_epoch_fit_seasonal/57534827.ecsv
# %ECSV 0.9
# ---
# datatype:
# - {name: time, datatype: float64}
# - {name: band, datatype: string}
# - {name: flux, datatype: float64}
# - {name: fluxerr, datatype: float64}
# - {name: zp, datatype: float64}
# - {name: zpsys, datatype: string}
# - {name: pwv, datatype: float64}
# - {name: airmass, datatype: float64}
# meta: {SNID: '57534827', alt: 1024.0, c: 0.04152257367968559, dec: -41.41119, lat: -30.244573, lon: -70.7499537, ra: 145.371094, t0: 59978.53515625,
#   x0: 0.00013465462646948135, x1: -2.123818874359131, z: 0.14753024280071259}
# schema: astropy-2.0
time band flux fluxerr zp zpsys pwv airmass
59934.3442 lsst_hardware_r 44.719589049347015 62.5099983215332 31.649999618530273 AB 6.475971078636166 1.0203200060873114
59934.3572 lsst_hardware_y 32.65911123768952 73.01000213623047 30.079999923706055 AB 6.613431690018672 1.0201190328579421
59938.3418 lsst_hardware_u -16.78730196662471 20.700000762939453 29.489999771118164 AB 6.571072526024713 1.0196799512782266
59938.3545 lsst_hardware_y 2.9695654163469634 72.87999725341797 30.06999969482422 AB 6.613433924633336 1.0223270868192385
59941.3322 lsst_hardware_r -1.8787218996103587 62.0 31.649999618530273 AB 6.412258054064438 1.0196530352058366
59941.3455 lsst_hardware_y 117.79363901502437 73.01000213623047 30.079999923706055 AB 5.736483456430988 1.0220298939509813
59945.3244 lsst_hardware_r 13.517379495732298 62.16999816894531 31.649999618530273 AB 7.247462129567787 1.0197868714601408
59945.3363 lsst_hardware_g 54.49946528722177 66.91000366210938 31.729999542236328 AB 7.3057379753183715 1.0226855031746063
59947.3253 lsst_hardware_r -24.936312262784387 61.61000061035156 31.649999618530273 AB 4.888662216045864 1.0208639448803702
59947.3369 lsst_hardware_i -71.20783659269443 60.41999816894531 31.329999923706055 AB 5.626612705563599 1.025631189493912
59953.3266 lsst_hardware_r -15.312419847799267 62.45000076293945 31.649999618530273 AB 7.788068318939555 1.029600306569072
59953.3387 lsst_hardware_i 45.20933255803967 60.90999984741211 31.329999923706055 AB 7.638054189854403 1.0405832097165473
59955.3273 lsst_hardware_z 77.87430800832739 98.0999984741211 31.739999771118164 AB 7.656567773241553 1.034671320708318
59957.3244 lsst_hardware_r -125.2794331887625 62.995529731828746 31.649999618530273 AB 5.773858488070187 1.0370958845773297
59957.3374 lsst_hardware_i -1.0328950614316907 61.50588399785092 31.329999923706055 AB 4.3958868992475875 1.0523609063354558
59962.2722 lsst_hardware_r 382.888950961862 66.26472278470874 31.649999618530273 AB 7.459829211221804 1.0197524666757227
59962.2843 lsst_hardware_i 870.6794649433647 67.79410020764148 31.34000015258789 AB 7.513846970837346 1.02085688657724
59966.269 lsst_hardware_u 247.31201037040307 26.076016514622058 29.479999542236328 AB 9.978471817396661 1.0200068301241116
59966.281 lsst_hardware_g 5916.447392618395 102.24244330641311 31.729999542236328 AB 10.018529460787464 1.023569682849878
59968.2653 lsst_hardware_r 14246.31352275813 135.19506233595862 31.649999618530273 AB 9.64053225774568 1.0202881051712571
59968.2779 lsst_hardware_i 12553.430184721978 126.80687556990038 31.329999923706055 AB 9.702476349581728 1.0247290635009745
59973.2521 lsst_hardware_z 14152.555397370505 133.98669041001025 31.0 AB 11.440699563637127 1.0203749973142882
59973.2639 lsst_hardware_u 1917.7222986368467 48.95237725509766 29.5 AB 11.502280278582267 1.0245499060494894
59975.2575 lsst_hardware_g 39265.46994862119 209.26263144776883 31.739999771118164 AB 11.872503559263235 1.0240802380043044
59975.2685 lsst_hardware_r 37432.11497071856 203.32261613391708 31.649999618530273 AB 11.898138446364268 1.0311089864690635
59977.2583 lsst_hardware_i 27814.13231854557 175.54015224181805 31.34000015258789 AB 9.424263307648786 1.027671698124297
59977.2692 lsst_hardware_z 15093.539262839917 137.12066869183434 31.0 AB 9.377419026323281 1.0365224965539253
59979.2463 lsst_hardware_i 28242.14673454301 177.0494127297832 31.34000015258789 AB 7.710318862231498 1.0239467280519865
59979.2594 lsst_hardware_z 13894.28242774889 134.3183481078261 31.0 AB 8.255282169586204 1.0325986703118168
59985.2408 lsst_hardware_r 37509.19756389724 203.2271259058331 31.649999618530273 AB 4.4418905900946175 1.0308003690028058
59985.2528 lsst_hardware_i 23390.478507948526 163.16380978474425 31.329999923706055 AB 3.487765373342077 1.042212871161535
59989.1981 lsst_hardware_r 29698.549048176683 183.26958968780048 31.649999618530273 AB 1.5628286164871021 1.0197902880830583
59989.2095 lsst_hardware_g 19974.54060844921 156.0589628818976 31.729999542236328 AB 2.364407916468597 1.0206077337274233
59991.1957 lsst_hardware_r 26436.961969001826 173.8033324862775 31.649999618530273 AB 4.25270211632394 1.0196696250776647
59991.2056 lsst_hardware_i 15819.531088179636 139.0246152793154 31.329999923706055 AB 4.240345637403139 1.0209909636991386
59995.1835 lsst_hardware_u 121.09207598520436 23.06490385982814 29.5 AB 3.6708882807773264 1.0196911891048128
59995.1949 lsst_hardware_g 9559.29660137579 118.0812856976657 31.729999542236328 AB 3.675786801781985 1.0210518893838847
59997.1812 lsst_hardware_r 19300.982730847434 151.931171206607 31.649999618530273 AB 8.178587087063317 1.019720972983114
59997.1922 lsst_hardware_i 14421.598977293914 133.38116375510236 31.329999923706055 AB 8.178822405442858 1.0219057169292007
59999.1849 lsst_hardware_z 10851.864017451877 122.70991628925158 31.0 AB 9.902500258156065 1.021315024476775
59999.1965 lsst_hardware_u 168.51929465818392 24.176896240484794 29.489999771118164 AB 9.87311072987409 1.026577668819765
60003.1666 lsst_hardware_r 13945.879359520903 133.90569991592864 31.649999618530273 AB 6.152457157535222 1.0198569716325376
60003.1792 lsst_hardware_i 13081.708738049216 128.75873635104793 31.329999923706055 AB 6.2186999901465105 1.023233235729578
60005.1656 lsst_hardware_z 10302.089030270734 121.84667641526254 31.0 AB 3.490759557571279 1.020565591201251
60005.1771 lsst_hardware_i 12330.480083894461 126.50825194616766 31.329999923706055 AB 3.984393209996585 1.0248583910993656
60008.1726 lsst_hardware_z 18283.98730262296 161.90311845656342 31.739999771118164 AB 12.041906766549442 1.0269990988073778
60010.1571 lsst_hardware_r 8382.01539764031 111.18044527857107 31.649999618530273 AB 8.751717628192113 1.0220486744032442
60010.1694 lsst_hardware_i 8382.880661032583 108.94625073861528 31.329999923706055 AB 9.67402839329921 1.0284954702635773
60012.1588 lsst_hardware_z 13658.950638853381 150.17807639263847 31.739999771118164 AB 9.801863891013811 1.0252995701897294
60014.163 lsst_hardware_z 5876.417792709022 101.85930927835625 30.989999771118164 AB 7.795083002222129 1.031914615067824
60014.1738 lsst_hardware_r 6399.928294715171 100.6477207979741 31.639999389648438 AB 9.248411428842582 1.0424268968488122
60016.1575 lsst_hardware_i 4920.09857685234 91.11741675794208 31.31999969482422 AB 14.446364914327862 1.0318832081662759
60016.1694 lsst_hardware_z 4865.461651451313 97.1100739471199 30.989999771118164 AB 14.487847562597466 1.0436426712719684
60018.1428 lsst_hardware_z 4388.539479665977 94.23892561763216 30.989999771118164 AB 10.29539501015083 1.0255143571631935
60018.154 lsst_hardware_i 4244.925713503103 87.93430502647352 31.31999969482422 AB 10.295374804330997 1.0335424574557408
60023.1239 lsst_hardware_r 4980.410527391828 93.48450418098001 31.649999618530273 AB 5.123580272239095 1.022942953328679
60023.1365 lsst_hardware_i 3604.3045955284115 84.53327700898565 31.329999923706055 AB 4.90286191660561 1.0303918282153335
60026.1179 lsst_hardware_z 3201.1293544557407 88.48592330672034 31.0 AB 6.245954133475124 1.0239269071270696
60026.131 lsst_hardware_u -12.449547041121452 21.133437073337838 29.5 AB 7.691148397357513 1.0325537094814525
60028.1171 lsst_hardware_g 1588.0043188238865 78.79758092485274 31.739999771118164 AB 9.142882132668861 1.0264539709415208
60028.1293 lsst_hardware_r 4574.3930506793995 92.5035569396821 31.649999618530273 AB 8.817209339594083 1.0359172107847128
60030.1085 lsst_hardware_i 2975.835605245811 81.58061289484506 31.329999923706055 AB 6.581569114791053 1.0246877027543286
60030.1199 lsst_hardware_z 2768.343050996554 86.37367354766253 31.0 AB 6.63028065980119 1.0324055733736657
60037.101 lsst_hardware_z 46.40722903519762 69.54000091552734 31.0 AB 7.2702701940715775 1.032586605857012
60037.112 lsst_hardware_r -49.280603918193535 62.09000015258789 31.649999618530273 AB 7.29114442613038 1.0435798319842908
60039.096 lsst_hardware_i 24.688925617243218 60.54999923706055 31.329999923706055 AB 7.286627763129753 1.0329781348355194
60039.1079 lsst_hardware_r 97.31152110201408 61.70000076293945 31.639999389648438 AB 7.353229310683461 1.0451856311972927
60041.0985 lsst_hardware_z 58.791332864528826 98.0999984741211 31.739999771118164 AB 10.693087993218361 1.0406898290236848
60043.045 lsst_hardware_r 46.40149006566283 61.959999084472656 31.649999618530273 AB 7.8565577125427515 1.020685654669507
60043.0581 lsst_hardware_g 11.303938434855368 66.83999633789062 31.729999542236328 AB 7.803763522002433 1.019944259742841
60045.0395 lsst_hardware_r -34.45187109750409 62.060001373291016 31.649999618530273 AB 1.9284331736689904 1.0206950460492186
60045.0506 lsst_hardware_i -1.1949687008053616 60.7400016784668 31.329999923706055 AB 3.2874476610986005 1.0197588712209695
60050.0373 lsst_hardware_z -40.35292895725762 69.66999816894531 31.0 AB 16.016554603347686 1.0197838130215369
60050.0489 lsst_hardware_i 114.90923265051093 61.02000045776367 31.329999923706055 AB 16.93494752122641 1.0224359541895598
60052.0334 lsst_hardware_u -0.0031080993902454024 20.920000076293945 29.510000228881836 AB 10.913261692604811 1.019930999308861
60052.0452 lsst_hardware_g -61.02477614687524 66.97000122070312 31.739999771118164 AB 11.602155130086597 1.0231553302299405
60054.0268 lsst_hardware_r -15.533428908825202 62.33000183105469 31.65999984741211 AB 7.091555851565483 1.0198174871925914
60054.0367 lsst_hardware_i 87.92891252617765 60.9900016784668 31.34000015258789 AB 7.074567028437049 1.0219670680299096
60054.9754 lsst_hardware_i -54.783523898201395 60.709999084472656 31.329999923706055 AB 7.562079644290307 1.0478874307892063
60054.9777 lsst_hardware_z 48.15077493794845 69.54000091552734 31.0 AB 7.534074180935245 1.0450565843791377
60057.0252 lsst_hardware_g 11.12654690501084 67.3499984741211 31.739999771118164 AB 6.27097146916436 1.0209567290755603
60057.0367 lsst_hardware_r -94.68014198612957 62.5099983215332 31.649999618530273 AB 6.174125367256799 1.025744211644491
60059.0211 lsst_hardware_i -122.53342094358558 60.68000030517578 31.329999923706055 AB 13.383092827245864 1.0213372631164088
60059.0321 lsst_hardware_z 53.71464542447872 69.41999816894531 30.989999771118164 AB 13.469674213568377 1.026247860743486
60061.0214 lsst_hardware_i 24.62350201596021 60.7400016784668 31.329999923706055 AB 4.667159100083572 1.023499802649906
60061.0336 lsst_hardware_z -94.37682166003945 69.44999694824219 30.989999771118164 AB 4.8370015057792255 1.0310687995266135
60063.0125 lsst_hardware_z -43.7637146120161 98.19999694824219 31.739999771118164 AB 8.790072933414292 1.022101503885383
60065.0071 lsst_hardware_r 7.3303158954404735 61.58000183105469 31.649999618530273 AB 10.91100004905463 1.0221236911478366
60065.0188 lsst_hardware_i 31.319185955788942 60.439998626708984 31.329999923706055 AB 10.983426165398214 1.028218139430651
60071.0042 lsst_hardware_i 64.0376516559555 60.86000061035156 31.329999923706055 AB 6.590717974583419 1.0294779716625146
60071.0155 lsst_hardware_z 81.94682364944322 69.55999755859375 31.0 AB 6.731708080976031 1.0395390046290263
60072.994 lsst_hardware_i 56.852361858629976 60.9900016784668 31.329999923706055 AB 8.999852219826794 1.0263259459261938
60073.0074 lsst_hardware_u 14.11936909907734 20.59000015258789 29.479999542236328 AB 9.423969247724203 1.0368638632463514
60077.9937 lsst_hardware_g -50.63128037937665 66.62999725341797 31.729999542236328 AB 7.484102466836392 1.036818628515778
60078.0068 lsst_hardware_r -1.418099477437748 61.72999954223633 31.639999389648438 AB 6.190816836987868 1.0520995601797796
60297.3416 lsst_hardware_z -65.33898940192418 42.150001525878906 30.950000762939453 AB 5.336406360076447 1.023018664466058
60297.3537 lsst_hardware_y 100.0559278874802 66.18000030517578 30.079999923706055 AB 5.342837661605222 1.0198525743527926
60301.3432 lsst_hardware_u 2.0149290859350413 3.7300000190734863 28.700000762939453 AB 6.1929919437822605 1.0198142403856707
60301.3553 lsst_hardware_y 79.87022397713541 66.7300033569336 30.06999969482422 AB 6.172011805999309 1.0207014921307533
60303.3432 lsst_hardware_i -34.0318889452701 30.549999237060547 31.260000228881836 AB 6.568087418151929 1.0197310073206405
60303.3548 lsst_hardware_y -27.806112164189226 60.33000183105469 30.06999969482422 AB 6.608005542630869 1.0221990165721817
60304.3338 lsst_hardware_r 41.052885046529866 59.2599983215332 31.649999618530273 AB 9.00608438789306 1.0199416067829417
60304.3449 lsst_hardware_y -12.472723607917802 51.88999938964844 30.059999465942383 AB 9.012108939282488 1.0202483728279497
60306.3409 lsst_hardware_y 20.131715856324057 74.16999816894531 30.809999465942383 AB 5.761087293763029 1.0205344915290202
60310.3221 lsst_hardware_z -92.27755511317825 48.9900016784668 30.969999313354492 AB 7.248279277452499 1.0196715705688797
60310.3347 lsst_hardware_r 3.7726205286146657 53.61000061035156 31.639999389648438 AB 7.29875661716515 1.021849837689323
60314.3254 lsst_hardware_i 12.100260174562559 31.969999313354492 31.260000228881836 AB 10.34249606793862 1.0224404199435146
60314.3385 lsst_hardware_z 71.68162724547012 41.72999954223633 30.950000762939453 AB 11.563978888322579 1.0298315868129466
60316.3178 lsst_hardware_r -21.664248664887506 22.299999237060547 31.489999771118164 AB 8.391976228265223 1.0216777901243081
60316.3296 lsst_hardware_u 1.0910429000842503 2.819999933242798 28.459999084472656 AB 8.535159863598457 1.0274350553550762
60326.27 lsst_hardware_i -8.038209273346869 29.530000686645508 31.25 AB 2.150034417396009 1.0205859576247034
60326.282 lsst_hardware_z 9.687096027518521 40.34000015258789 30.950000762939453 AB 2.2555992104119844 1.0198639986791187
60328.2719 lsst_hardware_r 16.844288596698586 21.420000076293945 31.479999542236328 AB 6.467539514616426 1.019687751936582
60328.2843 lsst_hardware_u -2.9400480777802898 2.4800000190734863 28.31999969482422 AB 6.558372845458719 1.0214473334220828
60330.2755 lsst_hardware_g 14.277625611694011 12.800000190734863 31.3799991607666 AB 12.056494600975874 1.020569230200693
60330.2872 lsst_hardware_r 0.48496877977642594 21.450000762939453 31.479999542236328 AB 12.101111383162506 1.0249677898723146
60332.2656 lsst_hardware_i 69.01895842412607 48.45000076293945 31.309999465942383 AB 9.68871141216835 1.0198643591756158
60332.2781 lsst_hardware_z 14.821471377777835 48.93000030517578 30.969999313354492 AB 9.720433740175487 1.0232035515974196
60334.2756 lsst_hardware_r 78.64801324446535 80.62999725341797 31.65999984741211 AB 9.554256600423832 1.0246126277298406
60334.2892 lsst_hardware_z 120.94634266686035 58.5 30.979999542236328 AB 9.64393193484931 1.0341833320065024
60336.2592 lsst_hardware_r 7.298057265397532 86.0 31.65999984741211 AB 11.762121083558153 1.0205892565525014
60336.2702 lsst_hardware_i -55.58289393105489 67.36000061035156 31.329999923706055 AB 11.791524308206213 1.0246445685830374
60338.2634 lsst_hardware_z -16.979071876069273 54.810001373291016 30.979999542236328 AB 11.490634721637562 1.0239762411695523
60338.2751 lsst_hardware_i -123.05722094219288 57.040000915527344 31.31999969482422 AB 11.571204804459619 1.0314855414922106
60340.2605 lsst_hardware_z -32.76218843298737 68.88999938964844 31.719999313354492 AB 11.863982116752409 1.025298227654956
60350.254 lsst_hardware_r 42.79304878652144 21.770000457763672 31.479999542236328 AB 3.5377305222948783 1.0428092917597283
60350.2661 lsst_hardware_i -5.403566086437181 30.079999923706055 31.239999771118164 AB 3.6967968440700347 1.0587990388285702
60352.2456 lsst_hardware_i -4.7722064093973815 29.8799991607666 31.25 AB 6.082799162993601 1.0395874035936357
60352.2581 lsst_hardware_u -0.15390074144151467 2.6700000762939453 28.450000762939453 AB 5.725615086063952 1.055072573098807
60354.1898 lsst_hardware_r 31.160987968373284 21.700000762939453 31.489999771118164 AB 1.5191367452204416 1.0216117990723783
60354.2008 lsst_hardware_u 5.728233868366517 2.7100000381469727 28.5 AB 1.2747941226728927 1.0196993382265507
60362.1837 lsst_hardware_r 20.95098488878061 72.58999633789062 31.65999984741211 AB 8.179145043811294 1.0198753132967104
