data/validation/pwv_sim_epoch_fit_seasonal/57604065.ecsv
# %ECSV 0.9
# ---
# datatype:
# - {name: time, datatype: float64}
# - {name: band, datatype: string}
# - {name: flux, datatype: float64}
# - {name: fluxerr, datatype: float64}
# - {name: zp, datatype: float64}
# - {name: zpsys, datatype: string}
# - {name: pwv, datatype: float64}
# - {name: airmass, datatype: float64}
# meta: {SNID: '57604065', alt: 1024.0, c: -0.017610568553209305, dec: -0.298417, lat: -30.244573, lon: -70.7499537, ra: 239.589844, t0: 60047.87109375,
#   x0: 2.7860948001443497e-05, x1: -1.7453999519348145, z: 0.29756656289100647}
# schema: astropy-2.0
time band flux fluxerr zp zpsys pwv airmass
60011.3827 lsst_hardware_i -55.055009851720506 114.91999816894531 31.31999969482422 AB 9.904792442771866 1.1620228705407674
60011.4022 lsst_hardware_y -173.36444055842014 151.6199951171875 30.040000915527344 AB 9.811522418163294 1.1532791558228968
60013.381 lsst_hardware_r 111.27612397356175 99.23999786376953 31.6299991607666 AB 10.750181916824262 1.158965959337075
60013.3992 lsst_hardware_y -0.2896985587279846 151.8800048828125 30.040000915527344 AB 10.667164542017108 1.1534148000018498
60015.3921 lsst_hardware_y -306.66875183777785 214.77999877929688 30.790000915527344 AB 8.395400313748663 1.1532935385326826
60017.3817 lsst_hardware_i -148.074425741983 115.25 31.31999969482422 AB 13.007047849588346 1.1536695950674811
60017.4004 lsst_hardware_z 90.6735138445941 141.94000244140625 30.989999771118164 AB 13.067767526114629 1.1581306798524091
60019.3801 lsst_hardware_r 76.5622915575586 99.20999908447266 31.6299991607666 AB 8.837970219666891 1.1532801504567496
60019.3992 lsst_hardware_y 165.65084705806365 151.69000244140625 30.040000915527344 AB 8.88280332510077 1.1614037905993597
60020.3855 lsst_hardware_r -21.88250303710694 99.02999877929688 31.6299991607666 AB 10.418724229247994 1.1546851633877993
60020.4029 lsst_hardware_y 138.4433782257277 151.13999938964844 30.030000686645508 AB 10.58572706888081 1.1679728284899755
60022.3477 lsst_hardware_i -168.1475668088258 115.02977800403411 31.31999969482422 AB 7.606894994185069 1.1670895227225504
60022.3667 lsst_hardware_z 123.15531630567293 141.92125174758132 30.989999771118164 AB 7.557315493759471 1.1539648028339489
60027.3477 lsst_hardware_g -399.95427588758764 107.12980551731259 31.690000534057617 AB 7.860536650229623 1.1559612720925916
60027.3668 lsst_hardware_r -112.34865822708984 99.54393474693043 31.6299991607666 AB 7.852882483308137 1.1548356593100202
60029.2976 lsst_hardware_z 191.54595223251982 146.0030145807443 30.979999542236328 AB 7.823035026332446 1.2272069169105093
60029.3139 lsst_hardware_u 6.488454352656042 37.12810837309245 29.399999618530273 AB 7.618726397372268 1.189187262857274
60031.3542 lsst_hardware_g 139.10022505391387 106.89600956865425 31.690000534057617 AB 9.03617333863874 1.1542662500655976
60031.3738 lsst_hardware_r 924.320998250131 102.79035680432912 31.6299991607666 AB 9.276328339086682 1.169088599279955
60036.322 lsst_hardware_r 3428.374675446107 114.95422066340792 31.6299991607666 AB 10.204631589208473 1.1565506145683986
60036.3407 lsst_hardware_i 2727.3837788907786 125.4740439412994 31.31999969482422 AB 10.389189103731487 1.1543115925778475
60038.3201 lsst_hardware_z 3075.3722055066955 151.94507983234845 30.989999771118164 AB 8.009551532380712 1.1548906371787708
60038.3398 lsst_hardware_i 3494.702768788409 129.7322878352722 31.31999969482422 AB 8.881863660587415 1.156191572583626
60040.3262 lsst_hardware_z 15061.82206063556 307.17803295476523 32.5 AB 19.356665121335634 1.1535041712280818
60042.3187 lsst_hardware_r 7980.932208634154 132.4061704376433 31.6299991607666 AB 11.462421067671743 1.1533061066705312
60042.3401 lsst_hardware_i 5248.091217952054 135.73409512936198 31.31999969482422 AB 10.789618323547078 1.164933958491371
60053.2913 lsst_hardware_i 6532.66622022707 139.69955352023746 31.31999969482422 AB 11.230668250455498 1.1535987383197457
60053.3096 lsst_hardware_u 27.98885995193504 37.33114929087158 29.43000030517578 AB 12.427995060945127 1.164451338533516
60056.2884 lsst_hardware_g 3876.5248208750536 123.55920423586231 31.690000534057617 AB 9.718998965146506 1.1551442849110385
60056.308 lsst_hardware_r 7338.868904318785 130.78551311905068 31.6200008392334 AB 8.152999558289157 1.172236070733275
60058.2601 lsst_hardware_r 6853.9738319484695 128.33024856444294 31.6299991607666 AB 9.810603062886289 1.1576388132732123
60058.2783 lsst_hardware_i 5056.013650168285 134.99559395803018 31.31999969482422 AB 9.712409106100447 1.153721137133294
60064.2633 lsst_hardware_i 3893.046533694491 130.06292107312083 31.31999969482422 AB 12.133988789341295 1.15404262017005
60064.2816 lsst_hardware_z 2482.071419906854 149.47147259705952 30.989999771118164 AB 12.28460574633147 1.1666292256725044
60066.2554 lsst_hardware_i 3547.525796347221 132.41516080704903 31.329999923706055 AB 9.229437877209612 1.1535355427083631
60066.2744 lsst_hardware_z 2676.4396640671775 153.79478148625174 30.989999771118164 AB 9.234179841764044 1.1647552777199854
60068.209 lsst_hardware_z 2158.3808737293502 149.49940373450514 30.989999771118164 AB 11.313072706210646 1.1862919001951078
60068.2251 lsst_hardware_r 3133.6014397618324 114.30933629076667 31.6299991607666 AB 11.099000359767656 1.1639052390695948
60070.2574 lsst_hardware_i 3365.6196634705675 128.49456268021953 31.31999969482422 AB 3.039977787747007 1.1593381253722774
60070.2775 lsst_hardware_r 2674.885152495708 111.3491350728963 31.6200008392334 AB 3.081031945401077 1.1841014394316207
60091.1822 lsst_hardware_z 793.6558400399856 144.9862134996315 30.989999771118164 AB 5.859194815007248 1.1533469666362974
60095.1565 lsst_hardware_z 650.36627074538 144.25863408926728 30.989999771118164 AB 9.487386246069773 1.1594373830399114
60095.1776 lsst_hardware_r 855.5752910837078 102.46711634222494 31.6299991607666 AB 8.983466272592748 1.153797363548984
60102.1561 lsst_hardware_i 953.6833099658401 119.21514827316767 31.31999969482422 AB 6.217295929602726 1.1534158548517828
60102.1773 lsst_hardware_z 608.9079846416956 143.81283217600085 30.989999771118164 AB 5.223251751653993 1.1660345466355604
60111.1169 lsst_hardware_u 64.31655175012662 51.53945115139555 30.18000030517578 AB 9.155688194942195 1.15675150915252
60111.138 lsst_hardware_g 323.38152362757126 106.69780571614879 31.690000534057617 AB 9.017301818994017 1.1550647604949584
60121.1034 lsst_hardware_r -23.36975039735784 141.35000610351562 32.38999938964844 AB 5.666308979445197 1.153349296129909
60121.13 lsst_hardware_g -128.87569974621871 150.08999633789062 32.439998626708984 AB 7.030488838828436 1.1715528809912408
60123.0989 lsst_hardware_r 58.477574414645005 99.08000183105469 31.6299991607666 AB 8.136346661292189 1.1534372924996015
60123.1221 lsst_hardware_i 74.26299748376695 114.98999786376953 31.31999969482422 AB 8.38712762390557 1.168489794699672
60125.1012 lsst_hardware_z 291.98777486313116 203.7899932861328 31.739999771118164 AB 4.13679243137355 1.1556900213364738
60125.1224 lsst_hardware_i -430.04781837534904 164.72999572753906 32.06999969482422 AB 4.278427767082786 1.176200073424821
60132.1006 lsst_hardware_i -8.00252863611019 162.6199951171875 32.06999969482422 AB 2.9902113791470257 1.1724020306398846
60132.1334 lsst_hardware_z -351.74524277653376 199.5500030517578 31.729999542236328 AB 2.2417470933487618 1.2454150518604232
60134.061 lsst_hardware_r -74.93469618386455 99.22000122070312 31.6299991607666 AB 3.303224473196058 1.1539648814658092
60134.0827 lsst_hardware_g -7.522796814185366 105.55000305175781 31.690000534057617 AB 3.3346960867803546 1.1593902083547518
60139.0472 lsst_hardware_z -146.823913556293 141.91000366210938 30.989999771118164 AB 8.299978408283247 1.1540035790355185
60139.0701 lsst_hardware_i 118.07403843931031 115.05999755859375 31.31999969482422 AB 8.308634798655248 1.160207800966568
60141.0127 lsst_hardware_u -7.4695442657993105 35.540000915527344 29.3799991607666 AB 5.187197380568725 1.181123101398924
60141.0357 lsst_hardware_g -124.14490072572103 105.02999877929688 31.68000030517578 AB 5.071833420535209 1.1563687689318762
60143.0448 lsst_hardware_r -104.53323283205457 99.01000213623047 31.6299991607666 AB 2.5136815720296646 1.1535058839141317
60143.0678 lsst_hardware_i 91.58823176469664 114.91999816894531 31.31999969482422 AB 2.540438679900358 1.1688686844371112
60145.0074 lsst_hardware_i -34.13726426143211 115.20999908447266 31.31999969482422 AB 3.4661008950748986 1.1726968180021085
60145.0276 lsst_hardware_z 158.68166055289842 142.07000732421875 30.989999771118164 AB 3.3773823961408005 1.1550555390358415
60148.0122 lsst_hardware_r 55.666392298022416 99.0199966430664 31.6299991607666 AB 4.872072212926793 1.1591432363520153
60148.0356 lsst_hardware_g -43.83695132054369 105.19000244140625 31.68000030517578 AB 4.876594295240038 1.1545650891364398
60154.0157 lsst_hardware_z -6.147184779637369 200.74000549316406 31.739999771118164 AB 5.141844007357857 1.1536558239528512
60154.039 lsst_hardware_i 441.10924423046544 162.5800018310547 32.06999969482422 AB 5.207431523577776 1.1704065906788281
60160.9741 lsst_hardware_y -191.28743424127987 151.7100067138672 30.040000915527344 AB 1.4459072803409818 1.1612158589273043
60160.9945 lsst_hardware_r 169.95962527939196 99.12000274658203 31.6299991607666 AB 1.3190853990770148 1.1533827447481915
60162.983 lsst_hardware_z 283.0898736973206 200.44000244140625 31.739999771118164 AB 3.662263561790834 1.1537110874065422
60168.9728 lsst_hardware_y -213.1035422558653 151.41000366210938 30.030000686645508 AB 4.254401203381114 1.153397068444827
60168.9907 lsst_hardware_i 187.47975332105065 114.91000366210938 31.31999969482422 AB 4.5654223295378005 1.1623752005952135
60383.3037 lsst_hardware_u 2.226367033345971 2.5 28.170000076293945 AB 10.929441095711391 1.3168001320134206
60383.3211 lsst_hardware_y -85.52714169260923 49.290000915527344 29.979999542236328 AB 10.367501405511621 1.249096554880918
60385.3934 lsst_hardware_r -16.293370491155997 24.020000457763672 31.489999771118164 AB 10.527391832391078 1.1584262736006028
60389.2177 lsst_hardware_r -64.53963560998997 48.68000030517578 31.399999618530273 AB 11.1501980272142 1.959125237222276
60389.242 lsst_hardware_u 4.479811100297786 5.159999847412109 28.489999771118164 AB 9.289105079717944 1.636270051033627
60392.3514 lsst_hardware_z -32.683836642294104 54.38999938964844 30.959999084472656 AB 7.851545521628258 1.1546390472982733
60392.3707 lsst_hardware_r 20.490221212899073 50.41999816894531 31.59000015258789 AB 7.862443611531954 1.1562417075782285
60397.353 lsst_hardware_i 164.87636493191275 81.27999877929688 31.309999465942383 AB 10.180610787094487 1.1544933277117893
60397.3711 lsst_hardware_z 10.701985992008568 73.11000061035156 30.969999313354492 AB 10.286687227334832 1.1682447661718773
60401.3181 lsst_hardware_z -19.517470725218878 49.11000061035156 30.950000762939453 AB 10.2309556713479 1.1595231255482517
60401.3375 lsst_hardware_r -42.47236050717383 46.54999923706055 31.600000381469727 AB 10.265455364542056 1.153421951072141
60405.2088 lsst_hardware_r 25.31449829096363 24.729999542236328 31.40999984741211 AB 22.819309119482153 1.5376892937656543
60406.2057 lsst_hardware_g 1.8160783716551963 14.420000076293945 31.290000915527344 AB 15.681264074354088 1.540853303955398
60406.2232 lsst_hardware_r -35.74577779622474 24.510000228881836 31.440000534057617 AB 12.18562182932786 1.4120071644644105
60413.315 lsst_hardware_i 15.567065202942757 31.84000015258789 31.239999771118164 AB 8.55721662983637 1.157162492202349
60413.3327 lsst_hardware_z -4.998631002958135 43.349998474121094 30.940000534057617 AB 8.650044812276183 1.1752112963183041
60415.2992 lsst_hardware_r 9.708501094039757 23.889999389648438 31.5 AB 19.727207471222677 1.1534130269668297
60415.3168 lsst_hardware_g -12.186567485311338 14.619999885559082 31.420000076293945 AB 19.83544337115166 1.1627553415294951
60420.2011 lsst_hardware_z -8.2771990002164 55.90999984741211 30.940000534057617 AB 9.001389959441601 1.3241394975580658
60420.215 lsst_hardware_i -55.436829903196646 53.779998779296875 31.270000457763672 AB 10.130215896314208 1.266593635448138
60423.3059 lsst_hardware_z -126.4406789124898 114.8499984741211 31.729999542236328 AB 10.465923968439286 1.1759465133077849
60426.2611 lsst_hardware_y 70.05645253237097 95.91999816894531 30.780000686645508 AB 3.11231601369719 1.1538848878291554
60426.2789 lsst_hardware_r 80.47695933352479 184.8800048828125 32.380001068115234 AB 3.0913779386008464 1.1568085088939177
60429.2591 lsst_hardware_i -66.54664738392654 50.02000045776367 31.290000915527344 AB 12.140753201079397 1.1532600722955542
60429.2784 lsst_hardware_z 52.4215078096418 52.09000015258789 30.959999084472656 AB 12.312240091269258 1.1625923097733082
60432.2563 lsst_hardware_r 22.002921995414503 27.700000762939453 31.530000686645508 AB 14.58371492815281 1.154140149426465
60432.2744 lsst_hardware_g 9.948880093886608 21.950000762939453 31.549999237060547 AB 14.724988562132719 1.1669211138630113
60436.2538 lsst_hardware_r -3.8023316589142775 24.020000457763672 31.489999771118164 AB 8.521917650690972 1.1581839699226655
60436.2731 lsst_hardware_i 12.982100240759827 32.2400016784668 31.229999542236328 AB 8.782922968553748 1.1801038587240509
60443.1924 lsst_hardware_i 35.211206376462826 32.220001220703125 31.229999542236328 AB 6.91970543308853 1.1708304338216196
60443.2121 lsst_hardware_z -47.329238470089486 43.25 30.93000030517578 AB 7.766108283400879 1.154668559048558
60445.1884 lsst_hardware_r -22.007487750703582 23.989999771118164 31.479999542236328 AB 6.262126921697451 1.1689979008178162
60445.206 lsst_hardware_u 0.28889226853548244 2.6700000762939453 28.350000381469727 AB 6.208405524267903 1.1549089460410311
60449.1786 lsst_hardware_i 29.702048119727223 55.130001068115234 31.290000915527344 AB 9.4514513767889 1.1676627323792768
60452.18 lsst_hardware_r -44.08493837598365 131.27999877929688 31.6299991607666 AB 2.3173870393487763 1.1586935196743882
60458.1531 lsst_hardware_i -77.50541687432117 46.13999938964844 31.290000915527344 AB 10.607624786543953 1.168766216805717
60458.173 lsst_hardware_z -5.125316217856666 49.709999084472656 30.959999084472656 AB 10.155927485443968 1.1540826688004509
60460.147 lsst_hardware_r -23.561937218231403 23.950000762939453 31.469999313354492 AB 9.563019002265278 1.1695498168282037
60460.1651 lsst_hardware_u -0.3352137548012869 2.6500000953674316 28.31999969482422 AB 9.448171824700905 1.1548920455568887
60462.1507 lsst_hardware_g -18.564317157100657 14.699999809265137 31.399999618530273 AB 12.267230122401955 1.1602046143507525
60462.1695 lsst_hardware_r 1.872176197819522 23.860000610351562 31.479999542236328 AB 11.840876100623818 1.15329464309183
60464.1467 lsst_hardware_i 53.46988643101173 31.979999542236328 31.239999771118164 AB 12.603680446147926 1.1590834676040354
60464.1668 lsst_hardware_z 7.397673792448224 43.2599983215332 30.940000534057617 AB 13.232866528469623 1.1536433920465214
60466.1153 lsst_hardware_z -41.71776378510662 43.790000915527344 30.93000030517578 AB 6.091806596878938 1.1944718817409683
60466.135 lsst_hardware_r 0.9513268304061516 23.850000381469727 31.469999313354492 AB 6.52397934004762 1.164580389155234
60468.1103 lsst_hardware_u -1.4674747913846995 3.7200000286102295 29.049999237060547 AB 2.960886154628639 1.1935447564763981
60468.1286 lsst_hardware_r -63.715301184543414 33.7400016784668 32.22999954223633 AB 3.5000084160918554 1.165568657187719
60485.0707 lsst_hardware_g -72.68548651571099 77.7300033569336 31.670000076293945 AB 5.6033186232023535 1.1811379897138183
60485.0894 lsst_hardware_i 28.878424883262426 60.75 31.299999237060547 AB 6.097050257128282 1.159061578568205
60487.0784 lsst_hardware_z 55.129625232175535 45.25 30.940000534057617 AB 8.833925167772483 1.1638388961098207
60487.0985 lsst_hardware_r -28.941083345211688 38.040000915527344 31.56999969482422 AB 8.995747434228461 1.153300953106213
60490.081 lsst_hardware_u -3.650700736511436 2.6500000953674316 28.350000381469727 AB 3.653477997345404 1.1558591080449472
60490.1016 lsst_hardware_g 28.125971219051785 14.350000381469727 31.389999389648438 AB 4.225713116150917 1.1555135674463428
60497.0613 lsst_hardware_r 17.168974800234665 23.510000228881836 31.469999313354492 AB 3.678117124304549 1.1561558437671466
60497.0859 lsst_hardware_u -2.9552168405091366 2.619999885559082 28.31999969482422 AB 2.9575732084657513 1.1573364149739274
60499.0527 lsst_hardware_g 8.530462890876265 14.430000305175781 31.40999984741211 AB 3.32607093385596 1.158001891846448
60499.0752 lsst_hardware_i -19.149328914738597 31.850000381469727 31.239999771118164 AB 3.3202326904355357 1.1547631303140722
60501.0587 lsst_hardware_z 33.113015705459304 42.86000061035156 30.940000534057617 AB 7.658388595336447 1.153458633230883
60501.0807 lsst_hardware_r -17.088137000699064 23.690000534057617 31.479999542236328 AB 7.69834202437144 1.1616047718093916
60503.0518 lsst_hardware_y 38.27833178553875 68.86000061035156 30.760000228881836 AB 7.188505194263292 1.1536988408607856
60503.0747 lsst_hardware_g -31.219401434509596 27.25 32.2599983215332 AB 7.206408184213371 1.1611377921822243
60506.0562 lsst_hardware_r 15.128505113434054 74.9000015258789 32.349998474121094 AB 4.480172088887629 1.154807540901118
60506.0784 lsst_hardware_i 0.6776445115855536 69.83999633789062 32.029998779296875 AB 4.554783384151996 1.1746953643926143
60508.056 lsst_hardware_z 107.07539366991749 67.0 30.969999313354492 AB 2.5322485463021533 1.15742296623851
60508.0783 lsst_hardware_r -67.94117983066522 82.45999908447266 31.610000610351562 AB 2.5973797099736555 1.1830919157215358
60514.0122 lsst_hardware_g -102.3516058056211 51.61000061035156 31.65999984741211 AB 7.278893122184341 1.1577075265905836
60514.0332 lsst_hardware_i 2.3145350442158974 54.630001068115234 31.290000915527344 AB 7.205028637069678 1.154405357360021
60516.0051 lsst_hardware_z -43.08476852896278 42.95000076293945 30.93000030517578 AB 10.618640288152152 1.158818510893287
60516.0248 lsst_hardware_r 36.77463522425895 23.729999542236328 31.469999313354492 AB 10.564784596436134 1.1536546350711028
60520.0107 lsst_hardware_u 0.8834017938401716 2.619999885559082 28.309999465942383 AB 5.897914796784539 1.1532879931139106
60520.0321 lsst_hardware_g 7.047084389669454 14.4399995803833 31.3799991607666 AB 5.954893800866088 1.1647524182228988
60524.9716 lsst_hardware_z 13.553122350263179 47.099998474121094 30.950000762939453 AB 12.101365606700893 1.1670903772556438
60524.9904 lsst_hardware_r 3.034372248224367 23.860000610351562 31.479999542236328 AB 10.854416021006777 1.1540089683005343
60528.9734 lsst_hardware_y 18.828886660258796 75.13999938964844 30.770000457763672 AB 3.803234620572769 1.1564377409573143
60528.9935 lsst_hardware_u 5.938973120517872 3.890000104904175 29.15999984741211 AB 3.8562386911326696 1.1548506187569763
60532.9751 lsst_hardware_y -67.45351759609412 53.70000076293945 30.010000228881836 AB 6.781320669517459 1.1532858281492278
60532.9966 lsst_hardware_r -44.18150161248983 30.90999984741211 31.540000915527344 AB 7.3689972770643655 1.1647519405265068
60534.9717 lsst_hardware_y 22.756424073397014 61.970001220703125 30.030000686645508 AB 5.743284094225624 1.1534629143214643
60534.9896 lsst_hardware_g -58.22043919905901 46.099998474121094 31.670000076293945 AB 6.1577673798651125 1.163214617212396
