data/validation/pwv_sim_epoch_fit_seasonal/57636646.ecsv
# %ECSV 0.9
# ---
# datatype:
# - {name: time, datatype: float64}
# - {name: band, datatype: string}
# - {name: flux, datatype: float64}
# - {name: fluxerr, datatype: float64}
# - {name: zp, datatype: float64}
# - {name: zpsys, datatype: string}
# - {name: pwv, datatype: float64}
# - {name: airmass, datatype: float64}
# meta: {SNID: '57636646', alt: 1024.0, c: -0.066316157579422, dec: -9.745426, lat: -30.244573, lon: -70.7499537, ra: 69.609375, t0: 60672.9375,
#   x0: 2.5880426851687673e-06, x1: 0.5959530472755432, z: 0.8021404147148132}
# schema: astropy-2.0
time band flux fluxerr zp zpsys pwv airmass
[from data line 133]
61007.1519 lsst_hardware_r -67.32483599663288 30.139999389648438 31.549999237060547 AB 4.791888137829057 1.1217841914543247
61007.1691 lsst_hardware_g 11.574366975487129 23.110000610351562 31.579999923706055 AB 3.5499052902831454 1.0914389824081028
61010.2198 lsst_hardware_r -39.71776253490085 53.189998626708984 31.6200008392334 AB 8.221925634343684 1.0794650723426569
61010.2381 lsst_hardware_i 8.406196015524936 45.93000030517578 31.290000915527344 AB 8.391002664467605 1.103934043476859
61012.2173 lsst_hardware_z 74.57792542509799 66.31999969482422 30.989999771118164 AB 6.821087022419771 1.082466768463804
61012.2374 lsst_hardware_i 34.68263825951026 74.33999633789062 31.31999969482422 AB 7.016225461006492 1.1127073601872386
61014.1918 lsst_hardware_r 187.6839871306589 111.98999786376953 31.65999984741211 AB 2.5690255581311225 1.0689797391578582
61014.2093 lsst_hardware_z 106.27556629882395 77.36000061035156 30.989999771118164 AB 2.8667817603692285 1.079868823945467
61016.193 lsst_hardware_g -69.60108937342378 75.81999969482422 31.719999313354492 AB 4.317169924688749 1.0717012638862158
61016.2119 lsst_hardware_r -67.60643871414129 74.12999725341797 31.639999389648438 AB 4.584103245378099 1.0890330801500612
61023.1815 lsst_hardware_r 45.39469301721921 22.790000915527344 31.489999771118164 AB 8.184775337063765 1.076944123297864
61023.1997 lsst_hardware_i 3.1753735071402 30.889999389648438 31.239999771118164 AB 8.353009020210902 1.0990801342382766
61025.1579 lsst_hardware_i 32.59538439188349 30.540000915527344 31.239999771118164 AB 10.890931860101286 1.0681857007594346
61025.1757 lsst_hardware_z -0.1343240440804584 41.59000015258789 30.950000762939453 AB 11.079979830117262 1.076660459170806
61027.1214 lsst_hardware_r -4.7236741266529 22.959999084472656 31.489999771118164 AB 4.136667476323818 1.0828972451106538
61027.1404 lsst_hardware_u 2.9796208439077145 2.619999885559082 28.360000610351562 AB 3.1859750291808777 1.0694181916131618
61031.1188 lsst_hardware_i -1.5189407224285072 30.75 31.239999771118164 AB 4.331002483007745 1.0752240523852397
61031.1382 lsst_hardware_z 15.784425184478241 41.47999954223633 30.940000534057617 AB 3.752117964101944 1.0679652649246836
61033.1117 lsst_hardware_r 33.88343513626588 23.0 31.489999771118164 AB 6.618765007692547 1.076513690597866
61033.1306 lsst_hardware_g -16.02530328274057 13.979999542236328 31.420000076293945 AB 6.69693429166501 1.0680490078809204
61035.1168 lsst_hardware_r 41.280853584956596 24.280000686645508 31.5 AB 8.053572941412165 1.0700644997724187
61035.1361 lsst_hardware_i -20.04635456652582 31.25 31.239999771118164 AB 7.477555294833555 1.0694826466669367
61037.1211 lsst_hardware_z -18.379096101600354 62.130001068115234 31.700000762939453 AB 5.667728185519928 1.0679721472621764
61037.1419 lsst_hardware_i 7.821506038535134 50.790000915527344 32.02000045776367 AB 6.653961894209392 1.0758224566223213
61039.091 lsst_hardware_r 74.14236601602786 56.459999084472656 31.6299991607666 AB 7.971568768601321 1.080426768429554
61039.1117 lsst_hardware_z 45.41813560747592 51.11000061035156 30.969999313354492 AB 7.992313819091505 1.0683721268697568
61041.0945 lsst_hardware_y -13.36154340491348 54.47999954223633 30.040000915527344 AB 7.43683592240306 1.0731333996731698
61041.1151 lsst_hardware_r 114.80886750130489 83.93000030517578 31.649999618530273 AB 7.402773345704438 1.068310673289314
61044.0908 lsst_hardware_i -59.64226331252995 69.81999969482422 31.329999923706055 AB 2.4625551236182925 1.0706761407036056
61044.1114 lsst_hardware_z 83.52766550879453 63.20000076293945 30.979999542236328 AB 2.4597046840164785 1.0694368191375994
61047.0923 lsst_hardware_r -25.257145255046925 22.520000457763672 31.489999771118164 AB 9.375884713042659 1.0680508871723708
61047.1143 lsst_hardware_g -57.62427200744723 29.25 31.639999389648438 AB 9.448605117840476 1.0755894456584518
61050.082 lsst_hardware_r 12.158578542141578 22.450000762939453 31.5 AB 9.62620056006505 1.0683116928157426
61050.1036 lsst_hardware_i -45.00192645256855 30.469999313354492 31.25 AB 9.12554945852935 1.0737730161139822
61055.048 lsst_hardware_y -56.37065548202923 50.630001068115234 30.040000915527344 AB 6.459858529183096 1.0797473618625375
61055.0678 lsst_hardware_z 49.28285947987122 41.380001068115234 30.940000534057617 AB 6.325230530615183 1.0684059846484832
61057.049 lsst_hardware_y -78.05395440661137 48.68000030517578 30.040000915527344 AB 2.951493552448252 1.0743447274358913
61057.0704 lsst_hardware_u 0.5310043327988258 2.7100000381469727 28.459999084472656 AB 2.939042495164035 1.068160092736346
61059.047 lsst_hardware_y 7.213901724955534 49.02000045776367 30.030000686645508 AB 3.9347338731451105 1.0721345703392615
61059.0669 lsst_hardware_r -18.034426560444277 22.170000076293945 31.469999313354492 AB 3.8625520349908173 1.068479124478782
61061.0558 lsst_hardware_z -89.81919594126825 59.880001068115234 31.700000762939453 AB 12.72964531980858 1.0679605959219978
61063.0363 lsst_hardware_y -22.302892709079106 63.54999923706055 30.049999237060547 AB 9.079194213493771 1.07200813289048
61063.0559 lsst_hardware_g 6.958047305527405 14.489999771118164 31.420000076293945 AB 8.007595566739688 1.0684629483941142
61065.0362 lsst_hardware_y 41.92399485717487 61.33000183105469 30.049999237060547 AB 7.170948959239274 1.069559225789215
61065.0564 lsst_hardware_i 21.799843689997505 32.849998474121094 31.25 AB 7.662486628502454 1.0703291840344094
61067.0343 lsst_hardware_y 12.235360265718848 63.2400016784668 30.049999237060547 AB 11.727782094745443 1.068550056087053
61067.0525 lsst_hardware_i -29.995466263338503 42.56999969482422 31.290000915527344 AB 12.209921230830949 1.0710457220027148
61069.0332 lsst_hardware_y -50.618231685276875 68.11000061035156 30.059999465942383 AB 13.635997206953746 1.0679822373867283
61069.0522 lsst_hardware_z -50.94476259501647 56.41999816894531 30.969999313354492 AB 13.54435687169053 1.0740965005305734
61072.0418 lsst_hardware_z 39.86527496155572 94.4000015258789 31.739999771118164 AB 8.70438643653546 1.072662304634825
