data/validation/pwv_sim_epoch_fit_seasonal/5765952.ecsv
# %ECSV 0.9
# ---
# datatype:
# - {name: time, datatype: float64}
# - {name: band, datatype: string}
# - {name: flux, datatype: float64}
# - {name: fluxerr, datatype: float64}
# - {name: zp, datatype: float64}
# - {name: zpsys, datatype: string}
# - {name: pwv, datatype: float64}
# - {name: airmass, datatype: float64}
# meta: {SNID: '5765952', alt: 1024.0, c: -0.06163386255502701, dec: -13.554784, lat: -30.244573, lon: -70.7499537, ra: 30.761719, t0: 62703.6796875,
#   x0: 4.244909967683832e-05, x1: -0.7884796261787415, z: 0.24745593965053558}
# schema: astropy-2.0
time band flux fluxerr zp zpsys pwv airmass
62712.402 lsst_hardware_u 53.651560353471744 7.9239558926402225 28.360000610351562 AB 4.94594074058713 1.0564487163945453
62712.4244 lsst_hardware_y 1075.3281852365362 56.66835482001235 30.040000915527344 AB 3.961027504490453 1.0449421837382482
62717.3979 lsst_hardware_r 7593.752867882666 90.68051932248243 31.489999771118164 AB 2.0953823535941183 1.049265074408672
62717.4192 lsst_hardware_z 2535.8704265178167 65.02240783487514 30.940000534057617 AB 1.514767664982909 1.0453883126176045
62721.3937 lsst_hardware_z 2432.4131187075704 63.42831431551465 30.950000762939453 AB 1.4647495300145261 1.0462496642960901
62721.4154 lsst_hardware_y 891.7779948730441 55.196402983930255 30.049999237060547 AB 1.46690472545051 1.0477890896075073
62724.3613 lsst_hardware_r 5622.363654011911 93.06565519164675 31.6299991607666 AB 5.751471245057258 1.0650872676031957
62724.3886 lsst_hardware_z 4568.454091960284 94.69674091449409 31.709999084472656 AB 6.276878821439737 1.0454204837928778
62724.4121 lsst_hardware_y 951.5297023979547 54.540186003968806 30.040000915527344 AB 6.330266908711453 1.050521406507225
62730.3554 lsst_hardware_z 2566.152862715883 78.5335965874839 30.989999771118164 AB 4.690676381483003 1.054203029887179
62730.3788 lsst_hardware_i 4440.966529251911 92.00955992233048 31.329999923706055 AB 4.020797615063025 1.0448153179029083
62732.3616 lsst_hardware_z 2506.04405750856 70.49953254284124 30.969999313354492 AB 2.4882017217257992 1.047002618020534
62732.3826 lsst_hardware_r 3516.7134738414293 80.63583813747687 31.639999389648438 AB 1.9648854260832194 1.0466364130414876
62734.3541 lsst_hardware_y 998.5059156181078 56.45612356012112 30.040000915527344 AB 1.9653319365068422 1.0478975934453971
62734.3736 lsst_hardware_g 981.7072061730255 42.33930221749292 31.639999389648438 AB 1.9779584321232189 1.0455707319271674
62737.3516 lsst_hardware_r 2201.075850872329 53.042081052728776 31.510000228881836 AB 3.3540024567292597 1.0457836480993379
62737.3721 lsst_hardware_i 2951.2119401987206 63.277035167083355 31.260000228881836 AB 3.36774778269829 1.04797275607135
62739.3163 lsst_hardware_z 1915.023815014353 60.04153352848382 30.950000762939453 AB 2.910926550173085 1.0704559512771825
62739.333 lsst_hardware_r 2047.9904090210644 50.56073957680831 31.5 AB 2.855196619899047 1.0524777120718978
62741.3121 lsst_hardware_u 5.059491792944766 4.114912972828769 28.420000076293945 AB 3.2854066186893007 1.0687145411838332
62741.3297 lsst_hardware_r 1922.8744417669857 48.769380520524265 31.5 AB 3.2505468456993003 1.0509365812153517
62743.2918 lsst_hardware_g 1013.3267744758174 37.36657925774243 32.150001525878906 AB 3.30907959897041 1.0934587687634563
62743.3111 lsst_hardware_i 4341.131581859639 79.10273932799056 31.989999771118164 AB 3.2808843236635425 1.063064989441407
62750.2961 lsst_hardware_i 1674.411501417935 51.405453441864395 31.260000228881836 AB 0.7409889999790705 1.058555714255815
62750.3151 lsst_hardware_z 1022.4291190478494 52.60550738137406 30.950000762939453 AB 0.7322507174738682 1.0460724535340975
62752.2947 lsst_hardware_r 1508.399566147271 61.88361102085915 31.6299991607666 AB 2.9532874665923914 1.054745523782997
62752.3112 lsst_hardware_z 1053.6132027234794 56.04881496196568 30.959999084472656 AB 2.9277995110898685 1.045642682532096
62754.2631 lsst_hardware_z 887.2225042478217 67.21964035588785 30.979999542236328 AB 3.70998001042335 1.0908497531382977
62754.2818 lsst_hardware_i 1687.8906009913144 76.38304885630602 31.329999923706055 AB 3.6508311139872975 1.0622144643547564
62756.2634 lsst_hardware_z 993.1518639267381 80.99205682168272 30.989999771118164 AB 3.9044288686874884 1.080461821424574
62756.2802 lsst_hardware_r 1040.1579931534527 116.89668032541844 31.649999618530273 AB 3.8785372774064992 1.0580714587814402
62759.2715 lsst_hardware_y 743.829433267525 83.12844247631791 30.809999465942383 AB 2.597767025258861 1.0585847698691364
62761.2608 lsst_hardware_r 1168.3476720918306 65.98525430921703 31.6299991607666 AB 2.12438507776965 1.0644545047072729
62761.2776 lsst_hardware_i 1438.0384363171224 62.5417816071517 31.309999465942383 AB 2.0788007027024458 1.0493693602738243
62763.251 lsst_hardware_i 1297.7288710625678 50.29387772562406 31.270000457763672 AB 5.95480829821618 1.0701425641505702
62763.2708 lsst_hardware_z 659.3802587485314 50.548304488223415 30.950000762939453 AB 5.8655127855451195 1.0501790941399436
62766.2461 lsst_hardware_r -30.491306764003518 23.049999237060547 31.5 AB 2.3278864002973414 1.0657600550744415
62766.2643 lsst_hardware_u 0.14497685140109765 2.759999990463257 28.479999542236328 AB 1.6708003490420436 1.0491681940609379
62769.2052 lsst_hardware_r 2.5445736702610477 23.34000015258789 31.479999542236328 AB 7.036912110296139 1.1302914685452818
62769.2245 lsst_hardware_z -62.61276898080152 41.91999816894531 30.950000762939453 AB 6.454850109845767 1.0864312348256608
62770.2529 lsst_hardware_r -23.269117322232056 22.8700008392334 31.5 AB 3.32498735371597 1.0494436676641672
62770.2587 lsst_hardware_u 0.9433889078192853 2.6500000953674316 28.399999618530273 AB 3.3080241246289783 1.0466774638913974
62773.2238 lsst_hardware_g -4.078904941813547 14.470000267028809 31.43000030517578 AB 4.931983593683443 1.0699993333128912
62773.2423 lsst_hardware_r -3.4558500743591174 23.280000686645508 31.5 AB 4.857008152028648 1.050959245272887
62779.1849 lsst_hardware_z 30.136502825770002 45.0 30.950000762939453 AB 6.900959574720058 1.1123104754417823
62779.2032 lsst_hardware_r -19.56943717162162 35.5 31.579999923706055 AB 6.719371463578762 1.0762474314326185
62784.1846 lsst_hardware_z 162.48553957452802 76.79000091552734 30.989999771118164 AB 3.736928124943798 1.0845297837700874
62784.2024 lsst_hardware_r -48.12946308767132 112.2699966430664 31.65999984741211 AB 3.662539547704489 1.0594560450404766
62786.1771 lsst_hardware_i 18.587070227105617 102.44000244140625 31.329999923706055 AB 6.749328423430396 1.0882503101306669
62786.1953 lsst_hardware_z 45.07006957661624 86.04000091552734 31.0 AB 6.4657238491630125 1.0612305256313075
62788.1781 lsst_hardware_r 37.81911200297443 86.36000061035156 31.649999618530273 AB 8.62848289506994 1.0770793777393508
62788.1958 lsst_hardware_z 26.041049116209383 63.119998931884766 30.989999771118164 AB 8.696533365195217 1.0552764670786574
62790.1806 lsst_hardware_g 70.07918574874881 51.959999084472656 31.709999084472656 AB 8.074547814289238 1.0657241475540962
62790.198 lsst_hardware_i -4.832065386034193 49.2400016784668 31.309999465942383 AB 7.971037341702013 1.049614819330694
62795.1659 lsst_hardware_u 3.296413613050311 2.890000104904175 28.56999969482422 AB 2.87077738331912 1.067071261300791
62795.1826 lsst_hardware_g -15.198468072900805 14.579999923706055 31.459999084472656 AB 2.650596086416997 1.050711979288094
62804.1428 lsst_hardware_z -33.29844876137934 41.689998626708984 30.959999084472656 AB 5.880104435279956 1.065188068525874
62804.1588 lsst_hardware_r -15.893943425993669 23.3799991607666 31.530000686645508 AB 5.849672523287662 1.0502105068739072
62808.1494 lsst_hardware_y -22.276096663269424 48.02000045776367 30.049999237060547 AB 4.0971355122157345 1.0492920041529392
62808.1691 lsst_hardware_g 31.441239140698045 31.889999389648438 31.670000076293945 AB 3.8093675863258554 1.0450939880178893
62814.124 lsst_hardware_z -11.860916295904028 81.68000030517578 31.0 AB 6.739836246483189 1.056000665340936
62814.141 lsst_hardware_r -67.02626960159968 118.16000366210938 31.65999984741211 AB 6.937309254989455 1.045878072514617
62816.0659 lsst_hardware_i 23.43211130730835 82.44999694824219 31.309999465942383 AB 4.020404966390707 1.1637044622675596
62816.0723 lsst_hardware_z -38.881444590480235 71.97000122070312 30.979999542236328 AB 3.955795466485525 1.143403641917003
62818.1144 lsst_hardware_r -9.054156952975518 58.15999984741211 31.639999389648438 AB 3.546669172963472 1.0548237849602478
62818.1335 lsst_hardware_z 30.84852824752265 53.63999938964844 30.979999542236328 AB 5.225651811187973 1.0451303622375945
62821.1079 lsst_hardware_r 17.310140736031997 22.780000686645508 31.479999542236328 AB 6.092779852830122 1.0534155294061245
62821.1275 lsst_hardware_z 58.94514543869307 41.060001373291016 30.940000534057617 AB 6.065504731972305 1.0448759228202866
62824.1051 lsst_hardware_r 14.769045795811365 22.65999984741211 31.479999542236328 AB 4.665685063987465 1.0496479334055038
62824.1241 lsst_hardware_u 0.6836687955206412 2.609999895095825 28.3799991607666 AB 4.677626631872316 1.044929438595402
62828.0964 lsst_hardware_g 3.6203006645149447 14.15999984741211 31.43000030517578 AB 7.145964921559769 1.048410346472923
62828.1171 lsst_hardware_r -9.354641015641104 22.979999542236328 31.5 AB 7.1730448356388905 1.0455952531815262
62830.0673 lsst_hardware_r -28.479353784292584 22.829999923706055 31.489999771118164 AB 5.524262654666448 1.0712163379225654
62830.087 lsst_hardware_i -31.351868639887027 30.450000762939453 31.239999771118164 AB 5.430161061069987 1.0507277594950928
62832.0736 lsst_hardware_z -34.34498358356758 41.150001525878906 30.950000762939453 AB 3.8999076893169713 1.0571720491508292
62832.095 lsst_hardware_r -36.25930767725726 22.639999389648438 31.5 AB 3.9730439393108266 1.0451711520460194
62834.0749 lsst_hardware_u 1.8230400247959138 2.7899999618530273 28.440000534057617 AB 5.711400488585119 1.0515328157204773
62834.0943 lsst_hardware_g 12.94394771275791 14.479999542236328 31.440000534057617 AB 5.240428603420878 1.044794617638614
62837.0626 lsst_hardware_r 43.05644365425588 36.380001068115234 31.600000381469727 AB 6.606963269712226 1.0547514798391167
62837.0799 lsst_hardware_z -1.74424251248469 44.58000183105469 30.959999084472656 AB 6.565241811091842 1.0454484160023103
62839.062 lsst_hardware_r 57.04864651882122 59.43000030517578 31.639999389648438 AB 3.6308924605851822 1.0510109399609122
62839.0811 lsst_hardware_y -8.1348893328182 50.459999084472656 30.049999237060547 AB 3.6517523570694346 1.0448006362317777
62850.0323 lsst_hardware_y -162.54406212687948 69.56999969482422 30.059999465942383 AB 7.972287216975961 1.0507830586527156
62850.0508 lsst_hardware_g 11.875247403505213 14.819999694824219 31.450000762939453 AB 8.019163084753778 1.0447932287653707
62852.034 lsst_hardware_y 14.036413230627524 64.94999694824219 30.059999465942383 AB 10.612635974462103 1.0469724238605143
62852.0545 lsst_hardware_z 65.21099212130913 41.689998626708984 30.950000762939453 AB 11.430439874557644 1.0464560903192937
62854.0347 lsst_hardware_y -14.700998517960565 92.43000030517578 30.81999969482422 AB 3.7787653914708534 1.045205253034654
62854.0538 lsst_hardware_u 3.9808503154071326 4.309999942779541 29.350000381469727 AB 4.3430294229836734 1.0485343850757298
