data/validation/pwv_sim_epoch_fit_seasonal/57668532.ecsv
# %ECSV 0.9
# ---
# datatype:
# - {name: time, datatype: float64}
# - {name: band, datatype: string}
# - {name: flux, datatype: float64}
# - {name: fluxerr, datatype: float64}
# - {name: zp, datatype: float64}
# - {name: zpsys, datatype: string}
# - {name: pwv, datatype: float64}
# - {name: airmass, datatype: float64}
# meta: {SNID: '57668532', alt: 1024.0, c: 0.10397658497095108, dec: -16.801838, lat: -30.244573, lon: -70.7499537, ra: 297.773438, t0: 60131.19140625,
#   x0: 3.0177864585438703e-05, x1: 0.8554661870002747, z: 0.2873871922492981}
# schema: astropy-2.0
time band flux fluxerr zp zpsys pwv airmass
60062.4048 lsst_hardware_r 59.87565240229081 98.0 31.65999984741211 AB 5.219600906693791 1.0350190177858003
60062.4226 lsst_hardware_y 167.30489848318578 155.5 30.079999923706055 AB 6.131027932538814 1.0284658799829012
60064.4084 lsst_hardware_r -110.78206069195218 98.22000122070312 31.65999984741211 AB 11.789147003235605 1.0302946911283029
60064.4253 lsst_hardware_y -53.99166027231999 155.7100067138672 30.09000015258789 AB 12.344731666241119 1.029156454042611
60066.4077 lsst_hardware_z -123.19464888292393 142.33999633789062 31.010000228881836 AB 10.630963674697886 1.0289688989867287
60066.4259 lsst_hardware_y -226.1160709244081 155.55999755859375 30.09000015258789 AB 11.437835078759061 1.0311710374900172
60068.3397 lsst_hardware_z 61.51316275879437 141.75999450683594 31.0 AB 9.153056916050357 1.1145274783622963
60068.356 lsst_hardware_y 355.43317181938806 154.63999938964844 30.06999969482422 AB 8.896095355136804 1.0769004767642658
60070.4014 lsst_hardware_r 44.52616279699982 98.30999755859375 31.670000076293945 AB 2.694505806221526 1.028437330618903
60070.4195 lsst_hardware_y 36.584988873488626 155.6300048828125 30.09000015258789 AB 2.4111904559669606 1.0335149832691646
60072.4014 lsst_hardware_z -284.43223278805885 201.36000061035156 31.760000228881836 AB 10.85004137183543 1.0287649846873037
60077.3562 lsst_hardware_r 86.12409401856841 98.06999969482422 31.65999984741211 AB 6.392262985165279 1.0412971672026519
60077.3767 lsst_hardware_g -199.32995637626405 108.72000122070312 31.739999771118164 AB 6.7932500544087135 1.029176354066566
60082.3392 lsst_hardware_z -169.71352474871264 142.17999267578125 31.010000228881836 AB 7.339341332054471 1.0447213112933698
60082.3589 lsst_hardware_i -75.93511104002077 114.41999816894531 31.350000381469727 AB 7.241855180000069 1.0304290239043847
60095.3168 lsst_hardware_r 23.618321372826802 138.6999969482422 32.40999984741211 AB 7.691563571074934 1.0336733733469876
60095.3386 lsst_hardware_g 119.06654559277521 153.52999877929688 32.4900016784668 AB 7.306385820137038 1.028766557250155
60100.3141 lsst_hardware_r 100.70366614643082 98.05999755859375 31.65999984741211 AB 6.5643435634441 1.0291359353208591
60100.3363 lsst_hardware_i 110.25875134435928 114.31999969482422 31.34000015258789 AB 5.425499613729348 1.0327727691109674
60102.288 lsst_hardware_i 8.104902533169481 114.48999786376953 31.350000381469727 AB 4.032761110438357 1.0412499639654937
60111.2711 lsst_hardware_r 873.9295639770608 102.32480880589128 31.65999984741211 AB 6.8308280208486725 1.0349739425528293
60111.2919 lsst_hardware_u 25.279194408074204 39.26072121956059 29.549999237060547 AB 6.6798509730951405 1.028460503940737
60118.2563 lsst_hardware_u 74.63011200739493 40.397173835754245 29.540000915527344 AB 3.9137366382004553 1.0323757948299803
60118.2762 lsst_hardware_g 3943.756549315295 125.53903165823391 31.739999771118164 AB 3.888902410246094 1.0288328429408304
60120.276 lsst_hardware_r 7111.210457552502 128.94766955394016 31.65999984741211 AB 4.520690743267717 1.0302003288999317
60121.2756 lsst_hardware_z 4040.3754341615418 154.90674438854705 31.010000228881836 AB 5.903909163963102 1.031115428365385
60121.2936 lsst_hardware_r 7784.890979181822 131.67898958325893 31.65999984741211 AB 5.750971555540784 1.0447131106980336
60123.2618 lsst_hardware_z 4354.328546455185 156.5628585476451 31.010000228881836 AB 5.9334677393096324 1.0287169195786343
60123.2817 lsst_hardware_r 8930.481523635377 136.6650646435856 31.65999984741211 AB 5.970343135112584 1.0385011541333422
60125.2562 lsst_hardware_i 7317.683849365632 143.03258997311775 31.350000381469727 AB 3.5794393315174373 1.0286976883776613
60125.2756 lsst_hardware_z 4845.533329832096 157.64420211377686 31.010000228881836 AB 3.607196680844599 1.037967536391511
60130.1987 lsst_hardware_y 2922.1346349294267 224.55126441685442 30.829999923706055 AB 3.8040401135993287 1.0566778093331468
60132.2732 lsst_hardware_r 10893.241637674384 142.77239104771394 31.649999618530273 AB 1.6762793810234962 1.0569226866478538
60132.2878 lsst_hardware_i 8332.852064411401 146.18161056247516 31.329999923706055 AB 1.703601948297488 1.082511166511474
60137.1874 lsst_hardware_u 255.51129978451465 56.80677317524588 30.290000915527344 AB 6.105872079399544 1.0465564690233888
60137.2084 lsst_hardware_r 20366.37114661354 198.24093302077665 32.40999984741211 AB 7.367245556897301 1.0305641625314814
60141.2149 lsst_hardware_r 8848.692610892964 136.05880876020876 31.65999984741211 AB 2.9479296096259415 1.0291253655527812
60141.2431 lsst_hardware_u -26.286342298686776 39.648942640669524 29.530000686645508 AB 3.0860042193847805 1.0494828156384224
60143.2177 lsst_hardware_g 4515.055770698319 127.27669456770154 31.739999771118164 AB 2.114336776330053 1.0321390170027107
60143.2406 lsst_hardware_r 8441.014283657787 133.3917881204546 31.65999984741211 AB 2.059768459447065 1.053320613371038
60145.1748 lsst_hardware_r 7338.432337648594 130.90059758993468 31.65999984741211 AB 3.5435882331148796 1.037552674150365
60145.1962 lsst_hardware_i 6033.242164299958 138.3766535538405 31.350000381469727 AB 3.5183744549932676 1.0284637401324956
60148.1873 lsst_hardware_z 2874.785103414992 151.7810298864712 31.010000228881836 AB 5.445092524264246 1.028507953583676
60148.2073 lsst_hardware_r 6540.027459957758 126.67830079008172 31.65999984741211 AB 5.475809797670006 1.0339845408659898
60154.1737 lsst_hardware_i 4449.820571420756 132.35314489212598 31.350000381469727 AB 4.2801749240932665 1.0284349663433423
60154.1957 lsst_hardware_z 2507.9092454662646 151.3816165144185 31.010000228881836 AB 4.326587132145004 1.0373850220935912
60159.117 lsst_hardware_z 2674.882452350457 150.88658294145583 31.0 AB 1.835645639583159 1.060453864577405
60159.1259 lsst_hardware_r 3451.915424536396 113.59150770731526 31.649999618530273 AB 1.9999511813544828 1.0482382256495866
60161.1425 lsst_hardware_y 1034.674605041272 158.29818212190878 30.09000015258789 AB 2.062109297452417 1.0307110783667528
60161.1623 lsst_hardware_g 952.9237306290948 112.67457131128289 31.739999771118164 AB 2.1028646414577334 1.0296383098373103
60163.1266 lsst_hardware_r 2470.6626937467863 110.69549761942461 31.65999984741211 AB 2.725421501585263 1.036807570980952
60163.1451 lsst_hardware_i 3798.4054580973684 130.02055315267958 31.350000381469727 AB 2.7539806587409834 1.0286282340915027
60166.1355 lsst_hardware_z 2925.671914386449 151.51050989058407 31.010000228881836 AB 4.503184947516362 1.028829094703304
60166.1547 lsst_hardware_r 2266.118053226801 109.25213841659081 31.65999984741211 AB 4.52651690462133 1.0320375979528795
60177.1145 lsst_hardware_z 1834.6841546593914 148.60828877063446 31.010000228881836 AB 2.498807162619219 1.0287390541865868
60177.1364 lsst_hardware_r 1402.9042439092946 104.7551382507266 31.65999984741211 AB 1.8158399164386803 1.040397201932017
60180.1049 lsst_hardware_y 1041.7183999838837 157.4699858097114 30.079999923706055 AB 2.930986054784623 1.0285665347979376
60180.1242 lsst_hardware_g 188.8202161684436 110.07328172567293 31.739999771118164 AB 2.8733101891718658 1.036984128422929
60182.0751 lsst_hardware_r 1207.7990469321483 103.77600425239304 31.65999984741211 AB 2.129009449572823 1.0365187193635945
60182.0921 lsst_hardware_i 1921.9438683059584 122.54744813346598 31.350000381469727 AB 1.9410555101746891 1.0287825680004217
60184.0731 lsst_hardware_z 1159.489620123863 146.73260703194023 31.010000228881836 AB 3.619401374302989 1.0341146783722825
60184.0897 lsst_hardware_r 1212.4310296030287 103.53116926002943 31.65999984741211 AB 3.602198811107176 1.0284650424288868
60196.0511 lsst_hardware_r 73.1721792105772 98.2300033569336 31.65999984741211 AB 2.672024586216824 1.0293513654767041
60196.0696 lsst_hardware_i -61.11377317836936 114.47000122070312 31.350000381469727 AB 2.6536600679146547 1.0306143056177053
60199.0282 lsst_hardware_i 209.3213063816936 114.30999755859375 31.34000015258789 AB 2.2075317724199084 1.0368866944198725
60199.0481 lsst_hardware_z -53.87931891051752 142.3000030517578 31.010000228881836 AB 2.9145239124408415 1.0285042478838435
60201.0302 lsst_hardware_r 238.4501377311551 98.04000091552734 31.65999984741211 AB 1.444950952091075 1.0321078229221965
60201.0482 lsst_hardware_u 16.367870237666768 39.119998931884766 29.540000915527344 AB 1.2055614025462802 1.0286360089985327
60207.0982 lsst_hardware_z -554.6962205656946 282.67999267578125 32.5 AB 4.344515142514894 1.1191435194529622
60207.1474 lsst_hardware_r -114.75676838925719 189.08999633789062 33.09000015258789 AB 9.49809555745092 1.3326763716972938
60209.0224 lsst_hardware_y 193.29179372879554 155.60000610351562 30.09000015258789 AB 2.652496780209535 1.028431707997235
60209.0427 lsst_hardware_g -29.467843267036702 108.61000061035156 31.739999771118164 AB 2.6148525209112963 1.035277648583975
60210.9962 lsst_hardware_z 65.38028328277909 142.13999938964844 31.010000228881836 AB 2.631692341458169 1.0363033437520708
60211.0144 lsst_hardware_r 147.00873537938634 98.08999633789062 31.65999984741211 AB 2.8917010093135738 1.0285870320062511
60214.9995 lsst_hardware_y 110.20798285667604 155.6999969482422 30.09000015258789 AB 4.402576695482301 1.0292807112255506
60215.0195 lsst_hardware_z -126.38123976904856 142.3300018310547 31.010000228881836 AB 4.8934823679421635 1.0313648379813467
60220.9871 lsst_hardware_y 38.38804596441724 155.35000610351562 30.079999923706055 AB 2.2496032207343273 1.0285859649003866
60220.9956 lsst_hardware_i 4.205136466696999 114.29000091552734 31.34000015258789 AB 2.2385617020307844 1.0289478080349383
60222.9888 lsst_hardware_y 306.0355563442341 155.52000427246094 30.09000015258789 AB 3.4160501806599974 1.028724206181489
60223.0095 lsst_hardware_r -90.46695287059387 98.02999877929688 31.65999984741211 AB 3.557628673445974 1.0392294080173559
60426.4095 lsst_hardware_y 23.251707059732595 53.2400016784668 30.059999465942383 AB 1.4478705990875176 1.0341932850625126
60443.3596 lsst_hardware_g 39.98057730147761 22.079999923706055 32.220001220703125 AB 8.279008224267615 1.0366361498295167
60443.3804 lsst_hardware_i 11.023218423989015 31.59000015258789 31.260000228881836 AB 8.36503074101459 1.0284452367953807
60458.3238 lsst_hardware_z -25.840882362004283 68.31999969482422 30.989999771118164 AB 8.87577219766289 1.0331878237229812
60458.3487 lsst_hardware_i -95.54507605237333 74.38999938964844 31.34000015258789 AB 8.77173046822607 1.0296566103425857
60460.3074 lsst_hardware_z -5.559968343397886 46.88999938964844 30.959999084472656 AB 7.766260846463217 1.0416588071439623
60460.3324 lsst_hardware_r -75.39481088231109 42.52000045776367 31.6200008392334 AB 7.668443159971712 1.0285388956907273
60462.3123 lsst_hardware_y 30.82246007354441 47.20000076293945 30.040000915527344 AB 9.796648591488875 1.0335289425374594
60462.3338 lsst_hardware_g 21.68436509074881 19.15999984741211 31.540000915527344 AB 9.012040568603163 1.0287717544067536
60464.3104 lsst_hardware_r 2.813133846842936 34.02000045776367 32.2599983215332 AB 12.432608297910551 1.0316233081285078
60464.3335 lsst_hardware_i -7.783457178683251 44.29999923706055 32.0099983215332 AB 12.392244268074297 1.0300261215255837
60466.2841 lsst_hardware_i 33.46943100190178 31.540000915527344 31.260000228881836 AB 6.100209569285581 1.049287810782452
60466.3085 lsst_hardware_z 50.68065551417211 41.529998779296875 30.950000762939453 AB 6.304093012394299 1.030164721365132
60468.2814 lsst_hardware_r -4.731422016469992 24.139999389648438 31.510000228881836 AB 3.5680062489179196 1.0460293898910284
60468.3017 lsst_hardware_u -2.547901670317348 2.700000047683716 28.399999618530273 AB 2.9111043976006146 1.0306618508056133
60485.2489 lsst_hardware_z -325.02134627898226 182.44000244140625 32.5099983215332 AB 4.5209046027057225 1.0339010373621869
60487.2313 lsst_hardware_r -101.8450347487435 68.75 31.649999618530273 AB 7.5842639731608585 1.0440892033536424
60487.2554 lsst_hardware_z -6.338393600181997 56.619998931884766 30.979999542236328 AB 7.339582889084554 1.0290096582509123
60490.2396 lsst_hardware_r 4.3565702927914804 27.65999984741211 31.540000915527344 AB 3.4167164178982468 1.031539412151315
60490.2617 lsst_hardware_y -50.422796063405286 47.38999938964844 30.049999237060547 AB 3.5775891134750393 1.0297689940441312
60493.2425 lsst_hardware_g -3.8674363763967725 15.5600004196167 31.469999313354492 AB 6.891812824002353 1.0285264387626474
60493.263 lsst_hardware_r -15.759190683358247 24.3700008392334 31.510000228881836 AB 6.701638488936883 1.034243371879607
60495.2116 lsst_hardware_i 22.70389837469066 44.81999969482422 32.0099983215332 AB 3.7590045628365316 1.04190083508196
60495.2329 lsst_hardware_z -33.1850382859189 58.869998931884766 31.700000762939453 AB 3.72157541543823 1.0291493060160104
60497.2386 lsst_hardware_z 45.76644935271931 41.56999969482422 30.950000762939453 AB 1.851898566581408 1.0288325369896711
60497.2592 lsst_hardware_r -12.477972654891001 24.489999771118164 31.510000228881836 AB 1.6377143460642 1.0397086103465112
60499.2246 lsst_hardware_u -1.3158237701542808 2.930000066757202 28.559999465942383 AB 2.2232479539077463 1.0286861556543232
60499.2439 lsst_hardware_g -12.985893196938898 15.890000343322754 31.489999771118164 AB 2.18815851822244 1.0326373375283626
60501.2113 lsst_hardware_r -3.667294062256327 24.68000030517578 31.530000686645508 AB 8.555523237060825 1.030785932176003
60501.2325 lsst_hardware_z -36.50996010960653 41.709999084472656 30.950000762939453 AB 8.549296926094584 1.030035774228263
60508.2085 lsst_hardware_i 99.50619723644765 50.119998931884766 31.309999465942383 AB 2.089537751242591 1.0288221325665143
60508.2317 lsst_hardware_z 16.989614761777055 51.150001525878906 30.969999313354492 AB 2.028965138996828 1.0420981710307284
60511.1848 lsst_hardware_z -64.19250153290143 91.41000366210938 31.0 AB 6.3880725874654845 1.0304727927085067
60511.2054 lsst_hardware_r 117.36463589666218 142.14999389648438 31.65999984741211 AB 6.402961156258545 1.0301050258091238
60514.1831 lsst_hardware_z 115.41647593676555 108.5999984741211 31.739999771118164 AB 5.68331916255758 1.0287636696286329
60516.1717 lsst_hardware_r 12.284893189169187 57.13999938964844 31.639999389648438 AB 11.050850571920265 1.0302702647966362
60516.19 lsst_hardware_z 3.7115810845056694 51.15999984741211 30.969999313354492 AB 11.215024991341899 1.0295625623190947
60520.1627 lsst_hardware_r -34.69727755712588 24.610000610351562 31.520000457763672 AB 5.740546883500706 1.029648335680141
60520.1838 lsst_hardware_u 3.4674111918218187 2.7899999618530273 28.450000762939453 AB 5.022302263744526 1.0312735654506213
60529.1389 lsst_hardware_z -43.622742006107806 58.75 31.700000762939453 AB 3.904988205500008 1.0294345005711796
60529.1577 lsst_hardware_r 22.819719882357525 34.58000183105469 32.27000045776367 AB 3.9868402138472767 1.0306351263715494
60537.1074 lsst_hardware_z 47.56991901375546 54.20000076293945 30.979999542236328 AB 5.294331914585516 1.0336118012401359
60537.1254 lsst_hardware_r 38.15044603038495 63.29999923706055 31.649999618530273 AB 5.468784689635137 1.0284503412571953
60539.117 lsst_hardware_r 41.89973946209789 113.62000274658203 31.670000076293945 AB 2.6978106567547924 1.0285210281184467
60539.1424 lsst_hardware_i 8.860000875459592 95.91999816894531 31.34000015258789 AB 2.8127617514761685 1.037887550128041
60541.1027 lsst_hardware_z 120.98256599498401 92.33999633789062 31.0 AB 2.1641442115950293 1.0305448626642997
60541.1225 lsst_hardware_r 90.47720951599865 140.66000366210938 31.670000076293945 AB 2.1625503482102397 1.029785880100114
60543.112 lsst_hardware_z -30.87577267469889 90.55999755859375 31.739999771118164 AB 2.8103681199782113 1.0286852562145723
60546.0837 lsst_hardware_r -37.34882955139903 24.100000381469727 31.520000457763672 AB 3.906660144629562 1.0330980152398683
60546.1036 lsst_hardware_z 19.234146140434174 41.56999969482422 30.959999084472656 AB 4.003025442370774 1.0286587286061348
60553.053 lsst_hardware_u -0.6276603976267655 2.759999990463257 28.440000534057617 AB 1.3420986920148452 1.0421369421622593
60553.0707 lsst_hardware_g -8.173301800846396 15.140000343322754 31.450000762939453 AB 1.309118980723749 1.0302615273271898
60555.0501 lsst_hardware_r 2.0187814896037914 24.079999923706055 31.510000228881836 AB 1.4660042559032653 1.0397193304278478
60555.069 lsst_hardware_i 11.226780038673702 31.309999465942383 31.260000228881836 AB 1.454986065518355 1.029167862435618
60557.0503 lsst_hardware_z -26.481818500037676 41.4900016784668 30.950000762939453 AB 1.2150939271815706 1.0352237931258474
60557.0671 lsst_hardware_r 13.443616212505157 24.100000381469727 31.520000457763672 AB 1.2206754104426516 1.028586821523195
60561.0515 lsst_hardware_r -30.001276833625152 24.889999389648438 31.530000686645508 AB 2.6417166018204776 1.029440774886203
60561.0689 lsst_hardware_z -17.521330033681053 41.75 30.959999084472656 AB 2.622666778004276 1.0301126386505404
60566.0265 lsst_hardware_i -8.02353309763285 58.400001525878906 31.329999923706055 AB 1.4485776834967354 1.034698345354811
60566.0438 lsst_hardware_r 108.21474323752126 70.19999694824219 31.65999984741211 AB 1.2156704959990958 1.0284860372244575
60568.0368 lsst_hardware_z 244.9064332955309 152.4600067138672 32.5099983215332 AB 2.6046236653568915 1.0286146246389831
60571.0203 lsst_hardware_r 107.98832788767898 90.0999984741211 31.65999984741211 AB 6.0813303617830465 1.030733959624245
60571.0408 lsst_hardware_i 104.82425365454768 72.18000030517578 31.34000015258789 AB 6.076126447116828 1.029851940189293
60579.9985 lsst_hardware_z -61.7272381654902 42.54999923706055 30.940000534057617 AB 4.415086840753467 1.0297578637325622
60580.0183 lsst_hardware_g -2.06368018298221 15.569999694824219 31.450000762939453 AB 4.851791636411892 1.0305784620835001
60581.986 lsst_hardware_y 8.319319413590751 65.16999816894531 30.059999465942383 AB 9.514308309432376 1.0327607391506803
60582.0048 lsst_hardware_i -32.542313759023365 31.799999237060547 31.25 AB 3.504956319363069 1.0286005339290005
60583.9863 lsst_hardware_y 5.569311184565416 69.55000305175781 30.06999969482422 AB 7.3856562811427064 1.030173370068051
60584.0049 lsst_hardware_r 10.151118152138375 25.100000381469727 31.530000686645508 AB 5.138257296705503 1.0297280776309898
60585.987 lsst_hardware_y -54.24949508145014 71.0199966430664 30.079999923706055 AB 2.239807245013603 1.0286928559461375
60586.0058 lsst_hardware_g 5.507185505637734 16.43000030517578 31.5 AB 2.4857126052589296 1.0323441289925148
