data/validation/pwv_sim_epoch_fit_seasonal/57676265.ecsv
# %ECSV 0.9
# ---
# datatype:
# - {name: time, datatype: float64}
# - {name: band, datatype: string}
# - {name: flux, datatype: float64}
# - {name: fluxerr, datatype: float64}
# - {name: zp, datatype: float64}
# - {name: zpsys, datatype: string}
# - {name: pwv, datatype: float64}
# - {name: airmass, datatype: float64}
# meta: {SNID: '57676265', alt: 1024.0, c: -0.03943384066224098, dec: -17.270004, lat: -30.244573, lon: -70.7499537, ra: 296.542969, t0: 61570.4765625,
#   x0: 2.0947943759829165e-05, x1: 0.33820292353630066, z: 0.3363196849822998}
# schema: astropy-2.0
time band flux fluxerr zp zpsys pwv airmass
61520.4033 lsst_hardware_r -81.8659334245918 79.73999786376953 31.649999618530273 AB 15.235891483685142 1.0380735148571851
61520.4213 lsst_hardware_y 124.3098307132312 64.13999938964844 30.06999969482422 AB 13.542828089764035 1.0275286866285307
61522.4141 lsst_hardware_z 57.562772010031416 93.1500015258789 31.739999771118164 AB 1.4392714739822656 1.0280510528444755
61524.4107 lsst_hardware_i 55.804822412183306 41.790000915527344 31.299999237060547 AB 12.85949500532593 1.0274444715025512
61526.4016 lsst_hardware_r -16.27247611960087 27.15999984741211 31.540000915527344 AB 9.147316203146362 1.028616624226965
61526.4204 lsst_hardware_y -14.542516617915563 50.939998626708984 30.049999237060547 AB 9.353275818947266 1.0274937733656229
61528.3974 lsst_hardware_g 8.877985326001433 16.350000381469727 31.5 AB 11.43398421194622 1.0281589400026574
61528.416 lsst_hardware_y -38.4770850906361 48.58000183105469 30.049999237060547 AB 11.431475410219996 1.0277947142583985
61530.3957 lsst_hardware_z 31.855902150716016 41.709999084472656 30.950000762939453 AB 6.9940086976399645 1.0271209170217297
61530.4138 lsst_hardware_y 46.47637258580746 47.9900016784668 30.049999237060547 AB 7.0645287164072865 1.028964710842446
61533.3994 lsst_hardware_r 32.106389158481534 24.8799991607666 31.540000915527344 AB 10.877202134371862 1.0270554703234165
61533.4185 lsst_hardware_z 129.89145569789636 43.060001373291016 30.959999084472656 AB 11.035522249992692 1.0372543823914178
61535.3731 lsst_hardware_i -2.097313614847791 31.760000228881836 31.260000228881836 AB 7.1780372814702265 1.0304019065451608
61535.3913 lsst_hardware_z 91.960604605541 41.7400016784668 30.959999084472656 AB 8.02770900386 1.0266487770304238
61539.2732 lsst_hardware_g -15.606062194344052 15.630000114440918 31.40999984741211 AB 8.538479981525327 1.2450393673848537
61541.3742 lsst_hardware_z -47.286847580342084 41.58000183105469 30.959999084472656 AB 4.2620186337996 1.0265801606903895
61541.4013 lsst_hardware_r -5.309466938614846 24.489999771118164 31.520000457763672 AB 4.7057142597120105 1.041701798932706
61543.3454 lsst_hardware_y 19.487229703465424 50.130001068115234 30.049999237060547 AB 7.255227623834095 1.0340728731977236
61543.368 lsst_hardware_g 32.25723451196846 50.75 31.719999313354492 AB 7.192967128167058 1.0265279840400154
61547.306 lsst_hardware_z 23.07707724089942 75.53487841229283 30.989999771118164 AB 4.5331321263136335 1.070018205196184
61547.3258 lsst_hardware_r -50.71294777115678 109.32210799612737 31.65999984741211 AB 4.386655733662587 1.0417753924271418
61551.321 lsst_hardware_i 666.1043468151056 68.75192720129246 31.329999923706055 AB 5.881718092331724 1.0360609639477922
61551.3413 lsst_hardware_z 391.181404512935 65.67102564105622 30.989999771118164 AB 5.881700868684078 1.0266540179235326
61553.3333 lsst_hardware_r 1594.8837541626594 57.56129539962277 31.6200008392334 AB 8.03619099352352 1.0270439525244395
61553.3561 lsst_hardware_z 805.267083841982 54.193456456996735 30.969999313354492 AB 9.296310649321473 1.031538469571942
61557.2671 lsst_hardware_z 1543.1344213933855 57.45913647033829 30.940000534057617 AB 6.723896292117556 1.094072536650032
61557.2886 lsst_hardware_r 3127.6761676892947 60.13263986472501 31.510000228881836 AB 6.3480142362660565 1.0539767670038032
61560.3075 lsst_hardware_r 8888.384923406442 99.95447881998201 32.27000045776367 AB 12.35381537291769 1.029141567220734
61560.3319 lsst_hardware_u 101.3682838072001 10.103816988037828 29.170000076293945 AB 12.366162533487081 1.0289700893232852
61562.29 lsst_hardware_g 3999.5065830638414 64.722106956327 31.459999084472656 AB 6.015954284676314 1.0368759539255972
61571.2586 lsst_hardware_i 5376.75051285049 86.00617114492496 31.309999465942383 AB 12.31064267670719 1.0435843408389938
61571.28 lsst_hardware_z 3262.1964916353654 73.65973091675782 30.969999313354492 AB 12.131676141437467 1.0281662360673598
61573.257 lsst_hardware_r 7232.6745915753 125.82617644032835 31.65999984741211 AB 4.5509447519260835 1.0395822931377636
61573.2806 lsst_hardware_z 3218.1178637624294 86.00355410510099 31.0 AB 4.493584386958736 1.0267334230184162
61575.2434 lsst_hardware_z 6447.724127999805 150.15381473369524 31.75 AB 3.6114534004098062 1.048672525889667
61579.2304 lsst_hardware_r 6015.447310932817 117.8207969347261 31.649999618530273 AB 3.2759757023647875 1.0513963206305816
61579.252 lsst_hardware_y 744.3654466754018 61.32949686647525 30.059999465942383 AB 3.89314703810556 1.030933102155237
61581.2153 lsst_hardware_z 5009.19183634683 99.19088825250208 31.719999313354492 AB 4.664188647326854 1.0662424279031917
61581.2405 lsst_hardware_r 10808.746055762367 126.49943562396523 32.380001068115234 AB 4.5474595623839695 1.0349444259792446
61584.1024 lsst_hardware_r 7692.708087208766 94.38593750402413 32.150001525878906 AB 11.545086594729332 1.6027607808600393
61584.1313 lsst_hardware_u 9.365513619141224 4.1765259247502 28.280000686645508 AB 8.460288113132929 1.3545129864125727
61586.2245 lsst_hardware_g 1705.6682601240616 43.7429844412408 31.479999542236328 AB 3.4451307193440317 1.0368571587110689
61586.248 lsst_hardware_i 3475.0407691281366 66.99753917010219 31.260000228881836 AB 3.39334723199607 1.0264984442247649
61588.2602 lsst_hardware_r 3337.6548876967245 62.24946729377501 31.520000457763672 AB 8.51414406060695 1.0313403192578954
61588.2719 lsst_hardware_z 1888.16639909945 59.125958374956696 30.950000762939453 AB 8.609229767623189 1.0405998913323757
61590.231 lsst_hardware_r 2947.6039320304762 58.88829616759102 31.520000457763672 AB 7.47450968793743 1.0273298696024324
61590.2528 lsst_hardware_u 6.982590642111568 4.469547003246109 28.469999313354492 AB 7.187988363405494 1.0302774735235596
61595.2112 lsst_hardware_g 776.7842308803815 31.97693399610334 31.489999771118164 AB 2.2059050126349318 1.0294738129203553
61595.2312 lsst_hardware_r 2099.4034100423023 51.847485489465555 31.520000457763672 AB 2.1971291931854537 1.027295940706232
61597.1219 lsst_hardware_i 2464.657621429229 61.30019188640475 31.25 AB 8.77389847715472 1.21231095391778
61597.1357 lsst_hardware_z 1747.2474121293399 60.47005281783617 30.950000762939453 AB 8.653846755316856 1.1581700689663887
61599.2136 lsst_hardware_r 1832.832790950942 63.43062874588456 31.6299991607666 AB 7.065641627883377 1.0264854665205874
61599.2367 lsst_hardware_z 1592.8625869526657 62.42137460765558 30.969999313354492 AB 6.9336477861559285 1.035903553708555
61606.1828 lsst_hardware_z 3301.4970035974384 142.68083009498503 31.75 AB 3.4940684502685433 1.0287766562768037
61609.1533 lsst_hardware_r 994.9700585035899 66.84461969762184 31.639999389648438 AB 6.063033011339334 1.045350519196437
61609.1749 lsst_hardware_z 1473.773832598845 64.00781558525682 30.979999542236328 AB 5.49605574917594 1.02866207580303
61610.197 lsst_hardware_r 954.8569418601188 57.1230327425811 31.6299991607666 AB 5.687320016099125 1.0296898037596485
61610.2229 lsst_hardware_y 543.9887490552934 53.14584342545898 30.049999237060547 AB 6.567854649753373 1.0540047046785128
61616.1761 lsst_hardware_g 196.69913763733416 21.697390449512554 31.5 AB 5.030353667316391 1.0279139039215472
61616.1953 lsst_hardware_r 674.6917303407376 36.03652673568822 31.530000686645508 AB 5.0173113753067415 1.040450282607998
61618.1442 lsst_hardware_r 585.6401065312106 35.16937831515636 31.520000457763672 AB 4.310962199981698 1.0317008974468584
61618.1655 lsst_hardware_i 1066.879875561815 46.48919749651163 31.260000228881836 AB 4.150744897807466 1.0267555559293686
61621.15 lsst_hardware_z 868.4668089521826 50.64934753002948 30.959999084472656 AB 1.3346844223146688 1.0266803248574374
61621.1699 lsst_hardware_r 607.1920034416099 34.369056634343266 31.520000457763672 AB 1.2603308056565858 1.0312266240202912
61625.1293 lsst_hardware_r 567.8621210343139 35.73141673744558 31.540000915527344 AB 3.9541956659229016 1.0294703634269466
61625.1495 lsst_hardware_z 636.1910642238241 49.61550979608062 30.950000762939453 AB 3.913510699428653 1.0273479259963212
61628.1276 lsst_hardware_r 550.6152456903164 57.015578907434254 31.639999389648438 AB 8.44295382933273 1.0272483062821183
61628.1461 lsst_hardware_y 222.50382830939913 51.25704964078336 30.049999237060547 AB 8.438917854314726 1.0289167378077517
61652.0489 lsst_hardware_g 21.02666985910068 15.489999771118164 31.459999084472656 AB 1.5403001935672969 1.0332961942535532
61652.0678 lsst_hardware_r 33.66705828475439 24.18000030517578 31.520000457763672 AB 1.5332491904777072 1.0265002391058071
61654.0528 lsst_hardware_i -52.52644599268278 32.810001373291016 31.270000457763672 AB 0.5883154947878712 1.028373770932914
61654.0711 lsst_hardware_r 1.9725138775869475 27.219999313354492 31.549999237060547 AB 0.7102939533582232 1.0275500229413719
61656.0488 lsst_hardware_z -80.87384197053191 46.18000030517578 30.959999084472656 AB 2.344942270948442 1.0278823513800888
61656.0677 lsst_hardware_g -2.3617771824727316 37.5099983215332 31.690000534057617 AB 2.3471707212105706 1.0281831296826622
61672.9996 lsst_hardware_y 80.20601524326443 47.25 30.049999237060547 AB 4.603385642440975 1.0288811270122769
61673.0205 lsst_hardware_g 18.34386722870985 15.8100004196167 31.479999542236328 AB 4.509681147893118 1.0279256500915057
61676.9849 lsst_hardware_y 9.418794527011972 73.94999694824219 30.06999969482422 AB 3.8950776564001846 1.030671044692385
61677.0035 lsst_hardware_i -41.10520980051075 31.829999923706055 31.260000228881836 AB 3.5020607771485475 1.0266460479255037
61678.9859 lsst_hardware_y 72.85452271789889 67.98999786376953 30.06999969482422 AB 3.244603844503263 1.0279118785057066
61679.0049 lsst_hardware_i 33.63235962879412 31.93000030517578 31.25 AB 6.261551254674981 1.0281834050288015
61680.9867 lsst_hardware_y 53.01527722553764 71.41000366210938 30.06999969482422 AB 2.5400366224996134 1.0266230875714166
61681.0055 lsst_hardware_g -8.312923143366342 16.600000381469727 31.5 AB 2.009833954011358 1.0309043576890915
61887.3291 lsst_hardware_i -41.73777897842517 47.09000015258789 31.989999771118164 AB 2.4194557777329977 1.204808255157937
61887.3592 lsst_hardware_y 10.245390866320214 67.98999786376953 30.780000686645508 AB 2.4299348944888046 1.1041812607492298
61890.4199 lsst_hardware_r -10.593735942243336 38.09000015258789 32.29999923706055 AB 12.377941501217954 1.0267322283754214
61893.3481 lsst_hardware_z 95.41818849398052 42.86000061035156 30.950000762939453 AB 12.427936443594325 1.0914863492013898
61893.3662 lsst_hardware_y 48.833922686018994 47.65999984741211 30.049999237060547 AB 12.080185446179614 1.0573235111861548
61894.3001 lsst_hardware_u -6.340902634556103 4.789999961853027 29.530000686645508 AB 11.347241095649412 1.2505224923572698
61894.3335 lsst_hardware_y 33.157591516667615 48.40999984741211 30.030000686645508 AB 9.264267097158667 1.1219215376516705
61896.4061 lsst_hardware_r 12.021452456379823 24.8700008392334 31.530000686645508 AB 2.765942711623654 1.0271813988018397
61896.4265 lsst_hardware_z -70.80312943787764 52.90999984741211 30.979999542236328 AB 2.4407197669381095 1.0389357313772947
61909.3499 lsst_hardware_z -41.02347837218135 42.34000015258789 30.950000762939453 AB 8.437682679101586 1.0300743890821502
61909.3712 lsst_hardware_r 33.766181263406 27.610000610351562 31.549999237060547 AB 8.483595129252814 1.0273183736077518
61927.3087 lsst_hardware_z -6.912005660718857 56.189998626708984 30.979999542236328 AB 6.226703023943303 1.0272121126643796
61927.3334 lsst_hardware_r 50.04110159650979 72.19000244140625 31.649999618530273 AB 5.545889379222712 1.032273500088047
61943.2564 lsst_hardware_i -10.481738577700579 31.3700008392334 31.260000228881836 AB 2.595637271711441 1.0304236886508935
61943.278 lsst_hardware_u 5.766305616493676 2.8399999141693115 28.5 AB 2.6520651773259836 1.027235471027723
61946.1391 lsst_hardware_g -27.679186177644354 15.319999694824219 31.350000381469727 AB 5.340692031217727 1.3619003012157915
61946.155 lsst_hardware_r 32.63756624427083 25.020000457763672 31.469999313354492 AB 4.941019171230778 1.2666032225662083
61952.204 lsst_hardware_z -142.15974709293903 43.77000045776367 30.950000762939453 AB 7.969807734683994 1.0590520216622328
61952.2244 lsst_hardware_g 0.5706181969335227 20.950000762939453 31.559999465942383 AB 7.897162190249793 1.0352860763305969
61959.2228 lsst_hardware_i -196.60795874160968 137.25 31.350000381469727 AB 1.6154402574705304 1.0269260523200576
61959.2426 lsst_hardware_z 112.5117025999774 113.83000183105469 31.010000228881836 AB 1.6295943284323675 1.0303019990089066
61961.2193 lsst_hardware_i -155.63937924282985 95.12000274658203 31.350000381469727 AB 9.920572418523584 1.0266555333254253
61961.2385 lsst_hardware_z -105.81920220314949 82.0 31.0 AB 9.946737487988319 1.0310349134118222
61966.2082 lsst_hardware_i 47.661937336513795 34.959999084472656 31.270000457763672 AB 6.569615334392363 1.0265023959988067
61966.2273 lsst_hardware_r -4.583496851639234 32.54999923706055 31.56999969482422 AB 5.88278547893861 1.0325204877470135
61967.2279 lsst_hardware_u 2.437681698203701 3.119999885559082 28.540000915527344 AB 2.9959792814566057 1.0348805808140262
61967.2459 lsst_hardware_g -4.062678795751806 19.8700008392334 31.549999237060547 AB 3.087554708082789 1.0546728294046575
61975.2014 lsst_hardware_g -5.321086864460168 15.8100004196167 31.469999313354492 AB 5.7018102728478635 1.0316906404429187
61975.2208 lsst_hardware_r 20.23103989946034 24.729999542236328 31.510000228881836 AB 6.595520566243357 1.0501863860055236
61977.1872 lsst_hardware_i -11.391395509334506 31.510000228881836 31.25 AB 11.179886799318574 1.0277677968331158
61977.204 lsst_hardware_z 90.4770519685009 41.65999984741211 30.940000534057617 AB 11.180830250469349 1.0377041881405482
61980.183 lsst_hardware_i 37.332504110990754 32.75 31.260000228881836 AB 4.309548744128079 1.0292278973358464
61980.2019 lsst_hardware_z 31.04595467601572 41.779998779296875 30.950000762939453 AB 4.3721826065036336 1.0438124955841874
61982.1762 lsst_hardware_z -35.66224002895632 46.56999969482422 30.959999084472656 AB 3.7441245501434617 1.0286762964883471
61982.1947 lsst_hardware_r 31.460462376327275 43.2599983215332 31.610000610351562 AB 3.846280431139449 1.0419288720410265
61984.1591 lsst_hardware_r 30.833643291412923 77.33999633789062 31.65999984741211 AB 1.8617337940974745 1.0265027352127225
61984.1789 lsst_hardware_i 165.62033703410742 64.5199966430664 31.329999923706055 AB 1.8769901420825377 1.0330160385704665
61991.1094 lsst_hardware_i 8.001822031423833 62.25 31.329999923706055 AB 4.046650177973723 1.0433096024339266
61991.1279 lsst_hardware_z 136.2248804856183 58.25 30.989999771118164 AB 4.474466521951195 1.0292044903855537
61993.1086 lsst_hardware_i 14.624278234612069 55.70000076293945 32.04999923706055 AB 7.787618003948643 1.0385914051876963
61993.1264 lsst_hardware_z -36.45647940697995 65.62999725341797 31.719999313354492 AB 8.455047270173777 1.0277610133922743
61996.1186 lsst_hardware_g 16.47635733292279 15.520000457763672 31.489999771118164 AB 3.789880709158259 1.0276481416766265
61996.1387 lsst_hardware_r 13.719598462361935 24.3700008392334 31.530000686645508 AB 3.0451443672652854 1.028967769751455
62000.1014 lsst_hardware_r 2.3586928774174925 24.219999313354492 31.530000686645508 AB 2.705741500935281 1.0301046323357668
62000.1208 lsst_hardware_i 31.54603073839235 31.399999618530273 31.270000457763672 AB 2.675057020126358 1.0269261409999135
62004.0884 lsst_hardware_z -73.23959540412343 41.43000030517578 30.950000762939453 AB 2.8206485363351415 1.0312214738453385
62004.1074 lsst_hardware_u -4.508029578302761 2.8299999237060547 28.5 AB 2.840364453438665 1.026606832362398
62012.0804 lsst_hardware_i 15.822906964321994 58.029998779296875 31.329999923706055 AB 4.259970531120901 1.0266226126330646
62012.0991 lsst_hardware_z -25.33935784698425 56.369998931884766 30.979999542236328 AB 3.2201805180316385 1.0309526230291783
62014.0532 lsst_hardware_z -140.9962454623958 81.81999969482422 31.0 AB 1.3181979174570173 1.0368625465052574
62014.0711 lsst_hardware_i 65.25056696671656 93.62000274658203 31.34000015258789 AB 1.3318044567256948 1.0272305875246392
62019.0547 lsst_hardware_z 31.276461025152997 86.66000366210938 31.729999542236328 AB 0.701595488291232 1.0279787374222713
62022.0269 lsst_hardware_g -8.005382214242767 15.449999809265137 31.469999313354492 AB 2.7125994197238916 1.0410385389755246
62022.045 lsst_hardware_r -53.979434576703774 24.239999771118164 31.520000457763672 AB 2.6713601916280347 1.028501100472806
62028.0131 lsst_hardware_i -35.37990548500841 31.5 31.260000228881836 AB 1.3243840764261479 1.0385289758291691
62028.0318 lsst_hardware_z -2.8278062181667027 41.59000015258789 30.959999084472656 AB 1.3195557441509738 1.0274913328020867
62029.0152 lsst_hardware_r -9.3974870026269 24.350000381469727 31.520000457763672 AB 2.605357129642715 1.0344876432966905
62029.0337 lsst_hardware_g 19.80050369961192 15.510000228881836 31.479999542236328 AB 2.6071763386432174 1.026649473771778
62034.0194 lsst_hardware_z -16.39325138697597 41.52000045776367 30.950000762939453 AB 4.004216745663385 1.026722242477791
62034.039 lsst_hardware_i 12.031858862856266 31.530000686645508 31.260000228881836 AB 4.02065167061736 1.0309363257993231
62035.9969 lsst_hardware_y -57.98210772180757 47.599998474121094 30.049999237060547 AB 1.148306117166942 1.0338890610748703
62036.018 lsst_hardware_u -4.412349727687284 2.930000066757202 28.5 AB 1.539754665052683 1.026503110035122
62037.9975 lsst_hardware_y 65.8185497049544 48.43000030517578 30.049999237060547 AB 4.634411736010324 1.0301745115612753
62038.0162 lsst_hardware_r 36.30947648792964 29.649999618530273 31.559999465942383 AB 4.478018204493869 1.0267936418757677
62041.9842 lsst_hardware_y 10.344357730252977 82.91999816894531 30.079999923706055 AB 3.868381294871866 1.0314766584851336
62042.0039 lsst_hardware_z 69.8198568995619 68.38999938964844 30.989999771118164 AB 3.518945086737986 1.0266298998554546
62044.9868 lsst_hardware_y -144.26391740734883 73.04000091552734 30.079999923706055 AB 7.2669415851096835 1.0271537494560083
62045.006 lsst_hardware_i -41.70004285114776 69.69999694824219 31.34000015258789 AB 5.1346837057746395 1.0294417159971665
62046.9872 lsst_hardware_y 155.38293334487113 74.04000091552734 30.079999923706055 AB 2.25505043601765 1.026500464009248
62047.006 lsst_hardware_i 5.230413872823213 66.7699966430664 31.329999923706055 AB 2.5029682237823287 1.0324356759724498
