data/validation/pwv_sim_epoch_fit_seasonal/57782313.ecsv
# %ECSV 0.9
# ---
# datatype:
# - {name: time, datatype: float64}
# - {name: band, datatype: string}
# - {name: flux, datatype: float64}
# - {name: fluxerr, datatype: float64}
# - {name: zp, datatype: float64}
# - {name: zpsys, datatype: string}
# - {name: pwv, datatype: float64}
# - {name: airmass, datatype: float64}
# meta: {SNID: '57782313', alt: 1024.0, c: -0.06218357011675835, dec: -6.729813, lat: -30.244573, lon: -70.7499537, ra: 79.804688, t0: 63197.375,
#   x0: 1.7289118603204352e-05, x1: 1.184860348701477, z: 0.36491474509239197}
# schema: astropy-2.0
time band flux fluxerr zp zpsys pwv airmass
63142.3356 lsst_hardware_z -131.1203753055661 85.93000030517578 31.719999313354492 AB 3.3204167546379315 1.144971294702735
63146.3802 lsst_hardware_i 96.88473361963912 49.470001220703125 31.299999237060547 AB 4.246728901862337 1.0913066540109513
63150.365 lsst_hardware_g 18.484805257648446 16.3799991607666 31.479999542236328 AB 4.79640521008013 1.0908358449124698
63150.3831 lsst_hardware_y -75.14720639632225 67.5199966430664 30.049999237060547 AB 5.155154093252037 1.0979314411299241
63152.3578 lsst_hardware_i -18.253222343555603 30.889999389648438 31.239999771118164 AB 5.943168584926596 1.0908566034311107
63152.3753 lsst_hardware_y -38.94162794052692 51.790000915527344 30.030000686645508 AB 6.196586508659201 1.096255905998974
63154.3518 lsst_hardware_u -8.130743925300113 2.619999885559082 28.3700008392334 AB 6.402601373469368 1.0908876399493457
63154.3704 lsst_hardware_z -35.87635481900551 43.83000183105469 30.950000762939453 AB 6.43469341592558 1.0966358147916118
63156.3551 lsst_hardware_r -19.22079320852043 22.780000686645508 31.479999542236328 AB 5.3299821434706525 1.0918365606290172
63156.3731 lsst_hardware_y 55.94676910353117 53.72999954223633 30.030000686645508 AB 5.381763242172698 1.1036684423835086
63158.3463 lsst_hardware_z -5.584372629033096 41.56999969482422 30.950000762939453 AB 4.168027707913807 1.0911067298204276
63158.3635 lsst_hardware_y 106.88979233504853 48.83000183105469 30.040000915527344 AB 4.205072309678703 1.0997486643742298
63160.3218 lsst_hardware_i 29.06300372225586 30.799999237060547 31.239999771118164 AB 2.5364147108990713 1.0956040650368055
63160.3398 lsst_hardware_u 3.063439765699956 2.5999999046325684 28.350000381469727 AB 2.749794071831243 1.0909716611114284
63162.3231 lsst_hardware_g 14.311992750715872 13.789999961853027 31.40999984741211 AB 3.4640047709929753 1.0923152608570674
63162.3416 lsst_hardware_r -10.529975592249915 22.780000686645508 31.489999771118164 AB 3.59741041626557 1.092828843987313
63164.3164 lsst_hardware_i 14.467420391400555 30.760000228881836 31.25 AB 4.122321605656757 1.0927776634241064
63164.335 lsst_hardware_r 21.9405657924378 22.559999465942383 31.479999542236328 AB 4.040404461310347 1.0923948615655226
63167.3169 lsst_hardware_z 43.62658952856693 52.84000015258789 30.969999313354492 AB 3.081652967368825 1.0908506079181683
63167.3343 lsst_hardware_g 18.067474944316974 46.43000030517578 31.68000030517578 AB 3.6775445547036663 1.096220151934918
63169.3111 lsst_hardware_r 72.15204527125262 98.27999877929688 31.649999618530273 AB 4.899904372204991 1.0908675621317592
63169.3275 lsst_hardware_i -88.28060725074177 77.48999786376953 31.31999969482422 AB 4.925857836739248 1.095365318376604
63171.3083 lsst_hardware_i 32.59082332901225 84.2519905882813 31.329999923706055 AB 5.978239471169776 1.090853257922835
63171.3274 lsst_hardware_z 80.42400456633982 72.72707566657583 30.979999542236328 AB 5.9985006596647015 1.0992304672283593
63180.2748 lsst_hardware_z 825.4208112276267 50.34577165589041 30.940000534057617 AB 10.38703636449626 1.0920311579985555
63180.2926 lsst_hardware_i 1153.7814967380873 46.566976412083534 31.25 AB 11.325896106449973 1.092881579908328
63182.2762 lsst_hardware_u 0.07721315383773586 3.728962960967535 28.34000015258789 AB 4.472425622763475 1.0908355177471891
63182.2941 lsst_hardware_g 1462.865316562624 41.5631545343091 31.3799991607666 AB 4.049666426101395 1.0967275358433333
63188.2649 lsst_hardware_i 3132.789646920348 63.843432517763354 31.239999771118164 AB 4.364713599179228 1.091178399794807
63188.2848 lsst_hardware_z 2067.3983433766716 61.27207092438019 30.940000534057617 AB 4.410837107633603 1.1027092769084008
63190.2644 lsst_hardware_r 4990.932425304254 73.68320759378135 31.479999542236328 AB 4.728818119435992 1.0925263271704257
63190.285 lsst_hardware_g 3370.705171664104 60.30030462511288 31.399999618530273 AB 4.772530546268677 1.1090311106743636
63192.2647 lsst_hardware_r 5473.635905527475 76.65811970264257 31.5 AB 3.110804967659911 1.0953538618520815
63192.2845 lsst_hardware_i 3875.6980057290184 68.88834635844147 31.239999771118164 AB 3.540574603800719 1.1157272911142542
63198.1102 lsst_hardware_r 5808.41664056888 147.79586518973073 31.549999237060547 AB 5.715702531082831 1.4901457889326926
63200.2301 lsst_hardware_i 4394.823211383966 116.82193915627423 31.329999923706055 AB 5.960001481911465 1.0909093621558508
63200.25 lsst_hardware_z 2617.888784878083 97.3945579682884 30.989999771118164 AB 6.60459614439004 1.1007660240650068
63203.2242 lsst_hardware_r 5542.228508287113 101.68395876296664 31.6299991607666 AB 6.874296968870672 1.091217163677975
63203.242 lsst_hardware_z 2539.4328672267407 75.47159366827029 30.969999313354492 AB 6.936814620000128 1.1009390308350198
63205.2269 lsst_hardware_r 5191.995140017038 84.28912682660052 31.600000381469727 AB 2.9353424808595983 1.0940523596195522
63205.2453 lsst_hardware_i 4136.469612017122 76.66219540414376 31.290000915527344 AB 2.912308888587357 1.110614506087275
63207.2304 lsst_hardware_z 2321.925684451769 63.62208784701537 30.950000762939453 AB 4.658410549499528 1.1003253010391227
63207.249 lsst_hardware_i 3956.4102663988033 70.53718565283376 31.260000228881836 AB 4.761894537354977 1.124370045418569
63209.2226 lsst_hardware_u 2.180533946280374 3.981346216325149 28.399999618530273 AB 6.046856113059534 1.0983633046245218
63209.2419 lsst_hardware_g 1896.5747013136456 44.98413610419529 31.399999618530273 AB 6.006302447890881 1.1216251069826624
63212.179 lsst_hardware_r 3511.6477885358377 63.440852054801695 31.489999771118164 AB 13.920694136395452 1.096117648535075
63212.198 lsst_hardware_i 3065.487889374631 63.87156928511833 31.239999771118164 AB 13.855344519420992 1.0909720094032278
63215.194 lsst_hardware_i 2851.62239736108 61.14256014786474 31.25 AB 8.70399639012605 1.0918103869432603
63215.213 lsst_hardware_z 1659.3086778646866 57.13633686840093 30.940000534057617 AB 8.907849457656699 1.1046846752531825
63217.1546 lsst_hardware_r 2592.9526900503224 55.852026459466614 31.489999771118164 AB 10.37832617605965 1.105635728666434
63217.1728 lsst_hardware_g 923.6013598688954 34.634165909922864 31.43000030517578 AB 9.24713705574688 1.0923428131020263
63219.1555 lsst_hardware_r 2281.6191529252064 53.32904082462506 31.489999771118164 AB 3.634930016666886 1.099411725267867
63219.1744 lsst_hardware_i 2366.4835625483283 57.440348411730064 31.239999771118164 AB 5.740833229269208 1.0908601271730192
63221.1535 lsst_hardware_z 1495.7933390578974 57.3399247822635 30.950000762939453 AB 4.533389661326101 1.0967435977564053
63221.1715 lsst_hardware_i 2228.9133687795497 57.82962821944317 31.260000228881836 AB 5.286121892157405 1.090821686371544
63223.1554 lsst_hardware_z 2984.690707196087 87.0426762956834 31.709999084472656 AB 5.319731840898525 1.0927213641008
63227.1306 lsst_hardware_i 4333.24353946774 149.8370668630871 32.08000183105469 AB 5.323270696715142 1.1021834870779648
63227.1515 lsst_hardware_z 2998.1084261844053 126.17114703616072 31.739999771118164 AB 5.290287168442198 1.09094956301336
63230.127 lsst_hardware_r 1438.7776173919988 107.40171750881112 31.639999389648438 AB 8.669627127864455 1.0981625309742173
63230.147 lsst_hardware_z 1438.5972559397178 79.89249405113601 30.989999771118164 AB 8.610211410830262 1.090820702385648
