data/validation/pwv_sim_epoch_fit_seasonal/57784947.ecsv
# %ECSV 0.9
# ---
# datatype:
# - {name: time, datatype: float64}
# - {name: band, datatype: string}
# - {name: flux, datatype: float64}
# - {name: fluxerr, datatype: float64}
# - {name: zp, datatype: float64}
# - {name: zpsys, datatype: string}
# - {name: pwv, datatype: float64}
# - {name: airmass, datatype: float64}
# meta: {SNID: '57784947', alt: 1024.0, c: -0.08996442705392838, dec: -30.345182, lat: -30.244573, lon: -70.7499537, ra: 282.128906, t0: 60523.390625,
#   x0: 3.4378560721177342e-06, x1: 0.9319687485694885, z: 0.7143735289573669}
# schema: astropy-2.0
time band flux fluxerr zp zpsys pwv airmass
[from data line 132]
60865.0661 lsst_hardware_z 177.33598104152665 101.38999938964844 30.969999313354492 AB 3.5914156773615105 1.2402367874855627
60865.0852 lsst_hardware_r 118.70906202909646 144.72000122070312 31.6299991607666 AB 3.6149007414478147 1.159427190286319
60872.0557 lsst_hardware_z -28.307028947377773 43.83000183105469 30.940000534057617 AB 4.665610238869866 1.2005172584792518
60872.0757 lsst_hardware_r 8.632842963585562 24.6200008392334 31.5 AB 4.379364719946191 1.1267662229707183
60875.0703 lsst_hardware_i -5.3564540751375995 32.54999923706055 31.25 AB 3.052119567762923 1.1181631754896053
60875.0899 lsst_hardware_z -32.95654546987892 42.45000076293945 30.950000762939453 AB 3.073395047301238 1.067707155567566
60877.0721 lsst_hardware_r 6.282964649310059 24.520000457763672 31.5 AB 6.255801594580938 1.0975090516808663
60877.0905 lsst_hardware_g 15.798232313440609 15.40999984741211 31.459999084472656 AB 6.002501025356686 1.0553229452380846
60879.0759 lsst_hardware_r -5.360245327784613 24.290000915527344 31.510000228881836 AB 5.166349153150417 1.0745504781663056
60879.096 lsst_hardware_i 36.473022351252794 31.40999984741211 31.260000228881836 AB 6.6687262375782215 1.036401622127317
60881.0495 lsst_hardware_i 8.191699577325197 32.310001373291016 31.25 AB 5.320196362790119 1.1319566729340678
60881.0693 lsst_hardware_z -0.8566013095574757 42.20000076293945 30.950000762939453 AB 5.062746702954819 1.0771801495648552
60883.075 lsst_hardware_u 2.2572339138524966 2.700000047683716 28.3799991607666 AB 3.6877295048854153 1.053637001395833
60883.0938 lsst_hardware_g -3.606924761106585 15.229999542236328 31.450000762939453 AB 3.091497838439219 1.0243531605166398
60884.0815 lsst_hardware_g 1.4745146986991122 15.170000076293945 31.450000762939453 AB 4.633902713473298 1.0377119501675733
60884.0921 lsst_hardware_r 47.089387557662576 23.989999771118164 31.510000228881836 AB 3.8877730581149543 1.0230981731881459
60886.0754 lsst_hardware_z 55.16488660323998 41.790000915527344 30.950000762939453 AB 4.985837678376503 1.0387161829951048
60886.0953 lsst_hardware_u 2.5602355598166326 3.0199999809265137 28.559999465942383 AB 5.272342255067133 1.0139119721282948
60888.0539 lsst_hardware_r -68.10596855025629 31.479999542236328 31.56999969482422 AB 4.031880124670472 1.0688027192729008
60888.0724 lsst_hardware_g 39.382865327029705 26.510000228881836 31.639999389648438 AB 3.92194379088858 1.0349274434450348
60890.0529 lsst_hardware_r -38.0583117488838 49.810001373291016 31.6200008392334 AB 1.6783651998264466 1.0594625143565155
60890.0727 lsst_hardware_i -46.61304861980938 45.88999938964844 31.309999465942383 AB 1.6338391116114936 1.0268721174953084
60890.9818 lsst_hardware_y 46.27732897407995 56.189998626708984 29.959999084472656 AB 12.349413238595067 1.311709098870928
60891.0032 lsst_hardware_z -54.28326759228571 59.189998626708984 30.950000762939453 AB 0.46442969735870204 1.203185744452596
60893.9797 lsst_hardware_y 84.25057551227951 72.76000213623047 29.979999542236328 AB 4.06930967041948 1.2772472286313499
60893.9986 lsst_hardware_z -162.65177047654436 96.94000244140625 30.979999542236328 AB 3.788887343261338 1.1881114278022382
60895.9741 lsst_hardware_y 113.45096307394044 110.62000274658203 30.739999771118164 AB 4.355209700823549 1.2779996187676088
60896.9797 lsst_hardware_z 18.63815380898819 66.70999908447266 30.959999084472656 AB 2.687918873507068 1.2355407370751863
60896.9979 lsst_hardware_r -67.96383401505899 91.69000244140625 31.6299991607666 AB 2.4108578498198083 1.1591591552944025
60898.9681 lsst_hardware_y 19.431414284212902 74.13999938964844 30.0 AB 7.17158261226012 1.2663182952784202
60898.9838 lsst_hardware_z 44.675244533985634 44.34000015258789 30.940000534057617 AB 7.3956112789252595 1.192840528858913
60900.9808 lsst_hardware_y -6.756193978535382 50.84000015258789 30.0 AB 6.5078452965794735 1.1827965703741565
60901.0008 lsst_hardware_u -0.32629465057454377 2.7899999618530273 28.440000534057617 AB 3.4605117090056043 1.1137193720985692
60903.9713 lsst_hardware_y 48.51280233238683 65.81999969482422 30.010000228881836 AB 4.776124236421711 1.1880906060750527
60903.9891 lsst_hardware_r -7.208989632201863 24.450000762939453 31.5 AB 4.513479026854173 1.1243408686010563
60905.972 lsst_hardware_y -19.749487329365383 63.06999969482422 30.010000228881836 AB 3.274849797273875 1.1640461364717565
60905.9893 lsst_hardware_g 12.947498653775849 15.470000267028809 31.440000534057617 AB 3.1858855467800256 1.107492078834308
60907.9797 lsst_hardware_z 1.8139488218152915 45.279998779296875 30.950000762939453 AB 3.671365712630375 1.119660174635674
60907.9979 lsst_hardware_i 52.33237097992106 31.610000610351562 31.260000228881836 AB 3.42678074991952 1.0718738660993181
60911.9807 lsst_hardware_y 31.025176401675544 51.0 30.030000686645508 AB 5.299968010711242 1.086727088520044
60911.9986 lsst_hardware_r 20.992155227431606 24.040000915527344 31.510000228881836 AB 5.216585650967646 1.0485072410366607
