data/validation/pwv_sim_epoch_fit_seasonal/5788558.ecsv
# %ECSV 0.9
# ---
# datatype:
# - {name: time, datatype: float64}
# - {name: band, datatype: string}
# - {name: flux, datatype: float64}
# - {name: fluxerr, datatype: float64}
# - {name: zp, datatype: float64}
# - {name: zpsys, datatype: string}
# - {name: pwv, datatype: float64}
# - {name: airmass, datatype: float64}
# meta: {SNID: '5788558', alt: 1024.0, c: -0.10361266881227493, dec: -34.228867, lat: -30.244573, lon: -70.7499537, ra: 153.808594, t0: 61395.16015625,
#   x0: 5.7098569907419435e-06, x1: -1.1213501691818237, z: 0.5804035067558289}
# schema: astropy-2.0
time band flux fluxerr zp zpsys pwv airmass
61380.2394 lsst_hardware_i 473.9519909430339 41.698601973325175 31.149999618530273 AB 8.848752661917231 1.6642378525329602
61380.2609 lsst_hardware_z 499.0145786640476 50.57518424379605 30.899999618530273 AB 7.485341187985778 1.4614098375606752
61382.2536 lsst_hardware_g 439.93153496109056 24.383012587816108 31.280000686645508 AB 9.580870841940106 1.4762323301353146
61382.2761 lsst_hardware_i 762.4700321235977 42.839471858979685 31.209999084472656 AB 8.561366179849944 1.3200950100635955
61384.2587 lsst_hardware_z 700.6432514535612 52.67669468581159 30.920000076293945 AB 12.904479992342342 1.3964753934845016
61384.2822 lsst_hardware_r 1302.976155801589 43.044971673361886 31.469999313354492 AB 11.686124428362094 1.257722050084711
61386.2564 lsst_hardware_u 5.6255421121226785 3.8900701104517688 28.149999618530273 AB 16.704194235668055 1.3749439654019306
61386.2813 lsst_hardware_g 621.0474655334208 28.78694860625389 31.350000381469727 AB 15.303277799854524 1.2358295889409825
61388.2549 lsst_hardware_r 1734.4942462017182 47.21759065489706 31.440000534057617 AB 10.713034945196846 1.3493337042882858
61388.2765 lsst_hardware_i 1392.76641088569 47.8833780911718 31.219999313354492 AB 9.737091722030128 1.232777327597758
61391.2597 lsst_hardware_z 1147.5724564564307 54.53519308243231 30.93000030517578 AB 9.03746740247605 1.2749477890210419
61391.2831 lsst_hardware_r 1989.741264386271 49.64698639552289 31.479999542236328 AB 8.231828892317179 1.171498757223066
61393.2521 lsst_hardware_z 1144.6698512395499 55.0318779813369 30.93000030517578 AB 5.612287004211304 1.2862629930008376
61393.275 lsst_hardware_r 1976.7708584206387 50.18702694413912 31.479999542236328 AB 5.198573107416992 1.1814938880493164
61404.2579 lsst_hardware_r 1627.2793870952569 57.093667924207246 31.59000015258789 AB 9.883703642752335 1.136057889971533
61404.281 lsst_hardware_z 1017.4441252227912 56.253518629809584 30.959999084472656 AB 9.347423914260512 1.0744165418690244
61406.2638 lsst_hardware_g 191.0400580909347 24.86168627647417 31.530000686645508 AB 7.799388614691686 1.102876557891656
61406.286 lsst_hardware_r 1246.6178760340495 44.93034962470371 31.540000915527344 AB 7.451038039737577 1.0535597638287075
61408.2607 lsst_hardware_i 1078.948068634516 45.15424684163347 31.239999771118164 AB 4.794773686452305 1.0967002942480113
61408.2822 lsst_hardware_z 958.9360473018277 50.86024603382143 30.940000534057617 AB 4.616751062847754 1.050614669539806
61410.2633 lsst_hardware_r 906.8512273361209 37.60833541714256 31.479999542236328 AB 11.296626970104834 1.0773398897006867
61410.2848 lsst_hardware_g 130.97875851577757 18.160214249049922 31.389999389648438 AB 10.811813753458283 1.037668477201832
61412.261 lsst_hardware_r 827.1540877324205 35.570837345644065 31.469999313354492 AB 10.142521034669581 1.0704507688305627
61412.2829 lsst_hardware_i 900.9939097400882 42.235737654919795 31.25 AB 9.746436899661488 1.03264385304554
61414.2184 lsst_hardware_i 816.9051417670986 41.96412650111159 31.229999542236328 AB 8.210403455011312 1.1786819014479866
61414.2364 lsst_hardware_z 800.9967226712123 49.75336627478069 30.940000534057617 AB 7.808527252900846 1.1183797268548905
61416.2183 lsst_hardware_r 496.7809995522215 32.678567262545435 31.469999313354492 AB 7.417586340603603 1.158997865719313
61416.2355 lsst_hardware_u 3.1602408060068434 2.9245006818133854 28.440000534057617 AB 7.075596375718843 1.1055619337060691
61419.2145 lsst_hardware_g 67.17226730844787 14.84791078493919 31.3700008392334 AB 9.010529110268648 1.1440004795296443
61419.2326 lsst_hardware_r 410.1238565383296 30.305464613313084 31.479999542236328 AB 8.604270412910626 1.0918201183796583
61421.2152 lsst_hardware_i 554.5661436109509 38.18614510650197 31.239999771118164 AB 5.714472515685207 1.1245641081738083
61421.233 lsst_hardware_z 686.7020752311975 48.02393435603145 30.940000534057617 AB 5.483676228792235 1.0779431043067003
61423.2207 lsst_hardware_r 338.4078225842796 36.97297477259846 31.56999969482422 AB 7.286415480336365 1.0942754525935714
61423.2398 lsst_hardware_g 78.95055216692332 16.4783044718858 31.420000076293945 AB 7.0373402725028384 1.053178729796897
61425.214 lsst_hardware_r 291.642376755365 60.24961824781014 31.6299991607666 AB 10.940565407062644 1.0974403150108885
61425.2319 lsst_hardware_i 339.67466018308926 52.79341113879739 31.309999465942383 AB 10.42858708346023 1.057666032805297
61427.2171 lsst_hardware_z 571.2613742573768 66.22777901842842 30.979999542236328 AB 10.230214571684966 1.0768646917563123
61427.2356 lsst_hardware_i 507.82294120983744 71.30977370687079 31.329999923706055 AB 9.898020122124024 1.0418968549604235
61429.2277 lsst_hardware_z 993.7938916305206 96.2483041605014 31.739999771118164 AB 10.55119744022334 1.0458120170704075
61431.2139 lsst_hardware_r 88.26019704649576 70.74811670348116 31.649999618530273 AB 14.8930945169944 1.060761717734644
61431.2314 lsst_hardware_i 345.61903051036217 61.001493165173756 31.329999923706055 AB 14.489215894677722 1.0321424629347287
61433.2346 lsst_hardware_z 1779.9952703558329 100.91883758664973 32.470001220703125 AB 10.272782018811204 1.0217268194951965
61435.1268 lsst_hardware_i 180.32474135012382 35.69729505579594 31.209999084472656 AB 16.19635222536483 1.3479642591419216
61435.146 lsst_hardware_z 352.39138223223705 47.64733189673266 30.93000030517578 AB 14.93003499729868 1.2429783954792224
61437.1298 lsst_hardware_r 274.5217881316472 36.449972967009984 32.189998626708984 AB 10.941759537858887 1.2981088548889415
61437.149 lsst_hardware_u 26.219984142415797 6.146363489709503 29.06999969482422 AB 10.129947362187577 1.205157023637806
61439.1258 lsst_hardware_g 57.033253783303365 15.001090356710773 31.34000015258789 AB 9.671140678918318 1.2901018058296723
61439.1452 lsst_hardware_i 162.05720222696715 34.08232099234458 31.229999542236328 AB 8.977466337195558 1.1982603419870608
61441.1267 lsst_hardware_z 395.7735647747462 47.459250993286 30.93000030517578 AB 8.046457085734932 1.2571279688159982
61441.145 lsst_hardware_r 91.43654095967726 25.29684466946682 31.469999313354492 AB 7.424392851197613 1.1774782487625735
61446.1249 lsst_hardware_r 85.3811485261123 25.04188038582497 31.469999313354492 AB 4.159482155189359 1.2031767111551495
61446.1443 lsst_hardware_i 94.59278111693136 33.256719231764734 31.239999771118164 AB 3.9465515443448083 1.1326832300623688
61449.1187 lsst_hardware_z 246.99517306133188 45.819564297273324 30.93000030517578 AB 4.08734346533577 1.1949840804977279
61449.1398 lsst_hardware_r 80.18075644439259 24.5330138065305 31.479999542236328 AB 4.152132182064526 1.1214401572085149
61453.1126 lsst_hardware_i 109.73617242791222 46.323829439601255 31.280000686645508 AB 2.759128869254407 1.1760992622567805
61453.132 lsst_hardware_z 238.4760244362557 50.03079731853444 30.959999084472656 AB 3.4744640474081785 1.1124217867902386
61457.1134 lsst_hardware_y 179.13565331926188 59.66756850270069 30.030000686645508 AB 5.173900078010732 1.1354156932103576
61457.1324 lsst_hardware_r 103.92793281139848 108.74999030655106 31.649999618530273 AB 5.4762878505823025 1.083251532300134
61459.1174 lsst_hardware_i 141.1504956968015 72.39950622894158 31.329999923706055 AB 7.298120251671686 1.107467760341691
61459.138 lsst_hardware_z 139.7529759582885 65.41647656227191 30.989999771118164 AB 8.203967137221102 1.059704477310828
61465.1125 lsst_hardware_z 118.39773256083144 43.33674093268355 30.940000534057617 AB 4.315101281508041 1.0787753203770103
61465.1321 lsst_hardware_i 150.65960964622064 31.84458661799511 31.25 AB 4.2439714411044385 1.0415079817835753
61467.1036 lsst_hardware_u -2.216702921854238 2.6756527751342305 28.360000610351562 AB 6.402893623458699 1.0868019389728758
61467.1227 lsst_hardware_g 18.221167181968905 14.992908167355152 31.40999984741211 AB 6.1265298491301685 1.0478970066074007
61469.1096 lsst_hardware_r 93.21827728587927 23.941587254789077 31.479999542236328 AB 10.965730565029222 1.0618334068746724
61469.1302 lsst_hardware_i 153.8477735383673 31.515589503944806 31.25 AB 10.538206858004127 1.0288287214420497
61471.1024 lsst_hardware_z 102.56698460873358 43.13081494161393 30.950000762939453 AB 7.715974163158452 1.0653008647188253
61471.1213 lsst_hardware_u -0.8245689337886168 2.8960146806345506 28.489999771118164 AB 7.481439812993484 1.033348040468728
61473.0209 lsst_hardware_y 103.1803323454599 50.825756933744145 29.950000762939453 AB 14.829636080958243 1.3616101072841267
61473.0428 lsst_hardware_z 185.73963059728385 44.87471997696632 30.93000030517578 AB 13.289100278250485 1.2403587494381025
61475.0185 lsst_hardware_y 9.693099768543899 50.900001525878906 29.950000762939453 AB 10.839728202340167 1.3422703845717794
61475.0401 lsst_hardware_u -2.656009861929336 2.569999933242798 28.280000686645508 AB 9.896987011803173 1.2276094035975238
61478.0176 lsst_hardware_y 146.72011745488595 50.09000015258789 29.950000762939453 AB 17.944183287155695 1.2995184034150171
61478.0408 lsst_hardware_i 16.28316702648395 32.36000061035156 31.229999542236328 AB 16.51142238348506 1.1898337703156925
61480.0113 lsst_hardware_y -120.6146376157089 50.93000030517578 29.959999084472656 AB 10.64584407630303 1.3042115415268498
61480.0308 lsst_hardware_r 19.438178988654318 32.849998474121094 31.540000915527344 AB 9.890864180024172 1.2085118942724928
61482.0185 lsst_hardware_y -52.9019429115848 72.95999908447266 30.739999771118164 AB 9.574289749007322 1.2390694640879154
61486.0054 lsst_hardware_z 0.1339448017182554 81.02999877929688 30.969999313354492 AB 6.453818663245299 1.2494486312426367
61486.0228 lsst_hardware_i -38.59906275983836 91.41000366210938 31.31999969482422 AB 5.974236607155265 1.174951476430169
61490.9986 lsst_hardware_y -103.5024887078732 71.88999938964844 30.75 AB 7.428942262026419 1.217859387217446
61491.0146 lsst_hardware_r 65.33540716595229 32.540000915527344 32.2400016784668 AB 6.339624511141937 1.155232018794941
61492.9993 lsst_hardware_y 85.50961558476611 49.529998779296875 30.0 AB 8.905842137696478 1.1920017137989067
61493.0176 lsst_hardware_z 50.88910951253886 42.459999084472656 30.950000762939453 AB 7.329664594533526 1.1276407068513117
61494.9943 lsst_hardware_y -29.747833893312 51.029998779296875 30.010000228881836 AB 10.744148743094405 1.1901577117800504
61495.0105 lsst_hardware_u 2.3277287938974225 2.700000047683716 28.43000030517578 AB 6.7832492259729715 1.1327125700881544
61497.9925 lsst_hardware_y 47.034994405058654 50.16999816894531 30.020000457763672 AB 10.836437112764003 1.1658350847513232
61498.0106 lsst_hardware_r -2.105760759603392 22.469999313354492 31.489999771118164 AB 6.856380753904857 1.1083258442359842
61499.9983 lsst_hardware_z -44.49845365444686 60.54999923706055 31.690000534057617 AB 10.504484767792446 1.1282103770149379
61501.9903 lsst_hardware_y 60.00640487680753 49.7599983215332 30.020000457763672 AB 12.867498596275356 1.1361444455054137
61502.0095 lsst_hardware_g -5.970083387487676 13.380000114440918 31.389999389648438 AB 11.540984354477422 1.0833214350260356
61503.9872 lsst_hardware_y 41.89249875568958 49.63999938964844 30.030000686645508 AB 10.35596188336044 1.128756200046553
61504.0057 lsst_hardware_i 61.49641545650516 30.3799991607666 31.25 AB 8.714308269609115 1.0794832277160518
61505.984 lsst_hardware_y -83.46696934124046 50.06999969482422 30.030000686645508 AB 3.263406077384682 1.121927314958206
61506.0012 lsst_hardware_i -39.23631846678846 30.459999084472656 31.25 AB 2.0045186921963776 1.077312088245993
61509.9815 lsst_hardware_y 14.219506542299627 51.040000915527344 30.030000686645508 AB 12.470104648352761 1.098518259154118
61509.9997 lsst_hardware_z -27.3291794512731 45.810001373291016 30.959999084472656 AB 11.9641942412736 1.057888875836562
61511.9791 lsst_hardware_y -83.7330755317192 55.790000915527344 30.040000915527344 AB 15.653587446726519 1.0907663191921482
61511.9957 lsst_hardware_i -66.7662731240368 56.310001373291016 31.31999969482422 AB 15.101591844169363 1.0551699164455954
61513.9874 lsst_hardware_z -68.30384108733057 95.41999816894531 31.739999771118164 AB 9.884162425482389 1.0605229665845626
61516.9767 lsst_hardware_y -155.02143297993283 55.58000183105469 30.049999237060547 AB 9.667788895047483 1.0654972056039547
61516.9959 lsst_hardware_r -18.352195037948952 78.87000274658203 31.65999984741211 AB 9.409991855820246 1.0330717009271575
61518.9739 lsst_hardware_y 29.511393311704186 50.16999816894531 30.040000915527344 AB 10.207162373110641 1.060227377582298
61518.9921 lsst_hardware_z 28.540132741388106 40.619998931884766 30.950000762939453 AB 9.909840625789199 1.0308522742869686
61520.9721 lsst_hardware_y -2.44913240378164 50.4900016784668 30.049999237060547 AB 14.259846557070997 1.0533978397777202
61520.9897 lsst_hardware_u 1.2075345147902072 2.6500000953674316 28.43000030517578 AB 14.03901830537015 1.026994755330662
61522.9712 lsst_hardware_y -39.570474956128386 50.93000030517578 30.049999237060547 AB 1.1075016713555623 1.045552675341574
61522.9897 lsst_hardware_r -9.213927317272915 21.850000381469727 31.489999771118164 AB 1.0285044487078199 1.0208480880474637
61746.2406 lsst_hardware_z -39.91011710562192 47.779998779296875 30.889999389648438 AB 6.920396871754842 1.629031395132452
61746.2628 lsst_hardware_g 14.968183755635707 13.850000381469727 31.299999237060547 AB 6.46996822742859 1.4310131550851184
61748.2531 lsst_hardware_r -54.041840117799026 38.130001068115234 31.5 AB 9.747607840262248 1.4637879374689897
61748.2768 lsst_hardware_y 65.03962418068222 49.939998626708984 29.959999084472656 AB 8.798991556553121 1.3043594648380166
61750.2516 lsst_hardware_z 13.612456400408329 56.310001373291016 30.920000076293945 AB 13.77793856725235 1.4331119791192377
61750.2739 lsst_hardware_r -10.88059503286572 53.33000183105469 31.56999969482422 AB 12.0918387003077 1.290208994911364
61752.2616 lsst_hardware_i 107.59417189884398 64.23999786376953 31.280000686645508 AB 14.027195461816062 1.3292140113537443
61752.284 lsst_hardware_z 60.07394248767124 58.34000015258789 30.959999084472656 AB 12.741230799243453 1.214549430364945
61754.2561 lsst_hardware_r -193.73915234995573 79.52999877929688 31.56999969482422 AB 10.84608598743404 1.3294523235341889
61754.2781 lsst_hardware_z 99.74926009911069 59.22999954223633 30.959999084472656 AB 9.93703411639959 1.2164637727080914
61756.2611 lsst_hardware_z 11.778728146808989 56.79999923706055 30.950000762939453 AB 9.015543965936082 1.2712721071577655
61756.2838 lsst_hardware_i 15.13245109112594 55.29999923706055 31.299999237060547 AB 8.282279896045198 1.1714681606853181
61758.2565 lsst_hardware_z 62.57853833068502 52.20000076293945 30.940000534057617 AB 5.508650037555201 1.2668659892037488
61758.2785 lsst_hardware_r -28.225185969901787 49.810001373291016 31.600000381469727 AB 5.112622068832332 1.1708741712658495
61760.2632 lsst_hardware_y 11.067222416401114 49.68000030517578 29.989999771118164 AB 6.502096523551866 1.21006759123169
61760.2858 lsst_hardware_g -5.159815394896131 24.84000015258789 31.59000015258789 AB 6.080681407222588 1.127827396313151
61764.256 lsst_hardware_r -6.02002891657176 22.780000686645508 31.469999313354492 AB 7.540429961235756 1.1945866386981565
61764.2788 lsst_hardware_i -19.751247980786324 30.760000228881836 31.239999771118164 AB 7.042800613481062 1.1161921834456752
61766.2618 lsst_hardware_z 59.40618942981224 42.689998626708984 30.940000534057617 AB 7.242454153642014 1.15253822382147
61766.2822 lsst_hardware_r -17.47337674192419 22.5 31.489999771118164 AB 6.879069947530984 1.0924071589123654
61768.2577 lsst_hardware_u 2.269894906291738 2.5999999046325684 28.34000015258789 AB 8.255909143637462 1.1479162241312733
61768.2814 lsst_hardware_r -1.0605868911450351 22.309999465942383 31.479999542236328 AB 7.755566479304118 1.0812165731638252
61770.253 lsst_hardware_i 8.7142704033293 30.889999389648438 31.229999542236328 AB 6.4210601805122565 1.1453736590630068
61770.2743 lsst_hardware_z 23.833025848721306 41.369998931884766 30.940000534057617 AB 6.0937555569227255 1.0850543332849312
