data/validation/pwv_sim_epoch_fit_seasonal/58011184.ecsv
# %ECSV 0.9
# ---
# datatype:
# - {name: time, datatype: float64}
# - {name: band, datatype: string}
# - {name: flux, datatype: float64}
# - {name: fluxerr, datatype: float64}
# - {name: zp, datatype: float64}
# - {name: zpsys, datatype: string}
# - {name: pwv, datatype: float64}
# - {name: airmass, datatype: float64}
# meta: {SNID: '58011184', alt: 1024.0, c: -0.041279327124357224, dec: -46.964977, lat: -30.244573, lon: -70.7499537, ra: 330.065216,
#   t0: 61644.50390625, x0: 5.060824990821647e-06, x1: 0.4566386342048645, z: 0.6101884841918945}
# schema: astropy-2.0
time band flux fluxerr zp zpsys pwv airmass
61550.4274 lsst_hardware_y -17.123342651494333 82.2699966430664 30.809999465942383 AB 8.875439289559747 1.0454915675188912
61552.4184 lsst_hardware_i 14.489112433775603 46.880001068115234 31.309999465942383 AB 4.432459815315657 1.0468110799588255
61552.4306 lsst_hardware_z 48.39510379245032 55.2400016784668 30.979999542236328 AB 4.414256724640628 1.043621189110578
61554.4276 lsst_hardware_r 8.707034654449176 32.560001373291016 31.579999923706055 AB 8.268217560324535 1.0434398738420392
61559.4049 lsst_hardware_z 43.65337740942164 41.150001525878906 30.950000762939453 AB 11.263503392434998 1.0448680461140298
61559.4188 lsst_hardware_y -67.76659546236857 47.220001220703125 30.040000915527344 AB 11.203390659270177 1.0435348974730247
61561.4156 lsst_hardware_u 2.067167266162708 2.799999952316284 28.520000457763672 AB 4.801408110226311 1.0437843717883286
61561.4277 lsst_hardware_y 69.19926978253457 48.560001373291016 30.049999237060547 AB 4.608349970484102 1.0473522660191141
61563.4209 lsst_hardware_r 9.83145890857097 22.479999542236328 31.5 AB 0.964337541642755 1.0467707371970203
61563.4343 lsst_hardware_y -70.45045553367252 52.0 30.049999237060547 AB 0.9651345847449154 1.054695839808668
61574.4002 lsst_hardware_r -63.59118537218487 87.75 31.649999618530273 AB 4.87293092298284 1.051787378152951
61574.4138 lsst_hardware_z 93.47670273410178 63.119998931884766 30.979999542236328 AB 4.934885332212727 1.0632473424761695
61576.3842 lsst_hardware_r -82.58843827932915 105.58999633789062 31.65999984741211 AB 4.001863895727286 1.0462845167268309
61576.3988 lsst_hardware_i 108.91326032263305 82.97000122070312 31.34000015258789 AB 4.017652810239635 1.0546865970177552
61578.3807 lsst_hardware_i 3.898527325453495 72.68000030517578 31.329999923706055 AB 2.1988858736160704 1.0470885112457478
61578.3997 lsst_hardware_z 96.54244407059946 65.3499984741211 30.979999542236328 AB 2.2262472434403406 1.0601177349715907
61578.4117 lsst_hardware_i 94.53447096579342 72.06999969482422 31.329999923706055 AB 2.254149227637419 1.0734043941130567
61582.3328 lsst_hardware_y -33.38939024226606 48.2400016784668 30.049999237060547 AB 5.821286818068052 1.0485341451295251
61582.3455 lsst_hardware_g -2.8529922089040545 38.08000183105469 31.690000534057617 AB 5.6514557165656365 1.0440845613632361
61587.4005 lsst_hardware_r -1.9874754692969956 22.649999618530273 31.479999542236328 AB 10.603264820206707 1.0931200845573925
61587.4126 lsst_hardware_g -4.926971255662837 13.880000114440918 31.399999618530273 AB 10.822806400905408 1.1157532372067431
61589.4014 lsst_hardware_r -49.0560548798218 22.729999542236328 31.479999542236328 AB 7.1198581714055 1.104424742203542
61589.4135 lsst_hardware_i -5.910693669635573 31.079999923706055 31.239999771118164 AB 7.315723629240816 1.1296088778487028
61591.3977 lsst_hardware_z 21.723524876512357 41.720001220703125 30.940000534057617 AB 4.448762268491704 1.1077825158618921
61591.4095 lsst_hardware_i 8.293766765119807 30.90999984741211 31.229999542236328 AB 4.762333292929407 1.1329896811092959
61593.3923 lsst_hardware_u 3.501066563024455 2.759999990463257 28.469999313354492 AB 1.7177972834634767 1.1078989251618683
61593.4044 lsst_hardware_g -13.11189379680269 13.899999618530273 31.399999618530273 AB 1.62705353878066 1.133835218662481
61596.1449 lsst_hardware_r 40.28960781856397 28.540000915527344 31.43000030517578 AB 13.846488000007831 1.5347187113229999
61596.1528 lsst_hardware_u 0.5227415528632574 3.059999942779541 28.229999542236328 AB 13.369202078841084 1.4770694841005119
61598.2943 lsst_hardware_r -49.17635776399429 22.549999237060547 31.5 AB 8.033631060958962 1.0462159936134088
61598.3063 lsst_hardware_i 11.480613045278238 30.280000686645508 31.25 AB 7.977587260751796 1.0435038928387268
61608.342 lsst_hardware_r -83.48294627429728 79.19000244140625 31.639999389648438 AB 4.792472826404723 1.0911823375237413
61608.3538 lsst_hardware_z -107.69001059663027 61.189998626708984 30.969999313354492 AB 4.827858290347057 1.1127516034910716
61611.2358 lsst_hardware_r 13.662906531017706 40.13999938964844 31.610000610351562 AB 5.747935308791494 1.0619251413405688
61611.2483 lsst_hardware_y 42.06572998017597 48.2400016784668 30.040000915527344 AB 5.692318425031832 1.0516499792215612
61612.2378 lsst_hardware_g -18.40079510560283 25.459999084472656 31.6200008392334 AB 10.769732763722617 1.0575409612100275
61612.2494 lsst_hardware_r -35.72719704386542 31.889999389648438 31.56999969482422 AB 10.527635536301464 1.0493357235997205
61617.2361 lsst_hardware_i 8.625868373191112 31.13977425158447 31.25 AB 3.3572586783269127 1.0491433369771601
61617.2476 lsst_hardware_z 22.21782460040831 41.55285449652034 30.950000762939453 AB 3.3427055718354874 1.0445954911985897
61622.2327 lsst_hardware_g 61.59336662235364 16.05575134865137 31.40999984741211 AB 1.1121922136003166 1.0449251566415187
61622.2442 lsst_hardware_i 299.3470142923196 34.015437405727575 31.239999771118164 AB 1.0280184480214611 1.0434087267408891
61624.2351 lsst_hardware_z 237.45289787590627 44.444023865219336 30.950000762939453 AB 3.3003161066501696 1.0435232209054077
61624.2468 lsst_hardware_r 417.4200427425199 30.777911479477943 31.5 AB 3.3104524646564295 1.0443616797906607
61626.2206 lsst_hardware_r 641.4018534863839 34.89102288252703 31.520000457763672 AB 3.477361841027397 1.0452729664168925
61626.2322 lsst_hardware_y 132.25217433693888 48.51828493525773 30.049999237060547 AB 3.5387183463196683 1.0434080337077012
61627.2124 lsst_hardware_z 424.0351146712072 48.38423684765319 30.959999084472656 AB 4.81493979709339 1.04735217730021
61627.224 lsst_hardware_r 708.7880311582608 42.37067005126385 31.579999923706055 AB 4.7409434659265255 1.0438583070242742
61629.2257 lsst_hardware_i 819.953139522688 56.531788199278644 31.31999969482422 AB 2.8311570867161913 1.04342398773324
61629.237 lsst_hardware_z 595.3855286391196 55.613493431307084 30.969999313354492 AB 2.846290148591663 1.045405294536605
61631.2954 lsst_hardware_z 702.8534508402875 67.83351460516114 30.979999542236328 AB 3.778379608390518 1.1219577180215337
61631.3065 lsst_hardware_r 1409.5358150999266 89.8823866042432 31.6299991607666 AB 3.8643706856615982 1.1482307786841772
61649.234 lsst_hardware_u 1.2235774118292226 2.688455321704012 28.329999923706055 AB 1.7662416428002576 1.0978969030618964
61649.2452 lsst_hardware_g 308.6723244605134 21.894965705374393 31.3799991607666 AB 1.859157719998875 1.1196934825589209
61651.144 lsst_hardware_u 3.6211250290509653 2.8000300892158103 28.440000534057617 AB 1.468264676603374 1.0487604832881243
61651.156 lsst_hardware_g 267.29004525144717 21.266948291170138 31.43000030517578 AB 1.4620461995475451 1.0443187139625323
61653.1392 lsst_hardware_r 1321.9029169796925 43.226834375581284 31.489999771118164 AB 1.626098299981575 1.0484192778733559
61653.1507 lsst_hardware_i 1268.5665887274192 46.745395924511435 31.25 AB 1.5455416349343087 1.0442848884691276
61655.2198 lsst_hardware_z 1029.7434375192904 52.55452971609197 30.940000534057617 AB 2.0475572321752566 1.101824519556192
61655.2319 lsst_hardware_g 182.0876302174961 19.114407083575166 31.3799991607666 AB 2.1267077059973762 1.1264341663121697
61674.1463 lsst_hardware_i 565.8425370929436 37.91053048085143 31.25 AB 3.0369969838585194 1.0693651351614506
61674.1581 lsst_hardware_z 649.5797055858478 47.85430002161989 30.940000534057617 AB 3.1449448253769994 1.085336992537789
61680.0735 lsst_hardware_u -0.30467854009779755 2.80840353053854 28.399999618530273 AB 5.082200038753124 1.0451825272499995
61680.085 lsst_hardware_g 28.226790991029148 14.563473874811113 31.40999984741211 AB 4.696779579493189 1.0434196340698731
61682.0709 lsst_hardware_r 271.89150063340344 27.236560865257555 31.5 AB 2.417850245436508 1.0444277518084268
61682.0829 lsst_hardware_i 331.29891726502615 35.40889983183692 31.25 AB 2.4370216458564546 1.043543382467979
61684.0716 lsst_hardware_z 396.1812605174909 46.852151705470256 30.950000762939453 AB 3.9582237053577902 1.0435143122345771
61684.0848 lsst_hardware_r 133.94561001683348 30.965916445706036 31.549999237060547 AB 3.59454013097385 1.044823214119
61688.0545 lsst_hardware_z 354.03391146163216 58.50653291421936 30.979999542236328 AB 2.5546828681563265 1.0444328978562252
61688.0664 lsst_hardware_i 216.42867661261485 58.487204677199884 31.31999969482422 AB 2.562227891327608 1.043535660328832
61689.1384 lsst_hardware_r 122.71083151464876 75.33724996061002 31.6299991607666 AB 4.965224385322866 1.1249658753846838
61689.1495 lsst_hardware_z 379.54641988906843 63.08125692461575 30.969999313354492 AB 5.07862341191704 1.1517894039726104
61692.1338 lsst_hardware_y 210.04045104515524 56.073056309118414 30.020000457763672 AB 9.450523476646028 1.1331562921637923
61692.1454 lsst_hardware_r 245.5326349625033 90.5380949255394 31.6200008392334 AB 9.726821052075104 1.1628462244450415
61696.1335 lsst_hardware_r 130.07700919277295 60.65384768386629 31.610000610351562 AB 7.103577838792785 1.160146633805779
61696.1442 lsst_hardware_g 118.10253910552358 65.79268907200655 31.649999618530273 AB 7.330981713288738 1.1918357524449257
61698.0788 lsst_hardware_r 124.29371870907374 24.897015635589277 31.479999542236328 AB 3.0842773538764807 1.0671009181904558
61698.0901 lsst_hardware_u 2.136277340647479 3.1548183890302073 28.3799991607666 AB 3.522988895547846 1.0816668392839563
61702.0879 lsst_hardware_z 353.16725163828664 44.70244062010538 30.940000534057617 AB 3.396056651713197 1.0955021457139344
61702.0986 lsst_hardware_r 108.62035769846007 24.912680839661878 31.479999542236328 AB 3.4588325533295485 1.1157524365579188
61705.0787 lsst_hardware_u 2.0201514149476534 3.140804270254837 28.440000534057617 AB 3.1932125327229532 1.0937844430301167
61705.0894 lsst_hardware_g -4.034144164165377 14.355529707022269 31.40999984741211 AB 4.6900979349114404 1.1136848032875584
61918.3757 lsst_hardware_i 29.19564643831237 68.80000305175781 33.0 AB 10.151263713499045 1.0860838495184426
61918.3919 lsst_hardware_y 52.169448108793745 105.94000244140625 31.790000915527344 AB 9.989130577938846 1.064939294023331
61926.4221 lsst_hardware_r -27.12943474533453 22.600000381469727 31.489999771118164 AB 4.5979731961483346 1.0449939082155304
61926.4359 lsst_hardware_y -68.60318198462147 56.400001525878906 30.049999237060547 AB 4.626323855741531 1.051437239941257
61928.4071 lsst_hardware_y 67.68567514570559 73.41999816894531 30.799999237060547 AB 1.1608818611630731 1.0434111552660381
61947.318 lsst_hardware_r 33.934477568434 22.290000915527344 31.479999542236328 AB 5.843163587096351 1.0596639420456027
61947.3305 lsst_hardware_i -23.106776099927806 30.15999984741211 31.239999771118164 AB 5.790804416313663 1.0501685506387375
61960.3007 lsst_hardware_z 178.59305565476006 107.58999633789062 31.75 AB 1.8081908757499807 1.0472147929053943
61962.307 lsst_hardware_r 30.038871005691902 80.5199966430664 31.649999618530273 AB 8.94195214294921 1.0437670296427233
61962.3191 lsst_hardware_i 36.57228823625113 66.08999633789062 31.329999923706055 AB 8.896785966996301 1.0439173912580186
61964.2953 lsst_hardware_z -66.91211961719681 49.83000183105469 30.969999313354492 AB 6.375436147199022 1.0451534667539382
61964.3079 lsst_hardware_r -17.49405914878197 53.86000061035156 31.639999389648438 AB 6.364617209427258 1.0433798703979111
61974.3246 lsst_hardware_g -25.75360932697351 13.890000343322754 31.399999618530273 AB 5.143707323007658 1.0694704648027704
61974.3361 lsst_hardware_r 33.44706458331837 22.799999237060547 31.479999542236328 AB 4.789044558981209 1.0850285038756633
61976.2438 lsst_hardware_r 3.961783033149001 22.690000534057617 31.489999771118164 AB 5.727584472753956 1.055386856965903
61976.2563 lsst_hardware_i 31.659978527537852 30.420000076293945 31.239999771118164 AB 6.2475429846154675 1.0475424186142634
61978.2407 lsst_hardware_z 76.80760703795029 41.0 30.940000534057617 AB 2.393052588393866 1.0535893403553858
61978.2516 lsst_hardware_u -3.524437763362555 2.5199999809265137 28.299999237060547 AB 2.034705441275944 1.047197859637645
61979.2435 lsst_hardware_g 11.49728103159728 13.819999694824219 31.399999618530273 AB 2.691564176834413 1.0499567688060905
61979.2547 lsst_hardware_r -6.203789196201164 22.600000381469727 31.479999542236328 AB 2.6235984847102087 1.0450501831150005
61981.2332 lsst_hardware_i -60.071333440073865 32.47999954223633 31.25 AB 4.738913211601494 1.053091824800332
61981.2464 lsst_hardware_z 39.18146446511514 41.220001220703125 30.940000534057617 AB 4.706940896269493 1.045986865837665
61990.2201 lsst_hardware_z 0.010906223880511302 68.77999877929688 30.989999771118164 AB 3.2446463221286823 1.046660103912478
61990.2312 lsst_hardware_r -90.20996259322581 99.0 31.65999984741211 AB 3.2354206688431066 1.0436840867235828
61994.2161 lsst_hardware_i 5.7206449937025114 40.7400016784668 31.290000915527344 AB 2.8214513820459683 1.0444339878628996
61994.2272 lsst_hardware_z -10.959481739422737 45.83000183105469 30.959999084472656 AB 2.819861510589491 1.0434270159443075
61995.2054 lsst_hardware_g 40.547292140520234 26.170000076293945 31.6200008392334 AB 3.1423669815393387 1.0471066249714558
61995.2169 lsst_hardware_r -5.456333063792949 33.31999969482422 31.579999923706055 AB 3.6584215527273583 1.0437721976397598
62009.0899 lsst_hardware_r -2.034508250538533 27.639999389648438 31.530000686645508 AB 1.6711605256861544 1.1668078377979785
62009.0946 lsst_hardware_z 13.056114256695091 43.70000076293945 30.950000762939453 AB 1.6590213692453242 1.1539011436239432
62011.1468 lsst_hardware_r -13.955766434122596 40.58000183105469 31.610000610351562 AB 5.494137099583251 1.0565648268429328
62011.1578 lsst_hardware_i 6.489605176784983 39.63999938964844 31.290000915527344 AB 5.454931534485841 1.049025295093431
62013.2233 lsst_hardware_z 63.91636689342565 77.25 31.719999313354492 AB 4.4390671045924455 1.076007054803485
62016.1368 lsst_hardware_r -19.515169308068764 107.16999816894531 31.649999618530273 AB 1.4751892826381219 1.0537066304558014
62016.1489 lsst_hardware_z 36.360582746127655 73.83999633789062 30.989999771118164 AB 1.4654552947465023 1.0467537819617874
62020.2077 lsst_hardware_i 16.856196196046145 61.900001525878906 31.31999969482422 AB 2.5427719548238383 1.080880745939995
62020.2195 lsst_hardware_z 46.64414150961368 58.209999084472656 30.969999313354492 AB 2.0408173750522516 1.0999734324751627
62021.0355 lsst_hardware_r -14.22183218828191 23.389999389648438 31.459999084472656 AB 2.972092905893424 1.2383720441222599
62021.0413 lsst_hardware_z -53.14166265574303 43.630001068115234 30.93000030517578 AB 2.9210205805268874 1.2170919085528698
62031.2008 lsst_hardware_i 25.056106918391947 30.90999984741211 31.239999771118164 AB 1.3510270712748005 1.1225039711484877
62031.2129 lsst_hardware_u 0.35593271447955 2.559999942779541 28.299999237060547 AB 1.5930753904763693 1.1514820314249146
62035.1979 lsst_hardware_i -39.517259399244615 31.239999771118164 31.25 AB 2.56922888166158 1.1411187571226205
62035.2095 lsst_hardware_r 5.067198191294878 23.010000228881836 31.479999542236328 AB 2.3328557598541053 1.1722893265593033
62037.1484 lsst_hardware_i -67.96120275947867 30.489999771118164 31.239999771118164 AB 3.7503575899042993 1.0647618964878414
62037.1605 lsst_hardware_z 113.6279453316537 41.75 30.940000534057617 AB 3.785401098271465 1.0797692642862022
62039.1524 lsst_hardware_r -41.0103145533806 30.850000381469727 31.559999465942383 AB 3.0594565573315857 1.0761366715904277
62039.1636 lsst_hardware_g -3.8086851765334204 25.209999084472656 31.59000015258789 AB 3.0694786843577773 1.0929894425012858
62043.073 lsst_hardware_i 63.452826790423856 63.099998474121094 31.31999969482422 AB 3.8826238569653206 1.0477295707927443
62043.0845 lsst_hardware_z 6.402640517993272 59.02000045776367 30.979999542236328 AB 4.040272908742516 1.0439981676338088
62048.0763 lsst_hardware_i 23.84282397580483 65.75 31.329999923706055 AB 2.9431314147196224 1.043416951566795
62048.0889 lsst_hardware_z -57.5927860325559 59.970001220703125 30.979999542236328 AB 3.6783216051865737 1.0449777287461857
62050.073 lsst_hardware_r -56.550846610310025 52.36000061035156 31.6299991607666 AB 4.335574321736334 1.0433967442953898
62050.0863 lsst_hardware_g 7.829881378048252 60.52000045776367 31.719999313354492 AB 8.50246892320402 1.04589990034454
62052.0517 lsst_hardware_u 4.100512264883543 2.740000009536743 28.5 AB 3.666311603937556 1.0463218047766998
62052.0644 lsst_hardware_r 38.974358261655055 22.440000534057617 31.5 AB 3.167964136720027 1.0434664481950022
62057.1371 lsst_hardware_r 40.20631694833212 22.809999465942383 31.479999542236328 AB 9.515385250134361 1.1393396827141522
62057.1482 lsst_hardware_i -28.28547110063068 31.469999313354492 31.239999771118164 AB 9.766026614552205 1.1687442094964342
62059.1419 lsst_hardware_z 30.764657944310994 42.75 30.940000534057617 AB 9.185040788982326 1.1663543859024408
62059.1535 lsst_hardware_u -3.7692834857821507 2.690000057220459 28.389999389648438 AB 9.428870864761974 1.202023269703003
62064.1403 lsst_hardware_g -2.089753012907468 14.039999961853027 31.399999618530273 AB 3.2523577680842863 1.2035368575617194
62064.1509 lsst_hardware_r 11.53095478165564 23.489999771118164 31.469999313354492 AB 3.335496633775643 1.2416540391273023
62065.0828 lsst_hardware_u -0.22345860145087487 2.7100000381469727 28.440000534057617 AB 4.2602293250272085 1.0780387141058265
62065.0944 lsst_hardware_r 5.516300070388436 22.940000534057617 31.489999771118164 AB 4.809482719371358 1.0960534911967543
62067.0857 lsst_hardware_i 42.17270819745762 32.08000183105469 31.25 AB 3.380893663371592 1.0906108591521264
62067.0974 lsst_hardware_z -8.716916910357625 42.650001525878906 30.950000762939453 AB 3.446732822906041 1.111849297711626
62070.0852 lsst_hardware_r -79.58632423543371 46.95000076293945 31.610000610351562 AB 4.656819182074766 1.104078519478745
62070.095 lsst_hardware_z 2.376644550065465 49.18000030517578 30.959999084472656 AB 4.723925017010214 1.1240303815856076
