data/validation/pwv_sim_epoch_fit_seasonal/58143501.ecsv
# %ECSV 0.9
# ---
# datatype:
# - {name: time, datatype: float64}
# - {name: band, datatype: string}
# - {name: flux, datatype: float64}
# - {name: fluxerr, datatype: float64}
# - {name: zp, datatype: float64}
# - {name: zpsys, datatype: string}
# - {name: pwv, datatype: float64}
# - {name: airmass, datatype: float64}
# meta: {SNID: '58143501', alt: 1024.0, c: -0.008557479828596115, dec: -2.985506, lat: -30.244573, lon: -70.7499537, ra: 323.261719, t0: 61580.46484375,
#   x0: 4.418562241248654e-06, x1: 0.5934562683105469, z: 0.6452770233154297}
# schema: astropy-2.0
time band flux fluxerr zp zpsys pwv airmass
61543.4056 lsst_hardware_g 22.737208470892305 16.049999237060547 31.450000762939453 AB 9.206961713580059 1.152695315113163
61543.4305 lsst_hardware_y -69.95198340827709 62.02000045776367 30.030000686645508 AB 9.275331700198533 1.1282142861728701
61551.3949 lsst_hardware_r -28.873940960447797 80.599352607889 31.6299991607666 AB 6.323692939770994 1.1382419643194501
61551.421 lsst_hardware_y -94.93856704252607 55.99775348004449 30.030000686645508 AB 5.692390360347406 1.1263138821422978
61553.4079 lsst_hardware_r 38.08521659224904 53.80107392374644 31.610000610351562 AB 10.518235486903041 1.1267123638045107
61553.4279 lsst_hardware_y -2.5081725789813594 55.747427547241735 30.020000457763672 AB 9.935402308528124 1.131058037210291
61557.3571 lsst_hardware_u 2.6178235059610393 2.995191366163684 28.360000610351562 AB 7.833648503440003 1.1714012890039756
61557.3782 lsst_hardware_y 143.60925590350612 48.75447695807497 30.020000457763672 AB 7.091826454036922 1.1385785808686055
61560.3918 lsst_hardware_g 93.42058751518876 18.09051486832897 31.43000030517578 AB 13.114414067112964 1.1262566560416485
61560.4145 lsst_hardware_r 457.21888852997364 32.17563862467087 31.5 AB 13.252806854528306 1.1355331038067267
61571.3537 lsst_hardware_r 2795.3272273430457 63.77315831710643 32.2599983215332 AB 12.70362344801077 1.1283834919290983
61571.3827 lsst_hardware_g 685.5460118891428 33.54608055428089 32.16999816894531 AB 13.458665633870332 1.133997946962814
61573.3138 lsst_hardware_z 1618.0788665766238 91.87183763371085 31.719999313354492 AB 4.504936427756187 1.1706201198153798
61573.3374 lsst_hardware_r 3273.0903910956727 119.34062060959428 32.380001068115234 AB 3.77388817664666 1.135744046741233
61575.3131 lsst_hardware_i 1291.3669562322357 86.7455553774237 31.31999969482422 AB 3.514081084087092 1.16139174885133
61575.3386 lsst_hardware_z 1038.8749400264783 74.44054987372229 30.979999542236328 AB 2.934863175720396 1.13060539674622
61579.3036 lsst_hardware_y 582.0714594451762 64.20743959490643 30.020000457763672 AB 3.0196105205303403 1.1588629348332788
61579.3274 lsst_hardware_r 1678.5696501953412 112.1902586522474 31.6299991607666 AB 2.9886603734227926 1.1307833421955324
61581.3194 lsst_hardware_i 1574.8477432599495 72.77667322903567 31.309999465942383 AB 4.536962283961883 1.1325417583529562
61581.3424 lsst_hardware_z 1042.6160591226048 68.29169293976348 30.969999313354492 AB 4.068360217519393 1.1269435749459318
61584.2293 lsst_hardware_r 2422.6217077281294 61.45136867310345 32.189998626708984 AB 8.346519254758729 1.378280023904379
61584.2612 lsst_hardware_i 2558.0388125870872 70.03309872633415 31.989999771118164 AB 7.09557108835381 1.2314780171277333
61586.2849 lsst_hardware_i 1278.1437352934365 47.4013168747939 31.239999771118164 AB 4.041470746410495 1.158152810911664
61586.3098 lsst_hardware_z 883.0718722500433 52.4425212657085 30.940000534057617 AB 4.022925971513843 1.1298766947097367
61588.3106 lsst_hardware_r 1141.1461068030683 41.67373955865846 31.5 AB 8.770857332676403 1.1271784523921107
61588.3246 lsst_hardware_u -2.738919766648431 2.8523882815942425 28.440000534057617 AB 8.833043475014957 1.1273227513978141
61590.308 lsst_hardware_g 167.9967225787175 19.014305643676526 31.40999984741211 AB 7.878387026224528 1.1265165010151406
61590.3296 lsst_hardware_r 1064.4868940300694 40.22296105690719 31.479999542236328 AB 7.916141599253081 1.133022020145716
61595.285 lsst_hardware_i 1016.450210176495 44.25480121900507 31.239999771118164 AB 2.3730262476900794 1.1300124989000377
61595.3057 lsst_hardware_z 786.0141367755514 51.47561181888044 30.940000534057617 AB 1.9473845741399662 1.1273936168313197
61597.1764 lsst_hardware_r 767.6389554225948 44.158748456798044 31.479999542236328 AB 11.748627010637248 1.501102258599308
61597.1978 lsst_hardware_g 57.02412660672641 25.39811901191088 31.489999771118164 AB 10.605755621139425 1.3550362259901705
61599.3057 lsst_hardware_r 706.4035689277084 41.828363561599616 31.549999237060547 AB 6.914702555703484 1.1335577960169647
61599.3281 lsst_hardware_i 801.7971251418663 42.610560849623354 31.229999542236328 AB 7.0959669975434485 1.1632732782858113
61606.2486 lsst_hardware_i 671.6919319569213 125.93459991337986 31.329999923706055 AB 3.2965948074013482 1.1346049930825497
61606.2708 lsst_hardware_z 388.9540934939793 106.5158134467215 30.989999771118164 AB 3.1648212012440813 1.1263376954424633
61609.2204 lsst_hardware_r 345.4875730667522 86.23813098170776 31.6200008392334 AB 5.671009321950234 1.1611799451148825
61609.2407 lsst_hardware_z 608.6057854045914 69.32316842404087 30.969999313354492 AB 5.5420901624173275 1.1343569957871311
61610.2659 lsst_hardware_y 153.52253076830988 53.549695366185844 30.020000457763672 AB 6.67950787799178 1.127803105850487
61610.2859 lsst_hardware_r 390.78840108198534 64.45666293574179 31.6200008392334 AB 6.776219905325741 1.1441968686437993
61616.2223 lsst_hardware_r 174.96546649892468 28.254371108245223 31.5 AB 5.101950298936109 1.1337667330969132
61616.2404 lsst_hardware_i 323.74875885064205 36.87694873896055 31.239999771118164 AB 5.0679131333644385 1.1262029185254308
61621.2197 lsst_hardware_u 1.9368322790702714 2.8493016769832855 28.440000534057617 AB 1.787937063996324 1.127443235310346
61621.2396 lsst_hardware_r 145.8785677609683 27.466927747951246 31.5 AB 1.738035627491606 1.1295113744872074
61623.2015 lsst_hardware_i 207.65799754920553 35.7238343681932 31.239999771118164 AB 1.8355456162966066 1.135213492529984
61623.2213 lsst_hardware_z 421.7998887551919 46.694003773996194 30.940000534057617 AB 2.5564852333928605 1.126204948631216
61625.2102 lsst_hardware_r 127.26434416090038 26.915031740546304 31.489999771118164 AB 3.493763672347985 1.1270205394670918
61625.2304 lsst_hardware_u -5.295003218087507 2.8149620986506356 28.420000076293945 AB 3.504564352220115 1.1305046297484243
61628.2043 lsst_hardware_y 248.1001369118307 50.80254846899236 30.020000457763672 AB 8.332615812318126 1.12652392095422
61628.2232 lsst_hardware_r 130.75237994632653 44.47755354713948 31.59000015258789 AB 7.302617525526241 1.1311365436069145
61643.1704 lsst_hardware_z 334.8654908650111 63.54735021742837 31.690000534057617 AB 2.4201306358601427 1.126428036239303
61643.186 lsst_hardware_r 139.74685836483482 36.70595816169202 32.2400016784668 AB 2.4237692661325343 1.133927142050473
61648.1133 lsst_hardware_r 36.40052189909857 25.921470313189076 31.479999542236328 AB 3.8439891653877427 1.1623209692247372
61648.1291 lsst_hardware_u 4.788835311365451 2.7901775355358063 28.360000610351562 AB 5.31754661093885 1.1393115149847557
61650.128 lsst_hardware_g 24.404215276837213 15.352904930887838 31.40999984741211 AB 3.5047696825124373 1.1350255354387988
61650.1457 lsst_hardware_i 67.92746753700017 33.78753432364905 31.239999771118164 AB 3.4585844598564033 1.126330154100001
61654.1284 lsst_hardware_y 59.42727882347435 49.25121913102024 30.020000457763672 AB 0.7531401862083951 1.1278774784096517
61654.148 lsst_hardware_g -1.1209722532671575 17.118647104100535 31.469999313354492 AB 0.6967287593043604 1.128762672020025
61656.0944 lsst_hardware_g -15.487279699967498 32.074540986488465 31.6200008392334 AB 2.6752558901292014 1.157117599536852
61656.1121 lsst_hardware_r 52.25558105117668 36.358029478464545 31.56999969482422 AB 2.63890352679371 1.1346056009145296
61673.0686 lsst_hardware_r 28.835587075171897 24.100000381469727 31.489999771118164 AB 4.992990775187191 1.1322830391988488
61673.088 lsst_hardware_i -44.71855750310295 31.969999313354492 31.239999771118164 AB 5.647055146016127 1.1263698306604424
61683.0341 lsst_hardware_i 45.40946549478892 32.72999954223633 31.239999771118164 AB 3.097857882517451 1.13870901765023
61683.0527 lsst_hardware_r -2.1723781643586473 25.739999771118164 31.510000228881836 AB 3.175929470548411 1.1268154942516981
61685.0344 lsst_hardware_z -19.921043215839866 45.41999816894531 30.950000762939453 AB 4.4080837784760725 1.1333777284391686
61685.0524 lsst_hardware_g -14.550946961527833 29.850000381469727 31.6200008392334 AB 4.831723712193266 1.12621029361695
61690.0308 lsst_hardware_z 147.06778194435518 77.95999908447266 30.979999542236328 AB 6.96476994534828 1.1276240500846078
61690.0487 lsst_hardware_r -69.33768873586214 106.01000213623047 31.639999389648438 AB 6.087721126780671 1.1283134376609938
61691.0429 lsst_hardware_z 210.23249166399467 109.83999633789062 31.729999542236328 AB 5.392732414800161 1.1272041278102758
61697.0038 lsst_hardware_z 68.77375552665188 45.06999969482422 30.940000534057617 AB 4.618329958826849 1.1317586894690856
61697.0214 lsst_hardware_g -36.08095295364097 15.350000381469727 31.440000534057617 AB 4.554629107941495 1.126268325405909
61701.0012 lsst_hardware_y 39.62954443220407 59.560001373291016 30.030000686645508 AB 4.465082365052881 1.1274748728117874
61701.018 lsst_hardware_i 11.529116081402329 32.2599983215332 31.239999771118164 AB 4.423320828396445 1.1280384643663233
61704.0025 lsst_hardware_y 42.33439750425978 59.599998474121094 30.040000915527344 AB 4.490495042810084 1.1262841843018807
61704.02 lsst_hardware_r -34.97753428994471 24.90999984741211 31.510000228881836 AB 4.517939530776897 1.1344006187086284
61925.3409 lsst_hardware_z -47.59807530910482 44.15999984741211 30.93000030517578 AB 14.257282644731669 1.1916321321185206
61925.3616 lsst_hardware_r -5.817258397480779 24.760000228881836 31.489999771118164 AB 13.862775538808457 1.1501514592888458
61946.2178 lsst_hardware_z 0.20532884722245956 67.1500015258789 31.649999618530273 AB 6.675076750180827 1.5262841981320845
61946.2521 lsst_hardware_r -15.114773769157912 34.77000045776367 32.20000076293945 AB 5.721252468072818 1.3039148693687845
61952.2539 lsst_hardware_g 16.455337318057953 14.989999771118164 31.389999389648438 AB 9.957086486449176 1.230890862837792
61952.2745 lsst_hardware_r -24.316282525677916 24.239999771118164 31.489999771118164 AB 9.523831393693888 1.1744284027080594
61957.3072 lsst_hardware_i 23.42857071398955 98.80000305175781 32.06999969482422 AB 5.7470115343480845 1.1262393182248052
61957.329 lsst_hardware_z -145.03367646913296 90.08000183105469 31.719999313354492 AB 5.817531810984225 1.1366992059238088
61959.29 lsst_hardware_r -146.602774210049 124.06999969482422 31.639999389648438 AB 1.8078645242738127 1.1292095716888275
61959.3108 lsst_hardware_z 40.38905076278573 82.62999725341797 30.979999542236328 AB 1.4712588231982655 1.1280497015129503
61961.2859 lsst_hardware_z 5.983062183560076 91.7699966430664 30.989999771118164 AB 10.670796872989424 1.1285578776859486
61961.3041 lsst_hardware_i 47.40696519937796 107.05999755859375 31.31999969482422 AB 8.926391673559753 1.127591688941819
61963.2865 lsst_hardware_z 25.691004160171676 71.83000183105469 30.979999542236328 AB 8.522812507967371 1.1266358599617734
61963.3072 lsst_hardware_r -76.41155327932432 93.91999816894531 31.639999389648438 AB 8.620296500671971 1.1321391923833553
61967.2724 lsst_hardware_g 32.96601663814048 23.969999313354492 31.559999465942383 AB 3.685339269606226 1.1274460480630903
61967.2914 lsst_hardware_r -21.001841757042474 31.360000610351562 31.540000915527344 AB 3.632487200286804 1.1291536214755376
61975.2658 lsst_hardware_i -30.80351293814311 31.829999923706055 31.239999771118164 AB 6.657841532265118 1.1275717788043385
61975.2848 lsst_hardware_z 38.20694260032786 42.75 30.93000030517578 AB 6.7610372073949545 1.1420349439590587
61977.2638 lsst_hardware_r -17.46826473244028 24.139999389648438 31.479999542236328 AB 11.98707596226823 1.1290100429111105
61977.2831 lsst_hardware_u 0.050466442249040525 2.6600000858306885 28.31999969482422 AB 12.047254371512432 1.1468478490365328
61982.2209 lsst_hardware_r -37.496135889006176 38.439998626708984 31.579999923706055 AB 3.626597255723197 1.133311642413499
61982.2393 lsst_hardware_z 14.459402590013127 45.459999084472656 30.940000534057617 AB 3.6040122644324373 1.1262538326351366
61984.227 lsst_hardware_r -13.095117496990595 59.970001220703125 31.6200008392334 AB 2.0021902642260945 1.1271478312400607
61984.2449 lsst_hardware_y -6.926106102055 51.18000030517578 30.010000228881836 AB 2.0198983395164967 1.1291181848510718
61989.2045 lsst_hardware_i -83.67370006310588 134.4600067138672 31.329999923706055 AB 3.1937664377109822 1.1313377391820696
61989.225 lsst_hardware_z 6.263884994956036 111.94999694824219 30.989999771118164 AB 3.6059096024048687 1.1268467507515214
61991.1856 lsst_hardware_r -84.94163775203293 107.6500015258789 31.6299991607666 AB 4.321532365460287 1.1443978458683315
61991.2032 lsst_hardware_z 113.83300366528567 76.54000091552734 30.979999542236328 AB 4.273791101151529 1.1289401517526272
61993.1824 lsst_hardware_g -3.0269668708808357 61.4900016784668 31.68000030517578 AB 8.473597686048535 1.1416224750763173
61993.2013 lsst_hardware_i -5.19540283822984 55.5099983215332 31.299999237060547 AB 8.374642944307011 1.1274931038424374
61996.1686 lsst_hardware_r 14.03869045927053 24.81999969482422 31.5 AB 2.656475171782535 1.1489530387958342
61996.1957 lsst_hardware_z -2.9385708471654524 60.970001220703125 31.700000762939453 AB 2.674246119695364 1.1267890953772601
61996.2234 lsst_hardware_r -4.06864606909303 28.56999969482422 31.530000686645508 AB 2.8820617637532866 1.1375811185129585
62000.1717 lsst_hardware_r -11.897744384093059 24.829999923706055 31.5 AB 3.5141741817760397 1.1333608412520653
62000.1898 lsst_hardware_u 5.623098916436708 2.880000114440918 28.489999771118164 AB 3.5116670870380444 1.1262562819236832
62004.168 lsst_hardware_g -0.8559589466217858 15.430000305175781 31.440000534057617 AB 2.8140124626602243 1.128803260970125
62004.1867 lsst_hardware_r -30.815268865886765 24.68000030517578 31.5 AB 2.7898908334177186 1.1276082856521126
62012.1255 lsst_hardware_z -47.25827035865831 50.720001220703125 30.959999084472656 AB 4.7150521143084525 1.1481225091151037
62012.1428 lsst_hardware_r -93.89054488807042 51.36000061035156 31.610000610351562 AB 4.665667503361214 1.1306369280545763
62014.1263 lsst_hardware_z 44.616834539809425 93.98999786376953 31.729999542236328 AB 1.4822723869848247 1.140209528449865
62019.0901 lsst_hardware_z -109.36601583959443 83.18000030517578 30.979999542236328 AB 1.5533625581544985 1.177682000117133
62019.1097 lsst_hardware_r -119.5705670878768 120.80000305175781 31.639999389648438 AB 1.491203276548362 1.143706974215796
62022.0933 lsst_hardware_i 10.980948772903036 42.58000183105469 31.280000686645508 AB 2.907136131741387 1.1556126136510085
62022.1129 lsst_hardware_r -4.597451824377421 45.599998474121094 31.610000610351562 AB 2.905728894078588 1.1323962954320297
62028.0879 lsst_hardware_u 0.40116666760380204 2.819999933242798 28.459999084472656 AB 1.1780400337038122 1.1404066153957524
62028.1064 lsst_hardware_g 7.267962747064079 15.109999656677246 31.440000534057617 AB 1.1881662801177286 1.1272924858801978
62029.0867 lsst_hardware_r 15.817131352578839 24.40999984741211 31.5 AB 4.09945483116907 1.1387374531025194
62029.105 lsst_hardware_i 42.87824899178131 32.040000915527344 31.25 AB 4.056957121090534 1.1269325336362594
62032.0667 lsst_hardware_i 54.035331555902346 32.279998779296875 31.25 AB 6.323578745409537 1.154464398979486
62032.0869 lsst_hardware_z -52.73981199282817 42.880001068115234 30.950000762939453 AB 6.2442418640829755 1.1314765397590199
62034.0679 lsst_hardware_i -10.458223687476766 32.2599983215332 31.239999771118164 AB 4.483926155910822 1.144783495828412
62034.0876 lsst_hardware_u 6.736192413029227 2.7300000190734863 28.389999389648438 AB 4.304999303815453 1.128144471650119
62036.071 lsst_hardware_g 7.042938947955153 15.279999732971191 31.420000076293945 AB 1.563446791227182 1.1354007198456189
62036.0908 lsst_hardware_r 53.55545829965818 24.34000015258789 31.5 AB 1.4641520798886989 1.1262708306836144
62040.0619 lsst_hardware_z 37.950127115192025 47.310001373291016 30.950000762939453 AB 3.1747416229975327 1.1338362939276903
62040.081 lsst_hardware_g 92.63507556884998 38.27000045776367 31.65999984741211 AB 3.153549036900846 1.1262675131788735
62042.0651 lsst_hardware_r -76.09277459616241 74.70999908447266 31.6299991607666 AB 3.8151906712484047 1.1284207841610534
62042.086 lsst_hardware_i 1.7738686284611718 64.19000244140625 31.309999465942383 AB 4.190920236705428 1.1288674038264093
62045.033 lsst_hardware_i -39.158934376190935 101.0 31.329999923706055 AB 5.7508292113264545 1.1516437851228651
62045.0515 lsst_hardware_z 141.95624017667018 87.3499984741211 30.989999771118164 AB 5.486500415823117 1.1314121597821247
62047.0329 lsst_hardware_i 131.50459000733525 90.9800033569336 31.31999969482422 AB 2.782946788408695 1.1441469597403557
62047.0521 lsst_hardware_z 50.633488781052655 78.30000305175781 30.979999542236328 AB 2.6522722164270984 1.1281464127720537
62049.0353 lsst_hardware_g -42.08693702668028 67.95999908447266 31.690000534057617 AB 3.8915547513709696 1.135584879907843
62049.0538 lsst_hardware_r -29.666151541495303 79.25 31.6299991607666 AB 4.2692879837203686 1.1263621450321963
62056.0312 lsst_hardware_r -21.330917872235812 24.389999389648438 31.5 AB 6.398269677378508 1.126951946698108
62056.0476 lsst_hardware_i -34.16682366045997 32.15999984741211 31.25 AB 5.410646015203863 1.1287856777197383
62058.0318 lsst_hardware_z -19.830215896415233 43.08000183105469 30.940000534057617 AB 7.569917287867904 1.1262662879477012
62058.0504 lsst_hardware_r -15.361360862065835 24.209999084472656 31.489999771118164 AB 6.729051175873197 1.1341734663531033
62060.0024 lsst_hardware_y -61.19943694098904 51.529998779296875 30.020000457763672 AB 8.057989023295802 1.1383752240299219
62060.0203 lsst_hardware_u 0.7681440568036457 2.7799999713897705 28.420000076293945 AB 7.942903015357876 1.1269459692153339
62066.0016 lsst_hardware_y 156.94860299910908 57.810001373291016 30.030000686645508 AB 4.421994159113517 1.127628244068218
62066.0196 lsst_hardware_r 34.02476888655276 25.540000915527344 31.510000228881836 AB 4.443631895495927 1.1284697849016005
62069.0023 lsst_hardware_y -86.71501441324897 61.400001525878906 30.040000915527344 AB 4.20497444081922 1.1262821590512133
62069.0195 lsst_hardware_i -56.85035958467464 42.68000030517578 31.290000915527344 AB 4.204786640435396 1.133467510226093
