data/validation/pwv_sim_epoch_fit_seasonal/58215393.ecsv
# %ECSV 0.9
# ---
# datatype:
# - {name: time, datatype: float64}
# - {name: band, datatype: string}
# - {name: flux, datatype: float64}
# - {name: fluxerr, datatype: float64}
# - {name: zp, datatype: float64}
# - {name: zpsys, datatype: string}
# - {name: pwv, datatype: float64}
# - {name: airmass, datatype: float64}
# meta: {SNID: '58215393', alt: 1024.0, c: -0.09525001049041748, dec: -10.503271, lat: -30.244573, lon: -70.7499537, ra: 160.839844, t0: 62920.21875,
#   x0: 5.339874635929388e-06, x1: -0.03682781755924225, z: 0.5965918898582458}
# schema: astropy-2.0
time band flux fluxerr zp zpsys pwv airmass
62867.3377 lsst_hardware_u 4.370346906429474 2.880000114440918 28.479999542236328 AB 7.679092734727341 1.0749784922523589
62867.3576 lsst_hardware_y 32.58838997194826 59.08000183105469 30.059999465942383 AB 7.59005795609992 1.062218067379647
62873.3379 lsst_hardware_z -9.40597604172416 53.7599983215332 30.969999313354492 AB 7.3201368661198645 1.0632779237591494
62873.3598 lsst_hardware_y 76.56980333460103 59.68000030517578 30.049999237060547 AB 7.297852412925011 1.0640078360642011
62875.3318 lsst_hardware_i 6.316913968596547 74.43000030517578 31.329999923706055 AB 7.999076803661265 1.0635302381467506
62875.3523 lsst_hardware_y -50.97689856810985 56.560001373291016 30.049999237060547 AB 7.8047119907462035 1.0631674146228312
62880.2765 lsst_hardware_z -20.615484068340585 63.220001220703125 30.979999542236328 AB 7.940970266380817 1.1155528874231138
62880.2961 lsst_hardware_i -32.92842033395465 66.88999938964844 31.31999969482422 AB 9.07402295331957 1.082044234834196
62884.3203 lsst_hardware_r -13.51007945045886 25.84000015258789 31.530000686645508 AB 7.6660526772951165 1.0614493651279224
62884.3394 lsst_hardware_i 8.85367787403801 32.279998779296875 31.260000228881836 AB 7.163881165072764 1.0701410892405674
62886.3012 lsst_hardware_z -17.136038122520638 41.880001068115234 30.950000762939453 AB 11.46639826942229 1.0637637649542515
62886.321 lsst_hardware_u -1.1119078689285735 2.75 28.440000534057617 AB 11.555498433194801 1.062721150797333
62890.3158 lsst_hardware_i 34.293336698206296 31.14615768984001 31.239999771118164 AB 8.477660041418444 1.0651999423802112
62890.3364 lsst_hardware_z 36.301157952873844 42.10325581756941 30.940000534057617 AB 7.919696971271126 1.0847909283998332
62892.3132 lsst_hardware_i 56.641848994754575 31.452891201964984 31.25 AB 12.994997967759488 1.0669128052347692
62892.3341 lsst_hardware_u 4.3866239106273275 2.773713379917355 28.43000030517578 AB 15.24322250089032 1.089333305605616
62894.295 lsst_hardware_g 10.122299919121108 14.631750069937302 31.440000534057617 AB 12.421894565411769 1.0617003902061342
62894.3124 lsst_hardware_r -3.4115716445430473 23.62125704911893 31.5 AB 12.523537185097693 1.0703877935980934
62896.2841 lsst_hardware_i 109.87579020257144 32.901403395279665 31.260000228881836 AB 13.230751565955057 1.0613611791661253
62896.3027 lsst_hardware_r 96.21234919096415 25.328475789162617 31.510000228881836 AB 11.922916199683858 1.067190243655831
62907.2642 lsst_hardware_z 653.3221070731482 87.58952935318537 31.0 AB 3.5596243926137245 1.062891726668774
62907.2826 lsst_hardware_r 1423.6764398260452 124.68301505004571 31.649999618530273 AB 3.640495017022505 1.0757963998293456
62909.2646 lsst_hardware_z 884.7463909760015 63.16780046873347 30.979999542236328 AB 5.821466853505145 1.0655684534855816
62909.2813 lsst_hardware_r 1616.0944840840948 80.43464019713038 31.639999389648438 AB 5.91402068806071 1.080581159886854
62911.1997 lsst_hardware_i 1241.7698082882891 52.731032354876206 31.280000686645508 AB 1.368870406001782 1.100083369409415
62911.2176 lsst_hardware_z 904.0017826860962 53.840869142913334 30.959999084472656 AB 2.4633838920404623 1.0749311528903833
62915.1261 lsst_hardware_i 1355.493444703494 49.591252667305305 31.209999084472656 AB 7.299010501806368 1.32308347464768
62918.2311 lsst_hardware_u 4.568841675007897 3.216147934148361 28.5 AB 5.939562813377774 1.0620111418135723
62918.2513 lsst_hardware_g 646.1301758197865 28.595266644705443 31.450000762939453 AB 5.483405383687073 1.0744752548047278
62920.2354 lsst_hardware_r 1973.2643154764091 49.885975341404574 31.5 AB 12.436217011919702 1.0660528341217563
62920.2524 lsst_hardware_i 1570.9163888321 49.74522633612476 31.25 AB 11.554181419101637 1.0820041596761378
62926.1641 lsst_hardware_g 362.0242922381672 23.775287715902543 31.43000030517578 AB 4.457948355323795 1.0911189578176868
62926.1816 lsst_hardware_r 1636.745227130039 46.96666589835969 31.5 AB 4.158135939018952 1.0703052610087394
62928.1605 lsst_hardware_i 1308.782365795398 55.07900528638512 31.290000915527344 AB 5.280151416596311 1.08829832876721
62928.1796 lsst_hardware_r 1756.019196321001 55.998588944218284 31.59000015258789 AB 5.829657894245021 1.067654025776281
62931.215 lsst_hardware_z 2001.4198991308026 99.81429716704237 31.729999542236328 AB 8.378902456007303 1.0736676647882244
62936.1943 lsst_hardware_z 845.128235020425 80.49282315014013 30.989999771118164 AB 9.452394207781685 1.0677353599482384
62936.2131 lsst_hardware_r 1104.4456298119178 113.64062108998878 31.649999618530273 AB 9.382894541052822 1.088029516283863
62940.1962 lsst_hardware_r 723.3632258986681 46.61591111550228 31.59000015258789 AB 11.018786967534677 1.08000852413964
62940.2148 lsst_hardware_z 765.3807209872671 52.7580967427133 30.950000762939453 AB 10.1870312659091 1.1100611600641932
62942.1941 lsst_hardware_r 625.712472271989 34.79761994115257 31.510000228881836 AB 9.308986059860203 1.0843315154176125
62942.2127 lsst_hardware_u 1.94296953564721 3.1143157351850923 28.459999084472656 AB 9.24476436152174 1.1171583168510502
62945.1163 lsst_hardware_u 4.71628259679685 3.216855394459078 28.549999237060547 AB 5.569240184003574 1.0851283075930844
62945.1365 lsst_hardware_g 88.52366774239478 17.50886933494304 31.459999084472656 AB 5.070149634246744 1.065549232227551
62947.1629 lsst_hardware_r 401.4634788192346 31.572700641901424 31.520000457763672 AB 5.316446908894822 1.0668098542981537
62947.1815 lsst_hardware_i 572.6452707693072 39.273649396847844 31.260000228881836 AB 5.196821467878151 1.0857814505882792
62949.1522 lsst_hardware_z 583.1219760787626 48.210829139453004 30.959999084472656 AB 5.745270327605771 1.063938949556624
62949.1734 lsst_hardware_r 321.19583252957824 30.730188124883604 31.510000228881836 AB 6.45739662612701 1.0822301296563472
62953.1497 lsst_hardware_r 259.4425356536492 29.185847753283966 31.510000228881836 AB 7.897602839263059 1.0690735726824825
62953.1679 lsst_hardware_z 529.4062177224731 47.814977857139716 30.950000762939453 AB 7.811277357069376 1.0898442968657702
62955.1402 lsst_hardware_r 295.52489927233324 28.826142104010103 31.520000457763672 AB 6.756931832388385 1.0662666612574554
62955.1579 lsst_hardware_y 169.6634040131912 49.46390627722274 30.040000915527344 AB 6.895379294937388 1.083384198429463
62957.1371 lsst_hardware_g 57.61666866223058 37.35873115310852 31.670000076293945 AB 5.235923595597459 1.0678294212639727
62957.1537 lsst_hardware_r 232.1475056166663 42.99363493999125 31.600000381469727 AB 5.376986246203843 1.085090726396578
62959.1341 lsst_hardware_i 198.02872715914881 63.13447550499473 31.31999969482422 AB 6.71712191667773 1.069690567191307
62959.1518 lsst_hardware_z 466.27872293401896 61.90588856424369 30.969999313354492 AB 6.818307135128322 1.0902749766345372
62961.134 lsst_hardware_r 250.21318718691563 118.23035533480214 31.649999618530273 AB 7.561248678087692 1.0745752402597444
62961.152 lsst_hardware_z 442.02479838755045 87.43513034967347 30.989999771118164 AB 7.7495977032640795 1.0996496599088184
62963.1329 lsst_hardware_z 468.9964866252421 93.61074459091655 31.0 AB 10.971764663050397 1.0794023082951134
62963.1522 lsst_hardware_i 99.15352342508375 110.64612867528137 31.329999923706055 AB 11.226806766756791 1.11046555556447
62967.1233 lsst_hardware_y 177.00144251456948 50.817544214460185 30.040000915527344 AB 4.2965100794391 1.0810190160872475
62967.1405 lsst_hardware_g 17.712159806881473 57.92162848416039 31.700000762939453 AB 3.2495119185229053 1.1088907442705778
62969.052 lsst_hardware_g 5.487302889400317 15.52597490412456 31.440000534057617 AB 8.240047489773747 1.0834564546511765
62969.0675 lsst_hardware_r 176.51198240818883 26.082393439596377 31.510000228881836 AB 8.220280943597068 1.0677538461547975
62971.051 lsst_hardware_i 166.77605648315122 33.82878832982189 31.25 AB 11.749536341111865 1.0779391138634737
62971.069 lsst_hardware_z 292.2468085913032 44.83678797157877 30.950000762939453 AB 11.595354191433396 1.0637939625168253
62976.0937 lsst_hardware_g 22.019155951141585 15.367790582296685 31.450000762939453 AB 7.355623445105437 1.0752525440524454
62976.111 lsst_hardware_i 152.41965184909154 33.72579131315348 31.25 AB 7.504585613894652 1.0995729837208281
62978.09 lsst_hardware_z 324.71774496804625 44.634311737268796 30.950000762939453 AB 9.703017358586486 1.0771555682267415
62978.1072 lsst_hardware_r 135.0531779636614 25.8176030409044 31.5 AB 9.948313051841989 1.1025912204642372
62982.0238 lsst_hardware_u 16.041320335130955 4.841761813116916 29.170000076293945 AB 12.468332329177901 1.074856235273957
62982.0417 lsst_hardware_g 56.66287149763267 15.513696692788226 31.440000534057617 AB 11.377784020980457 1.0627483673622695
62985.0767 lsst_hardware_r 57.79200691389982 32.66224778351024 31.559999465942383 AB 9.189618302737061 1.084342068013577
62985.0951 lsst_hardware_i 181.0256192481806 37.06159701412788 31.260000228881836 AB 9.84890363305864 1.116740150395945
62994.0532 lsst_hardware_z 194.75358962499664 60.50091940161991 30.979999542236328 AB 11.137676740732902 1.0858257579032466
62994.074 lsst_hardware_r -147.61425809332738 83.29379265404911 31.6299991607666 AB 11.550237940286094 1.1246215254570862
62999.9955 lsst_hardware_r 182.44309594786165 35.74267414918916 32.2599983215332 AB 7.724918928078931 1.0619418404544194
63000.0142 lsst_hardware_i 283.6543156851381 46.60015267187228 32.0 AB 6.253924071836546 1.064527913728596
63000.9668 lsst_hardware_y 3.7096825280812404 49.16999816894531 30.040000915527344 AB 7.068598098860181 1.080660158822872
63000.9853 lsst_hardware_z 69.24699869455497 42.0099983215332 30.950000762939453 AB 6.911932537144189 1.0646299538651696
63007.967 lsst_hardware_y 7.075566514124095 48.7599983215332 30.049999237060547 AB 5.772403646318483 1.0642337106045618
63007.9885 lsst_hardware_r -9.586349260494472 23.860000610351562 31.510000228881836 AB 5.907624793792135 1.0629047847772823
63013.9544 lsst_hardware_z 1.5195474934092337 57.83000183105469 30.979999542236328 AB 7.104309214071004 1.0627238914092505
63013.9767 lsst_hardware_i 11.858512567948345 35.220001220703125 31.270000457763672 AB 6.895758559696549 1.0648997852978996
63015.9552 lsst_hardware_y -157.705016446766 62.790000915527344 30.059999465942383 AB 10.226125949869607 1.0614253831646827
63015.9783 lsst_hardware_r 27.941790820864423 55.56999969482422 31.639999389648438 AB 10.238394839023975 1.0695633156462758
