data/validation/pwv_sim_epoch_fit_seasonal/58224462.ecsv
# %ECSV 0.9
# ---
# datatype:
# - {name: time, datatype: float64}
# - {name: band, datatype: string}
# - {name: flux, datatype: float64}
# - {name: fluxerr, datatype: float64}
# - {name: zp, datatype: float64}
# - {name: zpsys, datatype: string}
# - {name: pwv, datatype: float64}
# - {name: airmass, datatype: float64}
# meta: {SNID: '58224462', alt: 1024.0, c: -0.08949930965900421, dec: -8.234748, lat: -30.244573, lon: -70.7499537, ra: 41.835938, t0: 60614.578125,
#   x0: 2.2448744717220707e-05, x1: -1.208195686340332, z: 0.3263908326625824}
# schema: astropy-2.0
time band flux fluxerr zp zpsys pwv airmass
[from data line 133]
60964.2756 lsst_hardware_z 45.20517685914581 41.939998626708984 30.950000762939453 AB 7.997574170613511 1.0992851339285263
60966.2471 lsst_hardware_r -3.753109567786643 23.729999542236328 31.510000228881836 AB 5.438920943300543 1.0808487425618913
60966.265 lsst_hardware_u -4.250581628007181 2.8399999141693115 28.5 AB 5.578942528275389 1.093267201308064
60971.1168 lsst_hardware_r 18.207879797935632 24.530000686645508 31.440000534057617 AB 7.25052524395754 1.3604513076193903
60971.1613 lsst_hardware_i -26.97638416990062 45.380001068115234 31.979999542236328 AB 5.632760626274538 1.1650773496153533
60971.2193 lsst_hardware_z 58.657826487309876 41.83000183105469 30.940000534057617 AB 3.7914589968881067 1.0801108174312675
60973.1814 lsst_hardware_z -8.007702627823914 42.349998474121094 30.940000534057617 AB 5.071276987470074 1.1089606357905508
60973.1993 lsst_hardware_r 26.138565645436007 23.520000457763672 31.5 AB 4.985718517631721 1.087654702339375
60975.1792 lsst_hardware_u 0.72152896737551 2.680000066757202 28.3799991607666 AB 2.624874442641425 1.1040481357064127
60975.1972 lsst_hardware_r -52.48440889236972 23.520000457763672 31.5 AB 2.6920838349681304 1.0851530406320982
60977.1767 lsst_hardware_i -11.955206825834793 33.34000015258789 31.260000228881836 AB 2.3660874545848944 1.0999941676359344
60977.1941 lsst_hardware_z -33.462682019053474 42.630001068115234 30.950000762939453 AB 2.2161054879610127 1.08367016526178
60980.1607 lsst_hardware_z -16.927588596733855 49.689998626708984 30.959999084472656 AB 5.128573620097233 1.1115244083435702
60980.1785 lsst_hardware_r 21.69612215663133 51.34000015258789 31.610000610351562 AB 4.816294408224304 1.0890844369241661
60990.1944 lsst_hardware_u 0.10819937872396479 2.619999885559082 28.34000015258789 AB 0.7814805533522575 1.088413026953005
60990.2126 lsst_hardware_g 8.010666019445287 20.809999465942383 31.530000686645508 AB 2.595087724977315 1.1109108411718942
60992.1972 lsst_hardware_r 32.696734932408035 23.420000076293945 31.489999771118164 AB 4.78834790695682 1.0968612775070026
60992.2154 lsst_hardware_i 19.871974851349805 31.489999771118164 31.239999771118164 AB 7.526325960582852 1.1259931620370804
60994.13 lsst_hardware_i 36.35630123159716 31.3700008392334 31.25 AB 4.6211559283555825 1.1003625513982656
60994.1475 lsst_hardware_z 36.83104789230214 42.02000045776367 30.950000762939453 AB 4.551127189908391 1.0837737394606424
60996.1806 lsst_hardware_r 1.345416208504541 23.360000610351562 31.489999771118164 AB 2.884931412372801 1.0907456740437196
60996.2013 lsst_hardware_u -2.95810886428841 2.7100000381469727 28.399999618530273 AB 2.683436181179104 1.119809228478329
60998.1809 lsst_hardware_g 6.507443940529617 14.350000381469727 31.40999984741211 AB 5.803363888259877 1.0969578114377465
60998.199 lsst_hardware_i 2.5144618710536735 31.440000534057617 31.239999771118164 AB 5.9811675437854355 1.12595514197859
61000.1822 lsst_hardware_z -31.410920159867437 42.13999938964844 30.940000534057617 AB 3.5237334408889507 1.1060633348330475
61000.2031 lsst_hardware_r -7.175599386207875 23.489999771118164 31.479999542236328 AB 3.5339591029663424 1.1475445605627415
61005.1139 lsst_hardware_g 42.596415819714366 16.700000762939453 31.479999542236328 AB 3.9462489741349622 1.0861235708628336
61005.1347 lsst_hardware_r 12.690799742499058 24.09000015258789 31.5 AB 5.617885942126467 1.0795668466438033
61007.0959 lsst_hardware_i 19.672133824259674 35.209999084472656 31.260000228881836 AB 4.26791804154709 1.0985632024575405
61007.1134 lsst_hardware_z 29.196328835605545 43.619998931884766 30.950000762939453 AB 4.208856647710963 1.0829891022501272
61010.1452 lsst_hardware_r 47.75840700358819 72.80000305175781 31.6299991607666 AB 8.933007832996356 1.0936145072021657
61010.1648 lsst_hardware_z -39.306380992075624 60.5 30.969999313354492 AB 9.117343452629902 1.123102174504735
61012.1452 lsst_hardware_z 189.11523522669324 74.48999786376953 30.989999771118164 AB 7.118059700954174 1.1001233024473793
61012.1638 lsst_hardware_i -90.49776210469489 86.93000030517578 31.31999969482422 AB 7.325056570525394 1.132288077422483
61014.074 lsst_hardware_r 12.154994002236043 98.41999816894531 31.639999389648438 AB 1.6594086158047985 1.1022308972466281
61014.0935 lsst_hardware_z 73.68737283613696 70.38999938964844 30.989999771118164 AB 4.035007687818739 1.083417440567161
61016.0771 lsst_hardware_r -5.851787652496219 23.09000015258789 31.479999542236328 AB 4.9252613224650945 1.0920151482656382
61016.0957 lsst_hardware_u -2.0837704535020953 6.610000133514404 29.010000228881836 AB 6.1388555788002 1.0802772604644484
61019.0763 lsst_hardware_g 6.934351855505132 14.09000015258789 31.399999618530273 AB 8.007533142224109 1.085669066148443
61019.0956 lsst_hardware_r -7.976300988054966 23.020000457763672 31.479999542236328 AB 9.931334534768206 1.0794928842139355
61021.113 lsst_hardware_i -35.29986778320057 30.610000610351562 31.239999771118164 AB 13.69246720535969 1.0913810940028448
61021.1316 lsst_hardware_z -16.688154177260298 41.86000061035156 30.940000534057617 AB 13.129431856694364 1.1171607621097097
61023.1127 lsst_hardware_r -7.945898778790133 23.079999923706055 31.489999771118164 AB 8.108932529165823 1.0970247274550442
61023.1308 lsst_hardware_u 1.6267130029450232 2.690000057220459 28.399999618530273 AB 8.008342483549347 1.1260719912187152
61025.1145 lsst_hardware_g -34.40264751810398 14.149999618530273 31.399999618530273 AB 11.182655711810796 1.1069029889966011
61025.1327 lsst_hardware_i -17.758035505773147 31.579999923706055 31.229999542236328 AB 11.64207022571203 1.1423044847491537
61029.0445 lsst_hardware_y -63.436248650136534 50.939998626708984 30.040000915527344 AB 5.626007987883915 1.0892561447984346
61029.0637 lsst_hardware_u 6.786239560277348 2.759999990463257 28.459999084472656 AB 5.612658366526687 1.079616901471832
61031.0456 lsst_hardware_z 54.662674713952256 44.86000061035156 30.950000762939453 AB 5.8577057270624 1.0842917986787932
61031.0641 lsst_hardware_r 0.8940076281575919 23.010000228881836 31.489999771118164 AB 5.906858133350202 1.0796012184751191
61035.0388 lsst_hardware_y 57.54434522309656 60.72999954223633 30.049999237060547 AB 10.130293244124706 1.0820650762790756
61035.0591 lsst_hardware_z 3.6329031897908717 42.36000061035156 30.950000762939453 AB 10.418898770752124 1.08096682790394
61037.0386 lsst_hardware_y -68.74931257130572 63.529998779296875 30.049999237060547 AB 6.067185904716174 1.0802111403055503
61037.0602 lsst_hardware_i 40.38887645013191 40.790000915527344 31.290000915527344 AB 6.86098791088521 1.0841127005508437
61041.0512 lsst_hardware_y 78.70234771833498 84.58000183105469 30.799999237060547 AB 7.48206447738546 1.0853615232915474
