data/validation/pwv_sim_epoch_fit_seasonal/58286302.ecsv
# %ECSV 0.9
# ---
# datatype:
# - {name: time, datatype: float64}
# - {name: band, datatype: string}
# - {name: flux, datatype: float64}
# - {name: fluxerr, datatype: float64}
# - {name: zp, datatype: float64}
# - {name: zpsys, datatype: string}
# - {name: pwv, datatype: float64}
# - {name: airmass, datatype: float64}
# meta: {SNID: '58286302', alt: 1024.0, c: -0.12782709300518036, dec: -28.971533, lat: -30.244573, lon: -70.7499537, ra: 105.292969, t0: 61325.38671875,
#   x0: 6.126214597873747e-06, x1: 0.6522327661514282, z: 0.5633965134620667}
# schema: astropy-2.0
time band flux fluxerr zp zpsys pwv airmass
[from data line 132]
61746.1565 lsst_hardware_z -9.41049643758447 46.279998779296875 30.93000030517578 AB 5.727315143899732 1.27372737549199
61748.1388 lsst_hardware_y -0.37997907124662983 51.540000915527344 29.940000534057617 AB 7.38999415246032 1.3461644579137142
61748.162 lsst_hardware_r -55.22575295977893 46.29999923706055 31.579999923706055 AB 6.6779822178236286 1.2192031799823824
61750.1205 lsst_hardware_r -18.558388903401536 65.7699966430664 31.540000915527344 AB 15.341697011813736 1.4381155656896139
61750.1424 lsst_hardware_i 16.501524626744374 54.029998779296875 31.270000457763672 AB 12.383286892400493 1.2912820124332496
61752.1484 lsst_hardware_r 32.03422084780274 91.87000274658203 31.610000610351562 AB 12.741510122826659 1.2317183162865928
61752.1722 lsst_hardware_z 4.383451183007306 63.65999984741211 30.979999542236328 AB 12.60507684972291 1.1363773942713806
61754.1258 lsst_hardware_z 21.289674894616475 67.06999969482422 30.950000762939453 AB 10.424530984090069 1.3247987748922403
61754.1478 lsst_hardware_r -30.204749958409025 87.08000183105469 31.6200008392334 AB 9.529919544615662 1.2093733445950148
61756.1516 lsst_hardware_z 30.204205806215796 52.13999938964844 30.959999084472656 AB 10.999527527095838 1.1710553287537488
61756.1741 lsst_hardware_i 69.76626247129482 51.70000076293945 31.309999465942383 AB 9.398673984626747 1.0978690530081552
61758.1272 lsst_hardware_r 26.470248059326718 39.599998474121094 32.63999938964844 AB 4.064762296864824 1.2555250337806405
61758.1493 lsst_hardware_u 6.0638101686066 4.570000171661377 29.56999969482422 AB 3.98895663631296 1.159159211423512
61764.1314 lsst_hardware_i 19.426553749419973 30.739999771118164 31.229999542236328 AB 7.360378669078712 1.1648011820032778
61764.1536 lsst_hardware_z -17.337873930575547 41.22999954223633 30.940000534057617 AB 6.998768593626559 1.0942842658994205
61766.1411 lsst_hardware_r -38.510208055616005 22.1299991607666 31.469999313354492 AB 5.45386245855773 1.1139993787585936
61766.1631 lsst_hardware_g 4.435058022094725 13.079999923706055 31.389999389648438 AB 5.113093667174968 1.0595438361239118
61770.1368 lsst_hardware_z 10.762988817108777 41.65999984741211 30.940000534057617 AB 7.391971995504789 1.0953909525439112
61770.1591 lsst_hardware_i -1.5266568989384155 30.020000457763672 31.25 AB 7.032919875523396 1.0464875940069036
61774.0457 lsst_hardware_y 205.88180187353063 104.04000091552734 30.649999618530273 AB 3.422302554429568 1.5169780826372201
61776.0357 lsst_hardware_z -120.92575106319886 83.20999908447266 30.920000076293945 AB 14.75234569209256 1.5601042398575042
61776.0575 lsst_hardware_r -63.84387316941573 37.709999084472656 31.510000228881836 AB 13.63524225064604 1.3787827542112099
61778.0361 lsst_hardware_y 270.2515901471487 83.83999633789062 29.920000076293945 AB 14.798738743578093 1.5050074996011424
61778.0571 lsst_hardware_z -22.573923875325974 52.369998931884766 30.93000030517578 AB 11.0754264777444 1.3447987709370004
61780.1315 lsst_hardware_i -24.582873877279802 59.90999984741211 31.329999923706055 AB 8.614267185336217 1.0470090775249123
61780.1503 lsst_hardware_z 13.612684384304092 55.959999084472656 30.989999771118164 AB 8.300493761553266 1.0200299553368029
61782.1256 lsst_hardware_i 61.487772843326496 75.3499984741211 31.34000015258789 AB 7.232885451089168 1.047788707965987
61782.1434 lsst_hardware_z -24.587785504249457 65.91000366210938 30.989999771118164 AB 7.087317614942767 1.0216689656829705
61786.0342 lsst_hardware_y -46.60148380920003 82.31999969482422 29.959999084472656 AB 4.085892454018577 1.3516763921327377
61786.0516 lsst_hardware_g -34.548621076782304 14.550000190734863 31.360000610351562 AB 4.227153357229812 1.251192350815395
61788.0351 lsst_hardware_z -88.35813358906518 70.2699966430664 30.950000762939453 AB 9.7672936098081 1.3118678738101637
61788.0526 lsst_hardware_i -19.518700649789885 32.11000061035156 31.229999542236328 AB 4.75819215806599 1.2200492712989717
61790.0346 lsst_hardware_y 272.8479549934473 75.75 29.979999542236328 AB 11.456758683420736 1.2833588876747832
61790.0516 lsst_hardware_r -9.710723264808504 23.260000228881836 31.469999313354492 AB 9.918932800210635 1.2002338772060865
61794.0346 lsst_hardware_y 238.36166899508828 71.38999938964844 30.0 AB 17.995166602230093 1.227563934186953
61794.052 lsst_hardware_z -12.433477789219706 42.45000076293945 30.93000030517578 AB 14.939856308998774 1.1555306913913508
61796.0347 lsst_hardware_y -0.9757912457098377 67.44999694824219 30.020000457763672 AB 12.926270845299667 1.202462442391324
61796.0524 lsst_hardware_u 0.7593266456529565 2.809999942779541 28.399999618530273 AB 13.533970663567075 1.1352573638860106
61798.033 lsst_hardware_y -49.245750337206914 68.0 30.010000228881836 AB 13.083422416898372 1.1866332270367663
61798.0498 lsst_hardware_r -14.167971023955351 22.450000762939453 31.469999313354492 AB 13.157112064775307 1.126015182128314
61800.0409 lsst_hardware_z -21.870973526334183 72.02999877929688 31.700000762939453 AB 12.307173687658356 1.1371752296655933
61802.0325 lsst_hardware_y 53.07812555209045 63.5 30.030000686645508 AB 9.856746677217398 1.147200497813943
61802.05 lsst_hardware_g -18.298154563109442 14.90999984741211 31.440000534057617 AB 8.860344378401786 1.0938696763458995
61806.0312 lsst_hardware_y 179.0002386541397 63.650001525878906 30.040000915527344 AB 6.204200296301075 1.116030633422464
61806.048 lsst_hardware_i -22.815931338045043 38.33000183105469 31.280000686645508 AB 6.356200635067623 1.0720979354952769
61811.029 lsst_hardware_y -31.291278814287203 64.44999694824219 30.049999237060547 AB 2.711843065694552 1.0847372262778208
61811.0469 lsst_hardware_i 85.02425442811746 72.48999786376953 31.329999923706055 AB 2.722012583417996 1.0469279166992291
61813.0375 lsst_hardware_z 25.204765955263877 78.0999984741211 31.729999542236328 AB 2.846265330355766 1.0541723445762097
61815.0272 lsst_hardware_y -38.60294339234481 54.380001068115234 30.049999237060547 AB 2.667682967777344 1.0638815424834873
61815.045 lsst_hardware_r -9.827335581816358 21.709999084472656 31.479999542236328 AB 2.583917013604504 1.032465508898976
61817.0278 lsst_hardware_y 50.94353386215093 50.5 30.049999237060547 AB 3.0014881459110256 1.051861975087095
61817.048 lsst_hardware_z -36.09046854360344 40.369998931884766 30.950000762939453 AB 2.4515364501418886 1.0214735208924537
61819.0249 lsst_hardware_y 55.02238476971062 52.540000915527344 30.059999465942383 AB 3.7249870908239426 1.0472026494058173
61819.0443 lsst_hardware_u -3.817693603515214 2.6600000858306885 28.469999313354492 AB 4.646310475087846 1.0194866648574539
61821.0233 lsst_hardware_y -82.82217593736979 53.66999816894531 30.059999465942383 AB 3.850348843509826 1.040634822570223
61821.0416 lsst_hardware_r -9.235322761342633 21.579999923706055 31.5 AB 3.7613307821161084 1.0165758870584076
61823.0233 lsst_hardware_y -18.263812527277917 50.5099983215332 30.049999237060547 AB 5.036122522912224 1.0322567302920265
61823.0437 lsst_hardware_r -23.900893989685148 21.56999969482422 31.489999771118164 AB 5.537812162987908 1.0098586118965869
