data/validation/pwv_sim_epoch_fit_seasonal/58292943.ecsv
# %ECSV 0.9
# ---
# datatype:
# - {name: time, datatype: float64}
# - {name: band, datatype: string}
# - {name: flux, datatype: float64}
# - {name: fluxerr, datatype: float64}
# - {name: zp, datatype: float64}
# - {name: zpsys, datatype: string}
# - {name: pwv, datatype: float64}
# - {name: airmass, datatype: float64}
# meta: {SNID: '58292943', alt: 1024.0, c: -0.0868200734257698, dec: -35.685333, lat: -30.244573, lon: -70.7499537, ra: 178.066406, t0: 60718.9453125,
#   x0: 6.099094719169297e-06, x1: -0.6499794721603394, z: 0.5649014115333557}
# schema: astropy-2.0
time band flux fluxerr zp zpsys pwv airmass
[from data line 132]
61089.2371 lsst_hardware_r 11.92927049040966 22.09000015258789 31.489999771118164 AB 5.4535304770333894 1.0314818460777158
61091.214 lsst_hardware_u -0.0815664243620688 3.859999895095825 29.239999771118164 AB 3.494135673016947 1.0588289918233174
61091.2342 lsst_hardware_g 36.72033196101482 19.09000015258789 32.16999816894531 AB 3.3935690528703852 1.0283542584455714
61093.2168 lsst_hardware_r -5.223668212111804 22.200000762939453 31.479999542236328 AB 8.462323385138314 1.0447312821158412
61093.238 lsst_hardware_i -14.787092377271238 29.889999389648438 31.25 AB 8.251708129631096 1.0187293987198884
61098.1142 lsst_hardware_r 44.84650950110803 49.20000076293945 31.540000915527344 AB 9.154014200845843 1.3608881589007424
61098.2023 lsst_hardware_i -39.955941145385914 53.45000076293945 32.0099983215332 AB 6.944359125739219 1.046073529523118
61098.2834 lsst_hardware_z 70.55495481129779 40.599998474121094 30.950000762939453 AB 6.078466328319339 1.0156167632947934
61100.1124 lsst_hardware_z 66.58527509313045 58.7599983215332 30.940000534057617 AB 5.490357191702714 1.3382139276589393
61100.133 lsst_hardware_i -29.954819125957016 58.470001220703125 31.280000686645508 AB 5.02937805625662 1.2305292312335245
61102.1172 lsst_hardware_z -56.58849205919602 108.54000091552734 31.709999084472656 AB 7.528881873090664 1.2806398831588133
61104.1143 lsst_hardware_r 36.76192492958111 165.25 32.349998474121094 AB 13.094704880851081 1.2675361665742757
61104.1369 lsst_hardware_i 46.80639592975644 129.47000122070312 32.060001373291016 AB 11.965821123865782 1.1704422357873279
61106.1238 lsst_hardware_z -202.81222602402005 95.31999969482422 31.719999313354492 AB 8.683472534527535 1.1998165808577101
61108.1133 lsst_hardware_g -70.37150492301302 35.2400016784668 31.59000015258789 AB 12.563547496836243 1.2210362754171822
61108.1349 lsst_hardware_r 52.741390498689135 49.040000915527344 31.600000381469727 AB 10.89690407582873 1.140042274716158
61110.1119 lsst_hardware_i -38.33305076768553 31.670000076293945 31.229999542236328 AB 9.126557656289878 1.2038195994051017
61110.132 lsst_hardware_z 35.19306140402581 42.209999084472656 30.940000534057617 AB 8.69253943611881 1.1320376067180558
61112.1128 lsst_hardware_i 4.685072889558139 31.530000686645508 31.219999313354492 AB 15.484857157294329 1.1787882506266707
61112.1331 lsst_hardware_u 1.8376765956711283 2.5799999237060547 28.329999923706055 AB 15.580622730151475 1.1129016235822482
61117.0954 lsst_hardware_i 53.18261135534653 31.540000915527344 31.229999542236328 AB 9.61111930562316 1.1932608238404472
61117.1114 lsst_hardware_r 0.46559310169925266 22.93000030517578 31.479999542236328 AB 9.04092072003061 1.1366508322894575
61119.0933 lsst_hardware_u 0.09672644534775907 2.690000057220459 28.3799991607666 AB 6.1049347492744515 1.1802486989301098
61119.1109 lsst_hardware_g -9.424064283278431 14.020000457763672 31.40999984741211 AB 5.657968332533209 1.1216669143149143
61123.0944 lsst_hardware_z -8.889233808397787 42.31999969482422 30.940000534057617 AB 6.255457586577578 1.1385980317760374
61123.1125 lsst_hardware_r 2.103103753148674 22.799999237060547 31.489999771118164 AB 5.987511502729733 1.0886384550417696
61132.0732 lsst_hardware_z -108.72552527062793 87.19000244140625 30.989999771118164 AB 9.849082653502311 1.1281881619132252
61132.0904 lsst_hardware_r -96.04339356649612 129.32000732421875 31.649999618530273 AB 9.341602164509196 1.0828750577097213
61136.077 lsst_hardware_r -25.356041091053964 58.41999816894531 31.6299991607666 AB 8.57457583764763 1.0886507051903547
61136.0937 lsst_hardware_z 6.694070658820377 52.189998626708984 30.969999313354492 AB 10.129154560324439 1.0542051580563163
61138.0696 lsst_hardware_g 15.563373238540164 14.029999732971191 31.399999618530273 AB 8.227562446340507 1.0933395645288706
61138.0885 lsst_hardware_i -27.02780679586037 35.5 31.280000686645508 AB 7.853228356913053 1.0537474313775455
61140.0681 lsst_hardware_z 32.52959362816871 41.869998931884766 30.950000762939453 AB 6.102208040211597 1.0839216732912822
61140.0862 lsst_hardware_r -7.619656113720195 22.8700008392334 31.5 AB 5.306749113683815 1.0483847974088074
61146.9869 lsst_hardware_y 45.248464992800024 50.880001068115234 29.959999084472656 AB 18.992498367919307 1.3214930676258911
61147.0071 lsst_hardware_i -26.670498305852032 32.060001373291016 31.239999771118164 AB 16.193364631299893 1.2197932003540277
61148.9853 lsst_hardware_z -10.764553196638001 45.040000915527344 30.920000076293945 AB 11.972590543885834 1.299732099319064
61149.0057 lsst_hardware_u 1.8871536442232004 2.5999999046325684 28.309999465942383 AB 11.031468251056198 1.202645713829806
61152.9802 lsst_hardware_y -33.17642892909821 50.83000183105469 29.969999313354492 AB 8.270927652724316 1.2690986859408715
61152.9985 lsst_hardware_z 23.281462667276386 43.599998474121094 30.93000030517578 AB 7.750279792102279 1.1877823436172075
61154.9783 lsst_hardware_y -160.30883550820008 52.08000183105469 29.979999542236328 AB 17.231547386290273 1.2515726092393746
61154.9961 lsst_hardware_z -108.65063098283589 46.720001220703125 30.940000534057617 AB 16.216353863619403 1.1761421452825136
61156.9782 lsst_hardware_y 36.33365447471413 53.810001373291016 29.989999771118164 AB 7.587786123522687 1.2268045470529807
61156.9977 lsst_hardware_r 85.58972523325727 65.38999938964844 31.6200008392334 AB 7.213656296035044 1.1511919084037572
61158.9768 lsst_hardware_y -72.83165713921127 59.31999969482422 30.0 AB 12.817668358015805 1.2092615299043192
61158.9964 lsst_hardware_r 21.725495461710125 97.12000274658203 31.6299991607666 AB 11.872654564339621 1.1376633350267205
61160.9835 lsst_hardware_z -79.53558790477098 116.63999938964844 31.739999771118164 AB 13.32404369085839 1.1624536460354555
61162.9729 lsst_hardware_y -48.47446457176769 55.61000061035156 30.010000228881836 AB 15.572016158200942 1.1812343950997592
61162.9912 lsst_hardware_i -102.82730805600247 72.1500015258789 31.31999969482422 AB 14.767456262905677 1.1203947419807427
61165.9712 lsst_hardware_y -103.66728306698897 49.58000183105469 30.0 AB 7.857006740832616 1.157740623418937
61165.99 lsst_hardware_r -31.004350654074454 22.850000381469727 31.489999771118164 AB 8.01065674162556 1.1012725792721418
61167.9714 lsst_hardware_y -42.51082011348101 49.09000015258789 30.010000228881836 AB 11.194167934332427 1.1390077263260565
61167.9924 lsst_hardware_g 7.087487445455862 13.520000457763672 31.3700008392334 AB 10.616471947067675 1.0821999759160394
61169.9688 lsst_hardware_y 84.22063670565574 49.279998779296875 30.010000228881836 AB 8.79465320284825 1.130127628225167
61169.9881 lsst_hardware_z 51.151155798965995 41.689998626708984 30.940000534057617 AB 8.367362707324418 1.0795900531997185
61171.9666 lsst_hardware_y -26.421842416341406 50.2599983215332 30.020000457763672 AB 13.07286190224 1.1204669935066767
61171.9862 lsst_hardware_u 4.447274191450658 2.569999933242798 28.34000015258789 AB 12.459479634156464 1.0719061369754255
61177.9645 lsst_hardware_y 19.49128592048371 49.88999938964844 30.030000686645508 AB 8.069605232210455 1.0835563376882564
61177.9848 lsst_hardware_u -1.6041869878142418 2.609999895095825 28.399999618530273 AB 7.772205684916721 1.0446045004592162
61181.9613 lsst_hardware_y -37.59466667891762 50.459999084472656 30.040000915527344 AB 5.962305653763513 1.0669838320980987
61181.9809 lsst_hardware_i -1.9610279820618286 31.459999084472656 31.260000228881836 AB 5.624237527507471 1.0344376544984575
61184.961 lsst_hardware_y 47.77079611377607 55.16999816894531 30.049999237060547 AB 4.985270773759869 1.0522998994743789
61184.98 lsst_hardware_r -69.48241494338397 53.16999816894531 31.639999389648438 AB 4.920928837995365 1.0255496015273977
61186.9705 lsst_hardware_y 110.05260536735204 78.5999984741211 30.809999465942383 AB 6.052128472924983 1.030266436972987
