data/validation/pwv_sim_epoch_fit_seasonal/58311863.ecsv
# %ECSV 0.9
# ---
# datatype:
# - {name: time, datatype: float64}
# - {name: band, datatype: string}
# - {name: flux, datatype: float64}
# - {name: fluxerr, datatype: float64}
# - {name: zp, datatype: float64}
# - {name: zpsys, datatype: string}
# - {name: pwv, datatype: float64}
# - {name: airmass, datatype: float64}
# meta: {SNID: '58311863', alt: 1024.0, c: -0.025048166513442993, dec: -7.180756, lat: -30.244573, lon: -70.7499537, ra: 291.621094, t0: 60569.56640625,
#   x0: 5.4030917325251325e-06, x1: 0.41912105679512024, z: 0.594066858291626}
# schema: astropy-2.0
time band flux fluxerr zp zpsys pwv airmass
60423.4132 lsst_hardware_z -10.518196720449131 57.0099983215332 30.969999313354492 AB 10.755443864903382 1.0878736208600859
60426.4153 lsst_hardware_y 71.43938797650729 88.05000305175781 30.790000915527344 AB 1.5227787960606614 1.0876991400433296
60429.3954 lsst_hardware_r 154.25441361572564 73.08999633789062 31.639999389648438 AB 12.44105918159724 1.0882344678774154
60429.4133 lsst_hardware_z -18.16721904059039 60.43000030517578 30.979999542236328 AB 12.429825026511715 1.089650514429091
60436.3654 lsst_hardware_r -55.94452174085126 24.0 31.5 AB 6.608755622046858 1.09371214266394
60436.3839 lsst_hardware_u -0.17039210512902714 2.700000047683716 28.389999389648438 AB 7.5629855355804985 1.0872607152933436
60443.3483 lsst_hardware_g -25.17127410313596 20.920000076293945 32.16999816894531 AB 8.73406283512874 1.0923381590380885
60443.3696 lsst_hardware_i -21.803488686232065 44.5099983215332 31.989999771118164 AB 8.689105817236005 1.087849323486234
60445.3442 lsst_hardware_z 9.14252352133812 59.880001068115234 31.690000534057617 AB 4.530823887978337 1.0915017798068476
60445.3677 lsst_hardware_r 33.19132688584217 23.809999465942383 31.5 AB 4.483118568900559 1.088884403246705
60460.2743 lsst_hardware_r 46.74293156180296 40.470001220703125 31.59000015258789 AB 7.8041599516373195 1.1263581186814182
60460.304 lsst_hardware_z -53.58730390120181 65.81999969482422 31.700000762939453 AB 8.104877060456115 1.0910761131419495
60460.3364 lsst_hardware_r 5.652374251861319 40.810001373291016 31.600000381469727 AB 7.799363226573288 1.0942891067121814
60462.2824 lsst_hardware_r -15.125428790118594 25.200000762939453 31.510000228881836 AB 10.919759734225346 1.1054812695994634
60462.3051 lsst_hardware_y -127.02999833554541 47.68000030517578 30.030000686645508 AB 10.318920282452824 1.0883023676343284
60464.2778 lsst_hardware_g 12.894192057863863 14.75 31.420000076293945 AB 12.675323109344841 1.1044348887398296
60464.3027 lsst_hardware_r -16.14316222979988 23.719999313354492 31.5 AB 13.081441662209583 1.0876050518350966
60466.2802 lsst_hardware_i 1.2594326877738964 31.549999237060547 31.25 AB 6.377595910284302 1.0963405856718853
60466.3045 lsst_hardware_z -14.642397624788023 42.25 30.940000534057617 AB 6.567163141584334 1.0874587086577803
60468.2703 lsst_hardware_r -30.793673294355465 23.729999542236328 31.5 AB 3.7624585729217004 1.1005899830596402
60468.2905 lsst_hardware_u -0.6909549418095082 2.7100000381469727 28.40999984741211 AB 3.8699447676100385 1.0878525430746968
60485.2337 lsst_hardware_z 135.5542948678908 117.73999786376953 31.739999771118164 AB 4.784579632323793 1.0923074327547042
60487.2363 lsst_hardware_r -55.9960786328531 92.61000061035156 32.380001068115234 AB 7.905222227351683 1.088473778320898
60487.2605 lsst_hardware_z 3.785649918779882 78.70999908447266 31.719999313354492 AB 7.842596887874942 1.0927402658318157
60490.2058 lsst_hardware_i -48.630821366398365 31.899999618530273 31.25 AB 3.4276091820465147 1.1056803813053273
60490.2285 lsst_hardware_r -39.8394187219752 26.780000686645508 31.520000457763672 AB 3.603726664105834 1.0883555637305584
60493.2162 lsst_hardware_u -7.0364188628093425 2.759999990463257 28.43000030517578 AB 7.3447567583542455 1.089915181908972
60493.2356 lsst_hardware_g 7.051623851666039 15.029999732971191 31.440000534057617 AB 7.3449217483191696 1.0885397181651233
60495.1857 lsst_hardware_r -34.731756961258284 24.260000228881836 31.489999771118164 AB 4.01260807073835 1.1146133529828748
60495.2054 lsst_hardware_i -5.582897678892202 31.709999084472656 31.25 AB 3.934689262219959 1.0929692395055441
60497.226 lsst_hardware_z 45.64198077763805 59.779998779296875 31.690000534057617 AB 1.960198640063384 1.0889992444796577
60497.2467 lsst_hardware_r -36.33829914319384 34.2400016784668 32.2400016784668 AB 1.9900403521278829 1.1055779734043794
60499.2143 lsst_hardware_u 5.240891448923796 2.8499999046325684 28.5 AB 2.342106941119478 1.0874553412046328
60499.2338 lsst_hardware_g 11.315158837435053 15.3100004196167 31.459999084472656 AB 2.3816933137901066 1.09755452248392
60501.2138 lsst_hardware_r -5.304560184714418 24.190000534057617 31.5 AB 9.035008345664385 1.088555222369203
60501.235 lsst_hardware_z -0.7553293870427905 42.689998626708984 30.940000534057617 AB 9.168404676177333 1.1046270694189557
60503.2171 lsst_hardware_r 13.934079904883893 24.280000686645508 31.510000228881836 AB 7.425406532799451 1.092935904150707
60503.2355 lsst_hardware_u 1.3391419117032353 2.8499999046325684 28.489999771118164 AB 7.625691007092837 1.112589875560738
60506.1914 lsst_hardware_z -28.851590506415622 64.08000183105469 31.700000762939453 AB 3.280336987277743 1.087284384248506
60508.1843 lsst_hardware_r -15.15519275974977 59.529998779296875 31.6299991607666 AB 2.365525039258822 1.0873894070525134
60508.2021 lsst_hardware_i 7.107816901396689 51.95000076293945 31.299999237060547 AB 2.3602120306018244 1.0920587764496585
60511.1732 lsst_hardware_z 36.31141983240629 87.8499984741211 30.989999771118164 AB 6.777254359966404 1.0878417913268708
60511.1938 lsst_hardware_r 51.072130006342505 132.07000732421875 31.639999389648438 AB 6.830409315585722 1.0919918969761346
60514.1729 lsst_hardware_z 80.04678675491789 101.12000274658203 31.729999542236328 AB 5.999412871010013 1.087408308191405
60516.1616 lsst_hardware_r 24.306709619789096 55.22999954223633 31.6200008392334 AB 9.881100397993677 1.0874883502019932
60516.1798 lsst_hardware_z -52.95315412836483 50.86000061035156 30.959999084472656 AB 11.736081059465716 1.0917792510782565
60520.1345 lsst_hardware_i -52.86617976597863 31.760000228881836 31.239999771118164 AB 6.054900302071936 1.0949186803023394
60520.1543 lsst_hardware_r 16.568961826776665 24.09000015258789 31.5 AB 6.040645574128736 1.0872781486079712
60525.1243 lsst_hardware_u -1.7401102731205538 2.740000009536743 28.40999984741211 AB 1.9174991437006847 1.0924364869395726
60525.1447 lsst_hardware_g -6.18664778619032 14.9399995803833 31.440000534057617 AB 1.429377800271906 1.0876685861295416
60529.1268 lsst_hardware_z -20.845137091859257 41.9900016784668 30.950000762939453 AB 4.1738385423531135 1.0874090861536552
60529.1457 lsst_hardware_r -36.44987817796773 23.989999771118164 31.510000228881836 AB 4.19729354662854 1.092665796588478
60531.0966 lsst_hardware_i 43.816142450273844 31.719999313354492 31.25 AB 4.094102566268967 1.1024421235801904
60531.1171 lsst_hardware_u -1.3411692040294527 2.759999990463257 28.440000534057617 AB 4.0552092876069095 1.08820858382039
60533.0933 lsst_hardware_g -16.051417458922902 19.6200008392334 31.540000915527344 AB 2.9789270465570072 1.1001146229668273
60535.0899 lsst_hardware_i 17.62143994666581 38.18000030517578 31.280000686645508 AB 4.00387532285615 1.0980803079482069
60535.1098 lsst_hardware_r -50.002313706999296 37.130001068115234 31.600000381469727 AB 3.914026625496883 1.087481349987557
60539.1067 lsst_hardware_r -95.81754408638434 166.11057032588226 32.400001525878906 AB 2.855786906078651 1.0877116381941156
60539.1386 lsst_hardware_i 50.953439021042726 89.31903018108251 31.329999923706055 AB 3.0119807704364465 1.1146883344714682
60541.0925 lsst_hardware_z 171.07308445359402 120.32190151588748 31.739999771118164 AB 2.283994481114101 1.0876164195781433
60541.1123 lsst_hardware_r 119.47891013597152 181.3636552997351 32.400001525878906 AB 2.2937364479819284 1.0922554514199658
60543.1007 lsst_hardware_z 287.63916109714 89.48191524396115 31.729999542236328 AB 3.005971112483099 1.089119968290978
60546.0587 lsst_hardware_g 39.06585121744519 15.992821095810022 31.440000534057617 AB 4.594968400870931 1.099208994885696
60546.0765 lsst_hardware_r 146.59450021382713 26.607578068504495 31.5 AB 4.551675450550536 1.0881149352870976
60549.0486 lsst_hardware_i 483.1245364415191 36.79666098643429 31.25 AB 3.854137519848468 1.1011821485281337
60549.0649 lsst_hardware_r 432.3533570723359 31.170819026322693 31.510000228881836 AB 3.812323872423296 1.0892353921209417
60553.0434 lsst_hardware_u 3.7064959985744887 3.3760534334886363 28.420000076293945 AB 1.3764195608011707 1.0957300470753648
60553.0611 lsst_hardware_g 199.56516844991785 20.94072015195877 31.43000030517578 AB 1.407677817738199 1.0874297549155651
60557.023 lsst_hardware_i 1054.722752492659 45.10796625043148 31.25 AB 1.5413723287580408 1.1055207665469182
60557.043 lsst_hardware_z 660.6997418901407 49.9614872697973 30.940000534057617 AB 1.2993937361355419 1.0892577599458715
60561.0242 lsst_hardware_g 554.2838358505401 28.40029148400183 31.469999313354492 AB 2.8718068592145007 1.0936744624111079
60561.0438 lsst_hardware_r 1743.5772192528068 47.95473075533294 31.510000228881836 AB 2.8075263749809127 1.0873456138578284
60566.0145 lsst_hardware_i 1787.11851793373 72.98668720906636 31.31999969482422 AB 1.5275978889829112 1.091141349273508
60566.0317 lsst_hardware_r 2135.1712348963024 81.76382433110606 31.639999389648438 AB 1.5225109562548405 1.0875078258963147
60568.0263 lsst_hardware_z 2501.9877701846876 109.15227641233575 31.739999771118164 AB 2.7412655564373845 1.0875160895678595
60570.992 lsst_hardware_y 644.8452785888717 59.42179714318366 30.040000915527344 AB 6.6202845695745145 1.0977092637330748
60571.0117 lsst_hardware_r 1824.1645827067534 98.23195727966714 31.639999389648438 AB 6.416006068660503 1.08745865570517
60572.9935 lsst_hardware_y 524.4036501310595 53.406733253472645 30.030000686645508 AB 3.740295314606327 1.0922696333904078
60573.0147 lsst_hardware_z 1152.5475384107983 54.168026881403804 30.940000534057617 AB 4.242746256124053 1.087883655416424
60576.9857 lsst_hardware_y 452.34997949490605 65.69834204212368 30.049999237060547 AB 4.876629294121004 1.0904806113865784
60577.0053 lsst_hardware_r 1580.919138375221 46.02457160805744 31.5 AB 4.73051394816815 1.0882666956408458
60791.4032 lsst_hardware_u 3.453850089410512 2.819999933242798 28.440000534057617 AB 4.369930441013064 1.088581858593307
60791.4211 lsst_hardware_y 0.5674511528694769 57.34000015258789 30.040000915527344 AB 4.803968866163558 1.0892118503941859
60793.3944 lsst_hardware_i -43.66076343362428 31.780000686645508 31.25 AB 5.462558475162826 1.0898959447651289
60793.412 lsst_hardware_y -33.33649571647117 48.7400016784668 30.030000686645508 AB 5.489516762013326 1.0880384702721972
60799.3674 lsst_hardware_u -2.3549404543679198 2.7300000190734863 28.399999618530273 AB 9.051616859971224 1.0971102703868965
60799.3858 lsst_hardware_g 14.646391214095813 15.210000038146973 31.450000762939453 AB 9.76934492376286 1.0875370058736347
60801.3642 lsst_hardware_r -4.705921388070273 24.1200008392334 31.510000228881836 AB 3.339947152771325 1.0951843325296726
60801.3821 lsst_hardware_i -15.424929091059948 31.670000076293945 31.260000228881836 AB 2.8947765635267344 1.0873421217116102
60803.3694 lsst_hardware_z -77.37485083664627 42.34000015258789 30.950000762939453 AB 11.261871900428602 1.0889452620797333
60803.3878 lsst_hardware_r 57.13824973554014 24.020000457763672 31.510000228881836 AB 11.486306367693484 1.0890074773826484
60807.3565 lsst_hardware_i -42.52454077149233 69.23999786376953 31.329999923706055 AB 10.717183898562613 1.0897538155028217
60807.3767 lsst_hardware_z 19.597413902921854 62.61000061035156 30.979999542236328 AB 11.516108348834269 1.088942210659947
60811.3554 lsst_hardware_y 26.04125246090982 57.11000061035156 30.040000915527344 AB 4.494565550485395 1.0873072051815325
60811.3751 lsst_hardware_r -50.29145892093609 93.12999725341797 31.639999389648438 AB 4.875476547191401 1.0941374657072267
60813.3313 lsst_hardware_r -21.626886941526873 73.7300033569336 31.639999389648438 AB 8.713112787047828 1.0953001617910176
60813.3502 lsst_hardware_i 8.167261867970645 63.619998931884766 31.31999969482422 AB 7.62004038071475 1.0872957415495585
60816.3278 lsst_hardware_z -92.18427333155493 43.959999084472656 30.950000762939453 AB 7.374511093940893 1.0919539637138125
60816.3505 lsst_hardware_r -2.7958012767475795 30.8799991607666 31.559999465942383 AB 7.6334965126886205 1.0884004438138601
60825.2881 lsst_hardware_g -13.563869836087846 14.739999771118164 31.43000030517578 AB 12.938831714534214 1.106072124682357
60825.309 lsst_hardware_i 40.39905799245451 31.420000076293945 31.25 AB 13.909985333976032 1.0890786927891352
60827.2963 lsst_hardware_z 21.64362664488345 59.63999938964844 31.700000762939453 AB 7.497346660628456 1.0929076764764183
60827.3151 lsst_hardware_r 27.54752894269028 33.52000045776367 32.25 AB 7.420203093814223 1.087368565916471
60831.2812 lsst_hardware_y -16.92506818334254 47.810001373291016 30.020000457763672 AB 6.773446164206611 1.0961007884900456
60831.3051 lsst_hardware_g -1.32849255214465 14.550000190734863 31.420000076293945 AB 6.89996281324142 1.0874645883753222
60841.22 lsst_hardware_z 13.652330009958993 67.20999908447266 30.979999542236328 AB 13.34573819673493 1.1504946721323215
60841.2395 lsst_hardware_r -99.34081345705944 88.0 31.639999389648438 AB 12.908313094170529 1.112785611566425
60843.2331 lsst_hardware_i -21.92673047264802 45.709999084472656 31.290000915527344 AB 5.657767667751941 1.1141907280384555
60843.2449 lsst_hardware_z 19.29252866658448 49.33000183105469 30.959999084472656 AB 5.655839260261007 1.0993775188002282
60845.2667 lsst_hardware_r 28.68553805591346 29.399999618530273 31.549999237060547 AB 3.7527823071628514 1.0874477853268187
60845.2886 lsst_hardware_z -40.1435337741406 43.880001068115234 30.950000762939453 AB 3.844441117524395 1.099720939458674
60850.2145 lsst_hardware_z 0.39045443990272916 42.5 30.940000534057617 AB 4.51233350200237 1.1134233020239723
60850.2351 lsst_hardware_r -6.5343364391293886 24.030000686645508 31.510000228881836 AB 4.4359734787005625 1.09188713784887
60853.205 lsst_hardware_u 0.4595018739782818 2.7699999809265137 28.43000030517578 AB 8.254836671385608 1.1154179809997669
60853.2272 lsst_hardware_g 13.193379137564925 15.079999923706055 31.450000762939453 AB 7.958580013468626 1.0917119360039267
60862.2003 lsst_hardware_i 15.89465797581434 48.38999938964844 31.299999237060547 AB 5.299389112094675 1.0932210648983107
60862.222 lsst_hardware_z 2.4219969242700046 50.40999984741211 30.969999313354492 AB 4.735157906159978 1.0877085542480807
60871.1653 lsst_hardware_r 56.550143681959405 56.41999816894531 31.6200008392334 AB 7.606394194943617 1.1027488805311385
60871.1864 lsst_hardware_y -4.812732517357546 50.47999954223633 30.030000686645508 AB 6.964042543706514 1.0881316474541427
60876.1557 lsst_hardware_g -37.98390622575481 15.039999961853027 31.440000534057617 AB 3.5152125808649672 1.0985039315203022
60876.1787 lsst_hardware_r -65.55762117620654 24.170000076293945 31.510000228881836 AB 3.721095454018273 1.0872977853369843
60878.1638 lsst_hardware_i -10.481546991987027 31.75 31.25 AB 5.600389016145887 1.089287282704724
60878.1858 lsst_hardware_z 57.6386428388852 42.20000076293945 30.940000534057617 AB 5.977678225952339 1.0902203585541381
60880.1627 lsst_hardware_r 38.23370386546451 24.239999771118164 31.510000228881836 AB 6.745117256553575 1.0879221381538025
60880.1826 lsst_hardware_u -0.3239308090114856 2.8299999237060547 28.479999542236328 AB 6.023943095958738 1.091425853839607
60887.1276 lsst_hardware_r 1.7678540055106917 26.219999313354492 31.520000457763672 AB 4.057880095017531 1.096724350004738
60887.1485 lsst_hardware_y 43.28322713948507 47.810001373291016 30.030000686645508 AB 4.0230233417585275 1.087303605880683
60889.1314 lsst_hardware_g -23.26367212395158 32.560001373291016 31.649999618530273 AB 2.021513368961435 1.0903524104430609
60889.1522 lsst_hardware_r 112.24309385816127 35.7400016784668 31.579999923706055 AB 1.965183780949175 1.0887444769801524
60893.1315 lsst_hardware_r -157.12286898709337 96.27999877929688 31.649999618530273 AB 2.2646354364887125 1.087329461763876
60893.1526 lsst_hardware_z 18.166234257333134 70.80999755859375 30.989999771118164 AB 2.2791810036045135 1.095233543298661
60895.1302 lsst_hardware_z -54.04017421295265 94.43000030517578 31.0 AB 4.203763353707993 1.0874614177049218
60895.1506 lsst_hardware_i -78.22148622620757 116.97000122070312 31.329999923706055 AB 4.174543679854356 1.0982751065125902
60898.0974 lsst_hardware_r 87.40612511181051 87.9000015258789 31.639999389648438 AB 8.215115095828196 1.0968721129339456
60898.1187 lsst_hardware_z 40.255881576087155 64.16000366210938 30.979999542236328 AB 8.1325510864865 1.0873000171337306
60900.0964 lsst_hardware_r -26.92186903416818 37.540000915527344 31.59000015258789 AB 2.8076706529278 1.093329693507446
60900.115 lsst_hardware_y -1.7726519966292156 49.04999923706055 30.040000915527344 AB 2.6161190601334745 1.0873312801884767
60903.0925 lsst_hardware_g 6.792777358880272 14.800000190734863 31.440000534057617 AB 5.563292017279095 1.0906989969832235
60903.1116 lsst_hardware_r -8.061142346491364 23.790000915527344 31.5 AB 5.56609322018294 1.0880484564115998
60909.1281 lsst_hardware_g -2.596390105102175 14.789999961853027 31.420000076293945 AB 2.264146477896606 1.118603389796174
60909.1507 lsst_hardware_i 5.563175005034394 32.04999923706055 31.239999771118164 AB 2.3521025721899718 1.168262866981774
60911.0649 lsst_hardware_r 25.869657403006116 23.690000534057617 31.5 AB 2.7713018440451593 1.0944029396959856
60911.0912 lsst_hardware_z 2.985326972642225 59.689998626708984 31.700000762939453 AB 3.050825215806359 1.0884466356377676
60911.1177 lsst_hardware_r -52.87590017144059 23.770000457763672 31.489999771118164 AB 3.1743399267459473 1.1110421210719372
60913.0517 lsst_hardware_r 29.26294962650576 23.709999084472656 31.489999771118164 AB 2.286281984133973 1.1015572074844486
60913.0697 lsst_hardware_u 1.7472921382638742 2.680000066757202 28.3799991607666 AB 2.1867483362946416 1.0887469934252634
60931.0163 lsst_hardware_u -2.7417676409478835 2.6700000762939453 28.3700008392334 AB 2.34290505320268 1.0905686826389511
60931.0352 lsst_hardware_g -33.11309812341119 14.84000015258789 31.420000076293945 AB 2.333444011167714 1.0880640425106884
60933.0171 lsst_hardware_r -15.570747418391274 24.020000457763672 31.510000228881836 AB 1.4001674329410414 1.0881425552290975
60933.0352 lsst_hardware_i 22.87556726315145 31.600000381469727 31.25 AB 1.4073115864118777 1.0900238195923246
60935.0168 lsst_hardware_z -41.68890508013903 42.16999816894531 30.950000762939453 AB 1.8128573660972684 1.0873338528098775
60935.0347 lsst_hardware_r -45.95072114154924 24.030000686645508 31.5 AB 1.929438847604923 1.0928568947062618
60936.9927 lsst_hardware_y 70.27812323975738 48.88999938964844 30.020000457763672 AB 6.653452284769493 1.0953537119429548
60937.0136 lsst_hardware_u 0.021906122227841995 2.7300000190734863 28.40999984741211 AB 6.415171294983777 1.087317168641318
60938.9923 lsst_hardware_y 20.140696113384394 49.20000076293945 30.030000686645508 AB 3.7589751028544964 1.0917731928128076
60939.0114 lsst_hardware_r 25.51765626183577 24.040000915527344 31.5 AB 4.2418564423287055 1.0876554980330015
60941.9862 lsst_hardware_y 140.4736912136526 61.189998626708984 30.049999237060547 AB 2.7681281633512382 1.090601417040346
60942.0059 lsst_hardware_r 14.125059227134846 24.139999389648438 31.5 AB 3.0948235313195998 1.0882577030954463
60943.9875 lsst_hardware_z -11.34531968711117 53.45000076293945 30.969999313354492 AB 3.26409717460969 1.0880323915365633
60944.0065 lsst_hardware_g 5.111932199908818 15.859999656677246 31.450000762939453 AB 3.5766373607338844 1.0906876147698055
60945.9878 lsst_hardware_y -4.595355061084979 61.189998626708984 30.049999237060547 AB 4.646851286511216 1.0873006812544526
60946.0069 lsst_hardware_i -4.086440165767135 33.86000061035156 31.260000228881836 AB 5.157119598106099 1.094465109954605
