data/validation/pwv_sim_epoch_fit_seasonal/58415756.ecsv
# %ECSV 0.9
# ---
# datatype:
# - {name: time, datatype: float64}
# - {name: band, datatype: string}
# - {name: flux, datatype: float64}
# - {name: fluxerr, datatype: float64}
# - {name: zp, datatype: float64}
# - {name: zpsys, datatype: string}
# - {name: pwv, datatype: float64}
# - {name: airmass, datatype: float64}
# meta: {SNID: '58415756', alt: 1024.0, c: 0.05395452678203583, dec: -26.443335, lat: -30.244573, lon: -70.7499537, ra: 47.8125, t0: 59817.3515625,
#   x0: 1.2738318439659433e-05, x1: 0.6385300159454346, z: 0.4157637655735016}
# schema: astropy-2.0
time band flux fluxerr zp zpsys pwv airmass
59842.2447 lsst_hardware_i 1624.371057669437 51.204731339511966 31.239999771118164 AB 6.576052298234162 1.1326954638975248
59842.2607 lsst_hardware_u 3.512035926214427 2.924734251795898 28.420000076293945 AB 7.4972815464769305 1.086562542967671
59844.2463 lsst_hardware_g 253.01997313506513 20.342457193242094 31.3799991607666 AB 2.3438210155482175 1.1108156471787596
59844.2625 lsst_hardware_r 1183.0604218813673 41.33315166353536 31.479999542236328 AB 1.6042277189525598 1.0694851459683732
59850.1809 lsst_hardware_r 895.1334095761619 36.23225787453864 31.43000030517578 AB 5.95596554644608 1.3263725815600114
59850.2015 lsst_hardware_i 1341.0479484671582 47.76101726986683 31.219999313354492 AB 5.490162663702761 1.215870664657021
59853.2091 lsst_hardware_r 671.3738739698415 34.471149222514455 31.469999313354492 AB 4.845392523141229 1.1517909408838038
59853.2282 lsst_hardware_g 123.19691939014946 17.440235676606193 31.389999389648438 AB 4.605810223578464 1.0928917717895588
59856.1684 lsst_hardware_z 3937.620903322663 114.43513217947225 32.43000030517578 AB 2.9233149662480864 1.3028217928758004
59858.2202 lsst_hardware_z 1940.941827929141 82.9866416480201 31.719999313354492 AB 5.138678068938275 1.0787987548505826
59860.2091 lsst_hardware_r 525.5135210247029 90.91198390038322 31.649999618530273 AB 3.4625516199951876 1.0928621630709052
59860.2299 lsst_hardware_i 1012.8344822018544 75.73835056088075 31.329999923706055 AB 3.353121926052183 1.0475777951741527
59862.2094 lsst_hardware_z 1694.0209692120775 114.71748886330478 31.75 AB 2.8156371336396377 1.0785126916393746
59864.2069 lsst_hardware_z 702.8332908148833 69.20197903424594 30.979999542236328 AB 6.70024577438422 1.0716963810595361
59864.2269 lsst_hardware_r 437.0629099480881 88.03830997698473 31.65999984741211 AB 5.6913419495556 1.0347894453737454
59867.206 lsst_hardware_i 688.5992904056175 49.03576463513229 31.290000915527344 AB 6.975383573533626 1.0564494507573141
59867.2252 lsst_hardware_z 790.2031586045408 53.1959758365934 30.969999313354492 AB 6.497585517830119 1.0259885548444843
59869.189 lsst_hardware_z 626.7867812033915 48.5890874201255 30.950000762939453 AB 7.047044733299623 1.081595405763282
59869.2084 lsst_hardware_i 735.6214506051447 39.90469433270443 31.25 AB 5.486636176854472 1.0423436099462922
59871.204 lsst_hardware_g 50.18869974074384 16.32125856657252 31.420000076293945 AB 2.686962778761962 1.0406181489477113
59871.2228 lsst_hardware_r 345.74704383850747 28.80273189127893 31.5 AB 2.510224491407566 1.0166282111674247
59873.2051 lsst_hardware_i 572.7919034719339 38.87488506957172 31.260000228881836 AB 2.6046131995682376 1.030849551280305
59873.2235 lsst_hardware_r 326.6005121421105 28.639556468347585 31.5 AB 1.8330873771118894 1.011358552889376
59875.1858 lsst_hardware_z 537.8189718729734 46.99992298562645 30.940000534057617 AB 3.4580083289207884 1.0533074410358783
59875.2045 lsst_hardware_u -0.8635832415064947 2.916933486245791 28.389999389648438 AB 3.286889053135699 1.0245913507280857
59877.1013 lsst_hardware_i 452.81612999814377 39.9374463382708 31.209999084472656 AB 6.170096911812431 1.3648643810232481
59877.1189 lsst_hardware_z 530.102431135632 49.31835874232882 30.93000030517578 AB 5.734949917959538 1.25932145761079
59881.0999 lsst_hardware_g 57.952326551411204 16.005239263261323 31.350000381469727 AB 3.853214536603661 1.304258559157281
59881.1179 lsst_hardware_i 502.94091381950903 38.770343358789816 31.239999771118164 AB 3.551950195511549 1.2111673774194307
59883.103 lsst_hardware_z 451.0167958228542 49.38054618275371 30.940000534057617 AB 6.3638601358519375 1.2568105333964092
59883.12 lsst_hardware_r 271.45309112704126 31.384231461271533 31.520000457763672 AB 6.003751836739355 1.1790557417004368
59887.1093 lsst_hardware_r 233.33057262991377 61.59045473749518 31.610000610351562 AB 5.272804706901533 1.1781706821118776
59887.1276 lsst_hardware_i 485.75109487788546 55.29734098448809 31.299999237060547 AB 5.68474370514153 1.1146556284591236
59896.1395 lsst_hardware_r 18.287730903019778 22.290000915527344 31.5 AB 5.1741627480395636 1.0348325496079127
59896.1573 lsst_hardware_g 15.013331320596317 28.290000915527344 31.65999984741211 AB 5.0705744153008965 1.0141148830601794
59899.1183 lsst_hardware_i 50.18825879107341 30.1200008392334 31.239999771118164 AB 6.126992121179476 1.057091792649506
59899.1354 lsst_hardware_z 10.338161343900786 40.540000915527344 30.940000534057617 AB 6.057164655005081 1.029109101798966
59901.1226 lsst_hardware_r 11.807187738088077 22.110000610351562 31.489999771118164 AB 5.7258413405094615 1.0398016962184253
59901.1393 lsst_hardware_u 1.4997218896248683 2.6600000858306885 28.450000762939453 AB 4.824942029906728 1.0181887691705045
59903.1034 lsst_hardware_r 6.469022797868942 22.290000915527344 31.489999771118164 AB 6.130032799588342 1.0651972775790997
59903.1209 lsst_hardware_i 12.366144723411882 29.989999771118164 31.25 AB 5.95372943343805 1.0340824026813438
59905.0156 lsst_hardware_z -48.60559615035552 69.23999786376953 30.940000534057617 AB 6.798769896283644 1.4329792172586457
59905.0332 lsst_hardware_r -36.01280666182823 23.780000686645508 31.450000762939453 AB 6.147095831209765 1.3112405783299017
59907.0174 lsst_hardware_y 8.475695752532602 83.4000015258789 29.940000534057617 AB 10.69813008655192 1.3786842329849116
59907.0344 lsst_hardware_z 2.697318159613974 45.15999984741211 30.93000030517578 AB 9.903192024659507 1.2731220463652093
59911.0206 lsst_hardware_y 22.207337193690172 77.4000015258789 29.979999542236328 AB 5.706606349983196 1.289118732700784
59911.0365 lsst_hardware_i -53.62047157006698 32.75 31.229999542236328 AB 5.376157476421301 1.2088723315355108
59913.0244 lsst_hardware_y 101.22215555711513 69.7699966430664 30.010000228881836 AB 6.938453502893611 1.240042923190781
59913.0415 lsst_hardware_r -11.943469485631036 29.889999389648438 31.540000915527344 AB 6.507253874691062 1.1657392923235463
59919.0314 lsst_hardware_y 51.807828342104756 68.33000183105469 30.040000915527344 AB 3.719313713969141 1.1429974535860912
59919.0533 lsst_hardware_r 235.9750441682135 90.94999694824219 31.649999618530273 AB 3.411165213651318 1.0796250181673694
59921.033 lsst_hardware_y -12.00768583005175 63.459999084472656 30.030000686645508 AB 4.198517391565146 1.1200028609901689
59921.0562 lsst_hardware_r 73.63453622535279 88.77999877929688 31.649999618530273 AB 3.2073172912569006 1.061147160051911
59923.0342 lsst_hardware_y 125.77651200187702 60.31999969482422 30.040000915527344 AB 7.78847316885945 1.1006109190787077
59923.0556 lsst_hardware_z 13.452922003538795 49.349998474121094 30.969999313354492 AB 7.990920558418301 1.0517021474825845
59926.0377 lsst_hardware_y -20.180286202158886 112.6500015258789 30.06999969482422 AB 11.438592992191406 1.0715058656416858
59926.0597 lsst_hardware_u 74.65599075067188 28.8700008392334 29.540000915527344 AB 11.603622043144973 1.0317999327000689
59928.0377 lsst_hardware_y -202.3460555378584 112.72000122070312 30.06999969482422 AB 8.035032867849807 1.0599031850879557
59928.0587 lsst_hardware_r -55.76984082654522 81.41000366210938 31.65999984741211 AB 7.88231245911269 1.0259185315413795
60147.3566 lsst_hardware_r 77.06294700165725 78.12000274658203 31.56999969482422 AB 6.0561688023328095 1.3986533030791708
60147.3752 lsst_hardware_i 90.04675078182672 84.58999633789062 31.290000915527344 AB 6.813164022370739 1.2795274937547751
60153.3637 lsst_hardware_r -59.017008032586396 79.30999755859375 31.600000381469727 AB 3.9110005107098322 1.25349232468465
60153.3848 lsst_hardware_z 117.32167893818678 104.18000030517578 30.989999771118164 AB 4.085987459557736 1.1607369327847363
60158.3569 lsst_hardware_r -105.51111195500442 79.5 31.610000610351562 AB 1.7227139173098949 1.220052349369614
60158.375 lsst_hardware_y 9.87403859158495 110.98999786376953 30.040000915527344 AB 2.1789744690908908 1.146828667942574
60160.3537 lsst_hardware_z -71.10426193176959 147.02000427246094 31.729999542236328 AB 2.25156737301156 1.2097612821768926
60162.3663 lsst_hardware_i 30.422225793265177 85.48999786376953 31.31999969482422 AB 2.972890264533249 1.139183905172997
60162.3848 lsst_hardware_z -98.3773006163017 104.66999816894531 31.0 AB 3.1251486054909057 1.0851838435641783
60164.3613 lsst_hardware_r 33.66613923979432 80.30000305175781 31.6299991607666 AB 2.8941382838392786 1.1376329732072636
60164.3785 lsst_hardware_z -62.79112247871952 104.61000061035156 31.0 AB 1.5222008827270648 1.0872863448050463
60165.3605 lsst_hardware_g -128.7380416130289 86.63999938964844 31.690000534057617 AB 5.5561328923601145 1.1312496981289044
60165.3794 lsst_hardware_i 116.9972828934598 86.0199966430664 31.329999923706055 AB 4.270546404398462 1.0784208091915308
60168.3711 lsst_hardware_z 26.218334474033252 104.9000015258789 31.0 AB 3.3457979819007635 1.0786807389057027
60168.3901 lsst_hardware_r -69.651394270651 81.5 31.65999984741211 AB 3.15738747422463 1.0410113663780516
60176.3376 lsst_hardware_r 120.76276120691068 80.69999694824219 31.639999389648438 AB 2.915303383442745 1.1093239663024144
60176.3548 lsst_hardware_u 56.939593975616226 28.3700008392334 29.5 AB 2.7870654457351165 1.0662071330279712
60178.3526 lsst_hardware_r -158.6403445894822 81.31999969482422 31.649999618530273 AB 2.018264469436192 1.0594564144022005
60178.3699 lsst_hardware_i -83.60428046474716 86.58999633789062 31.350000381469727 AB 2.003787978762281 1.0304459286542693
60179.3387 lsst_hardware_i 38.09823974416552 86.05000305175781 31.329999923706055 AB 2.190606819976997 1.0844140852161197
60179.3561 lsst_hardware_z -67.11459273983512 104.94999694824219 31.0 AB 2.0979718615316396 1.0477199358433424
60181.3462 lsst_hardware_r -14.79293473710267 80.93000030517578 31.639999389648438 AB 2.0492953101847915 1.055929568561016
60181.3649 lsst_hardware_u -26.259256705949532 28.690000534057617 29.520000457763672 AB 2.019461279836836 1.026279395165461
60183.3331 lsst_hardware_z 9.470115688529852 104.73999786376953 31.0 AB 3.241805044560508 1.071877787306811
60183.3505 lsst_hardware_i -31.674366920620532 86.31999969482422 31.34000015258789 AB 2.81895124889123 1.0388617095600625
60193.2116 lsst_hardware_g 30.996305386855795 79.38999938964844 31.5 AB 0.6389328129661066 1.5666517686132566
60193.2266 lsst_hardware_r 130.87199243098445 77.41999816894531 31.549999237060547 AB 0.5832202601111033 1.432387048983471
60198.2583 lsst_hardware_i 113.7617496012877 85.22000122070312 31.309999465942383 AB 3.2776271890554796 1.174706596638963
60198.2775 lsst_hardware_z 215.78739653579643 104.45999908447266 30.989999771118164 AB 3.1042004311218596 1.1094354650185345
60200.2207 lsst_hardware_g -66.32478394645165 83.76000213623047 31.6200008392334 AB 3.1560897646519988 1.3380821500783402
60200.2382 lsst_hardware_i -80.42430884799788 84.95999908447266 31.299999237060547 AB 2.916583794518517 1.2393415557444125
60202.2574 lsst_hardware_g 8.59476897925093 86.68000030517578 31.690000534057617 AB 2.858307678165414 1.138163397198864
60202.2745 lsst_hardware_r -14.483908045938492 80.98999786376953 31.649999618530273 AB 2.6313589269856927 1.0879378143542415
60208.242 lsst_hardware_z -72.48065586887485 104.31999969482422 30.989999771118164 AB 3.736047183508321 1.134886750762087
60208.2586 lsst_hardware_u -31.156408064985357 28.020000457763672 29.469999313354492 AB 4.228718422950478 1.086724940044951
60210.2472 lsst_hardware_g 128.40167244338699 87.33999633789062 31.709999084472656 AB 2.196431545985056 1.102441799892
60210.2635 lsst_hardware_r 49.8736918446877 81.08999633789062 31.649999618530273 AB 1.832258104337404 1.0630002539185597
60212.2492 lsst_hardware_i 119.514709749913 86.04000091552734 31.329999923706055 AB 6.410198349834149 1.0829562184712063
60212.2649 lsst_hardware_z -107.48246583421687 104.94000244140625 31.0 AB 6.201079137498992 1.0496960029621654
60214.2344 lsst_hardware_i -25.765218192939784 85.88999938964844 31.329999923706055 AB 3.679226199973089 1.107755780802955
60214.2519 lsst_hardware_z 21.359001491549172 104.88999938964844 31.0 AB 4.0568569550441715 1.0644193515071292
60222.2091 lsst_hardware_i -115.74522607952638 85.83000183105469 31.329999923706055 AB 7.564065020476177 1.117979803494361
60222.2283 lsst_hardware_z 81.26830994686856 104.79000091552734 31.0 AB 7.239139321900752 1.068179180606239
60225.2036 lsst_hardware_r 193.38068347231757 80.56999969482422 31.6299991607666 AB 4.64617262392632 1.1099755422479762
60225.223 lsst_hardware_i 108.23161837318013 86.12999725341797 31.329999923706055 AB 3.353470796021343 1.0620651768872027
60228.2068 lsst_hardware_z -73.71764552725232 104.63999938964844 31.0 AB 4.177418895632199 1.0798549555725532
60228.2265 lsst_hardware_i 29.43796008200454 86.26000213623047 31.34000015258789 AB 3.7464425070074827 1.0406784741687451
60234.1609 lsst_hardware_r 246.09878689617045 80.25 31.6299991607666 AB 7.49593627409352 1.1712400428271124
60234.1794 lsst_hardware_i -67.72710743804508 85.83999633789062 31.329999923706055 AB 7.290994252543251 1.1088964642651333
60237.1685 lsst_hardware_u 45.26789008140325 27.639999389648438 29.440000534057617 AB 2.473764477995575 1.116907733311269
60237.1885 lsst_hardware_g 173.69314462083818 87.8499984741211 31.719999313354492 AB 2.3628312289493856 1.0656985171537483
60239.1002 lsst_hardware_r 97.67139620397288 77.72000122070312 31.559999465942383 AB 6.307187224033912 1.4388473192731632
60239.1198 lsst_hardware_i -58.49296869329092 84.41999816894531 31.290000915527344 AB 5.682003176802739 1.3037100979279086
60241.0999 lsst_hardware_z -54.781528640240595 102.5 30.950000762939453 AB 4.337412134647525 1.3991652047250078
60241.1168 lsst_hardware_r -42.84382556105315 78.9000015258789 31.59000015258789 AB 3.997307141120194 1.289453916490385
60243.11 lsst_hardware_z -174.8541722064286 146.38999938964844 31.729999542236328 AB 2.9825758222536063 1.2971480815831864
60247.1011 lsst_hardware_r 13.782697198010862 78.9000015258789 31.59000015258789 AB 7.713579721107015 1.2855966201845026
60247.1197 lsst_hardware_y 26.269771460617388 110.25 30.020000457763672 AB 7.166479752099252 1.194413292016542
60249.1034 lsst_hardware_g -173.6690890451902 84.98999786376953 31.649999618530273 AB 6.703692655978413 1.2444011427292634
60249.121 lsst_hardware_r -92.54794960632512 80.18000030517578 31.6200008392334 AB 6.352355346216185 1.1671759937925925
60251.1067 lsst_hardware_i 3.149931836727044 84.93000030517578 31.299999237060547 AB 4.811077596826184 1.2033710847489205
60251.1251 lsst_hardware_z -50.037588495244556 104.29000091552734 30.989999771118164 AB 4.440014995099102 1.1332350676618432
60261.1334 lsst_hardware_u 43.271201212322566 28.510000228881836 29.510000228881836 AB 5.228349008417949 1.0456698016835897
60261.1527 lsst_hardware_r 20.669556689238608 81.51000213623047 31.65999984741211 AB 5.095805433322934 1.0191610866645868
60265.1187 lsst_hardware_z -17.551209216791566 104.80999755859375 31.0 AB 3.262558483360485 1.052438220438866
60265.1367 lsst_hardware_r -22.707972066549974 81.37000274658203 31.65999984741211 AB 2.8465959180061193 1.0248770181840212
60270.1022 lsst_hardware_i -25.798546454652442 86.05999755859375 31.329999923706055 AB 4.025320144639838 1.0579027975400939
60270.1176 lsst_hardware_z -94.46482666121743 104.87000274658203 31.0 AB 3.959406903182177 1.0319913735487865
60274.0186 lsst_hardware_y 35.56781283054099 107.20999908447266 29.959999084472656 AB 6.539052584709794 1.3384612802599107
60274.0334 lsst_hardware_r 101.55669224148717 79.0 31.59000015258789 AB 5.980985006048828 1.2532184402407183
60276.0209 lsst_hardware_y -165.6346278336976 108.61000061035156 29.989999771118164 AB 5.72883667713505 1.2913692143443334
60276.0376 lsst_hardware_g -55.63466770405809 85.44000244140625 31.65999984741211 AB 5.366632489228754 1.2070698356339977
60278.0222 lsst_hardware_y 155.55470387915744 109.0199966430664 30.0 AB 7.021224626930987 1.254648949030144
60278.0387 lsst_hardware_z 19.162322388534726 104.0 30.979999542236328 AB 6.580869057792478 1.1793848279321635
60282.0295 lsst_hardware_z 107.90426045312726 104.12000274658203 30.989999771118164 AB 5.114745866830027 1.1725689745138237
60282.0509 lsst_hardware_r -0.48360741548205743 80.7699966430664 31.639999389648438 AB 3.8082361131690465 1.1016545334850913
60284.0302 lsst_hardware_y -171.95003146398392 111.01000213623047 30.040000915527344 AB 3.698522822821569 1.1496211437045012
60284.0526 lsst_hardware_z -41.45349914360317 104.70999908447266 31.0 AB 3.624782424282513 1.0829944500391562
60286.0329 lsst_hardware_y -43.2345503455567 111.38999938964844 30.040000915527344 AB 4.1201850322857405 1.1224623226353079
60286.0543 lsst_hardware_u 18.51255163417268 28.209999084472656 29.479999542236328 AB 3.187454987817957 1.06657352779587
60287.0335 lsst_hardware_y -85.30702923854889 112.05999755859375 30.059999465942383 AB 5.501766878628317 1.112366938663226
60287.0537 lsst_hardware_i -29.465867638421354 86.22000122070312 31.34000015258789 AB 5.694087542929318 1.062098587296833
60290.0361 lsst_hardware_y -136.129459859909 112.44000244140625 30.059999465942383 AB 14.410604524229793 1.0832801130766039
60290.0577 lsst_hardware_r -43.852983668443876 81.36000061035156 31.65999984741211 AB 14.134436289089901 1.0399021211433133
60293.0386 lsst_hardware_y 42.51761591934704 52.52000045776367 30.049999237060547 AB 8.028748905031811 1.0594909794799745
60293.0602 lsst_hardware_g 25.405290907459804 13.25 31.399999618530273 AB 7.869363962653157 1.024931985706774
60295.039 lsst_hardware_z 52.93411241965581 49.279998779296875 30.959999084472656 AB 10.624348856017125 1.0484037487640652
60295.0588 lsst_hardware_i 1.8594186092902438 30.270000457763672 31.25 AB 11.131306885657784 1.0202847741207868
