data/validation/pwv_sim_epoch_fit_seasonal/58454533.ecsv
# %ECSV 0.9
# ---
# datatype:
# - {name: time, datatype: float64}
# - {name: band, datatype: string}
# - {name: flux, datatype: float64}
# - {name: fluxerr, datatype: float64}
# - {name: zp, datatype: float64}
# - {name: zpsys, datatype: string}
# - {name: pwv, datatype: float64}
# - {name: airmass, datatype: float64}
# meta: {SNID: '58454533', alt: 1024.0, c: -0.06549140810966492, dec: -9.896853, lat: -30.244573, lon: -70.7499537, ra: 352.089844, t0: 63137.39453125,
#   x0: 2.4378714772443167e-06, x1: 1.2297277450561523, z: 0.82167649269104}
# schema: astropy-2.0
time band flux fluxerr zp zpsys pwv airmass
63033.4048 lsst_hardware_r 16.684850448969172 26.09000015258789 31.530000686645508 AB 7.654156203557381 1.093450886222483
63033.426 lsst_hardware_y 15.722869942099022 48.400001525878906 30.040000915527344 AB 7.548449408283456 1.0720960220073161
63043.4113 lsst_hardware_i 9.524238767398678 32.13999938964844 31.260000228881836 AB 5.766577323965242 1.0678846896231928
63043.4315 lsst_hardware_y -71.4422824523563 48.709999084472656 30.040000915527344 AB 6.265937494168723 1.0739459241012466
63045.4011 lsst_hardware_i 51.918838375950855 32.220001220703125 31.260000228881836 AB 5.555264275182052 1.0687482373095625
63045.4202 lsst_hardware_y 40.56637923773042 47.869998931884766 30.040000915527344 AB 5.425973687679803 1.070563700298547
63049.3748 lsst_hardware_r 14.389041838369078 40.70000076293945 31.610000610351562 AB 7.480932518397577 1.0775818675369822
63049.3944 lsst_hardware_i 50.455048176517415 32.060001373291016 31.260000228881836 AB 7.896340928054838 1.0679389948681144
63057.3598 lsst_hardware_z 39.24175591986343 54.77000045776367 30.969999313354492 AB 8.558425789038171 1.0725068346086808
63057.3805 lsst_hardware_r -3.749605750734748 60.7400016784668 31.639999389648438 AB 10.147757193369088 1.068278676378966
63062.3168 lsst_hardware_r 22.277900386138406 24.450000762939453 31.5 AB 5.236510707683389 1.1079631224931796
63062.3328 lsst_hardware_i -26.438262525816754 31.780000686645508 31.25 AB 5.063517373488465 1.084168230562135
63065.3496 lsst_hardware_u -1.3807297746208438 2.75 28.43000030517578 AB 1.6813551120990993 1.0680921834404018
63065.3715 lsst_hardware_g -4.674249309637719 15.25 31.450000762939453 AB 1.679194186607938 1.0739969213995268
63067.3239 lsst_hardware_r 47.409478761615716 24.079999923706055 31.5 AB 3.403782554375813 1.079195483315096
63067.3365 lsst_hardware_i -4.5047238125860485 31.469999313354492 31.25 AB 3.065348660196378 1.070396738610115
63069.3484 lsst_hardware_z 28.9507288144114 42.04999923706055 30.950000762939453 AB 4.689296046504822 1.0684201518579128
63069.37 lsst_hardware_u 2.330368416388219 2.7699999809265137 28.43000030517578 AB 4.659841159295248 1.082341551400259
63073.3022 lsst_hardware_i -14.90547505036871 31.860000610351562 31.25 AB 9.394617816642212 1.084828847187115
63077.3804 lsst_hardware_i -64.5636964067653 32.27000045776367 31.25 AB 5.375771894050283 1.1399410271886092
63077.4063 lsst_hardware_z -49.92137701316819 44.22999954223633 30.93000030517578 AB 5.827171972444689 1.2254830646571375
63079.1435 lsst_hardware_z -113.1634878701875 70.05000305175781 30.850000381469727 AB 8.436300992732995 2.065105705862591
63083.2325 lsst_hardware_z 9.859569843906595 186.17999267578125 32.4900016784668 AB 1.2862640175343325 1.1757440745286403
63085.2935 lsst_hardware_z 106.00865743912068 61.779998779296875 30.979999542236328 AB 4.4323122132980535 1.0683702908479962
63085.317 lsst_hardware_r -81.48521982429564 76.08999633789062 31.639999389648438 AB 4.502517130766093 1.0740737430262626
63088.241 lsst_hardware_i -17.030525751080788 34.5099983215332 31.260000228881836 AB 5.1393787066269265 1.1173776946683176
63088.2605 lsst_hardware_z 43.21322846949136 43.970001220703125 30.950000762939453 AB 4.507626795755327 1.0857172989113812
63091.3024 lsst_hardware_i -8.161734294750781 31.799999237060547 31.260000228881836 AB 3.9176328521091226 1.075386454051365
63091.3202 lsst_hardware_u 6.006613137848556 2.859999895095825 28.5 AB 3.978876816353267 1.095606282612189
63094.2692 lsst_hardware_r -6.86978412908351 24.440000534057617 31.520000457763672 AB 4.8619057566232895 1.0683159210334627
63094.2899 lsst_hardware_i -3.7902229667408185 31.860000610351562 31.25 AB 4.848991256385843 1.0724297813526138
63099.2621 lsst_hardware_z 31.739170309331275 42.11000061035156 30.950000762939453 AB 1.1092051788810884 1.0678268870094714
63099.28 lsst_hardware_u 2.3374089238136104 2.7300000190734863 28.399999618530273 AB 1.07603772730872 1.074962764544176
63102.2142 lsst_hardware_i -41.99174421854252 32.06720005332806 31.25 AB 2.796454982327103 1.0967923842307896
63102.2311 lsst_hardware_z 14.395988308977843 42.266773498584335 30.940000534057617 AB 2.7943114383235748 1.0767367946786621
63110.1946 lsst_hardware_z 362.09610859984247 145.07997001495812 31.75 AB 1.7227130841112186 1.0934389616700848
63118.1647 lsst_hardware_r 292.40299401740754 30.529353586465316 31.5 AB 3.654314799824232 1.1065298409763005
63118.1823 lsst_hardware_g -7.709811038602025 15.794971064350493 31.440000534057617 AB 3.501543126052803 1.0815577223328086
63123.1561 lsst_hardware_z 457.84266531420474 47.2532443674088 30.940000534057617 AB 1.8639241674713576 1.0979868445170238
63123.1736 lsst_hardware_i 645.4793620005278 41.04759084389149 31.25 AB 0.9662271170027327 1.0768761404322587
63125.1603 lsst_hardware_u 7.335989207136771 2.9699982357023003 28.440000534057617 AB 3.44200483116164 1.0847508462836102
63125.18 lsst_hardware_g 102.7357164514024 19.293572474722946 31.469999313354492 AB 3.2085556469160865 1.0696373975717959
63128.1445 lsst_hardware_g 130.87088165619375 19.958583862781236 31.459999084472656 AB 8.17516959799289 1.0948399086638394
63128.1643 lsst_hardware_r 655.2821568670196 35.641287130156606 31.510000228881836 AB 7.994108262717976 1.0735750562656339
63132.1419 lsst_hardware_r 692.2627401886486 38.329043590657704 31.540000915527344 AB 1.4307884211323132 1.083930622070274
63132.1569 lsst_hardware_g 165.2193340010909 22.851026547505228 31.540000915527344 AB 1.418604004640531 1.071453175710371
63135.1349 lsst_hardware_r 722.6977637388711 60.969745643968785 31.6299991607666 AB 3.0764080606663375 1.0826069421699722
63135.1543 lsst_hardware_i 964.1744913972434 57.82986156639251 31.309999465942383 AB 3.056503390136325 1.0690812837133001
63136.1355 lsst_hardware_z 513.8285234358427 65.21849661556698 30.979999542236328 AB 4.202732856641848 1.0792149596564062
63136.1552 lsst_hardware_i 987.5610684974617 70.67413723360194 31.31999969482422 AB 4.15677565933714 1.0681908454942932
63146.1118 lsst_hardware_r 433.7284290134578 32.03517374998379 31.510000228881836 AB 8.53693501378904 1.0760503362863405
63146.1314 lsst_hardware_i 763.7200072583342 42.12242940656731 31.25 AB 4.181556552771829 1.067813215723143
63148.0997 lsst_hardware_z 545.5922688328736 47.837687061496474 30.940000534057617 AB 6.418320339357271 1.0822866066028785
63148.1199 lsst_hardware_i 824.940998495118 41.44359303971319 31.25 AB 6.151948051763886 1.068757804979683
63150.1003 lsst_hardware_u 2.7715060018115887 2.885420847369459 28.479999542236328 AB 4.521393964521275 1.0765223725050654
63150.1183 lsst_hardware_g 48.575166003056715 16.783974461086995 31.450000762939453 AB 4.48556358165266 1.067991328964919
63152.1032 lsst_hardware_r 309.4747773926601 29.950342368519753 31.5 AB 5.599814481710322 1.070983261834181
63152.1206 lsst_hardware_i 569.7258374228994 40.32620289957456 31.25 AB 5.606752115902579 1.0681901595725019
63156.076 lsst_hardware_r 264.3464489501743 29.029050077339495 31.510000228881836 AB 7.073945528905176 1.0843511617554304
63156.0929 lsst_hardware_g 33.116762619293915 16.076032632954558 31.459999084472656 AB 7.369672629958638 1.0706805438328406
63158.072 lsst_hardware_r 244.88114195974512 28.39888570346637 31.510000228881836 AB 4.089046720770074 1.0827131652524467
63158.0894 lsst_hardware_i 514.9044705893549 38.56293016842542 31.25 AB 4.499335074309398 1.0698268386247543
63160.0742 lsst_hardware_z 407.7733003143592 46.560020118536585 30.950000762939453 AB 3.0841451110641813 1.0755519131875093
63160.0915 lsst_hardware_i 448.2388888084613 38.461861653573706 31.260000228881836 AB 2.872292994503178 1.067932329482204
63162.0699 lsst_hardware_z 419.94858122182944 48.28800097803811 30.959999084472656 AB 4.6568254649859275 1.0746726971639287
63162.0882 lsst_hardware_g 118.56887212779004 30.205383538066446 31.639999389648438 AB 5.68779576793988 1.0677964520538363
63164.0647 lsst_hardware_r 152.97028727837207 64.97769697393933 31.639999389648438 AB 4.085718463556519 1.0744821731904062
63164.0809 lsst_hardware_i 363.8740469753827 59.30204456120438 31.31999969482422 AB 4.081425782104054 1.0679002547859346
63167.078 lsst_hardware_z 773.2463906260837 120.46631475429115 31.739999771118164 AB 2.8156558656293202 1.0679521584026765
63171.0494 lsst_hardware_r 153.25134176788507 55.0197298443626 31.6299991607666 AB 4.338062206905534 1.0720087825960958
63171.0686 lsst_hardware_i 207.9077646829649 57.28707908000947 31.31999969482422 AB 4.298480257738532 1.0681665581458353
63182.021 lsst_hardware_y 153.35833785405487 51.16689213899863 30.040000915527344 AB 5.59929008288658 1.071121967075386
63182.0391 lsst_hardware_u 2.501258718270056 2.7185716933575312 28.389999389648438 AB 5.653775207953957 1.0682617303644697
63185.0148 lsst_hardware_y 11.020605347837531 64.27061043912254 30.049999237060547 AB 5.9710992040254105 1.0701853578322968
63185.0318 lsst_hardware_r 31.83665517829395 25.591783168828574 31.510000228881836 AB 5.966476301159091 1.068447204397941
63188.027 lsst_hardware_z 440.6150578538709 70.70771163772048 31.709999084472656 AB 8.102399116903994 1.0694354063404454
