data/validation/pwv_sim_epoch_fit_seasonal/584653.ecsv
# %ECSV 0.9
# ---
# datatype:
# - {name: time, datatype: float64}
# - {name: band, datatype: string}
# - {name: flux, datatype: float64}
# - {name: fluxerr, datatype: float64}
# - {name: zp, datatype: float64}
# - {name: zpsys, datatype: string}
# - {name: pwv, datatype: float64}
# - {name: airmass, datatype: float64}
# meta: {SNID: '584653', alt: 1024.0, c: -0.07342781871557236, dec: -18.052954, lat: -30.244573, lon: -70.7499537, ra: 145.898438, t0: 62564.0,
#   x0: 5.24776885400899e-06, x1: 0.7021244168281555, z: 0.6009225845336914}
# schema: astropy-2.0
time band flux fluxerr zp zpsys pwv airmass
62490.3195 lsst_hardware_z -118.88507256378345 57.88999938964844 30.979999542236328 AB 4.630623887234882 1.0443445844011912
62490.3399 lsst_hardware_y -70.9189734302965 51.83000183105469 30.059999465942383 AB 4.9853476705069095 1.026425297613117
62496.319 lsst_hardware_r -29.334958081713026 65.01000213623047 31.649999618530273 AB 8.782976873026398 1.029114403072986
62496.3407 lsst_hardware_y 75.18712856897771 52.369998931884766 30.059999465942383 AB 9.042988531260677 1.022615462089865
62498.3231 lsst_hardware_g -31.497366782064 35.54999923706055 31.690000534057617 AB 6.35551783760308 1.0242575080746301
62498.3431 lsst_hardware_y 32.856838415624686 49.279998779296875 30.059999465942383 AB 5.783670879207141 1.0242326163703586
62500.3211 lsst_hardware_i 44.46744451939768 31.059999465942383 31.260000228881836 AB 9.520048417099243 1.023276016241118
62500.3411 lsst_hardware_z -107.3263858821714 41.59000015258789 30.950000762939453 AB 9.117807145290628 1.025615486764078
62502.3008 lsst_hardware_z -40.21583484862208 40.880001068115234 30.950000762939453 AB 7.32267095065913 1.0303977405173792
62502.3231 lsst_hardware_r 37.59789126025931 31.780000686645508 32.25 AB 7.270623761980662 1.0225516962396901
62502.3467 lsst_hardware_y 56.88566055584118 48.380001068115234 30.049999237060547 AB 7.381092308820514 1.0328305175590906
62504.2973 lsst_hardware_u 2.3122454552142435 2.559999942779541 28.350000381469727 AB 4.858847212872516 1.0290170935454148
62504.3173 lsst_hardware_r -35.69057806659749 22.209999084472656 31.489999771118164 AB 4.843273725307522 1.0225427478744922
62506.2981 lsst_hardware_i -21.74595959751337 29.979999542236328 31.239999771118164 AB 10.425584618561574 1.0255093686031305
62506.3194 lsst_hardware_z 134.43905708394584 40.56999969482422 30.940000534057617 AB 10.279561809017602 1.0236568222483173
62511.2798 lsst_hardware_g -13.552351960239854 13.6899995803833 31.420000076293945 AB 6.850986135297416 1.02798201444931
62511.3044 lsst_hardware_r 11.518339237193532 22.360000610351562 31.5 AB 7.357624834879875 1.0233136070764768
62513.2498 lsst_hardware_i -21.321402554763605 30.399999618530273 31.25 AB 5.4417139554456195 1.0538808861132196
62513.2635 lsst_hardware_z 37.19462392140305 40.900001525878906 30.950000762939453 AB 6.049683078756454 1.0367034664992638
62515.2378 lsst_hardware_z 4.393361266535862 41.27000045776367 30.940000534057617 AB 8.382728658119474 1.0646424712645783
62515.2582 lsst_hardware_r 2.5564034513831144 22.309999465942383 31.489999771118164 AB 7.362220037219809 1.0365430876506208
62516.2318 lsst_hardware_z -34.22799650717299 45.869998931884766 30.959999084472656 AB 5.781659227884907 1.0706776347935012
62516.2492 lsst_hardware_r 6.982111581906019 35.20000076293945 31.59000015258789 AB 5.634846857833069 1.0434901588579757
62518.2422 lsst_hardware_i 42.374523341405585 56.04999923706055 31.31999969482422 AB 3.4352468241578444 1.0454189970048218
62518.2604 lsst_hardware_z 171.898558381223 53.61000061035156 30.969999313354492 AB 2.247382524550851 1.0281582270152425
62520.2369 lsst_hardware_r 56.37256267235167 102.38999938964844 31.649999618530273 AB 6.261523111510822 1.0452130722530886
62520.256 lsst_hardware_z -210.8357987739654 69.0999984741211 30.989999771118164 AB 6.573365522264451 1.0275164947266233
62522.2261 lsst_hardware_y 80.58055491367678 60.93000030517578 30.059999465942383 AB 12.422535393823734 1.0525714014184275
62522.2461 lsst_hardware_r -123.14992491507535 112.7300033569336 31.670000076293945 AB 12.161265382228345 1.0304628874724808
62524.2207 lsst_hardware_i -14.228817413446182 70.87999725341797 31.329999923706055 AB 9.605646462829164 1.0524813509308761
62524.2405 lsst_hardware_z -154.4931083070864 64.81999969482422 30.979999542236328 AB 9.449863090982676 1.030566247937403
62526.2265 lsst_hardware_r -21.998807710672526 49.2400016784668 31.6299991607666 AB 8.946481943210339 1.0382463112146083
62526.2462 lsst_hardware_z 2.7250918322454294 48.290000915527344 30.969999313354492 AB 8.830148091949578 1.024408839229628
62530.2198 lsst_hardware_z -3.5135702170107432 41.119998931884766 30.950000762939453 AB 10.965990914266207 1.0341209506577234
62530.2402 lsst_hardware_i -0.5189763565567759 30.350000381469727 31.25 AB 10.78943628214967 1.0230590287684882
62532.2054 lsst_hardware_u 3.701242663317982 2.7565337276550617 28.489999771118164 AB 10.750407594296297 1.0436275695851098
62532.2219 lsst_hardware_g -4.383149710643236 13.975819848596103 31.43000030517578 AB 10.84131762327648 1.0283278383024357
62534.2058 lsst_hardware_r 30.785303769032655 22.82703101536976 31.510000228881836 AB 8.975615838029743 1.0370639725043513
62534.2234 lsst_hardware_i 60.026246688759414 30.435740581270647 31.260000228881836 AB 10.600430394847011 1.024765487574934
62536.1829 lsst_hardware_i -21.100916994854874 30.829381658859575 31.239999771118164 AB 9.495591631629317 1.0604267833635819
62536.2035 lsst_hardware_z 2.295524199314765 41.01282190099049 30.940000534057617 AB 9.30589463571804 1.0340457398430802
62538.1831 lsst_hardware_r 11.48148680449221 23.95287933453849 31.489999771118164 AB 5.655213281181324 1.0515620883888726
62538.2025 lsst_hardware_g -4.07268127719599 14.780705099839489 31.420000076293945 AB 5.662026369660058 1.0303960636323914
62540.1831 lsst_hardware_r 140.8076453384553 25.79970378161164 31.5 AB 9.400161409327742 1.0441916624572603
62540.2027 lsst_hardware_i 107.83384248281828 32.67226295032552 31.25 AB 9.305668882795286 1.0267757787482388
62542.1846 lsst_hardware_z 307.3104869386384 43.48079490121544 30.950000762939453 AB 3.344697713404207 1.0364192676974333
62542.2048 lsst_hardware_i 383.4358255528648 34.623304285026585 31.25 AB 3.319779188275493 1.0236753587035212
62544.1627 lsst_hardware_z 361.71988243137895 47.563646008270766 30.959999084472656 AB 4.248338011586031 1.0577214021127859
62544.1794 lsst_hardware_g 173.60838946971361 28.752578137296855 31.6200008392334 AB 6.1340802126786 1.0361621980876103
62545.1577 lsst_hardware_r 704.1800216831881 52.211978122194274 31.610000610351562 AB 3.8633629329934527 1.061484950106959
62545.1743 lsst_hardware_i 539.0931143000489 47.845792914335334 31.290000915527344 AB 4.204450268619153 1.0385846399355754
62549.1682 lsst_hardware_z 649.8465961927509 80.4065352155019 31.0 AB 4.370507357311424 1.0338686383799363
62549.1851 lsst_hardware_r 1293.770926423464 116.93286878305422 31.670000076293945 AB 4.338368461144803 1.0238440358271308
62551.1632 lsst_hardware_i 1119.0155338890463 102.84112454954315 31.350000381469727 AB 3.1555028813899773 1.03346164237663
62551.1814 lsst_hardware_z 804.2888369285743 87.16408244424704 31.010000228881836 AB 3.128436836688867 1.0233682815468979
62553.1526 lsst_hardware_i 1209.5253636920472 71.74478082542323 31.329999923706055 AB 5.290805431760529 1.038430899266051
62553.1702 lsst_hardware_z 837.9771364446175 64.92387142477321 30.979999542236328 AB 6.308214972348968 1.0253092193984508
62558.1505 lsst_hardware_i 1459.5211786948453 48.36228431682539 31.25 AB 5.493156264304817 1.0285846389485662
62558.1678 lsst_hardware_r 1916.261272231995 48.895467272623065 31.5 AB 7.076392530336274 1.0225631343284236
62560.1277 lsst_hardware_z 1145.74969656016 52.08944579695459 30.950000762939453 AB 6.3097872850513825 1.045185901118334
62560.1455 lsst_hardware_u 5.0600804106766635 3.3181190697575147 28.43000030517578 AB 6.196130740551171 1.0282896620929087
62562.1272 lsst_hardware_g 565.3603225104382 27.338879524858037 31.440000534057617 AB 3.44273947140211 1.039317576272335
62562.1453 lsst_hardware_r 2018.1836820122373 49.316567351577156 31.5 AB 3.5168717119535144 1.025451598674333
62564.1256 lsst_hardware_i 1500.3553068173478 48.964059357570974 31.239999771118164 AB 5.6658499505924045 1.0353784915879949
62564.1448 lsst_hardware_z 1019.6587325097307 52.06481610746451 30.940000534057617 AB 5.557574285806567 1.0236514417448779
62565.1273 lsst_hardware_i 1444.1197615242554 48.83943404710297 31.25 AB 10.627256305194411 1.031522087376308
62565.1461 lsst_hardware_u 2.7352770106827355 2.800222636160599 28.350000381469727 AB 10.441610340540095 1.0228098778538113
62567.1272 lsst_hardware_g 419.1126727377573 24.693538212087347 31.43000030517578 AB 8.749037388772592 1.0277870647603633
62567.147 lsst_hardware_r 1692.3373184327556 47.74611430436397 31.5 AB 8.811478410213198 1.0226087129841388
62569.1129 lsst_hardware_i 1419.272984013024 48.18069570734394 31.25 AB 10.604034004100741 1.0344894399395874
62569.1307 lsst_hardware_r 1681.627422956494 46.64182962562299 31.489999771118164 AB 9.77230610312379 1.0237784016402909
62573.1078 lsst_hardware_z 1036.976911487756 53.7995139111992 30.950000762939453 AB 13.524140604059289 1.0297634328181744
62573.1264 lsst_hardware_g 308.8455704053331 35.52905523629435 31.65999984741211 AB 14.316214585066286 1.0225867560761632
62576.1053 lsst_hardware_r 1409.7633527672942 81.31858883526023 31.649999618530273 AB 7.64139142722762 1.0262985564902172
62576.1253 lsst_hardware_i 1181.0952055493685 68.42477645605382 31.329999923706055 AB 8.631297546479743 1.0229685981013028
62577.0877 lsst_hardware_i 1192.3676792341557 82.33431920281774 31.329999923706055 AB 7.921258966264417 1.037764832472753
62577.1077 lsst_hardware_z 951.5873106931905 72.42349277159799 30.989999771118164 AB 7.815885472199677 1.0241387384406793
62581.0823 lsst_hardware_g 92.23584438670102 99.43783444851356 31.739999771118164 AB 4.09163292336862 1.0325887503769187
62581.1034 lsst_hardware_r 1053.0709539544905 99.28851543611331 31.65999984741211 AB 5.0111607476434905 1.0226858668660184
62583.0826 lsst_hardware_i 909.0754752504541 53.60008053137365 31.309999465942383 AB 6.130330602377841 1.0283489044471976
62583.101 lsst_hardware_r 1047.862157617149 60.27423491345251 31.639999389648438 AB 6.237371049866273 1.0225198442403727
62585.0689 lsst_hardware_u 0.463318119157956 2.8354316917106868 28.350000381469727 AB 10.649899739785738 1.0347745569165983
62585.0885 lsst_hardware_g 109.74953601984306 17.46465973195647 31.40999984741211 AB 9.125631676928723 1.0233779425746656
62599.0491 lsst_hardware_g 11.84422254290352 15.211016574658888 31.420000076293945 AB 7.693667396724351 1.0236839575186452
62599.0682 lsst_hardware_r 323.06682783496376 27.909959012087842 31.5 AB 7.7118931156836075 1.0245186142525384
62605.0258 lsst_hardware_z 1045.6458679459095 88.23461793348544 31.739999771118164 AB 5.13964448992323 1.026457642031068
62607.0189 lsst_hardware_r 81.22160391133686 95.87039179696056 31.670000076293945 AB 16.163659974133783 1.0272424514861
62607.0364 lsst_hardware_z 557.1736386248901 72.00965179397497 31.0 AB 16.091225259534994 1.0225307303241895
62609.0178 lsst_hardware_r 42.400721865737864 96.27135760745266 31.670000076293945 AB 10.968403302525614 1.0250844207967864
62609.0372 lsst_hardware_y 262.5052362062152 56.49379773595836 30.06999969482422 AB 10.950222983182174 1.0233853255310443
62613.0014 lsst_hardware_g 18.905055542389295 20.2216603997649 32.16999816894531 AB 9.64856145089615 1.0279007227517205
62613.0192 lsst_hardware_r 220.7106253466828 35.85870098646514 32.25 AB 9.589678898504165 1.02251734269917
62618.9782 lsst_hardware_y 113.27967382703265 48.87123954020512 30.040000915527344 AB 1.0772853253830441 1.0328718364171086
62618.9983 lsst_hardware_g 0.283928299164862 13.968248524963649 31.40999984741211 AB 1.035897273310326 1.0228558610816931
62620.9755 lsst_hardware_y 64.60242221096514 48.706349504332834 30.049999237060547 AB 11.67995869269729 1.0306603743831244
62620.993 lsst_hardware_z 211.13834198260238 43.5322811713454 30.950000762939453 AB 11.587832577571808 1.0228318567919212
62623.9742 lsst_hardware_y 122.56483765860615 48.861428599350745 30.049999237060547 AB 13.520808416850342 1.0263122335518002
62623.9923 lsst_hardware_u 2.204450844944284 3.235849294946634 28.5 AB 13.477533948661733 1.0226910459203804
62625.9732 lsst_hardware_z 250.13433674512146 43.793135436819156 30.950000762939453 AB 10.610503983318342 1.0243776774781175
62625.9912 lsst_hardware_r 113.6063442488622 24.700409695338923 31.510000228881836 AB 10.584679003767935 1.02349012534319
62627.9576 lsst_hardware_y 172.55923750420976 72.84287715796943 30.06999969482422 AB 3.6673661762647307 1.0297733553719761
62627.9749 lsst_hardware_z 246.65806302072346 43.77376727560363 30.950000762939453 AB 3.9852945093460903 1.0227007850855308
62631.9571 lsst_hardware_y 132.44732795171524 74.33747304397326 30.079999923706055 AB 9.422674374547048 1.0242779594043
62631.9745 lsst_hardware_r 104.70857857605861 43.84052250188232 31.6200008392334 AB 7.698775333674192 1.0234104041573209
62634.9647 lsst_hardware_y 124.4356168407604 90.97966307358762 30.81999969482422 AB 7.458090858554588 1.0230577309402726
62856.326 lsst_hardware_i -0.3798234036925972 30.479999542236328 31.260000228881836 AB 6.229007805526717 1.03500545093216
62856.3457 lsst_hardware_z 35.38824310691767 44.720001220703125 30.969999313354492 AB 6.562146582608152 1.0234164975994255
62859.3345 lsst_hardware_r 14.978525759856753 22.540000915527344 31.5 AB 6.121983489729509 1.0243140250523262
62859.355 lsst_hardware_y -30.177847364125903 64.37999725341797 30.06999969482422 AB 6.145535906803722 1.0243128907389947
62864.3224 lsst_hardware_z 7.268399486511908 57.650001525878906 31.700000762939453 AB 7.145347026621248 1.0238109172472236
62864.3433 lsst_hardware_y -28.318034906739307 67.87999725341797 30.809999465942383 AB 6.978436195495307 1.0250597883069599
62867.3022 lsst_hardware_r 26.439130149207436 22.290000915527344 31.5 AB 7.318693110469252 1.0298662638123468
62867.3224 lsst_hardware_u -1.6551374868014126 2.700000047683716 28.479999542236328 AB 7.267972765370436 1.0225239984341925
62869.3013 lsst_hardware_g 4.342199487055992 13.640000343322754 31.399999618530273 AB 4.738126929506588 1.0269764315092689
62869.321 lsst_hardware_r -1.1323513791624353 22.399999618530273 31.489999771118164 AB 4.731677076419081 1.022733616431229
62871.2996 lsst_hardware_i -21.200173671559032 36.34000015258789 31.280000686645508 AB 10.344069351652667 1.025137979269373
62871.323 lsst_hardware_z 39.51246997003182 40.689998626708984 30.950000762939453 AB 10.287101196759972 1.0245861603804647
62873.2857 lsst_hardware_r -0.7486474242312864 77.9800033569336 31.65999984741211 AB 9.743322807196698 1.0299495567861203
62873.3062 lsst_hardware_z -2.4003789623964527 57.63999938964844 30.989999771118164 AB 8.44302938174461 1.0225195799660425
62880.2649 lsst_hardware_z 12.055812850854698 54.060001373291016 30.979999542236328 AB 7.296068706537033 1.0312100217712497
62880.2842 lsst_hardware_i -1.4999987489139044 55.130001068115234 31.329999923706055 AB 7.336624006946507 1.022692285428038
62882.2393 lsst_hardware_r -15.583494260025432 35.4900016784668 31.59000015258789 AB 5.344296105788014 1.0542750825161296
62882.2585 lsst_hardware_z 8.283784914498048 44.060001373291016 30.959999084472656 AB 4.683014681580812 1.0319556371927747
62884.2424 lsst_hardware_g -13.961746835584417 15.470000267028809 31.489999771118164 AB 6.923384505153935 1.0426260486653225
62884.2607 lsst_hardware_r -29.822979750368603 24.170000076293945 31.530000686645508 AB 7.552985115825802 1.0267788357566308
62886.2665 lsst_hardware_i -25.241586045531744 30.040000915527344 31.25 AB 12.161435178751006 1.0228647075171715
62886.2857 lsst_hardware_z -78.06704139954248 40.63999938964844 30.950000762939453 AB 12.180830438191217 1.02618622057213
62892.2264 lsst_hardware_z 0.16331723514497187 41.15999984741211 30.959999084472656 AB 14.549016780395363 1.0362547564384161
62892.2458 lsst_hardware_i 15.589136523670506 30.459999084472656 31.260000228881836 AB 14.508456165089104 1.0238492759669104
62894.2181 lsst_hardware_u -2.437482203264494 2.700000047683716 28.450000762939453 AB 10.489267234505814 1.039192949490355
62894.2359 lsst_hardware_g -3.04242946638842 13.880000114440918 31.43000030517578 AB 10.346563318603641 1.0255291226686134
62896.2019 lsst_hardware_r -12.09947476669843 22.68000030517578 31.510000228881836 AB 12.882737241836645 1.0530274024715192
