data/validation/pwv_sim_epoch_fit_seasonal/58480251.ecsv
# %ECSV 0.9
# ---
# datatype:
# - {name: time, datatype: float64}
# - {name: band, datatype: string}
# - {name: flux, datatype: float64}
# - {name: fluxerr, datatype: float64}
# - {name: zp, datatype: float64}
# - {name: zpsys, datatype: string}
# - {name: pwv, datatype: float64}
# - {name: airmass, datatype: float64}
# meta: {SNID: '58480251', alt: 1024.0, c: 0.07625866681337357, dec: -2.388015, lat: -30.244573, lon: -70.7499537, ra: 156.972656, t0: 59973.05078125,
#   x0: 1.5435150169611247e-05, x1: 0.3731669783592224, z: 0.3833519518375397}
# schema: astropy-2.0
time band flux fluxerr zp zpsys pwv airmass
[from data line 132]
60337.302 lsst_hardware_z 66.22327534756984 89.08999633789062 30.979999542236328 AB 13.337211255180268 1.1399325859128435
60339.2865 lsst_hardware_r -41.50802808081821 84.79000091552734 31.6299991607666 AB 14.058460889221562 1.1326431278032747
60339.3039 lsst_hardware_y -64.13847486817252 56.119998931884766 30.020000457763672 AB 12.764488656801301 1.1481954355312856
60341.2866 lsst_hardware_z 29.489429017407254 50.689998626708984 30.959999084472656 AB 12.040786689990005 1.1361197713431574
60341.304 lsst_hardware_r -43.29385541888353 52.0 31.610000610351562 AB 11.46306658136257 1.1561337953971327
60349.2095 lsst_hardware_z 56.77876797709287 43.38999938964844 30.940000534057617 AB 6.215891873602815 1.1625732930678525
60349.2273 lsst_hardware_r -10.152535316724299 24.40999984741211 31.5 AB 6.08341565248566 1.1390031178591387
60351.2674 lsst_hardware_g -12.660221246324687 15.229999542236328 31.43000030517578 AB 4.220081334151749 1.1436793064391961
60351.2841 lsst_hardware_i 26.848203457601564 32.459999084472656 31.239999771118164 AB 4.317523567086769 1.1690573312207506
60353.1939 lsst_hardware_r 9.558638827139768 24.65999984741211 31.479999542236328 AB 4.7802384668877735 1.171339982084728
60353.2097 lsst_hardware_z 28.458168106653158 43.369998931884766 30.93000030517578 AB 5.633399100155502 1.146086891391993
60355.1936 lsst_hardware_r 18.3701302464457 24.68000030517578 31.5 AB 4.519523307808279 1.161731635971625
60355.2112 lsst_hardware_u 2.7725968108865064 2.7200000286102295 28.3700008392334 AB 3.7256964985720478 1.1387473060508644
60357.19 lsst_hardware_g -21.810747309036945 15.319999694824219 31.420000076293945 AB 4.868422821665198 1.1585965782163798
60357.208 lsst_hardware_r 40.02458404510636 24.610000610351562 31.5 AB 4.789317458371633 1.1368400027784071
60360.2339 lsst_hardware_i 28.00306776833288 47.0 31.290000915527344 AB 3.747175994584268 1.135507877146748
60360.2511 lsst_hardware_z 0.651730696058922 49.81999969482422 30.959999084472656 AB 3.1220936717390226 1.1545492776846924
60361.2398 lsst_hardware_r 1.2655716334599645 75.13999938964844 31.6200008392334 AB 6.332414359126867 1.143344652726707
60361.2567 lsst_hardware_z 146.05404029788934 61.02000045776367 30.969999313354492 AB 6.142388653405408 1.1688655858050254
60364.2337 lsst_hardware_z 144.59652177684424 100.08000183105469 30.989999771118164 AB 9.645560838164327 1.1457576573218895
60364.2515 lsst_hardware_i -44.59980856147223 121.66000366210938 31.31999969482422 AB 11.611307964721226 1.1748669492200874
60366.1602 lsst_hardware_r 140.17482675923802 140.8000030517578 31.6299991607666 AB 6.252032746539349 1.1678402440533016
60366.1773 lsst_hardware_z -29.884606309670993 94.7699966430664 30.979999542236328 AB 7.9275384134804305 1.142543548818971
60370.1599 lsst_hardware_g -26.745212011637534 47.869998931884766 31.65999984741211 AB 3.8564588679728455 1.1504662875245282
60370.1783 lsst_hardware_r 28.86548858588225 49.880001068115234 31.600000381469727 AB 4.413500510740288 1.1329983127368373
60371.1549 lsst_hardware_i 37.42652428588642 39.720001220703125 31.260000228881836 AB 5.642520811360503 1.1537127866605807
60371.1731 lsst_hardware_z 51.05392848641951 46.65999984741211 30.950000762939453 AB 6.158646645113417 1.1344502224477857
60373.2016 lsst_hardware_r 10.378646530551022 27.799999237060547 31.510000228881836 AB 13.39589841101972 1.1380102858090038
60373.2194 lsst_hardware_u 3.2809149033036884 4.070000171661377 28.610000610351562 AB 12.630048973511983 1.1606367371358273
60380.1945 lsst_hardware_z 17.387184144921093 43.20000076293945 30.93000030517578 AB 9.16157113876299 1.1516263058865663
60380.2132 lsst_hardware_r 20.444993095758008 24.719999313354492 31.479999542236328 AB 8.782845875492953 1.1868710642558045
60389.061 lsst_hardware_r -40.40167570360391 66.94000244140625 31.579999923706055 AB 5.021448837800566 1.2752885937271028
60389.0746 lsst_hardware_z -69.25609266392263 57.65999984741211 30.950000762939453 AB 4.826824400296703 1.225471126701797
60392.1559 lsst_hardware_z -75.97989159467865 95.25 30.989999771118164 AB 6.178521593858717 1.144170665529392
60392.1753 lsst_hardware_r 163.06890036682918 140.3800048828125 31.6299991607666 AB 7.027335216445161 1.175385359221436
60397.1414 lsst_hardware_r 16.81257779524862 72.66000366210938 31.6200008392334 AB 7.557450827054188 1.1432206777512566
60397.1591 lsst_hardware_i 83.81019724230595 60.43000030517578 31.299999237060547 AB 7.638349201560064 1.1702097643080291
60399.138 lsst_hardware_z 26.91201825331689 49.150001525878906 30.950000762939453 AB 5.75113773910333 1.1455879167578145
60399.1556 lsst_hardware_r 5.9716181760131475 49.869998931884766 31.600000381469727 AB 5.953298694892359 1.174162752308537
60401.1361 lsst_hardware_u -3.893930893451413 3.859999895095825 28.610000610351562 AB 9.757282184514604 1.150148191726814
60401.1534 lsst_hardware_r 2.765188545050426 32.95000076293945 31.540000915527344 AB 9.880036187998014 1.181186704285711
60413.0496 lsst_hardware_r 20.287030327559982 24.559999465942383 31.510000228881836 AB 6.597148786676373 1.1418691106319987
60413.0699 lsst_hardware_i 27.634796588228745 32.0 31.260000228881836 AB 6.5160181339376155 1.1299779994689354
60417.0874 lsst_hardware_z 64.44488170975762 52.810001373291016 30.959999084472656 AB 12.9260620012586 1.1438992921467788
60417.1045 lsst_hardware_r 16.74279591707174 53.540000915527344 31.600000381469727 AB 13.223575234827193 1.170227896887362
60423.085 lsst_hardware_r -141.75136650296957 110.33000183105469 31.6299991607666 AB 10.483832166702982 1.1643527506333833
60423.1018 lsst_hardware_z 123.01952887594487 75.80999755859375 30.969999313354492 AB 10.930745119148517 1.202171583079339
60426.0068 lsst_hardware_u -16.11569604152247 12.869999885559082 29.229999542236328 AB 5.317799450651762 1.150727498112364
60426.0237 lsst_hardware_g -47.25042035696064 71.98999786376953 31.68000030517578 AB 5.221408797889745 1.1339590186350001
60429.007 lsst_hardware_r -7.862318857127071 24.610000610351562 31.489999771118164 AB 12.320226214326823 1.1407616865117427
60429.0247 lsst_hardware_i 18.74520617939183 32.45000076293945 31.25 AB 12.206538439052547 1.1302350406530135
60432.0018 lsst_hardware_z -32.70047766496862 43.08000183105469 30.950000762939453 AB 15.546932331455135 1.1379967547728536
60432.0214 lsst_hardware_r -32.31408619954559 24.510000228881836 31.520000457763672 AB 15.49135420194663 1.1297662049260961
60436.0404 lsst_hardware_u -3.921177813379024 2.7200000286102295 28.350000381469727 AB 7.401974032128091 1.1499700723140485
60436.0588 lsst_hardware_r -51.516394507887156 25.079999923706055 31.489999771118164 AB 7.407986437203779 1.1833844148887827
60442.9659 lsst_hardware_y -46.49841335006717 50.13999938964844 30.010000228881836 AB 8.246440686912809 1.1438033224254074
60442.9855 lsst_hardware_i 6.2033262093605614 33.369998931884766 31.239999771118164 AB 8.226313474493855 1.1304539610408257
60444.9634 lsst_hardware_y -60.15123289385494 53.18000030517578 30.020000457763672 AB 8.14555774488465 1.1406746596954709
60444.9811 lsst_hardware_r 17.925974059998506 39.560001373291016 31.579999923706055 AB 8.330839691867089 1.1302183817483502
60446.9738 lsst_hardware_y -75.96914278769708 78.0999984741211 30.770000457763672 AB 8.387981702155024 1.130658928220018
60453.9621 lsst_hardware_y 11.067332722317955 54.54999923706055 30.020000457763672 AB 5.3500295809203156 1.129790672609719
60453.9908 lsst_hardware_r -58.77311425323074 78.91999816894531 31.6200008392334 AB 5.490617261284848 1.149366020678904
