data/validation/pwv_sim_epoch_fit_seasonal/5852058.ecsv
# %ECSV 0.9
# ---
# datatype:
# - {name: time, datatype: float64}
# - {name: band, datatype: string}
# - {name: flux, datatype: float64}
# - {name: fluxerr, datatype: float64}
# - {name: zp, datatype: float64}
# - {name: zpsys, datatype: string}
# - {name: pwv, datatype: float64}
# - {name: airmass, datatype: float64}
# meta: {SNID: '5852058', alt: 1024.0, c: -0.008424080908298492, dec: -32.089951, lat: -30.244573, lon: -70.7499537, ra: 288.808594, t0: 61263.09765625,
#   x0: 5.2596244540456795e-05, x1: -1.466470718383789, z: 0.225237175822258}
# schema: astropy-2.0
time band flux fluxerr zp zpsys pwv airmass
[from data line 132]
61576.1517 lsst_hardware_i 76.17543032063597 137.75999450683594 31.31999969482422 AB 3.470179659091561 1.176465021728408
61576.1756 lsst_hardware_z -4.6147077366739 110.66000366210938 31.0 AB 3.1587751235774695 1.0989910841359103
61578.1772 lsst_hardware_z -213.46965539876575 105.4800033569336 31.739999771118164 AB 2.270523883726715 1.081201849393674
61580.1665 lsst_hardware_r -46.17428156146916 60.29999923706055 31.6299991607666 AB 3.9669323515939414 1.094200395796513
61580.1859 lsst_hardware_z 3.306967471207456 53.13999938964844 30.969999313354492 AB 3.949109043955871 1.0515534666371644
61582.1611 lsst_hardware_r -65.48518807992149 24.479999542236328 31.510000228881836 AB 6.5732881696949175 1.0940437181700025
61582.18 lsst_hardware_u -1.7530353996529462 3.940000057220459 28.719999313354492 AB 6.419745092252463 1.0523597222423577
61585.1641 lsst_hardware_g 9.61840024833102 15.420000076293945 31.450000762939453 AB 5.0945619508388775 1.0676692876365095
61585.1831 lsst_hardware_r 7.392150449780298 24.229999542236328 31.510000228881836 AB 5.930081071470813 1.0338205927046265
61587.1558 lsst_hardware_i 38.38988444068051 31.829999923706055 31.25 AB 9.106964773120675 1.0738817597155024
61587.1747 lsst_hardware_z -67.92463429306301 41.68000030517578 30.950000762939453 AB 7.705840016936968 1.0382197494358412
61589.1571 lsst_hardware_r 36.112343748742624 24.469999313354492 31.510000228881836 AB 6.5428749016170284 1.0596034821372282
61589.1762 lsst_hardware_u -1.1513799601461294 2.869999885559082 28.520000457763672 AB 6.848563189261918 1.0282741922993759
61591.1548 lsst_hardware_g -5.3409390556829255 15.5600004196167 31.459999084472656 AB 3.830084630681775 1.0535234852652386
61591.1733 lsst_hardware_i -42.77472905547802 31.420000076293945 31.25 AB 3.690075045455282 1.0250208459598005
61596.0726 lsst_hardware_r -22.134579875549985 30.25 31.510000228881836 AB 10.815753595850968 1.2904573968959951
61596.0907 lsst_hardware_i 14.473544101669916 35.040000915527344 31.25 AB 10.409566929295792 1.2023987674374954
61598.0555 lsst_hardware_i 19.065916641787446 43.2400016784668 31.239999771118164 AB 11.226734411499516 1.3607475676782816
61598.074 lsst_hardware_z 10.345866663311947 48.779998779296875 30.93000030517578 AB 10.256423064199975 1.2543142461034125
61600.077 lsst_hardware_z -35.636023852024024 56.84000015258789 30.950000762939453 AB 8.686562082714296 1.2144508457518357
61600.0963 lsst_hardware_r -5.472704719250359 67.91999816894531 31.6200008392334 AB 8.56241804453402 1.1401355585265007
61607.0701 lsst_hardware_i -85.23996999195948 76.79000091552734 31.309999465942383 AB 6.640369829167037 1.164977163011761
61607.0825 lsst_hardware_z 51.70938499008661 68.44999694824219 30.979999542236328 AB 6.402253190566508 1.1232023141344751
61608.0803 lsst_hardware_g 0.04787826750882657 59.119998931884766 31.68000030517578 AB 5.77262241492875 1.121587205387536
61608.1011 lsst_hardware_r -54.97971147190868 68.22000122070312 31.639999389648438 AB 5.231479597213667 1.068103022825419
61611.0749 lsst_hardware_i -31.83893330577479 32.099998474121094 31.25 AB 5.232539199718844 1.113306212706137
61611.0951 lsst_hardware_r 9.731762358739093 24.280000686645508 31.520000457763672 AB 5.677704977387473 1.063506177083068
61612.0766 lsst_hardware_u 1.6945948766985321 2.690000057220459 28.3700008392334 AB 9.404591767345682 1.1008964921974813
61612.0944 lsst_hardware_g -9.959311574320829 15.210000038146973 31.440000534057617 AB 7.697675047626755 1.0594102735517141
61617.0771 lsst_hardware_r -14.417531437226568 24.309999465942383 31.510000228881836 AB 3.773294634324441 1.0668819210643785
61617.0964 lsst_hardware_i 17.215085213199675 31.479999542236328 31.270000457763672 AB 3.9703072526192758 1.0328582863214073
61619.0598 lsst_hardware_i -31.419976102617017 31.90999984741211 31.239999771118164 AB 1.9475867400294735 1.0947648904044258
61619.0793 lsst_hardware_z -17.531925076006917 41.91999816894531 30.950000762939453 AB 1.9052782984727432 1.0517683127092152
61622.0745 lsst_hardware_u -2.121840001948505 2.7300000190734863 28.43000030517578 AB 2.3006884930642952 1.0457674968474069
61622.0935 lsst_hardware_g -0.9981066295313876 15.109999656677246 31.459999084472656 AB 2.4218728672587875 1.0194497827664322
61624.0765 lsst_hardware_r -3.9887892962202502 25.209999084472656 31.530000686645508 AB 2.432201809541842 1.0339895034719278
61624.0948 lsst_hardware_z -19.405289760413947 41.310001373291016 30.950000762939453 AB 2.789721256545434 1.0129093821042423
61625.9818 lsst_hardware_y -11.418506379800778 51.599998474121094 29.959999084472656 AB 4.587446158962027 1.3430274929260122
61626.0015 lsst_hardware_g -7.4338651306354215 29.59000015258789 31.59000015258789 AB 6.874688425956282 1.2350849045045271
61630.9813 lsst_hardware_y 103.1187376790004 68.4000015258789 29.989999771118164 AB 6.813187010388118 1.2675696763512778
61631.0001 lsst_hardware_r -19.33749700762799 124.9000015258789 31.6299991607666 AB 3.7069312693372636 1.1820571649672396
61648.984 lsst_hardware_y 22.63812659814394 49.369998931884766 30.030000686645508 AB 4.502952220106939 1.0796504753605898
61649.0032 lsst_hardware_z 5.564561913360007 41.630001068115234 30.950000762939453 AB 1.8153881905333678 1.0417300251721697
61650.983 lsst_hardware_y 63.68468059413382 49.900001525878906 30.040000915527344 AB 3.5719798714453885 1.0695884830279392
61651.0011 lsst_hardware_u -1.0071416641344646 2.799999952316284 28.459999084472656 AB 1.854847412365554 1.036468868376561
61652.9828 lsst_hardware_y 77.10828494944073 52.470001220703125 30.049999237060547 AB 1.9802480890998002 1.0587202971351126
61652.9989 lsst_hardware_r 14.34758554913518 25.15999984741211 31.530000686645508 AB 1.9224623631486881 1.031732931922373
