data/validation/pwv_sim_epoch_fit_seasonal/58538179.ecsv
# %ECSV 0.9
# ---
# datatype:
# - {name: time, datatype: float64}
# - {name: band, datatype: string}
# - {name: flux, datatype: float64}
# - {name: fluxerr, datatype: float64}
# - {name: zp, datatype: float64}
# - {name: zpsys, datatype: string}
# - {name: pwv, datatype: float64}
# - {name: airmass, datatype: float64}
# meta: {SNID: '58538179', alt: 1024.0, c: -0.08596549928188324, dec: -35.501846, lat: -30.244573, lon: -70.7499537, ra: 4.570312, t0: 60630.1640625,
#   x0: 1.2385768784697863e-05, x1: 1.0651570558547974, z: 0.4202309846878052}
# schema: astropy-2.0
time band flux fluxerr zp zpsys pwv airmass
60483.3641 lsst_hardware_z -104.72587871657704 61.349998474121094 30.969999313354492 AB 3.9581161786223955 1.137880172092158
60483.386 lsst_hardware_i 21.471453153437686 65.45999908447266 31.31999969482422 AB 3.5473065697086503 1.0790286143600287
60484.3759 lsst_hardware_z -71.60345702698116 123.08999633789062 32.47999954223633 AB 4.25294724441431 1.0965679064259986
60491.3656 lsst_hardware_i 64.65730067162343 56.06999969482422 32.43000030517578 AB 9.30413072431476 1.075850071226809
60491.3984 lsst_hardware_y 133.948021453512 81.02999877929688 31.229999542236328 AB 9.925938509839675 1.0232926298803788
60492.3722 lsst_hardware_r -5.146473205735283 23.639999389648438 31.510000228881836 AB 7.302348791006059 1.0571368225169222
60492.3933 lsst_hardware_i -48.320014162568164 30.479999542236328 31.25 AB 7.587680447176556 1.0259052129631525
60494.3702 lsst_hardware_z 73.48580600620616 41.119998931884766 30.950000762939453 AB 7.702461186255704 1.050992486611795
60494.3904 lsst_hardware_i 15.01054216554478 30.100000381469727 31.260000228881836 AB 6.477866417680658 1.0230902475936812
60496.3724 lsst_hardware_u 2.1318276406950583 2.5799999237060547 28.3700008392334 AB 5.9106097973907445 1.0388475660005703
60496.3942 lsst_hardware_g 14.730559678833364 13.539999961853027 31.420000076293945 AB 5.0748927441246305 1.0145727197370311
60500.3506 lsst_hardware_u 1.9321639124782484 2.5899999141693115 28.3700008392334 AB 8.427415332562553 1.056696070036996
60500.37 lsst_hardware_g 7.738870172921583 13.550000190734863 31.40999984741211 AB 8.219434423056473 1.027600569643673
60502.39 lsst_hardware_r 0.7433823976297363 22.020000457763672 31.5 AB 7.663951047259844 1.0072218487659146
60502.4114 lsst_hardware_i 8.521637605777588 29.829999923706055 31.260000228881836 AB 7.881799219771877 1.0045627351225945
60505.2466 lsst_hardware_r -5.995538652268121 23.65999984741211 31.40999984741211 AB 8.201341195611056 1.4224034448234235
60505.2665 lsst_hardware_u 0.6144159025297327 2.4600000381469727 28.15999984741211 AB 6.93138538419848 1.2964948111664212
60509.2613 lsst_hardware_r 99.29211299267772 56.939998626708984 31.579999923706055 AB 2.8538138511002633 1.2664854368788152
60509.2811 lsst_hardware_z 44.65814602609195 50.540000915527344 30.950000762939453 AB 2.6989386083194993 1.1796490001760698
60510.2104 lsst_hardware_i 69.42814780695554 87.1500015258789 31.969999313354492 AB 4.748703456828382 1.6183244769379923
60510.2283 lsst_hardware_r 46.39547961305754 102.48999786376953 32.29999923706055 AB 4.240088578203142 1.4574924932236526
60512.268 lsst_hardware_i -45.40399202116645 78.6500015258789 31.299999237060547 AB 5.88329900921772 1.1989401054701985
60512.2877 lsst_hardware_z 60.62118241584885 67.72000122070312 30.969999313354492 AB 5.542719562558923 1.1292659425577185
60515.2673 lsst_hardware_r 60.115439028725596 90.2300033569336 31.6200008392334 AB 6.919667699505407 1.1700486471940155
60515.2862 lsst_hardware_z -63.2160470021857 66.3499984741211 30.979999542236328 AB 6.574810233705853 1.1099223848470856
60517.2635 lsst_hardware_r 67.45169192312962 58.869998931884766 31.600000381469727 AB 2.294363187042903 1.164060470341402
60517.2831 lsst_hardware_i -22.989108330504926 51.470001220703125 31.299999237060547 AB 2.2584528476531327 1.1035684571967421
60518.2437 lsst_hardware_i 149.94326315622862 42.45000076293945 31.260000228881836 AB 3.1304700643220933 1.2330753576847242
60518.2625 lsst_hardware_z -40.466074410991176 47.65999984741211 30.940000534057617 AB 2.894933459452709 1.1579733837810837
60524.2998 lsst_hardware_r -16.69024305899562 22.18000030517578 31.489999771118164 AB 2.377021051322293 1.0334874136183885
60524.3132 lsst_hardware_u -1.9120911059236614 2.640000104904175 28.43000030517578 AB 2.342416469645526 1.0184419433241418
60528.2594 lsst_hardware_g 3.7174916518539614 13.630000114440918 31.389999389648438 AB 4.500074743906305 1.0876751717466093
60528.2795 lsst_hardware_r -16.75987261264908 22.350000381469727 31.489999771118164 AB 4.463093078543664 1.0474285563350538
60532.2616 lsst_hardware_i -41.706459865010565 30.459999084472656 31.239999771118164 AB 7.131499215919722 1.0597368624592796
60532.2806 lsst_hardware_u -7.800396816526433 2.7100000381469727 28.469999313354492 AB 6.787448223770171 1.030079026257946
60534.2601 lsst_hardware_g -0.952134258383604 13.770000457763672 31.43000030517578 AB 3.578652248685329 1.0525447790250968
60534.2773 lsst_hardware_r -12.72537488568446 22.389999389648438 31.5 AB 3.493346813624753 1.027454945183751
60536.259 lsst_hardware_y -6.13997734646726 47.4900016784668 30.040000915527344 AB 4.912704523394023 1.0452562815731963
60536.2771 lsst_hardware_r 44.14449180483193 28.950000762939453 31.559999465942383 AB 4.801861800983189 1.0216727236134444
60538.254 lsst_hardware_i -22.919644797338613 47.310001373291016 31.309999465942383 AB 3.7198133649357565 1.044524637398598
60538.2716 lsst_hardware_z 70.28364066755948 48.77000045776367 30.979999542236328 AB 3.5366601821978105 1.0217131827813983
60540.1853 lsst_hardware_z -81.68804188023304 67.31999969482422 30.959999084472656 AB 2.9743956478958204 1.2255862299471678
60540.2049 lsst_hardware_r -54.021821174152834 93.4800033569336 31.6299991607666 AB 2.7705690408108494 1.1495739597431494
60544.1641 lsst_hardware_z 58.9667764960665 69.27999877929688 30.959999084472656 AB 2.7955887950618554 1.274875182060586
60544.1818 lsst_hardware_i 19.002326882937254 73.7300033569336 31.299999237060547 AB 2.2502574044314123 1.1942456703894984
60550.1652 lsst_hardware_z 30.258402580814884 43.41999816894531 30.93000030517578 AB 6.214639317866342 1.1951229457435273
60550.1824 lsst_hardware_r 5.388331156400604 23.079999923706055 31.479999542236328 AB 6.111338098082577 1.1340568941962594
60554.1604 lsst_hardware_u 0.4621893297171104 2.5799999237060547 28.290000915527344 AB 3.5917523123677606 1.171605625432563
60554.1775 lsst_hardware_r -18.310880513969487 23.059999465942383 31.479999542236328 AB 2.791451229036224 1.11613403799929
60556.166 lsst_hardware_i -38.32128576893425 31.200000762939453 31.239999771118164 AB 1.587762345501187 1.1341159610722764
60556.1841 lsst_hardware_z -32.88351958970151 41.56999969482422 30.940000534057617 AB 1.6274648162382233 1.0849765441588155
60558.1648 lsst_hardware_r 43.14324139304944 23.1299991607666 31.489999771118164 AB 0.7417126185100021 1.121258682554803
60558.1833 lsst_hardware_u -1.3534248917130336 2.75 28.469999313354492 AB 0.736309759181658 1.0745126000461993
60560.1744 lsst_hardware_g 32.64928301686335 14.029999732971191 31.40999984741211 AB 2.798449953778699 1.0821538877721186
60560.1926 lsst_hardware_r 23.513851885059733 22.809999465942383 31.5 AB 2.663772220129465 1.0466688487738567
60567.1646 lsst_hardware_i -2.8878746526089643 50.75 31.31999969482422 AB 1.4614656824337626 1.062497769853539
60567.1825 lsst_hardware_z -22.56474836600836 50.9900016784668 30.979999542236328 AB 1.129805785872873 1.0333589504934813
60569.1637 lsst_hardware_r -124.5173376414709 95.38999938964844 31.649999618530273 AB 0.6963630563777741 1.0540308623276096
60569.1788 lsst_hardware_z -152.30628790415875 67.97000122070312 30.989999771118164 AB 0.8348210219867386 1.0310675446522088
60572.1691 lsst_hardware_z -25.304742440197796 71.44000244140625 31.0 AB 6.428004835990222 1.0330260885479954
60572.1873 lsst_hardware_i -40.98502234565977 81.72000122070312 31.34000015258789 AB 6.351922292351624 1.014117073896643
60575.1701 lsst_hardware_z -47.058273720671096 45.54999923706055 30.959999084472656 AB 2.0410120027545573 1.0222096841839876
60575.1859 lsst_hardware_r -32.80860134061678 43.56999969482422 31.6299991607666 AB 2.0305687669815726 1.0096053533777751
60579.0737 lsst_hardware_i -4.73877778350137 32.09000015258789 31.219999313354492 AB 3.497864114906039 1.249237183895014
60579.0907 lsst_hardware_r -5.276777165658541 23.139999389648438 31.469999313354492 AB 3.8506346613806945 1.1769642367949142
60581.0853 lsst_hardware_u 4.151579424324935 2.640000104904175 28.350000381469727 AB 4.385600201087529 1.1767368560483498
60581.1066 lsst_hardware_g 3.0152434804837065 13.850000381469727 31.399999618530273 AB 4.109045636294737 1.1083063078340492
60585.1051 lsst_hardware_r 14.698595938513597 22.65999984741211 31.489999771118164 AB 3.8755004016634933 1.0845616795700075
60585.125 lsst_hardware_u 1.8302160788164585 2.680000066757202 28.450000762939453 AB 3.3459452280158803 1.0456078837549625
60589.1026 lsst_hardware_z -20.04726854689641 41.349998474121094 30.950000762939453 AB 8.369490433150915 1.0663129612881788
60589.1225 lsst_hardware_r 6.35814515015952 22.399999618530273 31.5 AB 8.659500939890371 1.0332711327528086
60591.107 lsst_hardware_u -4.009078454231429 2.9000000953674316 28.540000915527344 AB 5.774450522219235 1.048248309733614
60591.127 lsst_hardware_g -6.595057117067983 14.5 31.469999313354492 AB 3.5998141231870653 1.0216102894296846
60593.1014 lsst_hardware_z 26.42777548945429 42.20000076293945 30.950000762939453 AB 4.403614804820074 1.048479715433351
60593.1205 lsst_hardware_g 6.578453114392557 23.100000381469727 31.6200008392334 AB 4.295268947592022 1.022683082760005
60597.0077 lsst_hardware_y -12.392848201613385 57.38999938964844 29.950000762939453 AB 9.06222685868287 1.3404834798668037
60597.027 lsst_hardware_i -52.324453996406376 66.37000274658203 31.290000915527344 AB 8.27003161346439 1.2377198723069678
60598.0086 lsst_hardware_y 71.70692098496542 59.90999984741211 29.959999084472656 AB 10.289940683064918 1.3189272513301573
60598.0283 lsst_hardware_i 27.738600768026032 78.66000366210938 31.299999237060547 AB 9.518508972847904 1.2196050149396869
60600.0084 lsst_hardware_y 56.0888656418362 61.93000030517578 29.969999313354492 AB 6.780150198127188 1.2896148736333217
60600.0271 lsst_hardware_g -71.25390909166288 113.55000305175781 31.65999984741211 AB 6.338813754913676 1.2015569623568243
60602.0086 lsst_hardware_y 129.01936292577057 50.4245452965111 29.969999313354492 AB 3.7791088544019535 1.2604382070880757
60602.0272 lsst_hardware_i 3.2305579059673533 31.53590105016878 31.229999542236328 AB 3.535872993953139 1.1796073374322398
60604.0089 lsst_hardware_z 59.0167835304108 45.80219229389505 30.940000534057617 AB 5.109829176547769 1.2330668862325695
60604.0277 lsst_hardware_u 2.576227671608698 3.0023367893977637 28.440000534057617 AB 4.84204596018539 1.157968662007746
60606.0103 lsst_hardware_y 69.08001433794759 49.91003191976829 29.989999771118164 AB 3.466335106653957 1.203275225775782
60606.0295 lsst_hardware_r 108.31904864622757 25.28139596608383 31.469999313354492 AB 3.2536260975344797 1.1340627736266407
60608.0114 lsst_hardware_y 15.578666556003473 51.15078425383119 30.0 AB 4.2912575617888375 1.1774074158927441
60608.0309 lsst_hardware_z 160.78694219980224 43.9956833234218 30.940000534057617 AB 4.137744142413471 1.1137688636181704
60610.011 lsst_hardware_y 102.15247197932825 52.31709468412242 30.020000457763672 AB 4.143686109336869 1.1590730375767466
60610.0292 lsst_hardware_u 3.503443182720878 3.870702061130979 28.540000915527344 AB 3.9186437811615376 1.103532464421787
60612.0314 lsst_hardware_r 1274.3655497665115 41.933866727992175 31.510000228881836 AB 4.9681494455121875 1.0845119942178973
60612.0495 lsst_hardware_z 557.1001968293219 47.24487990016148 30.959999084472656 AB 5.442499637451603 1.0485164983532054
60616.0144 lsst_hardware_z 1053.2650345195714 53.85481732695483 30.950000762939453 AB 3.1219417358141923 1.0994042971525504
60616.0332 lsst_hardware_g 1335.342371270365 38.28356578496243 31.420000076293945 AB 3.0709396259189856 1.0579718509140166
60623.0162 lsst_hardware_y 547.9511474797364 59.21423863306927 30.049999237060547 AB 13.01400472291068 1.054135436691202
60623.0339 lsst_hardware_g 2886.08841009144 62.325082868561346 31.670000076293945 AB 12.3023259501255 1.0279349891481868
60625.0246 lsst_hardware_y 564.646452360043 57.003342163214256 30.059999465942383 AB 5.37674768580703 1.0327486551370044
60625.0602 lsst_hardware_z 2042.4094370919818 68.32973353785341 30.979999542236328 AB 4.578959605761382 1.0051681198050457
60849.2978 lsst_hardware_r 3.945660141653397 41.65999984741211 32.61000061035156 AB 3.9932774328194816 1.4748039269309707
60849.3358 lsst_hardware_i 130.00482974419663 55.4900016784668 32.41999816894531 AB 4.3228247484356235 1.239608501953062
60856.325 lsst_hardware_z 124.13612827413215 43.43000030517578 30.93000030517578 AB 4.211038860484395 1.2031539601383985
60856.3441 lsst_hardware_r 0.7552111167700755 22.700000762939453 31.469999313354492 AB 4.003999677253424 1.1342775289669758
60860.3784 lsst_hardware_u 0.023884647243656805 3.680000066757202 29.139999389648438 AB 6.568490617951298 1.035195915728695
60860.4005 lsst_hardware_y -59.25663801912337 65.7300033569336 30.799999237060547 AB 6.3920386134252 1.0124397898828226
60861.3655 lsst_hardware_r 25.440169941073606 22.31999969482422 31.489999771118164 AB 4.808454844846688 1.0508752483820254
60861.3834 lsst_hardware_u 3.8246563198628776 2.7100000381469727 28.489999771118164 AB 4.282863751963383 1.0255285847261761
60863.3345 lsst_hardware_r -17.074958132362024 45.400001525878906 31.600000381469727 AB 1.7190376275986392 1.1066765842909694
60863.3531 lsst_hardware_i 40.6232152625788 40.779998779296875 31.290000915527344 AB 1.650547124400361 1.0636110779081545
60867.3857 lsst_hardware_z 107.07190270729444 62.56999969482422 30.989999771118164 AB 9.216604479015123 1.0097068885862317
60867.4063 lsst_hardware_r -17.847758689428158 90.2699966430664 31.670000076293945 AB 9.154437559221293 1.0039962227704862
60873.2759 lsst_hardware_g -22.45340942839484 40.029998779296875 31.6299991607666 AB 2.2550874939582037 1.2144802947447024
60873.3066 lsst_hardware_r -53.36681490469125 42.58000183105469 31.600000381469727 AB 1.9616875395019278 1.1082980449160842
60875.2729 lsst_hardware_u 0.6264444265012102 2.740000009536743 28.360000610351562 AB 2.666082641431474 1.2041020586066125
60875.2944 lsst_hardware_g 20.083380383877223 16.389999389648438 31.469999313354492 AB 2.573217846541223 1.1276151825334018
60877.2665 lsst_hardware_r -11.061692774008845 23.06999969482422 31.459999084472656 AB 5.730058580527304 1.2080235939270494
60877.2865 lsst_hardware_i 33.375364002876594 31.06999969482422 31.229999542236328 AB 5.381215370900621 1.1351178535156128
60879.2703 lsst_hardware_z -42.10339091353538 42.970001220703125 30.93000030517578 AB 6.035935340194068 1.1716092019399522
60879.2909 lsst_hardware_r -5.147673689820422 22.549999237060547 31.479999542236328 AB 5.692914533880844 1.1064587218840882
60881.2701 lsst_hardware_u -2.889654352919049 2.569999933242798 28.31999969482422 AB 6.828893471373351 1.1530099287550684
60881.2892 lsst_hardware_g 3.0946750359551247 13.529999732971191 31.399999618530273 AB 6.469501806701697 1.096649645163583
60886.2725 lsst_hardware_g 5.226588580781458 13.579999923706055 31.389999389648438 AB 4.860799369233952 1.1045597718301663
60886.2933 lsst_hardware_r -36.00029687433641 22.31999969482422 31.489999771118164 AB 4.667241264504616 1.0579115463262005
60891.2534 lsst_hardware_z -34.71994991163332 65.9800033569336 31.700000762939453 AB 1.1088634068579364 1.1196870483246109
60894.2595 lsst_hardware_z 46.00476102957019 58.02000045776367 30.979999542236328 AB 4.615813912216115 1.0826772272594487
60894.2785 lsst_hardware_r 135.10957685803209 76.73999786376953 31.649999618530273 AB 4.369276374621796 1.0457400872683704
60896.2657 lsst_hardware_y 106.89400394119804 84.61000061035156 30.809999465942383 AB 3.478121502795655 1.0584666776614897
60897.2587 lsst_hardware_r -20.39185709332746 119.0 31.65999984741211 AB 4.563275333336685 1.066746615238545
60897.2776 lsst_hardware_i 78.68913794572495 92.72000122070312 31.34000015258789 AB 4.420073091854398 1.0349035569783185
60899.26 lsst_hardware_z 101.65235766592288 63.2400016784668 30.989999771118164 AB 3.055720009118982 1.0539388396593408
60899.2775 lsst_hardware_r -24.377771807549916 83.55000305175781 31.65999984741211 AB 2.980275753698579 1.0280357894786405
