data/validation/pwv_sim_epoch_fit_seasonal/58566238.ecsv
# %ECSV 0.9
# ---
# datatype:
# - {name: time, datatype: float64}
# - {name: band, datatype: string}
# - {name: flux, datatype: float64}
# - {name: fluxerr, datatype: float64}
# - {name: zp, datatype: float64}
# - {name: zpsys, datatype: string}
# - {name: pwv, datatype: float64}
# - {name: airmass, datatype: float64}
# meta: {SNID: '58566238', alt: 1024.0, c: -0.023165777325630188, dec: -14.78593, lat: -30.244573, lon: -70.7499537, ra: 37.089844, t0: 60989.5078125,
#   x0: 2.694241921518163e-05, x1: -0.2271009236574173, z: 0.3018338680267334}
# schema: astropy-2.0
time band flux fluxerr zp zpsys pwv airmass
60889.4111 lsst_hardware_i -2.8209317492050165 30.65999984741211 31.25 AB 1.9875064797601316 1.0490928898179634
60889.4294 lsst_hardware_z -4.905412542485294 43.61000061035156 30.950000762939453 AB 1.257010588057556 1.0388517256674017
60893.3829 lsst_hardware_r -44.99694290497159 40.470001220703125 31.600000381469727 AB 3.0867468711798103 1.0703624358249357
60893.4063 lsst_hardware_y 100.40124586988743 46.959999084472656 30.049999237060547 AB 3.019082184437784 1.0443037649387008
60895.4051 lsst_hardware_z 92.2037923866546 55.5099983215332 30.979999542236328 AB 1.4584997037214191 1.0417855026581566
60895.4282 lsst_hardware_y 34.74410014443713 55.56999969482422 30.059999465942383 AB 1.9307368679488972 1.0395209267492267
60900.3928 lsst_hardware_r 70.6286326086859 71.06999969482422 31.65999984741211 AB 4.719337602322714 1.0411260451856341
60900.4146 lsst_hardware_y -79.71738573352901 52.459999084472656 30.059999465942383 AB 4.637637714596466 1.0395377337285436
60903.3927 lsst_hardware_z -31.06638263263081 62.20000076293945 31.709999084472656 AB 5.011779448039923 1.0385493338941973
60905.3929 lsst_hardware_g -27.340477106357476 16.200000762939453 31.479999542236328 AB 2.5264932059662377 1.0381426678398458
60905.4153 lsst_hardware_y 124.86965310682241 47.650001525878906 30.049999237060547 AB 2.568433975020445 1.0478414258599762
60907.3281 lsst_hardware_r -26.780286235674662 23.010000228881836 31.479999542236328 AB 2.6948351981188026 1.1024075263320936
60907.3462 lsst_hardware_i -16.234531474527284 30.68000030517578 31.239999771118164 AB 2.7992695203081017 1.0680158413995047
60911.378 lsst_hardware_u 3.983445168564018 2.7200000286102295 28.459999084472656 AB 3.951575629676539 1.0382262508729112
60911.398 lsst_hardware_g 11.391120222414964 13.920000076293945 31.420000076293945 AB 3.98493753734341 1.0470833705165632
60931.2754 lsst_hardware_r -1.620889890829776 42.720001220703125 31.610000610351562 AB 3.7868647441008343 1.0765784631416728
60931.2913 lsst_hardware_i -13.697945426473808 41.15999984741211 31.290000915527344 AB 3.744177430554983 1.0542029368057202
60933.2716 lsst_hardware_z 15.446430709636427 41.56999969482422 30.940000534057617 AB 2.7330763394526594 1.0737596933417992
60933.2903 lsst_hardware_r -18.551642858267066 24.6299991607666 31.520000457763672 AB 2.5144098693199197 1.0497118853269913
60935.2723 lsst_hardware_u 3.8788377377848846 2.6600000858306885 28.40999984741211 AB 2.107138217409914 1.0643008085241874
60935.2913 lsst_hardware_r 16.917791590765976 22.6299991607666 31.5 AB 2.0789713130863214 1.0445342386968623
60937.2609 lsst_hardware_g -5.564260877609222 13.899999618530273 31.40999984741211 AB 5.9393576679023 1.0733940573627254
60937.2804 lsst_hardware_i 10.684258191789441 30.420000076293945 31.239999771118164 AB 5.820262275012301 1.048790391028494
60939.2608 lsst_hardware_z 22.093359780175494 41.18000030517578 30.940000534057617 AB 4.131351091713207 1.0651243549371978
60939.2794 lsst_hardware_r -35.883870764229286 22.510000228881836 31.489999771118164 AB 4.050225304614972 1.0452194334488853
60944.2498 lsst_hardware_r 27.434977510312883 23.0 31.5 AB 3.2742675462046975 1.0614655974298044
60944.2676 lsst_hardware_i -57.937115805918765 30.690000534057617 31.25 AB 3.302372920756846 1.0439535049810893
60946.2476 lsst_hardware_z 33.55161994581531 41.130001068115234 30.950000762939453 AB 3.9192396430084986 1.0573488245526526
60946.2657 lsst_hardware_r -19.27969988722115 22.6299991607666 31.5 AB 3.5427140965012693 1.041872589893521
60951.2132 lsst_hardware_z -106.2747887598653 48.880001068115234 30.959999084472656 AB 3.5566280451147367 1.0909901978878522
60951.2319 lsst_hardware_i 39.06008487184774 45.529998779296875 31.299999237060547 AB 3.478548307693988 1.059886748230953
60954.2181 lsst_hardware_z -101.83077816337249 73.93000030517578 30.989999771118164 AB 5.21815078822518 1.0676887440102436
60954.2378 lsst_hardware_r 38.13600022349144 108.2699966430664 31.65999984741211 AB 5.134339292220857 1.045690283548036
60956.2226 lsst_hardware_y 114.21353874909069 86.80000305175781 30.809999465942383 AB 3.4664195225137306 1.0546915382901818
60958.2045 lsst_hardware_r -47.39925763440433 69.37999725341797 31.639999389648438 AB 3.6529165074142798 1.071865172363345
60958.2218 lsst_hardware_i 40.782170954927935 58.41999816894531 31.31999969482422 AB 2.7615095969195895 1.0499371130801303
60960.2035 lsst_hardware_z 18.7717337440347 44.380001068115234 30.950000762939453 AB 6.614811416215271 1.0650726840192042
60960.2212 lsst_hardware_r 18.531108563697238 34.5 31.579999923706055 AB 5.752187743669376 1.0458523170307956
60964.2479 lsst_hardware_i 11.552177684334792 30.97721964346915 31.25 AB 7.460841099613527 1.0432554148938722
60964.2658 lsst_hardware_z 34.03459614501433 41.81189069607242 30.950000762939453 AB 7.734224365828476 1.0601484081322794
60973.1823 lsst_hardware_z 997.2178925001316 51.641726500922594 30.950000762939453 AB 4.80180562083752 1.048619971793453
60973.2002 lsst_hardware_r 1671.520206184836 46.778097905244806 31.5 AB 4.770010384321089 1.0388218836655299
60977.1669 lsst_hardware_i 2697.698947430581 61.216719835435036 31.270000457763672 AB 2.1374375174919518 1.0529248854640159
60977.1843 lsst_hardware_z 2120.9921264023365 61.46336586029527 30.950000762939453 AB 2.174907245409434 1.040376582352924
60980.1622 lsst_hardware_z 2982.9123629543915 72.86484454735084 30.959999084472656 AB 4.831038176316877 1.0495032064122982
60980.18 lsst_hardware_r 6007.219753582875 93.82901481114851 31.6299991607666 AB 4.572664544553343 1.0390845048976962
60990.1264 lsst_hardware_r 7875.912713937915 92.213325105898 31.489999771118164 AB 2.724241797816579 1.0586431856800178
60990.145 lsst_hardware_u 46.92547678182599 8.205085521462522 28.399999618530273 AB 3.104265975865169 1.0421662855411264
60994.132 lsst_hardware_i 5965.033100286256 82.91559605125731 31.260000228881836 AB 4.358838779116475 1.0433668185868845
60994.1495 lsst_hardware_z 3648.561738881027 73.25063321199153 30.950000762939453 AB 4.336603025660147 1.0381271207293423
60996.179 lsst_hardware_r 6994.1985119131605 86.8727598717974 31.489999771118164 AB 2.695084768882858 1.0608829662643682
60996.1998 lsst_hardware_u 35.83642052309189 6.2772334485775865 28.40999984741211 AB 2.854859182178259 1.097108505288513
61000.1074 lsst_hardware_r 6024.679311338817 80.64486346301635 31.489999771118164 AB 3.4990912451269764 1.0496748897936032
61000.128 lsst_hardware_z 2974.6301391779684 67.70863033226368 30.950000762939453 AB 2.9457588114973436 1.0385188829531813
61005.103 lsst_hardware_g 2106.137488899278 48.734465877686745 31.479999542236328 AB 3.681329310619164 1.042746411599752
61005.1238 lsst_hardware_r 4751.292055481781 72.30212673883393 31.510000228881836 AB 3.6832987279323985 1.0385240774247
61010.1438 lsst_hardware_r 3709.9258046148398 91.81571462983823 31.639999389648438 AB 8.694870922354966 1.0650258356633275
61010.1634 lsst_hardware_z 2295.258826270499 72.96717231704989 30.969999313354492 AB 8.934718055696843 1.1011936307912795
61012.0835 lsst_hardware_z 4241.154534047603 115.33605127436552 31.739999771118164 AB 6.8318855757109525 1.0429709730187766
61014.0765 lsst_hardware_r 2813.4739246667464 105.39056557517927 31.65999984741211 AB 1.5674540325856476 1.0439254296270393
61014.0961 lsst_hardware_z 2181.0256971057825 79.44898085926614 30.989999771118164 AB 3.8448489322812613 1.038166310863096
61016.0797 lsst_hardware_r 2160.9130243268664 51.482453339425774 31.489999771118164 AB 4.607315299909438 1.0396739929839713
61016.0984 lsst_hardware_u 9.724962010210623 7.589055337033342 29.06999969482422 AB 5.845158282613025 1.039693753577557
61019.0664 lsst_hardware_g 509.0609844480569 27.127577561156166 31.40999984741211 AB 7.991346327750074 1.04185124432857
61019.0856 lsst_hardware_r 1755.7345574688854 47.561852401556536 31.489999771118164 AB 9.554437568579303 1.0385258226716634
61021.1109 lsst_hardware_i 2428.1174658536056 57.66222667407082 31.239999771118164 AB 13.180859542068992 1.0610899647455314
61021.1296 lsst_hardware_z 1953.969364924834 60.228266961256544 30.940000534057617 AB 12.888674715068543 1.092932073949549
61023.1111 lsst_hardware_r 1394.2713076344528 43.491414397643176 31.489999771118164 AB 7.909014536949141 1.069183079786291
61023.1293 lsst_hardware_u 2.794068514582597 3.5158010735619496 28.43000030517578 AB 7.890273413687937 1.104422915447799
61027.0457 lsst_hardware_y 574.933265972853 53.94029467597639 30.049999237060547 AB 4.210933923614649 1.0412794074221
61027.0642 lsst_hardware_z 1718.7783779834929 57.52725892031955 30.950000762939453 AB 4.2328276060476915 1.0386032648871775
61029.0341 lsst_hardware_y 766.0682456023186 78.03087220893023 30.06999969482422 AB 4.877923530692577 1.0448961508088348
61029.0534 lsst_hardware_u 1.7240361895496512 3.6791818091980297 28.520000457763672 AB 5.357980433536864 1.038116819285418
61031.0353 lsst_hardware_z 1464.935542053269 70.75795063271092 30.979999542236328 AB 4.768718735802547 1.0410344890688694
61031.0537 lsst_hardware_r 981.929863485832 38.297168981639956 31.5 AB 5.632094330680213 1.0386846371206695
61035.0373 lsst_hardware_y 509.5772847522912 67.46578276739312 30.059999465942383 AB 9.786320960393697 1.0381161515215547
61035.0576 lsst_hardware_z 1109.7194817317265 53.17860102027285 30.950000762939453 AB 9.960787386668319 1.0456421778993588
61254.4154 lsst_hardware_z -5.4074131159721555 56.279998779296875 30.979999542236328 AB 1.954513423201441 1.0461267207144198
61254.4352 lsst_hardware_y 64.50693270316168 63.40999984741211 30.06999969482422 AB 1.2643302358853397 1.03818002125524
61257.4088 lsst_hardware_i -47.475674474369264 44.119998931884766 31.290000915527344 AB 1.5360939541393108 1.044961873564157
61257.4318 lsst_hardware_y -89.0872023800284 57.369998931884766 30.049999237060547 AB 1.1422132094311264 1.0383756449373875
61259.4122 lsst_hardware_r 46.83691793788276 27.15999984741211 31.540000915527344 AB 3.3054754445730863 1.0401663957326268
61259.433 lsst_hardware_y 97.8103333441509 61.13999938964844 30.06999969482422 AB 3.4320440022933303 1.040013334028282
61262.3976 lsst_hardware_g -4.496589472686929 13.899999618530273 31.420000076293945 AB 5.425419257455468 1.0433498572029747
61262.4169 lsst_hardware_y -36.680883887993915 47.459999084472656 30.049999237060547 AB 5.180850849119596 1.0382466631502196
61265.3975 lsst_hardware_i 9.016654100418851 30.540000915527344 31.260000228881836 AB 4.577615167560202 1.0395795232914917
61265.4169 lsst_hardware_z 8.571713601817398 41.93000030517578 30.950000762939453 AB 4.878156873676014 1.0401187363914741
61267.3949 lsst_hardware_r -6.701933330437102 22.540000915527344 31.5 AB 5.113206368647691 1.0388121156633645
61267.4151 lsst_hardware_y -17.707622770856467 47.2599983215332 30.049999237060547 AB 5.144094057845262 1.041736342212487
61269.3936 lsst_hardware_r -18.906409578958616 22.579999923706055 31.510000228881836 AB 3.957778365007749 1.0382192672443544
61269.4145 lsst_hardware_y 1.3384511465293811 47.47999954223633 30.049999237060547 AB 4.093238947766378 1.0446377578306367
61273.3709 lsst_hardware_i 15.592261808953396 30.209999084472656 31.25 AB 1.9124747752497688 1.0415111097345635
61273.3906 lsst_hardware_z -17.25233345713316 40.849998474121094 30.950000762939453 AB 1.1426823863154298 1.0388021693776635
61275.3622 lsst_hardware_r -24.558593767273162 32.09000015258789 32.25 AB 2.0898956022555626 1.0432959159275628
61275.3819 lsst_hardware_u 0.7474502618832722 3.9200000762939453 29.260000228881836 AB 2.3756141678173117 1.0382929055145593
61277.3644 lsst_hardware_y -51.57892681540169 48.7599983215332 30.049999237060547 AB 2.0617079849754782 1.0396913691253042
61277.3847 lsst_hardware_r 40.547449996319955 41.599998474121094 31.610000610351562 AB 2.208634683165037 1.0403366383255002
61279.3096 lsst_hardware_i -55.239665590008336 67.62999725341797 31.31999969482422 AB 3.3228635326189973 1.1026287197253537
61279.3264 lsst_hardware_z -88.85895793636644 60.63999938964844 30.979999542236328 AB 3.239062161108657 1.0701747228332568
61298.2726 lsst_hardware_g 12.11996421296309 13.90999984741211 31.420000076293945 AB 2.6302483961502188 1.0732787253061284
61298.29 lsst_hardware_i -5.845313538573797 30.559999465942383 31.260000228881836 AB 2.7233410388488233 1.0506716970870729
61304.257 lsst_hardware_z -44.80619841596193 45.36000061035156 30.959999084472656 AB 4.061103382236726 1.0720026525921846
61304.2761 lsst_hardware_r 37.87755104249208 36.18000030517578 31.600000381469727 AB 4.077863696708405 1.0484063065988403
61308.2456 lsst_hardware_r 20.44674946339492 91.0 31.649999618530273 AB 6.3606175536924985 1.072782620195655
61308.264 lsst_hardware_z 38.71166533968048 64.01000213623047 30.979999542236328 AB 6.2643661753346125 1.0494540570152495
61310.2411 lsst_hardware_z -31.13077500325533 78.4000015258789 30.989999771118164 AB 3.541125862043636 1.0712289589726973
61310.2593 lsst_hardware_i 22.44110420877122 90.9800033569336 31.34000015258789 AB 4.016972324302577 1.0487722007665228
61312.2876 lsst_hardware_z -11.80577546141008 64.06999969482422 30.989999771118164 AB 4.7538189390604195 1.0397679219292255
61312.3072 lsst_hardware_r -26.831272835677424 88.04000091552734 31.649999618530273 AB 6.236339787372683 1.0534654332677185
61316.2214 lsst_hardware_g 21.553865265176047 14.039999961853027 31.420000076293945 AB 3.462861296924229 1.0767603535211117
61316.2399 lsst_hardware_r -11.492831190616343 26.81999969482422 31.540000915527344 AB 3.4363864761719793 1.0516062967399524
61318.216 lsst_hardware_i 3.8601423776425934 30.829999923706055 31.25 AB 7.2611436107918665 1.0766554223341456
61318.235 lsst_hardware_z 10.657125905396528 41.27000045776367 30.950000762939453 AB 7.143663128327796 1.0510539178510734
61322.2113 lsst_hardware_g 13.656254506973715 14.34000015258789 31.43000030517578 AB 3.2498054972231216 1.0666757649530658
61322.23 lsst_hardware_i 7.8399856667963785 30.809999465942383 31.25 AB 3.13956544382446 1.0459407364212527
61324.2075 lsst_hardware_z -7.3934368726880955 41.470001220703125 30.950000762939453 AB 4.1478560248746446 1.0642805400807334
61324.2248 lsst_hardware_r -4.67690558188693 23.030000686645508 31.510000228881836 AB 3.764683620124122 1.0457454500344783
61327.2047 lsst_hardware_u 1.8390965095727267 2.7100000381469727 28.43000030517578 AB 8.73088996053714 1.0572644660375943
61327.2216 lsst_hardware_g -17.939350314025827 14.25 31.43000030517578 AB 6.56771154806323 1.042493896517973
61329.2487 lsst_hardware_r -38.34732440568736 23.020000457763672 31.5 AB 7.467473970755456 1.0433440177100781
61329.267 lsst_hardware_i 37.38673184986533 30.899999618530273 31.260000228881836 AB 7.719659111989294 1.0608298903379394
61331.1813 lsst_hardware_i 31.304483969027203 33.16999816894531 31.270000457763672 AB 6.256042942366659 1.0752909835624678
61331.1992 lsst_hardware_z 22.436467546867732 42.209999084472656 30.959999084472656 AB 6.15216611962422 1.0513527974293368
61333.1774 lsst_hardware_r -28.388968311359278 38.810001373291016 31.600000381469727 AB 2.386462479376156 1.0726879331956098
61333.1961 lsst_hardware_z 60.19673966769361 44.849998474121094 30.959999084472656 AB 2.400145419594357 1.0491292403428507
61336.1772 lsst_hardware_z 34.15797324715963 57.529998779296875 30.979999542236328 AB 3.4904598908376228 1.0609300580053564
61336.194 lsst_hardware_i -28.99496713412322 60.349998474121094 31.31999969482422 AB 3.3743125086054517 1.0443554653684468
61338.1663 lsst_hardware_z -237.40295571620368 79.7300033569336 31.0 AB 4.6917289912741715 1.068649834775075
61338.1835 lsst_hardware_r 56.1752755256616 117.30000305175781 31.65999984741211 AB 4.809690752740344 1.0482054598976687
61341.173 lsst_hardware_y -46.79906979649461 76.16000366210938 30.809999465942383 AB 2.1247279787954785 1.0502857038037783
61344.2084 lsst_hardware_r 15.35525393824872 32.93000030517578 31.59000015258789 AB 3.9884313962626208 1.0437504471737595
61344.2253 lsst_hardware_i 16.893484073235506 37.779998779296875 31.290000915527344 AB 4.055303354118939 1.059863666545296
61356.1311 lsst_hardware_u 3.2516694701339826 2.6600000858306885 28.40999984741211 AB 4.604921122303548 1.05119185564683
61356.1498 lsst_hardware_g 10.745701206530823 14.109999656677246 31.43000030517578 AB 4.397118780148148 1.0393441806212136
61359.1206 lsst_hardware_r -14.560901648378941 24.020000457763672 31.510000228881836 AB 4.424937940526933 1.0535566525064124
61359.1385 lsst_hardware_u 1.3775803456410571 2.8499999046325684 28.479999542236328 AB 4.357486322914837 1.0404281084598819
61361.1082 lsst_hardware_z 10.878955573334988 42.75 30.950000762939453 AB 3.291909970034889 1.0619064419467383
61361.129 lsst_hardware_g -12.21466763400521 24.8799991607666 31.610000610351562 AB 2.87039554708124 1.0423588005742133
61364.1084 lsst_hardware_r 15.883676457466775 59.5 31.639999389648438 AB 6.057144280912904 1.0520441651606924
61364.1274 lsst_hardware_i 37.37086491438656 51.63999938964844 31.31999969482422 AB 5.554108256070027 1.0395111839921443
61368.1062 lsst_hardware_z -92.06481303627092 101.06999969482422 31.75 AB 8.271798725042252 1.044638862350051
61370.0979 lsst_hardware_r -12.888747750195423 66.43000030517578 31.639999389648438 AB 3.7534233551512117 1.0467367014133055
61370.1164 lsst_hardware_z -42.165372882608814 57.52000045776367 30.979999542236328 AB 3.777847546103023 1.038345637957771
61372.0964 lsst_hardware_r 51.993726015547246 22.6299991607666 31.5 AB 4.0837020006029245 1.043891104448711
61372.1177 lsst_hardware_u 1.4946804062764223 2.6500000953674316 28.40999984741211 AB 3.9813907910640376 1.0383528099793196
61374.1462 lsst_hardware_g 12.939046749938177 14.100000381469727 31.440000534057617 AB 5.574099180895609 1.0636071518189723
61374.1658 lsst_hardware_r 43.20443907012396 23.09000015258789 31.489999771118164 AB 5.809110340814961 1.098909499326483
61376.1437 lsst_hardware_i 23.033361805352605 30.709999084472656 31.260000228881836 AB 6.89773263474889 1.0678982275446611
61376.162 lsst_hardware_z -3.236287474240767 42.04999923706055 30.950000762939453 AB 7.117455154909733 1.1026836121012453
61379.0781 lsst_hardware_z 28.051221156872554 41.279998779296875 30.950000762939453 AB 1.6114953957076275 1.0433767534526561
61379.0979 lsst_hardware_r 14.133029894904821 22.770000457763672 31.510000228881836 AB 3.877268189517958 1.0382758697272048
61381.0761 lsst_hardware_u -1.5667300526651096 2.740000009536743 28.489999771118164 AB 4.60197222560119 1.04146471866505
61381.0924 lsst_hardware_g 8.846170399931072 13.75 31.420000076293945 AB 5.938221238844291 1.0382715769046682
61385.0653 lsst_hardware_r -7.607965386901404 22.559999465942383 31.5 AB 10.52304519425179 1.041404485807065
61385.0849 lsst_hardware_u -1.0540828592973233 2.740000009536743 28.489999771118164 AB 11.061152490295669 1.0388090775467937
61387.1116 lsst_hardware_g -4.293187620827041 13.9399995803833 31.43000030517578 AB 12.801464938006886 1.0648660699853225
61387.1296 lsst_hardware_r -8.080730835456883 22.8799991607666 31.5 AB 11.331746737764453 1.0973463165413695
61394.0487 lsst_hardware_y 56.30238948115505 52.7599983215332 30.059999465942383 AB 5.415441110755778 1.0386844614255364
61394.0706 lsst_hardware_z 46.970448672277875 56.0 30.979999542236328 AB 5.354274376165177 1.042955807385474
61396.0455 lsst_hardware_y 75.40488796452796 89.79000091552734 30.81999969482422 AB 5.684159958691468 1.0383291649561228
