data/validation/pwv_sim_epoch_fit_seasonal/58700676.ecsv
# %ECSV 0.9
# ---
# datatype:
# - {name: time, datatype: float64}
# - {name: band, datatype: string}
# - {name: flux, datatype: float64}
# - {name: fluxerr, datatype: float64}
# - {name: zp, datatype: float64}
# - {name: zpsys, datatype: string}
# - {name: pwv, datatype: float64}
# - {name: airmass, datatype: float64}
# meta: {SNID: '58700676', alt: 1024.0, c: 0.09598293155431747, dec: -54.724628, lat: -30.244573, lon: -70.7499537, ra: 186.39473, t0: 60850.87109375,
#   x0: 1.1523108027405724e-05, x1: 0.6756618022918701, z: 0.43370723724365234}
# schema: astropy-2.0
time band flux fluxerr zp zpsys pwv airmass
60702.3636 lsst_hardware_r 19.46170844443514 23.100000381469727 31.5 AB 12.095115637827424 1.0999726233719522
60702.3767 lsst_hardware_y 32.55246083849305 63.529998779296875 30.040000915527344 AB 11.573905290142646 1.1022766942992996
60704.365 lsst_hardware_z -37.518518600320704 61.56999969482422 31.709999084472656 AB 12.663187958389681 1.1006682275871082
60706.3647 lsst_hardware_g -1.23594932242001 14.0 31.40999984741211 AB 12.686017239301677 1.101934179309592
60706.3756 lsst_hardware_y -2.5941815639259214 54.31999969482422 30.030000686645508 AB 13.032978231197108 1.1067171834155276
60708.3438 lsst_hardware_r -24.210791374976345 22.479999542236328 31.489999771118164 AB 10.81020066222909 1.100050947616673
60708.355 lsst_hardware_i -2.8602254973333165 30.81999969482422 31.25 AB 10.789427494600552 1.1008496576472309
60710.3435 lsst_hardware_z -18.234797513836682 41.779998779296875 30.950000762939453 AB 9.186866463546204 1.100047872221546
60710.3546 lsst_hardware_i 19.777000116304947 30.649999618530273 31.25 AB 9.20003499102685 1.102196596504954
60712.3462 lsst_hardware_u -2.9773688490550745 2.680000066757202 28.43000030517578 AB 4.844525538215834 1.101341412495785
60712.3583 lsst_hardware_g -7.299849102157027 13.380000114440918 31.389999389648438 AB 4.7838795170715285 1.1062058811996818
60715.3456 lsst_hardware_r -28.12624015986688 22.290000915527344 31.479999542236328 AB 7.313230222105876 1.103981012985676
60715.3592 lsst_hardware_i 40.71311916298646 30.610000610351562 31.239999771118164 AB 7.368237159704679 1.1122147213320606
60719.3615 lsst_hardware_r 76.39140192846337 82.87999725341797 31.6299991607666 AB 6.258537584843754 1.1246585854342006
60719.3725 lsst_hardware_i -17.954288732270786 66.13999938964844 31.309999465942383 AB 6.374017120499219 1.1384884116157215
60721.2941 lsst_hardware_r 37.810360974550356 76.87000274658203 31.639999389648438 AB 4.344506651602941 1.1033667686610644
60721.3055 lsst_hardware_i -71.56754432282408 62.189998626708984 31.31999969482422 AB 4.3302607394549515 1.1003309449117928
60723.2939 lsst_hardware_z 58.504482702669215 54.63999938964844 30.969999313354492 AB 5.457224515211843 1.1015794338336382
60723.3055 lsst_hardware_i 1.53179587043857 55.11000061035156 31.309999465942383 AB 5.405489133517262 1.0999808309684103
60725.3302 lsst_hardware_z -76.05966608127387 49.15999984741211 30.959999084472656 AB 2.8250377353656297 1.110943890689417
60725.3421 lsst_hardware_r -22.73241367462732 48.470001220703125 31.610000610351562 AB 3.514269740078015 1.1214263231202282
60728.335 lsst_hardware_i 15.403053408799451 32.459999084472656 31.239999771118164 AB 10.549912041878668 1.122569912947294
60728.3467 lsst_hardware_r 23.244851452244053 26.420000076293945 31.510000228881836 AB 10.601110058356133 1.136787309887527
60730.2785 lsst_hardware_i -43.85441213570094 30.549999237060547 31.25 AB 10.884873310283863 1.1007237096001046
60730.2904 lsst_hardware_z -89.20705415502597 41.7400016784668 30.950000762939453 AB 10.874383700026192 1.1001821465332964
60732.2721 lsst_hardware_r 8.152558666374613 31.18000030517578 32.220001220703125 AB 7.140977256437699 1.1009125104674176
60732.2846 lsst_hardware_g -5.6138222733988785 18.510000228881836 32.130001068115234 AB 7.136047615324704 1.1001525159486676
60737.2754 lsst_hardware_z -18.246063225573515 41.25 30.940000534057617 AB 6.475379926605583 1.100787067846253
60737.2881 lsst_hardware_i 61.074757532197594 30.219999313354492 31.229999542236328 AB 6.546947678150063 1.1052032375015932
60741.2695 lsst_hardware_r -16.282161209616728 22.059999465942383 31.479999542236328 AB 10.665482567488905 1.1020717012525965
60741.2817 lsst_hardware_i -16.817203194029958 30.350000381469727 31.239999771118164 AB 10.716661968632486 1.1077225663995514
60743.2665 lsst_hardware_z 66.8285699963599 41.7400016784668 30.940000534057617 AB 8.535243432288702 1.1029227500938397
60743.2794 lsst_hardware_u -1.067346350079168 2.5299999713897705 28.309999465942383 AB 8.717333384924856 1.1097814621164679
60752.2245 lsst_hardware_r 34.10468827130347 75.79000091552734 31.639999389648438 AB 6.490252889694208 1.1000428626600351
60752.2377 lsst_hardware_i -82.83609080590449 62.560001373291016 31.31999969482422 AB 6.499206608399387 1.101560442101591
60754.2197 lsst_hardware_z -96.29112122795132 50.290000915527344 30.969999313354492 AB 5.399455279503464 1.1000214484065496
60754.2327 lsst_hardware_i 10.578765369294649 47.59000015258789 31.299999237060547 AB 5.424447603380984 1.1016902977163887
60756.2235 lsst_hardware_z -8.755486208226532 44.54999923706055 30.959999084472656 AB 6.343346459896929 1.100797650307493
60756.2346 lsst_hardware_g 51.73824710312647 29.8700008392334 31.639999389648438 AB 6.370293823898534 1.1044358287478742
60760.2069 lsst_hardware_z -29.820778665885985 41.939998626708984 30.950000762939453 AB 8.127415004714072 1.1000832437349854
60760.2195 lsst_hardware_u -3.3961522188245814 2.759999990463257 28.5 AB 7.192315000205875 1.1027211632144833
60762.2091 lsst_hardware_g -1.4015463073457188 19.06999969482422 32.16999816894531 AB 8.44940826943918 1.1012348947917951
60762.2222 lsst_hardware_r -71.6509202193986 31.829999923706055 32.25 AB 8.502873361225909 1.1064726331082406
60769.149 lsst_hardware_r -29.02112020920668 22.280000686645508 31.469999313354492 AB 6.532089950689684 1.1114824866820217
60769.1609 lsst_hardware_u -0.14664854626483512 2.5999999046325684 28.3700008392334 AB 6.453974582797358 1.1043289699785872
60771.1853 lsst_hardware_r -27.166727681548345 29.040000915527344 31.540000915527344 AB 15.335295015923355 1.1014361140503492
60771.1975 lsst_hardware_i -21.287086399107306 33.95000076293945 31.260000228881836 AB 15.056012640650891 1.1064089242100639
60773.1923 lsst_hardware_z 20.726932584778307 68.41000366210938 31.709999084472656 AB 9.422326351506406 1.1065562362308672
60780.1362 lsst_hardware_z -4.393041029031108 68.27999877929688 30.979999542236328 AB 11.64178629286301 1.102250520856197
60780.1466 lsst_hardware_i 72.27218247212848 77.01000213623047 31.329999923706055 AB 11.646568093438924 1.1001512730349436
60782.1404 lsst_hardware_z -82.02226663362961 76.58999633789062 31.719999313354492 AB 16.103501007779162 1.100216420481382
60784.1262 lsst_hardware_r -15.832762936525535 35.959999084472656 31.59000015258789 AB 10.491234910551857 1.1019625976106147
60784.1368 lsst_hardware_i 25.469808070966813 39.349998474121094 31.290000915527344 AB 10.4469326585656 1.1000824154757647
60797.1099 lsst_hardware_u 2.0003399860210487 2.680000066757202 28.43000030517578 AB 9.847524561583368 1.1005382513527078
60797.1219 lsst_hardware_g -9.664960477823938 13.510000228881836 31.399999618530273 AB 9.907673676473328 1.1041241095624066
60800.109 lsst_hardware_r -44.04784537289197 32.90999984741211 31.56999969482422 AB 10.211211091564282 1.1023059417676129
60800.1211 lsst_hardware_i 22.34422697264263 35.470001220703125 31.260000228881836 AB 10.301170990722456 1.1080698102213027
60802.1136 lsst_hardware_z 70.41128065904141 68.79000091552734 31.709999084472656 AB 7.408974393103364 1.1068495825364246
60804.1149 lsst_hardware_z -69.1048392676919 57.81999969482422 30.969999313354492 AB 9.572685537112694 1.111293886360942
60804.1266 lsst_hardware_r -8.888888640291666 73.87999725341797 31.6299991607666 AB 8.524824596660535 1.121687446929018
60806.101 lsst_hardware_i 119.09435158578304 81.70999908447266 31.329999923706055 AB 8.658268742697773 1.1059226903433097
60806.1124 lsst_hardware_z -96.29976313858101 71.31999969482422 30.989999771118164 AB 8.721143718446008 1.11359812532031
60808.0825 lsst_hardware_z -159.4710460176715 72.27999877929688 30.979999542236328 AB 8.140317452529368 1.1010348222537467
60808.0941 lsst_hardware_i 156.06273226610887 83.4000015258789 31.31999969482422 AB 7.081453732070076 1.1051820104674328
60810.0912 lsst_hardware_z 46.98057753360814 82.56999969482422 31.719999313354492 AB 7.342894469621589 1.1065380773248994
60812.0833 lsst_hardware_r 32.07008009878408 43.880001068115234 31.600000381469727 AB 9.825814197887953 1.1052452182622694
60812.0957 lsst_hardware_i -8.735709890091844 44.849998474121094 31.290000915527344 AB 9.512414653908126 1.113344411740163
60824.0189 lsst_hardware_r -7.427959849081013 22.438039481530943 31.469999313354492 AB 10.413030275501187 1.1014417469326288
60824.032 lsst_hardware_u 3.4694692700722753 2.59676575628767 28.34000015258789 AB 10.390195884491785 1.1001125027696532
60826.0196 lsst_hardware_g -11.403417132012367 14.118568405804531 31.399999618530273 AB 9.751190148321811 1.1003063723458277
60826.0315 lsst_hardware_r 54.699343716260174 24.08586441958732 31.479999542236328 AB 9.739096420024918 1.100680521009814
60827.964 lsst_hardware_r 199.98019774358153 30.65472343823223 31.520000457763672 AB 10.85630046919495 1.136696120115674
60827.9685 lsst_hardware_i 223.75702394330844 35.82901889479027 31.25 AB 10.783972604568591 1.1308103187299943
60830.023 lsst_hardware_r 518.9074197577702 45.392569057346556 31.59000015258789 AB 12.36479056719563 1.1011724873379165
60830.0345 lsst_hardware_g 137.50243769982225 38.75804264198815 31.65999984741211 AB 12.509777061384 1.1054294899602946
60843.9988 lsst_hardware_r 3660.7254895726946 64.79326199279141 31.479999542236328 AB 7.543940944308397 1.106798847463162
60844.0117 lsst_hardware_u 9.658808109319159 3.6444279419381163 28.389999389648438 AB 5.72531284977752 1.1162267131979482
60846.997 lsst_hardware_g 1312.7621309545923 39.40553558874705 31.3799991607666 AB 5.747329590139845 1.1109528846919805
60847.0087 lsst_hardware_r 4081.482005214096 66.88614047214105 31.469999313354492 AB 4.416982041464544 1.1212037165793993
60848.985 lsst_hardware_i 3087.0211272043875 62.769611429520204 31.239999771118164 AB 10.371399935701032 1.106715508540339
60848.9946 lsst_hardware_z 2530.1558691770974 63.452586512863405 30.940000534057617 AB 9.862644492026693 1.1133014185737562
61064.3597 lsst_hardware_u -2.282566863410471 3.069999933242798 28.469999313354492 AB 7.758590084956841 1.1017333801088929
61064.3734 lsst_hardware_y 91.64090730884226 61.959999084472656 30.040000915527344 AB 7.969598164265963 1.100051508232312
61066.3579 lsst_hardware_r 50.78847864896872 22.520000457763672 31.459999084472656 AB 15.394042078398641 1.1008456487895766
61066.3716 lsst_hardware_y -9.956368673244818 56.18000030517578 30.030000686645508 AB 15.397556961783712 1.1003625790052558
61068.3578 lsst_hardware_u -2.8949851162666063 2.7200000286102295 28.389999389648438 AB 13.00997629712425 1.1001241310785703
61068.3694 lsst_hardware_z 78.8837403044291 44.779998779296875 30.950000762939453 AB 12.997340161978975 1.1009097206487357
61070.3663 lsst_hardware_r 54.58915940489936 23.200000762939453 31.479999542236328 AB 12.499795417438346 1.1014653033430764
61070.3783 lsst_hardware_y -42.94614139307362 61.47999954223633 30.040000915527344 AB 11.983250517532358 1.1063589629574018
61073.343 lsst_hardware_i -9.776345400107997 62.84000015258789 31.309999465942383 AB 10.805590287419161 1.100225560638326
61073.3553 lsst_hardware_z -86.44910041393227 58.13999938964844 30.969999313354492 AB 10.875860312880718 1.1008234330707476
61075.3429 lsst_hardware_i -17.010861452814563 58.939998626708984 31.309999465942383 AB 9.16629289066607 1.100043150331955
61075.355 lsst_hardware_z 7.542235739953821 56.27000045776367 30.969999313354492 AB 9.256620921347615 1.102153626132839
61077.3475 lsst_hardware_z -72.14742395140695 53.540000915527344 30.959999084472656 AB 4.740350427820793 1.1015531590598282
61077.36 lsst_hardware_r 15.124178112067542 62.38999938964844 31.6299991607666 AB 4.763017614299208 1.1068205145544248
61081.3438 lsst_hardware_z 35.42869494950685 43.81999969482422 30.940000534057617 AB 3.7640013412346853 1.1041365037356032
61081.3558 lsst_hardware_g 1.995787450610428 26.1200008392334 31.59000015258789 AB 3.7825410427370647 1.111231975734928
61083.2978 lsst_hardware_g 24.848856303418206 15.75 31.450000762939453 AB 6.783859850653426 1.1058387313433553
61083.3093 lsst_hardware_r 28.674856292292965 23.75 31.5 AB 6.691171662014738 1.1013518955377233
61087.3371 lsst_hardware_u -1.6435459887176027 2.5899999141693115 28.350000381469727 AB 3.9838874115485763 1.1095891595354048
61087.3473 lsst_hardware_g 7.665491465209041 13.210000038146973 31.3700008392334 AB 4.0702476447129206 1.1178416198232033
61089.296 lsst_hardware_g -3.1855529057200718 13.380000114440918 31.40999984741211 AB 5.431383692702396 1.1006958542309127
61089.3077 lsst_hardware_r -10.42477508434975 22.260000228881836 31.489999771118164 AB 5.417369439374301 1.1002527421933082
61091.2928 lsst_hardware_i -28.32951541760002 30.5 31.25 AB 4.019786666324351 1.1003567680070307
61091.3037 lsst_hardware_r 10.656037199354506 22.170000076293945 31.479999542236328 AB 4.004275492788391 1.100428386237821
61093.2928 lsst_hardware_u -2.9204855769857625 2.5899999141693115 28.360000610351562 AB 12.232713038237879 1.1000393910422768
61093.3033 lsst_hardware_g -9.763458859470393 13.109999656677246 31.3700008392334 AB 12.320853727889729 1.1014284257807334
61100.2715 lsst_hardware_i -29.142196975144063 52.43000030517578 31.309999465942383 AB 4.270266835522926 1.1000880622201137
61100.2842 lsst_hardware_z -44.52843636525602 52.02000045776367 30.959999084472656 AB 4.268254108905061 1.1014375576719437
61102.2705 lsst_hardware_z -52.213645219311644 62.63999938964844 30.969999313354492 AB 6.416017098247149 1.10012438635373
61102.2826 lsst_hardware_r -142.16747360071008 89.58999633789062 31.639999389648438 AB 6.501754246201165 1.1026151915547482
61104.2757 lsst_hardware_i 137.1749593688936 72.43000030517578 31.31999969482422 AB 11.403435028256817 1.1021361174217283
61104.2876 lsst_hardware_r 1.379889819185657 92.05999755859375 31.639999389648438 AB 11.43945489101136 1.1076156943272037
61106.2801 lsst_hardware_z -26.83813535170117 82.83000183105469 31.719999313354492 AB 10.712116761362761 1.1064331308000785
61108.279 lsst_hardware_r 3.5960238168893954 53.04999923706055 31.610000610351562 AB 8.582970922786759 1.109090088552642
61108.2913 lsst_hardware_i 6.488215661570998 47.93000030517578 31.290000915527344 AB 8.743767231284142 1.1191305812471704
61112.2558 lsst_hardware_i 21.969618229699996 31.170000076293945 31.239999771118164 AB 16.838322248280207 1.102802400227931
61112.2676 lsst_hardware_z 36.82859867950942 42.04999923706055 30.940000534057617 AB 16.801696023902927 1.1087788841114998
61115.2573 lsst_hardware_g 2.1548102822066983 13.09000015258789 31.360000610351562 AB 8.329048777439551 1.1074635493548435
61115.269 lsst_hardware_r 18.57509545713202 22.079999923706055 31.459999084472656 AB 8.390512558476317 1.1161678218066868
61119.2271 lsst_hardware_u 0.3215734878555753 2.5299999713897705 28.31999969482422 AB 5.432549871303382 1.1004304190618084
61119.2397 lsst_hardware_g -17.83962611334221 13.149999618530273 31.3700008392334 AB 5.417936217717735 1.1040114554697544
61121.2236 lsst_hardware_r 23.40562988308225 22.110000610351562 31.469999313354492 AB 6.289345982227395 1.1007387411468017
61121.2357 lsst_hardware_i 53.12074273223819 30.43000030517578 31.239999771118164 AB 6.373978314919734 1.1046756178370423
61123.2261 lsst_hardware_z 52.065207636258585 41.790000915527344 30.940000534057617 AB 6.511902265780314 1.10293334071087
61123.2388 lsst_hardware_r 6.6348196309158665 22.190000534057617 31.469999313354492 AB 6.569623102725397 1.1096086762851138
61125.208 lsst_hardware_u -2.0328025507711107 2.700000047683716 28.459999084472656 AB 8.127080671367207 1.1001620835278125
61125.2193 lsst_hardware_g 4.410836088343605 13.319999694824219 31.389999389648438 AB 7.183351109989687 1.1024595955937055
61127.2099 lsst_hardware_r 61.66353214094715 40.83000183105469 31.59000015258789 AB 8.434220957392792 1.1013128562427872
61127.222 lsst_hardware_z -22.296693463139732 45.599998474121094 30.950000762939453 AB 8.413223180988869 1.106032845879313
61129.2118 lsst_hardware_r -3.691715532221208 63.22999954223633 31.6200008392334 AB 7.142823364370962 1.1037637835125271
