data/validation/pwv_sim_epoch_fit_seasonal/58955741.ecsv
# %ECSV 0.9
# ---
# datatype:
# - {name: time, datatype: float64}
# - {name: band, datatype: string}
# - {name: flux, datatype: float64}
# - {name: fluxerr, datatype: float64}
# - {name: zp, datatype: float64}
# - {name: zpsys, datatype: string}
# - {name: pwv, datatype: float64}
# - {name: airmass, datatype: float64}
# meta: {SNID: '58955741', alt: 1024.0, c: -0.018395451828837395, dec: -16.024099, lat: -30.244573, lon: -70.7499537, ra: 31.816406, t0: 61704.453125,
#   x0: 5.210061672526701e-06, x1: -0.41376885771751404, z: 0.6031644940376282}
# schema: astropy-2.0
time band flux fluxerr zp zpsys pwv airmass
61621.4022 lsst_hardware_u -0.7916658982940475 2.759999990463257 28.5 AB 2.1603456428877115 1.036136998986912
61621.4215 lsst_hardware_y -46.39144247281496 47.619998931884766 30.049999237060547 AB 1.511172384478648 1.032574229230371
61623.3932 lsst_hardware_i -15.880083272433707 30.3700008392334 31.25 AB 2.996663940331939 1.0382251785420737
61623.4148 lsst_hardware_y -33.98941117601289 46.970001220703125 30.049999237060547 AB 2.9728219371961306 1.0324090769911898
61625.3969 lsst_hardware_r 5.965675407823798 22.6200008392334 31.5 AB 1.4472392724305714 1.0337423374504082
61625.4168 lsst_hardware_y 27.045491141190755 47.13999938964844 30.049999237060547 AB 1.922619645809427 1.0342225098490732
61630.37 lsst_hardware_r -63.78234373914765 50.40999984741211 32.349998474121094 AB 4.8908743094761595 1.0412023082904114
61630.3893 lsst_hardware_i 46.22541420579422 42.90999984741211 32.0099983215332 AB 4.622206000521343 1.032414555723706
61648.2743 lsst_hardware_r -8.045936684475718 22.75 31.469999313354492 AB 5.511539834057712 1.121922919181906
61648.2913 lsst_hardware_u -0.17958955844589472 2.609999895095825 28.3700008392334 AB 5.265443866542848 1.0817182496492874
61650.299 lsst_hardware_g 9.670746960363289 13.819999694824219 31.399999618530273 AB 2.767253451436177 1.059404734957222
61650.3159 lsst_hardware_i -0.809110568728338 30.399999618530273 31.25 AB 2.6926516870674506 1.0408059347659657
61652.2764 lsst_hardware_r 10.585972468084782 22.780000686645508 31.489999771118164 AB 2.4559597973198484 1.089922986976264
61652.2945 lsst_hardware_z -56.65867044837997 41.2400016784668 30.950000762939453 AB 2.457153114625947 1.0580535874663184
61654.2799 lsst_hardware_r 16.174033776506842 22.690000534057617 31.489999771118164 AB 0.8903788697720997 1.0724226073738026
61654.2994 lsst_hardware_u -2.980811698201323 2.6700000762939453 28.43000030517578 AB 0.7320271769802472 1.0457531099717818
61656.2719 lsst_hardware_g 6.7043310265598 13.829999923706055 31.40999984741211 AB 3.0214269008903982 1.0770295511729082
61656.2907 lsst_hardware_r -18.66334142771094 22.5 31.489999771118164 AB 2.9526814486714827 1.0491583970169902
61673.2261 lsst_hardware_g -26.160089974136024 14.167660914483417 31.420000076293945 AB 6.547251835256364 1.07589211945316
61673.2456 lsst_hardware_r -19.925172911901754 22.94311328362742 31.5 AB 6.212079872528011 1.0477302347232853
61677.2222 lsst_hardware_i 48.192121604796014 30.969290496565723 31.25 AB 4.8984523595700145 1.0639942858277793
61677.2415 lsst_hardware_z 112.95655372612406 41.37212695003867 30.950000762939453 AB 4.808872659636348 1.0413511127968273
61681.2174 lsst_hardware_g -16.822413457547203 14.94074674133174 31.43000030517578 AB 3.450425223706605 1.0552565864993586
61681.2362 lsst_hardware_r 110.84620520617685 24.90507116452597 31.5 AB 3.363958270818528 1.0373782347755849
61683.2028 lsst_hardware_i 293.80549604128885 34.14122479641519 31.25 AB 6.793482717933038 1.0688579076333613
61683.2219 lsst_hardware_r 271.8227636486452 27.150034187419493 31.489999771118164 AB 7.0723416520013735 1.044144928937131
61685.2007 lsst_hardware_z 300.5613588121577 45.33866091871082 30.950000762939453 AB 4.821044355347844 1.063465666620848
61685.2206 lsst_hardware_g 110.9993429290767 20.25319062873106 31.510000228881836 AB 4.289457693316132 1.040604312540181
61687.2034 lsst_hardware_r 668.8560452315378 46.13714009989237 31.610000610351562 AB 3.377387240100348 1.0522548260775828
61687.2217 lsst_hardware_i 450.90384619923975 44.31934092962772 31.290000915527344 AB 3.237583544554736 1.0363030817458094
61690.1781 lsst_hardware_i 804.2711780877021 65.33762259081814 31.31999969482422 AB 6.588989170501844 1.0788651627281702
61690.1956 lsst_hardware_z 530.2240230314471 60.81054079791795 30.979999542236328 AB 6.4207840064432755 1.0517828993846143
61691.1847 lsst_hardware_i 913.0124415626925 78.17850908713908 31.329999923706055 AB 7.072415198747085 1.0628817551468417
61691.204 lsst_hardware_z 583.6281404544117 68.9628999653333 30.989999771118164 AB 6.7494171597652395 1.0407736560935283
61693.1754 lsst_hardware_z 695.507654999844 84.97595564816943 31.0 AB 7.0213212974886385 1.0690196859758714
61693.193 lsst_hardware_r 1386.9881945340362 125.76137031904717 31.65999984741211 AB 6.946754978198102 1.0456731025889063
61697.1819 lsst_hardware_z 966.6164926136786 60.70827140911875 30.969999313354492 AB 2.7129334983361524 1.0458494596515622
61697.1993 lsst_hardware_g 599.1920227708189 65.67082560048384 31.729999542236328 AB 2.6720164382357567 1.0340954384116607
61701.1682 lsst_hardware_r 1756.660673066089 47.94505163894462 31.5 AB 3.4035630570438156 1.0487560775607485
61701.1846 lsst_hardware_i 1478.0122838985374 49.128381525790935 31.25 AB 3.3616002216794114 1.0357194890662662
61704.1675 lsst_hardware_z 1103.3036561785204 53.49095949716281 30.950000762939453 AB 1.3526617998965116 1.0415773613169477
61704.1845 lsst_hardware_r 1800.8529909411106 48.4262453523171 31.520000457763672 AB 1.2463166437599085 1.032859097038598
61706.167 lsst_hardware_u 3.2117713321478094 2.934815306294736 28.5 AB 2.171414318578853 1.03796095534362
61706.1837 lsst_hardware_g 324.160583102808 23.674865297234184 31.450000762939453 AB 2.1460694885302924 1.032260456243527
61708.1514 lsst_hardware_g 295.37481217444406 22.489870629601118 31.43000030517578 AB 5.775659795159188 1.0463151802824617
61708.1672 lsst_hardware_r 1617.836569799915 46.663158281753255 31.510000228881836 AB 5.29257558157923 1.0349189639379746
61721.116 lsst_hardware_z 837.521446154778 78.78647006156662 30.989999771118164 AB 3.5342940531368456 1.0462166026356048
61721.1358 lsst_hardware_r 905.0185337882034 108.04900589522104 31.65999984741211 AB 4.51194668938174 1.0334280094779853
61723.1152 lsst_hardware_i 837.1064552828984 87.67164692101537 31.34000015258789 AB 3.0041243430405906 1.04192294911699
61723.1331 lsst_hardware_z 889.4070979466337 77.19226799130512 30.989999771118164 AB 5.1385772654983235 1.0327587583697033
61725.1177 lsst_hardware_i 844.3593552080558 63.84496578784268 31.329999923706055 AB 6.002396935714941 1.0364298204034605
61725.1359 lsst_hardware_z 747.7120450229303 61.952288720104065 30.979999542236328 AB 6.1025359461554896 1.0323596440948175
61730.108 lsst_hardware_r 406.4351399646626 30.235850885198712 31.510000228881836 AB 3.4776373068439135 1.0345492508830199
61730.1284 lsst_hardware_i 554.8858602564961 38.4747906364416 31.25 AB 3.0341963376539747 1.0336216445766024
61733.0941 lsst_hardware_z 680.4243282147451 47.149934305131936 30.950000762939453 AB 8.268421572365462 1.0374431082014381
61733.1135 lsst_hardware_u -0.0010500491897518771 2.9138681487933353 28.389999389648438 AB 8.20961490359264 1.0323096953129616
61735.0715 lsst_hardware_r 233.65900038847317 27.824361192848777 31.479999542236328 AB 4.557549726863694 1.0532816563124867
61735.0935 lsst_hardware_g 69.87653170047034 15.693191223226103 31.420000076293945 AB 3.685121655986393 1.0349042797061347
61737.0751 lsst_hardware_r 248.88304034138386 27.341132727675703 31.5 AB 3.9947056073994456 1.0435490092475042
61737.095 lsst_hardware_i 406.7992422362301 35.894947335439035 31.239999771118164 AB 3.929888690316831 1.0327317861730707
61739.0725 lsst_hardware_z 461.9603732772898 46.3398752498229 30.950000762939453 AB 5.203483846180323 1.041113214521938
61739.0913 lsst_hardware_i 310.39918735147756 35.32789232673294 31.25 AB 5.182225954741637 1.0324530391968092
61741.0707 lsst_hardware_u -1.8939391511222414 2.805539726984511 28.420000076293945 AB 6.511668918388934 1.0384332742486795
61741.0899 lsst_hardware_g 18.382372796988115 14.751911563139652 31.420000076293945 AB 6.525219552362758 1.0322264577019313
61743.0753 lsst_hardware_r 188.4714924214369 27.99605336507486 31.520000457763672 AB 3.5631707147136416 1.033552056479726
61743.0939 lsst_hardware_i 184.34736254628262 35.408864086904174 31.260000228881836 AB 2.688267922968975 1.0339492011419136
61747.0628 lsst_hardware_z 399.9759981368176 53.99830853807851 30.969999313354492 AB 3.1616944479183258 1.0340783149362824
61747.0842 lsst_hardware_r 164.8416059648607 54.80020297843252 31.639999389648438 AB 3.956412782762863 1.0344013550296978
61749.0604 lsst_hardware_i 168.84191398263988 63.634500106435 31.329999923706055 AB 7.740079005770047 1.0331355038735575
61749.0761 lsst_hardware_z 538.3725469668965 61.077013711790464 30.989999771118164 AB 7.477722136335801 1.033488806634375
61751.0433 lsst_hardware_y 253.21399190177823 56.967779503830926 30.059999465942383 AB 14.119455763788203 1.0384943529414548
61751.0625 lsst_hardware_i 114.9447916751461 72.51026603831485 31.329999923706055 AB 14.038233138691492 1.0322230249037863
61753.0436 lsst_hardware_y 117.78035174000985 54.449724753273 30.059999465942383 AB 8.178377380970725 1.0352376431608512
61753.0617 lsst_hardware_g -22.225428383947254 79.54643623338698 31.739999771118164 AB 8.158029951401721 1.0326620191647748
61755.0328 lsst_hardware_y 147.92833257867886 69.06777069356761 30.06999969482422 AB 10.289053446507397 1.038214669520776
61755.0531 lsst_hardware_i 178.70977554541722 33.31016173672358 31.260000228881836 AB 10.32916875888472 1.0322820035500249
61757.0327 lsst_hardware_z 243.89348330630642 65.62311844526762 30.989999771118164 AB 3.7022303725630037 1.0352269479379248
61757.0524 lsst_hardware_u 10.397576231031287 3.9567935466115984 28.549999237060547 AB 4.16528929123458 1.0329938102137168
61759.0338 lsst_hardware_y 147.2876112240354 75.11159540780308 30.06999969482422 AB 4.8549295585444865 1.0329637358605293
61759.0558 lsst_hardware_r 70.1047140343194 24.73903004702683 31.5 AB 5.639595298311291 1.036452156822363
61977.4184 lsst_hardware_z -2.072947557197796 58.029998779296875 31.690000534057617 AB 6.2673199458023525 1.0424105914180328
61977.4385 lsst_hardware_y -259.12916673104644 85.44000244140625 30.809999465942383 AB 6.249449554960386 1.0325117669832118
61980.4181 lsst_hardware_u 2.1792768446046558 2.6500000953674316 28.3700008392334 AB 4.720722836956868 1.0367999202657932
61980.4372 lsst_hardware_y -15.670172932383778 59.7400016784668 30.059999465942383 AB 4.742566254521576 1.0324141037344234
61982.4142 lsst_hardware_r 30.201283229001476 22.920000076293945 31.5 AB 4.635044464532564 1.035957041802771
61982.4358 lsst_hardware_y -39.577914671789735 60.47999954223633 30.06999969482422 AB 3.6115939724745676 1.0331385174782428
61984.4015 lsst_hardware_r -2.403613106427789 22.809999465942383 31.489999771118164 AB 1.9419540186621156 1.0406112451525136
61984.4225 lsst_hardware_y 56.85683143004163 47.66999816894531 30.049999237060547 AB 1.2400907937064927 1.032262036936592
61991.381 lsst_hardware_r -51.31052979364234 78.33999633789062 31.649999618530273 AB 4.06549892514728 1.041723332374602
61991.4048 lsst_hardware_y -7.8029329053665135 52.560001373291016 30.049999237060547 AB 3.9514975429258308 1.032261636083028
61993.3819 lsst_hardware_z -26.27999030759279 57.0 30.979999542236328 AB 6.235731489715241 1.0372141533125816
61993.407 lsst_hardware_y -65.57061956358646 51.970001220703125 30.049999237060547 AB 6.247010461129144 1.0334747647175158
61996.3753 lsst_hardware_r -37.65117637341155 37.459999084472656 31.610000610351562 AB 3.6866919441322614 1.036315374316869
61996.396 lsst_hardware_z 88.59024895342954 44.81999969482422 30.959999084472656 AB 3.5827490199423893 1.032790146999824
62000.3693 lsst_hardware_r 13.854226558220763 22.65999984741211 31.510000228881836 AB 4.164088479278361 1.0341065323842704
62000.3892 lsst_hardware_u 4.917166150840767 2.799999952316284 28.530000686645508 AB 2.5333764391887144 1.033890534290048
62010.2653 lsst_hardware_i 5.265546902798608 31.6299991607666 31.239999771118164 AB 4.246829942809558 1.1804400841683198
62010.2911 lsst_hardware_z 2.8680608998838775 41.95000076293945 30.950000762939453 AB 4.069403739490909 1.1015258701139334
62012.3129 lsst_hardware_z -36.44606327043306 41.40999984741211 30.950000762939453 AB 3.1767308929922917 1.052769144322037
62012.3312 lsst_hardware_r -33.72573256732968 22.709999084472656 31.5 AB 3.10747444799571 1.0365446386643091
62019.2742 lsst_hardware_z -61.906582109865255 72.88999938964844 30.989999771118164 AB 0.9517151741014307 1.0845756969816873
62019.2924 lsst_hardware_r -23.557775962221545 105.33999633789062 31.65999984741211 AB 0.7381605174058238 1.0545150248654627
62022.2758 lsst_hardware_i -39.586847834605045 62.380001068115234 31.329999923706055 AB 4.586843648372808 1.0667078252029787
62022.2946 lsst_hardware_r 14.507612845818368 72.62999725341797 31.649999618530273 AB 3.8081745863127097 1.0432402300190056
62029.2548 lsst_hardware_r -3.665514244217015 23.079999923706055 31.510000228881836 AB 4.29433762235447 1.0698399657086375
62029.2738 lsst_hardware_i 16.43556475699965 30.65999984741211 31.25 AB 4.244658910277895 1.044796252939973
62032.2466 lsst_hardware_i 26.695355538923835 30.760000228881836 31.25 AB 6.38989340860441 1.0698560233179986
62032.2704 lsst_hardware_z -22.52132889620961 41.06999969482422 30.950000762939453 AB 5.7772068402650225 1.0406569107926409
62038.2448 lsst_hardware_i -25.89262316806988 30.489999771118164 31.25 AB 6.248194422375756 1.0493818484044781
62038.2637 lsst_hardware_r -37.55841389776498 22.6200008392334 31.489999771118164 AB 6.209894332933422 1.0348386612303995
62040.2303 lsst_hardware_z 105.59702554540712 60.790000915527344 31.700000762939453 AB 3.614385306698034 1.0610779841563853
62042.2197 lsst_hardware_z 88.78594781567047 46.91999816894531 30.959999084472656 AB 4.921239497281881 1.0691761228117447
62042.2381 lsst_hardware_r 41.74043564830113 44.54999923706055 31.610000610351562 AB 4.832835628054686 1.0449939192507025
62045.2202 lsst_hardware_i -108.22264708943347 66.69000244140625 31.329999923706055 AB 3.565665985917605 1.056102476391738
62045.2396 lsst_hardware_z 9.591023970927253 60.720001220703125 30.989999771118164 AB 3.489084581482841 1.0374145786018045
62047.2201 lsst_hardware_i -36.010235111480725 92.23999786376953 31.34000015258789 AB 2.749055074375748 1.0495247166107462
62047.2391 lsst_hardware_z 124.46295563933903 78.0999984741211 31.0 AB 2.6980262242594564 1.0348499230043302
62049.2095 lsst_hardware_z 73.08850110455622 77.30999755859375 31.0 AB 5.159385076562047 1.0558086786963685
62049.2271 lsst_hardware_r -53.225270345162926 111.5 31.65999984741211 AB 4.98231785915477 1.038415560474287
62051.2053 lsst_hardware_i 49.76311339833943 60.68000030517578 31.329999923706055 AB 4.147290548575663 1.0541725605363492
62051.2226 lsst_hardware_r -86.82615317602135 71.1500015258789 31.65999984741211 AB 3.4108870703390117 1.0377952546670421
62053.2009 lsst_hardware_z -14.86680655825121 46.59000015258789 30.969999313354492 AB 3.594058010849558 1.0528438660822843
62053.2196 lsst_hardware_g -12.163726776997123 43.849998474121094 31.709999084472656 AB 2.720613428471796 1.0363583626964676
62058.1795 lsst_hardware_i -64.10769870964796 30.959999084472656 31.25 AB 6.930203927413388 1.0635672080131044
62058.198 lsst_hardware_z 88.94616421912282 41.310001373291016 30.950000762939453 AB 6.932057851650204 1.0417880750903317
62061.1163 lsst_hardware_g 13.061097399655715 20.209999084472656 32.11000061035156 AB 10.588679406870906 1.2206908588789835
62061.1396 lsst_hardware_r 7.342127792526453 33.15999984741211 32.22999954223633 AB 6.948286764068729 1.1345067783605134
62066.1714 lsst_hardware_i -18.29833803866955 31.010000228881836 31.260000228881836 AB 3.3351043755622705 1.0461431541914274
62066.1893 lsst_hardware_r 43.839496176682665 23.270000457763672 31.510000228881836 AB 3.3485484098654403 1.0340345063919305
62068.1495 lsst_hardware_z -17.725757448454594 42.630001068115234 30.959999084472656 AB 4.674387134565719 1.0678618187402393
62068.1654 lsst_hardware_g 11.213640375245797 18.270000457763672 31.540000915527344 AB 4.588863323546721 1.046689980660723
62069.1678 lsst_hardware_r 9.21156631608796 30.360000610351562 31.56999969482422 AB 1.2437106079782911 1.0419245529003538
62069.1846 lsst_hardware_i -1.3585388660974522 33.779998779296875 31.280000686645508 AB 1.2867878193072908 1.0330113614990293
62074.1447 lsst_hardware_i -24.491893222175147 68.19999694824219 31.34000015258789 AB 3.9776919929918586 1.05146497303512
62074.1621 lsst_hardware_z 33.34216311135848 62.11000061035156 30.989999771118164 AB 3.858161867754819 1.0364437522511267
62078.1499 lsst_hardware_z 65.7801972382983 70.75 31.0 AB 5.2895650539542896 1.0371696184224097
62078.1696 lsst_hardware_r 60.781625901681856 104.19999694824219 31.670000076293945 AB 4.801039141172511 1.0324075280279217
62084.1271 lsst_hardware_g -12.994714567072885 14.260000228881836 31.440000534057617 AB 9.192566734952575 1.041709641900707
62084.1459 lsst_hardware_r -25.821018614610967 22.979999542236328 31.510000228881836 AB 9.130556350765064 1.0325763472734026
62087.1126 lsst_hardware_i -7.455839468701719 30.68000030517578 31.25 AB 3.664671485692296 1.0476476517134043
62087.1313 lsst_hardware_z 60.35723608118442 41.09000015258789 30.950000762939453 AB 5.171366443661859 1.0342732887323718
62089.1168 lsst_hardware_i -30.790849206005667 30.389999389648438 31.25 AB 4.364430373583913 1.0391500889485505
62089.135 lsst_hardware_u 0.5727598663103165 2.690000057220459 28.440000534057617 AB 4.334931978952574 1.0322905172930403
62092.1092 lsst_hardware_u -1.7286134500791055 2.609999895095825 28.3700008392334 AB 5.687969725910856 1.0387404765018524
62092.1298 lsst_hardware_g 2.286955938675056 13.890000343322754 31.420000076293945 AB 4.94824541376927 1.0322823435421447
62094.1097 lsst_hardware_r 51.20133855561597 22.59000015258789 31.5 AB 5.996930853603292 1.0353221246940918
62094.1301 lsst_hardware_i 7.09975956692079 30.290000915527344 31.25 AB 5.551482246266891 1.0331542641935902
62099.0948 lsst_hardware_g -33.69310201733799 30.1200008392334 31.649999618530273 AB 5.347995061204531 1.0359312467224897
62099.1147 lsst_hardware_r -16.50185998862071 33.68000030517578 31.59000015258789 AB 5.274848771040733 1.0327653002527761
62101.0961 lsst_hardware_i -20.107518093985988 48.41999816894531 31.309999465942383 AB 3.9283026793761406 1.033288006674886
62101.1155 lsst_hardware_z -33.137291812523266 50.34000015258789 30.969999313354492 AB 3.937981018252821 1.0346544395820851
62104.0829 lsst_hardware_z -22.91825659053705 88.81999969482422 31.739999771118164 AB 5.125243286578827 1.0350890208177619
62106.0714 lsst_hardware_r -14.597089233398476 97.04000091552734 31.65999984741211 AB 6.48408423336073 1.0384503897118402
62106.09 lsst_hardware_i -3.3763324269243764 77.76000213623047 31.34000015258789 AB 6.505202869981829 1.0322441875566217
62111.0644 lsst_hardware_g -8.074057411855007 13.9399995803833 31.440000534057617 AB 4.605980338383499 1.0348192177900468
62111.0838 lsst_hardware_r 12.843340739477943 22.6200008392334 31.5 AB 5.909796008489138 1.0331811203650845
62115.0432 lsst_hardware_y 33.81752963113307 48.810001373291016 30.049999237060547 AB 10.420710324760964 1.041099339758988
62115.0632 lsst_hardware_i 10.792121042615374 30.309999465942383 31.260000228881836 AB 10.330295335299894 1.032341305992661
62117.043 lsst_hardware_y 10.637842535295409 49.5099983215332 30.049999237060547 AB 11.707153771400954 1.0374083979973119
62117.062 lsst_hardware_g 15.750842945326276 13.9399995803833 31.420000076293945 AB 11.842595492469167 1.0323043490647184
62119.0446 lsst_hardware_y 75.88362034130775 49.36000061035156 30.049999237060547 AB 7.940968430944778 1.0340192256022718
62119.0637 lsst_hardware_i -17.914813069297782 30.420000076293945 31.260000228881836 AB 7.942123651030628 1.0336815442062488
62123.0336 lsst_hardware_y 21.104569486451563 68.69999694824219 30.079999923706055 AB 3.729805145579633 1.0340463392237484
62123.0537 lsst_hardware_r 57.55037680096638 22.90999984741211 31.520000457763672 AB 4.222298108966556 1.0339899862782413
62125.0337 lsst_hardware_y -146.4102050732865 76.54000091552734 30.079999923706055 AB 4.646733272313334 1.0326073938474076
62125.0523 lsst_hardware_z -19.216178485374247 41.540000915527344 30.950000762939453 AB 4.512068381980483 1.035709487428092
62127.0356 lsst_hardware_y -58.87935863786235 68.05000305175781 30.06999969482422 AB 5.693560688324461 1.0323772780277751
62127.0548 lsst_hardware_z -68.56309633566818 42.130001068115234 30.950000762939453 AB 5.077522842537305 1.0407959090985779
