data/validation/pwv_sim_epoch_fit_seasonal/58993506.ecsv
# %ECSV 0.9
# ---
# datatype:
# - {name: time, datatype: float64}
# - {name: band, datatype: string}
# - {name: flux, datatype: float64}
# - {name: fluxerr, datatype: float64}
# - {name: zp, datatype: float64}
# - {name: zpsys, datatype: string}
# - {name: pwv, datatype: float64}
# - {name: airmass, datatype: float64}
# meta: {SNID: '58993506', alt: 1024.0, c: 0.025055736303329468, dec: 1.044512, lat: -30.244573, lon: -70.7499537, ra: 79.804688, t0: 62445.6796875,
#   x0: 5.2798028363221075e-06, x1: 0.6794428825378418, z: 0.5998740196228027}
# schema: astropy-2.0
time band flux fluxerr zp zpsys pwv airmass
62410.3647 lsst_hardware_r 9.619026995611327 36.849998474121094 31.559999465942383 AB 4.979388379938844 1.1862747778293559
62410.3861 lsst_hardware_y -35.52098682435094 54.68000030517578 30.010000228881836 AB 4.820500436101098 1.1710191755377382
62412.3751 lsst_hardware_z -29.567479542992167 65.1500015258789 31.690000534057617 AB 3.0705559479400186 1.1728632345072645
62417.3622 lsst_hardware_i 79.58078812238045 32.27692668858357 31.229999542236328 AB 5.246671471483719 1.172527891422166
62417.3802 lsst_hardware_y -7.844019632327541 54.148622603141305 30.010000228881836 AB 4.756731234117537 1.172450956340099
62419.3628 lsst_hardware_i 38.76904454958697 32.553019635998 31.229999542236328 AB 3.5123969620172897 1.1707989873390965
62419.3808 lsst_hardware_y 105.25823572841102 59.34836746676963 30.020000457763672 AB 3.668214646376376 1.1758668560578018
62421.36 lsst_hardware_g 13.817245170014054 15.186011543814473 31.389999389648438 AB 6.43978331786633 1.1705859157536955
62421.3787 lsst_hardware_y 86.64001720266616 57.56924772493715 30.010000228881836 AB 6.999031060994359 1.1785195286943608
62424.3033 lsst_hardware_i 367.7817839092785 36.75397042496542 31.229999542236328 AB 6.90518669168074 1.229045391577705
62424.3204 lsst_hardware_y 10.280595819672326 49.68888307487769 30.0 AB 6.767663171343273 1.194715165001079
62426.3601 lsst_hardware_u -0.7787138637937666 2.9145198367187515 28.420000076293945 AB 5.734591740932897 1.174800274706275
62426.3764 lsst_hardware_z 307.76125688195555 60.49746714106589 30.959999084472656 AB 5.7434395963884715 1.1915849785038322
62431.2412 lsst_hardware_i 859.5107412511121 87.6614732760482 31.260000228881836 AB 3.4993423685573237 1.401371881284428
62431.2574 lsst_hardware_z 650.2081263133215 76.24731234277472 30.950000762939453 AB 3.738300172693463 1.3193224537474724
62436.3171 lsst_hardware_i 1462.6322254386018 78.56161357295466 31.299999237060547 AB 3.6757214424785642 1.170705133363664
62436.3334 lsst_hardware_r 1705.660967934947 91.80335860351784 31.6200008392334 AB 3.5931304517396154 1.1751857569057635
62439.3175 lsst_hardware_z 1069.729812549006 56.49829045529729 30.950000762939453 AB 5.270591018329264 1.171502782469355
62439.3344 lsst_hardware_g 510.06352789754305 39.999302597978016 31.610000610351562 AB 5.705109124281533 1.1833052663748664
62441.3092 lsst_hardware_g 439.0755319159228 26.970881637378213 31.450000762939453 AB 6.32339489948032 1.1708545055204551
62441.3286 lsst_hardware_r 1730.8971765057006 49.04393381435282 31.479999542236328 AB 6.499418004884099 1.1829311420646906
62450.2716 lsst_hardware_r 1636.2038562056869 46.140061857168014 31.479999542236328 AB 10.98662146502661 1.1727402382166814
62450.2912 lsst_hardware_i 1451.365737349957 49.76444805288213 31.239999771118164 AB 11.135977177375977 1.1729283430923525
62452.2726 lsst_hardware_z 1271.036800311106 54.50322938233396 30.93000030517578 AB 4.800297312512095 1.1708042225639257
62452.2906 lsst_hardware_i 1404.6782449468808 48.954690585749375 31.229999542236328 AB 4.820707359386908 1.1757822827772948
62457.2586 lsst_hardware_y 421.88545494562044 54.083064379939515 30.010000228881836 AB 4.687524041788039 1.1708565109999454
62457.2776 lsst_hardware_r 1216.1674877829166 57.507160665168946 31.59000015258789 AB 4.7496912330537135 1.1762484480073585
62459.2589 lsst_hardware_i 1075.114165601248 79.82706121071007 31.299999237060547 AB 6.284272903775952 1.1706916735797228
62459.2797 lsst_hardware_z 1116.4552421284639 73.01807144101197 30.969999313354492 AB 6.177437088753329 1.1831904019830166
62464.2603 lsst_hardware_r 946.3210467441351 101.87766775964943 31.6299991607666 AB 10.476517616082882 1.1776550672391266
62464.2798 lsst_hardware_i 971.2270407213758 86.16286590748979 31.309999465942383 AB 10.63176518783858 1.2031647357934228
62467.2173 lsst_hardware_z 844.3140642305891 56.68338968983637 30.950000762939453 AB 4.45025244114923 1.177782834762268
62467.236 lsst_hardware_i 838.54573462299 52.960757169157766 31.280000686645508 AB 4.43365248094749 1.1706013151016155
62472.2243 lsst_hardware_r 480.12242070259396 31.992692447830724 31.479999542236328 AB 7.376040222639111 1.1708000353395416
62472.2442 lsst_hardware_u 6.138427938198054 2.8632681199587378 28.34000015258789 AB 7.454014914396537 1.1831769705391328
62476.2243 lsst_hardware_i 531.5362582369023 39.412094212745004 31.239999771118164 AB 6.2854801118019 1.1752405201331089
62476.2439 lsst_hardware_z 629.6091268802188 50.00755423513633 30.93000030517578 AB 6.4450345905318 1.1977391916989035
62478.2202 lsst_hardware_r 363.2170122803284 29.550742986178527 31.479999542236328 AB 5.875073157181495 1.1761908222585575
62478.2391 lsst_hardware_g 16.72509891922756 15.418541056241969 31.389999389648438 AB 5.977398138144764 1.1988363694634503
62482.1914 lsst_hardware_i 414.9970945799185 37.2409837175179 31.239999771118164 AB 14.867864487314355 1.1706979911271147
62482.2099 lsst_hardware_z 478.544454128651 48.64505711772682 30.940000534057617 AB 14.744936260103914 1.1766532676392443
62484.1902 lsst_hardware_r 259.6148379469942 37.051597245954135 31.549999237060547 AB 8.896843896350966 1.1706373547830218
62484.2081 lsst_hardware_z 558.5087547798843 50.7445973809013 30.940000534057617 AB 8.966211188622044 1.1797646300818478
62486.1906 lsst_hardware_y 105.46387382933018 53.037343693173035 30.010000228881836 AB 12.066690699124965 1.171948903122872
62486.2093 lsst_hardware_r 265.0764181450997 57.762066033964416 31.600000381469727 AB 12.332458027160186 1.1871131925649532
62488.1486 lsst_hardware_i 303.58390567913784 80.78406897729789 31.309999465942383 AB 3.4684628868745593 1.190377653153002
62488.1675 lsst_hardware_z 451.81821215014065 73.94336472802101 30.969999313354492 AB 3.8712978284033115 1.1728836078781264
62490.1486 lsst_hardware_r 111.09662809524468 137.99509806110134 31.6299991607666 AB 3.5603223564519926 1.183519440356351
62490.1677 lsst_hardware_z 592.81390932332 94.19947464611037 30.979999542236328 AB 4.403007031934524 1.1709865557767802
62492.1502 lsst_hardware_r 285.0388651829004 119.81388335598592 31.6299991607666 AB 4.128655898112446 1.1768419862074955
62492.169 lsst_hardware_i 281.10983795870067 95.95052956297192 31.31999969482422 AB 4.396264480830621 1.1706982173838283
62494.1607 lsst_hardware_z 885.8300596365431 85.94230806288286 31.719999313354492 AB 7.306615160848702 1.1705567383608944
62494.1815 lsst_hardware_i 374.2179132799803 87.36084024088554 32.04999923706055 AB 7.697306715071382 1.1804327286081173
62496.124 lsst_hardware_r 175.03178354255672 31.88254063651892 31.520000457763672 AB 8.972521279527415 1.1944118404162356
62496.1454 lsst_hardware_u 1.0266973654296674 5.12038117849941 28.760000228881836 AB 8.154126713985365 1.1730024762980262
62500.1274 lsst_hardware_i 140.7535798033853 34.475244539815996 31.229999542236328 AB 9.235925072092519 1.1776010547102536
62500.147 lsst_hardware_z 323.6563123082346 46.29554003101798 30.940000534057617 AB 9.240545263391935 1.1706771870851884
62502.1275 lsst_hardware_r 110.46968721375242 25.845234158023267 31.469999313354492 AB 8.172094250285882 1.1737838220623256
62502.1494 lsst_hardware_g -11.535774421793326 14.565072708968126 31.3799991607666 AB 8.167327074081653 1.1729879006384827
62506.1272 lsst_hardware_z 246.53339330508422 45.749874723372685 30.93000030517578 AB 13.236294296703775 1.1705765462483992
62506.1478 lsst_hardware_i 141.59312339910784 34.123612117948745 31.219999313354492 AB 13.424030242679956 1.1795382767111091
62511.0861 lsst_hardware_g -18.781055196758697 19.091146177736665 31.5 AB 10.11132392782413 1.189952505554636
62511.1073 lsst_hardware_r 84.2563379283763 27.214696185151805 31.5 AB 9.936018001759159 1.171815390870859
62513.0812 lsst_hardware_i 145.73567319117174 40.83236574206583 31.260000228881836 AB 4.645258871273181 1.189186271045949
62513.1005 lsst_hardware_z 215.55915761637718 48.66027174934588 30.950000762939453 AB 6.534803334371905 1.17231974424755
62515.0822 lsst_hardware_r 135.49157131686732 61.13639787587716 31.610000610351562 AB 7.703262240098183 1.1815121409184564
62515.1008 lsst_hardware_z 170.78055821156104 56.25611177194297 30.959999084472656 AB 7.877556030674456 1.170745471714226
62516.0786 lsst_hardware_r 121.0616336114327 79.5055826452819 31.6200008392334 AB 7.0895146299329435 1.1824233215082256
62516.0975 lsst_hardware_i 251.8994591566908 68.61133141327085 31.309999465942383 AB 6.3232674020083 1.170830897791933
62518.0802 lsst_hardware_z 200.3221941564041 80.96798451175654 30.969999313354492 AB 3.2627604605416964 1.1760873967889327
62518.101 lsst_hardware_i 229.42418858998994 92.74015984730177 31.309999465942383 AB 2.376457504427839 1.1712456897130799
62520.0888 lsst_hardware_z 336.37049281007336 115.44572616582064 31.719999313354492 AB 4.553169114122281 1.170580798900233
62522.0798 lsst_hardware_r 20.62415176969974 84.08456504469736 31.6200008392334 AB 14.061818482778003 1.1710862779744329
62522.1002 lsst_hardware_i 247.5543419841411 69.88939887799289 31.299999237060547 AB 14.899861241428916 1.1762738802738546
62524.0862 lsst_hardware_z 308.0306189959797 71.44829841580489 31.690000534057617 AB 9.696586575759175 1.1717103417594787
62530.039 lsst_hardware_y -63.05614845595593 53.06999969482422 30.0 AB 15.092492481328476 1.183933829995762
62530.0564 lsst_hardware_i 7.063352018645263 32.04999923706055 31.229999542236328 AB 14.887321674385124 1.1714921053183132
62532.0374 lsst_hardware_y -56.34372180372974 53.369998931884766 30.010000228881836 AB 10.079855659745133 1.1799079931418972
62532.0548 lsst_hardware_g 22.125716236667216 14.390000343322754 31.399999618530273 AB 10.68719496336593 1.1706862704968704
62534.036 lsst_hardware_y 49.38784980689712 54.59000015258789 30.010000228881836 AB 7.941106546964607 1.1764602291799329
62534.0542 lsst_hardware_i -7.824747514844012 31.709999084472656 31.239999771118164 AB 7.8434812146519794 1.1706688380077581
62536.034 lsst_hardware_z 14.025838610328142 49.060001373291016 30.950000762939453 AB 10.695914746307846 1.1741494863941868
62536.052 lsst_hardware_u -0.10902727977949994 2.690000057220459 28.34000015258789 AB 11.382885500445514 1.1712795918825774
62538.0317 lsst_hardware_y -59.80891015219285 56.25 30.020000457763672 AB 6.035054888407615 1.1725383501860707
62538.0502 lsst_hardware_r 25.09125782570654 23.459999084472656 31.469999313354492 AB 5.589605277734099 1.172562466485022
62542.0286 lsst_hardware_y -24.510217743136113 59.84000015258789 30.020000457763672 AB 2.926456027642627 1.1705824110570506
62542.0477 lsst_hardware_z -44.58637552323621 45.959999084472656 30.940000534057617 AB 3.062628042372774 1.177933862451067
62544.0267 lsst_hardware_y 77.70896247418877 62.70000076293945 30.020000457763672 AB 3.0428977570865294 1.1706454566888418
62544.0429 lsst_hardware_r -10.292949670304685 58.5099983215332 31.610000610351562 AB 2.397853445212854 1.1784993996787234
62775.3663 lsst_hardware_g -10.00055092266177 14.460000038146973 31.399999618530273 AB 4.966305189359787 1.1851814150090678
62775.3856 lsst_hardware_y 93.68782349521048 52.2599983215332 30.010000228881836 AB 4.969223358485745 1.1712960185000523
62777.3562 lsst_hardware_i 19.85230183925564 32.08000183105469 31.229999542236328 AB 3.454601740989527 1.191241979651561
62777.3741 lsst_hardware_y 72.85022436551704 49.349998474121094 30.0 AB 3.4037865376519667 1.1737194957420576
62779.3485 lsst_hardware_g -1.9600843327661106 14.59000015258789 31.389999389648438 AB 9.078661401049219 1.194560710664371
62779.3669 lsst_hardware_y -22.819164287728793 49.189998626708984 30.0 AB 8.928016312775384 1.1747389885230768
62784.374 lsst_hardware_z 137.71691720530012 84.5999984741211 31.719999313354492 AB 3.515693282910855 1.171897760970285
62788.356 lsst_hardware_z 55.6053795376805 68.91999816894531 30.969999313354492 AB 6.321171299272255 1.17058727764301
62788.3724 lsst_hardware_y 13.323720217623368 60.31999969482422 30.010000228881836 AB 6.3570926537696835 1.177239380327719
62790.357 lsst_hardware_z 91.1718627177013 64.58999633789062 30.969999313354492 AB 8.579484132224195 1.1716871851719663
62790.3748 lsst_hardware_y -59.17205353975401 64.58000183105469 30.020000457763672 AB 8.675632042099455 1.1850067669678663
62792.3526 lsst_hardware_r -60.204717882126744 55.599998474121094 31.600000381469727 AB 7.612498677467778 1.1720552236286033
62792.3693 lsst_hardware_y -38.898347266712015 55.72999954223633 30.0 AB 7.677055560653921 1.1849593765238542
62797.2626 lsst_hardware_u 3.24982384903178 2.549999952316284 28.229999542236328 AB 4.656720919036801 1.2899503930849865
62797.279 lsst_hardware_g -9.803610523821321 14.15999984741211 31.3700008392334 AB 4.466836081270102 1.237207916335631
62798.3468 lsst_hardware_r 16.520481812532488 23.469999313354492 31.479999542236328 AB 4.207627742227044 1.1786622369560793
62798.3605 lsst_hardware_i 11.645115830590658 33.20000076293945 31.229999542236328 AB 4.289543350416239 1.19535832532151
62800.3202 lsst_hardware_z 4.3366648991835275 43.040000915527344 30.950000762939453 AB 1.5590423899798143 1.1707452240145153
62800.338 lsst_hardware_r 31.021001685267198 23.5 31.489999771118164 AB 2.814452834414949 1.1759961702350146
62808.3086 lsst_hardware_i 40.05056492097203 31.8700008392334 31.239999771118164 AB 5.6252858285988285 1.171934547624756
62808.3271 lsst_hardware_r 21.560222087415497 23.649999618530273 31.479999542236328 AB 5.696442024938251 1.186758755195469
62816.1585 lsst_hardware_z -76.24001202426848 140.8699951171875 31.68000030517578 AB 4.567869200224495 1.6221126421251757
62816.1843 lsst_hardware_r -195.45275828796832 193.8800048828125 32.31999969482422 AB 1.0577667351488989 1.4193448307929666
62818.2691 lsst_hardware_i 58.67284873368804 84.41999816894531 31.309999465942383 AB 5.18784661639094 1.1710714709686092
62818.2881 lsst_hardware_z 26.736096225854496 75.94999694824219 30.979999542236328 AB 5.288392738139259 1.1754595994975012
62820.2361 lsst_hardware_i -29.032828295991973 60.540000915527344 31.299999237060547 AB 9.044596498612512 1.1952684681660517
62820.2538 lsst_hardware_z 40.91943078453127 58.630001068115234 30.959999084472656 AB 5.3692450448462425 1.1754896836122548
62828.2626 lsst_hardware_z 14.383925599599277 43.279998779296875 30.940000534057617 AB 7.1970697352119695 1.1767609115781505
62828.2821 lsst_hardware_u -1.9973085021145423 2.619999885559082 28.299999237060547 AB 7.268212659492522 1.2011589257137685
62830.2541 lsst_hardware_g -12.317793550796743 14.520000457763672 31.40999984741211 AB 7.683177433759063 1.1746480979118545
62830.2736 lsst_hardware_r 17.55806439295824 23.829999923706055 31.479999542236328 AB 7.79096482756276 1.1960798046536574
62832.2589 lsst_hardware_i 34.27617541921529 32.08000183105469 31.229999542236328 AB 5.174573358356662 1.183571216458523
62832.2783 lsst_hardware_z 37.46939348456008 43.779998779296875 30.93000030517578 AB 5.34044014376593 1.2150020234181371
62834.2173 lsst_hardware_i 50.51045583348846 32.310001373291016 31.229999542236328 AB 5.837827922872157 1.1743769710062677
62834.2359 lsst_hardware_u 0.6586645490397235 2.690000057220459 28.350000381469727 AB 5.817656188026321 1.1713794801220823
62837.2213 lsst_hardware_z -23.07211701297006 43.560001373291016 30.93000030517578 AB 7.374604146679487 1.1705720867745217
62837.2406 lsst_hardware_g -18.11706417656899 14.670000076293945 31.389999389648438 AB 7.427019116913852 1.178891923319659
62839.2229 lsst_hardware_r -78.23088489060396 37.290000915527344 31.56999969482422 AB 5.094561536521526 1.1715675604280846
62839.241 lsst_hardware_i -13.635670921912283 38.40999984741211 31.260000228881836 AB 5.174141841652264 1.1849632066076408
62841.2342 lsst_hardware_z 98.44735444391434 81.7699966430664 31.709999084472656 AB 6.360316130699494 1.1834247149872783
62843.1788 lsst_hardware_z 102.65078550634475 79.33999633789062 30.979999542236328 AB 5.259177147046837 1.1874412163122232
62843.1974 lsst_hardware_r -192.0496190827765 113.73999786376953 31.6299991607666 AB 5.193800003678875 1.1720846270643441
