data/validation/pwv_sim_epoch_fit_seasonal/59056280.ecsv
# %ECSV 0.9
# ---
# datatype:
# - {name: time, datatype: float64}
# - {name: band, datatype: string}
# - {name: flux, datatype: float64}
# - {name: fluxerr, datatype: float64}
# - {name: zp, datatype: float64}
# - {name: zpsys, datatype: string}
# - {name: pwv, datatype: float64}
# - {name: airmass, datatype: float64}
# meta: {SNID: '59056280', alt: 1024.0, c: -0.04581572487950325, dec: -11.110882, lat: -30.244573, lon: -70.7499537, ra: 296.542969, t0: 60482.65625,
#   x0: 7.901944029154974e-06, x1: -0.1912602037191391, z: 0.5076042413711548}
# schema: astropy-2.0
time band flux fluxerr zp zpsys pwv airmass
60426.4169 lsst_hardware_y 38.438124370339075 92.69000244140625 30.809999465942383 AB 1.7116717757512 1.0598586846756657
60429.4041 lsst_hardware_r 168.98056078957165 71.63999938964844 31.649999618530273 AB 12.118904004454217 1.0615408336991634
60429.4216 lsst_hardware_z -73.62289168338776 65.83999633789062 30.989999771118164 AB 12.790104484622251 1.0594266236089076
60432.3992 lsst_hardware_z 17.015579132820744 44.68000030517578 30.959999084472656 AB 11.823651319152232 1.0602586745615512
60432.4181 lsst_hardware_y 75.72975651947976 51.689998626708984 30.049999237060547 AB 11.81347108585346 1.060828186377927
60436.3935 lsst_hardware_u -2.1639652670732685 2.7899999618530273 28.440000534057617 AB 7.333335745341801 1.059067406538555
60436.4119 lsst_hardware_y 35.87713875149018 48.0099983215332 30.040000915527344 AB 7.345208600609618 1.0630849962287174
60443.3574 lsst_hardware_g -12.020629765445852 15.199999809265137 31.440000534057617 AB 8.522287071754397 1.066763796312107
60443.3784 lsst_hardware_i 46.377909017205965 31.670000076293945 31.25 AB 8.624536195551153 1.0588532498476861
60445.3416 lsst_hardware_z -7.016291280900699 42.189998626708984 30.950000762939453 AB 4.433084025914769 1.0769497188228985
60445.3662 lsst_hardware_r -14.771163649932175 24.3700008392334 31.510000228881836 AB 4.385359319109662 1.0595641249409242
60447.3512 lsst_hardware_u -2.4627626429860654 2.7200000286102295 28.389999389648438 AB 7.465970930217429 1.0635159977043065
60447.374 lsst_hardware_g 20.026176191870668 15.40999984741211 31.459999084472656 AB 7.437225960366845 1.0597987379843588
60458.309 lsst_hardware_z 28.135538345669588 64.99760229050943 30.979999542236328 AB 9.213991333697543 1.0736727746319275
60458.3336 lsst_hardware_i 68.99439876664212 69.90395776873116 31.329999923706055 AB 9.003796967605586 1.059052191325966
60460.3099 lsst_hardware_z 151.794386943916 47.976035712174124 30.959999084472656 AB 7.96281026621752 1.0676393653028782
60460.3349 lsst_hardware_r 163.72816503532385 44.44729550104276 31.610000610351562 AB 7.530502513163972 1.0590803417283055
60462.3138 lsst_hardware_y 181.86375928675713 48.158093879289765 30.040000915527344 AB 10.074630365562605 1.0616421755835406
60462.3354 lsst_hardware_g 147.6794460987348 21.597317188304295 31.530000686645508 AB 9.259909179004069 1.06053781541621
60464.3126 lsst_hardware_r 640.5564929914443 35.226204359003894 31.5 AB 12.777564678941207 1.0600269353692857
60464.3357 lsst_hardware_i 419.0377905214977 38.21436010502314 31.25 AB 12.77578139404553 1.063230808425893
60466.2816 lsst_hardware_i 1342.492712475203 57.7883242999626 32.0 AB 6.2818511141399425 1.0802839405227953
60466.3059 lsst_hardware_z 1100.9982322749895 66.7919154809015 31.700000762939453 AB 6.411957174763936 1.0604264956403373
60468.2793 lsst_hardware_r 1349.1944397178615 43.484020887361076 31.5 AB 3.7638037044435566 1.0763719752466023
60468.2995 lsst_hardware_u 14.355166498906417 5.007830292273698 28.3799991607666 AB 3.0040961472716483 1.0607684135846216
60485.2468 lsst_hardware_z 3546.565806457015 136.77939371708788 31.75 AB 4.665214311944786 1.0639231407540641
60487.2462 lsst_hardware_r 2980.271126979528 88.28824761794186 31.639999389648438 AB 7.664040174864017 1.061354407265478
60487.2705 lsst_hardware_z 1654.5385929871916 69.64764788503452 30.969999313354492 AB 7.618833914141806 1.0619570572143948
60490.2411 lsst_hardware_r 4801.28875674114 79.39967042930225 32.290000915527344 AB 3.5001319013078906 1.0601908982430444
60490.2632 lsst_hardware_y 1017.5854220629822 74.17764343399652 30.790000915527344 AB 3.704252292925216 1.06240505533228
60495.1862 lsst_hardware_r 1813.9154362828235 48.88504257333978 31.5 AB 3.9855540583767577 1.1070983495490994
60495.2059 lsst_hardware_i 1644.2220745846 51.37163459219183 31.25 AB 3.873632718966941 1.076009088601928
60497.2366 lsst_hardware_z 1158.9231799494312 53.68048549672043 30.940000534057617 AB 1.9072542653092242 1.059585702949569
60497.2571 lsst_hardware_r 1542.9669997621809 46.5982255975145 31.5 AB 1.7024351241572104 1.0724563751318454
60499.2235 lsst_hardware_u 2.1006398957491657 3.2567724944345917 28.540000915527344 AB 2.2898655069934537 1.0588973442744294
60499.2429 lsst_hardware_g 239.2552651685864 22.892393103814126 31.479999542236328 AB 2.2891707395603595 1.0649782458992134
60501.2232 lsst_hardware_r 1196.0028976065053 42.36892199195826 31.510000228881836 AB 8.79070485280421 1.0591210666029167
60501.2443 lsst_hardware_z 977.4554632248337 52.08826421316835 30.950000762939453 AB 8.885931458514873 1.070594151628298
60506.211 lsst_hardware_z 753.1078779416079 52.86798650977102 30.950000762939453 AB 3.045676773759445 1.0593658343511112
60506.2315 lsst_hardware_r 843.76560727107 42.926925291401886 31.559999465942383 AB 3.110872514959964 1.0714215653381434
60508.2102 lsst_hardware_i 1078.071830253471 59.45728804315722 31.309999465942383 AB 2.170700891750054 1.0606894169313725
60508.2333 lsst_hardware_z 820.523965564659 58.78147353960483 30.959999084472656 AB 2.235434904748218 1.0796594565313777
60511.1833 lsst_hardware_z 841.8590729373806 93.97515643929101 31.0 AB 6.654113693502546 1.0603461167522814
60511.2038 lsst_hardware_r 631.28661396452 140.27266851068828 31.65999984741211 AB 6.6356315420351635 1.0614180019251127
60516.1607 lsst_hardware_r 463.43040622546675 59.85887161536481 31.6299991607666 AB 9.74789038953822 1.0648776916690212
60516.1789 lsst_hardware_z 701.4434903476586 57.27042241730932 30.959999084472656 AB 11.336545305877001 1.0588634738824685
60520.1648 lsst_hardware_r 319.74103510892326 30.074120885859426 31.510000228881836 AB 5.865319836017504 1.0590087272758877
60520.1859 lsst_hardware_u 2.496901412390285 3.3309437153235795 28.40999984741211 AB 5.148444628099409 1.0652138060517062
60529.1367 lsst_hardware_z 1040.5971602381837 66.69888142264199 31.700000762939453 AB 4.023010774268704 1.0596165340479466
60529.1556 lsst_hardware_r 411.55922092695994 39.975267164216774 32.27000045776367 AB 4.0417699712581845 1.0618539201133683
60531.1275 lsst_hardware_u 7.445600766983239 4.29781780664141 28.459999084472656 AB 4.663165740323353 1.0607747361973048
60531.1484 lsst_hardware_g 19.545521430172585 16.27697686108953 31.459999084472656 AB 4.574326704075486 1.0610825108038706
60535.0909 lsst_hardware_i 238.68050796422472 41.6141865473199 31.280000686645508 AB 3.8863053056908443 1.0834165098919004
60535.1155 lsst_hardware_r 457.9355912102709 55.42132380549719 32.349998474121094 AB 3.8941907427201747 1.0612078781115497
60535.1399 lsst_hardware_y 177.0015814137138 49.794556802869465 30.049999237060547 AB 3.212855684981818 1.0621888370879637
60539.1149 lsst_hardware_r 170.16441576454716 110.74588220348147 31.65999984741211 AB 2.7644594735352497 1.0588756003199271
60539.1405 lsst_hardware_i 168.11811458128327 91.89581077693607 31.34000015258789 AB 2.8970112246868127 1.0705550671709343
60541.101 lsst_hardware_z 685.2360120992716 129.31096726340795 31.75 AB 2.22701135286976 1.0604815966046477
60541.1208 lsst_hardware_r 279.41819067566934 192.69070606834512 32.40999984741211 AB 2.2280238740967584 1.060963749569885
60546.0857 lsst_hardware_r 172.62202659374992 26.81637912460135 31.510000228881836 AB 4.04919637039065 1.0611101599556212
60546.1056 lsst_hardware_z 325.5319124857658 45.330751274794686 30.950000762939453 AB 3.986542259880533 1.0603916105547369
60549.0735 lsst_hardware_r 151.648680943744 26.805487548859624 31.520000457763672 AB 3.7207547735326028 1.0630727924378864
60549.0913 lsst_hardware_u 4.366056415833425 3.146265765605247 28.579999923706055 AB 3.716809508697194 1.059020659710443
60555.0521 lsst_hardware_r 135.25363258600098 26.332214286880774 31.5 AB 1.5342840685012176 1.066400742659404
60555.071 lsst_hardware_i 184.98361673519335 34.3299469498059 31.25 AB 1.527439252662108 1.0588833640634732
60557.0523 lsst_hardware_z 309.2885816362821 44.62383496953069 30.950000762939453 AB 1.2534733722922835 1.0627158730752722
60557.0692 lsst_hardware_r 113.52933844654412 26.31142494532584 31.510000228881836 AB 1.2437883288914475 1.0589938943307342
60561.0263 lsst_hardware_g 30.286603468271995 16.469999313354492 31.489999771118164 AB 2.8069375392883225 1.0753176628610608
60561.0458 lsst_hardware_r -70.79177429660025 24.780000686645508 31.520000457763672 AB 2.7473770563543405 1.0606950864246858
60568.0345 lsst_hardware_z 12.994089392646531 104.0999984741211 31.739999771118164 AB 2.696770848975788 1.0589414328439817
60571.0223 lsst_hardware_r 12.97137177196658 90.5999984741211 31.649999618530273 AB 6.251357050091025 1.0595520423883094
60571.0429 lsst_hardware_i -88.7506716771858 72.54000091552734 31.329999923706055 AB 5.862639987951522 1.062874752310492
60572.9949 lsst_hardware_y -95.83437765957602 48.970001220703125 30.030000686645508 AB 3.674734404329349 1.0738034591134318
60573.0162 lsst_hardware_z -31.188043081374403 42.08000183105469 30.950000762939453 AB 4.132851499056556 1.0597055125786041
60576.9954 lsst_hardware_y 71.3132051636396 48.540000915527344 30.040000915527344 AB 4.753850138174014 1.0640565854302801
60577.0149 lsst_hardware_r -20.006745558730902 24.299999237060547 31.5 AB 4.636948860846318 1.0590268038931865
60581.9881 lsst_hardware_y 16.06140110527442 61.0 30.049999237060547 AB 8.954208078130979 1.0608308595955311
60582.0069 lsst_hardware_i 4.2026248116260385 31.719999313354492 31.239999771118164 AB 3.5306610967761194 1.0602585876204564
60583.9877 lsst_hardware_y -142.1054689859951 65.44000244140625 30.059999465942383 AB 7.6109880872694795 1.059362250298487
60584.0064 lsst_hardware_r -29.242306999737135 24.739999771118164 31.520000457763672 AB 5.283015164462719 1.062339667094856
60585.9891 lsst_hardware_y -25.004738127991956 61.59000015258789 30.059999465942383 AB 2.322031696691532 1.0589184601466284
60586.008 lsst_hardware_g 2.30692300143922 15.920000076293945 31.469999313354492 AB 2.5743313927090585 1.0669329527011364
60791.4048 lsst_hardware_u -0.19032710200631878 2.940000057220459 28.5 AB 4.289145764068415 1.0665537148000537
60791.4227 lsst_hardware_y -62.11443261338692 59.52000045776367 30.059999465942383 AB 4.716054036720688 1.0589545383901846
60793.4018 lsst_hardware_i -50.52176534091777 45.56999969482422 32.0099983215332 AB 5.356735867193991 1.0647810237920803
60793.4195 lsst_hardware_y 158.7324801841544 74.94999694824219 30.799999237060547 AB 6.3665782146020975 1.0588609958868107
60796.4012 lsst_hardware_r -9.882540065746518 24.729999542236328 31.520000457763672 AB 9.41966495469583 1.0607830352795162
60796.419 lsst_hardware_y 129.52582785937432 51.119998931884766 30.040000915527344 AB 9.642166382121678 1.0599864103909942
60799.3935 lsst_hardware_g 5.646517088766368 15.770000457763672 31.469999313354492 AB 9.493794032739421 1.0606011059141383
60799.4123 lsst_hardware_y -40.16434479170235 48.06999969482422 30.040000915527344 AB 9.454388294257182 1.0604638032891722
60801.3904 lsst_hardware_i -5.592146610594617 31.899999618530273 31.260000228881836 AB 2.8112535572068715 1.05985053994604
60801.4093 lsst_hardware_z -42.43307916724061 42.29999923706055 30.950000762939453 AB 2.817847452080113 1.0614360870440203
60807.3648 lsst_hardware_i -87.85277458539323 66.8499984741211 31.329999923706055 AB 10.4707376591355 1.0639912264135138
60807.385 lsst_hardware_z 10.849759388907428 60.83000183105469 30.979999542236328 AB 11.122974069421595 1.0591291248735093
60809.3556 lsst_hardware_r -75.66034645678845 97.98999786376953 31.649999618530273 AB 8.507848764257721 1.066603131782537
60809.376 lsst_hardware_z 54.94495797679377 68.2300033569336 30.989999771118164 AB 8.601870318904675 1.05886549410012
60811.354 lsst_hardware_y 60.18386714560841 56.56999969482422 30.049999237060547 AB 4.400184800838734 1.0639173405211262
60811.3736 lsst_hardware_r -77.47553869035603 93.51000213623047 31.649999618530273 AB 4.347998596806639 1.0590667633190916
60813.3591 lsst_hardware_i 50.34698995112087 69.30999755859375 31.329999923706055 AB 7.423701212487137 1.0594944762237535
60813.3791 lsst_hardware_z 40.920268567206264 66.18000030517578 30.989999771118164 AB 8.358462116817336 1.062696488830819
60816.3297 lsst_hardware_z -24.988294281414667 43.779998779296875 30.950000762939453 AB 7.102665695725964 1.0727481793877507
60816.3524 lsst_hardware_r -3.671147034993497 31.440000534057617 31.56999969482422 AB 7.43725720890939 1.059212021492456
60822.3294 lsst_hardware_u 1.169495619265692 2.890000104904175 28.540000915527344 AB 4.255065292875919 1.0611135393705808
60822.3491 lsst_hardware_r 21.372061772703727 24.1299991607666 31.520000457763672 AB 3.883636284770548 1.0603302561259231
60825.3198 lsst_hardware_i -7.036869233157076 44.459999084472656 32.0 AB 13.541534029724565 1.0617341284331274
60825.3434 lsst_hardware_z 86.33440807193104 59.2599983215332 31.700000762939453 AB 13.133666938693842 1.0612778326800683
60827.324 lsst_hardware_r 0.3373136436011876 24.020000457763672 31.510000228881836 AB 7.232626540677622 1.059001396946338
60827.3441 lsst_hardware_u 1.2814379633063033 2.799999952316284 28.469999313354492 AB 7.125100557540308 1.0646396051610472
60841.2474 lsst_hardware_r 34.12729883885743 93.7300033569336 31.649999618530273 AB 12.660542811183248 1.091426104412349
60841.2688 lsst_hardware_i 109.08214387417239 76.66000366210938 31.329999923706055 AB 12.561751367491917 1.0661815793152196
60845.2682 lsst_hardware_r -21.521003376588933 29.770000457763672 31.559999465942383 AB 3.682793863645786 1.0605088875924062
60845.2901 lsst_hardware_z -26.906437927816505 43.540000915527344 30.959999084472656 AB 3.67619967562991 1.0618716567388533
60853.2042 lsst_hardware_u 1.239217237247333 3.9200000762939453 29.18000030517578 AB 8.274678201993511 1.1108441672699036
60853.2265 lsst_hardware_g 11.438276217910932 21.440000534057617 32.20000076293945 AB 7.775656332197549 1.0751241644740432
60859.2111 lsst_hardware_g -8.675984228401633 19.530000686645508 31.540000915527344 AB 7.201955571000482 1.0740370697189427
60859.2348 lsst_hardware_r -4.601356812524136 24.270000457763672 31.510000228881836 AB 7.139730059059163 1.0592547439383555
60862.2117 lsst_hardware_i 48.116764583518524 47.790000915527344 31.309999465942383 AB 4.635370096358332 1.0660107542410882
60862.2335 lsst_hardware_z 92.70148568471845 50.0 30.969999313354492 AB 4.635178970768447 1.0589853714344177
60864.2131 lsst_hardware_r -65.77142012284499 84.0999984741211 31.649999618530273 AB 1.672673809398076 1.0618465700035398
60864.2346 lsst_hardware_z -2.491036156943911 62.470001220703125 30.979999542236328 AB 1.6822293993454145 1.0603956921860047
60869.1977 lsst_hardware_z 104.4624915668168 77.69999694824219 30.989999771118164 AB 6.53007318437329 1.0627365323452835
60869.2174 lsst_hardware_r 43.28170089360637 109.77999877929688 31.65999984741211 AB 7.224617132934517 1.05943158660688
60871.2078 lsst_hardware_y 73.48436908377688 71.83999633789062 30.790000915527344 AB 6.777012768172773 1.0589082450269958
60876.1659 lsst_hardware_g 45.63110557169671 15.619999885559082 31.459999084472656 AB 3.432790920987833 1.0727471628086978
60876.189 lsst_hardware_r 5.8233501485309365 24.6299991607666 31.520000457763672 AB 3.635392303860624 1.0591606207227224
60878.1737 lsst_hardware_i 6.275406535281609 31.899999618530273 31.25 AB 5.762286241947165 1.0624336995784829
60878.1956 lsst_hardware_z 50.917265500725954 42.11000061035156 30.950000762939453 AB 5.727263229308259 1.0601462138535682
60880.1611 lsst_hardware_r -17.785007428601272 24.719999313354492 31.520000457763672 AB 6.616212367558404 1.067131027025549
60880.1811 lsst_hardware_u -1.460846906862265 2.9000000953674316 28.530000686645508 AB 5.826467653809541 1.0588924842980278
60882.1599 lsst_hardware_g 19.163609421988493 15.460000038146973 31.459999084472656 AB 9.698742185543695 1.0640905712139368
60882.1803 lsst_hardware_i 7.700153457645354 31.81999969482422 31.260000228881836 AB 11.347682593125603 1.0591535239797711
60885.1618 lsst_hardware_z 20.879312183705373 42.290000915527344 30.950000762939453 AB 4.412842583106229 1.0596756383029444
60885.1812 lsst_hardware_r 41.71593819095476 24.510000228881836 31.520000457763672 AB 4.417155447162461 1.0620289594459935
60887.1287 lsst_hardware_r 23.146426079900515 26.329999923706055 31.520000457763672 AB 4.000593876355462 1.081241588204179
60887.1496 lsst_hardware_y -7.856435988696267 47.470001220703125 30.030000686645508 AB 3.9301123148429093 1.0621925175251106
60889.1324 lsst_hardware_g 43.13927769222417 32.45000076293945 31.65999984741211 AB 1.9510937160173183 1.0707548061926195
60889.1531 lsst_hardware_r 9.94827634222509 35.439998626708984 31.59000015258789 AB 1.9576231516541955 1.0592243583664147
60895.1394 lsst_hardware_z -81.67346835096801 103.77999877929688 31.0 AB 4.105817482178054 1.0589281676869122
60895.1598 lsst_hardware_i -112.97154519646504 130.13999938964844 31.34000015258789 AB 4.069842945672876 1.0655898792999328
60898.1295 lsst_hardware_z -36.07013143372021 64.7699966430664 30.989999771118164 AB 8.708863001131144 1.0590858568808397
60898.1496 lsst_hardware_r 75.42823330718534 90.77999877929688 31.649999618530273 AB 8.740413345416718 1.0642276915935327
60900.1243 lsst_hardware_y 14.76533887704827 69.66000366210938 30.799999237060547 AB 2.643930036771479 1.0590546912763785
60900.1454 lsst_hardware_g -59.18627103446859 73.77999877929688 32.459999084472656 AB 3.5179079716730617 1.0650644782540302
60903.094 lsst_hardware_g -21.757961449243215 15.239999771118164 31.459999084472656 AB 5.498657301646492 1.0709236150835078
60903.1132 lsst_hardware_r 26.595935572525097 24.139999389648438 31.520000457763672 AB 5.4319525036613205 1.059548602794796
60905.1067 lsst_hardware_i 16.970973401057023 31.40999984741211 31.25 AB 2.7825123054584546 1.0598028205897752
60905.1285 lsst_hardware_z -30.72578782652396 41.959999084472656 30.950000762939453 AB 2.882064140996484 1.0630346619523516
60911.0961 lsst_hardware_z 1.9936937097750735 41.90999984741211 30.950000762939453 AB 3.061569247793853 1.0589085163143461
60911.1167 lsst_hardware_r 10.43163853012004 24.040000915527344 31.510000228881836 AB 2.9608663982327625 1.066018505214316
60935.0152 lsst_hardware_z 18.570846634881615 42.0 30.950000762939453 AB 1.826766018690713 1.0640838903105945
60935.0332 lsst_hardware_r -21.856068712230066 24.260000228881836 31.510000228881836 AB 1.766279089732731 1.0589203175849788
60938.9944 lsst_hardware_y -19.892088896389772 48.20000076293945 30.030000686645508 AB 3.6584011188894268 1.0722160371891638
60939.0135 lsst_hardware_r 13.448942064454698 24.34000015258789 31.510000228881836 AB 4.1336149470728065 1.059901268480207
60943.9963 lsst_hardware_z 23.19268172822572 43.27000045776367 30.950000762939453 AB 3.23643248091934 1.0611254035802915
60944.0154 lsst_hardware_g -21.231166531885624 16.219999313354492 31.469999313354492 AB 3.4870184637746378 1.0601525605598088
60945.9863 lsst_hardware_y -243.3092338567 67.12999725341797 30.059999465942383 AB 4.562661496228401 1.0633922070140518
60946.0054 lsst_hardware_i -43.05679805118162 33.79999923706055 31.270000457763672 AB 5.0135920761954536 1.0591350065900782
60948.9876 lsst_hardware_y -21.07528087468995 68.93000030517578 30.059999465942383 AB 3.191359431048902 1.0595482838820154
60949.0074 lsst_hardware_r 38.35024426280314 60.95000076293945 31.6299991607666 AB 6.469562458018131 1.0625145345534588
