data/validation/pwv_sim_epoch_fit_seasonal/59168358.ecsv
# %ECSV 0.9
# ---
# datatype:
# - {name: time, datatype: float64}
# - {name: band, datatype: string}
# - {name: flux, datatype: float64}
# - {name: fluxerr, datatype: float64}
# - {name: zp, datatype: float64}
# - {name: zpsys, datatype: string}
# - {name: pwv, datatype: float64}
# - {name: airmass, datatype: float64}
# meta: {SNID: '59168358', alt: 1024.0, c: 0.031985968351364136, dec: -45.783966, lat: -30.244573, lon: -70.7499537, ra: 240.063553, t0: 61154.41015625,
#   x0: 4.849853785201238e-05, x1: 0.25837472081184387, z: 0.23344877362251282}
# schema: astropy-2.0
time band flux fluxerr zp zpsys pwv airmass
[from data line 134]
61534.2327 lsst_hardware_u 0.8478719572718274 2.7699999809265137 28.489999771118164 AB 8.697778666074278 1.0383857532994407
61536.2205 lsst_hardware_g 1.454371766439914 14.399999618530273 31.450000762939453 AB 7.801560991218545 1.0393189370718667
61536.2319 lsst_hardware_r 9.10397804769691 23.15999984741211 31.510000228881836 AB 7.794424766788175 1.038425894855872
61540.222 lsst_hardware_i -30.6019368095768 40.119998931884766 31.290000915527344 AB 6.743393950590865 1.0385103620006466
61540.2338 lsst_hardware_r -73.10776489769303 37.88999938964844 31.600000381469727 AB 6.706794655791349 1.0414277415825075
61542.2201 lsst_hardware_z 47.93843209465867 78.05000305175781 31.729999542236328 AB 7.192731192098758 1.0390116321406453
61544.1975 lsst_hardware_r -115.03783318789951 120.06999969482422 31.65999984741211 AB 8.731938837613855 1.0395990361473688
61544.2095 lsst_hardware_i -239.39203007852885 94.87999725341797 31.34000015258789 AB 8.217153856611159 1.0383934949382256
61546.2219 lsst_hardware_z -90.63788337828213 212.5800018310547 32.95000076293945 AB 7.161092674260883 1.0434854295115494
61550.1948 lsst_hardware_i -10.111776066493766 50.560001373291016 31.31999969482422 AB 6.581635168491601 1.038522314554862
61550.2073 lsst_hardware_r -60.32068258546676 58.130001068115234 31.639999389648438 AB 6.602150759899243 1.0417594887414723
61552.1921 lsst_hardware_z 48.588705532895624 44.5 30.959999084472656 AB 5.201982233286349 1.0388900560759595
61552.2056 lsst_hardware_g -33.06928401203754 35.189998626708984 31.68000030517578 AB 5.150947921737126 1.043529368102932
61558.0965 lsst_hardware_i -16.145336985445297 31.520000457763672 31.239999771118164 AB 10.60333008178502 1.1097443765441113
61558.1101 lsst_hardware_z -25.472952482828518 42.060001373291016 30.950000762939453 AB 10.365696043303522 1.0847316914298193
61563.1368 lsst_hardware_r 30.664733032731533 23.209999084472656 31.510000228881836 AB 5.564394733831695 1.04286775794934
61563.1498 lsst_hardware_i -1.6165076047622713 30.8700008392334 31.260000228881836 AB 5.521369221039973 1.0387625525598845
61572.1874 lsst_hardware_z -47.03843976047909 108.1500015258789 31.739999771118164 AB 8.499621812456748 1.080586315666857
61574.1971 lsst_hardware_r -32.30870021885646 143.6999969482422 31.639999389648438 AB 6.438976345947617 1.1075744470761304
61574.2097 lsst_hardware_i 25.922552254810906 114.9800033569336 31.31999969482422 AB 6.133802566153852 1.1358893641025651
61576.184 lsst_hardware_z -116.1526024517827 76.0999984741211 30.989999771118164 AB 3.120400570984119 1.0930556339378648
61576.1957 lsst_hardware_r 67.46959970275108 112.12999725341797 31.639999389648438 AB 3.1741567766784926 1.1160888806886402
61578.1123 lsst_hardware_z -19.843435603205346 54.220001220703125 30.979999542236328 AB 2.677886450340493 1.0384100498961388
61578.1283 lsst_hardware_i -10.799437759963764 79.70999908447266 32.06999969482422 AB 2.710788063454554 1.0407760921917981
61578.1434 lsst_hardware_z -7.883609155848286 54.61000061035156 30.979999542236328 AB 2.7507253719441196 1.0491276885017142
61580.1149 lsst_hardware_u 3.1367414162784706 6.119999885559082 29.010000228881836 AB 3.9250179369517704 1.0387767465798274
61580.1264 lsst_hardware_g 22.104113354501592 37.959999084472656 31.690000534057617 AB 3.8422632205433724 1.0422052135289437
61582.1099 lsst_hardware_r 13.138485531292993 22.989999771118164 31.510000228881836 AB 5.040580325630408 1.038848671662772
61582.1242 lsst_hardware_i -1.2342799531137887 30.639999389648438 31.25 AB 5.145088603592089 1.0438049576180062
61585.1072 lsst_hardware_z 14.553409873633374 41.15999984741211 30.950000762939453 AB 4.062376566414355 1.0401237261451792
61585.1195 lsst_hardware_u 1.144598266043168 2.7200000286102295 28.459999084472656 AB 4.125444356824771 1.0458283818213887
61587.1015 lsst_hardware_g 6.8929784655636706 14.029999732971191 31.420000076293945 AB 8.874072025130134 1.0400521965617475
61587.1136 lsst_hardware_r 4.1829838213114625 22.850000381469727 31.5 AB 8.98307247431214 1.045556447058639
61589.1024 lsst_hardware_i 16.46946242254025 30.489999771118164 31.25 AB 6.731215457234378 1.0424679351455155
61589.114 lsst_hardware_z -3.5018113569065705 41.27000045776367 30.950000762939453 AB 6.751465020507669 1.0496136737069834
61591.0473 lsst_hardware_i -18.464609913920743 30.59000015258789 31.25 AB 4.458538761015161 1.051459498706533
61591.06 lsst_hardware_z 10.072171426525525 41.220001220703125 30.950000762939453 AB 4.382171785136162 1.0430431097595056
61598.0903 lsst_hardware_z 40.880987100283484 70.1500015258789 31.719999313354492 AB 7.449776915730004 1.0502998612336112
61607.0082 lsst_hardware_i -39.60189297684762 44.2400016784668 31.299999237060547 AB 5.8530002168311155 1.047923170833931
61607.0188 lsst_hardware_z 93.86843584965345 49.16999816894531 30.969999313354492 AB 5.825242271068589 1.0418963103324252
61608.027 lsst_hardware_r 15.244288617763429 22.729999542236328 31.5 AB 6.21351325830344 1.0387595305048938
61608.039 lsst_hardware_u -0.7392300521746006 3.1600000858306885 28.56999969482422 AB 6.249221595916789 1.0388676200180298
61611.0234 lsst_hardware_g -39.08769301165971 14.0600004196167 31.43000030517578 AB 5.353280723484059 1.0383630537259352
61611.035 lsst_hardware_r 36.23992641063964 22.799999237060547 31.5 AB 5.405472588019988 1.039780569637084
61612.0199 lsst_hardware_i -22.218879176212802 30.350000381469727 31.25 AB 9.530185628957387 1.0383916642225712
61612.0323 lsst_hardware_z 32.64872967720752 40.9900016784668 30.950000762939453 AB 9.52273364368017 1.0397889328859147
61617.0233 lsst_hardware_r 7.046866249105994 22.809999465942383 31.5 AB 3.345562563778876 1.0413392152451564
61617.0337 lsst_hardware_g -5.005735176832811 14.010000228881836 31.43000030517578 AB 3.4119543870739375 1.0468526155017066
61619.0116 lsst_hardware_u -2.6173339805215763 2.759999990463257 28.489999771118164 AB 2.7819260661074856 1.0393895259135009
61619.0246 lsst_hardware_r 0.7045473677352858 22.920000076293945 31.5 AB 2.779940260908156 1.0445994404539805
61622.0075 lsst_hardware_i -11.227815156954781 30.5 31.239999771118164 AB 0.7394876011539886 1.0405547858639614
61622.0193 lsst_hardware_z -6.719277240596371 41.11000061035156 30.940000534057617 AB 0.864295065714023 1.0463620650290837
61624.0083 lsst_hardware_r 25.093383336706356 25.1200008392334 31.520000457763672 AB 3.724676794110573 1.043180729340589
61624.0202 lsst_hardware_u -4.233603477370477 3.369999885559082 28.56999969482422 AB 3.733765684091558 1.0510248231081092
61626.005 lsst_hardware_g 46.85788357556975 35.459999084472656 31.68000030517578 AB 5.847527265563635 1.0443256219008754
61626.0168 lsst_hardware_r 82.1546641302106 39.709999084472656 31.610000610351562 AB 5.864456518446307 1.0527702214247028
61627.0014 lsst_hardware_i -59.866647497020644 50.16999816894531 31.31999969482422 AB 3.458623844183962 1.043850254783892
61627.0129 lsst_hardware_z 32.190311752866464 52.08000183105469 30.979999542236328 AB 3.3993070632349114 1.0517657992682274
61629.0085 lsst_hardware_r -6.674419290776116 71.7300033569336 31.649999618530273 AB 2.388521401907937 1.0526758051599545
61629.0214 lsst_hardware_z -18.106997168012743 57.099998474121094 30.979999542236328 AB 2.524847830915607 1.0662364150826042
61631.0045 lsst_hardware_r 16.143255247321974 81.05000305175781 31.65999984741211 AB 3.3158188427588233 1.053979288861673
61631.0154 lsst_hardware_i 70.71505387197547 66.68000030517578 31.329999923706055 AB 3.3370289929865526 1.0655760488514803
