data/validation/pwv_sim_epoch_fit_seasonal/5919261.ecsv
# %ECSV 0.9
# ---
# datatype:
# - {name: time, datatype: float64}
# - {name: band, datatype: string}
# - {name: flux, datatype: float64}
# - {name: fluxerr, datatype: float64}
# - {name: zp, datatype: float64}
# - {name: zpsys, datatype: string}
# - {name: pwv, datatype: float64}
# - {name: airmass, datatype: float64}
# meta: {SNID: '5919261', alt: 1024.0, c: -0.03956787660717964, dec: -3.732834, lat: -30.244573, lon: -70.7499537, ra: 340.664062, t0: 62287.5625,
#   x0: 4.473948844596311e-06, x1: 0.9058350324630737, z: 0.6417807340621948}
# schema: astropy-2.0
time band flux fluxerr zp zpsys pwv airmass
62301.4119 lsst_hardware_u 5.267181803972365 2.825476022352614 28.420000076293945 AB 13.876727427914496 1.1190909216060076
62301.4309 lsst_hardware_y 257.0391657631374 52.399234678495695 30.020000457763672 AB 14.22190678973998 1.125662923382075
62303.4064 lsst_hardware_r 936.9592439873752 38.86716969883575 31.510000228881836 AB 7.83366175230219 1.1190945360431699
62303.4256 lsst_hardware_y 261.1368905494471 51.33731503291151 30.020000457763672 AB 7.853765424471116 1.1257861206910338
62305.3728 lsst_hardware_i 840.1877342746709 43.5404425016688 31.239999771118164 AB 5.038494313043662 1.1381497987034739
62305.3929 lsst_hardware_z 754.5630641888382 50.67869235828742 30.940000534057617 AB 5.2320960736080835 1.1210033010159226
62309.3785 lsst_hardware_r 602.9982729151212 34.91187731150106 31.5 AB 2.3576609436541274 1.1226956874543463
62309.3986 lsst_hardware_i 717.4331522512706 42.09351807340518 31.25 AB 2.352254491436424 1.120121186398297
62311.3741 lsst_hardware_z 493.21283486126026 58.76935776040957 30.959999084472656 AB 3.8240192871921863 1.122126264153818
62311.3931 lsst_hardware_i 699.6580139073407 55.82816968422902 31.290000915527344 AB 4.3422015379611905 1.1201104592861753
62313.3863 lsst_hardware_z 1312.2142080286762 98.00672649299469 31.729999542236328 AB 6.0466283518127595 1.119745991076437
62318.3451 lsst_hardware_r 1003.1388239314356 126.2755183782782 32.38999938964844 AB 9.756245675334709 1.129369386711058
62318.365 lsst_hardware_i 1072.164935582794 109.93398942296403 32.06999969482422 AB 9.626806079835225 1.119135791657199
62324.3613 lsst_hardware_r 186.48778707752527 28.93624642383919 31.510000228881836 AB 1.773505516576103 1.121525410988334
62324.3805 lsst_hardware_g 14.902202872995838 16.791167339899193 31.450000762939453 AB 1.6503816681810914 1.1385214152444982
62329.3328 lsst_hardware_z 306.9389294197355 46.45341604149861 30.940000534057617 AB 8.652682683058844 1.1194242056677601
62329.3531 lsst_hardware_i 256.6125353625605 35.848494862149536 31.239999771118164 AB 8.951587503641397 1.1246890382546724
62331.3235 lsst_hardware_u 0.20724578599178003 2.8659724096114827 28.389999389648438 AB 6.792553684469278 1.1204212263041535
62331.3453 lsst_hardware_g 23.706106700237203 15.800036600724114 31.440000534057617 AB 6.402094117299315 1.1231744065437395
62333.291 lsst_hardware_g 24.03936704743658 15.658578452892014 31.440000534057617 AB 3.742885058345884 1.1458396015141235
62333.3137 lsst_hardware_r 121.47248946673467 26.962088290150124 31.5 AB 3.186622077408916 1.1223134811254694
62335.2931 lsst_hardware_i 184.57923877927445 35.15702851025955 31.229999542236328 AB 2.0437159737921164 1.1353977632178425
62335.3161 lsst_hardware_z 275.87058354146853 46.08366419905996 30.940000534057617 AB 2.0150733123790583 1.1194851735439213
62349.2865 lsst_hardware_z 255.72495402109195 49.937174945702 30.959999084472656 AB 4.945227194544141 1.1194417448176472
62350.2316 lsst_hardware_r 58.26572819352395 32.020015685131206 31.540000915527344 AB 2.097751038527736 1.1702934664031999
62350.25 lsst_hardware_z 242.95554129672175 47.28867123213449 30.950000762939453 AB 1.7071464334312463 1.1380976222874974
62353.2191 lsst_hardware_g 9.899716222142258 15.3293605814571 31.40999984741211 AB 1.2585394772055525 1.1803418309079037
62353.2382 lsst_hardware_r 106.41394165685838 26.032558133951618 31.489999771118164 AB 1.1888361505064817 1.1431116831793093
62355.2313 lsst_hardware_i 57.78451590545288 34.321435143720834 31.25 AB 3.6442934883373157 1.1452839372524561
62355.2504 lsst_hardware_z 102.75988593999111 44.92233662425573 30.940000534057617 AB 4.739341645225049 1.1242656019985884
62357.2538 lsst_hardware_r 65.43034982524865 25.877273291248205 31.5 AB 3.6490506036583494 1.1200278095943368
62357.2717 lsst_hardware_g -0.43961066622380157 15.421879470698928 31.43000030517578 AB 3.7568211027272937 1.121773993050849
62361.242 lsst_hardware_r 130.30962953559234 36.78318913128936 32.27000045776367 AB 3.9468076406655657 1.1202973717472182
62361.262 lsst_hardware_i 53.96913193433768 33.97351024195899 31.25 AB 3.81614902027756 1.1223967706698705
62363.2423 lsst_hardware_z 162.17996316837392 44.72847070776982 30.950000762939453 AB 4.86043180805214 1.1191415629869077
62363.2622 lsst_hardware_i 83.89024126514366 34.160176325402716 31.25 AB 5.292814672114147 1.1261307813008823
62368.1888 lsst_hardware_y 174.1320583845848 74.4076505092474 30.760000228881836 AB 2.5101719678449266 1.1572945909842907
62368.2091 lsst_hardware_r 76.31727077888262 88.15095861194555 32.369998931884766 AB 2.0243257064456124 1.128911073396568
62370.2156 lsst_hardware_i -32.40577162611326 88.58000183105469 31.329999923706055 AB 2.214934446908886 1.1209655165495607
62370.2355 lsst_hardware_z 101.89866285769298 76.91000366210938 30.989999771118164 AB 2.236446758106866 1.1214475407330404
62373.1782 lsst_hardware_r 229.726797096599 164.82000732421875 31.639999389648438 AB 4.425867429734294 1.151769803018987
62373.2052 lsst_hardware_i 110.2157329270115 134.1199951171875 31.329999923706055 AB 4.3371342816329195 1.1219628218417486
62377.1831 lsst_hardware_z -117.32737053123827 73.94000244140625 31.709999084472656 AB 6.075931902788855 1.1302832690012907
62377.2012 lsst_hardware_i 34.53336596992519 70.9800033569336 32.040000915527344 AB 6.023053854733628 1.119544079939335
62379.1441 lsst_hardware_r 63.696479561026536 25.270000457763672 31.489999771118164 AB 5.560231840388955 1.1906278030811466
62379.1613 lsst_hardware_u 0.7713639675939488 2.7300000190734863 28.350000381469727 AB 5.374546011066395 1.1526764393193585
62384.16 lsst_hardware_i 34.920323465519026 32.619998931884766 31.25 AB 1.5929816394293645 1.1346023072858722
62384.1792 lsst_hardware_z 42.17831320013507 42.939998626708984 30.940000534057617 AB 2.4097738139922864 1.1203039581554097
62386.165 lsst_hardware_r 36.6479528814288 25.049999237060547 31.510000228881836 AB 2.2529674048430692 1.1247965076600446
62386.184 lsst_hardware_g 15.056989231059688 15.859999656677246 31.459999084472656 AB 2.5636045467106734 1.1192335938487987
62388.1574 lsst_hardware_r 68.38003190525102 25.0 31.489999771118164 AB 3.729619942854077 1.1264047344587351
62388.1742 lsst_hardware_i -7.0063253886357515 32.54999923706055 31.239999771118164 AB 3.6064133347371783 1.1191352473969995
62391.1355 lsst_hardware_i -8.501729919685081 32.689998626708984 31.25 AB 3.9758971307549267 1.1415970513975815
62391.1546 lsst_hardware_z -65.92246954331375 43.150001525878906 30.950000762939453 AB 3.8849512555966466 1.122737159337229
62394.1308 lsst_hardware_r 5.504336155196453 33.43000030517578 31.559999465942383 AB 1.5827703886196365 1.1369115685042988
62394.1493 lsst_hardware_z -4.667122937688215 44.7599983215332 30.950000762939453 AB 1.5337427785580833 1.1212936117155956
62397.1153 lsst_hardware_y -1.6037041570255983 53.77000045776367 30.030000686645508 AB 1.721073453366615 1.14738230224441
62397.1322 lsst_hardware_r 6.225286055653945 73.69000244140625 31.639999389648438 AB 2.5855194842164653 1.1269153643250611
62402.1136 lsst_hardware_z -44.719430592208774 93.0199966430664 30.989999771118164 AB 1.4710180710793601 1.1315523623687385
62402.1358 lsst_hardware_r 146.23497898373867 137.6300048828125 31.639999389648438 AB 1.4739197015519843 1.1191493557725494
62405.1068 lsst_hardware_i 23.275948764521733 50.970001220703125 31.299999237060547 AB 4.187724346110921 1.1301374567834086
62405.1256 lsst_hardware_z -64.44244990216431 54.13999938964844 30.959999084472656 AB 3.245117893270506 1.1193921673923788
62408.0962 lsst_hardware_r 6.705933405616281 24.65999984741211 31.489999771118164 AB 4.213147589823508 1.1326426748635325
62412.0992 lsst_hardware_i 6.151970942602109 32.25 31.239999771118164 AB 4.0419669935265885 1.121729970451412
62412.1186 lsst_hardware_z 3.7235906756128343 42.84000015258789 30.940000534057617 AB 3.932768809237818 1.1205533695236818
62415.0695 lsst_hardware_z 28.92245842670884 43.2400016784668 30.940000534057617 AB 4.315124284007001 1.1422723773070682
62415.088 lsst_hardware_r -12.67578829265783 24.479999542236328 31.5 AB 3.8346055887677273 1.123364754289652
62417.0709 lsst_hardware_u 1.259276882549581 2.6600000858306885 28.329999923706055 AB 6.112122579406497 1.133448786167176
62417.0902 lsst_hardware_r -5.636642070046124 24.350000381469727 31.489999771118164 AB 10.592426047552276 1.119973148745525
62419.0674 lsst_hardware_i 4.255372829833428 32.18000030517578 31.239999771118164 AB 2.7379951692538453 1.1313250475534102
62419.0841 lsst_hardware_z 13.471055180000986 42.849998474121094 30.940000534057617 AB 3.569200191974984 1.120159072698426
62421.0674 lsst_hardware_r -0.6547920939213145 25.6299991607666 31.510000228881836 AB 6.026297033707576 1.126322940650898
62421.0867 lsst_hardware_u 1.3617375376539356 3.119999885559082 28.5 AB 6.461862881292026 1.1190987815774904
62426.039 lsst_hardware_r 14.945411486711468 84.29000091552734 31.6299991607666 AB 8.076269683496784 1.142949220486877
62426.0575 lsst_hardware_i -9.868176149213097 72.04000091552734 31.31999969482422 AB 7.3067356491982665 1.1236521912853599
62428.0398 lsst_hardware_z 56.11231420864129 85.25 30.989999771118164 AB 4.605644428852669 1.1346746560365693
62428.0577 lsst_hardware_r 48.359346877276025 119.69999694824219 31.639999389648438 AB 4.25011674260114 1.1207867467578303
62430.0399 lsst_hardware_z -28.589928209154856 80.08999633789062 30.989999771118164 AB 3.7494283526350833 1.1288358731401726
62430.0567 lsst_hardware_r 93.03552543950396 116.58000183105469 31.639999389648438 AB 3.2135384225776518 1.1195047631348873
62431.0124 lsst_hardware_i 104.06012743698108 86.58999633789062 31.309999465942383 AB 4.870837545002818 1.1660625332170274
62434.0351 lsst_hardware_r -58.8885598369905 24.579999923706055 31.510000228881836 AB 4.067408979871843 1.1240076399793226
62434.0536 lsst_hardware_u 3.532649163212832 3.7899999618530273 28.649999618530273 AB 4.2550005613955895 1.119319699602058
62436.0343 lsst_hardware_g -17.747739310777373 15.350000381469727 31.440000534057617 AB 4.805254683546637 1.1214348043050164
62436.0533 lsst_hardware_r -11.34603862343035 24.530000686645508 31.5 AB 3.254979508477136 1.1206356075663646
62656.4172 lsst_hardware_g -22.08229473433948 16.700000762939453 31.469999313354492 AB 12.667415615967842 1.1317265805385264
62656.4371 lsst_hardware_y 221.16186170842624 61.09000015258789 30.040000915527344 AB 12.509294351870569 1.1194834232414559
62673.3724 lsst_hardware_z -25.029696848794227 62.290000915527344 30.969999313354492 AB 3.8070036834209784 1.1300938577873034
62673.4009 lsst_hardware_i -114.83826308896828 64.48999786376953 31.309999465942383 AB 3.407921189494546 1.1198601860434076
62679.3524 lsst_hardware_r -5.348887408152909 24.760000228881836 31.489999771118164 AB 8.164434750598563 1.133949270916467
62679.374 lsst_hardware_i 24.261101232074328 32.45000076293945 31.239999771118164 AB 8.06078825520421 1.119553924333918
62681.3704 lsst_hardware_z -21.9455743220021 42.93000030517578 30.940000534057617 AB 2.3538130573505636 1.1192644114838628
62681.3929 lsst_hardware_u -2.0914354139981075 2.759999990463257 28.389999389648438 AB 2.6313234728157675 1.1275489813523287
62683.3717 lsst_hardware_g -36.31525138549948 15.510000228881836 31.43000030517578 AB 9.68294392184418 1.119458621354678
62683.3915 lsst_hardware_r -24.094794351446918 24.700000762939453 31.489999771118164 AB 10.974631986308651 1.1314053594132631
62687.3352 lsst_hardware_r 3.911804974843938 24.709999084472656 31.489999771118164 AB 5.153683790824942 1.12912081884726
62687.3555 lsst_hardware_i 35.640392278667676 32.369998931884766 31.239999771118164 AB 5.116344910453391 1.1191421605074863
62689.3398 lsst_hardware_z 24.191254143386807 42.56999969482422 30.940000534057617 AB 1.7491003867519124 1.1219373872687803
62689.3613 lsst_hardware_i 43.583322031422746 32.02000045776367 31.239999771118164 AB 1.7730992553876286 1.1212685004559935
62703.2567 lsst_hardware_r 13.77131467204835 49.529998779296875 31.59000015258789 AB 5.720476609736174 1.1907736489875467
62703.2795 lsst_hardware_z 32.54023722151029 50.470001220703125 30.959999084472656 AB 5.471366675767984 1.143680325202338
62705.142 lsst_hardware_r -13.230106416860357 25.940000534057617 31.270000457763672 AB 12.46305156679605 2.148801994275181
62705.165 lsst_hardware_i -0.3860113223721852 35.939998626708984 31.139999389648438 AB 10.203965563205497 1.7593044074492237
62708.2806 lsst_hardware_z -82.86894573708535 60.29999923706055 31.68000030517578 AB 11.84500951654638 1.1267369062603572
62708.3052 lsst_hardware_i 18.28105007183325 45.13999938964844 31.989999771118164 AB 9.5888214800645 1.119840565252005
62712.265 lsst_hardware_r -23.827730997095173 24.3700008392334 31.479999542236328 AB 4.977707804161389 1.1310401736335804
62712.2855 lsst_hardware_i 10.162438718225555 32.099998474121094 31.239999771118164 AB 4.931405390961445 1.1193112162427385
62721.2308 lsst_hardware_r -92.82107749410122 38.560001373291016 31.579999923706055 AB 3.543395570517286 1.1430308291991245
62721.2526 lsst_hardware_g 17.18315434698675 28.670000076293945 31.6200008392334 AB 3.440774347565091 1.121869692717669
62724.2263 lsst_hardware_r -93.51785352408741 80.72000122070312 31.6299991607666 AB 7.329781284107956 1.1379291995613676
62724.2461 lsst_hardware_i 31.124778078064658 65.7300033569336 31.309999465942383 AB 7.182952778313754 1.1211101573768931
62734.2084 lsst_hardware_g -6.6347189735578525 15.569999694824219 31.43000030517578 AB 1.5718258245092116 1.1277674077200324
62734.2274 lsst_hardware_r 20.99709932374986 26.020000457763672 31.510000228881836 AB 1.6185702342220087 1.1191496865839299
62737.2052 lsst_hardware_i 10.045889161743073 32.5 31.25 AB 3.3623017291441157 1.1239830835370472
62737.2246 lsst_hardware_z 57.80902739732349 42.9900016784668 30.950000762939453 AB 2.8818808554279456 1.1195393417007233
62739.1859 lsst_hardware_r -1.2707637836660648 25.15999984741211 31.510000228881836 AB 2.4640758473875537 1.13722203640824
62739.2042 lsst_hardware_g 11.09790351958818 15.869999885559082 31.459999084472656 AB 2.437633366103673 1.1215244380509193
62741.1871 lsst_hardware_r 10.543406411081763 24.93000030517578 31.489999771118164 AB 4.858041612405285 1.1297771191640198
62741.2033 lsst_hardware_i 82.42903989680785 32.47999954223633 31.239999771118164 AB 4.815578089125566 1.119901881191992
62745.1797 lsst_hardware_u 1.4570942976490053 2.819999933242798 28.43000030517578 AB 1.7136354395310074 1.1266505190872498
62746.0979 lsst_hardware_g -3.9247691678946763 22.780000686645508 32.130001068115234 AB 3.968168413245482 1.3602816933938693
62746.1141 lsst_hardware_r 11.248369824206911 25.559999465942383 31.479999542236328 AB 3.7165270040120335 1.2784017671313537
62750.1699 lsst_hardware_r -55.87983246566976 41.310001373291016 31.59000015258789 AB 0.74933388560899 1.123860345869728
62750.1903 lsst_hardware_z 80.4231386209336 47.11000061035156 30.950000762939453 AB 0.6979132259674822 1.1197965920055872
62752.1645 lsst_hardware_r -153.0343935122901 72.81999969482422 31.639999389648438 AB 3.0017285088420596 1.1238219800981128
62752.1848 lsst_hardware_i 2.100494961610679 61.189998626708984 31.309999465942383 AB 2.8437007250150628 1.1197876452116806
62756.1318 lsst_hardware_r 159.5697692335871 163.64999389648438 31.639999389648438 AB 3.965058104315594 1.1483768313128937
62756.1496 lsst_hardware_z -8.347701159829738 109.37999725341797 30.989999771118164 AB 3.899810917158014 1.1267059348957786
62759.1278 lsst_hardware_g 61.31082215675773 68.69000244140625 31.690000534057617 AB 1.540296611318865 1.1419473208838737
62759.1467 lsst_hardware_r 50.39875375373175 69.66999816894531 31.6299991607666 AB 1.516455648864532 1.1230231909637851
62761.1313 lsst_hardware_i 49.27658372602453 32.54999923706055 31.25 AB 0.6469118709155671 1.1309648092913127
62761.1491 lsst_hardware_z 0.7241067575084961 46.060001373291016 30.950000762939453 AB 0.6300758619698782 1.1198030722213475
62763.1407 lsst_hardware_r -34.31716476924468 24.850000381469727 31.5 AB 8.341331748231388 1.1206948472701046
62763.1605 lsst_hardware_g 8.125509029357836 15.609999656677246 31.440000534057617 AB 8.321102156976291 1.121858122211863
62766.1059 lsst_hardware_u -0.5471686805341813 2.809999942779541 28.420000076293945 AB 3.731990400945844 1.1461300304895872
62766.1254 lsst_hardware_r 24.735649249832907 24.75 31.5 AB 3.8043982757691306 1.1243973033158703
62770.1637 lsst_hardware_g 18.135183062842117 15.460000038146973 31.43000030517578 AB 3.294348673958875 1.143738690183616
62770.1854 lsst_hardware_r -14.279341772856359 24.84000015258789 31.489999771118164 AB 4.018652220128755 1.1879545411032433
62773.1024 lsst_hardware_i -24.233300866585264 32.2599983215332 31.25 AB 4.183337885077675 1.1273564333565116
62773.1218 lsst_hardware_z 20.798628295226752 42.86000061035156 30.940000534057617 AB 4.157670861556768 1.1191325977138515
62775.0999 lsst_hardware_r -0.683832545166936 24.579999923706055 31.5 AB 7.113451600417569 1.1250417693150596
62775.1193 lsst_hardware_g 5.425583447658258 15.34000015258789 31.440000534057617 AB 7.086874710768514 1.119304226607994
62782.0733 lsst_hardware_y 138.9028144288455 111.54000091552734 31.229999542236328 AB 5.294422323820032 1.1316495295116025
62782.0987 lsst_hardware_r -128.28805375057638 203.55999755859375 32.84000015258789 AB 10.177650354479656 1.1191712798276858
62784.0714 lsst_hardware_i 11.148890277536967 113.66999816894531 31.329999923706055 AB 2.7708461587270614 1.1281946900354485
62784.0918 lsst_hardware_z 37.46936611888963 95.41999816894531 30.989999771118164 AB 3.5482093366961647 1.1191324197117694
62786.0645 lsst_hardware_r -206.62442914171635 103.16000366210938 31.639999389648438 AB 6.120126175867346 1.1295219026516174
62786.0824 lsst_hardware_z 8.54550866077488 72.16000366210938 30.979999542236328 AB 5.995285928170978 1.119480761503848
62788.0645 lsst_hardware_r 29.16758320805868 47.58000183105469 31.600000381469727 AB 8.099802462424295 1.1249725642255965
62788.0829 lsst_hardware_i -113.47572821401576 50.790000915527344 31.299999237060547 AB 8.058323335496414 1.119211574374502
62790.0681 lsst_hardware_z -36.47561386726837 42.689998626708984 30.940000534057617 AB 9.193639002177006 1.1203102078285478
62790.0859 lsst_hardware_i -9.042097563204617 32.09000015258789 31.25 AB 8.734966551968402 1.1214490373563233
62792.0658 lsst_hardware_u -3.4359079790447256 2.759999990463257 28.420000076293945 AB 6.351405676644062 1.1195192144495998
62792.0831 lsst_hardware_g 54.39238936075711 15.319999694824219 31.440000534057617 AB 6.726270880831191 1.1227917116900497
62795.0371 lsst_hardware_g -9.4693687303088 15.34000015258789 31.440000534057617 AB 3.766169388257791 1.1323987135828988
62795.0555 lsst_hardware_r -1.7746765485013904 24.5 31.5 AB 3.4005964596558993 1.1199988339751148
62800.0401 lsst_hardware_r 3.58836261924572 24.59000015258789 31.510000228881836 AB 4.205388636751027 1.1205405373703776
62800.0564 lsst_hardware_i 1.6272986033550463 32.2599983215332 31.25 AB 2.4350014497317636 1.1205713068255312
62802.04 lsst_hardware_z 45.83235557059107 43.09000015258789 30.950000762939453 AB 4.027213119386248 1.119292139907304
62802.0567 lsst_hardware_i -11.696878093176247 32.45000076293945 31.260000228881836 AB 3.092492916342546 1.1233174414608966
62804.0382 lsst_hardware_u -2.848160273298075 3.009999990463257 28.540000915527344 AB 5.080934926555293 1.1191486622369253
62804.0556 lsst_hardware_g -6.757032965313509 16.010000228881836 31.469999313354492 AB 5.849935258321987 1.1263593976616368
62808.0138 lsst_hardware_y -14.706764594190878 53.290000915527344 30.030000686645508 AB 3.224254005615474 1.1225208328706537
62808.0319 lsst_hardware_r 58.53704193274439 52.54999923706055 31.6200008392334 AB 3.1824378051660593 1.1197881087846797
62814.0209 lsst_hardware_z -14.066726555378597 100.04000091552734 31.739999771118164 AB 9.604475286504744 1.1216905444093133
