data/validation/pwv_sim_epoch_fit_seasonal/59444969.ecsv
# %ECSV 0.9
# ---
# datatype:
# - {name: time, datatype: float64}
# - {name: band, datatype: string}
# - {name: flux, datatype: float64}
# - {name: fluxerr, datatype: float64}
# - {name: zp, datatype: float64}
# - {name: zpsys, datatype: string}
# - {name: pwv, datatype: float64}
# - {name: airmass, datatype: float64}
# meta: {SNID: '59444969', alt: 1024.0, c: 0.0910617858171463, dec: -36.79533, lat: -30.244573, lon: -70.7499537, ra: 298.652344, t0: 61193.140625,
#   x0: 1.2970342119841706e-05, x1: -0.30779266357421875, z: 0.41271641850471497}
# schema: astropy-2.0
time band flux fluxerr zp zpsys pwv airmass
61147.3612 lsst_hardware_g -11.642222905859855 15.520000457763672 31.440000534057617 AB 16.857750845898142 1.145298960820577
61147.3807 lsst_hardware_r -14.71294483171515 24.579999923706055 31.510000228881836 AB 15.947152084184609 1.0909257137901636
61151.3535 lsst_hardware_r -36.657106027648865 24.790000915527344 31.5 AB 11.163151123461414 1.1351587475555638
61151.3735 lsst_hardware_g -10.930976289577057 15.619999885559082 31.469999313354492 AB 10.661110902547902 1.0823462845226297
61153.3485 lsst_hardware_r 1.2958162915212958 24.6299991607666 31.510000228881836 AB 6.36317159022689 1.1337499492609158
61153.3686 lsst_hardware_i 9.308041042093427 31.729999542236328 31.25 AB 6.056778676245029 1.0811010741635358
61157.3481 lsst_hardware_u -3.531214066660958 2.799999952316284 28.440000534057617 AB 2.434533758656952 1.1040969427015657
61157.3689 lsst_hardware_g 28.09320060803529 15.350000381469727 31.459999084472656 AB 2.3204287006909623 1.05858973571658
61161.3565 lsst_hardware_z 91.14653189387671 83.29000091552734 31.729999542236328 AB 9.445569347064374 1.0612999266364465
61163.4209 lsst_hardware_i 26.956876803655433 104.37999725341797 32.09000015258789 AB 11.233745144643535 1.007397838326962
61166.3974 lsst_hardware_r -19.237217762042036 84.46466146594626 31.65999984741211 AB 2.68771652799807 1.0071068957369818
61166.4113 lsst_hardware_y -66.4425223668236 55.48047727224277 30.06999969482422 AB 2.6909651132897947 1.0070977220395938
61170.3477 lsst_hardware_g -65.71913080812836 31.948888549108442 31.670000076293945 AB 7.111009837979783 1.0362253100311223
61170.368 lsst_hardware_r 82.3533914434367 37.31925885148714 31.610000610351562 AB 6.955820801094321 1.015510062815644
61170.4003 lsst_hardware_z 115.65768209234369 44.86495802813334 30.959999084472656 AB 7.90811344251756 1.0070822594737554
61170.4139 lsst_hardware_y -97.53651250165899 48.44533510700808 30.059999465942383 AB 7.949728950854274 1.0122744844041944
61175.2124 lsst_hardware_z 915.2005382914929 74.62403943425836 31.649999618530273 AB 10.026107638166831 1.5554803182758696
61175.2403 lsst_hardware_u 3.2504185342069167 4.527676012648883 28.93000030517578 AB 8.752162558388225 1.3460033667485864
61177.4031 lsst_hardware_i 1058.182353637262 44.8930076944785 31.25 AB 7.407183201052566 1.0180412366440745
61177.4157 lsst_hardware_z 859.072564839609 50.119159698168765 30.950000762939453 AB 7.509143484706604 1.0306734892309013
61187.2677 lsst_hardware_y 942.1002133750328 56.85222323679916 30.030000686645508 AB 3.8508802779553335 1.1002515079872381
61187.2869 lsst_hardware_r 4625.650622080206 83.6829941950405 31.6200008392334 AB 3.7056897563580984 1.0587685018165995
61187.3274 lsst_hardware_i 3181.1107544990414 68.7702949624182 31.290000915527344 AB 4.069042121895908 1.0118219872922811
61187.3408 lsst_hardware_r 4203.317467224616 68.91051533674076 31.510000228881836 AB 3.662020655120057 1.0069717658441952
61189.3245 lsst_hardware_z 5134.819908345387 104.96982867179622 31.739999771118164 AB 8.66742706275555 1.0105036992175753
61194.2153 lsst_hardware_z 2837.693033890861 101.98326716176992 30.979999542236328 AB 11.249941994852986 1.2099747601390656
61194.2445 lsst_hardware_r 5206.594494772802 142.6680832623316 31.639999389648438 AB 10.343681298066869 1.1109495880782116
61198.3116 lsst_hardware_i 3624.504683830386 74.10467756870848 31.299999237060547 AB 3.3759234104688 1.0068366866890808
61198.3237 lsst_hardware_z 2683.4609429260595 69.27688840531229 30.959999084472656 AB 3.308668215524426 1.0070516559197766
61220.0457 lsst_hardware_r 738.5069558328162 155.77352367726292 31.360000610351562 AB 7.4902036496501045 2.147420771115282
61220.1488 lsst_hardware_z 1518.5923465629617 104.2264007235002 30.979999542236328 AB 5.7131767876554145 1.1919005815692796
61220.1632 lsst_hardware_r 1118.389292947614 141.51493639017917 31.639999389648438 AB 5.515623643641409 1.1411635124775328
61223.1662 lsst_hardware_z 2655.118011390008 140.5400215289518 31.75 AB 9.694376988350994 1.1086045195186773
61225.1579 lsst_hardware_r 895.0713722371387 78.39322913691221 31.6299991607666 AB 9.73357914813835 1.1163428249800267
61225.1775 lsst_hardware_i 1500.1907222504947 71.46016876984451 31.31999969482422 AB 8.234568206781459 1.0695633467699
61231.1588 lsst_hardware_z 955.0777421150142 51.976900643251625 30.950000762939453 AB 9.690386043655097 1.0743221777888134
61231.1773 lsst_hardware_r 472.68939762136847 33.51175231032173 31.520000457763672 AB 9.457278582896137 1.0416078619853668
61233.1576 lsst_hardware_u 9.321849973422228 3.442900022291021 28.489999771118164 AB 5.730774672884169 1.0657279952053376
61233.1779 lsst_hardware_g 88.81937905472954 17.847639604982383 31.450000762939453 AB 6.042659780400649 1.0333749090039863
61235.1579 lsst_hardware_r 443.2278925462402 32.029953774908 31.510000228881836 AB 7.9305893511111725 1.0551375059686239
61235.1764 lsst_hardware_z 843.2410444148381 50.14137789678838 30.950000762939453 AB 7.4540605946895875 1.0286192172984712
61237.1586 lsst_hardware_r 434.9423816577643 31.24813544109865 31.5 AB 2.931684145307535 1.0450705446243775
61237.1784 lsst_hardware_u 10.080490036530108 3.322563480667149 28.43000030517578 AB 3.0958122485652178 1.020962073894045
61242.0818 lsst_hardware_r 348.4111041009855 36.173288773649226 31.520000457763672 AB 6.956019844221658 1.2203543586353787
61242.1009 lsst_hardware_g 125.93123125945606 26.985018151124898 31.56999969482422 AB 6.49603921211278 1.1483525904563245
61242.1983 lsst_hardware_z 624.7858678717465 48.36028180821955 30.950000762939453 AB 6.319294763286471 1.006457457819864
61242.2102 lsst_hardware_r 346.1530142255566 30.010177194489305 31.510000228881836 AB 5.687771884138016 1.0089024938235382
61244.0785 lsst_hardware_r 326.7846058770927 48.32442429105555 31.56999969482422 AB 5.760198166406585 1.2111858769384796
61244.097 lsst_hardware_i 723.105046390514 49.486472292179215 31.280000686645508 AB 7.3971941161147345 1.1433066640053684
61248.0887 lsst_hardware_z 1035.1079929078403 127.77700994737938 31.739999771118164 AB 3.450867602701248 1.1350915857796988
61248.1983 lsst_hardware_r 284.25763053204184 119.44780926337545 31.670000076293945 AB 3.292856851560305 1.0108539835948749
61248.2107 lsst_hardware_z 411.7512940048344 84.61866619873904 31.0 AB 2.3157286719457413 1.019246774624006
61251.0868 lsst_hardware_z 1123.606834917706 139.50372585509058 31.739999771118164 AB 5.806617110493965 1.1166571366334548
61253.1505 lsst_hardware_z 448.91228233397675 65.16741948866749 30.989999771118164 AB 4.08837690960501 1.0101616924096635
61253.1613 lsst_hardware_r 341.65740235492143 85.01347898792288 31.65999984741211 AB 4.09321721144561 1.0068589401719277
61258.0771 lsst_hardware_i 472.1216831120583 37.93631008299783 31.25 AB 1.883586379571053 1.092250727498436
61258.0951 lsst_hardware_u 4.66090347103099 2.8272834884931175 28.40999984741211 AB 2.069485802484811 1.0551423194178164
61260.0783 lsst_hardware_g 49.38268450864197 16.20705336187454 31.440000534057617 AB 3.486285160495911 1.0771220887217026
61260.0981 lsst_hardware_r 307.5523451833866 28.529502762420666 31.520000457763672 AB 4.583210530054105 1.0416387568304784
61273.9845 lsst_hardware_z 20.073425315588345 58.040000915527344 30.950000762939453 AB 4.208251152154249 1.2662741681507268
61274.002 lsst_hardware_i -33.18706806872144 49.33000183105469 31.290000915527344 AB 3.624562761932835 1.1894211644933828
61274.1157 lsst_hardware_r 97.17236655442454 58.290000915527344 31.649999618530273 AB 2.776200932079565 1.0069644294811626
61274.1262 lsst_hardware_i -12.438967278836072 51.65999984741211 31.31999969482422 AB 2.040929435486921 1.0103194268323523
61275.9841 lsst_hardware_y 10.127023286718106 62.95000076293945 29.989999771118164 AB 3.2208701006584026 1.2420605825535327
61276.0019 lsst_hardware_r 47.66951379545395 99.44000244140625 31.6200008392334 AB 3.501767158913855 1.169464708531845
61281.104 lsst_hardware_r -52.3370400472755 91.73999786376953 31.670000076293945 AB 5.026982160153198 1.0090120585738624
61281.115 lsst_hardware_z 114.49928016475887 64.61000061035156 31.0 AB 5.073539564707551 1.0149108951205343
61286.0531 lsst_hardware_r -24.01490171619385 23.1200008392334 31.5 AB 1.3992565079522457 1.01426022926167
61286.0668 lsst_hardware_u 2.125678622079757 2.7200000286102295 28.450000762939453 AB 1.437388884105094 1.0078099099772788
61298.9855 lsst_hardware_y 24.969590788924926 53.119998931884766 30.059999465942383 AB 2.813934966691702 1.0511523969711252
61299.0028 lsst_hardware_i -53.51272951396215 31.690000534057617 31.270000457763672 AB 2.6209002395837535 1.0273339934345411
61303.0446 lsst_hardware_z -33.60891830486707 76.94000244140625 31.739999771118164 AB 5.626540175999826 1.0092750472659557
61307.0261 lsst_hardware_i 41.347452080148294 68.75 31.34000015258789 AB 2.8239567972620376 1.0070574016982006
61307.0397 lsst_hardware_r 3.263926212330263 87.41999816894531 31.65999984741211 AB 2.8391994702793157 1.0121923245202553
61309.0286 lsst_hardware_z 68.42174003000947 86.2699966430664 31.729999542236328 AB 3.4220538511441636 1.0094305993884416
61313.0225 lsst_hardware_z -42.24269067662991 41.16999816894531 30.950000762939453 AB 3.3421040707229634 1.0117368528929254
61313.0345 lsst_hardware_r -0.7095689902660406 23.8799991607666 31.520000457763672 AB 3.4862762413889925 1.0203735340652256
61319.0263 lsst_hardware_r 17.977269695007937 23.940000534057617 31.530000686645508 AB 3.5082141411056074 1.02870124360442
61319.0376 lsst_hardware_u 0.4573662665912876 2.9200000762939453 28.56999969482422 AB 3.5670339025873017 1.0436026631326218
61512.3513 lsst_hardware_g 19.4560337421441 15.65999984741211 31.450000762939453 AB 17.39232951277743 1.1823205578466902
61512.3712 lsst_hardware_r -14.911592455220175 24.84000015258789 31.520000457763672 AB 16.44675615657472 1.1173257804361296
61517.3616 lsst_hardware_r -61.184661295420085 84.66999816894531 31.649999618530273 AB 6.859254789798748 1.1063314177094754
61517.3834 lsst_hardware_z 17.549407741514173 60.40999984741211 30.979999542236328 AB 6.388327103388643 1.0583271241894625
61525.357 lsst_hardware_r 4.13388956333744 30.649999618530273 31.559999465942383 AB 11.262589236454215 1.066903524246544
61525.3751 lsst_hardware_i 26.64870657281979 34.58000183105469 31.270000457763672 AB 11.8595261478578 1.0370344655349597
61529.3509 lsst_hardware_g -0.8274257597368616 15.140000343322754 31.450000762939453 AB 8.788611383937276 1.0578598385801428
61529.3706 lsst_hardware_r -9.529882549026606 23.829999923706055 31.510000228881836 AB 8.563497421471947 1.0290088525275458
61531.3506 lsst_hardware_i 19.738325243382057 31.290000915527344 31.260000228881836 AB 3.2001906680798293 1.0490708631633598
61531.3696 lsst_hardware_z 5.596640981186336 41.33000183105469 30.959999084472656 AB 3.149190179848636 1.024182398996792
61536.2531 lsst_hardware_r -31.322461416497035 24.829999923706055 31.469999313354492 AB 10.577570974199345 1.3389330347087778
61536.2732 lsst_hardware_z -90.8035495207447 44.0 30.940000534057617 AB 9.750362154071485 1.2342230574774031
61540.253 lsst_hardware_r -25.647321641757884 36.79999923706055 31.540000915527344 AB 9.18468259211546 1.278891995978036
61540.2725 lsst_hardware_y 2.1950686101753747 49.060001373291016 29.989999771118164 AB 8.575417473653683 1.1913611383236569
61540.3919 lsst_hardware_r 6.671391025287871 23.329999923706055 31.510000228881836 AB 7.667594819622744 1.008230745512524
61540.4045 lsst_hardware_u 0.5009574761956023 2.7799999713897705 28.489999771118164 AB 7.733399170549266 1.0144823784007888
61542.251 lsst_hardware_z -32.90504975339259 52.41999816894531 30.950000762939453 AB 8.088845920607948 1.2615496224077274
61542.272 lsst_hardware_r 35.78625232967503 56.540000915527344 31.610000610351562 AB 7.532701302560888 1.172709076683065
61544.2349 lsst_hardware_i 15.329409279082098 69.61000061035156 31.270000457763672 AB 10.56354458441679 1.31769786915802
61544.2544 lsst_hardware_z -52.843111168018815 62.54999923706055 30.959999084472656 AB 9.247685735574771 1.2208165987557456
61544.3651 lsst_hardware_i 57.980004263289594 63.650001525878906 31.34000015258789 AB 8.307314923527345 1.0067032141938133
61544.3779 lsst_hardware_z 11.834773576785029 58.38999938964844 30.989999771118164 AB 9.62303844695085 1.0073842917509397
61546.2548 lsst_hardware_z -66.90782417710808 72.76000213623047 30.969999313354492 AB 7.1625582959596725 1.1965516698896879
61546.2706 lsst_hardware_i 15.07601760803977 84.19999694824219 31.31999969482422 AB 6.840164508752422 1.1404709346000097
61550.2585 lsst_hardware_y 99.29788239344086 82.69000244140625 30.780000686645508 AB 6.143343238286665 1.1442248534712274
61550.3361 lsst_hardware_i -32.99495919227573 69.43000030517578 31.34000015258789 AB 7.39061951150757 1.0105102733217992
61550.3491 lsst_hardware_r -85.97534942797901 80.58000183105469 31.65999984741211 AB 7.388026783394003 1.0066574474932217
61552.2453 lsst_hardware_r 50.8254413168881 53.08000183105469 31.600000381469727 AB 5.7313572243508375 1.170540654438817
61552.2659 lsst_hardware_i 81.92009541863081 48.41999816894531 31.299999237060547 AB 3.8735351090728214 1.106724316877949
61561.2553 lsst_hardware_r -16.78982332351017 23.450000762939453 31.5 AB 6.629148340456293 1.0738216288316238
61561.2749 lsst_hardware_u 8.821468082106891 2.680000066757202 28.40999984741211 AB 6.434173780441089 1.0396844372741885
61563.2586 lsst_hardware_g -4.411441805887964 14.619999885559082 31.440000534057617 AB 4.1146268730418925 1.0569295846498568
61563.2784 lsst_hardware_r 26.34730817629858 23.440000534057617 31.520000457763672 AB 3.917476626966426 1.0282990533642415
61572.3151 lsst_hardware_z -23.841835644246444 76.91999816894531 31.729999542236328 AB 6.566316326296113 1.0131640682450334
61574.1679 lsst_hardware_z 84.48767964105686 77.66000366210938 30.969999313354492 AB 7.220533535282749 1.2413169024296404
61574.1915 lsst_hardware_r -40.264873971260215 112.70999908447266 31.639999389648438 AB 6.684904258434876 1.1490202836241283
61576.1545 lsst_hardware_i -147.40950027293684 123.43000030517578 31.299999237060547 AB 3.781146593590917 1.2800090025697528
61576.1785 lsst_hardware_z -66.68192361275035 99.80000305175781 30.979999542236328 AB 3.329865774682252 1.1751776159104472
61582.1635 lsst_hardware_r -10.361879782596311 24.829999923706055 31.489999771118164 AB 7.062556006615854 1.1701691668653558
61582.1825 lsst_hardware_u 11.863964107215924 4.019999980926514 28.690000534057617 AB 6.7768432602188815 1.110715132247413
61585.167 lsst_hardware_g -9.15906375069491 14.859999656677246 31.40999984741211 AB 6.521407669056289 1.1315994567163439
61585.1862 lsst_hardware_r 12.693843368368874 23.8700008392334 31.489999771118164 AB 6.313300709131304 1.0815230554265678
61587.1583 lsst_hardware_i -33.85216756382544 31.969999313354492 31.239999771118164 AB 9.675759059965369 1.1416263577954322
61587.1773 lsst_hardware_z 0.06540613452601135 42.11000061035156 30.950000762939453 AB 8.217801002082368 1.0893883478600608
61593.1517 lsst_hardware_z 31.383011569997528 42.7599983215332 30.950000762939453 AB 2.0030390800747475 1.1127994889304151
61593.1696 lsst_hardware_r 53.79809007227664 24.110000610351562 31.510000228881836 AB 2.4080413319453013 1.070399169630351
61596.1044 lsst_hardware_r 17.120179724713125 29.510000228881836 31.510000228881836 AB 10.83990837627997 1.2575299740464003
61596.1077 lsst_hardware_y 19.69073386950215 49.689998626708984 29.989999771118164 AB 10.72003794409352 1.2419429941023281
61607.071 lsst_hardware_i 23.0926101467122 84.37000274658203 31.290000915527344 AB 7.262933011476348 1.274198773943219
61607.0834 lsst_hardware_z -69.10009167535875 74.27999877929688 30.969999313354492 AB 6.8825364923070325 1.2165331846764975
61608.1626 lsst_hardware_r -88.30619320455267 72.06999969482422 31.649999618530273 AB 5.280978498891372 1.0210708621213016
61608.1752 lsst_hardware_z 81.5402965313105 56.7400016784668 30.979999542236328 AB 5.53165052160415 1.0118255938547924
61611.0768 lsst_hardware_i -12.206517908930133 32.59000015258789 31.239999771118164 AB 5.6338918870111145 1.1987004014917264
61611.1446 lsst_hardware_r 17.66627452747524 42.36000061035156 32.29999923706055 AB 5.751280079228157 1.0315272314999833
61611.2041 lsst_hardware_i -76.668261309718 37.65999984741211 31.290000915527344 AB 5.938166846442024 1.010665789539958
61612.0785 lsst_hardware_u 0.34161008246137564 2.640000104904175 28.290000915527344 AB 10.055564979869734 1.181524946718205
61612.0964 lsst_hardware_g 3.4479928417886816 15.149999618530273 31.420000076293945 AB 8.427020630498498 1.122405518180237
61622.0771 lsst_hardware_u -6.8745942988394795 2.6700000762939453 28.360000610351562 AB 2.421621496517073 1.1007370438713966
61622.0961 lsst_hardware_g 0.1740888689725579 14.779999732971191 31.440000534057617 AB 2.539037515186392 1.059477369157685
61627.1336 lsst_hardware_i -71.76721810229031 39.65999984741211 31.299999237060547 AB 4.426608551718529 1.0076504784244318
61627.1449 lsst_hardware_z 33.37517358960651 45.279998779296875 30.969999313354492 AB 4.38386843586702 1.0064747308181725
61629.0641 lsst_hardware_r -194.94773094925836 67.54000091552734 31.639999389648438 AB 3.5836837783542435 1.0859647813194677
61629.0831 lsst_hardware_i 30.210710495542795 59.90999984741211 31.329999923706055 AB 3.4616266701491276 1.048977778833069
61629.1357 lsst_hardware_r 47.59976067169229 68.88999938964844 31.65999984741211 AB 3.1643414531484093 1.0064699278461862
61629.1472 lsst_hardware_z -79.24621936201117 56.66999816894531 30.989999771118164 AB 3.209279620327533 1.0077285808020304
61631.077 lsst_hardware_r -199.4795561594459 114.91999816894531 31.65999984741211 AB 3.5396049453888585 1.050016299433064
61631.0955 lsst_hardware_z 47.23706242716108 76.0199966430664 31.0 AB 3.760706238214152 1.0252976225961563
61631.1266 lsst_hardware_r 47.9106887035802 104.56999969482422 31.670000076293945 AB 3.0706917494381867 1.0068391986791148
61631.1381 lsst_hardware_i -61.948880173315445 90.08999633789062 31.350000381469727 AB 2.9470366976613747 1.0069314760951138
61651.0992 lsst_hardware_z 28.16911270523038 40.86000061035156 30.950000762939453 AB 0.6635423477339325 1.0130417522655457
61651.1126 lsst_hardware_r -17.060379101495855 23.219999313354492 31.510000228881836 AB 0.6224996199049206 1.0238480590541459
61652.9843 lsst_hardware_y 16.985137735195305 51.20000076293945 30.030000686645508 AB 2.1610071798402326 1.1228441722486595
61653.025 lsst_hardware_r 19.251655925029297 34.72999954223633 32.27000045776367 AB 1.4530512518958798 1.0378937513542
61653.0618 lsst_hardware_u -0.33085245388142454 3.119999885559082 28.59000015258789 AB 1.1932369089178796 1.0078723803065077
61654.9927 lsst_hardware_z 137.04888252518361 63.650001525878906 31.709999084472656 AB 2.2731686927501404 1.0869037858310429
61682.0253 lsst_hardware_u -0.7607246024516893 3.119999885559082 28.610000610351562 AB 2.5047168003386893 1.0212912539607295
61682.0376 lsst_hardware_g -13.717202439346984 16.489999771118164 31.5 AB 2.521167426548722 1.034961997762201
