data/validation/pwv_sim_epoch_fit_seasonal/59548480.ecsv
# %ECSV 0.9
# ---
# datatype:
# - {name: time, datatype: float64}
# - {name: band, datatype: string}
# - {name: flux, datatype: float64}
# - {name: fluxerr, datatype: float64}
# - {name: zp, datatype: float64}
# - {name: zpsys, datatype: string}
# - {name: pwv, datatype: float64}
# - {name: airmass, datatype: float64}
# meta: {SNID: '59548480', alt: 1024.0, c: 0.028347838670015335, dec: -60.056278, lat: -30.244573, lon: -70.7499537, ra: 357.5, t0: 61567.74609375,
#   x0: 1.6056448626054647e-05, x1: 1.0790332555770874, z: 0.37685295939445496}
# schema: astropy-2.0
time band flux fluxerr zp zpsys pwv airmass
61576.4169 lsst_hardware_i 8262.045516388116 135.6297824215818 32.060001373291016 AB 4.186613861047938 1.1597268313152516
61576.4306 lsst_hardware_y 1263.6569535263686 87.7380694919351 30.770000457763672 AB 4.205007369607542 1.1530571828365235
61580.4212 lsst_hardware_z 2140.6888230232994 69.15762219918487 30.950000762939453 AB 4.586127426159492 1.152582916853353
61580.4358 lsst_hardware_y 552.4786557718375 60.71390647861763 30.010000228881836 AB 4.507407324271279 1.1507294675188355
61582.4351 lsst_hardware_i 3262.0519014595925 70.3310031904584 31.270000457763672 AB 6.719791050738969 1.1511748031188276
61591.4246 lsst_hardware_i 2180.6389031355816 55.889108716642504 31.229999542236328 AB 6.079473461371422 1.155518833237619
61591.4368 lsst_hardware_u 4.786177872027072 4.888262236903134 28.729999542236328 AB 6.10778272998565 1.1629995201572143
61593.4401 lsst_hardware_r 1785.432305196981 49.77415639870537 31.510000228881836 AB 1.9840759437979156 1.1705462795269725
61596.1856 lsst_hardware_g 1812.0181174799575 52.91983479215734 33.06999969482422 AB 16.33238859721575 1.799464382009713
61598.4175 lsst_hardware_u 10.79425740574361 3.008623946034481 28.299999237060547 AB 10.11838981447529 1.1628550966681686
61598.4294 lsst_hardware_g 311.8261162321032 22.798679954976695 31.3799991607666 AB 10.232969874741292 1.1735057195804512
61600.4353 lsst_hardware_r 1055.4089381789383 40.87534319030337 31.479999542236328 AB 8.093934050977607 1.1869243759910897
61607.1643 lsst_hardware_i 2783.9831194416415 120.88448453545998 31.959999084472656 AB 10.160489711861908 1.7288319963465848
61608.4061 lsst_hardware_z 1348.583014790286 66.30916818678689 30.959999084472656 AB 6.2511981786492825 1.1778601306984375
61608.4182 lsst_hardware_r 894.532119252038 73.44277845043314 31.600000381469727 AB 5.967471287787207 1.1934942575574414
61611.4018 lsst_hardware_i 1285.350637811892 53.36731849597715 31.260000228881836 AB 7.322505187719051 1.1824796427483328
61611.4138 lsst_hardware_r 719.6683299666053 48.077528656664214 31.56999969482422 AB 7.389301843348217 1.1991726457884155
61612.3978 lsst_hardware_z 1066.5971078233138 55.45938008373297 30.940000534057617 AB 7.871390180682115 1.180929951468126
61612.4097 lsst_hardware_g 208.85908280644284 32.722386509711164 31.59000015258789 AB 8.117175700873743 1.197076421414341
61617.4051 lsst_hardware_r 485.4254758984342 31.72251292606861 31.459999084472656 AB 5.463486143348809 1.2118638395598098
61617.4158 lsst_hardware_i 972.4288749561734 44.43716093678226 31.219999313354492 AB 5.640319894636975 1.2322956529020246
61619.4051 lsst_hardware_z 909.6859735046323 51.6486027998021 30.93000030517578 AB 2.276769107579103 1.2218796641748315
61619.4158 lsst_hardware_r 495.18854226198505 31.369875624965193 31.459999084472656 AB 2.3522206755157864 1.2440126974962291
61622.3425 lsst_hardware_z 785.3646391815348 50.26464514038445 30.940000534057617 AB 2.427320196309558 1.1567848433564214
61622.3557 lsst_hardware_i 793.7918603070075 42.096441935880065 31.229999542236328 AB 2.3685551984630147 1.1658188015407471
61624.3398 lsst_hardware_u -8.550896465599703 3.4327111341040126 28.31999969482422 AB 4.933352636594502 1.1583359090383898
61624.352 lsst_hardware_g 124.57295269431394 17.286354677352715 31.360000610351562 AB 4.964294757834923 1.1673369080972542
61626.3422 lsst_hardware_r 371.7532391209506 30.217161666196304 31.469999313354492 AB 5.710426836184502 1.1637307593610153
61626.3536 lsst_hardware_i 740.1983142380238 40.99637205015656 31.229999542236328 AB 5.7568003618443875 1.17417827008418
61629.3839 lsst_hardware_r 387.0942954432419 30.189968146968905 31.459999084472656 AB 3.8207280507739916 1.2340852877176975
61629.3954 lsst_hardware_i 656.5006580559942 41.144628765516885 31.219999313354492 AB 3.796990551695016 1.2601329337999942
61631.3361 lsst_hardware_i 715.3224227732094 64.37569595925568 31.299999237060547 AB 4.096047106485729 1.1702991732816368
61631.3464 lsst_hardware_z 675.90059480062 61.63439849924446 30.959999084472656 AB 4.135261884514964 1.181503395575704
61651.3039 lsst_hardware_r -6.491935276320669 22.59000015258789 31.459999084472656 AB 1.8175390336098194 1.1981140630255895
61651.3161 lsst_hardware_u 3.0682703266060503 2.5199999809265137 28.260000228881836 AB 1.9449023914395889 1.2188014359640225
61653.2994 lsst_hardware_g -20.05483375786661 13.199999809265137 31.34000015258789 AB 2.240047921973743 1.19959724489847
61653.3098 lsst_hardware_r -21.098961838851018 22.59000015258789 31.450000762939453 AB 2.140934796156988 1.217247112379601
61655.2957 lsst_hardware_i 25.146146665434976 31.239999771118164 31.219999313354492 AB 2.217186036063811 1.2023785445031512
61655.3064 lsst_hardware_z 23.183677136280064 43.25 30.93000030517578 AB 2.296894131713113 1.221102675020262
61672.2239 lsst_hardware_z -34.87110949331991 42.43000030517578 30.93000030517578 AB 4.435366255434629 1.1700755158550729
61672.2362 lsst_hardware_r -13.184541746589609 22.34000015258789 31.459999084472656 AB 4.526006440095003 1.1836822700972025
61680.247 lsst_hardware_r 2.920914348497357 22.510000228881836 31.440000534057617 AB 4.1261766576602765 1.239092089387355
61680.259 lsst_hardware_u -1.3829343362376716 2.4700000286102295 28.200000762939453 AB 4.619404945605155 1.2672395434072161
61682.247 lsst_hardware_g -12.75335908213599 13.09000015258789 31.31999969482422 AB 3.282691588825064 1.2513436806195146
61682.2576 lsst_hardware_r -4.750223745452921 22.75 31.440000534057617 AB 3.524209451929419 1.2778134343469987
61684.185 lsst_hardware_g 19.591475520007503 15.100000381469727 31.399999618530273 AB 5.478675317652404 1.164684378752483
61684.1966 lsst_hardware_r -19.981444951132307 23.440000534057617 31.459999084472656 AB 5.573840178948821 1.1756676184241341
61686.2431 lsst_hardware_r 27.016024711716437 29.239999771118164 31.5 AB 4.229298131514068 1.2684723213742708
61686.2551 lsst_hardware_z 45.510117106729126 45.47999954223633 30.920000076293945 AB 4.850367458217731 1.301529729396529
61688.1397 lsst_hardware_i -26.042921472145917 48.54999923706055 31.290000915527344 AB 3.575928196625884 1.1507411734918371
61688.1521 lsst_hardware_z -4.399268602221519 51.09000015258789 30.959999084472656 AB 3.615513070965726 1.152630292808188
61689.1767 lsst_hardware_z -72.27331195278023 53.529998779296875 30.950000762939453 AB 4.501607678959838 1.1693499902051703
61689.1885 lsst_hardware_r -99.36312354491051 61.79999923706055 31.610000610351562 AB 4.582216408973004 1.1821007160477266
61694.1866 lsst_hardware_z 144.0216225990281 85.13999938964844 31.719999313354492 AB 9.097770696577927 1.1983101920722743
61696.1779 lsst_hardware_r -43.22471817834395 60.58000183105469 31.600000381469727 AB 6.960018866641222 1.1934870877349486
61696.1891 lsst_hardware_i -69.52297621014338 51.209999084472656 31.280000686645508 AB 7.043303077407594 1.211368986540319
61698.1608 lsst_hardware_i -35.865963057714644 38.59000015258789 31.260000228881836 AB 3.9865109125827907 1.1783951855105832
61698.171 lsst_hardware_z 2.2002786518701507 46.83000183105469 30.940000534057617 AB 2.6443870426969527 1.1914336754664636
61700.1639 lsst_hardware_i 47.72740751258869 31.09000015258789 31.229999542236328 AB 4.423675876143348 1.1891601817589648
61700.1746 lsst_hardware_u -5.978924337364753 2.5899999141693115 28.329999923706055 AB 3.4019327019967185 1.2052905941529561
61702.1633 lsst_hardware_g 1.7826470884510968 13.149999618530273 31.34000015258789 AB 3.455871125495632 1.1961135677063708
61702.174 lsst_hardware_r -21.38343821651281 22.579999923706055 31.459999084472656 AB 2.7566837141611558 1.2136407003681209
61705.1587 lsst_hardware_i -6.481116086734511 31.040000915527344 31.229999542236328 AB 4.328957979520626 1.201653845806907
61705.1689 lsst_hardware_r -26.57935116685753 22.389999389648438 31.459999084472656 AB 2.883634543755114 1.2192957901715624
61707.1647 lsst_hardware_u 0.7578212782626892 2.5199999809265137 28.270000457763672 AB 3.5367675632596542 1.2216813690016077
61707.1759 lsst_hardware_g 14.484692703489316 13.069999694824219 31.329999923706055 AB 2.650985908155663 1.2448865499674397
61709.1623 lsst_hardware_r -2.643577116753286 22.43000030517578 31.450000762939453 AB 4.509190662307118 1.227658770026441
61709.173 lsst_hardware_i 15.127786596930042 31.440000534057617 31.219999313354492 AB 4.170545435091929 1.250725876470581
61711.1487 lsst_hardware_i 43.03923491904427 31.270000457763672 31.209999084472656 AB 4.7282150253058575 1.2123628270015019
61711.1598 lsst_hardware_z -48.13141617803243 43.470001220703125 30.920000076293945 AB 4.811432454604169 1.2337006293856845
61720.0679 lsst_hardware_z 42.88975628037247 53.540000915527344 30.959999084472656 AB 3.9991293195988034 1.1537059293006868
61720.0788 lsst_hardware_i -139.69590263301163 53.470001220703125 31.290000915527344 AB 4.034373384776767 1.1590806506732716
61724.0522 lsst_hardware_g -42.404179229715815 64.41999816894531 31.670000076293945 AB 6.204688486902662 1.1522169892112648
61724.0635 lsst_hardware_r 43.808990465571455 67.97000122070312 31.610000610351562 AB 6.163486896969657 1.1565935254212152
61726.0526 lsst_hardware_i 24.91838665911832 30.989999771118164 31.229999542236328 AB 4.303716274930802 1.154120749512437
61726.0649 lsst_hardware_z -11.111210648348099 42.63999938964844 30.93000030517578 AB 4.414419467400454 1.1606966324594847
61729.0537 lsst_hardware_r -7.411387076472832 22.440000534057617 31.459999084472656 AB 7.606223181742553 1.1587639576600022
61729.0661 lsst_hardware_i -5.742744736576705 31.010000228881836 31.229999542236328 AB 7.814793462129747 1.1681160118279164
61950.2672 lsst_hardware_u -2.610336221102317 2.25 27.950000762939453 AB 4.066466933233757 1.4688340015290133
61950.2963 lsst_hardware_r 42.49694743391118 22.81999969482422 31.420000076293945 AB 2.601551788772861 1.3479542947010728
61955.1713 lsst_hardware_r 9.366599056381894 64.3499984741211 31.389999389648438 AB 16.306077058841776 2.1204261454930644
61955.1888 lsst_hardware_z -32.474216638833454 59.66999816894531 30.8700008392334 AB 14.818989454530334 1.9271302771507652
61955.279 lsst_hardware_r 16.55747748584025 115.4000015258789 33.060001373291016 AB 9.46435497289398 1.3610433180505455
61955.3113 lsst_hardware_u -16.602748791061682 21.280000686645508 30.34000015258789 AB 8.82706995225881 1.262693584625998
61958.442 lsst_hardware_y -74.20551410362198 69.0 30.020000457763672 AB 2.009403972670746 1.1716641240062657
61960.3756 lsst_hardware_i 82.99142402090968 71.87000274658203 31.309999465942383 AB 2.5373923330740222 1.1544096146833587
61960.3882 lsst_hardware_z -56.213381486280724 64.91999816894531 30.969999313354492 AB 2.4247362970689093 1.1509824194947356
61962.3515 lsst_hardware_z 66.34901001574457 56.380001068115234 30.959999084472656 AB 10.942832830001398 1.166229952485568
61962.3622 lsst_hardware_r 140.52545184188838 69.16000366210938 31.6200008392334 AB 10.88574568012507 1.1584483084860158
61964.3779 lsst_hardware_r -39.947914575395984 50.099998474121094 31.600000381469727 AB 7.056981213058503 1.1509075096045398
61964.3906 lsst_hardware_i 64.24925458165808 45.5099983215332 31.290000915527344 AB 7.078382007018162 1.1512996297570812
61965.4366 lsst_hardware_z -61.12313432985129 51.77000045776367 30.950000762939453 AB 8.166984438915682 1.1876658821952566
61974.4036 lsst_hardware_r 14.509766925740994 22.280000686645508 31.450000762939453 AB 6.009069523704371 1.1772678696584946
61974.4156 lsst_hardware_u -1.9336553036262756 2.5 28.239999771118164 AB 6.168508305702927 1.1926160386104552
61976.4104 lsst_hardware_g -20.698428531633233 13.109999656677246 31.329999923706055 AB 7.400113704747527 1.1929894736010846
61976.4221 lsst_hardware_r 7.986161708174225 22.59000015258789 31.450000762939453 AB 7.462969607717422 1.21166856479562
61978.4062 lsst_hardware_i 17.115967887788525 31.34000015258789 31.219999313354492 AB 3.513782184978541 1.1948253391822752
61978.4179 lsst_hardware_z -34.81998455874249 43.59000015258789 30.93000030517578 AB 3.7426662036571576 1.213903304067406
61979.4091 lsst_hardware_r -13.822960868115539 22.520000457763672 31.459999084472656 AB 4.220622173831995 1.2035422766499677
61979.4208 lsst_hardware_g 5.781134946531254 13.470000267028809 31.34000015258789 AB 4.407965760096916 1.2244349333602544
61981.4038 lsst_hardware_r 0.33022735299253 22.610000610351562 31.450000762939453 AB 5.720070286182424 1.2038029364115939
61981.4154 lsst_hardware_i -6.89219607607562 31.739999771118164 31.219999313354492 AB 5.7809084583447365 1.2245525419265109
61992.3409 lsst_hardware_z 26.453480431505675 53.31999969482422 30.959999084472656 AB 5.963935061104243 1.1642436390045625
61992.3521 lsst_hardware_r -51.6568596722311 62.0 31.610000610351562 AB 6.005262445845302 1.1746809028989547
61994.3371 lsst_hardware_i -35.057011721764816 41.81999969482422 31.270000457763672 AB 3.6284168484104207 1.165600379625888
61994.3484 lsst_hardware_z -5.296778693149984 47.65999984741211 30.940000534057617 AB 3.673642509036202 1.1766010117819137
61995.2838 lsst_hardware_r 27.317029623719538 36.88999938964844 31.56999969482422 AB 3.9202547164002266 1.1530160930588902
61995.2959 lsst_hardware_z -12.099228662912527 45.77000045776367 30.950000762939453 AB 4.240305216241093 1.150693410106131
61997.3381 lsst_hardware_g -9.592353121300425 21.3799991607666 31.530000686645508 AB 6.518013560663385 1.1743110639876382
61997.3493 lsst_hardware_r -67.92673947096266 27.3700008392334 31.510000228881836 AB 6.613202141268885 1.1877514547134826
62001.3487 lsst_hardware_z -25.3803200787989 43.52000045776367 30.93000030517578 AB 2.818325922631095 1.2029990065654017
62001.3604 lsst_hardware_u 1.4141999553825637 2.5899999141693115 28.309999465942383 AB 2.874048246438999 1.2237803902231208
62002.0758 lsst_hardware_r 6.643151923582503 24.3799991607666 31.350000381469727 AB 4.072573366824832 1.7873923049483575
62011.3085 lsst_hardware_g -3.5729498878402635 13.25 31.350000381469727 AB 8.27705977590346 1.1843828827220917
62011.3193 lsst_hardware_r 21.522644783121095 22.700000762939453 31.459999084472656 AB 8.37883189080271 1.1996752537212598
62016.2951 lsst_hardware_z 35.01357807951267 66.54000091552734 30.969999313354492 AB 1.8268173876005358 1.184706477043149
62016.3064 lsst_hardware_r -91.40500735107716 92.83999633789062 31.610000610351562 AB 1.8240992005353798 1.2008552998916258
62020.2884 lsst_hardware_i 77.73380226433338 61.560001373291016 31.299999237060547 AB 2.364434701447258 1.190351418751518
62020.2995 lsst_hardware_z 79.05481905556574 58.79999923706055 30.959999084472656 AB 2.255465974374214 1.2074228984872664
62027.0341 lsst_hardware_g 19.820377910320115 13.359999656677246 31.229999542236328 AB 2.233197406030824 1.5951410043077316
62027.0402 lsst_hardware_r -21.42551458555732 23.790000915527344 31.389999389648438 AB 2.181688018089485 1.5583485843496323
62030.2376 lsst_hardware_r 20.67551612435704 22.329999923706055 31.469999313354492 AB 2.0543971322160712 1.1646242246121485
62030.2489 lsst_hardware_u 1.9638776886094977 2.630000114440918 28.3700008392334 AB 2.0512737208991023 1.175290519995666
62031.2759 lsst_hardware_i 41.70187973731128 31.59000015258789 31.219999313354492 AB 2.002789246747398 1.2188594665264618
62031.288 lsst_hardware_z -25.625835231034603 43.91999816894531 30.920000076293945 AB 2.0065140634724914 1.2435785952726937
62033.2833 lsst_hardware_r -24.010487712697774 22.6299991607666 31.450000762939453 AB 8.592433610722823 1.2452802334380901
62033.2949 lsst_hardware_u 1.4560283766372937 2.5399999618530273 28.260000228881836 AB 8.391046572495883 1.2734609696467234
62035.2236 lsst_hardware_r -4.930636789465375 22.459999084472656 31.479999542236328 AB 2.53275011843589 1.1643489798578968
62035.2358 lsst_hardware_u 1.841605185837089 2.690000057220459 28.420000076293945 AB 2.541992585520047 1.1758957259252698
62037.2282 lsst_hardware_g 1.0090691299664902 13.1899995803833 31.360000610351562 AB 4.50979211546933 1.1736100231096451
62037.2397 lsst_hardware_r 0.8092161877463303 22.510000228881836 31.459999084472656 AB 4.618415755312956 1.1872534075353378
62039.2663 lsst_hardware_z 24.229894213358964 43.619998931884766 30.920000076293945 AB 3.956441182087635 1.2439031174033646
62041.2453 lsst_hardware_r -32.34018112746935 39.43000030517578 31.559999465942383 AB 4.451726703431565 1.2128668507476168
62041.2574 lsst_hardware_z 29.61463376593986 47.7400016784668 30.940000534057617 AB 4.176120983483908 1.2364227826060767
62048.2467 lsst_hardware_r 27.28511560358853 87.61000061035156 31.600000381469727 AB 8.380654757975282 1.2553720770903907
62048.258 lsst_hardware_i 25.966452329896317 69.4800033569336 31.280000686645508 AB 8.493282334876604 1.2843635861899747
62052.1372 lsst_hardware_z 14.328663677123787 46.84000015258789 30.950000762939453 AB 4.032172236036181 1.1510078222663822
62052.1494 lsst_hardware_r -24.301496598199005 40.70000076293945 31.59000015258789 AB 4.034539811114498 1.1511907393326852
62064.1652 lsst_hardware_r 5.656113788913575 22.6200008392334 31.469999313354492 AB 3.128137480458727 1.186248570519047
62064.1763 lsst_hardware_i 46.27100467401773 31.549999237060547 31.229999542236328 AB 3.0765898881436247 1.2024191850485104
62065.1807 lsst_hardware_r -2.8254304304339244 22.489999771118164 31.459999084472656 AB 3.422609070920151 1.2145525446842267
62065.1914 lsst_hardware_u 2.1103682412225586 2.559999942779541 28.299999237060547 AB 3.377725721951493 1.2354519831573738
62067.1635 lsst_hardware_u -3.507973610921856 2.6500000953674316 28.329999923706055 AB 3.4239772346496715 1.1953140983240707
62067.1746 lsst_hardware_g 16.462295425832195 13.449999809265137 31.350000381469727 AB 2.8297723974514852 1.2134096397862364
62070.1641 lsst_hardware_r 54.54001909173571 40.650001525878906 31.56999969482422 AB 4.50894160790905 1.209371910927774
62070.1753 lsst_hardware_z -18.98426971019698 48.150001525878906 30.940000534057617 AB 2.9144679292976563 1.2303822392816013
62075.1435 lsst_hardware_i -3.5580976498796177 60.599998474121094 31.299999237060547 AB 5.525827167075288 1.198097893341975
62075.1556 lsst_hardware_r 1.4368618805911975 74.7699966430664 31.610000610351562 AB 5.634095850134659 1.2186000649162314
62077.1475 lsst_hardware_z 283.1049273586797 85.55000305175781 31.709999084472656 AB 4.734574351915742 1.2137859387922771
62079.1494 lsst_hardware_r 67.30606612998054 71.48999786376953 31.600000381469727 AB 4.5139104677708906 1.2277181689311665
62079.1614 lsst_hardware_i -39.671507210966574 58.2599983215332 31.280000686645508 AB 4.467884498055003 1.2538497188182371
62081.1454 lsst_hardware_z -34.59372618736594 49.560001373291016 30.940000534057617 AB 5.534326708987266 1.2306708269927733
62081.157 lsst_hardware_r 0.49884663415770886 49.650001525878906 31.56999969482422 AB 5.696405679556521 1.2563753152969828
62083.0647 lsst_hardware_i 1.4664539463769655 31.139999389648438 31.239999771118164 AB 7.1662594402172335 1.1512063357778688
62083.0757 lsst_hardware_u -0.273260744003131 2.680000066757202 28.40999984741211 AB 7.310387365749452 1.1542716893288607
62086.049 lsst_hardware_u -2.6985264833183678 2.5199999809265137 28.290000915527344 AB 5.192068000223288 1.150703038187819
62086.0603 lsst_hardware_g -19.27790453004706 13.170000076293945 31.350000381469727 AB 5.1439456073932766 1.151951988219212
62088.0468 lsst_hardware_r -25.283634813355217 22.3700008392334 31.469999313354492 AB 4.4185585440752275 1.1507661804173202
62088.0583 lsst_hardware_i 17.81547577279504 30.809999465942383 31.229999542236328 AB 4.473712026595314 1.1529195154871525
62093.0496 lsst_hardware_i 52.3458468837013 30.93000030517578 31.229999542236328 AB 5.442398658461056 1.1547835540895177
62093.0622 lsst_hardware_z -29.95777182134596 42.5 30.940000534057617 AB 5.46547364897737 1.162083769583029
62096.0523 lsst_hardware_g -16.242845426850327 15.579999923706055 31.40999984741211 AB 5.0811609919292895 1.1608775398513342
62096.0656 lsst_hardware_r 16.4847810920142 24.06999969482422 31.469999313354492 AB 5.105178641176196 1.1721222916258056
62098.0547 lsst_hardware_i 9.246568216530562 34.400001525878906 31.25 AB 8.768924150097712 1.1670114652777788
62098.0684 lsst_hardware_r -32.20687351098427 29.559999465942383 31.530000686645508 AB 8.96315214969778 1.1812791129944151
