data/validation/pwv_sim_epoch_fit_seasonal/59555280.ecsv
# %ECSV 0.9
# ---
# datatype:
# - {name: time, datatype: float64}
# - {name: band, datatype: string}
# - {name: flux, datatype: float64}
# - {name: fluxerr, datatype: float64}
# - {name: zp, datatype: float64}
# - {name: zpsys, datatype: string}
# - {name: pwv, datatype: float64}
# - {name: airmass, datatype: float64}
# meta: {SNID: '59555280', alt: 1024.0, c: -0.07150597125291824, dec: -46.964977, lat: -30.244573, lon: -70.7499537, ra: 71.41304, t0: 62463.609375,
#   x0: 6.1552539165749044e-06, x1: -0.3737681806087494, z: 0.5628379583358765}
# schema: astropy-2.0
time band flux fluxerr zp zpsys pwv airmass
62409.292 lsst_hardware_z -8.597157030281812 44.16999816894531 30.950000762939453 AB 4.195921048859866 1.1246103052425263
62409.3085 lsst_hardware_y 26.676511869251062 48.0 30.030000686645508 AB 4.114932624881505 1.0927984663077532
62416.3721 lsst_hardware_u 10.18094754299407 3.130000114440918 28.540000915527344 AB 3.7797172084190462 1.0499214467830684
62416.3838 lsst_hardware_g 0.07217652434979281 23.479999542236328 31.59000015258789 AB 4.1167789568443345 1.0582979323507287
62420.3686 lsst_hardware_z -27.018024486829606 41.369998931884766 30.940000534057617 AB 4.633526438097414 1.054812233361126
62420.3805 lsst_hardware_r -38.12306707646244 27.209999084472656 31.530000686645508 AB 4.856230051259875 1.0657417815493506
62422.3217 lsst_hardware_u -3.7600879928824242 2.559999942779541 28.389999389648438 AB 5.567699541953472 1.0457410315140891
62422.3328 lsst_hardware_g 16.188269331238814 12.640000343322754 31.3799991607666 AB 5.563277454130253 1.0438484786109457
62425.3656 lsst_hardware_r -1.5698814803950243 22.079999923706055 31.489999771118164 AB 7.795847922946197 1.0644127828892773
62425.3759 lsst_hardware_u -3.4561357152170897 7.710000038146973 29.1200008392334 AB 8.398215287947169 1.0766942676855344
62427.3534 lsst_hardware_g -18.16551714107984 12.8100004196167 31.3799991607666 AB 6.890540385028481 1.0579807385368605
62427.3641 lsst_hardware_r -7.1492292263972015 22.209999084472656 31.489999771118164 AB 6.878484576190651 1.0687791650173224
62429.3575 lsst_hardware_i -11.291581541067062 44.06999969482422 31.299999237060547 AB 0.545125487015427 1.0674781077342899
62429.3683 lsst_hardware_z -63.21564032603569 44.63999938964844 30.950000762939453 AB 0.5745339621377807 1.0813060767996945
62433.3518 lsst_hardware_r 38.181794839919704 73.0636197294682 31.639999389648438 AB 3.8323701504429533 1.0737436797878925
62433.3626 lsst_hardware_z -66.64308827134482 58.78904581815379 30.969999313354492 AB 3.8819829956678134 1.0892208180885488
62435.3506 lsst_hardware_z -52.642577835867 50.57858841072586 30.969999313354492 AB 2.5639339110158064 1.0794374954281893
62435.3616 lsst_hardware_i 77.99421481578808 50.562139666996046 31.299999237060547 AB 2.6233504627150936 1.0966420104710208
62437.3346 lsst_hardware_r 46.92443819372932 43.31173633392865 31.610000610351562 AB 3.5819835071467083 1.0663045343890385
62437.3459 lsst_hardware_z 31.104735796912014 46.4368670116332 30.959999084472656 AB 3.604851730913796 1.080510072960198
62438.341 lsst_hardware_r 20.244499147849005 36.935943842531394 31.59000015258789 AB 3.8193653571257506 1.0774963392305108
62438.3517 lsst_hardware_y 117.98256890615394 48.99866147944315 30.040000915527344 AB 3.93814239443849 1.0937259010661755
62440.3388 lsst_hardware_g 50.8652998468174 21.296070605798306 31.549999237060547 AB 5.12688655503294 1.0820782091669356
62440.3495 lsst_hardware_r 108.28523445434304 28.355445357047017 31.520000457763672 AB 5.127458085325277 1.0993692292718509
62442.3363 lsst_hardware_r 184.82806943864594 26.873671544596505 31.479999542236328 AB 2.8147916202011807 1.0865124627641796
62442.3481 lsst_hardware_i 232.9693276075516 34.1589404222377 31.239999771118164 AB 2.851574465463024 1.1068702437507654
62451.3328 lsst_hardware_z 751.3752142157031 49.29708786581091 30.93000030517578 AB 2.1937256284168685 1.1260461776457533
62451.3444 lsst_hardware_r 1278.2019533985654 41.96332136413536 31.450000762939453 AB 2.864971651770591 1.1542996179575304
62458.3089 lsst_hardware_i 1642.3978758707 59.869903690688496 31.280000686645508 AB 5.070128637422303 1.1157853515454013
62458.3205 lsst_hardware_r 2137.033971074963 57.497302670129166 31.549999237060547 AB 5.238725829928438 1.1420395661654117
62460.3151 lsst_hardware_z 2466.4127083033445 96.76610873558796 31.719999313354492 AB 5.509925645666186 1.1421902250552776
62461.3053 lsst_hardware_r 2298.0942754632665 97.32837323763854 31.6299991607666 AB 4.637800480454151 1.1256114266014199
62461.3188 lsst_hardware_i 1778.1217068141275 79.28546804492049 31.309999465942383 AB 4.835983949060804 1.158874658294072
62465.1344 lsst_hardware_g 1491.0323257117936 67.26881572113422 32.400001525878906 AB 8.73654953830563 1.1354032496498392
62465.145 lsst_hardware_i 3580.4607885182477 86.60349147348126 32.040000915527344 AB 8.562817535631217 1.1122468222589907
62466.275 lsst_hardware_z 2547.8107882730446 83.32000906912423 31.709999084472656 AB 5.794560165679797 1.0933132388075089
62468.2899 lsst_hardware_i 1660.8256396023535 54.128006655375465 31.25 AB 5.0022135488342485 1.134095913129116
62468.3015 lsst_hardware_r 1921.0871354880087 56.611861547722 31.549999237060547 AB 4.093226202821227 1.163867839581387
62473.2968 lsst_hardware_u -4.22416694887245 2.624577850731439 28.329999923706055 AB 7.310486300739212 1.1904812657748982
62473.3093 lsst_hardware_g 254.5941938833219 20.97946660270051 31.34000015258789 AB 7.574856368257484 1.233532794724528
62475.2572 lsst_hardware_g 204.0784521359871 19.753783777187653 31.34000015258789 AB 3.534031682004447 1.1053636079876286
62475.2699 lsst_hardware_r 1361.9083918699605 42.597329592599934 31.459999084472656 AB 3.6099400937885973 1.132027102345707
62477.2529 lsst_hardware_r 1270.9462032231017 40.84779441268072 31.469999313354492 AB 5.04224349561783 1.107576824957239
62477.2674 lsst_hardware_i 1277.9513459401821 46.322282129236775 31.229999542236328 AB 5.205183950084047 1.1390522348233594
62479.1974 lsst_hardware_i 2292.420237353436 63.19343688362492 31.989999771118164 AB 6.363266806641615 1.0485300608266308
62479.2112 lsst_hardware_z 1912.356396675976 71.60509050272074 31.690000534057617 AB 5.828438657042845 1.057808858036482
62481.1986 lsst_hardware_r 912.9005102188461 36.99958960155245 31.469999313354492 AB 10.62904035261242 1.052380232931923
62481.2095 lsst_hardware_u 7.170304428368477 2.7358272434057036 28.360000610351562 AB 10.131134063737255 1.0612221435479199
62483.1904 lsst_hardware_g 131.0598209308094 21.295669195406084 31.530000686645508 AB 11.62902580625552 1.0506573533735044
62483.2032 lsst_hardware_r 784.4917432051451 35.507454929675646 31.489999771118164 AB 11.740355011617899 1.060428284303437
62485.1906 lsst_hardware_i 808.3900935208588 49.234867175882876 31.290000915527344 AB 8.409558813172326 1.0544397644932253
62485.2043 lsst_hardware_z 744.0269533760588 52.670254097047774 30.959999084472656 AB 8.506203460235733 1.0671614834809888
62487.1938 lsst_hardware_r 684.8802918390306 61.24802046966408 31.6299991607666 AB 9.08443529728069 1.0618860663099052
62487.2072 lsst_hardware_z 786.4264809491718 56.74127510822333 30.959999084472656 AB 9.251222869165654 1.0774985385808777
62489.1989 lsst_hardware_r 493.4898596979652 79.8453240366488 31.649999618530273 AB 5.456158073948744 1.073765036857052
62489.2114 lsst_hardware_i 765.8541908666128 66.45597121952461 31.31999969482422 AB 5.658722079804258 1.09199576993521
62491.1776 lsst_hardware_i 1208.1324930157884 99.41056263561643 32.08000183105469 AB 5.129096241994531 1.0571096953820394
62491.1915 lsst_hardware_z 1391.307743012649 91.99286195580588 31.729999542236328 AB 5.18890060697862 1.0713490585638814
62493.1794 lsst_hardware_r 369.4225478199374 70.92038232835476 31.639999389648438 AB 6.101359281204659 1.0638813044820679
62493.1925 lsst_hardware_z 770.6149093246378 59.53237172387591 30.969999313354492 AB 6.157529569473833 1.0798263113590432
62495.1803 lsst_hardware_g 140.90875957464516 51.84803309708118 31.700000762939453 AB 7.267983827289502 1.0710130527852924
62495.1923 lsst_hardware_r 292.13411464135413 52.53824266592458 31.6200008392334 AB 7.342094585694239 1.0876371506841644
62497.1287 lsst_hardware_r 282.25813129840935 27.10648826927131 31.479999542236328 AB 5.054151540879654 1.043868754247876
62497.1427 lsst_hardware_i 415.1897707862472 35.98063212781499 31.239999771118164 AB 5.099507315243698 1.046213738573939
62499.1249 lsst_hardware_z 465.8311225679647 46.65848473569426 30.940000534057617 AB 7.829144532640969 1.0438859376854626
62499.1374 lsst_hardware_r 269.82908780404284 26.469857834562312 31.479999542236328 AB 7.473426221144018 1.046270952035638
62501.113 lsst_hardware_r 235.50220333655582 26.018782787090053 31.479999542236328 AB 7.810481420012872 1.0442169083208492
62501.1256 lsst_hardware_u 1.2803813540053186 2.989869887259117 28.399999618530273 AB 7.076127188937046 1.0445624517750371
62503.1098 lsst_hardware_g 34.71821027231342 13.874280658611962 31.3700008392334 AB 5.261144205034672 1.043981388041407
62503.1235 lsst_hardware_i 306.9469519641225 34.3807136413763 31.239999771118164 AB 5.29204078475697 1.0453413895816235
62505.1159 lsst_hardware_z 448.69439765215947 45.9223746099194 30.950000762939453 AB 2.4030713565567074 1.0448136332855251
62505.1294 lsst_hardware_r 204.79940711745414 25.26101476339565 31.479999542236328 AB 2.5465610994470316 1.0501282884317658
62509.1121 lsst_hardware_r 188.25347205400251 24.83329193129556 31.489999771118164 AB 6.076273113297646 1.0470315531242353
62509.1245 lsst_hardware_i 229.60326506904292 33.52172463601684 31.25 AB 6.199122743429719 1.0540335655344115
62510.0956 lsst_hardware_z 389.6018025752497 45.050439244900666 30.950000762939453 AB 6.813406445457741 1.0439202429168808
62510.1102 lsst_hardware_r 119.17864345026182 24.95657158049783 31.479999542236328 AB 6.884661581107515 1.0473755875871944
62512.0955 lsst_hardware_z 363.8489561606746 46.087597708484864 30.959999084472656 AB 6.018203400264774 1.0445549596918848
62512.1096 lsst_hardware_r 144.01492376435394 29.47592903630432 31.549999237060547 AB 6.002977658173554 1.0497469018402685
62514.0964 lsst_hardware_i 231.91870852471786 40.500614935343485 31.290000915527344 AB 3.5028881713491504 1.046262894668205
62514.1082 lsst_hardware_z 232.0141750464367 48.11608372662462 30.959999084472656 AB 3.298302133223595 1.0522018715089985
62517.0773 lsst_hardware_z 364.49296933849666 53.45195458951489 30.969999313354492 AB 3.4853009313339993 1.0439721226101542
62517.0901 lsst_hardware_r 132.12035663110345 59.892719283750644 31.639999389648438 AB 3.9334764649567346 1.0469727082663653
62523.0695 lsst_hardware_z 245.63834712019428 50.66778520859116 30.959999084472656 AB 11.291633695498039 1.0455216384720405
62523.0838 lsst_hardware_r 251.83588929004094 54.531709742096346 31.6299991607666 AB 11.733378573637797 1.0523209483083258
62525.067 lsst_hardware_u 1.1181902791177307 3.214841553237928 28.34000015258789 AB 13.532224028527784 1.0464947821922361
62525.0799 lsst_hardware_r 117.23336373534701 23.54950224014682 31.469999313354492 AB 13.662179186192644 1.0533880133535838
62527.0682 lsst_hardware_i 94.08418705924063 31.68893613350346 31.229999542236328 AB 12.517879895248537 1.0495120363799009
62527.0837 lsst_hardware_z 270.09602164547255 43.32397883546751 30.940000534057617 AB 14.494557565405614 1.0610561520739077
62529.0685 lsst_hardware_r 37.968581917316435 23.44011126738844 31.469999313354492 AB 12.266705232177687 1.0530565929300366
62529.0818 lsst_hardware_u -2.015048603637205 2.7552565765807913 28.299999237060547 AB 12.41674026407644 1.0646266195727034
62531.0701 lsst_hardware_g 85.61460701125085 19.72140774340177 32.119998931884766 AB 11.869763478232283 1.0586030808816471
62531.0832 lsst_hardware_r 198.92036342212393 33.378029786934036 32.220001220703125 AB 11.970566735463658 1.0725032913149855
62533.0664 lsst_hardware_i 115.5390786784084 31.90354383204387 31.239999771118164 AB 8.616923087653529 1.060196418117565
62533.0782 lsst_hardware_z 218.92199180780068 43.48416470799455 30.940000534057617 AB 8.707339971720351 1.0730813751452597
62772.3899 lsst_hardware_z 18.31803090608284 46.31999969482422 30.959999084472656 AB 4.185825006213962 1.0464562515534905
62774.3927 lsst_hardware_u 2.2424818724511915 10.75 29.280000686645508 AB 3.3341622031623133 1.0503779485430067
62776.2344 lsst_hardware_g -0.2677429797196152 13.109999656677246 31.329999923706055 AB 4.3934247622117715 1.298293369447804
62776.2515 lsst_hardware_r 18.2732287109025 22.479999542236328 31.459999084472656 AB 4.481281896391021 1.228000793694979
62785.1815 lsst_hardware_z -11.909014202653587 93.5 31.68000030517578 AB 5.625011432051925 1.4551833998323438
62785.1981 lsst_hardware_r -29.233867077335226 126.26000213623047 32.33000183105469 AB 5.225382267676397 1.3563613932969234
62787.3693 lsst_hardware_y 39.63049081309518 77.04000091552734 30.799999237060547 AB 5.793115938924132 1.059361056765865
62789.3646 lsst_hardware_r -31.18930680239623 57.18000030517578 31.6299991607666 AB 6.22836819599415 1.0600575603768072
62789.3767 lsst_hardware_i -18.412627230124215 55.029998779296875 31.309999465942383 AB 7.6217897677546915 1.0732899597852081
62791.367 lsst_hardware_z 14.985334653563077 48.34000015258789 30.959999084472656 AB 5.209545866329227 1.0681865627084512
62791.3778 lsst_hardware_r -7.7095325995856925 49.560001373291016 31.6200008392334 AB 5.219774650196131 1.0822110921466088
62793.3488 lsst_hardware_z 81.56310563292621 42.9900016784668 30.959999084472656 AB 4.03199402123991 1.0558643561208438
62793.36 lsst_hardware_r -1.1579982718037318 32.0099983215332 31.56999969482422 AB 4.053967756108037 1.0664594237393994
62799.355 lsst_hardware_g 24.12311952554141 13.199999809265137 31.389999389648438 AB 3.998350836536786 1.0808301053892915
62799.3662 lsst_hardware_r 36.21814685021257 24.690000534057617 31.510000228881836 AB 4.022597906324883 1.0987202366253606
62801.3563 lsst_hardware_i -15.96769723586695 30.690000534057617 31.239999771118164 AB 3.362982709963621 1.0911689519674306
62801.3671 lsst_hardware_z 25.000387210341188 53.27000045776367 30.969999313354492 AB 3.4135322315484653 1.1106335550832065
62803.3448 lsst_hardware_z 21.558317349717942 41.5099983215332 30.950000762939453 AB 3.876695004675449 1.0818683733979246
62803.3564 lsst_hardware_r -12.687265465524597 22.6200008392334 31.5 AB 3.971419629445151 1.1007260613761505
62807.3294 lsst_hardware_r 21.94980579312633 21.459999084472656 31.469999313354492 AB 3.3130768077480655 1.0756742882298913
62807.3414 lsst_hardware_u -2.4432321092265816 2.5899999141693115 28.3700008392334 AB 2.8131605736642618 1.0936220967983394
62812.2605 lsst_hardware_y 64.69640538631985 70.0199966430664 30.799999237060547 AB 5.263398527450903 1.0442733053817066
62812.2744 lsst_hardware_g -223.04325832548946 86.58999633789062 32.470001220703125 AB 5.257448928649225 1.044664643393161
62813.281 lsst_hardware_z 63.751214878306165 55.09000015258789 30.979999542236328 AB 5.327748509823678 1.0477038136720076
62813.295 lsst_hardware_r -78.69241695817944 69.93000030517578 31.649999618530273 AB 6.3419254410465475 1.0565180099477811
62817.3262 lsst_hardware_z 24.50859473918404 56.599998474121094 30.969999313354492 AB 4.107780263323199 1.1162699146239359
62817.3374 lsst_hardware_r -50.11919848115801 73.7699966430664 31.6299991607666 AB 4.145840167909481 1.1416329802862402
62819.251 lsst_hardware_r 2.0236331396642364 55.84000015258789 31.639999389648438 AB 5.890365998981145 1.0440209143889474
62819.262 lsst_hardware_z -47.607744070813276 49.720001220703125 30.969999313354492 AB 6.041133255700911 1.0466273831777912
62833.3005 lsst_hardware_g -11.112475465896386 12.859999656677246 31.350000381469727 AB 4.065135542007413 1.1592316367027284
62833.3129 lsst_hardware_i -24.584901541402687 31.15999984741211 31.219999313354492 AB 4.206198005641072 1.1961319509856243
62836.1597 lsst_hardware_i 14.30907781188048 31.020000457763672 31.260000228881836 AB 8.722887865861495 1.0657596968959502
62836.174 lsst_hardware_r 27.97610512830595 23.1299991607666 31.5 AB 8.164334872823737 1.0530888875332929
62842.2799 lsst_hardware_z -63.57476387444213 54.060001373291016 30.959999084472656 AB 5.348291375892826 1.1703684831539638
62842.2909 lsst_hardware_r -80.03002719129408 54.93000030517578 31.59000015258789 AB 5.459622870983506 1.2046164423814072
62844.1975 lsst_hardware_i -29.161422413538258 66.44999694824219 31.329999923706055 AB 6.392194842419051 1.048244480554178
62844.2098 lsst_hardware_z 9.329063845282755 60.20000076293945 30.989999771118164 AB 5.831501219523039 1.0560806289319806
62849.1935 lsst_hardware_g 33.99881011435206 54.59000015258789 31.709999084472656 AB 8.010840603694621 1.0540579741703449
62849.2059 lsst_hardware_r 26.88752027197943 51.720001220703125 31.6200008392334 AB 8.095355731728358 1.0651783857537314
62851.1894 lsst_hardware_i 43.90465709012715 36.880001068115234 31.280000686645508 AB 10.853944107271282 1.0550762347335823
62851.2037 lsst_hardware_r 44.310756526849275 37.77000045776367 31.59000015258789 AB 11.002297434194093 1.0688064425055492
62855.1304 lsst_hardware_r -13.33896164434693 21.600000381469727 31.5 AB 3.1977166556513463 1.048259844501236
62855.1425 lsst_hardware_g 3.834021616879707 12.829999923706055 31.40999984741211 AB 3.1342083342456593 1.0443879820878572
62858.1771 lsst_hardware_i 24.01583156827156 29.690000534057617 31.239999771118164 AB 6.138232453161431 1.0609225170740926
62858.1899 lsst_hardware_z -63.00417131562111 40.9900016784668 30.940000534057617 AB 6.210507909824786 1.0753660724339218
62860.1275 lsst_hardware_z 24.747562010531464 40.5 30.940000534057617 AB 6.682532960732004 1.0446354479806672
62860.141 lsst_hardware_i -27.667656404324863 29.520000457763672 31.239999771118164 AB 6.648387292471718 1.0442766500387524
62865.1702 lsst_hardware_i 37.56637904696486 29.799999237060547 31.239999771118164 AB 9.993834546457565 1.0746058652104908
62865.1826 lsst_hardware_r -8.160556920060046 21.520000457763672 31.469999313354492 AB 10.164105605952082 1.0929145812851702
62866.1125 lsst_hardware_i -31.322356460481128 32.29999923706055 31.270000457763672 AB 7.832903060118844 1.0443870746825126
62866.1264 lsst_hardware_z -36.98859000482897 41.65999984741211 30.959999084472656 AB 7.082251452403777 1.0445798602365453
62868.1112 lsst_hardware_r -25.62182899210534 38.619998931884766 31.600000381469727 AB 5.264269552503715 1.0439283233362184
62868.1247 lsst_hardware_z -9.718001439430532 44.400001525878906 30.959999084472656 AB 5.3220270345899365 1.0454821794695877
62870.1118 lsst_hardware_r -25.939670656994522 74.41999816894531 32.380001068115234 AB 2.401316579902253 1.0440506869140231
62870.1265 lsst_hardware_i -64.6371265768014 65.30999755859375 32.060001373291016 AB 2.6044730703119354 1.048253457781091
62872.1131 lsst_hardware_z 1.428740487387394 54.029998779296875 30.979999542236328 AB 8.963664378905717 1.0452948169331175
62872.125 lsst_hardware_i -43.42563664065008 56.150001525878906 31.31999969482422 AB 8.507773607957917 1.0503424207355454
62881.0951 lsst_hardware_z -31.44423438369028 40.709999084472656 30.950000762939453 AB 5.677475053611634 1.0476334826445381
62881.1073 lsst_hardware_u 2.1839838070110074 2.630000114440918 28.440000534057617 AB 5.718705113832569 1.0549494445194594
62883.0755 lsst_hardware_r 21.077424854342294 21.489999771118164 31.489999771118164 AB 2.9020192987302518 1.0439857176833283
62883.0878 lsst_hardware_g -9.76449232059582 12.779999732971191 31.399999618530273 AB 2.033542761936997 1.0468688607140266
62889.0771 lsst_hardware_u -1.832361322002296 2.5399999618530273 28.3700008392334 AB 7.683017700481272 1.0495208934473426
62889.0905 lsst_hardware_g -15.935250199306298 12.649999618530273 31.3700008392334 AB 8.999012006824744 1.0591330248619242
62891.0708 lsst_hardware_r 22.457497762101863 21.56999969482422 31.489999771118164 AB 7.116504783243059 1.049077520471161
62891.0833 lsst_hardware_i 1.8336291049902549 29.860000610351562 31.25 AB 7.174421484638995 1.057615294469063
62897.0651 lsst_hardware_i 0.5283175309523747 36.11000061035156 31.280000686645508 AB 9.625465413610938 1.056118654115749
62897.0768 lsst_hardware_z -60.23224850075095 43.84000015258789 30.959999084472656 AB 9.704891291378912 1.0673512555819444
