data/validation/pwv_sim_epoch_fit_seasonal/59762090.ecsv
# %ECSV 0.9
# ---
# datatype:
# - {name: time, datatype: float64}
# - {name: band, datatype: string}
# - {name: flux, datatype: float64}
# - {name: fluxerr, datatype: float64}
# - {name: zp, datatype: float64}
# - {name: zpsys, datatype: string}
# - {name: pwv, datatype: float64}
# - {name: airmass, datatype: float64}
# meta: {SNID: '59762090', alt: 1024.0, c: 0.038600556552410126, dec: -13.401351, lat: -30.244573, lon: -70.7499537, ra: 25.664062, t0: 62824.7265625,
#   x0: 7.237609976873295e-05, x1: 0.45505478978157043, z: 0.1953374445438385}
# schema: astropy-2.0
time band flux fluxerr zp zpsys pwv airmass
62705.3425 lsst_hardware_r 0.16491715143128297 33.5099983215332 31.540000915527344 AB 5.33139758929021 1.2112224739016
62705.3668 lsst_hardware_y -85.82198834208948 48.75 30.020000457763672 AB 5.049561602111061 1.1287089359287086
62712.3887 lsst_hardware_u -1.0027987119433337 2.6700000762939453 28.389999389648438 AB 4.96568673150293 1.0566227640399888
62712.4114 lsst_hardware_y 58.117127039661405 47.150001525878906 30.040000915527344 AB 4.876654838940414 1.0457444257913684
62717.3661 lsst_hardware_g -11.114460155137783 20.1200008392334 32.15999984741211 AB 2.022904995096914 1.0662769015708937
62717.39 lsst_hardware_r -7.053969416529141 32.56999969482422 32.2400016784668 AB 2.193078399929329 1.0473153772346364
62721.3615 lsst_hardware_i 13.35711872393509 30.959999084472656 31.25 AB 2.6420142131779003 1.0591357839962148
62721.3851 lsst_hardware_z -69.14076792251436 41.45000076293945 30.950000762939453 AB 1.4642682623753118 1.0459059016966514
62724.3472 lsst_hardware_r -23.032699662123502 59.83000183105469 31.639999389648438 AB 5.756479543613706 1.0660147302988343
62724.3709 lsst_hardware_z 7.870451894479205 49.18000030517578 30.959999084472656 AB 5.65549053072768 1.0473130612458665
62730.3402 lsst_hardware_z -108.17898868501618 87.83999633789062 31.739999771118164 AB 4.722934392588293 1.0560533048440093
62730.3641 lsst_hardware_i -143.41219226035142 93.36000061035156 32.08000183105469 AB 4.683155144443034 1.0456972523039039
62732.3616 lsst_hardware_z -31.003420505486492 72.30999755859375 31.719999313354492 AB 2.485524449589352 1.0458760570542192
62732.3826 lsst_hardware_r -24.124154874581496 78.20999908447266 32.38999938964844 AB 1.9832418080628837 1.0564143153744054
62734.3536 lsst_hardware_y -15.256099825905993 47.65999984741211 30.040000915527344 AB 1.9823923899872964 1.0457034893774477
62734.3731 lsst_hardware_g -13.019768245424018 28.649999618530273 31.6299991607666 AB 1.9258710744925431 1.0531079012946238
62737.3276 lsst_hardware_g 7.70639239565173 14.520000457763672 31.440000534057617 AB 3.2784726443849217 1.0511294146793593
62737.3456 lsst_hardware_r -4.826676103284174 23.610000610351562 31.510000228881836 AB 3.3718005118039316 1.0457086848175943
62739.2925 lsst_hardware_i 4.7571550819777615 31.200000762939453 31.25 AB 2.9357542956082883 1.0870479988675468
62739.3103 lsst_hardware_z -12.332807137766125 41.689998626708984 30.950000762939453 AB 2.9226194298681185 1.0612913259825714
62741.2896 lsst_hardware_r 28.682721770465186 23.100000381469727 31.489999771118164 AB 3.9523082580902895 1.0825275973953135
62741.3076 lsst_hardware_u -0.5218657627448802 2.700000047683716 28.43000030517578 AB 3.2402427504046227 1.0584416649840884
62750.2839 lsst_hardware_i 13.878501710219828 30.780000686645508 31.260000228881836 AB 0.9349216527569733 1.0576036795893362
62750.3028 lsst_hardware_z -23.6479458515321 41.2599983215332 30.959999084472656 AB 0.7325328218097993 1.0464754597282848
62754.249 lsst_hardware_z -54.95856395227153 87.69999694824219 31.729999542236328 AB 4.001384397944502 1.0918325702700609
62756.2394 lsst_hardware_r 213.55462173300475 120.70999908447266 31.649999618530273 AB 3.313151454302071 1.1002274034653767
62756.2585 lsst_hardware_z 27.515597197067013 79.4000015258789 30.989999771118164 AB 3.901442890518111 1.067718360842395
62759.2383 lsst_hardware_r 83.78166237100618 88.7699966430664 31.649999618530273 AB 0.7101801339931403 1.0863176045784173
62759.2573 lsst_hardware_y -46.07256460882756 55.33000183105469 30.049999237060547 AB 2.5783609190367036 1.0596003776863165
62766.2193 lsst_hardware_z -1.2278086014869318 42.22999954223633 30.950000762939453 AB 2.235499611581002 1.086116658122678
62766.2395 lsst_hardware_r 2.784133704734421 23.3799991607666 31.5 AB 2.1028242457786486 1.0582910144829707
62773.213 lsst_hardware_g -2.205786548439471 14.529999732971191 31.43000030517578 AB 4.913310241489811 1.0665458819101994
62773.2314 lsst_hardware_r 10.529475152597158 23.350000381469727 31.5 AB 4.857832928334139 1.0498882490456318
62775.2063 lsst_hardware_i 10.060581744491493 31.219999313354492 31.25 AB 5.098245694228447 1.068142823010429
62775.2242 lsst_hardware_z 13.614050063969236 41.59000015258789 30.950000762939453 AB 4.44097576787739 1.0509112446170121
62777.2397 lsst_hardware_r 3.4869375991915197 23.389999389648438 31.510000228881836 AB 3.443962798518719 1.046002368570507
62777.2589 lsst_hardware_u -3.7162421056960198 2.7899999618530273 28.489999771118164 AB 2.862987501535328 1.0556738574982771
62779.1844 lsst_hardware_z -41.55230608942481 44.68000030517578 30.950000762939453 AB 6.676710801422131 1.0850559265583095
62779.2027 lsst_hardware_r 8.644608066812193 35.70000076293945 31.59000015258789 AB 6.5615372021517375 1.0595942191605552
62782.203 lsst_hardware_r 18.21156217073349 69.80999755859375 31.649999618530273 AB 4.355597378906671 1.0522884748720176
62782.2152 lsst_hardware_y 82.28157560775556 51.5099983215332 30.049999237060547 AB 3.3410476044957265 1.0465301815181862
62786.1765 lsst_hardware_i 148.0065847232646 103.5 31.34000015258789 AB 6.582855267738873 1.067836368726034
62786.1948 lsst_hardware_z -29.20318886556716 85.44999694824219 31.0 AB 6.443216491764249 1.0505244280050408
62790.1703 lsst_hardware_g 110.11797090182138 46.09000015258789 31.700000762939453 AB 8.04461695022097 1.0621241668700463
62790.1876 lsst_hardware_i -30.800851997636794 47.7400016784668 31.309999465942383 AB 7.950178451914502 1.0485595425896204
62792.1648 lsst_hardware_z 7.9067600877644395 41.61000061035156 30.959999084472656 AB 6.522772797993238 1.0621678550713984
62792.1824 lsst_hardware_r -28.649889052746982 23.450000762939453 31.510000228881836 AB 6.10419798255561 1.048440955409852
62795.1664 lsst_hardware_u -3.9252792977370934 2.9100000858306885 28.579999923706055 AB 2.8545554256471988 1.0530824246114472
62795.1831 lsst_hardware_g 39.56576474132686 14.75 31.459999084472656 AB 2.6171921366139563 1.0459006806769506
62798.1728 lsst_hardware_i 9.121473342232013 31.219999313354492 31.260000228881836 AB 2.2495038498526765 1.0462403084473084
62798.1899 lsst_hardware_z 82.2508887077709 41.84000015258789 30.959999084472656 AB 2.4739334973139604 1.0481658711218602
62800.1454 lsst_hardware_r -35.818745021580625 23.700000762939453 31.520000457763672 AB 2.61780232865918 1.0595530202347776
62800.162 lsst_hardware_u -2.354652732861236 2.880000114440918 28.549999237060547 AB 2.534350959605001 1.0478297793291622
62802.1369 lsst_hardware_g 50.34384659032459 15.53816582866104 31.450000762939453 AB 3.15379892456994 1.0628394488550337
62802.1551 lsst_hardware_i 72.09895415530421 31.893503025009597 31.260000228881836 AB 3.01076262740156 1.0484373629953199
62804.1327 lsst_hardware_z 122.10140328247131 42.995295145436835 30.959999084472656 AB 5.918808353390086 1.0614316706370923
62804.1486 lsst_hardware_r 521.2112986962791 31.335525940450616 31.530000686645508 AB 5.865319000207344 1.0489236822474797
62814.1136 lsst_hardware_z 5969.606172074369 111.25831327671017 31.0 AB 6.741982717980982 1.0537778263206836
62814.1305 lsst_hardware_r 13282.749538329828 166.17998557544846 31.65999984741211 AB 6.963711289523055 1.0459949364660992
62818.0903 lsst_hardware_z 7498.141276986803 98.79518812120277 30.959999084472656 AB 3.8189682968466534 1.066328956469144
62818.1078 lsst_hardware_r 18621.41704554936 147.25396796967624 31.6299991607666 AB 3.765408030667068 1.050298606913015
62824.0928 lsst_hardware_r 19915.815837914397 143.06058586124487 31.489999771118164 AB 4.639170240170507 1.0495266648199777
62824.1117 lsst_hardware_u 275.7717489005105 16.75344398323617 28.360000610351562 AB 4.626132355835283 1.0460446254008553
62828.0698 lsst_hardware_u 191.55740123758622 14.767521856977028 28.43000030517578 AB 7.221148334230521 1.0586900428926849
62828.0889 lsst_hardware_g 15602.43530554371 125.22508982020014 31.43000030517578 AB 7.138516743469669 1.0467033348195995
62830.0668 lsst_hardware_r 19031.10937632074 139.5019935018109 31.489999771118164 AB 5.461973797229775 1.0563724586074412
62830.0865 lsst_hardware_i 14395.41450695802 122.81812592580648 31.239999771118164 AB 5.389981418747693 1.0460397688123853
62832.0597 lsst_hardware_z 5945.234830783039 86.80278501712243 30.950000762939453 AB 3.8979694486299303 1.0578893021430966
62832.081 lsst_hardware_r 18268.214002458662 137.07866457204764 31.510000228881836 AB 3.8194616915426907 1.0460457435300412
62834.0618 lsst_hardware_u 101.89005420198573 10.981503263424479 28.450000762939453 AB 5.683096485285155 1.0517435893931355
62834.0814 lsst_hardware_g 11544.325317289118 108.18929649542116 31.440000534057617 AB 5.582069539358627 1.0457230309777588
62837.0621 lsst_hardware_r 16471.309958984308 132.49457582159638 31.600000381469727 AB 6.571558432801862 1.0473994048827513
62837.0794 lsst_hardware_z 4596.120240716688 79.87188862434664 30.959999084472656 AB 6.584023666698504 1.0467446210967415
62839.0626 lsst_hardware_r 15275.51072443166 138.0185995174235 31.639999389648438 AB 3.6231292087248073 1.0459379932808335
62839.0816 lsst_hardware_y 1627.6514186068487 63.61902730870502 30.049999237060547 AB 3.659102941752151 1.04995780251144
62841.0485 lsst_hardware_z 8032.8075534910895 126.45756844518198 31.739999771118164 AB 3.420664584110127 1.0484795660107669
62850.0318 lsst_hardware_y 1638.1357411595538 79.60817960805922 30.06999969482422 AB 7.9338093527888525 1.0460503817103053
62850.0503 lsst_hardware_g 2922.663979376109 55.79318260775839 31.450000762939453 AB 8.065069072802775 1.0492759157130163
63069.432 lsst_hardware_g -5.6586685953662395 16.969999313354492 31.520000457763672 AB 5.229766931724824 1.0459533863449648
63079.3187 lsst_hardware_z 157.88875150030825 109.4000015258789 32.459999084472656 AB 5.936156132214195 1.2109455773322624
63079.3606 lsst_hardware_y 16.70588389124168 87.30000305175781 31.219999313354492 AB 5.681290284742719 1.0886304737231558
63083.3183 lsst_hardware_z -52.91357086454171 64.7300033569336 30.969999313354492 AB 1.7792895884171112 1.170906227639448
63083.3457 lsst_hardware_r -48.27224317263519 84.7699966430664 31.639999389648438 AB 2.222001344217724 1.0963822422129728
63085.396 lsst_hardware_i 19.715861784786423 61.400001525878906 31.31999969482422 AB 3.263069394475482 1.046023207076609
63085.418 lsst_hardware_z -23.211242050501 58.40999984741211 30.979999542236328 AB 3.492230154990935 1.0582515621184652
63088.3239 lsst_hardware_r 39.77025976005594 49.5099983215332 32.33000183105469 AB 5.471632107254059 1.1145366867030266
63088.3415 lsst_hardware_z 111.69934344424469 63.040000915527344 31.709999084472656 AB 5.5228165706290095 1.0791142041447224
63091.371 lsst_hardware_g -15.354288800960953 15.0600004196167 31.469999313354492 AB 4.8925970549189675 1.0460972963264843
63091.3902 lsst_hardware_i 80.05813736825388 31.1200008392334 31.260000228881836 AB 4.66702421330492 1.049654026045526
63094.3676 lsst_hardware_u -1.7569596274410113 2.7699999809265137 28.5 AB 5.674786602926204 1.0457223469765733
63094.3858 lsst_hardware_g 11.49463787447785 14.199999809265137 31.440000534057617 AB 5.062834464346595 1.0519629036094946
63100.2555 lsst_hardware_i 22.909933522750304 32.279998779296875 31.229999542236328 AB 2.2083236471541188 1.2365788038193852
63100.2723 lsst_hardware_z 16.807655600330225 43.06999969482422 30.940000534057617 AB 2.0579039192740627 1.1694850838837256
63102.2911 lsst_hardware_r -1.0155921312116876 23.239999771118164 31.5 AB 3.0906023970010055 1.102113719176609
63110.2736 lsst_hardware_z 28.03171969089435 70.8499984741211 30.979999542236328 AB 1.8463447695668511 1.0931585373397579
63110.2892 lsst_hardware_r -100.39312603826629 103.94000244140625 31.649999618530273 AB 1.7077340798989464 1.0677787077317298
63115.2626 lsst_hardware_z -32.248269965848635 53.59000015258789 30.969999313354492 AB 0.9292446550094814 1.0881084953272615
63115.2823 lsst_hardware_r 102.11947415609632 59.880001068115234 31.6299991607666 AB 0.9141636574279088 1.0598998926700391
63121.2363 lsst_hardware_z -52.91114218425639 42.209999084472656 30.940000534057617 AB 3.346640077325342 1.1086484355097201
63121.2548 lsst_hardware_r 9.318883010908452 23.15999984741211 31.5 AB 3.8809033945720266 1.0738526271643682
63123.2379 lsst_hardware_u -0.4251289177533402 2.7100000381469727 28.420000076293945 AB 1.3303254160212168 1.0935679539837377
63123.2574 lsst_hardware_g 24.42551857077413 14.289999961853027 31.440000534057617 AB 2.185679918534439 1.0632462713804633
63125.2381 lsst_hardware_r 5.3598180681178045 23.139999389648438 31.489999771118164 AB 3.680398572916282 1.0831072904403418
63125.2556 lsst_hardware_z 19.98648796929769 41.349998474121094 30.940000534057617 AB 4.243847746461831 1.0592847357836905
63132.2529 lsst_hardware_r 20.89989206627482 32.790000915527344 32.25 AB 1.8144705120675662 1.0478174275654857
63132.2904 lsst_hardware_i 25.902787022801036 30.940000534057617 31.25 AB 1.8337654486799257 1.0589598356188215
63136.2287 lsst_hardware_z 121.21846644440951 70.66999816894531 31.719999313354492 AB 3.5678552499572698 1.056307682805863
63138.2376 lsst_hardware_r -9.732193794352204 97.58999633789062 31.65999984741211 AB 4.836961134823818 1.047414710875688
63138.2563 lsst_hardware_z 20.273977421173768 68.31999969482422 30.989999771118164 AB 4.750221594411281 1.0472269828948075
63139.1406 lsst_hardware_r -213.4696200227776 129.91000366210938 31.600000381469727 AB 5.2445363757218235 1.2780122757830779
63139.1529 lsst_hardware_y 44.13726982008093 65.05000305175781 30.010000228881836 AB 5.044110417501244 1.2193659349318076
63146.1863 lsst_hardware_z -7.167655815422115 42.0 30.940000534057617 AB 4.891251428662029 1.0742133445084985
63146.2047 lsst_hardware_r -53.886428222928444 30.40999984741211 31.559999465942383 AB 4.828009361324533 1.0535754198199843
63150.1815 lsst_hardware_r -45.00313118559201 23.290000915527344 31.489999771118164 AB 4.120076036679377 1.0658585012752237
63150.1994 lsst_hardware_z -33.831338008556486 41.310001373291016 30.940000534057617 AB 4.084708977299272 1.0498737947136578
63152.1809 lsst_hardware_r -16.902505932514135 23.450000762939453 31.5 AB 6.825116897907827 1.0602946866411593
63152.1986 lsst_hardware_u -1.7724081113743548 2.740000009536743 28.450000762939453 AB 6.984998269785361 1.0476973556002194
63156.1697 lsst_hardware_i 38.97489973790608 31.040000915527344 31.25 AB 6.984853954869221 1.060587719327226
63156.1869 lsst_hardware_z -122.51293159221326 41.369998931884766 30.940000534057617 AB 6.892374394625752 1.0480042161113663
63158.1626 lsst_hardware_r -55.564815775904165 23.489999771118164 31.5 AB 3.9902899042792725 1.0623775038017234
63158.1807 lsst_hardware_u -4.082266816394882 2.7300000190734863 28.440000534057617 AB 2.711296418444744 1.0483166974267601
63160.1677 lsst_hardware_g 18.46856215337149 14.680000305175781 31.440000534057617 AB 2.700789679162282 1.0526658487057494
63160.1852 lsst_hardware_i -49.144515988196524 31.100000381469727 31.260000228881836 AB 2.68175044119695 1.0457885510973806
63162.1456 lsst_hardware_r -42.39695334880348 30.040000915527344 31.559999465942383 AB 5.059863823555664 1.069946005791608
63162.1618 lsst_hardware_z -15.126634878452064 42.779998779296875 30.950000762939453 AB 5.041076206488278 1.0529846381637364
63164.1392 lsst_hardware_r -0.8434841508774972 47.970001220703125 31.6200008392334 AB 4.686532285164032 1.0712481889208805
63164.158 lsst_hardware_y -4.190261797887076 49.06999969482422 30.049999237060547 AB 4.62124342532224 1.0518164957204044
63169.1345 lsst_hardware_i 58.141738448577435 99.55000305175781 31.34000015258789 AB 5.863318927950269 1.0602746705153598
63169.1512 lsst_hardware_z 75.06760725068136 82.31999969482422 31.0 AB 5.806138273330062 1.048086695849102
63171.1257 lsst_hardware_z -14.62374214005596 63.77000045776367 30.989999771118164 AB 4.908557721240679 1.0639937257024832
63171.1448 lsst_hardware_r -205.91551593728994 87.68000030517578 31.65999984741211 AB 4.844917334980203 1.0484942834943634
63185.0935 lsst_hardware_i 13.19085641127986 30.6299991607666 31.25 AB 4.44189701243821 1.0575945267710023
63185.1116 lsst_hardware_r -12.917786876148533 22.8700008392334 31.5 AB 4.396081563677878 1.046686086589971
63190.0927 lsst_hardware_r 13.85130745103895 25.530000686645508 31.530000686645508 AB 6.063829444389472 1.0485914248014765
63190.1131 lsst_hardware_i -29.52375917627843 31.780000686645508 31.260000228881836 AB 6.0198498786043135 1.0468393841586494
63192.0715 lsst_hardware_i -61.177090961654635 38.939998626708984 31.280000686645508 AB 4.656038171221628 1.060480166546472
63192.0907 lsst_hardware_z -75.45344748908478 45.08000183105469 30.950000762939453 AB 4.009456572594387 1.0472200694570053
63194.0673 lsst_hardware_i -16.71792800058483 59.56999969482422 31.31999969482422 AB 8.034930170013181 1.0591787727409363
63194.087 lsst_hardware_z 109.80881546566907 57.18000030517578 30.979999542236328 AB 8.278629354481742 1.0466911692280272
63196.0725 lsst_hardware_z -99.71270623814205 67.83000183105469 30.989999771118164 AB 4.619908580074816 1.0506159596896416
63196.0909 lsst_hardware_r -99.41616590139752 91.16999816894531 31.65999984741211 AB 3.778340296172611 1.0457867271151615
63198.0448 lsst_hardware_i -135.25059890704784 83.7699966430664 31.329999923706055 AB 4.097156754978179 1.0734908528327107
63198.0537 lsst_hardware_r -2.7149404738036282 105.79000091552734 31.649999618530273 AB 4.059373291002515 1.0620144652488763
63200.0599 lsst_hardware_z -13.092394373517937 57.84000015258789 30.979999542236328 AB 5.225522726113005 1.0516775297837495
63200.0798 lsst_hardware_g -17.293281027987884 85.94000244140625 31.729999542236328 AB 5.161413622106126 1.045773198684318
63205.0386 lsst_hardware_y 41.324512100792454 48.66999816894531 30.040000915527344 AB 2.3251008881924773 1.0578658069501317
63205.0576 lsst_hardware_z 73.35301665495008 41.2400016784668 30.950000762939453 AB 1.5865335151036288 1.0465260653713582
63207.039 lsst_hardware_y -61.44471170053773 49.150001525878906 30.040000915527344 AB 5.666394767176711 1.0529233528876212
63207.0581 lsst_hardware_u -2.4929516009650006 2.6500000953674316 28.3799991607666 AB 4.830957523539491 1.0457183881247882
63212.0308 lsst_hardware_y -72.50601605603478 69.81999969482422 30.06999969482422 AB 13.962320245126868 1.0494894544934994
63212.0494 lsst_hardware_r -12.18842047465196 23.200000762939453 31.510000228881836 AB 14.22117376831418 1.0460334748429005
63215.0324 lsst_hardware_z 56.095920946190496 61.099998474121094 30.979999542236328 AB 7.931752358352992 1.0460903860747108
63215.051 lsst_hardware_g 2.9001941448768065 14.869999885559082 31.459999084472656 AB 8.057963361410238 1.0493030628101034
63217.0332 lsst_hardware_y 46.066668678085875 67.66999816894531 30.059999465942383 AB 10.592833521468771 1.045758212597307
63217.0525 lsst_hardware_i 63.61603534637199 31.350000381469727 31.25 AB 11.487356125712239 1.0537892051841233
