data/validation/pwv_sim_epoch_fit_seasonal/59769988.ecsv
# %ECSV 0.9
# ---
# datatype:
# - {name: time, datatype: float64}
# - {name: band, datatype: string}
# - {name: flux, datatype: float64}
# - {name: fluxerr, datatype: float64}
# - {name: zp, datatype: float64}
# - {name: zpsys, datatype: string}
# - {name: pwv, datatype: float64}
# - {name: airmass, datatype: float64}
# meta: {SNID: '59769988', alt: 1024.0, c: -0.015793506056070328, dec: -13.554784, lat: -30.244573, lon: -70.7499537, ra: 295.839844,
#   t0: 62376.1015625, x0: 3.0212432174252486e-06, x1: 1.106034278869629, z: 0.7534550428390503}
# schema: astropy-2.0
time band flux fluxerr zp zpsys pwv airmass
[from data line 133]
62708.1666 lsst_hardware_g 13.32395222949503 15.510000228881836 31.450000762939453 AB 9.506042351970844 1.0457884103453505
62710.1425 lsst_hardware_r 6.910306626778357 24.459999084472656 31.510000228881836 AB 3.915216532308528 1.058166630353656
62710.1608 lsst_hardware_z -33.25183957932883 41.52000045776367 30.940000534057617 AB 3.8698248645671485 1.0458986120451752
62712.1434 lsst_hardware_r -59.90630182940247 24.489999771118164 31.510000228881836 AB 5.82466640453503 1.0524761990396223
62712.1618 lsst_hardware_u -1.224619538965785 2.75 28.420000076293945 AB 5.798947084466195 1.0445259754971308
62717.119 lsst_hardware_u -1.7544276710018367 2.7300000190734863 28.399999618530273 AB 1.854674278994054 1.0630028823585294
62717.137 lsst_hardware_g 8.74330096155269 15.380000114440918 31.459999084472656 AB 1.4809631551838747 1.0478512890451943
62724.1047 lsst_hardware_z -117.77180014309883 91.55000305175781 31.0 AB 7.929334780669312 1.0577382486052573
62724.123 lsst_hardware_r 39.9817557720068 129.27000427246094 31.65999984741211 AB 7.837202935121618 1.0457621423253318
62730.0834 lsst_hardware_i 45.00977333816176 40.40999984741211 31.290000915527344 AB 4.320285692511265 1.0631278234416328
62730.1005 lsst_hardware_z 16.2856766811344 47.33000183105469 30.969999313354492 AB 4.2147323763123765 1.0483756921366523
62732.1064 lsst_hardware_g -15.187903906587232 15.199999809265137 31.459999084472656 AB 2.2699445507367897 1.0446132308959493
62732.1286 lsst_hardware_r -8.023613802276193 24.110000610351562 31.510000228881836 AB 1.8960275668574054 1.050867433480618
62734.0982 lsst_hardware_i 37.26486308652892 31.350000381469727 31.260000228881836 AB 2.5688273079507544 1.0450884084421295
62734.1179 lsst_hardware_r -19.126242081756814 24.049999237060547 31.510000228881836 AB 2.566487131883795 1.0477595966049378
62737.085 lsst_hardware_u -4.836212531987302 2.759999990463257 28.440000534057617 AB 3.0318423059634734 1.0466659284108655
62739.0753 lsst_hardware_r 8.305759110150989 24.139999389648438 31.520000457763672 AB 2.18002938435685 1.0487212913323756
62739.0933 lsst_hardware_i -7.518143337740906 31.510000228881836 31.260000228881836 AB 1.9805132573074127 1.0445285934904827
62741.0513 lsst_hardware_i 1.8324578675188676 31.579999923706055 31.260000228881836 AB 3.7298637231408165 1.0656753494688047
62741.0682 lsst_hardware_z -53.19266405039884 41.790000915527344 30.950000762939453 AB 3.6739300397482952 1.0496942970709415
62743.0544 lsst_hardware_i -0.05761482484540671 31.459999084472656 31.260000228881836 AB 4.4202270456454995 1.0562071793657106
62743.0723 lsst_hardware_u 0.021905049743071534 2.759999990463257 28.450000762939453 AB 4.327501782592822 1.0454165436871174
62750.0541 lsst_hardware_r 50.64825982661955 56.58000183105469 31.639999389648438 AB 0.6889503219772952 1.0451838007240888
62750.0735 lsst_hardware_i 59.16342311753817 50.90999984741211 31.31999969482422 AB 0.6677277819241749 1.0474161285076597
62752.0246 lsst_hardware_i 206.69288122129856 123.2300033569336 32.09000015258789 AB 2.5479466376439004 1.0616444323516252
62752.0429 lsst_hardware_z -74.32880677673019 77.7699966430664 31.0 AB 2.3732014578840923 1.0471546365130573
62754.0253 lsst_hardware_i -78.01917060604664 89.9000015258789 31.34000015258789 AB 3.404806888635597 1.0553450255360237
62754.0433 lsst_hardware_z -57.88215191151057 77.69999694824219 30.989999771118164 AB 3.239979885409628 1.0451548017450412
62756.028 lsst_hardware_g 35.16297591818091 97.83000183105469 31.729999542236328 AB 2.1559091088260223 1.0492318329850456
62756.0469 lsst_hardware_r 16.990617278134728 92.33999633789062 31.65999984741211 AB 3.094595015450975 1.0445302707417783
62761.0185 lsst_hardware_u -1.8610213518046594 2.7799999713897705 28.440000534057617 AB 1.7700827665358059 1.047076466450654
62761.0365 lsst_hardware_g -6.527194351609041 15.430000305175781 31.469999313354492 AB 1.715686394851023 1.0450351118325099
62763.0211 lsst_hardware_r -40.7323842617324 24.389999389648438 31.520000457763672 AB 6.163742103836282 1.0447020514976748
62763.0412 lsst_hardware_i 22.321894682166946 31.670000076293945 31.260000228881836 AB 6.189730315352261 1.0491068331105526
62765.994 lsst_hardware_y -10.3387728160693 48.310001373291016 30.040000915527344 AB 2.1299932328665068 1.0540607362945789
62766.0137 lsst_hardware_z -81.59391372938514 41.81999969482422 30.950000762939453 AB 2.6739935996680675 1.0445967574717367
62770.0027 lsst_hardware_y -82.12322143115942 67.08000183105469 30.790000915527344 AB 3.4840213792268466 1.0446057654529186
62770.0298 lsst_hardware_r 28.07647546582291 34.58000183105469 32.2599983215332 AB 3.4274362384797237 1.0547580361531694
