data/validation/pwv_sim_epoch_fit_seasonal/59811290.ecsv
# %ECSV 0.9
# ---
# datatype:
# - {name: time, datatype: float64}
# - {name: band, datatype: string}
# - {name: flux, datatype: float64}
# - {name: fluxerr, datatype: float64}
# - {name: zp, datatype: float64}
# - {name: zpsys, datatype: string}
# - {name: pwv, datatype: float64}
# - {name: airmass, datatype: float64}
# meta: {SNID: '59811290', alt: 1024.0, c: 0.04400942474603653, dec: -8.084014, lat: -30.244573, lon: -70.7499537, ra: 38.144531, t0: 62090.9765625,
#   x0: 2.875378723717696e-06, x1: -0.7057852149009705, z: 0.7693290114402771}
# schema: astropy-2.0
time band flux fluxerr zp zpsys pwv airmass
61984.4134 lsst_hardware_r 12.218921718642669 33.66999816894531 32.2400016784668 AB 2.03473934031586 1.095811510806617
61984.4345 lsst_hardware_y 149.54702661547506 84.73999786376953 30.799999237060547 AB 1.3483220826478604 1.0815417775250218
61993.3906 lsst_hardware_z 48.74417102684755 82.13999938964844 31.719999313354492 AB 6.616163164144549 1.0939121768267874
61993.4158 lsst_hardware_y 31.112530032168664 75.30999755859375 30.790000915527344 AB 6.4944759017257585 1.0807614869048552
61996.4041 lsst_hardware_z -61.42853836860108 47.130001068115234 30.959999084472656 AB 3.728595500961582 1.0810656714878464
61996.4245 lsst_hardware_y 43.9155034690657 54.369998931884766 30.040000915527344 AB 4.625582611482334 1.0861574698220884
62010.2743 lsst_hardware_i 17.37395243967436 46.09000015258789 31.979999542236328 AB 4.6913170155418165 1.2903594981778168
62010.3003 lsst_hardware_z -68.55395053813737 60.95000076293945 31.690000534057617 AB 3.6085486869405985 1.1841012918590168
62012.3388 lsst_hardware_r 16.788749976221364 23.329999923706055 31.489999771118164 AB 2.855292102771055 1.0938419497271312
62012.3581 lsst_hardware_u 0.21184580535081846 2.7300000190734863 28.440000534057617 AB 2.8384065206253895 1.081538063934991
62014.3085 lsst_hardware_g 47.78747136533239 56.400001525878906 31.68000030517578 AB 1.7739154065842657 1.1331302501334486
62014.3259 lsst_hardware_i 27.527752456779147 44.84000015258789 31.290000915527344 AB 1.6929396248033302 1.1027126688183229
62019.2987 lsst_hardware_r -56.546715096068375 103.86000061035156 31.639999389648438 AB 0.7876224868809624 1.1251749812585177
62019.3173 lsst_hardware_z -31.23467628566384 70.56999969482422 30.989999771118164 AB 0.7675035763300393 1.0964336804714847
62022.3474 lsst_hardware_r 19.68905393477684 80.08999633789062 31.649999618530273 AB 4.794045127961085 1.0828901936100335
62022.3679 lsst_hardware_y 101.82071124112998 54.61000061035156 30.040000915527344 AB 4.819994103582894 1.0999111786976519
62029.2657 lsst_hardware_r 6.121981207036768 23.270000457763672 31.489999771118164 AB 4.597361184697219 1.1372100555814362
62029.2848 lsst_hardware_i -50.88729814932105 31.010000228881836 31.25 AB 4.432981797295138 1.1029146949646746
62032.2593 lsst_hardware_i 36.395039006375896 31.440000534057617 31.239999771118164 AB 6.294955605599329 1.1332563311758999
62032.2834 lsst_hardware_z -62.54086080167568 42.0099983215332 30.950000762939453 AB 6.060431008260493 1.0946816000470523
62034.2569 lsst_hardware_i 11.59427531034007 31.239999771118164 31.239999771118164 AB 4.360969275711273 1.1268654459202256
62034.2766 lsst_hardware_u 4.220677086498575 2.7699999809265137 28.479999542236328 AB 4.235704202507957 1.0961494593507761
62038.2472 lsst_hardware_i -5.069554217740019 31.25 31.239999771118164 AB 6.828931054589914 1.1244432154431954
62038.2662 lsst_hardware_r 25.360799458034105 23.079999923706055 31.479999542236328 AB 6.5670265627285165 1.0955695641977228
62040.2464 lsst_hardware_z -52.4392252611347 43.56999969482422 30.940000534057617 AB 3.8072727642318003 1.115847820701132
62040.2645 lsst_hardware_g -0.4638456098953366 14.100000381469727 31.399999618530273 AB 4.200222720231353 1.091723112172419
62047.2177 lsst_hardware_i -1.7422730941928963 93.0 31.31999969482422 AB 2.959871337777965 1.1346661998318237
62047.2366 lsst_hardware_z -9.558935837315849 78.87000274658203 30.989999771118164 AB 2.8729231946102787 1.1016513815850753
62049.2186 lsst_hardware_z -15.764938253189623 82.52999877929688 30.989999771118164 AB 5.293637811397585 1.1216918656728028
62049.2364 lsst_hardware_r 129.19313577961418 119.93000030517578 31.649999618530273 AB 5.387484526525287 1.095314013253989
62051.2159 lsst_hardware_i 8.858792490899633 67.55000305175781 31.31999969482422 AB 3.713836052161673 1.1166633080920556
62051.2334 lsst_hardware_r -77.97471769461109 79.83000183105469 31.639999389648438 AB 3.6197468384387697 1.0927537625478945
62056.2084 lsst_hardware_r 2.696984895974855 23.699160184791168 31.489999771118164 AB 6.442496395241613 1.1067204458220705
62056.2244 lsst_hardware_i 8.506361370222125 31.432511133908992 31.25 AB 6.318986483856307 1.0886045395411312
62058.2039 lsst_hardware_z -5.862272252466245 42.36168906204707 30.940000534057617 AB 7.161009454923897 1.1053214840900614
62058.2211 lsst_hardware_r -35.24489531240252 23.586150837452095 31.5 AB 6.85558660986487 1.0869805945560997
62061.1968 lsst_hardware_r 22.285356809368448 24.075363380803175 31.5 AB 6.4352313990307835 1.1037817213396794
62061.2217 lsst_hardware_z -7.045424948597732 42.18904278995552 30.950000762939453 AB 5.3854687368646825 1.08232498479958
62066.1809 lsst_hardware_i 63.47132910704769 32.82656424187987 31.25 AB 3.556087778049168 1.1070108264137055
62066.1989 lsst_hardware_r 7.561108745205548 24.228583870164616 31.510000228881836 AB 3.4690029091355457 1.0872345097584608
62068.1574 lsst_hardware_z 79.3684062467386 44.750573474650345 30.950000762939453 AB 5.009483413337735 1.1413940600385977
62068.1735 lsst_hardware_g 43.38435428798703 18.952651896185905 31.510000228881836 AB 5.09202175421604 1.1099774941070388
62069.1764 lsst_hardware_r 95.57897805927398 31.89024644694623 31.559999465942383 AB 1.314844849645101 1.1018252929990702
62069.1932 lsst_hardware_i 178.54203996796457 36.71908923183275 31.270000457763672 AB 1.3518866602504953 1.0855620933488987
62074.1692 lsst_hardware_z 345.35091236619843 64.59789419318481 30.979999542236328 AB 3.778200015859074 1.0941789793971604
62076.1225 lsst_hardware_i 610.4626953643699 105.72730366928994 31.31999969482422 AB 6.698756780632229 1.176596624232827
62080.1514 lsst_hardware_i 790.9446133227367 71.16224119467553 31.31999969482422 AB 2.768481606141252 1.0957051211640838
62080.1684 lsst_hardware_r 606.9765980573534 81.08665296886302 31.639999389648438 AB 3.309411706438856 1.082863622110186
62082.1933 lsst_hardware_u -9.20674271842838 9.091161461562058 29.200000762939453 AB 5.657431108739852 1.0887876013163258
62082.2117 lsst_hardware_g 171.67148406677964 49.12364621611121 31.68000030517578 AB 5.2742807681777695 1.1107646405428788
62084.1994 lsst_hardware_r 562.8022636102398 34.38173490984999 31.5 AB 9.708404971548925 1.100892610925566
62084.2181 lsst_hardware_i 972.0498363576626 46.46882244714662 31.260000228881836 AB 10.203908593719653 1.13297034609562
62087.1228 lsst_hardware_i 962.6435088267833 44.777994806703525 31.239999771118164 AB 3.9850099197781073 1.1081528291738068
62087.1416 lsst_hardware_z 660.459407350569 48.86325399392779 30.940000534057617 AB 5.436014799753152 1.0872029599506303
62089.127 lsst_hardware_i 1074.9231629429783 45.08449079841701 31.25 AB 4.5752212967652275 1.0955115244868452
62089.1453 lsst_hardware_u 0.9534005676330106 2.762464375592491 28.440000534057617 AB 4.517614666696553 1.0823010241841249
62094.1066 lsst_hardware_r 583.4698349932095 32.91726472750471 31.5 AB 6.386121367191294 1.1039103486933957
62094.1269 lsst_hardware_i 1023.9742420792454 44.29063731389653 31.25 AB 5.771991619404983 1.084417263164764
62099.1064 lsst_hardware_g 45.9611136779304 30.036812277179127 31.6299991607666 AB 5.642499737261576 1.0890754173444464
62099.1263 lsst_hardware_r 442.1088599911532 39.30853991404454 31.56999969482422 AB 8.310662342326001 1.0807571644621787
62104.1445 lsst_hardware_z 503.75699710153896 72.52819362296854 30.979999542236328 AB 5.758975498211963 1.100511274261793
62104.1638 lsst_hardware_r 312.2808387478655 97.04432307610107 31.639999389648438 AB 5.973103718336249 1.133631375656908
62106.1428 lsst_hardware_i 924.1812882287978 94.33980497238679 31.329999923706055 AB 7.127840846957154 1.1056344221127408
62106.1625 lsst_hardware_r 290.0311355387827 117.07911961205883 31.639999389648438 AB 7.43019231710241 1.1431065103234477
62108.0798 lsst_hardware_z 902.9021932329448 93.62536546595287 31.729999542236328 AB 3.7709613289806683 1.0908190133008082
62113.0799 lsst_hardware_i 382.7733617811884 36.96551947526911 31.25 AB 5.822319054481558 1.082248964555573
62113.0984 lsst_hardware_z 386.78756544795027 46.028781362514394 30.950000762939453 AB 6.748745411522133 1.0826574815949521
62115.0703 lsst_hardware_i 383.1300382747022 36.1730503599061 31.25 AB 10.95657225476148 1.084022055414697
62115.0889 lsst_hardware_u -1.6984053298637916 2.777048376545387 28.479999542236328 AB 11.426867108146123 1.0814069818434817
62117.116 lsst_hardware_g 10.411099962959812 14.384574588391075 31.40999984741211 AB 13.313522921180699 1.1105399350352314
62117.1358 lsst_hardware_r 137.97168485388872 26.04662330647189 31.479999542236328 AB 11.868627849278374 1.1513438278390271
62119.1148 lsst_hardware_i 333.8067470027509 35.163719013834495 31.239999771118164 AB 8.69619371947364 1.117727956237562
62119.1326 lsst_hardware_r 113.15199475266928 25.512896196863718 31.479999542236328 AB 9.115068476744064 1.1572660758604636
62121.0431 lsst_hardware_z 180.96390247270244 46.88597706824852 30.950000762939453 AB 11.927645045447221 1.0919335414390083
62121.0615 lsst_hardware_u 4.06897393682648 2.8370276256405624 28.489999771118164 AB 11.805099348319521 1.0812923508700358
62125.0436 lsst_hardware_y 292.36409268948927 52.744913367049605 30.040000915527344 AB 4.858394379241049 1.083717169189594
62125.0623 lsst_hardware_z 201.7274814234025 44.40237551947557 30.950000762939453 AB 4.706837533307741 1.0815757803165886
62127.0371 lsst_hardware_y 238.04521953432823 66.18167583487322 30.049999237060547 AB 6.120560784045054 1.0842446030194959
62127.0564 lsst_hardware_z 194.8204211371151 44.591925234164584 30.950000762939453 AB 5.26998523860351 1.0814662915254716
62130.038 lsst_hardware_y 221.91137608263088 69.19184840603073 30.049999237060547 AB 10.097912529988228 1.0810890776712412
62130.0572 lsst_hardware_r 45.54781477944577 52.01135208798187 31.6200008392334 AB 10.499109980594634 1.0852354106769997
62132.0389 lsst_hardware_y 96.56463100694643 71.38679449970515 30.049999237060547 AB 6.283267073872362 1.080837226010154
62132.058 lsst_hardware_r 43.7263163124136 74.35970681150951 31.639999389648438 AB 6.9187142490330595 1.0897901263834493
62350.4035 lsst_hardware_z -14.471993261019849 47.86000061035156 30.950000762939453 AB 2.0765455645609756 1.1059181064588899
62350.4224 lsst_hardware_y -34.240690917790715 49.9900016784668 30.030000686645508 AB 1.3259678351746578 1.086116998095283
62355.4032 lsst_hardware_r -7.321592349321262 23.81999969482422 31.5 AB 3.379812585204303 1.0903793693529313
62355.4264 lsst_hardware_z 67.56941517288267 45.130001068115234 30.950000762939453 AB 3.566707626781641 1.0808204929641336
62361.3944 lsst_hardware_u -3.384036975325265 2.7799999713897705 28.479999542236328 AB 4.805997251027728 1.084875225965627
62361.4163 lsst_hardware_y -15.70922706233159 48.22999954223633 30.040000915527344 AB 4.812771575096297 1.0819269183431166
62363.3972 lsst_hardware_i -8.730484440917744 31.420000076293945 31.260000228881836 AB 5.307743732568265 1.0815208311964135
62363.4161 lsst_hardware_y 35.33512822817449 48.33000183105469 30.040000915527344 AB 5.314979525744926 1.0840628600628737
62365.39 lsst_hardware_r -33.17560271609237 23.420000076293945 31.510000228881836 AB 4.117013530438182 1.0820009278418352
62365.4124 lsst_hardware_y 1.525640450241022 47.9900016784668 30.040000915527344 AB 4.185036070469405 1.085026095833053
62368.3451 lsst_hardware_y -62.575494065848 49.220001220703125 30.020000457763672 AB 2.9408280989089337 1.1213121881960855
62368.3648 lsst_hardware_g 11.305166698343527 14.430000305175781 31.420000076293945 AB 2.861798767654601 1.0931240518161194
62377.3206 lsst_hardware_i -38.71290315432664 64.01000213623047 31.309999465942383 AB 7.820890576236439 1.1211808679660873
62377.3397 lsst_hardware_z -85.51397502474124 60.27000045776367 30.969999313354492 AB 7.661103549974868 1.0936621770128292
62379.3033 lsst_hardware_r 24.02970005877654 45.4900016784668 31.600000381469727 AB 6.864917754136837 1.1467809988117497
62379.3228 lsst_hardware_z -32.36071324458369 48.2400016784668 30.959999084472656 AB 6.559686567830732 1.1081955598818072
62381.3435 lsst_hardware_g 15.087371357991342 21.8700008392334 31.559999465942383 AB 2.3431510135613234 1.0830372144956428
62381.3606 lsst_hardware_r 43.95046926245564 28.440000534057617 31.540000915527344 AB 2.3025074834581405 1.0816241848306003
62388.2673 lsst_hardware_r -20.75499110667758 23.209999084472656 31.469999313354492 AB 5.067461702610188 1.1784794657232995
62388.285 lsst_hardware_u -5.297581231315227 2.5999999046325684 28.329999923706055 AB 4.869131870551066 1.1323562489653642
62394.268 lsst_hardware_z -1.757020513479625 42.369998931884766 30.940000534057617 AB 2.8833570308289604 1.1336921484255413
62394.2862 lsst_hardware_r -14.909168962047895 23.200000762939453 31.489999771118164 AB 2.6969588846676937 1.101998999455609
62400.1738 lsst_hardware_i -36.46021328996396 78.3499984741211 31.239999771118164 AB 6.704965322406827 1.5151322662865683
62400.1998 lsst_hardware_z -20.818042250257573 68.16999816894531 30.950000762939453 AB 5.750473711540978 1.327849533145238
62402.2756 lsst_hardware_r 8.545566287495769 114.72000122070312 31.649999618530273 AB 1.9065447028890248 1.0897654775015861
62402.2953 lsst_hardware_z -60.63385079932437 76.61000061035156 30.989999771118164 AB 2.1297017399947697 1.0808382693989105
62405.2457 lsst_hardware_z 42.86911458362638 68.94000244140625 30.979999542236328 AB 3.4206496287259704 1.1183466528094268
62405.2639 lsst_hardware_i 92.12642063620851 73.88999938964844 31.329999923706055 AB 3.43934399037934 1.0930118613493665
62408.2792 lsst_hardware_z 2.7979815658426967 48.04999923706055 30.959999084472656 AB 4.969622239408963 1.080822583603418
62408.2978 lsst_hardware_r 5.361706137492459 45.959999084472656 31.610000610351562 AB 6.616992209492112 1.086816584961825
62410.2866 lsst_hardware_u -0.6562608445663306 3.7899999618530273 28.639999389648438 AB 5.10937456049687 1.0834893391878568
62410.3062 lsst_hardware_g -17.882067209541567 23.829999923706055 31.579999923706055 AB 4.862147927203419 1.1004484180769716
62412.2136 lsst_hardware_g -23.0617720073077 14.390000343322754 31.389999389648438 AB 3.7740227323285973 1.1458133532685364
62412.2338 lsst_hardware_r -7.3250835487880614 23.479999542236328 31.489999771118164 AB 3.6184441458759413 1.1065578427754121
62415.2164 lsst_hardware_i 45.99985707839238 31.549999237060547 31.239999771118164 AB 5.521917336483054 1.1220368470231077
62415.2348 lsst_hardware_z -13.211526996952248 42.189998626708984 30.940000534057617 AB 5.322548373653413 1.0948741854746955
62419.2067 lsst_hardware_g -5.869993519440993 14.40999984741211 31.389999389648438 AB 3.8049385380327543 1.119758251334084
62419.2241 lsst_hardware_i -56.17417634198756 31.1299991607666 31.229999542236328 AB 2.8632056786681415 1.0946370633368707
62424.2016 lsst_hardware_y -13.539211852016242 48.290000915527344 30.030000686645508 AB 7.345027825164061 1.1057348191234535
62424.2187 lsst_hardware_g -21.44432590263615 24.280000686645508 31.600000381469727 AB 6.9386068830153205 1.0872719064532417
62426.2494 lsst_hardware_r 124.02202264873277 46.7599983215332 31.610000610351562 AB 5.669410915746201 1.0873438656974566
62426.2693 lsst_hardware_i 14.513567846768439 41.66999816894531 31.280000686645508 AB 6.76033761071857 1.1101174285839934
62428.1756 lsst_hardware_i 1.3421315651799732 63.22999954223633 31.309999465942383 AB 2.917154723337341 1.132765643466592
62428.1926 lsst_hardware_z 15.392847770866114 59.06999969482422 30.969999313354492 AB 2.847671272657623 1.103035999738266
62430.1752 lsst_hardware_r 112.28374471243964 118.66999816894531 31.639999389648438 AB 2.8814624730418403 1.1225019372973528
62431.1074 lsst_hardware_z 19.678218084659388 98.05999755859375 30.959999084472656 AB 6.020797486996508 1.3752916176944092
62431.1165 lsst_hardware_i 12.919035967691556 113.69000244140625 31.290000915527344 AB 5.76194365534561 1.320284969718299
62434.1858 lsst_hardware_z 16.02846363130334 64.08999633789062 30.979999542236328 AB 5.018360045720447 1.09195670907261
