data/validation/pwv_sim_epoch_fit_seasonal/59844349.ecsv
# %ECSV 0.9
# ---
# datatype:
# - {name: time, datatype: float64}
# - {name: band, datatype: string}
# - {name: flux, datatype: float64}
# - {name: fluxerr, datatype: float64}
# - {name: zp, datatype: float64}
# - {name: zpsys, datatype: string}
# - {name: pwv, datatype: float64}
# - {name: airmass, datatype: float64}
# meta: {SNID: '59844349', alt: 1024.0, c: -0.12324215471744537, dec: -64.760857, lat: -30.244573, lon: -70.7499537, ra: 142.883209, t0: 60406.11328125,
#   x0: 2.579630263236862e-06, x1: -0.22306303679943085, z: 0.8027907609939575}
# schema: astropy-2.0
time band flux fluxerr zp zpsys pwv airmass
60297.3367 lsst_hardware_z 30.111007897127784 43.88999938964844 30.93000030517578 AB 6.391725758888233 1.217085196868594
60297.3488 lsst_hardware_y -56.02646838986865 56.95000076293945 29.989999771118164 AB 6.341363535929467 1.2151309790360985
60301.3382 lsst_hardware_u -3.2113618322181017 2.940000057220459 28.389999389648438 AB 7.37987050381527 1.2151268667093884
60301.3504 lsst_hardware_y -17.001967927151902 56.27000045776367 30.0 AB 7.380090024206788 1.2164315187418473
60306.3233 lsst_hardware_y -59.592613599525954 74.68000030517578 30.739999771118164 AB 7.634984381232888 1.2151813435035634
60312.3224 lsst_hardware_z 106.15876298276463 46.380001068115234 30.940000534057617 AB 5.615830996671333 1.2169746629355462
60312.3337 lsst_hardware_r -7.937003734304269 37.0099983215332 31.549999237060547 AB 6.646152848474974 1.2215508612737171
60314.3205 lsst_hardware_i -6.430730156932056 33.86000061035156 31.229999542236328 AB 12.235908224894166 1.2181194360226149
60314.3336 lsst_hardware_z 10.652092702894087 44.7400016784668 30.93000030517578 AB 13.826262331170142 1.2247010346933116
60316.3215 lsst_hardware_r -2.579499666033433 23.31999969482422 31.459999084472656 AB 10.099576488321693 1.2208983636038193
60316.3334 lsst_hardware_u -6.521082494173112 2.7899999618530273 28.329999923706055 AB 8.41615440082214 1.228411516266687
60318.2985 lsst_hardware_u -3.4327426630855413 2.5799999237060547 28.31999969482422 AB 9.161617493929068 1.2154716409856143
60318.3114 lsst_hardware_g -4.812109352659715 13.119999885559082 31.34000015258789 AB 9.096430026613788 1.218815992846865
60320.2735 lsst_hardware_r 24.4667069873801 22.360000610351562 31.450000762939453 AB 7.455586522817595 1.2172386159702195
60320.2854 lsst_hardware_i 57.590424446088456 31.299999237060547 31.219999313354492 AB 7.454355621286835 1.2151859405455907
60322.2703 lsst_hardware_z -64.95857140601328 43.31999969482422 30.93000030517578 AB 5.663958810567873 1.2166166492466703
60322.2829 lsst_hardware_r -1.4305217556911403 22.420000076293945 31.459999084472656 AB 5.586053554881777 1.2151519588605129
60324.2629 lsst_hardware_u 5.48909009746681 2.5299999713897705 28.290000915527344 AB 6.774650500390017 1.2171488502317673
60324.2749 lsst_hardware_r 18.892945928466048 22.209999084472656 31.450000762939453 AB 6.738954785607624 1.2151748726827476
60326.2662 lsst_hardware_i 0.27053038655657236 31.280000686645508 31.219999313354492 AB 2.6703457477784642 1.2154048539101676
60326.2782 lsst_hardware_z -3.4264815326564118 43.290000915527344 30.93000030517578 AB 2.640082290773153 1.2156940709623114
60328.2676 lsst_hardware_r 18.435668256372274 22.25 31.440000534057617 AB 7.833951181824524 1.2151940819789853
60328.2799 lsst_hardware_u -2.318267610748053 2.4100000858306885 28.18000030517578 AB 7.767488225214898 1.2173474389115495
60330.2712 lsst_hardware_g 11.297215187773999 12.789999961853027 31.309999465942383 AB 14.40236276904508 1.2164671454913702
60330.2828 lsst_hardware_r 38.112194774949906 22.1200008392334 31.440000534057617 AB 14.467338420354372 1.2206835865355026
60332.2694 lsst_hardware_i -107.47671624283161 49.81999969482422 31.280000686645508 AB 11.566115583123986 1.2174858508551565
60332.2819 lsst_hardware_z 27.803343615035622 51.279998779296875 30.950000762939453 AB 11.619910848113312 1.223148510327717
60334.2805 lsst_hardware_r -28.70775924558335 78.81999969482422 31.600000381469727 AB 11.407962980624914 1.2257291110489228
60334.2941 lsst_hardware_z 109.75088311482526 58.720001220703125 30.950000762939453 AB 12.123078607844171 1.2370488375351194
60336.256 lsst_hardware_r 64.59079461875018 77.44000244140625 31.610000610351562 AB 14.007692471508827 1.2167729044496831
60336.2669 lsst_hardware_i 4.164775386494101 61.33000183105469 31.290000915527344 AB 14.04681920408882 1.2209316996165858
60338.2581 lsst_hardware_z -2.7883248007257073 53.040000915527344 30.950000762939453 AB 13.686893759490353 1.2193857521466167
60338.2699 lsst_hardware_i 56.36640794712645 52.22999954223633 31.280000686645508 AB 13.74427604085317 1.225954319685416
60350.249 lsst_hardware_r 0.8394927403876564 31.450000762939453 32.20000076293945 AB 5.35696960511732 1.235700958467722
60350.2612 lsst_hardware_i -33.683292673794746 44.290000915527344 31.969999313354492 AB 4.2287158597121355 1.2490668615306855
60352.25 lsst_hardware_i -16.914160827069132 31.450000762939453 31.219999313354492 AB 6.8329225453404545 1.2423495536982645
60352.2625 lsst_hardware_u -0.9330482968033088 2.569999933242798 28.309999465942383 AB 6.918961706431049 1.257993037532918
60354.1865 lsst_hardware_r 22.573736564277148 22.270000457763672 31.459999084472656 AB 1.7584000896276037 1.215904176301365
60354.1975 lsst_hardware_u -2.009855301139531 2.5899999141693115 28.34000015258789 AB 1.4696804340000225 1.2152815055128798
60356.1866 lsst_hardware_g 18.144164233829454 12.84000015258789 31.329999923706055 AB 5.085083547040365 1.2152673178619453
60356.1975 lsst_hardware_r -8.14146258813081 22.1299991607666 31.450000762939453 AB 5.105338253750502 1.2159427406519063
60362.1881 lsst_hardware_r -180.76227635380712 68.41999816894531 31.600000381469727 AB 9.771986567959262 1.217730965819404
60362.1996 lsst_hardware_z 21.82287411434243 55.40999984741211 30.950000762939453 AB 9.799541992200146 1.222968165008598
60363.2412 lsst_hardware_r -92.86014671947198 79.7300033569336 31.59000015258789 AB 14.823634435202507 1.2711965156604548
60363.2499 lsst_hardware_i 49.31716752778488 63.66999816894531 31.270000457763672 AB 15.0197787470725 1.2862519801098298
60369.1652 lsst_hardware_g -59.415601229109136 57.060001373291016 31.649999618530273 AB 4.965737674017982 1.2166452711057167
60369.1771 lsst_hardware_r -32.911610024454426 55.970001220703125 31.59000015258789 AB 4.732509295861885 1.221135155686188
60375.1663 lsst_hardware_r -6.2269791410932145 22.5028724583301 31.440000534057617 AB 10.465872810168408 1.2243173496005155
60375.1785 lsst_hardware_g -22.60908140522447 12.817161038320299 31.299999237060547 AB 11.610185238892527 1.2336605704810804
60386.1239 lsst_hardware_i 305.66184622193333 37.626350302445616 31.229999542236328 AB 9.689754562838234 1.2182241089813868
60386.1376 lsst_hardware_z 195.53472464401412 46.04925041211684 30.93000030517578 AB 7.539842917285321 1.225193844212744
60402.0995 lsst_hardware_i 917.5681996531443 43.70322548267733 31.219999313354492 AB 8.588338956769977 1.2292469880872832
60402.1127 lsst_hardware_z 521.1001565614989 49.48548814393091 30.920000076293945 AB 8.7639660114663 1.2415747846950438
60404.0427 lsst_hardware_i 1020.5799134095696 43.60044738564262 31.219999313354492 AB 9.509377641500464 1.2178108672935293
60404.0552 lsst_hardware_z 660.2763725853016 49.0876386166374 30.93000030517578 AB 9.490150959982406 1.2153486176513972
60414.0366 lsst_hardware_r 425.09909102068667 32.460078799687494 31.489999771118164 AB 13.829615397353791 1.215630061737247
60414.0488 lsst_hardware_z 615.4099114784011 49.06736028013289 30.940000534057617 AB 13.284501753926858 1.218761628800629
60416.0333 lsst_hardware_g 45.900083769431205 29.239459824591158 31.579999923706055 AB 16.086440038396482 1.2159522308776962
60416.0467 lsst_hardware_r 445.0819325429294 37.888756037307324 31.540000915527344 AB 17.84512142982346 1.2201931483998765
60419.0324 lsst_hardware_i 1416.95078128113 74.3128645967892 32.029998779296875 AB 8.48396412218175 1.2177793263977823
60419.0459 lsst_hardware_z 1013.3582187979356 76.62729825777662 31.700000762939453 AB 8.306259031161526 1.2242091423966877
60421.0319 lsst_hardware_r 340.830028876856 69.15446922990154 31.610000610351562 AB 11.272289325171103 1.2196807320029328
60421.0442 lsst_hardware_z 475.55611984139347 59.08891663840627 30.959999084472656 AB 11.468562886444294 1.226715465444892
60427.0044 lsst_hardware_i 483.94572430585646 47.91404153930718 31.260000228881836 AB 1.8242513707028671 1.216167580468578
60427.0161 lsst_hardware_z 435.73297441133684 53.49181386529072 30.940000534057617 AB 1.8299153239239425 1.2199435492826283
60428.0019 lsst_hardware_r 509.2915202367079 45.04660945565635 32.63999938964844 AB 10.438765694819674 1.216214108682241
60428.018 lsst_hardware_u -0.1534776502170193 4.35370910867523 29.450000762939453 AB 10.485476170908965 1.222261538208826
60431.0033 lsst_hardware_g 4.47114095531037 13.621617366699699 31.350000381469727 AB 10.722846608489276 1.2191402653074166
60431.0159 lsst_hardware_r 159.25021900787834 25.466282932976217 31.459999084472656 AB 10.761381062746626 1.2260305590384366
60434.0 lsst_hardware_i 243.80219884066236 35.09696232213884 31.219999313354492 AB 12.336166938124355 1.2214026671410254
60434.0122 lsst_hardware_z 215.34345699843212 46.26842275225684 30.93000030517578 AB 12.396842856284994 1.2293373628247246
60437.0006 lsst_hardware_r 93.335442573151 24.312826118636973 31.440000534057617 AB 11.961809781229336 1.2267893729787533
60437.0126 lsst_hardware_g 12.902459777766873 13.796250501014644 31.299999237060547 AB 12.077359317560628 1.2369274188407033
60664.3412 lsst_hardware_z -12.045077603464412 49.900001525878906 30.940000534057617 AB 7.758360427038169 1.2153772110970735
60664.3527 lsst_hardware_y -12.56459692806534 65.76000213623047 30.0 AB 7.834866274889625 1.2157446310635225
60666.3365 lsst_hardware_r -6.644759479303643 35.59000015258789 31.549999237060547 AB 7.370687780034554 1.215315800934508
60666.3485 lsst_hardware_y -88.96797550432669 57.11000061035156 29.989999771118164 AB 7.386956888658633 1.2159599816721616
60667.3421 lsst_hardware_z 57.773977330393244 66.83000183105469 31.700000762939453 AB 7.276506290644963 1.2154351343625234
60669.3374 lsst_hardware_g -9.120948737412789 17.229999542236328 31.440000534057617 AB 10.738231167731062 1.215522672296014
60669.3508 lsst_hardware_y 142.53177240125405 57.54999923706055 29.989999771118164 AB 10.740927518983012 1.2190707396059373
60671.337 lsst_hardware_i -27.70198707465591 32.0 31.229999542236328 AB 6.86703553993795 1.2164092241270288
60671.3497 lsst_hardware_y 92.46218371215177 55.16999816894531 30.0 AB 6.845714630505872 1.2210680713191995
60673.3436 lsst_hardware_i -6.881883565118588 32.56999969482422 31.219999313354492 AB 10.844044365347683 1.2207522949441503
60673.3566 lsst_hardware_y 159.64083316571475 68.41000366210938 30.0 AB 10.873570006515028 1.2289991530392796
60675.3168 lsst_hardware_u 1.2062793558305778 2.549999952316284 28.299999237060547 AB 8.58582522201116 1.2152161967740822
60675.3292 lsst_hardware_g -13.755816441514702 13.079999923706055 31.34000015258789 AB 8.60231854585239 1.2172356629416958
60677.3211 lsst_hardware_r 35.65111035810892 22.540000915527344 31.440000534057617 AB 6.321701861256187 1.2165307151459996
60677.3328 lsst_hardware_i 34.756597014220276 31.540000915527344 31.209999084472656 AB 6.284971358119014 1.2208173831692213
60679.3217 lsst_hardware_z -32.312841307299614 43.650001525878906 30.93000030517578 AB 3.8996360203007012 1.218382426671746
60679.3336 lsst_hardware_u 0.18996998704813925 2.619999885559082 28.31999969482422 AB 3.421727034114927 1.2243410087181064
60681.3219 lsst_hardware_g 1.235484029543403 13.25 31.360000610351562 AB 8.733021781846123 1.220832495132263
60681.333 lsst_hardware_r -55.89800387506254 22.600000381469727 31.459999084472656 AB 8.79526400779258 1.2276743991335461
60683.3231 lsst_hardware_i -21.814068970275535 31.31999969482422 31.219999313354492 AB 10.770477506638924 1.2246137017213103
60683.335 lsst_hardware_z 8.130102220047842 43.470001220703125 30.93000030517578 AB 10.854316178498172 1.2338189048004893
60687.3221 lsst_hardware_r -79.47261561265267 50.04999923706055 31.579999923706055 AB 8.434364177451318 1.232073454367919
60687.3352 lsst_hardware_z -0.18179069892118824 51.209999084472656 30.950000762939453 AB 6.680422312845493 1.2453406411816645
60689.2611 lsst_hardware_r 121.61677021839157 80.27999877929688 31.610000610351562 AB 8.54954128258471 1.2180135032353472
60689.2754 lsst_hardware_i -49.02478479453206 62.75 31.290000915527344 AB 8.647129289012959 1.2152525176042386
60691.2742 lsst_hardware_z 69.66359958724901 77.83000183105469 31.709999084472656 AB 5.7239891885358825 1.2152843287761959
60693.2751 lsst_hardware_z -9.832509059336115 51.0099983215332 30.940000534057617 AB 8.964772500678515 1.2160570402439659
60693.2878 lsst_hardware_r 84.1447656827398 54.15999984741211 31.59000015258789 AB 9.035649407796704 1.2202092380549228
60698.2679 lsst_hardware_i 37.223436485036615 33.09000015258789 31.229999542236328 AB 11.568499474257218 1.2177367867639177
60698.2805 lsst_hardware_z 52.28032705622564 44.029998779296875 30.93000030517578 AB 11.624306585937605 1.2236112195723794
60708.2399 lsst_hardware_i -25.830032471565858 31.100000381469727 31.229999542236328 AB 12.692433577782465 1.2175288211019522
60708.2512 lsst_hardware_z 24.229619414367495 43.02000045776367 30.93000030517578 AB 11.099365966668909 1.2224644492173478
60715.2389 lsst_hardware_i -1.7007512380357477 46.029998779296875 31.270000457763672 AB 6.567499937785896 1.2268057168964877
60715.251 lsst_hardware_r 29.459585123755996 46.5099983215332 31.579999923706055 AB 6.541756475972369 1.2370556543173192
60717.1934 lsst_hardware_z -43.13585625000082 81.20999908447266 31.700000762939453 AB 3.2827818738677177 1.215845138469525
60721.1857 lsst_hardware_i -55.64200311136912 57.86000061035156 31.290000915527344 AB 4.6721965705952755 1.2154517613411062
60721.1978 lsst_hardware_z 24.291220793510412 56.15999984741211 30.959999084472656 AB 4.611279960690927 1.2159479548275278
60725.1891 lsst_hardware_g 22.361482923831446 38.25 31.6200008392334 AB 3.9356218805609577 1.216387538420942
60725.2014 lsst_hardware_r 22.740239486073925 41.029998779296875 31.56999969482422 AB 3.73540673890394 1.2207211565045555
60728.1923 lsst_hardware_i -16.41589200833576 31.6200008392334 31.219999313354492 AB 9.788584455398308 1.2202935180949084
60728.2038 lsst_hardware_r -4.927366049024205 23.8799991607666 31.469999313354492 AB 9.828731133966087 1.227108635477892
60732.1656 lsst_hardware_g -0.5065029310951104 12.75 31.309999465942383 AB 6.618579210990143 1.2156450015593983
60732.178 lsst_hardware_r -10.57384778289767 22.200000762939453 31.450000762939453 AB 8.509700986092822 1.2188492836456222
60734.1668 lsst_hardware_i -23.608535427784993 43.93000030517578 31.969999313354492 AB 7.45537517676887 1.2169557521760803
60734.1786 lsst_hardware_z -138.1670998056001 61.02000045776367 31.68000030517578 AB 7.565467230294982 1.2216323321474774
60737.1664 lsst_hardware_i -0.9646029385666683 31.149999618530273 31.209999084472656 AB 6.158304501946643 1.2197077642991965
60737.1773 lsst_hardware_u -0.4389363287303403 2.430000066757202 28.190000534057617 AB 6.666388769935154 1.2257771021302113
60739.161 lsst_hardware_g 13.938244217465462 12.8100004196167 31.31999969482422 AB 12.517557406676415 1.2197376279343646
60739.1729 lsst_hardware_r 2.220608519238054 22.190000534057617 31.440000534057617 AB 14.388610467471677 1.2265110928685297
60741.1622 lsst_hardware_i -50.350753449725666 32.02000045776367 31.229999542236328 AB 10.416127070412063 1.2231483006648867
60741.1745 lsst_hardware_r 4.432791250599994 22.31999969482422 31.450000762939453 AB 11.608906888214749 1.2320192678875141
60743.1615 lsst_hardware_z -103.58997539051937 67.9800033569336 31.690000534057617 AB 11.685138055870869 1.2261853918504533
60750.1344 lsst_hardware_z 19.69712153286995 60.630001068115234 30.959999084472656 AB 10.560943460352172 1.2213889892466256
60750.1458 lsst_hardware_r -22.994458402738697 81.33999633789062 31.600000381469727 AB 10.629103413438234 1.2286797125639033
60754.1159 lsst_hardware_i -6.082265053147483 41.56999969482422 31.270000457763672 AB 6.141697338814246 1.2181274988970514
60754.1288 lsst_hardware_z 58.681246936793684 49.22999954223633 30.950000762939453 AB 5.738951246143376 1.2244402061325745
60756.1181 lsst_hardware_g 5.909072356259828 12.970000267028809 31.360000610351562 AB 6.359224217990894 1.2214400828460645
60756.1301 lsst_hardware_r 15.507062931974435 22.299999237060547 31.459999084472656 AB 6.1235488699747345 1.2292169026379527
60758.1176 lsst_hardware_i 51.84037929045704 31.440000534057617 31.229999542236328 AB 6.711048344404922 1.2242715131173467
60758.1293 lsst_hardware_r -42.00958082722653 22.440000534057617 31.459999084472656 AB 6.658779201618929 1.2331072595590609
60760.1038 lsst_hardware_u -0.2993549548597678 2.680000066757202 28.420000076293945 AB 9.892400019728798 1.2198281910142792
60760.1159 lsst_hardware_g 1.189925632530719 12.979999542236328 31.360000610351562 AB 9.964629428452987 1.2267808183094073
60762.1083 lsst_hardware_r -0.8765186679464708 22.299999237060547 31.459999084472656 AB 9.937131772135803 1.2253188646050104
60762.1206 lsst_hardware_i -10.391751092926434 31.40999984741211 31.229999542236328 AB 10.064940257625933 1.2351388040364795
60764.1054 lsst_hardware_z 31.365391779135457 43.56999969482422 30.940000534057617 AB 7.322431972113918 1.2270861309541814
60764.1179 lsst_hardware_r -20.307107248744405 22.479999542236328 31.459999084472656 AB 7.386462787254728 1.2378163535786049
60767.1062 lsst_hardware_u -4.495795363850021 2.5299999713897705 28.270000457763672 AB 10.694460079827005 1.2344509518846098
60767.1174 lsst_hardware_g 19.65337509227018 12.930000305175781 31.31999969482422 AB 10.693254543374048 1.2462032332422857
60769.1014 lsst_hardware_r -0.20909207189623533 24.0 31.459999084472656 AB 7.41040361441382 1.23506726906897
60769.1128 lsst_hardware_z 20.70648031119299 43.84000015258789 30.920000076293945 AB 7.483385969522134 1.2472309949203557
60771.0416 lsst_hardware_r -24.345810925426438 35.689998626708984 31.549999237060547 AB 9.856138725412421 1.2168072500509162
60771.0552 lsst_hardware_i -14.556636697467676 37.34000015258789 31.25 AB 9.590993200930825 1.2153702695034678
60773.0482 lsst_hardware_z -5.48917243962986 69.93000030517578 31.690000534057617 AB 9.149039596697396 1.2153346966919942
60775.0608 lsst_hardware_r 24.172254112941147 66.70999908447266 31.600000381469727 AB 6.932686027833237 1.2189873889548088
60775.0718 lsst_hardware_i 19.127189203925454 55.54999923706055 31.280000686645508 AB 6.925271598778816 1.2246821873254903
60778.0362 lsst_hardware_i -154.877309681442 71.7699966430664 31.299999237060547 AB 8.015937017425292 1.215379925568305
60778.0481 lsst_hardware_z -71.33629348834876 65.0 30.959999084472656 AB 9.258466109049555 1.2174182917882386
60780.0358 lsst_hardware_i 11.600063188844127 62.25 31.299999237060547 AB 13.845478616269821 1.2158755288827259
60780.0467 lsst_hardware_z -61.869161278289134 59.630001068115234 30.959999084472656 AB 13.2850930746903 1.218815878411954
60782.0319 lsst_hardware_g -1.5224594717528412 32.13999938964844 31.600000381469727 AB 16.096842316380908 1.2161410030508393
60782.0442 lsst_hardware_r -53.957740881255155 42.66999816894531 31.56999969482422 AB 17.844009805777613 1.2200615230780223
60794.9997 lsst_hardware_i 16.155193294057188 31.299999237060547 31.229999542236328 AB 13.833889371800785 1.2168792879461179
60795.0122 lsst_hardware_u 0.6851810444625515 2.549999952316284 28.299999237060547 AB 13.195297684077477 1.2217868225997663
60797.0009 lsst_hardware_g 12.64171694903847 20.81999969482422 32.150001525878906 AB 10.701531204133117 1.2190730527486677
60797.0115 lsst_hardware_r -73.09649837169916 32.68000030517578 32.220001220703125 AB 10.754560519427743 1.224555942585402
60800.0018 lsst_hardware_i -33.136369580777554 36.220001220703125 31.25 AB 12.264310573126394 1.2236269123052732
60800.0144 lsst_hardware_r 52.11018457964967 33.58000183105469 31.549999237060547 AB 12.417950359825637 1.2329588310268713
60802.0072 lsst_hardware_z -82.64280379361601 69.77999877929688 31.690000534057617 AB 7.99053411537745 1.2314601020308409
60803.9997 lsst_hardware_r -11.810363055804725 62.709999084472656 31.600000381469727 AB 10.714745101561947 1.229789398756058
60804.0141 lsst_hardware_i -59.60889721627333 53.95000076293945 31.280000686645508 AB 11.308059528507773 1.2436233145342785
