data/validation/pwv_sim_epoch_fit_seasonal/59854875.ecsv
# %ECSV 0.9
# ---
# datatype:
# - {name: time, datatype: float64}
# - {name: band, datatype: string}
# - {name: flux, datatype: float64}
# - {name: fluxerr, datatype: float64}
# - {name: zp, datatype: float64}
# - {name: zpsys, datatype: string}
# - {name: pwv, datatype: float64}
# - {name: airmass, datatype: float64}
# meta: {SNID: '59854875', alt: 1024.0, c: 0.016440147534012794, dec: 2.836105, lat: -30.244573, lon: -70.7499537, ra: 74.882812, t0: 62513.62890625,
#   x0: 1.071360316787998e-05, x1: 0.4376819431781769, z: 0.447136253118515}
# schema: astropy-2.0
time band flux fluxerr zp zpsys pwv airmass
62405.371 lsst_hardware_z -64.73320681029752 63.709999084472656 30.959999084472656 AB 5.040228455341375 1.2033492790596574
62405.3895 lsst_hardware_y -11.768406367257354 58.59000015258789 30.010000228881836 AB 3.8776107953786654 1.1940907807571335
62410.3632 lsst_hardware_r -15.631513126827784 36.93000030517578 31.549999237060547 AB 5.018086106301473 1.1985874457726151
62410.3847 lsst_hardware_y -14.739924374263119 53.58000183105469 29.989999771118164 AB 4.929465977771221 1.1956017409100081
62415.3656 lsst_hardware_g -3.728211597962296 14.640000343322754 31.389999389648438 AB 7.379771234765186 1.1942182565865394
62415.385 lsst_hardware_y 25.75093087709989 60.560001373291016 30.0 AB 6.878125142743436 1.2058424163294943
62419.3608 lsst_hardware_i -15.754995213931034 32.04999923706055 31.229999542236328 AB 3.5876150268429576 1.1958716756143193
62419.3788 lsst_hardware_y -59.462183503262125 56.58000183105469 30.0 AB 3.8143354376015433 1.2115411659930788
62421.3614 lsst_hardware_g -10.842426850204028 14.569999694824219 31.3799991607666 AB 6.661859999968333 1.1993266922650623
62421.3801 lsst_hardware_y 134.58465612268785 62.650001525878906 30.0 AB 7.253119971535627 1.2217495740935924
62424.2716 lsst_hardware_r 17.196620942066374 24.190000534057617 31.450000762939453 AB 8.36499210000339 1.3126360654885536
62424.2887 lsst_hardware_i -1.705192412699843 32.560001373291016 31.219999313354492 AB 7.946761064038801 1.257465224543299
62426.326 lsst_hardware_z -13.55109910508496 43.68000030517578 30.93000030517578 AB 6.468760991680459 1.1952993732894814
62426.3447 lsst_hardware_u -1.1467019065020971 2.690000057220459 28.360000610351562 AB 5.863672859976891 1.197360281790852
62428.318 lsst_hardware_z -68.4833255281723 50.34000015258789 30.940000534057617 AB 4.546090445964453 1.1963395910432773
62428.3359 lsst_hardware_r 47.48107966890966 40.470001220703125 31.56999969482422 AB 4.59700258000078 1.195734836780018
62434.326 lsst_hardware_z 63.56304833676724 75.5999984741211 30.979999542236328 AB 4.543489052356013 1.1993899561853174
62434.3446 lsst_hardware_r -107.88916255510728 101.54000091552734 31.6200008392334 AB 4.489662715158264 1.2217323366569037
62436.3157 lsst_hardware_i -76.67343604989324 67.8499984741211 31.299999237060547 AB 3.7604792698760257 1.1964617466992218
62436.332 lsst_hardware_r 23.240036091737267 79.18000030517578 31.610000610351562 AB 3.8353160692069523 1.2110249665951853
62441.3097 lsst_hardware_g -29.45551481896863 17.040000915527344 31.450000762939453 AB 6.590511923559695 1.201624879705791
62441.3291 lsst_hardware_r 12.487071478963328 25.799999237060547 31.479999542236328 AB 6.714977532042442 1.2281997680849197
62450.2711 lsst_hardware_r -16.47014452928609 23.84000015258789 31.479999542236328 AB 11.1284731250114 1.1943625570177232
62450.2907 lsst_hardware_i 26.19742504552956 32.290000915527344 31.229999542236328 AB 11.40032234727023 1.2072349820617962
62452.2707 lsst_hardware_z -32.15791714146088 44.02000045776367 30.93000030517578 AB 4.90302693967016 1.195860229187844
62452.2886 lsst_hardware_i -3.2220236255452233 32.650001525878906 31.219999313354492 AB 4.966708036067778 1.2113922039189704
62455.269 lsst_hardware_z -25.78023167256249 43.45000076293945 30.940000534057617 AB 5.54318058136011 1.199627891870391
62455.2872 lsst_hardware_g -7.16996572370824 14.5600004196167 31.389999389648438 AB 5.524339038157714 1.2216133206407798
62457.2567 lsst_hardware_y -69.67529175869065 51.5099983215332 30.0 AB 4.843840098214147 1.195714662605319
62457.2757 lsst_hardware_r -27.238257204892278 46.83000183105469 31.579999923706055 AB 4.881931334786901 1.2124001659239616
62459.2564 lsst_hardware_i -84.31182536758695 75.79000091552734 31.299999237060547 AB 6.426091412430471 1.1984504685621915
62459.2772 lsst_hardware_z 14.02866460430662 68.4800033569336 30.959999084472656 AB 6.378931300008542 1.2231891275184166
62462.26 lsst_hardware_r -189.43340355544933 134.49000549316406 31.6200008392334 AB 3.400097874946375 1.2097122420350006
62462.2804 lsst_hardware_z -102.64521925198547 93.16000366210938 30.979999542236328 AB 3.826427621855885 1.2466640818376915
62464.2268 lsst_hardware_z 92.95605044619829 71.62999725341797 30.969999313354492 AB 9.085469673593211 1.1942125645776718
62464.245 lsst_hardware_r 29.56817544707136 96.08000183105469 31.6200008392334 AB 9.01162069850651 1.200056023416288
62467.1815 lsst_hardware_i -23.412801400406536 40.779998779296875 31.25 AB 4.423722896144747 1.2335232892700583
62467.2021 lsst_hardware_z 28.11441464512951 49.0 30.940000534057617 AB 4.28411179854413 1.2029797960109876
62472.2219 lsst_hardware_r 33.27325236856661 24.239999771118164 31.469999313354492 AB 7.5544764721953035 1.19912324955481
62472.2417 lsst_hardware_u -3.8050328048652946 2.640000104904175 28.290000915527344 AB 7.705983517908909 1.2231719869696682
62474.1098 lsst_hardware_g 5.503907318297633 14.729999542236328 31.299999237060547 AB 3.7366293694009 1.437165142077269
62474.1195 lsst_hardware_r -56.068742311221804 24.8700008392334 31.43000030517578 AB 3.5941392421267246 1.3823612469718172
62476.2248 lsst_hardware_i 21.338201188687123 32.25 31.229999542236328 AB 6.509929019533573 1.2137464378733942
62476.2444 lsst_hardware_z -0.9474964146453354 43.9900016784668 30.93000030517578 AB 6.658825900813716 1.2521297293745237
62478.1887 lsst_hardware_z -54.58749022741237 43.77000045776367 30.93000030517578 AB 5.326391132091884 1.194191162399391
62478.2068 lsst_hardware_r 12.333672047439997 24.34000015258789 31.479999542236328 AB 5.337003814989052 1.2000683152484524
62480.1904 lsst_hardware_u 1.9299308458636022 2.740000009536743 28.3799991607666 AB 11.574614373697385 1.194593381649428
62480.2095 lsst_hardware_r 36.387194345391656 24.31999969482422 31.479999542236328 AB 11.347609578237211 1.2080492808627796
62482.19 lsst_hardware_i 32.78132833906646 32.54999923706055 31.229999542236328 AB 15.194163482186562 1.1963908253690207
62482.2084 lsst_hardware_z 18.643817603206916 44.22999954223633 30.93000030517578 AB 15.248861348314751 1.21371894126476
62486.1891 lsst_hardware_y -10.989795948625842 53.157598398770666 29.989999771118164 AB 12.383695984261902 1.2036935248171179
62486.2079 lsst_hardware_r -19.136652819490077 61.476223076766026 31.59000015258789 AB 12.674110453702882 1.2314009133140498
62490.1156 lsst_hardware_z 43.70669636456192 97.04672072709378 30.979999542236328 AB 4.067125478964796 1.240134817623424
62490.1336 lsst_hardware_r -87.97468788042163 140.53498207369344 31.6200008392334 AB 3.6338687745209035 1.2091735378159152
62494.1211 lsst_hardware_i 590.9667417768234 59.66499634419429 31.290000915527344 AB 7.505117345348172 1.2111865319693247
62494.1428 lsst_hardware_z 452.0484066904618 59.88434325959797 30.959999084472656 AB 7.50157982573022 1.1945666349345467
62496.1228 lsst_hardware_r 2183.7378132497647 60.83197212695037 32.25 AB 8.981493071913581 1.2030799448899143
62496.1442 lsst_hardware_u -1.5681409762964924 7.39945170671599 29.479999542236328 AB 8.267764144668662 1.1941596222530024
62498.1288 lsst_hardware_g 556.4116064897277 27.67619692511366 31.3799991607666 AB 7.37740373573056 1.1954956628958937
62498.1496 lsst_hardware_r 1535.6296105667705 46.01781416788393 31.469999313354492 AB 7.3825766544415465 1.1982270893798412
62504.1271 lsst_hardware_r 2923.3108624669417 59.787365682747954 31.479999542236328 AB 4.617431923033241 1.1952195490929254
62504.1485 lsst_hardware_i 1969.4267786464784 55.35148746492429 31.229999542236328 AB 4.6888742539326165 1.2139480269081209
62506.0878 lsst_hardware_i 2246.2034367832043 56.964199542824886 31.219999313354492 AB 12.597629304372834 1.211893150973817
62506.1072 lsst_hardware_z 1673.8511871433448 59.24319888820814 30.93000030517578 AB 12.538166546771581 1.1954013741916585
62508.0883 lsst_hardware_r 3712.393909195659 64.4872069059435 31.469999313354492 AB 10.597893531893595 1.2047966727239607
62508.1073 lsst_hardware_u 8.31824647829712 3.8306478537445163 28.350000381469727 AB 10.483415022816072 1.1941241601688928
62511.0856 lsst_hardware_g 1524.2951905498257 43.84483040698027 31.489999771118164 AB 10.170366481615337 1.1998662712420394
62511.1068 lsst_hardware_r 3952.437352860954 67.53772353399702 31.5 AB 10.137388877586714 1.1948479685990765
62513.0788 lsst_hardware_i 2774.447375770899 65.79136669900097 31.260000228881836 AB 4.497471637474375 1.2009270060011836
62513.0981 lsst_hardware_z 2131.9153707460473 65.08705497471419 30.940000534057617 AB 6.880023443194226 1.1941893587666264
62516.08 lsst_hardware_r 4137.005354123563 105.48185925446444 31.610000610351562 AB 7.170960181878199 1.1953592568558424
62516.0989 lsst_hardware_i 2895.049990160691 89.31615225655655 31.299999237060547 AB 6.4980506029115315 1.1972823859927892
62518.0807 lsst_hardware_z 2287.6992227337564 94.31457186223096 30.969999313354492 AB 3.2944281922454395 1.1940660356090755
62518.1015 lsst_hardware_i 2829.771780711732 108.1381558576181 31.299999237060547 AB 2.405114571307993 1.2034598805643966
62520.0883 lsst_hardware_z 4068.117672946587 125.88958376716718 31.719999313354492 AB 4.665825953493284 1.1974658648313496
62524.0511 lsst_hardware_z 3689.9941360186263 88.30346354765558 31.690000534057617 AB 8.558788842610191 1.1991297853043856
62526.0419 lsst_hardware_y 571.4785925196396 55.68554075763114 30.0 AB 8.156466367245935 1.2021321101320268
62526.0622 lsst_hardware_g 615.7711843117261 28.163536631122742 31.3799991607666 AB 8.065017045072256 1.1941391868922226
62528.0385 lsst_hardware_y 440.66322897530006 57.82373511606401 30.0 AB 13.15526225323689 1.2003889212899603
62528.056 lsst_hardware_i 2084.796113815429 55.22403534557524 31.229999542236328 AB 13.612450486231538 1.194074604055398
62532.0351 lsst_hardware_y 550.3976253835997 59.59358673579041 30.010000228881836 AB 10.172503160536403 1.195827174044248
62532.0524 lsst_hardware_g 352.0281560687927 24.126456073704652 31.399999618530273 AB 10.840080291057477 1.1958828717587817
62536.0345 lsst_hardware_z 1164.407630502985 58.479920067623695 30.940000534057617 AB 10.91406632391401 1.1940991601656465
62536.0524 lsst_hardware_u 2.2262864009509995 3.186992371926378 28.329999923706055 AB 11.618320657836325 1.2035033699688023
62766.3697 lsst_hardware_r -57.766302838986576 26.889999389648438 31.489999771118164 AB 1.840514432644664 1.220095745870098
62766.3892 lsst_hardware_y -27.21435824501348 51.29999923706055 29.989999771118164 AB 1.6773685688448645 1.1981204063177604
62769.3557 lsst_hardware_u 2.7031766955309187 3.680000066757202 29.010000228881836 AB 7.238043083792225 1.230541156714211
62769.3755 lsst_hardware_y -62.67679270929063 69.83999633789062 30.739999771118164 AB 7.790964717375786 1.2023557571473877
62777.3547 lsst_hardware_i 65.87353400797659 32.459999084472656 31.229999542236328 AB 3.4841706951241327 1.2014381707324595
62777.3726 lsst_hardware_y 33.63293188038933 49.54999923706055 30.0 AB 3.4628463367586177 1.1940849437098682
62779.3466 lsst_hardware_g 0.19533061301549412 14.369999885559082 31.389999389648438 AB 9.149411843886227 1.2038699794587142
62779.365 lsst_hardware_y 70.10216091605757 48.68000030517578 30.0 AB 9.075434568032541 1.194136127372703
62784.3745 lsst_hardware_z -113.69050648789857 87.12000274658203 31.719999313354492 AB 3.6166523535028334 1.2055507845009446
62786.3599 lsst_hardware_r -22.999790860693935 97.87999725341797 31.6200008392334 AB 6.613249547113748 1.1978716160810257
62786.3789 lsst_hardware_y -25.422485277693003 68.06999969482422 30.0 AB 7.2574368579214115 1.2186449442384124
62788.3227 lsst_hardware_i 8.959058234320905 81.08999633789062 31.299999237060547 AB 6.037542228562709 1.2032169718462407
62788.3412 lsst_hardware_z 1.0672643756047304 72.41999816894531 30.969999313354492 AB 6.448088440782143 1.194090451996693
62790.3212 lsst_hardware_i -97.679554739043 74.68000030517578 31.299999237060547 AB 8.446233348084426 1.199834270627804
62790.3391 lsst_hardware_z -106.78795999114053 69.36000061035156 30.969999313354492 AB 8.72648400380989 1.1942363438373138
62792.3188 lsst_hardware_z -83.18996488022479 53.61000061035156 30.950000762939453 AB 7.3829825793679476 1.1977583678404353
62792.3368 lsst_hardware_r 5.186501149324757 54.439998626708984 31.600000381469727 AB 7.743302368040211 1.1948772380438826
62795.3181 lsst_hardware_i 33.56664251643152 33.400001525878906 31.239999771118164 AB 2.775626860236245 1.194631552771957
62795.3361 lsst_hardware_r -10.304824058876376 26.81999969482422 31.5 AB 2.999185286064254 1.1983559229105
62797.2607 lsst_hardware_u 3.512596597022852 2.5899999141693115 28.260000228881836 AB 4.636206851560555 1.2771919701268746
62797.2771 lsst_hardware_g -4.768809005817388 14.470000267028809 31.3799991607666 AB 4.4934823504035 1.2348972450437268
62798.3459 lsst_hardware_r 9.590241512247827 24.18000030517578 31.469999313354492 AB 4.33397727409908 1.2182648697396565
62798.3596 lsst_hardware_i 11.456401425149421 34.119998931884766 31.219999313354492 AB 4.448490439246185 1.2450875885373682
62800.3187 lsst_hardware_z -32.13612598273096 43.79999923706055 30.940000534057617 AB 1.6528426381160426 1.1962672893481612
62800.3366 lsst_hardware_r 17.061573292525914 23.969999313354492 31.479999542236328 AB 2.900754774416522 1.2126056327248054
62802.3199 lsst_hardware_u 2.7761968768055265 2.7799999713897705 28.450000762939453 AB 3.4278009336259476 1.2004556020284232
62802.3372 lsst_hardware_g -2.7885798905964414 14.359999656677246 31.399999618530273 AB 4.142841968735878 1.2218970561085025
62808.2752 lsst_hardware_r -7.848269734035514 24.18000030517578 31.489999771118164 AB 6.357715656950613 1.19770464031472
62808.2933 lsst_hardware_i 9.267576831431398 32.54999923706055 31.239999771118164 AB 5.735639352176107 1.194924865036689
62816.1565 lsst_hardware_z -228.51877733650895 145.5 31.690000534057617 AB 4.244693558089763 1.5582575470226734
62816.1822 lsst_hardware_r 72.74255918397262 201.33999633789062 32.33000183105469 AB 0.9823430964113763 1.3865110746808418
62818.2672 lsst_hardware_i 77.41682052342672 89.55999755859375 31.309999465942383 AB 5.276069759788907 1.195303525099435
62818.2861 lsst_hardware_z 112.08945751434295 79.26000213623047 30.969999313354492 AB 5.340777038859602 1.210785998381229
62820.2342 lsst_hardware_i -15.532873785883437 58.59000015258789 31.290000915527344 AB 8.793959169617729 1.2043219898136435
62820.2519 lsst_hardware_z 113.39423855825741 57.810001373291016 30.959999084472656 AB 5.42147973720239 1.1942462156991829
62821.2686 lsst_hardware_z -11.671222587534206 72.33000183105469 31.700000762939453 AB 7.160218450700831 1.2009129764165887
62828.2646 lsst_hardware_z -18.54797616464871 44.459999084472656 30.93000030517578 AB 7.372610099524857 1.219217810406213
62828.284 lsst_hardware_u 0.6097988810223527 2.559999942779541 28.209999084472656 AB 7.7168282247540505 1.2611257108602794
62834.1831 lsst_hardware_z -4.994699851044155 44.0 30.940000534057617 AB 5.372436015955105 1.2216560333408106
62834.202 lsst_hardware_i -18.034864438605588 32.380001068115234 31.239999771118164 AB 5.269818017853357 1.1991394154702724
62837.2189 lsst_hardware_z 63.49467013692841 43.36000061035156 30.940000534057617 AB 7.54018380331614 1.1968545719549428
62837.2381 lsst_hardware_g -17.390829278092454 14.619999885559082 31.389999389648438 AB 7.662139718398255 1.2162126537140088
62839.2204 lsst_hardware_r 32.337569231868414 38.709999084472656 31.56999969482422 AB 5.229222978013937 1.2017058435054433
62839.2386 lsst_hardware_i -8.756342822242642 39.31999969482422 31.260000228881836 AB 5.387382388302923 1.2261467740091134
62841.2327 lsst_hardware_z -36.605242095207345 86.38999938964844 31.709999084472656 AB 6.523439467777579 1.225346695050966
62843.1802 lsst_hardware_z -8.091502902951689 85.72000122070312 30.969999313354492 AB 5.299228092164035 1.1973627277102554
62843.1988 lsst_hardware_r -33.08884196567679 123.66000366210938 31.6200008392334 AB 5.292536457968481 1.1952431025222405
62845.1998 lsst_hardware_r -63.47210880924015 151.1300048828125 31.6200008392334 AB 11.567470166803645 1.198473882350881
62845.2122 lsst_hardware_i 113.99258460338768 122.31999969482422 31.309999465942383 AB 11.27332905519741 1.2105371596246055
62850.1885 lsst_hardware_z 39.40522681896455 50.529998779296875 30.950000762939453 AB 9.564643034783437 1.2001623177202516
62850.2061 lsst_hardware_i 26.424726002815067 47.099998474121094 31.270000457763672 AB 9.731484639507258 1.221795480349225
62854.1603 lsst_hardware_r 2.242835296509356 24.3700008392334 31.489999771118164 AB 4.3032545096869566 1.1941046159375936
62854.1807 lsst_hardware_i -3.069837012420727 32.70000076293945 31.239999771118164 AB 6.2435012988745955 1.2028322563976233
62859.1279 lsst_hardware_r 12.691591752746469 23.950000762939453 31.479999542236328 AB 7.522741701334916 1.2041203203417232
62859.1474 lsst_hardware_g 25.970230454763648 14.59000015258789 31.399999618530273 AB 7.4404912273555555 1.194060778713028
62862.1272 lsst_hardware_r -24.166185896216962 23.940000534057617 31.479999542236328 AB 5.861342639711972 1.198026088852728
62862.1484 lsst_hardware_i 46.01267540954182 32.22999954223633 31.239999771118164 AB 5.779563040697632 1.1957922807009014
62867.1249 lsst_hardware_z -92.4973538645611 65.7300033569336 31.690000534057617 AB 8.272736411920016 1.1940921964274267
62867.1463 lsst_hardware_g -17.696494010445733 40.189998626708984 32.33000183105469 AB 8.383584969378635 1.203880779083063
62871.0891 lsst_hardware_i 26.6232213714417 80.9000015258789 31.299999237060547 AB 12.681829595028981 1.2110997894278648
62871.1101 lsst_hardware_z -72.6235106730693 73.12000274658203 30.969999313354492 AB 12.45537693933464 1.1947221773245906
62875.0849 lsst_hardware_r 29.758846492064464 111.4800033569336 31.6200008392334 AB 7.905077660598021 1.2034371319654458
62875.1059 lsst_hardware_i 43.80453059586578 89.45999908447266 31.309999465942383 AB 7.802496795388692 1.1940921751369618
62880.0805 lsst_hardware_z 47.42299609002493 43.720001220703125 30.940000534057617 AB 7.837460342445718 1.1966349527240743
62880.1003 lsst_hardware_i 65.55329952391499 32.22999954223633 31.229999542236328 AB 8.26606048282433 1.1962460901337668
62882.0825 lsst_hardware_u 0.07792003389694865 2.6700000762939453 28.350000381469727 AB 4.055624355431051 1.1942356759219819
62882.1016 lsst_hardware_g -0.7422323168761971 14.350000381469727 31.3799991607666 AB 4.467746920608887 1.2005231548055586
62884.0792 lsst_hardware_r -3.7232238265826276 23.81999969482422 31.489999771118164 AB 4.656790993134918 1.1940489725986971
62884.0993 lsst_hardware_i 21.174329195764233 32.150001525878906 31.239999771118164 AB 4.750954275454527 1.20330634469817
62886.0519 lsst_hardware_z 32.65808770401784 64.83000183105469 31.690000534057617 AB 9.979970284707939 1.2065247170712847
62888.0428 lsst_hardware_y -20.832197719601204 52.869998931884766 30.0 AB 13.07813293155537 1.2109382344032749
62888.0638 lsst_hardware_g -4.41998285278241 14.229999542236328 31.360000610351562 AB 12.902607657358587 1.194685894199869
62890.0405 lsst_hardware_y 100.50850736319698 57.630001068115234 30.0 AB 17.721819304728353 1.207064505575177
62890.0597 lsst_hardware_i 14.423901933742608 32.290000915527344 31.229999542236328 AB 15.513307709284184 1.1943879361961895
62892.039 lsst_hardware_y 53.18153080997176 54.959999084472656 30.010000228881836 AB 13.135967988255743 1.2029366513714919
62892.0592 lsst_hardware_i 67.52333495672814 32.189998626708984 31.239999771118164 AB 14.26872483091449 1.194068858064199
62894.0384 lsst_hardware_y 41.22252057572889 54.060001373291016 30.010000228881836 AB 13.292030948521912 1.1989564582689116
62894.0563 lsst_hardware_g 4.511892731023235 16.979999542236328 31.459999084472656 AB 13.897737183586818 1.1943741134055361
62896.0367 lsst_hardware_y -5.174162915742376 57.22999954223633 30.010000228881836 AB 12.955123081889154 1.1966859901675764
62896.0559 lsst_hardware_i 9.73681886787975 38.63999938964844 31.260000228881836 AB 13.443458653786704 1.195921981462644
62898.0424 lsst_hardware_z 87.68807673925419 88.06999969482422 31.719999313354492 AB 9.68382102887905 1.1940470437680315
