data/validation/pwv_sim_epoch_fit_seasonal/59993991.ecsv
# %ECSV 0.9
# ---
# datatype:
# - {name: time, datatype: float64}
# - {name: band, datatype: string}
# - {name: flux, datatype: float64}
# - {name: fluxerr, datatype: float64}
# - {name: zp, datatype: float64}
# - {name: zpsys, datatype: string}
# - {name: pwv, datatype: float64}
# - {name: airmass, datatype: float64}
# meta: {SNID: '59993991', alt: 1024.0, c: 0.022341111674904823, dec: -1.193748, lat: -30.244573, lon: -70.7499537, ra: 86.660156, t0: 61812.828125,
#   x0: 5.518257141820323e-06, x1: 0.5752168893814087, z: 0.5890747904777527}
# schema: astropy-2.0
time band flux fluxerr zp zpsys pwv airmass
61685.365 lsst_hardware_i -0.25725882172570486 31.790000915527344 31.239999771118164 AB 4.189070806315986 1.1636307795322183
61685.3834 lsst_hardware_z -29.03634468827002 52.20000076293945 30.959999084472656 AB 4.447922120002986 1.1467411202070221
61687.3642 lsst_hardware_r -5.310411003066612 23.59000015258789 31.479999542236328 AB 3.2994779165859303 1.1578469703774794
61687.3834 lsst_hardware_y -14.873312314502677 64.16000366210938 30.030000686645508 AB 3.2710577569128674 1.144727124029
61691.3635 lsst_hardware_z 57.75721817804374 49.18000030517578 30.950000762939453 AB 6.290967886245905 1.148755472562968
61691.3814 lsst_hardware_y -50.04057754442627 68.18000030517578 30.030000686645508 AB 6.469999443726487 1.144322505080737
61693.3048 lsst_hardware_z -6.5133805179568265 63.47999954223633 30.950000762939453 AB 7.136712511847129 1.2551376207960974
61693.3232 lsst_hardware_y 47.56178077928747 54.810001373291016 30.0 AB 6.7917707263595695 1.2008081199362748
61695.3615 lsst_hardware_r -124.22213202920841 86.93000030517578 31.6299991607666 AB 5.589098141877094 1.1447400997204884
61695.3798 lsst_hardware_y -43.49505989784007 74.33000183105469 30.030000686645508 AB 5.549816061229701 1.1477233091158516
61697.3694 lsst_hardware_z 6.992194802682275 104.19999694824219 31.739999771118164 AB 4.366381830699138 1.145430700603132
61704.3468 lsst_hardware_i 36.970074716345096 31.350000381469727 31.229999542236328 AB 2.7294776774497516 1.144475073531466
61704.3643 lsst_hardware_y 0.088443367848472 53.25 30.020000457763672 AB 2.7538122118396298 1.1548399979757316
61706.3487 lsst_hardware_i 10.080230204748956 31.530000686645508 31.229999542236328 AB 3.8345710488067257 1.1471306704978612
61706.366 lsst_hardware_y -65.5486770230859 59.04999923706055 30.020000457763672 AB 3.9158654643221262 1.1631859392015822
61708.2654 lsst_hardware_u 2.599333684186224 2.4800000190734863 28.18000030517578 AB 4.367746400993674 1.2497128472084904
61708.2825 lsst_hardware_g 10.508594444366492 13.970000267028809 31.360000610351562 AB 4.090287238172657 1.2002016543933853
61710.2408 lsst_hardware_g 11.708415623274263 13.84000015258789 31.309999465942383 AB 6.518608321341559 1.3290850370588796
61710.2655 lsst_hardware_r -15.168381144608803 23.190000534057617 31.450000762939453 AB 6.173048358224011 1.231612747293005
61721.3063 lsst_hardware_r 27.18344858138934 63.33000183105469 31.610000610351562 AB 4.231394658535613 1.1464087397821
61721.3234 lsst_hardware_g -92.7900476308566 48.97999954223633 31.649999618530273 AB 4.270019540146112 1.1610412725569255
61723.2973 lsst_hardware_r 154.0759641629245 108.44999694824219 31.6299991607666 AB 6.778925828760688 1.145056585472372
61723.316 lsst_hardware_i -1.663101072502236 86.91999816894531 31.309999465942383 AB 6.849212783191168 1.158690520741732
61725.2728 lsst_hardware_i -177.81845386550975 87.33999633789062 31.31999969482422 AB 6.69392049786066 1.1474595610171583
61725.2902 lsst_hardware_z -34.176920162763544 75.95999908447266 30.979999542236328 AB 6.783526522752296 1.1446212877048474
61727.2954 lsst_hardware_r 3.008715811143787 70.83999633789062 31.6200008392334 AB 5.251082748490778 1.1496203930141609
61727.316 lsst_hardware_z 49.0101232654088 59.720001220703125 30.959999084472656 AB 5.375627282619993 1.1743160160096104
61737.2668 lsst_hardware_u 0.97098639658955 2.630000114440918 28.34000015258789 AB 5.0713576497301345 1.1487304263503333
61737.2856 lsst_hardware_r -5.717338329527924 23.309999465942383 31.469999313354492 AB 5.17259574527031 1.169278495681363
61739.2555 lsst_hardware_i 2.143444232913291 31.540000915527344 31.239999771118164 AB 6.898530157639985 1.1456973481652455
61739.2752 lsst_hardware_z 13.037873601231308 42.880001068115234 30.940000534057617 AB 7.002211212118904 1.1622409580677877
61741.2541 lsst_hardware_r 32.73292999964021 23.270000457763672 31.479999542236328 AB 7.90934729187693 1.1476405347213439
61741.2744 lsst_hardware_u 0.41680817144836424 2.6700000762939453 28.3700008392334 AB 8.059589832220336 1.1688470219791474
61743.2589 lsst_hardware_g 5.787608104328127 14.4399995803833 31.399999618530273 AB 5.0213272861765335 1.1559224876096992
61743.2779 lsst_hardware_r 30.136818776880233 23.799999237060547 31.479999542236328 AB 5.174825665115628 1.184622433830361
61747.2325 lsst_hardware_z 28.732443716102793 45.18000030517578 30.940000534057617 AB 5.630179299336221 1.1452765051541176
61747.2515 lsst_hardware_r -5.79494811485018 23.780000686645508 31.479999542236328 AB 7.4019924144006835 1.1598990450752593
61749.2074 lsst_hardware_z 79.07335406003138 52.90999984741211 30.959999084472656 AB 11.155296822915332 1.1473790113482927
61749.2233 lsst_hardware_r -31.239340339431184 57.47999954223633 31.6200008392334 AB 10.661811076580925 1.1443394951788557
61751.2266 lsst_hardware_i -6.934528642313405 80.2300033569336 31.309999465942383 AB 14.36871913933552 1.14752379022765
61751.2452 lsst_hardware_z -98.35559756144508 71.91000366210938 30.979999542236328 AB 14.602984683281713 1.1660233303349008
61755.2248 lsst_hardware_g 151.456028869387 82.6500015258789 31.690000534057617 AB 11.997671833389482 1.1545600260409252
61755.2431 lsst_hardware_r -24.86044599033531 82.48999786376953 31.6200008392334 AB 12.270236634157325 1.1806658773149095
61757.1886 lsst_hardware_i 8.434973821093514 44.25 31.280000686645508 AB 3.7862841189274836 1.1459119653752787
61757.2084 lsst_hardware_z -100.63950650890442 49.040000915527344 30.950000762939453 AB 5.486359988114572 1.1465747101598842
61759.1709 lsst_hardware_z 32.518420646081246 43.06999969482422 30.940000534057617 AB 4.442902220440207 1.1543753739370461
61759.1915 lsst_hardware_r 63.77467002508748 27.440000534057617 31.520000457763672 AB 4.376436398383831 1.1440417553773232
61767.1762 lsst_hardware_g 2.642523532882294 14.5600004196167 31.399999618530273 AB 6.983540827352433 1.1447645642815272
61767.1958 lsst_hardware_r 14.823695178012784 23.8700008392334 31.479999542236328 AB 6.980021901571572 1.1585899829705908
61769.1706 lsst_hardware_i -7.886778413971283 31.610000610351562 31.239999771118164 AB 10.645973785347524 1.1447283640158628
61769.1898 lsst_hardware_z -21.86705272785273 42.93000030517578 30.940000534057617 AB 10.769119828727414 1.157969874056711
61771.1383 lsst_hardware_z -94.54113474937849 42.88999938964844 30.940000534057617 AB 8.036353659761085 1.1542098814116022
61771.1597 lsst_hardware_r 15.98629700807281 23.559999465942383 31.479999542236328 AB 7.965473562437437 1.1440224342082497
61773.139 lsst_hardware_z -51.24490278467761 60.79999923706055 31.690000534057617 AB 4.423309931522765 1.1491355280958018
61773.1597 lsst_hardware_r -24.28792547568262 33.380001068115234 32.22999954223633 AB 4.451291995876468 1.1447324150383098
61775.1358 lsst_hardware_i 27.791363403852145 34.75 31.260000228881836 AB 12.983771567847484 1.147711349393161
61775.1575 lsst_hardware_z 11.700504525250233 43.79999923706055 30.950000762939453 AB 12.952073758902786 1.1457956262298996
61777.1272 lsst_hardware_r 26.306133610467857 49.5 31.600000381469727 AB 9.192247407976826 1.1497495194467575
61777.1479 lsst_hardware_z 99.01649413144564 50.150001525878906 30.950000762939453 AB 9.116909495727993 1.1445256093728913
61779.1227 lsst_hardware_y 42.83971392531448 55.189998626708984 30.020000457763672 AB 7.553165391687844 1.149076239560013
61779.1435 lsst_hardware_r 35.35442238136253 81.76000213623047 31.6299991607666 AB 7.32656732060375 1.1447761438443358
61781.1281 lsst_hardware_i 9.323699941304076 98.10112104066707 31.31999969482422 AB 5.575799255107022 1.1443992519076447
61781.1497 lsst_hardware_z 40.44952877540452 85.84145911012968 30.989999771118164 AB 5.535257638016519 1.1509008499878406
61784.1171 lsst_hardware_r 197.06880826914482 76.70720877336045 31.6200008392334 AB 7.793525892034346 1.1450963696788636
61784.1361 lsst_hardware_g 7.585663371686706 80.5580518222629 31.68000030517578 AB 8.569965432505606 1.1472894584832967
61787.08 lsst_hardware_i 94.82305844673317 32.719754691037416 31.229999542236328 AB 3.2845056640785724 1.1734568288955243
61787.0987 lsst_hardware_z 34.61466677572437 43.40250855378299 30.93000030517578 AB 2.2845985230489663 1.1506414117597188
61789.0836 lsst_hardware_r 100.04019335057531 25.79660828183972 31.469999313354492 AB 4.523133936737291 1.160298579295141
61789.1051 lsst_hardware_u -4.784479850064048 2.82770341526124 28.280000686645508 AB 4.443114331305679 1.1446408753900401
61793.0844 lsst_hardware_i 496.7197870560659 37.729998812782476 31.229999542236328 AB 9.778250919222799 1.1491206815131778
61793.1043 lsst_hardware_z 358.84262224995547 46.10574085702145 30.93000030517578 AB 9.556033378630136 1.1445379379740859
61795.0796 lsst_hardware_r 746.8156487595029 35.05288590027107 31.469999313354492 AB 7.954896705345516 1.1486800773034027
61795.0995 lsst_hardware_g 143.13886993044324 18.78517131564433 31.3700008392334 AB 8.986585980304653 1.1446908093118935
61797.07 lsst_hardware_r 898.5648244683209 37.90513301745477 31.479999542236328 AB 13.130133044387513 1.1517660565252203
61797.0882 lsst_hardware_i 728.5125296121839 41.59696844887483 31.229999542236328 AB 13.034133742971258 1.1440140792543527
61799.0731 lsst_hardware_z 728.0896002949428 49.60948512383699 30.93000030517578 AB 14.551624821785225 1.1462485090023762
61799.0915 lsst_hardware_i 946.6517702167218 43.77840881294579 31.229999542236328 AB 13.1572634476378 1.1456041312701457
61803.0551 lsst_hardware_r 1594.128074631727 47.69903056462486 31.510000228881836 AB 7.7088027120562375 1.1505675689636174
61803.0672 lsst_hardware_i 1303.9847606368276 48.811779400268996 31.25 AB 7.668559504593042 1.1445611200885137
61805.0467 lsst_hardware_z 2188.0571839008157 81.05850757225602 31.700000762939453 AB 11.212328028377495 1.1530374182923124
61807.0347 lsst_hardware_y 501.43588424444596 60.82517978781924 30.020000457763672 AB 6.121251309698753 1.1599869830772698
61807.0521 lsst_hardware_z 1249.662421756932 64.65130637522732 30.959999084472656 AB 5.444087763268759 1.1458825012142075
61808.0344 lsst_hardware_y 468.17109847231035 62.90633553472503 30.020000457763672 AB 5.469541340055086 1.1571667151033327
61808.0531 lsst_hardware_i 1706.2659386051148 78.59710453887786 31.309999465942383 AB 7.018407441583347 1.1446632683990943
61810.034 lsst_hardware_y 459.2937275520771 63.78191916564989 30.030000686645508 AB 6.421161275247687 1.1521911493356696
61810.0529 lsst_hardware_i 1855.1591205627672 88.50063554788652 31.31999969482422 AB 6.851654999500758 1.1440080700432427
61812.0312 lsst_hardware_y 545.9900599506158 64.1343711016638 30.010000228881836 AB 0.6454679464176508 1.150054247514825
61812.0481 lsst_hardware_g 619.9796662878184 96.05963851378506 31.68000030517578 AB 1.1711838555721197 1.144013534136395
61814.0264 lsst_hardware_y 475.4881169884726 62.94585866615294 30.030000686645508 AB 3.755274260215857 1.1495737531273031
61814.0454 lsst_hardware_i 1650.3226339564123 58.86529278463329 31.280000686645508 AB 2.842122709141302 1.1442485576627337
61816.0261 lsst_hardware_z 1421.6360054968195 62.019206289602614 30.950000762939453 AB 2.5175500914236735 1.146512375600914
61816.0432 lsst_hardware_u 1.0971950253198708 2.7496219868821226 28.31999969482422 AB 1.9620918815857127 1.1449670579181448
61818.0236 lsst_hardware_y 660.5354830465852 62.06305937755226 30.030000686645508 AB 1.606572499499337 1.1453020848328903
61818.04 lsst_hardware_r 1656.8953181727022 46.66922647219988 31.489999771118164 AB 1.6051904032141824 1.145746183593278
61820.0221 lsst_hardware_y 315.26516621813323 62.92691455362369 30.030000686645508 AB 6.981577083356543 1.1443019777676198
61820.0391 lsst_hardware_z 1103.5617795030391 54.95959587284625 30.950000762939453 AB 7.166344083012893 1.1480232951908302
61822.0216 lsst_hardware_y 554.9489287736528 61.00356633472001 30.020000457763672 AB 4.620222771950028 1.1440442669184174
61822.039 lsst_hardware_u 4.204570428678203 2.794544682017886 28.360000610351562 AB 4.547476167309752 1.151915943843899
62053.3612 lsst_hardware_i 36.61897434663565 59.279998779296875 31.309999465942383 AB 3.476865157779377 1.1589550525931258
62053.3791 lsst_hardware_z -35.776488932947565 62.65999984741211 30.979999542236328 AB 3.597492620345153 1.145394307353004
62056.3633 lsst_hardware_r 20.566732244096276 31.34000015258789 31.549999237060547 AB 6.3132088184411055 1.1493537916268664
62056.3807 lsst_hardware_y -77.40830813552756 65.51000213623047 30.030000686645508 AB 6.43848407857311 1.1441447835398253
62058.3597 lsst_hardware_r -20.171840144660386 24.290000915527344 31.479999542236328 AB 6.765236419469271 1.1481421767498499
62058.3788 lsst_hardware_y 17.944153570343577 63.150001525878906 30.020000457763672 AB 7.987355695956664 1.1447576479968464
62060.3057 lsst_hardware_z 21.165573868265312 44.439998626708984 30.93000030517578 AB 6.692006538590246 1.2361319879176613
62060.3228 lsst_hardware_y 42.88135995161079 49.18000030517578 29.989999771118164 AB 6.462762033240538 1.1908718025718252
62066.3621 lsst_hardware_r -1.177380439467225 24.290000915527344 31.5 AB 3.769126446722053 1.1466476704439907
62068.3381 lsst_hardware_z -77.18807855647927 60.77000045776367 31.690000534057617 AB 4.18131061279908 1.145407646294776
62076.2556 lsst_hardware_i 28.407848834711455 98.83999633789062 32.04999923706055 AB 3.928695854618325 1.2578199689288294
62076.2782 lsst_hardware_z 42.844893690327105 62.310001373291016 30.969999313354492 AB 3.714989094635485 1.1928681669599115
62078.3123 lsst_hardware_r -112.97729206147903 105.62999725341797 31.6299991607666 AB 6.526098968216685 1.1449296435467868
62078.3314 lsst_hardware_z -49.606326642128344 73.87000274658203 30.979999542236328 AB 6.542112664252767 1.1477390639039942
62080.3061 lsst_hardware_y -130.04650295687227 59.290000915527344 30.020000457763672 AB 3.7789945110913385 1.1451498518458603
62080.3248 lsst_hardware_r 125.39502096400082 97.87000274658203 31.6299991607666 AB 3.785458706026939 1.1471086987960422
62082.3051 lsst_hardware_i -27.992626900050443 60.47999954223633 31.309999465942383 AB 6.907087899549635 1.1441890501738765
62082.3236 lsst_hardware_z -16.802552318820315 58.709999084472656 30.969999313354492 AB 6.9049103307650554 1.1497644377262206
62084.3048 lsst_hardware_r -30.299694875291582 39.900001525878906 31.59000015258789 AB 11.850403071150895 1.144192630216388
62084.3228 lsst_hardware_g 23.4421423570592 36.61000061035156 31.639999389648438 AB 11.93561361115543 1.1536266518506697
62087.3009 lsst_hardware_r 15.963757822622226 23.68000030517578 31.479999542236328 AB 4.654568270409332 1.1451056695760702
62087.3189 lsst_hardware_i 55.80626822635763 31.739999771118164 31.229999542236328 AB 4.7261235503659815 1.158079772204269
62092.3009 lsst_hardware_r 33.99597215982467 23.229999542236328 31.469999313354492 AB 5.256616764776666 1.1535679232164147
62092.3217 lsst_hardware_u 0.6211005403168917 2.5799999237060547 28.280000686645508 AB 5.385217204320782 1.1834775190801465
62094.2992 lsst_hardware_g 8.69111166800441 14.079999923706055 31.3799991607666 AB 5.55172509530276 1.1574131539895562
62094.3188 lsst_hardware_r 3.494880514861881 23.43000030517578 31.469999313354492 AB 5.781722235619295 1.1886764464678838
62097.2641 lsst_hardware_r 24.559451161387464 23.290000915527344 31.489999771118164 AB 6.849110221175523 1.1441881425284868
62097.2836 lsst_hardware_i 41.1220517147872 31.469999313354492 31.239999771118164 AB 6.811908598404476 1.1504659007610039
62099.2643 lsst_hardware_z -44.701298321198166 42.790000915527344 30.940000534057617 AB 7.525784619146759 1.1442434644252277
62099.2837 lsst_hardware_r 64.07792638163697 23.520000457763672 31.479999542236328 AB 7.624439334501825 1.1554369137340288
62104.26 lsst_hardware_r -61.8880494562549 64.75 31.6200008392334 AB 6.887244095382104 1.1474915187241093
62104.2804 lsst_hardware_z -23.782300779372648 53.77000045776367 30.959999084472656 AB 7.0706336216642605 1.1686031933995369
62106.2544 lsst_hardware_y -72.93087420239095 60.540000915527344 30.020000457763672 AB 7.91141063188574 1.1474127094830489
