data/validation/pwv_sim_epoch_fit_seasonal/60003307.ecsv
# %ECSV 0.9
# ---
# datatype:
# - {name: time, datatype: float64}
# - {name: band, datatype: string}
# - {name: flux, datatype: float64}
# - {name: fluxerr, datatype: float64}
# - {name: zp, datatype: float64}
# - {name: zpsys, datatype: string}
# - {name: pwv, datatype: float64}
# - {name: airmass, datatype: float64}
# meta: {SNID: '60003307', alt: 1024.0, c: 0.014754600822925568, dec: -13.708317, lat: -30.244573, lon: -70.7499537, ra: 253.125, t0: 60825.45703125,
#   x0: 1.0416864139847367e-05, x1: -0.8469218015670776, z: 0.4525483250617981}
# schema: astropy-2.0
time band flux fluxerr zp zpsys pwv airmass
60753.3931 lsst_hardware_r 7.8663226156711 83.20999908447266 31.65999984741211 AB 6.572711459880026 1.0471798287093603
60755.4022 lsst_hardware_y 287.33668706887966 95.47000122070312 30.81999969482422 AB 6.28358100032752 1.0429180083531153
60757.3922 lsst_hardware_i -24.974502828573893 37.2599983215332 31.290000915527344 AB 6.584492336359705 1.0434184829030513
60757.4121 lsst_hardware_z 51.885829964937955 67.95999908447266 30.989999771118164 AB 6.635234025344585 1.046773263710458
60759.3798 lsst_hardware_g -10.69636651879983 17.56999969482422 31.540000915527344 AB 7.760156905419853 1.0456318676035607
60759.3973 lsst_hardware_y 44.927188469483305 47.869998931884766 30.049999237060547 AB 7.742245282742458 1.0434058465994607
60761.3804 lsst_hardware_i 40.985273212526344 31.84000015258789 31.270000457763672 AB 8.175226484972816 1.043601525676288
60761.3995 lsst_hardware_y 3.971416043271728 48.0099983215332 30.049999237060547 AB 8.205682972961535 1.0459317181715075
60763.383 lsst_hardware_i -28.25662246819317 31.709999084472656 31.260000228881836 AB 9.646079453938299 1.0429697384060728
60763.4009 lsst_hardware_y -73.85040817074635 48.25 30.049999237060547 AB 9.583920518340303 1.0500241602154794
60766.3561 lsst_hardware_u -1.6006493130646242 2.819999933242798 28.469999313354492 AB 6.295990147363543 1.0480652790151275
60766.3751 lsst_hardware_g -14.661517707310937 15.420000076293945 31.459999084472656 AB 7.027673900052547 1.042991080447134
60768.3575 lsst_hardware_r 35.73177008818236 24.299999237060547 31.510000228881836 AB 5.961834844788708 1.044714049904587
60768.3761 lsst_hardware_i 38.59679738390292 31.459999084472656 31.25 AB 6.561393474227927 1.044253603325365
60770.36 lsst_hardware_z 33.809535069456324 41.70000076293945 30.950000762939453 AB 7.930129670243274 1.0429806668447972
60770.3779 lsst_hardware_u -4.071978852170606 2.740000009536743 28.420000076293945 AB 8.63393604521229 1.0474899660554795
60774.3447 lsst_hardware_i 14.441470019012483 31.309999465942383 31.25 AB 7.511315706637377 1.0436489877920538
60774.3637 lsst_hardware_z -53.61570836919096 41.70000076293945 30.950000762939453 AB 7.508671381908458 1.0457880962279216
60777.3249 lsst_hardware_i 111.76791771167053 71.33000183105469 31.34000015258789 AB 6.991100608881675 1.0488093026113603
60777.3419 lsst_hardware_z 25.26832436294056 63.36000061035156 30.989999771118164 AB 7.086674704311207 1.0429249012967192
60779.3274 lsst_hardware_z -139.74428511146732 76.33000183105469 31.0 AB 7.674913113539222 1.0447388958365453
60779.347 lsst_hardware_r 168.8657237357182 111.73999786376953 31.65999984741211 AB 7.02292872267721 1.044560543779464
60781.2694 lsst_hardware_i 153.37898740075758 100.69000244140625 31.329999923706055 AB 18.460390303448225 1.117998443765033
60781.2881 lsst_hardware_r -91.6638751647765 121.38999938964844 31.65999984741211 AB 17.85313018838375 1.07877157547864
60785.3235 lsst_hardware_r -17.57701418559657 44.29999923706055 31.6200008392334 AB 3.715736293680945 1.0430136964717684
60785.341 lsst_hardware_i -23.238549349163044 42.540000915527344 31.299999237060547 AB 4.690985703811401 1.0501423111285875
60793.2964 lsst_hardware_i 24.94832549005528 31.3700008392334 31.260000228881836 AB 3.0248502450314825 1.0430518086315457
60796.2811 lsst_hardware_g -5.313616074437986 15.229999542236328 31.469999313354492 AB 9.419960592141043 1.0446986414950834
60796.3001 lsst_hardware_r -7.2213055293442086 24.049999237060547 31.510000228881836 AB 10.226728729120676 1.0443963162909518
60799.2841 lsst_hardware_i -42.34240787547117 31.44163223334631 31.25 AB 9.609259402734814 1.0429354295504665
60799.3029 lsst_hardware_r -5.343773172826282 24.073527186542194 31.5 AB 9.545734978018961 1.0502321420759837
60801.2825 lsst_hardware_z 21.007263410546987 41.882218698661724 30.950000762939453 AB 2.715572103536171 1.043380675026705
60801.3015 lsst_hardware_g -15.148751838994377 16.162606808041634 31.469999313354492 AB 3.212463777951428 1.053525876183136
60805.2589 lsst_hardware_i 280.90082690202905 67.90057858954025 31.329999923706055 AB 7.4120101730818755 1.0439450948002642
60805.2776 lsst_hardware_z 166.30200412625516 61.75806346353076 30.989999771118164 AB 7.4206116305260155 1.0451565676797205
60811.2309 lsst_hardware_i 979.1350172062618 85.07657586721913 31.34000015258789 AB 5.506864589607138 1.0496096678042888
60811.2489 lsst_hardware_r 1650.9090139886114 104.68350600407216 31.65999984741211 AB 5.432291493556939 1.0429332190369138
60813.2528 lsst_hardware_z 2072.9841855876925 84.15132257429008 31.719999313354492 AB 8.32868133549502 1.04411963963958
60816.237 lsst_hardware_r 2943.6993906853313 60.396322570761654 31.549999237060547 AB 7.030627878605432 1.0429135500305295
60816.2582 lsst_hardware_i 1882.1062801363244 54.62146390390828 31.270000457763672 AB 6.265819421934648 1.0515472290111485
60822.2108 lsst_hardware_i 2492.9930069726233 59.29056896539117 31.260000228881836 AB 5.204548703151174 1.0444609077165141
60822.2288 lsst_hardware_z 1934.37356094747 60.0192291894675 30.950000762939453 AB 5.1811010118098775 1.0442960921412443
60825.1963 lsst_hardware_i 2691.569547584634 59.99783809468167 31.260000228881836 AB 12.986643605505236 1.0473099681859062
60825.2152 lsst_hardware_u -0.6194002568098327 3.369322873026724 28.510000228881836 AB 12.725947717297183 1.0431104686309167
60827.206 lsst_hardware_g 1096.3748419352428 37.59541302033183 31.469999313354492 AB 7.783769163609787 1.042911390582138
60827.2274 lsst_hardware_r 3768.1042701994124 66.31331061781395 31.520000457763672 AB 7.161147054926383 1.050946148360261
60831.1642 lsst_hardware_r 3676.342616265468 75.4791677574581 31.6200008392334 AB 8.831992960070549 1.0608788164485854
60831.186 lsst_hardware_i 2642.8499266579756 66.27852832814598 31.299999237060547 AB 8.499931646859581 1.0445384512269507
60841.1423 lsst_hardware_z 2670.758939987767 90.56319249997605 31.719999313354492 AB 12.99315900026533 1.0551534026526985
60843.1839 lsst_hardware_g 365.5656202895916 42.23998941427343 31.68000030517578 AB 5.419423112883467 1.0510905959820533
60843.1953 lsst_hardware_r 1717.3669933488916 57.56110828735905 31.600000381469727 AB 5.473482396846473 1.0624339031762207
60845.1727 lsst_hardware_i 1581.642076416988 50.95322058136483 31.270000457763672 AB 3.9515189457458586 1.0472454636575521
60845.1946 lsst_hardware_z 1063.0640619324508 53.754367842319425 30.959999084472656 AB 4.020635110886574 1.0686783469696082
60848.1264 lsst_hardware_z 993.0926092441429 52.60203320083706 30.950000762939453 AB 2.763992835859449 1.052281536494714
60848.1485 lsst_hardware_i 1372.6533884917287 48.60154445289633 31.25 AB 2.7246171081270787 1.0429156394745005
60859.0824 lsst_hardware_i 880.4528539589827 47.77707767278464 31.280000686645508 AB 6.785555354163528 1.0676806431517165
60859.1017 lsst_hardware_z 812.8477997895718 52.083084687854914 30.950000762939453 AB 6.708887192035545 1.0483728292586016
60864.0847 lsst_hardware_r 449.238814426771 125.21551012404811 31.65999984741211 AB 1.7942485534584227 1.050701866167337
60864.1061 lsst_hardware_i 701.5446332812562 108.36452100370293 31.34000015258789 AB 1.7780054212876242 1.042920376158544
60866.0677 lsst_hardware_z 646.0407059529548 87.57602142892054 31.0 AB 8.91159257027808 1.061989044791175
60866.0896 lsst_hardware_i 650.5992235521352 103.44181252688524 31.34000015258789 AB 9.036833280231892 1.044841401344858
60871.0678 lsst_hardware_r 275.88575660910476 28.998376670267742 31.5 AB 6.581539130527303 1.0491155745317893
60871.0893 lsst_hardware_i 546.0353122831013 44.20805092177497 31.280000686645508 AB 6.651795306501463 1.0430779964458354
60878.0476 lsst_hardware_r 258.29506446890093 28.31772922235728 31.510000228881836 AB 5.420139537214173 1.0498720694500594
60878.0672 lsst_hardware_g 40.34027504276518 16.311128998996065 31.450000762939453 AB 5.415840126995319 1.0429116362401507
60880.0331 lsst_hardware_r 243.87844098634199 28.414032245763806 31.520000457763672 AB 6.561378150201591 1.0578886682756368
60880.0544 lsst_hardware_i 392.9663877135066 36.885274740084846 31.260000228881836 AB 6.367635068406721 1.043874601378151
60882.0358 lsst_hardware_z 308.36995636730853 45.16960637883407 30.950000762939453 AB 9.655808258275693 1.0505149603737902
60882.0554 lsst_hardware_i 341.47324505672964 36.450229050646406 31.25 AB 8.828698570346697 1.042923913649397
60885.0386 lsst_hardware_u 18.072296553520623 5.2526180699130345 29.309999465942383 AB 4.693840514575273 1.0445264010181412
60885.0596 lsst_hardware_g 78.52749919095021 24.556149232157235 32.22999954223633 AB 4.048421879911692 1.045338523883038
60887.0115 lsst_hardware_g 65.09654729798214 23.603029714456667 31.56999969482422 AB 3.4500112411971053 1.0606444519857892
60887.0306 lsst_hardware_r 171.30918597130787 32.355290859225626 31.549999237060547 AB 3.41909376961571 1.0455144926582707
60889.0146 lsst_hardware_i 232.618551103894 47.43384718152518 31.299999237060547 AB 2.802163615180874 1.0521594349688816
60889.0331 lsst_hardware_z 266.80484139846567 51.027558322090194 30.959999084472656 AB 2.7402356326986137 1.0432038194341349
60893.0207 lsst_hardware_r 693.9295327629759 136.1342624221382 32.400001525878906 AB 1.2396289417784283 1.0434587052006972
60893.0429 lsst_hardware_i 714.7555294783216 112.44479319896901 32.08000183105469 AB 1.8168639477713744 1.0479892027137325
60895.0067 lsst_hardware_z 186.43160969724727 70.08023980441489 30.989999771118164 AB 4.027932058015865 1.0464879340129551
60895.0265 lsst_hardware_i 167.65115475229823 79.86683926909868 31.34000015258789 AB 4.034404619298667 1.0435154423327155
60898.0074 lsst_hardware_u -5.259711123482683 8.024522139990083 29.18000030517578 AB 10.433644916261818 1.0433905763905915
60898.0271 lsst_hardware_g 66.49137684986431 56.00747661624856 31.719999313354492 AB 10.478373131450518 1.0467643796559043
60900.0097 lsst_hardware_r -12.890711002543183 24.510000228881836 31.520000457763672 AB 2.210368684683593 1.0430367367755846
60900.0291 lsst_hardware_i -55.44964037091729 31.75 31.260000228881836 AB 2.2516380741171216 1.0517577613626101
60902.9882 lsst_hardware_z 49.122802255849344 60.220001220703125 31.709999084472656 AB 6.3186714201882745 1.0449842481016993
60904.9839 lsst_hardware_y -12.080122730665183 48.310001373291016 30.049999237060547 AB 3.497180482942517 1.04455808929017
60905.0043 lsst_hardware_g -2.6320104034655696 15.75 31.469999313354492 AB 2.4498787895588707 1.0450586710286323
60908.9739 lsst_hardware_y -32.65572121609134 60.0099983215332 30.059999465942383 AB 3.4745826131218664 1.0442544419320376
60909.0005 lsst_hardware_i 45.80959118325825 31.93000030517578 31.25 AB 3.1605797826615456 1.0488069628875214
60910.9721 lsst_hardware_y 108.17077793002848 66.87999725341797 30.06999969482422 AB 2.6985505807373453 1.0433549302074345
60910.9934 lsst_hardware_g 1.1707384167182913 16.040000915527344 31.479999542236328 AB 2.7012602000296737 1.0477784659261107
60912.9737 lsst_hardware_y 86.94283553382408 93.04000091552734 30.81999969482422 AB 2.632169201802042 1.0429940041482137
60912.9921 lsst_hardware_i 2.664758448256521 45.5099983215332 32.0099983215332 AB 2.6758412951448665 1.0505855104614452
61120.3917 lsst_hardware_z -15.732355744279932 42.130001068115234 30.950000762939453 AB 6.529150491239097 1.045500478981484
61120.4114 lsst_hardware_y 135.6163002670011 76.80000305175781 30.059999465942383 AB 6.549239546290855 1.0439807990899344
61122.3927 lsst_hardware_u -1.3678846912332776 2.940000057220459 28.5 AB 6.600599626900853 1.0434493343715532
61122.412 lsst_hardware_y 43.94398240855528 74.31999969482422 30.06999969482422 AB 6.663161678260938 1.0463507660585645
61126.3805 lsst_hardware_u -1.1767614057527522 2.819999933242798 28.469999313354492 AB 8.155916732830262 1.0437346784042139
61126.399 lsst_hardware_y 104.77927607794308 47.70000076293945 30.040000915527344 AB 8.19077101269036 1.0453856773125898
61128.3809 lsst_hardware_r 34.70476586521698 24.229999542236328 31.510000228881836 AB 9.51624111777931 1.0429138362438053
61128.3982 lsst_hardware_y -27.584443387845262 47.93000030517578 30.040000915527344 AB 9.626900075054031 1.0477688370759957
61137.3479 lsst_hardware_z 182.43105136450984 69.30000305175781 30.989999771118164 AB 8.51414214053243 1.0444877802284869
61137.3678 lsst_hardware_i -40.55381189451901 77.48999786376953 31.329999923706055 AB 8.547126158235274 1.044912883429845
61139.352 lsst_hardware_z -94.31756665749859 49.849998474121094 30.969999313354492 AB 7.484190036330854 1.042898885642276
61139.3701 lsst_hardware_g 78.05705633387991 47.119998931884766 31.700000762939453 AB 7.532460296275825 1.0489917783319782
61146.1947 lsst_hardware_z -81.88225175759136 47.959999084472656 30.899999618530273 AB 25.727065699572545 1.512348573474892
61146.2158 lsst_hardware_u -1.3124770728882478 2.740000009536743 28.329999923706055 AB 22.089035042283914 1.3487771047317492
61148.3363 lsst_hardware_g 3.158820979831644 15.149999618530273 31.469999313354492 AB 13.377936636132956 1.0443897654938812
61148.3562 lsst_hardware_r -18.70435162638084 24.149999618530273 31.520000457763672 AB 13.567603197047802 1.0582809864771272
61150.3175 lsst_hardware_i -11.510331297542631 31.450000762939453 31.260000228881836 AB 3.653039433408212 1.043228776794349
61150.3355 lsst_hardware_z -41.25498686068787 41.779998779296875 30.950000762939453 AB 4.639914211705958 1.0463218427570824
61152.3197 lsst_hardware_i -59.81344913466293 31.389999389648438 31.260000228881836 AB 7.281057485125194 1.0431065378274436
61152.3372 lsst_hardware_u 0.31705829669748326 2.8499999046325684 28.510000228881836 AB 6.515280341918416 1.0508516680513573
61154.299 lsst_hardware_u 1.1944678307205459 2.740000009536743 28.43000030517578 AB 9.304477198037198 1.0454468761839548
61154.3164 lsst_hardware_g -33.33002753190353 15.010000228881836 31.440000534057617 AB 9.286762556481786 1.0434564670204254
61160.2973 lsst_hardware_z 26.0613940821483 65.43000030517578 30.989999771118164 AB 11.4103755698389 1.0430436098394864
61160.3172 lsst_hardware_r 73.7464604878956 92.1500015258789 31.649999618530273 AB 11.564539540608815 1.0523262696764015
61162.2434 lsst_hardware_i -64.08205224958589 101.38999938964844 31.34000015258789 AB 8.711478090644263 1.0817120796321555
61162.2601 lsst_hardware_z -117.1407834323612 85.48999786376953 31.0 AB 8.478429848576585 1.0582164064623385
61164.2822 lsst_hardware_i -68.09967841570014 109.45999908447266 31.350000381469727 AB 9.600882015236836 1.0429317465948695
61164.3003 lsst_hardware_z -9.339499870405229 90.76000213623047 31.0 AB 9.449048453536651 1.0480020466975353
61169.2034 lsst_hardware_r 14.798268711432804 35.810001373291016 31.56999969482422 AB 8.676961358436701 1.1282945722036064
61169.2235 lsst_hardware_i -40.36022525719763 38.38999938964844 31.280000686645508 AB 9.057494884142 1.0831085063249029
61171.273 lsst_hardware_z -12.793866132400913 42.27000045776367 30.950000762939453 AB 8.24940481432643 1.0442284575096747
61171.29 lsst_hardware_u 5.874440214287176 3.740000009536743 28.690000534057617 AB 8.33327912344338 1.0548454586637188
61174.2368 lsst_hardware_g -1.2326202021138277 15.210000038146973 31.450000762939453 AB 7.067331087691762 1.049785520415664
61174.2588 lsst_hardware_r 23.322336085433047 24.06999969482422 31.5 AB 7.165528326455088 1.0430172236470288
61176.2285 lsst_hardware_i 7.8912596253155645 31.559999465942383 31.25 AB 5.598350165281809 1.0519589424600184
61176.2484 lsst_hardware_z 11.397069039697449 41.7599983215332 30.950000762939453 AB 5.46976575302073 1.0430024794815478
61181.2337 lsst_hardware_i 1.6747973110504253 31.6200008392334 31.260000228881836 AB 7.053271522559487 1.0431133245919306
61181.2511 lsst_hardware_r -25.378985598338964 24.299999237060547 31.510000228881836 AB 6.1827288118830435 1.0464421120253753
61186.1982 lsst_hardware_z 94.03448569307534 48.529998779296875 30.969999313354492 AB 6.5088915036544 1.0545838469951865
61186.2206 lsst_hardware_r 21.70994080110482 49.04999923706055 31.6299991607666 AB 6.2837698916053855 1.0430503464964054
