data/validation/pwv_sim_epoch_fit_seasonal/60022369.ecsv
# %ECSV 0.9
# ---
# datatype:
# - {name: time, datatype: float64}
# - {name: band, datatype: string}
# - {name: flux, datatype: float64}
# - {name: fluxerr, datatype: float64}
# - {name: zp, datatype: float64}
# - {name: zpsys, datatype: string}
# - {name: pwv, datatype: float64}
# - {name: airmass, datatype: float64}
# meta: {SNID: '60022369', alt: 1024.0, c: -0.12853623926639557, dec: -51.449459, lat: -30.244573, lon: -70.7499537, ra: 303.260864, t0: 61462.21484375,
#   x0: 4.166968176443546e-05, x1: -1.0666680335998535, z: 0.24927102029323578}
# schema: astropy-2.0
time band flux fluxerr zp zpsys pwv airmass
61527.4142 lsst_hardware_g 25.305942747398742 15.90999984741211 31.469999313354492 AB 11.177349048605942 1.0746762113267683
61527.4257 lsst_hardware_z -8.010189130735828 55.33000183105469 30.979999542236328 AB 11.936372137552606 1.0721292339119108
61529.4128 lsst_hardware_i 34.85262674161947 31.139999389648438 31.239999771118164 AB 9.547923143200586 1.0734033887802796
61529.4242 lsst_hardware_y 1.141524145541443 55.38999938964844 30.040000915527344 AB 9.540859763982883 1.0720067150542565
61534.4085 lsst_hardware_g 5.22683605974435 14.010000228881836 31.43000030517578 AB 8.208998339048328 1.0720206776426517
61534.42 lsst_hardware_y 101.92966606101086 48.93000030517578 30.049999237060547 AB 8.043829741788471 1.0732738491978924
61536.4096 lsst_hardware_z 64.1979342818572 41.81999969482422 30.950000762939453 AB 8.149753683335339 1.0723360109651763
61536.4215 lsst_hardware_y 75.92743912887683 49.849998474121094 30.040000915527344 AB 7.245910947841294 1.0756195276243292
61540.3889 lsst_hardware_r 25.37613123549184 22.489999771118164 31.479999542236328 AB 8.177716445350768 1.0722530304218665
61540.4014 lsst_hardware_u 0.2183147105400457 2.6700000762939453 28.420000076293945 AB 8.181716922554559 1.072777568516769
61542.3932 lsst_hardware_g 16.884264036657612 13.699999809265137 31.40999984741211 AB 7.813377152850967 1.0723332018186131
61542.4062 lsst_hardware_r 41.276986429233254 22.670000076293945 31.489999771118164 AB 7.833495804900879 1.0760912330010939
61544.3694 lsst_hardware_i 82.22534339083717 64.75 31.31999969482422 AB 8.75193772200998 1.0741209771735372
61544.382 lsst_hardware_z -16.86889833959131 59.439998626708984 30.979999542236328 AB 10.21939299344281 1.0720017825912944
61546.3745 lsst_hardware_z 77.71048939654673 68.44999694824219 30.989999771118164 AB 7.553154611998526 1.072079098977822
61546.3853 lsst_hardware_i -43.435487100251876 77.8499984741211 31.329999923706055 AB 7.5511326732405655 1.0728326594075772
61550.3988 lsst_hardware_y -97.88891035828992 75.83000183105469 30.790000915527344 AB 8.505316338269763 1.0852309039983536
61552.3885 lsst_hardware_r -74.11422957015964 47.099998474121094 31.6200008392334 AB 5.369482639650189 1.08157571551016
61552.4016 lsst_hardware_i 5.395274349136024 44.33000183105469 31.290000915527344 AB 5.440886816487136 1.0928767332504037
61554.3804 lsst_hardware_i -18.890327188644125 33.86000061035156 31.260000228881836 AB 8.783017273894155 1.0798349174903814
61554.3935 lsst_hardware_z -11.625482347811142 43.40999984741211 30.950000762939453 AB 8.857455231800177 1.0902377916301045
61558.3301 lsst_hardware_z -12.40950237657395 58.61000061035156 31.700000762939453 AB 10.187911193857177 1.0744852726866418
61558.3387 lsst_hardware_r -32.16075881972516 31.899999618530273 32.2400016784668 AB 9.350839609918664 1.0723849852730094
61559.3223 lsst_hardware_u -3.1008340850194878 2.640000104904175 28.399999618530273 AB 10.207626495045705 1.0765835041972478
61559.3343 lsst_hardware_g -17.640798650933824 13.609999656677246 31.399999618530273 AB 11.353908511172301 1.0726497778605428
61561.3716 lsst_hardware_z 121.6136449360561 41.720001220703125 30.940000534057617 AB 5.72737665606966 1.087648676575976
61561.3828 lsst_hardware_r 34.30131474374139 22.700000762939453 31.479999542236328 AB 5.056755732617596 1.099294724482086
61563.3413 lsst_hardware_r 14.620119230685878 22.540000915527344 31.489999771118164 AB 2.610849294653807 1.0733928852901997
61563.3523 lsst_hardware_u 3.1933737566628753 2.6700000762939453 28.43000030517578 AB 2.539795727676812 1.0777830374187152
61572.3213 lsst_hardware_z -0.6565858144174643 77.8499984741211 31.719999313354492 AB 6.9757882222314835 1.0748518061989873
61574.3334 lsst_hardware_r -58.06128405499808 106.36000061035156 31.649999618530273 AB 4.798516552172978 1.08533029169871
61574.3473 lsst_hardware_i -60.38781522261167 83.44999694824219 31.329999923706055 AB 4.859019073111423 1.0992841310157435
61578.3117 lsst_hardware_z -49.29109191716629 91.61000061035156 31.729999542236328 AB 2.1559485698678076 1.0779742849339038
61582.2437 lsst_hardware_r -54.03271294085591 37.18000030517578 31.59000015258789 AB 6.43499868117147 1.0872991294573027
61582.2556 lsst_hardware_i -20.236653693911943 38.029998779296875 31.280000686645508 AB 6.180357614418048 1.0786435035416695
61585.2829 lsst_hardware_u 1.305669943728245 2.680000066757202 28.40999984741211 AB 2.850577368129444 1.0738660267957976
61585.2952 lsst_hardware_g -3.720584531314827 14.930000305175781 31.440000534057617 AB 2.0766609360781043 1.0794858667072669
61587.2386 lsst_hardware_g 15.842164139683987 14.0 31.40999984741211 AB 8.226934685912374 1.0807139160476025
61587.2516 lsst_hardware_r -41.000225521684264 22.940000534057617 31.489999771118164 AB 8.778124734202656 1.0742585544018914
61589.2354 lsst_hardware_i 1.7916069071314913 30.84000015258789 31.25 AB 7.268273231172691 1.0792862294470165
61589.2464 lsst_hardware_z 5.2063950408051936 41.52000045776367 30.950000762939453 AB 7.257110628549369 1.074172680365491
61591.2297 lsst_hardware_i -3.7277244691752918 30.950000762939453 31.25 AB 3.8897332781948366 1.0794320183695953
61591.2421 lsst_hardware_u 0.9982805028266122 2.740000009536743 28.459999084472656 AB 3.8799430789582594 1.0738097499365402
61593.3079 lsst_hardware_r 32.3954522317971 23.219999313354492 31.479999542236328 AB 1.6564053178204807 1.1163014609595123
61593.32 lsst_hardware_z 17.757282963438712 42.93000030517578 30.93000030517578 AB 1.704192299600658 1.1371389899470583
61598.2154 lsst_hardware_z -48.967365983755215 63.70000076293945 31.700000762939453 AB 7.656912224020977 1.0767953438210678
61600.2153 lsst_hardware_z -29.8678815930575 52.66999816894531 30.969999313354492 AB 6.9545089565703755 1.074539464093794
61600.2275 lsst_hardware_r 22.80121149097413 60.380001068115234 31.6299991607666 AB 7.070240562208223 1.0720607372567434
61608.2183 lsst_hardware_z 54.68886271471438 55.83000183105469 30.979999542236328 AB 5.461543482249888 1.0733638249397903
61608.23 lsst_hardware_r -49.64516914447929 69.87999725341797 31.639999389648438 AB 5.497198825062616 1.0780935134462868
61611.2083 lsst_hardware_i -54.62361895557191 38.029998779296875 31.280000686645508 AB 6.314503416253382 1.072937159212163
61611.2198 lsst_hardware_r -64.3357616550591 37.709999084472656 31.59000015258789 AB 5.883326093937823 1.0770391018650476
61617.1942 lsst_hardware_g -6.729221974670143 13.989999771118164 31.40999984741211 AB 3.8897959766451953 1.0734913692963144
61617.2056 lsst_hardware_r -27.59261126721862 22.93000030517578 31.489999771118164 AB 3.913565351955393 1.0781914324555115
61619.1949 lsst_hardware_i -7.8072041039216415 30.84000015258789 31.239999771118164 AB 2.0079308536879057 1.0756292238851328
61619.2063 lsst_hardware_z -15.716563686128538 42.0099983215332 30.940000534057617 AB 2.0267579733391026 1.0820918170523772
61622.1899 lsst_hardware_i 17.07429204029266 30.68000030517578 31.239999771118164 AB 1.7847702859603651 1.0771094061317834
61622.201 lsst_hardware_u 5.453921769662422 2.6500000953674316 28.389999389648438 AB 1.791915706818948 1.0842571844406703
61624.1318 lsst_hardware_r -32.9061342065126 23.030000686645508 31.489999771118164 AB 2.8892758033172194 1.084970260351941
61624.1438 lsst_hardware_u -1.4369071850424622 2.7100000381469727 28.440000534057617 AB 2.8392535920946957 1.0771068255290954
61626.1386 lsst_hardware_g -6.873513866753404 27.079999923706055 31.639999389648438 AB 4.637731969573327 1.076976945038799
61626.1508 lsst_hardware_r -75.8371327968039 31.360000610351562 31.56999969482422 AB 4.624451265361983 1.0727718530097972
61629.1424 lsst_hardware_r -69.65028401382688 64.44000244140625 31.639999389648438 AB 3.3897332879995914 1.072813573583582
61629.1539 lsst_hardware_z 110.49554146401013 54.709999084472656 30.979999542236328 AB 3.3122544295730107 1.0721583177297187
61631.1328 lsst_hardware_r -30.746693600838064 93.1500015258789 31.649999618530273 AB 3.134115244703291 1.0738481265576951
61631.1442 lsst_hardware_i 32.69935554221473 77.91000366210938 31.329999923706055 AB 3.1319113469746225 1.072021683030848
61649.1115 lsst_hardware_i -16.786382413448486 30.450000762939453 31.239999771118164 AB 1.1506484206968992 1.0750374531576963
61649.123 lsst_hardware_z -61.489916884914386 41.52000045776367 30.940000534057617 AB 1.1060063587276785 1.081140135608679
61651.0961 lsst_hardware_z 124.44650336467804 41.38999938964844 30.940000534057617 AB 0.5474712293461339 1.0724216049875297
61651.1096 lsst_hardware_r -8.309975326614225 22.450000762939453 31.479999542236328 AB 0.6260270536350938 1.076572749157513
61653.0569 lsst_hardware_r 6.241593333231751 23.6200008392334 31.5 AB 1.2916110499447067 1.0817512981111446
61653.0691 lsst_hardware_u -3.2813440952006903 2.9800000190734863 28.510000228881836 AB 1.2820705483322732 1.0751115709284378
61671.0425 lsst_hardware_r 25.641628836639395 22.579999923706055 31.489999771118164 AB 1.5008996383880318 1.0725819235742642
61671.0553 lsst_hardware_i -39.729053102217506 30.6299991607666 31.239999771118164 AB 1.4501730710709821 1.0767279329819615
61672.0418 lsst_hardware_z 102.34132583868961 41.349998474121094 30.940000534057617 AB 3.2505593507845565 1.0729689225233723
61672.0545 lsst_hardware_r 31.875971803724354 22.489999771118164 31.479999542236328 AB 3.282698215975286 1.0777078844304944
61674.0404 lsst_hardware_u 1.2180949860237453 2.609999895095825 28.3700008392334 AB 3.532725427091796 1.0740487743881821
61674.0525 lsst_hardware_g 11.591231087499928 13.75 31.399999618530273 AB 3.1343691393313122 1.0797000135483903
61677.9837 lsst_hardware_g 20.590605911639592 29.989999771118164 31.639999389648438 AB 9.504525481457469 1.0855181431002934
61677.9867 lsst_hardware_r -59.478283826811015 31.1200008392334 31.559999465942383 AB 9.06873534145993 1.0831574011896006
61680.0332 lsst_hardware_i -2.1551921275567065 30.6299991607666 31.239999771118164 AB 5.374208240691863 1.0780037925966337
61680.0455 lsst_hardware_r -39.79640912582944 22.780000686645508 31.489999771118164 AB 5.30360855269825 1.0866380274954157
61684.0284 lsst_hardware_r -3.292487346293635 29.709999084472656 31.549999237060547 AB 3.702613889747742 1.081818477197396
61684.0407 lsst_hardware_i 17.826449842766213 34.40999984741211 31.260000228881836 AB 3.7298085823796283 1.0923973198417343
61686.0298 lsst_hardware_z 26.432018383901184 49.15999984741211 30.959999084472656 AB 4.931147141799126 1.0872334123688958
61686.0415 lsst_hardware_r -5.229709483846248 47.150001525878906 31.600000381469727 AB 4.997783614998304 1.099320014297125
