data/validation/pwv_sim_epoch_fit_seasonal/60047538.ecsv
# %ECSV 0.9
# ---
# datatype:
# - {name: time, datatype: float64}
# - {name: band, datatype: string}
# - {name: flux, datatype: float64}
# - {name: fluxerr, datatype: float64}
# - {name: zp, datatype: float64}
# - {name: zpsys, datatype: string}
# - {name: pwv, datatype: float64}
# - {name: airmass, datatype: float64}
# meta: {SNID: '60047538', alt: 1024.0, c: -0.11993961781263351, dec: -17.739365, lat: -30.244573, lon: -70.7499537, ra: 335.742188, t0: 60173.328125,
#   x0: 4.303866012328889e-06, x1: 0.475757360458374, z: 0.651537299156189}
# schema: astropy-2.0
time band flux fluxerr zp zpsys pwv airmass
60100.4142 lsst_hardware_z 122.65650492699358 112.98999786376953 31.010000228881836 AB 4.724271839173408 1.0270156172116105
60100.4351 lsst_hardware_y -40.66331341323196 122.93000030517578 30.09000015258789 AB 4.515780915206476 1.026313844365108
60118.3657 lsst_hardware_i -16.14736749337056 91.6500015258789 31.350000381469727 AB 3.5495568568412748 1.0267737508942534
60118.388 lsst_hardware_r -6.619577754204727 84.05000305175781 31.65999984741211 AB 3.3823485477141078 1.0270548994804851
60121.3753 lsst_hardware_r -68.79531309130518 82.56999969482422 31.65999984741211 AB 5.538338611919685 1.0256182614666083
60121.394 lsst_hardware_i 40.250853988579244 89.37999725341797 31.34000015258789 AB 5.595573525797595 1.0362173195921471
60123.3503 lsst_hardware_i 7.732891652941028 91.63999938964844 31.350000381469727 AB 5.159218916939581 1.0274770061119407
60123.3704 lsst_hardware_z 26.985027623722996 112.94000244140625 31.010000228881836 AB 5.181620781487709 1.0257588402430384
60125.3438 lsst_hardware_i 17.03348307358617 91.62999725341797 31.350000381469727 AB 3.6348146902646112 1.0279453309571864
60125.3629 lsst_hardware_z 74.36878845402144 112.88999938964844 31.010000228881836 AB 3.656220930521392 1.0253003170279318
60128.3433 lsst_hardware_z -174.61470529305217 112.81999969482422 31.010000228881836 AB 6.676957636266701 1.0253706970117928
60128.3647 lsst_hardware_r 135.82161411799936 83.86000061035156 31.65999984741211 AB 6.695710794626209 1.0289221351711424
60130.2935 lsst_hardware_i -62.83189724149265 91.31999969482422 31.34000015258789 AB 4.774068698971427 1.0695796345852868
60130.312 lsst_hardware_r 108.48527269778712 83.87000274658203 31.65999984741211 AB 4.61939936549577 1.0422832503374933
60132.3559 lsst_hardware_z -404.6562658780383 164.6999969482422 31.760000228881836 AB 1.6030667535176355 1.0301382158194765
60137.3175 lsst_hardware_z 5.371709223344898 155.4600067138672 31.760000228881836 AB 7.796620057502697 1.025646137799083
60137.3421 lsst_hardware_r 21.76714369528518 116.5199966430664 32.40999984741211 AB 8.309912403351898 1.0300480202482096
60143.3154 lsst_hardware_i 49.30155242650636 91.61036436998175 31.34000015258789 AB 1.846190215829675 1.025661231016486
60143.3369 lsst_hardware_r -22.84621192995709 83.8245747175421 31.65999984741211 AB 1.6527687579851105 1.0390415494457945
60145.2954 lsst_hardware_u -11.30836571839976 30.783455702612535 29.530000686645508 AB 3.338178428669506 1.025711608133202
60145.3142 lsst_hardware_g 120.47424882418358 91.51985670404937 31.739999771118164 AB 3.259262474194007 1.0270245704093295
60148.2911 lsst_hardware_r 50.15665371416625 84.57734958853695 31.65999984741211 AB 5.230336202584158 1.024986681108696
60148.3133 lsst_hardware_i 138.5712650654048 92.1540138200796 31.34000015258789 AB 5.025168734226073 1.0308214637978916
60151.2601 lsst_hardware_z 185.95132925609667 113.67089427087826 31.010000228881836 AB 10.938412330179794 1.03675082113419
60151.2801 lsst_hardware_r 344.930313047119 85.84312276059708 31.65999984741211 AB 10.822002098859759 1.0254581900372481
60159.2157 lsst_hardware_z 239.86707812247633 114.89238400598724 31.0 AB 2.3781734025112113 1.0670834890119105
60159.2386 lsst_hardware_r 1324.9793136909038 90.60698571342722 31.65999984741211 AB 2.284485872494706 1.0364397153095073
60161.2479 lsst_hardware_i 874.1876378033287 96.67988597905887 31.34000015258789 AB 1.0502939384533017 1.0269312524598402
60161.2678 lsst_hardware_r 1460.0182947671901 91.88651841138062 31.65999984741211 AB 0.5052608590115496 1.026083991900253
60163.2382 lsst_hardware_z 1298.5021178116874 164.06009996610658 31.760000228881836 AB 3.2649699951043676 1.0288770992975949
60166.2398 lsst_hardware_r 1935.7686699041467 94.12380644425957 31.65999984741211 AB 4.629857032879755 1.0253254418956383
60166.2589 lsst_hardware_i 1220.0513751957533 98.33459235077936 31.350000381469727 AB 4.47341561345995 1.0278988082398783
60177.2225 lsst_hardware_g 454.12668682696005 95.34819981526934 31.739999771118164 AB 1.5350490563444887 1.0256452492279435
60177.2435 lsst_hardware_r 1668.3906343320386 93.08198180567001 31.65999984741211 AB 1.4945366249866203 1.0384736247735635
60180.2045 lsst_hardware_i 1446.6153983519155 96.11921709343251 31.34000015258789 AB 3.0511466599345867 1.024906503169159
60180.2231 lsst_hardware_r 1459.9989554752144 90.91942166715945 31.65999984741211 AB 2.6268470143176734 1.029127135873721
60182.1812 lsst_hardware_z 1988.723676224925 164.71765547761456 31.760000228881836 AB 2.230561266589604 1.0320699903248602
60184.1553 lsst_hardware_z 891.406930204158 116.15222143231416 31.0 AB 4.111697410262247 1.05428138724673
60184.173 lsst_hardware_r 1326.4473267047285 90.91287517981364 31.65999984741211 AB 4.446879985403635 1.0341581361403802
60194.1738 lsst_hardware_u 27.57247770147112 44.6465198215349 30.290000915527344 AB 2.403016803063536 1.0251778170066281
60195.1381 lsst_hardware_r 1443.2110032182857 123.7965188558673 32.40999984741211 AB 2.7772950104796816 1.0385323026940942
60196.135 lsst_hardware_z 617.3355380269833 115.20887168131178 31.0 AB 3.4290617567070076 1.0388997445082835
60196.1534 lsst_hardware_u 11.26131311880327 31.485054177561473 29.530000686645508 AB 3.4107726396935454 1.0265423911193918
60199.1234 lsst_hardware_g 87.41681772342012 93.37422546722755 31.729999542236328 AB 3.23208944569213 1.0425254239790853
60199.1401 lsst_hardware_r 508.7260071786577 86.52057131025757 31.65999984741211 AB 3.5420753890805865 1.028775889944986
60201.1236 lsst_hardware_i 323.1089267703598 94.20409746601793 31.34000015258789 AB 1.2526388353486972 1.0367381215383382
60201.1423 lsst_hardware_z 831.6137892393808 114.99846931624381 31.010000228881836 AB 1.7217469019374851 1.025765208184382
60207.2514 lsst_hardware_u -57.97762407208408 38.789202670412145 30.010000228881836 AB 9.092214667216032 1.3177122706110191
60207.2749 lsst_hardware_g 57.75644894660311 120.0223085397003 32.29999923706055 AB 10.296976350371532 1.4923154130973233
60209.107 lsst_hardware_r 330.5642025509221 85.25240298396415 31.65999984741211 AB 3.3608558457969924 1.0324152710824266
60209.1278 lsst_hardware_i 466.70582793800963 93.31910072535615 31.34000015258789 AB 3.4580356155937464 1.0247802678765456
60211.0943 lsst_hardware_z 1088.5644316793394 161.49727734061702 31.75 AB 3.826622577912107 1.0386435713950213
60215.1002 lsst_hardware_z 459.10668591669787 114.2798061043447 31.010000228881836 AB 4.715875032996463 1.027032184460492
60215.1208 lsst_hardware_r 217.16438581373896 84.82122311413079 31.65999984741211 AB 4.715556901443714 1.0262179288972506
60218.0767 lsst_hardware_r 109.7613328888381 84.6406660169134 31.65999984741211 AB 5.964155657610092 1.0371843355649106
60218.0975 lsst_hardware_i 270.7734507382481 92.66422533417095 31.34000015258789 AB 6.461310898098891 1.0253878911498453
60221.0264 lsst_hardware_z 328.1356009491688 110.58089519762008 31.0 AB 2.7273503658590648 1.1116917252142928
60221.0384 lsst_hardware_i 65.46299758228172 90.0216048282331 31.329999923706055 AB 2.645436072934024 1.082789851804635
60223.0799 lsst_hardware_u 21.209157625565574 31.62247022611346 29.530000686645508 AB 3.8902136150652225 1.0264641566609352
60223.0991 lsst_hardware_g 210.1597257823148 93.27652951301759 31.739999771118164 AB 3.505372525527815 1.0262630600745042
60227.0611 lsst_hardware_z 398.7280883006439 113.8170571739582 31.010000228881836 AB 2.478213333821429 1.0302279500399982
60227.0811 lsst_hardware_u 22.84342414345932 31.746190700870763 29.540000915527344 AB 2.4646235245968446 1.024862509361776
60229.066 lsst_hardware_g 12.169672170970085 93.31706799315336 31.739999771118164 AB 5.4936054163209125 1.025723743517208
60229.084 lsst_hardware_r 39.26102678627069 84.54046540980278 31.65999984741211 AB 5.93612973541103 1.0267012125067723
60236.0319 lsst_hardware_z 133.85452153172432 113.49761214504069 31.010000228881836 AB 4.2247536507353995 1.033452458594765
60236.0505 lsst_hardware_i 1.7409368464638855 92.20150310799227 31.34000015258789 AB 3.888180077587669 1.025026053539254
60238.0304 lsst_hardware_z 218.80380729138028 117.21348088415841 31.010000228881836 AB 3.4358219434243504 1.0306435186753737
60238.0478 lsst_hardware_g -119.53226950914727 95.49381938526057 31.739999771118164 AB 2.928610553184576 1.0247959244809832
60240.0309 lsst_hardware_r 7.193869408748592 84.30616659736583 31.65999984741211 AB 4.074640861836952 1.0274578230692686
60240.0487 lsst_hardware_i 168.39333763286623 92.10843195054733 31.34000015258789 AB 4.467322331205769 1.0252618810500775
60242.0188 lsst_hardware_z 103.52251615294347 160.47684092499472 31.760000228881836 AB 3.721183382170575 1.031084339753524
60244.0109 lsst_hardware_y 127.10284528132249 122.9498989089631 30.079999923706055 AB 4.4180865869043755 1.032806168407311
60244.0273 lsst_hardware_z 313.69890952194663 113.42719099308583 31.010000228881836 AB 4.387489421658019 1.0252341211959137
60246.0126 lsst_hardware_y 98.74431062024215 123.12873058706693 30.09000015258789 AB 3.216665644693033 1.028345794339205
60246.0291 lsst_hardware_i 235.3364534195948 92.26616183139379 31.350000381469727 AB 3.2460472167991843 1.0248517838769549
60248.002 lsst_hardware_y 176.93559012028894 122.99965484638 30.079999923706055 AB 4.774179056879008 1.0313629416459296
60248.0192 lsst_hardware_i 59.94117574075038 92.12730264012467 31.34000015258789 AB 4.7384873637179465 1.0248701987061635
60250.0033 lsst_hardware_y 170.70991787915213 122.9762050790598 30.079999923706055 AB 9.088989963950233 1.027585072238435
60250.0225 lsst_hardware_g -45.995489952156774 93.12573348179369 31.739999771118164 AB 9.11860241842703 1.025483852724587
60460.4141 lsst_hardware_z 47.07461277426951 52.349998474121094 30.969999313354492 AB 7.669264014474131 1.0363870289829906
60460.4361 lsst_hardware_y 51.77018492935047 65.33000183105469 30.06999969482422 AB 7.3859987644081375 1.025050137312905
60462.4154 lsst_hardware_r 14.058714705899549 29.540000915527344 31.549999237060547 AB 7.841472281456782 1.0310943170883342
60462.4339 lsst_hardware_y -135.53760217333132 53.79999923706055 30.059999465942383 AB 6.62020273981456 1.024799185729808
60464.4238 lsst_hardware_z -12.893095418263256 63.84000015258789 31.709999084472656 AB 11.463853416061626 1.0252671192518745
60466.417 lsst_hardware_g 20.377924905886072 16.09000015258789 31.479999542236328 AB 3.897053228746834 1.02554032335443
60466.4366 lsst_hardware_y -57.63001650594526 59.29999923706055 30.059999465942383 AB 3.9052715897917065 1.027703049945186
60485.35 lsst_hardware_z 74.43506081645639 72.33999633789062 30.989999771118164 AB 3.7186113309655164 1.0329475919348656
60485.3716 lsst_hardware_i 196.80153624965658 82.05999755859375 31.34000015258789 AB 3.6962739634851234 1.0247975500628779
60487.3412 lsst_hardware_r 202.80396358504427 93.68000030517578 31.65999984741211 AB 7.4568217132094965 1.0356696823902078
60487.3642 lsst_hardware_z -28.7027216491377 71.5 30.989999771118164 AB 7.3790683144842975 1.0248705992339302
60493.3419 lsst_hardware_i 13.42629065901944 31.25 31.25 AB 6.683691489257504 1.0258927842298549
60493.3633 lsst_hardware_z -31.909410701287324 41.41999816894531 30.940000534057617 AB 6.692373650052634 1.0278959643747085
60495.291 lsst_hardware_r 24.577674461921756 24.170000076293945 31.510000228881836 AB 4.255405507068336 1.0757292202405737
60495.3099 lsst_hardware_g -49.56780729516646 15.1899995803833 31.459999084472656 AB 4.672457567250836 1.045584910153997
60497.335 lsst_hardware_r 21.434931375122854 23.90999984741211 31.510000228881836 AB 1.6387429744608661 1.025068582857089
60497.3552 lsst_hardware_i 5.10738398060223 31.1200008392334 31.25 AB 1.6292751759392712 1.0293409556318445
60499.3298 lsst_hardware_z 65.13888672230107 41.560001373291016 30.959999084472656 AB 1.786635342440855 1.0250346198742715
60499.3533 lsst_hardware_i 14.914509890705425 31.440000534057617 31.270000457763672 AB 2.3347704007702332 1.0315627691179234
60506.3025 lsst_hardware_i 60.242350160556086 31.09000015258789 31.25 AB 3.0734753677903526 1.027231072122444
60506.321 lsst_hardware_z 21.761798344991536 41.33000183105469 30.950000762939453 AB 2.9823005712268267 1.025550402759965
60508.3054 lsst_hardware_r -80.12583382110599 39.310001373291016 31.600000381469727 AB 1.8450256460336558 1.0250142477964754
60508.3242 lsst_hardware_g 21.597393747664693 28.899999618530273 31.639999389648438 AB 1.8518669644225068 1.028814980234726
60511.2944 lsst_hardware_r -127.30697583721997 136.22999572753906 32.40999984741211 AB 5.174627193841324 1.025490922283259
60511.3143 lsst_hardware_i -24.442604202171303 107.19999694824219 32.09000015258789 AB 5.099990415822297 1.0279648104454113
60514.282 lsst_hardware_z 110.99662951601108 98.02999877929688 31.0 AB 6.080541369632323 1.0267138013675337
60514.3031 lsst_hardware_i 118.18896760438075 112.66000366210938 31.34000015258789 AB 5.293227828959162 1.026714737456922
60516.2914 lsst_hardware_z -95.13550087774867 87.38999938964844 31.729999542236328 AB 10.741894672009538 1.025120372058424
60520.2565 lsst_hardware_g -3.2219500439484756 15.260000228881836 31.459999084472656 AB 4.556282649684281 1.031474933427875
60520.2744 lsst_hardware_r 20.27121509070998 25.31999969482422 31.530000686645508 AB 4.514145262116202 1.02485513745638
60527.2074 lsst_hardware_r -38.067507793838715 24.139999389648438 31.5 AB 1.7215542014530882 1.068569307269352
60527.2284 lsst_hardware_g -6.724219821222851 15.180000305175781 31.440000534057617 AB 2.319425730078899 1.0390528525385696
60531.2505 lsst_hardware_z 2.1416690873911697 41.619998931884766 30.950000762939453 AB 4.265306486552851 1.0251292402939018
60531.2711 lsst_hardware_i 18.759467634242483 31.65999984741211 31.260000228881836 AB 4.26222616582571 1.035589179572547
60535.2094 lsst_hardware_g -0.3509677585826407 24.0 31.6200008392334 AB 2.520384182427228 1.0363421802743535
60535.2294 lsst_hardware_r -30.330562061002887 28.6200008392334 31.559999465942383 AB 2.4916799198549873 1.025382683067896
60537.1947 lsst_hardware_i -47.13787508853723 44.58000183105469 31.299999237060547 AB 5.117707004831888 1.0462449156356715
60537.2164 lsst_hardware_z -43.94836854690747 47.68000030517578 30.969999313354492 AB 4.607941798619057 1.027870131300258
60539.2363 lsst_hardware_r 34.01563488181634 116.52999877929688 32.40999984741211 AB 2.513416050556787 1.0272817645327468
60539.251 lsst_hardware_z -7.115255385797878 87.63999938964844 31.739999771118164 AB 3.099215207397553 1.0371627667123273
60543.2 lsst_hardware_z 51.51212553789079 86.13999938964844 31.0 AB 2.569696682456211 1.0278786729824845
60543.2209 lsst_hardware_i 89.6452964858971 104.12999725341797 31.350000381469727 AB 2.0297542053475826 1.0257759723803859
60546.2037 lsst_hardware_z -32.37105790290091 67.91000366210938 31.719999313354492 AB 3.917280387706051 1.0248400770138792
60546.2223 lsst_hardware_g 92.51619022444955 67.25 32.459999084472656 AB 3.480728806242746 1.0298522036321553
60549.155 lsst_hardware_g -7.135517256289903 15.84000015258789 31.489999771118164 AB 4.117607422202455 1.0557967749237063
60549.172 lsst_hardware_r 8.684735927249038 24.65999984741211 31.530000686645508 AB 4.4531282226198465 1.035611214562755
60555.1627 lsst_hardware_r -22.69612419477604 24.520000457763672 31.520000457763672 AB 1.4424623510400545 1.0303302507428962
60555.1828 lsst_hardware_g -1.8069610631390238 15.649999618530273 31.469999313354492 AB 1.3020310037809113 1.0248850144548751
60557.137 lsst_hardware_u -0.1463736151125064 2.809999942779541 28.469999313354492 AB 1.6132230688985827 1.0502754354808481
60557.1566 lsst_hardware_r -24.533407442043476 24.31999969482422 31.520000457763672 AB 1.4894101466524465 1.0307336655034234
60559.1224 lsst_hardware_i 37.03037992973323 31.989999771118164 31.260000228881836 AB 1.6630713826547647 1.0643656848990495
60559.1424 lsst_hardware_z -4.656703024955589 41.83000183105469 30.950000762939453 AB 2.106810194595833 1.0377097375179574
60571.1168 lsst_hardware_z -52.8182331987265 88.98999786376953 31.0 AB 5.735712262833575 1.03178849844101
60571.1375 lsst_hardware_r -10.245837099363209 135.50999450683594 31.670000076293945 AB 7.583575318292049 1.0248074754448715
60577.0994 lsst_hardware_r -30.591666279187958 24.0 31.510000228881836 AB 5.172221548328462 1.0325169447022908
60580.0998 lsst_hardware_i -51.116542786749676 31.040000915527344 31.25 AB 4.704793202380948 1.0275091622423853
60580.1217 lsst_hardware_z -51.04150178996781 41.130001068115234 30.940000534057617 AB 4.695513478832201 1.0263043558702358
60582.0968 lsst_hardware_r 20.637261309529396 23.90999984741211 31.510000228881836 AB 3.947340080981048 1.0265496602252255
60582.1172 lsst_hardware_g 0.48782112859626575 15.180000305175781 31.459999084472656 AB 3.9119711002935227 1.0266293400586597
60584.0726 lsst_hardware_u -1.438479171636981 2.869999885559082 28.530000686645508 AB 5.033994451536011 1.0392226365681945
60584.0919 lsst_hardware_r 44.53043121118205 24.030000686645508 31.520000457763672 AB 4.628884077974576 1.0263601059811063
60586.0754 lsst_hardware_i 52.45872417618623 31.260000228881836 31.260000228881836 AB 2.408922098442457 1.0321002992471653
60586.0953 lsst_hardware_z 22.818903190445237 41.310001373291016 30.950000762939453 AB 2.152097325348412 1.0248082501659106
60588.0753 lsst_hardware_r -5.34739876393496 23.860000610351562 31.520000457763672 AB 3.8823584315371065 1.028779975233445
60588.0941 lsst_hardware_u 0.9416112568734952 2.7699999809265137 28.459999084472656 AB 3.5004518379575646 1.0250225001339868
60590.0614 lsst_hardware_g 1.5882972164263918 15.619999885559082 31.469999313354492 AB 5.842666120567635 1.034466381119536
60590.0799 lsst_hardware_r 28.399797478223466 24.209999084472656 31.520000457763672 AB 5.047840029520334 1.0252543981964728
60592.0629 lsst_hardware_i -0.3217750497778404 32.61000061035156 31.270000457763672 AB 2.5050024985718657 1.0295941218954594
60592.0814 lsst_hardware_z 12.445906201918064 42.119998931884766 30.959999084472656 AB 2.514999159286966 1.0248570331241864
60594.0632 lsst_hardware_r -44.296061714505996 41.65999984741211 31.6200008392334 AB 5.5107630055208086 1.026850249475927
60594.083 lsst_hardware_g 4.755492930611453 37.970001220703125 31.690000534057617 AB 5.471542978117367 1.0261548134314042
60596.0409 lsst_hardware_z 134.2811960779619 65.9800033569336 30.989999771118164 AB 7.59200480577865 1.0381637247946014
60596.0582 lsst_hardware_r 136.9199494880426 85.3499984741211 31.65999984741211 AB 7.3920987916091105 1.0266803877234876
60599.043 lsst_hardware_i 63.53549040567282 86.58999633789062 31.34000015258789 AB 6.70996929932402 1.0300579709848494
60599.0605 lsst_hardware_z 1.342648615871703 75.62000274658203 31.0 AB 6.6729827315959 1.0247996209161772
60603.0309 lsst_hardware_g -13.70110938780744 15.489999771118164 31.489999771118164 AB 3.446803714014685 1.0307941127492455
60603.0484 lsst_hardware_r 21.515913377867804 24.299999237060547 31.530000686645508 AB 2.9717271213944305 1.0248218368464126
60605.0307 lsst_hardware_i -35.336440418228015 31.520000457763672 31.270000457763672 AB 4.050880319469627 1.0278813294771953
60605.0484 lsst_hardware_z 112.11658070967079 41.56999969482422 30.950000762939453 AB 4.476438204463943 1.0251189567673038
60607.0302 lsst_hardware_r -6.883033909291362 24.3700008392334 31.530000686645508 AB 3.702471821189642 1.0260181016159258
60607.0483 lsst_hardware_g 27.036045226819446 15.510000228881836 31.479999542236328 AB 3.9047133471135407 1.026408187451808
60609.0133 lsst_hardware_y 177.02458472453242 84.20999908447266 31.25 AB 4.432208986412494 1.0316059475328263
60609.0242 lsst_hardware_r 7.741661891307251 34.540000915527344 32.279998779296875 AB 4.386060171594346 1.0261790224046043
60611.0145 lsst_hardware_y -46.56016316170432 48.68000030517578 30.059999465942383 AB 3.1916513384729606 1.0277966955151225
60611.033 lsst_hardware_z 1.6263711949566277 41.70000076293945 30.959999084472656 AB 3.2545827642845415 1.0252807196107974
60615.0026 lsst_hardware_y -81.52608257726763 68.77999877929688 30.079999923706055 AB 8.917052932862896 1.0282579489002417
60615.0223 lsst_hardware_r 20.7151165678048 24.75 31.530000686645508 AB 8.877233941111081 1.0253215455197282
60617.013 lsst_hardware_z -21.69833888358951 78.6500015258789 31.719999313354492 AB 4.863922027586 1.0248466134820902
