data/validation/pwv_sim_epoch_fit_seasonal/60141901.ecsv
# %ECSV 0.9
# ---
# datatype:
# - {name: time, datatype: float64}
# - {name: band, datatype: string}
# - {name: flux, datatype: float64}
# - {name: fluxerr, datatype: float64}
# - {name: zp, datatype: float64}
# - {name: zpsys, datatype: string}
# - {name: pwv, datatype: float64}
# - {name: airmass, datatype: float64}
# meta: {SNID: '60141901', alt: 1024.0, c: -0.020171629264950752, dec: -4.630479, lat: -30.244573, lon: -70.7499537, ra: 153.984375, t0: 62186.03125,
#   x0: 5.3949988590023296e-06, x1: 1.1374623775482178, z: 0.5943260788917542}
# schema: astropy-2.0
time band flux fluxerr zp zpsys pwv airmass
[from data line 133]
62504.3481 lsst_hardware_y 77.05925069076396 49.709999084472656 30.020000457763672 AB 6.021726120411917 1.1092288501794925
62506.3282 lsst_hardware_z 8.570236416010841 42.5 30.940000534057617 AB 11.193409933096452 1.1082218342394428
62506.3496 lsst_hardware_y 40.258900266747965 49.91999816894531 30.030000686645508 AB 12.488983903517662 1.1128522079320695
62508.2945 lsst_hardware_r 30.089218745374534 24.18000030517578 31.489999771118164 AB 9.331448611494395 1.1319536547039417
62508.317 lsst_hardware_u 1.0861901880361262 2.740000009536743 28.40999984741211 AB 9.147386061662724 1.1102544072900502
62511.2922 lsst_hardware_g 1.1922887880173079 14.699999809265137 31.420000076293945 AB 8.085646700396778 1.1240993605445262
62511.3167 lsst_hardware_r -7.138355910704486 23.799999237060547 31.5 AB 7.921983205908967 1.1078147400236273
62515.265 lsst_hardware_r -23.911399292170195 24.15999984741211 31.479999542236328 AB 8.056533912417793 1.1497836324272575
62515.2833 lsst_hardware_g 6.067489150213671 14.779999732971191 31.40999984741211 AB 7.890970167814627 1.121766102540788
62516.2556 lsst_hardware_r 51.11742799391182 35.7599983215332 31.559999465942383 AB 6.511385827430414 1.1640639701025708
62516.2742 lsst_hardware_i -10.905873567771533 31.739999771118164 31.239999771118164 AB 6.330312927797254 1.1297405582029603
62518.268 lsst_hardware_z 63.86543368767522 55.52000045776367 30.959999084472656 AB 2.4146980350331684 1.130785421283825
62518.2871 lsst_hardware_i -24.163354983173363 53.0 31.299999237060547 AB 2.4062120311309214 1.1116282723222737
62520.3183 lsst_hardware_z -128.08957755494674 102.02999877929688 31.729999542236328 AB 7.382185770319546 1.1185129955029616
62522.2369 lsst_hardware_y -60.90538268709074 69.86000061035156 30.020000457763672 AB 13.806409628767602 1.16957217163559
62522.2573 lsst_hardware_r 157.93461950654762 139.0 31.639999389648438 AB 13.386628751987432 1.130468297141797
62524.2324 lsst_hardware_i 29.628226819529125 86.66999816894531 31.309999465942383 AB 10.674044776826106 1.1672532676166476
62524.2525 lsst_hardware_z 0.01149619397431422 76.36000061035156 30.979999542236328 AB 10.730619399670122 1.1295388841758023
62526.2368 lsst_hardware_r 61.44586262736646 54.869998931884766 31.600000381469727 AB 9.876193460487665 1.1462509214922874
62526.2567 lsst_hardware_z 137.024260492485 51.959999084472656 30.959999084472656 AB 10.427939735087937 1.1182177615235578
62528.2444 lsst_hardware_i 20.705423024047814 34.9900016784668 31.25 AB 12.336476077119054 1.1257963202335328
62528.2634 lsst_hardware_z -17.490959475987292 43.97999954223633 30.940000534057617 AB 12.786516633777923 1.1097881483688952
62530.2927 lsst_hardware_i -14.01303399535983 32.15999984741211 31.239999771118164 AB 12.4152403736456 1.1202226001454743
62530.3104 lsst_hardware_u -3.0833707731455293 2.940000057220459 28.40999984741211 AB 12.679978925444694 1.145884772007536
62532.2136 lsst_hardware_u 0.25818485961614385 2.7200000286102295 28.3799991607666 AB 12.20178041984112 1.160232686514211
62532.2303 lsst_hardware_g 20.005362152934488 14.859999656677246 31.420000076293945 AB 12.105694516367885 1.1300355824601298
62534.2156 lsst_hardware_r 1.2036739868556299 24.110000610351562 31.5 AB 11.829989979654663 1.1450501282968388
62534.2334 lsst_hardware_i -39.672855609876045 31.75 31.239999771118164 AB 11.589825199234761 1.1196546503306133
62536.217 lsst_hardware_z 61.00246104735415 42.689998626708984 30.940000534057617 AB 8.579561414644497 1.1335132005079267
62536.2336 lsst_hardware_u 0.363373791164776 2.6500000953674316 28.34000015258789 AB 8.365196072753669 1.1145792708775415
62538.211 lsst_hardware_g 12.69843038986924 14.710000038146973 31.399999618530273 AB 4.906013097146853 1.1343382883576538
62538.2297 lsst_hardware_r 21.34470652087473 23.760000228881836 31.479999542236328 AB 4.795519207357821 1.1134244734984495
62540.2101 lsst_hardware_i 48.954590581394854 32.09000015258789 31.239999771118164 AB 8.014781784751912 1.1277835532014886
62540.228 lsst_hardware_z -2.891985191049001 42.75 30.940000534057617 AB 7.965924068011411 1.1110721080506414
62542.2571 lsst_hardware_i -62.95253090566954 32.34000015258789 31.25 AB 3.8266416246147537 1.1174307562022934
62542.2732 lsst_hardware_u -3.0903756139995098 2.7699999809265137 28.399999618530273 AB 3.8876288857438595 1.1380646621029775
62544.1908 lsst_hardware_g -24.298640068478683 24.079999923706055 31.56999969482422 AB 6.750303284943157 1.1405750411055742
62544.2069 lsst_hardware_r 13.421464021811062 26.3799991607666 31.520000457763672 AB 6.62804085744462 1.118845519487613
62545.1853 lsst_hardware_i 16.98019994289272 43.09000015258789 31.270000457763672 AB 4.674663766123497 1.145540345800036
62545.202 lsst_hardware_r -43.23117637446095 40.0099983215332 31.579999923706055 AB 4.563943933352022 1.1210866945104452
62549.2367 lsst_hardware_r -91.85556085305412 137.07000732421875 31.639999389648438 AB 5.196280001627976 1.116279269952304
62549.2539 lsst_hardware_i 16.119131167804916 109.54000091552734 31.31999969482422 AB 4.962493532695839 1.137751669704816
62551.2329 lsst_hardware_z 48.3621622363082 108.0199966430664 30.989999771118164 AB 2.9242810529096714 1.1177732252951535
62551.251 lsst_hardware_r 46.3693428617185 160.60000610351562 31.639999389648438 AB 2.8688180235019654 1.1421211691999067
62553.1605 lsst_hardware_i -54.89820689952783 69.8499984741211 31.309999465942383 AB 5.789388266571233 1.151257920272679
62553.1781 lsst_hardware_z -55.731443258038 64.05999755859375 30.969999313354492 AB 6.8027676600085485 1.123403131039311
62555.1607 lsst_hardware_g 14.08878697484585 44.91999816894531 31.649999618530273 AB 9.004573833339089 1.1406858162324665
62555.1768 lsst_hardware_r 96.25684634323392 47.369998931884766 31.600000381469727 AB 12.334087741182262 1.1189072640927362
62558.1601 lsst_hardware_i 17.89727935983507 32.02000045776367 31.239999771118164 AB 6.109773518041197 1.12893080525521
62558.1777 lsst_hardware_r 42.850141176160385 24.209999084472656 31.5 AB 7.751208693160244 1.111722714067947
62560.1521 lsst_hardware_u 3.500344600520067 2.75 28.399999618530273 AB 6.850857109438864 1.1325602759859255
62560.1709 lsst_hardware_g -22.50304314295588 15.220000267028809 31.440000534057617 AB 6.779638833589349 1.112556116281329
62562.1517 lsst_hardware_r -15.389496596194173 24.260000228881836 31.5 AB 3.856180544309726 1.1256182566703166
62562.1701 lsst_hardware_i 4.328468644882626 31.809999465942383 31.239999771118164 AB 4.307472551494252 1.1099826193508637
62564.1971 lsst_hardware_z -1.9710785825342114 42.63999938964844 30.940000534057617 AB 7.233295484688256 1.1174852050397697
62564.2144 lsst_hardware_r 0.7493574468964396 24.40999984741211 31.489999771118164 AB 6.37215100480077 1.1401916386975015
62565.1949 lsst_hardware_u 2.5446792600507218 2.6600000858306885 28.34000015258789 AB 13.142608382429037 1.1179806943399526
62565.2132 lsst_hardware_g -2.7812287673737144 15.020000457763672 31.40999984741211 AB 12.41159766581357 1.1428727132425018
62567.1995 lsst_hardware_r -20.325076929555454 24.15999984741211 31.489999771118164 AB 10.645307160903345 1.1297552526782948
62567.2186 lsst_hardware_z -19.165849042819712 43.09000015258789 30.93000030517578 AB 11.300261003091395 1.1652656764752076
62569.1222 lsst_hardware_i 17.77435256407313 32.119998931884766 31.239999771118164 AB 11.740807383549527 1.1411583207998675
62569.1402 lsst_hardware_r -19.356355316911888 24.139999389648438 31.489999771118164 AB 10.685268869359307 1.1173553141649264
62573.1189 lsst_hardware_z -54.936080455674066 45.91999816894531 30.940000534057617 AB 14.841901551830299 1.1292628434779397
62573.1375 lsst_hardware_g -44.74143509796232 28.84000015258789 31.610000610351562 AB 15.557946696609786 1.111281906900699
62576.1109 lsst_hardware_r 5.387481114513386 81.2699966430664 31.6299991607666 AB 8.342452988289685 1.128998611265022
62576.1311 lsst_hardware_i 60.08597037505444 68.19999694824219 31.309999465942383 AB 9.633149861747267 1.1103428906057746
62577.116 lsst_hardware_z -6.6279495289472 79.55999755859375 30.979999542236328 AB 8.559241698884716 1.1196356979442812
62577.1343 lsst_hardware_r -37.224186073743404 109.77999877929688 31.639999389648438 AB 9.060041178444044 1.1082054343950718
62579.1217 lsst_hardware_z -65.14478134339194 145.60000610351562 31.75 AB 8.971934339976704 1.110960809820663
62581.1134 lsst_hardware_r -83.94508160986834 101.91999816894531 31.639999389648438 AB 5.452022203127864 1.1126575924750743
62581.1343 lsst_hardware_z -84.53051345473237 71.02999877929688 30.979999542236328 AB 5.735068260096902 1.1081365288006253
62583.156 lsst_hardware_r -47.86388839999944 56.150001525878906 31.610000610351562 AB 8.41709945279348 1.1300142467725962
62583.1764 lsst_hardware_y -75.70360410133488 51.40999984741211 30.0 AB 7.971251643166779 1.1688052262707886
62585.0959 lsst_hardware_g -21.228801968532846 14.869999885559082 31.40999984741211 AB 9.89500902369304 1.1179222170532792
62585.1129 lsst_hardware_r -31.611482618471705 26.760000228881836 31.510000228881836 AB 9.844948670782113 1.108103851739784
62595.0646 lsst_hardware_r 1.265603753919849 23.59000015258789 31.479999542236328 AB 5.495768687412854 1.122043423318216
62595.0844 lsst_hardware_z 33.64172437665956 42.119998931884766 30.940000534057617 AB 6.650352940534535 1.108392156755756
62599.0597 lsst_hardware_g -28.157122596723134 15.119999885559082 31.420000076293945 AB 8.379293669802834 1.1160982555347203
62599.0788 lsst_hardware_r -11.670705563714103 23.989999771118164 31.5 AB 8.32815450032651 1.107565542201408
62601.0537 lsst_hardware_i -7.009737628038664 34.0099983215332 31.260000228881836 AB 6.299381507472635 1.1165651628435564
62601.0711 lsst_hardware_z 21.047333183297184 43.349998474121094 30.950000762939453 AB 6.308461924064806 1.1077680186250154
62603.0514 lsst_hardware_r 1.9342635743032164 48.04999923706055 31.6200008392334 AB 7.174193474375054 1.114005197884325
62603.0688 lsst_hardware_z 7.654289533357886 49.709999084472656 30.969999313354492 AB 6.956476618089826 1.1075428463763455
62609.0986 lsst_hardware_y 93.55049861049369 83.02999877929688 30.770000457763672 AB 13.03500732283094 1.1535404710469859
62614.9891 lsst_hardware_i -23.563869713169353 45.22999954223633 31.989999771118164 AB 11.102051070076056 1.1556009649125885
62614.9993 lsst_hardware_z -81.04039246553758 60.41999816894531 31.690000534057617 AB 10.929840832924077 1.1366208521755128
62617.0103 lsst_hardware_r -12.256403802561644 23.829999923706055 31.5 AB 12.949232250830775 1.1163131250716185
62617.0276 lsst_hardware_u -4.201968537644286 2.759999990463257 28.440000534057617 AB 12.84981405555289 1.1077425909959389
62619.0107 lsst_hardware_g 8.447385323305065 15.0 31.420000076293945 AB 1.6679723423898454 1.1119815615932302
62619.027 lsst_hardware_i 92.27475894502393 31.8799991607666 31.239999771118164 AB 1.6614126307154844 1.1076084204769896
62621.0052 lsst_hardware_z -10.000355802306713 42.560001373291016 30.940000534057617 AB 12.00966135880879 1.1120056813711843
62621.0226 lsst_hardware_r -14.70418661518421 24.059999465942383 31.5 AB 11.963279482840425 1.1077110632259652
62623.9995 lsst_hardware_u -0.12181085475336627 2.7699999809265137 28.440000534057617 AB 14.63483356047738 1.110606614424571
62624.0176 lsst_hardware_g 13.505626188096718 14.930000305175781 31.440000534057617 AB 15.154210732334302 1.108304051609042
62626.0432 lsst_hardware_r -8.071579187596829 24.399999618530273 31.5 AB 10.248536082846561 1.1369996763632884
62626.0605 lsst_hardware_i 21.865323249035225 32.540000915527344 31.239999771118164 AB 10.559520220874662 1.1725309075729018
62628.0413 lsst_hardware_z -10.520050778721416 43.27000045776367 30.940000534057617 AB 7.3858556289300115 1.1430853738542115
62628.0596 lsst_hardware_r 4.474783664283217 24.530000686645508 31.489999771118164 AB 7.440679391637578 1.1845386279770083
62629.0401 lsst_hardware_u 2.7469993780424735 2.9100000858306885 28.40999984741211 AB 11.18618212666733 1.1458904042888065
62629.0573 lsst_hardware_r -47.071685816693424 25.43000030517578 31.489999771118164 AB 12.193289860878075 1.185733211754756
62631.9659 lsst_hardware_y -2.12970736749705 55.099998474121094 30.030000686645508 AB 8.421934002596668 1.1195534338952633
62631.9834 lsst_hardware_r -25.741172775766206 51.650001525878906 31.6200008392334 AB 8.336435307140935 1.1083842854766
62634.9742 lsst_hardware_y 10.018449784334187 79.33000183105469 30.790000915527344 AB 7.978758601224366 1.108674191925572
62637.9655 lsst_hardware_z 103.4079277698564 61.70000076293945 30.979999542236328 AB 11.55213617226568 1.1088365293850386
62637.9867 lsst_hardware_i 7.84575221876303 66.51000213623047 31.31999969482422 AB 11.643553174098086 1.1112911643138235
62642.958 lsst_hardware_y -17.135143715841306 57.599998474121094 30.030000686645508 AB 6.363096597267155 1.107604681924755
62642.9779 lsst_hardware_r 26.814711718223418 24.90999984741211 31.5 AB 6.14104162138815 1.114526610052296
62644.9573 lsst_hardware_y -40.90655571089748 57.650001525878906 30.030000686645508 AB 7.915738872106049 1.1077418829769958
62644.9765 lsst_hardware_z -39.72563331695856 43.22999954223633 30.940000534057617 AB 8.868481046505929 1.1180166886379999
