data/validation/pwv_sim_epoch_fit_seasonal/60177868.ecsv
# %ECSV 0.9
# ---
# datatype:
# - {name: time, datatype: float64}
# - {name: band, datatype: string}
# - {name: flux, datatype: float64}
# - {name: fluxerr, datatype: float64}
# - {name: zp, datatype: float64}
# - {name: zpsys, datatype: string}
# - {name: pwv, datatype: float64}
# - {name: airmass, datatype: float64}
# meta: {SNID: '60177868', alt: 1024.0, c: 0.06093139946460724, dec: -16.024099, lat: -30.244573, lon: -70.7499537, ra: 186.855469, t0: 60368.1640625,
#   x0: 2.408312372368943e-05, x1: -2.4751710891723633, z: 0.31705155968666077}
# schema: astropy-2.0
time band flux fluxerr zp zpsys pwv airmass
60337.3626 lsst_hardware_r 3.076819326518271 89.77999877929688 31.65999984741211 AB 12.184558833900615 1.0310169938991889
60339.3602 lsst_hardware_y -101.8605197712731 80.20999908447266 30.809999465942383 AB 11.697427691439433 1.0311024519577918
60341.3532 lsst_hardware_i -116.90473980755671 58.79999923706055 31.329999923706055 AB 12.122019607951087 1.0310177711457604
60341.3708 lsst_hardware_z 46.28192271287971 59.45000076293945 30.989999771118164 AB 12.152779669107785 1.0369560854211826
60349.2887 lsst_hardware_u 0.7677133451602706 3.26766865691498 28.459999084472656 AB 5.609601087503406 1.0624412167180806
60349.3064 lsst_hardware_r -177.13182648661757 27.111127645968892 31.5 AB 5.707422127214012 1.0413103680375866
60351.3297 lsst_hardware_z 463.167689877082 46.336759325417304 30.950000762939453 AB 3.83773992636527 1.0313732669619322
60351.3465 lsst_hardware_i 296.9700683310735 35.190098002348925 31.260000228881836 AB 4.618909477916965 1.0390663017641224
60355.3059 lsst_hardware_g 902.9789534098118 33.58373373227952 31.469999313354492 AB 4.13871535398765 1.032205845325836
60355.3225 lsst_hardware_r 1591.9514980817055 47.105280271928805 31.520000457763672 AB 4.029075865670104 1.0322141415038868
60357.2646 lsst_hardware_i 2281.0204180616956 56.588803870399445 31.25 AB 4.731786315831633 1.0660177563123772
60357.2809 lsst_hardware_z 2534.6353960279266 64.15523749793789 30.950000762939453 AB 4.586672896065886 1.0447010487385369
60360.3103 lsst_hardware_r 4890.934224471427 74.0843328005171 31.520000457763672 AB 3.7732146519883694 1.0326728965894365
60360.3292 lsst_hardware_g 3297.518105771841 59.44387126808794 31.459999084472656 AB 3.81520768364765 1.0455488308160181
60361.3012 lsst_hardware_r 6097.133841708305 87.75931504356386 31.6200008392334 AB 6.682109466629478 1.0312029938599228
60361.3191 lsst_hardware_i 4105.458569500273 70.78484327188471 31.260000228881836 AB 6.745637410922082 1.038989204608715
60366.2777 lsst_hardware_r 8422.053499585256 156.97965565390732 31.65999984741211 AB 6.696698605641559 1.0317295544646703
60366.295 lsst_hardware_z 4974.270757030765 109.25669976540048 31.0 AB 6.7204173679871095 1.0330627230970142
60368.2752 lsst_hardware_y 1355.0389103111318 68.29362530898715 30.06999969482422 AB 5.654658319048668 1.0312133343756118
60368.2936 lsst_hardware_r 8902.42295775796 140.7091667324736 31.65999984741211 AB 5.477474397694672 1.0349014024268428
60371.2777 lsst_hardware_r 8023.969947727694 101.88406419748638 31.6200008392334 AB 6.032783484539231 1.0319065186297596
60371.297 lsst_hardware_z 4548.965372036367 81.45463419132155 30.959999084472656 AB 6.291755128030564 1.0434088106186674
60373.2663 lsst_hardware_r 7209.085713522642 89.11984725587665 31.549999237060547 AB 10.682806663751053 1.0310262511662964
60376.106 lsst_hardware_z 7206.698189640472 106.84080258651255 31.639999389648438 AB 16.564424814212714 1.6062991754929656
60376.1398 lsst_hardware_i 5027.845887969646 77.13810127577021 31.209999084472656 AB 15.190735518520519 1.3256597886831825
60380.2407 lsst_hardware_r 9070.729674124048 100.85412375719636 32.25 AB 7.632922567920663 1.0314760226919815
60380.2596 lsst_hardware_u 12.303934033115997 3.8792413612359726 28.43000030517578 AB 8.260161387904157 1.0342762884360934
60383.173 lsst_hardware_g 988.6728630795393 34.65909248355853 31.43000030517578 AB 11.467914488781782 1.1088145505227731
60383.1902 lsst_hardware_r 3729.9304793388565 65.07775902584751 31.510000228881836 AB 11.04776916480374 1.071818497676785
60385.2538 lsst_hardware_i 3275.123264638117 65.00424761126015 31.25 AB 8.209325867495588 1.0391551731007074
60385.2702 lsst_hardware_z 2486.7263483410384 64.53687977327883 30.940000534057617 AB 8.347715089455953 1.0566727961336648
60389.1234 lsst_hardware_r 2139.833327335317 69.53591174239811 31.579999923706055 AB 5.998562434557943 1.2241964152159066
60389.1357 lsst_hardware_i 2916.9993938587413 71.8617926133225 31.280000686645508 AB 6.068021438604718 1.1736985374476918
60392.2362 lsst_hardware_z 4793.091900445708 117.85707747468103 31.739999771118164 AB 6.177767479115322 1.0403492905973295
60395.1729 lsst_hardware_r 1242.143505659213 155.17543958422348 31.65999984741211 AB 7.062929895606938 1.0492616463712396
60395.191 lsst_hardware_i 2615.98236111133 130.2092292494776 31.34000015258789 AB 6.987870462595636 1.0344227468561584
60397.2132 lsst_hardware_z 4709.522449830934 119.44461543361435 31.739999771118164 AB 6.922785352462737 1.0342806801488154
60399.2066 lsst_hardware_z 2137.6824693149565 68.8719019297063 30.969999313354492 AB 4.907750759996957 1.033754767771871
60399.2222 lsst_hardware_r 1085.3740631892722 67.38315315864703 31.639999389648438 AB 3.8945867891898622 1.0450123310737582
60401.2016 lsst_hardware_i 1762.7153143193098 55.77604717066713 31.280000686645508 AB 8.478483151035078 1.0339613598823267
60401.2199 lsst_hardware_z 1795.3302811500114 61.13909668458064 30.950000762939453 AB 8.934489263500557 1.0483823671797796
60413.173 lsst_hardware_z 708.8767990018765 48.78543915181759 30.959999084472656 AB 5.648959881143684 1.0361736838893352
60413.1916 lsst_hardware_u 6.233984993703989 3.2274784171590563 28.559999465942383 AB 5.7679114682442245 1.0537885207352196
60415.1645 lsst_hardware_g 151.19271291160922 19.499417986409078 31.469999313354492 AB 17.2760959586673 1.0344967639920541
60415.1827 lsst_hardware_r 397.71528557748513 32.00928860860541 31.520000457763672 AB 17.875668955972557 1.0495548853687773
60417.1632 lsst_hardware_i 816.4431092508328 47.46892090768126 31.290000915527344 AB 12.186742581656718 1.036875432358768
60417.1809 lsst_hardware_z 533.5708169910258 50.24481796252718 30.959999084472656 AB 13.597585926048582 1.054076428375859
60420.0809 lsst_hardware_i 837.528171191967 76.75724357140034 31.31999969482422 AB 7.711025103160938 1.0879497394291875
60420.094 lsst_hardware_z 546.8726360698184 68.61147248891697 30.989999771118164 AB 7.446241695407332 1.063748813629619
60423.1474 lsst_hardware_z 704.9788186222994 101.7288938287827 31.0 AB 10.046274045243527 1.0372578063490843
60423.1677 lsst_hardware_r 461.35207536154724 152.37825297289487 31.65999984741211 AB 8.370685634166723 1.0584304775402322
60426.1226 lsst_hardware_r 502.8012509218315 90.52970626611729 31.65999984741211 AB 4.594495833608493 1.0310807526051373
60426.1395 lsst_hardware_i 855.197163844014 75.87638162481413 31.329999923706055 AB 4.649520991891813 1.0374535496969461
60429.1347 lsst_hardware_z 747.7835769159515 70.96315547863013 31.709999084472656 AB 10.82754420978051 1.039960064330837
60432.1203 lsst_hardware_g 130.54699066829815 18.577481890409082 31.469999313354492 AB 13.613576876875117 1.0356861711647545
60432.1381 lsst_hardware_r 355.6996623021824 30.12845396698802 31.520000457763672 AB 11.962685302305355 1.0517339870589582
60436.1078 lsst_hardware_i -19.06690431754031 31.15999984741211 31.260000228881836 AB 6.852841750340334 1.0348207558368128
60436.1246 lsst_hardware_z -68.71264156560089 41.56999969482422 30.950000762939453 AB 6.9855096525921985 1.0486784991693805
60443.044 lsst_hardware_z 77.41617911642024 41.68000030517578 30.950000762939453 AB 6.663721354196827 1.0468496354091317
60443.062 lsst_hardware_i -0.256226877033984 31.360000610351562 31.25 AB 6.567420645418718 1.0334799588888037
60445.0435 lsst_hardware_z -59.10511875986907 43.4900016784668 30.959999084472656 AB 5.247952825053238 1.0419840812177579
60445.0631 lsst_hardware_g -32.19829945487246 26.6200008392334 31.6299991607666 AB 5.234046913068387 1.0314917304170168
60447.0429 lsst_hardware_r 22.284315500239053 54.4900016784668 31.6299991607666 AB 8.686099374924646 1.038096491306453
60447.0638 lsst_hardware_i 39.65235171783844 49.04999923706055 31.309999465942383 AB 8.599923222846966 1.0310010257569093
60454.0601 lsst_hardware_i 34.018696120477394 74.83999633789062 31.34000015258789 AB 5.035834921415545 1.0356117880618751
60454.0812 lsst_hardware_z -200.50272253184562 66.31999969482422 30.989999771118164 AB 5.1305185253574015 1.0558432911042275
60458.0039 lsst_hardware_z -10.496342541811526 41.72999954223633 30.959999084472656 AB 9.8897336635872 1.0459423602468307
60458.0253 lsst_hardware_i -58.448226286638196 31.25 31.260000228881836 AB 9.755139696009513 1.0320168945791715
60460.0051 lsst_hardware_u 4.830307897563068 2.7699999809265137 28.459999084472656 AB 9.197302946486438 1.0398307457870477
60460.0246 lsst_hardware_g 0.7702213726315204 14.970000267028809 31.459999084472656 AB 9.137157809317857 1.0311364434270398
60462.0071 lsst_hardware_r -36.639869161506795 23.93000030517578 31.510000228881836 AB 11.061165726787554 1.034906388902365
60462.027 lsst_hardware_i -30.05864637074056 31.209999084472656 31.25 AB 11.103937240535618 1.0314212379356242
60464.0045 lsst_hardware_z 14.705910215243925 41.540000915527344 30.950000762939453 AB 11.69458366509162 1.0335469434459879
60464.025 lsst_hardware_u 0.8581857159016765 2.7799999713897705 28.459999084472656 AB 11.561017476223054 1.0322337032342013
60466.0057 lsst_hardware_g 16.22180029587175 15.220000267028809 31.450000762939453 AB 4.552710544708967 1.0315030310495235
60466.0267 lsst_hardware_r 8.488695310176489 24.110000610351562 31.510000228881836 AB 4.5811838053701015 1.0352567825023768
60467.9912 lsst_hardware_i -35.231042139653916 31.440000534057617 31.25 AB 2.5434442303862257 1.034656454952192
60468.0107 lsst_hardware_z -17.13202733326573 41.650001525878906 30.950000762939453 AB 2.461006357774379 1.0314360258903514
60484.9528 lsst_hardware_y 61.88822874763487 70.5 30.06999969482422 AB 4.856283193685299 1.0317151463110135
60484.9713 lsst_hardware_i 15.892408617713262 31.989999771118164 31.260000228881836 AB 5.18839478248815 1.0335447773880777
60703.3526 lsst_hardware_g 1.5728772376290046 15.390000343322754 31.489999771118164 AB 12.200808103038078 1.032304603015321
60703.3718 lsst_hardware_y -6.120761689555566 54.150001525878906 30.06999969482422 AB 12.20396816403736 1.0329142689672686
60707.3574 lsst_hardware_r -52.771337055123766 24.18000030517578 31.530000686645508 AB 12.118309355880468 1.0318431035575049
60707.376 lsst_hardware_y -104.05623244470083 53.75 30.059999465942383 AB 12.013092403796097 1.0425769063828247
60711.3344 lsst_hardware_i -20.669615944142244 31.510000228881836 31.270000457763672 AB 7.192470251890219 1.0314249883207867
60711.352 lsst_hardware_z 9.054783276109841 41.810001373291016 30.959999084472656 AB 7.1138450041386125 1.0337386782473257
60713.3377 lsst_hardware_r 29.714708382882478 23.770000457763672 31.520000457763672 AB 4.924321390566772 1.0312175049613763
60713.3568 lsst_hardware_u 2.9187782034383964 2.819999933242798 28.5 AB 4.943555587756724 1.040146354796016
60714.2874 lsst_hardware_g 24.439758246953748 14.970000267028809 31.450000762939453 AB 7.958167357033621 1.0655643512129103
60714.3061 lsst_hardware_r 38.54185326296057 23.780000686645508 31.510000228881836 AB 8.540654429483265 1.042157502936682
60718.31 lsst_hardware_r 35.5910972447101 93.87999725341797 31.65999984741211 AB 6.2005481196779115 1.0328508805682362
60718.3263 lsst_hardware_z 68.93143331528832 65.13999938964844 30.989999771118164 AB 6.2428804364122366 1.0315968774021762
60722.262 lsst_hardware_z 134.65844713396567 80.58999633789062 30.989999771118164 AB 4.8707187703162615 1.0715867051150412
60722.2797 lsst_hardware_i 73.53311818902671 88.56999969482422 31.34000015258789 AB 4.717148909607822 1.0466272264494836
60724.3213 lsst_hardware_z -72.08536937294437 83.91999816894531 31.739999771118164 AB 5.108749760939417 1.0362575579998816
60727.2967 lsst_hardware_r 109.14092059424236 44.68000030517578 32.34000015258789 AB 6.675822608871435 1.0309885370576977
60727.3164 lsst_hardware_i 35.220334121801685 49.5 32.029998779296875 AB 6.721294175372622 1.0384653924971863
60729.3011 lsst_hardware_z 17.280433529157 41.56999969482422 30.950000762939453 AB 11.45353686627436 1.033013471591825
60729.318 lsst_hardware_u -1.8928525977832682 3.2699999809265137 28.6200008392334 AB 11.549940344304165 1.0445345099981158
60731.2806 lsst_hardware_r 19.9686803930612 23.5 31.510000228881836 AB 9.12363896378595 1.031288667936092
60731.299 lsst_hardware_g -29.24169819278589 14.680000305175781 31.440000534057617 AB 9.310374741482583 1.0344860823869537
60736.2775 lsst_hardware_z 40.86873137525432 41.34000015258789 30.950000762939453 AB 3.511792276120322 1.0316663560870512
60736.2963 lsst_hardware_i 3.43851899673589 31.1200008392334 31.260000228881836 AB 3.5952267465161523 1.0420947091351165
60744.2662 lsst_hardware_z -5.361223528117583 47.09000015258789 30.969999313354492 AB 9.78121517616881 1.0359536289531932
60744.2843 lsst_hardware_r 6.638762477293297 37.70000076293945 31.600000381469727 AB 9.953043186502562 1.0527029468259406
60751.2476 lsst_hardware_z 84.31921965253977 79.19999694824219 31.0 AB 8.542938872995935 1.0362613868262995
60751.2674 lsst_hardware_i -221.87656931861517 91.66999816894531 31.34000015258789 AB 8.339200366282002 1.055594983073671
60755.2264 lsst_hardware_r 10.452906669419008 40.77000045776367 31.6200008392334 AB 5.853996448770205 1.0318442624154252
60755.2459 lsst_hardware_i -8.652962417972146 40.29999923706055 31.299999237060547 AB 5.925489672976039 1.0434496452522144
60757.2342 lsst_hardware_z -14.836113307664883 60.220001220703125 31.709999084472656 AB 6.671253824753578 1.0382466461370443
60759.219 lsst_hardware_g -2.7065237578870667 15.489999771118164 31.479999542236328 AB 7.319635572353851 1.0329349899246925
60759.2365 lsst_hardware_r -47.013327712564305 24.350000381469727 31.520000457763672 AB 7.406410240897042 1.0449347233056978
60763.2051 lsst_hardware_i -9.920699659420563 31.489999771118164 31.270000457763672 AB 6.773245940028086 1.0319826216396353
60763.2234 lsst_hardware_u 3.873087087837537 2.9000000953674316 28.540000915527344 AB 7.0451166907275375 1.0428326522928952
60766.2026 lsst_hardware_g 6.832443539728931 15.4399995803833 31.479999542236328 AB 5.510577864243097 1.0340735342922383
60766.2215 lsst_hardware_r 26.073052661156357 24.350000381469727 31.520000457763672 AB 4.445719707997717 1.049385036704288
60770.1913 lsst_hardware_z -94.873033372781 58.95000076293945 31.700000762939453 AB 7.640851363985928 1.0338980691875812
60772.1793 lsst_hardware_z -57.336758733024794 46.9900016784668 30.969999313354492 AB 10.489348161850353 1.031679968708411
60772.1977 lsst_hardware_r -2.5042097623445025 42.2400016784668 31.6200008392334 AB 10.647070732068244 1.0418132275318126
60774.1736 lsst_hardware_i 26.886445445731763 64.69000244140625 31.329999923706055 AB 8.244506558668522 1.0316271853684766
60774.1929 lsst_hardware_z 38.141236554321544 60.58000183105469 30.989999771118164 AB 8.286592782024226 1.0424042747373075
60777.1908 lsst_hardware_z 25.22499355472782 150.1300048828125 31.75 AB 6.816026206144311 1.048619416329894
60781.1162 lsst_hardware_i 87.09760304116637 61.810001373291016 31.329999923706055 AB 16.765340349125896 1.049298417528168
60781.1341 lsst_hardware_r -129.55059405445036 75.11000061035156 31.65999984741211 AB 17.27649949051321 1.0345209275756413
60783.1623 lsst_hardware_z 57.003533639748824 48.0099983215332 30.969999313354492 AB 12.22780212768656 1.0376027149137026
60783.1801 lsst_hardware_g 32.053708148802336 50.83000183105469 31.709999084472656 AB 13.618357298888549 1.0556866123169417
60785.1597 lsst_hardware_r -34.01210521246056 30.690000534057617 31.56999969482422 AB 6.81828612598185 1.0397162872872419
60785.1766 lsst_hardware_i 52.226289674175995 35.959999084472656 31.280000686645508 AB 3.515178302042681 1.0584167116101815
60791.1445 lsst_hardware_z 21.24481862813855 41.58000183105469 30.950000762939453 AB 8.994222313483675 1.0406767564196406
60791.1628 lsst_hardware_r -0.743442413666212 24.049999237060547 31.510000228881836 AB 9.11406644768555 1.0622455067232577
60793.1249 lsst_hardware_i 27.47245095988208 31.100000381469727 31.25 AB 2.398298289638005 1.0324883215777192
60793.1433 lsst_hardware_u -0.9104074017597602 2.740000009536743 28.43000030517578 AB 2.189495039212006 1.0445648817454805
60796.118 lsst_hardware_g -33.17702632157619 14.899999618530273 31.459999084472656 AB 10.048786350539045 1.0329401765159203
60796.1352 lsst_hardware_r 8.833941559028704 23.739999771118164 31.510000228881836 AB 9.724608913049797 1.0446552763622474
60799.1185 lsst_hardware_i -63.5957546323023 33.439998626708984 31.270000457763672 AB 12.270796654432102 1.0375240259095377
60799.1364 lsst_hardware_r 30.130231727025677 27.020000457763672 31.540000915527344 AB 10.633390093735962 1.0556678231917362
60803.1077 lsst_hardware_r 91.97414790644476 86.30000305175781 31.65999984741211 AB 10.75826083153109 1.0376075388070491
60803.1259 lsst_hardware_i -4.089932520465103 74.19999694824219 31.329999923706055 AB 10.320015893275903 1.0562423512896886
60805.1042 lsst_hardware_z 3.5864812400095296 88.83999633789062 31.0 AB 7.6674861833316355 1.0390251620478514
60805.1238 lsst_hardware_r -95.08468643305028 129.74000549316406 31.65999984741211 AB 7.9750029080657034 1.0610701048518092
60807.086 lsst_hardware_z -84.05272804587028 117.80000305175781 31.75 AB 12.542143742020416 1.032275205104561
60809.0517 lsst_hardware_g 215.09272912981663 96.02999877929688 31.739999771118164 AB 6.5917911578133825 1.038131842796988
60809.0749 lsst_hardware_r -15.228988099118794 89.80000305175781 31.65999984741211 AB 6.5756341262874125 1.031121573261998
60813.0504 lsst_hardware_u 1.5085867008499811 2.8499999046325684 28.530000686645508 AB 8.641383122358391 1.032916940277146
60813.0713 lsst_hardware_g 19.512975526723277 14.989999771118164 31.459999084472656 AB 8.613851147629846 1.032835869020391
60816.0487 lsst_hardware_r -7.9089476901536075 23.59000015258789 31.510000228881836 AB 7.2974808420265616 1.031251708798327
60816.0687 lsst_hardware_i -3.293579659766233 31.030000686645508 31.260000228881836 AB 7.332497209975359 1.0354197048682852
60822.0314 lsst_hardware_z 68.25270107904706 58.5099983215332 31.700000762939453 AB 6.065647148371626 1.0313972365875645
60822.0534 lsst_hardware_r 13.129352292261983 33.58000183105469 32.27000045776367 AB 5.98568762637508 1.0360491499444908
60825.0083 lsst_hardware_i -51.24843072103243 31.5 31.270000457763672 AB 9.89602690665446 1.0379268341871424
60825.0327 lsst_hardware_u -2.0951373727888845 2.9000000953674316 28.559999465942383 AB 9.854666492369354 1.0313172974179763
60827.0071 lsst_hardware_g 5.0003567635718955 18.450000762939453 31.530000686645508 AB 7.039725172781328 1.035253701879607
60827.0308 lsst_hardware_r -6.367928324035543 25.899999618530273 31.520000457763672 AB 7.018292709506638 1.0321018690450938
60830.9904 lsst_hardware_i -34.78685866558353 63.02000045776367 31.329999923706055 AB 12.183567457614336 1.0390363832803071
60831.0115 lsst_hardware_r -17.636162904943095 70.72000122070312 31.649999618530273 AB 10.443318446793901 1.0309636822660286
60842.972 lsst_hardware_y 114.91785389087913 47.349998474121094 30.049999237060547 AB 7.31568433537967 1.0318313590098265
60842.9974 lsst_hardware_r -12.06280305471385 24.280000686645508 31.520000457763672 AB 7.472069982712723 1.0368874217120865
60844.968 lsst_hardware_y 49.431500505594364 67.79000091552734 30.809999465942383 AB 6.573286435081148 1.0315082675686384
60844.99 lsst_hardware_z 88.49580698496328 59.2599983215332 31.709999084472656 AB 6.713392441607321 1.0356976923183154
60847.9528 lsst_hardware_y -118.45207165621238 68.5199966430664 30.06999969482422 AB 4.661494786824433 1.0337436694615514
60847.9733 lsst_hardware_u -1.0271818273151532 2.8399999141693115 28.450000762939453 AB 5.5973702151254505 1.0320586733892156
60849.9529 lsst_hardware_y -32.43613694402727 70.08999633789062 30.06999969482422 AB 4.567560515391912 1.0318284296820042
60849.9724 lsst_hardware_r -35.795276498187306 24.65999984741211 31.510000228881836 AB 4.85403872091902 1.0336905883057363
60852.9539 lsst_hardware_y -41.1009519257486 68.94999694824219 30.06999969482422 AB 7.881992835411171 1.0310446719383235
60852.9736 lsst_hardware_r -29.442571840971514 25.18000030517578 31.530000686645508 AB 7.910748482580996 1.0393835872527633
