data/validation/pwv_sim_epoch_fit_seasonal/60212094.ecsv
# %ECSV 0.9
# ---
# datatype:
# - {name: time, datatype: float64}
# - {name: band, datatype: string}
# - {name: flux, datatype: float64}
# - {name: fluxerr, datatype: float64}
# - {name: zp, datatype: float64}
# - {name: zpsys, datatype: string}
# - {name: pwv, datatype: float64}
# - {name: airmass, datatype: float64}
# meta: {SNID: '60212094', alt: 1024.0, c: 0.06528984010219574, dec: -33.510056, lat: -30.244573, lon: -70.7499537, ra: 300.761719, t0: 60494.07421875,
#   x0: 5.127369367753166e-05, x1: -0.8513074517250061, z: 0.2278445065021515}
# schema: astropy-2.0
time band flux fluxerr zp zpsys pwv airmass
[from data line 133]
60872.1764 lsst_hardware_z -70.76941015006082 46.09000015258789 30.969999313354492 AB 3.092572652594625 1.0240306796670944
60877.076 lsst_hardware_r 6.140707375847471 24.969999313354492 31.469999313354492 AB 7.27944502362292 1.2770956181794595
60877.0944 lsst_hardware_g -25.21840037102886 15.239999771118164 31.399999618530273 AB 6.778803794454752 1.1917728189969674
60881.0589 lsst_hardware_i 14.441765849557806 33.560001373291016 31.219999313354492 AB 6.162805923652683 1.311235302904826
60881.0789 lsst_hardware_z -15.173839827730738 44.06999969482422 30.93000030517578 AB 5.691363779107052 1.2109284636397981
60883.0827 lsst_hardware_u 4.0570216666132835 2.640000104904175 28.290000915527344 AB 4.079268749447646 1.1734681767558852
60883.1021 lsst_hardware_g 11.05661933434272 15.1899995803833 31.420000076293945 AB 3.3569638005623608 1.1099235577986877
60886.0822 lsst_hardware_z -76.64013447344543 43.400001525878906 30.940000534057617 AB 5.500890169577471 1.1460187853286399
60886.1028 lsst_hardware_u 3.7881361750963145 2.950000047683716 28.5 AB 5.650619207265354 1.086657539858722
60888.0589 lsst_hardware_r 42.7664444635158 31.09000015258789 31.530000686645508 AB 4.582192051546502 1.2147911059243113
60888.0776 lsst_hardware_g 13.87493603403936 25.6299991607666 31.579999923706055 AB 4.322208134924331 1.1431388878403415
60891.0603 lsst_hardware_z -33.459870684783915 53.439998626708984 30.950000762939453 AB 1.7723835020452894 1.1755804789160575
60891.0798 lsst_hardware_i 10.127040226103885 50.7599983215332 31.299999237060547 AB 1.6512616018069923 1.1112123834501968
60894.0785 lsst_hardware_z 263.54272390903685 94.97000122070312 31.0 AB 2.5138738094181026 1.092751058212607
60894.0968 lsst_hardware_r -115.48580596513665 134.94000244140625 31.65999984741211 AB 2.942749809456939 1.0530819704017913
60896.076 lsst_hardware_i -82.85823268933211 117.37000274658203 31.34000015258789 AB 4.253111862809741 1.0854390122015503
60896.0944 lsst_hardware_r 182.37401482564152 146.25 31.65999984741211 AB 4.0607695733708375 1.0476701685683276
60897.088 lsst_hardware_z -75.31708908292234 113.05000305175781 31.75 AB 3.9147658340415146 1.054198420369332
60899.0725 lsst_hardware_r 16.87504141482178 54.09000015258789 31.6299991607666 AB 3.5461200504281343 1.074581833463071
60899.092 lsst_hardware_i 81.33060471333398 54.5 31.31999969482422 AB 2.851239886478457 1.0383247947845018
60901.0611 lsst_hardware_i 40.62727249687112 31.549999237060547 31.25 AB 3.6009530633466844 1.088476706218298
60901.0794 lsst_hardware_z -47.82591426506042 41.5 30.950000762939453 AB 3.4807915727226932 1.0500125407911594
60904.0785 lsst_hardware_r -5.325916161740447 23.889999389648438 31.520000457763672 AB 4.060161228012054 1.0380946592266724
60904.0972 lsst_hardware_z 21.62222752916425 41.220001220703125 30.959999084472656 AB 4.073894967694692 1.0155540241043728
60906.0602 lsst_hardware_i 28.7157732056083 31.5 31.260000228881836 AB 2.7400027632064603 1.0603383907406727
60906.0803 lsst_hardware_r 13.307139844328335 23.8700008392334 31.520000457763672 AB 2.4203631359167823 1.0280096850246483
60907.9845 lsst_hardware_z -50.39672100526178 45.310001373291016 30.920000076293945 AB 4.15596164617956 1.3151777361327723
60908.0029 lsst_hardware_i -13.151823867724149 32.41999816894531 31.229999542236328 AB 3.2517953297134863 1.2209494354368533
60911.9846 lsst_hardware_y 81.14343682510349 50.31999969482422 29.979999542236328 AB 6.125244884939319 1.2557521162296794
60912.0025 lsst_hardware_r -41.40857385406472 24.079999923706055 31.479999542236328 AB 5.066101804965244 1.1773418091948047
60918.9856 lsst_hardware_y 40.24134369844353 52.59000015258789 30.010000228881836 AB 4.689120273053465 1.1689922774829453
60919.0031 lsst_hardware_z 64.95093016123508 48.150001525878906 30.950000762939453 AB 1.8943311546851813 1.1119141976238591
60920.006 lsst_hardware_r -43.32368756527101 55.79999923706055 31.6200008392334 AB 1.7841947620995717 1.096616325814119
60920.0177 lsst_hardware_z -26.812215203928506 52.38999938964844 30.969999313354492 AB 1.7623540993275104 1.0690652710509618
60931.9867 lsst_hardware_y -120.85495862997078 51.88999938964844 30.049999237060547 AB 2.604840538576971 1.065374453405714
60932.0039 lsst_hardware_r -22.487816080935755 23.8700008392334 31.520000457763672 AB 1.4494953268750652 1.035353804910761
60935.9879 lsst_hardware_y -140.93755471081892 51.2400016784668 30.049999237060547 AB 1.5829617488781005 1.043137890529226
60936.0063 lsst_hardware_g -34.23147810086504 15.079999923706055 31.469999313354492 AB 0.8426760238798442 1.0189552888506987
