data/validation/pwv_sim_epoch_fit_seasonal/60215217.ecsv
# %ECSV 0.9
# ---
# datatype:
# - {name: time, datatype: float64}
# - {name: band, datatype: string}
# - {name: flux, datatype: float64}
# - {name: fluxerr, datatype: float64}
# - {name: zp, datatype: float64}
# - {name: zpsys, datatype: string}
# - {name: pwv, datatype: float64}
# - {name: airmass, datatype: float64}
# meta: {SNID: '60215217', alt: 1024.0, c: -0.07592944800853729, dec: -16.179399, lat: -30.244573, lon: -70.7499537, ra: 197.929688, t0: 59965.73046875,
#   x0: 3.650765584777244e-05, x1: -0.045130785554647446, z: 0.26430001854896545}
# schema: astropy-2.0
time band flux fluxerr zp zpsys pwv airmass
59976.3703 lsst_hardware_u 134.5901444718975 31.244055326737467 29.520000457763672 AB 12.19230317401517 1.032925066280125
59978.3711 lsst_hardware_r 8226.486651559404 123.63261617147259 31.65999984741211 AB 10.935353934818536 1.0309563434353293
59980.3764 lsst_hardware_z 5040.909757933529 161.16249846401985 31.760000228881836 AB 5.868578606351548 1.030780785658937
59982.3605 lsst_hardware_z 2183.16433369885 111.66803740087374 31.010000228881836 AB 4.930496523002971 1.0308915421050675
59982.3797 lsst_hardware_y 726.8695605793952 109.8051071333504 30.079999923706055 AB 4.551606173573626 1.0336337398827355
59984.3148 lsst_hardware_i 4291.554167964068 108.09147387209494 31.329999923706055 AB 5.833013094415928 1.0680240033719617
59984.3329 lsst_hardware_y 662.2111178584124 109.68764737089832 30.079999923706055 AB 5.687523420179105 1.043869582486766
59986.3419 lsst_hardware_i 4162.625908344746 109.89926889632605 31.34000015258789 AB 4.634846503043177 1.0334105915369403
59986.3586 lsst_hardware_z 2249.9006153486685 114.53128958356365 31.0 AB 4.632158022736172 1.0305707820760157
59988.3412 lsst_hardware_g 2077.345686856289 101.85822538441943 31.739999771118164 AB 5.736920295783741 1.0316037334702683
59988.3581 lsst_hardware_r 4912.484340466821 109.76464138767017 31.65999984741211 AB 5.7266238688788365 1.0316072661384448
59990.3436 lsst_hardware_i 3927.693110918726 107.15289084556487 31.34000015258789 AB 4.217015078920353 1.0303622451702141
59990.3614 lsst_hardware_r 4220.64197199922 105.07048298488165 31.65999984741211 AB 4.1608624766476385 1.0355556188769635
59992.3331 lsst_hardware_u 49.68225915972571 29.66998595417956 29.510000228881836 AB 5.1017938837681545 1.0309084061094844
59992.3505 lsst_hardware_g 1391.1390640884722 97.51815196115294 31.729999542236328 AB 4.2749477631360895 1.032783176453756
59994.3359 lsst_hardware_r 3168.5851758174863 100.13780997053586 31.65999984741211 AB 3.1828843415075614 1.0304765168782068
59994.3546 lsst_hardware_i 3694.4517370968174 104.78086707676552 31.34000015258789 AB 3.2539556664353237 1.0383584097121097
59996.3331 lsst_hardware_z 2354.0268512971306 111.21505162003449 31.010000228881836 AB 6.675322401402104 1.0308449536956161
59996.3501 lsst_hardware_r 3025.0165027256135 98.26101696466876 31.65999984741211 AB 5.9332585883904425 1.0390995776515661
60000.3097 lsst_hardware_g 670.228277808392 92.33060668085676 31.739999771118164 AB 9.28130165128588 1.0312557390317645
60000.3278 lsst_hardware_r 2412.2659231036173 95.19667283693018 31.65999984741211 AB 9.291956718121932 1.0324396353468814
60002.3117 lsst_hardware_i 2840.9010811704943 101.76629669993841 31.34000015258789 AB 6.228494507449726 1.0303547572290697
60002.3289 lsst_hardware_r 2088.470508543075 94.55897356232838 31.65999984741211 AB 6.249489995415067 1.035712627678997
60009.3007 lsst_hardware_z 1489.6307359847035 108.89480953148305 31.0 AB 7.386130368842213 1.0315824537489235
60009.3188 lsst_hardware_r 1416.2994487132762 91.40799712388132 31.649999618530273 AB 7.479494253176692 1.042728879572939
60011.2799 lsst_hardware_i 1848.4177618330643 95.99263865783902 31.34000015258789 AB 10.208839805265525 1.0311959399258106
60011.2988 lsst_hardware_z 1520.829561516303 106.56394549239921 31.0 AB 10.025539546330048 1.0328509148005132
60013.2748 lsst_hardware_z 1097.5648897183135 107.98945881963353 31.010000228881836 AB 9.73007229158519 1.0311102942388883
60013.2934 lsst_hardware_r 1368.059131370368 90.63043301632572 31.65999984741211 AB 8.895472516643219 1.032876013079304
60015.2782 lsst_hardware_i 1593.3934867765224 95.79462152747874 31.34000015258789 AB 8.228757334268373 1.0304408733482957
60015.2972 lsst_hardware_r 1148.7294709650032 89.92016372403008 31.649999618530273 AB 7.867229821659222 1.0383040545940638
60019.2757 lsst_hardware_r 1142.2386472805147 89.43717055981196 31.65999984741211 AB 7.756389334864148 1.0323499558381741
60019.296 lsst_hardware_i 1411.0956027673803 94.8467402619888 31.34000015258789 AB 8.109124992069562 1.0473522753722568
60022.2628 lsst_hardware_u 51.57444460697798 28.536221381877414 29.520000457763672 AB 5.768303382993497 1.0309746886494187
60022.2825 lsst_hardware_g 566.3965365998096 90.0527953507665 31.729999542236328 AB 5.93370978122665 1.0419766649309266
60025.2598 lsst_hardware_r 1136.7477881021264 86.54038173920277 31.65999984741211 AB 5.409958434117154 1.0325333398448773
60025.2795 lsst_hardware_z 870.1681886333171 101.14123179596105 31.010000228881836 AB 5.4780056953574565 1.0472195938362407
60029.194 lsst_hardware_g -244.80714996563836 126.72000122070312 32.470001220703125 AB 7.841410999024947 1.0646135359479936
60029.2109 lsst_hardware_r 157.33004792216119 84.45999908447266 31.65999984741211 AB 6.802879519979704 1.0430264893218952
60031.2398 lsst_hardware_i -158.25976156461542 87.0999984741211 31.350000381469727 AB 7.8567915327695275 1.031345698709573
60031.2596 lsst_hardware_z -171.59544862992902 102.77999877929688 31.010000228881836 AB 7.978673840533731 1.0435550212146834
60036.2178 lsst_hardware_z 42.51198811467469 105.0 31.010000228881836 AB 8.812824828683569 1.030358131921928
60036.2363 lsst_hardware_r 29.052661158881083 84.56999969482422 31.65999984741211 AB 8.824038862192099 1.0358474169109524
60038.2246 lsst_hardware_z -120.24692335034773 148.35000610351562 31.75 AB 5.67956371368039 1.032647947941889
60040.2162 lsst_hardware_r -6.910374030109978 85.26000213623047 31.65999984741211 AB 15.348072455558453 1.0316182503231994
60040.2353 lsst_hardware_z -96.71912458366701 106.83999633789062 31.0 AB 15.560938733333316 1.0438212150347683
60046.1961 lsst_hardware_i -29.54527217686458 85.79000091552734 31.34000015258789 AB 6.699876083408618 1.030750166678249
60046.2126 lsst_hardware_z -4.288900953760948 100.98999786376953 31.010000228881836 AB 7.071014749857814 1.0383281571010006
60051.1549 lsst_hardware_r -25.2686000217963 82.80999755859375 31.65999984741211 AB 15.23788833429374 1.0394430296932904
60051.1729 lsst_hardware_u 5.921912045726438 28.760000228881836 29.530000686645508 AB 14.085720321367617 1.0307378823841464
60053.1814 lsst_hardware_g 38.7274395253073 91.2300033569336 31.739999771118164 AB 9.222519350399518 1.0318325520697604
60053.2001 lsst_hardware_i 126.00527776033222 90.19999694824219 31.34000015258789 AB 9.388650913391674 1.0441115339626332
60056.177 lsst_hardware_z 147.98692599008356 144.13999938964844 31.760000228881836 AB 9.463053883728344 1.0333100986818458
60056.1961 lsst_hardware_r -32.082394733168364 82.06999969482422 31.649999618530273 AB 9.741133587932815 1.048617642277067
60062.1565 lsst_hardware_i -40.357528161296344 85.58999633789062 31.34000015258789 AB 2.1488318097593133 1.0317281525671893
60062.175 lsst_hardware_z 90.18901935149077 100.86000061035156 31.0 AB 2.4002594594307145 1.043591069317702
60064.1614 lsst_hardware_r 90.41423908416941 85.16999816894531 31.65999984741211 AB 10.868312839186475 1.0368548787623044
60064.1808 lsst_hardware_z 102.45705590617895 106.72000122070312 31.0 AB 11.703636700965419 1.0569924243182112
60066.1432 lsst_hardware_z 170.1223399776458 99.01000213623047 31.0 AB 7.6864066550767625 1.0310865661433681
60066.1626 lsst_hardware_i 12.943989554362068 83.93000030517578 31.34000015258789 AB 7.787220869954537 1.0421869472637229
60068.1006 lsst_hardware_z 194.30476375920168 100.87999725341797 31.0 AB 12.303104374713858 1.0469390609465905
60068.1193 lsst_hardware_r 74.36011871827911 82.25 31.65999984741211 AB 12.193103211355488 1.0328324265262367
60070.1515 lsst_hardware_y -145.2558114137122 145.85000610351562 30.829999923706055 AB 3.627890072394119 1.0420230467155611
60072.1436 lsst_hardware_r 54.59883083141004 82.87999725341797 31.65999984741211 AB 10.279916844878063 1.039898522571247
60072.1616 lsst_hardware_i -143.4986787728506 86.72000122070312 31.34000015258789 AB 10.452565783901202 1.0608510894043643
60077.0831 lsst_hardware_i -224.90318841536393 125.12999725341797 32.09000015258789 AB 7.569799321435981 1.0401052482650546
60077.1035 lsst_hardware_z 8.87001765832551 148.4199981689453 31.760000228881836 AB 6.606814944332034 1.030516797930491
60080.083 lsst_hardware_r 37.70293241799305 82.18000030517578 31.65999984741211 AB 5.192571013293223 1.0345312573180023
60080.1033 lsst_hardware_u 1.899632150896997 28.290000915527344 29.520000457763672 AB 5.416609399552385 1.030753453768294
60085.0841 lsst_hardware_u -1.4453689149090714 40.150001525878906 30.280000686645508 AB 7.390373176629704 1.030352241374157
60085.1085 lsst_hardware_g 42.35958099803774 123.58999633789062 32.4900016784668 AB 7.441792304762344 1.0402281667266347
60091.0584 lsst_hardware_g 10.95348145875243 87.77999877929688 31.739999771118164 AB 5.964249649312956 1.0321003070409616
60091.0826 lsst_hardware_r -46.569469571248376 82.11000061035156 31.649999618530273 AB 5.976428232890543 1.0338648771001977
60095.0458 lsst_hardware_i -7.257727792674033 87.0 31.350000381469727 AB 9.413160057174377 1.0327392476123183
60095.0645 lsst_hardware_z -60.967597616445985 102.80000305175781 31.010000228881836 AB 9.45713662512014 1.0312001553941927
60100.0298 lsst_hardware_r -80.54387024633768 82.83999633789062 31.65999984741211 AB 10.45585295394095 1.0337999756714407
60100.0508 lsst_hardware_z -105.10304769501141 102.68000030517578 31.0 AB 9.799987019055104 1.0311886238406676
60111.0057 lsst_hardware_r -15.509417031057485 82.91000366210938 31.65999984741211 AB 9.461550792930469 1.0314940176899385
60111.0255 lsst_hardware_z -69.71630478836948 102.75 31.010000228881836 AB 9.487221371951508 1.032735140908018
60120.9694 lsst_hardware_y 155.38926173598156 109.08999633789062 30.079999923706055 AB 6.62497530134454 1.0354759770779212
60120.9926 lsst_hardware_i -217.5445012693871 86.94999694824219 31.34000015258789 AB 6.3801295696836275 1.0309931973635122
60124.9736 lsst_hardware_y -257.8612131052145 113.9000015258789 30.079999923706055 AB 1.5739558325679779 1.0304129836775415
60125.0005 lsst_hardware_z 71.54333844792093 107.02999877929688 31.010000228881836 AB 3.706448627287669 1.0412835025390277
60127.9542 lsst_hardware_y -96.16918615682145 109.16000366210938 30.079999923706055 AB 7.493121915598627 1.0333915205624917
60127.9773 lsst_hardware_z 234.5122905998862 102.68000030517578 31.010000228881836 AB 7.534052018676695 1.0320619203666705
60131.9561 lsst_hardware_z 146.1780988766063 102.80000305175781 31.010000228881836 AB 4.209481460959416 1.030346704432529
60131.9891 lsst_hardware_r -4.509994210743693 82.70999908447266 31.65999984741211 AB 4.219440721216136 1.049220619474319
60341.3656 lsst_hardware_i -15.563879354437715 60.68000030517578 31.329999923706055 AB 12.217555147999308 1.0357078596173366
60341.3833 lsst_hardware_z 71.77070234652113 75.16000366210938 31.0 AB 11.978921501115375 1.0303340717011569
60345.3731 lsst_hardware_r 28.00918967148534 27.389999389648438 31.549999237060547 AB 7.090075984324153 1.030347100355917
60349.3112 lsst_hardware_r -17.858672237428305 24.549999237060547 31.5 AB 5.870159257834312 1.0756625146061316
60349.3292 lsst_hardware_y -5.914762942407667 47.5 30.040000915527344 AB 5.739211724658028 1.0485451218887492
60351.3621 lsst_hardware_i 21.178943623853854 31.530000686645508 31.260000228881836 AB 4.599655073420722 1.0310238326524455
60351.3802 lsst_hardware_y -10.020131041038923 50.630001068115234 30.049999237060547 AB 4.064987579156012 1.0408144525971823
60353.3409 lsst_hardware_u -0.09410782366882196 2.8499999046325684 28.510000228881836 AB 5.731974087981787 1.0318894814693176
60353.3583 lsst_hardware_g 5.271989269742105 15.489999771118164 31.479999542236328 AB 5.765907412969437 1.031437478841322
60355.339 lsst_hardware_r 19.769475981847666 24.209999084472656 31.520000457763672 AB 4.174511188532185 1.030934417122229
60355.3558 lsst_hardware_i -0.12789614305443586 31.40999984741211 31.260000228881836 AB 4.220773382652388 1.0324156748370157
60357.2962 lsst_hardware_z -5.279403791467665 42.209999084472656 30.950000762939453 AB 5.254722898257797 1.0638167624775432
60357.3134 lsst_hardware_u 6.570389139620101 2.7799999713897705 28.450000762939453 AB 5.152106547666017 1.0422684273237839
60361.3359 lsst_hardware_i 18.703356793943062 31.43000030517578 31.270000457763672 AB 5.866724012068591 1.031285258109179
60361.3528 lsst_hardware_z -36.95609537874399 41.81999969482422 30.950000762939453 AB 5.9030877913791695 1.0407265627936537
60364.309 lsst_hardware_z -32.43497542264876 68.16999816894531 30.989999771118164 AB 10.241249329726474 1.032566161341615
60364.3264 lsst_hardware_i -78.06836045609595 77.44000244140625 31.34000015258789 AB 10.234150851169307 1.030975572649695
60368.3099 lsst_hardware_r 16.75576577419204 107.6500015258789 31.65999984741211 AB 5.428558005981498 1.0303312941364646
60368.3277 lsst_hardware_i -132.3725192198222 89.91000366210938 31.34000015258789 AB 5.463160375382361 1.0362104178258544
60370.3083 lsst_hardware_z 80.18293375438074 83.63999938964844 31.729999542236328 AB 3.5819735221415043 1.030660167023092
60376.1317 lsst_hardware_z 59.70577117429838 69.05000305175781 31.6299991607666 AB 19.019141661087872 1.6612054905308575
60376.1539 lsst_hardware_i -15.847725077912113 59.459999084472656 32.38999938964844 AB 16.500502101141933 1.4417634503240397
60383.2072 lsst_hardware_r 6.745419387750977 24.049999237060547 31.5 AB 11.402182374332098 1.0993587376826706
60383.2258 lsst_hardware_i 27.591627798838566 31.309999465942383 31.25 AB 9.862008066558541 1.062888189530478
60385.2743 lsst_hardware_z -10.364792940925575 41.43000030517578 30.940000534057617 AB 8.157280366110724 1.0325671349507246
60385.2936 lsst_hardware_u -1.257675492232579 2.7100000381469727 28.399999618530273 AB 8.390524104842008 1.0469179742768742
60389.1392 lsst_hardware_i -42.577102619118946 46.650001525878906 31.260000228881836 AB 6.789760331966187 1.2992684417731502
60389.1552 lsst_hardware_z -90.32160861487628 50.06999969482422 30.940000534057617 AB 6.264757165831149 1.2181331279263354
60391.2554 lsst_hardware_z -154.51988102466686 55.0099983215332 30.979999542236328 AB 6.327968060544115 1.0316778534662434
60391.275 lsst_hardware_i -23.787408090905615 57.41999816894531 31.31999969482422 AB 6.371899052742825 1.044573615203742
60392.2513 lsst_hardware_z -32.01351504706841 92.88999938964844 31.739999771118164 AB 6.301516019923938 1.0312884217866858
60395.1962 lsst_hardware_i -122.44799445944513 124.33999633789062 31.34000015258789 AB 7.111710088029012 1.0581327314430906
60395.2138 lsst_hardware_r 68.14350659342414 152.19000244140625 31.65999984741211 AB 6.544030652626051 1.0387350242263573
60399.2373 lsst_hardware_r -33.92758961787229 64.48999786376953 31.639999389648438 AB 3.9754533604733897 1.0330772299726803
60399.2577 lsst_hardware_i 122.91295015457986 55.439998626708984 31.31999969482422 AB 4.803089479501627 1.049568856487654
60401.2146 lsst_hardware_i 12.993759825179087 38.52000045776367 31.280000686645508 AB 8.786249926064286 1.030705604559128
60401.2326 lsst_hardware_z -53.19813952395271 45.029998779296875 30.959999084472656 AB 8.824045634934222 1.0334219591194047
60413.2116 lsst_hardware_u 0.9174067876203912 2.9700000286102295 28.579999923706055 AB 6.865048551166541 1.0413948703511553
60413.2321 lsst_hardware_g -33.71527363425621 15.84000015258789 31.479999542236328 AB 7.033088441545271 1.0676550152252813
60415.2006 lsst_hardware_r 5.2891898570522775 24.610000610351562 31.530000686645508 AB 17.731977059391294 1.0370183671203752
60415.2197 lsst_hardware_i -13.874002715926856 31.93000030517578 31.260000228881836 AB 17.318710701472895 1.0569319453678216
60417.1845 lsst_hardware_z -20.80539610703321 44.2599983215332 30.959999084472656 AB 13.308952708831775 1.0317017603745562
60423.1622 lsst_hardware_z -11.878948427167451 149.19000244140625 31.75 AB 10.062741583549744 1.0304731016930666
60423.1809 lsst_hardware_r 94.45047132141852 228.3300018310547 32.40999984741211 AB 8.227532445871065 1.0385785147791755
60426.1567 lsst_hardware_i -193.17654307968365 78.27999877929688 31.329999923706055 AB 4.610608280008592 1.0308794365586569
60426.1754 lsst_hardware_r 113.83072512775628 97.88999938964844 31.65999984741211 AB 3.660924625947219 1.040774591598433
60429.1592 lsst_hardware_z 32.02061801038296 46.91999816894531 30.969999313354492 AB 10.841204254253846 1.0350092371238575
60429.176 lsst_hardware_g 29.29346900229651 46.06999969482422 31.700000762939453 AB 11.565997713004304 1.0498159883519027
60432.1427 lsst_hardware_r -0.49122608723433436 34.279998779296875 32.27000045776367 AB 11.681948616952585 1.0314503337043979
60432.1604 lsst_hardware_i 26.602352929394694 31.559999465942383 31.260000228881836 AB 11.828322182823367 1.0420052136566416
60436.1403 lsst_hardware_z -43.05334011972285 41.59000015258789 30.950000762939453 AB 6.420235331313937 1.0351322617263294
60436.1606 lsst_hardware_r -23.986586682807015 24.260000228881836 31.510000228881836 AB 6.532713879525654 1.0545139434262558
60443.0809 lsst_hardware_i 20.629573535010685 31.65999984741211 31.260000228881836 AB 6.611802253894764 1.0402185154408732
60443.1016 lsst_hardware_u -1.5627694003145745 2.8399999141693115 28.510000228881836 AB 6.359411205689179 1.0304760514782423
60445.0842 lsst_hardware_g -17.50966920500296 25.559999465942383 31.6200008392334 AB 5.686229463629795 1.0342359882920689
60445.1044 lsst_hardware_r 48.12482132123077 30.59000015258789 31.56999969482422 AB 5.421995862745757 1.0307976925372162
60447.0681 lsst_hardware_i 31.70689787247946 46.7400016784668 31.299999237060547 AB 8.745053356516408 1.0418633124002172
60447.0889 lsst_hardware_r -4.416136956865205 50.599998474121094 31.6299991607666 AB 8.87792296985694 1.0307186110514528
60452.0932 lsst_hardware_r -87.88702876603926 133.97999572753906 31.65999984741211 AB 2.6584619326913925 1.0333487688616867
60452.1145 lsst_hardware_i -87.4850672225612 107.45999908447266 31.34000015258789 AB 2.6838745614253128 1.0514003244027508
60460.0429 lsst_hardware_g -5.943493548040455 15.069999694824219 31.459999084472656 AB 9.465440972233093 1.0344178976267149
60460.0619 lsst_hardware_r 22.171780576441034 23.920000076293945 31.520000457763672 AB 9.392489621687282 1.0305562455219928
60462.0468 lsst_hardware_i 35.6418415738631 31.280000686645508 31.260000228881836 AB 10.922131517223871 1.03093278854968
60462.067 lsst_hardware_r -19.02279197266863 23.920000076293945 31.510000228881836 AB 10.89606760929943 1.033880596764345
60466.0318 lsst_hardware_r 34.41713528573201 24.06999969482422 31.510000228881836 AB 4.5573691895229915 1.0320713784799844
60466.0512 lsst_hardware_i 43.51374327701681 31.3799991607666 31.25 AB 4.396401364733591 1.0318576196370501
60468.0287 lsst_hardware_z 13.871550212609858 41.5099983215332 30.950000762939453 AB 2.4551932878297293 1.0313410387494926
60468.0482 lsst_hardware_r -5.753080914967988 24.040000915527344 31.5 AB 3.098319664398076 1.0327732214660255
60484.9885 lsst_hardware_i -10.385568789715167 44.09000015258789 31.309999465942383 AB 5.176151277411122 1.0303532500984252
60485.0068 lsst_hardware_z 47.81252118081367 49.2400016784668 30.969999313354492 AB 5.214835766768001 1.0353058897693073
60486.9682 lsst_hardware_y -4.434106329112072 47.619998931884766 30.049999237060547 AB 7.922273149223399 1.0349599132411407
60486.9896 lsst_hardware_g -5.6862986236438875 15.800000190734863 31.479999542236328 AB 7.884411149141107 1.0307767223350626
60489.9542 lsst_hardware_y 62.02399688500348 69.93000030517578 30.06999969482422 AB 2.46996551776812 1.0388919107331736
60489.9759 lsst_hardware_i -16.127046697640054 32.0099983215332 31.260000228881836 AB 1.767857604560366 1.030320119218941
