data/validation/pwv_sim_epoch_fit_seasonal/60235842.ecsv
# %ECSV 0.9
# ---
# datatype:
# - {name: time, datatype: float64}
# - {name: band, datatype: string}
# - {name: flux, datatype: float64}
# - {name: fluxerr, datatype: float64}
# - {name: zp, datatype: float64}
# - {name: zpsys, datatype: string}
# - {name: pwv, datatype: float64}
# - {name: airmass, datatype: float64}
# meta: {SNID: '60235842', alt: 1024.0, c: -0.04052499681711197, dec: -1.790785, lat: -30.244573, lon: -70.7499537, ra: 205.488281, t0: 60795.3671875,
#   x0: 8.095973718532651e-06, x1: -0.5122858285903931, z: 0.5025626420974731}
# schema: astropy-2.0
time band flux fluxerr zp zpsys pwv airmass
[from data line 132]
61128.2644 lsst_hardware_r -63.51490736945823 51.2599983215332 31.610000610351562 AB 9.106035025147216 1.1406783195724937
61130.2527 lsst_hardware_z 218.21210674220774 104.87999725341797 31.729999542236328 AB 5.200900691003612 1.1374926329495378
61133.2453 lsst_hardware_r 84.284110658508 158.00999450683594 31.639999389648438 AB 8.103698004620751 1.1378002744386606
61133.2653 lsst_hardware_i -305.17053697023806 127.08000183105469 31.31999969482422 AB 6.841407209884671 1.1550090254310996
61135.2426 lsst_hardware_z 7.123311752259423 71.11000061035156 30.979999542236328 AB 8.057179275387051 1.1390922632498188
61135.2621 lsst_hardware_r -92.40036532590537 97.05000305175781 31.6299991607666 AB 7.987233185566157 1.1581295097485622
61137.2542 lsst_hardware_z -33.23469929015532 75.30999755859375 31.709999084472656 AB 9.238181407574904 1.154772675946863
61139.2094 lsst_hardware_g 14.576581882974878 34.279998779296875 31.6299991607666 AB 8.488803307947189 1.1383161954157681
61139.2284 lsst_hardware_r -20.41632963394908 37.790000915527344 31.56999969482422 AB 8.326440839970855 1.137595524178484
61146.0493 lsst_hardware_g 1.6297109948858493 14.84000015258789 31.1299991607666 AB 32.16610538222932 1.9354339237684053
61146.0683 lsst_hardware_r 61.207548039311554 26.309999465942383 31.3799991607666 AB 27.93179582961911 1.67452626560802
61148.225 lsst_hardware_i 28.96721657206167 32.900001525878906 31.239999771118164 AB 13.755061375896615 1.1558875105795474
61148.2444 lsst_hardware_z 26.080299541468882 44.369998931884766 30.940000534057617 AB 14.173897202372016 1.19168464792097
61150.1876 lsst_hardware_z -1.0046599921718153 43.56999969482422 30.940000534057617 AB 3.637603733449245 1.1360411409899724
61150.2049 lsst_hardware_r 59.26438412572144 25.0 31.5 AB 3.753024481384665 1.1410548475161768
61154.1893 lsst_hardware_r 4.830380646213377 24.799999237060547 31.489999771118164 AB 9.010778704174239 1.1383833705331459
61154.207 lsst_hardware_z 15.14003556067752 43.58000183105469 30.940000534057617 AB 9.14042461876852 1.1537541067995776
61156.1834 lsst_hardware_r -32.44430855406676 50.90999984741211 31.600000381469727 AB 7.308557959760097 1.1381830577784848
61156.2014 lsst_hardware_y 26.870842191974074 50.88999938964844 30.010000228881836 AB 7.413651159131912 1.1535764251761274
61158.1903 lsst_hardware_z -22.246190086565896 68.95999908447266 30.969999313354492 AB 2.550398340706812 1.1471486970457618
61158.2081 lsst_hardware_r 146.21641912250772 91.87999725341797 31.6200008392334 AB 2.6112492210811817 1.1726728285982628
61160.1848 lsst_hardware_i 172.70440055925962 125.33000183105469 31.31999969482422 AB 12.570983855491063 1.1471096852303146
61160.203 lsst_hardware_z 96.23852599585719 108.27999877929688 30.979999542236328 AB 12.974256290096967 1.173353295911218
61162.1402 lsst_hardware_r -31.90412920524211 138.9600067138672 31.639999389648438 AB 8.49439258243602 1.1421799895705285
61162.1586 lsst_hardware_z -69.07411382456532 92.66000366210938 30.989999771118164 AB 8.414368935624651 1.1360022864350818
61164.1598 lsst_hardware_z -108.36145472176013 90.52999877929688 31.729999542236328 AB 11.465499883245066 1.1374691926035607
61167.1551 lsst_hardware_r 44.639377810897294 45.91999816894531 31.600000381469727 AB 7.031587805888027 1.1390261024656632
61167.1732 lsst_hardware_z -13.880995231756387 48.5099983215332 30.950000762939453 AB 7.382177416757465 1.1559939581518204
61169.097 lsst_hardware_r 11.586171700578605 24.559999465942383 31.479999542236328 AB 9.993399178259573 1.1738526834290806
61169.1081 lsst_hardware_u -0.17668701191803965 2.619999885559082 28.280000686645508 AB 9.829605697194673 1.155789648490398
61171.1506 lsst_hardware_g -6.852144808556873 15.199999809265137 31.420000076293945 AB 8.888459888122018 1.1433205631568342
61171.1726 lsst_hardware_r -22.06890286975628 24.639999389648438 31.489999771118164 AB 9.12490239571321 1.172665660861019
61174.1156 lsst_hardware_i 19.692842376538415 32.119998931884766 31.239999771118164 AB 6.9433996356213274 1.1375784450256508
61174.1364 lsst_hardware_z -20.211322318871417 43.119998931884766 30.940000534057617 AB 7.187891829348548 1.1392474370269254
61176.1099 lsst_hardware_r -12.249589433988413 24.459999084472656 31.5 AB 6.058099874819856 1.137671337994339
61176.1291 lsst_hardware_u 2.994583025641785 2.7300000190734863 28.3799991607666 AB 7.656950191715094 1.1383260524366452
61183.0756 lsst_hardware_g -10.940893041919308 27.100000381469727 31.59000015258789 AB 2.183908053686665 1.1488206489670842
61186.0687 lsst_hardware_i -50.59504505119668 68.68000030517578 31.309999465942383 AB 5.990233350366292 1.147462689829934
61186.0888 lsst_hardware_z 79.98043783043379 64.5 30.969999313354492 AB 7.2827690924817645 1.136098345247003
61188.0688 lsst_hardware_r -74.26852413594166 116.11000061035156 31.6299991607666 AB 8.39161158060926 1.1424930674757734
61188.0912 lsst_hardware_z 125.41708161586357 83.56999969482422 30.979999542236328 AB 8.64111415579406 1.1365525277528221
61190.069 lsst_hardware_z 109.96156080303275 82.1500015258789 30.989999771118164 AB 12.417776537706962 1.1388798585506452
61194.9638 lsst_hardware_r 81.57468426375398 36.439998626708984 32.189998626708984 AB 15.326882542246672 1.4191557909487658
61197.0373 lsst_hardware_r -38.08364111898974 24.440000534057617 31.479999542236328 AB 5.079489983545081 1.1489026237897417
61197.0575 lsst_hardware_u -0.4810636081499864 2.6600000858306885 28.31999969482422 AB 4.670878966218745 1.1362825899007654
61219.0029 lsst_hardware_r 419.53719705464164 128.8000030517578 32.380001068115234 AB 8.202921426263392 1.1360075835563845
61219.0281 lsst_hardware_i 45.44711612359442 103.37999725341797 32.060001373291016 AB 8.270862300815908 1.1519975347895177
61223.9651 lsst_hardware_y -17.181189949687685 50.86000061035156 30.020000457763672 AB 8.375338528549051 1.1473066477464453
61223.988 lsst_hardware_u -4.568975917181542 2.809999942779541 28.40999984741211 AB 8.292473357125338 1.1359552544007312
61225.9669 lsst_hardware_y -39.91301123914209 49.869998931884766 30.020000457763672 AB 5.591647822688681 1.1411526168752408
61225.9925 lsst_hardware_r -52.56927750672078 25.3700008392334 31.510000228881836 AB 5.5776736480790055 1.1383007445059194
61231.9628 lsst_hardware_y 132.07917994210794 53.66999816894531 30.020000457763672 AB 6.548523501767065 1.1361567558910544
61231.9873 lsst_hardware_r 4.676432779259596 25.690000534057617 31.510000228881836 AB 6.6590364184042565 1.1462322778903962
61233.9633 lsst_hardware_z -67.55682940627314 49.779998779296875 30.950000762939453 AB 6.699190293247972 1.1361460140901347
61233.9865 lsst_hardware_g 1.9243864465651797 16.389999389648438 31.450000762939453 AB 6.772028379076987 1.1512323527592865
61235.9647 lsst_hardware_y -90.6637653278952 53.099998474121094 30.020000457763672 AB 7.474354365594059 1.1380821264703553
61235.9907 lsst_hardware_i 31.120291537531863 33.13999938964844 31.239999771118164 AB 7.471248854600665 1.1648950971260328
