data/validation/pwv_sim_epoch_fit_seasonal/6024158.ecsv
# %ECSV 0.9
# ---
# datatype:
# - {name: time, datatype: float64}
# - {name: band, datatype: string}
# - {name: flux, datatype: float64}
# - {name: fluxerr, datatype: float64}
# - {name: zp, datatype: float64}
# - {name: zpsys, datatype: string}
# - {name: pwv, datatype: float64}
# - {name: airmass, datatype: float64}
# meta: {SNID: '6024158', alt: 1024.0, c: -0.06468720734119415, dec: -11.110882, lat: -30.244573, lon: -70.7499537, ra: 14.589844, t0: 62076.3984375,
#   x0: 5.044590959024302e-06, x1: 0.5713347792625427, z: 0.6108389496803284}
# schema: astropy-2.0
time band flux fluxerr zp zpsys pwv airmass
61959.4192 lsst_hardware_i -88.60528639939601 64.05999755859375 31.31999969482422 AB 2.358433203050818 1.071041418279209
61959.441 lsst_hardware_y -83.09028428769186 66.68000030517578 30.059999465942383 AB 2.2725657628115967 1.0596358856752859
61961.4135 lsst_hardware_i 32.766967754676024 61.81999969482422 31.31999969482422 AB 10.247416044167279 1.0712704510053956
61961.4335 lsst_hardware_y 86.38619327524842 54.689998626708984 30.049999237060547 AB 11.059869034349934 1.0599328223058218
61963.4171 lsst_hardware_z -61.287279836578776 58.47999954223633 30.979999542236328 AB 9.31512969034633 1.0642213744254918
61963.4375 lsst_hardware_y 17.355547706478045 59.13999938964844 30.049999237060547 AB 9.221015044912825 1.059886786771589
61966.4095 lsst_hardware_i -30.676321191120085 45.45000076293945 31.299999237060547 AB 5.032123245564653 1.063873836271597
61966.4294 lsst_hardware_y 65.47913864875972 50.47999954223633 30.049999237060547 AB 4.870256168962913 1.0599034100028104
61975.3821 lsst_hardware_g 0.018744031069410506 14.729999542236328 31.43000030517578 AB 5.688274023872232 1.0656688724410532
61975.4018 lsst_hardware_r -10.851651691871925 23.649999618530273 31.5 AB 5.664580903824377 1.059542839153496
61980.3805 lsst_hardware_i -26.827359131350512 30.799999237060547 31.239999771118164 AB 4.982798188393037 1.0601698273176674
61980.3997 lsst_hardware_u 0.08564242587670849 2.5899999141693115 28.31999969482422 AB 4.995151954287918 1.0627982881463656
61982.3718 lsst_hardware_g -19.23488066642202 14.829999923706055 31.43000030517578 AB 4.170313736485834 1.061103533307112
61982.391 lsst_hardware_r -11.656396127751023 23.739999771118164 31.489999771118164 AB 4.8230598353676815 1.0613738863820315
61984.3656 lsst_hardware_i 67.1030714479278 31.110000610351562 31.239999771118164 AB 1.5370452909903645 1.0613732012823325
61984.3848 lsst_hardware_r -16.708296523617665 23.6200008392334 31.5 AB 1.9733022093737003 1.0611053285752108
61991.3348 lsst_hardware_z -57.56901976180667 69.30999755859375 30.989999771118164 AB 5.278343219863661 1.0684184373248082
61991.3592 lsst_hardware_r -60.51324611513341 94.2699966430664 31.649999618530273 AB 5.244848396380182 1.059636688608024
61993.304 lsst_hardware_i -16.268158145872786 69.19999694824219 31.31999969482422 AB 6.214145913438442 1.1026134993532648
61993.3284 lsst_hardware_z -44.85237608660509 63.349998474121094 30.979999542236328 AB 6.0359016516213595 1.0692158457006926
62000.3222 lsst_hardware_i -15.285609155070192 44.150001525878906 32.0099983215332 AB 3.514400257659606 1.061271405000636
62000.3432 lsst_hardware_r -6.44837567469493 33.290000915527344 32.2599983215332 AB 4.300419528780398 1.0619193831874902
62010.183 lsst_hardware_g 4.090133119467743 38.38999938964844 32.2400016784668 AB 6.08264543328618 1.4145687054153906
62010.2072 lsst_hardware_r 28.97189573378733 42.119998931884766 32.2599983215332 AB 5.4489418417136175 1.2671957771427018
62012.2747 lsst_hardware_i -14.39742169904234 38.29999923706055 31.280000686645508 AB 2.90151834670152 1.0708685538667106
62012.2945 lsst_hardware_z 95.1125764299855 44.380001068115234 30.959999084472656 AB 3.1673397619199375 1.0599017608209496
62014.2537 lsst_hardware_i -32.91027901183614 50.279998779296875 31.309999465942383 AB 1.7689820423000095 1.0903936977398867
62014.2705 lsst_hardware_z 8.911631768699742 50.7400016784668 30.969999313354492 AB 1.791062146086625 1.0697165913318485
62019.2361 lsst_hardware_z 33.19091509516134 128.30999755859375 31.75 AB 0.44181107889131827 1.0969859190349305
62032.2097 lsst_hardware_r 6.965297023971133 23.940000534057617 31.5 AB 6.480312355031872 1.0828192639575733
62032.2287 lsst_hardware_i -24.306868350864782 31.440000534057617 31.25 AB 6.302811659995785 1.0642446659530227
62034.2105 lsst_hardware_z 10.11534331670327 41.97999954223633 30.950000762939453 AB 3.4650324289927052 1.0750953859735355
62034.2295 lsst_hardware_i -55.26827437910028 31.299999237060547 31.25 AB 3.4935594528411045 1.0612270512884396
62036.2157 lsst_hardware_u 2.73998807006968 2.7799999713897705 28.459999084472656 AB 2.1006132531042714 1.0655799390112977
62036.2349 lsst_hardware_g 13.390427198328885 14.899999618530273 31.440000534057617 AB 2.0969859608119914 1.0595297486206847
62038.183 lsst_hardware_g -0.16028450051135684 15.579999923706055 31.440000534057617 AB 6.836023888352832 1.0991717471323441
62038.2019 lsst_hardware_r -20.36986258818235 23.940000534057617 31.5 AB 6.66859272427324 1.0726383664586199
62042.1836 lsst_hardware_r 1.8888580430811128 49.689998626708984 31.6200008392334 AB 4.328620612826403 1.0812090952482585
62042.2019 lsst_hardware_z -0.1488178763608363 48.22999954223633 30.959999084472656 AB 4.267843248104033 1.0639462975163787
62045.1823 lsst_hardware_r -65.3805070335762 98.65688028515865 31.649999618530273 AB 4.846999855485324 1.0731364993694443
62045.2011 lsst_hardware_i -27.985128351250662 78.65501897757524 31.329999923706055 AB 4.870315078599301 1.0606856795497572
62051.1731 lsst_hardware_r 74.44330289430306 71.4028813185486 31.639999389648438 AB 4.227015871852186 1.0667547941582802
62051.1912 lsst_hardware_i -38.66408463612167 60.794527148736954 31.31999969482422 AB 4.244323996813913 1.0595358427663846
62056.1446 lsst_hardware_r 425.166094599165 32.19169962518073 31.510000228881836 AB 6.345072950360192 1.0822382972685527
62056.1625 lsst_hardware_g 110.03110846107158 18.736144527347292 31.459999084472656 AB 6.175007435673557 1.0646564544264754
62058.1438 lsst_hardware_r 700.2968552466093 35.21259062449232 31.510000228881836 AB 6.614583993757291 1.0764172487805914
62058.1609 lsst_hardware_i 530.2073869199389 38.978189387348145 31.260000228881836 AB 6.599565650399362 1.062518116385488
62061.049 lsst_hardware_u -0.6812492538366014 3.0353981212351133 28.25 AB 8.100786092541325 1.37737238027794
62061.0771 lsst_hardware_g 228.9746384985336 22.169081153857757 31.389999389648438 AB 7.101956784308006 1.2253203561608017
62066.1373 lsst_hardware_r 1482.2412980667712 45.744035233336064 31.510000228881836 AB 5.053187707821723 1.0634185488734291
62066.1555 lsst_hardware_i 1169.7911063267713 46.17407309724361 31.260000228881836 AB 5.1403209801248275 1.0597689504595469
62069.1109 lsst_hardware_r 1956.522528991457 53.96777990461562 31.579999923706055 AB 2.4597151123055663 1.0798880967206965
62069.1279 lsst_hardware_g 693.1570429856994 37.920104256242574 31.639999389648438 AB 2.631892983611018 1.0641076753144276
62074.1102 lsst_hardware_r 2062.3483099085106 111.74339637685608 31.65999984741211 AB 5.3837432605096 1.066827159518399
62074.1267 lsst_hardware_i 1560.158411737713 92.43761076427626 31.34000015258789 AB 3.8667725829099036 1.0596800720498503
62080.0888 lsst_hardware_g 352.4900189236387 46.196652220288534 31.68000030517578 AB 3.671332389165291 1.0710879283765316
62080.1081 lsst_hardware_r 1925.9146751491974 68.4009893820168 31.6299991607666 AB 3.528946418349764 1.0600354707298796
62082.0799 lsst_hardware_i 1232.9496166814827 47.98050081302147 31.25 AB 8.251755769018212 1.074587285977108
62082.1008 lsst_hardware_z 1112.7093097703444 52.57055001975345 30.950000762939453 AB 5.9386453767787355 1.0604723887104885
62087.0803 lsst_hardware_r 1326.6891244822632 42.65318549526848 31.489999771118164 AB 4.593424913338805 1.0632312744260484
62087.0975 lsst_hardware_i 1163.9524277881314 45.975118516725125 31.239999771118164 AB 3.5047089719569318 1.0596781814020153
62094.0592 lsst_hardware_g 111.59429236372527 18.286674461218915 31.43000030517578 AB 6.946233687145311 1.0643665787184025
62094.0789 lsst_hardware_r 915.1803673484511 38.00565109784371 31.5 AB 6.895040293448838 1.0597428597955232
62099.0594 lsst_hardware_r 578.1999269789767 46.08703371186379 31.600000381469727 AB 5.498505502073084 1.0595783983953784
62099.0781 lsst_hardware_g 99.96304831392608 35.61220674460428 31.670000076293945 AB 5.484968948274215 1.0646635078012776
62101.0331 lsst_hardware_y 195.68462138982062 55.45203904162386 30.049999237060547 AB 5.162599674168648 1.0695809134860201
62101.0529 lsst_hardware_r 627.5272515219992 68.20435841119412 31.639999389648438 AB 3.8537175791468985 1.0596840272632457
62104.0347 lsst_hardware_y 309.78072501321867 60.06551661523964 30.049999237060547 AB 5.9476239268433915 1.062803215327745
62104.0542 lsst_hardware_z 691.4644738261102 72.05270906553405 30.979999542236328 AB 5.22322341343219 1.0602300646366627
62106.0252 lsst_hardware_y 294.3924400912871 74.10473673814805 30.059999465942383 AB 7.420876524512906 1.0651466232973885
62106.0432 lsst_hardware_r 433.8537020585673 94.21107822022812 31.649999618530273 AB 6.645869275718305 1.0594966429564734
62108.0366 lsst_hardware_z 975.4189198713156 89.80302355382616 31.729999542236328 AB 4.717906458240017 1.0594894359398195
62324.4383 lsst_hardware_r 0.04480792395732431 27.739999771118164 31.549999237060547 AB 1.7153964955340713 1.0602502161426142
62326.4239 lsst_hardware_z 81.83614508603966 42.09000015258789 30.950000762939453 AB 2.4759933042143887 1.0638756678091044
62326.4439 lsst_hardware_y 153.4889888275574 68.87999725341797 30.06999969482422 AB 2.466536142638326 1.059963963316857
62329.4252 lsst_hardware_u 1.3603982016673999 2.9100000858306885 28.459999084472656 AB 9.258102003326002 1.0601284785670448
62329.4447 lsst_hardware_y 87.0224794717559 73.37999725341797 30.059999465942383 AB 9.261440468358924 1.0631484428360538
62331.4053 lsst_hardware_r 27.029065064088304 24.110000610351562 31.5 AB 6.381626941952152 1.0672063116271
62333.4052 lsst_hardware_r 45.79829886351202 23.93000030517578 31.510000228881836 AB 3.6497191188573423 1.0636445848622524
62333.4265 lsst_hardware_y 71.90255646214935 47.810001373291016 30.040000915527344 AB 3.0570348210895797 1.0603352271316864
62335.411 lsst_hardware_g 6.7297612090678065 15.050000190734863 31.459999084472656 AB 1.947295846084429 1.0597528414064918
62335.4302 lsst_hardware_z 7.651503219113041 42.65999984741211 30.950000762939453 AB 2.3138519751187094 1.0642069564763523
62344.3789 lsst_hardware_r -73.2844701433805 131.38999938964844 32.400001525878906 AB 3.13804005963393 1.0618227136140075
62344.3993 lsst_hardware_i 75.05776450360771 103.55000305175781 32.08000183105469 AB 3.111594849347664 1.0611930367808777
62350.3503 lsst_hardware_r 12.1030333403764 39.97999954223633 31.600000381469727 AB 1.5538973079545786 1.069808817868901
62350.3731 lsst_hardware_z 99.70447197147752 46.33000183105469 30.959999084472656 AB 1.5336708995125932 1.059530845949978
62353.3374 lsst_hardware_r -22.579132343709027 24.3799991607666 31.510000228881836 AB 2.1950179290091123 1.0744529940081315
62353.3621 lsst_hardware_u -1.938628173593763 2.859999895095825 28.450000762939453 AB 2.1569856289363054 1.0597268187199862
62355.3483 lsst_hardware_g -3.119336013477379 14.760000228881836 31.440000534057617 AB 4.557868877954463 1.0620689451135228
62355.37 lsst_hardware_r -3.5460152660381183 23.639999389648438 31.5 AB 4.561472080706571 1.0614657339528168
62357.335 lsst_hardware_r -28.653775327952754 23.59000015258789 31.5 AB 5.228239612873122 1.0666974182956588
62357.3547 lsst_hardware_i -44.40920435445435 31.1299991607666 31.25 AB 5.199116490377475 1.0595305666145252
62361.3328 lsst_hardware_z 24.782720907803803 41.599998474121094 30.950000762939453 AB 3.93217485415473 1.0616978276001716
62361.3534 lsst_hardware_r -8.307527540278326 23.3799991607666 31.5 AB 4.940564154484067 1.0613836845896996
62365.3073 lsst_hardware_r 7.0346558263658165 23.68000030517578 31.510000228881836 AB 4.478905555824381 1.0717221668971335
62365.3276 lsst_hardware_z -40.52230573414033 41.77000045776367 30.950000762939453 AB 4.431857455215491 1.0599993913454893
62368.3009 lsst_hardware_r 1.186574313469886 50.529998779296875 31.6200008392334 AB 2.5996710671419705 1.0700436580127477
62368.3186 lsst_hardware_y -31.867324640785455 48.849998474121094 30.040000915527344 AB 2.453751876074279 1.0601649929031234
62370.322 lsst_hardware_z 12.176008549858244 59.52000045776367 30.979999542236328 AB 1.981656355516082 1.0597092810246427
62370.3423 lsst_hardware_r -68.97250674040971 78.91000366210938 31.649999618530273 AB 2.024850397313903 1.0699341597431455
62377.2682 lsst_hardware_z 42.13807871066851 79.08000183105469 31.719999313354492 AB 6.531194488436208 1.078704220728288
62379.243 lsst_hardware_r -31.218854331778683 37.119998931884766 31.579999923706055 AB 4.603826194794755 1.1113641991055534
62379.2593 lsst_hardware_z 18.767824981524964 46.13999938964844 30.950000762939453 AB 5.313641258554969 1.0831823449922644
62381.2436 lsst_hardware_r 11.739318661961907 23.530000686645508 31.489999771118164 AB 2.4162446376678823 1.0995008020937616
62381.2598 lsst_hardware_y 4.583364031459072 47.43000030517578 30.030000686645508 AB 3.1413196108944526 1.0757329870079742
62384.2433 lsst_hardware_u -4.892094771947378 2.809999942779541 28.479999542236328 AB 1.8641169208996093 1.0865262799103999
62384.2627 lsst_hardware_g -25.91980557465767 14.760000228881836 31.440000534057617 AB 2.468670807975982 1.0656899667498303
62386.2357 lsst_hardware_r -32.78020088694104 23.670000076293945 31.5 AB 2.040061304130574 1.0897763376765888
62386.2559 lsst_hardware_i -6.5847559923227195 31.139999389648438 31.25 AB 2.1201356055101304 1.06664544969485
62388.2244 lsst_hardware_z -36.699368305222514 42.31999969482422 30.940000534057617 AB 3.3297783298427923 1.0996625924183594
62388.2419 lsst_hardware_r 5.448733918107316 23.729999542236328 31.5 AB 3.2554244240042673 1.0743974996713754
62391.236 lsst_hardware_u 0.888137878179424 2.700000047683716 28.389999389648438 AB 3.242900161989949 1.0720331114016362
62391.2539 lsst_hardware_g 8.191428547201324 14.800000190734863 31.440000534057617 AB 3.8070361777147466 1.0606527241032913
62394.2263 lsst_hardware_r 43.16934004073034 27.270000457763672 31.540000915527344 AB 0.8105432762365554 1.0735672532934508
62394.2429 lsst_hardware_z 8.787357635327735 41.66999816894531 30.950000762939453 AB 0.9050324376789993 1.0616216277740194
62397.1893 lsst_hardware_i -69.33129748389455 48.709999084472656 31.290000915527344 AB 1.3629984519331082 1.121424849036401
62400.1145 lsst_hardware_r -148.43390076717452 122.97000122070312 31.559999465942383 AB 5.52175124760454 1.4216661296617674
62402.1963 lsst_hardware_i -188.27526047065712 113.5999984741211 31.34000015258789 AB 2.112756570908933 1.0834649081584273
62402.2171 lsst_hardware_z -69.37579742660276 93.79000091552734 31.0 AB 2.098812857829187 1.0634977744256229
62405.1828 lsst_hardware_i 39.38608872178844 66.69999694824219 31.31999969482422 AB 3.6824845788880136 1.0914029723296739
62405.2025 lsst_hardware_z -31.764040920887613 61.61000061035156 30.979999542236328 AB 3.6295129291644797 1.0678178667739306
62410.179 lsst_hardware_i -43.32631941450727 31.860000610351562 31.25 AB 5.114633729523059 1.0776157449614736
62410.1973 lsst_hardware_r 6.639236626307309 24.190000534057617 31.510000228881836 AB 5.035500664711095 1.0624539855915383
62412.1692 lsst_hardware_u 0.3688266363802835 2.690000057220459 28.3799991607666 AB 3.1434015318413655 1.0831845388838446
62412.1866 lsst_hardware_g -1.0774147127669522 14.9399995803833 31.440000534057617 AB 3.01665204578576 1.0654528063757898
62415.1724 lsst_hardware_r 3.6668124646508393 23.969999313354492 31.5 AB 5.096856021393364 1.0702059887440134
62415.1907 lsst_hardware_i -10.508745270849369 31.440000534057617 31.25 AB 5.073524666440539 1.060076194408667
62417.1445 lsst_hardware_i -11.144860785485982 31.959999084472656 31.25 AB 5.45576528918348 1.1009885556000567
62417.1639 lsst_hardware_z -63.147364454518204 42.27000045776367 30.950000762939453 AB 5.308532758674186 1.0731535226430295
62419.1431 lsst_hardware_i -44.66229729419734 31.420000076293945 31.229999542236328 AB 3.467695383817069 1.093823951996659
62419.1622 lsst_hardware_u 2.4624858436268373 2.6500000953674316 28.360000610351562 AB 3.3257955280726583 1.0695595845224821
62421.1456 lsst_hardware_g 5.578203465976051 15.130000114440918 31.440000534057617 AB 6.54402938345049 1.0818663737002436
62421.1637 lsst_hardware_r -4.112720107419458 23.790000915527344 31.5 AB 6.429025493046691 1.0643788239364296
62424.141 lsst_hardware_i 13.215540200188434 37.709999084472656 31.280000686645508 AB 6.631968173658847 1.0773469349384888
62424.1583 lsst_hardware_r 2.645179619248935 36.11000061035156 31.59000015258789 AB 6.509388242807537 1.0628295654628268
62426.1554 lsst_hardware_z -149.37814669068362 73.30999755859375 31.719999313354492 AB 6.794694939820825 1.0616710843470039
62428.1353 lsst_hardware_r -145.15836191051972 95.19000244140625 31.649999618530273 AB 3.9489135318484894 1.0717152700875818
62428.1525 lsst_hardware_i 25.270892717973208 77.56999969482422 31.329999923706055 AB 4.128488760607491 1.0607627853567239
62430.1325 lsst_hardware_z -17.990617207381142 90.05999755859375 31.0 AB 2.7857942798811024 1.0692659723187445
62430.1505 lsst_hardware_r 188.1281573891814 131.33999633789062 31.65999984741211 AB 2.7844394895494236 1.059931286467234
62431.0859 lsst_hardware_z -114.04814655225755 133.8699951171875 31.739999771118164 AB 5.003510757674609 1.1487798777808766
62434.1113 lsst_hardware_g 79.7590219259686 98.13999938964844 32.459999084472656 AB 4.881519922298787 1.080300956543009
62434.1295 lsst_hardware_r 64.40461277666695 101.12000274658203 32.400001525878906 AB 4.655467328612061 1.0636205914123715
62436.1122 lsst_hardware_i -19.966014719065278 31.209999084472656 31.239999771118164 AB 4.513262937367437 1.0729684453682788
62436.1295 lsst_hardware_r 23.632062146385326 34.560001373291016 31.579999923706055 AB 3.7882712589614416 1.0611404086723653
62439.114 lsst_hardware_u 1.0284646573952065 2.75 28.450000762939453 AB 6.388310763788681 1.0647184606314468
62439.1315 lsst_hardware_g -24.078931853448218 14.729999542236328 31.440000534057617 AB 5.878618326583208 1.0595445999338906
62441.0883 lsst_hardware_g 18.586475177274114 14.369999885559082 31.40999984741211 AB 5.9513695544608325 1.085603627780345
62441.108 lsst_hardware_r -4.542029179719104 23.139999389648438 31.489999771118164 AB 5.8236783160154895 1.0650634731719768
62450.081 lsst_hardware_i -29.272092689003504 31.40999984741211 31.25 AB 9.145293598278377 1.0667553479853467
62450.0998 lsst_hardware_z 33.74406006641244 41.70000076293945 30.950000762939453 AB 9.975870372433665 1.0595344869114098
62452.0828 lsst_hardware_i -6.05392250833761 33.689998626708984 31.260000228881836 AB 4.7492121567123515 1.062364542465248
62452.1011 lsst_hardware_z 34.25637162554238 42.880001068115234 30.950000762939453 AB 3.5141807284857713 1.0602179444836826
62455.0679 lsst_hardware_z 19.547819585509526 77.33000183105469 31.729999542236328 AB 5.650580720256255 1.0663485035398337
62459.0646 lsst_hardware_z 136.05132279692174 102.81999969482422 31.739999771118164 AB 5.004193247283147 1.061954108394747
62462.0611 lsst_hardware_g -23.314767760061613 82.79000091552734 31.719999313354492 AB 4.754106733570961 1.0603561355127955
62462.081 lsst_hardware_r 2.7610563160861443 83.37000274658203 31.649999618530273 AB 4.705252604758119 1.0628535362001625
62464.0593 lsst_hardware_i 15.490500927893489 30.940000534057617 31.260000228881836 AB 8.011608310791605 1.0596898255091707
62464.0796 lsst_hardware_z 120.67048312235733 46.959999084472656 30.959999084472656 AB 8.045579650242832 1.0652164239696587
62467.0323 lsst_hardware_y -20.136307853876108 50.84000015258789 30.040000915527344 AB 5.169131906599022 1.0685543992969553
62467.0509 lsst_hardware_i -0.46507655241014373 31.350000381469727 31.25 AB 3.829451914167935 1.0597136557977866
62472.0264 lsst_hardware_y 104.77820507891465 65.87000274658203 30.059999465942383 AB 7.329359852734944 1.0632533635495567
62472.0453 lsst_hardware_g 7.490578478981462 14.779999732971191 31.440000534057617 AB 6.6228557900825615 1.0599678503159693
62476.0282 lsst_hardware_z -47.072660521363815 63.40999984741211 30.989999771118164 AB 3.420940971594378 1.0595522315489505
62476.0473 lsst_hardware_u -0.19042335753577444 3.0199999809265137 28.530000686645508 AB 3.5824770724402244 1.0655263190720936
