data/validation/pwv_sim_epoch_fit_seasonal/60295437.ecsv
# %ECSV 0.9
# ---
# datatype:
# - {name: time, datatype: float64}
# - {name: band, datatype: string}
# - {name: flux, datatype: float64}
# - {name: fluxerr, datatype: float64}
# - {name: zp, datatype: float64}
# - {name: zpsys, datatype: string}
# - {name: pwv, datatype: float64}
# - {name: airmass, datatype: float64}
# meta: {SNID: '60295437', alt: 1024.0, c: -0.04412813484668732, dec: -44.399834, lat: -30.244573, lon: -70.7499537, ra: 209.444443, t0: 61205.265625,
#   x0: 3.734995449594543e-06, x1: 0.09175629913806915, z: 0.6910972595214844}
# schema: astropy-2.0
time band flux fluxerr zp zpsys pwv airmass
[from data line 133]
61517.21 lsst_hardware_r 269.439577541112 125.47000122070312 31.670000076293945 AB 8.687965213855364 1.0344457708194192
61521.1927 lsst_hardware_i 51.77332456329527 45.65999984741211 31.309999465942383 AB 6.617936309529717 1.0326675905277636
61521.2047 lsst_hardware_z 41.71853456386872 48.58000183105469 30.969999313354492 AB 6.639803767225526 1.0369022826931407
61523.1938 lsst_hardware_r 46.458293687337886 31.020000457763672 31.56999969482422 AB 2.3514501849772738 1.0345139397172345
61523.2065 lsst_hardware_z 33.05320685289828 43.31999969482422 30.959999084472656 AB 2.341147098617003 1.0413197369585248
61527.1953 lsst_hardware_i 6.326685888309625 30.6299991607666 31.260000228881836 AB 8.167106723223057 1.041125211705406
61527.2067 lsst_hardware_z -13.838265649732099 41.25 30.950000762939453 AB 8.246162461401024 1.0508681612592103
61531.1895 lsst_hardware_r -27.114148978725485 23.06999969482422 31.510000228881836 AB 3.3992315884110735 1.0450599267506888
61531.2014 lsst_hardware_i 7.415485844731756 30.8700008392334 31.260000228881836 AB 3.431765803313758 1.0570120544087551
61534.1328 lsst_hardware_g -3.309936587891413 14.199999809265137 31.440000534057617 AB 7.871064830588658 1.035666425077455
61534.1445 lsst_hardware_i 25.23787735103195 30.469999313354492 31.25 AB 7.845407101252076 1.0322904080594837
61540.1372 lsst_hardware_y -144.81990812503966 97.58999633789062 31.559999465942383 AB 7.208606336139263 1.0321354973591212
61542.1254 lsst_hardware_r 63.11906502483572 82.51000213623047 31.65999984741211 AB 8.207128447256327 1.0320186667407139
61542.1381 lsst_hardware_i 9.097391690638958 68.0999984741211 31.34000015258789 AB 8.089494692142413 1.0333060440226618
61546.0911 lsst_hardware_z 81.13868185885818 78.95999908447266 31.0 AB 7.487024600771567 1.0406835844097067
61546.1003 lsst_hardware_i -74.12748905816326 93.13999938964844 31.34000015258789 AB 7.3472465637490725 1.0355527221633647
61550.1049 lsst_hardware_y 5.497212890965971 48.43000030517578 30.049999237060547 AB 5.902970757030396 1.0319578258845132
61550.1165 lsst_hardware_g -16.017535618190106 46.959999084472656 31.709999084472656 AB 5.927258433035628 1.0333735463667915
61552.108 lsst_hardware_r 4.484645403778045 22.729999542236328 31.5 AB 6.376010429156879 1.0326637848874716
61552.1203 lsst_hardware_i -23.396650932139554 30.469999313354492 31.25 AB 6.322107670689856 1.037034447595217
61561.1067 lsst_hardware_r 29.02180766916252 22.56999969482422 31.489999771118164 AB 9.370285462668049 1.0443338492803922
61561.1196 lsst_hardware_u -0.8473807173236265 2.680000066757202 28.43000030517578 AB 9.553566035567249 1.0571514816432936
61563.0874 lsst_hardware_u -0.697929939667187 3.890000104904175 29.25 AB 4.340805682612914 1.0356622433464884
61563.0991 lsst_hardware_g 6.448529913296391 19.56999969482422 32.18000030517578 AB 4.340230080704699 1.0426561692916478
61572.0893 lsst_hardware_r -25.543752043538877 93.01000213623047 31.65999984741211 AB 8.39794293600434 1.0568435344979505
61572.102 lsst_hardware_i -76.19560973332734 77.79000091552734 31.329999923706055 AB 8.56140162048442 1.0740687016038455
61574.0992 lsst_hardware_z 41.44842929406525 75.2699966430664 30.989999771118164 AB 5.610745653330911 1.0782983318380994
61574.1124 lsst_hardware_r 145.57612650741555 113.18000030517578 31.639999389648438 AB 5.67385231745024 1.1026466899236071
61576.0893 lsst_hardware_z -116.68956735713218 89.97000122070312 31.729999542236328 AB 4.0546737191649225 1.0713659502362451
61576.1014 lsst_hardware_r -127.05125701050935 129.74000549316406 32.400001525878906 AB 4.11946625169287 1.0917313387878782
61578.0227 lsst_hardware_u -6.016272776019797 5.980000019073486 28.989999771118164 AB 3.191724770172118 1.0325586294466722
61578.0347 lsst_hardware_g 70.86134314229939 40.029998779296875 31.700000762939453 AB 3.196140445756032 1.0322895340763412
61580.0236 lsst_hardware_r -4.680538298081651 22.3799991607666 31.5 AB 4.13631035583357 1.0319491937462906
61580.0359 lsst_hardware_z -34.315812224979034 40.720001220703125 30.950000762939453 AB 4.20404573632007 1.0337605548213953
61585.0169 lsst_hardware_g 5.776067594769512 13.65999984741211 31.420000076293945 AB 4.785583437873923 1.0324883361108788
61585.0289 lsst_hardware_r 24.743294898193213 22.31999969482422 31.489999771118164 AB 4.498286992947128 1.036392057356684
61587.0146 lsst_hardware_i -35.22661165218684 30.110000610351562 31.25 AB 8.433864083959989 1.0331502874419074
61587.0272 lsst_hardware_z -37.20669239588483 40.84000015258789 30.940000534057617 AB 8.50707858826967 1.0383983629257867
61589.0138 lsst_hardware_r -8.39537769306652 22.31999969482422 31.489999771118164 AB 6.846317844765935 1.0346037444236251
61589.0258 lsst_hardware_u -0.4872906624068367 2.640000104904175 28.40999984741211 AB 6.9447908647588035 1.04098993675809
61591.0159 lsst_hardware_g 0.026473572211354348 13.630000114440918 31.40999984741211 AB 3.8981942299951284 1.0381803621985626
61591.0287 lsst_hardware_i -49.7212067371934 30.299999237060547 31.25 AB 3.9407122633984333 1.0477366765804317
61598.0026 lsst_hardware_z -115.6421526400355 52.5099983215332 30.969999313354492 AB 10.092512647096108 1.0419690942696787
61598.0139 lsst_hardware_r 111.53240036743323 57.95000076293945 31.639999389648438 AB 10.141041828071833 1.0519752933684474
