data/validation/pwv_sim_epoch_fit_seasonal/60366344.ecsv
# %ECSV 0.9
# ---
# datatype:
# - {name: time, datatype: float64}
# - {name: band, datatype: string}
# - {name: flux, datatype: float64}
# - {name: fluxerr, datatype: float64}
# - {name: zp, datatype: float64}
# - {name: zpsys, datatype: string}
# - {name: pwv, datatype: float64}
# - {name: airmass, datatype: float64}
# meta: {SNID: '60366344', alt: 1024.0, c: 0.03605273738503456, dec: -15.404094, lat: -30.244573, lon: -70.7499537, ra: 133.769531, t0: 60358.80859375,
#   x0: 4.442767038435645e-06, x1: 1.2075562477111816, z: 0.6438502073287964}
# schema: astropy-2.0
time band flux fluxerr zp zpsys pwv airmass
60291.34 lsst_hardware_i 90.48282954298 69.58000183105469 31.329999923706055 AB 10.853306201322658 1.034140657581959
60292.3442 lsst_hardware_r -5.501567460070378 24.059999465942383 31.520000457763672 AB 8.740933859648969 1.0345524748075476
60294.3271 lsst_hardware_r 42.72042790446873 22.510000228881836 31.5 AB 10.949157303652852 1.0348285794742522
60294.3456 lsst_hardware_y 20.52855385032775 51.11000061035156 30.049999237060547 AB 11.074626800949929 1.0366361303028795
60296.2967 lsst_hardware_z 57.29885560715892 58.189998626708984 31.700000762939453 AB 7.336335514493478 1.0517792427172952
60300.301 lsst_hardware_u -4.817115966476937 2.7200000286102295 28.479999542236328 AB 6.2146193073752585 1.0387418403836406
60300.3231 lsst_hardware_y -81.74571547532204 46.869998931884766 30.049999237060547 AB 6.276716702938636 1.0346946965487138
60302.2811 lsst_hardware_g -47.75220371209937 40.119998931884766 31.690000534057617 AB 5.792633770914665 1.050897350532557
60302.3006 lsst_hardware_r -74.34496084662078 38.790000915527344 31.610000610351562 AB 6.270021755711518 1.0362815892424624
60307.2838 lsst_hardware_r 122.97688385859749 88.9000015258789 31.65999984741211 AB 7.46107865314754 1.0377021770719805
60307.3042 lsst_hardware_z 29.42638857285489 63.790000915527344 30.989999771118164 AB 7.192455784716719 1.034736841420937
60309.2839 lsst_hardware_r -23.9922362584914 70.94000244140625 31.649999618530273 AB 5.827396448824153 1.0354293619090535
60309.3039 lsst_hardware_i 120.45987583542174 60.66999816894531 31.329999923706055 AB 5.324971346155961 1.036322675216755
60311.2768 lsst_hardware_z -13.184431588469916 68.4800033569336 31.709999084472656 AB 5.03660908646134 1.0359840424671938
60311.3001 lsst_hardware_i -39.05364666637528 64.44999694824219 32.060001373291016 AB 5.3552455387760505 1.037034380088313
60315.2587 lsst_hardware_g -4.978431908571903 15.34000015258789 31.469999313354492 AB 7.736306946941212 1.0395467544935768
60315.2832 lsst_hardware_r 8.676029140087 24.079999923706055 31.520000457763672 AB 7.744025352839393 1.034928548579748
60317.2603 lsst_hardware_i 41.976388048607646 30.309999465942383 31.25 AB 9.22063013401542 1.0360258577545416
60317.2807 lsst_hardware_z 26.84130813521326 41.0 30.950000762939453 AB 9.218713908753546 1.0358105515453422
60321.2442 lsst_hardware_r -9.556492910622758 22.559999465942383 31.5 AB 5.375438757018288 1.0384311324289168
60321.2652 lsst_hardware_i 43.086451465242554 30.3799991607666 31.25 AB 6.029245166588144 1.0345751218889183
60323.2192 lsst_hardware_z 12.582854708226616 41.150001525878906 30.950000762939453 AB 8.318352419457447 1.056365790774963
60323.2383 lsst_hardware_i 36.724681514154355 30.219999313354492 31.25 AB 8.201843238071095 1.0386791356506975
60325.203 lsst_hardware_r -21.10878488200643 22.6200008392334 31.489999771118164 AB 5.55744471530371 1.0725034429109297
60325.2234 lsst_hardware_u 0.6347578107251992 2.6700000762939453 28.43000030517578 AB 5.2866207166230135 1.045716688086839
60329.2013 lsst_hardware_i 41.05268437097944 36.471273456050966 31.260000228881836 AB 9.401100049601318 1.0583646108077136
60329.2209 lsst_hardware_z 44.33711182835074 41.83165027319988 30.940000534057617 AB 10.405791523265098 1.03928005226119
60331.2002 lsst_hardware_r 51.5978227291207 57.817320102507644 31.639999389648438 AB 10.29196334514096 1.0528593483686841
60331.2194 lsst_hardware_g -3.055434260758199 56.44643854075416 31.719999313354492 AB 9.852874848733164 1.0371447209192803
60333.1886 lsst_hardware_r 48.961619581378805 91.52681803877185 31.649999618530273 AB 12.177361891810568 1.060822814531598
60333.2092 lsst_hardware_i 112.15759125018805 72.74872978452808 31.329999923706055 AB 10.29575208575116 1.039764904640594
60335.1875 lsst_hardware_z 119.94818303819943 76.03154491845203 30.989999771118164 AB 14.770194208396104 1.055013872028293
60335.2072 lsst_hardware_i 279.92619702519005 86.08324344114435 31.34000015258789 AB 14.52291149500216 1.0377708711861107
60339.1827 lsst_hardware_r 543.598038463713 67.7953819966004 31.639999389648438 AB 12.836643343316332 1.048103151117888
60339.1995 lsst_hardware_i 542.091343887292 58.86719269447325 31.309999465942383 AB 12.78381328354088 1.0363013362144033
60345.1743 lsst_hardware_g 189.45074239945836 20.22341680461406 31.420000076293945 AB 7.0875053694062204 1.0412083692384397
60345.193 lsst_hardware_r 1056.547060900809 39.616842646358016 31.5 AB 7.150795161340668 1.0340990833464452
60349.148 lsst_hardware_r 1358.9145033642935 43.21161836464621 31.5 AB 5.91713094963951 1.0566305267213412
60349.1672 lsst_hardware_i 1195.5694464410853 45.88185557677049 31.25 AB 5.906248221857255 1.0387351779558918
60351.1527 lsst_hardware_i 1284.668327459159 46.97632028708222 31.260000228881836 AB 2.1585816462889116 1.0454445556550753
60351.1699 lsst_hardware_u 0.40598318027457836 3.275626944020672 28.510000228881836 AB 2.795083270987975 1.0352160262918426
60353.1318 lsst_hardware_u 4.618333380329635 2.998793188983461 28.389999389648438 AB 3.914274467993913 1.0640229610584881
60353.1494 lsst_hardware_g 325.0860649888523 22.32644845269465 31.40999984741211 AB 3.781192091252335 1.043567274494646
60355.1295 lsst_hardware_r 1538.314056607809 44.61615538469498 31.489999771118164 AB 3.1042240564052115 1.059462135291881
60355.1469 lsst_hardware_i 1382.4577667103106 47.57631530465126 31.239999771118164 AB 2.8669763084730535 1.0412746883074044
60360.1305 lsst_hardware_z 967.6759473034267 61.758883984654545 30.979999542236328 AB 4.061828765604562 1.0433896004978005
60360.1473 lsst_hardware_r 1699.2776575453172 72.4794536980108 31.649999618530273 AB 4.014537760788078 1.0347191273133927
60361.133 lsst_hardware_i 1409.0125693785697 71.58287258325684 31.329999923706055 AB 5.231344426623765 1.0395981306530624
60361.1511 lsst_hardware_z 1019.4663407950809 65.5315094284677 30.979999542236328 AB 5.1811014927130286 1.0340659943876314
60364.1165 lsst_hardware_i 1306.1847112737025 94.89972386844204 31.34000015258789 AB 8.148610049414899 1.0460906188069405
60364.135 lsst_hardware_z 1208.1424103050113 82.04043448475205 30.989999771118164 AB 9.527971531360063 1.035049051060262
60366.1189 lsst_hardware_z 945.7609147089324 74.28156345283796 30.989999771118164 AB 5.955408419572306 1.0398827343412396
60366.1365 lsst_hardware_r 1358.974503417267 103.38897087688747 31.65999984741211 AB 5.589645742787956 1.0340663662543623
60368.1159 lsst_hardware_i 1250.9395192031438 62.668003295925416 31.31999969482422 AB 5.506910299229763 1.0384029225908196
60368.1353 lsst_hardware_r 1342.9199272042372 70.79381451114946 31.639999389648438 AB 6.317220483751438 1.034309962956629
60371.0925 lsst_hardware_g 125.10886538189216 17.547673182536617 31.420000076293945 AB 6.19943161863658 1.0511074294059986
60371.1099 lsst_hardware_r 1120.6087420217614 43.20301019215412 31.559999465942383 AB 6.055055846902736 1.0372686675636378
60373.0944 lsst_hardware_i 1027.3296199650651 43.660629645912316 31.25 AB 10.76458684457242 1.043889337138515
60373.1134 lsst_hardware_z 828.931907949188 49.95191366713575 30.940000534057617 AB 10.699154150813321 1.0344176494123323
60380.0713 lsst_hardware_g 61.19709871711718 16.199284334067155 31.440000534057617 AB 8.107992557856146 1.047544258120949
60380.0919 lsst_hardware_r 633.1351210171953 33.177680091181294 31.5 AB 8.258476859150676 1.0348968495176152
60385.0794 lsst_hardware_z 580.7606975517044 48.06877973940171 30.950000762939453 AB 8.468518309457453 1.0346387671908923
60385.1007 lsst_hardware_g 44.94735053772133 17.354993508270933 31.469999313354492 AB 7.9468766680832905 1.0383549653418933
60389.0213 lsst_hardware_i 438.0598380387174 58.83803684142024 31.299999237060547 AB 3.994620629115557 1.0854947361727056
60389.0336 lsst_hardware_z 636.2835920251497 58.719023247688625 30.969999313354492 AB 3.932590318034637 1.0638686103164026
60391.0494 lsst_hardware_i 395.28602231558665 70.0570789158807 31.329999923706055 AB 6.234517389497746 1.0407051061925996
60391.0701 lsst_hardware_z 495.4185677308561 65.99596243304877 30.989999771118164 AB 6.164553932223031 1.034089789569965
60397.036 lsst_hardware_u 8.1442551970201 10.77266613827609 29.280000686645508 AB 6.752236795950062 1.0388056609153942
60397.0552 lsst_hardware_g -34.890302915176655 63.83801935729007 31.719999313354492 AB 6.964641634440674 1.0341991240569233
60399.0331 lsst_hardware_r 163.1226649672195 25.65318723650464 31.479999542236328 AB 6.173929071877719 1.0374317201463668
60399.0522 lsst_hardware_i 312.6552140237333 40.34048056590834 31.270000457763672 AB 4.963266222077549 1.034552625758739
60401.03 lsst_hardware_z 479.3301201549983 45.11637769290615 30.940000534057617 AB 7.982840852398755 1.0363736609484275
60401.0486 lsst_hardware_r 164.79922635981467 25.364252235172362 31.489999771118164 AB 9.093437585468521 1.0349623087743371
60403.0174 lsst_hardware_u -1.9910522405391624 2.7701264322279338 28.399999618530273 AB 5.304943317738731 1.0401849642624963
60403.0368 lsst_hardware_g 52.01573485696354 13.79068903307426 31.40999984741211 AB 5.273747545608364 1.0340681461977186
60412.9848 lsst_hardware_z 300.84465886543467 45.65577612244629 30.959999084472656 AB 5.075362977026584 1.0442059411637865
60413.0017 lsst_hardware_g 14.056295947998036 15.182807890716672 31.479999542236328 AB 5.226670273804615 1.0349159013539597
60414.9838 lsst_hardware_y 177.04254360900904 49.44119280920701 30.049999237060547 AB 15.455122959782742 1.0407490208607906
60415.0013 lsst_hardware_i 120.51979248526946 36.181423645743244 31.280000686645508 AB 16.185707716026517 1.0341203950181994
60416.983 lsst_hardware_y 92.33448759931888 50.90377671894238 30.059999465942383 AB 11.70842864010356 1.0379122522973703
60417.0006 lsst_hardware_r 179.296642544907 48.1384719747388 31.6299991607666 AB 11.065928644400703 1.0341989387290378
60425.9657 lsst_hardware_y -8.196235717512302 64.88415713990891 30.059999465942383 AB 6.40174945103829 1.0350443736521082
60425.984 lsst_hardware_u 9.858090500189606 8.218217649743526 29.139999389648438 AB 6.347582907502434 1.0361286117122928
60428.964 lsst_hardware_z 171.92235076873888 58.630619209404635 30.979999542236328 AB 11.613500785644451 1.0340729348351518
60428.9826 lsst_hardware_r 84.63045848738928 24.049361589596494 31.489999771118164 AB 11.65001275523738 1.0395609240247514
60652.3411 lsst_hardware_i -40.54549872439724 32.02000045776367 31.270000457763672 AB 7.668961057880484 1.0367430400667286
60654.3407 lsst_hardware_r 10.489219146906974 23.209999084472656 31.510000228881836 AB 8.768101972973513 1.03499137985129
60656.338 lsst_hardware_g 12.381653176314858 14.8100004196167 31.450000762939453 AB 10.826487677720642 1.0344189827035128
60660.3298 lsst_hardware_r 57.07616087488012 86.54000091552734 31.65999984741211 AB 6.89187802066498 1.034117791381898
60660.3495 lsst_hardware_y 4.836200238727529 64.02999877929688 30.059999465942383 AB 7.496105365682691 1.0397778850122754
60662.3006 lsst_hardware_r 76.49558750359914 78.12999725341797 31.649999618530273 AB 5.1226389116308395 1.0456499105186445
60662.3234 lsst_hardware_y 101.120401001387 52.689998626708984 30.059999465942383 AB 5.056159832551941 1.0341910068626534
60663.3155 lsst_hardware_z 15.819683967840326 56.540000915527344 30.979999542236328 AB 4.488954449290463 1.035156104990158
60665.2881 lsst_hardware_r -26.10088944984161 51.04999923706055 31.639999389648438 AB 4.907728712830751 1.0499499840254054
60665.3083 lsst_hardware_z -45.20372120632415 49.45000076293945 30.979999542236328 AB 6.146237399196641 1.0356936063690574
60668.2856 lsst_hardware_g -38.08602854745456 20.299999237060547 31.559999465942383 AB 6.6046317845991345 1.04441696534481
60670.2866 lsst_hardware_i 48.16736302176942 30.559999465942383 31.260000228881836 AB 6.541272794281821 1.0395898806900359
60670.3043 lsst_hardware_z 27.22754388065478 41.11000061035156 30.950000762939453 AB 6.189109211606486 1.0340602667568584
60672.2874 lsst_hardware_r 4.703270180435014 22.56999969482422 31.510000228881836 AB 7.4499373060671275 1.0363568119913151
60672.3071 lsst_hardware_g 5.514231121465916 13.819999694824219 31.440000534057617 AB 7.22090326571477 1.0352796863554354
60674.2762 lsst_hardware_r -37.820470743753255 31.709999084472656 32.25 AB 5.840758921085553 1.0392655365879309
60674.2984 lsst_hardware_i -3.1176077214242053 30.149999618530273 31.25 AB 5.287651654637769 1.034512429373878
60678.2602 lsst_hardware_r -1.6432777916188575 22.18000030517578 31.489999771118164 AB 4.569869237900778 1.0428332798617375
60678.2823 lsst_hardware_u -6.148886608892595 2.5999999046325684 28.389999389648438 AB 4.506767395522242 1.0340575286093092
60680.2549 lsst_hardware_g 7.811745143780624 13.710000038146973 31.420000076293945 AB 10.906352278123627 1.0427055302709094
60680.2766 lsst_hardware_r -5.993001933247116 22.399999618530273 31.489999771118164 AB 10.827975774360839 1.0340589330579524
60682.2587 lsst_hardware_i 32.29390622347521 30.200000762939453 31.25 AB 9.749951863058529 1.036953136193409
60682.2802 lsst_hardware_z -5.666474930301742 40.88999938964844 30.950000762939453 AB 9.850944345803581 1.035397496274354
60684.2592 lsst_hardware_r 16.086263264311214 22.450000762939453 31.5 AB 8.226952332081007 1.0348801625327277
60684.2828 lsst_hardware_g -6.423891163439435 13.75 31.43000030517578 AB 8.262295651631314 1.0390428603422248
60686.2442 lsst_hardware_r 20.852875414621256 53.83000183105469 31.639999389648438 AB 6.648361000549109 1.0388064063357982
60686.2671 lsst_hardware_i -49.75016515249963 44.95000076293945 31.309999465942383 AB 6.339752978993313 1.0348082884180712
60688.2236 lsst_hardware_z 42.18367982802248 66.29000091552734 30.989999771118164 AB 4.630977010887861 1.0518373768412608
60688.2422 lsst_hardware_i -28.556413214199466 74.52999877929688 31.34000015258789 AB 4.566450685115943 1.0370048109721683
60692.2015 lsst_hardware_y 79.12013888020019 53.68000030517578 30.040000915527344 AB 3.2718297991006584 1.0670750010656058
60692.2215 lsst_hardware_r -14.387603451065948 80.0199966430664 31.649999618530273 AB 3.3664442207479808 1.0432117200954387
60694.2057 lsst_hardware_i 44.7434612997849 48.060001373291016 31.309999465942383 AB 6.110981198694044 1.0536174480506972
60694.2247 lsst_hardware_z -0.5087876960817902 49.91999816894531 30.969999313354492 AB 6.218656675061293 1.037537958132689
60695.2061 lsst_hardware_r -58.57462317810072 42.349998474121094 31.610000610351562 AB 9.260654352245647 1.0500401790285272
60695.2269 lsst_hardware_z 26.352901299538317 46.099998474121094 30.959999084472656 AB 10.20673228117895 1.0355156186518988
60697.2013 lsst_hardware_r -24.923125450200228 26.65999984741211 31.540000915527344 AB 10.250928851430428 1.0493324650865419
60697.2217 lsst_hardware_i -30.577216702455402 32.9900016784668 31.260000228881836 AB 9.836606083458813 1.035432219311454
60699.0967 lsst_hardware_z -20.076690154162005 46.25 30.90999984741211 AB 18.29291412558901 1.4098403970858957
60699.1152 lsst_hardware_i 25.756535211201818 32.77000045776367 31.219999313354492 AB 16.75274026519138 1.2895899209199917
60701.1828 lsst_hardware_u -0.6064910066725947 2.8499999046325684 28.559999465942383 AB 14.76344023956989 1.058450231660308
60701.1995 lsst_hardware_g -9.00585143117112 14.15999984741211 31.459999084472656 AB 14.53013423960148 1.0412383603765631
60703.1861 lsst_hardware_r -45.503987739894185 22.899999618530273 31.510000228881836 AB 11.121457379839644 1.0481064348166662
60703.2018 lsst_hardware_i -31.29939937438683 30.559999465942383 31.260000228881836 AB 11.05349786225479 1.036751401805978
60709.1687 lsst_hardware_i -24.885486519142333 30.81999969482422 31.260000228881836 AB 9.654417634209947 1.0491556405752338
60709.1867 lsst_hardware_z -20.26120245051797 41.349998474121094 30.959999084472656 AB 9.563421245891433 1.0362172004577626
60711.1752 lsst_hardware_i 19.81516992028888 30.690000534057617 31.260000228881836 AB 7.171802103960024 1.0392409946326655
60711.1928 lsst_hardware_u -1.3234204684432942 2.859999895095825 28.56999969482422 AB 6.9084948430922415 1.03405101677774
