data/validation/pwv_sim_epoch_fit_seasonal/60455924.ecsv
# %ECSV 0.9
# ---
# datatype:
# - {name: time, datatype: float64}
# - {name: band, datatype: string}
# - {name: flux, datatype: float64}
# - {name: fluxerr, datatype: float64}
# - {name: zp, datatype: float64}
# - {name: zpsys, datatype: string}
# - {name: pwv, datatype: float64}
# - {name: airmass, datatype: float64}
# meta: {SNID: '60455924', alt: 1024.0, c: 0.05532708764076233, dec: -59.677784, lat: -30.244573, lon: -70.7499537, ra: 88.628052, t0: 60662.4140625,
#   x0: 9.536862989084887e-06, x1: 0.7228050827980042, z: 0.4694918096065521}
# schema: astropy-2.0
time band flux fluxerr zp zpsys pwv airmass
[from data line 132]
61048.1814 lsst_hardware_r -54.47245719540421 42.59000015258789 31.59000015258789 AB 8.062540184282632 1.164433879879063
61048.1941 lsst_hardware_z -130.07723841537072 47.63999938964844 30.950000762939453 AB 7.877538900810444 1.1775095516906426
61054.1617 lsst_hardware_r 56.837177429586184 22.040000915527344 31.459999084472656 AB 8.382442017085372 1.1616734519577834
61054.176 lsst_hardware_u 2.7290391087056154 2.5 28.270000457763672 AB 9.314392558045139 1.1755154463058104
61056.1581 lsst_hardware_g -1.5879803433391475 12.739999771118164 31.329999923706055 AB 5.143749834762541 1.1631960429124752
61056.171 lsst_hardware_r -25.430526678854807 22.030000686645508 31.459999084472656 AB 6.074876165699131 1.1760480429192006
61058.0986 lsst_hardware_g 18.38545937078738 12.609999656677246 31.34000015258789 AB 4.501654222854262 1.1518337421747034
61058.1133 lsst_hardware_r 37.668156368830374 21.65999984741211 31.459999084472656 AB 4.490653559932217 1.1482844876129175
61060.1023 lsst_hardware_i -1.956661882845702 30.239999771118164 31.229999542236328 AB 8.776955384238114 1.1490417469710141
61060.1142 lsst_hardware_z -5.8101022792691115 41.75 30.93000030517578 AB 8.755080344824504 1.1482825555543976
61062.0991 lsst_hardware_i 8.254844608822728 30.649999618530273 31.229999542236328 AB 12.795004177867433 1.1486500346705293
61062.112 lsst_hardware_u 1.2480534431125192 2.5299999713897705 28.309999465942383 AB 12.880089731342455 1.1486405824621724
61064.0951 lsst_hardware_g 5.41548060334734 13.789999961853027 31.3700008392334 AB 14.907774203881392 1.1484598277346862
61064.1092 lsst_hardware_r -2.5189033266071212 22.549999237060547 31.459999084472656 AB 14.909937631955856 1.149113380582589
61066.0974 lsst_hardware_i 10.049595839616144 33.709999084472656 31.239999771118164 AB 15.70723709452466 1.1482597936905021
61066.1117 lsst_hardware_r 27.585195240121745 27.709999084472656 31.510000228881836 AB 15.715980340615754 1.1514944687226099
61068.0964 lsst_hardware_z 65.94624783171147 66.1500015258789 31.690000534057617 AB 14.070113856195738 1.1487682769591556
61070.0901 lsst_hardware_r -89.44708175461996 56.7599983215332 31.610000610351562 AB 14.462527944216331 1.1486401353519442
61070.1014 lsst_hardware_i -75.963953195394 48.630001068115234 31.290000915527344 AB 14.40450386636231 1.1517460447517838
61073.0923 lsst_hardware_z -86.85204525753888 58.40999984741211 30.969999313354492 AB 7.0407500519283746 1.151390033021811
61073.1048 lsst_hardware_r 23.982930380228904 79.9800033569336 31.6299991607666 AB 7.081192947221354 1.1580037526118323
61075.0928 lsst_hardware_z 1.1085727644501313 52.810001373291016 30.959999084472656 AB 12.08727707036369 1.1540911103855338
61075.1062 lsst_hardware_g 5.5653661896098265 68.9800033569336 31.670000076293945 AB 12.189832482555271 1.1631982011901176
61077.0907 lsst_hardware_r 66.48836978216194 35.439998626708984 31.56999969482422 AB 5.036987717474301 1.1559794333248856
61077.1051 lsst_hardware_z 28.720231892298976 46.869998931884766 30.950000762939453 AB 5.104063048108791 1.167087587219998
61079.0671 lsst_hardware_i -102.20536594989065 30.5 31.229999542236328 AB 11.520919978042047 1.148903789787525
61079.0804 lsst_hardware_r -4.891031039858368 21.81999969482422 31.459999084472656 AB 11.511762095800265 1.1533483489705685
61081.0671 lsst_hardware_u -1.9700370772582383 2.5399999618530273 28.329999923706055 AB 2.9906185236168357 1.150237893698783
61081.08 lsst_hardware_g 15.415085935275547 12.65999984741211 31.329999923706055 AB 3.0059048367440613 1.156117244901562
61083.0639 lsst_hardware_r -28.10121449888071 22.030000686645508 31.459999084472656 AB 2.432429141156583 1.1509917071718847
61083.075 lsst_hardware_i 30.399012736709953 30.8799991607666 31.239999771118164 AB 2.197161761252215 1.15640092697485
61085.0598 lsst_hardware_z -32.12291351287431 42.15999984741211 30.93000030517578 AB 2.9252006960864234 1.1515027015167771
61085.0714 lsst_hardware_r -31.93798091981916 21.84000015258789 31.450000762939453 AB 2.95880267830003 1.1575910321987597
61093.0564 lsst_hardware_g -3.3275459342941938 13.399999618530273 31.350000381469727 AB 6.444695779529339 1.1626728810264007
61093.0696 lsst_hardware_r 14.914585308885174 22.139999389648438 31.450000762939453 AB 6.364134426293912 1.1756586941844387
61098.0517 lsst_hardware_r 44.959470821241005 46.72999954223633 31.59000015258789 AB 9.07422001840278 1.1710181982711032
61098.0645 lsst_hardware_z 62.567068476249446 48.189998626708984 30.940000534057617 AB 9.204064789387406 1.1863965956931433
