data/validation/pwv_sim_epoch_fit_seasonal/60519497.ecsv
# %ECSV 0.9
# ---
# datatype:
# - {name: time, datatype: float64}
# - {name: band, datatype: string}
# - {name: flux, datatype: float64}
# - {name: fluxerr, datatype: float64}
# - {name: zp, datatype: float64}
# - {name: zpsys, datatype: string}
# - {name: pwv, datatype: float64}
# - {name: airmass, datatype: float64}
# meta: {SNID: '60519497', alt: 1024.0, c: -0.12368269264698029, dec: -44.597992, lat: -30.244573, lon: -70.7499537, ra: 283.574371, t0: 61532.6328125,
#   x0: 2.337164440536846e-06, x1: -0.10106503963470459, z: 0.8355620503425598}
# schema: astropy-2.0
time band flux fluxerr zp zpsys pwv airmass
61510.4078 lsst_hardware_g 103.0804385293425 18.64792780940473 31.479999542236328 AB 9.8865261155605 1.0342456053240867
61510.4198 lsst_hardware_y 95.27029281358024 63.80269705605777 30.06999969482422 AB 10.402344715957478 1.0320639652045451
61512.4046 lsst_hardware_i 273.00092479297234 35.664350358130186 31.270000457763672 AB 15.110976616821905 1.0335471848994155
61512.4166 lsst_hardware_y -0.898108631972076 55.51913377720817 30.06999969482422 AB 15.120903408148191 1.0320731286702745
61514.405 lsst_hardware_z 379.12305793835986 67.57003264357033 31.709999084472656 AB 10.013876327337027 1.0323583842615491
61517.4167 lsst_hardware_r 269.60994465673195 92.69214944936697 31.65999984741211 AB 5.536209107360781 1.0349988983661957
61519.4022 lsst_hardware_z 460.49461534201134 68.55884913063616 30.989999771118164 AB 10.219356532568476 1.0325189727273023
61519.4138 lsst_hardware_y 72.60724753333191 58.14682200895629 30.059999465942383 AB 10.246595177006435 1.0360910556816645
61521.4005 lsst_hardware_z 526.8162924397722 62.40761348509961 30.979999542236328 AB 4.140136184667966 1.0332903686698611
61521.4131 lsst_hardware_y 172.68826987232794 56.84792279205318 30.059999465942383 AB 4.18004102657003 1.038584018030941
61523.3811 lsst_hardware_g 358.2971457080359 63.27086641003587 32.45000076293945 AB 5.1663851988002225 1.032279169895812
61523.3942 lsst_hardware_r 1333.1157861119345 74.5513736986094 32.369998931884766 AB 5.218117322216696 1.0330859873721434
61525.3901 lsst_hardware_i 754.156261819384 43.5215984896625 31.270000457763672 AB 11.820329112115603 1.0334262206780558
61525.402 lsst_hardware_r 684.3357018217251 38.364880032411435 31.559999465942383 AB 11.88781261606702 1.038478767928515
61527.3927 lsst_hardware_u 7.571716780892792 3.137121166403169 28.530000686645508 AB 10.710906923033614 1.036439079092373
61527.4041 lsst_hardware_g 158.691164496187 19.12193042941162 31.469999313354492 AB 10.783699203696738 1.0436511262368608
61531.3799 lsst_hardware_z 596.79270545144 47.57717243247286 30.959999084472656 AB 2.764748035076303 1.035583120170916
61531.3908 lsst_hardware_r 623.9481596643097 34.12764940277869 31.510000228881836 AB 2.7986854806043144 1.0418559257717317
61534.3341 lsst_hardware_z 538.3390938965019 47.435446866556056 30.959999084472656 AB 8.074336699483519 1.0378991836857792
61534.3475 lsst_hardware_i 818.542101931373 42.10238391187115 31.260000228881836 AB 8.054041222626735 1.0328342168026077
61536.33 lsst_hardware_u 0.19720053223442266 2.8591193346633457 28.489999771118164 AB 7.984126300283118 1.0371689140404154
61536.343 lsst_hardware_g 96.01816118126574 16.847905824245913 31.440000534057617 AB 7.043979855360939 1.0326523518945852
61540.3301 lsst_hardware_r 401.88096327633656 30.66384120727064 31.5 AB 7.513748417742084 1.0330543195795716
61540.3422 lsst_hardware_i 722.3270445805264 40.51667511794272 31.25 AB 7.9370657276369405 1.032195295875797
61542.3383 lsst_hardware_z 907.9625615660054 72.75195426619732 31.709999084472656 AB 7.639479090468413 1.0323620392524882
61544.3092 lsst_hardware_z 560.7969218214856 66.06022126701085 30.989999771118164 AB 7.695525290384208 1.0366438055344098
61544.3207 lsst_hardware_r 427.3456622793777 90.019311320736 31.65999984741211 AB 7.572026495935257 1.03273683796171
61546.3541 lsst_hardware_z 1516.466291940963 141.1461582523608 32.189998626708984 AB 7.333263818792875 1.0451703860695662
61550.3088 lsst_hardware_r 161.92837632147015 79.4611887435813 31.65999984741211 AB 7.5347090820609495 1.0321519290494452
61550.3219 lsst_hardware_i 417.56408353380664 68.51741990960565 31.329999923706055 AB 7.544113012738852 1.0334401387313497
61552.3118 lsst_hardware_z 831.048866079481 72.01675711090057 31.719999313354492 AB 4.163101389182928 1.0324725472284366
61554.3111 lsst_hardware_g 35.43076901331214 24.09443309901111 31.610000610351562 AB 8.88502708412897 1.0334731552681347
61554.3229 lsst_hardware_r 139.56227755485475 31.81870435920885 31.559999465942383 AB 8.913450684595382 1.0385207702889871
61558.3088 lsst_hardware_i 252.07825781044997 34.91270451338194 31.25 AB 9.839214330564841 1.0367981380995561
61558.3196 lsst_hardware_z 314.6963234600848 44.448221678894306 30.950000762939453 AB 9.90254235969906 1.0437553980833216
61561.3098 lsst_hardware_g 7.135144932276817 15.001152135183187 31.43000030517578 AB 6.609047125146918 1.0425186726313993
61561.3219 lsst_hardware_r 80.18254756914025 25.10967142298412 31.489999771118164 AB 6.725985338371375 1.0535691319504032
61563.2973 lsst_hardware_r 70.05800778664731 25.219810833786983 31.510000228881836 AB 3.403385703861982 1.0379340359443916
61563.3115 lsst_hardware_i 256.76646811401565 34.06675357361848 31.260000228881836 AB 3.4545000358472753 1.0485658023516773
61572.2937 lsst_hardware_z 242.89863608883226 84.1535841746979 31.729999542236328 AB 6.839855815719995 1.0556011804853616
61576.2799 lsst_hardware_r 84.56797520114159 142.6648886570399 31.65999984741211 AB 3.6941932243183846 1.0524517151022357
61576.291 lsst_hardware_i 267.3110723207961 113.4081656151197 31.34000015258789 AB 3.742607618573033 1.0659156838390942
61578.2814 lsst_hardware_i 64.68600665237321 75.16331502214692 31.329999923706055 AB 2.671335800106258 1.060474712229624
61578.2939 lsst_hardware_z 9.074077870349978 66.73425047243191 30.979999542236328 AB 2.1569631901546504 1.0784815950773252
61580.2257 lsst_hardware_r 60.91357611191386 56.326053712588646 31.639999389648438 AB 4.204738191613722 1.0322597851752446
61580.2378 lsst_hardware_z 193.32085863634083 51.421371719542265 30.969999313354492 AB 4.18072276764444 1.0329148283247536
61582.2133 lsst_hardware_g -15.903108009781201 31.459677292326987 31.65999984741211 AB 6.186818744812348 1.0336056264652806
61582.2259 lsst_hardware_r 44.91084009004315 35.83172884395093 31.59000015258789 AB 6.103447972401887 1.0320919856381434
61585.2179 lsst_hardware_i 78.00126079661148 31.890321966731985 31.25 AB 2.8561679883470834 1.0321011762275656
61585.2284 lsst_hardware_z 84.08571563287457 42.272144635281094 30.950000762939453 AB 2.885350584554611 1.0340522940703847
61587.2089 lsst_hardware_r 28.482643998581533 23.968408770144283 31.5 AB 8.017284089746592 1.032091154704721
61587.2215 lsst_hardware_g 20.418459924913158 16.025873289602274 31.440000534057617 AB 7.9686510105128905 1.0336145029525352
61589.2085 lsst_hardware_r 22.763087725220615 24.146521354058606 31.510000228881836 AB 6.93952096445455 1.0322060039349323
61589.2224 lsst_hardware_i 104.48745829065768 31.91988758980808 31.260000228881836 AB 6.962522124989472 1.0359611345303616
61591.2068 lsst_hardware_z 72.94656745342436 41.965936391828386 30.950000762939453 AB 3.717804438176154 1.0327234550489317
61591.2189 lsst_hardware_i 33.50551117291658 31.744717075488204 31.25 AB 3.7608362460333686 1.0368999851208478
61593.1856 lsst_hardware_r 31.501542309509666 24.051069821245573 31.510000228881836 AB 2.2777966973615373 1.033014375220555
61593.1982 lsst_hardware_u -0.03490534687336004 2.9754712847403675 28.5 AB 2.316406596113204 1.0322667540610475
61598.1891 lsst_hardware_i 29.022444323656984 40.593857045461064 31.290000915527344 AB 6.013691577485351 1.0330140990269434
61598.202 lsst_hardware_z 65.39476594605104 46.259444814772145 30.959999084472656 AB 6.094584397363466 1.0380828474473627
61600.1874 lsst_hardware_r 15.61720290045298 69.25277682471 31.649999618530273 AB 7.5248780500623536 1.034039536916233
61600.1994 lsst_hardware_z 201.63757583749072 56.74328357312771 30.979999542236328 AB 7.580871343515929 1.0398049575049133
61605.1271 lsst_hardware_r 220.2502947731931 129.70107556657533 31.65999984741211 AB 2.9203031875221193 1.0475484485775695
61605.1386 lsst_hardware_z 52.62143957822059 86.32443261450653 31.0 AB 2.9066531183956483 1.038863363238951
61608.1373 lsst_hardware_z 53.86813714938637 53.48600886948603 30.969999313354492 AB 5.368024523342184 1.0353654088997397
61608.1494 lsst_hardware_r 59.83760035976483 64.33206321121713 31.639999389648438 AB 5.283737303360274 1.0322487568429815
61611.1307 lsst_hardware_u 3.4247976505291753 2.7810861855398725 28.479999542236328 AB 5.775900822192468 1.034736800822728
61611.1433 lsst_hardware_g 33.7457669089547 15.089370548399376 31.440000534057617 AB 5.700793857139315 1.0320981003239458
61612.1245 lsst_hardware_r 35.47992412089788 23.33358500484084 31.5 AB 7.718959403136755 1.0361946576611
61612.1361 lsst_hardware_i 62.95130567880372 31.306081673229674 31.25 AB 9.32427276139061 1.032559758743181
61619.119 lsst_hardware_r 2.983061909422458 23.19045321936981 31.5 AB 1.6374675307946396 1.0322884354887978
61619.1309 lsst_hardware_u 1.8768284185255717 2.6773861734401274 28.420000076293945 AB 1.9043744712526574 1.0328343873737633
61622.1111 lsst_hardware_g -10.564316730063066 14.259319974923752 31.420000076293945 AB 2.471742821326275 1.0322584344649302
61622.1237 lsst_hardware_i 15.516425257604977 31.072378297440032 31.25 AB 2.4398850066801065 1.0330470707840407
61626.1171 lsst_hardware_y -10.668338785567958 47.5099983215332 30.049999237060547 AB 3.978845596407958 1.0342723151568458
61626.1291 lsst_hardware_g -19.36944748921324 28.34000015258789 31.649999618530273 AB 4.498594954423179 1.0402578227363117
61627.103 lsst_hardware_r 40.17594428638785 43.52000045776367 31.6200008392334 AB 3.8313163301503104 1.032097067341708
61627.1154 lsst_hardware_i 49.73498659344803 41.83000183105469 31.299999237060547 AB 3.860919549090601 1.0346367706361592
61629.1135 lsst_hardware_z 114.99308260267907 61.2599983215332 30.989999771118164 AB 2.8220223268195825 1.0361114894699237
61629.1261 lsst_hardware_r 107.27494453168492 77.27999877929688 31.649999618530273 AB 3.332239588660554 1.0440437353505652
61649.038 lsst_hardware_i -56.309569146994725 30.469999313354492 31.25 AB 1.8300976524797254 1.032203977709941
61649.0495 lsst_hardware_u -1.854703164257753 2.609999895095825 28.3700008392334 AB 1.29600295952575 1.0329460357537859
61651.0347 lsst_hardware_g 10.34677260724557 14.319999694824219 31.43000030517578 AB 1.8379641624082503 1.032080952218016
61651.0457 lsst_hardware_r -11.283264770642907 22.959999084472656 31.489999771118164 AB 1.4742296140659996 1.0333385145322427
61653.027 lsst_hardware_i 48.75229182602416 31.200000762939453 31.260000228881836 AB 1.420666444771871 1.0322110279282184
61653.0397 lsst_hardware_r -33.5845035506758 24.43000030517578 31.520000457763672 AB 1.4439019540102123 1.0332035449089176
61655.0305 lsst_hardware_z -7.493142894673725 43.7599983215332 30.959999084472656 AB 2.662494821147848 1.0324749669986808
61655.0427 lsst_hardware_g -11.604585764860088 28.5 31.649999618530273 AB 2.244075385074998 1.0362053494266577
61672.0162 lsst_hardware_i 2.068282263765579 30.93000030517578 31.25 AB 2.9831605813691513 1.0508403386493812
61672.0284 lsst_hardware_z 27.815949678141713 41.560001373291016 30.950000762939453 AB 3.030890701931196 1.0652770319013825
61880.4116 lsst_hardware_z -19.143352061102192 43.099998474121094 30.959999084472656 AB 4.851462736035447 1.0322261140500952
61880.4235 lsst_hardware_y 74.11889636639029 73.5 30.06999969482422 AB 4.516240612926968 1.0352414012440407
61883.405 lsst_hardware_u 2.4622872216774883 2.940000057220459 28.530000686645508 AB 5.782899241673437 1.0324147658307732
61883.4163 lsst_hardware_y 50.66443734177244 51.029998779296875 30.059999465942383 AB 5.839739741376925 1.0356596845667283
61885.3997 lsst_hardware_r -32.583171489835145 22.969999313354492 31.5 AB 15.160481255962942 1.0324372911387283
61885.4106 lsst_hardware_y -14.426939368309691 48.220001220703125 30.049999237060547 AB 15.099697669604556 1.0355557767409898
61888.3849 lsst_hardware_i -1.717275211135823 30.549999237060547 31.25 AB 5.181787074835691 1.0320571767307603
61888.3959 lsst_hardware_r -8.440223197359723 22.8700008392334 31.489999771118164 AB 5.210509489952825 1.033318689132935
61891.3935 lsst_hardware_r -18.031332896124333 22.969999313354492 31.5 AB 9.201157232727011 1.0352531249903814
61891.4054 lsst_hardware_i -9.02409155975104 30.93000030517578 31.260000228881836 AB 9.256427731311781 1.0420189194519724
61895.3845 lsst_hardware_z -45.29685955628309 41.13999938964844 30.950000762939453 AB 6.9383472982992975 1.036089691134684
61895.3966 lsst_hardware_r 29.514107767590055 23.06999969482422 31.5 AB 7.212661494901777 1.0436243029254748
61897.3834 lsst_hardware_z -32.82860562235284 41.130001068115234 30.950000762939453 AB 7.208759949090581 1.0383521712770012
61897.3943 lsst_hardware_g 14.694589401096726 14.119999885559082 31.420000076293945 AB 7.252049805610359 1.0462453733838792
61899.3331 lsst_hardware_z -50.990463623887635 90.97000122070312 31.739999771118164 AB 8.597332604800721 1.0388793464469575
61903.3304 lsst_hardware_r 21.322394287570674 87.05000305175781 31.65999984741211 AB 7.139353716448812 1.034838921068052
61903.3424 lsst_hardware_i 60.1417703382584 73.91999816894531 31.329999923706055 AB 6.368000754692369 1.0321327046788555
61910.3227 lsst_hardware_g -0.7906319551940972 15.260000228881836 31.459999084472656 AB 7.308080874986451 1.0321783658749974
61910.3347 lsst_hardware_r 25.434546425720054 23.829999923706055 31.510000228881836 AB 7.942541764488462 1.0330417850671083
61918.2859 lsst_hardware_z -12.65630222302339 41.15999984741211 30.959999084472656 AB 7.933886506564057 1.0363642487837716
61918.2966 lsst_hardware_i 16.76291615165473 30.65999984741211 31.260000228881836 AB 8.090922595913113 1.0327738660882946
61926.3101 lsst_hardware_z -36.441893149085864 72.44000244140625 31.719999313354492 AB 6.6117432187747855 1.0422041643718136
61928.2916 lsst_hardware_y -94.8693982070538 58.599998474121094 30.059999465942383 AB 4.002304908148841 1.0349004244480713
61928.3063 lsst_hardware_r 87.4219734548336 152.0399932861328 32.40999984741211 AB 3.4914247560663467 1.0434622701930731
61928.3197 lsst_hardware_i -23.458243264414858 83.2699966430664 31.329999923706055 AB 3.5738416475086314 1.0564119561065042
61958.1622 lsst_hardware_i -55.13724921109029 108.55000305175781 31.34000015258789 AB 1.8829639218596659 1.0460910676998143
61958.174 lsst_hardware_r -231.59324473686743 131.57000732421875 31.65999984741211 AB 2.3138317045799344 1.0377478118912316
61974.1352 lsst_hardware_g 10.799436791466487 14.489999771118164 31.440000534057617 AB 6.005260119564967 1.0353896757870633
61974.1462 lsst_hardware_r 14.55737123774133 23.229999542236328 31.5 AB 5.9877731992084176 1.0323746895186927
61976.1383 lsst_hardware_i 35.66205521011119 30.6299991607666 31.25 AB 5.70244251122745 1.0327705354029613
61976.1502 lsst_hardware_r -24.328122431569255 23.010000228881836 31.489999771118164 AB 5.728791161017921 1.032307624293706
61978.1303 lsst_hardware_u -3.1419660273242624 2.6500000953674316 28.399999618530273 AB 3.340726412226984 1.0333475176369071
61978.1412 lsst_hardware_g 4.556024716990248 14.329999923706055 31.43000030517578 AB 3.299583443509672 1.0320605062456942
61981.1279 lsst_hardware_z -14.374080147900923 44.119998931884766 30.950000762939453 AB 5.7317266347669795 1.032278547459159
61981.1399 lsst_hardware_r -38.584569452853835 35.810001373291016 31.59000015258789 AB 5.750615798987129 1.0328437517825206
61987.1187 lsst_hardware_z -146.70658615684516 118.52999877929688 31.75 AB 2.435054384957299 1.0321671712994556
61990.1163 lsst_hardware_r 169.04436435697448 83.29000091552734 31.65999984741211 AB 4.545445362277907 1.0330557641540696
61990.1277 lsst_hardware_i 22.722389591807346 66.30999755859375 31.329999923706055 AB 4.00736743325435 1.0373718439695445
61992.1087 lsst_hardware_z -57.483182998822585 48.40999984741211 30.969999313354492 AB 3.8615060256149474 1.0326262937865884
61992.1208 lsst_hardware_r -111.7879834917662 52.91999816894531 31.6299991607666 AB 3.8457548922033276 1.0366381846992212
61994.1067 lsst_hardware_u -0.7858097620953132 2.7300000190734863 28.469999313354492 AB 2.8428335392993214 1.0333818754268707
61994.1199 lsst_hardware_g -0.8458506944557544 14.119999885559082 31.43000030517578 AB 2.8287527749712935 1.0391548796808767
61995.0986 lsst_hardware_r 15.850262854899148 23.0 31.510000228881836 AB 2.4946591406267564 1.0323439439796218
61995.1119 lsst_hardware_z -39.90323101575436 41.25 30.959999084472656 AB 2.516130112372124 1.0362974103674316
61997.1073 lsst_hardware_r 21.065129812669248 22.969999313354492 31.5 AB 3.75376868402184 1.0367140209036152
61997.1183 lsst_hardware_u 3.3498217082110378 2.7300000190734863 28.469999313354492 AB 3.761695462381294 1.0437798124396034
62005.0855 lsst_hardware_i -37.52815261316524 30.670000076293945 31.260000228881836 AB 2.4023794431839374 1.0367372718454795
62005.0895 lsst_hardware_z 7.0864894251885335 41.209999084472656 30.950000762939453 AB 2.463315266190819 1.0389351607721715
62011.0349 lsst_hardware_r -3.873639108563693 53.380001068115234 31.639999389648438 AB 5.169016469788707 1.0350971654145094
62011.0454 lsst_hardware_i -15.85078814007752 48.84000015258789 31.31999969482422 AB 5.781165654749606 1.0323510097767155
62013.0388 lsst_hardware_z 122.08841702711265 86.27999877929688 31.739999771118164 AB 2.7912180515635425 1.0325097601344793
62017.0176 lsst_hardware_i 80.85421223429513 103.20999908447266 32.09000015258789 AB 1.8448713760842652 1.0354750473812526
62017.0232 lsst_hardware_z 19.387390375105973 91.48999786376953 31.739999771118164 AB 1.8458604675420887 1.0335164991837003
62024.017 lsst_hardware_r -1.3559456290749032 23.1200008392334 31.510000228881836 AB 2.0797336241093887 1.0321258680443615
62024.0279 lsst_hardware_i -1.3281342466561994 30.729999542236328 31.260000228881836 AB 2.047119889038599 1.034334259724766
62026.9813 lsst_hardware_y 179.7928214829738 62.18000030517578 30.06999969482422 AB 2.6487533669079677 1.0403587458397359
62026.9867 lsst_hardware_g 14.288657923367325 17.530000686645508 31.530000686645508 AB 2.5358768632185513 1.0371684512141313
62030.0188 lsst_hardware_i 40.31558665604109 30.75 31.25 AB 1.783547096694805 1.0375492127375052
62030.0307 lsst_hardware_z 7.335166287644285 41.43000030517578 30.950000762939453 AB 1.7538996241895257 1.0458554705960201
62031.0218 lsst_hardware_i -29.912746816166397 30.799999237060547 31.260000228881836 AB 0.8799653040024287 1.0410710488050028
62031.0333 lsst_hardware_u 4.624831911152191 2.7799999713897705 28.489999771118164 AB 0.8561675517710323 1.0508346753863544
62033.0147 lsst_hardware_g -23.286172364850756 14.5 31.440000534057617 AB 6.541437898294429 1.0399742286636613
62033.026 lsst_hardware_r -2.2737688099408113 23.3700008392334 31.5 AB 6.5592224326229855 1.049028003937928
62035.0144 lsst_hardware_i -75.51203966987191 30.979999542236328 31.260000228881836 AB 2.701729412205334 1.0436760541612158
62035.027 lsst_hardware_r -17.534228471197906 23.549999237060547 31.510000228881836 AB 2.695105794176453 1.0558001283010392
