data/validation/pwv_sim_epoch_fit_seasonal/6057700.ecsv
# %ECSV 0.9
# ---
# datatype:
# - {name: time, datatype: float64}
# - {name: band, datatype: string}
# - {name: flux, datatype: float64}
# - {name: fluxerr, datatype: float64}
# - {name: zp, datatype: float64}
# - {name: zpsys, datatype: string}
# - {name: pwv, datatype: float64}
# - {name: airmass, datatype: float64}
# meta: {SNID: '6057700', alt: 1024.0, c: 0.03446204960346222, dec: -3.433834, lat: -30.244573, lon: -70.7499537, ra: 24.960938, t0: 61008.3984375,
#   x0: 1.1931543209466376e-05, x1: 0.8048272728919983, z: 0.4273414611816406}
# schema: astropy-2.0
time band flux fluxerr zp zpsys pwv airmass
60876.415 lsst_hardware_r 13.619052569319459 26.700000762939453 31.520000457763672 AB 5.2194966600084856 1.1329491339284754
60876.4355 lsst_hardware_z -8.374716383676136 47.880001068115234 30.959999084472656 AB 5.82719515931398 1.121854966417477
60882.4129 lsst_hardware_i -9.844987175361819 32.560001373291016 31.239999771118164 AB 7.545669280437957 1.1232853413379913
60882.4319 lsst_hardware_y -32.80379297142789 51.66999816894531 30.020000457763672 AB 6.830427598778182 1.1241651742557903
60885.3966 lsst_hardware_r -0.9080236532353745 24.440000534057617 31.5 AB 5.300056617081067 1.1276716206555462
60885.42 lsst_hardware_y -12.728108220547337 48.20000076293945 30.020000457763672 AB 5.161747174419528 1.1227698320228092
60887.4049 lsst_hardware_g -5.916256950547267 15.270000457763672 31.440000534057617 AB 5.104276253029831 1.121921696791977
60887.4239 lsst_hardware_y 47.45613559730779 48.63999938964844 30.020000457763672 AB 3.915249917026702 1.1274476628028514
60889.4023 lsst_hardware_i -7.790916360941544 32.279998779296875 31.239999771118164 AB 2.0853450595336667 1.1217563526270395
60889.4205 lsst_hardware_z 88.61290213419947 43.31999969482422 30.940000534057617 AB 1.3692818035289824 1.1289942038166683
60893.3364 lsst_hardware_z -16.256529870335193 51.47999954223633 30.950000762939453 AB 3.126350864045312 1.189933087050994
60893.3573 lsst_hardware_r 11.101214266993225 49.15999984741211 31.600000381469727 AB 3.0064083828235098 1.1471192557673169
60900.3519 lsst_hardware_y -56.51029816334933 57.75 30.030000686645508 AB 5.3013988607532685 1.1306836756903031
60900.374 lsst_hardware_r -100.37445172851842 89.80999755859375 31.639999389648438 AB 5.233158412133689 1.1218318079532505
60903.347 lsst_hardware_i -20.270267692562484 38.970001220703125 31.280000686645508 AB 6.098787762078173 1.1280125330600814
60903.3662 lsst_hardware_z 12.786186170919754 45.97999954223633 30.950000762939453 AB 6.083133654976442 1.1218664145158497
60905.3601 lsst_hardware_r 2.5256284618790925 25.049999237060547 31.5 AB 4.481278254457899 1.1218153173709693
60905.3789 lsst_hardware_g -11.386800876649966 16.90999984741211 31.459999084472656 AB 2.7763790470539464 1.1307544313279716
60907.2891 lsst_hardware_u -0.9612828956200428 2.690000057220459 28.34000015258789 AB 1.8676436255291977 1.2160457681145074
60907.3071 lsst_hardware_r 48.23447091661908 24.260000228881836 31.489999771118164 AB 2.7766616139251052 1.1688746006841109
60913.2901 lsst_hardware_g -6.169088374014648 14.640000343322754 31.389999389648438 AB 2.5966731497244147 1.1701997069510655
60913.3087 lsst_hardware_r 37.498930438023685 23.829999923706055 31.479999542236328 AB 3.1199045502212917 1.1388591167078999
60931.2353 lsst_hardware_g -19.85473782614472 36.349998474121094 31.6200008392334 AB 2.8488544330301764 1.1832428767950338
60931.255 lsst_hardware_r 17.193985717384773 46.279998779296875 31.59000015258789 AB 4.120032912048326 1.144983671713291
60933.2337 lsst_hardware_i 25.921353688173532 32.09000015258789 31.239999771118164 AB 1.052339112520934 1.1741580056041914
60933.2514 lsst_hardware_z 56.44730986098926 42.689998626708984 30.940000534057617 AB 2.726449938836875 1.1423672928087465
60935.2327 lsst_hardware_r -2.4399722755153794 24.31999969482422 31.479999542236328 AB 2.077938508019918 1.1646549320989732
60935.2508 lsst_hardware_u -3.6905475389626767 2.680000066757202 28.350000381469727 AB 2.268520374533312 1.136296051024742
60937.2201 lsst_hardware_u -2.5111665568994046 2.7699999809265137 28.40999984741211 AB 6.990984451621596 1.1803778340198554
60937.2392 lsst_hardware_g -12.059403812219074 14.970000267028809 31.43000030517578 AB 6.74972160336108 1.1441498932128953
60939.2199 lsst_hardware_r 1.5448369373125432 24.18000030517578 31.479999542236328 AB 3.7911065584572494 1.1685317656808536
60939.2396 lsst_hardware_z -17.901205373816477 42.880001068115234 30.940000534057617 AB 3.6928639739934437 1.1366155660184407
60942.2094 lsst_hardware_r -14.172728679592973 24.479999542236328 31.489999771118164 AB 4.551806570616044 1.1735493049026018
60942.2296 lsst_hardware_u -3.8990865437621114 2.680000066757202 28.34000015258789 AB 4.3808512849377905 1.1387708045067115
60946.2149 lsst_hardware_i -6.960079078838172 32.150001525878906 31.239999771118164 AB 4.284826901565323 1.1437642713554415
60946.2344 lsst_hardware_z 42.11120954755161 42.81999969482422 30.940000534057617 AB 4.2449342218802135 1.1249825676359448
60949.2088 lsst_hardware_r -11.051603326262331 37.16999816894531 31.579999923706055 AB 4.803269990393735 1.1409192376232429
60949.2285 lsst_hardware_z -40.20845054025449 45.4900016784668 30.950000762939453 AB 4.73287869915344 1.1238877664511275
60954.178 lsst_hardware_r 110.71365337667676 136.0500030517578 31.6299991607666 AB 5.544327731221181 1.1705537276935405
60954.1958 lsst_hardware_z -84.99349652745877 90.80999755859375 30.989999771118164 AB 5.391983194076577 1.1400746789463108
60956.1777 lsst_hardware_r -250.54580605854414 144.41000366210938 31.6299991607666 AB 4.765076799549642 1.1600917345221284
60956.1969 lsst_hardware_y 52.87121550357576 69.79000091552734 30.040000915527344 AB 4.696765012226472 1.132660372723426
60958.1765 lsst_hardware_g -12.970380925984427 71.20999908447266 31.68000030517578 AB 3.9556766475972176 1.1524745015823137
60958.1952 lsst_hardware_r -138.36348672691648 72.83999633789062 31.6200008392334 AB 3.916758278968353 1.1292911904763538
60960.172 lsst_hardware_i 21.91186463980593 32.470001220703125 31.229999542236328 AB 7.0357216155160955 1.1508813983941268
60960.1901 lsst_hardware_z 61.92177125498628 45.40999984741211 30.940000534057617 AB 6.941100770821054 1.1290014266138564
60962.1688 lsst_hardware_r 32.31231974136979 24.579999923706055 31.489999771118164 AB 9.398759309794478 1.1473094860590702
60962.1876 lsst_hardware_u -0.7514233011301783 2.7200000286102295 28.3700008392334 AB 9.109375017740529 1.1268400566230243
60966.1699 lsst_hardware_z -9.790235355302428 43.2400016784668 30.940000534057617 AB 6.592817608467533 1.1323649744025361
60966.1871 lsst_hardware_r 28.85056146198591 24.760000228881836 31.5 AB 6.538245614725254 1.122285043294279
60971.0828 lsst_hardware_g -1.2570197295551793 15.34000015258789 31.350000381469727 AB 5.9169881066039185 1.3516048441788404
60971.1013 lsst_hardware_r 22.90336012542071 25.200000762939453 31.469999313354492 AB 6.7194464221908 1.2628955811660443
60973.1441 lsst_hardware_i 28.715224856784598 32.22999954223633 31.239999771118164 AB 5.006780146222373 1.1398475005628623
60973.1623 lsst_hardware_z -23.452582780227537 42.869998931884766 30.940000534057617 AB 4.922611155685168 1.1241832654858983
60975.1434 lsst_hardware_r -1.7320307450417085 24.93000030517578 31.489999771118164 AB 4.061774732799506 1.1343099090899251
60975.1611 lsst_hardware_u 3.153148389384938 2.7200000286102295 28.350000381469727 AB 4.235115254380113 1.1226282980464184
60977.1367 lsst_hardware_g 5.875889294657776 24.280000686645508 31.56999969482422 AB 3.2347125063851547 1.1356509677186033
60977.1537 lsst_hardware_i 11.23028353593153 34.54999923706055 31.260000228881836 AB 3.21377169591528 1.1232381997723353
60980.1232 lsst_hardware_r 44.07648398922561 59.23119321929893 31.610000610351562 AB 6.202129777868464 1.1421970124986875
60980.1422 lsst_hardware_z -36.7841353816586 52.91379813662217 30.959999084472656 AB 5.177351309090508 1.1246554380559375
60992.0912 lsst_hardware_u 0.14198735000702614 2.715690956212343 28.350000381469727 AB 4.009597671779677 1.1411705064003066
60992.1103 lsst_hardware_g 604.5008195180121 29.102921396385913 31.420000076293945 AB 4.042848642095167 1.124236639518504
60996.0979 lsst_hardware_z 1326.2382600767044 56.077973052240004 30.940000534057617 AB 3.4873977674110677 1.1249670217455057
60996.1181 lsst_hardware_r 2804.9596163373467 56.78357249801119 31.489999771118164 AB 3.4817646939349762 1.123149901269347
61000.0645 lsst_hardware_g 1556.6996220130447 42.34224413343872 31.399999618530273 AB 4.423402434940414 1.1481404485915592
61000.0843 lsst_hardware_r 3597.314174398235 64.62535138486176 31.479999542236328 AB 3.728267140386193 1.1265348664106944
61010.0648 lsst_hardware_z 2417.7917944883584 83.39245852893836 30.979999542236328 AB 9.365547755623977 1.1228327245682743
61010.0842 lsst_hardware_r 4578.117791753287 111.09112614953894 31.6299991607666 AB 9.985014989821856 1.1250509838112304
61012.0752 lsst_hardware_z 4829.698674258287 127.48536453155374 31.729999542236328 AB 7.452136860279475 1.1234319570313862
61016.0383 lsst_hardware_y 714.8406367883384 56.84864577030378 30.020000457763672 AB 6.17647002709553 1.1281395504520062
61016.0585 lsst_hardware_r 3796.703780615324 64.59105573199614 31.489999771118164 AB 5.052730606540571 1.1219563909269514
61019.0335 lsst_hardware_z 2024.0632481801022 69.09851834830997 30.959999084472656 AB 8.102255723567822 1.1258605882815012
61019.0522 lsst_hardware_g 875.7350935878264 33.278582586140814 31.43000030517578 AB 8.128113405224639 1.1222800697583208
61021.034 lsst_hardware_y 579.6917739031842 65.45336198929637 30.030000686645508 AB 14.957403554672334 1.1230757460381307
61021.0524 lsst_hardware_i 2463.598510895707 59.24733786613958 31.25 AB 15.276679636486406 1.1241738606977223
61023.0345 lsst_hardware_y 515.3598171463213 67.40602548212779 30.040000915527344 AB 9.318679332331932 1.1218313802967257
61023.0524 lsst_hardware_r 2737.615498478495 57.20935436330653 31.5 AB 8.905854808142724 1.1273233934357878
61243.418 lsst_hardware_g 22.290490257024693 15.489999771118164 31.43000030517578 AB 5.633167862133836 1.126633572426767
61243.4385 lsst_hardware_y 24.21321465910584 60.84000015258789 30.030000686645508 AB 5.612351606300347 1.1224703212600695
61247.4148 lsst_hardware_y -25.072330006088 68.29000091552734 30.760000228881836 AB 7.520840139277759 1.1229324582721552
61250.4096 lsst_hardware_r 123.21410123766033 80.3499984741211 31.6299991607666 AB 5.274317598077039 1.1221952336334127
61250.4291 lsst_hardware_z 162.9074885912796 61.369998931884766 30.969999313354492 AB 5.165094724539577 1.1268478055136883
61254.4061 lsst_hardware_z 68.17004648997147 65.5 30.969999313354492 AB 2.126432740375658 1.1220294118594625
61254.4263 lsst_hardware_y 71.57440945063757 58.22999954223633 30.020000457763672 AB 1.3838642971950152 1.1336954919675166
61259.3658 lsst_hardware_z -24.53798928338421 44.43000030517578 30.950000762939453 AB 4.864845052177575 1.1337762793965993
61259.3872 lsst_hardware_r 45.748975138054846 29.68000030517578 31.540000915527344 AB 3.565224200670747 1.121904085803724
61262.3677 lsst_hardware_u -1.2123014343092215 2.7799999713897705 28.440000534057617 AB 5.7506168275860166 1.1256774045484268
61262.3886 lsst_hardware_g -23.224696920953672 15.050000190734863 31.43000030517578 AB 5.839785077402858 1.123035591808242
61265.3584 lsst_hardware_r -30.09731186547977 34.599998474121094 32.2599983215332 AB 5.2459700242584235 1.1263489048327766
61265.3803 lsst_hardware_i -2.283334686486678 45.54999923706055 32.0 AB 5.090473116959188 1.1230016987500737
61269.356 lsst_hardware_u 6.981216580690259 2.819999933242798 28.459999084472656 AB 5.010647826593391 1.1225826877099565
61269.3772 lsst_hardware_r -15.046124143634962 24.209999084472656 31.5 AB 4.296065632803591 1.1268368872927452
61273.328 lsst_hardware_g -2.572034633058226 14.979999542236328 31.40999984741211 AB 1.6142709525638943 1.1333519442296023
61273.3486 lsst_hardware_i -36.63138134096796 31.950000762939453 31.239999771118164 AB 2.1224414424711626 1.1219460512600306
61275.3208 lsst_hardware_z 57.722078747244524 46.599998474121094 30.950000762939453 AB 2.275937416685467 1.1351780622729792
61275.3399 lsst_hardware_r 9.414973054799638 34.22999954223633 31.56999969482422 AB 2.2570951515930817 1.1225140627094776
61277.3314 lsst_hardware_y 50.63634116075972 71.6500015258789 30.780000686645508 AB 2.6873152873822064 1.123459568303598
61279.2848 lsst_hardware_r 9.729069251456291 94.45999908447266 31.6200008392334 AB 3.061699235868805 1.1775766291803096
61279.3022 lsst_hardware_i -71.6774820572015 73.5 31.31999969482422 AB 3.4375781252296056 1.144905287337127
61285.2918 lsst_hardware_z -114.76349395909875 58.65999984741211 30.969999313354492 AB 2.986298247827642 1.1370959534803016
61285.3083 lsst_hardware_r -16.396916181130297 67.87000274658203 31.6299991607666 AB 3.0070871654345974 1.1239696615858952
61287.2768 lsst_hardware_r -1.616680623337369 32.18000030517578 31.549999237060547 AB 2.566257822408167 1.150358381355921
61287.2951 lsst_hardware_z 0.7228106099571459 45.470001220703125 30.950000762939453 AB 2.617643594178081 1.1286189684585002
61298.2328 lsst_hardware_u -0.6058621149922653 2.799999952316284 28.440000534057617 AB 1.1646248752771733 1.177875980052767
61298.252 lsst_hardware_g -6.0569617330723045 14.9399995803833 31.43000030517578 AB 2.7543184912149146 1.1425546838557443
61304.2379 lsst_hardware_z -28.971781538945155 66.86000061035156 31.700000762939453 AB 3.721797647249911 1.1395583733159556
61306.2224 lsst_hardware_r -44.60302537807916 63.040000915527344 31.610000610351562 AB 2.285155910267576 1.1546050915034967
61306.2418 lsst_hardware_i 84.45430607589623 53.43000030517578 31.299999237060547 AB 2.226205917528305 1.1297670223437226
61308.2177 lsst_hardware_z 56.101130298658866 73.69000244140625 30.979999542236328 AB 6.965804146503861 1.1532947441058283
61308.2361 lsst_hardware_r -20.608430829290263 105.83999633789062 31.639999389648438 AB 6.8710544860821985 1.1299682582053527
61310.219 lsst_hardware_z -431.4943084960779 139.50999450683594 31.739999771118164 AB 3.8503679113807987 1.1428815409264683
61312.2117 lsst_hardware_r -16.28458626353037 104.68000030517578 31.6299991607666 AB 5.298879499620202 1.1454972796873073
61312.23 lsst_hardware_z 31.58258335927543 76.33999633789062 30.979999542236328 AB 5.181855949087185 1.1264087998885266
61316.2126 lsst_hardware_g -5.211657301127243 15.220000267028809 31.440000534057617 AB 3.6726251949398705 1.1314310520454465
61316.2309 lsst_hardware_r -9.262306659658146 25.950000762939453 31.510000228881836 AB 3.6287832019734116 1.1219859942717514
61318.1763 lsst_hardware_r 23.97637495421023 24.549999237060547 31.479999542236328 AB 7.334831549487938 1.1824016468812544
61318.195 lsst_hardware_i 18.209631757588607 32.209999084472656 31.239999771118164 AB 7.005677938302289 1.1459669473776917
61320.1773 lsst_hardware_z 21.107838552632785 43.619998931884766 30.940000534057617 AB 5.2520719331065395 1.167775860612905
61320.1954 lsst_hardware_r 30.34495248839954 24.670000076293945 31.5 AB 5.143258516734946 1.1380988788645845
61324.1784 lsst_hardware_r 17.65803365415962 24.559999465942383 31.5 AB 4.418759694274585 1.1462907244432319
61324.1977 lsst_hardware_z 25.715163615823297 42.7400016784668 30.950000762939453 AB 4.3717880039974855 1.1261206381310398
61327.1744 lsst_hardware_r -11.059628499209815 24.610000610351562 31.5 AB 9.401923312639772 1.1404564911013795
61327.1922 lsst_hardware_u 2.266225785748835 2.75 28.399999618530273 AB 9.2872237191088 1.1246335334354802
61329.173 lsst_hardware_g 25.506322489754105 15.479999542236328 31.450000762939453 AB 8.62393103488509 1.1355869289113747
61329.1911 lsst_hardware_r 12.314551158760551 24.610000610351562 31.5 AB 8.532406164540864 1.1228943330937826
61331.1736 lsst_hardware_i -63.07692638867805 34.83000183105469 31.260000228881836 AB 6.5585803712307404 1.1297184344553453
61331.1914 lsst_hardware_z 47.20146856548826 44.04999923706055 30.950000762939453 AB 6.568856032157638 1.1218585959508265
61333.1412 lsst_hardware_z -19.83033121572925 47.36000061035156 30.950000762939453 AB 3.8839789809764165 1.1690515644556285
61333.1582 lsst_hardware_r -11.143444255363239 41.779998779296875 31.600000381469727 AB 3.8098607174619525 1.140221683198767
61336.1493 lsst_hardware_z -95.24022452436893 92.19000244140625 31.719999313354492 AB 5.463130979719979 1.1411438276845494
61338.1421 lsst_hardware_r -236.97717037463158 150.02000427246094 31.639999389648438 AB 5.016278049677329 1.143506707625766
61338.1581 lsst_hardware_z -285.73739120665846 101.08999633789062 30.989999771118164 AB 4.931288372783877 1.127001361216724
61341.1365 lsst_hardware_r 43.474394022433586 86.77999877929688 31.6299991607666 AB 3.27979097745075 1.1400368371638907
61341.1524 lsst_hardware_y 2.2299384878494033 55.66999816894531 30.030000686645508 AB 3.291698852312654 1.1254633224421418
61344.1351 lsst_hardware_g -9.381743310170735 15.319999694824219 31.459999084472656 AB 4.176362198189435 1.1324192511359639
61344.1509 lsst_hardware_r 30.898000416400482 24.489999771118164 31.520000457763672 AB 4.1207782095426 1.122674897028361
61351.1116 lsst_hardware_z -2.9613631000170484 60.630001068115234 31.700000762939453 AB 5.2128305016195045 1.137096742882172
61351.1237 lsst_hardware_r -27.68855470270739 34.16999816894531 32.25 AB 5.1379461148008785 1.1262897478647207
61357.0888 lsst_hardware_g 37.81312196825512 15.0600004196167 31.420000076293945 AB 3.9104988368830513 1.14554208677367
61357.1068 lsst_hardware_r 10.459831596971515 24.1200008392334 31.489999771118164 AB 3.9130223296083573 1.1266169523093235
61359.0934 lsst_hardware_i 18.8365619389752 32.59000015258789 31.25 AB 4.759220273283353 1.133147684115084
61359.112 lsst_hardware_r 10.620138330216957 25.440000534057617 31.510000228881836 AB 4.713260202222482 1.122204810052972
61361.0977 lsst_hardware_z 37.93137001789647 44.400001525878906 30.940000534057617 AB 3.489085620029302 1.125511490332033
61361.1184 lsst_hardware_g -40.57151284161452 26.790000915527344 31.600000381469727 AB 3.48151767738092 1.1230702185099741
61364.0986 lsst_hardware_r 20.451689169565952 70.75 31.6299991607666 AB 6.5023494806130975 1.1221588541915777
61364.1175 lsst_hardware_i -49.7636737559227 61.290000915527344 31.309999465942383 AB 6.533674042647109 1.126625021723263
61368.0675 lsst_hardware_i -81.64548973818876 94.6500015258789 31.31999969482422 AB 8.51034759287631 1.1345113214818485
61368.0866 lsst_hardware_z -37.0523951926888 80.7300033569336 30.979999542236328 AB 8.94377501038915 1.1223678169148936
61370.0671 lsst_hardware_g 25.417825041716124 47.66999816894531 31.670000076293945 AB 4.910901308449256 1.1297219481134704
61370.0872 lsst_hardware_r 1.9316653225848108 61.810001373291016 31.6200008392334 AB 3.9441893293347885 1.1218362633803618
61374.0666 lsst_hardware_u -4.04039640661984 2.7899999618530273 28.450000762939453 AB 5.589674842475429 1.123439823630947
61374.0869 lsst_hardware_g 5.949571169607208 15.029999732971191 31.43000030517578 AB 5.634141605431422 1.1247288272754168
61376.0652 lsst_hardware_r 35.204008504133476 24.170000076293945 31.489999771118164 AB 7.049563174906304 1.1222738477921363
61376.0842 lsst_hardware_i 73.53540589090734 32.060001373291016 31.239999771118164 AB 7.151521783096901 1.1262830253183895
61379.0371 lsst_hardware_y 24.825865638904325 52.25 30.030000686645508 AB 2.4821175113936946 1.134898462058462
61379.0568 lsst_hardware_z -4.2786812130732805 42.83000183105469 30.950000762939453 AB 1.6773000503350926 1.1223151892501813
61381.0371 lsst_hardware_y 21.54935203928807 51.779998779296875 30.020000457763672 AB 6.111149720632696 1.1296895424415367
61381.0568 lsst_hardware_u -3.3326432469939307 2.75 28.40999984741211 AB 5.095029356372632 1.1218207423067292
61383.0377 lsst_hardware_y 53.07990060902109 53.900001525878906 30.020000457763672 AB 5.551921948525894 1.1254656291355958
61383.0566 lsst_hardware_r 43.634868118232866 24.420000076293945 31.5 AB 6.044987353984074 1.122560325716677
61385.0334 lsst_hardware_y -111.09001410447347 63.97999954223633 30.040000915527344 AB 10.887051446515551 1.1248406505504898
61385.0515 lsst_hardware_r -42.12034853878773 24.350000381469727 31.5 AB 11.26621321072455 1.1226546081236584
61387.0344 lsst_hardware_z -48.22705428726957 53.27000045776367 30.969999313354492 AB 11.99210418148718 1.1224358088250825
61387.053 lsst_hardware_g 11.011997812316158 16.200000762939453 31.469999313354492 AB 12.68870748974286 1.1255839164145713
61389.035 lsst_hardware_y -56.13587045438846 62.290000915527344 30.040000915527344 AB 8.500309016869506 1.1218204696176208
61389.0535 lsst_hardware_i -0.32200367535384583 33.18000030517578 31.25 AB 8.675603425799272 1.1297791974348093
