data/validation/pwv_sim_epoch_fit_seasonal/6072808.ecsv
# %ECSV 0.9
# ---
# datatype:
# - {name: time, datatype: float64}
# - {name: band, datatype: string}
# - {name: flux, datatype: float64}
# - {name: fluxerr, datatype: float64}
# - {name: zp, datatype: float64}
# - {name: zpsys, datatype: string}
# - {name: pwv, datatype: float64}
# - {name: airmass, datatype: float64}
# meta: {SNID: '6072808', alt: 1024.0, c: 0.08126465976238251, dec: -25.117701, lat: -30.244573, lon: -70.7499537, ra: 243.28125, t0: 63035.05078125,
#   x0: 1.1223040100917483e-05, x1: -0.09825774282217026, z: 0.43862980604171753}
# schema: astropy-2.0
time band flux fluxerr zp zpsys pwv airmass
62917.2883 lsst_hardware_i -2.145580753622453 36.619998931884766 31.170000076293945 AB 4.534565904477017 1.6750228053230376
62917.3089 lsst_hardware_z -51.81895404264544 47.470001220703125 30.90999984741211 AB 5.360593582434934 1.4662455094187454
62919.3126 lsst_hardware_u 0.9125992326993753 2.7200000286102295 28.219999313354492 AB 15.537353879613313 1.3939847370907335
62919.3323 lsst_hardware_g 2.9636053919174854 17.09000015258789 31.420000076293945 AB 14.141388574963704 1.2697094118934864
62923.3185 lsst_hardware_r -24.45738051653038 26.760000228881836 31.489999771118164 AB 8.419001049732097 1.2856053725540209
62923.336 lsst_hardware_u -0.7731228937033677 2.9200000762939453 28.43000030517578 AB 8.018155791221348 1.1989765669116035
62925.3153 lsst_hardware_g 13.21934054102449 16.459999084472656 31.420000076293945 AB 6.649570014643191 1.2730713664180713
62925.3358 lsst_hardware_r -46.663220289708455 25.959999084472656 31.5 AB 5.635405321169746 1.1771696320789067
62929.3182 lsst_hardware_r -1.5214095071650966 25.93000030517578 31.489999771118164 AB 8.704957954370304 1.2051720828423513
62929.339 lsst_hardware_u -1.3321887596861568 2.819999933242798 28.399999618530273 AB 8.241242909544994 1.1267892820141958
62935.2931 lsst_hardware_r 102.9071550987322 91.93000030517578 31.610000610351562 AB 10.726308552168945 1.2463273425193548
62935.3114 lsst_hardware_z -55.68894923633583 64.5199966430664 30.969999313354492 AB 10.015724130618539 1.165884385839501
62937.2992 lsst_hardware_r 88.84161492507516 87.52999877929688 31.6200008392334 AB 8.881220057628402 1.1929106860481402
62937.3196 lsst_hardware_y -164.70779367187774 55.400001525878906 30.030000686645508 AB 8.421278535572506 1.1191811463316508
62939.3013 lsst_hardware_z 39.3326368866703 68.70999908447266 30.979999542236328 AB 12.301489502394938 1.1627849425667969
62939.3217 lsst_hardware_r -39.92402898348217 84.22000122070312 31.649999618530273 AB 11.578834983516423 1.097485227972237
62941.3094 lsst_hardware_i 58.037961705794956 44.58000183105469 31.290000915527344 AB 8.682765336226074 1.1169938254150367
62941.3302 lsst_hardware_z -16.728122451394142 48.349998474121094 30.959999084472656 AB 8.255642472305118 1.0642714687399841
62943.2452 lsst_hardware_z -87.78431353652259 46.560001373291016 30.920000076293945 AB 8.306936877451594 1.4079554029578971
62943.2625 lsst_hardware_r -4.516178148009373 26.43000030517578 31.489999771118164 AB 8.27893684218425 1.2935838815912888
62946.2452 lsst_hardware_u -2.9748065378416437 2.7300000190734863 28.309999465942383 AB 7.684112125207393 1.3499647976354336
62946.2635 lsst_hardware_g -1.1668040685022736 15.680000305175781 31.420000076293945 AB 5.634814842673509 1.2441631359402758
62950.2438 lsst_hardware_r -32.87157908553789 25.479999542236328 31.479999542236328 AB 9.096675757351642 1.291224380035743
62950.2616 lsst_hardware_u 6.519307247816363 2.9000000953674316 28.479999542236328 AB 7.885881808923296 1.2019634409638185
62952.2555 lsst_hardware_r -5.809436893978373 25.09000015258789 31.489999771118164 AB 8.355571214899483 1.2047684539356418
62952.2731 lsst_hardware_i -51.146272790337086 32.56999969482422 31.25 AB 7.979814668969423 1.1369281807970681
62954.2539 lsst_hardware_z 81.4986874433247 44.22999954223633 30.950000762939453 AB 9.407440754082437 1.1882582738515024
62954.2742 lsst_hardware_r -38.8112392636012 24.920000076293945 31.520000457763672 AB 8.842439454593707 1.1161173183456872
62960.2528 lsst_hardware_r -52.12726850916922 53.560001373291016 31.610000610351562 AB 7.33327677503033 1.1318386255818274
62960.2718 lsst_hardware_z 34.298650729003874 48.88999938964844 30.959999084472656 AB 6.910032083991764 1.0787514148841657
62962.253 lsst_hardware_y -108.44367301956186 75.55999755859375 30.780000686645508 AB 16.267346937929297 1.1142018450636506
62962.273 lsst_hardware_r -59.411489610600356 112.19999694824219 32.400001525878906 AB 15.534355566023464 1.0639969565769496
62965.2508 lsst_hardware_i 11.016141686253205 137.8800048828125 32.08000183105469 AB 5.533501390071011 1.0972638092546125
62965.2698 lsst_hardware_z 7.079734268183777 116.83000183105469 31.75 AB 5.5341909306545825 1.054131605838968
62968.2655 lsst_hardware_z -104.03894843764674 89.16000366210938 31.739999771118164 AB 6.111504550636915 1.0471180588772235
62968.2852 lsst_hardware_r -126.59155940525072 109.06999969482422 32.40999984741211 AB 5.971267210858073 1.020119110080819
62970.2465 lsst_hardware_r 12.676607345773363 38.560001373291016 31.610000610351562 AB 7.069602088369301 1.0741219414850611
62970.2651 lsst_hardware_i -28.99182421229473 38.90999984741211 31.299999237060547 AB 7.331180589158713 1.0388522869716186
62972.2299 lsst_hardware_z 48.590847646644235 42.81999969482422 30.950000762939453 AB 18.01958072856298 1.102143116505292
62972.2473 lsst_hardware_i -3.0833960039087893 31.93000030517578 31.260000228881836 AB 17.288900105537195 1.0607229473206523
62975.1548 lsst_hardware_r 10.85340979465764 25.350000381469727 31.450000762939453 AB 13.640162011311588 1.4314368780891582
62975.1732 lsst_hardware_u 1.4479099036244154 2.75 28.350000381469727 AB 11.765111131529666 1.30491472177574
62977.1457 lsst_hardware_g 21.861850344773757 15.140000343322754 31.329999923706055 AB 10.64874655512773 1.4611342693643976
62977.1624 lsst_hardware_r 10.139994707195662 25.06999969482422 31.469999313354492 AB 9.725027348598475 1.3379689548873186
62979.1577 lsst_hardware_i 6.318727997972414 33.72999954223633 31.209999084472656 AB 7.237034960636605 1.3330941672828194
62979.1764 lsst_hardware_z 15.375050988249518 44.349998474121094 30.93000030517578 AB 5.049171107055511 1.2295059513933875
62990.1681 lsst_hardware_y 228.57879679142374 73.7699966430664 30.770000457763672 AB 10.425784119702994 1.1411656110517447
62995.1551 lsst_hardware_r 254.50732413275813 129.33999633789062 31.639999389648438 AB 8.656061631078726 1.1389554777735167
62995.1747 lsst_hardware_i 64.88211679189925 103.7300033569336 31.329999923706055 AB 8.240265660242152 1.0824414125898851
62997.1473 lsst_hardware_z -47.04756370066514 56.66999816894531 30.959999084472656 AB 8.901336882896194 1.1470055902192118
62997.1656 lsst_hardware_r 34.20833139882624 63.54999923706055 31.6299991607666 AB 8.483843935460953 1.0915557188022713
63002.1573 lsst_hardware_i -10.63003895953098 32.16999816894531 31.260000228881836 AB 7.130633075679125 1.0783566087982794
63002.1759 lsst_hardware_z -12.866787165139034 41.970001220703125 30.950000762939453 AB 5.580410894185329 1.041736889490452
63013.0381 lsst_hardware_z 117.95512572293873 49.21362443057604 30.899999618530273 AB 9.079658266151279 1.545671067140704
63013.0587 lsst_hardware_u -1.2640463750198792 3.0790292239241936 28.309999465942383 AB 7.944267875356046 1.3743813633244317
63019.0423 lsst_hardware_i 1061.9375392126003 73.54640050196902 31.260000228881836 AB 14.50036350996353 1.3745071813795469
63019.0619 lsst_hardware_z 755.7159386993367 67.6125051721761 30.950000762939453 AB 13.396731226061366 1.2558650608769057
63020.0443 lsst_hardware_z 870.2497891940475 82.74833889960159 30.959999084472656 AB 12.019077548544093 1.342501192208438
63020.0645 lsst_hardware_r 1669.8646948389487 112.0809409520804 31.610000610351562 AB 10.976518526035948 1.2293110679847628
63022.0422 lsst_hardware_i 1445.867523331819 148.92690537785853 31.299999237060547 AB 12.555561463664652 1.3211513088509204
63022.0627 lsst_hardware_r 2296.499622935471 177.18240418236041 31.6299991607666 AB 11.526746568715643 1.212288966814676
63031.0439 lsst_hardware_u 12.52720953275634 4.702555602700799 29.100000381469727 AB 16.471588671869707 1.1873126700691778
63031.0637 lsst_hardware_g 2712.1082696342282 56.992056466722005 32.20000076293945 AB 15.50297465101128 1.116935715344925
63036.0684 lsst_hardware_i 3005.3880924786076 63.776933151804116 31.260000228881836 AB 4.03022210475602 1.0694499415565928
63040.0609 lsst_hardware_i 2930.296250328048 62.864527865915136 31.25 AB 3.1866698576771073 1.062223285892369
63043.9512 lsst_hardware_y 723.5424623722024 90.37500136516576 29.889999389648438 AB 12.012359199951645 1.5682272286104977
63043.9716 lsst_hardware_z 2104.5225157961286 64.9069598466026 30.920000076293945 AB 10.616993178205238 1.3919665909717558
63045.9516 lsst_hardware_y 603.3799963167658 94.31364726015794 29.889999389648438 AB 5.721670882299975 1.511403772730468
63045.9719 lsst_hardware_z 1907.7839292476024 67.95147005678743 30.93000030517578 AB 5.208900320373879 1.3517907405812752
63047.9525 lsst_hardware_y 437.1012093217156 95.19912101305843 29.93000030517578 AB 10.91613731646127 1.455679066070312
63047.9709 lsst_hardware_r 2814.142813500863 107.02050693983969 31.59000015258789 AB 10.356318886271128 1.3230685258729755
63050.9625 lsst_hardware_z 3140.9921427147906 153.92274189260928 31.709999084472656 AB 10.85981704568053 1.3243679324000646
63052.9552 lsst_hardware_y 424.48369946329086 76.43260675097905 29.959999084472656 AB 7.516035748349407 1.336005998906707
63052.9741 lsst_hardware_g 338.6197877407115 34.077887885356716 31.559999465942383 AB 8.019023482956484 1.230729546675677
63062.9605 lsst_hardware_y 565.1021026915081 66.98398710078855 30.020000457763672 AB 5.009936041371787 1.171366855593123
63062.9798 lsst_hardware_i 1349.3543047961111 48.61502426148769 31.25 AB 4.663827298798446 1.1067459180822132
63067.9641 lsst_hardware_y 299.48001334763075 60.76321343001353 30.030000686645508 AB 6.040354982267161 1.1126774497606213
63067.9834 lsst_hardware_i 1159.8194399406623 46.239065155847214 31.260000228881836 AB 5.838133579904932 1.0643816918695517
63070.9769 lsst_hardware_r 559.5181917283876 34.409288883253645 31.530000686645508 AB 5.877105573730131 1.060913215066514
63070.9988 lsst_hardware_i 999.4282353810302 44.787599630677555 31.270000457763672 AB 5.7093918316797065 1.0258849721513608
63073.9677 lsst_hardware_y 490.7731376967206 57.80969834148347 30.049999237060547 AB 4.607251693673092 1.062966629317794
63073.9878 lsst_hardware_z 700.1778486779492 52.78420462716777 30.959999084472656 AB 4.534511652483644 1.029401056182439
63075.9694 lsst_hardware_y 397.0569638660294 60.782294660048024 30.059999465942383 AB 4.635616302545259 1.0492567457096555
63075.988 lsst_hardware_r 531.5879494036359 77.32043857653058 31.65999984741211 AB 4.520114880354973 1.0225925864724785
