data/validation/pwv_sim_epoch_fit_seasonal/60767600.ecsv
# %ECSV 0.9
# ---
# datatype:
# - {name: time, datatype: float64}
# - {name: band, datatype: string}
# - {name: flux, datatype: float64}
# - {name: fluxerr, datatype: float64}
# - {name: zp, datatype: float64}
# - {name: zpsys, datatype: string}
# - {name: pwv, datatype: float64}
# - {name: airmass, datatype: float64}
# meta: {SNID: '60767600', alt: 1024.0, c: -0.08868172019720078, dec: -53.379799, lat: -30.244573, lon: -70.7499537, ra: 177.487305, t0: 62171.1484375,
#   x0: 3.2093764208050287e-06, x1: -0.465681254863739, z: 0.7349348068237305}
# schema: astropy-2.0
time band flux fluxerr zp zpsys pwv airmass
62149.3567 lsst_hardware_z 244.49715362166356 66.49002401462464 31.700000762939453 AB 4.536592312685779 1.0934182484178787
62151.3553 lsst_hardware_g 119.01424444397998 18.348422282923057 31.43000030517578 AB 5.837063337073237 1.0916860453988162
62151.3672 lsst_hardware_y 70.0209820040714 62.792967741415815 30.040000915527344 AB 5.872535126581319 1.0889180653775854
62153.3566 lsst_hardware_i 423.9128852980526 37.57198066009553 31.25 AB 2.506294778279775 1.0896933818607717
62153.3687 lsst_hardware_y 220.20012973709157 63.63696704686667 30.049999237060547 AB 2.5044448246484556 1.0888890541949807
62155.3534 lsst_hardware_i 486.1808548270053 38.42496261591351 31.239999771118164 AB 6.704308657011664 1.0892754188326244
62155.3655 lsst_hardware_y 42.10237583995039 54.948618372611605 30.030000686645508 AB 6.739368155849811 1.0891321392813549
62157.359 lsst_hardware_g 244.11838290026128 20.517421946375627 31.43000030517578 AB 12.276371770046557 1.089006632666243
62157.372 lsst_hardware_y 149.6371680611779 64.70549528425097 30.049999237060547 AB 12.337696847007193 1.0924761080584882
62159.3558 lsst_hardware_i 814.4168100957477 41.39329853042347 31.25 AB 10.169042022412913 1.0893165177593505
62159.3683 lsst_hardware_y 304.1342409019102 56.1628664757714 30.040000915527344 AB 10.205890674192078 1.0932637769949538
62161.3506 lsst_hardware_u 8.223895241324279 3.574674596112123 28.510000228881836 AB 10.618550206274163 1.089361395873215
62161.3634 lsst_hardware_z 557.0786410856829 48.79088848645826 30.959999084472656 AB 10.624568625224326 1.0935313792151293
62164.3446 lsst_hardware_r 958.9422263661783 37.681931233863494 31.489999771118164 AB 12.873289932702091 1.089794634199583
62164.3556 lsst_hardware_i 1093.5962122178419 44.22426406227472 31.25 AB 12.931551646111034 1.0937237526753576
62166.3394 lsst_hardware_z 699.2313697748338 63.70081522399103 30.979999542236328 AB 12.346241775454699 1.0898550927280886
62166.3499 lsst_hardware_r 1154.0335233033995 86.0147206540289 31.639999389648438 AB 12.420197830698381 1.0936080564139896
62168.3434 lsst_hardware_z 1435.1012467110952 89.81569557303374 31.729999542236328 AB 12.885304280049176 1.093117462889108
62170.3473 lsst_hardware_r 1091.1112759199239 71.39140627422806 31.639999389648438 AB 11.732821385773862 1.0985102102653264
62170.3592 lsst_hardware_z 721.2553232152164 60.06672505138726 30.969999313354492 AB 11.860708123396858 1.10854646302544
62172.3423 lsst_hardware_r 1024.7956479989607 51.955098554112105 31.610000610351562 AB 7.573705237033543 1.0988328236537603
62172.3531 lsst_hardware_y 307.3526261805522 51.84465132586082 30.030000686645508 AB 7.621997985958098 1.1079156420749565
62174.3463 lsst_hardware_g 161.59907793774428 23.882159175311013 31.540000915527344 AB 5.278615422942556 1.1066279712667921
62174.3571 lsst_hardware_r 861.5944857807428 39.2107326490497 31.520000457763672 AB 5.32591079227017 1.118360185263304
62176.2888 lsst_hardware_g 109.1966324323974 17.40257860195385 31.3799991607666 AB 5.771452908991805 1.091080643202184
62176.3013 lsst_hardware_r 763.058855047991 35.25893798063733 31.479999542236328 AB 5.913243914752015 1.0887946814126261
62178.2919 lsst_hardware_z 638.1754696782074 48.47192101669177 30.940000534057617 AB 4.0623747253498195 1.0891085054557383
62178.3029 lsst_hardware_r 696.9688300897604 34.1746681460185 31.479999542236328 AB 4.133419904140087 1.089175205307028
62180.2883 lsst_hardware_u 0.07001831749116669 2.714139790898378 28.459999084472656 AB 5.775156195062192 1.0889158955540486
62180.2992 lsst_hardware_g 98.64228331556528 15.866170903176286 31.399999618530273 AB 6.209915706431848 1.0894588958652365
62184.3268 lsst_hardware_u -3.489135689662058 2.533150854567415 28.31999969482422 AB 5.496895616992023 1.1148005307403182
62184.3387 lsst_hardware_g 33.98318942406295 14.987413586813846 31.360000610351562 AB 4.543354998243556 1.1303987057893108
62186.274 lsst_hardware_u -1.7701772616194138 2.67820809898068 28.43000030517578 AB 2.741149984987142 1.08880208599006
62186.2855 lsst_hardware_g 43.58115440456298 15.077177526671727 31.389999389648438 AB 2.7313603312393235 1.0900370472869694
62188.2714 lsst_hardware_r 382.49150316770334 29.61008303003643 31.489999771118164 AB 5.748927980139329 1.0888121174506304
62188.2823 lsst_hardware_i 632.4970427192478 39.56743761637917 31.25 AB 5.680510678039124 1.090658050183512
62190.2664 lsst_hardware_z 432.87068652536226 46.31477772540672 30.950000762939453 AB 11.590271373185084 1.0888336606612155
62190.279 lsst_hardware_r 321.0072692669493 28.683781103720158 31.489999771118164 AB 11.638529963017854 1.09136797340169
62192.2731 lsst_hardware_z 448.32817286516735 50.04796114790949 30.950000762939453 AB 9.654537132075257 1.0912164037383731
62192.2836 lsst_hardware_g 35.54192092265628 29.075147922688867 31.6200008392334 AB 9.650167117296109 1.0961739214285349
62194.267 lsst_hardware_r 387.2063333281945 76.71610644953668 31.639999389648438 AB 6.537292321385393 1.0910033914194581
62194.2795 lsst_hardware_z 463.80171006250276 60.20754065650097 30.969999313354492 AB 6.573326714219287 1.0970171418924044
62196.2718 lsst_hardware_r 331.0223065410527 98.62936120563043 31.639999389648438 AB 4.2565387674032 1.0956576762444155
62196.2828 lsst_hardware_y 132.36275033988932 57.48328917332663 30.040000915527344 AB 4.275245113196061 1.1035501163361814
62199.2591 lsst_hardware_z 646.7208792312887 82.40622668429968 31.719999313354492 AB 6.284085215639054 1.0932963520698908
62204.2471 lsst_hardware_u -0.6447667739156624 2.950467165337243 28.450000762939453 AB 9.657871479114705 1.0941077521040834
62204.259 lsst_hardware_g 29.66533331327394 16.426023404448635 31.420000076293945 AB 8.524239774447873 1.1019280321168434
62206.2478 lsst_hardware_r 129.04439060570184 24.265291653151646 31.479999542236328 AB 9.478320871935022 1.0977160687469987
62206.2595 lsst_hardware_z 269.0277719196444 44.13957942162832 30.940000534057617 AB 9.724832832252648 1.1071915938048393
62211.2456 lsst_hardware_g 21.330720955552916 13.806081186078085 31.360000610351562 AB 9.190329798222207 1.1069574575286714
62211.2569 lsst_hardware_r 61.83779821983482 23.81680498486099 31.469999313354492 AB 8.402234502386026 1.1194024117220924
62213.2076 lsst_hardware_r 52.01682509524776 23.702063727925513 31.489999771118164 AB 7.473628520709309 1.0892385135118585
62213.2201 lsst_hardware_i 149.23847310851892 32.81233428621534 31.25 AB 6.448409764114813 1.0929508074770868
62216.2113 lsst_hardware_z 194.12062286447244 43.21754925641212 30.950000762939453 AB 6.218099507694761 1.0926838403868488
62216.2225 lsst_hardware_r 63.65994988966202 23.63106447869407 31.5 AB 6.264134313610774 1.0990994818594175
62218.1951 lsst_hardware_u 1.274781204777854 3.1771160057260346 28.530000686645508 AB 7.453850414213305 1.0894256670876044
62218.208 lsst_hardware_g 27.83800918743123 15.220369228978136 31.420000076293945 AB 7.525349965020949 1.0936816429925442
62220.1901 lsst_hardware_r 35.983505542011926 37.49538898221259 31.59000015258789 AB 7.5230636753977045 1.089509583692664
62220.2018 lsst_hardware_z 146.26409864572463 45.90689652095844 30.959999084472656 AB 7.569029067029194 1.0933295071242892
62222.1908 lsst_hardware_r -61.93992012135012 60.2874100042455 31.6299991607666 AB 7.399521448405406 1.0911066279290351
62222.2011 lsst_hardware_y 124.23682174284689 51.423235212246716 30.040000915527344 AB 7.442615157139116 1.0958451765112642
62224.1907 lsst_hardware_z 103.54625662937335 68.28561900926057 30.989999771118164 AB 7.184102494679709 1.0932488325068124
62224.2017 lsst_hardware_r -220.56377336797928 98.73574015283864 31.639999389648438 AB 7.203729352633628 1.0998619806555492
62226.1941 lsst_hardware_i 143.23730912605907 82.09858567305031 31.31999969482422 AB 5.214373409568108 1.0983408972234034
62226.2059 lsst_hardware_z 8.583654342688913 71.89716325941244 30.979999542236328 AB 5.149273204146709 1.108184839214529
62228.198 lsst_hardware_r 131.55170169432432 67.89603177119928 31.639999389648438 AB 9.06804594290855 1.1058592613303109
62228.2092 lsst_hardware_z 61.939919655689444 56.34503774449275 30.969999313354492 AB 9.557067206370885 1.117829218258515
62232.1811 lsst_hardware_z 64.66073210439512 42.7016890850665 30.940000534057617 AB 15.002873768484205 1.1008051778181969
62232.1936 lsst_hardware_r 58.38285789977692 25.809970088158916 31.510000228881836 AB 15.161314270663432 1.1124304256118154
62234.1816 lsst_hardware_u 5.042646598867884 3.0113843432251945 28.399999618530273 AB 9.261473933830704 1.1058476338902332
62234.1934 lsst_hardware_g 43.0348385839699 14.925675181829213 31.389999389648438 AB 9.52909131177468 1.1185473514750675
62236.1387 lsst_hardware_g 27.511778516991797 14.740943833721028 31.389999389648438 AB 5.2919308673966485 1.0888186548833185
62236.1506 lsst_hardware_r 54.7015166126438 23.210540797363027 31.489999771118164 AB 5.315390663623217 1.0905043162790617
62242.132 lsst_hardware_r 44.59426217474961 23.189788147371033 31.489999771118164 AB 18.201890016632017 1.0899335339300609
62242.1444 lsst_hardware_u 0.020177321783642645 2.864514104923845 28.479999542236328 AB 18.281230261787602 1.094684446813629
62244.1388 lsst_hardware_g 4.481717098577038 14.378587365650388 31.420000076293945 AB 12.852198833385984 1.094611529075572
62244.1504 lsst_hardware_i 85.1371657102778 31.733488211954448 31.25 AB 12.971503801350789 1.1024565528939987
62246.1147 lsst_hardware_r 40.75809356457384 23.032157561132077 31.479999542236328 AB 7.410298102376574 1.088949023126609
62246.1274 lsst_hardware_z 16.63350266479149 42.40496736322905 30.940000534057617 AB 7.077348989225599 1.0918886086667334
62248.106 lsst_hardware_r 41.53289538513694 32.02100470605703 31.559999465942383 AB 9.905408862260954 1.0888255381350895
62248.117 lsst_hardware_y -19.890340925686793 48.533475456813534 30.030000686645508 AB 10.013144090081399 1.0902813686935813
62250.1078 lsst_hardware_z 59.92084787584214 49.03755444545042 30.950000762939453 AB 9.974542037159463 1.0894590177663113
62250.1193 lsst_hardware_r -23.337611954383505 49.72502602365027 31.610000610351562 AB 9.940992337333276 1.0930773915370031
62252.1092 lsst_hardware_i 20.623563045809156 63.96045985856831 31.31999969482422 AB 10.694063162068206 1.091230934904919
62252.12 lsst_hardware_z -15.848874942527168 59.99541388683702 30.969999313354492 AB 10.744225186409599 1.0963495088173059
62254.1093 lsst_hardware_r 73.53241595308384 110.09044780172498 31.649999618530273 AB 2.5480585720140123 1.0935091504244385
62254.1211 lsst_hardware_z 24.4018495978707 74.50262456388256 30.979999542236328 AB 2.535859240227278 1.100872255362445
62257.1045 lsst_hardware_g -16.12942198343689 66.08069817586454 31.709999084472656 AB 10.724909982438085 1.0952726697751545
62257.1165 lsst_hardware_i 46.73567289856741 53.996870301122826 31.309999465942383 AB 10.786054797267564 1.1038091213304688
62259.0895 lsst_hardware_r -38.11216851251064 22.229999542236328 31.479999542236328 AB 14.355885571636037 1.0910385751357377
62259.1015 lsst_hardware_z 31.846894375230452 44.349998474121094 30.950000762939453 AB 14.475198400255277 1.096730567886902
62261.0903 lsst_hardware_r -28.011537380765315 22.18000030517578 31.479999542236328 AB 10.114223881812576 1.0935675362816113
62261.1021 lsst_hardware_u 0.18837252103284932 2.609999895095825 28.3799991607666 AB 10.211993148058967 1.1009641688382261
62264.0891 lsst_hardware_g -2.1700158811708756 13.350000381469727 31.389999389648438 AB 11.382872712484202 1.0975322407100534
62264.0999 lsst_hardware_r 4.290739558386368 22.34000015258789 31.479999542236328 AB 11.452547265163853 1.1060632197627682
62270.0805 lsst_hardware_g -11.45114460393568 13.289999961853027 31.389999389648438 AB 7.046028005133783 1.1033842628422814
62270.0924 lsst_hardware_i 2.6705926337675536 30.770000457763672 31.239999771118164 AB 6.870084487550288 1.1153338093322618
62277.0244 lsst_hardware_i 15.70415567274784 34.619998931884766 31.260000228881836 AB 7.21220895180655 1.0889092529149722
62277.0374 lsst_hardware_r -0.49021857943032066 31.25 31.559999465942383 AB 7.257458477339819 1.0901859138521355
62280.0217 lsst_hardware_r 79.98784612319953 65.2699966430664 31.6299991607666 AB 8.193446041581595 1.088950631287878
62280.0338 lsst_hardware_i -11.19070341647627 56.0099983215332 31.309999465942383 AB 8.132542217666574 1.0916164050559158
62282.0191 lsst_hardware_z -30.405280715569972 65.25 30.979999542236328 AB 6.200618744226992 1.0892610881382407
62282.0323 lsst_hardware_r -13.009106418798352 91.31999969482422 31.639999389648438 AB 6.208827913366501 1.0932639025736952
62283.0231 lsst_hardware_z 96.31663917602266 96.02999877929688 31.739999771118164 AB 6.404197718133189 1.090772445072717
62285.0168 lsst_hardware_r 19.747056722531376 76.61000061035156 31.639999389648438 AB 10.2831038939414 1.0905248310028526
62285.0278 lsst_hardware_z 170.15586034610453 58.72999954223633 30.969999313354492 AB 10.350417103984247 1.0951470298888228
62287.994 lsst_hardware_i -30.778513338738396 30.100000381469727 31.229999542236328 AB 7.4760819555544815 1.0889348125489176
62288.0063 lsst_hardware_r 20.919083951594253 21.8700008392334 31.469999313354492 AB 7.41152876294019 1.0899307004323808
62290.9984 lsst_hardware_u 1.9920170968281081 2.549999952316284 28.350000381469727 AB 11.771991392104876 1.0899992029726737
62291.0108 lsst_hardware_g 4.4836107070686335 13.050000190734863 31.3799991607666 AB 12.285147287678962 1.0948109424243002
62301.9898 lsst_hardware_r 2.5889233502270637 22.079999923706055 31.469999313354492 AB 14.289417070373448 1.100709988474289
62302.0017 lsst_hardware_i -15.235917222232779 30.520000457763672 31.229999542236328 AB 14.729550454439051 1.1116362195496252
62303.9897 lsst_hardware_z -31.12546404878189 41.93000030517578 30.950000762939453 AB 8.042959197874403 1.1051816142733635
62304.0025 lsst_hardware_r 6.241022261608558 23.559999465942383 31.5 AB 6.715471704449517 1.1188723266327087
62517.3489 lsst_hardware_z 0.5375905330211788 42.22999954223633 30.940000534057617 AB 4.931471842791813 1.0936143944689118
62517.3621 lsst_hardware_y 7.997512915833298 52.68000030517578 30.030000686645508 AB 4.84942200265915 1.089349757242789
62521.3544 lsst_hardware_r 14.36905361336972 78.66999816894531 31.639999389648438 AB 10.502963720893664 1.0889542478894416
62521.3668 lsst_hardware_z -93.70427823123796 63.66999816894531 30.979999542236328 AB 10.606369565656708 1.0897608143286028
62523.3632 lsst_hardware_z -100.72102678801117 56.869998931884766 30.969999313354492 AB 9.731887703411614 1.090203999635356
62523.3743 lsst_hardware_y 86.9815007819746 70.9000015258789 30.049999237060547 AB 9.777103962132 1.0945948868843334
62525.3527 lsst_hardware_z 1.3525080957313633 52.099998474121094 30.959999084472656 AB 7.735240132953323 1.0892019759852605
62525.3669 lsst_hardware_y -37.65729676014058 54.93000030517578 30.030000686645508 AB 7.715424784083018 1.0936108836403995
62527.3557 lsst_hardware_i -0.40036405258729746 40.13999938964844 31.270000457763672 AB 15.262423681999937 1.0912383766533953
62527.3682 lsst_hardware_y -67.85080308485617 51.040000915527344 30.030000686645508 AB 15.349276856033471 1.0974482368049863
62529.338 lsst_hardware_r -3.7884514409505106 25.700000762939453 31.520000457763672 AB 12.855847526942117 1.0888557415835967
62529.3511 lsst_hardware_z -19.040509372200052 42.220001220703125 30.940000534057617 AB 12.882495036725116 1.091544151390654
62531.3418 lsst_hardware_g 31.244813391623904 13.729999542236328 31.399999618530273 AB 12.40109967238476 1.0903263806910437
62531.3534 lsst_hardware_r -16.330848273516082 22.469999313354492 31.479999542236328 AB 12.49841244983626 1.0951111635065176
62533.339 lsst_hardware_i 22.073521588431188 30.420000076293945 31.25 AB 12.840107721051444 1.0911345540932642
62533.3518 lsst_hardware_z 36.348890479668505 41.68000030517578 30.950000762939453 AB 12.90772369772386 1.0974400196449363
62535.3469 lsst_hardware_r 42.306059402451844 22.139999389648438 31.479999542236328 AB 11.660206573932976 1.0978100590572044
