data/validation/pwv_sim_epoch_fit_seasonal/60794217.ecsv
# %ECSV 0.9
# ---
# datatype:
# - {name: time, datatype: float64}
# - {name: band, datatype: string}
# - {name: flux, datatype: float64}
# - {name: fluxerr, datatype: float64}
# - {name: zp, datatype: float64}
# - {name: zpsys, datatype: string}
# - {name: pwv, datatype: float64}
# - {name: airmass, datatype: float64}
# meta: {SNID: '60794217', alt: 1024.0, c: -0.07036945223808289, dec: -2.089372, lat: -30.244573, lon: -70.7499537, ra: 124.980469, t0: 61150.8046875,
#   x0: 1.68265888760944e-05, x1: 0.37498992681503296, z: 0.3692157566547394}
# schema: astropy-2.0
time band flux fluxerr zp zpsys pwv airmass
61010.3385 lsst_hardware_r 43.37608572819319 24.40999984741211 31.5 AB 8.237232348625573 1.1357522311736057
61012.3354 lsst_hardware_g -13.759173218432457 15.119999885559082 31.440000534057617 AB 6.874884518369121 1.1347878596856629
61012.3539 lsst_hardware_y -65.37806294419731 73.54000091552734 30.040000915527344 AB 6.87588847201916 1.1357570233800218
61014.3343 lsst_hardware_z 21.169324510412014 67.48999786376953 30.969999313354492 AB 4.61379008388869 1.1336557804714418
61014.3551 lsst_hardware_y 56.77947185554001 79.63999938964844 30.030000686645508 AB 4.631458684383001 1.1398175597333062
61016.3408 lsst_hardware_y -156.03758227465883 87.29000091552734 30.780000686645508 AB 4.895480144122294 1.134854858098556
61019.3342 lsst_hardware_r -12.668856288127296 58.09000015258789 31.610000610351562 AB 10.19347229556836 1.135488810007228
61019.3532 lsst_hardware_z 113.31015844024269 72.31999969482422 30.969999313354492 AB 10.498167611204613 1.1519148104902468
61021.3354 lsst_hardware_z -56.550284609250674 45.5 30.950000762939453 AB 13.255859169182454 1.1393741944115796
61021.3538 lsst_hardware_y -104.07103295532761 72.68000030517578 30.030000686645508 AB 13.486620417201577 1.1607051825005867
61023.2974 lsst_hardware_r -15.604831780766279 24.809999465942383 31.489999771118164 AB 8.224737526504933 1.1390288553728702
61023.3178 lsst_hardware_u -5.556767743377461 3.140000104904175 28.479999542236328 AB 8.223417092060219 1.1337692169479974
61025.3006 lsst_hardware_g -9.784486394815422 14.430000305175781 31.40999984741211 AB 12.011074909226958 1.1345446301957498
61025.3183 lsst_hardware_i -8.124874496084738 31.6200008392334 31.239999771118164 AB 12.011862934253015 1.1356996862770734
61027.2706 lsst_hardware_z 44.835808706526734 42.84000015258789 30.940000534057617 AB 6.237709296964745 1.156130476392823
61027.294 lsst_hardware_r -31.955108221024183 23.389999389648438 31.489999771118164 AB 7.9250187839565935 1.1349423628164539
61029.2677 lsst_hardware_u 1.794384929011553 2.6500000953674316 28.34000015258789 AB 4.94615907179783 1.1525702247038738
61031.2643 lsst_hardware_r 11.907559094584263 23.350000381469727 31.479999542236328 AB 5.342875934415167 1.1499329425698503
61031.2891 lsst_hardware_i -31.56277993917981 31.299999237060547 31.239999771118164 AB 5.238379141120371 1.1334802858639774
61033.2663 lsst_hardware_z 24.4355480719494 42.45000076293945 30.940000534057617 AB 6.336483790710839 1.1420517496024343
61033.2912 lsst_hardware_r 52.02557377013832 23.209999084472656 31.479999542236328 AB 6.346582121207526 1.133908813436914
61035.2842 lsst_hardware_u 2.4709016456862947 2.690000057220459 28.389999389648438 AB 9.068930560582132 1.1336163200727665
61035.305 lsst_hardware_r 22.426051743413165 23.469999313354492 31.479999542236328 AB 9.745974720438252 1.1464953400248625
61039.2499 lsst_hardware_z -45.887998316750846 42.70000076293945 30.940000534057617 AB 10.265546636894799 1.1420650236201255
61039.2703 lsst_hardware_r 12.632543362533882 23.3799991607666 31.479999542236328 AB 9.860112695309294 1.1333462868171602
61041.2522 lsst_hardware_y -25.921146796703322 73.75 30.760000228881836 AB 8.036000301976484 1.1365613648320099
61041.2738 lsst_hardware_g -91.89748135641196 70.86000061035156 32.40999984741211 AB 8.028705687279222 1.1353321540679473
61044.2475 lsst_hardware_r -174.00820778545756 128.52999877929688 31.639999389648438 AB 2.9516648433136554 1.134964692379001
61044.2671 lsst_hardware_i 77.43960601382236 101.45999908447266 31.31999969482422 AB 3.058978905438154 1.1360055353962135
61047.2549 lsst_hardware_z -35.15311779829024 59.47999954223633 30.969999313354492 AB 10.775969199536727 1.13441205714923
61047.2761 lsst_hardware_r 12.245468895476673 73.83000183105469 31.6200008392334 AB 11.026144060738538 1.151054621390717
61050.2078 lsst_hardware_r -27.21089404245594 33.61000061035156 31.549999237060547 AB 8.906394024891663 1.1561240134427324
61050.2303 lsst_hardware_z -56.87740184577512 45.70000076293945 30.950000762939453 AB 8.07633936216036 1.1352873164797208
61055.1916 lsst_hardware_g -4.848795137805828 14.760000228881836 31.40999984741211 AB 7.0474566442888165 1.1599796962042328
61055.211 lsst_hardware_i -21.092821969183323 31.989999771118164 31.239999771118164 AB 6.147051315721967 1.1383428362448087
61057.1968 lsst_hardware_z 32.261690730158286 42.4900016784668 30.93000030517578 AB 3.5177636218548085 1.1459135529143243
61057.2169 lsst_hardware_r -7.157469160513599 23.59000015258789 31.479999542236328 AB 3.718310365784625 1.1336312090806784
61059.1945 lsst_hardware_u -3.1190665474494845 2.5799999237060547 28.270000457763672 AB 6.628072093292414 1.1427710505676576
61059.2137 lsst_hardware_g -6.044527351208755 14.649999618530273 31.399999618530273 AB 6.754721174377085 1.1333741728309634
61063.1586 lsst_hardware_i -29.210531637444877 31.790000915527344 31.229999542236328 AB 8.98998942457599 1.1807183378744406
61063.1775 lsst_hardware_z -31.272705475107646 42.61000061035156 30.940000534057617 AB 9.889070043745857 1.1492237122307793
61065.1606 lsst_hardware_r 0.7111415293985034 24.110000610351562 31.479999542236328 AB 9.123612848767063 1.1661431984364345
61065.182 lsst_hardware_u -3.6008882741755643 2.630000114440918 28.31999969482422 AB 8.850780524589286 1.1395365681201575
61067.1769 lsst_hardware_i -47.19069021428901 35.25 31.25 AB 12.381584542226756 1.1392698327407598
61067.1946 lsst_hardware_z -7.856443873071422 42.91999816894531 30.940000534057617 AB 12.411448299965018 1.13336209478267
61071.15 lsst_hardware_y -267.56458784924985 86.05000305175781 30.780000686645508 AB 10.52679267796265 1.1567904041717199
61072.141 lsst_hardware_r -142.16084541007717 138.75 31.6200008392334 AB 9.764319935103284 1.1670036972754014
61072.1587 lsst_hardware_i 51.46182849551974 109.52999877929688 31.31999969482422 AB 9.62275298402724 1.1430484034005155
61078.1389 lsst_hardware_i 44.23655184173707 41.369998931884766 31.260000228881836 AB 5.610265924957916 1.1465121100050235
61078.1578 lsst_hardware_z -28.46616226667283 48.09000015258789 30.950000762939453 AB 5.5523360969993245 1.1339783709577216
61080.1361 lsst_hardware_r 14.729523168324587 23.770000457763672 31.479999542236328 AB 6.405092975901106 1.1437666028394833
61080.1555 lsst_hardware_z -63.95551544206665 43.84000015258789 30.940000534057617 AB 6.347245029901917 1.1334366124824853
61086.1225 lsst_hardware_r -4.707948814702666 24.0 31.489999771118164 AB 1.7111032457940163 1.1412427161809802
61086.1392 lsst_hardware_g 5.993514187719993 14.739999771118164 31.420000076293945 AB 3.345495613592142 1.1334259560447686
61088.1228 lsst_hardware_r 9.048861322752325 23.81999969482422 31.479999542236328 AB 2.6373112576685234 1.1371397036406456
61088.1401 lsst_hardware_i 30.126511128950902 31.81999969482422 31.239999771118164 AB 3.503113845200544 1.1336938010357749
61090.1236 lsst_hardware_z 23.304829782414256 42.75 30.940000534057617 AB 3.8412444631694016 1.134365289972507
61090.1414 lsst_hardware_i -12.53051054384991 31.729999542236328 31.25 AB 3.533517372324504 1.1359357176353957
61092.0961 lsst_hardware_r 33.43466060848037 23.889999389648438 31.489999771118164 AB 5.2951623405935 1.1519987687574242
61092.1139 lsst_hardware_u -2.4731061009994257 2.759999990463257 28.43000030517578 AB 5.1652517402089435 1.1360524355298263
61094.0921 lsst_hardware_g 8.395990563107079 15.619999885559082 31.420000076293945 AB 7.575662865747937 1.1501366934752248
61094.1106 lsst_hardware_r -23.416459750715358 23.459999084472656 31.469999313354492 AB 7.464647294006982 1.1350917763173514
61097.0652 lsst_hardware_r 21.624331503949893 50.279998779296875 31.59000015258789 AB 7.638807585635003 1.1819290709631753
61097.0784 lsst_hardware_z 32.8249037525092 50.63999938964844 30.950000762939453 AB 7.420393224194257 1.1576878502565278
61103.0919 lsst_hardware_z -59.772820134267675 102.62000274658203 31.729999542236328 AB 5.112199086015849 1.133525296234113
61105.0844 lsst_hardware_r 6.249367641623458 65.58000183105469 31.6200008392334 AB 8.099036199201159 1.1338953050962983
61105.1029 lsst_hardware_i 39.464581848231674 55.7599983215332 31.299999237060547 AB 8.218527182832295 1.137250071425133
61107.0501 lsst_hardware_i 56.83672103559382 31.649999618530273 31.229999542236328 AB 10.873359931500486 1.1592068157249666
61107.0686 lsst_hardware_z 11.20094298064623 46.130001068115234 30.940000534057617 AB 10.502708537563809 1.138607845792445
61109.0487 lsst_hardware_r -9.656207541634073 23.170000076293945 31.469999313354492 AB 11.665072374814166 1.1533019303785819
61109.0674 lsst_hardware_g 9.318977974883463 14.09000015258789 31.389999389648438 AB 11.42961774811248 1.136088439750756
61111.0491 lsst_hardware_r -1.5772675337173636 23.31999969482422 31.469999313354492 AB 8.861426449587785 1.146170533274252
61111.0659 lsst_hardware_i 4.515071372959926 31.3700008392334 31.229999542236328 AB 8.837917123278432 1.1344722677606989
61114.0452 lsst_hardware_u -0.896671758457374 2.609999895095825 28.31999969482422 AB 11.022821052442424 1.141965402998438
61114.0641 lsst_hardware_g 21.04368296936932 14.25 31.389999389648438 AB 10.944543820155474 1.1333275158077716
61116.0462 lsst_hardware_r 4.751068639384419 23.360000610351562 31.479999542236328 AB 9.25781688347937 1.137219160824171
61116.0648 lsst_hardware_i 27.959075426103045 31.459999084472656 31.239999771118164 AB 9.22846968865316 1.1339275896852303
61118.037 lsst_hardware_z 104.77343570553204 42.650001525878906 30.940000534057617 AB 7.70917156433953 1.1397355949644485
61118.0563 lsst_hardware_u -2.5078799506884297 2.690000057220459 28.389999389648438 AB 8.27285231599406 1.1334227039312317
61124.0286 lsst_hardware_i -27.56094813279009 35.16443360121434 31.25 AB 9.327278692518941 1.1351197143140979
61124.0467 lsst_hardware_z -22.073172576506185 44.47660423030456 30.940000534057617 AB 11.692382419116317 1.1351092892805952
61126.027 lsst_hardware_z 35.197830532098166 52.98891368175623 30.959999084472656 AB 6.209643258270754 1.1339052757205101
61126.045 lsst_hardware_r 121.72233991236328 55.08142377597283 31.610000610351562 AB 7.05953692798787 1.1369234906572692
61127.9943 lsst_hardware_y 34.647974342176894 58.606724082231445 30.020000457763672 AB 8.646432842936058 1.1568681887792425
61128.0126 lsst_hardware_i 32.453358592352046 72.18745856145507 31.309999465942383 AB 7.395207363635373 1.1377242097900573
61130.0318 lsst_hardware_z 462.2962922349682 98.47910377356347 31.719999313354492 AB 6.778722686978616 1.135749800951431
61132.9916 lsst_hardware_y 164.5675422525213 56.5252919404058 30.020000457763672 AB 10.494901302986634 1.1435468594918696
61133.0112 lsst_hardware_r 1358.6355713165126 85.36562623645025 31.6299991607666 AB 7.0590257080217915 1.133388304583437
61134.989 lsst_hardware_y 351.43983226560715 53.42489124814104 30.010000228881836 AB 10.31994837490426 1.1409876862162316
61135.0082 lsst_hardware_z 936.1856182119675 56.28663359459819 30.950000762939453 AB 8.676674199578507 1.1333169017213305
61136.9867 lsst_hardware_y 456.7496608929827 53.93971650830185 30.010000228881836 AB 12.895517339128997 1.1385932460418509
61137.0058 lsst_hardware_u 11.035899170565036 4.954951107010569 28.34000015258789 AB 12.12064196858363 1.1336001716443782
61138.9862 lsst_hardware_y 502.3043297232132 54.06221863432028 30.020000457763672 AB 10.275434398226206 1.1357417727020345
61139.0064 lsst_hardware_r 3031.5536336115465 60.488025423800195 31.479999542236328 AB 9.135276577703774 1.1353811307113815
61141.9784 lsst_hardware_y 679.6396246209632 63.74840693320984 30.030000686645508 AB 6.157688236415371 1.1355635972550775
61141.9964 lsst_hardware_r 4160.745296246943 69.28356862998709 31.5 AB 6.159042438040592 1.1346798891010779
61149.9727 lsst_hardware_y 726.2551796283852 64.22114169353652 30.030000686645508 AB 10.292247132663544 1.134111086958573
61149.9911 lsst_hardware_r 5496.768400378289 77.92478827115018 31.5 AB 10.525737042913017 1.1465736326043119
61374.3386 lsst_hardware_z -1.8041365472520512 53.15999984741211 30.969999313354492 AB 6.943427202703192 1.1374897806476605
61381.3372 lsst_hardware_g -18.057108112407807 15.229999542236328 31.43000030517578 AB 4.885499236282023 1.133658019789308
61383.3332 lsst_hardware_z -6.764545158014313 43.380001068115234 30.950000762939453 AB 7.4070158898812615 1.1339583419905568
61383.3517 lsst_hardware_y 43.51811157482018 68.70999908447266 30.030000686645508 AB 8.422873280143017 1.1460211275082017
61385.3297 lsst_hardware_u 1.2348170338385853 2.8499999046325684 28.479999542236328 AB 9.412463280891284 1.134510128474827
61385.3487 lsst_hardware_y -44.27321511425394 58.68000030517578 30.030000686645508 AB 9.75953311115995 1.1487998169004796
61387.2997 lsst_hardware_g -12.235126635636345 14.319999694824219 31.399999618530273 AB 11.405400970496634 1.1398182121819247
61387.3176 lsst_hardware_r -1.834196563455752 23.5 31.479999542236328 AB 11.374764960332028 1.1333209857521116
61392.1885 lsst_hardware_g -16.308893776971157 35.27000045776367 32.189998626708984 AB 4.9861573797350465 1.5001977875042765
61405.2522 lsst_hardware_g 0.7306287752382112 24.65999984741211 31.59000015258789 AB 6.37909550843357 1.138615887270606
61405.2727 lsst_hardware_r 35.158428515597365 30.450000762939453 31.549999237060547 AB 6.359646168125786 1.1338457221018323
61407.2525 lsst_hardware_i 16.008567537978678 32.29999923706055 31.239999771118164 AB 5.454433251167151 1.1353940989107307
61407.2739 lsst_hardware_z 39.7082004722449 43.36000061035156 30.940000534057617 AB 5.578418579350601 1.1362884124152501
61409.2517 lsst_hardware_r 6.610472194359986 23.56999969482422 31.489999771118164 AB 3.147803868853925 1.1338670356681004
61409.2728 lsst_hardware_u -3.2560299330972695 2.6500000953674316 28.350000381469727 AB 3.1758874081560995 1.1389572606279907
61411.2514 lsst_hardware_g 8.883905119325451 14.34000015258789 31.399999618530273 AB 8.37127006271997 1.1332946835812234
61411.2713 lsst_hardware_i 13.987759676601673 31.459999084472656 31.239999771118164 AB 8.588776123092808 1.1421244844538327
61413.2503 lsst_hardware_z -53.02349451927875 42.959999084472656 30.940000534057617 AB 10.090152313277986 1.1337249790199984
61413.2723 lsst_hardware_r -3.4661142270036387 23.8799991607666 31.489999771118164 AB 10.22465166090524 1.1488372652702517
61415.2137 lsst_hardware_r 9.692567753799764 23.6200008392334 31.469999313354492 AB 8.227433935533288 1.149176576611213
61415.2444 lsst_hardware_u 0.5426545572307405 3.7100000381469727 29.079999923706055 AB 8.227978254005711 1.1336426362642202
61415.2722 lsst_hardware_g -1.4473855820191752 14.380000114440918 31.389999389648438 AB 7.642209620499792 1.155896486500761
61418.1926 lsst_hardware_g 1.6714038732914636 14.829999923706055 31.40999984741211 AB 6.044291108530311 1.1687317644596154
61418.2111 lsst_hardware_r -29.94170953623837 24.149999618530273 31.489999771118164 AB 5.033131300765252 1.1431789905775371
61420.1997 lsst_hardware_i 29.328490167076264 31.889999389648438 31.239999771118164 AB 7.001617794750758 1.1495965511453508
61420.2192 lsst_hardware_z -5.2893559335958305 42.79999923706055 30.940000534057617 AB 6.12656666446312 1.134549382307985
61422.1939 lsst_hardware_r 9.211712720847498 29.959999084472656 31.540000915527344 AB 3.502936368533945 1.1500119397682076
61422.2129 lsst_hardware_u -1.3284996158358744 2.7699999809265137 28.43000030517578 AB 3.670084179298598 1.1348435928567093
61426.1896 lsst_hardware_z 68.97076057512268 73.30999755859375 30.979999542236328 AB 13.142819981689188 1.1428539114512337
61426.2095 lsst_hardware_r -67.23576214998495 104.88999938964844 31.639999389648438 AB 13.399426326664338 1.1333036081193406
61428.2015 lsst_hardware_y -95.85599179932557 98.30999755859375 30.780000686645508 AB 9.844347835335562 1.1335429067219378
61430.1571 lsst_hardware_g -43.51306945992014 80.56999969482422 31.68000030517578 AB 9.171500575741955 1.1739395516730857
61430.1767 lsst_hardware_r 74.4956851134314 80.45999908447266 31.6299991607666 AB 8.901216008704663 1.1447773144755502
