data/validation/pwv_sim_epoch_fit_seasonal/60840120.ecsv
# %ECSV 0.9
# ---
# datatype:
# - {name: time, datatype: float64}
# - {name: band, datatype: string}
# - {name: flux, datatype: float64}
# - {name: fluxerr, datatype: float64}
# - {name: zp, datatype: float64}
# - {name: zpsys, datatype: string}
# - {name: pwv, datatype: float64}
# - {name: airmass, datatype: float64}
# meta: {SNID: '60840120', alt: 1024.0, c: -0.060770146548748016, dec: -40.228184, lat: -30.244573, lon: -70.7499537, ra: 36.738281, t0: 60970.61328125,
#   x0: 4.4155300046593545e-06, x1: 0.7984309792518616, z: 0.6451404094696045}
# schema: astropy-2.0
time band flux fluxerr zp zpsys pwv airmass
60896.4296 lsst_hardware_y 32.72206945881464 90.91999816894531 30.829999923706055 AB 3.419647417526299 1.0176764876203555
60897.4345 lsst_hardware_r -12.62359373743824 86.81999969482422 31.65999984741211 AB 5.059263365698024 1.0213856054572055
60899.4334 lsst_hardware_z -244.7243715103445 76.7300033569336 31.0 AB 3.199437720107229 1.0242297623392491
60902.4209 lsst_hardware_i 10.396719678885784 56.959999084472656 32.04999923706055 AB 5.283269950908733 1.0214151669229063
60908.4193 lsst_hardware_r 1.96916767466314 23.510000228881836 31.510000228881836 AB 1.5661641772625223 1.0332602192066782
60912.4116 lsst_hardware_u 2.1189461179971896 3.240000009536743 28.56999969482422 AB 2.2257437005621106 1.0366761530331208
60912.4229 lsst_hardware_r -15.937058328338471 30.790000915527344 31.56999969482422 AB 2.153243787192578 1.0511319439553712
60919.3649 lsst_hardware_i -1.6714223581683023 29.459999084472656 31.239999771118164 AB 0.8245311731856569 1.016998055116444
60919.3765 lsst_hardware_z 37.0846429975883 40.369998931884766 30.950000762939453 AB 0.7346986277835003 1.022663673982369
60920.2762 lsst_hardware_r -56.75701503025749 32.7599983215332 31.559999465942383 AB 3.1912361544921723 1.0928579051370129
60932.3846 lsst_hardware_r 17.437819010337858 30.700000762939453 31.559999465942383 AB 1.309657117542367 1.0791653787343545
60932.3966 lsst_hardware_y -192.47089697770522 50.16999816894531 30.020000457763672 AB 1.33443449077621 1.1057322116637565
60934.3666 lsst_hardware_g 16.231711864737232 15.5 31.469999313354492 AB 4.358878613496598 1.056825945810789
60934.3773 lsst_hardware_r 29.694206074492328 23.690000534057617 31.510000228881836 AB 4.605519006837263 1.0755532477435097
60938.3624 lsst_hardware_z 20.08545729797883 41.16548041926172 30.940000534057617 AB 5.5206811740711075 1.068139919526189
60938.3758 lsst_hardware_r 9.830998185544763 22.05943396897486 31.469999313354492 AB 6.51701033729692 1.0953265364234719
60940.3607 lsst_hardware_u -0.9301581210372272 2.657483280963138 28.34000015258789 AB 1.6578518300757397 1.0751308885058841
60940.3733 lsst_hardware_g -0.47021135262195396 13.289532177846963 31.3700008392334 AB 1.6673748416954803 1.1022144053517253
60941.3514 lsst_hardware_r 27.384463485259957 22.239137224644743 31.479999542236328 AB 1.8571065934679938 1.0632289657259506
60941.3631 lsst_hardware_z 60.843978699027176 41.70616812040031 30.940000534057617 AB 1.9001015524801053 1.0854621836504457
60943.3581 lsst_hardware_r 54.71037527441839 22.69775733044373 31.479999542236328 AB 6.460487569777581 1.086435309808838
60943.3703 lsst_hardware_u 1.1745574250703574 3.013508547084329 28.360000610351562 AB 6.641034970114987 1.1151095575711505
60945.3493 lsst_hardware_u 3.2972494170326803 3.112063243500017 28.3799991607666 AB 5.320741228727885 1.0795498232235665
60945.3614 lsst_hardware_g 13.398080852185839 14.279822139484684 31.3799991607666 AB 5.5528864419373205 1.106446554583685
60947.3339 lsst_hardware_r 188.57095542934488 26.116583614683144 31.479999542236328 AB 7.382728710406009 1.0613468531348804
60947.3461 lsst_hardware_i 179.34650551335199 33.316064263049114 31.239999771118164 AB 7.48454618865807 1.0841668992045042
60950.3342 lsst_hardware_i 396.9439184152759 36.11189306725362 31.239999771118164 AB 2.584763184624705 1.0766855809324427
60950.3466 lsst_hardware_z 260.6954343070893 45.10241067374455 30.950000762939453 AB 2.7289745395950296 1.1036564597982905
60952.3363 lsst_hardware_i 455.05713514430147 51.427645840171884 31.299999237060547 AB 2.601504505578538 1.092457099207018
60952.3483 lsst_hardware_z 408.7328843116015 52.38672098178482 30.959999084472656 AB 2.6830184355066224 1.121897735942459
60957.2885 lsst_hardware_r 1249.0149036919884 79.06776120395249 31.649999618530273 AB 2.6824030050209533 1.0364104597929729
60957.2987 lsst_hardware_i 878.0892594269154 65.39908458319931 31.31999969482422 AB 2.852890117858319 1.0492102551196336
60961.3197 lsst_hardware_r 1411.3407003876366 50.119523192616946 31.549999237060547 AB 5.794954939976583 1.1113865954885567
60961.3303 lsst_hardware_i 1158.684858744152 48.58456208912832 31.25 AB 6.08219283133099 1.1405002574570637
60963.3187 lsst_hardware_z 841.9346125959055 51.049909342689084 30.940000534057617 AB 6.380895192424285 1.1230675023334031
60963.3295 lsst_hardware_r 1487.6177819008283 45.8648035131068 31.489999771118164 AB 6.573327416494487 1.1548361589062697
60965.321 lsst_hardware_u 1.9691546685826269 3.172769056260228 28.34000015258789 AB 6.198201997992473 1.1453759582356746
60965.3312 lsst_hardware_g 381.7350054717051 23.81080354385202 31.350000381469727 AB 6.389781968300379 1.1788359384980327
60972.2054 lsst_hardware_z 1002.1842332023457 50.64218809101588 30.950000762939453 AB 2.315621266462633 1.0151039379551534
60974.3024 lsst_hardware_r 1305.433823178951 43.093684116060416 31.459999084472656 AB 1.5637510094883411 1.1643715632820992
60974.3126 lsst_hardware_i 1271.9743674907784 47.137831397660214 31.229999542236328 AB 1.647509617323887 1.2008087589824248
60976.2888 lsst_hardware_z 918.3852107319356 51.705729176095666 30.940000534057617 AB 2.5408575126601036 1.1388872759570163
60976.299 lsst_hardware_r 1249.3072757136526 42.135244745214514 31.459999084472656 AB 3.382658178526554 1.1713143310436778
60979.1926 lsst_hardware_z 875.9290594089525 53.99833473178257 30.959999084472656 AB 3.461801546272281 1.015191069288059
60991.2341 lsst_hardware_r 671.7113530382043 35.470235735031345 31.5 AB 7.533490141284771 1.1023275417074028
60991.2453 lsst_hardware_g 121.56265143092894 20.568281272269765 31.479999542236328 AB 7.841030943205987 1.1315299298715873
60993.1239 lsst_hardware_u 0.008915803478908297 2.8259638537863774 28.450000762939453 AB 3.121534622179966 1.0247979718253335
60995.2347 lsst_hardware_z 529.2080408419838 48.244020809045175 30.940000534057617 AB 8.667738958558054 1.1324456439190813
60995.2472 lsst_hardware_i 600.5633546420676 39.271024492049136 31.229999542236328 AB 8.967284920172606 1.1715815155697873
60997.1844 lsst_hardware_z 559.1848478683725 46.88333897589157 30.950000762939453 AB 5.973877096912387 1.0424401634909937
60997.197 lsst_hardware_r 384.1778037974314 29.415695727596628 31.479999542236328 AB 5.830417228403894 1.060718719539823
61001.1857 lsst_hardware_r 312.1122396669779 27.862972843227244 31.489999771118164 AB 3.9393225438588804 1.0600975629329603
61001.1974 lsst_hardware_i 485.1846526178116 36.810723807087854 31.239999771118164 AB 4.042388432845976 1.0815755004270171
61004.1342 lsst_hardware_z 446.84513271569705 45.27296685510731 30.940000534057617 AB 7.809403258299301 1.0174897298602947
61004.1466 lsst_hardware_r 294.61469169829724 26.65124163694277 31.479999542236328 AB 7.878984131138304 1.024153573232302
61006.1363 lsst_hardware_z 386.07023272418917 45.88081816952797 30.950000762939453 AB 3.675768272303301 1.0210467423064724
61006.1483 lsst_hardware_r 218.20407885176283 29.159128624007618 31.520000457763672 AB 3.707870274681433 1.029963965189287
61011.1647 lsst_hardware_z 499.8149133908053 57.25582265140184 30.969999313354492 AB 6.956757750234716 1.0710943418375236
61011.1769 lsst_hardware_r 257.3550523531932 67.03945742534724 31.6299991607666 AB 6.919000459773949 1.0962818939115797
61013.194 lsst_hardware_y 247.21521563560975 78.42592009005926 30.770000457763672 AB 4.309052796214124 1.1581140351311225
61015.183 lsst_hardware_r -23.94532236528352 74.4335433345906 31.6200008392334 AB 5.932840506028532 1.1409308665439484
61015.1955 lsst_hardware_i 274.65054202749235 61.36115696757251 31.299999237060547 AB 6.145121431580084 1.1817541214577085
61017.0981 lsst_hardware_i 186.91526009091444 32.86938211886668 31.25 AB 3.8898099446844676 1.0172762195971423
61017.1105 lsst_hardware_z 267.1761389202494 43.87869041432546 30.950000762939453 AB 3.8960728691447226 1.0237332639150556
61020.0929 lsst_hardware_r 82.28511157382003 23.962502974001342 31.479999542236328 AB 10.811659919711344 1.0184466523003568
61020.1063 lsst_hardware_u 5.796715228322455 2.6195118060077993 28.389999389648438 AB 10.939745882254496 1.0267241560069917
61022.0787 lsst_hardware_u -0.47930702517391055 2.887784175305309 28.510000228881836 AB 11.612659393837658 1.015714107743934
61022.0904 lsst_hardware_g 0.7207376071335497 13.38898788847512 31.40999984741211 AB 12.178671220096554 1.0198468572306953
61024.0809 lsst_hardware_r 82.48839374690108 23.85197142741825 31.489999771118164 AB 7.822522846374065 1.017997837279515
61024.0923 lsst_hardware_z 203.90849244655354 43.12049640578787 30.950000762939453 AB 7.970416506673986 1.0243796336782252
61026.0839 lsst_hardware_r 91.83112667697725 23.84079721038478 31.489999771118164 AB 9.774043436291882 1.0223894807836142
61026.0962 lsst_hardware_u 2.7538344130269694 2.963201576121281 28.450000762939453 AB 9.911885795692106 1.0323536826654416
61028.0744 lsst_hardware_g -10.855422282355933 13.347605753481195 31.420000076293945 AB 4.255636539467964 1.0200471091725702
61028.0868 lsst_hardware_r 63.712384990156984 23.88439755348476 31.5 AB 3.1558596688920995 1.0286933239176725
61030.0808 lsst_hardware_i 101.32416946007241 31.758309053095303 31.25 AB 4.59883382137485 1.0282276435410047
61030.094 lsst_hardware_z 161.52608617922562 42.842668363516346 30.950000762939453 AB 3.2304535043758755 1.042081775605121
61251.4383 lsst_hardware_z -126.9311899100327 72.83000183105469 30.989999771118164 AB 3.8510836698423714 1.0153580005736358
61271.2782 lsst_hardware_r -26.76940797886664 31.799999237060547 32.209999084472656 AB 2.9403696733570475 1.2035897148411983
61272.2859 lsst_hardware_r 46.708846985712135 22.350000381469727 31.459999084472656 AB 1.8787243860999177 1.1660042737625556
61272.3066 lsst_hardware_u 0.7695645722821866 2.640000104904175 28.40999984741211 AB 2.594419575208149 1.10636229219993
61276.4194 lsst_hardware_z -22.352320107455057 46.470001220703125 30.969999313354492 AB 3.535894367433005 1.0418074152719519
61278.4109 lsst_hardware_z 55.28601311053506 51.36000061035156 30.979999542236328 AB 2.1918523619416814 1.0381775545016845
61278.4217 lsst_hardware_r -1.4702780027778686 50.130001068115234 31.6299991607666 AB 2.4733852043151705 1.0523550720386978
61281.4044 lsst_hardware_r -97.38979553280814 85.55000305175781 31.65999984741211 AB 7.780406357308157 1.0401612777149942
61281.4144 lsst_hardware_z -69.38635409755443 65.41999816894531 30.989999771118164 AB 7.878755888651494 1.0536852561498966
61286.407 lsst_hardware_y -5.05888375043358 73.41000366210938 30.790000915527344 AB 1.2289800025650097 1.0637449531722531
61303.3728 lsst_hardware_u 1.0520176913662087 2.630000114440918 28.389999389648438 AB 5.720269727749564 1.0871937142924193
61303.3849 lsst_hardware_g -20.13831447121608 13.770000457763672 31.389999389648438 AB 6.531951473748995 1.115778187686661
61305.3665 lsst_hardware_r -10.325582847238168 22.09000015258789 31.479999542236328 AB 1.6864616506006462 1.0854137735161038
61305.378 lsst_hardware_z 11.453413690218714 41.75 30.940000534057617 AB 1.5569115781650402 1.1120796986893144
61307.3569 lsst_hardware_r -76.5350057772658 53.31999969482422 31.6299991607666 AB 4.346801069056875 1.0770072024422388
61307.3692 lsst_hardware_y 22.16000696157766 50.36000061035156 30.030000686645508 AB 4.584148927323292 1.1038162598900294
61309.3485 lsst_hardware_z 60.62662970056545 65.29000091552734 30.979999542236328 AB 4.486497008340029 1.0714022706483386
61309.3606 lsst_hardware_r -178.01044293172475 91.27999877929688 31.639999389648438 AB 4.579012337411733 1.0964411463422017
61311.3534 lsst_hardware_r 126.23513869403536 83.87000274658203 31.639999389648438 AB 5.2088390196259535 1.0925151317972404
61311.365 lsst_hardware_i 6.2206028003839915 67.63999938964844 31.309999465942383 AB 5.271583309072716 1.1208980032049152
61313.3462 lsst_hardware_z -15.913604824969719 50.33000183105469 30.959999084472656 AB 3.526848300446342 1.0887014355445492
61313.3584 lsst_hardware_r -55.0898549783266 56.52000045776367 31.6200008392334 AB 3.62470735117142 1.1178742794669703
61315.332 lsst_hardware_i 2.9119173153562357 37.7400016784668 31.280000686645508 AB 3.403861889510048 1.0711828037900077
61315.3439 lsst_hardware_z -61.733095653840365 45.220001220703125 30.950000762939453 AB 2.6209476026628122 1.095713880711878
61317.3357 lsst_hardware_g 12.65656448731667 20.450000762939453 31.540000915527344 AB 2.5845651974746255 1.0896143328306915
61317.3477 lsst_hardware_r -7.597937030330905 26.600000381469727 31.520000457763672 AB 2.664349844574018 1.1184565218949212
61319.335 lsst_hardware_i -5.1508162622653115 30.649999618530273 31.25 AB 6.928811276747148 1.10039353256969
61319.3461 lsst_hardware_r 0.25146598951918114 22.700000762939453 31.479999542236328 AB 7.102523081717478 1.1289526058759218
61321.3278 lsst_hardware_u -4.686590647194066 2.640000104904175 28.399999618530273 AB 4.064192753781494 1.0963562864260843
61321.3393 lsst_hardware_g -4.1875937571550255 13.319999694824219 31.3799991607666 AB 4.9248017616636 1.1252403111188727
61323.3286 lsst_hardware_r -18.90438821710755 22.350000381469727 31.489999771118164 AB 3.110431594406588 1.111430757611859
61323.3403 lsst_hardware_i -25.007591461674544 30.899999618530273 31.239999771118164 AB 3.4315576714265728 1.143852557142191
61326.3185 lsst_hardware_u 1.3767286221117552 2.6700000762939453 28.420000076293945 AB 5.822022593400865 1.1066730733535621
61326.3292 lsst_hardware_g -26.00122115168003 13.3100004196167 31.3700008392334 AB 6.042362262789022 1.1352488985981088
61328.3191 lsst_hardware_r -25.216457784161022 22.200000762939453 31.469999313354492 AB 6.318440076599579 1.122280653037143
61328.3303 lsst_hardware_z -51.33864531173254 42.40999984741211 30.940000534057617 AB 6.591880208755072 1.1551866713163024
61330.3162 lsst_hardware_r -2.9894226362355716 22.34000015258789 31.479999542236328 AB 6.120287316882563 1.1293258469175549
61330.3273 lsst_hardware_u -1.89434117113256 2.5999999046325684 28.350000381469727 AB 6.304966640284667 1.1631706743445562
61337.3002 lsst_hardware_z -84.07532011358437 61.02000045776367 30.969999313354492 AB 3.5943501743239694 1.1382630589258633
61337.3113 lsst_hardware_r 34.09466481902978 76.27999877929688 31.6200008392334 AB 3.7150933383448215 1.1736815517096109
61340.2945 lsst_hardware_z 72.75270508976702 88.08000183105469 31.719999313354492 AB 3.6284983255949355 1.1457209742958432
61355.2316 lsst_hardware_r -7.8722044948468515 21.93000030517578 31.479999542236328 AB 2.520722697590947 1.0888650961515969
61355.2429 lsst_hardware_i -25.065535263165383 30.530000686645508 31.239999771118164 AB 2.603713484279163 1.1157178192882156
61360.1878 lsst_hardware_z -11.716149786202324 40.959999084472656 30.940000534057617 AB 5.769560712296054 1.039092429049228
61360.1998 lsst_hardware_r 1.990338321796822 21.739999771118164 31.469999313354492 AB 5.849141782774464 1.055357271204871
61362.2341 lsst_hardware_r -15.726486056257002 24.8799991607666 31.489999771118164 AB 5.174691610843181 1.144716648787421
61362.2462 lsst_hardware_i -58.39639457958347 30.920000076293945 31.219999313354492 AB 5.401997806015496 1.1848435172486405
61365.186 lsst_hardware_z -35.5079110183862 52.04999923706055 30.969999313354492 AB 3.310472414330395 1.0551306499857833
61365.1978 lsst_hardware_r 3.49257264605284 60.20000076293945 31.639999389648438 AB 3.297082698637626 1.0755740759455807
61369.1808 lsst_hardware_i 57.835631563430645 64.0199966430664 31.31999969482422 AB 6.288688079383872 1.064466061339593
61369.193 lsst_hardware_z -54.6571189854163 59.15999984741211 30.969999313354492 AB 6.434982426860408 1.0880624083742736
61371.1364 lsst_hardware_r 55.06746043866116 47.25 31.6299991607666 AB 3.6745191439424727 1.0206997622062424
61371.1485 lsst_hardware_z -67.65823903290543 48.119998931884766 30.969999313354492 AB 3.7062295700658323 1.0295082139071756
61373.2111 lsst_hardware_r -11.99701889435234 40.08000183105469 31.579999923706055 AB 5.933450846547487 1.1671979633220197
61373.2236 lsst_hardware_i 46.85630006571613 40.79999923706055 31.260000228881836 AB 6.167024889309406 1.213145448865822
61375.163 lsst_hardware_r 23.584641707236784 21.90999984741211 31.489999771118164 AB 8.680181964982857 1.0620557891818008
61375.1751 lsst_hardware_i 11.2362754376057 30.360000610351562 31.239999771118164 AB 8.411884286317076 1.0848445042967598
61378.1848 lsst_hardware_z -6.858268436897117 42.25 30.950000762939453 AB 4.221463308340193 1.1283815142353615
61378.1962 lsst_hardware_r -10.582265476705087 22.399999618530273 31.469999313354492 AB 4.347750278894653 1.1630442797818907
61382.0907 lsst_hardware_g 34.13821234174263 12.859999656677246 31.389999389648438 AB 3.8727659548315887 1.0153192226247283
61382.1047 lsst_hardware_i 19.402877868140447 29.549999237060547 31.25 AB 3.8788515970908697 1.0198111205707558
61384.0933 lsst_hardware_z -39.02047957976801 57.18000030517578 31.700000762939453 AB 9.358728724322741 1.0172531222089938
61384.1064 lsst_hardware_r 13.832589084293936 30.670000076293945 32.25 AB 9.422573709391134 1.0241927944990363
61386.0914 lsst_hardware_u -0.2861409045991752 2.7200000286102295 28.520000457763672 AB 12.609793179646605 1.0186713576836444
61386.1035 lsst_hardware_g 21.42899334302951 12.989999771118164 31.40999984741211 AB 12.837305424790946 1.0261088211225844
61388.0817 lsst_hardware_g 12.5834978189594 14.260000228881836 31.440000534057617 AB 8.034483171334703 1.017023186244899
61388.0944 lsst_hardware_r 8.335904041410936 22.170000076293945 31.479999542236328 AB 7.567334513814564 1.0234425904536872
61391.0827 lsst_hardware_i 18.457889217626008 34.529998779296875 31.280000686645508 AB 11.139425480911735 1.021223925825582
61391.0947 lsst_hardware_z 109.1614291219411 42.66999816894531 30.959999084472656 AB 9.978842266760676 1.0302512879731716
61393.085 lsst_hardware_r -41.80476151251808 46.15999984741211 31.6299991607666 AB 3.1810819437877083 1.0265970128402673
61393.0973 lsst_hardware_z 28.819828468583122 47.150001525878906 30.969999313354492 AB 3.177897413269262 1.0386417082260748
61395.0753 lsst_hardware_z 17.59892608318404 51.400001525878906 30.979999542236328 AB 4.417481764662808 1.023453637917996
61395.0879 lsst_hardware_i -45.117727588773704 51.77000045776367 31.31999969482422 AB 3.2063430858938125 1.0343042212560685
