data/validation/pwv_sim_epoch_fit_seasonal/60862679.ecsv
# %ECSV 0.9
# ---
# datatype:
# - {name: time, datatype: float64}
# - {name: band, datatype: string}
# - {name: flux, datatype: float64}
# - {name: fluxerr, datatype: float64}
# - {name: zp, datatype: float64}
# - {name: zpsys, datatype: string}
# - {name: pwv, datatype: float64}
# - {name: airmass, datatype: float64}
# meta: {SNID: '60862679', alt: 1024.0, c: -0.02173197641968727, dec: -46.768478, lat: -30.244573, lon: -70.7499537, ra: 319.675323, t0: 62656.0546875,
#   x0: 4.005114897540338e-06, x1: 0.7194649577140808, z: 0.6716713905334473}
# schema: astropy-2.0
time band flux fluxerr zp zpsys pwv airmass
62639.4209 lsst_hardware_z 899.2542392072136 94.88141572810565 31.739999771118164 AB 8.622447514304156 1.0434061430106376
62642.4107 lsst_hardware_i 916.7742141588782 67.09841640721226 31.329999923706055 AB 7.428561560673357 1.0439237718765257
62642.4227 lsst_hardware_y 53.73980900801373 55.05370676891077 30.059999465942383 AB 6.633972769588642 1.042367271186609
62644.4102 lsst_hardware_r 1218.836128381324 58.085212107709275 31.6200008392334 AB 2.067068162336425 1.0428326724979862
62644.4237 lsst_hardware_y 310.5946545927529 52.553857737274654 30.049999237060547 AB 2.0263966330816587 1.0430557884862481
62649.3745 lsst_hardware_z 744.404575678996 49.671549716722254 30.950000762939453 AB 9.59239955160486 1.0525676172206935
62649.3965 lsst_hardware_y 299.8636592055447 50.0370804864663 30.049999237060547 AB 9.726568649485873 1.0428399967284323
62650.3779 lsst_hardware_r 1328.932739976593 42.696707624167985 31.5 AB 8.526762464351778 1.0485873085900936
62650.3924 lsst_hardware_u -5.145063934233141 3.1646017101859276 28.489999771118164 AB 8.469981644892702 1.0430797781112222
62657.3913 lsst_hardware_g 212.6046448533419 20.235924998203632 31.40999984741211 AB 4.801304804331219 1.0437619139850478
62657.4033 lsst_hardware_i 1293.909162911973 46.34567734482262 31.239999771118164 AB 4.824714453052494 1.04885096805489
62678.327 lsst_hardware_u 4.536756422972716 2.780879352525787 28.459999084472656 AB 5.783159700367249 1.04251166332783
62678.3396 lsst_hardware_g 80.75991559449497 16.237849505121172 31.43000030517578 AB 5.672310253315228 1.0456835198294994
62680.3074 lsst_hardware_g 44.2666213253545 15.63607283946177 31.389999389648438 AB 5.648082348400678 1.0437988107866383
62680.319 lsst_hardware_r 410.2489541735422 29.818364753404705 31.479999542236328 AB 5.646755478314664 1.0423656796925864
62686.3496 lsst_hardware_i 416.10301367560817 36.723736870447645 31.25 AB 7.811024090727385 1.0723904706679779
62686.3607 lsst_hardware_u -2.902223646816998 2.8245162917917757 28.440000534057617 AB 7.917042236034785 1.0884028369583152
62688.3418 lsst_hardware_g 15.79083642499697 14.791861489147657 31.40999984741211 AB 6.080244258976294 1.0694770254564618
62688.3535 lsst_hardware_r 226.98886870118542 27.438007376521732 31.489999771118164 AB 6.176076827080826 1.0856491068023602
62695.0372 lsst_hardware_z 797.7464819430807 138.80937661337995 31.989999771118164 AB 14.230031934540536 2.4909613609302808
62695.0481 lsst_hardware_r 336.40097004584436 169.50665200846208 32.540000915527344 AB 14.134575139295315 2.2624369970861222
62697.2341 lsst_hardware_r 202.14378276768048 125.44385987590861 31.65999984741211 AB 6.115154662448729 1.0605847080414041
62697.2454 lsst_hardware_z 383.3757373191425 83.72717580220588 30.989999771118164 AB 6.011977535693615 1.0511981703092435
62699.2416 lsst_hardware_r 199.68777365627312 93.83648389554928 31.649999618530273 AB 1.8023350136085194 1.050107795848817
62699.2535 lsst_hardware_i 288.1886679604536 76.11324290043062 31.329999923706055 AB 1.9610454310887244 1.0444055198413231
62704.2331 lsst_hardware_z 288.14562674717627 45.1229864267885 30.950000762939453 AB 5.263947079864294 1.04718696570633
62704.2452 lsst_hardware_i 135.87308573672624 35.96447758040829 31.260000228881836 AB 5.29472145944734 1.043037962954413
62707.3239 lsst_hardware_g -7.891185537935823 14.846563371635286 31.399999618530273 AB 6.061651483472066 1.1282388913274723
62707.3346 lsst_hardware_r 53.305747966837174 25.632339451619995 31.479999542236328 AB 6.3671100963934775 1.1548043643232884
62716.2212 lsst_hardware_r 47.04957935731581 24.40595679642844 31.5 AB 2.3344214658613955 1.04238511536566
62716.2326 lsst_hardware_g 1.3705655771463547 14.456974921269468 31.43000030517578 AB 2.338235544382457 1.0444768661625032
62719.2147 lsst_hardware_z 158.48915328463912 42.76581872443564 30.940000534057617 AB 2.3898980442076487 1.0424855154668042
62719.2263 lsst_hardware_i 62.67867730958274 32.19422066127484 31.239999771118164 AB 2.3714400820174673 1.045147678280065
62722.2151 lsst_hardware_z 206.5674712751173 72.98396316681674 31.719999313354492 AB 3.4905098222645705 1.0441249842251183
62723.1977 lsst_hardware_y 69.03882004439204 52.62545980288709 30.049999237060547 AB 4.3113023997583 1.042468541893681
62723.2087 lsst_hardware_r 108.01087982214624 72.45906336888204 31.649999618530273 AB 4.717580526466964 1.0431932171965204
62725.186 lsst_hardware_i 40.99783306044514 91.97754152134613 31.34000015258789 AB 2.8303172157246306 1.043434918239535
62725.1977 lsst_hardware_z 166.16807613966873 79.13552207480203 31.0 AB 2.8238872284272367 1.0424415277056278
62731.2384 lsst_hardware_r 68.72088075073427 46.93489115099665 31.6200008392334 AB 2.7319122402173184 1.089315397328495
62731.2497 lsst_hardware_g -6.827408338105509 47.874887833321544 31.690000534057617 AB 2.680889893359667 1.1097164098073822
62735.2226 lsst_hardware_z 34.90520258840228 43.10610315017732 30.940000534057617 AB 2.1432944007370396 1.0817434727811437
62735.2343 lsst_hardware_i 73.93901354736147 32.47131598087916 31.239999771118164 AB 2.1856742527017126 1.1011415690171944
62738.1533 lsst_hardware_g -25.790509988460933 14.24631088497045 31.43000030517578 AB 3.6692062907210383 1.0428819395701672
62738.1643 lsst_hardware_r 69.77710878265387 23.746219780977437 31.5 AB 3.713523958277865 1.0426365816409542
62740.1403 lsst_hardware_r 62.16634512399101 22.700000762939453 31.5 AB 2.0629546042895166 1.0448425801491663
62740.1536 lsst_hardware_i 7.295982255322365 30.540000915527344 31.25 AB 2.083258907986411 1.0423677978500159
62742.1364 lsst_hardware_z -46.96435290006398 41.31999969482422 30.950000762939453 AB 5.430449796336001 1.044317268526154
62742.1484 lsst_hardware_r 19.38603353582616 22.709999084472656 31.510000228881836 AB 5.420299108842013 1.0423652132388486
62744.1366 lsst_hardware_u 0.5719277143236383 2.690000057220459 28.440000534057617 AB 4.86912427871837 1.0429368010963238
62744.1476 lsst_hardware_r 69.1637578713346 22.639999389648438 31.5 AB 4.822381940276958 1.0426020337871773
62747.1253 lsst_hardware_g 20.813665742867087 15.180000305175781 31.450000762939453 AB 1.4610314488101404 1.0435938920072432
62747.1372 lsst_hardware_i -2.8923350767017086 30.790000915527344 31.25 AB 1.4593901218807304 1.0424215156290932
62755.113 lsst_hardware_z 4.050210551983022 70.05000305175781 30.989999771118164 AB 2.7312640827212293 1.0423677445744601
62755.125 lsst_hardware_r 166.0949812923186 104.12000274658203 31.65999984741211 AB 2.819161843920018 1.0441340162666732
62757.1138 lsst_hardware_z 80.808335883124 59.5099983215332 30.979999542236328 AB 2.7040563583762363 1.0428292936275496
62757.1252 lsst_hardware_r -101.62158430727071 83.05999755859375 31.649999618530273 AB 3.8279822089129834 1.0462541056133878
62758.0039 lsst_hardware_z 1.5880271185084902 43.11000061035156 30.940000534057617 AB 1.6609373602599582 1.1863838287571131
62758.0109 lsst_hardware_g 23.629397100693087 13.880000114440918 31.389999389648438 AB 1.6317087136085968 1.1655062240061407
62762.1419 lsst_hardware_u -0.4144711660486527 2.690000057220459 28.43000030517578 AB 2.455233767171104 1.0721544834807346
62762.1535 lsst_hardware_g 1.636853516198699 13.770000457763672 31.399999618530273 AB 2.480167765569008 1.0889072584087551
62764.1373 lsst_hardware_r -50.563808298169725 22.610000610351562 31.489999771118164 AB 7.568464634077502 1.0732619839867885
62764.1493 lsst_hardware_i -1.850291307600275 30.8700008392334 31.239999771118164 AB 7.732185490175195 1.0909737431611404
62765.1517 lsst_hardware_z 12.64866004579665 41.810001373291016 30.940000534057617 AB 4.893423071417435 1.0998928009479512
62765.1633 lsst_hardware_r -4.028252905440894 22.739999771118164 31.479999542236328 AB 5.1426707878639215 1.1232217511988472
62767.1446 lsst_hardware_u -0.28303879535380166 2.6700000762939453 28.40999984741211 AB 1.481253178384462 1.0969537238101081
62767.1563 lsst_hardware_r 28.484221639410357 22.8799991607666 31.479999542236328 AB 1.4961404560573244 1.1198656108210037
62771.0683 lsst_hardware_g 20.320341744013632 13.529999732971191 31.389999389648438 AB 2.918696194901617 1.042391498179149
62771.0804 lsst_hardware_i 6.89606863479336 30.229999542236328 31.239999771118164 AB 2.922848127926143 1.043874331402194
62772.0704 lsst_hardware_z -6.719275245674221 41.0 30.940000534057617 AB 4.674548464058723 1.0425339473052442
62772.0829 lsst_hardware_r -12.62667919660526 22.329999923706055 31.479999542236328 AB 4.688657221542081 1.0456805311397663
62774.0555 lsst_hardware_r 3.125170248817244 22.68000030517578 31.510000228881836 AB 3.865794823997822 1.042813035584412
62774.0685 lsst_hardware_u -0.3535046177279718 2.700000047683716 28.459999084472656 AB 3.8718705027602605 1.0430217310897303
62781.0534 lsst_hardware_r -25.91190735523245 69.2300033569336 31.649999618530273 AB 4.812406433111534 1.0439625648053656
62781.0656 lsst_hardware_z 115.05627027889354 56.63999938964844 30.979999542236328 AB 4.879861582151931 1.049376180238037
62783.0533 lsst_hardware_z 9.028229770184907 59.779998779296875 30.979999542236328 AB 3.1480554896248973 1.0458656111710622
62783.0653 lsst_hardware_i 70.8808695201274 65.72000122070312 31.329999923706055 AB 3.6996847902044814 1.052841431475379
62787.0766 lsst_hardware_r -63.18626391897106 68.37000274658203 31.639999389648438 AB 5.096054512400305 1.0760628919374213
62787.0869 lsst_hardware_y -43.93234706842692 51.18000030517578 30.040000915527344 AB 5.686774425643418 1.0916510927137786
62789.0794 lsst_hardware_g -8.751695140499844 13.859999656677246 31.399999618530273 AB 6.431914279715565 1.0883103688182005
62789.0893 lsst_hardware_r 7.156203321859376 38.060001373291016 31.59000015258789 AB 6.855720453180743 1.1057613634162489
62791.0842 lsst_hardware_i -65.54008350235425 31.030000686645508 31.25 AB 7.607083364923232 1.1064580298547932
62791.0958 lsst_hardware_z 70.4574764550184 42.36000061035156 30.940000534057617 AB 7.799451852654639 1.1311613617415097
62793.0851 lsst_hardware_r 16.356252883010196 23.06999969482422 31.489999771118164 AB 4.722512742913833 1.1194325401976533
62793.0967 lsst_hardware_u 4.899505082455232 2.7300000190734863 28.43000030517578 AB 4.844759522496172 1.1467338804282743
63005.4197 lsst_hardware_z -38.78937758393469 41.470001220703125 30.950000762939453 AB 9.278557872826863 1.0431988014271358
63005.4318 lsst_hardware_y -5.746986874834693 60.4900016784668 30.059999465942383 AB 9.245621496802107 1.0425237071434974
63010.4118 lsst_hardware_u 2.3980206760769054 2.680000066757202 28.40999984741211 AB 6.917083001841385 1.042409655172761
63010.4233 lsst_hardware_y -96.6981993940339 47.90999984741211 30.049999237060547 AB 6.3690079276305225 1.0433727202572836
63013.4194 lsst_hardware_r -8.224917453732887 22.56999969482422 31.489999771118164 AB 4.472980001421125 1.0446006542318922
63013.4325 lsst_hardware_z -7.73525725910781 50.18000030517578 30.969999313354492 AB 4.51642589218435 1.0513095652198208
63015.396 lsst_hardware_i 28.29194268457088 42.900001525878906 32.0 AB 8.469078096393632 1.0426047145628143
63015.4088 lsst_hardware_z 92.27901094463647 58.040000915527344 31.700000762939453 AB 8.470661925239893 1.0431849661625485
63019.392 lsst_hardware_g -14.717697727677706 13.720000267028809 31.420000076293945 AB 7.882608021057925 1.0423972521896652
63019.4034 lsst_hardware_i -19.83246009521184 30.299999237060547 31.25 AB 7.902873801634527 1.0447318132903498
63020.3981 lsst_hardware_z 19.360633104236115 41.0099983215332 30.950000762939453 AB 11.224682120668694 1.0439137057120385
63020.412 lsst_hardware_r 14.982456337775943 22.520000457763672 31.489999771118164 AB 11.29652382074409 1.0503834447753617
63031.3802 lsst_hardware_g -19.50558077174548 16.360000610351562 31.489999771118164 AB 13.011048021805982 1.049278066274676
63031.3939 lsst_hardware_r 24.636123823364397 24.059999465942383 31.510000228881836 AB 13.144137159137255 1.0600110612207463
63036.3564 lsst_hardware_r -17.978381070018273 22.440000534057617 31.5 AB 2.65936745029943 1.0445276709738955
63036.3688 lsst_hardware_i 46.234438820287274 30.31999969482422 31.25 AB 2.712897382098414 1.050696120100083
63044.3195 lsst_hardware_i -29.294536829700487 30.399999618530273 31.25 AB 7.123612409912032 1.042378169434011
63044.3316 lsst_hardware_u 1.7395085865054416 2.690000057220459 28.450000762939453 AB 7.039390833941676 1.0436457870929576
63046.3079 lsst_hardware_g -28.54695419355767 13.880000114440918 31.43000030517578 AB 2.0326143145421236 1.04316875265193
63046.3208 lsst_hardware_r 8.836089402488133 22.559999465942383 31.489999771118164 AB 1.9963644602628585 1.042624081610058
63051.3442 lsst_hardware_z -114.15812588639973 101.08000183105469 31.739999771118164 AB 7.6372445247836716 1.0650923261675151
63061.2351 lsst_hardware_r 7.803106836188062 22.8700008392334 31.489999771118164 AB 6.9168460796126485 1.0630398687929277
63061.2481 lsst_hardware_i -32.08035593972693 30.639999389648438 31.25 AB 6.816202299006658 1.0516802004253283
63066.24 lsst_hardware_u -0.9755145003282094 2.7699999809265137 28.5 AB 2.6215763113834245 1.048211240057347
63066.2517 lsst_hardware_g 1.4612723410417787 14.229999542236328 31.440000534057617 AB 2.2688176929455794 1.0435343930757746
63070.2288 lsst_hardware_z 4.590763245316895 41.27000045776367 30.950000762939453 AB 5.12686497546455 1.0483671819503766
63070.2408 lsst_hardware_u -0.461081488736438 2.6700000762939453 28.40999984741211 AB 5.108514204314556 1.043530010243845
63078.1914 lsst_hardware_y -7.742782568073873 73.06999969482422 30.799999237060547 AB 3.8350705269829537 1.0602904415214138
63080.2245 lsst_hardware_z 141.70271759401504 109.94999694824219 31.75 AB 1.8526129059835188 1.0423553484528425
63082.2076 lsst_hardware_z 100.96955005300715 71.73999786376953 30.989999771118164 AB 1.2927256620475758 1.0436428918575693
63082.2191 lsst_hardware_r 149.6005940667958 105.41000366210938 31.65999984741211 AB 1.6286842355760778 1.0423579107686898
63084.209 lsst_hardware_i 3.2941079397937414 53.189998626708984 31.309999465942383 AB 2.3406039332279667 1.042469183043443
63084.2199 lsst_hardware_z -4.843688669012724 52.5 30.969999313354492 AB 2.3644068095597532 1.0430823026622933
63086.2135 lsst_hardware_i -34.17057528522703 39.04999923706055 31.290000915527344 AB 3.2330212648915344 1.042910085448882
63086.2255 lsst_hardware_z -21.410038411044333 45.13999938964844 30.959999084472656 AB 3.2451587712263006 1.0468254100730001
63089.1913 lsst_hardware_u 1.8719932222043596 2.740000009536743 28.469999313354492 AB 7.752050424555857 1.0430170549252173
63089.2021 lsst_hardware_g -10.061069516465626 14.0600004196167 31.420000076293945 AB 7.729292030006117 1.0424914225991997
63092.0475 lsst_hardware_u -1.3692832693709414 2.5199999809265137 28.18000030517578 AB 4.494169561134178 1.3610446884113199
63092.0536 lsst_hardware_g -9.440929021061388 14.15999984741211 31.31999969482422 AB 4.392092182901968 1.3292251442542085
63096.2284 lsst_hardware_g -0.7501996392392077 14.170000076293945 31.420000076293945 AB 2.6978883927372053 1.0736083804622716
63096.2396 lsst_hardware_r 36.22203588141054 23.170000076293945 31.5 AB 2.68301312874745 1.0901018298616092
63101.1514 lsst_hardware_r -24.753511240224142 22.760000228881836 31.5 AB 2.2711530168346763 1.0450090568257713
63101.1613 lsst_hardware_i -56.8569074283144 30.530000686645508 31.25 AB 2.2839916755270413 1.042601190897919
63109.1405 lsst_hardware_r 237.4337331951951 110.56999969482422 31.65999984741211 AB 4.874362782572007 1.0424957829697028
63109.1519 lsst_hardware_z 84.5238245482276 74.9000015258789 30.989999771118164 AB 4.879111887095632 1.0431396565911413
63112.1401 lsst_hardware_i -86.12382914145478 61.54999923706055 31.31999969482422 AB 1.4596075561894442 1.042576825849603
63112.1514 lsst_hardware_z -82.50352226319688 57.41999816894531 30.979999542236328 AB 1.463643183312023 1.045459416651445
63114.122 lsst_hardware_z -17.124265520208343 45.97999954223633 30.959999084472656 AB 1.5405054730370755 1.043231697316304
63114.134 lsst_hardware_r 19.944447550317538 43.709999084472656 31.6200008392334 AB 1.5736723051176642 1.0425122922276677
63117.1187 lsst_hardware_u -1.8928813588158566 2.6700000762939453 28.440000534057617 AB 2.4403046808269284 1.0424939896733052
63117.1314 lsst_hardware_r -29.012760131374474 22.600000381469727 31.5 AB 2.7974547579005575 1.0434370600151277
63122.114 lsst_hardware_r 19.690638678430474 22.329999923706055 31.489999771118164 AB 2.7655816210856234 1.0427303689643221
63122.1262 lsst_hardware_u 1.0121267909921756 2.630000114440918 28.399999618530273 AB 3.766470627720583 1.0463629478561638
63124.1127 lsst_hardware_g -16.183226373582652 13.630000114440918 31.420000076293945 AB 1.0607575167190213 1.0435391212189093
63124.1242 lsst_hardware_r 21.090077862008553 22.40999984741211 31.489999771118164 AB 1.1022477115852143 1.048096080746638
63126.1128 lsst_hardware_i 75.40550062777355 30.40999984741211 31.25 AB 1.0845146973161641 1.045315370907146
63126.1247 lsst_hardware_z -5.2733305798140835 41.34000015258789 30.950000762939453 AB 1.3340561023991038 1.051818214769333
63133.1463 lsst_hardware_i 39.636927667855176 37.70000076293945 31.270000457763672 AB 3.8741253411181655 1.1037394134239789
63133.1588 lsst_hardware_z -7.3365793828167964 45.63999938964844 30.940000534057617 AB 3.9661362666917643 1.129953352333836
63137.1606 lsst_hardware_r -1.9760530193159598 83.2300033569336 31.6200008392334 AB 5.025876753460036 1.1623883789442397
63137.1727 lsst_hardware_z -134.87231634400604 63.7599983215332 30.959999084472656 AB 5.4630158826663004 1.199235170438179
63143.0574 lsst_hardware_i 44.18965433710865 30.3799991607666 31.25 AB 2.4566003483494403 1.042847183394597
63143.0678 lsst_hardware_z -32.09787816361902 41.25 30.950000762939453 AB 2.398948027766945 1.045900898605164
63147.0544 lsst_hardware_g 27.443178346529724 13.630000114440918 31.399999618530273 AB 4.921577581004444 1.0449209301495634
63147.0665 lsst_hardware_i -32.47511462983113 30.270000457763672 31.239999771118164 AB 5.521583861133013 1.0512296737036542
63151.1337 lsst_hardware_g 3.0589863445836247 13.899999618530273 31.3700008392334 AB 7.227474724103973 1.1967008401530292
63151.1457 lsst_hardware_r 7.290521300179478 23.350000381469727 31.459999084472656 AB 7.472220142261598 1.2393111691057919
63153.0787 lsst_hardware_g 12.75747889161279 13.9399995803833 31.399999618530273 AB 7.789683958273411 1.081900549760196
63153.0904 lsst_hardware_r 41.27360632249999 22.899999618530273 31.469999313354492 AB 7.947087854193999 1.1013402731300148
63155.0806 lsst_hardware_i -58.31630347689164 30.8700008392334 31.239999771118164 AB 8.97472689060672 1.0936342122677671
63155.0918 lsst_hardware_z -26.814631980045025 42.130001068115234 30.940000534057617 AB 8.649545908737755 1.114775861417419
63157.0725 lsst_hardware_r -6.975381604546892 23.079999923706055 31.489999771118164 AB 6.111348314499938 1.0892374609965783
63157.0836 lsst_hardware_u 2.4913697694989696 2.6700000762939453 28.3799991607666 AB 9.735960758189963 1.1092267803911784
63159.0776 lsst_hardware_g 1.8879694177818036 14.5600004196167 31.420000076293945 AB 3.192623358901216 1.1081649978831416
63159.0887 lsst_hardware_i -4.2586259365730985 31.520000457763672 31.239999771118164 AB 3.6907551044092766 1.132046654216587
63161.0791 lsst_hardware_z -39.44150508502362 43.52000045776367 30.940000534057617 AB 4.396647197455949 1.1226437647771854
63161.0903 lsst_hardware_r 34.62886983546243 29.079999923706055 31.530000686645508 AB 4.99910129089715 1.1495269898203149
