data/validation/pwv_sim_epoch_fit_seasonal/60880195.ecsv
# %ECSV 0.9
# ---
# datatype:
# - {name: time, datatype: float64}
# - {name: band, datatype: string}
# - {name: flux, datatype: float64}
# - {name: fluxerr, datatype: float64}
# - {name: zp, datatype: float64}
# - {name: zpsys, datatype: string}
# - {name: pwv, datatype: float64}
# - {name: airmass, datatype: float64}
# meta: {SNID: '60880195', alt: 1024.0, c: 0.04600513353943825, dec: -42.410164, lat: -30.244573, lon: -70.7499537, ra: 155.988144, t0: 62199.64453125,
#   x0: 3.324016238705646e-06, x1: 0.08785320073366165, z: 0.7251392006874084}
# schema: astropy-2.0
time band flux fluxerr zp zpsys pwv airmass
[from data line 133]
62539.2511 lsst_hardware_u -2.995755699096521 2.4700000286102295 28.309999465942383 AB 4.582875899606126 1.0236297960962961
62539.2643 lsst_hardware_g 7.094017505830369 12.880000114440918 31.3700008392334 AB 4.44583659576986 1.0266533079811089
62543.2594 lsst_hardware_r 7.222204093984882 21.709999084472656 31.489999771118164 AB 3.8039592121336203 1.0295811653194569
62543.2713 lsst_hardware_u 2.427067723687049 2.5899999141693115 28.399999618530273 AB 3.8312446222364547 1.0382776754028369
62546.25 lsst_hardware_g 29.229557056228547 34.709999084472656 31.68000030517578 AB 3.601206385046255 1.0289161100132156
62546.26 lsst_hardware_r 20.27449120315837 36.86000061035156 31.600000381469727 AB 3.61986544866286 1.0356281085245642
62548.2512 lsst_hardware_i 61.00039126697724 58.70000076293945 31.329999923706055 AB 4.690363686638549 1.0330818295889026
62548.2619 lsst_hardware_z -9.019197809531132 55.7599983215332 30.979999542236328 AB 4.700285355938413 1.0423459541554672
62550.2515 lsst_hardware_r -57.53388919520948 103.05999755859375 31.65999984741211 AB 4.928156576196615 1.0376704903293394
62550.2623 lsst_hardware_z -24.44778304720057 69.87999725341797 31.0 AB 4.967658529393455 1.0488036586917375
62552.2468 lsst_hardware_z -40.38170109218845 64.9000015258789 30.989999771118164 AB 3.4265425180735494 1.0383462175980454
62552.258 lsst_hardware_i 39.12964686741104 72.55000305175781 31.329999923706055 AB 2.8490232738874712 1.0502021037860063
62554.2546 lsst_hardware_z 29.513086348347837 52.77000045776367 30.969999313354492 AB 9.8669445249602 1.0527828989794554
62554.265 lsst_hardware_r 11.803707127127716 62.040000915527344 31.639999389648438 AB 9.837404919632329 1.067774331882376
62556.1932 lsst_hardware_i -41.31598167201097 37.45000076293945 31.290000915527344 AB 9.902627224926352 1.0247630795025544
62556.2041 lsst_hardware_r 61.21112843508458 36.779998779296875 31.600000381469727 AB 9.947772612637516 1.0236089122933476
62557.1888 lsst_hardware_u 1.273478538923483 3.509999990463257 28.649999618530273 AB 9.665420252173142 1.0252187093490586
62557.2003 lsst_hardware_g -2.000289593565872 21.09000015258789 31.579999923706055 AB 9.535958419276074 1.0235833537395491
62559.1949 lsst_hardware_r -46.37828268733968 21.770000457763672 31.479999542236328 AB 6.823983970677684 1.0235848007916426
62559.2049 lsst_hardware_i -24.080762319856706 29.729999542236328 31.239999771118164 AB 6.836670829430115 1.0250265496353108
62561.1847 lsst_hardware_z 88.8201716198074 40.4900016784668 30.950000762939453 AB 3.985076558624645 1.023827153881471
62561.1956 lsst_hardware_r 25.384901713064245 21.770000457763672 31.479999542236328 AB 3.9442113246584793 1.0241601223850294
62563.1777 lsst_hardware_u 0.5439571077766487 2.6500000953674316 28.450000762939453 AB 5.603771080731415 1.0240341871682426
62563.1909 lsst_hardware_g 10.29754306833518 13.239999771118164 31.40999984741211 AB 5.564261681774472 1.0243014739333558
62566.1809 lsst_hardware_r -17.68398416114009 21.860000610351562 31.479999542236328 AB 7.987144483099831 1.0239928824486964
62566.192 lsst_hardware_z -1.8315188159373206 40.5099983215332 30.950000762939453 AB 8.012662912074164 1.0272644759069443
62568.1795 lsst_hardware_r 33.20910251655981 21.93000030517578 31.489999771118164 AB 10.997231809342642 1.0248095992305137
62568.1916 lsst_hardware_u 4.718761018378987 2.630000114440918 28.43000030517578 AB 11.097180157090827 1.0298529216362031
62571.1629 lsst_hardware_z -11.839875488508543 40.4900016784668 30.940000534057617 AB 7.81215556922931 1.0236052894692214
62571.1751 lsst_hardware_g 16.220974782200475 13.170000076293945 31.389999389648438 AB 9.075717376518686 1.0259685028847803
62575.1644 lsst_hardware_z -85.82838441555026 46.72999954223633 30.959999084472656 AB 10.107613030449155 1.0260494396963917
62575.1774 lsst_hardware_r -19.127510638162647 46.790000915527344 31.6299991607666 AB 10.63249970849012 1.0330337341258573
62578.1499 lsst_hardware_z 266.7205188203963 91.68000030517578 31.739999771118164 AB 6.283297420283259 1.0242975783972512
62580.1363 lsst_hardware_r -10.940971472764394 106.83000183105469 31.65999984741211 AB 4.794530231949306 1.0235974022094507
62580.149 lsst_hardware_z 49.111482463330915 72.0199966430664 30.989999771118164 AB 4.879390267972423 1.0254589960536802
62582.1314 lsst_hardware_r -3.184832113467907 72.08000183105469 31.65999984741211 AB 5.090312881012692 1.0235899619973188
62582.1446 lsst_hardware_y 59.04251877936659 51.36000061035156 30.059999465942383 AB 5.116136974877643 1.0258090143282548
62584.1307 lsst_hardware_g 41.25302962619437 42.7599983215332 31.700000762939453 AB 5.528834016797489 1.0238581512587943
62584.1437 lsst_hardware_r 1.9588649311816788 44.59000015258789 31.6200008392334 AB 5.5493384257670355 1.0276552640309324
62589.125 lsst_hardware_r 12.354504900802123 21.8700008392334 31.479999542236328 AB 6.666706149838745 1.0256470999751917
62589.1362 lsst_hardware_u -1.8146826824992208 2.5899999141693115 28.389999389648438 AB 6.780431417009807 1.0310352400542055
62596.1019 lsst_hardware_r -37.95938914740491 21.84000015258789 31.479999542236328 AB 7.251028545141654 1.024542465873444
62596.1135 lsst_hardware_u 4.69477258546436 2.569999933242798 28.3799991607666 AB 7.256789543011334 1.028942651906324
62598.1021 lsst_hardware_g 9.492377432072235 13.319999694824219 31.420000076293945 AB 10.545130872897351 1.026240170589981
62598.1146 lsst_hardware_r -1.7420069646288403 21.920000076293945 31.489999771118164 AB 10.615009624725161 1.0330406914237906
62600.1019 lsst_hardware_i 36.40801200792816 29.760000228881836 31.25 AB 7.370854912898 1.0285870657128104
62600.1142 lsst_hardware_z 36.333608128509 40.619998931884766 30.940000534057617 AB 7.309894745211991 1.037011596710454
62604.0971 lsst_hardware_z 23.51775464327495 47.2599983215332 30.969999313354492 AB 7.455250902074313 1.0322615392812924
62604.1076 lsst_hardware_i -28.615255908005917 43.4900016784668 31.309999465942383 AB 7.57202535751362 1.0409713166777042
62606.0527 lsst_hardware_r 5.449141682731068 71.55999755859375 31.65999984741211 AB 11.183211184056557 1.0259826774363814
62606.0636 lsst_hardware_z 37.18943903459736 56.880001068115234 30.989999771118164 AB 11.158099443127673 1.0236788479933645
62608.096 lsst_hardware_y -60.985664263468614 80.58000183105469 30.809999465942383 AB 14.79641797448949 1.0403162465365599
62612.0437 lsst_hardware_g 24.025249059948436 35.93000030517578 31.700000762939453 AB 7.252182266181612 1.024078456038825
62612.0548 lsst_hardware_r -67.62325481833244 44.08000183105469 31.6299991607666 AB 7.255599248155939 1.023934412666628
62616.0306 lsst_hardware_z 0.7931742628957513 40.38999938964844 30.950000762939453 AB 13.468802943616252 1.0244902785423298
62616.042 lsst_hardware_r -6.035541734439369 21.649999618530273 31.489999771118164 AB 13.954467821949386 1.0237303075305837
62618.0282 lsst_hardware_u -2.3496932566707 2.549999952316284 28.3700008392334 AB 4.73917420558034 1.0239483339388562
62618.0393 lsst_hardware_g -0.22897260773007594 12.979999542236328 31.3799991607666 AB 4.734162726831118 1.024064041856213
62622.0202 lsst_hardware_r -10.571670712992129 21.75 31.5 AB 10.936984430386222 1.0236628434960975
62622.0317 lsst_hardware_u 1.9675720089345947 2.6500000953674316 28.459999084472656 AB 10.912389392621163 1.0247337207832814
62623.0292 lsst_hardware_g -8.325726267028031 13.170000076293945 31.420000076293945 AB 8.993054868465448 1.0247911650009056
62623.0408 lsst_hardware_r 12.859703144212538 21.860000610351562 31.5 AB 9.054974151038973 1.0295105387509371
62625.0251 lsst_hardware_i 11.518176047923966 29.790000915527344 31.260000228881836 AB 11.284946993204967 1.0251587021443465
62625.0372 lsst_hardware_z 75.23990948088861 40.61000061035156 30.950000762939453 AB 11.253184582170803 1.0306057864429712
62631.0018 lsst_hardware_z -9.866039021051922 41.880001068115234 30.950000762939453 AB 7.749338043184366 1.0238033305979566
62631.0138 lsst_hardware_g -4.986982016610714 23.809999465942383 31.610000610351562 AB 7.78373520752443 1.026968318346965
62633.0041 lsst_hardware_r -10.004275396969602 46.880001068115234 31.6299991607666 AB 10.434082316269134 1.0254122466973745
62633.0165 lsst_hardware_z -15.666553525882913 47.2599983215332 30.959999084472656 AB 10.464103154308875 1.0313271557776396
62637.0001 lsst_hardware_r -38.96270687352187 86.05000305175781 31.65999984741211 AB 5.393952992231554 1.0282030103376962
62637.0115 lsst_hardware_y -7.525778398811807 53.43000030517578 30.049999237060547 AB 5.43420752655949 1.0356296205745201
62639.0003 lsst_hardware_g 60.81415797395929 86.97000122070312 31.729999542236328 AB 7.5617916015515085 1.0314464247640955
62639.0118 lsst_hardware_r -102.70772149118723 79.61000061035156 31.649999618530273 AB 7.577115294603466 1.040752973561971
