data/validation/pwv_sim_epoch_fit_seasonal/60949314.ecsv
# %ECSV 0.9
# ---
# datatype:
# - {name: time, datatype: float64}
# - {name: band, datatype: string}
# - {name: flux, datatype: float64}
# - {name: fluxerr, datatype: float64}
# - {name: zp, datatype: float64}
# - {name: zpsys, datatype: string}
# - {name: pwv, datatype: float64}
# - {name: airmass, datatype: float64}
# meta: {SNID: '60949314', alt: 1024.0, c: -0.05984833836555481, dec: -21.702768, lat: -30.244573, lon: -70.7499537, ra: 13.886719, t0: 63142.5,
#   x0: 9.8642979481441e-06, x1: -0.33920028805732727, z: 0.46269479393959045}
# schema: astropy-2.0
time band flux fluxerr zp zpsys pwv airmass
63053.3651 lsst_hardware_i -93.49901787348165 64.37999725341797 31.309999465942383 AB 6.421715948348677 1.1303847823180209
63053.3854 lsst_hardware_z -27.862643011222893 58.34000015258789 30.979999542236328 AB 5.346532424767807 1.0760497299277756
63057.4133 lsst_hardware_r 6.254969706128555 52.310001373291016 31.639999389648438 AB 9.63879852230321 1.0199606908840984
63057.4338 lsst_hardware_y 16.09421620061906 51.790000915527344 30.059999465942383 AB 10.552496734974216 1.0117446534011862
63062.3664 lsst_hardware_z 2.6435816532419 41.380001068115234 30.940000534057617 AB 4.008591986118089 1.064416353191208
63062.374 lsst_hardware_y -61.10502701841364 47.040000915527344 30.049999237060547 AB 3.892990067706319 1.0505977783580263
63065.4176 lsst_hardware_r -7.590711509973991 22.829999923706055 31.5 AB 2.1705400184038313 1.0119067684866345
63065.4372 lsst_hardware_y 24.98042383623724 54.04999923706055 30.059999465942383 AB 2.235634560689352 1.020604684176688
63069.395 lsst_hardware_u -3.5387238345632497 2.700000047683716 28.459999084472656 AB 5.371498053699693 1.0127258773943615
63069.416 lsst_hardware_g -13.653896715005258 14.149999618530273 31.450000762939453 AB 5.410599560753739 1.0144557159002041
63079.2166 lsst_hardware_r -144.72797020685007 132.41000366210938 32.689998626708984 AB 7.261232987355586 1.6194854629445217
63079.2723 lsst_hardware_z -99.09227014752491 96.86000061035156 32.13999938964844 AB 5.364809359071201 1.213712007632714
63083.298 lsst_hardware_z -55.519844991296786 95.5999984741211 31.729999542236328 AB 1.664582997151475 1.0888523284719378
63083.3248 lsst_hardware_r 47.941530215290825 129.52000427246094 32.40999984741211 AB 1.6673397365452822 1.0383018598102431
63085.3794 lsst_hardware_i 43.3025111616899 56.779998779296875 31.329999923706055 AB 3.2229613071856096 1.0183132092213616
63085.402 lsst_hardware_z -123.9363327670262 56.099998474121094 30.979999542236328 AB 3.162254719037626 1.0421579871594944
63088.2905 lsst_hardware_z -31.95048915990641 43.619998931884766 30.959999084472656 AB 4.46478367652454 1.0746214998554764
63088.3081 lsst_hardware_r 23.882798382313798 31.530000686645508 31.579999923706055 AB 5.106411808323484 1.0426213451963828
63091.3499 lsst_hardware_u -0.9687982850483272 2.880000114440918 28.579999923706055 AB 4.735542974622064 1.01248112631338
63091.3675 lsst_hardware_g -26.72138719318988 14.600000381469727 31.469999313354492 AB 4.800951652371292 1.021623986176328
63100.2434 lsst_hardware_i -46.87950860362435 31.209999084472656 31.239999771118164 AB 2.1966477800665767 1.110493042962418
63100.2601 lsst_hardware_z 13.337443838774393 41.630001068115234 30.950000762939453 AB 1.885340213039029 1.0695954309979363
63102.2775 lsst_hardware_r -34.22288433223209 22.709999084472656 31.510000228881836 AB 2.894003872604322 1.0324665974328655
63110.2392 lsst_hardware_r -28.15819923679407 115.04000091552734 31.65999984741211 AB 1.6641121489979922 1.0571384747472687
63110.2561 lsst_hardware_z 52.025126310004936 76.08000183105469 31.0 AB 1.7443284816506763 1.0319434914123504
63113.2457 lsst_hardware_i -9.771558984327013 69.08000183105469 31.329999923706055 AB 1.7161115336457806 1.0346331593521014
63113.2654 lsst_hardware_r -93.9616444162394 82.72010565486724 31.65999984741211 AB 2.268894268515059 1.016681524353275
63115.2495 lsst_hardware_z 106.6725353351891 69.70149523949091 31.719999313354492 AB 0.433030451988154 1.024519996817399
63121.2225 lsst_hardware_z 191.37036239118228 42.883126377827836 30.950000762939453 AB 3.110504832286063 1.036374333280563
63121.2411 lsst_hardware_r 264.4517261269046 28.20035417919954 31.510000228881836 AB 3.057469488075888 1.0181948675392867
63123.2031 lsst_hardware_i 406.8433497857857 36.58342737380414 31.25 AB 0.9269371440586892 1.0582480952054296
63123.222 lsst_hardware_u 9.298811797858171 4.428529344604154 28.489999771118164 AB 1.2604463456193653 1.0303376122230015
63132.1943 lsst_hardware_g 1100.2223456808051 36.5851851173877 31.43000030517578 AB 2.0461061700415386 1.0340397574433373
63135.1843 lsst_hardware_i 2086.512275253295 62.56725760327349 31.299999237060547 AB 3.5079334612799307 1.0363426360905108
63139.1252 lsst_hardware_i 4504.81847032458 158.40745698575674 32.06999969482422 AB 4.780963399168136 1.147339428646061
63139.1396 lsst_hardware_r 3970.1776983701207 142.0046142925498 31.649999618530273 AB 4.5788010066161755 1.103059746233611
63146.1731 lsst_hardware_z 1883.5995474265994 58.686217065322225 30.950000762939453 AB 4.562025651030775 1.0180252498813447
63146.1911 lsst_hardware_r 3513.130297230027 65.9229973985775 31.549999237060547 AB 4.6467865151801275 1.0117288974355716
63148.1489 lsst_hardware_i 2286.4025505114932 56.82812455871967 31.260000228881836 AB 3.655088514543996 1.0362186300918226
63148.1668 lsst_hardware_u 1.1183133206473899 2.934192540238411 28.469999313354492 AB 3.301221298631138 1.018581085662184
63150.1477 lsst_hardware_g 803.2353651113425 32.07562774784698 31.43000030517578 AB 4.6027184621409845 1.0309979382083352
63150.1664 lsst_hardware_r 2832.6134868570816 59.07126080756279 31.5 AB 4.457748269732474 1.0155866349634481
63152.1486 lsst_hardware_i 2100.064342596775 54.76173986114194 31.25 AB 5.955638986540198 1.0244057598865102
63152.1666 lsst_hardware_r 2735.563804077934 56.898642458917344 31.5 AB 5.918201561192288 1.013246094083338
63156.1487 lsst_hardware_r 2167.084028461097 51.89530082595427 31.510000228881836 AB 6.504211811890946 1.0162830956079603
63156.167 lsst_hardware_i 1833.9669104081472 52.27454147531017 31.25 AB 6.561014933396355 1.0117216551112345
63158.127 lsst_hardware_z 1190.4933179450134 53.32035819255235 30.950000762939453 AB 3.820900163293234 1.029707194563394
63158.1442 lsst_hardware_r 1897.9579758335037 49.10736338429241 31.5 AB 3.754281476374511 1.0157687977203764
63160.1319 lsst_hardware_u 5.174955961008696 3.236456834389264 28.520000457763672 AB 2.676746474573844 1.0201015528101538
63160.1484 lsst_hardware_g 359.31979218858896 23.618171743283195 31.450000762939453 AB 2.722066976744666 1.012297127833643
63164.1069 lsst_hardware_i 1400.1072466352355 59.9140706795148 31.31999969482422 AB 4.665734433283567 1.034072347802209
63164.1237 lsst_hardware_r 1269.2176154765289 63.19739162994793 31.639999389648438 AB 4.620709242349548 1.0181885289249435
63169.1004 lsst_hardware_r 841.361399324373 110.30453662000532 31.65999984741211 AB 6.156650587876597 1.0261084313127662
63169.1173 lsst_hardware_i 1114.711045690225 90.61777384155721 31.34000015258789 AB 6.085821891313671 1.0143036485522785
63171.09 lsst_hardware_i 1095.8295245789777 68.80661608650826 31.329999923706055 AB 5.667613107175963 1.031412758357773
63171.1093 lsst_hardware_z 840.8026599565601 64.1250894760296 30.989999771118164 AB 5.508469440333755 1.015464064582611
63180.0785 lsst_hardware_i 625.7313807852196 39.572034193246566 31.25 AB 8.73164588955027 1.0192186167328434
63180.0963 lsst_hardware_u 13.782067327502414 3.7874955029776958 28.469999313354492 AB 9.572523895027038 1.0118947034911858
63185.0602 lsst_hardware_r 344.0624844519557 28.67773266274393 31.5 AB 5.468799858132921 1.0228747513576275
63185.0788 lsst_hardware_i 543.2129366776502 38.04390763637241 31.260000228881836 AB 5.409265256037145 1.0125917738744186
63190.0542 lsst_hardware_g 67.46350372599173 20.103516421682784 31.540000915527344 AB 6.641067401541359 1.0172424602193606
63190.0721 lsst_hardware_r 253.29327410213233 30.228096040981725 31.530000686645508 AB 6.68208385593589 1.0116832949094825
63192.0576 lsst_hardware_i 381.6627659324123 45.12702586223556 31.290000915527344 AB 4.441747395768993 1.013172307429202
63192.0765 lsst_hardware_z 365.1294010307719 49.58581602791712 30.959999084472656 AB 4.456139188077701 1.0131042828414982
63194.0544 lsst_hardware_i 439.1480750546948 62.41747932779373 31.329999923706055 AB 7.614365511884248 1.0125486053037565
63194.0741 lsst_hardware_z 299.2885578910119 59.01638335402336 30.979999542236328 AB 7.638231324125644 1.0141937670344194
63196.0367 lsst_hardware_y 215.34126763052572 55.079858944529285 30.059999465942383 AB 4.830125770698416 1.0179400991988232
63196.0573 lsst_hardware_z 389.5072589312208 64.15580946178997 30.979999542236328 AB 4.367156549112952 1.0116964978640042
63200.0307 lsst_hardware_z 653.8309806339379 95.68999634946461 31.739999771118164 AB 5.671102054061017 1.0151743040863448
63203.0228 lsst_hardware_y -24.741889978667025 72.461004897186 30.079999923706055 AB 6.808229777103459 1.0150354997633988
63203.0418 lsst_hardware_r 163.87680314986557 27.136600867900974 31.510000228881836 AB 6.7105113262871825 1.0120344561889536
63205.0241 lsst_hardware_y -11.121322435475008 79.53640057209212 30.079999923706055 AB 2.219813269859621 1.0126115425498157
63205.043 lsst_hardware_z 299.1413603119734 44.78322136260481 30.950000762939453 AB 1.462376040511681 1.013778884236431
