data/validation/pwv_sim_epoch_fit_seasonal/61217889.ecsv
# %ECSV 0.9
# ---
# datatype:
# - {name: time, datatype: float64}
# - {name: band, datatype: string}
# - {name: flux, datatype: float64}
# - {name: fluxerr, datatype: float64}
# - {name: zp, datatype: float64}
# - {name: zpsys, datatype: string}
# - {name: pwv, datatype: float64}
# - {name: airmass, datatype: float64}
# meta: {SNID: '61217889', alt: 1024.0, c: -0.08480528742074966, dec: -9.442778, lat: -30.244573, lon: -70.7499537, ra: 218.320312, t0: 62663.67578125,
#   x0: 5.753854830378378e-06, x1: -1.5509124994277954, z: 0.5787378549575806}
# schema: astropy-2.0
time band flux fluxerr zp zpsys pwv airmass
[from data line 133]
62985.2154 lsst_hardware_g -18.089897330166174 15.850000381469727 31.469999313354492 AB 11.221879780703329 1.0724956783086967
62985.2338 lsst_hardware_r 36.361335091397066 24.969999313354492 31.510000228881836 AB 11.371452574126051 1.0892195952228017
62989.1469 lsst_hardware_r 58.27341730900525 64.31999969482422 31.6299991607666 AB 12.522881039374553 1.106652619244835
62989.164 lsst_hardware_i -23.8410559777677 55.029998779296875 31.31999969482422 AB 12.287554504169053 1.0825323880949764
62994.2014 lsst_hardware_r 83.01572445110665 194.19000244140625 32.400001525878906 AB 9.536557093562523 1.0804256525939413
62994.2213 lsst_hardware_z 58.87144817958038 131.27999877929688 31.739999771118164 AB 9.893733821278746 1.1079209206359177
63001.1421 lsst_hardware_i 49.73353425701995 32.130001068115234 31.260000228881836 AB 7.443625182704557 1.0735352706262606
63001.1627 lsst_hardware_z 8.564570137590268 42.4900016784668 30.950000762939453 AB 7.440391950560386 1.0692138603284589
63004.0839 lsst_hardware_u -1.3110296246120028 3.9000000953674316 29.1299991607666 AB 9.985076470419202 1.1578242660504083
63004.1067 lsst_hardware_g -11.081063185127732 21.860000610351562 32.189998626708984 AB 9.510149584232497 1.1053172459590932
63008.129 lsst_hardware_r 21.76463474293557 24.420000076293945 31.510000228881836 AB 5.3033412922031316 1.0705710405658604
63008.151 lsst_hardware_z 4.26387994522606 42.2400016784668 30.950000762939453 AB 5.2892878064859286 1.0716822624832192
63014.1183 lsst_hardware_g -14.821102529918576 17.719999313354492 31.510000228881836 AB 8.210857831614776 1.069064113051382
63014.1394 lsst_hardware_r -24.167233917260933 25.459999084472656 31.520000457763672 AB 7.664873618995551 1.0744145807395409
63016.0889 lsst_hardware_r 54.482591736184006 39.4900016784668 31.600000381469727 AB 13.080494946163991 1.0840189181904094
63016.1187 lsst_hardware_i 44.463326438635725 56.04999923706055 32.040000915527344 AB 12.930481586872597 1.0688188671773458
63016.1446 lsst_hardware_z -0.35303475743445883 46.27000045776367 30.959999084472656 AB 13.060044319746149 1.083791124982392
63021.1021 lsst_hardware_z -238.79197282568205 138.30999755859375 31.75 AB 12.413045252483107 1.068777170500333
63023.0895 lsst_hardware_r -94.19805623194564 108.13999938964844 31.649999618530273 AB 5.457338960473725 1.0700664628379852
63023.1108 lsst_hardware_z 150.6448102043928 73.43000030517578 30.989999771118164 AB 5.467484849603724 1.0720558528634754
63033.0784 lsst_hardware_r 7.196819420102778 24.209999084472656 31.510000228881836 AB 9.19835860721281 1.0699809354946124
63037.0385 lsst_hardware_r 8.609075659865846 24.350000381469727 31.510000228881836 AB 3.8216780712646385 1.0773383023674041
63037.0599 lsst_hardware_i -3.990489381735661 31.6200008392334 31.25 AB 4.016748938882553 1.0687580325185804
63043.0354 lsst_hardware_z 18.727972491587327 42.68000030517578 30.959999084472656 AB 4.349899795012203 1.0699105833431672
63043.0565 lsst_hardware_r 1.635098507346776 26.799999237060547 31.530000686645508 AB 4.203893574771079 1.0722166867999945
63045.0326 lsst_hardware_z 25.250210316894655 46.529998779296875 30.959999084472656 AB 7.702180933810193 1.069252327692299
63045.0539 lsst_hardware_g -34.37634626004775 36.33000183105469 31.670000076293945 AB 7.5879176195129325 1.0738632351419377
63047.003 lsst_hardware_z 59.16343828762291 66.7699966430664 30.979999542236328 AB 3.86796964877684 1.0854411810794171
63047.0236 lsst_hardware_r -1.3705847214140552 81.70999908447266 31.649999618530273 AB 3.83502156011416 1.0701887986923846
63049.004 lsst_hardware_i -111.91727401273185 82.69999694824219 31.329999923706055 AB 9.48557516392559 1.078825722368563
63049.0235 lsst_hardware_r 59.70778827252956 99.30999755859375 31.649999618530273 AB 9.43357366564923 1.068960188742085
63052.0119 lsst_hardware_z -36.61080308419474 107.54000091552734 32.16999816894531 AB 4.054544829117868 1.069612600013478
63066.9636 lsst_hardware_y 45.50642037327186 82.11000061035156 30.799999237060547 AB 3.233299217107095 1.0725526083009023
63066.9895 lsst_hardware_r 39.013688183983234 35.70000076293945 32.27000045776367 AB 3.39201242698722 1.071500187528868
63068.964 lsst_hardware_z 14.244041544961911 52.099998474121094 30.969999313354492 AB 5.745211860437497 1.0700379066467478
63068.9864 lsst_hardware_g 0.8510504057330328 16.139999389648438 31.459999084472656 AB 5.8712427488101495 1.0726996495999055
63071.9648 lsst_hardware_y 115.48235686451369 57.38999938964844 30.049999237060547 AB 5.258897732769491 1.0687730378558054
63071.9858 lsst_hardware_i -44.81306009419711 33.88999938964844 31.260000228881836 AB 5.2870236003906825 1.0780493654260224
63072.9639 lsst_hardware_y -44.04402612274427 63.02000045776367 30.049999237060547 AB 8.850479442962698 1.0688984834496011
63072.9841 lsst_hardware_r 22.785832300029817 33.34000015258789 31.56999969482422 AB 8.869536014243659 1.0789533500691757
