data/validation/pwv_sim_epoch_fit_seasonal/61481679.ecsv
# %ECSV 0.9
# ---
# datatype:
# - {name: time, datatype: float64}
# - {name: band, datatype: string}
# - {name: flux, datatype: float64}
# - {name: fluxerr, datatype: float64}
# - {name: zp, datatype: float64}
# - {name: zpsys, datatype: string}
# - {name: pwv, datatype: float64}
# - {name: airmass, datatype: float64}
# meta: {SNID: '61481679', alt: 1024.0, c: 0.10399636626243591, dec: -12.48276, lat: -30.244573, lon: -70.7499537, ra: 127.617188, t0: 60673.62109375,
#   x0: 4.047389547371126e-06, x1: -0.8778020143508911, z: 0.6692788600921631}
# schema: astropy-2.0
time band flux fluxerr zp zpsys pwv airmass
60644.342 lsst_hardware_u -6.15887936887899 4.209143185868574 28.770000457763672 AB 7.600383399664172 1.0544372086103961
60646.3409 lsst_hardware_r -6.851782773605139 24.110424248255196 31.5 AB 6.372026100857237 1.0521686017062801
60648.3403 lsst_hardware_z 51.92931351768003 43.75130336918356 30.959999084472656 AB 4.253202775804727 1.0504761311829356
60652.3292 lsst_hardware_i 122.22981617909504 33.06478648206657 31.25 AB 6.954979082122964 1.0505217252657633
60652.3478 lsst_hardware_y 135.77080372342758 58.43435543843012 30.059999465942383 AB 7.7280985267197115 1.0519906336710363
60656.3256 lsst_hardware_g 50.63498213915724 15.785182820046735 31.420000076293945 AB 10.547692828800155 1.049573892114051
60656.3446 lsst_hardware_y 152.03447745796635 52.190622236812914 30.049999237060547 AB 11.02546997810909 1.0563746236360934
60662.2698 lsst_hardware_z 1290.706620590329 95.78444719334924 31.739999771118164 AB 4.678546725342872 1.0786274871107484
60662.2912 lsst_hardware_r 889.9668128042827 86.25645614324853 31.649999618530273 AB 4.582628455501859 1.0554795774749488
60663.287 lsst_hardware_i 830.2420753270014 68.40005458294675 31.329999923706055 AB 4.518990272386244 1.0564971023346637
60663.3071 lsst_hardware_z 677.8708001507791 63.648861951811995 30.979999542236328 AB 4.592442920516587 1.0495812868281538
60665.281 lsst_hardware_r 2182.2340420967516 84.17548989851005 32.380001068115234 AB 4.90027406095346 1.0568907712614664
60665.3077 lsst_hardware_z 783.3694424959161 56.35172631160514 30.969999313354492 AB 6.255747957596845 1.050429937607962
60668.2704 lsst_hardware_g 199.6365200748544 23.914070830336 31.549999237060547 AB 6.687469361557793 1.0587860825222604
60670.274 lsst_hardware_i 1367.169258583446 47.11161777728522 31.260000228881836 AB 6.61411656357652 1.052798137167468
60670.2941 lsst_hardware_z 928.803619404529 51.27117704305203 30.950000762939453 AB 6.294767122340865 1.0504409048545638
60672.2742 lsst_hardware_r 1153.065157678071 40.46954035155596 31.5 AB 7.537333652826003 1.0506214872100366
60672.2961 lsst_hardware_g 209.32660871286623 18.598268360426957 31.43000030517578 AB 7.3698954897807045 1.0533688972744522
60674.2486 lsst_hardware_u -4.761244009152545 2.6811581619134137 28.399999618530273 AB 7.213818631139443 1.0638673643976615
60674.2684 lsst_hardware_r 1039.6337015227916 40.066847941315515 31.5 AB 5.907046192755117 1.0507174942273751
60676.2544 lsst_hardware_i 1260.581499731444 46.744871915925266 31.25 AB 7.456734788237802 1.0545665740199694
60676.2739 lsst_hardware_z 916.3361236906964 51.22329974554755 30.950000762939453 AB 7.426811531144411 1.0497378812968077
60678.258 lsst_hardware_r 945.1398697044071 38.21152002523752 31.489999771118164 AB 4.6090213141034635 1.0505690037085733
60678.2801 lsst_hardware_u 0.9249936575842225 2.6334510474478785 28.3700008392334 AB 4.597085879602125 1.0535720121318852
60680.242 lsst_hardware_g 99.23598747173064 16.59185358936614 31.420000076293945 AB 12.236527257834377 1.0555099851491743
60680.2642 lsst_hardware_r 891.4383718940381 37.2268594036509 31.5 AB 10.91827988541177 1.049901905770733
60682.2464 lsst_hardware_i 1163.070488394666 44.78308860445412 31.25 AB 9.27191681320069 1.0507611982321725
60682.2679 lsst_hardware_z 999.1604570207824 50.726916525931045 30.950000762939453 AB 9.930628279846612 1.0529028040127173
60684.2434 lsst_hardware_r 1377.6870930571624 49.19996034936127 32.2400016784668 AB 7.315013079162522 1.0501400537146068
60684.2679 lsst_hardware_g 132.69625446263666 22.19091528860968 32.16999816894531 AB 8.379404043112528 1.056183022954396
60688.1983 lsst_hardware_i 883.0355744550516 86.19129130548625 31.329999923706055 AB 5.6887068849015305 1.0793998168780476
60688.2183 lsst_hardware_z 753.4342146651707 75.70460006359166 30.989999771118164 AB 4.654106247183424 1.0568106981702097
60690.2016 lsst_hardware_r 672.332664604587 110.94166677447268 31.65999984741211 AB 6.489041872852275 1.0675399971789545
60692.1903 lsst_hardware_y 230.5298081408259 55.95590739448752 30.040000915527344 AB 3.277780065091607 1.0750932264007895
60692.2101 lsst_hardware_r 503.14228649523375 81.09887727482307 31.649999618530273 AB 3.402544873844529 1.0549436359584028
60694.194 lsst_hardware_i 679.0845768964311 52.89618112586603 31.299999237060547 AB 6.170352692613671 1.0638539125195985
60694.2127 lsst_hardware_z 683.5305198967689 55.4117863724186 30.969999313354492 AB 6.288967093066246 1.0510515740062247
60695.1939 lsst_hardware_r 358.4407750168244 44.65334057709538 31.600000381469727 AB 9.568173247519205 1.061243705359267
60695.2144 lsst_hardware_z 711.8011613115702 52.12574332521508 30.959999084472656 AB 10.348931136701042 1.049942286442439
60699.0823 lsst_hardware_i 400.6043121636529 38.948873179381415 31.200000762939453 AB 18.43646661243558 1.4250408975795619
60701.1727 lsst_hardware_u 4.8456953571173464 2.8849010770716927 28.549999237060547 AB 14.90819170714142 1.0662290088904738
60701.1893 lsst_hardware_g 10.801094615433875 14.98964610280754 31.450000762939453 AB 14.706963246710185 1.0528160768390058
60703.1766 lsst_hardware_r 92.91057228165894 26.510117869521956 31.520000457763672 AB 11.23838235600454 1.0573652094340344
60703.1921 lsst_hardware_i 375.35538937795127 35.90384376328855 31.260000228881836 AB 11.185862854513795 1.0500199807109492
60705.1734 lsst_hardware_z 441.61012031091013 45.936018982606974 30.950000762939453 AB 13.020855877191378 1.0557308044911322
60705.1918 lsst_hardware_u -2.2699353314872557 2.90340547518742 28.540000915527344 AB 12.897453987292154 1.0495547859618402
60707.1476 lsst_hardware_r 117.18483682812375 25.731452554327735 31.510000228881836 AB 9.0649082843171 1.0776162962811577
60707.1661 lsst_hardware_g -0.19498808905249432 15.290889267633514 31.459999084472656 AB 8.782456125159364 1.057044728309486
60709.1448 lsst_hardware_r 87.52975413761516 25.540324529392848 31.510000228881836 AB 8.031205973555092 1.073810269444692
60709.1629 lsst_hardware_i 268.231122087093 34.588979688734604 31.260000228881836 AB 7.898434611062394 1.0554465973224285
60711.1504 lsst_hardware_z 332.6453714435756 45.18822329289189 30.950000762939453 AB 6.754732858908857 1.0610639112329339
60711.169 lsst_hardware_i 214.3447918358024 34.23367598845619 31.260000228881836 AB 7.134549928893889 1.0502796892233017
60713.147 lsst_hardware_z 287.26239905563733 49.02992273703 30.959999084472656 AB 5.197245996531634 1.059221330814871
60713.1662 lsst_hardware_g 8.865345683994473 33.25929321075285 31.670000076293945 AB 5.16743172919079 1.0497931324962666
60716.1445 lsst_hardware_z 470.16352660220815 93.70614813442205 31.739999771118164 AB 3.668870552634482 1.0549805097194906
60718.1347 lsst_hardware_z 161.85251396075648 79.6839940822535 31.0 AB 4.240513735097768 1.0581004079924567
60718.1515 lsst_hardware_r 142.86999318792462 118.57500263275318 31.65999984741211 AB 4.235330258836881 1.049951723051741
60720.1238 lsst_hardware_i 290.6533172838464 78.14356521567838 31.329999923706055 AB 3.3917835213435983 1.063032862936782
60720.1404 lsst_hardware_z 145.37323385923722 69.589065587397 30.989999771118164 AB 1.9032337175186802 1.0515103411704514
60722.1215 lsst_hardware_i 143.39066829364236 54.329017003912384 31.309999465942383 AB 3.3247724619293595 1.0600262910662712
60722.1381 lsst_hardware_z 182.46041759570002 54.842374711258984 30.969999313354492 AB 3.701667467576545 1.0504909450376858
60724.1198 lsst_hardware_g 5.929738518065559 32.756143439596556 31.65999984741211 AB 5.786813117901721 1.0569521676532974
60724.1361 lsst_hardware_r 51.954112694129556 41.91525586386881 31.610000610351562 AB 5.796990481472349 1.0497990730663436
60727.1177 lsst_hardware_i 62.88013365297249 32.40200667401115 31.25 AB 4.826251247337443 1.0531151574362534
60727.1353 lsst_hardware_r 25.44083827938058 24.1818684550706 31.510000228881836 AB 5.39029429750311 1.0498016971522732
60729.0946 lsst_hardware_z 174.11543130921825 43.22561202507153 30.950000762939453 AB 7.036267660662889 1.0681376352383292
60729.1127 lsst_hardware_u 5.510366469854646 3.002837790148724 28.489999771118164 AB 6.9403292886304655 1.052881145163347
60731.0963 lsst_hardware_g 31.828977844543786 14.357320515711892 31.40999984741211 AB 8.092286443580264 1.0605880004692243
60731.1148 lsst_hardware_r 84.49096391763143 23.869644368957648 31.489999771118164 AB 8.04597223058061 1.0501823703688062
60736.0905 lsst_hardware_i 56.98597763388663 31.92779770145747 31.25 AB 3.083987027748546 1.0545949029118475
60736.108 lsst_hardware_u 3.3018681738929954 2.762043211646491 28.3799991607666 AB 3.0706746297025553 1.0495640753227375
60738.0922 lsst_hardware_g -7.687055243885849 14.213897146780521 31.40999984741211 AB 4.737584424986383 1.0511613989319688
60738.111 lsst_hardware_r 36.218362427681974 23.654831006567296 31.489999771118164 AB 4.7566441415077945 1.0511920754713358
60740.0783 lsst_hardware_i 97.08852563792775 33.973276881067015 31.260000228881836 AB 5.507476051121658 1.0554090165036711
60740.0962 lsst_hardware_r 95.19207253240678 26.704081353566878 31.520000457763672 AB 7.617600684103812 1.0495454235469568
60742.0857 lsst_hardware_z 148.38514354972608 67.52126501823764 31.709999084472656 AB 10.829634025278441 1.04999360338166
60744.0775 lsst_hardware_r 8.705034730878685 70.61905625087371 31.649999618530273 AB 10.512609040575905 1.050630525742145
60744.0958 lsst_hardware_i 118.53255395850958 59.51127336471421 31.31999969482422 AB 11.767911727904885 1.0516297101239032
60753.0423 lsst_hardware_g -12.327454393922089 14.053053118153539 31.440000534057617 AB 7.8510468812014516 1.0557448909031333
60753.062 lsst_hardware_r 42.68242205578946 35.65547415752785 31.59000015258789 AB 7.818668227350385 1.0495795902117038
60755.0338 lsst_hardware_i 31.24978211670943 31.794480745776898 31.260000228881836 AB 3.893403275154489 1.0579900204224155
60755.0542 lsst_hardware_r 14.941179755458663 23.40970929038629 31.510000228881836 AB 4.170423246227318 1.0495591408650606
60757.0308 lsst_hardware_u 3.838430015037812 2.790860034948642 28.510000228881836 AB 6.531546620652841 1.0561440123946813
60757.0511 lsst_hardware_g -3.970232989238068 13.934953498017592 31.43000030517578 AB 6.2931070705487935 1.0495800534619162
60759.0358 lsst_hardware_r 12.861109459156777 22.389999389648438 31.5 AB 8.67055472517816 1.0508489546937931
60759.0536 lsst_hardware_i -5.711675699330958 30.239999771118164 31.260000228881836 AB 10.92619446553121 1.051168373684175
60761.0228 lsst_hardware_z -49.24694257937725 41.400001525878906 30.959999084472656 AB 5.77000409602581 1.0542510947867552
60761.0408 lsst_hardware_r 31.22608122956272 22.610000610351562 31.510000228881836 AB 5.768097356214447 1.0496196569045928
60763.0224 lsst_hardware_u -2.041745213814454 2.809999942779541 28.549999237060547 AB 6.836265009417904 1.0517330783719852
60763.0397 lsst_hardware_g -5.116801852795995 13.760000228881836 31.440000534057617 AB 6.826948605983769 1.0502997855359644
60765.9943 lsst_hardware_y 32.774958668749115 48.310001373291016 30.049999237060547 AB 5.168252356814544 1.0672694593318623
60766.0127 lsst_hardware_r 9.953997886010754 22.3799991607666 31.489999771118164 AB 3.82225462449887 1.0523828811947427
60768.0171 lsst_hardware_r -24.331475539264314 23.780000686645508 31.5 AB 6.592655827749506 1.0496606022767194
60768.0361 lsst_hardware_u 4.232980630602738 2.7899999618530273 28.43000030517578 AB 6.72305830972736 1.0545560267796736
60769.9912 lsst_hardware_z -33.752687867743944 46.36000061035156 30.950000762939453 AB 9.525924652914778 1.0593482891283914
60770.0092 lsst_hardware_g -29.678671981165873 30.729999542236328 31.649999618530273 AB 8.006763504984301 1.0499984925558061
60771.9912 lsst_hardware_y -64.2095515602217 51.369998931884766 30.049999237060547 AB 11.944504351810574 1.0552226058595988
60772.0105 lsst_hardware_i -8.509846107342678 50.130001068115234 31.309999465942383 AB 11.218651031610918 1.0496001339393615
60773.9892 lsst_hardware_y -19.03689240269647 53.72999954223633 30.049999237060547 AB 9.47733888630503 1.0531936827276298
60774.0074 lsst_hardware_r -59.25118479671891 73.23999786376953 31.649999618530273 AB 8.48058042506771 1.04985830669128
60776.9856 lsst_hardware_y 28.667938509332878 55.88999938964844 30.059999465942383 AB 5.701417826826038 1.0511948055913414
60777.003 lsst_hardware_z -45.867552119671956 62.31999969482422 30.989999771118164 AB 5.180407495424176 1.0507037935450032
60780.9729 lsst_hardware_y -106.93161448947082 63.90999984741211 30.059999465942383 AB 15.658039173850657 1.0518752174114532
60780.9903 lsst_hardware_u 2.862955347945408 3.2699999809265137 28.610000610351562 AB 15.677911478565209 1.0502410904780333
60782.971 lsst_hardware_z 142.48450123275876 57.790000915527344 30.979999542236328 AB 11.835868325936726 1.050629650342792
60782.9879 lsst_hardware_r -11.050616423393718 22.829999923706055 31.510000228881836 AB 11.825516563581727 1.0511103118600709
60784.9697 lsst_hardware_y 115.41294582719935 65.02999877929688 30.06999969482422 AB 9.616240147620417 1.0497696751523327
60784.9861 lsst_hardware_z 20.48776546328007 41.56999969482422 30.950000762939453 AB 9.643461338966372 1.0526072519746341
61010.3414 lsst_hardware_r 18.29439389065802 23.719999313354492 31.510000228881836 AB 7.574598053439593 1.053588379094899
61014.3374 lsst_hardware_z 35.87710079521447 62.02000045776367 30.979999542236328 AB 4.283836962377627 1.0506896854133085
61016.3389 lsst_hardware_y -65.78410625036392 54.540000915527344 30.049999237060547 AB 4.597103398551453 1.0495669859706513
61021.3329 lsst_hardware_z 37.60133648106837 43.599998474121094 30.950000762939453 AB 11.063106066578577 1.0503946007448517
61021.3514 lsst_hardware_y 151.53328580466078 65.5999984741211 30.059999465942383 AB 12.36913122556704 1.0614243042534646
61025.3282 lsst_hardware_i -57.27765792541568 30.59000015258789 31.25 AB 11.138932079794486 1.0526643862846063
61025.3468 lsst_hardware_y 57.07425607144968 54.040000915527344 30.049999237060547 AB 11.407047268490775 1.0682034501180093
61027.2744 lsst_hardware_z 114.82796825264423 71.7699966430664 32.130001068115234 AB 5.619710904232202 1.073009974077092
61027.2964 lsst_hardware_r 28.136901261413993 22.299999237060547 31.489999771118164 AB 7.340435646339899 1.052845043938597
61029.2728 lsst_hardware_u 1.937037358366215 2.6500000953674316 28.40999984741211 AB 4.564063058839391 1.0680959632208207
61029.2934 lsst_hardware_g -11.090881420441615 13.609999656677246 31.40999984741211 AB 4.660783713084852 1.0517395268157959
61031.2604 lsst_hardware_r 3.4763646854111503 22.450000762939453 31.489999771118164 AB 5.011360609819995 1.0773644221906902
61031.286 lsst_hardware_i 15.957375879813165 30.229999542236328 31.25 AB 4.881389150160988 1.0525906523258197
61033.2629 lsst_hardware_z 48.837327810724965 41.41999816894531 30.950000762939453 AB 5.955945105047889 1.0668956748853269
61039.2534 lsst_hardware_z -17.741702230816752 41.20000076293945 30.950000762939453 AB 9.221018547484885 1.0598871893660788
61039.2738 lsst_hardware_r -19.67235725703379 22.420000076293945 31.489999771118164 AB 9.132665447628323 1.0497316606469338
61041.2567 lsst_hardware_y 102.58911807693076 50.0099983215332 30.040000915527344 AB 7.453867752066549 1.0536112696377526
61041.2783 lsst_hardware_g 47.24415525996579 44.91999816894531 31.700000762939453 AB 7.427104725805714 1.0503872922616122
61044.2434 lsst_hardware_r 37.32929178430296 108.1500015258789 31.65999984741211 AB 2.771141078121527 1.0569142464945593
61044.2631 lsst_hardware_i 102.16357328661789 83.3499984741211 31.34000015258789 AB 2.9106433307684814 1.0495423531122219
61047.2517 lsst_hardware_z -6.343291372202398 79.63999938964844 31.719999313354492 AB 9.813505788121217 1.0497599345467519
61047.2731 lsst_hardware_r -28.608071133880333 98.0 32.38999938964844 AB 9.882176395502752 1.0555061570630444
61050.2428 lsst_hardware_z 3.064669892766053 43.689998626708984 30.959999084472656 AB 7.468605627239464 1.0498584643582833
61050.2649 lsst_hardware_r -2.6252918721108323 34.22999954223633 31.59000015258789 AB 7.00033291041177 1.0554989498905756
