data/validation/pwv_sim_epoch_fit_seasonal/61530777.ecsv
# %ECSV 0.9
# ---
# datatype:
# - {name: time, datatype: float64}
# - {name: band, datatype: string}
# - {name: flux, datatype: float64}
# - {name: fluxerr, datatype: float64}
# - {name: zp, datatype: float64}
# - {name: zpsys, datatype: string}
# - {name: pwv, datatype: float64}
# - {name: airmass, datatype: float64}
# meta: {SNID: '61530777', alt: 1024.0, c: -0.0004878128820564598, dec: -53.379799, lat: -30.244573, lon: -70.7499537, ra: 294.44162,
#   t0: 62419.21484375, x0: 1.4169999405984574e-05, x1: -1.1412283182144165, z: 0.39751607179641724}
# schema: astropy-2.0
time band flux fluxerr zp zpsys pwv airmass
[from data line 132]
62697.218 lsst_hardware_r 236.99127132149823 121.58000183105469 31.649999618530273 AB 6.283244131719194 1.0899736838544318
62699.2133 lsst_hardware_z -168.1865325693748 61.650001525878906 30.969999313354492 AB 1.8612860323109335 1.0902778672132774
62699.2253 lsst_hardware_r 200.57207463305153 83.37999725341797 31.639999389648438 AB 1.9224130221810374 1.096954648890749
62704.1874 lsst_hardware_g -0.9126244145663642 13.949999809265137 31.399999618530273 AB 5.9294652105541665 1.087110898469871
62704.1995 lsst_hardware_i -22.364405545988536 30.959999084472656 31.239999771118164 AB 5.897360950518291 1.0902195496398122
62707.1972 lsst_hardware_z 11.024376307180919 41.939998626708984 30.940000534057617 AB 6.436309040214728 1.093030320151945
62707.2082 lsst_hardware_r -9.378922302512471 22.8799991607666 31.469999313354492 AB 6.445053153914739 1.100589677922599
62709.1924 lsst_hardware_u 1.2875678298294233 2.490000009536743 28.25 AB 3.4979674346891545 1.0933995628094888
62709.2034 lsst_hardware_g 12.615512472594721 13.789999961853027 31.3799991607666 AB 3.38509294759139 1.101141647359628
62716.1353 lsst_hardware_r -17.681231284642596 22.780000686645508 31.479999542236328 AB 2.1077676611661165 1.0895202211501254
62716.1469 lsst_hardware_i 28.932679155074243 30.75 31.239999771118164 AB 1.9855680452672155 1.0869898058032201
62719.1369 lsst_hardware_z -21.323529401001498 42.720001220703125 30.940000534057617 AB 2.2779844289190447 1.0871704242375333
62719.1484 lsst_hardware_g -27.904861617102423 20.739999771118164 31.540000915527344 AB 2.259299579823716 1.08737797127841
62722.1295 lsst_hardware_r 29.32672887991403 63.81999969482422 31.639999389648438 AB 4.749465491704332 1.0870829690328068
62722.1416 lsst_hardware_z 42.19722772109658 54.63999938964844 30.969999313354492 AB 4.703417809589965 1.0876211838570853
62723.1335 lsst_hardware_r -55.330562384929685 79.45999908447266 31.639999389648438 AB 4.732558959444851 1.0869450986322577
62723.1455 lsst_hardware_y -49.94521038672079 54.20000076293945 30.040000915527344 AB 4.765499758175399 1.0894230949116968
62725.1236 lsst_hardware_z 56.29254504325412 73.73999786376953 30.979999542236328 AB 2.9406457748311228 1.0869139807174728
62725.1351 lsst_hardware_r 34.991293333236385 108.37999725341797 31.649999618530273 AB 3.400300952967191 1.0879802537224375
62731.1153 lsst_hardware_r 7.171567002281478 24.639999389648438 31.520000457763672 AB 2.854879077306382 1.0873313526415267
62731.1257 lsst_hardware_i -9.897897275242137 37.45000076293945 31.280000686645508 AB 2.9580710872051967 1.0901981893876647
62733.1135 lsst_hardware_z -10.753978119986852 41.66999816894531 30.950000762939453 AB 2.2848858581018057 1.0880408848103835
62733.1245 lsst_hardware_r -24.020484751872438 22.6200008392334 31.489999771118164 AB 2.293488376777854 1.0921373222751687
62735.1072 lsst_hardware_u 5.543405142978172 2.690000057220459 28.440000534057617 AB 3.036734114610873 1.0878503007740903
62735.1182 lsst_hardware_g 1.9916815877539564 13.670000076293945 31.399999618530273 AB 3.0120580316827175 1.09172092485794
62736.0221 lsst_hardware_g 0.6449233196855229 13.649999618530273 31.3799991607666 AB 1.5327516996728419 1.1549052113571583
62736.0281 lsst_hardware_r -60.81339948153406 22.780000686645508 31.479999542236328 AB 1.5420946774166688 1.1438457243787876
62738.0545 lsst_hardware_r -3.644638592209674 22.600000381469727 31.489999771118164 AB 4.604306825661838 1.102299934321723
62738.0654 lsst_hardware_i 9.403834404797976 30.649999618530273 31.239999771118164 AB 4.578515974993318 1.0942479924301896
62740.0964 lsst_hardware_u -0.5003391608039406 2.680000066757202 28.43000030517578 AB 1.6154411397340167 1.0885721965860369
62740.107 lsst_hardware_g -5.7875987807113125 13.710000038146973 31.40999984741211 AB 1.6034176130603706 1.092990874615113
62742.0537 lsst_hardware_g -23.279217015685607 13.6899995803833 31.40999984741211 AB 6.130461370858519 1.0947252447961642
62742.0652 lsst_hardware_r 7.922323600920017 22.670000076293945 31.5 AB 6.099624912870622 1.0892187344411826
62747.0976 lsst_hardware_u -3.6806432843031462 3.119999885559082 28.489999771118164 AB 0.6728870214569296 1.0994885971518458
62747.1094 lsst_hardware_g 19.750032942219583 16.030000686645508 31.450000762939453 AB 0.5908458183332851 1.1106124404760997
62748.0548 lsst_hardware_g -2.6612364890997036 23.450000762939453 31.579999923706055 AB 1.6466825305552408 1.0876370743429595
62748.0673 lsst_hardware_r 44.586540995724356 29.0 31.540000915527344 AB 1.6459174036034612 1.0871317064752055
62751.093 lsst_hardware_r 38.05475137097535 65.01000213623047 31.6299991607666 AB 1.7044640616019726 1.1050010123837748
62751.104 lsst_hardware_y 5.211072769246746 52.5099983215332 30.030000686645508 AB 1.795699952869118 1.1170761759683472
62753.041 lsst_hardware_z -24.90442954907046 86.5999984741211 31.729999542236328 AB 2.8400799607172296 1.0876670558692396
62755.0401 lsst_hardware_z -42.75185725923466 63.54999923706055 30.979999542236328 AB 2.168622252335497 1.0870286979125299
62755.0527 lsst_hardware_r -75.6719227247243 90.95999908447266 31.649999618530273 AB 2.590790406727651 1.0878817580212685
62757.0415 lsst_hardware_i 36.70310026564458 58.959999084472656 31.31999969482422 AB 2.380114373386105 1.0870170306615894
62757.0541 lsst_hardware_z 88.14315274941592 56.34000015258789 30.969999313354492 AB 2.6982161253736856 1.0899681379009032
62760.0354 lsst_hardware_g -6.993825121155768 13.8100004196167 31.40999984741211 AB 2.7554304251299824 1.0872407306839336
62760.0469 lsst_hardware_r 1.1862261265267982 22.75 31.489999771118164 AB 2.8465811131961907 1.090365594942361
62762.0417 lsst_hardware_i 82.22954252349939 30.75 31.239999771118164 AB 1.2529552137154814 1.090474511501528
62762.0526 lsst_hardware_r -8.42447413330224 22.75 31.489999771118164 AB 1.2478214897239375 1.0965039452756682
62764.0173 lsst_hardware_z 77.19501308163089 41.63999938964844 30.940000534057617 AB 6.7541103671109655 1.0869183081929459
62764.0302 lsst_hardware_u -1.1298078639695956 2.690000057220459 28.43000030517578 AB 6.8195137044399745 1.0883939518711112
62765.0234 lsst_hardware_g 12.237131030008506 13.899999618530273 31.40999984741211 AB 4.24122285380021 1.0874930394359512
62765.0357 lsst_hardware_r -16.520443760122678 22.8799991607666 31.489999771118164 AB 4.256660991527268 1.0914515362890431
62771.0246 lsst_hardware_i 37.342139263804945 30.6299991607666 31.229999542236328 AB 3.406447810826076 1.0942945718086712
62771.0349 lsst_hardware_u 2.794653323957883 2.5399999618530273 28.290000915527344 AB 3.427183554376724 1.1018406604828048
62772.0245 lsst_hardware_g 11.171571508398426 13.829999923706055 31.389999389648438 AB 5.200734062740073 1.095968122240861
62772.0371 lsst_hardware_r -0.22901380539203098 22.899999618530273 31.479999542236328 AB 5.228711928904965 1.1064105651006804
62774.026 lsst_hardware_i -3.708952071088969 31.18000030517578 31.25 AB 3.699237053852323 1.1012365330249247
62774.0385 lsst_hardware_r -14.85296952004218 23.190000534057617 31.489999771118164 AB 3.741531445417404 1.1138272722653377
