data/validation/pwv_sim_epoch_fit_seasonal/61671510.ecsv
# %ECSV 0.9
# ---
# datatype:
# - {name: time, datatype: float64}
# - {name: band, datatype: string}
# - {name: flux, datatype: float64}
# - {name: fluxerr, datatype: float64}
# - {name: zp, datatype: float64}
# - {name: zpsys, datatype: string}
# - {name: pwv, datatype: float64}
# - {name: airmass, datatype: float64}
# meta: {SNID: '61671510', alt: 1024.0, c: -0.05323268845677376, dec: -22.993395, lat: -30.244573, lon: -70.7499537, ra: 306.386719, t0: 60952.05859375,
#   x0: 4.9193815259104085e-06, x1: -0.11756288260221481, z: 0.6173508167266846}
# schema: astropy-2.0
time band flux fluxerr zp zpsys pwv airmass
[from data line 132]
61238.1739 lsst_hardware_r 32.8823226979644 24.600000381469727 31.5 AB 2.2721922438847715 1.0591324940420004
61243.2052 lsst_hardware_g -11.378729723942204 25.030000686645508 31.6200008392334 AB 5.520043472701862 1.0099487966155751
61243.2261 lsst_hardware_i 2.716604093102183 34.31999969482422 31.270000457763672 AB 5.14512491262555 1.0100858724172859
61245.199 lsst_hardware_z -8.602253892090156 48.5099983215332 30.969999313354492 AB 5.573871719199313 1.0102016376492087
61245.2183 lsst_hardware_r 101.96943453311745 50.61000061035156 31.639999389648438 AB 6.343229056047145 1.0093718330314239
61250.1778 lsst_hardware_z 11.380684360035893 111.58000183105469 31.010000228881836 AB 4.2060893070305925 1.0138004998266001
61250.1977 lsst_hardware_r 68.99041323289153 167.2899932861328 31.670000076293945 AB 4.216840872492872 1.0082909670010454
61251.0747 lsst_hardware_z 126.02160291958856 164.3800048828125 31.719999313354492 AB 6.163648032887212 1.284093340184836
61252.1827 lsst_hardware_i 36.534658178856816 101.08999633789062 31.350000381469727 AB 3.7105660134861074 1.0093345157391655
61252.2027 lsst_hardware_z 26.280600282937037 86.12999725341797 31.0 AB 3.7108475785326864 1.0105106075383448
61254.1846 lsst_hardware_r -72.443090152791 69.88999938964844 31.65999984741211 AB 1.874628809745058 1.0082715125696158
61254.2043 lsst_hardware_z 9.245319693802008 55.599998474121094 30.979999542236328 AB 1.8817571319356858 1.0140143510363389
61256.0502 lsst_hardware_r -12.893128743158636 25.3700008392334 31.450000762939453 AB 1.935470524971116 1.3506423761138284
61256.0683 lsst_hardware_i 16.504498804890368 33.06999969482422 31.219999313354492 AB 1.7631853664691441 1.2454805979296992
61257.1522 lsst_hardware_g 1.9062485068711468 15.729999542236328 31.469999313354492 AB 2.041878657137193 1.0183933452055827
61257.1735 lsst_hardware_i -13.984279750352124 31.459999084472656 31.260000228881836 AB 1.6639974777907311 1.0084833198729175
61262.168 lsst_hardware_u 2.8315969467383213 2.8399999141693115 28.489999771118164 AB 4.16373864296274 1.008576175122283
61262.1877 lsst_hardware_g -6.937034963327755 15.779999732971191 31.479999542236328 AB 4.206066957989833 1.0176789155552464
61265.1357 lsst_hardware_g -15.395868835499348 15.6899995803833 31.489999771118164 AB 3.3641124562382467 1.0145091846315581
61265.1547 lsst_hardware_r -33.733952782730356 24.40999984741211 31.530000686645508 AB 3.4069385705215898 1.008268295508017
61268.077 lsst_hardware_z -15.632079083109211 42.630001068115234 30.950000762939453 AB 6.342817641473159 1.0925845730603743
61268.0963 lsst_hardware_r -22.96163752698623 24.6299991607666 31.530000686645508 AB 5.382352436425151 1.0512407102392876
61269.1365 lsst_hardware_r 15.9399531483066 24.559999465942383 31.530000686645508 AB 4.268910246813806 1.009278173255786
61269.1568 lsst_hardware_u -2.376145725668348 2.940000057220459 28.56999969482422 AB 4.282384746154412 1.0107115284763775
61273.1229 lsst_hardware_g 18.443193405014227 38.38999938964844 31.700000762939453 AB 2.473179605856333 1.0100794796227621
61273.1419 lsst_hardware_i -3.6654687746595105 40.27000045776367 31.299999237060547 AB 1.8067993828156388 1.0093851300646026
61277.1038 lsst_hardware_r 129.43539599941036 120.68000030517578 31.670000076293945 AB 3.895669935758178 1.0139692701090077
61277.1229 lsst_hardware_y 99.63374179420776 63.709999084472656 30.079999923706055 AB 3.828370878193879 1.0082620169064733
61279.9713 lsst_hardware_y -36.443089467906 91.52999877929688 29.940000534057617 AB 5.8582949175561945 1.4500729993950976
61279.9894 lsst_hardware_z -167.31765733779324 90.79000091552734 30.959999084472656 AB 5.3680675791262855 1.3202330494653924
61285.0806 lsst_hardware_i -69.52347443728745 31.209999084472656 31.260000228881836 AB 1.6044399669899951 1.014826038576847
61285.0988 lsst_hardware_z 18.522051499104265 41.189998626708984 30.950000762939453 AB 2.933546833509188 1.0083226971273562
61285.9757 lsst_hardware_y -42.573644129427834 69.43000030517578 29.989999771118164 AB 4.129205952489979 1.3039597744705198
61285.9925 lsst_hardware_r -2.3217088490639717 24.959999084472656 31.489999771118164 AB 4.246360463655991 1.2161414215721216
61304.9877 lsst_hardware_y -66.64330878262811 67.5 30.059999465942383 AB 2.0861762332489295 1.0655988932442495
61305.005 lsst_hardware_z 25.70334704786657 72.69999694824219 31.0 AB 2.6930489739345638 1.0360537216983445
61314.0017 lsst_hardware_y -92.2002769920253 47.310001373291016 30.059999465942383 AB 6.16376650654718 1.0146396071026114
61314.0208 lsst_hardware_r -26.34235254935358 24.479999542236328 31.530000686645508 AB 6.145486009018142 1.0082693989447464
61319.987 lsst_hardware_y 32.610350508208214 65.27999877929688 30.079999923706055 AB 6.031598734038482 1.0136005042633052
61320.005 lsst_hardware_r -6.5838399682745115 25.049999237060547 31.540000915527344 AB 3.9315417609783196 1.0082599831539545
61321.988 lsst_hardware_y 82.54907266374867 70.23999786376953 30.079999923706055 AB 4.63454763649445 1.0104758828070315
61322.0071 lsst_hardware_g 7.287176867787762 16.40999984741211 31.510000228881836 AB 3.9603292218741104 1.0091296271814203
