data/validation/pwv_sim_epoch_fit_seasonal/61728305.ecsv
# %ECSV 0.9
# ---
# datatype:
# - {name: time, datatype: float64}
# - {name: band, datatype: string}
# - {name: flux, datatype: float64}
# - {name: fluxerr, datatype: float64}
# - {name: zp, datatype: float64}
# - {name: zpsys, datatype: string}
# - {name: pwv, datatype: float64}
# - {name: airmass, datatype: float64}
# meta: {SNID: '61728305', alt: 1024.0, c: -0.08126750588417053, dec: -26.443335, lat: -30.244573, lon: -70.7499537, ra: 92.460938, t0: 62041.6875,
#   x0: 5.9167255457008785e-06, x1: 0.024884069338440895, z: 0.5719873905181885}
# schema: astropy-2.0
time band flux fluxerr zp zpsys pwv airmass
62030.3153 lsst_hardware_i 1046.3904111792783 46.926213457915836 31.18000030517578 AB 1.6635228894581306 1.4779206836083192
62030.3322 lsst_hardware_z 711.2165114829842 52.99474828039577 30.920000076293945 AB 1.4888114278077413 1.3499876933423678
62033.3028 lsst_hardware_u 4.0719068342615445 3.4871374030891413 28.059999465942383 AB 9.772421755218254 1.516475637690664
62033.3178 lsst_hardware_g 658.9729831674819 28.858225851790056 31.290000915527344 AB 8.963372392175014 1.3930898679719914
62035.3222 lsst_hardware_i 1477.6465818511595 50.2677230181356 31.209999084472656 AB 2.7500961366509897 1.326519561050401
62035.3393 lsst_hardware_r 1925.7940406717946 49.50824104728116 31.459999084472656 AB 1.905640890569431 1.2324274150812813
62037.3225 lsst_hardware_u 1.8282787317221023 3.0591043322149387 28.190000534057617 AB 5.808222462509343 1.292056012719178
62037.339 lsst_hardware_g 725.4193753009268 29.332643352997405 31.34000015258789 AB 4.956699575806223 1.2085089786190961
62041.2675 lsst_hardware_z 1089.4787663755772 61.161056077421804 30.889999389648438 AB 5.470196578203557 1.656464089493355
62041.2854 lsst_hardware_r 2143.8272040024926 54.5442552137048 31.459999084472656 AB 5.0508821384696425 1.4767941538335294
62044.2587 lsst_hardware_r 2021.3657145271814 79.54611501542395 31.489999771118164 AB 7.884674390992278 1.6636089019923244
62044.2779 lsst_hardware_z 1055.764504687737 65.00475687863802 30.920000076293945 AB 6.95971697473684 1.4708806568658346
62046.2614 lsst_hardware_y 885.73388075349 83.3908844008554 30.6200008392334 AB 4.264525944159815 1.5740130207280378
62046.2907 lsst_hardware_g 1088.2895677287072 127.9050966605457 32.369998931884766 AB 3.54968766420534 1.3358082027867562
62048.2681 lsst_hardware_i 1524.1743725935246 78.82856370719843 31.25 AB 9.713825513321604 1.461421556127766
62048.2871 lsst_hardware_z 1117.4166843731684 70.61586326943657 30.950000762939453 AB 8.77316208153237 1.324084328743409
62050.2699 lsst_hardware_r 1692.0494627586852 84.58717515839436 31.559999465942383 AB 6.177867667974523 1.4040608336305733
62050.2893 lsst_hardware_z 1238.7932224500826 66.43582504762556 30.950000762939453 AB 5.62834536007424 1.2791694000168727
62052.309 lsst_hardware_z 1152.619622390463 62.08692156342515 30.959999084472656 AB 3.162907960312223 1.1635824373446528
62052.3283 lsst_hardware_r 1599.6950856620938 69.77272829392408 31.6200008392334 AB 2.977699181122059 1.1009825966250102
62055.2567 lsst_hardware_u -6.813393544307316 3.78471167090249 28.469999313354492 AB 7.671013027048021 1.4007145123798084
62055.2761 lsst_hardware_g 241.32875009062974 31.838621485819935 31.559999465942383 AB 6.9020926845293795 1.2766876641904055
62057.2581 lsst_hardware_r 1056.0829753906614 39.77958400293629 31.43000030517578 AB 7.745786854043142 1.3525624226730941
62057.2769 lsst_hardware_i 1021.0649750920423 45.57476148314127 31.219999313354492 AB 7.193467167343737 1.2438988703689673
62059.264 lsst_hardware_z 955.7325639209974 52.393900638005576 30.93000030517578 AB 9.345819427314208 1.2832229152919676
62059.2824 lsst_hardware_u -0.3027221203387629 2.6804037549426813 28.290000915527344 AB 8.699210353251338 1.1934846769526344
62064.264 lsst_hardware_g 106.82545084625639 16.504514334854367 31.350000381469727 AB 2.4080668153868188 1.2143043990689302
62064.283 lsst_hardware_r 630.6244926707706 33.80718687490688 31.469999313354492 AB 2.2715267496386815 1.1394190108123639
62067.2626 lsst_hardware_i 621.0151084868398 40.201312700793224 31.219999313354492 AB 3.5123154937768937 1.1849917320434864
62067.2802 lsst_hardware_u 2.8252373140425293 2.9568792548269793 28.31999969482422 AB 3.3465230484161004 1.121927601860535
62075.2512 lsst_hardware_r 409.30464134270085 70.39829954730918 31.6299991607666 AB 5.773479255523531 1.1454937182348859
62075.2692 lsst_hardware_i 457.7263905297022 58.370114197768885 31.31999969482422 AB 5.511200850532311 1.0911108395431224
62081.1649 lsst_hardware_r 207.47460437429208 68.54581217468917 31.5 AB 7.070713037797444 1.5837636998090365
62081.1823 lsst_hardware_z 423.5562764817995 64.03047185497805 30.93000030517578 AB 7.579331643716665 1.4266977211701957
62086.1913 lsst_hardware_r 118.89965479246952 26.075147602106266 31.440000534057617 AB 4.331484764045732 1.2775984949500734
62086.2102 lsst_hardware_u 6.398305355026113 3.40669102914695 28.290000915527344 AB 8.125610879840252 1.187159317685311
62088.1921 lsst_hardware_g 33.64743766123707 13.931787796893515 31.299999237060547 AB 5.011890283854293 1.2447262594944226
62088.2086 lsst_hardware_r 150.27450378602936 25.343034609317282 31.450000762939453 AB 8.540963726175097 1.1716803246003662
62091.1804 lsst_hardware_z 235.31981103171387 47.64706600929783 30.920000076293945 AB 3.1819649635840377 1.2627680257605949
62091.1962 lsst_hardware_r 136.03526390295474 25.15101963970558 31.450000762939453 AB 3.0609531614398984 1.188604275872206
62095.1883 lsst_hardware_g 56.78168625319742 13.699228290370709 31.34000015258789 AB 3.7432355229192518 1.1763474211085772
62095.2043 lsst_hardware_i 143.131193541539 33.119684123083864 31.229999542236328 AB 3.5021569635665046 1.120242131488686
62096.2042 lsst_hardware_u 9.73745916735418 3.6309067747406027 28.280000686645508 AB 4.063294259934164 1.112317070882796
62096.2198 lsst_hardware_g 22.331708960616517 13.737315850796099 31.3799991607666 AB 3.2739045667504327 1.0719469249930662
62098.2029 lsst_hardware_r 81.14032193219668 24.56163099362864 31.479999542236328 AB 8.554293123530066 1.1004665253255974
62098.2197 lsst_hardware_i 165.37697823489805 32.74682077351137 31.25 AB 7.974777979059284 1.0604992990615996
62100.2174 lsst_hardware_z 568.1320868530162 64.22232977332045 31.700000762939453 AB 5.566473761414084 1.0542896735529277
62103.1865 lsst_hardware_r 113.76868992777551 54.33135886168688 31.6200008392334 AB 4.843216412339742 1.108202977425004
62103.2025 lsst_hardware_z 184.1882055207495 51.10445294568027 30.959999084472656 AB 4.596440881848767 1.067946301544685
62105.2074 lsst_hardware_i 143.72963255667676 61.298916175080166 31.31999969482422 AB 8.10133508740124 1.0475977224841968
62105.2239 lsst_hardware_z 173.75021932037333 57.96948044973665 30.979999542236328 AB 7.768701226940508 1.0234544036896858
62107.2079 lsst_hardware_i 174.5642584147225 73.65704196554586 31.34000015258789 AB 6.626276141134423 1.0377492651489582
62107.2256 lsst_hardware_z 178.1156424623693 65.3957601185834 30.989999771118164 AB 6.40034530667913 1.01591137178626
62112.141 lsst_hardware_u -0.027574349640498312 2.562565823729632 28.299999237060547 AB 4.365553363095309 1.1798792873230564
62112.1624 lsst_hardware_g -4.144807536214511 28.847972692499933 31.6200008392334 AB 4.09533151823703 1.1068463562802784
62114.1435 lsst_hardware_z 105.71701930469516 44.7676309922699 30.940000534057617 AB 8.564366835686343 1.1497852191470712
62114.1668 lsst_hardware_u -3.616575519328389 2.7374176767146707 28.43000030517578 AB 10.48137801094224 1.080916596895067
62118.1259 lsst_hardware_r 78.02374040497787 24.391826653444305 31.459999084472656 AB 8.416993137326646 1.1747783436025885
62118.1469 lsst_hardware_i 114.02668601857586 32.519087200608325 31.239999771118164 AB 7.858515409198424 1.1043444925798798
62120.131 lsst_hardware_z 197.17553146318716 44.14578312911746 30.940000534057617 AB 11.584378366601129 1.1364147025023925
62120.1524 lsst_hardware_i 109.00155677199726 32.135515868008376 31.239999771118164 AB 10.970080248042578 1.076225054601497
62122.1345 lsst_hardware_u 1.5110972742027722 2.700000047683716 28.450000762939453 AB 3.3441519861318425 1.10855866943616
62122.1557 lsst_hardware_g 2.9722738803246505 13.210000038146973 31.389999389648438 AB 3.138858039198292 1.0574479637950451
62124.1359 lsst_hardware_r 7.780697907185401 22.290000915527344 31.5 AB 3.3423400144324344 1.0898638671011445
62124.1579 lsst_hardware_i -6.096859627919473 30.040000915527344 31.260000228881836 AB 3.1811485748104356 1.0435127357094018
62126.1551 lsst_hardware_u -1.883738810048611 2.799999952316284 28.559999465942383 AB 3.6562114153005485 1.0391884647940923
62126.1763 lsst_hardware_g 2.9332261031684426 13.390000343322754 31.440000534057617 AB 3.7432656913146833 1.0136110726546816
62128.0331 lsst_hardware_y 99.90439485473397 78.44999694824219 29.8799991607666 AB 10.781402889874851 1.6209792101448144
62128.0528 lsst_hardware_z -45.70865719172497 47.189998626708984 30.90999984741211 AB 9.263663380147984 1.4359671449837987
62129.0334 lsst_hardware_y 104.03629756992547 80.44999694824219 29.8700008392334 AB 9.097582931160833 1.5884038290983558
62129.0535 lsst_hardware_z -47.99253129351893 48.380001068115234 30.90999984741211 AB 10.084668274080878 1.409391820657907
62135.0473 lsst_hardware_y -31.72973819189826 99.12000274658203 30.719999313354492 AB 10.065189868218969 1.3384264357907363
62137.0373 lsst_hardware_z 22.115652038475847 86.27999877929688 30.959999084472656 AB 9.3861155856014 1.368675362193091
62137.0564 lsst_hardware_i 4.0601272031359805 76.33000183105469 31.299999237060547 AB 8.649199201450969 1.2544415987345603
62139.0384 lsst_hardware_y 21.387356489708914 74.1500015258789 29.969999313354492 AB 7.5484027923307995 1.3256184383072045
62139.0606 lsst_hardware_r 14.995900797611332 30.530000686645508 31.520000457763672 AB 7.7909641841146735 1.2081355586919467
62141.0387 lsst_hardware_y 55.96053552410242 103.29000091552734 30.739999771118164 AB 13.300711497811326 1.291226745196472
62141.0606 lsst_hardware_r -39.66585986359019 32.0099983215332 32.220001220703125 AB 12.508722307989599 1.184818594173772
62143.0394 lsst_hardware_y 88.61725376575932 70.93000030517578 29.989999771118164 AB 12.151701993942801 1.2576363880990928
62143.0611 lsst_hardware_z 34.09511311552243 43.2400016784668 30.940000534057617 AB 11.470124589594 1.1615021988905632
62147.0373 lsst_hardware_y 23.051550393217628 76.27999877929688 30.010000228881836 AB 8.164114723643644 1.2146871411675022
62147.0543 lsst_hardware_r 31.13802453863424 22.940000534057617 31.479999542236328 AB 7.108896195062887 1.146596160494014
62151.0385 lsst_hardware_y 50.7321183013818 67.80999755859375 30.030000686645508 AB 6.842053202990944 1.164340553007705
62151.0553 lsst_hardware_g -0.5906884322992632 13.619999885559082 31.399999618530273 AB 6.563222814051871 1.1086056862551195
62153.0371 lsst_hardware_y 2.844854776530425 68.30000305175781 30.020000457763672 AB 4.2492206949054925 1.1494735874406203
62153.0533 lsst_hardware_i 45.45139798749298 30.93000030517578 31.25 AB 3.061807839965161 1.0988991798888048
62155.038 lsst_hardware_y 54.89737148461791 65.25 30.040000915527344 AB 5.458760994151889 1.128017976783969
62155.0554 lsst_hardware_i 15.882960319756906 30.670000076293945 31.25 AB 3.941081257487925 1.079600399257056
62157.0394 lsst_hardware_y -0.7088471680358706 59.83000183105469 30.040000915527344 AB 13.353397750103477 1.1072163082919373
62157.0578 lsst_hardware_g -15.349485463723541 17.549999237060547 31.5 AB 12.777147104761653 1.062143779274285
62159.0385 lsst_hardware_y -31.608622671924703 56.130001068115234 30.040000915527344 AB 9.232602397639205 1.0946451880376997
62159.0553 lsst_hardware_i -12.400291822501938 34.84000015258789 31.270000457763672 AB 8.004563633659767 1.056220047985686
62161.0444 lsst_hardware_z -48.31428684796381 75.7300033569336 31.719999313354492 AB 7.26025185248654 1.0673701635528408
62164.0374 lsst_hardware_y -2.595057685861068 59.02000045776367 30.059999465942383 AB 11.761702818629395 1.0648250733587283
62164.0552 lsst_hardware_r 48.3172234625985 77.08000183105469 31.65999984741211 AB 12.022598681679272 1.0333723761578608
62166.036 lsst_hardware_y 58.64186490734755 62.68000030517578 30.059999465942383 AB 11.424287653588491 1.0565815170948893
62166.0534 lsst_hardware_z -159.91411251974054 63.97999954223633 30.989999771118164 AB 11.567251794455844 1.0283448895286753
62168.035 lsst_hardware_y 18.773692331133137 57.560001373291016 30.059999465942383 AB 9.010933251419724 1.0482705038878226
62168.0524 lsst_hardware_z -29.975611986168847 50.15999984741211 30.979999542236328 AB 8.296059376994915 1.0228473787251382
62399.301 lsst_hardware_r -55.508773009976046 70.86000061035156 31.520000457763672 AB 9.96618777958454 1.514234658837864
62399.3172 lsst_hardware_z 53.613784733271785 56.52000045776367 30.93000030517578 AB 9.215725153971325 1.3827044492082154
62409.203 lsst_hardware_r -3.5753025675835417 23.3799991607666 31.06999969482422 AB 12.27664850331326 2.9187839446784514
62409.2311 lsst_hardware_i -30.603528331832592 41.86000061035156 31.09000015258789 AB 8.158205456807677 2.103579051584018
62411.2687 lsst_hardware_u 0.6194218717192075 2.4100000858306885 28.059999465942383 AB 5.494509347249417 1.5099991335621894
62411.2892 lsst_hardware_g -8.690341328045518 15.890000343322754 31.3700008392334 AB 4.8931976414026 1.3500338367782039
62413.2435 lsst_hardware_r -12.46900131752287 24.1299991607666 31.3700008392334 AB 4.505439851441635 1.7247903470076489
62413.2621 lsst_hardware_z 15.336326935658551 46.720001220703125 30.899999618530273 AB 4.16437341782252 1.5205379891638595
62414.2657 lsst_hardware_r -26.933022777689317 23.6299991607666 31.40999984741211 AB 9.707175122583186 1.4644234822362243
62414.2847 lsst_hardware_u 5.3220095091190025 2.5399999618530273 28.229999542236328 AB 8.763837102468681 1.3263134393082212
62416.2643 lsst_hardware_g 3.1057985636374035 13.350000381469727 31.290000915527344 AB 6.297905856912696 1.431342240207431
62416.2841 lsst_hardware_r -38.64102768110534 22.780000686645508 31.440000534057617 AB 5.707028994137315 1.297052044122117
62418.2916 lsst_hardware_z 29.275108764120017 43.970001220703125 30.93000030517578 AB 3.1848923884761917 1.2288183609322818
62418.3125 lsst_hardware_r -6.893204705431073 22.510000228881836 31.459999084472656 AB 3.0876875149669245 1.1435879685062682
62422.2189 lsst_hardware_g -5.742713191110434 13.329999923706055 31.18000030517578 AB 10.05254552202543 1.7251665560366276
62422.2354 lsst_hardware_i -13.033969347064925 33.779998779296875 31.18000030517578 AB 8.962885314666012 1.5407647448069242
62423.2675 lsst_hardware_u -5.404109247759973 2.5299999713897705 28.239999771118164 AB 7.438752066932688 1.282764626130831
62423.2745 lsst_hardware_g 13.779709335514902 13.300000190734863 31.329999923706055 AB 7.140297371140032 1.245690399710336
62425.245 lsst_hardware_r -20.92884123927576 37.08000183105469 31.520000457763672 AB 9.884936397065868 1.3914606414789275
62425.2622 lsst_hardware_y -46.01518817708769 50.2599983215332 29.969999313354492 AB 9.353602426175295 1.281871463809684
62427.2585 lsst_hardware_r -18.19140738682 53.810001373291016 31.579999923706055 AB 6.532104750698839 1.272198802356381
62427.2768 lsst_hardware_i 7.23024866714816 45.040000915527344 31.270000457763672 AB 6.101188398661971 1.1855600483190618
62429.261 lsst_hardware_z 87.92693332895877 55.099998474121094 30.950000762939453 AB 1.5394259244134338 1.2315407395307472
62429.2795 lsst_hardware_r -79.8944702595512 67.06999969482422 31.6200008392334 AB 1.3941325318286333 1.1540832217120491
62433.2602 lsst_hardware_z -8.757744836948945 61.189998626708984 30.959999084472656 AB 3.5382275908588485 1.1864620547227722
62433.2773 lsst_hardware_r 47.86948816920597 80.79000091552734 31.6299991607666 AB 3.3277237368818 1.124610928314149
62435.2381 lsst_hardware_g -69.55956764045068 70.33999633789062 31.6299991607666 AB 1.7351696949455409 1.2644705373988272
62435.2559 lsst_hardware_i -1.869583083835158 57.66999816894531 31.299999237060547 AB 1.6544149927521774 1.181724994822984
62437.2617 lsst_hardware_r -77.44991555626996 51.849998474121094 31.610000610351562 AB 2.596161705838983 1.139917324188357
62437.2783 lsst_hardware_z 88.26148088157152 49.720001220703125 30.959999084472656 AB 2.4141786751610876 1.0905380802536087
62442.2555 lsst_hardware_z -69.219047921681 41.72999954223633 30.93000030517578 AB 3.4677437503793556 1.1160768406745947
62442.2731 lsst_hardware_r 12.90848619699732 21.739999771118164 31.469999313354492 AB 3.3433528018721472 1.0703010170059248
