data/validation/pwv_sim_epoch_fit_seasonal/6194989.ecsv
# %ECSV 0.9
# ---
# datatype:
# - {name: time, datatype: float64}
# - {name: band, datatype: string}
# - {name: flux, datatype: float64}
# - {name: fluxerr, datatype: float64}
# - {name: zp, datatype: float64}
# - {name: zpsys, datatype: string}
# - {name: pwv, datatype: float64}
# - {name: airmass, datatype: float64}
# meta: {SNID: '6194989', alt: 1024.0, c: -0.09669740498065948, dec: -9.140394, lat: -30.244573, lon: -70.7499537, ra: 25.664062, t0: 60238.3984375,
#   x0: 4.048358032183563e-06, x1: 0.4759029746055603, z: 0.6682723760604858}
# schema: astropy-2.0
time band flux fluxerr zp zpsys pwv airmass
60143.4296 lsst_hardware_g -61.62134242363605 87.66000366210938 31.719999313354492 AB 2.3294251220070774 1.0783127517681181
60145.4146 lsst_hardware_i -172.0227014636533 86.05999755859375 31.329999923706055 AB 5.090909464929361 1.0864662999369068
60151.3844 lsst_hardware_r -21.581466130487524 114.47000122070312 32.400001525878906 AB 7.484739077287188 1.1050303755837383
60151.4048 lsst_hardware_y -31.267867223598692 159.3699951171875 30.81999969482422 AB 7.230908739917959 1.0804495689081748
60166.3675 lsst_hardware_r 5.188560347435401 81.02999877929688 31.649999618530273 AB 5.497504434883138 1.0778715969315347
60166.3859 lsst_hardware_g -46.34968767367075 87.79000091552734 31.719999313354492 AB 5.57892497124327 1.0728701867775519
60175.3278 lsst_hardware_z -171.6033120246308 148.8300018310547 31.75 AB 2.920775884706512 1.0921169917576463
60175.3527 lsst_hardware_i 165.74409771222167 123.1500015258789 32.08000183105469 AB 2.5467672948936464 1.0735661481268752
60177.3794 lsst_hardware_u -9.620798890551036 28.149999618530273 29.479999542236328 AB 1.1944459472165563 1.0858599520150511
60177.3987 lsst_hardware_g 30.45120130997411 87.16999816894531 31.709999084472656 AB 1.2249808606665382 1.1136189642423073
60182.2812 lsst_hardware_i -44.5391200775952 85.81999969482422 31.31999969482422 AB 2.5395054944536453 1.1437067342256986
60182.2984 lsst_hardware_z -37.66282764812139 104.29000091552734 30.989999771118164 AB 3.039064424681593 1.1073289942363247
60184.2914 lsst_hardware_r -12.560295025063011 81.54000091552734 31.639999389648438 AB 3.9841994947233066 1.1100110033590194
60184.3092 lsst_hardware_z 86.55189344352377 104.58000183105469 31.0 AB 3.310750634555681 1.0853733912868941
60187.2711 lsst_hardware_r -196.15623351528473 80.41999816894531 31.6299991607666 AB 5.461913610607319 1.13500204906381
60187.2884 lsst_hardware_i 128.76804748548 85.87999725341797 31.329999923706055 AB 5.453125111533183 1.1014003894499287
60196.2661 lsst_hardware_i -57.941681089752194 86.22000122070312 31.329999923706055 AB 4.721443546347179 1.0980101270574836
60196.2828 lsst_hardware_z 46.24464100777122 104.51000213623047 31.0 AB 4.643168536167229 1.0798066363179604
60199.2349 lsst_hardware_z -162.7409740849919 147.52000427246094 31.739999771118164 AB 3.4540907438688055 1.1434231427979493
60199.2524 lsst_hardware_r -34.24270133357283 114.79000091552734 32.38999938964844 AB 4.046950148985829 1.1066311591429665
60201.2394 lsst_hardware_u 47.54485859237669 27.729999542236328 29.450000762939453 AB 1.3511501817983003 1.1206664488236795
60201.2572 lsst_hardware_r 60.12424890327531 80.94000244140625 31.639999389648438 AB 2.280075749909954 1.0916417570587078
60209.2403 lsst_hardware_y 83.02417277229596 112.4454653136814 30.059999465942383 AB 2.1392126861994383 1.086032585961887
60209.2604 lsst_hardware_g 90.18073009263706 87.78880614482694 31.719999313354492 AB 1.7207304623921642 1.073443831810458
60215.2187 lsst_hardware_z 34.05077890421712 106.41390883207409 30.989999771118164 AB 4.038075141322676 1.091986517089923
60215.2382 lsst_hardware_r 282.15784918002936 84.07985032521779 31.639999389648438 AB 4.014959669474209 1.0754356257518711
60223.1895 lsst_hardware_z 486.2801028609438 106.54268343711966 30.989999771118164 AB 5.3375995454521314 1.1023543051326168
60223.2071 lsst_hardware_r 949.3988308177404 87.27043126711351 31.639999389648438 AB 5.164064404660955 1.0813662244081155
60227.195 lsst_hardware_r 2608.2993470262177 126.38878472204384 32.400001525878906 AB 3.7825168358109327 1.0823684192515068
60227.2141 lsst_hardware_i 2240.8119950608348 130.25971539659972 32.09000015258789 AB 2.8050539213372963 1.0729519015697933
60232.1225 lsst_hardware_u -1.5025411611449186 37.64414141359298 30.09000015258789 AB 7.528198294873137 1.2142255314311512
60232.1442 lsst_hardware_r 3174.8504023484998 126.89591422120667 32.380001068115234 AB 7.130229703832671 1.1449586035861374
60236.1808 lsst_hardware_i 1570.0338518293624 94.96460215307806 31.329999923706055 AB 2.791989825210944 1.0754623279469069
60236.1993 lsst_hardware_z 1016.8566154966995 109.82778318360889 31.0 AB 2.774266921354177 1.0736673349969832
60238.1434 lsst_hardware_z 960.2555471523597 108.6299616125332 31.0 AB 2.986067163780981 1.111025857787789
60238.1611 lsst_hardware_r 1394.845754789288 90.23447529169823 31.639999389648438 AB 2.835683669218382 1.086052726625194
60242.14 lsst_hardware_r 1410.1836797119943 91.01369348850608 31.639999389648438 AB 4.833384184732605 1.0987461206484923
60242.1563 lsst_hardware_i 1205.0504170988797 94.72378879711727 31.329999923706055 AB 4.7444671012377455 1.080498087278036
60246.13 lsst_hardware_z 878.8557591663383 108.51300837356625 31.0 AB 3.1817669745521022 1.0974133046282257
60246.1469 lsst_hardware_r 1274.8703862247705 88.32836453286576 31.649999618530273 AB 3.118609440536947 1.0793525982476744
60248.1374 lsst_hardware_i 1226.6326894207666 92.34840414983479 31.329999923706055 AB 4.03970672941204 1.08259593445336
60248.1542 lsst_hardware_z 737.3602223826324 108.48458858857859 31.0 AB 3.9210451365647367 1.0733767140885309
60260.1218 lsst_hardware_u 27.77461650440071 28.16541128195951 29.479999542236328 AB 3.6552043266507894 1.0732975730983305
60260.1396 lsst_hardware_g 177.41356652432532 88.1937329726015 31.719999313354492 AB 4.628389695777517 1.0758692923702058
60262.0926 lsst_hardware_g 13.210080181608928 88.07504832382124 31.719999313354492 AB 3.2297726399648807 1.089299372669437
60262.111 lsst_hardware_r 545.7455067934552 83.99764503792188 31.649999618530273 AB 3.1307591196110596 1.0749387535148707
60264.0918 lsst_hardware_i 539.6854310999363 89.49074850053246 31.329999923706055 AB 6.27329604054793 1.0843604063001477
60264.1101 lsst_hardware_z 492.08202958621956 107.01815412546091 31.0 AB 6.206067499426419 1.073466472456138
60267.0968 lsst_hardware_r 426.95836371101984 83.94901351909928 31.649999618530273 AB 4.789612422777598 1.075169745278096
60267.1165 lsst_hardware_z 696.0245597308221 106.81546329529924 31.0 AB 4.776227112383654 1.074214700564218
60269.1189 lsst_hardware_g 92.9951885070418 88.33295853315852 31.719999313354492 AB 3.490811136381676 1.0780763237744522
60269.1429 lsst_hardware_i 434.0117225391781 88.49713293793445 31.31999969482422 AB 3.207005482957923 1.1054827586891545
60271.0717 lsst_hardware_r 398.511003822798 83.3367491922162 31.639999389648438 AB 7.407193135020104 1.0853295272197112
60271.0914 lsst_hardware_z 310.7396444735163 106.51785906183318 31.0 AB 7.31717741740837 1.0733720723791067
60275.073 lsst_hardware_g 144.88083100833447 87.96409145031363 31.719999313354492 AB 3.9567894521671376 1.076091773774159
60275.0909 lsst_hardware_r 184.37922910637943 82.30741764677542 31.649999618530273 AB 4.102494473640307 1.0732256476572348
60277.0627 lsst_hardware_i 36.80427439103706 88.96959638629897 31.329999923706055 AB 5.881251293090266 1.0790296840823659
60277.0826 lsst_hardware_z 231.43749200788747 107.33710650456463 31.0 AB 5.776198228657584 1.0728451390524238
60279.0637 lsst_hardware_r 53.7973107155118 83.8242718138885 31.639999389648438 AB 8.968299293944591 1.0753141576640664
60279.0838 lsst_hardware_u 0.7668485086689418 28.20141304600231 29.469999313354492 AB 9.54994219887247 1.0742342180958784
60281.0641 lsst_hardware_g -2.425317741457949 87.83423901475861 31.719999313354492 AB 7.1205246077218005 1.0733688662849603
60281.0839 lsst_hardware_i 212.31701301751426 87.37262042142125 31.329999923706055 AB 7.045751642640882 1.0767272657478824
60283.0384 lsst_hardware_y 409.127262193773 112.4501514947867 30.059999465942383 AB 2.3654745692952974 1.0858687437949417
60283.0593 lsst_hardware_z 49.90715768425238 105.83587249825212 31.0 AB 1.5996545190252631 1.073233491462326
60285.0378 lsst_hardware_y 108.18603463366705 112.29252821098663 30.059999465942383 AB 5.748814880722076 1.0813665423413263
60285.0564 lsst_hardware_u 49.99058742003219 27.98895822191672 29.469999313354492 AB 4.981341211115224 1.072871249432312
60291.0324 lsst_hardware_z 203.96869028730956 105.68437023527845 31.0 AB 11.463536556558484 1.0746981560980136
60291.0513 lsst_hardware_r 156.63879527387206 81.78055415652028 31.649999618530273 AB 12.165633847496364 1.0743230172637788
60292.034 lsst_hardware_y 196.6077490570267 61.14518992974291 30.059999465942383 AB 8.938036903896869 1.0733801974176618
60292.0538 lsst_hardware_z 141.08905087465172 43.996876752853765 30.950000762939453 AB 8.505842337322111 1.076688903458495
60294.0348 lsst_hardware_y 59.320990009531826 61.352048998090254 30.049999237060547 AB 10.628530112970994 1.0727704400021503
60294.0533 lsst_hardware_u 0.18346730409253748 3.512725202896791 28.520000457763672 AB 10.795820848218748 1.0799361298168149
60511.414 lsst_hardware_r -26.05493049421632 65.80999755859375 31.6299991607666 AB 6.349956947350897 1.0850454008887005
60511.4344 lsst_hardware_y 2.9739242136775754 53.369998931884766 30.040000915527344 AB 6.671063580175712 1.0732084266691944
60514.417 lsst_hardware_z -7.117309187944942 60.70000076293945 30.979999542236328 AB 5.581674998179013 1.0765043390894915
60514.436 lsst_hardware_y 46.85740110248013 59.939998626708984 30.049999237060547 AB 5.621638854214963 1.0733439339788844
60516.415 lsst_hardware_z 72.41082053340563 60.939998626708984 30.969999313354492 AB 7.303783581072576 1.074876170871608
60516.4369 lsst_hardware_y 46.64816865267092 62.099998474121094 30.040000915527344 AB 6.540101141818306 1.075438688086764
60520.4181 lsst_hardware_y 40.69281364798394 68.62000274658203 30.790000915527344 AB 4.027447014482356 1.0730797143254203
60529.3894 lsst_hardware_r -3.0046607949766644 23.700000762939453 31.5 AB 1.5019412499948537 1.0728151785677527
60529.4064 lsst_hardware_u 2.048172759312735 2.759999990463257 28.440000534057617 AB 1.5094846668467155 1.0782033334619396
60535.3491 lsst_hardware_u -1.6163078142987009 2.8499999046325684 28.540000915527344 AB 3.7955553899430154 1.0844443971265758
60535.3682 lsst_hardware_g 34.0220959640553 14.489999771118164 31.450000762939453 AB 3.7567065805354782 1.073344737295851
60537.3439 lsst_hardware_r -25.579887085928018 33.209999084472656 32.25 AB 5.845980679230505 1.0841952298276991
60537.3632 lsst_hardware_i 30.53343015391733 44.099998474121094 32.0 AB 5.845665844311867 1.0732556629703551
60541.3664 lsst_hardware_z -12.920738154858666 63.790000915527344 30.979999542236328 AB 2.7823017398825267 1.0745243588629738
60541.3861 lsst_hardware_r 5.385007775910189 89.0199966430664 31.649999618530273 AB 1.7521595274218749 1.0894820627526036
60543.3219 lsst_hardware_z 104.23347106975952 74.38999938964844 30.989999771118164 AB 1.9798259373255223 1.0902125205537017
60543.3437 lsst_hardware_i -18.664597980191004 84.25 31.329999923706055 AB 2.0384134392112596 1.07402683954051
60546.3272 lsst_hardware_z 9.105923083439343 57.970001220703125 30.979999542236328 AB 2.684081472739301 1.077944366561789
60546.3475 lsst_hardware_r -49.78926221286305 67.56999969482422 31.639999389648438 AB 2.14414340419465 1.0731448469442693
60555.2867 lsst_hardware_i 38.55509386789098 30.979999542236328 31.239999771118164 AB 1.4248518079942691 1.0932366813255263
60555.3076 lsst_hardware_z -4.713011158586873 41.470001220703125 30.940000534057617 AB 1.6580739498817387 1.0752749350724635
60557.2708 lsst_hardware_r 14.898263478862171 23.3799991607666 31.489999771118164 AB 2.5618228995935364 1.1090942634794154
60557.2892 lsst_hardware_u -2.287072176858564 2.690000057220459 28.40999984741211 AB 2.5484478039323366 1.0842920737196156
60566.2123 lsst_hardware_r 68.43681650383715 42.31999969482422 31.59000015258789 AB 1.4625492148276815 1.1976655232655702
60566.2259 lsst_hardware_y -21.40182718387262 49.45000076293945 30.020000457763672 AB 1.4105631026164707 1.1547006774949917
60568.2382 lsst_hardware_z 6.675528000607306 52.93000030517578 30.969999313354492 AB 3.6827853792187204 1.113745578393037
60568.2579 lsst_hardware_r -24.047447796065935 61.08000183105469 31.639999389648438 AB 4.380519558817145 1.0855409446929443
60571.228 lsst_hardware_r 155.2483987795691 137.63999938964844 31.649999618530273 AB 6.6783968084444885 1.117598618025038
60571.2484 lsst_hardware_i -66.07787752096655 107.12000274658203 31.34000015258789 AB 6.4246632486590185 1.0868995514564403
60580.2185 lsst_hardware_g 11.068600829147362 14.6899995803833 31.43000030517578 AB 4.087532370523611 1.0931666691837876
60580.2375 lsst_hardware_r -26.950545511459936 23.6200008392334 31.5 AB 4.089380553465491 1.0761527772277608
60582.2135 lsst_hardware_i 1.7404086005663293 31.739999771118164 31.25 AB 4.144693255664298 1.092577634285826
60582.2334 lsst_hardware_z -32.9942398496853 42.22999954223633 30.940000534057617 AB 3.988734597780627 1.0754929822122345
60586.2079 lsst_hardware_g 3.027219692200871 14.850000381469727 31.43000030517578 AB 2.4252522272595587 1.0864202899474393
60586.2254 lsst_hardware_i 20.916480019991326 31.459999084472656 31.25 AB 2.8109645875544405 1.074322410683906
60588.2102 lsst_hardware_z 21.37323540794262 42.060001373291016 30.950000762939453 AB 5.150834138472139 1.0795376844639106
60588.2285 lsst_hardware_r -6.088633924574685 23.670000076293945 31.5 AB 5.138082582345404 1.0728179111244578
60592.1776 lsst_hardware_g -7.204070413201183 16.15999984741211 31.469999313354492 AB 3.7838260402531576 1.1050893809151914
60592.1954 lsst_hardware_r -4.517206063796632 23.989999771118164 31.520000457763672 AB 3.7193331165266987 1.0826702260412808
60594.179 lsst_hardware_i -26.47099364882478 35.93000030517578 31.270000457763672 AB 6.7405959568912195 1.0948450390187536
60594.1988 lsst_hardware_z -71.86085647678917 43.95000076293945 30.959999084472656 AB 6.700946357077491 1.0763996075836622
60596.1701 lsst_hardware_r -48.96970319485932 52.25 31.6200008392334 AB 8.872559046262195 1.0997222417282548
60596.1886 lsst_hardware_z -21.099405070656612 49.709999084472656 30.969999313354492 AB 8.93171663066165 1.0793615263639456
60599.1708 lsst_hardware_z 53.3460001116494 88.2699966430664 31.0 AB 7.155054517377383 1.0881522616884685
60599.1882 lsst_hardware_i 67.29566137041986 103.29000091552734 31.34000015258789 AB 7.02309561324479 1.0749636142721617
60603.1431 lsst_hardware_r -3.070802329922697 67.66999816894531 31.639999389648438 AB 2.9977504267267348 1.1128884148226192
60603.1601 lsst_hardware_y 5.901036169775595 52.41999816894531 30.040000915527344 AB 2.909786278746185 1.0879061361214548
60605.1425 lsst_hardware_g 15.416141941269183 14.970000267028809 31.440000534057617 AB 5.40919218496608 1.104442697536122
60605.1591 lsst_hardware_r 13.698713490362303 23.989999771118164 31.510000228881836 AB 5.256818132122141 1.0833960358854409
60607.1413 lsst_hardware_i 55.92888816378559 31.8700008392334 31.260000228881836 AB 4.820199189642383 1.0979118949910522
60607.1579 lsst_hardware_z -16.68040364010074 42.310001373291016 30.950000762939453 AB 4.733874983667665 1.0798483025512928
60609.1066 lsst_hardware_r 25.370653297752153 24.329999923706055 31.5 AB 4.889599885925532 1.1600474225208854
60609.1138 lsst_hardware_u 4.090457623757189 2.859999895095825 28.489999771118164 AB 4.8148924930449875 1.1407895655611247
60611.1346 lsst_hardware_g 1.996936633580852 14.890000343322754 31.469999313354492 AB 3.1377695246514623 1.092221218768276
60611.153 lsst_hardware_i 15.23158126182714 31.329999923706055 31.260000228881836 AB 3.1075336190236 1.076077896585845
60615.1239 lsst_hardware_r -53.07366487295671 23.93000030517578 31.510000228881836 AB 5.925608140317258 1.0919425319994946
60615.1418 lsst_hardware_u 1.6331048288175427 2.7799999713897705 28.459999084472656 AB 4.197255230464602 1.0762192898627185
60620.1277 lsst_hardware_i -33.60849420997148 31.420000076293945 31.25 AB 4.796140801677891 1.0764540010499135
60620.1462 lsst_hardware_z 46.242873865034625 41.93000030517578 30.940000534057617 AB 4.849571804584912 1.0732702898275042
60622.12 lsst_hardware_r -21.19466251088254 27.170000076293945 31.540000915527344 AB 6.896172128853852 1.077751426680622
60622.1382 lsst_hardware_z 46.58529219982666 42.630001068115234 30.959999084472656 AB 7.102701493831603 1.072915633509205
60624.1179 lsst_hardware_g -0.820863181277301 39.13999938964844 31.68000030517578 AB 2.1347215644151785 1.0758781509019515
60624.1363 lsst_hardware_i 26.72534838783016 40.68000030517578 31.290000915527344 AB 3.060143220836061 1.0734833562327937
60626.0939 lsst_hardware_r -3.2581229222204575 76.76000213623047 31.639999389648438 AB 3.9275542987780105 1.0918972195657521
60626.1118 lsst_hardware_z 30.39791282743859 60.83000183105469 30.979999542236328 AB 3.741855367668231 1.0761993244018593
60631.096 lsst_hardware_g 120.9318721636522 85.19999694824219 31.719999313354492 AB 5.971475957014174 1.0773975565203744
60631.1161 lsst_hardware_r 68.30155345599329 83.68000030517578 31.649999618530273 AB 6.002629163599698 1.0732556055008526
60633.0971 lsst_hardware_i 10.868542985809144 31.360000610351562 31.25 AB 6.2017833099252115 1.0743049299751692
60633.1165 lsst_hardware_z -78.82258743223205 42.09000015258789 30.950000762939453 AB 6.196601836086842 1.0750212813798194
60642.0619 lsst_hardware_r -23.084127485846842 23.329999923706055 31.5 AB 5.910684457598631 1.0801689432746036
60642.0804 lsst_hardware_z 5.70293410818451 41.709999084472656 30.950000762939453 AB 5.792166943856629 1.0728221788957142
60644.064 lsst_hardware_r -19.86919792583455 23.40999984741211 31.5 AB 8.9633302671747 1.0755350999549398
60644.0835 lsst_hardware_u -0.6908471140966836 2.7799999713897705 28.469999313354492 AB 9.545867209172565 1.0739570466527046
60646.0651 lsst_hardware_g 0.17227365542520823 14.600000381469727 31.450000762939453 AB 7.1151841351441725 1.073345307007163
60646.0841 lsst_hardware_r 16.348811257142984 23.579999923706055 31.510000228881836 AB 7.053541265542081 1.076496398462068
60648.0658 lsst_hardware_i -5.918142880268042 31.06999969482422 31.25 AB 1.5314528981213074 1.072821644918604
60648.0851 lsst_hardware_z 125.57016057908298 41.869998931884766 30.950000762939453 AB 4.039341767961997 1.0808085358442734
60650.0383 lsst_hardware_y -8.35164512601965 50.68000030517578 30.040000915527344 AB 5.921511161566388 1.0815710123258595
60650.0574 lsst_hardware_r 19.820384970450398 24.510000228881836 31.520000457763672 AB 4.827720484347835 1.0728863790981356
60652.0388 lsst_hardware_y -18.609448631295734 52.220001220703125 30.040000915527344 AB 5.323343293368638 1.077309085274279
60652.0578 lsst_hardware_g -30.213664674256993 27.959999084472656 31.6299991607666 AB 5.739065330632714 1.073090217326694
60656.0418 lsst_hardware_y 209.20826806945652 89.6500015258789 30.809999465942383 AB 12.205639073923345 1.0728345850332555
60658.0356 lsst_hardware_z 17.020368674688594 71.88999938964844 30.989999771118164 AB 8.141456343679852 1.0728808799931524
60658.0548 lsst_hardware_r -24.378716921463393 90.98999786376953 31.649999618530273 AB 8.287984922781673 1.0785998460815325
60660.0354 lsst_hardware_y 54.53859220590408 62.939998626708984 30.059999465942383 AB 10.874256434055095 1.0730115219605068
60660.0555 lsst_hardware_z 68.96697335800528 54.06999969482422 30.969999313354492 AB 11.818189603599617 1.0835334472490663
