data/validation/pwv_sim_epoch_fit_seasonal/61951712.ecsv
# %ECSV 0.9
# ---
# datatype:
# - {name: time, datatype: float64}
# - {name: band, datatype: string}
# - {name: flux, datatype: float64}
# - {name: fluxerr, datatype: float64}
# - {name: zp, datatype: float64}
# - {name: zpsys, datatype: string}
# - {name: pwv, datatype: float64}
# - {name: airmass, datatype: float64}
# meta: {SNID: '61951712', alt: 1024.0, c: 0.025005007162690163, dec: -9.291553, lat: -30.244573, lon: -70.7499537, ra: 306.738281, t0: 61244.01171875,
#   x0: 5.101555968563593e-06, x1: 0.6664699912071228, z: 0.60840904712677}
# schema: astropy-2.0
time band flux fluxerr zp zpsys pwv airmass
61169.3871 lsst_hardware_g -72.12881179624624 73.38999938964844 32.439998626708984 AB 8.359727009068152 1.090695559758824
61169.4094 lsst_hardware_y 41.14705770381837 72.97000122070312 30.790000915527344 AB 8.183324400827493 1.0729883392693391
61171.411 lsst_hardware_i 40.929356711886044 35.529998779296875 31.270000457763672 AB 8.143369589659834 1.0714959986394519
61171.4291 lsst_hardware_z -72.07964108797655 56.93000030517578 30.969999313354492 AB 7.230413199239286 1.0765417438938834
61174.4027 lsst_hardware_r -13.407174792033544 24.75 31.510000228881836 AB 8.699014281633916 1.0715051156782416
61174.4217 lsst_hardware_y -44.763929485210184 49.5 30.030000686645508 AB 8.374291301650379 1.0770561790723014
61176.3887 lsst_hardware_r -7.275451310393966 24.440000534057617 31.489999771118164 AB 4.766044960929744 1.07359475017189
61176.4123 lsst_hardware_y -55.96180146350659 47.709999084472656 30.030000686645508 AB 4.7618251726421805 1.074742365176538
61179.3735 lsst_hardware_i -30.644767819741453 31.93000030517578 31.260000228881836 AB 8.835085226036044 1.0774494178092737
61179.3969 lsst_hardware_z -60.22669697999713 42.220001220703125 30.950000762939453 AB 10.274915777044336 1.0720905443493673
61181.343 lsst_hardware_g -6.222210231929824 15.5 31.450000762939453 AB 7.769371700567271 1.107668532812252
61181.3597 lsst_hardware_r -1.1770044748998285 24.559999465942383 31.510000228881836 AB 7.600492237270637 1.0845967136855783
61186.358 lsst_hardware_r -9.166202313671208 24.479999542236328 31.520000457763672 AB 6.149472812494877 1.0752236416479217
61186.3788 lsst_hardware_g 2.9884632722894295 15.359999656677246 31.450000762939453 AB 5.963649544203484 1.0723416826067562
61188.3626 lsst_hardware_r -120.51338092756278 41.7599983215332 31.600000381469727 AB 9.741982615876537 1.0717252602724463
61188.3824 lsst_hardware_i -10.088894653437517 31.860000610351562 31.25 AB 10.07011965870046 1.076365802404985
61195.2717 lsst_hardware_r 240.72752543348992 152.91000366210938 32.380001068115234 AB 13.689295288027964 1.1930188930261143
61195.2975 lsst_hardware_z -49.16423450716868 115.37000274658203 31.739999771118164 AB 13.46176987253741 1.1216272181751028
61197.3452 lsst_hardware_y 54.9858617485989 53.7400016784668 30.049999237060547 AB 5.843131255346775 1.071642596120515
61197.3685 lsst_hardware_r 23.178093898461647 72.76000213623047 31.639999389648438 AB 5.889946240162418 1.0853042638957837
61219.3171 lsst_hardware_z 112.15784010085652 66.4806726169949 30.979999542236328 AB 5.933056504758484 1.0960248473206453
61219.336 lsst_hardware_r -75.95085301357817 93.20901592056194 31.639999389648438 AB 5.725590470533055 1.1309808336855416
61221.2692 lsst_hardware_r 260.99699233354977 134.0860984336634 31.649999618530273 AB 3.726221088462869 1.0724481474925511
61221.2895 lsst_hardware_z 300.73008974799126 88.71564466966002 30.989999771118164 AB 3.736311190678496 1.0747850773837844
61224.2661 lsst_hardware_z 352.8307144301698 81.99940392575527 30.989999771118164 AB 6.960376322682829 1.071527740858689
61224.2848 lsst_hardware_i 581.0361571191587 95.22732057125356 31.329999923706055 AB 6.9341385431063935 1.076813190947495
61226.2564 lsst_hardware_z 446.7744724323113 58.818915145697304 30.969999313354492 AB 4.326427149097292 1.0722248200983926
61226.2755 lsst_hardware_r 645.1803460011257 70.14245504077729 31.639999389648438 AB 4.227246617425908 1.0746098805022963
61234.2286 lsst_hardware_g 403.26886508575814 25.261304629312008 31.469999313354492 AB 7.401130495753469 1.0743923104258397
61234.2475 lsst_hardware_r 1533.0187535836692 45.870712391898856 31.520000457763672 AB 7.393081654919257 1.0722899325448545
61236.2272 lsst_hardware_i 1402.3871327368136 48.512719852817256 31.25 AB 6.208635026618227 1.072766311294726
61236.2471 lsst_hardware_z 928.50697493856 52.25275596106842 30.940000534057617 AB 6.156772242271685 1.0740898002073158
61239.2186 lsst_hardware_r 1740.0399746355083 48.23277772303649 31.510000228881836 AB 2.2375356077997903 1.072901274418504
61239.2392 lsst_hardware_u 4.137983451634301 3.1472103967746268 28.450000762939453 AB 2.0936627471993035 1.0742240878395606
61243.2099 lsst_hardware_g 428.25947403115106 31.481914555333 31.59000015258789 AB 5.434966640720651 1.0722498921273789
61243.2308 lsst_hardware_i 1591.1809645443534 52.103272595759684 31.260000228881836 AB 5.472543441424209 1.0755256603791499
61245.2042 lsst_hardware_z 1211.919422759844 59.31120715663595 30.959999084472656 AB 5.923984531815113 1.0723114366576365
61245.2236 lsst_hardware_r 1845.8587637905687 65.48389903282421 31.6200008392334 AB 6.7581716303488415 1.074601944720757
61247.2104 lsst_hardware_y 827.9778249152394 80.22728794308495 30.790000915527344 AB 10.84811614218686 1.0719305817282516
61250.1727 lsst_hardware_z 1282.4887506187504 120.60211973096399 31.0 AB 4.530263625775078 1.0832336410413448
61250.1925 lsst_hardware_r 1677.0375573557453 178.39400393308227 31.649999618530273 AB 4.501181767927715 1.0718800844406369
61252.1786 lsst_hardware_i 1401.3079056321885 112.73470268807435 31.34000015258789 AB 3.9722674264678366 1.0748203819164814
61252.1984 lsst_hardware_z 1181.446317952286 95.14841318974044 30.989999771118164 AB 3.895951739273735 1.072304889361793
61254.18 lsst_hardware_r 4422.037598121534 142.37521711914806 32.84000015258789 AB 2.036143182634801 1.0722186322458143
61254.1998 lsst_hardware_z 3162.5663638304286 115.94748739887568 32.15999984741211 AB 1.9742360922997662 1.074999233487485
61257.157 lsst_hardware_g 107.74663998785331 19.239565146719574 31.440000534057617 AB 2.2085705043117403 1.0801616421479003
61257.1783 lsst_hardware_i 1151.4023373735795 46.871882205275476 31.25 AB 1.801819415724909 1.071448611927597
61259.1638 lsst_hardware_z 990.5631786933327 52.406736327113 30.950000762939453 AB 2.834073153755986 1.0729706538702621
61259.1834 lsst_hardware_r 1042.841511586896 40.077532688691676 31.510000228881836 AB 3.029173889923589 1.0736992077708778
61262.143 lsst_hardware_r 891.5183435320796 37.98077977799623 31.510000228881836 AB 4.723387443157156 1.0804546190980913
61262.1627 lsst_hardware_u -5.7494013955094365 2.788736450902398 28.43000030517578 AB 4.6792793270690005 1.0715088910164874
61265.1315 lsst_hardware_g 83.84864074689881 17.8869802815816 31.459999084472656 AB 3.5716725528880557 1.083474155282286
61265.1504 lsst_hardware_r 693.7961678942174 35.7596213251824 31.510000228881836 AB 3.5390604798256935 1.0721176854970293
61269.1323 lsst_hardware_r 465.68828138384794 33.24475672109231 31.520000457763672 AB 4.531916740981843 1.0747628634739548
61269.1526 lsst_hardware_u 4.477612933471058 3.049102100819047 28.5 AB 4.530128835466227 1.0724736826387848
61273.1265 lsst_hardware_g -10.049911953987648 38.043959819318395 31.670000076293945 AB 1.8945142192540974 1.0726701250848905
61273.1456 lsst_hardware_i 570.2720866362537 46.42304275561992 31.280000686645508 AB 1.880547986321566 1.0738829273750257
61275.1229 lsst_hardware_z 684.1018021739969 61.694302008943744 30.979999542236328 AB 2.5211940257097485 1.072164161475547
61275.1417 lsst_hardware_r 345.13984620259566 70.89874060690173 31.639999389648438 AB 2.3378178377341476 1.0746117387883924
61277.1355 lsst_hardware_y 484.308710730398 90.63041720990485 30.799999237060547 AB 3.784600127569298 1.0742549326055344
61287.0638 lsst_hardware_z 450.2629070240074 46.85776129088137 30.940000534057617 AB 1.702317573003521 1.0921626858448594
61287.0828 lsst_hardware_r 132.02222735217583 27.100638612005266 31.5 AB 1.6084775360834889 1.0749460031742328
61300.0523 lsst_hardware_r 156.01968363965932 29.29421039895643 31.549999237060547 AB 0.36851461530248086 1.0728227519722877
61300.0707 lsst_hardware_z 197.58986531934434 45.88472179054104 30.950000762939453 AB 0.32488181112081754 1.0733980543665034
61304.0415 lsst_hardware_z 547.0611190079204 88.5731770188449 31.729999542236328 AB 4.183854604409068 1.072783231899761
61306.0341 lsst_hardware_r 117.76027274037445 105.61954804531348 31.649999618530273 AB 1.6102221744400047 1.0734814496266698
61306.0541 lsst_hardware_i 139.1127254624696 89.70622088073065 31.329999923706055 AB 1.4851094326326182 1.0733144538420913
61308.0242 lsst_hardware_z 315.7097267692506 75.08668761854365 30.979999542236328 AB 4.677224737343653 1.0756361986991918
61308.0434 lsst_hardware_r 199.3268105259532 107.35825519815162 31.649999618530273 AB 4.8101178334066725 1.0718527445754056
61310.0327 lsst_hardware_z 362.72283976356346 92.14889160051253 31.729999542236328 AB 3.3300085909847357 1.0714600641323724
61312.0229 lsst_hardware_r 73.96747998328645 25.844508728622568 31.5 AB 3.6630069996820502 1.0719427399937718
61312.042 lsst_hardware_z 202.3891743959218 44.483500494925195 30.950000762939453 AB 3.6313156078810724 1.0753081456562252
61314.0258 lsst_hardware_r 72.230725117582 25.96827499831372 31.510000228881836 AB 6.533325437796386 1.0716664878761655
61314.0452 lsst_hardware_u -5.749784946162971 2.8125648286484077 28.450000762939453 AB 6.182058988749173 1.0815673985272982
61315.9976 lsst_hardware_z 162.80402732079148 46.36904651177063 30.959999084472656 AB 2.676890844422463 1.0788114633620889
61316.0163 lsst_hardware_g 20.568009524365344 15.586067426337848 31.469999313354492 AB 2.1082777976022573 1.0714608491964717
61317.9994 lsst_hardware_y 114.30441022915542 49.868381018684936 30.040000915527344 AB 3.5202031672151497 1.0743244660878721
61318.0175 lsst_hardware_i 152.14852554353592 33.72088283143444 31.260000228881836 AB 2.8958497620242403 1.0721398600608072
61319.9996 lsst_hardware_y 30.43869332065718 49.64253815262671 30.040000915527344 AB 6.495714850934505 1.072268769670533
61320.0177 lsst_hardware_r 77.5781067405394 26.036145958401086 31.520000457763672 AB 4.170461009228835 1.0740767504560391
61321.9934 lsst_hardware_y 215.21276901875575 60.33939842185447 30.049999237060547 AB 4.886332106067729 1.0724656193586122
61322.0125 lsst_hardware_g 20.766774241164217 15.925980266296524 31.469999313354492 AB 4.2967846941814285 1.0741961735453571
61323.9933 lsst_hardware_y 76.07957105177984 63.74227549404888 30.059999465942383 AB 2.2963521606932535 1.0715179036570484
61324.0123 lsst_hardware_z 236.84962494639709 44.34038631612736 30.950000762939453 AB 3.678931939844327 1.0771809310494809
61533.4119 lsst_hardware_r -10.604811856418086 25.34000015258789 31.530000686645508 AB 11.367581500606219 1.0733584445996054
61533.4311 lsst_hardware_z 41.94573379716564 66.4800033569336 30.989999771118164 AB 11.46962098548205 1.073139073141668
61535.408 lsst_hardware_z 35.81044902047706 42.439998626708984 30.950000762939453 AB 8.381648959495429 1.0728052937895467
61535.4271 lsst_hardware_y -67.93635754132679 56.41999816894531 30.049999237060547 AB 8.160203908972955 1.0737110406543362
61539.3125 lsst_hardware_i 27.097821035177304 33.88999938964844 31.229999542236328 AB 8.340463307981272 1.2637065618153442
61539.3344 lsst_hardware_y 4.807248844146685 49.22999954223633 30.010000228881836 AB 9.412430506605466 1.1773387057962217
61541.4285 lsst_hardware_r 4.454688023106105 50.189998626708984 32.7400016784668 AB 4.04798050983009 1.087484689665109
61543.3959 lsst_hardware_g 39.0862588273588 36.38999938964844 31.670000076293945 AB 8.539817030008551 1.0714952358855845
61547.3447 lsst_hardware_r 37.05607468251908 95.2300033569336 31.639999389648438 AB 4.632503615548078 1.1014909127878445
61547.3661 lsst_hardware_i -128.18781256294585 74.55000305175781 31.329999923706055 AB 4.528203381624203 1.0774168334752436
61551.3481 lsst_hardware_z -147.52612126793554 113.66999816894531 32.16999816894531 AB 6.25186518163855 1.0832774843644877
61551.3716 lsst_hardware_r -129.82965371423074 82.12999725341797 31.649999618530273 AB 6.1294068244973055 1.0714809587443939
61557.2811 lsst_hardware_z -69.51821202388278 43.59000015258789 30.940000534057617 AB 7.179287113158414 1.1912698648750808
61557.3027 lsst_hardware_r -32.5934997766777 24.520000457763672 31.5 AB 7.753124076633653 1.1296989766332002
61560.3503 lsst_hardware_u -1.886499664729188 2.7100000381469727 28.389999389648438 AB 12.79708110764591 1.0715579742638401
61560.3722 lsst_hardware_g -11.071222720517605 15.210000038146973 31.440000534057617 AB 13.077753656852678 1.082864424679364
61571.3042 lsst_hardware_z 16.038857303034415 48.540000915527344 30.959999084472656 AB 12.57987323004183 1.0752028401745155
61571.3271 lsst_hardware_r 9.79671016618709 42.439998626708984 31.610000610351562 AB 12.554793346479588 1.0730592603828708
61573.272 lsst_hardware_r -70.33959335370214 83.33999633789062 31.639999389648438 AB 4.833058266969849 1.1042783549816868
61573.2953 lsst_hardware_z 43.02675668838961 60.31999969482422 30.979999542236328 AB 4.061869618053508 1.0772999318518157
61579.2706 lsst_hardware_y -19.916490028055573 120.66000366210938 31.549999237060547 AB 4.093996591704919 1.084334851136874
61581.2665 lsst_hardware_r -20.997532321355077 57.81999969482422 31.6299991607666 AB 4.745764565775246 1.0829927695978498
61581.2919 lsst_hardware_i -73.24561479577444 51.529998779296875 31.309999465942383 AB 4.291334163504956 1.071494173159803
61584.1218 lsst_hardware_r 10.406994509657668 26.049999237060547 31.360000610351562 AB 13.465676740352334 1.8795654451412511
61584.1484 lsst_hardware_u 1.3624996017370465 2.5799999237060547 28.170000076293945 AB 9.539968914362325 1.5470637986479858
61586.2386 lsst_hardware_g 2.5350736969031176 15.119999885559082 31.440000534057617 AB 3.6353036729068022 1.1009121533093156
61586.2622 lsst_hardware_i -63.5071415731222 31.68000030517578 31.25 AB 3.7618778831029918 1.0757955911833381
61588.2839 lsst_hardware_z -44.27194661075792 42.06999969482422 30.950000762939453 AB 8.767101723225508 1.074399720983552
61588.3001 lsst_hardware_r 16.0129591691623 24.239999771118164 31.510000228881836 AB 8.492635401771803 1.0874053011231142
61590.2715 lsst_hardware_u 2.107981332661195 2.690000057220459 28.3799991607666 AB 7.455647108489664 1.0720223025255398
61590.2924 lsst_hardware_g -15.139710956160213 15.079999923706055 31.440000534057617 AB 7.5838661730125745 1.0849723300963319
61595.2405 lsst_hardware_r 33.433238578626266 24.18000030517578 31.5 AB 2.3438264691070225 1.0742873698210256
61595.2628 lsst_hardware_i 1.1804535383612635 31.739999771118164 31.25 AB 2.2544068516101254 1.0735270721952979
61599.262 lsst_hardware_z -25.460897236571604 46.79999923706055 30.959999084472656 AB 6.742507961503398 1.0796073806847881
61599.2824 lsst_hardware_r 33.72559863145063 37.13999938964844 31.579999923706055 AB 6.873204986321609 1.1046320927311049
61606.2104 lsst_hardware_z 17.564716335243727 102.33000183105469 31.0 AB 3.1524176106277984 1.0743215758131768
61606.2306 lsst_hardware_i 121.42547046007994 123.91999816894531 31.34000015258789 AB 3.1612261693268158 1.0727536347469542
61609.1811 lsst_hardware_z -22.472563280942257 55.63999938964844 30.969999313354492 AB 5.890333770070457 1.0932488630553783
61609.1996 lsst_hardware_r 153.6087603858478 66.18000030517578 31.639999389648438 AB 5.739241017747972 1.0756875003979016
61610.2386 lsst_hardware_y 61.09990666500426 70.97000122070312 30.790000915527344 AB 6.831666099463714 1.0858277244180738
61616.1882 lsst_hardware_g 16.15613534175673 15.880000114440918 31.489999771118164 AB 5.2119909555980435 1.0724261225510376
61616.2073 lsst_hardware_r -3.0884812419577794 24.850000381469727 31.520000457763672 AB 5.197088215495063 1.0743334812392205
61618.1804 lsst_hardware_i -41.63478786737005 31.969999313354492 31.260000228881836 AB 4.935507268294964 1.0731696604250847
61618.1977 lsst_hardware_z 0.12995257702278937 42.209999084472656 30.950000762939453 AB 4.984362594239887 1.0727133528978556
61625.17 lsst_hardware_z 17.22281619191753 42.40999984741211 30.950000762939453 AB 3.5344720298141983 1.0714850535006664
61625.19 lsst_hardware_r -13.69414836048317 24.469999313354492 31.5 AB 3.559029889327648 1.078820821257244
61643.1098 lsst_hardware_i 23.045097204605444 31.6200008392334 31.25 AB 2.0191857189389277 1.0741301811892514
61643.141 lsst_hardware_z -18.96467565784649 42.08000183105469 30.940000534057617 AB 2.3495623436040813 1.078935715722064
61650.0918 lsst_hardware_u 1.961203879037963 2.75 28.420000076293945 AB 3.1294152308311465 1.07364790490819
61650.1129 lsst_hardware_g -0.4508782249931641 15.020000457763672 31.43000030517578 AB 3.1312847578215717 1.0736446966643483
61652.0597 lsst_hardware_g 24.320251610663924 15.3100004196167 31.440000534057617 AB 1.7414258565464587 1.098922500975889
61652.0787 lsst_hardware_r 20.197708851265208 24.18000030517578 31.5 AB 1.6409889538299616 1.0779432584825672
61654.0641 lsst_hardware_i -14.745563381825946 32.93000030517578 31.260000228881836 AB 0.7213905093932707 1.0861588598142093
61654.0826 lsst_hardware_r -33.91468759047919 26.75 31.540000915527344 AB 0.6473753105326113 1.0729977522639969
61656.0601 lsst_hardware_z -7.030580893308765 45.68000030517578 30.959999084472656 AB 2.4541255656695737 1.084616484532811
61656.0791 lsst_hardware_g 61.37289644204543 34.91999816894531 31.670000076293945 AB 2.4490007286254705 1.0723985091047163
61673.0264 lsst_hardware_g -38.20905533673936 15.149999618530273 31.440000534057617 AB 4.67201672054562 1.074850472518164
61673.0466 lsst_hardware_r -26.92535600841929 24.15999984741211 31.5 AB 4.748078839391061 1.0724466584982069
61677.0238 lsst_hardware_i -20.038967720425525 31.639999389648438 31.25 AB 3.65457929001522 1.0719336986748136
61677.0437 lsst_hardware_z -43.7687855507866 42.04999923706055 30.940000534057617 AB 3.6361219904754676 1.0759083685292963
61678.9977 lsst_hardware_y 0.922617008281496 48.380001068115234 30.020000457763672 AB 2.930791675897341 1.0842067979150407
61679.0169 lsst_hardware_i -17.698516501902475 31.65999984741211 31.239999771118164 AB 6.535328365966288 1.0722441945801768
61680.9985 lsst_hardware_y 13.779130793221295 49.150001525878906 30.030000686645508 AB 2.6832375899233147 1.0786884783610868
61681.0175 lsst_hardware_g -36.878529654838516 15.760000228881836 31.469999313354492 AB 2.038314230522933 1.0714811094390746
61682.9998 lsst_hardware_y 34.144346383767676 49.06999969482422 30.040000915527344 AB 3.4321239441248106 1.0744974518521018
61683.019 lsst_hardware_i 40.18153094559333 32.72999954223633 31.260000228881836 AB 2.950886803140569 1.0723673310222834
61685.0016 lsst_hardware_z 40.56863305659384 71.47000122070312 31.719999313354492 AB 4.1654464902599475 1.0720030428737963
61689.9932 lsst_hardware_y 113.16594772248364 67.43000030517578 30.059999465942383 AB 5.703488012132722 1.0714799947649294
61690.0116 lsst_hardware_z -153.36933160087966 65.0 30.979999542236328 AB 6.633801110793319 1.0781409248810854
61690.9949 lsst_hardware_y -148.27871291230792 65.80999755859375 30.059999465942383 AB 5.335337722816477 1.0718731090019875
61691.0152 lsst_hardware_z 17.264140852342177 63.68000030517578 30.979999542236328 AB 6.224391934473503 1.0835393740923498
