data/validation/pwv_sim_epoch_fit_seasonal/61961164.ecsv
# %ECSV 0.9
# ---
# datatype:
# - {name: time, datatype: float64}
# - {name: band, datatype: string}
# - {name: flux, datatype: float64}
# - {name: fluxerr, datatype: float64}
# - {name: zp, datatype: float64}
# - {name: zpsys, datatype: string}
# - {name: pwv, datatype: float64}
# - {name: airmass, datatype: float64}
# meta: {SNID: '61961164', alt: 1024.0, c: 0.05420401692390442, dec: -7.481631, lat: -30.244573, lon: -70.7499537, ra: 7.558594, t0: 60984.53125,
#   x0: 1.2137556396126154e-05, x1: -0.7310492396354675, z: 0.42444437742233276}
# schema: astropy-2.0
time band flux fluxerr zp zpsys pwv airmass
[from data line 134]
61312.1919 lsst_hardware_r 77.04495275689668 86.51000213623047 31.639999389648438 AB 4.355130745752025 1.0860675176438968
61316.1439 lsst_hardware_z -28.914728709428456 42.709999084472656 30.940000534057617 AB 3.496973184122535 1.1211840923765741
61316.1634 lsst_hardware_u -3.26741916307314 2.7899999618530273 28.440000534057617 AB 3.4345952964203814 1.0954773292146978
61318.1443 lsst_hardware_g -11.95656314624292 15.6899995803833 31.450000762939453 AB 4.709382595376519 1.1116866557391074
61318.1609 lsst_hardware_r -15.81198038230007 24.799999237060547 31.510000228881836 AB 4.736812588482175 1.0930055006592845
61322.1405 lsst_hardware_i -55.16702876128052 32.2400016784668 31.239999771118164 AB 3.864473813568555 1.102219612645195
61322.1588 lsst_hardware_u -3.4041114340884073 2.7899999618530273 28.43000030517578 AB 3.818110022414701 1.0877806331665816
61324.1354 lsst_hardware_g -29.177032213446502 15.279999732971191 31.450000762939453 AB 4.882436949523933 1.1017986195706182
61324.1543 lsst_hardware_r -19.938526974574685 24.18000030517578 31.510000228881836 AB 4.829154828533011 1.0874025734143236
61327.1392 lsst_hardware_i -7.5472233384350185 31.780000686645508 31.25 AB 9.164729221527208 1.090952609498517
61327.1563 lsst_hardware_r -50.8890823535287 24.239999771118164 31.510000228881836 AB 9.050257314812576 1.0856834590705526
61329.1363 lsst_hardware_u 1.3094126612164445 3.009999990463257 28.549999237060547 AB 8.555498320306741 1.0894098030950141
61329.1544 lsst_hardware_g -10.144383273354327 16.1299991607666 31.489999771118164 AB 8.55276390930686 1.086065258324609
61333.1061 lsst_hardware_i 45.04007048830938 43.52000045776367 31.299999237060547 AB 3.552852150519787 1.1077565361353592
61333.125 lsst_hardware_z -22.360745057287637 48.0 30.969999313354492 AB 3.7047099644146075 1.0896205777690022
61336.1104 lsst_hardware_i -39.33277260974045 88.87000274658203 31.329999923706055 AB 5.836227755067527 1.0940875626571631
61336.1276 lsst_hardware_z 71.82797971668852 77.79000091552734 30.989999771118164 AB 5.176370346754844 1.0858758856209028
61341.1052 lsst_hardware_i 11.603440174286357 58.790000915527344 31.31999969482422 AB 4.099110447656792 1.0885484060343789
61341.1214 lsst_hardware_r 38.1411235940053 72.44999694824219 31.639999389648438 AB 4.00525115050728 1.0860225462328716
61344.0771 lsst_hardware_z 47.51397067571062 42.95000076293945 30.950000762939453 AB 4.5203373273974625 1.1063665979067399
61344.0934 lsst_hardware_u -0.7156660932293938 2.890000104904175 28.520000457763672 AB 5.4184180371015715 1.0905540982392214
61351.0633 lsst_hardware_i -7.973363907074896 44.900001525878906 32.0 AB 3.881438034340264 1.0999729929171351
61351.0872 lsst_hardware_z 48.201212049993806 59.689998626708984 31.700000762939453 AB 4.987837478408328 1.0858074475890707
61356.055 lsst_hardware_z 21.63602435965875 42.38999938964844 30.940000534057617 AB 5.034038907643268 1.0947529338841249
61356.0745 lsst_hardware_i -19.78512094368306 31.65999984741211 31.25 AB 4.871275153435353 1.0857225453420785
61357.0555 lsst_hardware_u -2.5646445338364736 2.799999952316284 28.440000534057617 AB 4.782398587838698 1.0921835199175647
61357.0738 lsst_hardware_g 16.389504349415546 15.210000038146973 31.450000762939453 AB 4.746526726996907 1.0856648506397317
61359.0524 lsst_hardware_r -10.718472445119119 25.979999542236328 31.520000457763672 AB 5.81878045797912 1.0905782884415325
61359.0704 lsst_hardware_i 15.893467892492499 32.630001068115234 31.25 AB 5.757865880675944 1.0857751990715856
61361.0661 lsst_hardware_z -62.146222364286146 63.47999954223633 31.700000762939453 AB 4.221212083182796 1.0859121700901142
61364.0577 lsst_hardware_z -85.24303152117955 66.16999816894531 30.979999542236328 AB 7.2152385280383475 1.0858827658678072
61364.0785 lsst_hardware_r 43.52560132412205 81.98999786376953 31.639999389648438 AB 7.266984350764568 1.097427854939151
61368.031 lsst_hardware_y 3.371524757445555 57.380001068115234 30.040000915527344 AB 8.439480821124254 1.0887779506051178
61368.0514 lsst_hardware_i 49.28306866586778 75.25 31.329999923706055 AB 8.2678886366145 1.0869266393445292
61372.0234 lsst_hardware_y -36.81294173458447 67.62999725341797 30.059999465942383 AB 4.8204269009178695 1.087334777176534
61372.0424 lsst_hardware_i 0.8585312694483542 31.780000686645508 31.25 AB 4.19782840642083 1.08761423432615
61374.0264 lsst_hardware_z 40.22222880834881 55.27000045776367 30.969999313354492 AB 6.050796163271688 1.08566916805114
61374.0461 lsst_hardware_u -0.9715480634990032 2.9600000381469727 28.510000228881836 AB 5.459044697242869 1.0929565438195845
61376.0272 lsst_hardware_y 48.465582492704165 62.720001220703125 30.049999237060547 AB 7.593137762498757 1.0862858029325833
61376.0459 lsst_hardware_r -24.59108977682386 24.600000381469727 31.510000228881836 AB 6.86817173029604 1.0975903684052801
