data/validation/pwv_sim_epoch_fit_seasonal/62252437.ecsv
# %ECSV 0.9
# ---
# datatype:
# - {name: time, datatype: float64}
# - {name: band, datatype: string}
# - {name: flux, datatype: float64}
# - {name: fluxerr, datatype: float64}
# - {name: zp, datatype: float64}
# - {name: zpsys, datatype: string}
# - {name: pwv, datatype: float64}
# - {name: airmass, datatype: float64}
# meta: {SNID: '62252437', alt: 1024.0, c: -0.012297985143959522, dec: -0.895283, lat: -30.244573, lon: -70.7499537, ra: 172.441406, t0: 61460.3984375,
#   x0: 1.2746091766690207e-05, x1: 0.8844610452651978, z: 0.41549786925315857}
# schema: astropy-2.0
time band flux fluxerr zp zpsys pwv airmass
61418.3556 lsst_hardware_z 66.49567405842333 69.47000122070312 31.709999084472656 AB 4.763828795995669 1.1470353054285525
61420.359 lsst_hardware_g -22.329665830049183 18.90999984741211 31.510000228881836 AB 6.144260624426373 1.145569241060198
61422.3558 lsst_hardware_i 38.73632015481569 33.5 31.260000228881836 AB 2.635248444601071 1.1457601933048136
61424.3507 lsst_hardware_i 44.24951536393865 32.849998474121094 31.25 AB 7.073470618764902 1.1458105753938825
61424.3701 lsst_hardware_y 42.444350536762485 64.94000244140625 30.020000457763672 AB 7.1306780185650425 1.1573270967158127
61426.3495 lsst_hardware_g 24.33311489159103 45.11000061035156 31.65999984741211 AB 12.948885039708424 1.1468662942585428
61426.3687 lsst_hardware_y 95.03007552897752 56.2599983215332 30.020000457763672 AB 13.10874304119181 1.1619509269781483
61430.3253 lsst_hardware_z 18.763544431982478 119.63999938964844 31.739999771118164 AB 11.233401388942806 1.1462654478513066
61432.3284 lsst_hardware_r 159.69356273786474 76.96663717398769 31.6299991607666 AB 13.530815431949234 1.1457406727778854
61432.3461 lsst_hardware_i 63.8527625530562 66.28743659098673 31.309999465942383 AB 12.702953232216935 1.1551814879477047
61434.3188 lsst_hardware_z -9.541224054778704 47.287514245987445 30.950000762939453 AB 12.695330436950007 1.1455811619698617
61434.3357 lsst_hardware_r 29.48471848214698 40.04948182052974 31.579999923706055 AB 13.318248332152098 1.1511018437469402
61436.3253 lsst_hardware_z 100.41244140168129 44.63077480546154 30.950000762939453 AB 12.375590119321078 1.148147059661007
61436.3426 lsst_hardware_g -5.112033278622253 19.906766175168876 31.520000457763672 AB 13.486509962195322 1.1634659924251896
61440.2957 lsst_hardware_i 597.1498851762096 39.5473612805498 31.25 AB 8.915726000205314 1.1469630360470053
61440.3157 lsst_hardware_r 709.1863306952702 36.136870730512165 31.510000228881836 AB 8.928284823422908 1.1488249826407442
61442.2894 lsst_hardware_u 6.130284810207504 3.1503493572874164 28.520000457763672 AB 4.511098879319661 1.147278453540097
61442.3078 lsst_hardware_g 473.2662872463674 27.312449583812295 31.450000762939453 AB 3.940097957747127 1.1476292019943573
61443.2936 lsst_hardware_r 1439.7387289305839 45.44557125737048 31.5 AB 4.149147081988192 1.1456194055327376
61443.3118 lsst_hardware_i 1084.052445504442 45.531784502229726 31.25 AB 4.312396993633423 1.1515847502860157
61445.2496 lsst_hardware_z 979.3455462033362 53.18064796304412 30.940000534057617 AB 6.301733375875569 1.1832389377328563
61445.2681 lsst_hardware_r 1969.5778993941742 51.05381412685137 31.5 AB 6.10185872008559 1.1564033645671483
61450.2771 lsst_hardware_r 3356.2702902660913 63.31202573903867 31.489999771118164 AB 3.9112047521520914 1.1455531235709124
61450.2948 lsst_hardware_z 1706.5752087592537 59.139562144147746 30.940000534057617 AB 3.0753397651138266 1.153252411917685
61452.2276 lsst_hardware_r 3742.5415884074246 66.87837438669796 31.489999771118164 AB 4.72150554299813 1.1889966111805916
61452.2456 lsst_hardware_u 24.795027466344784 4.773259426394625 28.399999618530273 AB 4.6631585413843695 1.1600618300601366
61454.2703 lsst_hardware_z 2143.3820351664317 68.59970487134265 30.959999084472656 AB 5.4120514799870865 1.1460747482634521
61456.2674 lsst_hardware_i 3303.772872536325 113.69707880631226 31.31999969482422 AB 3.119446523517767 1.146785070835503
61456.2846 lsst_hardware_z 2095.5482325837297 97.08223190877321 30.979999542236328 AB 3.1617075903670715 1.1593378684961455
61458.269 lsst_hardware_r 5296.095147788923 175.31795834827972 31.639999389648438 AB 10.840586529428634 1.1502863919599582
61458.2868 lsst_hardware_z 2476.209357158398 118.58269268138623 30.989999771118164 AB 11.003188272115167 1.1694219173438964
61462.2732 lsst_hardware_z 2445.2172560394656 69.63745742372264 30.950000762939453 AB 7.559877283199319 1.165568498797305
61462.29 lsst_hardware_r 4825.896788552961 86.88315268795631 31.59000015258789 AB 7.771453731406489 1.1957922344062917
61464.24 lsst_hardware_r 4597.121266714962 74.9893657328353 31.559999465942383 AB 6.070611935680664 1.1456146321344904
61464.257 lsst_hardware_y 672.8555651497301 54.535323817580505 30.010000228881836 AB 6.293309498208389 1.153606775915017
61466.2411 lsst_hardware_g 1444.7953615131933 42.377995365252595 31.469999313354492 AB 3.88727883424097 1.1471411078814588
61466.2581 lsst_hardware_r 4098.539851464712 69.07192305146152 31.5 AB 4.058195537146026 1.1602579444808994
61468.2334 lsst_hardware_i 3055.2469787808272 63.32053114349191 31.239999771118164 AB 6.37112173443698 1.1464006719634692
61468.2524 lsst_hardware_z 2177.55874836982 62.837107526192085 30.93000030517578 AB 6.6991662554293265 1.1599785732962775
61472.2341 lsst_hardware_g 968.437012626642 35.34832446867923 31.440000534057617 AB 12.441511034613365 1.152721107609447
61472.2525 lsst_hardware_i 2736.845667854667 60.82259173477 31.239999771118164 AB 11.639499175926803 1.1757069874673538
61476.2024 lsst_hardware_r 2665.647716133674 57.17783478995339 31.489999771118164 AB 9.141184682417274 1.1457272272253347
61476.2212 lsst_hardware_u 3.788243033048861 3.1850038139245416 28.31999969482422 AB 8.518934173132498 1.151207320693581
61477.2334 lsst_hardware_r 2469.9580681622774 55.796557622994804 31.489999771118164 AB 16.38722519329427 1.1671812815737004
61477.2515 lsst_hardware_i 2244.6530154087313 57.06932072267051 31.239999771118164 AB 18.219795070087585 1.2014636042173363
61479.025 lsst_hardware_i 1719.363402212548 56.619387379530956 31.030000686645508 AB 22.894113952270338 2.4226575610868086
61485.1237 lsst_hardware_z 1237.7820251647152 115.42927756233058 30.979999542236328 AB 5.992323645936133 1.2229231930481903
61485.1435 lsst_hardware_i 1737.9367068067415 134.9061395290315 31.31999969482422 AB 6.076940726311709 1.1775115245557972
61487.2545 lsst_hardware_z 1369.8831350120345 112.21002410916749 30.969999313354492 AB 8.00596278623756 1.3026298057659662
61487.266 lsst_hardware_r 1657.3197066443804 164.4643376287074 31.579999923706055 AB 8.320973705540936 1.3591180441347424
61489.2103 lsst_hardware_y 768.7128668871771 81.47019280327206 30.770000457763672 AB 8.442631177022523 1.1833390658677834
61492.1751 lsst_hardware_r 919.3583128323863 52.26487953905852 31.59000015258789 AB 8.244949648793654 1.1496025723359642
61492.1931 lsst_hardware_i 1240.8104473505148 55.340459723963605 31.270000457763672 AB 8.40310764636795 1.1681258022845784
61494.1745 lsst_hardware_z 1088.2158808592114 55.05151727247136 30.950000762939453 AB 7.814954807831918 1.153101732416671
61494.1931 lsst_hardware_r 831.957255686676 41.20098243832017 31.530000686645508 AB 7.975032158508177 1.1768514849186351
61497.1764 lsst_hardware_u 1.2088343104692962 2.8203854952475846 28.389999389648438 AB 9.543981809536985 1.1639002206752422
61497.1947 lsst_hardware_r 702.4477812975545 36.19060461370256 31.489999771118164 AB 9.81027161709108 1.196374587450132
61499.1743 lsst_hardware_i 1034.5972611188781 46.1389231214392 31.229999542236328 AB 5.371400015575429 1.1685847961656541
61499.1933 lsst_hardware_z 1065.6948042328445 53.66564049436758 30.93000030517578 AB 5.455379941039325 1.2060086086082293
61501.1411 lsst_hardware_z 949.8865786801542 52.64539884834901 30.940000534057617 AB 13.18747879942227 1.145890324492529
61501.1596 lsst_hardware_r 536.761650900767 34.49064821238019 31.5 AB 13.400062099503105 1.1570230194278033
61505.1558 lsst_hardware_i 926.6166845517424 43.81881091106351 31.239999771118164 AB 5.608427056192839 1.165569087378363
61505.1721 lsst_hardware_z 818.9852622659056 51.88336329511241 30.940000534057617 AB 5.886398594588908 1.1946822571299747
61511.1307 lsst_hardware_z 635.1946527362912 63.06921440028116 30.969999313354492 AB 19.29583929948972 1.1554394790113607
61511.1481 lsst_hardware_r 408.70077923540646 71.05542115436003 31.6200008392334 AB 19.69537751149292 1.1793639228438875
61513.0747 lsst_hardware_z 344.6613980468201 94.12376524917909 30.989999771118164 AB 13.189236066387828 1.1655558789060603
61513.0929 lsst_hardware_r 192.2654010345776 128.21736234488222 31.6299991607666 AB 12.977708740705785 1.1484698000624587
61515.1223 lsst_hardware_i 596.3968497403746 109.18724341371434 31.31999969482422 AB 7.921088073192293 1.1579973792493972
61515.1399 lsst_hardware_z 625.1905972128233 93.9055116877552 30.979999542236328 AB 7.677524891640957 1.1844833404005024
61518.1215 lsst_hardware_r 264.3088494152632 78.9806555414514 31.6200008392334 AB 5.444326379033802 1.1672458335281775
61518.1386 lsst_hardware_z 617.3168917278093 63.56746980858091 30.959999084472656 AB 6.573210304422622 1.1992173873518017
61520.1179 lsst_hardware_g 38.06019203524178 53.617915304034 31.65999984741211 AB 15.757879195478164 1.16999474288911
61520.1339 lsst_hardware_r 257.7488987104395 54.92566147299213 31.59000015258789 AB 16.68435837139715 1.2010047776703965
61522.0823 lsst_hardware_r 275.75204869837256 29.81040991632341 31.479999542236328 AB 4.697265978402266 1.1456746288786015
61522.1005 lsst_hardware_i 489.0423200069873 38.927721599339826 31.239999771118164 AB 5.106642036709559 1.1552835329924185
61526.0849 lsst_hardware_u -1.146437495853558 2.8809161712295857 28.3700008392334 AB 11.216212644984838 1.151364856628066
61526.1026 lsst_hardware_r 299.53287410679667 29.83400093371145 31.489999771118164 AB 11.454289213744664 1.171674428574536
61528.088 lsst_hardware_i 516.2782544122211 38.628413586932936 31.25 AB 15.371963120882265 1.1593169516861046
61528.1054 lsst_hardware_z 510.0162518696008 48.09434712108236 30.940000534057617 AB 15.660032712693027 1.18645599762808
61530.0753 lsst_hardware_r 296.73448012063346 29.67400477485704 31.5 AB 10.401582389048437 1.1523702965293936
61530.0947 lsst_hardware_u 2.442415176663299 3.1168637741816667 28.43000030517578 AB 10.936402970956546 1.176674278695608
61532.0773 lsst_hardware_g -23.895281162639076 15.40999984741211 31.43000030517578 AB 7.331960107427962 1.1595698414403925
61532.0937 lsst_hardware_r 3.4886651814433156 24.860000610351562 31.489999771118164 AB 7.8663411097734 1.184912989610002
61533.0769 lsst_hardware_i 14.627174698143666 32.58000183105469 31.239999771118164 AB 11.882416114159616 1.1623597346575862
61533.0951 lsst_hardware_z 31.803703682775232 44.060001373291016 30.940000534057617 AB 12.319912660099472 1.1934815932671925
61537.0747 lsst_hardware_r -8.537163964328258 30.15999984741211 31.540000915527344 AB 13.419154930452079 1.1751602531266143
61540.9981 lsst_hardware_r 135.77807947603696 100.30999755859375 31.6299991607666 AB 8.294371093626454 1.1657584109102535
61541.0166 lsst_hardware_z -45.42444868354897 76.62999725341797 30.979999542236328 AB 6.0583472542373755 1.1483929967277746
61546.9992 lsst_hardware_i -87.67917245279284 81.36000061035156 32.04999923706055 AB 6.192759576906551 1.148934986439063
61547.0199 lsst_hardware_z -72.8314545329896 56.88999938964844 30.959999084472656 AB 5.225636131602668 1.14712583150527
61550.9952 lsst_hardware_r -13.896535297380751 25.510000228881836 31.5 AB 6.629689886305224 1.1461789170964432
61551.0149 lsst_hardware_g 28.393002818110624 16.020000457763672 31.43000030517578 AB 6.543609947845275 1.1501709272479281
61553.0002 lsst_hardware_r 17.545959592682443 25.40999984741211 31.5 AB 8.109063136488075 1.1461168349511683
61553.0197 lsst_hardware_i -55.10196301842165 33.20000076293945 31.25 AB 8.221026795871825 1.1592789671961963
61554.9963 lsst_hardware_z -59.07916878751178 43.83000183105469 30.940000534057617 AB 10.93790368926923 1.1465307850387034
61555.0169 lsst_hardware_i -4.0265640141805585 33.189998626708984 31.239999771118164 AB 11.083993368472155 1.1624534209199953
61561.9698 lsst_hardware_z -12.991190492101166 63.349998474121094 31.700000762939453 AB 4.925845368545828 1.1455454345455416
61781.3397 lsst_hardware_i -117.00937775656067 81.08999633789062 32.04999923706055 AB 7.571930440851623 1.1662580578901247
61781.3611 lsst_hardware_z 56.78145384081591 87.68000030517578 31.729999542236328 AB 7.447457003693532 1.1472187012274877
61784.3503 lsst_hardware_r -0.4433667674795046 102.06999969482422 31.6299991607666 AB 7.863682537246025 1.1484019769618146
61784.3701 lsst_hardware_y -45.96689779099769 88.02999877929688 30.040000915527344 AB 7.870569213522487 1.1470903439840392
61785.3568 lsst_hardware_r -92.4040123729008 104.6500015258789 31.6299991607666 AB 6.150106954670316 1.1455913112918537
61787.3476 lsst_hardware_z -58.75983853657149 61.119998931884766 30.969999313354492 AB 2.63640946810647 1.146264986133248
61787.3678 lsst_hardware_y -82.69037484320137 67.66000366210938 30.030000686645508 AB 2.6452701876988898 1.150117472912561
61789.3544 lsst_hardware_z 53.81707741655652 46.29999923706055 30.940000534057617 AB 7.096237669557795 1.1464035007363158
61791.351 lsst_hardware_r -16.398656722766724 25.950000762939453 31.5 AB 12.901709577905875 1.1470905320881284
61791.3701 lsst_hardware_y -155.73413843294432 60.52000045776367 30.020000457763672 AB 13.112873148058092 1.1627636392815788
61793.3669 lsst_hardware_z -44.85831948994441 77.05999755859375 31.709999084472656 AB 10.894006597733105 1.1657577953700486
61795.3264 lsst_hardware_r -18.19761385164812 24.43000030517578 31.479999542236328 AB 11.231773696768368 1.1460993568130986
61795.3437 lsst_hardware_g -29.61526502005695 15.180000305175781 31.40999984741211 AB 11.147795158202682 1.1487637775734836
61797.3246 lsst_hardware_i -17.85452522507941 32.20000076293945 31.229999542236328 AB 13.572704953117189 1.1455370617344651
61797.3424 lsst_hardware_z 11.912916180119506 43.189998626708984 30.93000030517578 AB 12.642482990668457 1.1514275860898122
61799.3271 lsst_hardware_i -18.315971197753335 32.11000061035156 31.239999771118164 AB 12.696928070855925 1.1463977311052256
61799.344 lsst_hardware_u 0.9526267050472543 2.7200000286102295 28.3700008392334 AB 13.414380113351644 1.1577844525495065
61801.3229 lsst_hardware_g 33.079589606543536 15.279999732971191 31.43000030517578 AB 12.329769449576398 1.1467952796890066
61801.3416 lsst_hardware_r -8.526632545082094 24.600000381469727 31.489999771118164 AB 13.402023536004961 1.161270000953574
61803.2272 lsst_hardware_i 55.60623140697798 47.709999084472656 31.969999313354492 AB 13.817035422534868 1.3181049771080247
61807.2947 lsst_hardware_g -2.6976720857070244 15.130000114440918 31.420000076293945 AB 3.695998480393725 1.1458683864187644
61807.3136 lsst_hardware_r -12.787462244879924 24.350000381469727 31.489999771118164 AB 3.7027579405796343 1.150371399015032
61808.3001 lsst_hardware_i 25.655425999564045 32.349998474121094 31.229999542236328 AB 4.310604190005937 1.145827801702801
61808.3183 lsst_hardware_z 44.420248488341564 43.400001525878906 30.93000030517578 AB 4.2045545742079975 1.1566067187148057
61810.2523 lsst_hardware_i 46.52021130560657 73.05000305175781 31.309999465942383 AB 6.226803702251647 1.1794305715032953
61810.2695 lsst_hardware_z 81.03541570132727 65.70999908447266 30.969999313354492 AB 6.099097533053222 1.1556428092692268
61814.2765 lsst_hardware_i -30.18649763002216 100.7699966430664 31.31999969482422 AB 6.091657697433987 1.145712464448503
61814.2939 lsst_hardware_r -146.27029312450705 120.91000366210938 31.639999389648438 AB 6.554904608170647 1.1499832645913415
61816.2815 lsst_hardware_z 134.16230459638456 77.70999908447266 31.709999084472656 AB 3.779894072063931 1.1466385779050299
61818.2249 lsst_hardware_r -35.28043491202557 35.04999923706055 31.549999237060547 AB 5.4379604123969205 1.190316386647002
61818.2407 lsst_hardware_i -63.6889210837637 37.86000061035156 31.260000228881836 AB 5.335896525959644 1.1635186493588408
61820.2661 lsst_hardware_z -25.02964278082769 44.220001220703125 30.950000762939453 AB 2.865714531284364 1.1456366184299687
61820.2828 lsst_hardware_r -31.312548894375386 26.969999313354492 31.520000457763672 AB 2.914919800238516 1.1540047376484508
61822.2695 lsst_hardware_u -0.624718509779809 2.799999952316284 28.43000030517578 AB 5.998955563504446 1.1484918117749419
61822.2866 lsst_hardware_g -22.4726915415176 15.470000267028809 31.440000534057617 AB 5.9123058553783885 1.164221697809988
