data/validation/pwv_sim_epoch_fit_seasonal/62269061.ecsv
# %ECSV 0.9
# ---
# datatype:
# - {name: time, datatype: float64}
# - {name: band, datatype: string}
# - {name: flux, datatype: float64}
# - {name: fluxerr, datatype: float64}
# - {name: zp, datatype: float64}
# - {name: zpsys, datatype: string}
# - {name: pwv, datatype: float64}
# - {name: airmass, datatype: float64}
# meta: {SNID: '62269061', alt: 1024.0, c: -0.09783440083265305, dec: -17.89609, lat: -30.244573, lon: -70.7499537, ra: 116.894531, t0: 60379.3828125,
#   x0: 6.128918012614264e-05, x1: 1.0567177534103394, z: 0.2101176679134369}
# schema: astropy-2.0
time band flux fluxerr zp zpsys pwv airmass
60271.3477 lsst_hardware_z 99.15216496136655 75.58000183105469 31.0 AB 6.7644120808588015 1.0235281245073653
60273.3419 lsst_hardware_y -70.66397651260696 76.1500015258789 30.079999923706055 AB 5.721654314406788 1.0235517557077953
60275.3258 lsst_hardware_r 65.62827311863764 73.91999816894531 31.65999984741211 AB 3.9915741001450584 1.0263094684438023
60275.3461 lsst_hardware_z -24.53796752034373 75.29000091552734 31.0 AB 3.99875996628734 1.0244037315966574
60277.2965 lsst_hardware_z 25.11053962963681 75.1500015258789 30.989999771118164 AB 4.692106769187819 1.0469363014866797
60277.3153 lsst_hardware_y 164.44284924953917 75.66999816894531 30.06999969482422 AB 4.604084880718471 1.0289799148608134
60279.3289 lsst_hardware_z 104.69490667293292 75.41999816894531 30.989999771118164 AB 7.175315511448068 1.0234854761479142
60279.3489 lsst_hardware_y -83.34803781247486 76.01000213623047 30.06999969482422 AB 7.414575254280483 1.0311387800315894
60281.3256 lsst_hardware_i -132.1238878761737 69.87999725341797 31.34000015258789 AB 6.2819626190871185 1.0236483208967886
60281.3441 lsst_hardware_y 63.348799878975136 76.0999984741211 30.06999969482422 AB 6.25398522870864 1.0316286019415026
60283.3054 lsst_hardware_z 128.2778634401416 75.52999877929688 31.0 AB 3.1634477495640487 1.0257058361187745
60283.3247 lsst_hardware_r 4.568338996040258 74.73999786376953 31.649999618530273 AB 3.0897725296522354 1.0245170034766637
60291.2919 lsst_hardware_r 7.790347275774034 74.83999633789062 31.65999984741211 AB 10.246489514679533 1.0236253261418116
60291.3099 lsst_hardware_i 195.73564318665052 69.7699966430664 31.329999923706055 AB 10.294015604251292 1.0272614324408773
60292.2911 lsst_hardware_z 47.950536257312024 40.560001373291016 30.959999084472656 AB 8.179170386653988 1.0234837498158484
60292.311 lsst_hardware_r -10.37134600874011 21.90999984741211 31.489999771118164 AB 7.4379783694802875 1.0294779750145726
60294.2905 lsst_hardware_u -1.8465637664538055 2.7200000286102295 28.5 AB 10.729273079375298 1.0236914967304904
60294.3086 lsst_hardware_r -3.6707623108010403 22.09000015258789 31.489999771118164 AB 10.909961421513165 1.031619094552029
60296.2506 lsst_hardware_i -0.2923178754077111 30.079999923706055 31.25 AB 5.612987861060475 1.0398273177214663
60296.2769 lsst_hardware_z -5.050895847574595 40.63999938964844 30.950000762939453 AB 5.370163853121255 1.0237983959941386
60300.2325 lsst_hardware_z 30.17014062795747 44.20000076293945 30.950000762939453 AB 5.0301332381121435 1.0485269395730807
60300.2518 lsst_hardware_r 3.515281986767465 31.1200008392334 31.56999969482422 AB 4.782936362815257 1.029418641445307
60302.2389 lsst_hardware_y 19.175421824429844 49.709999084472656 30.059999465942383 AB 7.170344457583737 1.0351796618263336
60302.258 lsst_hardware_g 12.28070981549525 52.470001220703125 31.719999313354492 AB 5.666451862685446 1.024288956123
60305.2188 lsst_hardware_r 242.7883342912282 172.7899932861328 32.849998474121094 AB 5.2712665720580585 1.048590923425116
60305.2429 lsst_hardware_i -129.41752192089126 77.22000122070312 31.34000015258789 AB 5.185641839510074 1.0267581109810426
60307.2432 lsst_hardware_z 65.85295185106968 62.540000915527344 30.989999771118164 AB 7.334998196090119 1.0245841871895238
60307.2643 lsst_hardware_r -6.484172838048692 87.55000305175781 31.65999984741211 AB 7.373822252950304 1.0263395816900034
60309.2422 lsst_hardware_z -0.12892189500746193 53.029998779296875 30.979999542236328 AB 6.935975082663435 1.0236846111229334
60309.2636 lsst_hardware_r -6.033075414152771 64.20999908447266 31.649999618530273 AB 5.7637229822096225 1.028853488828791
60311.2076 lsst_hardware_g 69.7496508951028 38.959999084472656 31.690000534057617 AB 4.954867724776411 1.042106223663014
60311.2278 lsst_hardware_i 56.33451243885206 40.790000915527344 31.299999237060547 AB 5.536550386058337 1.0261739255019777
60313.2178 lsst_hardware_z -0.03488995070517683 41.900001525878906 30.950000762939453 AB 2.701425744102106 1.0284942075962205
60313.2394 lsst_hardware_r -31.47965461700714 29.219999313354492 31.559999465942383 AB 2.667666323887111 1.0237941629348002
60315.214 lsst_hardware_u -2.3838304031992816 2.619999885559082 28.399999618530273 AB 7.210313002069149 1.0275614410986518
60315.2353 lsst_hardware_g -10.658051828568324 14.420000076293945 31.440000534057617 AB 7.195792107700521 1.0240326517368485
60317.203 lsst_hardware_r -2.6341838816728207 22.280000686645508 31.489999771118164 AB 6.8801761814167985 1.0310469326265246
60317.2251 lsst_hardware_i 0.9869832643445093 29.969999313354492 31.25 AB 8.243052207957666 1.0234730826865752
60319.2072 lsst_hardware_z -57.93720489475007 40.66999816894531 30.950000762939453 AB 7.806646993965316 1.0256608996188101
60319.2296 lsst_hardware_r -35.71117291698222 22.299999237060547 31.489999771118164 AB 7.391312061763817 1.02553845943513
60323.1801 lsst_hardware_i -79.73383937874965 30.329999923706055 31.25 AB 8.226676522489502 1.0365405110234567
60323.1998 lsst_hardware_z -7.411880914498418 40.849998474121094 30.950000762939453 AB 8.136936381094085 1.0245019995501847
60327.1674 lsst_hardware_y 102.88770154558384 47.0 30.049999237060547 AB 6.458431108600538 1.03830515397774
60327.1885 lsst_hardware_g -6.596039412943076 13.670000076293945 31.420000076293945 AB 6.376800347054306 1.0246050581737924
60329.1648 lsst_hardware_r -33.15454603919725 39.970001220703125 31.600000381469727 AB 7.68667138310135 1.0355208652972316
60329.184 lsst_hardware_i -12.749368814140032 37.540000915527344 31.280000686645508 AB 9.16383571370594 1.0243500686011497
60333.1521 lsst_hardware_z 18.962725184937177 64.95999908447266 30.979999542236328 AB 14.677631693113613 1.0372151574527322
60333.17 lsst_hardware_r 94.5290503506432 89.9800033569336 31.65999984741211 AB 11.777004067363075 1.025276036044377
60335.1474 lsst_hardware_i 147.82829463211792 81.1500015258789 31.34000015258789 AB 13.571348659175593 1.0364753152592339
60335.1674 lsst_hardware_z 150.2349610670251 70.16999816894531 30.989999771118164 AB 14.32098764742001 1.0244033176900065
60337.1359 lsst_hardware_r 58.61888858920685 76.88999938964844 31.649999618530273 AB 12.318027456213498 1.042928410482897
60337.1537 lsst_hardware_z -12.520575181205476 58.56999969482422 30.979999542236328 AB 12.149575098567508 1.0276799643528498
60339.1362 lsst_hardware_g 14.649875490856605 49.939998626708984 31.700000762939453 AB 12.460695331626244 1.0367425689668162
60339.1543 lsst_hardware_r 33.0396559646925 53.630001068115234 31.639999389648438 AB 12.315613213138677 1.025041154675601
60341.1356 lsst_hardware_i 28.22152766901933 34.959999084472656 31.280000686645508 AB 8.71656603555402 1.0324626633762535
60341.1532 lsst_hardware_z 51.701240955171436 43.630001068115234 30.959999084472656 AB 8.586640156218467 1.0239256088979807
60345.1367 lsst_hardware_r 3.9125728352701814 22.3700008392334 31.5 AB 6.566411238866459 1.0254676583341684
60345.1551 lsst_hardware_g 1.284488914883273 13.640000343322754 31.40999984741211 AB 6.528942796082595 1.0244157106824239
60349.1112 lsst_hardware_u -3.0670254507105854 2.6700000762939453 28.440000534057617 AB 6.183145792225434 1.034605241601659
60349.1305 lsst_hardware_r -30.33191113497157 22.270000457763672 31.489999771118164 AB 5.734910333966565 1.0240911310654581
60351.1199 lsst_hardware_z -42.78030729120925 40.689998626708984 30.950000762939453 AB 1.6751018256625625 1.0256248741236935
60351.1365 lsst_hardware_i 38.84149891302066 30.030000686645508 31.25 AB 2.1738832908481767 1.0239274439761052
60353.0996 lsst_hardware_r 26.600075932284 22.350000381469727 31.489999771118164 AB 3.533095135892218 1.0352128343476161
60353.1166 lsst_hardware_u 0.3081772204452215 2.6700000762939453 28.450000762939453 AB 3.492923835137557 1.0248688449716497
60357.1004 lsst_hardware_i 142.61549344620713 36.63711694745757 31.280000686645508 AB 2.4139584621222254 1.0269978566782665
60357.1175 lsst_hardware_z 125.77087237485273 43.139015000095654 30.959999084472656 AB 2.455539383980027 1.0235678966152841
60361.0847 lsst_hardware_r 2006.8945715144953 84.66812800052507 31.649999618530273 AB 4.728999971607776 1.029759738319179
60361.103 lsst_hardware_i 1330.8744204617828 69.16661517097896 31.329999923706055 AB 4.695446211655739 1.023456143783719
60366.0921 lsst_hardware_z 6331.815953443273 114.17441613156994 31.739999771118164 AB 5.847523422942508 1.0235021087721539
60368.0578 lsst_hardware_g 11788.866155794414 113.08009308268562 31.68000030517578 AB 5.667290078338248 1.0359887415653741
60368.0759 lsst_hardware_r 10074.883781388671 110.575496524625 31.6299991607666 AB 5.628214856369227 1.0247868640684428
60370.06 lsst_hardware_i 7484.362945719777 91.5777870836661 31.25 AB 2.985167738121453 1.0298416759848619
60370.0786 lsst_hardware_z 4483.740172012696 78.0513961381331 30.950000762939453 AB 2.9651058355256463 1.0234502107319725
60371.0588 lsst_hardware_r 11951.978369800861 112.35273329908209 31.5 AB 6.471547272284358 1.028862841380661
60371.0776 lsst_hardware_g 12644.033747706864 114.06867307604783 31.420000076293945 AB 6.428348540775709 1.0234594078611223
60373.0591 lsst_hardware_r 13830.6972304226 118.18269128179732 31.479999542236328 AB 10.977260065994729 1.025912155700442
60373.0767 lsst_hardware_i 9389.93190897558 99.57381813999696 31.239999771118164 AB 10.956524532470315 1.0239742553710576
60380.0377 lsst_hardware_u 375.80284125898817 19.62941420344726 28.510000228881836 AB 7.539052983237031 1.026944046754594
60380.0544 lsst_hardware_g 14987.556085593784 123.27000103634495 31.420000076293945 AB 7.901719715889941 1.023538823301806
60385.0222 lsst_hardware_z 8897.506031046494 109.55380761423207 31.700000762939453 AB 8.124431073312117 1.0279102216197384
60391.0073 lsst_hardware_y 894.5677113180224 59.332569036115686 30.049999237060547 AB 6.282574076178601 1.0271238271681635
60391.0298 lsst_hardware_i 8950.837344549398 111.39164692556282 31.329999923706055 AB 6.2637270021153 1.024489205449036
60395.002 lsst_hardware_y 856.4835674769085 58.92417468676145 30.059999465942383 AB 5.612352221580164 1.024837583829843
60395.0206 lsst_hardware_i 7387.126769077379 105.85590643173616 31.329999923706055 AB 5.612483766169081 1.025001981433165
60396.9861 lsst_hardware_z 2680.864428595779 78.74296707062841 30.979999542236328 AB 7.805004130516043 1.0299556783472987
60397.0046 lsst_hardware_u 88.85962579620151 11.911738677088723 28.959999084472656 AB 6.652461515232165 1.0234556177280254
60398.998 lsst_hardware_y 834.5606503853206 54.223640415200244 30.049999237060547 AB 9.546843247358176 1.0235157595665914
60399.0161 lsst_hardware_r 8231.057230902019 93.43579499254257 31.479999542236328 AB 6.1639889312714775 1.0278168465005382
60402.981 lsst_hardware_y 1055.1688709058012 78.88430118811854 30.06999969482422 AB 6.417505084608423 1.0245877040964992
60402.999 lsst_hardware_u 46.60702394194144 6.650479962241931 28.43000030517578 AB 6.40394761054315 1.0250826540546754
60635.229 lsst_hardware_r -52.87417218920082 46.72999954223633 31.540000915527344 AB 4.162321542413028 1.3537839411561547
60635.2379 lsst_hardware_y 82.29335129763203 52.099998474121094 29.959999084472656 AB 4.004844603788236 1.2983772422720814
60642.2438 lsst_hardware_z -31.065267149682082 42.880001068115234 30.93000030517578 AB 5.949545524612656 1.1790617369426588
60642.2702 lsst_hardware_y 81.6638106736835 47.619998931884766 30.020000457763672 AB 5.417749068949172 1.0968028482056527
60644.3283 lsst_hardware_u 4.871500238478297 2.7699999809265137 28.5 AB 7.080595205722679 1.023453896274056
60644.348 lsst_hardware_y 61.53538261389984 53.880001068115234 30.059999465942383 AB 7.49538250724183 1.030009963891965
60646.3285 lsst_hardware_r 10.324223016962621 22.010000228881836 31.489999771118164 AB 6.289612996425242 1.0239698652990936
60646.347 lsst_hardware_z -42.88449418363513 45.72999954223633 30.959999084472656 AB 6.257864744003834 1.0333701610520751
60648.3277 lsst_hardware_z -14.510136423348603 40.689998626708984 30.959999084472656 AB 3.1230716266302325 1.0252184248273228
60648.3471 lsst_hardware_y 56.144091462547735 52.56999969482422 30.059999465942383 AB 4.2298729885365525 1.0385578398010407
60650.3032 lsst_hardware_r 11.967069021269749 21.940000534057617 31.489999771118164 AB 4.274783475350227 1.0248002577953745
60650.3233 lsst_hardware_u 0.8075409990850916 2.609999895095825 28.389999389648438 AB 4.2988295330544055 1.02560647335188
60652.3059 lsst_hardware_g 18.24236826329853 13.359999656677246 31.420000076293945 AB 6.752022895768536 1.0234602138417648
60652.3247 lsst_hardware_i 19.598075979902912 29.959999084472656 31.25 AB 6.6153207484787835 1.0290613282224197
60654.3044 lsst_hardware_z -30.11794297734738 40.59000015258789 30.950000762939453 AB 8.491014257643071 1.02363041080688
60654.3233 lsst_hardware_r 2.1148240897270805 22.079999923706055 31.5 AB 8.5602335729236 1.0318818157398186
60656.2885 lsst_hardware_y -27.67725883616018 47.75 30.049999237060547 AB 10.785235327934497 1.0243361504353559
60656.3072 lsst_hardware_g 3.459936318721867 13.390000343322754 31.40999984741211 AB 10.262956365054148 1.025714398346352
60658.2894 lsst_hardware_r -36.26576119439341 74.02999877929688 31.649999618530273 AB 8.351326493001853 1.0234615758816048
60658.3083 lsst_hardware_i -52.527445537325626 56.86000061035156 31.31999969482422 AB 8.496047793945202 1.0290477059361325
60660.2922 lsst_hardware_z -1.4101062384146328 63.959999084472656 30.989999771118164 AB 6.771735910777909 1.0243908797787749
60660.3107 lsst_hardware_r 22.638209764446902 91.93000030517578 31.65999984741211 AB 6.874693070971072 1.0350335849098273
60662.2521 lsst_hardware_z -2.868981944394843 58.63999938964844 30.989999771118164 AB 4.521334254873095 1.0362308496814927
60662.279 lsst_hardware_r 70.94993422930538 74.41000366210938 31.65999984741211 AB 4.448170054798027 1.0234501132696063
60670.2321 lsst_hardware_r 16.57174697787205 22.139999389648438 31.5 AB 5.211767204450875 1.0345426439285783
60670.2525 lsst_hardware_i 15.344609615721419 30.020000457763672 31.260000228881836 AB 6.449352798745198 1.0238693123901101
60672.2341 lsst_hardware_z 32.232912578997514 40.65999984741211 30.950000762939453 AB 7.387363085734557 1.0289523066695783
60672.2541 lsst_hardware_r -7.792440794110248 22.100000381469727 31.5 AB 7.360984585998092 1.0235199072093157
60674.2344 lsst_hardware_u 0.7429949903278346 2.6500000953674316 28.440000534057617 AB 6.9383184001408384 1.025973738191063
60674.2564 lsst_hardware_r -27.833626573887116 22.1299991607666 31.5 AB 5.76825619430089 1.0251032867071068
60676.2426 lsst_hardware_i 10.038202814181902 30.049999237060547 31.25 AB 7.202558060367397 1.0234831626287635
60676.2619 lsst_hardware_z 2.5669344202985855 40.849998474121094 30.950000762939453 AB 7.289211954368575 1.0308834529374975
60678.2179 lsst_hardware_z -17.33920198159844 40.619998931884766 30.950000762939453 AB 3.601965174019856 1.02883895287628
60678.2396 lsst_hardware_r -33.16102801065556 22.170000076293945 31.489999771118164 AB 3.5558665240321043 1.0237128325988483
60680.2159 lsst_hardware_u -1.8181129653123316 2.680000066757202 28.450000762939453 AB 11.909086099387698 1.026933071712997
60680.2354 lsst_hardware_g 4.6021683300053216 13.619999885559082 31.420000076293945 AB 11.923949811136058 1.0239105071603674
60682.2028 lsst_hardware_r 24.523074364729872 22.350000381469727 31.5 AB 8.2823903633307 1.031698597186572
60682.2242 lsst_hardware_i 0.773444764795873 30.049999237060547 31.25 AB 9.013160022180541 1.023447390860773
60684.2024 lsst_hardware_z 44.844730210974085 44.40999984741211 30.959999084472656 AB 7.723394818950407 1.028312061904658
60684.222 lsst_hardware_r 10.666351871665647 31.889999389648438 31.579999923706055 AB 7.134292464595263 1.0235713722518296
60686.2064 lsst_hardware_z -7.084636873704185 52.56999969482422 30.979999542236328 AB 7.021069060556539 1.0243754100607732
60686.2255 lsst_hardware_r -16.972848997483254 61.2400016784668 31.649999618530273 AB 6.565045526050557 1.0257883634453995
