data/validation/pwv_sim_epoch_fit_seasonal/62286046.ecsv
# %ECSV 0.9
# ---
# datatype:
# - {name: time, datatype: float64}
# - {name: band, datatype: string}
# - {name: flux, datatype: float64}
# - {name: fluxerr, datatype: float64}
# - {name: zp, datatype: float64}
# - {name: zpsys, datatype: string}
# - {name: pwv, datatype: float64}
# - {name: airmass, datatype: float64}
# meta: {SNID: '62286046', alt: 1024.0, c: -0.05146591365337372, dec: 0.447628, lat: -30.244573, lon: -70.7499537, ra: 191.601562, t0: 62596.390625,
#   x0: 4.3246420441541495e-06, x1: -0.6454117298126221, z: 0.650931179523468}
# schema: astropy-2.0
time band flux fluxerr zp zpsys pwv airmass
62528.3166 lsst_hardware_r -5.790254282874223 37.09000015258789 31.540000915527344 AB 14.875981561317856 1.253523529126273
62528.3342 lsst_hardware_y 7.393292646810183 50.22999954223633 29.989999771118164 AB 13.211429130512553 1.2064864811280527
62530.3661 lsst_hardware_g 21.721006567745 18.719999313354492 31.489999771118164 AB 13.36917732892725 1.161821544317826
62532.3627 lsst_hardware_z 58.803634984897435 43.900001525878906 30.940000534057617 AB 13.40300223128633 1.1613128760997578
62532.3816 lsst_hardware_y 121.61494600954748 72.16000366210938 30.020000457763672 AB 13.829721350029189 1.1658353087485027
62536.3617 lsst_hardware_r -0.15566094134305497 24.760000228881836 31.489999771118164 AB 9.637550213833467 1.1616171410807714
62536.3802 lsst_hardware_z -35.07323090096351 52.16999816894531 30.950000762939453 AB 8.972837938910226 1.1744680381213004
62538.3651 lsst_hardware_z 18.75250499632275 43.7599983215332 30.93000030517578 AB 5.123477649430544 1.1657514560706586
62538.383 lsst_hardware_y -102.69187280640436 61.529998779296875 30.0 AB 5.201216067508058 1.1855524220282014
62540.3296 lsst_hardware_r 18.442164213201828 24.56999969482422 31.489999771118164 AB 9.534337022862175 1.166493793706753
62540.3477 lsst_hardware_u 0.4544296071691367 2.680000066757202 28.34000015258789 AB 9.522699292004765 1.1610334119469956
62542.3315 lsst_hardware_g 18.707943725372107 15.210000038146973 31.40999984741211 AB 3.4111636919081736 1.1624343812943172
62542.3499 lsst_hardware_i -15.389699917574312 32.380001068115234 31.229999542236328 AB 3.9684836095949243 1.1632948998494983
62544.3305 lsst_hardware_r 80.72383658028171 24.65999984741211 31.5 AB 7.008344541893537 1.1612030997959606
62544.3474 lsst_hardware_u -1.57002350108074 2.8399999141693115 28.450000762939453 AB 7.198113815627767 1.1649004152061169
62545.3263 lsst_hardware_g 12.860975221379606 15.180000305175781 31.40999984741211 AB 6.620584720626666 1.1615060913380115
62545.3437 lsst_hardware_r -2.8923069533886427 24.559999465942383 31.479999542236328 AB 6.472695123955559 1.1643283089112084
62547.3309 lsst_hardware_i -0.07393513313675419 32.61000061035156 31.239999771118164 AB 4.6568334152926925 1.1614257712462477
62547.3478 lsst_hardware_z 8.859593857535554 43.81999969482422 30.940000534057617 AB 4.710187474235044 1.1719070658045878
62549.3399 lsst_hardware_r 64.99573619850085 89.44999694824219 31.6200008392334 AB 4.798986722895249 1.1695574783148444
62549.3573 lsst_hardware_z -139.74271238316166 64.4000015258789 30.969999313354492 AB 4.785898896004762 1.1927473884124364
62551.3043 lsst_hardware_z -95.72252304264379 85.56999969482422 30.989999771118164 AB 2.9947855280195195 1.1635883547429509
62551.3205 lsst_hardware_r 62.94519224565863 125.87999725341797 31.639999389648438 AB 2.941135019145902 1.1615474816439302
62553.3069 lsst_hardware_i -83.25405667154273 94.9000015258789 31.31999969482422 AB 7.539882757624257 1.1610537045925866
62553.3246 lsst_hardware_z 79.68580542153751 83.70999908447266 30.979999542236328 AB 7.564295341426753 1.16605490522347
62555.3082 lsst_hardware_r 6.966768732995886 89.80000305175781 32.369998931884766 AB 12.787654683748716 1.16124724698045
62555.3261 lsst_hardware_z 10.682245322845509 79.5199966430664 31.709999084472656 AB 12.995096380010406 1.1720492789186385
62558.3051 lsst_hardware_g -9.198407734328493 21.1299991607666 31.520000457763672 AB 7.643396644052228 1.1627885361134402
62558.3229 lsst_hardware_r -25.873170441352396 28.329999923706055 31.520000457763672 AB 7.736499456821791 1.177788408122672
62560.3048 lsst_hardware_i -1.2350963961972978 32.63999938964844 31.239999771118164 AB 6.102416585655667 1.165584296754019
62560.3228 lsst_hardware_z 24.01249127356639 43.86000061035156 30.940000534057617 AB 6.186543922064074 1.1853319772120658
62562.3045 lsst_hardware_r 19.21680473744963 24.6299991607666 31.489999771118164 AB 3.9592197701072545 1.1696365642857474
62562.3234 lsst_hardware_g 20.164214253638338 15.210000038146973 31.399999618530273 AB 4.051714401770757 1.1956368577707877
62564.27 lsst_hardware_u 3.0069973949792193 2.6542492566009837 28.290000915527344 AB 6.640061656794757 1.1630187395133273
62564.2886 lsst_hardware_r 3.018440209306757 24.580535636214975 31.479999542236328 AB 6.644556354962921 1.1627368029100262
62565.2695 lsst_hardware_i -16.501630573258677 32.3833315223234 31.229999542236328 AB 11.982429930919414 1.1621392018866625
62565.288 lsst_hardware_z 52.71598427694852 43.36757266690119 30.93000030517578 AB 12.071352520071407 1.163728190501437
62567.2744 lsst_hardware_r 18.546678030546378 24.87536792239772 31.489999771118164 AB 11.25702468018803 1.161076601820948
62567.2932 lsst_hardware_u -6.452408351196878 2.8014378555820776 28.290000915527344 AB 10.483077044869903 1.1719045735061002
62569.27 lsst_hardware_g -9.20572213495228 15.35610461241752 31.40999984741211 AB 9.159921048607664 1.1612475974401195
62569.2891 lsst_hardware_r -15.408039863342186 24.974172484259505 31.479999542236328 AB 9.193699389473199 1.1733392112147532
62573.2681 lsst_hardware_i 27.535062152788353 34.059362184338646 31.239999771118164 AB 17.603468195100316 1.1648154877873074
62573.2866 lsst_hardware_z 176.72039215899946 44.84944448428494 30.940000534057617 AB 18.044823202933973 1.1842507352293195
62576.2687 lsst_hardware_r 213.58435844711934 54.46550212460327 31.59000015258789 AB 8.813751033344245 1.1719764241800756
62576.2877 lsst_hardware_g 91.66487521548491 39.045434627829856 31.610000610351562 AB 9.013639886748445 1.2004981036524458
62577.2714 lsst_hardware_r 376.87665823124996 78.2814907591884 31.6200008392334 AB 9.308284195642267 1.1782638222331983
62577.2926 lsst_hardware_i 374.4195987774104 66.6138358092372 31.290000915527344 AB 9.872674677355427 1.2173458295135928
62579.2367 lsst_hardware_i 469.76394597880744 118.71034440427384 31.31999969482422 AB 7.804563081310691 1.1609614103846324
62579.2554 lsst_hardware_z 67.97190977133822 100.36068956198513 30.979999542236328 AB 6.575384249914293 1.1673661231946313
62590.0431 lsst_hardware_r 2127.085721101938 59.55745332684716 31.969999313354492 AB 11.6503622175898 2.311350504431989
62590.0705 lsst_hardware_g 262.93902540515813 22.311619642459664 31.15999984741211 AB 8.908216237859406 1.8038303610123327
62593.2395 lsst_hardware_z 1717.786504339886 74.7656305467678 31.68000030517578 AB 10.231334786278845 1.1970206832086703
62593.2596 lsst_hardware_i 2495.617326597157 68.3604441976687 31.969999313354492 AB 9.848853397880964 1.2466903035292358
62595.2169 lsst_hardware_u 4.8147395378733 2.8274277133491674 28.31999969482422 AB 6.446293699554753 1.172053399919046
62595.2366 lsst_hardware_g 331.95786639205335 23.32656764176142 31.399999618530273 AB 6.61134095883813 1.2020619925160236
62597.2063 lsst_hardware_r 1463.2618669478409 44.93273307424046 31.489999771118164 AB 16.002736948840077 1.1674012947796963
62597.2247 lsst_hardware_i 1272.747872550085 48.262567317627095 31.229999542236328 AB 17.627869662194527 1.1900537599933296
62599.2081 lsst_hardware_z 891.169030807761 52.89356684338174 30.93000030517578 AB 10.033804535953688 1.1743456006187871
62599.2268 lsst_hardware_u 5.233166207881542 2.766338669492505 28.280000686645508 AB 11.126485949421456 1.2043823867315033
62601.1962 lsst_hardware_g 216.96181422274282 21.19168522957919 31.420000076293945 AB 5.7696317341438705 1.1680598712711552
62601.2132 lsst_hardware_r 1250.1023618374036 42.96206348866654 31.479999542236328 AB 5.818575415774241 1.1890821694361526
62605.1889 lsst_hardware_i 1073.875432650355 67.84130830867878 31.299999237060547 AB 6.6064070408217495 1.171348766103147
62605.2063 lsst_hardware_z 972.6576571267695 65.39112598130703 30.959999084472656 AB 6.556364530841142 1.19619860077379
62607.1486 lsst_hardware_z 762.6901279768022 93.067755744751 30.979999542236328 AB 19.458395026540614 1.1651733548826715
62607.1661 lsst_hardware_r 992.7587733935857 131.09907973307628 31.6299991607666 AB 19.392349322417523 1.1612185223004505
62609.1607 lsst_hardware_r 1119.1910930252186 154.69235326041897 31.6299991607666 AB 13.651419105746406 1.1612299341397079
62609.1788 lsst_hardware_i 1073.5594005773883 125.14345715036933 31.31999969482422 AB 15.121167923461448 1.1721835599582517
62613.1644 lsst_hardware_z 1437.3997477588168 79.50919446922919 31.700000762939453 AB 11.902660144501512 1.1688755911324278
62617.156 lsst_hardware_i 690.2118719207549 40.77535384377492 31.229999542236328 AB 10.31294586373362 1.1712158385524252
62617.1724 lsst_hardware_z 648.2856999595782 50.26786403095827 30.93000030517578 AB 7.654707644202133 1.1941045398820356
62619.1539 lsst_hardware_i 482.10688368101984 40.01412956778582 31.219999313354492 AB 2.4346045419310967 1.1748131937901383
62619.1699 lsst_hardware_u 2.072594151595924 2.609442533816118 28.25 AB 2.7194543438739824 1.1997151621810884
62624.1175 lsst_hardware_r 221.0989411655309 29.20093745976437 31.489999771118164 AB 15.438179662518094 1.1609399655976909
62624.1367 lsst_hardware_i 386.538183621616 38.277115181244014 31.239999771118164 AB 13.323435704869595 1.1710336809377802
62626.114 lsst_hardware_z 385.7397076954153 47.86958795625047 30.940000534057617 AB 10.759711407202284 1.1611825897658812
62626.1327 lsst_hardware_u -1.061218967156047 2.9930350163216994 28.399999618530273 AB 10.012804660133256 1.172516769178815
62630.0262 lsst_hardware_i 294.74593231329374 38.6062422684466 31.219999313354492 AB 11.775158863595331 1.2968355653332353
62630.0423 lsst_hardware_z 366.7864359544255 48.74979497332722 30.93000030517578 AB 11.067868838045069 1.2405838522720471
62635.0693 lsst_hardware_i 86.82834989746193 90.27397793494666 31.31999969482422 AB 7.433140846923941 1.1671729366293382
62635.0883 lsst_hardware_r 189.66475410666325 107.32137005323703 31.6299991607666 AB 7.1817035913141405 1.1610233752191852
62640.0284 lsst_hardware_r 108.55067012645674 74.48999011051023 31.600000381469727 AB 9.78420123072345 1.2064862383234454
62640.0404 lsst_hardware_i 157.4829447186622 63.54226386233573 31.299999237060547 AB 9.638029595786497 1.1845181805554892
62643.039 lsst_hardware_i 151.9185085986533 34.658080780736256 31.229999542236328 AB 5.38864596846589 1.1753840156610138
62643.0593 lsst_hardware_z 196.90596440817333 45.70117313526043 30.93000030517578 AB 5.835409020864706 1.1613717265175632
62645.0367 lsst_hardware_i 194.79062630370453 34.5279359105565 31.239999771118164 AB 8.823514294023246 1.1719111403241016
62645.0561 lsst_hardware_u 8.78154550409828 3.5612328219310485 28.40999984741211 AB 9.636354882349403 1.1610066123312532
62647.0373 lsst_hardware_g 47.99420290144117 16.636168709085176 31.43000030517578 AB 6.624930668757477 1.1666006519104528
62647.0574 lsst_hardware_r 107.29670639814056 26.373824375703563 31.5 AB 6.051757422269085 1.1613242458738544
62651.0354 lsst_hardware_i 132.3425598474671 34.24847754958072 31.25 AB 11.177787051245582 1.1619119957636475
62651.0556 lsst_hardware_r 99.90274822699851 26.244933778133014 31.5 AB 12.746924804526987 1.1651135509828021
62653.0303 lsst_hardware_u 3.703079320723453 3.5032877159080913 28.3799991607666 AB 7.900265538435911 1.16180375565234
62653.0485 lsst_hardware_g 28.19376242950218 16.539131076456844 31.43000030517578 AB 8.556481267837812 1.1641471112704835
62655.9994 lsst_hardware_g 12.727809838572192 16.513866033883815 31.420000076293945 AB 12.75079837346961 1.1806294790249638
62656.018 lsst_hardware_r 94.98865960637438 26.320016163382046 31.5 AB 13.071266141292437 1.1633984327499565
62658.0013 lsst_hardware_i 46.069280534607245 34.6058783292278 31.229999542236328 AB 5.168096718791034 1.171815445270433
62658.0228 lsst_hardware_z 74.70131815726153 45.421226546106 30.940000534057617 AB 5.139123463669542 1.160881003784335
62672.9552 lsst_hardware_y 57.6106376520656 60.16305667359073 30.010000228881836 AB 5.057507729796011 1.177693764336486
62672.969 lsst_hardware_i 95.23385198640645 34.737150638090775 31.239999771118164 AB 6.125133985098477 1.1648063107538882
62676.959 lsst_hardware_y 127.68359387090574 54.1893244267505 30.0 AB 5.863845933189523 1.1642700155245513
62676.9793 lsst_hardware_g -1.5389166418826155 16.591918182513083 31.43000030517578 AB 5.846516040128691 1.1624447838012866
62678.9585 lsst_hardware_y 130.88111893697547 56.459999084472656 30.020000457763672 AB 8.885114439527134 1.1620604812355655
62678.9781 lsst_hardware_i 58.350931576655015 33.310001373291016 31.239999771118164 AB 8.962298590242998 1.1644894006119049
62680.9605 lsst_hardware_z 64.56775937088786 47.77000045776367 30.950000762939453 AB 4.47812760121589 1.1608885550784938
62680.9814 lsst_hardware_u 2.023073361351644 2.880000114440918 28.420000076293945 AB 4.7675264145000416 1.1713824114249227
62682.9627 lsst_hardware_y 24.186321847297194 52.40999984741211 30.0 AB 9.007745049935998 1.1623646751320262
62682.9852 lsst_hardware_r -22.932724740719767 26.170000076293945 31.489999771118164 AB 9.170144571682343 1.1827103336147515
62894.3607 lsst_hardware_z -35.08380159893572 44.2599983215332 30.940000534057617 AB 13.777153761872068 1.1661718098757463
62894.3777 lsst_hardware_y -138.04105345720518 67.01000213623047 30.020000457763672 AB 14.311342618761401 1.1609046759353006
62896.3603 lsst_hardware_u 1.2114204016999033 2.9200000762939453 28.450000762939453 AB 13.300670786902414 1.1631968038685927
62896.3782 lsst_hardware_y -33.799146457553164 62.209999084472656 30.030000686645508 AB 12.418399449105202 1.1622273700613197
62898.358 lsst_hardware_r -34.75917925207475 24.860000610351562 31.489999771118164 AB 13.62458755184584 1.1619456649383837
62898.375 lsst_hardware_z -2.1133468483321485 47.63999938964844 30.950000762939453 AB 13.608965599779188 1.1631594529725802
62907.3349 lsst_hardware_i 8.499052091423119 93.12999725341797 31.309999465942383 AB 3.9612583656777196 1.1615174193801456
62907.3547 lsst_hardware_z -3.8740429650125408 81.20999908447266 30.979999542236328 AB 3.967018342520201 1.1655702490143092
62909.3322 lsst_hardware_z -77.75527258163336 71.62000274658203 30.979999542236328 AB 6.982402738815449 1.1609925573754383
62909.3496 lsst_hardware_r 20.536879336994602 91.20999908447266 31.6299991607666 AB 7.197920987553685 1.1658125502853856
62911.3397 lsst_hardware_i -22.219106414951167 44.88999938964844 31.280000686645508 AB 2.899384323075212 1.1632434596089114
62911.3574 lsst_hardware_z 20.848294101807152 49.9900016784668 30.950000762939453 AB 2.9085035477872045 1.1790832260209791
62913.2796 lsst_hardware_r 15.43941688690475 28.31999969482422 31.520000457763672 AB 5.467643805396785 1.2079186579911225
62913.2955 lsst_hardware_z 28.009777541124233 44.470001220703125 30.940000534057617 AB 6.036802655482668 1.1798503536831546
62915.2282 lsst_hardware_u -0.48142011352951797 2.609999895095825 28.219999313354492 AB 7.288072608478982 1.378836969504758
62915.2482 lsst_hardware_g -7.074023509687328 15.130000114440918 31.3700008392334 AB 6.794394840643182 1.2853565721988585
62922.2899 lsst_hardware_u 3.0285577446848233 2.799999952316284 28.43000030517578 AB 10.258692694821377 1.162919310187766
62922.3084 lsst_hardware_r -3.5100985664505058 24.579999923706055 31.489999771118164 AB 10.464073770008257 1.1626748633342507
62924.2976 lsst_hardware_i -24.589676471211266 32.45000076293945 31.239999771118164 AB 7.068891040193621 1.1611187648149837
62924.3165 lsst_hardware_z -42.28334555265025 43.529998779296875 30.940000534057617 AB 7.1442913228512825 1.1726370657121514
62926.2746 lsst_hardware_z -37.151048770103245 43.36000061035156 30.93000030517578 AB 4.529625678599057 1.1653019218177443
62926.2929 lsst_hardware_r -1.3505949378002047 24.639999389648438 31.489999771118164 AB 4.800257305993749 1.161258924117525
62931.2726 lsst_hardware_r -78.55604712706791 66.11000061035156 31.6200008392334 AB 9.033592147498759 1.1609311361590287
62931.2888 lsst_hardware_i 26.80735470889397 55.38999938964844 31.299999237060547 AB 9.077413225355983 1.165314719331937
62933.2734 lsst_hardware_z 101.74073834229442 79.88999938964844 30.979999542236328 AB 11.495698179928327 1.1611816343361947
