data/validation/pwv_sim_epoch_fit_seasonal/62328985.ecsv
# %ECSV 0.9
# ---
# datatype:
# - {name: time, datatype: float64}
# - {name: band, datatype: string}
# - {name: flux, datatype: float64}
# - {name: fluxerr, datatype: float64}
# - {name: zp, datatype: float64}
# - {name: zpsys, datatype: string}
# - {name: pwv, datatype: float64}
# - {name: airmass, datatype: float64}
# meta: {SNID: '62328985', alt: 1024.0, c: -0.07835863530635834, dec: 4.031936, lat: -30.244573, lon: -70.7499537, ra: 238.710938, t0: 62301.9765625,
#   x0: 4.468334298383836e-06, x1: 1.0227004289627075, z: 0.6418380737304688}
# schema: astropy-2.0
time band flux fluxerr zp zpsys pwv airmass
62203.3794 lsst_hardware_i 58.515383981673615 36.15999984741211 31.239999771118164 AB 10.371787309202105 1.2180607526954907
62203.3987 lsst_hardware_y 16.452070038601118 54.709999084472656 30.0 AB 10.3449209198954 1.2089071746057904
62205.3793 lsst_hardware_u -1.9140403957801946 2.9800000190734863 28.420000076293945 AB 11.25089801589612 1.2136236466097965
62205.3973 lsst_hardware_z 94.91782022766583 46.599998474121094 30.940000534057617 AB 11.198309647375153 1.209364229890408
62207.382 lsst_hardware_r 19.954138568163973 23.780000686645508 31.469999313354492 AB 8.87176968837573 1.2096768050689826
62207.4013 lsst_hardware_y 21.481914022251676 55.25 30.0 AB 8.813472426803504 1.2136425814931584
62210.3799 lsst_hardware_u 0.19262301249675168 2.640000104904175 28.31999969482422 AB 11.71425301259138 1.2089116362464123
62210.3986 lsst_hardware_y 94.60488701309352 50.90999984741211 29.989999771118164 AB 11.813314548350471 1.2182128488334776
62212.3855 lsst_hardware_r 22.676237575511887 23.68000030517578 31.469999313354492 AB 10.938341264731928 1.2122732200744823
62212.4035 lsst_hardware_y 11.509595902617976 56.77000045776367 29.989999771118164 AB 11.135228861597506 1.2311375611702116
62217.3497 lsst_hardware_u -0.5046197128590306 2.8299999237060547 28.479999542236328 AB 7.516348981046382 1.2116954750605413
62217.3682 lsst_hardware_g 2.0720779260379123 14.34000015258789 31.399999618530273 AB 7.521549598738083 1.21048488794669
62219.3458 lsst_hardware_r -13.771174421810594 23.610000610351562 31.479999542236328 AB 8.234325781510517 1.2109302619868407
62219.3663 lsst_hardware_i 35.9147138648766 32.119998931884766 31.229999542236328 AB 8.24310770569361 1.212221721425531
62221.3536 lsst_hardware_r -0.30504390059703673 23.670000076293945 31.479999542236328 AB 9.07019776431196 1.2093597019082614
62221.3723 lsst_hardware_u -1.1531115698647398 2.7300000190734863 28.399999618530273 AB 9.166584622121551 1.2222112829495402
62223.3486 lsst_hardware_z -19.40238698644536 53.52000045776367 30.959999084472656 AB 9.652423597626223 1.2094632205777658
62223.3679 lsst_hardware_i 0.3997931804873906 47.5 31.280000686645508 AB 9.643681230297313 1.2234810094894355
62225.3536 lsst_hardware_z 0.7465507869969439 72.2699966430664 30.969999313354492 AB 7.5431451799380165 1.214693462865294
62225.3721 lsst_hardware_r 102.62958329446413 104.30999755859375 31.610000610351562 AB 7.792321818699819 1.2378425202790606
62227.3139 lsst_hardware_r 102.25822385419819 104.5199966430664 31.6200008392334 AB 6.252599817169414 1.218038925422613
62227.3329 lsst_hardware_y 6.777835241068151 59.779998779296875 30.0 AB 6.142249545925966 1.2089059299837885
62231.3178 lsst_hardware_i -16.119679663735266 40.88999938964844 31.260000228881836 AB 8.416503159489109 1.2093545742494318
62231.3364 lsst_hardware_z -41.03506895018827 47.650001525878906 30.940000534057617 AB 9.392971053035463 1.2140850133178311
62233.3168 lsst_hardware_r -5.2870184526348485 27.100000381469727 31.510000228881836 AB 10.136994600847341 1.2089078561578215
62233.336 lsst_hardware_z -48.87439669386048 44.349998474121094 30.93000030517578 AB 9.914760607819517 1.2184037613295875
62237.2926 lsst_hardware_z 48.297129612529496 43.84000015258789 30.93000030517578 AB 4.345201582306008 1.2131786642082851
62237.3093 lsst_hardware_r 24.474939279013697 23.56999969482422 31.469999313354492 AB 4.335024925102697 1.2092400823178682
62243.2999 lsst_hardware_r 23.080727606710006 23.90999984741211 31.489999771118164 AB 16.791177952972323 1.211739696519036
62243.3184 lsst_hardware_i -6.896213687137599 32.38999938964844 31.239999771118164 AB 17.11488689845942 1.2304385033191327
62245.2948 lsst_hardware_z -11.539978169871414 43.66999816894531 30.93000030517578 AB 12.917216490486304 1.2119358708822177
62245.3134 lsst_hardware_r -3.4368472801564867 23.760000228881836 31.469999313354492 AB 13.120007277200408 1.231135635401424
62251.2609 lsst_hardware_z 94.91709840264897 52.58000183105469 30.950000762939453 AB 16.40186384727247 1.2099785214320733
62251.2793 lsst_hardware_r -11.071368441926143 53.02000045776367 31.59000015258789 AB 16.45346173530965 1.21244329503774
62253.2685 lsst_hardware_y -8.911460855349238 82.6500015258789 30.75 AB 3.252225210828036 1.2099802359377576
62255.2573 lsst_hardware_r 173.51292277191683 136.19000244140625 31.6200008392334 AB 12.890215805077114 1.208929969995509
62255.2751 lsst_hardware_i -129.37104064555297 106.45999908447266 31.309999465942383 AB 12.972388523306666 1.2176073327676615
62258.2622 lsst_hardware_z -22.25852330935444 57.91999816894531 30.959999084472656 AB 9.611682289333576 1.2137494998527056
62258.28 lsst_hardware_r 34.75965857330001 68.72000122070312 31.600000381469727 AB 9.754654856543816 1.2344539175580633
62260.2631 lsst_hardware_z -125.43243050682172 47.77000045776367 30.940000534057617 AB 11.27729941295226 1.2192334086115206
62260.2813 lsst_hardware_r 37.59243566336322 41.13999938964844 31.559999465942383 AB 11.493313882022903 1.2468337906295186
62262.2622 lsst_hardware_i 23.73648548565529 34.369998931884766 31.239999771118164 AB 3.1913571579280937 1.2244623959309733
62262.2807 lsst_hardware_z 5.5335002660467465 45.38999938964844 30.93000030517578 AB 3.303534594175827 1.2573717054716418
62269.195 lsst_hardware_z 6.816346275604855 43.901347683073666 30.940000534057617 AB 7.219880263100296 1.2226033410081782
62269.2178 lsst_hardware_r -10.691605897641018 24.06348343112046 31.469999313354492 AB 8.01105252581962 1.2089265497533348
62276.1994 lsst_hardware_i 132.67394156598073 33.39578663814496 31.219999313354492 AB 9.769725579952873 1.2089249603967114
62276.2192 lsst_hardware_z 113.18684343909352 44.41286294005377 30.93000030517578 AB 9.018320239741065 1.2190213895297808
62278.2031 lsst_hardware_r 156.64152133725756 36.12116761232724 31.540000915527344 AB 6.3898283435570455 1.211131400904812
62278.2236 lsst_hardware_z 163.8562135666323 47.63456487041721 30.940000534057617 AB 5.904947624946183 1.2316086400972595
62281.1637 lsst_hardware_y 217.5231064108904 80.83125489349231 30.75 AB 6.9598041510058675 1.2209290229087115
62284.1599 lsst_hardware_r 782.1725565682779 138.51360159349412 31.6200008392334 AB 8.713634820046554 1.21656332566095
62284.1798 lsst_hardware_i 740.7428702822926 110.1956505849129 31.309999465942383 AB 9.13702567884927 1.20908107434819
62286.1367 lsst_hardware_z 507.33009822522007 65.63953365842718 30.959999084472656 AB 15.014528254167448 1.2405283603002786
62286.1581 lsst_hardware_r 1136.4442459855243 86.08788195755876 31.610000610351562 AB 14.68274863395117 1.2136843441394833
62287.1735 lsst_hardware_z 508.38228433073107 59.45556516117772 30.950000762939453 AB 9.46359685585452 1.2094053489909449
62287.193 lsst_hardware_r 1227.5986555894583 71.36998062371612 31.600000381469727 AB 9.612125892044677 1.2233058723568944
62303.1318 lsst_hardware_u -0.7112010214469434 2.8203907930518386 28.329999923706055 AB 9.456634968900522 1.2099459385088471
62303.1538 lsst_hardware_g 312.30389315986207 23.03847121123238 31.360000610351562 AB 9.60052041782154 1.2293124441275527
62305.1326 lsst_hardware_r 1453.5392876916153 45.76863289060718 31.489999771118164 AB 7.10935363532994 1.2129243008410953
62305.1562 lsst_hardware_i 1247.7460758470804 47.66371580406834 31.219999313354492 AB 7.279893785354239 1.2424793830785217
62307.1379 lsst_hardware_z 839.5279968339481 56.68401879563189 30.940000534057617 AB 3.6278232854090513 1.2227243968348247
62307.158 lsst_hardware_r 1457.0590901541905 56.122856510572156 31.559999465942383 AB 3.757206784679097 1.2577827767714436
62309.0998 lsst_hardware_r 1408.0981144807097 83.62268624877126 31.610000610351562 AB 3.1232050785025502 1.2110922556075294
62309.1222 lsst_hardware_z 909.9879381497232 68.39366649558207 30.959999084472656 AB 3.14983718269171 1.213264627088031
62313.1024 lsst_hardware_z 830.2228208642392 82.34678590393227 30.969999313354492 AB 5.870103252071004 1.2093954678487133
62313.1265 lsst_hardware_r 1375.739279615345 119.91150973961794 31.6200008392334 AB 7.438337061329778 1.2293248045828664
62320.1692 lsst_hardware_r 1497.8037131078813 51.27633274276418 32.16999816894531 AB 9.650884089487837 1.4455005001854022
62320.1994 lsst_hardware_i 1664.9613114561869 66.88232795784526 31.920000076293945 AB 11.191259549338776 1.6920561761927788
62324.0916 lsst_hardware_i 639.4610503375416 41.35371456719237 31.219999313354492 AB 3.159499672795774 1.2228743411672947
62324.1124 lsst_hardware_z 680.9686633851412 50.88638956360561 30.920000076293945 AB 3.2464918249140005 1.259713571071849
62326.075 lsst_hardware_r 514.8209233132291 32.67794155222149 31.479999542236328 AB 3.5170388571605202 1.2127720197105243
62326.094 lsst_hardware_u -4.148482444466684 3.0254088883003942 28.3700008392334 AB 3.8678025351764096 1.2339456165820009
62329.0442 lsst_hardware_g 81.63741803770067 16.301503078499575 31.3700008392334 AB 9.839896547115174 1.2115861044283904
62329.0651 lsst_hardware_i 521.9904644998729 39.52920957258672 31.229999542236328 AB 9.89665962235227 1.2117864114548589
62331.046 lsst_hardware_z 539.6427275493091 48.98834629451392 30.93000030517578 AB 8.678250803610146 1.2091752547875185
62331.0674 lsst_hardware_r 314.2201898685658 30.207196654271183 31.469999313354492 AB 8.741207191465964 1.2174665881008155
62333.046 lsst_hardware_u 3.2371174420683344 3.074393090748688 28.3799991607666 AB 4.701596762764714 1.2091029350043947
62333.0654 lsst_hardware_g 20.015042041319315 15.757874320940935 31.389999389648438 AB 4.742572737963389 1.2210013485423872
62344.0133 lsst_hardware_i 297.3474052877213 57.17965232761979 31.280000686645508 AB 5.535205862918818 1.2089561784249903
62344.0327 lsst_hardware_z 263.39841198454496 60.374812860754275 30.950000762939453 AB 5.545992124380576 1.2182300108469142
62346.0112 lsst_hardware_r 193.55077057474114 26.68100626397982 31.479999542236328 AB 5.372197713757304 1.2092054951904347
62346.0304 lsst_hardware_u -4.302616110818997 2.9393799990522624 28.360000610351562 AB 5.435354248606138 1.2215651755491936
62348.9692 lsst_hardware_y 220.78042797868153 55.88681995780201 29.989999771118164 AB 5.574237760114194 1.2328293177295573
62348.9891 lsst_hardware_g -6.0719397792128085 14.707790228357064 31.3799991607666 AB 5.634904424341628 1.2118508385981492
62352.9709 lsst_hardware_y 112.07208527964414 56.72354774260677 29.989999771118164 AB 1.401218566669704 1.217127962363158
62352.9877 lsst_hardware_u 2.39291055913224 2.6146639289896823 28.260000228881836 AB 1.5018754743366654 1.2089961556349695
62356.9728 lsst_hardware_y 109.96985585256158 54.63312194054584 30.0 AB 4.145322835311442 1.2096363111576809
62356.9921 lsst_hardware_z 171.5128342489707 46.50898783050533 30.940000534057617 AB 4.143495873347992 1.213944443960409
62360.9753 lsst_hardware_y 63.77422285792792 53.69263883477236 30.0 AB 4.480920870776612 1.2106506911926003
62360.9961 lsst_hardware_u 2.646560087378887 3.0852711690082164 28.399999618530273 AB 5.126459230752155 1.2303256088683396
62567.3829 lsst_hardware_r -32.97359391722273 23.739999771118164 31.459999084472656 AB 10.879206859058472 1.2179580019097442
62567.4009 lsst_hardware_y -1.935167569671822 62.310001373291016 29.989999771118164 AB 10.811396522488586 1.2089002615578355
62569.3801 lsst_hardware_r -8.327362639606541 23.770000457763672 31.469999313354492 AB 9.206006743653388 1.2155818763626833
62569.3994 lsst_hardware_y 58.285081576811976 54.630001068115234 30.0 AB 9.090774224106145 1.2090939294342276
62573.3809 lsst_hardware_g -4.3243915211770725 14.350000381469727 31.3799991607666 AB 17.12059209625619 1.2094087685877433
62573.3994 lsst_hardware_z 6.008406010775494 47.349998474121094 30.940000534057617 AB 17.223293143199378 1.213705708672323
62576.3822 lsst_hardware_i 1.715344948173712 32.130001068115234 31.219999313354492 AB 9.306041048958605 1.2094668434291742
62576.4003 lsst_hardware_y -33.2109368532075 52.790000915527344 29.989999771118164 AB 9.34665025790893 1.222183753894597
62577.3858 lsst_hardware_r -26.799627317791575 23.610000610351562 31.469999313354492 AB 10.928746207292189 1.2120157710205517
62577.4038 lsst_hardware_y -30.548655491775733 57.0 29.989999771118164 AB 11.122136163498894 1.2305062874500916
62579.3818 lsst_hardware_z -32.77952632678099 63.33000183105469 30.959999084472656 AB 7.622109591585596 1.212890892562453
62579.4016 lsst_hardware_y -71.74388136972443 57.130001068115234 29.989999771118164 AB 7.776064550565922 1.2357016527636075
62590.1956 lsst_hardware_z -109.8379002138692 73.66999816894531 31.59000015258789 AB 13.597742188714376 2.0068740239410277
62590.2265 lsst_hardware_r 13.708100544803896 34.91999816894531 32.130001068115234 AB 10.439470103141328 1.6148504851719083
62597.3178 lsst_hardware_u -0.7986933448928005 2.75 28.420000076293945 AB 20.35860491568177 1.2089971296632265
62597.338 lsst_hardware_g 2.3051302252211103 14.25 31.3799991607666 AB 21.988555042572905 1.2170225566665682
62599.3175 lsst_hardware_r 3.410331123577738 23.469999313354492 31.459999084472656 AB 12.089751924307333 1.2090961020409372
62599.3349 lsst_hardware_i -12.673361982075768 31.950000762939453 31.219999313354492 AB 11.314235315007469 1.2193158848683259
62605.2919 lsst_hardware_i 78.76416292227728 39.66999816894531 31.260000228881836 AB 8.922696178957327 1.209857109011163
62605.309 lsst_hardware_z 31.080599152598563 44.029998779296875 30.940000534057617 AB 8.85690808453153 1.2118225530400586
62607.2536 lsst_hardware_r -22.176468071137258 79.80000305175781 31.610000610351562 AB 20.597686464907973 1.24813030883028
62607.2704 lsst_hardware_z 104.3879211156025 60.790000915527344 30.969999313354492 AB 20.1928260718198 1.2214141624586041
62613.3068 lsst_hardware_i 37.77458208285365 57.9900016784668 31.290000915527344 AB 8.491562636787162 1.2324921276950778
62613.3241 lsst_hardware_z -73.73414561675337 58.279998779296875 30.950000762939453 AB 8.808654222819653 1.2683143033985427
62615.1945 lsst_hardware_z -74.6450766549436 49.06999969482422 30.920000076293945 AB 10.861535699804937 1.3710021079402033
62615.221 lsst_hardware_r 20.71025229762433 37.7400016784668 31.540000915527344 AB 10.288602981894535 1.273814904283092
62617.2599 lsst_hardware_u 4.815437878518586 2.9200000762939453 28.420000076293945 AB 7.33594458969832 1.2096370329973183
62617.2796 lsst_hardware_r -13.813553344517402 25.899999618530273 31.489999771118164 AB 7.317350010661758 1.2139438448279636
62619.2571 lsst_hardware_i 3.117678832839204 32.099998474121094 31.219999313354492 AB 3.325382721120637 1.2090835248287373
62619.2745 lsst_hardware_z 61.396862229588265 43.66999816894531 30.93000030517578 AB 3.3884435426625408 1.2142057606291952
62624.2551 lsst_hardware_g 1.187195231080539 14.59000015258789 31.399999618530273 AB 15.345269787432608 1.2108313877511263
62624.2726 lsst_hardware_r -13.96906067557537 24.1299991607666 31.479999542236328 AB 15.54432760383447 1.2264091839759796
62626.2557 lsst_hardware_i 20.426081624399647 32.25 31.229999542236328 AB 10.985021899498147 1.214440805516452
62626.2741 lsst_hardware_z -18.204919932327552 43.970001220703125 30.93000030517578 AB 11.218951304408165 1.2371114428149854
62628.2549 lsst_hardware_r -29.15716795324169 23.969999313354492 31.469999313354492 AB 8.968721086566367 1.218493456499744
62628.2729 lsst_hardware_g 1.800876246559984 14.460000038146973 31.360000610351562 AB 9.21669834978453 1.2449950492752304
62632.2289 lsst_hardware_r 34.000917426480484 24.010000228881836 31.479999542236328 AB 9.10385397369928 1.209385906261243
62632.248 lsst_hardware_z -34.30722462789465 43.91999816894531 30.93000030517578 AB 9.178769202187423 1.2228983382323366
62645.1435 lsst_hardware_i 10.642562443219045 32.869998931884766 31.219999313354492 AB 9.499066329002494 1.2624462405089036
62645.1628 lsst_hardware_z 25.362059077890276 44.290000915527344 30.93000030517578 AB 9.26080400131935 1.2261905331108212
62647.1478 lsst_hardware_r 44.74021364785731 24.1200008392334 31.469999313354492 AB 7.2672479404538555 1.2414511187177606
62647.1697 lsst_hardware_u -1.0679784491121767 2.7200000286102295 28.3700008392334 AB 7.517833497056565 1.2136630517768563
62653.1424 lsst_hardware_i 61.49033588585206 32.439998626708984 31.229999542236328 AB 8.742049630996423 1.2243195412441077
62653.1633 lsst_hardware_z 42.553899181689445 43.90999984741211 30.93000030517578 AB 8.603092660417612 1.2092619585462605
62658.1208 lsst_hardware_u 5.123871469652166 2.5399999618530273 28.229999542236328 AB 6.3038901878781415 1.2360568995839494
62658.1431 lsst_hardware_r -31.01685097780049 23.760000228881836 31.459999084472656 AB 6.869996396561453 1.2115861552068499
62681.0823 lsst_hardware_r 50.91186120783551 33.13999938964844 32.209999084472656 AB 4.26757708181007 1.2106601650526088
62681.1055 lsst_hardware_i -37.31713609852932 45.349998474121094 31.969999313354492 AB 4.753549204881198 1.2144473165547025
62687.0464 lsst_hardware_r -26.977696253228572 23.84000015258789 31.469999313354492 AB 5.2289110597684285 1.22859752344183
62687.0677 lsst_hardware_u -3.847411456751476 2.5999999046325684 28.290000915527344 AB 5.102754475299482 1.2099959234793065
62696.0451 lsst_hardware_z 24.503592904608695 74.04000091552734 30.969999313354492 AB 8.661264803538693 1.2094486320338893
62696.0653 lsst_hardware_r -70.55693459579282 108.4000015258789 31.6200008392334 AB 8.686085651234233 1.2150354115451156
62698.0503 lsst_hardware_y 29.54747936225203 76.94999694824219 30.739999771118164 AB 4.686625952370145 1.2098421303310796
62710.0066 lsst_hardware_z -62.00127346622193 43.59000015258789 30.93000030517578 AB 5.442831669230404 1.2095181487178677
62710.0254 lsst_hardware_r -23.20222206864453 23.809999465942383 31.459999084472656 AB 5.46208274921986 1.2137961664933021
62712.0042 lsst_hardware_u -1.8408582886998144 2.559999942779541 28.25 AB 6.195560266806083 1.2090077601338831
62712.0216 lsst_hardware_g -7.934649354532441 14.3100004196167 31.3700008392334 AB 6.204966752917219 1.215032163359659
62716.9722 lsst_hardware_z -32.66587538931718 46.790000915527344 30.940000534057617 AB 13.032532969224253 1.2191521198544648
62716.9908 lsst_hardware_r 0.8707809156742872 25.1200008392334 31.479999542236328 AB 12.826857797151549 1.2089878927527675
