data/validation/pwv_sim_epoch_fit_seasonal/62491387.ecsv
# %ECSV 0.9
# ---
# datatype:
# - {name: time, datatype: float64}
# - {name: band, datatype: string}
# - {name: flux, datatype: float64}
# - {name: fluxerr, datatype: float64}
# - {name: zp, datatype: float64}
# - {name: zpsys, datatype: string}
# - {name: pwv, datatype: float64}
# - {name: airmass, datatype: float64}
# meta: {SNID: '62491387', alt: 1024.0, c: -0.0748150572180748, dec: -7.030393, lat: -30.244573, lon: -70.7499537, ra: 33.398438, t0: 61353.68359375,
#   x0: 2.436219077387033e-05, x1: 0.7261305451393127, z: 0.3150184452533722}
# schema: astropy-2.0
time band flux fluxerr zp zpsys pwv airmass
61250.416 lsst_hardware_r 47.41247964428325 77.5 31.639999389648438 AB 5.161829237663155 1.0982615399283309
61250.4355 lsst_hardware_z -47.73382924126571 64.68000030517578 30.979999542236328 AB 4.997757888499934 1.089192086411667
61252.4177 lsst_hardware_z -52.56763630301693 60.5 30.969999313354492 AB 3.8165395951229937 1.093120632538748
61252.4381 lsst_hardware_y -90.66951670281193 72.69999694824219 30.049999237060547 AB 3.787868541093795 1.0899556984659506
61254.4124 lsst_hardware_z -98.31865714530812 59.56999969482422 30.969999313354492 AB 2.0518004681494544 1.0930305255168895
61254.4327 lsst_hardware_y -129.55027638273955 60.20000076293945 30.040000915527344 AB 1.3252241884430283 1.0899719164713049
61257.405 lsst_hardware_i -21.807011298838358 47.68000030517578 31.290000915527344 AB 1.6378057722500774 1.0925989141094579
61257.4279 lsst_hardware_y 48.34791512953202 53.66999816894531 30.030000686645508 AB 1.2001964547030852 1.0910876860937138
61259.4 lsst_hardware_r 23.52192448996006 28.8700008392334 31.540000915527344 AB 3.495550520546754 1.0923595376708606
61259.4207 lsst_hardware_y -23.220889966508576 48.88999938964844 30.030000686645508 AB 3.598510492009705 1.0904577248514258
61262.4006 lsst_hardware_g -24.10865651669282 14.539999961853027 31.43000030517578 AB 5.66505875941931 1.0894343768114056
61262.42 lsst_hardware_y -12.440816692306255 48.650001525878906 30.040000915527344 AB 5.467349996228326 1.0940534944427012
61265.4 lsst_hardware_i -20.806379608918036 31.25 31.25 AB 4.793473526312392 1.0894258014346345
61265.4194 lsst_hardware_z -45.310703085183924 43.38999938964844 30.950000762939453 AB 5.157092792086075 1.10006245564976
61267.3673 lsst_hardware_z -59.57167758653152 42.20000076293945 30.950000762939453 AB 6.114717237140759 1.100363008303178
61267.3867 lsst_hardware_r 2.55024100909812 23.559999465942383 31.5 AB 5.394721556669022 1.0894759118146795
61269.3628 lsst_hardware_u -3.714837844717823 2.799999952316284 28.469999313354492 AB 4.860974666962278 1.0994570917641568
61269.384 lsst_hardware_r -17.957150674533708 23.729999542236328 31.5 AB 4.238254485405796 1.0891755825006864
61273.3673 lsst_hardware_i -27.521363630068024 31.360000610351562 31.239999771118164 AB 2.0009865932251594 1.0901588631027836
61273.387 lsst_hardware_z 61.64242127743966 42.189998626708984 30.940000534057617 AB 1.2015924996470426 1.0923568178609477
61275.3515 lsst_hardware_r -18.679128752244814 23.440000534057617 31.5 AB 2.2091466523238066 1.0953088388995447
61275.3712 lsst_hardware_u 1.524416678088922 2.759999990463257 28.459999084472656 AB 2.2000035417104717 1.0892454718210034
61277.3539 lsst_hardware_y -16.76320486879295 49.77000045776367 30.030000686645508 AB 2.091440313504268 1.0909965120001397
61277.3742 lsst_hardware_r 19.93670210177632 45.650001525878906 31.610000610351562 AB 2.098349028866128 1.091468935691094
61279.312 lsst_hardware_i 31.214960354117224 69.58999633789062 31.31999969482422 AB 3.425649603743174 1.133320336483185
61279.3288 lsst_hardware_z 8.239701649588092 62.290000915527344 30.979999542236328 AB 3.3305097246043145 1.1066041836098066
61285.297 lsst_hardware_z -41.880791152203315 56.91999816894531 30.969999313354492 AB 2.9207890273454358 1.13062801058533
61285.3136 lsst_hardware_r -57.47489932284718 63.81999969482422 31.6299991607666 AB 2.9725414319467793 1.1052051799645077
61287.2826 lsst_hardware_r -11.151787849859197 32.58000183105469 31.549999237060547 AB 2.5738934758362992 1.1497439588309855
61287.301 lsst_hardware_z 97.14197755972239 44.95000076293945 30.950000762939453 AB 2.57678138294061 1.1146051688878713
61302.245 lsst_hardware_r -34.41274204205227 47.7400016784668 32.709999084472656 AB 6.846544955970547 1.142106031356218
61302.2745 lsst_hardware_u 3.144983017266118 4.519999980926514 29.520000457763672 AB 6.073431237912237 1.0978726026594172
61306.253 lsst_hardware_i 53.03610387535025 50.43000030517578 31.299999237060547 AB 1.8991837375150877 1.1092283096553246
61306.2705 lsst_hardware_z 0.2926443356030391 51.13999938964844 30.959999084472656 AB 1.8721315005551873 1.093002724854639
61308.2481 lsst_hardware_r 197.3779150983577 97.9000015258789 31.639999389648438 AB 6.577592923505915 1.1085052325266673
61308.2666 lsst_hardware_z -16.106763390950054 67.97000122070312 30.979999542236328 AB 6.423826416987349 1.0921779116440156
61310.2435 lsst_hardware_z 161.6810720925689 85.41999816894531 30.989999771118164 AB 3.70838622888115 1.1074217287124055
61310.2618 lsst_hardware_i 18.42958463977309 100.04000091552734 31.329999923706055 AB 4.184184327302906 1.0918586510597172
61312.2165 lsst_hardware_r -38.86945546804037 103.16000366210938 31.6299991607666 AB 5.286451409830651 1.144769772046699
61312.2348 lsst_hardware_z -67.55893041018801 73.26000213623047 30.979999542236328 AB 5.136101458042813 1.1116701687622224
61314.2166 lsst_hardware_r -0.053812928252830794 55.54999923706055 31.610000610351562 AB 4.767911737789217 1.1330139976527902
61314.2345 lsst_hardware_y -22.69247585427752 50.689998626708984 30.030000686645508 AB 4.667288464817224 1.1051196049291252
61316.2189 lsst_hardware_g 7.837123793187783 14.619999885559082 31.420000076293945 AB 3.6024351800940466 1.119116241097871
61316.2373 lsst_hardware_r -24.278641006582177 27.469999313354492 31.530000686645508 AB 3.5505277693785016 1.0970269641211683
61320.2061 lsst_hardware_r -2.281969645316456 23.709999084472656 31.489999771118164 AB 5.148656863623415 1.1222210946050493
61320.2246 lsst_hardware_u 1.60000315013272 2.7100000381469727 28.40999984741211 AB 4.465048535774855 1.0985255239221954
61322.2021 lsst_hardware_g -13.632149534163675 14.84000015258789 31.43000030517578 AB 3.64044851639204 1.1197934532119471
61322.2207 lsst_hardware_i -22.91803779425673 31.700000762939453 31.25 AB 3.3720725755793195 1.0972036579977942
61324.2099 lsst_hardware_z 42.982139407167196 42.220001220703125 30.950000762939453 AB 3.967744750430672 1.1021513195640755
61324.2273 lsst_hardware_r 16.416611756899343 23.729999542236328 31.510000228881836 AB 3.925410686511431 1.0903918573642863
61327.1808 lsst_hardware_r 48.09576855920096 23.84000015258789 31.489999771118164 AB 9.35577672963167 1.1336213170520129
61327.1986 lsst_hardware_u 2.7961415641685203 2.7200000286102295 28.40999984741211 AB 9.139932086825937 1.1055923656498499
61331.1794 lsst_hardware_i 157.19015838401458 35.944634229422086 31.270000457763672 AB 6.488746732986118 1.1168238783108637
61331.1972 lsst_hardware_z 103.44921841219323 44.391030792398304 30.950000762939453 AB 6.367253406348756 1.0963531090539098
61333.175 lsst_hardware_r 559.2566745559902 45.86492525084961 31.59000015258789 AB 2.5649912378872526 1.1152135816901099
61333.1936 lsst_hardware_z 303.8928759932467 48.81930576684128 30.950000762939453 AB 2.499961540353741 1.0949935571137313
61336.1675 lsst_hardware_z 879.7027175048398 66.90536774568142 30.979999542236328 AB 3.6753464687207744 1.114191532554942
61336.1842 lsst_hardware_i 1168.8121459005117 72.47375758283673 31.31999969482422 AB 3.507482512329539 1.0958599809404268
61341.1755 lsst_hardware_y 1339.489161300977 86.43831518159088 30.790000915527344 AB 2.2148850597270524 1.092691198681105
61344.1404 lsst_hardware_g 4495.6038479287145 68.68385397540229 31.450000762939453 AB 4.158901508991666 1.1225105287426898
61344.1563 lsst_hardware_r 5405.956827617188 77.10451960003182 31.510000228881836 AB 4.1248067623277915 1.1011230011554927
61357.1192 lsst_hardware_r 6895.009174824433 86.95198123019098 31.5 AB 3.948486575390204 1.1027751921212692
61357.1371 lsst_hardware_z 3255.1468010129765 70.08466154949531 30.950000762939453 AB 5.452084504731264 1.0904169009462528
61359.1243 lsst_hardware_r 6753.26494800886 85.73086203430044 31.510000228881836 AB 4.594286875699278 1.093877827547447
61359.1422 lsst_hardware_u 45.55466328105282 7.291735103862097 28.43000030517578 AB 4.571139027271152 1.0892741635341718
61361.1046 lsst_hardware_z 3049.4319646596227 69.77136194897768 30.950000762939453 AB 3.4316583564842422 1.10698656660782
61361.1253 lsst_hardware_g 4542.536272689118 71.84513810673594 31.600000381469727 AB 3.030823138473253 1.0907145797474596
61370.1004 lsst_hardware_r 4700.547272330368 97.8634305017951 31.639999389648438 AB 3.907900680186054 1.090830615543909
61370.1189 lsst_hardware_z 2048.4194821273454 74.04516643667077 30.979999542236328 AB 3.9654128431101827 1.0908976184622237
61374.0734 lsst_hardware_u 12.431598865474639 4.8923408241136634 28.450000762939453 AB 5.437038940056278 1.1021211047598685
61374.0938 lsst_hardware_g 1466.545578966396 40.472561812853044 31.440000534057617 AB 5.4676450590016765 1.0896064286571696
61376.0711 lsst_hardware_r 2937.75072916066 58.63046892638205 31.5 AB 6.9201573502037865 1.099048257000522
61376.0902 lsst_hardware_i 3032.2937834691 62.076039499251856 31.25 AB 6.8828180045198755 1.0893120209733482
61379.0761 lsst_hardware_z 1797.0311589177554 59.24711024961852 30.950000762939453 AB 1.5406535682937896 1.090728189942506
61379.0958 lsst_hardware_r 2385.672258222179 54.43619661769541 31.510000228881836 AB 4.049272668222921 1.091497192566552
61383.0684 lsst_hardware_r 1758.930430468156 48.72977318509594 31.5 AB 5.83703692142366 1.0897788072484462
61383.0871 lsst_hardware_z 1645.9458733380886 58.76661784259327 30.950000762939453 AB 6.749355691686632 1.092570731151325
61387.0398 lsst_hardware_z 1754.7711987406365 62.57206850719887 30.959999084472656 AB 11.704724113676797 1.1002231624455003
61387.0583 lsst_hardware_g 468.0887394793723 26.9743542119522 31.459999084472656 AB 12.267846164947764 1.0896035318365545
61394.0369 lsst_hardware_y 552.8438441571233 70.13053669240657 30.049999237060547 AB 5.065585440070315 1.0901546858116449
61394.0588 lsst_hardware_z 1470.4177248501903 71.95634907094048 30.979999542236328 AB 5.8504836508388465 1.0935483459511863
61396.0485 lsst_hardware_y 693.9529876613627 89.84781511597411 30.799999237060547 AB 5.946617191444908 1.091122420448607
61616.4179 lsst_hardware_r 16.176708032096077 24.110000610351562 31.5 AB 4.124933160853827 1.0952119198656058
61616.4366 lsst_hardware_z 95.3542997849339 54.380001068115234 30.969999313354492 AB 4.1219554504004945 1.0892157448429036
61618.4119 lsst_hardware_z 70.50466165058178 42.47999954223633 30.940000534057617 AB 6.897158281349438 1.0955985832917672
61618.4326 lsst_hardware_y -67.75761475853315 53.560001373291016 30.040000915527344 AB 7.319673145515723 1.089345145180433
61621.4123 lsst_hardware_u -2.630434341518383 2.7799999713897705 28.43000030517578 AB 2.1523225108429376 1.0908882467526293
61621.4307 lsst_hardware_y 83.5120413060216 54.13999938964844 30.040000915527344 AB 1.606511434167758 1.0908859897019634
61623.3967 lsst_hardware_i 3.359602833701142 31.469999313354492 31.25 AB 3.1534100919365446 1.0967747117047864
61623.4178 lsst_hardware_y -99.189442967142 48.06999969482422 30.030000686645508 AB 3.0429696552415324 1.0892386309181001
61625.3994 lsst_hardware_r 30.317269095560746 23.719999313354492 31.5 AB 1.5283893990640716 1.091706713617194
61625.4192 lsst_hardware_y 19.983717692316837 48.15999984741211 30.030000686645508 AB 2.074469390357598 1.0906779129114605
61628.397 lsst_hardware_g -8.098767174807053 14.520000457763672 31.40999984741211 AB 6.589445693958049 1.0897649990007798
61628.4156 lsst_hardware_y 23.30200382492278 47.900001525878906 30.020000457763672 AB 6.608888926974056 1.092709459115554
61648.272 lsst_hardware_r -27.760691890625417 23.770000457763672 31.469999313354492 AB 6.036740990865222 1.2162674931226103
61648.289 lsst_hardware_u -3.709347523515405 2.640000104904175 28.34000015258789 AB 5.719375558427873 1.1628489300610712
61650.2976 lsst_hardware_g -14.97729966125866 14.220000267028809 31.399999618530273 AB 2.94775907392136 1.1308538646757136
61650.3144 lsst_hardware_i -47.50984938335772 31.100000381469727 31.239999771118164 AB 2.952524753421252 1.1051246737696514
61652.2735 lsst_hardware_r 15.176900971513126 23.790000915527344 31.479999542236328 AB 2.6155920325308877 1.1755469809127586
61652.2915 lsst_hardware_z 51.04316094150592 42.779998779296875 30.940000534057617 AB 2.5311717263844615 1.1320932059863413
61654.2775 lsst_hardware_r -29.69745247640128 23.40999984741211 31.479999542236328 AB 0.9239189468084633 1.1505839935348234
61654.2969 lsst_hardware_u -1.3572393859261462 2.680000066757202 28.399999618530273 AB 0.7795727169178149 1.113675309882593
61656.2686 lsst_hardware_g -3.56430268463792 14.5 31.399999618530273 AB 3.2482669157780477 1.15909491775957
61656.2873 lsst_hardware_r -21.248713615968253 23.56999969482422 31.489999771118164 AB 3.1598449406380134 1.1200490130459078
61673.2532 lsst_hardware_r 10.930776636507625 23.389999389648438 31.489999771118164 AB 6.557515841971803 1.1033397378527992
61673.2725 lsst_hardware_i 21.572220590539587 31.110000610351562 31.25 AB 6.330338711588868 1.0901846231209302
61679.2138 lsst_hardware_i -35.025788657039044 31.56999969482422 31.239999771118164 AB 4.800902224488505 1.1402665405324608
61679.2318 lsst_hardware_u 0.07333696792173457 2.6500000953674316 28.360000610351562 AB 4.676693087322016 1.1093383353666644
61681.2155 lsst_hardware_g -11.157691965070821 14.739999771118164 31.43000030517578 AB 3.695699177413305 1.1261367189498452
61681.2342 lsst_hardware_r -31.98852137453593 23.690000534057617 31.5 AB 3.549419557177073 1.1004246030622895
61683.213 lsst_hardware_i 49.095656734160016 31.68000030517578 31.229999542236328 AB 7.585054624499567 1.1210130610751254
61683.2323 lsst_hardware_r -32.97449286120244 23.719999313354492 31.489999771118164 AB 7.347045855897516 1.097256381714541
61685.2048 lsst_hardware_z -12.854173725545984 43.650001525878906 30.940000534057617 AB 5.057386409764384 1.1257398797473495
61685.2248 lsst_hardware_g -9.334570838852184 17.829999923706055 31.489999771118164 AB 4.512334082452646 1.0990056624606976
61697.1789 lsst_hardware_z -189.56199092525685 55.84000015258789 30.969999313354492 AB 2.8669955179630535 1.114550544756966
61697.1962 lsst_hardware_g -36.39804048131827 64.83000183105469 31.700000762939453 AB 2.8269682950760244 1.0956179808452764
61701.1763 lsst_hardware_r 27.74474159845948 23.829999923706055 31.5 AB 3.597024217310578 1.1038331272435664
61701.1929 lsst_hardware_i -22.567782935486658 31.450000762939453 31.25 AB 3.527747231806193 1.0912808512498753
61704.1694 lsst_hardware_z 7.97696439221668 42.40999984741211 30.950000762939453 AB 1.406714355307785 1.1024407173258504
61704.1865 lsst_hardware_r 10.626343316542904 23.93000030517578 31.510000228881836 AB 1.3410822429507983 1.0906063238960138
61706.1695 lsst_hardware_u 5.753847618605648 2.7899999618530273 28.459999084472656 AB 2.292533143088011 1.097255811943847
61706.1862 lsst_hardware_g 3.4904476798111306 14.880000114440918 31.440000534057617 AB 2.261940137624627 1.0893916219092195
61708.149 lsst_hardware_g 2.6988317557899895 14.819999694824219 31.420000076293945 AB 6.181590399929934 1.114352228569099
61708.1647 lsst_hardware_r 2.629347200910464 24.040000915527344 31.510000228881836 AB 6.133439209438671 1.0967258309233208
61710.0714 lsst_hardware_i -2.3657828506784373 33.54999923706055 31.209999084472656 AB 5.8620670785556355 1.369641840784027
61710.09 lsst_hardware_r -36.90732819213818 24.329999923706055 31.469999313354492 AB 6.971793465326059 1.2687522229892738
61712.1515 lsst_hardware_u -0.873354777504589 2.690000057220459 28.3799991607666 AB 4.303234156196549 1.098627957244372
61712.1721 lsst_hardware_g -29.467239623477855 14.850000381469727 31.43000030517578 AB 4.009878590589161 1.0891969552055305
61721.1186 lsst_hardware_z 138.12756843701757 81.08999633789062 30.989999771118164 AB 3.6733391657657792 1.1074559703841163
61721.1384 lsst_hardware_r 44.93875012230919 114.79000091552734 31.649999618530273 AB 4.613001569595778 1.09123203822641
61723.1177 lsst_hardware_i -147.74743043916737 93.55000305175781 31.329999923706055 AB 3.1714498650261636 1.1022503658097709
61723.1356 lsst_hardware_z 110.71261430461237 80.73999786376953 30.989999771118164 AB 5.4255490086434115 1.0902886729250538
61725.1207 lsst_hardware_i 6.366455584688461 64.01000213623047 31.31999969482422 AB 6.334595557429599 1.0949404627960622
61725.139 lsst_hardware_z -38.196068923573286 60.02000045776367 30.979999542236328 AB 6.409588085351704 1.0892169797382099
61727.1044 lsst_hardware_u -3.4910103561298484 2.640000104904175 28.34000015258789 AB 6.159546720541858 1.1048514296935044
61727.124 lsst_hardware_g -16.823414177665143 14.520000457763672 31.420000076293945 AB 6.010931904269633 1.0905009124080252
61730.105 lsst_hardware_r 10.300830467114181 23.5 31.5 AB 3.72568042164014 1.0964333200824425
61730.1252 lsst_hardware_i 22.641352584598284 31.239999771118164 31.25 AB 3.1036982210505686 1.0892080087912155
61733.0972 lsst_hardware_z 14.422294507894932 41.86000061035156 30.940000534057617 AB 8.752259660699044 1.0961333798987964
61733.1167 lsst_hardware_u -0.6199677524257634 2.640000104904175 28.3700008392334 AB 8.606801707999413 1.0891928256136942
61735.1032 lsst_hardware_g -8.239607226195716 14.390000343322754 31.40999984741211 AB 3.893754925484599 1.0901787005556507
61735.1206 lsst_hardware_r 66.8807564160598 23.40999984741211 31.489999771118164 AB 3.952912371603741 1.091336672247824
61737.0731 lsst_hardware_r 39.232683189905565 23.260000228881836 31.489999771118164 AB 4.222683949820131 1.1097723915427415
61737.0929 lsst_hardware_i 26.089889826722885 30.940000534057617 31.239999771118164 AB 4.2232645578496 1.0920353105970904
61739.0694 lsst_hardware_z -10.243949029891477 42.15999984741211 30.940000534057617 AB 5.517643085199114 1.1075156734642941
61739.0882 lsst_hardware_i -32.54711682538338 31.110000610351562 31.239999771118164 AB 5.487509338118117 1.091679576548742
61741.0677 lsst_hardware_u 3.398402668480259 2.7300000190734863 28.3799991607666 AB 6.930906278770624 1.1031497910344354
61741.0869 lsst_hardware_g 12.155618134780207 14.770000457763672 31.420000076293945 AB 6.87814366339778 1.090153792803995
61743.0722 lsst_hardware_r -25.96827557780765 25.6299991607666 31.520000457763672 AB 3.8223569999401046 1.0944994750234145
61743.0908 lsst_hardware_i -55.20391152372037 32.2599983215332 31.25 AB 2.8321433309192634 1.089285896507409
61747.0668 lsst_hardware_z -35.16172867962541 53.22999954223633 30.969999313354492 AB 3.2618914749153163 1.0914811694546818
61747.0882 lsst_hardware_r 56.91774584795897 58.290000915527344 31.6299991607666 AB 4.162213908044035 1.0914896612003886
61751.0392 lsst_hardware_y -10.004173712806034 62.45000076293945 30.040000915527344 AB 14.7172101695322 1.104467248904869
61751.0583 lsst_hardware_i -81.57269076498204 81.52999877929688 31.329999923706055 AB 14.826118258435155 1.0905500095084735
61753.0406 lsst_hardware_y 115.65013333965345 57.400001525878906 30.040000915527344 AB 9.115053804501303 1.097714319517639
61753.0586 lsst_hardware_g -33.15382949685847 79.97000122070312 31.709999084472656 AB 8.60542817355163 1.0892947055128646
61757.0362 lsst_hardware_z 8.232827406506713 55.0 30.969999313354492 AB 3.8726801366293357 1.0931282581693136
61757.0558 lsst_hardware_u -1.4395540191291294 2.799999952316284 28.43000030517578 AB 4.372021948503379 1.0898041873256603
