data/validation/pwv_sim_epoch_fit_seasonal/626713.ecsv
# %ECSV 0.9
# ---
# datatype:
# - {name: time, datatype: float64}
# - {name: band, datatype: string}
# - {name: flux, datatype: float64}
# - {name: fluxerr, datatype: float64}
# - {name: zp, datatype: float64}
# - {name: zpsys, datatype: string}
# - {name: pwv, datatype: float64}
# - {name: airmass, datatype: float64}
# meta: {SNID: '626713', alt: 1024.0, c: 0.11315291374921799, dec: -10.503271, lat: -30.244573, lon: -70.7499537, ra: 118.300781, t0: 61381.6328125,
#   x0: 5.108541239487702e-05, x1: 0.7624295949935913, z: 0.2281285971403122}
# schema: astropy-2.0
time band flux fluxerr zp zpsys pwv airmass
61368.3446 lsst_hardware_z 4130.26282295513 83.4829953493609 30.979999542236328 AB 8.89892870341467 1.0625797970205715
61370.3386 lsst_hardware_r 9784.61350772913 130.58031981126592 31.649999618530273 AB 5.419763979256511 1.062698819462061
61372.3392 lsst_hardware_r 12412.155093477604 131.77135230676313 31.649999618530273 AB 4.08900630078841 1.0619876116670321
61374.3397 lsst_hardware_z 13353.471387535741 133.6475902260386 31.719999313354492 AB 6.487483936724274 1.0626509314864037
61376.3264 lsst_hardware_i 11353.925176935261 109.73598493600902 31.260000228881836 AB 6.960014614232192 1.0620571639214607
61376.3473 lsst_hardware_y 2262.1550267515354 72.06826153275124 30.049999237060547 AB 7.096711077535864 1.0688622754025954
61379.3306 lsst_hardware_r 15081.453435896652 125.29856771800245 31.5 AB 3.316788351343579 1.064067911138162
61379.3492 lsst_hardware_y 2415.002701812651 76.73394488679287 30.049999237060547 AB 4.365064333701196 1.0782373817294022
61381.3021 lsst_hardware_u 167.43619773026592 12.08075020129273 28.440000534057617 AB 4.446905154132878 1.0649994381829428
61381.3212 lsst_hardware_g 10789.221857584811 104.85587884220217 31.420000076293945 AB 4.421748346693184 1.062792536159881
61383.3021 lsst_hardware_r 15520.694412113056 126.20305670701924 31.5 AB 6.92005331100437 1.0629474000237118
61383.3213 lsst_hardware_z 6171.814425338019 87.08691761951569 30.950000762939453 AB 6.910311151008782 1.0647628892155288
61385.3025 lsst_hardware_r 15197.398157003392 124.94619606183029 31.5 AB 8.813640191368352 1.0620123136966455
61385.3193 lsst_hardware_u 105.10936441777118 10.590891614874398 28.489999771118164 AB 8.835890858609273 1.066589112908155
61387.3022 lsst_hardware_g 8583.196117390906 94.48651078457604 31.40999984741211 AB 10.628018144913238 1.0622706791517478
61387.32 lsst_hardware_r 14384.495554534233 122.22164570606687 31.489999771118164 AB 10.712806308632889 1.0709950321880388
61389.293 lsst_hardware_i 11552.070801084259 110.04175726372148 31.25 AB 8.769066351902527 1.0619811661469967
61389.3117 lsst_hardware_z 5544.119432450552 83.72185212012332 30.950000762939453 AB 8.834880926309221 1.0687782182391192
61390.2905 lsst_hardware_r 13613.00288210464 118.22929326332573 31.5 AB 11.130607309575792 1.0619832277511947
61390.309 lsst_hardware_u 65.70417671057915 8.428979848991622 28.489999771118164 AB 11.311695019819487 1.0687997512244989
61392.1766 lsst_hardware_g 22279.91995275821 156.23836778363395 32.720001220703125 AB 4.4053057361781045 1.329167978329912
61396.2448 lsst_hardware_r 12072.159209098701 130.191651705785 31.639999389648438 AB 5.129866181179977 1.078080458391542
61396.2657 lsst_hardware_y 1236.7915397591555 60.80807129356728 30.049999237060547 AB 4.936454045180772 1.0632035419299533
61405.2443 lsst_hardware_g 2498.1315216618113 55.43529608880403 31.610000610351562 AB 7.107337733376746 1.06242202374928
61405.2648 lsst_hardware_r 7347.606181480292 90.42300848347085 31.559999465942383 AB 5.995066843874916 1.0666429755137492
61407.245 lsst_hardware_i 12605.66633143259 119.23906374362312 32.0 AB 5.935901127524175 1.0620052112698308
61407.2664 lsst_hardware_z 6561.116407961853 98.82620440183054 31.700000762939453 AB 5.26348120211516 1.0718465657307548
61409.2178 lsst_hardware_z 3264.3853625578877 69.97202289067889 30.950000762939453 AB 2.8103326235179016 1.0699575329869226
61409.2393 lsst_hardware_r 5729.715887888219 78.58850096214226 31.489999771118164 AB 2.7775552704078406 1.0619934122954942
61411.2163 lsst_hardware_u 9.872016705713138 4.036349074793422 28.40999984741211 AB 7.4803647027255575 1.0671498458403477
61411.2387 lsst_hardware_g 1291.8379873090066 38.6966569974339 31.40999984741211 AB 7.459813180777185 1.0626388358320322
61413.218 lsst_hardware_r 4864.051994820529 72.8047907551009 31.5 AB 8.53156789671881 1.063620744487307
61413.238 lsst_hardware_z 3324.405968208469 70.02235546245963 30.950000762939453 AB 8.534706274605533 1.0641446681344762
61415.2173 lsst_hardware_r 4326.1958133786275 69.52963443706597 31.479999542236328 AB 7.595366934706851 1.0623633729221416
61415.2401 lsst_hardware_u 8.371417119181562 3.6536505640685135 28.360000610351562 AB 7.65671818703961 1.068329592164031
61418.1874 lsst_hardware_g 834.8130194109665 32.58506656334197 31.420000076293945 AB 5.6126901177901996 1.075210826990029
61418.2058 lsst_hardware_r 3883.58679904594 65.96742935488409 31.5 AB 5.605516048411491 1.063144135242653
61420.1924 lsst_hardware_i 4527.432757438558 74.14674281711989 31.25 AB 6.474787948484564 1.0667305817347608
61420.2119 lsst_hardware_z 2996.791950459779 67.7627437221519 30.950000762939453 AB 5.736029847765267 1.0622277495861605
61424.1711 lsst_hardware_z 5094.9787841538 101.15191203572155 31.719999313354492 AB 6.23572284161409 1.0751246278644984
61426.16 lsst_hardware_r 3079.3847477407458 112.37727797395408 31.649999618530273 AB 12.870541122914213 1.0814974894611684
61426.1796 lsst_hardware_z 2410.0446166206652 83.73722480243617 30.989999771118164 AB 12.245300998775214 1.0648087825021926
61428.1618 lsst_hardware_r 2738.3798068022957 127.61353202132207 31.649999618530273 AB 8.296951178531094 1.0735294374015907
61428.1827 lsst_hardware_y 1113.1461456628012 68.38694812740302 30.059999465942383 AB 9.177125377714523 1.0622185149030556
61430.1492 lsst_hardware_g 823.895550058225 78.49092788332827 31.709999084472656 AB 8.462426677556264 1.081345119057344
61430.1688 lsst_hardware_r 2647.8909306296787 88.90836484805683 31.649999618530273 AB 8.227332383161286 1.0647511819802362
61432.1498 lsst_hardware_i 2956.401874564311 68.19785271269163 31.299999237060547 AB 11.820340082869963 1.0745763711699967
61432.167 lsst_hardware_z 1682.4750906343152 62.43596631033999 30.969999313354492 AB 11.777301313527191 1.0633172005712375
61434.1432 lsst_hardware_r 1999.7578536387916 50.28643242594209 31.5 AB 10.742634243356873 1.075733593580247
61434.1623 lsst_hardware_u 2.0225746528980766 4.117210657779535 28.59000015258789 AB 10.608327848951891 1.0630829771969226
61436.1378 lsst_hardware_g 511.27120917703076 26.534955389690506 31.440000534057617 AB 9.760356840442494 1.075669578778619
61436.1567 lsst_hardware_i 2481.3368508946032 58.26790103525537 31.260000228881836 AB 9.647311325214313 1.0631231831191044
61440.1395 lsst_hardware_u -0.7388135302990082 2.844885516954659 28.530000686645508 AB 10.90151642944807 1.0657460582117617
61440.1585 lsst_hardware_g 504.1241111679698 25.893131959628157 31.440000534057617 AB 10.906249212149813 1.0624177304709728
61442.1087 lsst_hardware_g 474.12361731110155 25.776640104172277 31.450000762939453 AB 4.7827445911292354 1.0922001806643609
61442.1267 lsst_hardware_r 1880.6753565200286 48.40529123818454 31.520000457763672 AB 4.229816437671828 1.0707492458877297
61443.1111 lsst_hardware_i 6.559164455546134 30.760000228881836 31.25 AB 5.9689118040401095 1.084714334476418
61443.129 lsst_hardware_z -54.56952213477943 41.380001068115234 30.950000762939453 AB 5.258988338427862 1.0670926625149533
61445.1081 lsst_hardware_r 2.9477885848334067 23.0 31.5 AB 6.486588746478225 1.0815187150244265
61445.1277 lsst_hardware_u 3.5052524952767565 2.7699999809265137 28.5 AB 5.962952647818453 1.0648129728247238
61447.0994 lsst_hardware_g -6.873885883738047 14.069999694824219 31.43000030517578 AB 1.7524433687816277 1.0857765605833862
61447.1164 lsst_hardware_i -7.2179590896852375 30.81999969482422 31.260000228881836 AB 1.7977826394989211 1.0682012118234578
61450.1015 lsst_hardware_z 31.874754129970857 42.68000030517578 30.950000762939453 AB 3.417811550284291 1.0737424039430188
61450.1184 lsst_hardware_r -0.15863626611903725 26.270000457763672 31.530000686645508 AB 3.378750630889477 1.0631409804303884
61452.1074 lsst_hardware_y -4.248345614870792 69.08000183105469 30.799999237060547 AB 3.3263327793399777 1.0653924452057706
61454.0954 lsst_hardware_r -150.6537002745935 82.08000183105469 31.639999389648438 AB 5.885886335552745 1.069577745875476
61454.1123 lsst_hardware_i -36.20889573157397 67.3499984741211 31.31999969482422 AB 5.813062366014923 1.0621345452247255
61456.0853 lsst_hardware_z 158.77766176643465 77.80999755859375 31.0 AB 3.4065137390108036 1.073565797413915
61456.1031 lsst_hardware_r 110.4509161230455 114.56999969482422 31.65999984741211 AB 3.375479691555156 1.0628363542982833
61458.0854 lsst_hardware_z 76.0702019645411 65.86000061035156 30.979999542236328 AB 6.575250632745372 1.0688857405096923
61458.1028 lsst_hardware_r 42.9580357402062 93.2699966430664 31.649999618530273 AB 6.559748869606231 1.0620065357358208
61460.0828 lsst_hardware_i -12.8160024914731 46.7599983215332 31.309999465942383 AB 8.45657261635602 1.0669519971009898
61460.1 lsst_hardware_z 43.36214772434263 50.08000183105469 30.969999313354492 AB 8.177202495174967 1.061974350022723
61462.0863 lsst_hardware_r 31.78176821396774 22.530000686645508 31.479999542236328 AB 6.068715329216377 1.062946402828646
61462.1042 lsst_hardware_z -4.862683862938469 44.0099983215332 30.950000762939453 AB 6.09158261003715 1.064124833616412
61464.0589 lsst_hardware_u 0.25356771600598177 2.6700000762939453 28.420000076293945 AB 5.887629374227628 1.0783203982101883
61464.0773 lsst_hardware_g 29.909468395036342 13.729999542236328 31.40999984741211 AB 5.850211363762301 1.0641585018212463
61466.0592 lsst_hardware_r 19.08957924376137 22.600000381469727 31.5 AB 3.0568255866438268 1.0724449491207437
61466.0779 lsst_hardware_i 14.104874618459446 30.59000015258789 31.260000228881836 AB 3.0472402320817773 1.0623731198425528
61468.0508 lsst_hardware_z -40.78129987818328 41.34000015258789 30.940000534057617 AB 4.834880449899079 1.0752741145502704
61468.0673 lsst_hardware_r 34.151170107226385 22.389999389648438 31.479999542236328 AB 4.764207819489681 1.063795426926355
61470.0531 lsst_hardware_u 4.51914731068224 2.549999952316284 28.31999969482422 AB 5.65937618380412 1.0685460728436043
61470.0717 lsst_hardware_r -2.263617672397581 22.610000610351562 31.489999771118164 AB 5.627640152210051 1.0619524755711507
61472.0519 lsst_hardware_i 2.4430410150645523 30.440000534057617 31.239999771118164 AB 9.866311582265052 1.0658600917102747
61472.0712 lsst_hardware_z -30.50939876909485 41.34000015258789 30.940000534057617 AB 9.984133509801255 1.0624244224316315
61476.0415 lsst_hardware_g 10.43991308211508 13.579999923706055 31.399999618530273 AB 7.874183440937516 1.0655788135466613
61476.0606 lsst_hardware_r -16.88275592378484 22.3700008392334 31.489999771118164 AB 8.282085116042685 1.0624868654320314
61489.0036 lsst_hardware_y 112.60941199499082 69.54000091552734 30.799999237060547 AB 8.767176904687615 1.0669559333926757
61489.0259 lsst_hardware_r -31.258683191021895 63.75 32.369998931884766 AB 8.98902768732428 1.062658433304718
61492.0057 lsst_hardware_z -75.34131085928806 59.90999984741211 31.709999084472656 AB 7.39011843070962 1.0626128878512682
61493.9964 lsst_hardware_y 45.7210436993194 48.09000015258789 30.049999237060547 AB 7.0675999218406655 1.0637567612643906
61494.0136 lsst_hardware_g 1.085703628092722 13.710000038146973 31.43000030517578 AB 6.360324821348163 1.0630069339300183
61496.9946 lsst_hardware_y 76.69290435685899 48.63999938964844 30.040000915527344 AB 8.257433201846547 1.0621631302621424
61497.0148 lsst_hardware_i 28.51481750488041 30.709999084472656 31.25 AB 8.393774085683258 1.067366999705371
61498.9826 lsst_hardware_y -109.48514807204639 66.2300033569336 30.059999465942383 AB 6.640313563877741 1.0638118493876547
61499.0017 lsst_hardware_i -11.799389314576624 30.530000686645508 31.25 AB 5.4241734765535545 1.0635634267752068
61730.3447 lsst_hardware_r -15.573847375734664 34.9900016784668 31.579999923706055 AB 3.9377814207578945 1.06589770479771
61735.3433 lsst_hardware_g -13.897452519648384 16.579999923706055 31.489999771118164 AB 5.41645748992132 1.0620504882198667
61737.3436 lsst_hardware_i -2.884998961880636 33.0 31.260000228881836 AB 4.041566591464962 1.0622190875111082
61739.3279 lsst_hardware_i 22.28574061446323 30.540000915527344 31.25 AB 6.181004697847751 1.0627891728639016
61739.3477 lsst_hardware_y -74.98926001090463 56.75 30.049999237060547 AB 6.517279314038359 1.0652920664786052
61745.1861 lsst_hardware_z -32.19802267247036 47.4900016784668 30.90999984741211 AB 7.825417186256429 1.5048879204339285
61745.2218 lsst_hardware_u 2.455278425688242 4.460000038146973 29.469999313354492 AB 6.765530150247496 1.2657088349932175
61745.2506 lsst_hardware_z -5.523383509248013 42.599998474121094 30.940000534057617 AB 5.891457332285299 1.1547348750069186
61747.3091 lsst_hardware_g 1.9019367420208846 13.4399995803833 31.3799991607666 AB 5.856617761998909 1.0622001865665152
61747.3267 lsst_hardware_r -21.88487720001891 22.40999984741211 31.469999313354492 AB 5.91514301594368 1.0657275267450026
61749.2782 lsst_hardware_i 33.755181942220595 37.720001220703125 31.280000686645508 AB 9.980217035693723 1.078126502721586
61749.2943 lsst_hardware_z -40.66486842020123 41.209999084472656 30.940000534057617 AB 10.701560482289546 1.0651233404453173
61751.3018 lsst_hardware_i -22.32367506566588 54.97999954223633 31.31999969482422 AB 11.183318590117414 1.0619595084387619
61751.3198 lsst_hardware_z -64.48159242644552 52.369998931884766 30.969999313354492 AB 11.260609606091835 1.0682001207359844
61753.2914 lsst_hardware_z 64.69740096140143 69.87999725341797 30.989999771118164 AB 8.32290490782568 1.0624080811624126
61753.31 lsst_hardware_r 47.45419714253439 99.77999877929688 31.649999618530273 AB 7.673417182947197 1.0655550615090228
61755.295 lsst_hardware_i -76.7226694208606 72.80000305175781 31.329999923706055 AB 11.234135880988093 1.0622924701357876
61755.3137 lsst_hardware_r 95.89807416107247 90.16000366210938 31.649999618530273 AB 11.346513225710504 1.071999805720324
61757.2672 lsst_hardware_z 126.58901875552965 76.18000030517578 31.719999313354492 AB 5.584776303752976 1.068243363380447
61759.2851 lsst_hardware_r 1.7739598759061503 34.22999954223633 31.579999923706055 AB 4.548804679154705 1.0624738428421143
61759.3052 lsst_hardware_i 6.910850231778878 36.47999954223633 31.270000457763672 AB 4.674621168116774 1.0742551230876956
61762.2539 lsst_hardware_i 96.80397533822847 43.43000030517578 31.989999771118164 AB 7.155594330410235 1.0679991537925724
61762.274 lsst_hardware_z -3.5816280327813725 58.68000030517578 31.690000534057617 AB 7.115775278413026 1.0620560117034368
61765.26 lsst_hardware_g 13.984558621197532 13.720000267028809 31.40999984741211 AB 8.497488851790644 1.0621861064738305
61765.2801 lsst_hardware_r 26.984641049707438 22.549999237060547 31.489999771118164 AB 8.537692873756278 1.0672116092195347
61767.2514 lsst_hardware_i -45.56276717801405 30.549999237060547 31.25 AB 6.568047281052336 1.0627908221767535
61767.2716 lsst_hardware_r -25.64146232886358 22.719999313354492 31.489999771118164 AB 6.521126672912397 1.0654565269034224
61769.2446 lsst_hardware_u -1.856307069062411 2.690000057220459 28.43000030517578 AB 9.555087418473704 1.0631628389849062
61769.2637 lsst_hardware_g -15.529892362737339 13.979999542236328 31.420000076293945 AB 9.259463852307304 1.0643061899203798
61771.2458 lsst_hardware_r -3.0380612523082178 22.760000228881836 31.5 AB 7.47093376387938 1.0619837799593568
61771.2666 lsst_hardware_i -46.88718981365485 30.600000381469727 31.25 AB 7.560846320790207 1.069204326793468
61773.2223 lsst_hardware_i 6.116290609825456 30.6299991607666 31.239999771118164 AB 3.7643443047905714 1.069112270602264
61773.2424 lsst_hardware_z 21.507442074269466 41.33000183105469 30.940000534057617 AB 3.674914071228816 1.061960430928713
61775.2201 lsst_hardware_i 2.4937669837249254 30.610000610351562 31.239999771118164 AB 12.403704524589996 1.0668935596585223
61775.2379 lsst_hardware_u -1.5404216012378664 2.6500000953674316 28.399999618530273 AB 12.373942230837049 1.0620042252788953
61777.2112 lsst_hardware_g 22.198821219630002 23.829999923706055 31.59000015258789 AB 9.358737951032191 1.0692441866515567
61777.2332 lsst_hardware_r 29.7672648624673 22.8799991607666 31.489999771118164 AB 9.258361461385674 1.062063489758222
