data/validation/pwv_sim_epoch_fit_seasonal/62726043.ecsv
# %ECSV 0.9
# ---
# datatype:
# - {name: time, datatype: float64}
# - {name: band, datatype: string}
# - {name: flux, datatype: float64}
# - {name: fluxerr, datatype: float64}
# - {name: zp, datatype: float64}
# - {name: zpsys, datatype: string}
# - {name: pwv, datatype: float64}
# - {name: airmass, datatype: float64}
# meta: {SNID: '62726043', alt: 1024.0, c: -0.07517576217651367, dec: -7.481631, lat: -30.244573, lon: -70.7499537, ra: 112.675781, t0: 62084.109375,
#   x0: 9.384313922077174e-06, x1: 0.5510581731796265, z: 0.47227421402931213}
# schema: astropy-2.0
time band flux fluxerr zp zpsys pwv airmass
62089.3408 lsst_hardware_i 2188.3414977147636 55.69211576273355 31.239999771118164 AB 6.08926985145742 1.0918377021663395
62089.3576 lsst_hardware_y 452.16615787037284 68.12833745997952 30.049999237060547 AB 5.966503099432818 1.0841616776679863
62094.3425 lsst_hardware_r 2578.2496607320345 56.07645696445352 31.489999771118164 AB 5.422226966426436 1.0843731017451708
62097.343 lsst_hardware_z 1343.996540217082 56.75731252542854 30.950000762939453 AB 7.16436721451049 1.0843464283802218
62099.3335 lsst_hardware_g 499.3436738429876 26.27200338246975 31.420000076293945 AB 6.045369107638563 1.0839822678211517
62099.3538 lsst_hardware_y 408.69099878521814 70.77411357950584 30.049999237060547 AB 6.096625692088461 1.0924547291998987
62102.2155 lsst_hardware_i 3125.7527189390607 84.15096918631143 31.989999771118164 AB 5.456274492947358 1.376630375412694
62102.2519 lsst_hardware_y 946.0261978540451 74.76907177728513 30.75 AB 5.288242280255106 1.2003273693550214
62104.3428 lsst_hardware_g 418.26156046087414 24.92961608660427 31.479999542236328 AB 6.7364907115533725 1.094800624863085
62106.2979 lsst_hardware_r 1404.5891468322668 92.96214911560182 31.639999389648438 AB 7.117702446269441 1.089277525828104
62106.317 lsst_hardware_i 1381.089033592458 75.0097733280517 31.31999969482422 AB 7.09677582311605 1.0841392947015047
62111.3031 lsst_hardware_z 797.6978042537348 67.6809989975562 30.969999313354492 AB 4.50104344351652 1.0841098575367958
62111.3216 lsst_hardware_r 880.5737997903772 83.51426592424882 31.639999389648438 AB 4.575336624391331 1.0929221970836842
62113.296 lsst_hardware_i 1109.6227286103187 53.19424321592543 31.290000915527344 AB 7.049747900379627 1.0839929115674047
62113.3144 lsst_hardware_z 839.8863794452882 55.01289255813138 30.959999084472656 AB 7.0412570475571705 1.0914985347321609
62115.2944 lsst_hardware_i 901.9582888982625 44.434932867528026 31.260000228881836 AB 8.994320339072873 1.0844369832496832
62115.3128 lsst_hardware_z 713.1291201634756 50.47718386851034 30.950000762939453 AB 9.058312288765098 1.0948254768110242
62119.264 lsst_hardware_r 586.2134132034163 32.07262429661802 31.479999542236328 AB 8.886162154380571 1.0882806311448803
62119.2843 lsst_hardware_i 705.8906750942444 41.25528019133431 31.239999771118164 AB 8.85519734286295 1.0846061447605937
62121.2307 lsst_hardware_z 779.8371457078732 49.62062282167226 30.940000534057617 AB 9.467760388032689 1.1210641444622937
62121.2624 lsst_hardware_u 11.473484480252285 3.224310314303407 28.440000534057617 AB 7.67556617674958 1.0863059373385582
62121.285 lsst_hardware_g 81.55702276197715 16.80283287845286 31.40999984741211 AB 7.713788413194392 1.086755200506395
62123.2264 lsst_hardware_g 175.92179513855424 23.882805983577576 32.18000030517578 AB 5.796484199555742 1.1190123937366299
62123.2488 lsst_hardware_r 443.43838762741524 30.95854063268149 31.510000228881836 AB 5.595549755341782 1.0911758493256867
62125.2316 lsst_hardware_i 633.8822778534726 39.62413961254426 31.25 AB 6.507952852240443 1.1030428563119394
62125.2504 lsst_hardware_z 568.7134677134696 48.571209905671836 30.950000762939453 AB 5.832828946872461 1.0867950338872154
62127.2251 lsst_hardware_i 591.0530031138697 38.9365991668423 31.239999771118164 AB 7.45012473444869 1.104376628290594
62127.2488 lsst_hardware_u 3.7783427340720435 3.256936455528771 28.420000076293945 AB 7.349344652134287 1.0852546739713453
62132.2235 lsst_hardware_i 992.5675691093063 65.08960655540518 32.040000915527344 AB 6.5913764162814665 1.0917393650154703
62132.2458 lsst_hardware_r 281.2397822089483 38.34218833913119 31.59000015258789 AB 6.586380103820338 1.084103439350351
62134.2228 lsst_hardware_z 1020.988245743891 86.07406642463421 31.729999542236328 AB 9.766481114080763 1.0884197495191095
62136.2092 lsst_hardware_z 374.2571337021434 80.5838441122508 30.989999771118164 AB 7.654037447764293 1.0946605273250682
62136.2316 lsst_hardware_r 170.93445695822254 115.84199062356467 31.649999618530273 AB 7.5757767662043065 1.0839717253617913
62142.208 lsst_hardware_g -6.618477216679888 39.72315744298292 31.670000076293945 AB 7.312610893111522 1.0851986188486342
62142.23 lsst_hardware_r 251.26556571005005 44.48564113322674 31.600000381469727 AB 7.616091312346404 1.0879612369429654
62144.2049 lsst_hardware_i 316.25185899758173 36.70242005888186 31.25 AB 7.28936887227832 1.0845661169882934
62144.2265 lsst_hardware_r 254.01722906490784 30.52053780036072 31.530000686645508 AB 8.768490044414627 1.089151947882449
62148.1612 lsst_hardware_g 31.483077573117974 15.689052812398725 31.420000076293945 AB 7.764969439770925 1.113896060790544
62148.1802 lsst_hardware_r 170.10432332150293 27.0951296841282 31.489999771118164 AB 6.857263950588512 1.0914285938809738
62150.1616 lsst_hardware_i 326.4856133523848 35.322190478713765 31.25 AB 8.194469282745636 1.1052945101830771
62150.1823 lsst_hardware_z 292.2047999350254 45.182737107880726 30.950000762939453 AB 8.630277536719403 1.0867086090307747
62152.1593 lsst_hardware_i 253.17736537980485 35.42266987604852 31.25 AB 4.818580174601899 1.101284869921394
62152.1785 lsst_hardware_u 0.15544720895112654 2.9217633789047306 28.520000457763672 AB 5.610728803394155 1.0859825420292566
62154.1561 lsst_hardware_g 29.927362254728042 15.346326908878478 31.420000076293945 AB 4.748227407414819 1.0986816468825868
62154.1754 lsst_hardware_r 215.02481196904665 26.83115126625643 31.5 AB 6.763690496888422 1.0851420659214517
62156.1575 lsst_hardware_i 203.75913552950945 35.13274220303544 31.25 AB 7.981128933204783 1.0921085020805728
62156.1765 lsst_hardware_r 218.13508137457205 26.778342008892864 31.5 AB 9.685731104419876 1.083980948789809
62158.1534 lsst_hardware_z 25.226000554081136 42.130001068115234 30.940000534057617 AB 11.163768842433942 1.091037537436433
62158.1732 lsst_hardware_g -5.497760949412906 14.289999961853027 31.40999984741211 AB 10.577424646000003 1.0839746511580266
62160.1503 lsst_hardware_r -44.88061985986953 34.119998931884766 31.579999923706055 AB 15.354543658714165 1.0893610258044815
62160.171 lsst_hardware_i -39.445543337163485 35.529998779296875 31.260000228881836 AB 12.344967770319913 1.0843186447360487
62162.1403 lsst_hardware_z 20.298987684414737 52.54999923706055 30.969999313354492 AB 14.457826520107314 1.0927855875820423
62162.1585 lsst_hardware_r 32.130467953282285 58.279998779296875 31.639999389648438 AB 14.205562249277456 1.084104418611627
62165.1396 lsst_hardware_r 95.55781779765304 118.04000091552734 31.649999618530273 AB 10.86252234755248 1.0875845257993522
62165.1581 lsst_hardware_z 25.822566380455303 81.08999633789062 31.0 AB 10.818086095394412 1.084456490804489
62171.1074 lsst_hardware_r 9.574462188374913 31.06999969482422 31.559999465942383 AB 11.551488639067857 1.1013042629824692
62171.1271 lsst_hardware_i 22.873003273890763 37.43000030517578 31.280000686645508 AB 11.143708268121635 1.0857874716217175
62173.1091 lsst_hardware_z -27.47323363098627 42.209999084472656 30.950000762939453 AB 4.733231175831172 1.0937986078796424
62173.1275 lsst_hardware_r -19.040222213321368 23.170000076293945 31.489999771118164 AB 4.230648894407961 1.0842257545894316
62175.1124 lsst_hardware_u 1.747589024087337 2.759999990463257 28.479999542236328 AB 9.271782675035533 1.0875247255849996
62175.1311 lsst_hardware_g 6.86599992059127 14.069999694824219 31.43000030517578 AB 9.416943691703793 1.0845161021953291
62177.0988 lsst_hardware_r -14.22218797589347 22.989999771118164 31.5 AB 3.768059061216301 1.0932473098306073
62177.1185 lsst_hardware_z 73.703375519506 41.75 30.950000762939453 AB 3.751584594038045 1.0840119221877327
62179.0963 lsst_hardware_r 6.558719618165546 23.09000015258789 31.5 AB 4.919731397784621 1.090849533876853
62179.1124 lsst_hardware_u -1.760817146230183 2.7200000286102295 28.450000762939453 AB 4.890671956496874 1.0840656755631513
62181.0354 lsst_hardware_g -5.127901465164169 14.75 31.389999389648438 AB 3.0696810807886097 1.203088802974176
62181.0398 lsst_hardware_r 11.324700343119927 23.420000076293945 31.469999313354492 AB 3.0437224038797974 1.1882578191996085
62183.094 lsst_hardware_i 5.782946189444433 30.979999542236328 31.239999771118164 AB 3.4037987262734895 1.0859144125932243
62183.1115 lsst_hardware_z -12.628368691233973 41.970001220703125 30.940000534057617 AB 3.401949273421962 1.0850935963283064
62185.0897 lsst_hardware_r -1.4911814842260749 22.93000030517578 31.5 AB 6.062403338454026 1.0854795592576592
62185.1063 lsst_hardware_u -2.601784365547456 2.690000057220459 28.420000076293945 AB 6.018372643790061 1.0851735744302462
62189.0569 lsst_hardware_r -33.700322080823256 36.13999938964844 31.579999923706055 AB 5.905249933437424 1.102960391004375
62189.0753 lsst_hardware_z -17.878664205924633 45.0099983215332 30.959999084472656 AB 6.01758159820225 1.0869418104677806
62193.0561 lsst_hardware_z -107.54882739278193 68.0999984741211 30.979999542236328 AB 7.090058134145518 1.0924027734803838
62193.0735 lsst_hardware_r -77.759695018795 91.8499984741211 31.649999618530273 AB 6.992682879306516 1.0841368805126208
62203.0425 lsst_hardware_u 0.2520565504380309 2.690000057220459 28.440000534057617 AB 9.984401024020384 1.0848679127874377
62203.0605 lsst_hardware_g 10.448975613887981 13.699999809265137 31.399999618530273 AB 10.057773292505537 1.0864459403192588
62205.0382 lsst_hardware_r 6.941877891953455 22.700000762939453 31.489999771118164 AB 11.200079086613295 1.084578349252417
62205.0579 lsst_hardware_i -62.780627412616326 30.709999084472656 31.239999771118164 AB 10.984474679436483 1.087894887534563
62207.0425 lsst_hardware_z 6.679195986938377 41.7400016784668 30.940000534057617 AB 8.35038770970714 1.0842781825277623
62207.0621 lsst_hardware_r 39.7521148077938 22.780000686645508 31.489999771118164 AB 8.490128852003837 1.0952649561819612
62209.0087 lsst_hardware_y 5.44978939869188 49.93000030517578 30.030000686645508 AB 15.122958708681233 1.0957673188067192
62209.0277 lsst_hardware_u 0.7783888362144932 2.640000104904175 28.3799991607666 AB 15.024202500278447 1.0844863304360413
62210.0092 lsst_hardware_y -48.324440995727656 48.86000061035156 30.030000686645508 AB 10.360917396868112 1.0928036982787348
62210.0286 lsst_hardware_i -43.0764689877685 30.6200008392334 31.25 AB 10.245637069762179 1.0839912700410739
62215.0047 lsst_hardware_y 14.001172889792974 48.93000030517578 30.040000915527344 AB 5.294631392046867 1.0867470016516558
62215.0246 lsst_hardware_g 3.558955258318304 14.510000228881836 31.440000534057617 AB 5.205520548561634 1.0852370844811834
62216.9947 lsst_hardware_z -49.92883886100152 54.459999084472656 30.979999542236328 AB 5.462037439350728 1.0893210781487523
62217.014 lsst_hardware_i -9.01106739589599 33.5099983215332 31.270000457763672 AB 5.599063435729485 1.0841093524712229
62218.9934 lsst_hardware_y -1.4702236042964674 61.66999816894531 30.049999237060547 AB 6.0391574196458775 1.0869287733711872
62219.0132 lsst_hardware_r 37.32968583662552 47.209999084472656 31.6200008392334 AB 5.121611520802496 1.0850871866106984
62222.9889 lsst_hardware_y 137.60140689810217 65.3499984741211 30.059999465942383 AB 6.782435344074985 1.084611195747608
62223.0059 lsst_hardware_z 79.04509628163126 62.189998626708984 30.979999542236328 AB 7.591747721105918 1.0864496094699114
62224.9883 lsst_hardware_y -94.58360666225003 64.48999786376953 30.059999465942383 AB 7.254742466994297 1.0839568394542864
62225.0069 lsst_hardware_z -15.361988420762563 59.939998626708984 30.979999542236328 AB 6.488862606716341 1.0901986906445467
62455.3413 lsst_hardware_r 13.882942959315429 23.290000915527344 31.489999771118164 AB 6.050872685343893 1.089920027380966
62455.3587 lsst_hardware_y -49.790608740040106 71.31999969482422 30.049999237060547 AB 5.9631461351507635 1.083962033201582
62457.3391 lsst_hardware_i -27.3095867790469 31.350000381469727 31.239999771118164 AB 3.4733941157529604 1.087872041265217
62457.3589 lsst_hardware_y 38.640206508326806 70.02999877929688 30.049999237060547 AB 3.4404747753470244 1.084638958179985
62459.349 lsst_hardware_z 23.2768693670202 82.7300033569336 31.719999313354492 AB 6.306249627914903 1.083998159816937
62462.3453 lsst_hardware_r 52.953029960629934 91.9000015258789 31.649999618530273 AB 5.23839972148285 1.0846483764609471
62464.3356 lsst_hardware_z -81.02691483997909 65.72000122070312 30.979999542236328 AB 9.054200908156666 1.084010883945698
62464.3547 lsst_hardware_y -21.221638778117477 74.31999969482422 30.049999237060547 AB 9.170206017813722 1.0926016940085455
62472.3018 lsst_hardware_g -8.927487298886525 13.9399995803833 31.40999984741211 AB 7.093041734335472 1.0860852470591165
62472.3211 lsst_hardware_r 5.618987416256968 22.899999618530273 31.5 AB 7.059977671733111 1.0855658755644055
62474.1816 lsst_hardware_i -85.39108006772216 47.470001220703125 31.93000030517578 AB 5.450056948297642 1.4921442705808516
62474.1984 lsst_hardware_r -13.704901303022336 23.6200008392334 31.440000534057617 AB 5.138276826003134 1.3681093858755622
62476.3026 lsst_hardware_u 0.913744753060745 2.5999999046325684 28.350000381469727 AB 4.707772163689336 1.083990827467113
62476.3216 lsst_hardware_g -2.8829198092708115 13.770000457763672 31.399999618530273 AB 4.783791672111193 1.0923145729218389
62480.2952 lsst_hardware_z -39.67580105367654 41.959999084472656 30.940000534057617 AB 10.870090595828932 1.08443352994923
62480.3149 lsst_hardware_r 8.092415152619935 22.940000534057617 31.479999542236328 AB 10.997019824848095 1.0961668444115482
62482.2957 lsst_hardware_u -0.13675099476083696 2.6500000953674316 28.399999618530273 AB 11.438198988725594 1.0863174929143173
62482.3136 lsst_hardware_g 17.547793923946298 13.800000190734863 31.399999618530273 AB 11.561942560474773 1.1007006007592008
62484.2915 lsst_hardware_r -2.8652595335351663 22.75 31.479999542236328 AB 8.57834533921985 1.0868983641710293
62484.3106 lsst_hardware_z 13.053550646825187 41.9900016784668 30.940000534057617 AB 7.99928981388613 1.103730916024302
62486.265 lsst_hardware_i -56.00236967376132 30.979999542236328 31.239999771118164 AB 11.374739899282025 1.0855307472278777
62486.2846 lsst_hardware_r -59.74771019304939 23.020000457763672 31.489999771118164 AB 11.388760095982592 1.086238028812301
62488.2324 lsst_hardware_z 20.09228408449846 79.05999755859375 31.719999313354492 AB 5.268123049161794 1.1104032282361682
62492.2219 lsst_hardware_z 67.29108096737383 83.8499984741211 30.989999771118164 AB 5.3150804593728855 1.109774594802197
62492.2409 lsst_hardware_r -43.643758896395674 120.19000244140625 31.649999618530273 AB 5.180305980267934 1.0894821368294105
62494.2488 lsst_hardware_z 278.72099661464955 94.13999938964844 31.729999542236328 AB 7.7726698298872305 1.0841551743377804
62496.2437 lsst_hardware_r 61.5936230858705 54.380001068115234 31.6299991607666 AB 7.958271415976022 1.084110080505335
62496.2624 lsst_hardware_z -67.31765788976446 51.189998626708984 30.969999313354492 AB 8.711591295474438 1.0889489119343048
62500.2074 lsst_hardware_u 1.5054249995331206 2.5899999141693115 28.31999969482422 AB 10.230954305389481 1.1001026134827399
62500.2296 lsst_hardware_g -14.052583155207163 14.859999656677246 31.43000030517578 AB 9.747731450358984 1.0846781595525492
62502.2147 lsst_hardware_r -16.201378860367132 22.8799991607666 31.489999771118164 AB 7.658857462958119 1.0887642193715386
62502.2357 lsst_hardware_i -0.1553282662343667 30.760000228881836 31.25 AB 7.631390485364057 1.0845404383649955
62504.2127 lsst_hardware_z -11.42577122748731 41.75 30.950000762939453 AB 3.7490773908728876 1.0868466128055914
62504.2347 lsst_hardware_r -41.57581277577316 23.010000228881836 31.489999771118164 AB 3.717092449678227 1.085916578930243
62506.2122 lsst_hardware_u 5.405975438243084 2.7100000381469727 28.43000030517578 AB 12.771408417811733 1.0849431608386129
62506.2332 lsst_hardware_g 15.12781344285044 14.199999809265137 31.420000076293945 AB 12.692574447363377 1.0878106314161275
62508.2024 lsst_hardware_r -9.20456590685716 23.149999618530273 31.489999771118164 AB 8.64216598139485 1.0865523786132139
