data/validation/pwv_sim_epoch_fit_seasonal/62838761.ecsv
# %ECSV 0.9
# ---
# datatype:
# - {name: time, datatype: float64}
# - {name: band, datatype: string}
# - {name: flux, datatype: float64}
# - {name: fluxerr, datatype: float64}
# - {name: zp, datatype: float64}
# - {name: zpsys, datatype: string}
# - {name: pwv, datatype: float64}
# - {name: airmass, datatype: float64}
# meta: {SNID: '62838761', alt: 1024.0, c: -0.07442914694547653, dec: -40.817047, lat: -30.244573, lon: -70.7499537, ra: 51.679688, t0: 62508.953125,
#   x0: 1.2779214352323823e-05, x1: 0.3041718006134033, z: 0.4148750603199005}
# schema: astropy-2.0
time band flux fluxerr zp zpsys pwv airmass
62369.4246 lsst_hardware_z -18.839123416660307 53.77000045776367 30.979999542236328 AB 1.538509489291529 1.0169162143485733
62378.3797 lsst_hardware_r 23.408322045679782 85.77999877929688 33.119998931884766 AB 2.5412468446482097 1.0222231877104624
62378.3991 lsst_hardware_y -25.742635055520747 95.86000061035156 31.559999465942383 AB 2.5104251317314197 1.0169153922757574
62387.4084 lsst_hardware_i 7.366229040860481 35.47999954223633 31.280000686645508 AB 2.3299731912737593 1.0321032962452976
62389.402 lsst_hardware_i 9.86801450904169 31.09000015258789 31.25 AB 2.3230678915821437 1.0312523934220823
62393.3982 lsst_hardware_i 0.31298498281216314 31.3799991607666 31.260000228881836 AB 1.2605398858042522 1.03833598501174
62395.4049 lsst_hardware_u 4.019662762640742 11.039999961853027 29.309999465942383 AB 4.468973309436639 1.0539202836498638
62399.3894 lsst_hardware_i -2.3846570163867056 30.3799991607666 31.25 AB 6.202029156575455 1.0475220960323368
62399.4006 lsst_hardware_z 7.268483770112897 55.939998626708984 30.969999313354492 AB 6.017249015989893 1.064340499865551
62404.2917 lsst_hardware_i 15.741280430788517 59.0 31.31999969482422 AB 6.3181410937669975 1.0354213526331408
62411.3586 lsst_hardware_z -10.513313884222468 41.41999816894531 30.950000762939453 AB 2.618108414264516 1.050183880571232
62411.3701 lsst_hardware_i 35.33187146126466 31.31999969482422 31.25 AB 2.587958009787116 1.0682270266044782
62414.3544 lsst_hardware_r -5.916903579759552 21.670000076293945 31.479999542236328 AB 8.025343407701 1.0559662378553947
62414.3666 lsst_hardware_i -14.542746045796408 30.030000686645508 31.239999771118164 AB 8.183924388971143 1.0768321564435714
62420.3483 lsst_hardware_i 22.35613107155498 30.09000015258789 31.239999771118164 AB 4.7084949754560705 1.0732224002406376
62420.3597 lsst_hardware_z 40.59247541740799 41.650001525878906 30.940000534057617 AB 4.81229374221836 1.096569156253394
62422.2951 lsst_hardware_i 0.9702889883105501 29.56999969482422 31.25 AB 5.403829648218342 1.020232155107202
62422.3051 lsst_hardware_u -3.4050899246175654 2.630000114440918 28.450000762939453 AB 5.428418074171416 1.0258427856701888
62423.2808 lsst_hardware_g 20.295431022140708 25.940000534057617 32.90999984741211 AB 5.88749054131387 1.0171451719109497
62423.2947 lsst_hardware_r 15.257943264326734 43.099998474121094 32.9900016784668 AB 5.112256183210406 1.0212937703689964
62425.3364 lsst_hardware_i 26.874030388649444 30.25 31.25 AB 7.887965739107061 1.0765124746302057
62425.3486 lsst_hardware_r 21.024142751246977 22.110000610351562 31.479999542236328 AB 8.050835651623656 1.102438896528521
62427.3245 lsst_hardware_z 150.442779527337 61.52000045776367 31.700000762939453 AB 6.505975844546164 1.0649240251875365
62429.3208 lsst_hardware_z -50.22298864803628 54.40999984741211 30.979999542236328 AB 1.3568361454584308 1.0679544631707445
62429.332 lsst_hardware_r -45.632293630045545 57.40999984741211 31.6299991607666 AB 1.270592496090649 1.089701969202958
62433.3181 lsst_hardware_i -6.052235185453602 64.2300033569336 31.31999969482422 AB 3.5364249995849564 1.0834912042030147
62433.3287 lsst_hardware_z -70.36123727817532 59.93000030517578 30.969999313354492 AB 3.582394744067968 1.1070726205558958
62437.3071 lsst_hardware_z -52.80582481035621 46.02000045776367 30.950000762939453 AB 3.101488174549046 1.0833316284263879
62437.3182 lsst_hardware_r -55.939876693514314 43.189998626708984 31.600000381469727 AB 3.178391359681214 1.1080969295808998
62440.3118 lsst_hardware_u 11.440886029882853 4.309999942779541 28.75 AB 3.8183814839220895 1.1125279902651948
62440.3229 lsst_hardware_g -23.62549320747433 21.020000457763672 31.540000915527344 AB 3.925062041946637 1.1428890736523256
62442.315 lsst_hardware_g -12.388348580815896 13.579999923706055 31.3700008392334 AB 3.5163579061745582 1.1357745174983942
62442.3269 lsst_hardware_r -27.46502061096606 22.75 31.469999313354492 AB 3.609731278395366 1.1730062646432082
62451.2603 lsst_hardware_u -1.1321558144598678 2.5299999713897705 28.34000015258789 AB 1.9086036190762696 1.0672029928198108
62451.2719 lsst_hardware_r 7.5635556839912415 21.8799991607666 31.469999313354492 AB 1.7840941854595815 1.0896340709240115
62456.2057 lsst_hardware_r 1.1680882392308307 49.02000045776367 31.6299991607666 AB 5.64812685387619 1.0218538512621258
62458.2428 lsst_hardware_y 118.19006273101975 71.83999633789062 30.790000915527344 AB 4.9005480169276066 1.0700470586664352
62460.241 lsst_hardware_r 23.245839935763094 87.33999633789062 31.649999618530273 AB 5.288472115759222 1.0768260323261727
62460.253 lsst_hardware_i -12.667258406281373 69.37999725341797 31.31999969482422 AB 4.773643911826135 1.10235210125867
62465.066 lsst_hardware_i 34.505537534451776 30.700000762939453 31.229999542236328 AB 5.970833381550496 1.15318999193018
62466.157 lsst_hardware_z -91.04702579506888 43.97999954223633 30.959999084472656 AB 5.31110325019064 1.0169981330549511
62466.1701 lsst_hardware_r -19.70025069948586 38.43000030517578 31.610000610351562 AB 4.763878443730135 1.0185030880265922
62473.1865 lsst_hardware_g 22.12666333619141 12.819999694824219 31.3799991607666 AB 6.680951984036721 1.046406876232251
62473.1982 lsst_hardware_r 41.40945558133985 21.6299991607666 31.479999542236328 AB 6.793241111286742 1.0637505255434307
62477.1987 lsst_hardware_r 2.5950845767083646 30.790000915527344 32.22999954223633 AB 4.4228481763724465 1.0850065033212848
62477.2098 lsst_hardware_u 2.4360692585094212 2.609999895095825 28.389999389648438 AB 4.707221504732433 1.1101064785942918
62479.1216 lsst_hardware_u 2.898339831536881 2.680000066757202 28.5 AB 6.245370632431287 1.016995706307103
62479.1325 lsst_hardware_g 9.884631656129667 12.829999923706055 31.40999984741211 AB 5.5973846998016565 1.017953085560437
62483.1672 lsst_hardware_y 17.783827734855002 47.697850515217276 30.040000915527344 AB 11.734255989321257 1.0578072648806884
62483.1794 lsst_hardware_g -0.13133466193838125 19.976094986517207 31.549999237060547 AB 11.967822900621437 1.0791544545195164
62485.1148 lsst_hardware_z 142.71833473974803 66.4933612980425 31.719999313354492 AB 7.917711065116563 1.0176690276660403
62489.1124 lsst_hardware_z 309.46375208085607 60.4976499501384 30.989999771118164 AB 3.139784202653871 1.0203490882263568
62489.1259 lsst_hardware_r 604.5348593324879 82.87619573530871 31.65999984741211 AB 3.6247674811228308 1.0286676072714667
62491.1079 lsst_hardware_z 1005.431106997115 88.36759415192847 31.729999542236328 AB 3.1644041085284353 1.0207755188801404
62493.1035 lsst_hardware_r 1775.347384522848 74.2235761063073 31.649999618530273 AB 4.368676378923984 1.0212755502822375
62493.1159 lsst_hardware_z 781.9181034260687 58.4184951468396 30.969999313354492 AB 4.38002118522683 1.0294225042641585
62497.0886 lsst_hardware_u 18.55923842387165 4.99878669773649 28.469999313354492 AB 5.104181158334875 1.0195617794427347
62497.1008 lsst_hardware_g 1471.6084644817006 40.44405207866579 31.399999618530273 AB 5.142028987461106 1.0261994686346567
62501.0908 lsst_hardware_z 1798.012489481695 57.41755180093987 30.950000762939453 AB 7.68740537917177 1.0268699788507532
62501.1032 lsst_hardware_r 3758.810987816604 64.98107531999015 31.479999542236328 AB 7.742015600299723 1.0382212150059975
62503.0876 lsst_hardware_u 20.532264787016334 5.040292089561527 28.3700008392334 AB 5.190381084606334 1.0286129775280088
62503.0993 lsst_hardware_g 2130.033479717618 48.80278285774686 31.3799991607666 AB 5.253653950595555 1.0399671303202958
62505.0838 lsst_hardware_r 4306.9809885445575 69.36634842926368 31.479999542236328 AB 2.368966893533601 1.0299856058841743
62505.0964 lsst_hardware_z 1966.2188252489539 60.22084259338836 30.950000762939453 AB 2.3988721284088568 1.0429878819168943
62507.083 lsst_hardware_r 4514.0541146179385 70.11685203134635 31.479999542236328 AB 10.186053947987592 1.0342571530482223
62507.0954 lsst_hardware_u 2.7329380299204726 4.430533019841677 28.389999389648438 AB 9.002051072053264 1.0487215585950251
62509.081 lsst_hardware_g 2007.3376480888896 47.56457155436854 31.40999984741211 AB 8.556437208397698 1.0378357945779244
62509.0931 lsst_hardware_r 4468.825683414726 70.5142902258138 31.489999771118164 AB 6.200271746017379 1.0531545259909534
62510.0697 lsst_hardware_i 3072.050383831203 62.59184653672311 31.25 AB 8.834221297698356 1.029609521691309
62510.0821 lsst_hardware_z 2152.7881993456317 60.93527258665418 30.940000534057617 AB 8.87118163175191 1.0422072935103035
62736.374 lsst_hardware_z -66.0962436937038 58.15999984741211 31.700000762939453 AB 2.108576773804957 1.0451002141860386
62736.3916 lsst_hardware_y 150.76433294359484 66.13999938964844 30.799999237060547 AB 2.3460598023014225 1.027321472325831
62753.3931 lsst_hardware_g 7.945839986093564 12.979999542236328 31.399999618530273 AB 3.65669174775678 1.0223980282178373
62753.4043 lsst_hardware_r 32.79119298607355 23.510000228881836 31.510000228881836 AB 3.693764513006709 1.0302669306203776
62755.4072 lsst_hardware_i -55.805380077636556 57.099998474121094 31.31999969482422 AB 2.593218954747872 1.0384645083419364
62764.3784 lsst_hardware_g -31.801632971303846 23.559999465942383 31.600000381469727 AB 5.877453563211118 1.0340650787103105
62764.3902 lsst_hardware_r -40.50704167565776 28.969999313354492 31.549999237060547 AB 6.150327086278206 1.0476666529730356
62765.3932 lsst_hardware_i 49.27944549583595 33.650001525878906 31.270000457763672 AB 3.4689932095164178 1.0557958434157708
62767.3838 lsst_hardware_r 12.27738406834116 22.3799991607666 31.489999771118164 AB 1.4911376753992025 1.0500969545064807
62767.3959 lsst_hardware_u 2.796441908884955 6.940000057220459 29.059999465942383 AB 1.5422896288076713 1.069178252206358
62772.3647 lsst_hardware_r -17.58446305772877 21.510000228881836 31.469999313354492 AB 4.90994442716197 1.0430046579208272
62772.3768 lsst_hardware_z 34.186514015138115 41.22999954223633 30.940000534057617 AB 4.24000873479428 1.06000218369857
62774.3559 lsst_hardware_i 44.68258571452545 29.709999084472656 31.239999771118164 AB 3.3706709479740016 1.0391011502771417
62774.3681 lsst_hardware_r -24.490050443027307 21.690000534057617 31.469999313354492 AB 3.4254187592637533 1.0550029544470936
62781.3658 lsst_hardware_z -59.6618149426496 41.38999938964844 30.950000762939453 AB 3.904956561671831 1.084710156019953
62781.3779 lsst_hardware_r 27.579409687080776 23.239999771118164 31.5 AB 4.3201324475550065 1.1122417801042712
62785.1387 lsst_hardware_r -5.657081534594881 140.5500030517578 32.31999969482422 AB 6.117331860507134 1.3841161159605855
62785.1491 lsst_hardware_z -54.310347198780434 69.23999786376953 30.950000762939453 AB 5.911807507243876 1.3229466299963917
62787.3352 lsst_hardware_r 93.2213084783911 80.06999969482422 31.649999618530273 AB 5.805492458309667 1.0589777384202717
62787.347 lsst_hardware_y -67.71163183008109 52.9900016784668 30.040000915527344 AB 5.888765108634728 1.0798469025613395
62791.346 lsst_hardware_i -91.62382836850261 41.97999954223633 31.290000915527344 AB 5.382896578426388 1.1011346176590748
62791.3566 lsst_hardware_z -39.367943129633886 47.619998931884766 30.950000762939453 AB 5.518730461243003 1.1279980503307108
62793.3105 lsst_hardware_z -64.86878878369646 42.880001068115234 30.959999084472656 AB 3.9785065613397617 1.0469754108788847
62793.3225 lsst_hardware_r 0.3570472159286558 31.34000015258789 31.56999969482422 AB 4.046972711325028 1.0649928187697442
62794.1701 lsst_hardware_i 18.830229532579246 30.829999923706055 31.239999771118164 AB 2.46291074813679 1.1377782944891965
62796.3244 lsst_hardware_r 54.57693471601409 22.59000015258789 31.489999771118164 AB 2.6365181493986993 1.0837975401748559
62796.335 lsst_hardware_z -22.391803620592547 41.709999084472656 30.940000534057617 AB 3.436755612686681 1.1074400470526362
62799.3206 lsst_hardware_r 9.734510245007339 22.0 31.469999313354492 AB 4.127048813045221 1.0930890537122884
62799.3316 lsst_hardware_u 0.7281954299212473 2.559999942779541 28.34000015258789 AB 4.2458056207153 1.11952686109833
62803.3188 lsst_hardware_i 4.791107458518558 30.690000534057617 31.25 AB 3.3641017698297375 1.1146791815207113
62803.329 lsst_hardware_z -59.93012651751293 42.470001220703125 30.950000762939453 AB 3.4691908818484953 1.1427474768646473
62807.3011 lsst_hardware_z 5.550661361547813 41.58000183105469 30.940000534057617 AB 3.3956830918342735 1.0983341536930264
62807.3122 lsst_hardware_r 9.998999349894518 22.059999465942383 31.469999313354492 AB 3.4764715841961937 1.126043484408333
62817.2551 lsst_hardware_z -50.553894073182434 57.40999984741211 30.979999542236328 AB 4.353717999724632 1.0618824389572272
62817.2653 lsst_hardware_r 22.07017752742176 76.93000030517578 31.639999389648438 AB 4.429076316940664 1.0802625163269914
62822.2423 lsst_hardware_z -80.75716381100804 43.56999969482422 30.950000762939453 AB 5.839034596574954 1.063285913971584
62822.2538 lsst_hardware_i 29.746194093911193 36.130001068115234 31.270000457763672 AB 4.35935192023715 1.084595767184562
62827.1678 lsst_hardware_i 19.827636698296235 51.06999969482422 32.439998626708984 AB 3.7025577158228438 1.0170464814787736
62827.1811 lsst_hardware_z -69.07087585435032 69.91999816894531 32.13999938964844 AB 3.854854984465084 1.0183212216259634
62829.2363 lsst_hardware_g -9.532960395129273 12.859999656677246 31.3700008392334 AB 8.230718417958894 1.0879518529202965
62829.2487 lsst_hardware_r -43.19797766941212 21.93000030517578 31.469999313354492 AB 8.526408006465134 1.1169601004069911
62831.2295 lsst_hardware_i 55.18654617554273 30.1299991607666 31.229999542236328 AB 5.7014337009216085 1.0851605825887676
62831.2417 lsst_hardware_z 13.71008513651832 41.779998779296875 30.93000030517578 AB 5.844570136951415 1.1130394471436709
62833.2398 lsst_hardware_i 11.8996046411838 30.3700008392334 31.239999771118164 AB 4.350986624140863 1.122256028924469
62833.2515 lsst_hardware_u 4.114752803881412 2.5799999237060547 28.350000381469727 AB 5.107162428009762 1.156273213518399
62838.1839 lsst_hardware_i -12.66486897095412 36.5 31.280000686645508 AB 6.650243533953116 1.042291239648486
62838.195 lsst_hardware_z -48.095431844688484 43.720001220703125 30.959999084472656 AB 6.758808140252329 1.0575025508952363
62842.2145 lsst_hardware_r -137.51208621002883 72.12000274658203 31.6299991607666 AB 4.758448682640462 1.1203379412903847
62842.2262 lsst_hardware_i -49.035034598714454 60.119998931884766 31.309999465942383 AB 4.893108502060701 1.153989662842091
62844.1636 lsst_hardware_z -73.36256244646555 61.150001525878906 30.989999771118164 AB 5.705837502668515 1.0378181134069295
62844.1777 lsst_hardware_i 45.444955769811955 68.3499984741211 31.329999923706055 AB 6.412915360348961 1.056101998492974
62849.1114 lsst_hardware_z 1.6477661963512378 63.060001373291016 31.709999084472656 AB 7.497474693573125 1.016928478195107
62849.1255 lsst_hardware_r -43.64292234694361 39.959999084472656 31.610000610351562 AB 7.261426069425067 1.0198274034514332
62851.1072 lsst_hardware_u -0.49880732403510364 2.5799999237060547 28.420000076293945 AB 10.263850159871783 1.016970034067396
62851.1193 lsst_hardware_g 13.388919364597326 12.760000228881836 31.389999389648438 AB 10.296179333603382 1.019542389722128
62855.1001 lsst_hardware_z 25.260476528081806 40.41999816894531 30.959999084472656 AB 3.367451425881302 1.0173569262479685
62855.1125 lsst_hardware_r 24.121656390827937 21.59000015258789 31.5 AB 3.47250829454759 1.0213259689845853
62858.1015 lsst_hardware_u 0.15816641315267352 2.6500000953674316 28.469999313354492 AB 4.351754654680164 1.0200620357104733
62858.1149 lsst_hardware_r 32.44770770237515 21.459999084472656 31.479999542236328 AB 4.398529970668623 1.0280542177559011
62860.1028 lsst_hardware_i 17.324702205820056 29.56999969482422 31.25 AB 6.219395319665085 1.0234739490131077
62860.1147 lsst_hardware_z 56.35648028380468 40.58000183105469 30.950000762939453 AB 6.203146758973633 1.0325670843069419
62863.0964 lsst_hardware_r -16.68928282338354 21.489999771118164 31.489999771118164 AB 5.545079336940206 1.0245896779269457
62863.1103 lsst_hardware_u 2.3735047628070984 2.6500000953674316 28.459999084472656 AB 5.604033466762734 1.0363126672186527
62865.0852 lsst_hardware_y -16.16398649648042 46.779998779296875 30.049999237060547 AB 7.519463866647949 1.0213309307380434
62865.0979 lsst_hardware_g 5.988149927896406 17.09000015258789 31.510000228881836 AB 7.641095559555124 1.029774114627496
62868.0791 lsst_hardware_z 70.93713672475616 45.33000183105469 30.959999084472656 AB 7.227788219313831 1.022414402958389
62868.0916 lsst_hardware_r -24.185683051130074 41.93000030517578 31.610000610351562 AB 5.234973933702768 1.0314203396124062
62870.0898 lsst_hardware_z 42.762838606088415 49.720001220703125 30.969999313354492 AB 2.380263401321704 1.0348971310094366
62870.101 lsst_hardware_r 1.6548488980033291 56.11000061035156 31.6299991607666 AB 2.410349257887717 1.0479779382120509
62872.0798 lsst_hardware_i 40.54311321560264 56.880001068115234 31.329999923706055 AB 10.02611682032146 1.0306452323521265
62872.0936 lsst_hardware_z -21.052712860431004 54.4900016784668 30.979999542236328 AB 8.988298134719713 1.0454447239692992
62874.0736 lsst_hardware_r 36.220774186679655 80.13999938964844 31.65999984741211 AB 8.695596412715547 1.030009347355932
62874.0875 lsst_hardware_z -27.066920399958104 58.25 30.989999771118164 AB 5.954421784766366 1.0446354008362044
