data/validation/pwv_sim_epoch_fit_seasonal/62860507.ecsv
# %ECSV 0.9
# ---
# datatype:
# - {name: time, datatype: float64}
# - {name: band, datatype: string}
# - {name: flux, datatype: float64}
# - {name: fluxerr, datatype: float64}
# - {name: zp, datatype: float64}
# - {name: zpsys, datatype: string}
# - {name: pwv, datatype: float64}
# - {name: airmass, datatype: float64}
# meta: {SNID: '62860507', alt: 1024.0, c: -0.0038672504015266895, dec: -10.503271, lat: -30.244573, lon: -70.7499537, ra: 303.222656,
#   t0: 61643.6328125, x0: 4.695410680021902e-06, x1: -0.9814531803131104, z: 0.6296133995056152}
# schema: astropy-2.0
time band flux fluxerr zp zpsys pwv airmass
61528.4083 lsst_hardware_g -27.877290981282368 16.829999923706055 31.5 AB 11.874137456259948 1.0687952825208853
61528.4268 lsst_hardware_y 123.53075501979201 68.02999877929688 30.059999465942383 AB 11.8973253694058 1.063012579076502
61530.4072 lsst_hardware_z 11.800942506443983 42.400001525878906 30.950000762939453 AB 7.424453129468762 1.0662466496759753
61530.4253 lsst_hardware_y -121.74718984530466 58.58000183105469 30.049999237060547 AB 5.704218146593415 1.063475767251161
61533.4021 lsst_hardware_r -5.687397339544544 24.889999389648438 31.520000457763672 AB 11.261710789353385 1.0648868412229573
61533.4212 lsst_hardware_z -17.208790826611303 45.09000015258789 30.959999084472656 AB 11.285917752867135 1.0645836814401262
61535.3987 lsst_hardware_z 50.56564508279588 42.54999923706055 30.950000762939453 AB 8.341254047663313 1.0641843178885342
61535.4178 lsst_hardware_y 4.759928261649201 48.779998779296875 30.040000915527344 AB 8.09692446974128 1.0653847986501686
61539.2691 lsst_hardware_g -7.126661189865973 15.399999618530273 31.34000015258789 AB 10.046708435990496 1.4608082058873528
61539.3038 lsst_hardware_i -23.605107449282524 47.119998931884766 31.989999771118164 AB 8.334791634623562 1.2464171728164442
61539.334 lsst_hardware_y -17.17487017083982 48.59000015258789 30.020000457763672 AB 9.097267842962493 1.1397585545729385
61541.3907 lsst_hardware_z 60.71439444626224 59.7400016784668 31.709999084472656 AB 4.767900343005857 1.0629979956166447
61541.4174 lsst_hardware_r -50.528933903998876 35.529998779296875 32.27000045776367 AB 4.0074337809709535 1.0772188829275744
61543.3598 lsst_hardware_y 57.81265940912094 50.22999954223633 30.040000915527344 AB 7.546530039905929 1.0749787573760257
61543.3822 lsst_hardware_g 2.805464746287193 42.88999938964844 31.690000534057617 AB 8.31643034268839 1.0631196108771592
61547.3319 lsst_hardware_r -109.63931526861315 99.62999725341797 31.639999389648438 AB 4.628844875826121 1.0974027680953748
61547.3559 lsst_hardware_i -137.1987956559056 77.86000061035156 31.329999923706055 AB 4.537337267885947 1.069160099254409
61551.3484 lsst_hardware_z -46.09986358079457 63.65999984741211 30.979999542236328 AB 6.153286450296528 1.0670284736283628
61551.3721 lsst_hardware_r 23.68810888621646 79.37000274658203 31.649999618530273 AB 6.111620491389835 1.0646031426886442
61553.3643 lsst_hardware_z -5.059351127151635 47.939998626708984 30.959999084472656 AB 9.657002300153291 1.063888249729993
61553.386 lsst_hardware_r -54.422571715212044 44.2400016784668 31.610000610351562 AB 10.085852274553488 1.0787007780270872
61557.2816 lsst_hardware_z 25.625545224794404 43.22999954223633 30.940000534057617 AB 6.9865565997354535 1.1486324043955787
61557.3031 lsst_hardware_r -28.162366783243254 24.399999618530273 31.510000228881836 AB 7.483891967016559 1.0999792220395708
61560.3386 lsst_hardware_u -4.340982999009438 2.740000009536743 28.420000076293945 AB 12.849016004043493 1.0630002898898443
61560.3607 lsst_hardware_g -10.997176214062016 15.180000305175781 31.450000762939453 AB 12.888183552652235 1.072585182477716
61571.2713 lsst_hardware_i -30.613486574905732 47.439998626708984 31.299999237060547 AB 12.83609037433197 1.0896511353422724
61571.2928 lsst_hardware_z -28.17509993203413 49.16999816894531 30.959999084472656 AB 12.491018779953162 1.0676084427310395
61573.2735 lsst_hardware_r 8.94245310303531 85.8499984741211 31.649999618530273 AB 4.73691298689337 1.0796382876110118
61573.2968 lsst_hardware_z -33.12754798689952 61.779998779296875 30.989999771118164 AB 4.068220236001607 1.063702861575755
61579.27 lsst_hardware_y 65.9711018746809 83.91000366210938 30.799999237060547 AB 4.057733692494849 1.0681994627487317
61581.2304 lsst_hardware_z -16.3257503520907 52.400001525878906 30.959999084472656 AB 4.8816481466430535 1.1137263348362416
61581.2555 lsst_hardware_r -36.88404719250528 55.209999084472656 31.6299991607666 AB 4.7247251019521395 1.0755326040676279
61584.1214 lsst_hardware_r -59.93562981078428 25.780000686645508 31.3799991607666 AB 12.099512252721457 1.7167298882977093
61584.1479 lsst_hardware_u -0.23048642199112046 2.630000114440918 28.219999313354492 AB 8.970054335192737 1.4474833524596962
61586.2401 lsst_hardware_g 17.633752297179385 15.25 31.459999084472656 AB 3.575656176010564 1.0773293690902572
61586.2638 lsst_hardware_i 16.58358901689622 31.600000381469727 31.260000228881836 AB 3.7103816362902613 1.0632481525332682
61588.2844 lsst_hardware_z -3.2885822198311923 42.11000061035156 30.950000762939453 AB 8.874955645420929 1.0727182488421751
61588.3006 lsst_hardware_r 30.641226265376552 24.360000610351562 31.510000228881836 AB 8.492999917204658 1.0921716659320848
61590.2623 lsst_hardware_u 1.2326087257025833 2.680000066757202 28.3700008392334 AB 7.406795471043462 1.0636598651602587
61590.2834 lsst_hardware_g -15.464610887841987 15.1899995803833 31.440000534057617 AB 7.499945824218814 1.0769981438475889
61595.2394 lsst_hardware_r -24.375197651933824 24.290000915527344 31.510000228881836 AB 2.3210250230922216 1.0632272208393134
61595.2618 lsst_hardware_i -27.86549325550849 31.709999084472656 31.25 AB 2.2468445027815394 1.0699259537054948
61599.2294 lsst_hardware_r -77.69105159940011 45.41999816894531 31.610000610351562 AB 7.29303797741591 1.0631250695941559
61599.2523 lsst_hardware_z 29.692419617027138 47.34000015258789 30.959999084472656 AB 6.6841538853094535 1.0710068715445367
61606.2001 lsst_hardware_z -125.66119078909401 100.87999725341797 31.0 AB 3.6544956076876667 1.066072230947394
61606.2203 lsst_hardware_i 96.15251494093982 120.86000061035156 31.34000015258789 AB 3.141025696922033 1.0640931726911071
61609.1495 lsst_hardware_r 21.144928802811098 63.810001373291016 31.6200008392334 AB 6.516181953734908 1.1234796471956738
61609.1708 lsst_hardware_z 40.68422610668534 54.869998931884766 30.969999313354492 AB 5.83292508387162 1.0851112472902789
61610.1932 lsst_hardware_r -19.874712989249982 50.25 31.6299991607666 AB 5.868937145548651 1.064434522498395
61610.2193 lsst_hardware_y -6.804846822716783 49.79999923706055 30.049999237060547 AB 6.6663812727949665 1.068844199582326
61616.1783 lsst_hardware_g -4.357935203418339 16.01365574106116 31.479999542236328 AB 5.19891490159814 1.063988723785754
61616.1974 lsst_hardware_r -30.573393779577156 25.198007161805926 31.520000457763672 AB 5.188791950799231 1.0657339051705736
61618.1721 lsst_hardware_i -11.880291165711641 31.994348528764682 31.25 AB 4.915014827370666 1.0642015432219696
61618.1895 lsst_hardware_z 10.14198956952966 42.62424254315514 30.950000762939453 AB 4.853058349829269 1.0647341706514413
61625.1418 lsst_hardware_r 281.9312021017185 32.214586428617096 31.530000686645508 AB 4.109834167218281 1.0699906709758609
61625.1619 lsst_hardware_z 262.524000912279 45.21319190612126 30.950000762939453 AB 4.125980603761804 1.0630317598149617
61650.0807 lsst_hardware_u 0.07005256505320995 2.7255036890500466 28.389999389648438 AB 1.5602275748950543 1.0657292178244906
61650.1018 lsst_hardware_g 149.97725911352862 19.928808055647206 31.450000762939453 AB 3.1038108256405117 1.0646199773527552
61652.0607 lsst_hardware_g 146.36172337104534 19.28828249229346 31.459999084472656 AB 1.6621115459701796 1.0764971152656604
61652.0798 lsst_hardware_r 1035.760990583004 41.387261920391104 31.510000228881836 AB 1.610968748598804 1.0640480505936618
61654.0646 lsst_hardware_i 1142.829060820239 46.63619334144264 31.260000228881836 AB 0.6825758578128961 1.0686119104702876
61654.0831 lsst_hardware_r 1040.7339562192346 41.84666747907987 31.540000915527344 AB 0.6143550825190988 1.0630513324050737
61673.0259 lsst_hardware_g 64.57751856958367 17.09750530171882 31.450000762939453 AB 4.632654065840812 1.0633076161984956
61673.0461 lsst_hardware_r 212.76650808161114 28.379424680843616 31.510000228881836 AB 4.707040788372528 1.0680827747611819
61676.9969 lsst_hardware_y 244.53097030865905 50.804222324598626 30.040000915527344 AB 4.063312738298008 1.0723027986359395
61677.0154 lsst_hardware_i 258.0691615369764 36.19345662434162 31.25 AB 3.6318761281502447 1.0632474637180518
61682.9899 lsst_hardware_y 60.42185237769698 65.52732629034749 30.059999465942383 AB 3.460679315699833 1.0660544676780386
61683.0092 lsst_hardware_i 194.6490383807503 36.201768608816 31.260000228881836 AB 2.9516954095899557 1.063865708988872
61685.001 lsst_hardware_z 598.5360931852932 77.346421919753 31.719999313354492 AB 4.121746253185393 1.0633105821270545
61894.3211 lsst_hardware_u -0.857251876827372 2.799999952316284 28.360000610351562 AB 11.942239420039195 1.2998002144202003
61894.3458 lsst_hardware_y 72.12364314268653 49.25 30.0 AB 9.785783279902631 1.1898211597226969
61896.4184 lsst_hardware_r -21.50038794447274 25.860000610351562 31.530000686645508 AB 2.4813481845201757 1.063017322274896
61898.4113 lsst_hardware_z -132.5404967074865 65.12999725341797 31.700000762939453 AB 11.248572746114014 1.063058160230029
61900.3951 lsst_hardware_z -72.48949052103376 86.81999969482422 31.729999542236328 AB 8.354940091114887 1.0658624031869648
61900.4158 lsst_hardware_y 68.11598564286655 54.439998626708984 30.049999237060547 AB 8.312036817767575 1.0643948544788273
61909.3639 lsst_hardware_z -50.34784291343278 43.36000061035156 30.950000762939453 AB 8.893724962692191 1.0698145504440757
61909.3843 lsst_hardware_r 26.666324512427927 28.600000381469727 31.549999237060547 AB 10.157339811495977 1.0630670411571357
61911.3643 lsst_hardware_u 1.4011210102518585 2.9600000381469727 28.540000915527344 AB 7.4965265934385386 1.0662358554138018
61911.3866 lsst_hardware_g -7.968803368596957 16.40999984741211 31.5 AB 7.615659611030427 1.0646804992353456
61925.2768 lsst_hardware_i 2.5700577369646957 86.5199966430664 32.790000915527344 AB 13.063579120067665 1.1412977280827925
61925.3098 lsst_hardware_z -145.19189194312176 64.66999816894531 31.709999084472656 AB 13.019749351945537 1.0795364497280961
61927.342 lsst_hardware_r -37.96439333088095 69.33000183105469 31.639999389648438 AB 5.707174073226446 1.0643741277931327
61927.368 lsst_hardware_z -57.56997329090271 54.02000045776367 30.969999313354492 AB 5.926757447298549 1.0859839573611632
61943.2852 lsst_hardware_u -1.6857101090282112 2.7799999713897705 28.459999084472656 AB 2.736528513152952 1.0634522542127471
61943.307 lsst_hardware_g 14.974575009825871 15.149999618530273 31.450000762939453 AB 2.137240131002812 1.068620065501406
61948.2602 lsst_hardware_i -87.84002275644099 44.459999084472656 31.989999771118164 AB 7.65124279525028 1.0679629826339199
61948.2835 lsst_hardware_r 41.874066681505106 33.970001220703125 32.25 AB 7.612078311837029 1.0640310751798727
61952.2162 lsst_hardware_z -1.6119525646729602 44.279998779296875 30.940000534057617 AB 8.5708916156053 1.1107226871775158
61952.2357 lsst_hardware_g 2.583176563986365 15.109999656677246 31.43000030517578 AB 8.298619518581967 1.079986923292812
61957.2583 lsst_hardware_r 143.06541113509238 107.86000061035156 31.649999618530273 AB 4.701938541253482 1.0638672315981934
61957.2788 lsst_hardware_i -60.96830033056647 85.2300033569336 31.329999923706055 AB 4.781310452211517 1.07719520551471
61959.249 lsst_hardware_z 5.707068849360942 108.33999633789062 31.0 AB 1.682393980552865 1.0631801446435145
61959.268 lsst_hardware_r -183.9816333054592 161.0399932861328 31.65999984741211 AB 1.7230054240089472 1.072131972419395
61961.2553 lsst_hardware_z 3.015025249624524 125.31999969482422 31.75 AB 10.038572219018862 1.0670723674006461
61975.1988 lsst_hardware_g -29.162316404735744 15.680000305175781 31.459999084472656 AB 5.858089850395192 1.0633028528064845
61975.2182 lsst_hardware_r 1.8693345396838765 24.690000534057617 31.510000228881836 AB 6.668305279677544 1.0677260802217101
61977.1964 lsst_hardware_i -13.121955277805327 31.729999542236328 31.239999771118164 AB 11.37883497318211 1.0630451208129774
61977.2131 lsst_hardware_z -7.490617082020123 42.0099983215332 30.940000534057617 AB 10.864477072628462 1.0679455505987234
61980.1943 lsst_hardware_i -11.243639974231716 31.8799991607666 31.25 AB 4.433595735632859 1.0635949947541943
61980.213 lsst_hardware_z -25.174142004445873 42.439998626708984 30.950000762939453 AB 4.41876391373602 1.074210262242864
61984.1853 lsst_hardware_i -24.807592723501283 59.529998779296875 31.31999969482422 AB 1.9357967070038817 1.0640630518090155
61984.2036 lsst_hardware_r -59.003519682829975 70.36000061035156 31.639999389648438 AB 2.0392200547012966 1.0756798389562425
61989.1651 lsst_hardware_r -20.082738491028415 143.22000122070312 31.65999984741211 AB 2.8447211759899123 1.0630497668123737
61989.1837 lsst_hardware_i -85.8261219702018 113.05999755859375 31.34000015258789 AB 3.0178045081415674 1.070238321887248
61991.1208 lsst_hardware_i -61.94109017969487 68.16999816894531 31.31999969482422 AB 4.234341376159041 1.0912313485505647
61991.1392 lsst_hardware_z 47.583349470898995 62.31999969482422 30.979999542236328 AB 4.683716837736776 1.0704415124526971
61993.1201 lsst_hardware_i 84.61089331062267 42.25 31.290000915527344 AB 8.112855798867658 1.084509731601594
61993.138 lsst_hardware_z -39.59020365413395 48.56999969482422 30.959999084472656 AB 8.76127794552761 1.0675697377801945
61996.1316 lsst_hardware_g 22.122345513283058 21.950000762939453 32.22999954223633 AB 3.250384912940105 1.0665742126136522
61996.1517 lsst_hardware_r -32.59723365619805 34.61000061035156 32.27000045776367 AB 3.1105014597304526 1.0638436275655654
62000.1267 lsst_hardware_i 15.707354707364555 31.639999389648438 31.260000228881836 AB 2.89994608724903 1.0641353142617687
62000.1458 lsst_hardware_r -28.182281576413065 24.309999465942383 31.520000457763672 AB 2.8822855164551444 1.0655727594029925
62012.0919 lsst_hardware_i -105.66248118845267 53.06999969482422 31.31999969482422 AB 3.3168652613035707 1.0648042572403116
62012.1107 lsst_hardware_z -18.08599367500245 53.599998474121094 30.969999313354492 AB 3.345128862565581 1.064649542509733
62019.0655 lsst_hardware_z -42.98670452571864 93.86000061035156 31.739999771118164 AB 0.7154542585889191 1.0685066711960667
62029.0255 lsst_hardware_r -17.865590681646076 24.15999984741211 31.510000228881836 AB 2.714453402023834 1.0799496327924543
62029.0441 lsst_hardware_g 1.0833615046166725 15.09000015258789 31.459999084472656 AB 2.7858871124388336 1.0653488001677296
62032.0313 lsst_hardware_r 5.856308142725723 24.25 31.520000457763672 AB 6.299413515575496 1.067697206029745
62032.0507 lsst_hardware_i -67.61320083177644 31.600000381469727 31.260000228881836 AB 5.883673548408268 1.0633144967002894
62034.022 lsst_hardware_z 84.76604340934311 42.16999816894531 30.950000762939453 AB 4.174110126187429 1.0702846477403665
62034.0417 lsst_hardware_i -7.206931100796263 31.59000015258789 31.25 AB 4.171905112867932 1.0630411804988715
62036.0265 lsst_hardware_u 3.098312542524375 2.869999885559082 28.459999084472656 AB 1.5971339342926076 1.0647559561950717
62036.0457 lsst_hardware_g -7.933921126601472 15.779999732971191 31.459999084472656 AB 1.459543351828388 1.064841939563352
62038.0222 lsst_hardware_r 19.210428739097576 28.299999237060547 31.540000915527344 AB 4.675029344765134 1.0643612380886953
62038.0425 lsst_hardware_i -23.647602317546536 33.59000015258789 31.260000228881836 AB 4.690853957764046 1.0657802085194497
62040.0311 lsst_hardware_z 109.34020149416995 70.30999755859375 31.719999313354492 AB 3.30015142067364 1.0637357180714948
62046.9982 lsst_hardware_y -16.127707089161387 57.06999969482422 30.049999237060547 AB 2.3263067753254267 1.0641842522073726
62047.0169 lsst_hardware_i -40.699180067333444 72.0199966430664 31.329999923706055 AB 2.567445483889705 1.0653300763028737
62048.9902 lsst_hardware_y 44.93827351059895 64.55000305175781 30.059999465942383 AB 3.534397359187002 1.065058719055966
62049.0095 lsst_hardware_g 13.418256510337626 46.0 31.700000762939453 AB 3.6444466890984133 1.0645900747123243
62052.9919 lsst_hardware_z 12.832338094379278 57.959999084472656 30.979999542236328 AB 3.3435873233617808 1.0631438230081305
62053.0104 lsst_hardware_u 2.5609420046511207 2.9200000762939453 28.489999771118164 AB 2.571279824376055 1.071366593490023
