data/validation/pwv_sim_epoch_fit_seasonal/62958074.ecsv
# %ECSV 0.9
# ---
# datatype:
# - {name: time, datatype: float64}
# - {name: band, datatype: string}
# - {name: flux, datatype: float64}
# - {name: fluxerr, datatype: float64}
# - {name: zp, datatype: float64}
# - {name: zpsys, datatype: string}
# - {name: pwv, datatype: float64}
# - {name: airmass, datatype: float64}
# meta: {SNID: '62958074', alt: 1024.0, c: 0.05515356361865997, dec: -34.772018, lat: -30.244573, lon: -70.7499537, ra: 330.117188, t0: 61331.0859375,
#   x0: 3.6124233660630055e-06, x1: -0.4388975203037262, z: 0.7010346055030823}
# schema: astropy-2.0
time band flux fluxerr zp zpsys pwv airmass
61168.3598 lsst_hardware_i 10.154560751850116 57.16999816894531 31.270000457763672 AB 13.314919498137701 1.2752329239840088
61168.3796 lsst_hardware_z 23.975647241557162 56.869998931884766 30.950000762939453 AB 12.536553332576057 1.185657855258529
61170.355 lsst_hardware_g -3.0841650570842947 37.970001220703125 31.600000381469727 AB 8.651337820130262 1.271819153250816
61170.3756 lsst_hardware_r 34.496094776065 42.939998626708984 31.59000015258789 AB 9.262495837837571 1.1800109354529043
61175.3009 lsst_hardware_g 17.530812064411673 25.65999984741211 32.459999084472656 AB 11.3357026981729 1.555748574706882
61175.32 lsst_hardware_r 12.213803864634476 35.45000076293945 32.18000030517578 AB 10.09130625997374 1.4005328821207077
61177.3776 lsst_hardware_r 1.3407577670580704 23.850000381469727 31.489999771118164 AB 8.086948861993543 1.1106920563100595
61177.3981 lsst_hardware_i 24.983802264062206 31.100000381469727 31.239999771118164 AB 7.729772261213116 1.0623291202491827
61178.3533 lsst_hardware_z -43.089206000991084 42.959999084472656 30.93000030517578 AB 8.27784968914516 1.1817761735737544
61178.3738 lsst_hardware_r -7.605816904371131 23.709999084472656 31.5 AB 7.806252873358078 1.1136940564996225
61182.3579 lsst_hardware_u 1.5358690266615518 2.700000047683716 28.3799991607666 AB 4.775535530961663 1.1283457976596822
61182.379 lsst_hardware_g 11.463563582481665 14.720000267028809 31.43000030517578 AB 4.432057664048147 1.073570689716951
61187.3543 lsst_hardware_r 26.746404981284535 23.68000030517578 31.489999771118164 AB 4.089467435764134 1.0999105529219146
61187.3747 lsst_hardware_u -3.7537911820084413 2.7200000286102295 28.43000030517578 AB 3.8245592072509043 1.0549538085467105
61194.3212 lsst_hardware_z -147.48885947279607 63.939998626708984 30.969999313354492 AB 10.811814099140783 1.140757468717869
61194.3358 lsst_hardware_r -89.53542672186104 88.75 31.639999389648438 AB 11.63758514636752 1.0983257576261782
61220.2758 lsst_hardware_z -40.97616125018968 67.97000122070312 30.979999542236328 AB 2.9681407915039806 1.0724020563649104
61220.2887 lsst_hardware_r 82.61852687938287 99.5999984741211 31.65999984741211 AB 2.744440083042984 1.0477961565497695
61222.2602 lsst_hardware_r 51.80122765647554 113.55000305175781 31.649999618530273 AB 8.94946280083727 1.0961657780799334
61222.2807 lsst_hardware_i -27.928094130540643 95.20999908447266 31.34000015258789 AB 8.57027104588748 1.0521694687208667
61223.2758 lsst_hardware_z 40.136609301274945 110.54000091552734 31.739999771118164 AB 8.746584947830414 1.0560851172104941
61225.2648 lsst_hardware_z 147.93381185804643 67.81999969482422 30.989999771118164 AB 7.426878956132908 1.0668503851372417
61225.2847 lsst_hardware_r -82.22016668432249 88.02999877929688 31.65999984741211 AB 7.140799527072123 1.0331765213155064
61231.264 lsst_hardware_i 7.447636054184473 30.639999389648438 31.25 AB 9.888151905289655 1.039335559868227
61231.2836 lsst_hardware_z -59.84208022899833 40.869998931884766 30.950000762939453 AB 9.837119205139647 1.016152592014012
61233.1658 lsst_hardware_u -5.0121112443191285 2.5399999618530273 28.190000534057617 AB 7.298572802708313 1.3723421126997768
61233.1863 lsst_hardware_g -17.310583608973133 14.300000190734863 31.350000381469727 AB 7.315660293739559 1.2552608602847564
61235.1646 lsst_hardware_r -4.713616121100514 24.31999969482422 31.440000534057617 AB 10.10455789556314 1.3450774262788208
61235.1832 lsst_hardware_z -25.62405418997051 44.40999984741211 30.93000030517578 AB 9.04371895444713 1.2438637843087013
61237.1654 lsst_hardware_r 24.674110787630585 24.059999465942383 31.450000762939453 AB 3.724385410074203 1.3079492221507298
61237.1855 lsst_hardware_u 1.6853962424498612 2.5799999237060547 28.270000457763672 AB 3.7270387316463935 1.208998047732185
61238.1643 lsst_hardware_g -6.476737942126381 14.289999961853027 31.31999969482422 AB 2.078110183746817 1.2988188648417605
61238.183 lsst_hardware_r 16.388450593728585 23.719999313354492 31.450000762939453 AB 2.642146185488543 1.2080223358173632
61242.1671 lsst_hardware_i -17.741184662610948 34.7400016784668 31.229999542236328 AB 7.666718108060885 1.2298725659612408
61242.1857 lsst_hardware_z -37.50587432506771 43.93000030517578 30.940000534057617 AB 7.200099150376641 1.1557141493381446
61244.159 lsst_hardware_r -38.671101237343464 40.7599983215332 31.559999465942383 AB 7.204209720843836 1.24210512428342
61244.1775 lsst_hardware_z 70.34290332205632 46.349998474121094 30.940000534057617 AB 6.287410721800905 1.1654144062652279
61246.1603 lsst_hardware_z 56.0593964386738 52.81999969482422 30.950000762939453 AB 6.859920757732412 1.211679017527716
61246.1788 lsst_hardware_i 8.277140521197113 50.189998626708984 31.290000915527344 AB 6.705707095163097 1.1421746031618287
61248.1636 lsst_hardware_z 64.01242929047156 65.83999633789062 30.959999084472656 AB 3.6591474623941016 1.176417134594219
61248.1822 lsst_hardware_r -61.051391246595365 91.27999877929688 31.6299991607666 AB 3.6482289014534097 1.1150979831238135
61249.1671 lsst_hardware_y 213.6683264756775 84.37000274658203 30.770000457763672 AB 3.7315759479542243 1.1539469495026593
61251.157 lsst_hardware_r -159.24568040722562 147.94000244140625 31.6299991607666 AB 6.47628403273725 1.1704832880421563
61251.1763 lsst_hardware_i 42.82358266842259 115.52999877929688 31.329999923706055 AB 5.39817704907642 1.1086829018435858
61256.1596 lsst_hardware_u 0.7715805390006619 5.139999866485596 28.84000015258789 AB 1.5283369335249206 1.1172734207919006
61256.1791 lsst_hardware_r -27.69290334297908 41.209999084472656 31.600000381469727 AB 1.3003204820602439 1.0690494508579698
61260.1616 lsst_hardware_r -18.905041675510155 23.68000030517578 31.5 AB 4.192062517025546 1.0835936197722418
61260.1798 lsst_hardware_u 0.9684667927859394 2.7300000190734863 28.43000030517578 AB 3.43351949787899 1.0472836656638678
61261.1584 lsst_hardware_g -1.9284200730177488 14.630000114440918 31.440000534057617 AB 4.733345632713021 1.084696793517736
61261.1775 lsst_hardware_r 15.884460773305708 23.420000076293945 31.510000228881836 AB 3.9759175983202746 1.0465695178521386
61263.1582 lsst_hardware_i -7.519797202839066 31.219999313354492 31.25 AB 8.813006585209951 1.0728380033935179
61263.1784 lsst_hardware_z -12.125814848788963 41.279998779296875 30.950000762939453 AB 7.611683137038851 1.0367433304707696
61268.1622 lsst_hardware_r 7.94730828163458 23.479999542236328 31.510000228881836 AB 5.602321831395382 1.0405179070846327
61268.1802 lsst_hardware_i -42.692194873511035 30.860000610351562 31.270000457763672 AB 4.963606761552671 1.0183324124845199
61270.0861 lsst_hardware_z -91.4805695244895 44.869998931884766 30.940000534057617 AB 3.2567380924912213 1.2512681173724796
61274.0863 lsst_hardware_z -50.762573837731786 49.939998626708984 30.950000762939453 AB 3.330210881094163 1.2013747767294962
61274.1049 lsst_hardware_r -59.61161529499745 47.400001525878906 31.600000381469727 AB 3.140929020287406 1.1340117412356372
61278.0845 lsst_hardware_r -50.55575904827016 124.36000061035156 31.6299991607666 AB 2.1882573051557075 1.1660340880048174
61278.1037 lsst_hardware_z -41.2254499808842 85.37000274658203 30.989999771118164 AB 2.079242848242005 1.1056371772457154
61280.0847 lsst_hardware_z 68.74929165603068 90.58999633789062 30.989999771118164 AB 4.016678974548689 1.1463670193260778
61280.1036 lsst_hardware_i 41.97854798797467 106.0999984741211 31.34000015258789 AB 3.8227212094021947 1.0917641552901525
61281.0824 lsst_hardware_z 43.69500207922059 78.13999938964844 30.989999771118164 AB 6.411656065207714 1.144938583072806
61281.1002 lsst_hardware_r -76.81438862691495 113.4800033569336 31.649999618530273 AB 5.458136687976996 1.0934314995697119
61296.0637 lsst_hardware_g -2.184302227238526 14.460000038146973 31.43000030517578 AB 2.641467979387942 1.082679774316197
61296.0819 lsst_hardware_r -3.526279746314812 23.270000457763672 31.510000228881836 AB 2.5977438046221724 1.0466332814754924
61299.0861 lsst_hardware_u -3.4451270942159224 3.149070988666287 28.6299991607666 AB 3.703343768718805 1.0287066024218903
61299.1026 lsst_hardware_r -9.966725918372958 23.815925671624605 31.530000686645508 AB 3.6445867594197146 1.0123852109499207
61302.9944 lsst_hardware_y -44.913096163430815 52.5953704769321 29.979999542236328 AB 7.791359859522095 1.2591079281709914
61303.0119 lsst_hardware_i 25.67190399564804 44.32036818567043 31.280000686645508 AB 7.426188190674493 1.1822630318415417
61304.9948 lsst_hardware_y -7.178155613381648 57.489519361588435 30.0 AB 2.5188117702743487 1.2311910893402396
61305.0124 lsst_hardware_z -80.93572425394785 65.61923410904339 30.969999313354492 AB 2.9901098741649816 1.1602314715767528
61306.9946 lsst_hardware_y 170.83979471846442 61.39825340522505 30.010000228881836 AB 3.050541156597346 1.2080553718952924
61307.0116 lsst_hardware_i 168.57349191488785 84.85133925429325 31.31999969482422 AB 3.221987138807262 1.1443070221879705
61309.0019 lsst_hardware_z 302.480175737147 108.6782626774534 31.729999542236328 AB 3.8937660476217757 1.1587439879838635
61310.9976 lsst_hardware_y 96.81978560558794 50.934733306949894 30.010000228881836 AB 4.943649726124034 1.1546986280264795
61311.0183 lsst_hardware_r 289.0529177068496 57.9070982753553 31.6200008392334 AB 5.147540249000356 1.0933989979114063
61312.997 lsst_hardware_y 88.86986231858758 50.31255357563733 30.020000457763672 AB 9.711428422369378 1.1385027458806514
61313.0166 lsst_hardware_z 273.0791667274274 45.0888277144294 30.950000762939453 AB 3.622376384079244 1.0842733002979346
61314.9971 lsst_hardware_y 137.3881305622948 50.71275860720819 30.030000686645508 AB 7.972821900338918 1.1213795776277868
61315.0175 lsst_hardware_u -0.752580488783724 3.5554967335280736 28.440000534057617 AB 5.350209661445889 1.0701132731740561
61318.9988 lsst_hardware_y 158.6460827097249 51.806923268171055 30.040000915527344 AB 3.6095278108802287 1.0876439767618884
61319.0189 lsst_hardware_r 725.1466560955254 35.59935816550574 31.510000228881836 AB 3.587942760993861 1.0469631634064374
61320.9982 lsst_hardware_z 608.6081200579412 51.1127325617786 30.959999084472656 AB 4.796491508238104 1.076411918365922
61321.0172 lsst_hardware_g 134.110115058414 19.11497422837336 31.440000534057617 AB 4.777480006091759 1.0409587114264647
61322.9999 lsst_hardware_y 352.8680333049171 51.99973072747114 30.049999237060547 AB 3.263555435966758 1.0615202133629982
61323.0207 lsst_hardware_i 1145.7518485937305 44.761067815700365 31.270000457763672 AB 2.468503976327495 1.0285433234697896
61324.999 lsst_hardware_y 337.58392787134517 54.135511383231474 30.049999237060547 AB 5.642329754206804 1.0530172638842503
61325.0182 lsst_hardware_r 1063.5192240881606 38.6701327509074 31.510000228881836 AB 6.271001843501616 1.0250084739296528
61534.3641 lsst_hardware_i 11.13414141548113 33.0099983215332 31.239999771118164 AB 9.674894788278822 1.243799548534938
61534.381 lsst_hardware_u -1.2549428697161786 2.8299999237060547 28.459999084472656 AB 8.983005813659853 1.1725885974536956
61536.3624 lsst_hardware_g -2.1975903698116808 14.960000038146973 31.389999389648438 AB 8.381687221184267 1.2264238535588055
61536.3824 lsst_hardware_r -19.208251420066127 24.260000228881836 31.5 AB 8.727294197293487 1.1483281838544062
61540.3598 lsst_hardware_i -76.36968292861091 32.560001373291016 31.229999542236328 AB 9.09984532928472 1.1911571868950481
61540.3783 lsst_hardware_r -8.579747693399316 24.139999389648438 31.489999771118164 AB 8.566987649712846 1.126555824848547
61544.3425 lsst_hardware_r -70.83650796021728 76.44000244140625 31.610000610351562 AB 9.867573440746686 1.2178180155602496
61544.3606 lsst_hardware_i 73.51901834063592 59.83000183105469 31.309999465942383 AB 9.51852026013973 1.1481930349987615
61546.3357 lsst_hardware_i -57.65460913538353 98.48999786376953 32.04999923706055 AB 8.600415507943714 1.223735843475201
61546.3484 lsst_hardware_z -40.813652987103616 62.63999938964844 30.969999313354492 AB 8.256107014696555 1.171993330214555
61552.3586 lsst_hardware_z -25.88980328941466 54.54999923706055 30.969999313354492 AB 3.942110348051634 1.0907886961956785
61552.3791 lsst_hardware_r 56.95071588895382 58.279998779296875 31.639999389648438 AB 5.216586811439679 1.048454790762673
61554.3446 lsst_hardware_r 16.763561700841944 34.95000076293945 31.56999969482422 AB 9.477309867231563 1.1133294672277192
61554.3645 lsst_hardware_i 28.450795376908975 36.970001220703125 31.280000686645508 AB 9.081045131915664 1.0653918656191321
61558.3515 lsst_hardware_r -6.295465903741142 23.459999084472656 31.5 AB 9.340716947470943 1.069670223400141
61558.3654 lsst_hardware_u -0.5951145660032608 2.7300000190734863 28.450000762939453 AB 9.12146805584568 1.0440444169224357
61559.3501 lsst_hardware_g -2.6526522266061443 14.510000228881836 31.440000534057617 AB 11.290099193808658 1.066915440730359
61559.3712 lsst_hardware_i 9.117865202789705 30.700000762939453 31.260000228881836 AB 10.914717884655918 1.03161247462545
61561.3418 lsst_hardware_r -20.959211059186412 23.479999542236328 31.5 AB 5.607129104921992 1.0728780875239932
61561.3603 lsst_hardware_z 18.79770882204391 41.2599983215332 30.950000762939453 AB 5.368222088918569 1.0392621612812714
61572.244 lsst_hardware_r 23.16085139971491 65.44999694824219 31.579999923706055 AB 9.893064984343196 1.3313235075149337
61572.2625 lsst_hardware_i -48.51294563610368 53.5 31.280000686645508 AB 8.14302475710663 1.233791629864641
61574.2781 lsst_hardware_r 37.32285500072879 93.08999633789062 31.6299991607666 AB 5.810684167230929 1.1502129591034798
61574.2979 lsst_hardware_z 12.714027869045951 63.77000045776367 30.979999542236328 AB 5.077876062186516 1.0923687344705488
61576.2472 lsst_hardware_z -41.360080563893455 73.0 30.959999084472656 AB 4.140181894178916 1.254600573993611
61576.2674 lsst_hardware_r 129.73973458448583 106.52999877929688 31.6299991607666 AB 4.102139032961272 1.168672832922675
61580.2625 lsst_hardware_z -39.0761364965405 87.19999694824219 31.719999313354492 AB 4.36082281093261 1.1475849502454236
61585.248 lsst_hardware_z -4.079005538572369 42.650001525878906 30.940000534057617 AB 3.1326691688313817 1.1504477300151095
61585.2672 lsst_hardware_u -4.741693925836586 2.700000047683716 28.420000076293945 AB 3.0288547955790763 1.0940418261074831
61587.2683 lsst_hardware_r 0.2597606029472203 23.219999313354492 31.5 AB 8.826170110343062 1.0784226094990097
61587.2874 lsst_hardware_i 31.185093361880245 30.760000228881836 31.260000228881836 AB 8.498385119994824 1.0421925095035145
61589.2665 lsst_hardware_z 30.930674039525027 41.7599983215332 30.940000534057617 AB 6.90034811138655 1.0704437636434438
61589.2859 lsst_hardware_r 18.176550098885684 22.969999313354492 31.5 AB 6.666625555443637 1.0362764629765355
61591.2634 lsst_hardware_u 0.17254468218187125 2.690000057220459 28.420000076293945 AB 4.270709148398497 1.0655683497406936
61591.2832 lsst_hardware_g 0.9149982848388872 14.130000114440918 31.43000030517578 AB 4.102302813768588 1.0324587618544432
61593.2327 lsst_hardware_g 25.182525625836544 14.170000076293945 31.399999618530273 AB 2.0327821113512536 1.129323395195141
61593.2523 lsst_hardware_r 2.4280223787746897 23.15999984741211 31.5 AB 1.7020203864754577 1.0775690955843353
61598.1598 lsst_hardware_r 19.13788324228177 40.66999816894531 31.520000457763672 AB 7.634386537746282 1.4188551364910698
61598.1782 lsst_hardware_i -27.662443041556664 40.20000076293945 31.239999771118164 AB 7.603748228327521 1.3013431847214652
61600.164 lsst_hardware_z -44.88681633175698 53.689998626708984 30.93000030517578 AB 10.172238635003408 1.3532461627666585
61600.1843 lsst_hardware_r -137.33570462235647 54.849998474121094 31.579999923706055 AB 9.029028500062875 1.2419856255388078
61605.1572 lsst_hardware_z -5.751341402385196 96.19000244140625 30.959999084472656 AB 3.6699208649868553 1.3120136560758584
61605.1762 lsst_hardware_r 94.59483958741863 140.24000549316406 31.610000610351562 AB 3.8693130082916887 1.2167969836604802
