data/validation/pwv_sim_epoch_fit_seasonal/63068201.ecsv
# %ECSV 0.9
# ---
# datatype:
# - {name: time, datatype: float64}
# - {name: band, datatype: string}
# - {name: flux, datatype: float64}
# - {name: fluxerr, datatype: float64}
# - {name: zp, datatype: float64}
# - {name: zpsys, datatype: string}
# - {name: pwv, datatype: float64}
# - {name: airmass, datatype: float64}
# meta: {SNID: '63068201', alt: 1024.0, c: 0.003212116891518235, dec: -33.331287, lat: -30.244573, lon: -70.7499537, ra: 35.859375, t0: 62342.33203125,
#   x0: 3.1859548889993963e-06, x1: 0.5938910245895386, z: 0.7375547885894775}
# schema: astropy-2.0
time band flux fluxerr zp zpsys pwv airmass
62327.3503 lsst_hardware_i 621.8820385592638 41.572959924266236 31.209999084472656 AB 11.102626446727674 1.3923971088543878
62327.3693 lsst_hardware_r 535.1597942258328 32.81413333211942 31.459999084472656 AB 10.193144010542364 1.2766564186419969
62330.4047 lsst_hardware_r 635.2312275826328 34.863985051150934 31.489999771118164 AB 6.756378766052094 1.1063335133538905
62330.4261 lsst_hardware_i 768.7475334060824 42.21924914193555 31.25 AB 6.767658063460513 1.056758578549479
62332.3732 lsst_hardware_i 917.6402318231278 43.728998090931626 31.229999542236328 AB 4.401415955566875 1.1947383158433427
62332.3932 lsst_hardware_z 650.3701364899508 48.49695686527752 30.940000534057617 AB 5.348290532498037 1.1238265460176586
62334.3572 lsst_hardware_z 666.8406668903358 50.0755448547964 30.93000030517578 AB 1.0177552839149728 1.241417300973742
62334.3778 lsst_hardware_i 1013.7505196272771 44.25292535922226 31.229999542236328 AB 2.6597675556207436 1.1564206763568452
62343.3657 lsst_hardware_z 626.5808883150812 65.09771235157247 30.969999313354492 AB 7.989687102582896 1.1162938388482064
62343.3853 lsst_hardware_r 909.0040606880002 85.83387261529145 31.639999389648438 AB 7.114489512731669 1.0673735594520648
62345.37 lsst_hardware_i 1184.299240708521 65.80699805899911 31.309999465942383 AB 3.38023811989869 1.089930606158219
62345.3895 lsst_hardware_r 818.9688639820693 73.77718007666358 31.649999618530273 AB 3.6957260889965617 1.0488296534849764
62347.377 lsst_hardware_z 1576.1784530282796 81.7682189761257 31.729999542236328 AB 4.971945051120042 1.0620032149063814
62348.372 lsst_hardware_r 815.0275794145424 57.02785868494612 31.6299991607666 AB 4.209675301624439 1.0666407014251114
62348.3926 lsst_hardware_i 1118.2984438964932 55.7746084809875 31.309999465942383 AB 4.649592258643472 1.0313328484976279
62351.3708 lsst_hardware_z 591.5674421604489 49.558451370915776 30.950000762939453 AB 2.332069735212789 1.0529719991930417
62351.3897 lsst_hardware_r 644.0602135236576 38.10444064758241 31.559999465942383 AB 2.858620453427604 1.0245951445977075
62352.3716 lsst_hardware_z 729.7142564293387 48.54710525402568 30.950000762939453 AB 1.9745079468041251 1.046743919493263
62352.3925 lsst_hardware_g 62.9735103822955 19.826450976744756 31.520000457763672 AB 2.136828542716969 1.0185074083493655
62354.3738 lsst_hardware_r 518.6767080383567 31.494109898615637 31.479999542236328 AB 2.6999279842626493 1.0347194625431717
62354.3938 lsst_hardware_z 550.4645820248144 47.31521788333195 30.950000762939453 AB 2.926719715404716 1.0123554878605037
62356.3687 lsst_hardware_r 418.33962621681843 30.87432684567264 31.5 AB 2.562238132089157 1.0342030805607092
62356.3871 lsst_hardware_u 1.08458422140647 2.6970272109575735 28.489999771118164 AB 1.4187308183587473 1.0133791559705339
62358.3147 lsst_hardware_g 26.53522401453516 14.758696484917234 31.3799991607666 AB 5.521989293081401 1.1480227220544443
62358.3316 lsst_hardware_r 424.9992220428793 30.166990787189615 31.479999542236328 AB 5.300231679541763 1.0973564553917634
62362.341 lsst_hardware_z 421.00027786063396 46.21563731217795 30.940000534057617 AB 3.6839305225957113 1.052551577884489
62362.3595 lsst_hardware_r 344.00457733701944 28.450499357266132 31.489999771118164 AB 3.586788737527116 1.0247967821506045
62364.2638 lsst_hardware_i 475.01389842471866 39.85581371838361 31.209999084472656 AB 5.882174618602359 1.3011741524706588
62364.2831 lsst_hardware_z 423.86061084634184 48.3513608433268 30.940000534057617 AB 5.48674609911694 1.2061875423992099
62367.2612 lsst_hardware_y 295.02506462134903 52.75278641584767 29.969999313354492 AB 3.122866955688763 1.2708788099252264
62367.2797 lsst_hardware_r 175.14972313954212 44.13503605974211 31.579999923706055 AB 2.859951872203216 1.1864558689911704
62369.2586 lsst_hardware_i 470.3070895711639 56.30389616120065 31.270000457763672 AB 1.2628981680479132 1.2563025795055094
62369.2747 lsst_hardware_z 359.66569553619456 55.840328097025804 30.950000762939453 AB 1.1958863884698963 1.1846323808521684
62371.2684 lsst_hardware_r 236.52595311300522 88.59658224799952 31.6200008392334 AB 2.2831799045433323 1.187970292438971
62371.2864 lsst_hardware_z 308.43739071730874 63.70902865926004 30.969999313354492 AB 2.167911525609888 1.1248243820182748
62376.2468 lsst_hardware_i 168.3977425038093 59.6531725985607 31.280000686645508 AB 4.849854143452474 1.2216770166973778
62376.2665 lsst_hardware_z 273.2567765471157 57.809267559672655 30.959999084472656 AB 4.153861989277151 1.1448402359055079
62378.225 lsst_hardware_z 194.05296460944407 54.290867171155156 30.93000030517578 AB 3.652474237225262 1.3044550847233078
62378.244 lsst_hardware_r 108.47782595873416 49.14143038067813 31.579999923706055 AB 3.3670177942340125 1.2099605764923682
62380.2609 lsst_hardware_r 22.851237795427487 29.339679422831203 31.530000686645508 AB 1.8166931101835426 1.1276803911753834
62380.2787 lsst_hardware_i 210.79280114876389 36.857219040389275 31.260000228881836 AB 1.7516474661045365 1.0797087319321161
62382.274 lsst_hardware_z 240.37449842226397 43.86276419549513 30.950000762939453 AB 1.3693664849490408 1.0779583980177865
62382.2927 lsst_hardware_u -0.42952122805933673 2.6449846425043915 28.40999984741211 AB 1.6400408528684565 1.0417918709661467
62387.2712 lsst_hardware_i 123.68596407010521 32.38696349637453 31.239999771118164 AB 2.9759942452263206 1.05541067301226
62387.2916 lsst_hardware_z 142.25892348218463 42.4099719285134 30.940000534057617 AB 2.876625790579404 1.0243785829115333
62390.2654 lsst_hardware_g 6.945406912351572 13.66040160732626 31.399999618530273 AB 2.909607436461802 1.0510321865605547
62390.284 lsst_hardware_r 22.90024430867348 23.147706669965583 31.5 AB 2.8289566146277574 1.0236861279637262
62393.2651 lsst_hardware_i 129.5926578154461 31.942320835757425 31.25 AB 2.100930209243725 1.0380089966619195
62393.2841 lsst_hardware_r 55.24944767212064 22.96671674121989 31.5 AB 2.1039998259549346 1.0151173171220333
62395.2698 lsst_hardware_z 72.65699037041065 43.69371012357838 30.959999084472656 AB 4.1143929071091305 1.024330184342522
62395.2884 lsst_hardware_g 23.91432674795736 13.822114309991491 31.420000076293945 AB 4.044671462063978 1.007724805762971
62399.2287 lsst_hardware_r 45.29892668644836 72.76058715697974 31.639999389648438 AB 6.2793116171684655 1.0754394343336509
62399.244 lsst_hardware_i 252.81647485032903 59.65927829974284 31.31999969482422 AB 6.1001896680793175 1.045537692703665
62401.2517 lsst_hardware_i 169.91688192165142 75.27664634594423 31.34000015258789 AB 1.6946000989029122 1.0264082973367123
62401.2685 lsst_hardware_z 201.05145794305105 66.0194782455247 30.989999771118164 AB 1.588825189218743 1.0100605144433377
62411.2133 lsst_hardware_z 117.39821047281431 41.91948245343255 30.950000762939453 AB 3.5321202573093284 1.0421539447692936
62411.2351 lsst_hardware_i 64.10046887666637 31.11506564340697 31.25 AB 3.3941222450687447 1.0149887096497443
62413.1453 lsst_hardware_u -1.4246169615890707 2.582926753158441 28.280000686645508 AB 2.234666492589382 1.223860066225758
62413.1644 lsst_hardware_g 13.620514176166262 13.67942658013001 31.3700008392334 AB 2.073830236872232 1.148512222746298
62414.2091 lsst_hardware_r 18.051527600768022 22.887029823832957 31.489999771118164 AB 7.00953548634383 1.0360195324069408
62414.2308 lsst_hardware_i 73.31024878488702 30.997369524113147 31.25 AB 6.859849578199019 1.0117150487110633
62416.1866 lsst_hardware_i 33.59961646794402 31.65952900994896 31.25 AB 4.862422541966585 1.0661258999379801
62416.2054 lsst_hardware_z 71.30095118059405 41.785110441694385 30.950000762939453 AB 4.667041690888699 1.0334840430093601
62418.1122 lsst_hardware_z 115.58699301765172 45.478683015243064 30.920000076293945 AB 7.8603336352393764 1.3254455008553836
62418.1323 lsst_hardware_r 23.559218904613186 23.75827834559222 31.469999313354492 AB 4.2986889805599535 1.2209294145969098
62420.1128 lsst_hardware_z 107.91182595371934 45.27543144812946 30.920000076293945 AB 5.42079402042648 1.2906652429586856
62420.1331 lsst_hardware_r 27.435005135990647 23.546323732521305 31.459999084472656 AB 5.256942935391221 1.1941265091370987
62425.1135 lsst_hardware_r 55.85739912790534 42.90596243918567 31.56999969482422 AB 9.448144504686725 1.219535044921336
62425.1341 lsst_hardware_y 128.5496334455311 49.82472687034482 30.010000228881836 AB 8.969094195690385 1.1402598829143407
62429.1102 lsst_hardware_i 148.64672753758265 71.10091757259511 31.309999465942383 AB 3.8313486670181574 1.1873707808222382
62429.1295 lsst_hardware_z 72.4348199672092 63.52903091295612 30.979999542236328 AB 3.706449619104482 1.120450308072557
62437.1138 lsst_hardware_z -54.53404937231442 41.91999816894531 30.940000534057617 AB 4.145760618325027 1.1029870392847712
62437.133 lsst_hardware_r -1.4173988974856377 22.360000610351562 31.489999771118164 AB 3.128341831583276 1.0586306640816476
62438.1131 lsst_hardware_u -0.10763278002605331 2.559999942779541 28.329999923706055 AB 3.1840883257446086 1.0975830147344394
62438.1312 lsst_hardware_g -3.7949098147252025 13.4399995803833 31.399999618530273 AB 3.0216952893386466 1.0568447529018874
62440.1112 lsst_hardware_r 32.83095898044532 22.200000762939453 31.479999542236328 AB 5.426868637869051 1.0885304659249926
62440.1299 lsst_hardware_i 7.022383335886614 29.979999542236328 31.25 AB 3.923640447563295 1.0492419969416487
62442.1183 lsst_hardware_z -42.936155999428344 41.29999923706055 30.940000534057617 AB 6.004340267943814 1.060681336895325
62442.1406 lsst_hardware_r -10.389311226737723 21.959999084472656 31.479999542236328 AB 3.9989891689325887 1.0253818381878432
62451.1426 lsst_hardware_r 17.366128063868384 22.690000534057617 31.5 AB 2.7178480872618658 1.0041310667223642
62451.1632 lsst_hardware_i -43.990870809139274 29.799999237060547 31.25 AB 2.7921422096363364 1.0019649077636403
62456.0756 lsst_hardware_z -3.7454989006086907 51.08000183105469 30.969999313354492 AB 6.36642090120961 1.0698967987916326
62456.0894 lsst_hardware_r 102.92026577685397 56.7400016784668 31.639999389648438 AB 6.048333675708942 1.0438359907453547
62458.0332 lsst_hardware_y 14.045973535311939 78.94999694824219 30.760000228881836 AB 8.941626143847248 1.1788046419204332
62460.0266 lsst_hardware_z 9.73308782214166 71.36000061035156 30.979999542236328 AB 8.865840311345385 1.1832426956441113
62460.0428 lsst_hardware_r 176.6424597851469 95.19000244140625 31.639999389648438 AB 7.339152472146055 1.1266881121926446
62461.0292 lsst_hardware_y -107.22006556879546 58.380001068115234 30.010000228881836 AB 5.264774650336357 1.1631005523774922
62461.047 lsst_hardware_z -103.22877568258151 65.52999877929688 30.969999313354492 AB 4.2635549367384264 1.1064588936172386
62466.0294 lsst_hardware_y 41.931270227808966 53.11000061035156 30.030000686645508 AB 5.443248717167987 1.1177102088639206
62466.0463 lsst_hardware_r -28.949281675368976 22.079999923706055 31.489999771118164 AB 4.683744127721253 1.0742532403030396
62468.0292 lsst_hardware_y -9.607832274547947 54.95000076293945 30.040000915527344 AB 4.881852585531572 1.102869668029349
62468.0455 lsst_hardware_g 7.634746205467828 13.229999542236328 31.389999389648438 AB 4.123512764904032 1.064315434458582
62473.0316 lsst_hardware_z -3.778757340481961 49.33000183105469 30.959999084472656 AB 7.150606928764748 1.0648221835875176
62473.0485 lsst_hardware_i -11.521022202725543 29.8799991607666 31.25 AB 6.865743143896933 1.0353020897090313
62697.3707 lsst_hardware_i -50.52224838190737 64.23999786376953 31.290000915527344 AB 4.455556962170429 1.2081228205449237
62697.3898 lsst_hardware_z 10.48916194433405 58.31999969482422 30.969999313354492 AB 5.3859866216359205 1.1366437947949606
62707.3581 lsst_hardware_r 28.2330817832383 23.360000610351562 31.459999084472656 AB 6.360561627902172 1.1513544346284836
62707.3775 lsst_hardware_z 27.52345549980569 41.959999084472656 30.940000534057617 AB 6.676348172821009 1.093407823914348
62709.3832 lsst_hardware_u -2.646799497678748 2.4700000286102295 28.270000457763672 AB 3.1270562863912454 1.0674975943529514
62709.4064 lsst_hardware_g -3.41513931559498 13.149999618530273 31.3799991607666 AB 3.0379844612601965 1.0284307587204458
62711.3084 lsst_hardware_z 52.278177268943736 89.70999908447266 32.41999816894531 AB 4.927849663006701 1.3318512602720813
62711.34 lsst_hardware_u -1.4468821776200391 5.019999980926514 29.760000228881836 AB 4.946871706039151 1.1775462285263392
62716.3768 lsst_hardware_z 42.59658732077437 40.790000915527344 30.940000534057617 AB 2.858183599450498 1.0437675956605592
62716.3966 lsst_hardware_r -28.119011150357014 21.700000762939453 31.479999542236328 AB 2.82208040892189 1.0178217392120306
62723.3691 lsst_hardware_g 2.8157833807293695 13.140000343322754 31.399999618530273 AB 5.246720841443132 1.0272581187358065
62723.3891 lsst_hardware_r 16.781536187569117 21.719999313354492 31.5 AB 5.24341667416064 1.0083493604155076
62731.2718 lsst_hardware_g -25.073717630124246 57.88999938964844 31.639999389648438 AB 3.6875838603194464 1.2354059667727564
62731.2935 lsst_hardware_r 72.21110105124114 57.779998779296875 31.610000610351562 AB 3.830946013665245 1.14819302072988
62735.2597 lsst_hardware_i 43.86964276164909 31.3799991607666 31.219999313354492 AB 2.2242593943400464 1.2409853418300425
62735.2782 lsst_hardware_u 3.767059521431063 2.7799999713897705 28.3700008392334 AB 2.061163410898167 1.1636225503753295
62736.2611 lsst_hardware_u 2.2600595158532077 2.5799999237060547 28.299999237060547 AB 2.3248993387510897 1.2218627453691182
62736.2773 lsst_hardware_g 5.122649595815259 13.180000305175781 31.350000381469727 AB 2.2221184621784666 1.1570520500799097
62738.2874 lsst_hardware_r 9.799930501562708 22.190000534057617 31.479999542236328 AB 3.605769374051348 1.1079901794688154
62738.3052 lsst_hardware_u 2.6453202136445273 2.6500000953674316 28.43000030517578 AB 2.6260859650373054 1.0650612268638524
62740.2747 lsst_hardware_u 2.1970462255716074 2.619999885559082 28.3799991607666 AB 2.936338280826051 1.1293608772407888
62740.2932 lsst_hardware_g 5.1182759411928185 13.130000114440918 31.3799991607666 AB 3.2527650230533562 1.0793380233558312
62742.2629 lsst_hardware_r 4.459016795838976 22.5 31.469999313354492 AB 6.9767594077576005 1.1501416761881966
62742.2793 lsst_hardware_i -23.051467143304567 30.59000015258789 31.239999771118164 AB 6.66676341271414 1.1003075445971513
62751.267 lsst_hardware_r -8.915288343905472 40.33000183105469 31.600000381469727 AB 2.132980690355361 1.0707734389334143
62751.2856 lsst_hardware_y 38.099625524579594 47.65999984741211 30.049999237060547 AB 2.0687258562306137 1.0369553164063228
62753.263 lsst_hardware_z 34.171366796171846 51.47999954223633 30.969999313354492 AB 4.590935775660152 1.0676594827116632
62753.2808 lsst_hardware_r 80.90418227758202 60.630001068115234 31.649999618530273 AB 4.454706375521541 1.0359782268654747
62755.2688 lsst_hardware_i 91.50667900022798 71.45999908447266 31.329999923706055 AB 2.9108406216300415 1.0463122291984333
62755.2879 lsst_hardware_z -8.249270804855726 63.369998931884766 30.989999771118164 AB 2.822645274580267 1.0201103269173355
62758.2639 lsst_hardware_z 74.94658551527453 86.27999877929688 31.739999771118164 AB 2.0749201517897955 1.0409298420350144
62760.2703 lsst_hardware_z 31.739411901973966 51.41999816894531 30.979999542236328 AB 4.094451913571808 1.024552151198217
62762.2425 lsst_hardware_r -16.095168221404634 39.77000045776367 31.610000610351562 AB 1.4828134724580884 1.0594047195461456
62762.2597 lsst_hardware_y 34.383630997794945 47.93000030517578 30.049999237060547 AB 1.6576332773121474 1.031080205668066
62771.2084 lsst_hardware_i 23.547400092684764 30.459999084472656 31.239999771118164 AB 3.6548624990146332 1.0797230425450755
62771.2289 lsst_hardware_u -2.499515631183546 2.5799999237060547 28.3700008392334 AB 3.5476301311870153 1.0401573879555361
62772.2059 lsst_hardware_g -8.158840286184027 13.359999656677246 31.3799991607666 AB 4.846015257356393 1.0791905555958694
62772.2259 lsst_hardware_r -10.867905966569126 22.06999969482422 31.479999542236328 AB 3.8419087390409694 1.0405801798552121
62774.2106 lsst_hardware_i 4.7338174806512265 30.209999084472656 31.25 AB 3.899080793407774 1.0577363969906515
62774.2316 lsst_hardware_r 25.537887799434575 22.100000381469727 31.489999771118164 AB 3.928785323469553 1.0251233720729427
62776.2108 lsst_hardware_u -1.6839182044019703 2.6500000953674316 28.420000076293945 AB 3.5479718272426886 1.047449059633143
62783.1153 lsst_hardware_z -25.17228828198168 63.47999954223633 30.950000762939453 AB 7.129519221986177 1.3112563324004276
62783.1359 lsst_hardware_i 118.19855988773053 66.29000091552734 31.299999237060547 AB 4.255481378719168 1.2081713049099774
62785.1652 lsst_hardware_z -26.768055075093933 100.83000183105469 31.739999771118164 AB 4.87253945401347 1.0917632655194869
62787.1073 lsst_hardware_y 10.315877081414264 57.04999923706055 29.969999313354492 AB 6.786385801315557 1.2946999938917312
62787.128 lsst_hardware_g -53.96133444459735 95.55999755859375 31.68000030517578 AB 6.970151184750021 1.1954808006430762
62789.109 lsst_hardware_r -0.060966520729583924 46.959999084472656 31.56999969482422 AB 7.793179249333843 1.2569643950538456
62789.1291 lsst_hardware_i -48.94756109682575 50.06999969482422 31.290000915527344 AB 7.183436083855995 1.1697819650734793
62791.1181 lsst_hardware_z 15.414452980243876 43.25 30.940000534057617 AB 8.19218482052393 1.1913161556282272
62791.1407 lsst_hardware_r -36.361928517032766 22.65999984741211 31.489999771118164 AB 7.127401859860503 1.1136565406032035
62793.1165 lsst_hardware_u 5.600944215379735 2.6500000953674316 28.3700008392334 AB 4.960791770400605 1.1761237033450018
62793.1373 lsst_hardware_r 23.579589588735566 22.610000610351562 31.489999771118164 AB 4.132927160179094 1.10782536459411
62796.115 lsst_hardware_r 0.9329329474925668 22.790000915527344 31.479999542236328 AB 5.065453198632456 1.1517628919127911
62796.1326 lsst_hardware_u -1.8018143724423963 2.7100000381469727 28.450000762939453 AB 4.110123566235408 1.0983761534569076
62799.11 lsst_hardware_g 11.502232230761953 13.609999656677246 31.389999389648438 AB 5.135917556182805 1.140976945242033
62799.129 lsst_hardware_r -15.579704024341451 22.459999084472656 31.489999771118164 AB 4.7622043023923455 1.0867443496949347
62801.1121 lsst_hardware_i -46.58189159880984 30.670000076293945 31.239999771118164 AB 4.722053880398233 1.1174254893469056
62801.1303 lsst_hardware_z -48.787353479212506 41.22999954223633 30.950000762939453 AB 3.7857441454544665 1.0711843844719076
62807.1193 lsst_hardware_r -16.510554482554404 28.540000915527344 31.549999237060547 AB 5.875430992587277 1.060068740205192
62807.1373 lsst_hardware_i 18.488385468565433 32.849998474121094 31.270000457763672 AB 4.018797027197233 1.0304607762044187
62813.1447 lsst_hardware_z 197.77275767723378 88.20999908447266 31.75 AB 5.947301237730179 1.0075333152548513
62819.0268 lsst_hardware_y 95.54483846138879 50.470001220703125 29.969999313354492 AB 7.705142660708415 1.2584105060020547
62819.0469 lsst_hardware_r 12.50280453562807 22.549999237060547 31.469999313354492 AB 4.541383589609223 1.1708620461350696
62825.0272 lsst_hardware_y 1.0173974892569428 50.939998626708984 30.0 AB 8.874043590461588 1.1836003455100483
62825.0444 lsst_hardware_u 2.393456030372343 2.5999999046325684 28.34000015258789 AB 7.482965844310686 1.1239059543873064
62831.0286 lsst_hardware_y -82.5018283048731 53.540000915527344 30.040000915527344 AB 5.488963821683358 1.1221432733686314
62831.0447 lsst_hardware_i -9.204154534209243 30.209999084472656 31.25 AB 4.737323625659724 1.0794448486236647
62835.031 lsst_hardware_y 91.56386694486662 53.27000045776367 30.040000915527344 AB 6.068532997487238 1.0860261277454815
62835.0474 lsst_hardware_g 31.221553151286095 17.040000915527344 31.510000228881836 AB 5.224677943588721 1.0515075106593652
62838.0396 lsst_hardware_z 9.47730507718255 70.29000091552734 31.719999313354492 AB 7.054448355937016 1.0508062483954086
62842.0351 lsst_hardware_y -37.56832276953791 58.650001525878906 30.059999465942383 AB 5.58449394605764 1.0400721280216614
62842.0579 lsst_hardware_z -2.8922865914027045 56.93000030517578 30.989999771118164 AB 4.6045242585367925 1.0129852070258165
