data/validation/pwv_sim_epoch_fit_seasonal/63110316.ecsv
# %ECSV 0.9
# ---
# datatype:
# - {name: time, datatype: float64}
# - {name: band, datatype: string}
# - {name: flux, datatype: float64}
# - {name: fluxerr, datatype: float64}
# - {name: zp, datatype: float64}
# - {name: zpsys, datatype: string}
# - {name: pwv, datatype: float64}
# - {name: airmass, datatype: float64}
# meta: {SNID: '63110316', alt: 1024.0, c: -0.00910436175763607, dec: -50.480045, lat: -30.244573, lon: -70.7499537, ra: 312.6651, t0: 61647.3046875,
#   x0: 6.232728244412173e-06, x1: 0.6462792754173279, z: 0.5601125359535217}
# schema: astropy-2.0
time band flux fluxerr zp zpsys pwv airmass
[from data line 132]
62011.1374 lsst_hardware_r 47.43784254570263 43.029998779296875 31.610000610351562 AB 5.541050458132749 1.0655866265639902
62013.1079 lsst_hardware_r -15.21165614712478 72.19000244140625 31.649999618530273 AB 3.5615759985983955 1.068793437610802
62013.1189 lsst_hardware_i -77.15233390916494 61.22999954223633 31.329999923706055 AB 3.5738280897473356 1.0655420661142263
62016.1083 lsst_hardware_z -53.20251405858649 71.66999816894531 30.989999771118164 AB 0.5644453338681805 1.0659968533865545
62016.1203 lsst_hardware_r -151.82825818792355 103.95999908447266 31.649999618530273 AB 0.6982163319076605 1.0651660288446385
62020.109 lsst_hardware_i -35.6995107920374 57.869998931884766 31.31999969482422 AB 1.7143416785348151 1.0651392845816425
62020.1204 lsst_hardware_z -22.58314671878978 55.400001525878906 30.979999542236328 AB 1.7048885082929062 1.0675569870337547
62024.0948 lsst_hardware_u -1.1131347556992965 2.609999895095825 28.3799991607666 AB 2.8356778624395695 1.0650433286158008
62030.0578 lsst_hardware_r -23.57273295215907 22.469999313354492 31.489999771118164 AB 0.4083314450867882 1.070565291903312
62030.0694 lsst_hardware_u -0.4657852114158589 2.740000009536743 28.479999542236328 AB 0.2580092211263031 1.0661538063070375
62031.14 lsst_hardware_i -22.658586141230447 31.059999465942383 31.25 AB 2.567833290283651 1.1174209270164852
62031.1508 lsst_hardware_z -59.14293765365099 42.560001373291016 30.940000534057617 AB 2.6082391588930753 1.1375616016107037
62033.1401 lsst_hardware_r -0.6698916028109418 22.809999465942383 31.479999542236328 AB 7.966881973261306 1.127335782264229
62033.1521 lsst_hardware_u -0.7357117263936013 2.6700000762939453 28.389999389648438 AB 8.196222344392766 1.152085229559255
62035.0451 lsst_hardware_r 23.48251524470953 22.579999923706055 31.489999771118164 AB 2.737256484870245 1.0700768119116157
62035.0584 lsst_hardware_u 2.170316427781694 2.630000114440918 28.399999618530273 AB 2.731981995965191 1.0656195011078269
62037.0476 lsst_hardware_g -21.099074419185133 16.1200008392334 31.479999542236328 AB 3.2404616014635512 1.0668771734405171
62037.0604 lsst_hardware_r 37.30682205867847 23.850000381469727 31.5 AB 3.2317168565174144 1.0650500460894476
62041.0536 lsst_hardware_r 59.35797693715013 54.959999084472656 31.6299991607666 AB 4.79246967307517 1.065328641922495
62041.0653 lsst_hardware_z 14.890624009438682 51.47999954223633 30.959999084472656 AB 4.780558570694752 1.0684205175411512
62044.0492 lsst_hardware_z 79.09704417257191 58.959999084472656 30.979999542236328 AB 6.131033598793222 1.0659577395757174
62044.0618 lsst_hardware_r -217.2183446878407 77.0 31.649999618530273 AB 6.1370040380231305 1.070625540898946
62048.0543 lsst_hardware_r -9.165163416286466 79.56999969482422 31.649999618530273 AB 3.0348839883739593 1.0725866719823147
62048.0659 lsst_hardware_i -97.27275643532585 63.09000015258789 31.31999969482422 AB 3.076973032536943 1.0814737388097744
62050.0329 lsst_hardware_i 16.190965332214983 30.56999969482422 31.25 AB 4.1228451667305555 1.0659773765571257
62050.0459 lsst_hardware_z 96.83975315870934 48.0 30.959999084472656 AB 4.897966281734007 1.0708863146726442
62052.0289 lsst_hardware_r -17.696079399703482 22.790000915527344 31.5 AB 4.088264588641129 1.0663183590615
62052.0399 lsst_hardware_u 0.8104076688783542 2.759999990463257 28.489999771118164 AB 4.213341249845297 1.0705987167692281
62054.0799 lsst_hardware_g -17.729131182222233 13.890000343322754 31.399999618530273 AB 3.456907668916553 1.122129734554172
62054.092 lsst_hardware_i 19.128146367697113 31.3799991607666 31.239999771118164 AB 4.813138825576567 1.1459854346610872
62055.0805 lsst_hardware_z 23.964709004208885 42.27000045776367 30.940000534057617 AB 6.019582265513176 1.1282309595650308
62055.0916 lsst_hardware_r -1.4394172130337923 23.209999084472656 31.489999771118164 AB 6.667157061139811 1.1511306830548436
62057.0714 lsst_hardware_u -1.2822825216668843 2.680000066757202 28.399999618530273 AB 8.07540068119094 1.121583427943186
62057.0826 lsst_hardware_g -1.7298533845237163 13.989999771118164 31.3799991607666 AB 8.232414546226831 1.1433909091981709
62059.0736 lsst_hardware_r -29.43531207845374 23.25 31.479999542236328 AB 9.416858219769653 1.1360668620786731
62059.0852 lsst_hardware_i 28.04932545793185 31.709999084472656 31.239999771118164 AB 8.98611085181997 1.161646596089969
