data/validation/pwv_sim_epoch_fit_seasonal/63337204.ecsv
# %ECSV 0.9
# ---
# datatype:
# - {name: time, datatype: float64}
# - {name: band, datatype: string}
# - {name: flux, datatype: float64}
# - {name: fluxerr, datatype: float64}
# - {name: zp, datatype: float64}
# - {name: zpsys, datatype: string}
# - {name: pwv, datatype: float64}
# - {name: airmass, datatype: float64}
# meta: {SNID: '63337204', alt: 1024.0, c: -0.04565073549747467, dec: -21.061817, lat: -30.244573, lon: -70.7499537, ra: 33.222656, t0: 62471.015625,
#   x0: 5.0014158581728115e-06, x1: 0.3001389801502228, z: 0.6131569743156433}
# schema: astropy-2.0
time band flux fluxerr zp zpsys pwv airmass
62346.4207 lsst_hardware_r -18.409180280848656 65.8499984741211 31.65999984741211 AB 4.649508458237887 1.0172495168256754
62346.4391 lsst_hardware_y 60.29304642777163 72.16000366210938 30.079999923706055 AB 4.647807528437239 1.0135511074588732
62350.4082 lsst_hardware_z -3.9000259137163558 44.099998474121094 30.959999084472656 AB 1.9045090846494896 1.0180911001333695
62350.4272 lsst_hardware_y 44.67195864193953 49.849998474121094 30.059999465942383 AB 1.221227753603575 1.0134670154388257
62353.3823 lsst_hardware_u 1.822643340451901 4.210000038146973 29.290000915527344 AB 1.4854686332233615 1.0333694839814689
62353.4054 lsst_hardware_y -96.67114138005687 65.98999786376953 30.809999465942383 AB 1.4720604286634402 1.01556428331386
62355.3871 lsst_hardware_r 23.059157646648174 22.31999969482422 31.5 AB 3.1817142560660083 1.023196330504947
62355.4103 lsst_hardware_z -44.224547626114955 40.540000915527344 30.950000762939453 AB 3.0519796230125142 1.013413638344762
62357.4006 lsst_hardware_z -31.728118892403273 40.5099983215332 30.950000762939453 AB 3.8547184767109046 1.0138659854578917
62357.4209 lsst_hardware_y 49.01577831972258 47.56999969482422 30.059999465942383 AB 3.393216139809453 1.0170749014041074
62363.3719 lsst_hardware_g -28.611611718036674 13.75 31.440000534057617 AB 5.693046337509704 1.0185555231708678
62363.3918 lsst_hardware_i -8.305741993031901 30.1299991607666 31.260000228881836 AB 4.995923323353073 1.0134746573390958
62370.3584 lsst_hardware_r 73.06510899559369 68.30999755859375 31.65999984741211 AB 1.9236606297512042 1.015794391948108
62370.3791 lsst_hardware_i -70.99262974951861 52.40999984741211 31.31999969482422 AB 1.258974913648769 1.0146204811138502
62379.299 lsst_hardware_r 4.629447780243924 40.31999969482422 31.610000610351562 AB 6.248339874526473 1.0506267391696116
62379.3184 lsst_hardware_z 25.618554320977623 45.040000915527344 30.959999084472656 AB 6.088265609404577 1.0259536772809668
62381.2777 lsst_hardware_y -30.56891810456268 47.83000183105469 30.030000686645508 AB 3.1466295763168257 1.0815947671450805
62381.2948 lsst_hardware_g 36.66029810981236 16.920000076293945 31.489999771118164 AB 2.721986027384951 1.0485981485911042
62384.2805 lsst_hardware_g -4.949117344773577 13.579999923706055 31.399999618530273 AB 2.450735814973723 1.0590143960995564
62384.2974 lsst_hardware_r 25.083052269277967 22.229999542236328 31.489999771118164 AB 1.8886299478889703 1.03368571834288
62386.2872 lsst_hardware_i -30.48379584869523 30.25 31.25 AB 1.9886046301593785 1.039702664775083
62386.3062 lsst_hardware_z -8.202576015583478 40.709999084472656 30.950000762939453 AB 1.8992265669254442 1.0204037968706214
62388.2701 lsst_hardware_r 36.07967346472299 22.350000381469727 31.479999542236328 AB 4.54969790829094 1.058069280997893
62388.2879 lsst_hardware_u -2.2732792949041345 2.5999999046325684 28.3799991607666 AB 4.437777981670525 1.0320413910861685
62391.2675 lsst_hardware_g 0.2711955400022723 13.6899995803833 31.40999984741211 AB 3.878406816186316 1.0485959308362425
62391.2848 lsst_hardware_i 21.756883171816316 30.049999237060547 31.25 AB 3.7161117839283175 1.026739302982589
62394.2569 lsst_hardware_z 24.288413835266937 41.16999816894531 30.950000762939453 AB 2.6860518431236313 1.0525281516942129
62394.2748 lsst_hardware_r 0.13633140823169118 22.40999984741211 31.489999771118164 AB 2.499986619987489 1.0285189056448802
62400.1568 lsst_hardware_i 135.9617520918664 111.55999755859375 32.02000045776367 AB 6.220274535088161 1.3805958351102028
62400.1827 lsst_hardware_z 120.80032349625579 96.0 31.709999084472656 AB 5.451490222888221 1.2287355874280779
62402.263 lsst_hardware_r -107.39802724682833 112.5199966430664 31.670000076293945 AB 1.7479013384685562 1.0200766492375584
62402.2825 lsst_hardware_z -6.765011117130491 74.04000091552734 31.0 AB 1.7254817633889996 1.013399626109436
62405.2423 lsst_hardware_z -59.849104442768095 57.86000061035156 30.989999771118164 AB 3.1820734722053072 1.031132038951817
62405.2604 lsst_hardware_i -12.13035832607794 60.900001525878906 31.329999923706055 AB 3.219063976646545 1.0168676350362889
62408.2526 lsst_hardware_r -9.173790174760857 39.810001373291016 31.610000610351562 AB 4.6523387584915135 1.0166824209990195
62408.2732 lsst_hardware_z -10.623054289311758 45.08000183105469 30.959999084472656 AB 4.620163778420515 1.014083357862273
62412.2176 lsst_hardware_g -4.5177642884384355 13.949999809265137 31.40999984741211 AB 3.3678497881833422 1.037858178176685
62412.2379 lsst_hardware_r 40.29777144502277 22.639999389648438 31.489999771118164 AB 3.311239803046677 1.0186862953535387
62415.2058 lsst_hardware_i -28.722154967677003 30.43000030517578 31.239999771118164 AB 4.925717066275715 1.0428108534511193
62415.2239 lsst_hardware_z 62.131459411720805 40.779998779296875 30.950000762939453 AB 5.030359707240159 1.0227079914421575
62419.2033 lsst_hardware_g 10.286439431232013 13.890000343322754 31.40999984741211 AB 3.5930736771752283 1.0319981839660781
62419.2205 lsst_hardware_i 49.284400625301146 30.1299991607666 31.239999771118164 AB 2.659128400771874 1.0177183392634117
62424.1785 lsst_hardware_r -43.397304651678176 33.77000045776367 31.59000015258789 AB 6.920555909489987 1.0468771545214783
62424.1964 lsst_hardware_y 34.11268688564367 47.470001220703125 30.059999465942383 AB 6.639012501414357 1.0251717883592275
62426.1822 lsst_hardware_z 62.758344797152105 47.959999084472656 30.969999313354492 AB 6.811835798737085 1.0343164568498675
62426.1988 lsst_hardware_r -7.943606363691051 49.2400016784668 31.6299991607666 AB 6.679276126909362 1.0192181271987837
62430.1638 lsst_hardware_r 116.65977900919403 109.25 31.65999984741211 AB 2.7584369846207633 1.0443350522289614
62430.1809 lsst_hardware_z 73.60725128072268 73.5199966430664 31.0 AB 2.57362771060416 1.024397390448952
62434.175 lsst_hardware_z 10.325463098203652 56.97999954223633 30.979999542236328 AB 4.694309561165771 1.0205020785142982
62434.1924 lsst_hardware_r -26.15439905392291 74.88999938964844 31.65999984741211 AB 4.652216913696854 1.0135732849972268
62441.1476 lsst_hardware_i 26.615105875108483 30.211607534600162 31.25 AB 4.745203821370016 1.02739690127815
62441.1661 lsst_hardware_z -2.1428398291414537 40.49754383948622 30.940000534057617 AB 4.6714206405629435 1.015213569856323
62450.1293 lsst_hardware_z 196.57379944261115 43.29856264220346 30.950000762939453 AB 9.023378923601411 1.0219580863697164
62450.1469 lsst_hardware_r 271.5600395056816 28.982778750693626 31.5 AB 8.9324687598525 1.0138243901164306
62452.1287 lsst_hardware_z 197.55240022191842 45.05377963225763 30.950000762939453 AB 4.323928732728926 1.01867333109681
62452.1459 lsst_hardware_g 181.81101138096125 22.989520479170668 31.549999237060547 AB 4.286663049012445 1.013395519861098
62455.1149 lsst_hardware_r 888.5709716510955 58.81297693639389 31.639999389648438 AB 4.294643745203123 1.0225342250483627
62455.1318 lsst_hardware_z 422.67679415752133 52.98791067132119 30.969999313354492 AB 4.243263555612213 1.0141037355827969
62457.1074 lsst_hardware_i 1024.416237657817 68.74690778679249 31.329999923706055 AB 3.1750333147959453 1.0242042950954662
62457.1272 lsst_hardware_r 1240.5333718429854 81.80234165387456 31.65999984741211 AB 2.7452115103394177 1.0139285356747618
62459.1168 lsst_hardware_z 1452.206635863497 102.67154513773278 31.739999771118164 AB 4.523763000099808 1.0152640969757747
62462.0961 lsst_hardware_r 1876.7356854500729 95.48673428780795 31.65999984741211 AB 3.8882765368497743 1.022289085539631
62462.1145 lsst_hardware_i 1492.8576326469272 78.65664630347052 31.34000015258789 AB 3.900283255055511 1.013762759068373
62464.0954 lsst_hardware_z 958.6027034780357 56.34273918948758 30.969999313354492 AB 8.086052293904231 1.0189934000551413
62464.1143 lsst_hardware_r 1877.2777381862209 67.17191211269221 31.639999389648438 AB 8.044623631607086 1.0133894979979534
62472.0754 lsst_hardware_g 346.56181591161857 23.696265544075548 31.420000076293945 AB 6.379318066864795 1.0179221424708802
62472.0945 lsst_hardware_r 1641.6592327658177 46.93514627888601 31.5 AB 6.4302499663498605 1.0134890143453599
62478.0625 lsst_hardware_r 1491.9767917074876 43.92434935041101 31.5 AB 2.9470128281853474 1.016211320063913
62478.0814 lsst_hardware_i 1261.468880285263 46.774684261810826 31.25 AB 3.1046777510878494 1.0139378677619921
62480.0674 lsst_hardware_z 1082.8330280284674 51.4509606134765 30.950000762939453 AB 7.4709804310576 1.0135067340367772
62480.0849 lsst_hardware_r 1323.7578341100555 43.063078214042804 31.5 AB 9.356204050711456 1.0169787011642888
62482.0451 lsst_hardware_y 350.57472818618396 50.88605505034661 30.059999465942383 AB 13.848434502873483 1.019716840327445
62482.0651 lsst_hardware_z 994.4664245110504 52.298741597718625 30.959999084472656 AB 13.762799234760955 1.0133862922289272
62484.0464 lsst_hardware_y 347.7286321976245 52.51412893982158 30.059999465942383 AB 8.027105329562996 1.016089282223164
62484.0651 lsst_hardware_r 1275.1462143734216 58.290416755609556 31.6299991607666 AB 8.01022930099129 1.0139530760748467
62488.0408 lsst_hardware_z 1673.8205594477538 107.70312096849847 31.739999771118164 AB 3.6375554650816406 1.0143061596601815
62490.0319 lsst_hardware_y 246.8539602112817 86.99754043675506 30.09000015258789 AB 4.73153203259104 1.0153502215860601
62490.0511 lsst_hardware_i 933.3531270555992 74.05510241953594 31.34000015258789 AB 5.548089996004072 1.0145078849836018
62492.0332 lsst_hardware_y 245.56004493084052 72.63190835437125 30.079999923706055 AB 4.606107245875545 1.0136679678423988
62492.0519 lsst_hardware_r 722.8200148903107 64.91305092022131 31.649999618530273 AB 5.569703529748293 1.016864081623958
62494.0333 lsst_hardware_y 359.30054525042596 73.52570769232014 30.079999923706055 AB 6.779906497009086 1.013413691289567
62494.0544 lsst_hardware_g 80.88106724690604 16.789810016965074 31.459999084472656 AB 6.549460443878738 1.0217566995130636
62712.4051 lsst_hardware_u -2.264483654057811 2.569999933242798 28.360000610351562 AB 4.836620845016799 1.0272469051363113
62712.4277 lsst_hardware_y 17.28884829884569 48.02000045776367 30.049999237060547 AB 3.834621604902685 1.014047760122355
62721.3908 lsst_hardware_z -63.256581119118934 57.540000915527344 31.700000762939453 AB 1.4267547017363786 1.0191105012402706
62721.4126 lsst_hardware_y -126.2386287724877 66.05999755859375 30.809999465942383 AB 1.4190052483393785 1.0135751773852704
62730.3575 lsst_hardware_z -56.21054910039123 57.189998626708984 30.979999542236328 AB 4.611974207499958 1.0257949749777484
62730.3808 lsst_hardware_i -1.419751899291737 59.29999923706055 31.329999923706055 AB 3.8717990208537065 1.0136705192591793
62732.377 lsst_hardware_z -39.69044507280319 48.41999816894531 30.979999542236328 AB 1.9202384653870097 1.0134967269811803
62732.398 lsst_hardware_r 4.685799182939021 50.18000030517578 31.639999389648438 AB 1.857913009657807 1.0191514040909528
62734.3507 lsst_hardware_y -34.975057424027455 47.04999923706055 30.049999237060547 AB 1.90150542890562 1.0223147467234517
62734.3703 lsst_hardware_g -26.861531687839104 27.56999969482422 31.639999389648438 AB 1.847065484819466 1.0136180462721724
62737.3665 lsst_hardware_r -15.504192145114974 22.649999618530273 31.510000228881836 AB 3.261089690789673 1.0134164518833633
62737.3871 lsst_hardware_i -47.80469395032751 30.229999542236328 31.260000228881836 AB 3.8929209184410616 1.0209824286152933
62739.3143 lsst_hardware_z -63.74127810922904 40.90999984741211 30.950000762939453 AB 2.864903172739081 1.0490948450677133
62739.331 lsst_hardware_r 39.19672144490917 22.270000457763672 31.5 AB 2.7996001132273713 1.0276275957031829
62741.3102 lsst_hardware_u -2.61954725640936 2.6500000953674316 28.43000030517578 AB 3.2268995787969432 1.0469581718910754
62741.3276 lsst_hardware_r 30.861002092375045 22.110000610351562 31.489999771118164 AB 3.140619012375831 1.0256757061972015
62743.3148 lsst_hardware_i -22.465135806803396 29.989999771118164 31.239999771118164 AB 3.0973594520966987 1.0333142459038194
62743.3304 lsst_hardware_z 14.62389394953363 40.5 30.950000762939453 AB 3.074105758289562 1.019322163566586
62746.2288 lsst_hardware_u 0.7478661766227616 3.680000066757202 29.059999465942383 AB 2.762182290194228 1.2610785071652828
62746.2488 lsst_hardware_g 17.592003398227323 19.34000015258789 32.130001068115234 AB 2.5650596350468042 1.170903667854597
62750.2977 lsst_hardware_i -2.9956621034574975 30.299999237060547 31.260000228881836 AB 0.7217218684726171 1.0310312406751674
62750.3167 lsst_hardware_z -93.18474342699042 40.7599983215332 30.959999084472656 AB 0.7114908025935326 1.0164154322764751
62752.2967 lsst_hardware_r 69.47438715230382 47.529998779296875 31.6299991607666 AB 2.874145718090405 1.0264806136037161
62752.3132 lsst_hardware_z -58.34316517887016 45.83000183105469 30.959999084472656 AB 2.8436916293225436 1.01560415332948
62754.2775 lsst_hardware_z -119.16171495469379 57.95000076293945 30.979999542236328 AB 3.6456076408928495 1.0427939476238128
62754.2966 lsst_hardware_i -20.17375451854649 62.029998779296875 31.329999923706055 AB 2.836028342226663 1.021930818170679
62756.2754 lsst_hardware_z -142.30340669088875 70.88999938964844 30.989999771118164 AB 3.772708523938201 1.038169654358338
62756.2924 lsst_hardware_r -35.39327573637539 104.11000061035156 31.65999984741211 AB 3.206294618727532 1.0210045490058235
62759.2694 lsst_hardware_y 17.607814044334468 75.08999633789062 30.81999969482422 AB 2.6422886864175834 1.035379579317235
62763.249 lsst_hardware_i 36.772455426424436 34.63999938964844 31.270000457763672 AB 6.218671549659325 1.0487388076326196
62763.2687 lsst_hardware_z -15.065593057191046 42.97999954223633 30.950000762939453 AB 5.675217098275005 1.0246386094831876
62766.2442 lsst_hardware_r 11.327133894388483 22.600000381469727 31.5 AB 2.0563604871366605 1.0435729444997008
62766.2623 lsst_hardware_u 0.9563410301943234 2.740000009536743 28.5 AB 1.6646394104462903 1.0231342412085374
62773.2264 lsst_hardware_g -15.396529766644726 13.899999618530273 31.420000076293945 AB 4.819558096636965 1.041691231261592
62773.2451 lsst_hardware_r 24.011715131572927 22.520000457763672 31.5 AB 4.71934026271783 1.0216496455587738
62775.2187 lsst_hardware_i -64.23511359992297 30.3700008392334 31.25 AB 4.4100938013149324 1.044942750829904
62775.2369 lsst_hardware_z 2.232547974094285 40.619998931884766 30.950000762939453 AB 4.304802782608129 1.0238154707328924
62777.2544 lsst_hardware_r 20.446588800348298 22.6299991607666 31.510000228881836 AB 2.6553094288132213 1.0134768812265804
62777.2734 lsst_hardware_u -7.393410600479364 2.75 28.5 AB 2.7377313497807214 1.0181224803944668
62779.1979 lsst_hardware_z -19.870364436821284 43.84000015258789 30.950000762939453 AB 6.657998077383916 1.0615994808478209
62779.2164 lsst_hardware_r -28.19229391895007 33.290000915527344 31.59000015258789 AB 6.884473800928637 1.0334461547553622
62782.2225 lsst_hardware_y -50.54339274926304 71.2699966430664 30.809999465942383 AB 3.1695724559941483 1.0202486446333094
62788.18 lsst_hardware_r 12.011042686332644 79.94000244140625 31.649999618530273 AB 8.710215627362153 1.0499295597111205
62788.1978 lsst_hardware_z 11.42455093695757 58.720001220703125 30.979999542236328 AB 8.192869254444053 1.0270614584988502
62790.1832 lsst_hardware_g -14.158461128000278 50.27000045776367 31.719999313354492 AB 7.868642931261599 1.0373496569601193
62790.2008 lsst_hardware_i 7.2802538009251965 46.40999984741211 31.31999969482422 AB 7.74949768010371 1.0201517399787676
62792.178 lsst_hardware_z 36.64493038154639 41.25 30.959999084472656 AB 6.027300098357568 1.0370143259869848
62792.1958 lsst_hardware_r -4.541042047301489 29.059999465942383 31.56999969482422 AB 5.925133998509363 1.0198457784519401
62795.1789 lsst_hardware_u 3.8975922366936393 2.869999885559082 28.579999923706055 AB 2.5561898219700576 1.0268571861156195
62795.1959 lsst_hardware_g 0.36020484415871995 14.149999618530273 31.450000762939453 AB 2.554140914241466 1.0155629877699666
62798.1939 lsst_hardware_z 75.96544047111703 40.779998779296875 30.959999084472656 AB 2.1787796816472174 1.0138574600505263
62798.2105 lsst_hardware_r -6.209942219708145 22.790000915527344 31.520000457763672 AB 1.42528385896717 1.0155210965209618
62804.1442 lsst_hardware_z 75.55803324175882 41.31999969482422 30.959999084472656 AB 5.73537934898821 1.0383596178126568
62804.1603 lsst_hardware_r -20.70073781127169 22.899999618530273 31.530000686645508 AB 5.639383325739212 1.021766241018169
62814.1261 lsst_hardware_z -7.834167481826431 74.66999816894531 31.0 AB 6.873088407299385 1.027751537540095
62814.1433 lsst_hardware_r -103.21813375289774 108.58999633789062 31.670000076293945 AB 6.782270289214164 1.015842176172176
62818.1122 lsst_hardware_r -29.318506674302814 54.810001373291016 31.639999389648438 AB 3.4377150809690935 1.0308506415020522
62818.1313 lsst_hardware_z -25.92285262062161 52.11000061035156 30.979999542236328 AB 5.081472041967119 1.0162944083934238
62821.1104 lsst_hardware_r -21.664095697076924 22.219999313354492 31.479999542236328 AB 5.924984597884032 1.024581594584667
62821.1302 lsst_hardware_z -112.42470882919746 40.40999984741211 30.940000534057617 AB 5.924854705035732 1.0140234822851386
62824.1071 lsst_hardware_r -34.596490304171304 22.110000610351562 31.489999771118164 AB 4.554806950078785 1.020742215267739
62828.0931 lsst_hardware_g -26.55893998069606 13.569999694824219 31.420000076293945 AB 6.987254046116893 1.0230614658101065
62828.1136 lsst_hardware_r 26.720119535010433 22.1299991607666 31.5 AB 6.987619501696404 1.0136166094935397
62830.0922 lsst_hardware_i 25.725545905791016 29.889999389648438 31.239999771118164 AB 5.21137549928879 1.0197388708127952
62830.1117 lsst_hardware_z 76.22352393960931 40.41999816894531 30.950000762939453 AB 5.246865666202816 1.0133975212366617
62832.0977 lsst_hardware_r 26.397929010273533 22.270000457763672 31.510000228881836 AB 3.864610997617236 1.01462209227048
62832.1165 lsst_hardware_u 1.5517594120309264 2.740000009536743 28.510000228881836 AB 3.875575096554915 1.0151020661062748
62834.0769 lsst_hardware_u 1.276925065305166 2.75 28.450000762939453 AB 5.591246093583717 1.0229136651269148
62834.0965 lsst_hardware_g -18.79923136973364 13.979999542236328 31.43000030517578 AB 5.087051995898989 1.0137103563790144
62837.0754 lsst_hardware_r 29.786336551500188 34.47999954223633 31.600000381469727 AB 6.381829973733768 1.0183229573534354
62837.0929 lsst_hardware_z 62.2703901950049 43.43000030517578 30.969999313354492 AB 6.418521145347831 1.0133973704564425
62839.0764 lsst_hardware_r -51.994403180055386 56.27000045776367 31.649999618530273 AB 3.499476153941757 1.0153219015305515
62839.0959 lsst_hardware_y 148.47722376274626 49.470001220703125 30.059999465942383 AB 2.638060996941342 1.0146388449774393
62841.0615 lsst_hardware_z 75.09208861282885 58.68000030517578 30.989999771118164 AB 3.395744681299846 1.0201771568384486
62841.0806 lsst_hardware_r 20.84817435202993 74.77999877929688 31.65999984741211 AB 3.4500958921341778 1.0134176365410161
62845.0407 lsst_hardware_y -35.296500342307624 54.83000183105469 30.06999969482422 AB 7.375394604985532 1.028502943102152
62845.0582 lsst_hardware_r 87.31305085566092 83.91000366210938 31.65999984741211 AB 7.568701139629092 1.0160239582464936
62845.0797 lsst_hardware_z -32.40292304890162 61.41999816894531 30.989999771118164 AB 7.366148928949444 1.0146909468899592
62852.0306 lsst_hardware_y 47.23185899253011 76.41999816894531 30.079999923706055 AB 10.357584386225238 1.0207701305391288
62852.0512 lsst_hardware_z 17.646279401168066 41.18000030517578 30.959999084472656 AB 11.066399448943843 1.0133988094361772
62854.032 lsst_hardware_y 27.134328348304177 77.83999633789062 30.079999923706055 AB 3.751110232234729 1.0167447322645633
62854.0511 lsst_hardware_u -3.9383946596388535 3.240000009536743 28.65999984741211 AB 4.245205865891925 1.0137805052876239
