data/validation/pwv_sim_epoch_fit_seasonal/63443955.ecsv
# %ECSV 0.9
# ---
# datatype:
# - {name: time, datatype: float64}
# - {name: band, datatype: string}
# - {name: flux, datatype: float64}
# - {name: fluxerr, datatype: float64}
# - {name: zp, datatype: float64}
# - {name: zpsys, datatype: string}
# - {name: pwv, datatype: float64}
# - {name: airmass, datatype: float64}
# meta: {SNID: '63443955', alt: 1024.0, c: 0.0015285186236724257, dec: -47.161343, lat: -30.244573, lon: -70.7499537, ra: 76.441048, t0: 62483.34765625,
#   x0: 2.1765732358344998e-05, x1: 0.11139258742332458, z: 0.33095628023147583}
# schema: astropy-2.0
time band flux fluxerr zp zpsys pwv airmass
62404.3325 lsst_hardware_r -66.00255979261982 65.95999908447266 31.639999389648438 AB 6.813942434486496 1.099969183354471
62404.3519 lsst_hardware_y 9.50294848374735 50.5 30.040000915527344 AB 6.250213392082264 1.0713427137612153
62422.3371 lsst_hardware_g -22.904246926963534 12.640000343322754 31.3799991607666 AB 5.728476619326174 1.046456377407695
62422.3492 lsst_hardware_y -22.691153256250495 46.779998779296875 30.040000915527344 AB 5.693569400822191 1.0450112084714942
62423.3145 lsst_hardware_r -12.618117911953679 21.459999084472656 31.479999542236328 AB 5.335129722698844 1.0570194933361863
62423.3271 lsst_hardware_z 17.127605698378567 40.779998779296875 30.950000762939453 AB 5.271346550125418 1.0491285799831662
62425.3651 lsst_hardware_r -5.6789489279003345 21.989999771118164 31.489999771118164 AB 7.709054945508999 1.0532934752710752
62425.3754 lsst_hardware_u 3.4033367031942268 7.170000076293945 29.09000015258789 AB 8.279436811305777 1.061466257859715
62427.3585 lsst_hardware_g 2.992669571579836 12.949999809265137 31.389999389648438 AB 6.796925823578898 1.0525630388817495
62427.3693 lsst_hardware_r 10.02116421224611 23.139999389648438 31.5 AB 6.873149094190919 1.0608758007626344
62429.3631 lsst_hardware_i 11.01902931905015 30.780000686645508 31.25 AB 0.7400244923666409 1.060207009121262
62429.374 lsst_hardware_z 79.29429037909469 55.849998474121094 30.979999542236328 AB 0.6865343424608522 1.0715936666936619
62433.357 lsst_hardware_r -31.940355734653572 71.66999816894531 31.639999389648438 AB 3.785855046743153 1.0648382842892798
62433.3678 lsst_hardware_z -37.95137517502331 60.40999984741211 30.979999542236328 AB 3.821938158383839 1.0775635050187038
62435.3501 lsst_hardware_z -65.12465600002665 50.33000183105469 30.969999313354492 AB 2.532993799538678 1.0633895044242518
62435.3611 lsst_hardware_i -89.36979667843036 50.029998779296875 31.309999465942383 AB 2.579284299226282 1.0759346331113908
62437.3503 lsst_hardware_z -8.424943908425975 46.209999084472656 30.959999084472656 AB 3.551812143424139 1.0694202915842346
62437.3601 lsst_hardware_r -67.82267492980166 44.36000061035156 31.610000610351562 AB 3.618233236605286 1.0820075468317243
62438.3605 lsst_hardware_y -19.443148217404364 78.75 30.790000915527344 AB 3.8281608808487704 1.0866196085293132
62440.3383 lsst_hardware_g 2.3048519906410316 20.809999465942383 31.559999465942383 AB 5.090368110058916 1.0652648550923756
62440.349 lsst_hardware_r -25.97182627630907 26.559999465942383 31.530000686645508 AB 5.060584067618527 1.0779814820785725
62442.3524 lsst_hardware_i 7.195971929725967 31.459999084472656 31.25 AB 2.824946193473436 1.0910287509794094
62442.3645 lsst_hardware_z 13.411388001532236 56.349998474121094 30.969999313354492 AB 2.866830695894312 1.112756124683994
62451.3389 lsst_hardware_z -14.199638672979514 41.45000076293945 30.93000030517578 AB 2.687966994245855 1.1107301629115103
62451.3505 lsst_hardware_r 0.2987984053720615 23.690000534057617 31.479999542236328 AB 2.8162698523042864 1.1357071689905378
62458.3084 lsst_hardware_i 19.30677043687842 43.371592445995574 31.290000915527344 AB 4.970082698571868 1.090528293707486
62458.3201 lsst_hardware_r -19.57240605800831 35.9574022573381 31.56999969482422 AB 5.069210537619082 1.1113440231553593
62460.3147 lsst_hardware_z 70.5590871378943 83.7957075537681 31.719999313354492 AB 5.435059348829407 1.111464079515216
62461.3048 lsst_hardware_r 263.39465121898104 84.8398178130599 31.639999389648438 AB 4.541529752383696 1.0981815384799993
62461.3183 lsst_hardware_i 167.47288449682028 68.00947983086071 31.309999465942383 AB 4.710106997909712 1.1246002502021994
62465.1344 lsst_hardware_g 623.4919965081868 46.91018007685689 31.639999389648438 AB 9.0252231340286 1.1729193121679866
62465.1451 lsst_hardware_i 717.6466396473152 53.12743259998511 31.290000915527344 AB 8.78795513438406 1.1441656715195092
62466.2746 lsst_hardware_z 1661.2729410111865 78.08373777780987 31.709999084472656 AB 5.74545061796732 1.0735815542760485
62468.2955 lsst_hardware_i 1663.425313416131 53.674269334018206 31.25 AB 3.9159179100969985 1.1167862471460415
62468.307 lsst_hardware_r 2323.036091729192 58.9498917295936 31.549999237060547 AB 4.025084968432914 1.142732554679544
62475.2567 lsst_hardware_g 3477.8278411475285 60.43412016865843 31.350000381469727 AB 3.4364729399060123 1.0825241581055323
62475.2695 lsst_hardware_r 5156.161855380562 74.84323471062119 31.459999084472656 AB 3.506258344862189 1.103406591271013
62477.272 lsst_hardware_i 4364.464874487895 72.18893517068892 31.229999542236328 AB 5.0691495656613785 1.1190175641635831
62477.2871 lsst_hardware_z 3098.7318766205726 68.81708721729888 30.93000030517578 AB 5.266634862359201 1.154647270454196
62479.2155 lsst_hardware_z 3165.2055764080633 68.9025401119263 30.940000534057617 AB 5.645762462432992 1.0519564236010983
62479.2278 lsst_hardware_i 4812.09698839166 74.6431547044323 31.239999771118164 AB 5.923743404027278 1.0613333061848371
62481.1991 lsst_hardware_r 6477.784438249972 83.71810964991175 31.469999313354492 AB 10.5742897810397 1.0469593842613565
62481.2099 lsst_hardware_u 36.20547503700589 6.780216887693502 28.3799991607666 AB 10.014718724342211 1.0518741767361852
62483.1974 lsst_hardware_g 4077.2291530059656 65.81671854894263 31.420000076293945 AB 11.614612884016797 1.0483291057405157
62483.2098 lsst_hardware_r 6830.92645151826 84.95807054672184 31.489999771118164 AB 11.462673910233299 1.0554462419072443
62485.1969 lsst_hardware_i 10848.372510497184 116.5335381831095 32.029998779296875 AB 8.370167681865741 1.0506950406332467
62485.2106 lsst_hardware_z 6937.433771467154 102.9226395712233 31.709999084472656 AB 8.560976487999751 1.0605869761661737
62487.2003 lsst_hardware_r 7276.069396345264 101.41545436975902 31.6299991607666 AB 8.947431738587136 1.0565233049254827
62487.2137 lsst_hardware_z 3535.9072616034296 75.76387204196543 30.959999084472656 AB 9.003529375373692 1.069345109708213
62493.1794 lsst_hardware_r 12207.660058995878 146.46702892058804 32.400001525878906 AB 6.040658058344781 1.0532969587349226
62493.1925 lsst_hardware_z 5914.145711199626 107.1874158890891 31.729999542236328 AB 6.068261892183309 1.0641717236539203
62495.1808 lsst_hardware_g 2772.1681589413347 73.24355264825991 31.700000762939453 AB 7.0145718549548075 1.058417209564648
62495.1928 lsst_hardware_r 5397.210436522651 88.04653776569509 31.6200008392334 AB 7.264089785012426 1.0704392251315782
62497.1359 lsst_hardware_r 8507.076860651037 96.34356412388442 32.22999954223633 AB 5.054010851201139 1.0456754463768971
62497.15 lsst_hardware_i 8064.956255991369 100.77771535034266 32.02000045776367 AB 5.123611470339895 1.0456349939469174
62499.1243 lsst_hardware_z 2053.9469952531726 60.411212246244915 30.940000534057617 AB 7.854602224962577 1.047280296661677
62499.1369 lsst_hardware_r 3641.2106331070127 64.58362287559696 31.479999542236328 AB 7.499823767820366 1.045028857568949
62501.1757 lsst_hardware_r 3279.1220243336697 60.881396716054965 31.479999542236328 AB 7.0166528295704955 1.0696117118247708
62501.1878 lsst_hardware_i 3319.5310779849933 64.51514964872763 31.239999771118164 AB 7.079519357849829 1.0856077221161842
62503.1745 lsst_hardware_z 1855.397912280701 59.35307411029681 30.940000534057617 AB 5.138799708880458 1.0747629062075688
62503.1876 lsst_hardware_i 3025.6322898126305 62.48418921663403 31.229999542236328 AB 5.189538310564665 1.0939161700178477
62507.1151 lsst_hardware_u 6.562039437560097 3.262235695982717 28.40999984741211 AB 8.967418162049718 1.04503183335855
62507.1278 lsst_hardware_g 722.4986793872831 29.592547135366 31.3799991607666 AB 8.185091607083141 1.0468765578269474
62509.1126 lsst_hardware_r 1910.3728198796873 48.752014791441944 31.489999771118164 AB 6.107533836093799 1.045094770036589
62509.1249 lsst_hardware_i 2490.9558161866817 58.89280540340649 31.25 AB 6.067867261199037 1.0477496134221937
62510.1023 lsst_hardware_z 1767.1555422210874 58.57595203094928 30.950000762939453 AB 6.835222408783995 1.0453808073386854
62510.1163 lsst_hardware_r 1727.2079380141747 47.362619165091346 31.479999542236328 AB 6.87326774478001 1.0460002655273186
62512.103 lsst_hardware_z 1886.404306891728 59.235554231179485 30.959999084472656 AB 6.023080408742745 1.045038675933503
62512.1167 lsst_hardware_r 1660.9282197252107 48.18848706562569 31.540000915527344 AB 5.922918605547207 1.0477478516800296
62514.096 lsst_hardware_i 2448.1860257547887 61.40843912606055 31.290000915527344 AB 3.222886841448552 1.0450346437900448
62514.1077 lsst_hardware_z 1791.819148196873 60.97975203168989 30.959999084472656 AB 3.1676752768507455 1.046588747858176
62517.0944 lsst_hardware_r 1326.244890580129 69.00186173264048 31.639999389648438 AB 3.887101112860021 1.0454817409521304
62517.1063 lsst_hardware_z 1707.0877877281953 65.07978483700356 30.969999313354492 AB 3.9100001223150787 1.0491011865615987
62519.0928 lsst_hardware_y 578.0308207805772 56.17055767187854 30.049999237060547 AB 4.16384792001415 1.0462586644925258
62519.1055 lsst_hardware_r 1332.6234614292614 85.29941773232854 31.649999618530273 AB 4.12325869909693 1.0515164039775455
62521.0979 lsst_hardware_i 1834.0205395292762 76.71385308742626 31.329999923706055 AB 8.033517558657989 1.0503389630199371
62521.1108 lsst_hardware_z 1597.6110944997579 69.82257894781065 30.979999542236328 AB 8.142917018111648 1.0592756861181367
62523.0775 lsst_hardware_z 1449.5052344650057 61.31681351899634 30.969999313354492 AB 11.29041494050686 1.0454087907876721
62523.0917 lsst_hardware_r 965.8759698417545 64.78108748205058 31.639999389648438 AB 11.783180160701882 1.0499603618357658
62525.0736 lsst_hardware_u -1.0223975633684894 2.7269595963984345 28.34000015258789 AB 13.584912206620578 1.0456568365786425
62525.0864 lsst_hardware_r 769.9446154590967 35.05665648473225 31.469999313354492 AB 13.621852732362312 1.0500426074589382
62527.0763 lsst_hardware_i 1348.9008135013053 47.0371834759647 31.229999542236328 AB 12.492458680373675 1.04796644597956
62527.0917 lsst_hardware_z 1186.6938464563052 52.61947157576977 30.940000534057617 AB 14.429495612215458 1.0570284676738304
62529.0759 lsst_hardware_r 609.6395442230274 33.31154924116291 31.469999313354492 AB 12.27370231645438 1.0502611868382765
62529.0892 lsst_hardware_u -0.8012075918077903 2.635384590149053 28.309999465942383 AB 13.003667501684049 1.0594913840130402
62531.0702 lsst_hardware_g 132.54599658007547 18.35206418674239 31.3700008392334 AB 11.642976479344298 1.0501388083139658
62531.0833 lsst_hardware_r 572.9543766976502 32.73925803827468 31.469999313354492 AB 11.707518211964459 1.0591125341583556
62535.0645 lsst_hardware_r 1192.8664792248564 45.38496844210498 32.2400016784668 AB 8.333764510888177 1.053173829254161
62535.0777 lsst_hardware_g 324.7153013869843 25.69745096676549 32.13999938964844 AB 8.281947926956304 1.0640732248040734
62537.066 lsst_hardware_r 578.719690405677 31.562401961439374 31.479999542236328 AB 6.303285607600401 1.0583381459522379
62537.0789 lsst_hardware_i 968.8547629091267 43.203477176631004 31.239999771118164 AB 6.469364631552716 1.0713824948748631
62539.0639 lsst_hardware_z 695.3065457114955 48.63243510604856 30.940000534057617 AB 6.4880643709058194 1.061297334390265
62539.077 lsst_hardware_i 945.917982935093 42.52123110893051 31.229999542236328 AB 6.599342736616692 1.075804391123734
62772.3965 lsst_hardware_z -187.5610678590054 64.88999938964844 30.989999771118164 AB 4.1824512793796 1.0456128198449
62776.2421 lsst_hardware_g 27.017753227200767 29.1200008392334 33.060001373291016 AB 4.463731607129767 1.3283927109975016
62776.2577 lsst_hardware_r -10.115068130484255 44.939998626708984 32.959999084472656 AB 4.626298019608323 1.2584285670474868
62785.2819 lsst_hardware_z -29.160956943913096 59.08000183105469 30.969999313354492 AB 4.602292929453144 1.1143566415140784
62785.2929 lsst_hardware_r -71.63612550876297 80.80000305175781 31.639999389648438 AB 4.942007057418685 1.0941309303904192
62787.3791 lsst_hardware_y 18.156808961865917 66.58000183105469 30.059999465942383 AB 5.936493654244504 1.0570052206500598
62791.3726 lsst_hardware_z -25.59859030315675 52.20000076293945 30.969999313354492 AB 5.177984561484873 1.0607725815661444
62793.3544 lsst_hardware_z -21.180354887519496 42.900001525878906 30.950000762939453 AB 4.005576260007497 1.0513323517080617
62793.3656 lsst_hardware_r -76.73116840757038 32.70000076293945 31.579999923706055 AB 4.076752591625203 1.0594012538331037
62794.2513 lsst_hardware_g -17.670348672878493 22.780000686645508 32.22999954223633 AB 1.4186917946405755 1.1271386080301182
62794.2633 lsst_hardware_i -76.88583138183365 45.34000015258789 32.0099983215332 AB 1.417961433036644 1.102899740500371
62796.3581 lsst_hardware_r 4.357533314078815 22.770000457763672 31.489999771118164 AB 3.4154373227538937 1.060008997104702
62796.3698 lsst_hardware_u -2.0957098329119312 6.940000057220459 29.059999465942383 AB 3.435798492912466 1.0722908170339727
62803.3603 lsst_hardware_r -15.21986431551947 23.31999969482422 31.510000228881836 AB 3.915367261260645 1.0852907496795652
62817.3318 lsst_hardware_z -25.332072919272733 56.58000183105469 30.969999313354492 AB 4.05732123501556 1.1012611074209606
62817.343 lsst_hardware_r -3.480675091071734 74.16999816894531 31.6299991607666 AB 4.1088126511903775 1.1233937528886881
62819.2571 lsst_hardware_r -20.61084865986629 56.06999969482422 31.639999389648438 AB 5.906460360706121 1.0452062220328118
62819.2681 lsst_hardware_z -69.597903070256 49.7599983215332 30.969999313354492 AB 6.044690270226144 1.0456132624506906
62822.3219 lsst_hardware_g 8.245102484450262 34.279998779296875 31.649999618530273 AB 4.193489627402988 1.1082160748950813
62822.3339 lsst_hardware_i 8.76009042380165 37.25 31.260000228881836 AB 3.5957921056698297 1.1336040686222295
62827.2499 lsst_hardware_r -24.634018356732167 30.209999084472656 32.22999954223633 AB 3.2649558217727748 1.0464322497068266
62827.2588 lsst_hardware_i 4.591966969765418 41.95000076293945 31.989999771118164 AB 3.1075820370344043 1.049858796295407
62829.3188 lsst_hardware_z 14.116966513706846 42.04999923706055 30.940000534057617 AB 10.663935654198488 1.1432178016937644
62829.33 lsst_hardware_r -0.846369008061347 22.030000686645508 31.459999084472656 AB 11.02551321420681 1.1732597773348235
62833.3065 lsst_hardware_g 21.16765401684649 12.770000457763672 31.350000381469727 AB 4.0091401921000775 1.1398507902765165
62833.3189 lsst_hardware_i -10.822105283918015 30.93000030517578 31.229999542236328 AB 4.136266005889197 1.1727434096651759
62836.1655 lsst_hardware_i -43.14126949844117 31.06999969482422 31.25 AB 8.801657893039623 1.0765676062755416
62842.2951 lsst_hardware_r -34.99957917843735 51.36000061035156 31.600000381469727 AB 4.889556592643249 1.1749975791357319
62842.3076 lsst_hardware_z -50.689496474459574 51.08000183105469 30.950000762939453 AB 5.055709544605874 1.2149253952113408
62844.2202 lsst_hardware_z 89.54132771669983 84.36000061035156 31.739999771118164 AB 5.681084054758374 1.0545751203820943
62849.1996 lsst_hardware_g 97.12682922909934 55.20000076293945 31.709999084472656 AB 7.982386146485711 1.0503139666428567
62849.212 lsst_hardware_r -17.167434943910276 52.459999084472656 31.6299991607666 AB 8.272900809951764 1.0588183630485741
62851.1899 lsst_hardware_i 27.668868724622797 37.119998931884766 31.280000686645508 AB 10.787146908320002 1.048332628831796
62851.2042 lsst_hardware_r 60.417072156038245 37.959999084472656 31.59000015258789 AB 10.88235528272598 1.0569024360529908
62853.1893 lsst_hardware_u -1.6585525485294381 2.619999885559082 28.43000030517578 AB 3.4995262645093543 1.050645863750554
62853.2027 lsst_hardware_g -41.97803617910135 16.780000686645508 31.5 AB 3.5183922097693783 1.0602357118485395
62855.1934 lsst_hardware_r 42.052514432033206 21.540000915527344 31.489999771118164 AB 4.073063953492082 1.0570006583312601
62855.206 lsst_hardware_i -7.819018657061351 29.93000030517578 31.25 AB 4.046830025902939 1.0691286229323955
62858.1948 lsst_hardware_z 140.84137010074838 41.08000183105469 30.940000534057617 AB 6.2307091340865055 1.0658376280689674
62858.2071 lsst_hardware_r 31.76024265133873 21.6299991607666 31.479999542236328 AB 6.2564650500330234 1.080921729996923
62860.1341 lsst_hardware_z 19.508288611131395 40.709999084472656 30.940000534057617 AB 6.685274087131734 1.0479307292314028
62860.1475 lsst_hardware_i 25.581089885434757 29.59000015258789 31.239999771118164 AB 6.686264085892691 1.0450553432154877
62863.125 lsst_hardware_u 1.0171605251603903 2.609999895095825 28.43000030517578 AB 6.4994207343037065 1.0482936668231784
62863.1378 lsst_hardware_g 12.311003932769374 12.699999809265137 31.389999389648438 AB 6.397631121165105 1.045151091879127
62865.1697 lsst_hardware_i -60.309263825970554 29.6200008392334 31.239999771118164 AB 9.858306522610466 1.06003295942048
62865.1821 lsst_hardware_r 36.836834520661846 21.420000076293945 31.469999313354492 AB 9.980455012416591 1.0731672056361925
62866.173 lsst_hardware_z -11.589521391611148 41.08000183105469 30.950000762939453 AB 7.016472116788017 1.0658876786735556
62866.1857 lsst_hardware_g -3.1778323801897748 12.760000228881836 31.3799991607666 AB 7.0928149549491835 1.0815515332340933
62870.1736 lsst_hardware_z -51.188540887012955 48.689998626708984 30.959999084472656 AB 2.7958748665857924 1.0799053173371156
62870.1857 lsst_hardware_r 13.28868088075307 51.34000015258789 31.610000610351562 AB 2.7954085102922113 1.0988240999576302
62874.1141 lsst_hardware_z 3.4826472504688213 84.48999786376953 31.739999771118164 AB 6.01727214935122 1.0451491690628565
62881.0956 lsst_hardware_z -24.679448578393853 40.619998931884766 30.950000762939453 AB 5.669630504418136 1.045205568233413
62881.1078 lsst_hardware_u 2.236702124645194 2.609999895095825 28.43000030517578 AB 5.68783184828381 1.0482711397368452
62883.0943 lsst_hardware_g 15.89601737065803 12.770000457763672 31.399999618530273 AB 2.0973997112050053 1.045823840042386
62883.1078 lsst_hardware_r -1.7262151897907336 21.59000015258789 31.489999771118164 AB 2.043448584866402 1.0508863897487282
62887.0839 lsst_hardware_z 6.88509997882064 57.41999816894531 31.700000762939453 AB 13.1662208246889 1.0459342885834844
62887.1092 lsst_hardware_i 38.506571793194176 41.84000015258789 31.979999542236328 AB 13.352493924046074 1.0596656730368292
62887.1635 lsst_hardware_u 5.1987503088408005 3.569999933242798 29.059999465942383 AB 13.71041202101251 1.1509909211578826
62887.1908 lsst_hardware_g -0.2506646959837552 18.1200008392334 32.06999969482422 AB 14.22442283714585 1.2369063336648565
62891.0774 lsst_hardware_r 29.595081259884772 21.469999313354492 31.489999771118164 AB 7.207176922080985 1.047136235092221
62891.09 lsst_hardware_i 12.174910316484038 29.770000457763672 31.25 AB 8.520364852322171 1.053327339884052
62893.0732 lsst_hardware_z 52.53318659624876 40.880001068115234 30.950000762939453 AB 11.942313412666396 1.0475713519882803
62893.0851 lsst_hardware_u 4.054004289907406 2.619999885559082 28.43000030517578 AB 11.960200477840672 1.0537002652860827
62906.0641 lsst_hardware_i -85.08775261682881 56.29999923706055 31.31999969482422 AB 6.450614534259926 1.0662466515760642
62906.0764 lsst_hardware_z 53.15456505176839 54.5 30.979999542236328 AB 6.395036125906158 1.0814604497022815
