data/validation/pwv_sim_epoch_fit_seasonal/63467579.ecsv
# %ECSV 0.9
# ---
# datatype:
# - {name: time, datatype: float64}
# - {name: band, datatype: string}
# - {name: flux, datatype: float64}
# - {name: fluxerr, datatype: float64}
# - {name: zp, datatype: float64}
# - {name: zpsys, datatype: string}
# - {name: pwv, datatype: float64}
# - {name: airmass, datatype: float64}
# meta: {SNID: '63467579', alt: 1024.0, c: 0.0707547515630722, dec: -23.643314, lat: -30.244573, lon: -70.7499537, ra: 27.597656, t0: 62770.4453125,
#   x0: 5.1870919307466235e-05, x1: 1.0520249605178833, z: 0.22657300531864166}
# schema: astropy-2.0
time band flux fluxerr zp zpsys pwv airmass
[from data line 133]
63122.2636 lsst_hardware_z -56.38555400486155 40.7599983215332 30.950000762939453 AB 3.676434315726784 1.0241952823847105
63122.2816 lsst_hardware_r -19.70302169922728 22.299999237060547 31.489999771118164 AB 3.599616406192239 1.0104186403346636
63124.1555 lsst_hardware_i -1.278754265324378 33.459999084472656 31.200000762939453 AB 1.918493313423424 1.3843607793795003
63124.1715 lsst_hardware_r -43.15275443241903 23.6200008392334 31.450000762939453 AB 1.2937256150052676 1.2825037075647396
63133.172 lsst_hardware_z -3.0623268253746443 44.119998931884766 30.940000534057617 AB 4.4776213677871795 1.166047231194578
63133.1911 lsst_hardware_i 38.05787268913764 33.720001220703125 31.25 AB 4.093110938896749 1.1037106482126866
63141.1399 lsst_hardware_z -178.699403290111 111.23999786376953 31.719999313354492 AB 5.303506140773551 1.208294387600057
63143.0717 lsst_hardware_z -13.022209005332087 48.75 30.8799991607666 AB 3.881757411688866 1.6872315611516508
63143.0907 lsst_hardware_r -33.85116511989896 47.43000030517578 31.510000228881836 AB 3.124472513696379 1.4878440541411329
63145.0931 lsst_hardware_r -33.77149121918992 24.270000457763672 31.420000076293945 AB 4.902600377986205 1.422349125666989
63145.1134 lsst_hardware_i 8.177004177110481 32.68000030517578 31.219999313354492 AB 4.430719512074782 1.2868152898228518
63147.098 lsst_hardware_z -42.86939366782162 44.970001220703125 30.920000076293945 AB 12.921512772711694 1.3477809353789347
63147.1173 lsst_hardware_i -15.409300132726836 32.09000015258789 31.229999542236328 AB 11.142065073838134 1.23738853615838
63148.1835 lsst_hardware_u -0.35313509402839965 2.690000057220459 28.440000534057617 AB 3.3691540457471536 1.0353884590496565
63148.2019 lsst_hardware_g -7.586218179741838 14.09000015258789 31.440000534057617 AB 3.3289191145079826 1.0157401691948686
63149.099 lsst_hardware_u 0.6777777325823127 2.509999990463257 28.200000762939453 AB 4.136716330790282 1.3070882081594644
63149.1175 lsst_hardware_g 13.907135881388948 14.079999923706055 31.3700008392334 AB 3.8737215620431718 1.210790236104346
63151.0962 lsst_hardware_u 3.9216898446235104 2.5299999713897705 28.209999084472656 AB 7.465106993488409 1.2914851422496043
63151.1148 lsst_hardware_g 19.311006334030292 14.149999618530273 31.3799991607666 AB 6.927547296091497 1.198641283171792
63155.0987 lsst_hardware_z -71.46285800554287 43.369998931884766 30.93000030517578 AB 9.501647221982795 1.2218672753203474
63155.1178 lsst_hardware_r 29.88316794363908 23.049999237060547 31.469999313354492 AB 8.936622068560867 1.144791246666493
63157.0966 lsst_hardware_u -0.1312299382716763 2.5799999237060547 28.280000686645508 AB 10.510739924916182 1.2065823473604254
63157.1167 lsst_hardware_r 12.904489761596995 23.110000610351562 31.479999542236328 AB 9.586174891657528 1.1302452268652394
63158.1605 lsst_hardware_r -20.44505514537289 22.700000762939453 31.5 AB 3.968601808819653 1.0297358092424769
63158.1786 lsst_hardware_u -0.17864269536280694 2.680000066757202 28.440000534057617 AB 2.632325196900283 1.012984714838322
63159.1035 lsst_hardware_i -38.533332260295325 31.489999771118164 31.239999771118164 AB 3.7404744013489517 1.1567881247406684
63159.1226 lsst_hardware_z 78.65308735442999 41.810001373291016 30.940000534057617 AB 3.5717151918584156 1.096964125263641
63160.1647 lsst_hardware_g 6.329660472077768 14.079999923706055 31.440000534057617 AB 2.6606700292922163 1.0194138043265197
63160.182 lsst_hardware_i -18.304714170585065 30.260000228881836 31.260000228881836 AB 2.5326338756912854 1.008749552187182
63162.1653 lsst_hardware_z 79.8035151600119 41.939998626708984 30.950000762939453 AB 4.7896404460209325 1.0145572955861537
63162.1832 lsst_hardware_r 23.598751541457048 27.059999465942383 31.549999237060547 AB 3.2647726956572156 1.007231395204689
63169.1473 lsst_hardware_i -102.41964535907199 88.13999938964844 31.34000015258789 AB 5.615931857171135 1.0137976093818613
63169.1643 lsst_hardware_z -77.81483805508077 74.56999969482422 31.0 AB 5.593767687223866 1.007205525496082
63171.1478 lsst_hardware_r 18.77111304063911 82.36000061035156 31.65999984741211 AB 4.675140076226155 1.0104223639701133
63171.1666 lsst_hardware_z 85.33113006977194 61.279998779296875 30.989999771118164 AB 4.641699052279075 1.0072767302135277
63180.1134 lsst_hardware_u 0.6177575381455013 2.75 28.510000228881836 AB 9.570020003228047 1.0166091855700181
63180.1311 lsst_hardware_g 12.596088773829688 13.859999656677246 31.450000762939453 AB 8.87286974464426 1.0077271662886966
63185.0955 lsst_hardware_i 10.46500350297193 30.030000686645508 31.25 AB 4.285152958617897 1.020274513956642
63185.1137 lsst_hardware_r 12.655107528141508 22.280000686645508 31.5 AB 4.236792835399365 1.0087601989046107
63186.015 lsst_hardware_y -66.82646746688415 67.01000213623047 30.010000228881836 AB 8.029371943226549 1.2174938503756148
63186.0337 lsst_hardware_r -30.090412354759845 22.940000534057617 31.479999542236328 AB 7.430408912802447 1.142920040423281
63187.0152 lsst_hardware_y -22.99078166751893 67.51000213623047 30.010000228881836 AB 4.215105349662297 1.2043158141892276
63187.0322 lsst_hardware_r 0.34286890058454195 22.979999542236328 31.479999542236328 AB 3.9856151941772606 1.1387471983363602
63188.0912 lsst_hardware_u -1.5919231567019083 2.640000104904175 28.40999984741211 AB 5.595874428749599 1.0168924531687011
63188.1114 lsst_hardware_g -10.693180447829112 13.539999961853027 31.40999984741211 AB 5.5034189052562175 1.0073372004739873
63189.0171 lsst_hardware_y 26.423428756373276 69.16999816894531 30.030000686645508 AB 6.683340284186421 1.1737513670857782
63189.0331 lsst_hardware_z 1.9300730150003813 42.61000061035156 30.940000534057617 AB 6.2686515941333605 1.1184700120375926
63193.0209 lsst_hardware_y 48.38303450481718 66.97000122070312 30.040000915527344 AB 8.523025140958497 1.1223736811138763
63193.0371 lsst_hardware_r 28.05757105859847 49.65999984741211 31.6200008392334 AB 8.236567392285846 1.078731882209333
63194.071 lsst_hardware_i -9.506357610122848 54.279998779296875 31.31999969482422 AB 7.698460582201511 1.020204158786256
63194.091 lsst_hardware_z 16.2646131174423 53.34000015258789 30.979999542236328 AB 8.02045572604105 1.0081860042790225
63195.0326 lsst_hardware_z -27.135695091839647 92.69000244140625 31.729999542236328 AB 6.740453048070429 1.0765203973707387
63198.0473 lsst_hardware_i -160.3402437917117 73.48999786376953 31.34000015258789 AB 3.952777064604888 1.03493901150416
63198.0563 lsst_hardware_r -45.90901344374635 92.62999725341797 31.65999984741211 AB 3.9566143545202572 1.023968518250694
63205.0612 lsst_hardware_z 0.48875000803613516 40.36000061035156 30.950000762939453 AB 1.5267988602359606 1.0081207396733805
63205.08 lsst_hardware_r 27.60284039375245 22.1299991607666 31.5 AB 1.414231939541402 1.0087246359064022
63215.0296 lsst_hardware_z 7.422507325294809 62.79999923706055 30.989999771118164 AB 7.655885038431665 1.0095677454701557
63215.0482 lsst_hardware_g 18.69320277735893 14.850000381469727 31.469999313354492 AB 7.738399697038891 1.007552227206902
