data/validation/pwv_sim_epoch_fit_seasonal/63695305.ecsv
# %ECSV 0.9
# ---
# datatype:
# - {name: time, datatype: float64}
# - {name: band, datatype: string}
# - {name: flux, datatype: float64}
# - {name: fluxerr, datatype: float64}
# - {name: zp, datatype: float64}
# - {name: zpsys, datatype: string}
# - {name: pwv, datatype: float64}
# - {name: airmass, datatype: float64}
# meta: {SNID: '63695305', alt: 1024.0, c: 0.003482388099655509, dec: -20.105511, lat: -30.244573, lon: -70.7499537, ra: 38.144531, t0: 62836.1484375,
#   x0: 2.3431832461851066e-06, x1: 0.916468620300293, z: 0.8355312347412109}
# schema: astropy-2.0
time band flux fluxerr zp zpsys pwv airmass
62721.4089 lsst_hardware_z 48.5100716639962 40.75 30.950000762939453 AB 1.4274779273462888 1.019627090961635
62721.4307 lsst_hardware_y -63.35975929480308 54.650001525878906 30.059999465942383 AB 1.886734348388225 1.0172902669239172
62724.4062 lsst_hardware_z -56.5994326450699 40.599998474121094 30.950000762939453 AB 6.146807996480831 1.0175430536318109
62724.4263 lsst_hardware_y -85.99854213268466 52.0099983215332 30.059999465942383 AB 5.039893536128204 1.0185032407130086
62730.3836 lsst_hardware_i 97.45152766099461 58.599998474121094 31.329999923706055 AB 3.8848539199152907 1.0199813376869815
62730.4037 lsst_hardware_y -33.192509148256946 51.29999923706055 30.059999465942383 AB 3.9624250948245985 1.0167668371195377
62732.4006 lsst_hardware_r -85.56829466877511 50.150001525878906 31.639999389648438 AB 1.9318025709646 1.0172736024036861
62732.4201 lsst_hardware_y -59.690357622375224 53.83000183105469 30.059999465942383 AB 2.2898164478586893 1.0286686648062395
62734.3668 lsst_hardware_y 18.308706476343655 47.22999954223633 30.049999237060547 AB 1.8993434931651536 1.0234910376748774
62734.3861 lsst_hardware_g -5.959498634450636 28.18000030517578 31.649999618530273 AB 1.117973464605772 1.0163395132779744
62739.3281 lsst_hardware_z -65.95793136322598 41.150001525878906 30.950000762939453 AB 2.891491110827867 1.0521527481937778
62739.3451 lsst_hardware_r 19.6216826796116 22.229999542236328 31.489999771118164 AB 2.416237486506539 1.0302320152813553
62741.3259 lsst_hardware_u 1.3967128828045787 2.630000114440918 28.420000076293945 AB 3.2008376278313704 1.0471089780812508
62741.3437 lsst_hardware_r 29.898643914761127 22.06999969482422 31.5 AB 3.121565390598256 1.0265493200103883
62743.3142 lsst_hardware_i 50.199882752657885 30.209999084472656 31.239999771118164 AB 3.144070245419857 1.0571264484460152
62743.3298 lsst_hardware_z -70.5618687073119 40.720001220703125 30.940000534057617 AB 3.096822985439907 1.0348614821854325
62746.2502 lsst_hardware_g -12.489906783287783 19.5 32.11000061035156 AB 3.5725230383472772 1.228409881663295
62746.2728 lsst_hardware_r -5.96155902716112 32.43000030517578 32.22999954223633 AB 3.33326129054003 1.1388302675307285
62754.277 lsst_hardware_z -10.610695887481098 57.779998779296875 30.979999542236328 AB 3.645623021147709 1.0705627509243467
62754.2961 lsst_hardware_i -10.298643179216132 61.36000061035156 31.329999923706055 AB 2.82604646510575 1.0392742355817781
62756.2759 lsst_hardware_z -29.426753065112038 69.5199966430664 30.989999771118164 AB 3.8382169085381888 1.062139168491457
62756.2929 lsst_hardware_r -154.17244581767613 101.75 31.65999984741211 AB 3.2829325893915278 1.0364973445774135
62761.2722 lsst_hardware_r 36.20537919492867 56.779998779296875 31.639999389648438 AB 2.087560778203338 1.045784809987424
62761.2891 lsst_hardware_i 52.586322294422295 49.279998779296875 31.31999969482422 AB 2.045737112253808 1.0265470162685328
62763.2665 lsst_hardware_i -41.441249891871 36.119998931884766 31.270000457763672 AB 5.80211688413311 1.0461333124423007
62763.2868 lsst_hardware_z 17.356376117299302 43.310001373291016 30.950000762939453 AB 5.685433424556381 1.0240795108851621
62769.2279 lsst_hardware_z 9.378102966422357 41.79999923706055 30.950000762939453 AB 6.519109743489057 1.0884836082074396
62769.2465 lsst_hardware_r 26.43442454490991 22.420000076293945 31.489999771118164 AB 6.280804323754552 1.0516646697232286
62770.2609 lsst_hardware_u -1.1514595075933494 2.619999885559082 28.399999618530273 AB 3.2495653780375733 1.0298099756100692
62770.2745 lsst_hardware_g 0.7749687078304738 13.579999923706055 31.40999984741211 AB 3.2175372537156033 1.019929391498962
62779.1974 lsst_hardware_z -8.919361827666414 44.380001068115234 30.950000762939453 AB 6.80181693514877 1.0963304663772362
62779.216 lsst_hardware_r 34.368938839659535 33.4900016784668 31.579999923706055 AB 7.1284295365836465 1.0569770720252534
62784.2219 lsst_hardware_r 114.00449555304169 100.9000015258789 31.670000076293945 AB 2.6904691102500156 1.0305678410049395
62784.2407 lsst_hardware_i -21.266457160273777 78.66999816894531 31.350000381469727 AB 2.6761836321260417 1.018076451480868
62786.1995 lsst_hardware_z -2.317295500889254 76.30000305175781 30.989999771118164 AB 6.440550479822618 1.0526068554949466
62786.2176 lsst_hardware_r 23.24170014909667 112.83999633789062 31.670000076293945 AB 5.661928205399704 1.0294414918908552
62788.1988 lsst_hardware_z -143.26955024420806 62.0 30.979999542236328 AB 8.559136571163116 1.0453268894923198
62788.216 lsst_hardware_r -64.72192220461862 80.83999633789062 31.65999984741211 AB 6.464032621927093 1.0260369241154117
62792.2423 lsst_hardware_r 12.426207838985452 35.939998626708984 31.600000381469727 AB 5.088256120549675 1.0191799941010866
62792.2607 lsst_hardware_z -27.535085604927104 44.20000076293945 30.959999084472656 AB 5.3120457241694385 1.0330699580259508
62795.1784 lsst_hardware_u -0.6811349050676321 2.869999885559082 28.56999969482422 AB 2.628147085391457 1.0472096236119497
62795.1953 lsst_hardware_g -19.286271453347354 14.199999809265137 31.450000762939453 AB 2.56466593422341 1.0273731876979877
62798.2076 lsst_hardware_z -5.205075462932391 40.93000030517578 30.959999084472656 AB 2.286333090923756 1.0167505592610988
62798.2242 lsst_hardware_r 20.561276860213205 22.829999923706055 31.510000228881836 AB 1.797607304004148 1.0184743932034832
62800.179 lsst_hardware_u 1.4782677432805402 2.852217794190407 28.559999465942383 AB 1.2649366586585329 1.0297991793695733
62800.1952 lsst_hardware_r -4.216571961451555 22.930495856009557 31.520000457763672 AB 1.2921202986805935 1.018754506187397
62802.1687 lsst_hardware_i -8.999254982576188 30.64149887963948 31.260000228881836 AB 2.1542697614077007 1.0348773873856048
62802.1853 lsst_hardware_z 26.331925076910572 41.014608847269535 30.959999084472656 AB 2.1516873483039354 1.020885978951532
62808.1619 lsst_hardware_y 125.19207744134107 47.76064626856364 30.059999465942383 AB 4.004729361668291 1.0256264371696424
62808.182 lsst_hardware_g 47.27841138545757 30.229568371051663 31.670000076293945 AB 3.7956225401111294 1.0165030905493115
62814.1256 lsst_hardware_z 149.55945180678805 76.69861818781827 31.0 AB 6.869876241649267 1.0485959309546313
62814.1427 lsst_hardware_r -34.91485995481559 110.51951019065783 31.670000076293945 AB 6.834714627193762 1.0280085172887719
62818.1279 lsst_hardware_r 228.37817856297772 65.4727368793389 31.649999618530273 AB 5.158726084440886 1.031745216888177
62818.1473 lsst_hardware_z 343.52967789718105 55.99475224767153 30.979999542236328 AB 5.091362743100295 1.018272548620059
62821.1773 lsst_hardware_z 374.21397330458564 47.770364497989355 30.950000762939453 AB 5.700782167807597 1.0288363414198876
62821.1961 lsst_hardware_r 355.9175786086787 41.509154898799515 31.59000015258789 AB 5.793534206111437 1.0526999556848256
62828.1105 lsst_hardware_g 193.30029823596203 23.357496222111923 32.16999816894531 AB 7.0427428207972484 1.0232454790305108
62828.1315 lsst_hardware_r 1128.9127106897643 45.385348934531 32.25 AB 6.707606386620903 1.016303997972864
62830.0917 lsst_hardware_i 779.2816469787278 41.14270119463119 31.239999771118164 AB 5.357168527435117 1.0355017932608712
62830.1111 lsst_hardware_z 496.9027029840377 46.89864531767016 30.950000762939453 AB 5.208969087065051 1.0197169455420254
62832.0983 lsst_hardware_r 556.2836876824056 32.21139747160531 31.5 AB 3.8961200684896364 1.024149324699939
62832.1171 lsst_hardware_u 0.30464753248003357 2.8050843600229864 28.510000228881836 AB 3.8759109058470127 1.0164324148291137
62834.0984 lsst_hardware_g 58.4029886752571 16.21707961962465 31.43000030517578 AB 5.125817887473385 1.020621810438227
62834.1177 lsst_hardware_i 860.3736210779261 41.65975490593775 31.260000228881836 AB 5.091063792778992 1.0164678221278123
62839.0758 lsst_hardware_r 454.0838183385652 58.52121723455845 31.639999389648438 AB 3.5865054817623165 1.0268183848152836
62839.0951 lsst_hardware_y 285.94247647411316 51.69007765406866 30.059999465942383 AB 2.6437955966556226 1.0168444602521625
62850.1107 lsst_hardware_g 22.380966989832253 14.216837443802099 31.389999389648438 AB 8.114220256657303 1.0433479578755027
62850.1293 lsst_hardware_i 598.0281442368794 43.998359934052274 31.270000457763672 AB 8.471869411084175 1.0759070439127818
62852.0479 lsst_hardware_y 297.25530169387287 49.780610570072156 30.059999465942383 AB 11.1505590076698 1.0213784719176038
62852.0683 lsst_hardware_z 442.1040352103216 45.708595483665974 30.950000762939453 AB 11.08316847068875 1.0164392125785555
62854.0469 lsst_hardware_y 282.10742161223357 50.901144293747514 30.059999465942383 AB 4.247629221831483 1.019104899671661
62854.0661 lsst_hardware_u 6.643027644112211 2.796079610744972 28.530000686645508 AB 4.26249188968735 1.0169371083591434
62856.0501 lsst_hardware_z 406.26303856802843 46.08027288237495 30.959999084472656 AB 4.446625544305298 1.016603919594261
62856.0707 lsst_hardware_r 170.36532267423485 26.187864068463178 31.510000228881836 AB 4.488441349073905 1.0207189241373178
62859.0343 lsst_hardware_y 301.79844662141153 73.00988577672784 30.079999923706055 AB 6.794331020509437 1.0186657868276725
62859.0568 lsst_hardware_z 320.6707521153896 45.127651247171805 30.950000762939453 AB 6.548263995322227 1.0181550175421
63083.3704 lsst_hardware_r -33.958004230376446 102.7699966430664 32.38999938964844 AB 2.185797839112072 1.08252472428167
63083.3936 lsst_hardware_z -105.05390571014765 78.77999877929688 31.729999542236328 AB 1.5542520630336012 1.0412005111596725
63088.3716 lsst_hardware_z -51.27251047131807 44.310001373291016 30.959999084472656 AB 5.3804960998503155 1.0535875656506606
63088.3979 lsst_hardware_y 81.33595551905654 47.560001373291016 30.059999465942383 AB 5.3208592041797065 1.0232421546499435
63091.4065 lsst_hardware_i 62.09151851051395 30.469999313354492 31.260000228881836 AB 4.560395216426828 1.0165272145838569
63091.427 lsst_hardware_y -117.0212832384167 52.779998779296875 30.059999465942383 AB 4.750916054757126 1.02111679067713
63094.4003 lsst_hardware_g -3.0704509591517013 13.670000076293945 31.43000030517578 AB 4.958557201084095 1.0163581247418079
63094.4202 lsst_hardware_y 23.633888679569566 48.88999938964844 30.059999465942383 AB 4.840591104573928 1.0219404161662058
63108.3376 lsst_hardware_i 13.298977556341441 49.900001525878906 31.309999465942383 AB 2.6905353466187187 1.0277063967221995
63108.3581 lsst_hardware_z 20.333894333160487 48.61000061035156 30.969999313354492 AB 2.668583913384385 1.0168293576544825
63110.3028 lsst_hardware_r -89.54568048393642 91.47000122070312 31.649999618530273 AB 1.6291134048007387 1.0694983783362801
63110.3207 lsst_hardware_z -53.11518091188446 62.939998626708984 30.989999771118164 AB 1.6184553512601307 1.0401384005527832
63113.3109 lsst_hardware_y -186.65320679964015 75.30999755859375 30.809999465942383 AB 2.4204135219011484 1.0422708674350947
63118.3378 lsst_hardware_z -62.10330318875675 41.95000076293945 30.950000762939453 AB 4.386836933116294 1.0163537638265379
63118.3582 lsst_hardware_r -35.09794208890928 29.09000015258789 31.559999465942383 AB 4.5042915434508775 1.0243234255878455
63123.2747 lsst_hardware_g 1.1746915951794368 13.619999885559082 31.420000076293945 AB 2.2038893538714923 1.0558396776771761
63123.2905 lsst_hardware_i 4.212804773155795 30.100000381469727 31.25 AB 2.1458269720518954 1.0338013354997542
63132.3546 lsst_hardware_i 35.48244171702344 43.33000183105469 31.989999771118164 AB 1.9007140804212164 1.0717305218049025
63132.3972 lsst_hardware_z 23.7482288371863 80.3499984741211 31.709999084472656 AB 1.6943472071472063 1.203656552555616
63139.22 lsst_hardware_y -120.5195233201578 81.62000274658203 30.799999237060547 AB 4.187493902444409 1.0770303247025221
63144.2054 lsst_hardware_i 23.07590815773728 51.060001373291016 31.309999465942383 AB 6.76412605607622 1.0790948241543186
63144.2211 lsst_hardware_z 21.281077900366093 51.119998931884766 30.969999313354492 AB 7.129266827662196 1.0497724023797759
63146.2246 lsst_hardware_r -14.080759259672035 32.47999954223633 31.579999923706055 AB 4.2165770401158476 1.0373946587677418
63146.244 lsst_hardware_z 73.70798514786269 43.91999816894531 30.959999084472656 AB 4.170163234283428 1.0205355116020693
63148.218 lsst_hardware_g -7.690289898189564 13.880000114440918 31.420000076293945 AB 3.153196757601475 1.0388019517149678
63148.2364 lsst_hardware_i -48.53308801083519 30.239999771118164 31.260000228881836 AB 3.2048980647603704 1.0217528367992679
63150.2026 lsst_hardware_z -29.54156497161132 41.0 30.940000534057617 AB 4.067251627936093 1.0531464598488636
63150.2203 lsst_hardware_r 1.428445294771954 22.579999923706055 31.5 AB 3.7085402477595406 1.0301500688220946
63152.2018 lsst_hardware_u 0.7900962176508818 2.6700000762939453 28.43000030517578 AB 6.814377629622234 1.045952053664395
63152.2196 lsst_hardware_g 1.3923218353137619 13.930000305175781 31.43000030517578 AB 5.9631634186521705 1.0259058798272043
63154.199 lsst_hardware_r -17.661062689891466 22.760000228881836 31.5 AB 6.836251995200745 1.0422175010469679
63154.2169 lsst_hardware_i 26.60586137528453 30.229999542236328 31.25 AB 6.470459957265205 1.023806955263549
63156.2463 lsst_hardware_z -19.51548989167045 40.84000015258789 30.950000762939453 AB 5.331728136614363 1.0194508865420038
63156.2635 lsst_hardware_r 19.100112991841534 22.829999923706055 31.510000228881836 AB 6.315473501096006 1.0324180858941108
63160.1792 lsst_hardware_g 2.3072644477417317 14.100000381469727 31.43000030517578 AB 2.619753015224094 1.0470635552456145
63160.1969 lsst_hardware_i 7.576412962912773 30.40999984741211 31.25 AB 2.647286805197125 1.026610705221222
63162.1809 lsst_hardware_z -34.91857943661761 41.95000076293945 30.950000762939453 AB 3.332512441886852 1.0374117801869716
63162.1993 lsst_hardware_r -3.0826881713817733 25.81999969482422 31.530000686645508 AB 3.3039137249141444 1.0210921164874525
63164.183 lsst_hardware_y -205.48287304899642 68.2699966430664 30.809999465942383 AB 4.728001325553122 1.0292621211950994
63167.1647 lsst_hardware_r -68.9509108072254 90.18000030517578 31.65999984741211 AB 3.103668233971752 1.040626398649372
63167.1827 lsst_hardware_i -20.75739186462291 71.83999633789062 31.34000015258789 AB 2.0782163617096074 1.0229120730315917
63169.1656 lsst_hardware_z -36.49834691156031 77.76000213623047 31.0 AB 5.710411660824706 1.0330444866038997
63169.1825 lsst_hardware_r 38.90994467654243 114.72000122070312 31.670000076293945 AB 5.2067781387428 1.0198703588553408
63180.1288 lsst_hardware_u 2.0002166305973765 2.799999952316284 28.530000686645508 AB 9.182317817510572 1.0411578143673639
63180.1468 lsst_hardware_g -7.0405140770810215 13.989999771118164 31.450000762939453 AB 9.034881316939769 1.0231835545127237
63182.1314 lsst_hardware_r 36.23574121578042 22.360000610351562 31.479999542236328 AB 4.31654423916574 1.0316788334526148
63182.1495 lsst_hardware_z -7.795888216591029 40.58000183105469 30.950000762939453 AB 4.297784417097664 1.0187542075924827
63185.1293 lsst_hardware_r 16.73309525284861 22.59000015258789 31.5 AB 4.294326331225052 1.0260620826055915
63185.1474 lsst_hardware_u 1.052078938620569 2.6500000953674316 28.420000076293945 AB 4.260439671832942 1.0169125024762866
63188.1091 lsst_hardware_u 4.774671338343514 2.619999885559082 28.399999618530273 AB 5.779583086916346 1.038403908414279
63188.1298 lsst_hardware_g -9.983415739935655 13.59000015258789 31.40999984741211 AB 4.890715575936542 1.0202807084461338
63190.1068 lsst_hardware_r -13.826184685955358 24.59000015258789 31.530000686645508 AB 5.968394958728828 1.0346528488738542
63190.1274 lsst_hardware_i 8.014839950632235 30.739999771118164 31.260000228881836 AB 5.443757201023868 1.0188577954377445
63194.1188 lsst_hardware_z 35.0483890118465 72.80999755859375 31.729999542236328 AB 8.107261316138054 1.0179886132770033
63198.0571 lsst_hardware_r 18.319974028614624 103.61000061035156 31.649999618530273 AB 4.161465767544438 1.0809937918982868
63198.0656 lsst_hardware_y -99.99677570066596 57.45000076293945 30.049999237060547 AB 4.04540469511582 1.0635539466608939
63200.142 lsst_hardware_g 24.93254030921092 94.4000015258789 31.739999771118164 AB 5.393187537845961 1.0310050731878495
63200.1614 lsst_hardware_r -34.17348570939945 87.80000305175781 31.649999618530273 AB 5.517880014652379 1.0574702979403425
63203.0766 lsst_hardware_r -6.3459473854527575 22.190000534057617 31.5 AB 6.827348369107652 1.0291746159734456
63203.096 lsst_hardware_i -27.12056098372324 29.93000030517578 31.260000228881836 AB 6.664682331910822 1.0174453508540684
63205.0777 lsst_hardware_z 30.665847694032283 40.65999984741211 30.950000762939453 AB 1.4900874951469905 1.0237633082425217
63205.0968 lsst_hardware_r 6.528928045867896 22.190000534057617 31.5 AB 3.7912447779656318 1.0163740971267499
63207.0795 lsst_hardware_u 0.7680689091329727 2.619999885559082 28.420000076293945 AB 4.696855649833648 1.0195041566819292
63207.099 lsst_hardware_g 8.006619084482834 13.449999809265137 31.40999984741211 AB 5.754637022521802 1.0168400911510709
63209.0804 lsst_hardware_r -19.599080232930206 22.06999969482422 31.479999542236328 AB 5.4588425165541254 1.0172388067372904
63209.1005 lsst_hardware_z 101.165577342424 40.61000061035156 30.950000762939453 AB 6.256940739427541 1.0189627456115204
63212.0641 lsst_hardware_r -30.229247032793545 22.030000686645508 31.489999771118164 AB 13.869639314009742 1.0203641120205311
63212.0826 lsst_hardware_u -0.021452575741472083 2.700000047683716 28.489999771118164 AB 13.80402901384727 1.0164470826552974
63215.1109 lsst_hardware_g -4.790582850430239 13.430000305175781 31.399999618530273 AB 8.11320537187949 1.0426826510050904
63215.129 lsst_hardware_r -58.04756507170575 22.309999465942383 31.489999771118164 AB 8.457114899972336 1.0738244507456507
63217.047 lsst_hardware_y -119.3867707150151 48.0 30.049999237060547 AB 11.167645821510646 1.0223661112155
63217.0663 lsst_hardware_i 9.099067930990902 29.979999542236328 31.25 AB 11.087565938983332 1.0163065726710256
63219.0481 lsst_hardware_y -36.83251173773712 48.47999954223633 30.049999237060547 AB 4.134190924401961 1.0189010288113274
63219.0677 lsst_hardware_r 37.184791031513306 24.229999542236328 31.520000457763672 AB 4.219649311048192 1.0171506113170599
63221.0334 lsst_hardware_y -127.43727879235676 74.63999938964844 30.079999923706055 AB 4.608908285811236 1.0242018412913856
63221.0535 lsst_hardware_g -11.949173954522324 32.650001525878906 31.68000030517578 AB 4.4941224770341766 1.01634822894746
63223.0333 lsst_hardware_y 77.25991676973379 72.33000183105469 30.079999923706055 AB 5.8602488947518845 1.020771450052584
63223.052 lsst_hardware_z -97.81552431086757 51.959999084472656 30.979999542236328 AB 4.956286567987156 1.0163961790936817
63225.0443 lsst_hardware_y 30.170948767019862 92.48999786376953 30.829999923706055 AB 7.253364387028944 1.0163043837788097
