data/validation/pwv_sim_epoch_fit_seasonal/63806380.ecsv
# %ECSV 0.9
# ---
# datatype:
# - {name: time, datatype: float64}
# - {name: band, datatype: string}
# - {name: flux, datatype: float64}
# - {name: fluxerr, datatype: float64}
# - {name: zp, datatype: float64}
# - {name: zpsys, datatype: string}
# - {name: pwv, datatype: float64}
# - {name: airmass, datatype: float64}
# meta: {SNID: '63806380', alt: 1024.0, c: -0.001947481301613152, dec: -24.132875, lat: -30.244573, lon: -70.7499537, ra: 180.351562,
#   t0: 60299.40625, x0: 1.4530632773450733e-05, x1: -1.0341393947601318, z: 0.3932976722717285}
# schema: astropy-2.0
time band flux fluxerr zp zpsys pwv airmass
[from data line 132]
60752.0944 lsst_hardware_i 43.79194465072106 68.93000030517578 31.290000915527344 AB 10.227566759014739 1.255532378960772
60756.0799 lsst_hardware_u 1.4343571402393194 2.759999990463257 28.3799991607666 AB 4.983848350138597 1.2746143560807137
60756.0969 lsst_hardware_g 2.2421469986509557 14.819999694824219 31.420000076293945 AB 6.295519696806937 1.1926344462251082
60758.0801 lsst_hardware_r 52.92668335104862 24.43000030517578 31.479999542236328 AB 5.218215370306754 1.2449022752222487
60758.0974 lsst_hardware_i 16.871567256184072 32.290000915527344 31.25 AB 6.41527495387597 1.168626936569431
60761.2012 lsst_hardware_i 23.54155076879493 30.8700008392334 31.270000457763672 AB 6.78455096246173 1.0096558801222872
60761.219 lsst_hardware_z -15.79546854885956 41.40999984741211 30.959999084472656 AB 6.451691587211183 1.0240780297160608
60764.0682 lsst_hardware_i 47.63019176820856 32.63999938964844 31.239999771118164 AB 6.093695325498151 1.2231423776592034
60764.0861 lsst_hardware_z 76.84136668282807 43.15999984741211 30.950000762939453 AB 6.79682640716239 1.149860667765608
60767.0712 lsst_hardware_i -33.699787804755715 32.2599983215332 31.239999771118164 AB 10.223590160332728 1.174956490197699
60767.0886 lsst_hardware_u 0.5816398770106674 2.7699999809265137 28.440000534057617 AB 9.496584409564852 1.1150588347826198
60768.1839 lsst_hardware_r -6.599024677000088 23.360000610351562 31.510000228881836 AB 6.492398963585999 1.0106474102718257
60768.2016 lsst_hardware_i -14.46223560383797 30.8799991607666 31.260000228881836 AB 6.420193739384824 1.0260271264731426
60769.0665 lsst_hardware_g -7.353157525291659 18.709999084472656 31.489999771118164 AB 5.793462681109119 1.1719749186329487
60769.0843 lsst_hardware_r 24.844916404177518 25.530000686645508 31.510000228881836 AB 6.669818065023082 1.1116363441705137
60771.0666 lsst_hardware_i -72.39474384079185 38.7400016784668 31.270000457763672 AB 9.085368233785037 1.1512367088912672
60771.0844 lsst_hardware_r -1.9145933198663216 37.060001373291016 31.59000015258789 AB 10.20149356398147 1.0961490219177799
60774.1584 lsst_hardware_i -1.2062238671037466 61.09000015258789 31.329999923706055 AB 6.974092266954122 1.006725697142421
60774.1782 lsst_hardware_z -39.972463076728914 57.720001220703125 30.989999771118164 AB 8.105594474966658 1.0186746858070452
60775.0843 lsst_hardware_i -101.68268255063155 76.94000244140625 31.329999923706055 AB 5.425039971652174 1.0700627841123325
60775.1033 lsst_hardware_z 87.78132074300845 68.37000274658203 30.989999771118164 AB 5.273618411821037 1.0359047461426165
60779.1501 lsst_hardware_z 23.03005426515143 79.91000366210938 31.0 AB 4.978963991308324 1.0087042121775371
60779.1672 lsst_hardware_r -123.5745091012553 121.18000030517578 31.670000076293945 AB 5.546949699127254 1.0212555830115537
60780.067 lsst_hardware_z 25.277485928045255 98.05999755859375 31.739999771118164 AB 11.753274900692968 1.0782821009810062
60781.1015 lsst_hardware_i 6.116598448787247 59.91999816894531 31.329999923706055 AB 16.26619777672739 1.0186959758299516
60781.1189 lsst_hardware_r 25.85020860849301 72.79000091552734 31.65999984741211 AB 16.12818802808552 1.0075079977564798
60783.1384 lsst_hardware_z 23.150521357010565 66.58999633789062 31.729999542236328 AB 11.884858961548835 1.0083593111978988
60785.1463 lsst_hardware_r 52.508177889713565 28.610000610351562 31.559999465942383 AB 6.600332541013162 1.017000391527452
60785.1636 lsst_hardware_i -19.008346492110363 34.7400016784668 31.280000686645508 AB 6.821145219625069 1.0371079206270986
60789.9726 lsst_hardware_z -99.96680817688856 83.2300033569336 31.68000030517578 AB 18.637591072769883 1.363460135054371
60793.1095 lsst_hardware_i -35.36604324332901 30.43000030517578 31.260000228881836 AB 2.3647666042333486 1.0077130415767555
60793.1283 lsst_hardware_u -2.936011398073211 2.7100000381469727 28.450000762939453 AB 2.1385334998447623 1.0205767348632788
60793.9646 lsst_hardware_y 105.47792081431783 97.87000274658203 30.719999313354492 AB 14.299741345070219 1.3438659253408094
60794.0029 lsst_hardware_i -15.704555723395412 44.61000061035156 31.979999542236328 AB 9.873572380551904 1.1544662239756684
60796.9614 lsst_hardware_y -178.15679401992114 69.87999725341797 29.979999542236328 AB 12.049517194280952 1.312392956100888
60796.9793 lsst_hardware_g -0.11022905510474508 16.09000015258789 31.420000076293945 AB 11.301212804480029 1.2175407029174778
60801.9694 lsst_hardware_z -132.34822894782326 91.8499984741211 31.719999313354492 AB 4.5100500023634345 1.2007587865717344
60805.9598 lsst_hardware_y 0.8502274937058059 73.86000061035156 30.020000457763672 AB 8.987160290528868 1.1950746158811465
60805.9772 lsst_hardware_z -109.29710408976831 78.48999786376953 30.989999771118164 AB 8.480006499725429 1.1302907697068214
60811.9586 lsst_hardware_y 43.416606706225195 56.900001525878906 30.020000457763672 AB 11.836801503071738 1.137579731680792
60811.9775 lsst_hardware_r 25.565716795861373 23.209999084472656 31.5 AB 11.269884847948987 1.08333027472354
60813.9588 lsst_hardware_z -22.12383077953479 50.97999954223633 30.959999084472656 AB 10.780564727766436 1.119477126455497
60813.9793 lsst_hardware_g -21.852000309922445 14.34000015258789 31.440000534057617 AB 10.238446380158196 1.0668660098636082
60817.9578 lsst_hardware_y 31.83538147725217 55.0099983215332 30.040000915527344 AB 2.8099117911844305 1.0916164814080032
60817.9773 lsst_hardware_i -38.28826661416798 30.700000762939453 31.25 AB 1.9701201165456195 1.0496111436046591
60822.0081 lsst_hardware_i 3.6299848590529185 30.440000534057617 31.260000228881836 AB 5.915016983552069 1.007111392083127
60822.028 lsst_hardware_z 82.26772764790269 40.77000045776367 30.950000762939453 AB 5.858510855548926 1.0069197534566376
60822.9625 lsst_hardware_y 49.208067570206595 49.119998931884766 30.049999237060547 AB 6.730582081144037 1.0516534501787558
60822.9824 lsst_hardware_g -6.808173635435851 14.020000457763672 31.43000030517578 AB 6.582052801334502 1.0231302687342325
60823.9586 lsst_hardware_y -5.886018040299318 51.189998626708984 30.049999237060547 AB 9.278865895713592 1.0537878987778233
60823.9785 lsst_hardware_z 60.36798410469643 40.900001525878906 30.950000762939453 AB 9.049176762198378 1.0244157765549757
60824.9889 lsst_hardware_i -24.366477519138236 30.600000381469727 31.270000457763672 AB 9.559238238077345 1.0126311692878878
60825.0134 lsst_hardware_u 1.3715668926625528 2.8299999237060547 28.549999237060547 AB 9.705259191650375 1.0056134484021668
60830.9877 lsst_hardware_i -27.41701116945102 55.939998626708984 31.329999923706055 AB 11.880482649477935 1.0060319367850208
60831.0087 lsst_hardware_r 63.9318123553704 65.45999908447266 31.65999984741211 AB 10.211840617706075 1.0089754587200943
