data/validation/pwv_sim_epoch_fit_seasonal/63860957.ecsv
# %ECSV 0.9
# ---
# datatype:
# - {name: time, datatype: float64}
# - {name: band, datatype: string}
# - {name: flux, datatype: float64}
# - {name: fluxerr, datatype: float64}
# - {name: zp, datatype: float64}
# - {name: zpsys, datatype: string}
# - {name: pwv, datatype: float64}
# - {name: airmass, datatype: float64}
# meta: {SNID: '63860957', alt: 1024.0, c: 0.03833442181348801, dec: -7.331168, lat: -30.244573, lon: -70.7499537, ra: 329.414062, t0: 60954.79296875,
#   x0: 4.413765598197402e-06, x1: -0.7410394549369812, z: 0.6458929777145386}
# schema: astropy-2.0
time band flux fluxerr zp zpsys pwv airmass
[from data line 133]
61298.0943 lsst_hardware_g -1.0191253171452097 15.710000038146973 31.459999084472656 AB 1.1462806630244664 1.1112754852394244
61298.1126 lsst_hardware_i -35.447927258637584 31.979999542236328 31.260000228881836 AB 1.1314163553820318 1.0921007291334535
61300.0962 lsst_hardware_z -72.35754330170968 42.9900016784668 30.950000762939453 AB 1.2147786788111303 1.1018400714829844
61300.1145 lsst_hardware_r 38.46821949559912 26.790000915527344 31.540000915527344 AB 1.1572617297959764 1.0883339151675706
61304.102 lsst_hardware_r 78.11836900747838 59.369998931884766 31.6299991607666 AB 4.229505376331908 1.0889560701166994
61304.1229 lsst_hardware_i 11.837630050339461 52.65999984741211 31.309999465942383 AB 4.144188049431448 1.0888565552893978
61306.1021 lsst_hardware_z -0.9831947914055226 78.93000030517578 30.989999771118164 AB 1.413376197755591 1.087212459811993
61306.1216 lsst_hardware_r 27.445031426429754 106.72000122070312 31.649999618530273 AB 1.4182239694657395 1.0909415149736457
61310.0688 lsst_hardware_z 8.335109763120334 74.7699966430664 30.979999542236328 AB 3.085451625980682 1.101947009278815
61310.089 lsst_hardware_i -6.746812438825402 86.58000183105469 31.329999923706055 AB 3.572792873524026 1.087746149493551
61312.0684 lsst_hardware_z 1.5555510519832665 50.849998474121094 30.959999084472656 AB 3.705068311871439 1.096796007165272
61312.0892 lsst_hardware_r 41.213776240857804 57.06999969482422 31.6299991607666 AB 4.048342888787823 1.0867548356998618
61314.064 lsst_hardware_u 0.5478450298747137 2.7799999713897705 28.440000534057617 AB 6.283441903903005 1.0958536006574038
61314.0827 lsst_hardware_g 5.592277703715557 15.239999771118164 31.450000762939453 AB 6.212198114643147 1.0868403174765282
61318.0644 lsst_hardware_z 9.140014754885136 42.56999969482422 30.950000762939453 AB 3.0606897052222486 1.0886968360999225
61318.0819 lsst_hardware_r 7.075765726207691 24.31999969482422 31.510000228881836 AB 3.0590546336606628 1.0878572665934079
61320.0335 lsst_hardware_r -33.55048626739615 24.329999923706055 31.5 AB 4.312546143711211 1.1123410223655432
61320.0526 lsst_hardware_u -1.4483924949315996 2.799999952316284 28.459999084472656 AB 4.928440614397397 1.0920542021702517
61322.0357 lsst_hardware_g -22.753956656291557 15.350000381469727 31.459999084472656 AB 4.316705159923025 1.1023251174471462
61322.0521 lsst_hardware_i -32.11131383921643 31.8799991607666 31.25 AB 3.4791821796058 1.089286843959236
61327.0304 lsst_hardware_u -0.49051482527670726 2.9100000858306885 28.5 AB 7.97095604058077 1.0942852360938387
61327.0484 lsst_hardware_g -9.9476616322826 15.550000190734863 31.450000762939453 AB 7.8245655971600305 1.086745221827782
61329.0323 lsst_hardware_r 28.42021315604195 26.100000381469727 31.530000686645508 AB 8.521653694835992 1.0896094228879265
61329.0504 lsst_hardware_i 15.892621804952485 32.619998931884766 31.25 AB 8.954098838702535 1.087454316092177
61331.0323 lsst_hardware_z -0.4048817667395659 44.88999938964844 30.950000762939453 AB 5.718798141578745 1.0875685847693335
61331.0495 lsst_hardware_r 15.60139553915682 34.93000030517578 31.579999923706055 AB 6.493299432016546 1.0889925254950272
61333.005 lsst_hardware_y 40.34246261523039 56.77000045776367 30.040000915527344 AB 3.308905626182524 1.103091107739479
61333.0225 lsst_hardware_z -28.665818619867405 56.869998931884766 30.979999542236328 AB 3.266547309609627 1.089091123452865
61336.0071 lsst_hardware_y 130.5045084230733 61.630001068115234 30.049999237060547 AB 4.305200281986366 1.093314781788256
61336.0245 lsst_hardware_i 25.628627540823835 82.16000366210938 31.34000015258789 AB 4.31209129354452 1.0867165558328773
61338.009 lsst_hardware_y 28.949240973280325 58.790000915527344 30.049999237060547 AB 3.9403599325454453 1.0890236806592815
61338.0265 lsst_hardware_r 27.874360379711447 96.18000030517578 31.649999618530273 AB 3.933859351026413 1.087627864717084
61341.0028 lsst_hardware_y -95.90692868063091 64.0 30.049999237060547 AB 3.861990705736279 1.0882423441702753
61341.0191 lsst_hardware_g 7.536159208390551 16.06999969482422 31.479999542236328 AB 3.8999639448595347 1.0878560515647238
61344.004 lsst_hardware_z -82.52466075953198 59.970001220703125 30.989999771118164 AB 5.0491504201215145 1.0867151832384212
61344.0202 lsst_hardware_i -13.954224338409572 32.72999954223633 31.270000457763672 AB 5.108508181162061 1.0924369272733623
