data/validation/pwv_sim_epoch_fit_seasonal/63876396.ecsv
# %ECSV 0.9
# ---
# datatype:
# - {name: time, datatype: float64}
# - {name: band, datatype: string}
# - {name: flux, datatype: float64}
# - {name: fluxerr, datatype: float64}
# - {name: zp, datatype: float64}
# - {name: zpsys, datatype: string}
# - {name: pwv, datatype: float64}
# - {name: airmass, datatype: float64}
# meta: {SNID: '63876396', alt: 1024.0, c: -0.009542327374219894, dec: -2.537361, lat: -30.244573, lon: -70.7499537, ra: 222.539062, t0: 62664.56640625,
#   x0: 8.30346572217796e-06, x1: -2.5000789165496826, z: 0.49754270911216736}
# schema: astropy-2.0
time band flux fluxerr zp zpsys pwv airmass
62555.377 lsst_hardware_z 11.11396041430971 64.66999816894531 30.979999542236328 AB 10.978986322777807 1.1318542600801864
62555.394 lsst_hardware_y 164.60494777102357 66.9000015258789 30.040000915527344 AB 10.947183451736619 1.1285756135810947
62558.3787 lsst_hardware_i -9.224276859586851 35.20000076293945 31.260000228881836 AB 6.720050839191386 1.1284088501944565
62558.3973 lsst_hardware_y -12.743433102205694 64.48999786376953 30.040000915527344 AB 6.75730502266577 1.1335224260790266
62560.3751 lsst_hardware_u -1.898501738953981 2.9000000953674316 28.420000076293945 AB 5.383954225585416 1.1282385217069186
62560.3923 lsst_hardware_z 43.41378496491748 46.0099983215332 30.950000762939453 AB 5.426564961147641 1.133841404335069
62562.3767 lsst_hardware_r 15.50478570130241 24.1299991607666 31.489999771118164 AB 3.4721407125655093 1.1289678792279334
62562.3946 lsst_hardware_y 70.86186222401068 54.400001525878906 30.010000228881836 AB 3.4650721628442254 1.1406706157005104
62564.3737 lsst_hardware_z -15.416078043278912 42.689998626708984 30.940000534057617 AB 8.235851838256176 1.1297335656779657
62564.3917 lsst_hardware_y 147.34733573584063 49.72999954223633 30.010000228881836 AB 7.916067228501096 1.1435272269412924
62565.3432 lsst_hardware_i -31.131124290721026 31.940000534057617 31.239999771118164 AB 11.008232115373332 1.1364705029808322
62565.3618 lsst_hardware_u -1.0134253466977963 2.700000047683716 28.3700008392334 AB 10.925609380047655 1.1282221601157578
62567.3486 lsst_hardware_g 6.534258638524233 14.789999961853027 31.40999984741211 AB 9.716305020779389 1.1298029093929522
62567.3672 lsst_hardware_r 11.660319244405303 24.0 31.479999542236328 AB 9.721556552913595 1.1304135526643717
62569.3436 lsst_hardware_i 13.593218854006295 31.850000381469727 31.239999771118164 AB 7.70063049573503 1.1296354161683901
62569.3641 lsst_hardware_r 10.79905150367096 24.1299991607666 31.489999771118164 AB 7.751469551203174 1.1315738621254725
62573.3418 lsst_hardware_u -0.44659831481187434 2.690000057220459 28.360000610351562 AB 14.54119196281165 1.1282299695706755
62573.361 lsst_hardware_g -6.925700295380515 14.890000343322754 31.420000076293945 AB 14.641308029332425 1.137188973152033
62576.3424 lsst_hardware_r 10.84021521557503 23.899999618530273 31.479999542236328 AB 8.511535119580868 1.1303124225066838
62576.3621 lsst_hardware_i 13.152771500341997 32.040000915527344 31.229999542236328 AB 8.650527880268486 1.1474750960396054
62577.3455 lsst_hardware_z -28.861360058281793 48.47999954223633 30.950000762939453 AB 10.059658338939728 1.1335677803710638
62577.3663 lsst_hardware_r -6.547585870423819 24.049999237060547 31.479999542236328 AB 10.259677896701504 1.1578029525317675
62579.3113 lsst_hardware_i -45.790168229300185 79.7699966430664 31.309999465942383 AB 6.225725318751762 1.1319500579548658
62579.3298 lsst_hardware_z 93.12465254775493 70.05000305175781 30.979999542236328 AB 6.208645401116074 1.1288446183847407
62581.2667 lsst_hardware_z 111.55270172029581 86.23999786376953 30.979999542236328 AB 5.300779584328114 1.1903839174327262
62581.2865 lsst_hardware_r 130.31550694951324 124.0999984741211 31.639999389648438 AB 5.175516038472185 1.1515220911051698
62583.315 lsst_hardware_i -126.72774122891423 81.77999877929688 31.31999969482422 AB 6.992936975923202 1.1282570145084223
62583.3345 lsst_hardware_r -9.966639403805452 98.91999816894531 31.6299991607666 AB 6.907167540440894 1.1379188699243938
62585.2627 lsst_hardware_z 45.5750933168592 51.08000183105469 30.950000762939453 AB 7.703088738807012 1.1744751269383435
62585.2803 lsst_hardware_r 0.27599234730855976 50.029998779296875 31.600000381469727 AB 7.405775195908089 1.1451491830539122
62593.3129 lsst_hardware_u -0.5547960284331586 2.680000066757202 28.350000381469727 AB 10.085787359019625 1.1439672612737022
62593.3265 lsst_hardware_g 0.7337487042524882 14.789999961853027 31.399999618530273 AB 10.268360039179566 1.1646202893127267
62595.2971 lsst_hardware_r -7.863060897314196 23.93000030517578 31.479999542236328 AB 7.819649273771933 1.1340906114896268
62595.3162 lsst_hardware_z -39.902770103215786 43.060001373291016 30.93000030517578 AB 8.019564932746517 1.156237209608868
62601.2629 lsst_hardware_i 67.31910514027842 31.950000762939453 31.239999771118164 AB 4.6991598521503315 1.1282496643818323
62601.28 lsst_hardware_z 65.95638449254912 42.84000015258789 30.940000534057617 AB 4.538115231924758 1.1335841545190903
62603.2626 lsst_hardware_r -54.03127817517071 24.399999618530273 31.510000228881836 AB 6.66723652697428 1.128509906393751
62603.2805 lsst_hardware_u 0.1557971027579053 2.880000114440918 28.5 AB 6.651619253822587 1.1384885329606482
62605.2552 lsst_hardware_z 92.89439005424899 69.80999755859375 31.719999313354492 AB 7.926984241883092 1.1282758768648318
62605.2738 lsst_hardware_i 15.001327097422381 60.08000183105469 32.040000915527344 AB 7.993200686587154 1.1373364665035792
62607.216 lsst_hardware_z 75.54253299301133 65.95999908447266 30.979999542236328 AB 18.809162187279398 1.1508180607115321
62607.2348 lsst_hardware_r 84.77310968957894 89.48999786376953 31.639999389648438 AB 18.450354035630102 1.1319814327294915
62609.2692 lsst_hardware_y -258.7453935622912 103.62999725341797 30.790000915527344 AB 14.615663664225504 1.1439489425292926
62615.1509 lsst_hardware_i 44.03843703216386 33.29999923706055 31.219999313354492 AB 12.08457182141546 1.2637350598860622
62615.1751 lsst_hardware_z 33.42635789635626 45.52000045776367 30.940000534057617 AB 9.40160856001278 1.1873716292008991
62619.2209 lsst_hardware_g -16.13668344566559 15.220000267028809 31.420000076293945 AB 2.4427027343907546 1.1289209633232833
62619.2388 lsst_hardware_i 16.114588213453036 32.22999954223633 31.239999771118164 AB 2.430364033038308 1.1404805410785115
62621.2187 lsst_hardware_z -16.660281744874094 42.86000061035156 30.940000534057617 AB 11.117477661773965 1.1299685083749422
62621.238 lsst_hardware_r -20.608548225299494 24.600000381469727 31.5 AB 11.320920661109342 1.1458711668928023
62624.217 lsst_hardware_u -2.3249963138199314 2.799999952316284 28.43000030517578 AB 13.47895874229993 1.133447590169876
62624.2364 lsst_hardware_g 3.498225609684514 15.430000305175781 31.440000534057617 AB 13.75821685332301 1.1552466009843547
62626.1863 lsst_hardware_g 23.86594088274011 15.319999694824219 31.440000534057617 AB 10.44841294941352 1.130291318629762
62626.2047 lsst_hardware_r -0.9010567694556662 24.59000015258789 31.5 AB 10.483743940476868 1.1298355362083057
62628.1865 lsst_hardware_i 37.09151284171128 32.2400016784668 31.239999771118164 AB 7.203045589401045 1.1285765197719324
62628.2038 lsst_hardware_z -5.314177097783642 43.209999084472656 30.940000534057617 AB 7.233950968242886 1.1320146525861279
62630.0897 lsst_hardware_g 19.357116690531136 17.719999313354492 31.399999618530273 AB 11.809853182312814 1.3605821638609232
62630.1046 lsst_hardware_i -7.213225734998004 33.900001525878906 31.219999313354492 AB 11.051805504588746 1.2859908662542796
62632.1912 lsst_hardware_z -33.292358033612956 44.59000015258789 30.950000762939453 AB 8.800667579309687 1.1311063968181
62632.2119 lsst_hardware_r -10.222122836704655 24.520000457763672 31.489999771118164 AB 8.63950106583602 1.1512171625436645
62635.1492 lsst_hardware_y 43.77289730697239 76.72900192741022 30.770000457763672 AB 7.180327794615272 1.1391318553065322
62638.164 lsst_hardware_r 227.654780642564 227.9052123506666 32.38999938964844 AB 8.965131304785425 1.128221652324735
62638.1855 lsst_hardware_i 121.48677408918437 185.39465477184754 32.08000183105469 AB 7.758561042928339 1.1390385440693445
62643.1137 lsst_hardware_r -96.86202767628181 33.77341184170528 31.549999237060547 AB 5.415064466118674 1.1569826506912118
62643.132 lsst_hardware_z -56.77894332569025 46.5238345203297 30.950000762939453 AB 5.63773036846296 1.1350373200046224
62645.1099 lsst_hardware_g -73.62839662656602 17.86669686143583 31.399999618530273 AB 10.01867718614468 1.1543363056527718
62645.1288 lsst_hardware_i 43.7301047482813 32.312248600192 31.239999771118164 AB 8.522373339381652 1.1333948053082987
62647.1128 lsst_hardware_z 251.7064883466946 44.76963256884537 30.940000534057617 AB 7.345387162761789 1.1430285411805934
62647.1311 lsst_hardware_r 260.38148250307125 28.78379709780661 31.5 AB 6.556457041235277 1.1294823924721258
62651.1115 lsst_hardware_u 37.078828606840894 7.434059564541767 28.440000534057617 AB 13.735536168460353 1.134035804613377
62651.1291 lsst_hardware_g 231.6624922917395 20.721472326814894 31.43000030517578 AB 13.575859111824109 1.1282502447634861
62653.1008 lsst_hardware_r 1488.771086889199 44.73871134512189 31.479999542236328 AB 8.505446619326127 1.1384108083331126
62653.1214 lsst_hardware_i 929.2609783038334 43.67911861288281 31.239999771118164 AB 8.20902928507722 1.1282338214785166
62656.1054 lsst_hardware_z 1232.3016550764344 53.592201910461014 30.93000030517578 AB 13.086548838913007 1.129887802130834
62656.1273 lsst_hardware_r 2084.0471351870715 51.75907747405514 31.479999542236328 AB 12.274759598542895 1.1319924008431683
62673.0128 lsst_hardware_u -10.13425892745491 3.446121050610228 28.34000015258789 AB 4.732533021352263 1.197351808058795
62673.0269 lsst_hardware_g 400.1738084979648 24.44889747297834 31.420000076293945 AB 4.558937513209511 1.16557120671799
62677.0455 lsst_hardware_r 1484.1556793738614 45.71578165166034 31.489999771118164 AB 5.337548845112447 1.1310163363061125
62677.0671 lsst_hardware_z 1252.435265770608 54.18630795267189 30.940000534057617 AB 5.35842949646496 1.1305299850129142
62679.0357 lsst_hardware_r 1235.7621950229484 42.35449449852311 31.479999542236328 AB 9.313520034349697 1.1335832563716768
62679.0546 lsst_hardware_u 2.6625838586670905 3.0930476266817313 28.31999969482422 AB 8.523183757532696 1.1284501201552621
62681.0397 lsst_hardware_g 97.5225040051553 19.00417276658633 31.420000076293945 AB 5.269874601396986 1.1290572257945852
62681.0585 lsst_hardware_r 998.255884737416 39.753077422657135 31.489999771118164 AB 3.925849691017505 1.1316949239025242
62683.0412 lsst_hardware_i 1212.7250214835167 47.15541817835625 31.239999771118164 AB 9.18579849334403 1.1282339169520104
62683.0622 lsst_hardware_z 926.7523487941698 51.19860173690746 30.940000534057617 AB 9.123471248457642 1.1386310735241842
62687.0059 lsst_hardware_z 712.7140651459648 51.17861181234146 30.950000762939453 AB 4.283843522426847 1.1404828120229435
62687.0278 lsst_hardware_r 556.3504534401319 33.45648231789326 31.510000228881836 AB 4.229753563455686 1.1282853056832844
62689.0077 lsst_hardware_z 682.4633794725776 51.7335961849106 30.940000534057617 AB 3.4022211578996684 1.1340737192998895
62689.0301 lsst_hardware_g 111.23673356845896 23.39270990792599 31.540000915527344 AB 3.3870633427184647 1.1290211142394881
62696.002 lsst_hardware_r 122.07188699719337 93.67907421860674 31.639999389648438 AB 7.919568121473001 1.1284115110149135
62696.024 lsst_hardware_z 825.370520216049 70.46505773336743 30.979999542236328 AB 7.9396368579018795 1.136195126048763
62698.0002 lsst_hardware_r 189.10613128604464 69.01160574460137 31.6200008392334 AB 4.95492789524408 1.1282354175998361
62698.0192 lsst_hardware_y 389.39736285065646 55.225778205583566 30.020000457763672 AB 4.972761721821584 1.136761166263935
62702.9692 lsst_hardware_y 254.7113653879652 52.32324088763616 30.020000457763672 AB 6.240774829375388 1.1342738693884746
62702.9879 lsst_hardware_i 236.64166878299275 36.37187088248984 31.239999771118164 AB 6.167393218485532 1.1283192862212827
62704.9592 lsst_hardware_y 68.84903029936135 81.38295346529466 30.030000686645508 AB 3.8678748271205015 1.1380565399530702
62704.9615 lsst_hardware_r 160.0801505554564 35.160546843875316 31.549999237060547 AB 3.795077022546431 1.1360238542842218
62707.9649 lsst_hardware_y 231.98894194768522 62.04441714285342 30.030000686645508 AB 9.29732674272242 1.1293785711952895
62707.9826 lsst_hardware_g 39.2527805511605 16.61928990047136 31.440000534057617 AB 9.3365217403411 1.1306032623324171
62709.9666 lsst_hardware_y 164.5682656231309 59.37566134034431 30.030000686645508 AB 4.634943222066089 1.1282266758244364
62709.9857 lsst_hardware_z 318.2835009443805 46.54066530188504 30.940000534057617 AB 4.674069226999413 1.1361373911034063
62920.3774 lsst_hardware_g -0.31777450158677856 15.34000015258789 31.43000030517578 AB 10.98029397224558 1.131989069303668
62920.3958 lsst_hardware_y 6.329516980387638 65.44000244140625 30.030000686645508 AB 10.949008527848887 1.1287637657576173
62924.3687 lsst_hardware_i -67.28000088648882 32.08000183105469 31.239999771118164 AB 5.880220921717513 1.1308117157149065
62924.3868 lsst_hardware_y 10.495925329899409 49.470001220703125 30.020000457763672 AB 5.7008817743064455 1.1292788143032626
62926.3741 lsst_hardware_g -7.672861489742147 15.1899995803833 31.440000534057617 AB 4.8069652862274355 1.1281749156019798
62926.3938 lsst_hardware_y 40.03138973762973 52.689998626708984 30.030000686645508 AB 4.711113551456927 1.1365774551162673
62928.3744 lsst_hardware_i -0.8069198752745809 31.989999771118164 31.239999771118164 AB 6.752124271021493 1.1288660729527684
62928.3918 lsst_hardware_y 3.2554363441051786 50.7400016784668 30.020000457763672 AB 6.969825359209075 1.1398381551509227
62931.3551 lsst_hardware_z 30.86844003846586 60.41999816894531 31.690000534057617 AB 8.06547014607271 1.12882717229849
62933.3495 lsst_hardware_z 49.289161989400526 61.790000915527344 30.969999313354492 AB 9.220533085416163 1.1288605638364655
62933.3687 lsst_hardware_r 76.41600796071525 79.36000061035156 31.6299991607666 AB 9.240223446182332 1.132206885732251
62938.3405 lsst_hardware_i -88.92125506219233 81.41000366210938 31.31999969482422 AB 14.482043649457532 1.128192548549646
62938.3607 lsst_hardware_z -11.043867562175064 72.7699966430664 30.979999542236328 AB 14.639897310322729 1.1362851063584856
62940.3419 lsst_hardware_z -120.84124883506847 51.31999969482422 30.959999084472656 AB 10.171657667916527 1.1289298188586665
62940.362 lsst_hardware_r -0.6180212068112232 52.09000015258789 31.610000610351562 AB 10.3393873740623 1.1430631678282384
62942.3131 lsst_hardware_r 9.367827622585983 28.90999984741211 31.530000686645508 AB 9.247228806379542 1.134838167316628
62942.3318 lsst_hardware_i 20.53651227996769 34.2400016784668 31.260000228881836 AB 9.13226205676183 1.128205825778202
62945.3115 lsst_hardware_z 39.17673519120771 43.029998779296875 30.950000762939453 AB 5.407689733493907 1.1307441635492321
62945.331 lsst_hardware_u 0.05896764803387916 2.9100000858306885 28.540000915527344 AB 5.409304084753389 1.1298020854429747
62949.3118 lsst_hardware_i 8.688467520033145 32.040000915527344 31.25 AB 6.805331654726942 1.1281736780140261
62949.3311 lsst_hardware_z -49.254030824488765 43.13999938964844 30.950000762939453 AB 6.825418218286554 1.1366540650509125
62951.2677 lsst_hardware_u 2.8982385718288772 2.759999990463257 28.40999984741211 AB 8.242180978246756 1.1608705603164446
62951.2853 lsst_hardware_g 6.765063438424827 14.890000343322754 31.43000030517578 AB 8.076619679834755 1.1375520675823598
62953.3208 lsst_hardware_r 17.628154591940177 24.329999923706055 31.510000228881836 AB 8.346302100282049 1.1372016668564877
62953.3383 lsst_hardware_z 48.693466940223665 43.349998474121094 30.950000762939453 AB 9.251095571275249 1.1600241053229707
62957.284 lsst_hardware_u 1.0449248090664411 2.8299999237060547 28.469999313354492 AB 5.275128488862101 1.1288526618579287
62957.3002 lsst_hardware_g 7.687603976800195 15.010000228881836 31.43000030517578 AB 5.699776623915883 1.1306276466979477
62959.2839 lsst_hardware_r -25.815968853245987 34.40999984741211 31.559999465942383 AB 6.674262795059689 1.1281715339857339
62959.3024 lsst_hardware_i 34.867732179125404 32.119998931884766 31.239999771118164 AB 6.561394301267885 1.1354840012577563
62961.2792 lsst_hardware_z 10.955238728245568 57.41999816894531 30.969999313354492 AB 7.676112764372515 1.1281764791846387
62961.2966 lsst_hardware_r -99.4016726130432 70.97000122070312 31.6299991607666 AB 7.765993925371343 1.1352132620042636
