data/validation/pwv_sim_epoch_fit_seasonal/645017.ecsv
# %ECSV 0.9
# ---
# datatype:
# - {name: time, datatype: float64}
# - {name: band, datatype: string}
# - {name: flux, datatype: float64}
# - {name: fluxerr, datatype: float64}
# - {name: zp, datatype: float64}
# - {name: zpsys, datatype: string}
# - {name: pwv, datatype: float64}
# - {name: airmass, datatype: float64}
# meta: {SNID: '645017', alt: 1024.0, c: -0.10887965559959412, dec: -28.122234, lat: -30.244573, lon: -70.7499537, ra: 275.976562, t0: 61136.46875,
#   x0: 6.788512332531316e-06, x1: 0.6375441551208496, z: 0.5401277542114258}
# schema: astropy-2.0
time band flux fluxerr zp zpsys pwv airmass
[from data line 133]
61558.1613 lsst_hardware_r -36.01068220797655 34.9900016784668 32.22999954223633 AB 12.71790562453252 1.2019190043346006
61561.1357 lsst_hardware_u -2.7472564622487856 2.6700000762939453 28.280000686645508 AB 10.710102625318251 1.2882009412218247
61561.1564 lsst_hardware_g -41.22386057835988 15.390000343322754 31.420000076293945 AB 9.892470912454634 1.1879993890302116
61563.1579 lsst_hardware_i -10.611977879213129 32.66999816894531 31.25 AB 6.192994368609274 1.1607511624283282
61563.1805 lsst_hardware_r -0.14193402601465985 24.6299991607666 31.520000457763672 AB 4.898435390415825 1.0902573436889405
61574.1576 lsst_hardware_z 46.12798644761359 105.41999816894531 31.0 AB 6.289093574534533 1.072980022952889
61574.1807 lsst_hardware_r -80.06929971872538 134.47999572753906 31.670000076293945 AB 5.993132425465306 1.0308696334152812
61576.1438 lsst_hardware_i -197.19687233488733 185.86000061035156 32.09000015258789 AB 3.2605166422218943 1.0933992763990255
61576.1674 lsst_hardware_z 250.10246645927967 147.25 31.760000228881836 AB 2.951750719798993 1.0429293241936772
61580.0383 lsst_hardware_z -28.023237432461357 48.83000183105469 30.889999389648438 AB 6.663877221641173 1.6615040133743497
61580.0583 lsst_hardware_r 7.875539042421648 25.850000381469727 31.440000534057617 AB 4.977547394037644 1.4639845276581305
61582.0435 lsst_hardware_u -1.0527005012789123 2.5299999713897705 28.100000381469727 AB 6.014638242735446 1.5481030181636426
61582.0612 lsst_hardware_g -10.046851569189448 15.550000190734863 31.34000015258789 AB 5.501607024142958 1.3986247545646568
61585.0405 lsst_hardware_r 8.589959432705568 26.1299991607666 31.420000076293945 AB 6.930361596270949 1.4997806920567578
61585.0612 lsst_hardware_i -0.1557378444364528 34.400001525878906 31.209999084472656 AB 4.717598537568021 1.342324238886903
61587.0392 lsst_hardware_z 91.96970224267575 47.13999938964844 30.90999984741211 AB 11.89331422573122 1.4638826051733917
61587.0588 lsst_hardware_r 12.57979524458178 25.540000915527344 31.459999084472656 AB 10.637183698382447 1.3230327983063086
61589.0382 lsst_hardware_u -1.405261793818865 2.5399999618530273 28.1299991607666 AB 9.414958784373626 1.4279512817553526
61589.0583 lsst_hardware_r 22.528226688780784 25.459999084472656 31.469999313354492 AB 8.181507477862464 1.293604186499105
61591.0651 lsst_hardware_z 19.355174558942487 44.47999954223633 30.93000030517578 AB 5.211165966850641 1.2296285905735649
61591.0825 lsst_hardware_i -4.06745636665613 32.650001525878906 31.229999542236328 AB 4.862045180953632 1.1568952683106675
61596.0612 lsst_hardware_r 1.5004018540394868 29.940000534057617 31.530000686645508 AB 9.944110745029562 1.1865182700813826
61596.0788 lsst_hardware_i -32.881075416308754 34.459999084472656 31.260000228881836 AB 9.424410712548205 1.1232462809441266
61598.0433 lsst_hardware_i -5.833113039303783 43.439998626708984 31.260000228881836 AB 10.280024909100177 1.2426619950358324
61598.0615 lsst_hardware_z 75.89905258026373 48.34000015258789 30.950000762939453 AB 9.51700171944187 1.163886353182307
61600.0658 lsst_hardware_z 69.85052985453127 58.34000015258789 30.969999313354492 AB 8.124524637444503 1.129844659280728
61600.0845 lsst_hardware_r 1.7203037579790421 74.11000061035156 31.639999389648438 AB 8.109167877687664 1.0778690134276914
61607.0653 lsst_hardware_i -165.01846814985169 64.75 31.31999969482422 AB 6.145026708547684 1.0780748611487165
61607.0776 lsst_hardware_z 33.514419108572774 59.66999816894531 30.979999542236328 AB 5.996883007686724 1.0520847381906533
61611.0696 lsst_hardware_i 30.793922070706472 31.6200008392334 31.260000228881836 AB 4.919856693428122 1.0467780198783239
61611.0894 lsst_hardware_r -24.370238837659365 24.270000457763672 31.530000686645508 AB 5.4115475265297075 1.0188679916900416
61612.073 lsst_hardware_u 0.14872676659550968 2.75 28.43000030517578 AB 8.867649252011951 1.036666968904834
61612.0907 lsst_hardware_g 2.737032002864245 15.1899995803833 31.459999084472656 AB 7.4666681530571735 1.014814681247294
61616.9614 lsst_hardware_y -57.34102024397235 83.61000061035156 29.93000030517578 AB 5.709322468067432 1.4306688443202722
61616.9792 lsst_hardware_z 10.804272931727933 45.41999816894531 30.920000076293945 AB 5.23878693758076 1.3090422132885458
61618.964 lsst_hardware_y 9.755889745961687 74.30999755859375 29.969999313354492 AB 5.369810842567903 1.371453232112692
61618.9839 lsst_hardware_u -2.1708223221668277 2.8399999141693115 28.3700008392334 AB 4.836655028069488 1.2530194373238697
61621.9646 lsst_hardware_y -72.78943108654339 71.44000244140625 29.969999313354492 AB 1.5963950052640368 1.3147169077743373
61621.9825 lsst_hardware_i -15.131787509518272 33.02000045776367 31.219999313354492 AB 1.5746972233943684 1.220064997464645
61623.9667 lsst_hardware_y 59.89732669455845 68.47000122070312 29.989999771118164 AB 3.944547740651664 1.2716143586884796
61623.9846 lsst_hardware_r -0.9246118744992515 26.31999969482422 31.5 AB 3.734298879141074 1.1871247893846797
61625.9674 lsst_hardware_y 88.8322154875876 68.80000305175781 30.0 AB 4.228294621154949 1.2399387955782946
61625.9864 lsst_hardware_g 15.657370967084603 30.989999771118164 31.610000610351562 AB 3.9717840758239524 1.1588554977117154
61626.9677 lsst_hardware_z -3.0084676282545932 68.79000091552734 30.959999084472656 AB 2.622253126620329 1.2253996463820223
61626.985 lsst_hardware_i 7.2968899027001495 44.18000030517578 31.280000686645508 AB 2.533432457015515 1.1540081037118957
61628.9709 lsst_hardware_y 134.91013018921646 69.1500015258789 30.020000457763672 AB 6.827090310531328 1.187320054006303
61628.9911 lsst_hardware_r -21.579958602066302 92.55000305175781 31.639999389648438 AB 7.301582830614186 1.1158812272971248
61630.9705 lsst_hardware_y -94.70177378530937 75.44000244140625 30.030000686645508 AB 6.349476461974595 1.1672725782258926
61630.9888 lsst_hardware_r 2.5345195239126856 114.05000305175781 31.649999618530273 AB 5.911237973653302 1.1066280137884497
