data/validation/pwv_sim_epoch_fit_seasonal/6460549.ecsv
# %ECSV 0.9
# ---
# datatype:
# - {name: time, datatype: float64}
# - {name: band, datatype: string}
# - {name: flux, datatype: float64}
# - {name: fluxerr, datatype: float64}
# - {name: zp, datatype: float64}
# - {name: zpsys, datatype: string}
# - {name: pwv, datatype: float64}
# - {name: airmass, datatype: float64}
# meta: {SNID: '6460549', alt: 1024.0, c: -0.04869043081998825, dec: -46.178181, lat: -30.244573, lon: -70.7499537, ra: 103.653847, t0: 60665.609375,
#   x0: 4.056680677680214e-06, x1: -0.26497188210487366, z: 0.6681711077690125}
# schema: astropy-2.0
time band flux fluxerr zp zpsys pwv airmass
[from data line 132]
61066.1705 lsst_hardware_g -14.837515629480382 12.569999694824219 31.360000610351562 AB 14.757542264265004 1.0550773159394924
61068.1175 lsst_hardware_z 22.042530225169596 44.90999984741211 30.959999084472656 AB 13.028289096553879 1.042513330923732
61068.1294 lsst_hardware_r 3.3013119230005787 40.38999938964844 31.600000381469727 AB 12.357254431576203 1.0401729319508588
61070.148 lsst_hardware_z -12.581564425996982 50.16999816894531 30.969999313354492 AB 12.565044430806177 1.0465855469925807
61070.1612 lsst_hardware_r -35.016898268877725 57.83000183105469 31.6299991607666 AB 12.698867462961083 1.0565587333721582
61073.1503 lsst_hardware_z 6.509993511965544 60.220001220703125 30.989999771118164 AB 7.534396580136632 1.054130336500407
61073.1622 lsst_hardware_r -75.60629184139073 85.41999816894531 31.649999618530273 AB 7.670764859733737 1.0663219767017882
61075.1532 lsst_hardware_i -31.614716893197933 54.08000183105469 31.309999465942383 AB 10.895844169869157 1.062283725248037
61075.165 lsst_hardware_z -23.575132915089288 53.119998931884766 30.969999313354492 AB 11.091467099719816 1.0771552005166374
61077.0953 lsst_hardware_r -15.639089075150697 35.70000076293945 31.59000015258789 AB 4.587554260961923 1.0417578368697
61077.1098 lsst_hardware_z 46.886884677879586 45.38999938964844 30.959999084472656 AB 4.5571079271457675 1.0402772623221201
61083.147 lsst_hardware_r -6.090420159706819 21.530000686645508 31.479999542236328 AB 4.382089096711054 1.0828885741460594
61083.1581 lsst_hardware_g 10.00676427241452 12.739999771118164 31.3700008392334 AB 4.461813137104299 1.1019997045496972
61085.0847 lsst_hardware_r -4.623991546357236 21.239999771118164 31.469999313354492 AB 3.324469096232632 1.0401425967250286
61085.0977 lsst_hardware_u -4.554348335871528 2.5299999713897705 28.360000610351562 AB 3.326138716202714 1.0423227376918165
61087.0899 lsst_hardware_g 0.31775764671410883 12.680000305175781 31.389999389648438 AB 3.2513851332303005 1.0416098456608276
61087.1017 lsst_hardware_i -44.974431384770696 29.700000762939453 31.25 AB 3.297333639972429 1.0466618262530107
61089.086 lsst_hardware_z 36.71234854516931 40.59000015258789 30.950000762939453 AB 5.757442123609981 1.0420709725990918
61089.0984 lsst_hardware_r 13.807986918255693 21.440000534057617 31.489999771118164 AB 5.728799342074693 1.0479830498627447
61091.0746 lsst_hardware_u 1.5748765911223752 2.690000057220459 28.5 AB 3.461044806012063 1.040654915363186
61091.0871 lsst_hardware_g 20.70568012473219 12.720000267028809 31.389999389648438 AB 3.3295416401242885 1.0446986450906381
61093.0791 lsst_hardware_r 26.914493954972055 21.200000762939453 31.459999084472656 AB 5.607515661143333 1.0435499508966843
61093.0916 lsst_hardware_i -10.502068629058282 29.549999237060547 31.239999771118164 AB 6.435916713963477 1.0508476959692183
61095.0742 lsst_hardware_z 14.76563539624982 72.27999877929688 32.13999938964844 AB 8.272908400196842 1.043790356454233
61095.0871 lsst_hardware_r -24.29814493443888 36.29999923706055 32.279998779296875 AB 8.165092645614536 1.0515815588663744
61098.0554 lsst_hardware_r 16.184156287466898 47.939998626708984 31.6200008392334 AB 8.115978975727957 1.0406435409318882
61098.0682 lsst_hardware_z -10.37233126604949 46.939998626708984 30.959999084472656 AB 8.1682930595398 1.0448059682194677
61100.0562 lsst_hardware_z -5.277472152515719 52.38999938964844 30.969999313354492 AB 3.872889461929175 1.0421498720293778
61100.069 lsst_hardware_i 103.38713084795054 54.130001068115234 31.309999465942383 AB 3.9259942869867177 1.048399569260089
61102.0549 lsst_hardware_z -32.80420649501668 82.4000015258789 31.729999542236328 AB 6.564862339393194 1.0437121328146681
61102.0674 lsst_hardware_r 244.11641081683183 115.7300033569336 32.400001525878906 AB 6.611546312853714 1.0511341665131304
61104.0546 lsst_hardware_y -27.553971939284107 50.79999923706055 30.049999237060547 AB 11.195166497757132 1.0462772427810405
61104.068 lsst_hardware_g 25.204126860283647 78.33999633789062 31.719999313354492 AB 11.301734568684346 1.0562368755779763
61108.0485 lsst_hardware_z 52.57803248807188 57.56999969482422 31.690000534057617 AB 11.345651947875504 1.0493088506705845
61108.0626 lsst_hardware_r 21.7250870012652 30.309999465942383 32.220001220703125 AB 11.43944880209284 1.0617643217090247
61110.0451 lsst_hardware_u -4.3783828541201775 2.609999895095825 28.420000076293945 AB 7.562210901437242 1.050793548138551
61110.0586 lsst_hardware_r 27.25941113955736 21.469999313354492 31.479999542236328 AB 7.55922900317345 1.0633696505255426
61112.0461 lsst_hardware_i 27.69491555486922 29.780000686645508 31.25 AB 10.897226050095743 1.056188616437678
61112.0601 lsst_hardware_z 32.949751094048366 41.13999938964844 30.950000762939453 AB 11.240130226883641 1.0718496719850368
61115.043 lsst_hardware_r 37.16993740924819 21.360000610351562 31.469999313354492 AB 8.270205057908598 1.061246438484769
61115.0563 lsst_hardware_u -4.119361932843746 2.4800000190734863 28.309999465942383 AB 8.398117121277098 1.0779254423407905
61117.0323 lsst_hardware_g 6.827618266113064 12.670000076293945 31.3700008392334 AB 8.105217398597121 1.0560543841820353
61117.0464 lsst_hardware_r 18.47765038002892 21.479999542236328 31.469999313354492 AB 7.468226829742363 1.0717891546702827
