data/validation/pwv_sim_epoch_fit_seasonal/6481841.ecsv
# %ECSV 0.9
# ---
# datatype:
# - {name: time, datatype: float64}
# - {name: band, datatype: string}
# - {name: flux, datatype: float64}
# - {name: fluxerr, datatype: float64}
# - {name: zp, datatype: float64}
# - {name: zpsys, datatype: string}
# - {name: pwv, datatype: float64}
# - {name: airmass, datatype: float64}
# meta: {SNID: '6481841', alt: 1024.0, c: -0.0868413969874382, dec: 1.342993, lat: -30.244573, lon: -70.7499537, ra: 341.015625, t0: 60978.28125,
#   x0: 2.9537955026916912e-05, x1: 0.5089242458343506, z: 0.2897932231426239}
# schema: astropy-2.0
time band flux fluxerr zp zpsys pwv airmass
60831.4056 lsst_hardware_i 8.257706791751257 33.720001220703125 31.239999771118164 AB 5.5304872477527836 1.2022798364679965
60831.4286 lsst_hardware_y 53.90577666180482 51.18000030517578 30.0 AB 5.183613786180871 1.1780940423138342
60845.3862 lsst_hardware_i -8.157712363149974 41.279998779296875 31.270000457763672 AB 3.4461495899345747 1.1805588249511803
60845.4079 lsst_hardware_z 24.156036360737826 47.869998931884766 30.950000762939453 AB 3.4319478216505015 1.1768695736356523
60850.3443 lsst_hardware_g -9.988202265111378 15.489999771118164 31.389999389648438 AB 4.16761580020527 1.220117338858309
60850.371 lsst_hardware_r -18.92189987914422 25.010000228881836 31.489999771118164 AB 4.031326286727464 1.181687318401719
60853.3345 lsst_hardware_i 17.091132024945423 33.150001525878906 31.239999771118164 AB 8.810333088146344 1.2236573733536589
60853.361 lsst_hardware_r 31.985774009359695 25.010000228881836 31.5 AB 8.518687608230689 1.1831510566987067
60859.3313 lsst_hardware_z -10.551663472693853 43.54999923706055 30.93000030517578 AB 7.694653803592592 1.198917700777924
60859.3536 lsst_hardware_u -2.145944068899854 2.7300000190734863 28.3700008392334 AB 7.658504945182523 1.1774616512561054
60862.3375 lsst_hardware_g 1.7801934417285041 15.430000305175781 31.43000030517578 AB 6.73895515773991 1.1822728346912121
60862.357 lsst_hardware_r 29.047310803586083 24.850000381469727 31.5 AB 6.675861733367782 1.1758107908238915
60864.3308 lsst_hardware_i 5.450842280371059 53.869998931884766 31.290000915527344 AB 1.5429282609539405 1.1833028140504434
60864.351 lsst_hardware_z -1.3080634214428044 53.720001220703125 30.959999084472656 AB 1.783805662453979 1.1757479923897478
60869.3194 lsst_hardware_z 86.86244134601161 79.81999969482422 30.979999542236328 AB 7.207120374935415 1.1814951434320353
60869.3394 lsst_hardware_r 130.8289012765218 111.5 31.6299991607666 AB 7.14737008758865 1.1760701109459166
60871.3244 lsst_hardware_i 155.64064350319242 84.6500015258789 31.309999465942383 AB 5.6187143150677965 1.1762835272298249
60871.3448 lsst_hardware_r -21.389807672763947 98.25 31.6200008392334 AB 4.399594251771838 1.1810991279924397
60876.2896 lsst_hardware_z 22.33518985238754 44.099998474121094 30.940000534057617 AB 3.3677309970064413 1.192328198621505
60876.3113 lsst_hardware_u -2.869597862546666 2.75 28.3799991607666 AB 3.900136794706397 1.176157055098431
60878.2936 lsst_hardware_g 2.284449041566225 14.890000343322754 31.389999389648438 AB 5.776905036858435 1.1824593259356124
60878.3158 lsst_hardware_r 7.071267225012121 24.3700008392334 31.469999313354492 AB 5.731505083615906 1.1762965795004423
60880.2897 lsst_hardware_i 10.109153935491065 32.4900016784668 31.239999771118164 AB 6.9723667457380865 1.1812565431153046
60880.3109 lsst_hardware_z 116.9562996205733 43.380001068115234 30.940000534057617 AB 6.078106870149384 1.1764457311815317
60882.2841 lsst_hardware_i 76.29014664444601 32.33000183105469 31.229999542236328 AB 12.575978705397748 1.1813607250812013
60882.3062 lsst_hardware_u 3.2998332938613837 2.6500000953674316 28.309999465942383 AB 9.852659030790829 1.176671062594446
60895.2543 lsst_hardware_i 59.28170233005594 123.29000091552734 32.06999969482422 AB 3.647766436375065 1.1779337810204455
60895.2738 lsst_hardware_z 23.592272850832252 106.97000122070312 31.729999542236328 AB 3.692242322618072 1.1778739863732683
60898.2479 lsst_hardware_z -208.37920797293563 100.73999786376953 30.979999542236328 AB 7.614760893000431 1.1771762691436305
60898.2674 lsst_hardware_r -117.01658479242971 144.55999755859375 31.6299991607666 AB 7.908705858799541 1.1787764442820794
60900.2431 lsst_hardware_i -30.425284699938363 69.3499984741211 31.309999465942383 AB 4.146834917707257 1.1769357161014895
60900.2616 lsst_hardware_r -14.46952007887037 81.63999938964844 31.6200008392334 AB 4.007221269085832 1.1785944909075978
60903.2319 lsst_hardware_u -3.5790825228363543 3.1600000858306885 28.479999542236328 AB 5.205309939177393 1.1782050564004964
60903.2529 lsst_hardware_g 9.498095286614042 21.350000381469727 31.530000686645508 AB 5.33980970162347 1.1783324093321377
60905.2117 lsst_hardware_g -29.242676176986546 15.270000457763672 31.40999984741211 AB 3.0116120470397587 1.1907527039366426
60905.231 lsst_hardware_r -0.15529909169342537 24.760000228881836 31.489999771118164 AB 2.8950563103882896 1.1764536310416347
60907.1841 lsst_hardware_i 61.49822286643987 33.0 31.229999542236328 AB 2.6821203742007693 1.2306126974997795
60907.2016 lsst_hardware_z 26.282610948966838 43.779998779296875 30.940000534057617 AB 2.6075358394624217 1.196940940767694
60911.2165 lsst_hardware_g -6.93491376997564 15.289999961853027 31.399999618530273 AB 3.0155156457914853 1.1760217013161463
60911.2357 lsst_hardware_r -7.565230716819936 24.739999771118164 31.469999313354492 AB 3.038049714343057 1.1812012886248278
60913.186 lsst_hardware_i -18.836866993582184 32.97999954223633 31.229999542236328 AB 2.5560719951830326 1.1958231556413583
60913.2047 lsst_hardware_r -12.953236946324694 24.940000534057617 31.489999771118164 AB 2.486504829435782 1.1781591231633013
60931.134 lsst_hardware_i -1.7588539154436587 32.93000030517578 31.229999542236328 AB 4.330754313747341 1.2000704714228863
60931.1517 lsst_hardware_z -27.867788819296027 43.77000045776367 30.940000534057617 AB 4.218958860176753 1.1804035048291217
60933.129 lsst_hardware_r -15.329261635822215 25.09000015258789 31.489999771118164 AB 1.6361240486772446 1.1993578854078764
60933.1468 lsst_hardware_g 17.021113355229996 15.710000038146973 31.440000534057617 AB 1.6164501937947293 1.1800342088780116
60935.1236 lsst_hardware_r 15.715389122780199 24.940000534057617 31.489999771118164 AB 1.526065090325956 1.199265296916272
60935.142 lsst_hardware_i -33.139827430170484 32.689998626708984 31.229999542236328 AB 0.8068588172661061 1.1796181538992436
60937.1038 lsst_hardware_i 6.166061676495407 32.9900016784668 31.229999542236328 AB 6.794876911881691 1.2268073384476768
60937.1234 lsst_hardware_z 4.296084997258512 43.83000183105469 30.940000534057617 AB 6.66161320955973 1.1919150491250186
60939.1051 lsst_hardware_r 27.505893568360772 24.799999237060547 31.479999542236328 AB 4.631413155705951 1.2124118208654322
60939.1248 lsst_hardware_u -0.4077743718323633 2.690000057220459 28.329999923706055 AB 4.564807448247138 1.1844336918133391
60944.106 lsst_hardware_i 8.092120289498459 32.540000915527344 31.229999542236328 AB 4.434485735736795 1.1898271359635246
60944.1261 lsst_hardware_z -23.364383002424155 43.36000061035156 30.940000534057617 AB 3.3028473488671164 1.1760880767479347
60949.1028 lsst_hardware_r -35.461095742844684 44.369998931884766 31.579999923706055 AB 7.495912708757241 1.180241851957512
60949.12 lsst_hardware_i -79.55854795796424 43.16999816894531 31.280000686645508 AB 7.411478735322086 1.1759274490145435
60951.0667 lsst_hardware_i 18.747889286608373 68.83999633789062 31.290000915527344 AB 3.492730644744326 1.2242308604083723
60951.0846 lsst_hardware_z -51.87699202860843 63.95000076293945 30.959999084472656 AB 4.239075377797438 1.192649923416843
60954.0703 lsst_hardware_r -46.894062643928336 149.8976305494708 31.6299991607666 AB 4.534562151399002 1.201500271959814
60954.089 lsst_hardware_z 22.474383007293458 100.61809576879203 30.989999771118164 AB 4.053091252378298 1.180340121063427
60956.0703 lsst_hardware_g 48.86933960922539 103.7248349138587 31.670000076293945 AB 6.669857450499677 1.1934969044465737
60956.0871 lsst_hardware_r 205.62122929864003 102.49792683229771 31.6299991607666 AB 10.983872117336032 1.1782636696730724
60958.0689 lsst_hardware_i 289.59862825893043 37.93365265909673 31.229999542236328 AB 2.9166665350733134 1.1885356703639232
60958.0862 lsst_hardware_z 309.3762126741513 46.63873612678371 30.93000030517578 AB 3.7198699720174786 1.1764914781563898
60962.0692 lsst_hardware_r 2265.16622474234 52.65575618131029 31.489999771118164 AB 8.489339195216454 1.1790748882245075
60962.088 lsst_hardware_i 1516.6162187426962 50.21765511993906 31.239999771118164 AB 8.480684885536192 1.1767696791946705
60964.0692 lsst_hardware_z 1632.378478169776 57.97812221284134 30.93000030517578 AB 9.646374533899591 1.176674131971222
60964.0883 lsst_hardware_i 2278.2080081737895 56.508650063130176 31.229999542236328 AB 9.098492059746501 1.1794268754802535
60966.0364 lsst_hardware_r 4258.412596866716 69.5663105178247 31.469999313354492 AB 6.312017299179895 1.2033586615112122
60966.0551 lsst_hardware_u 73.93595272702936 8.61121724307589 28.309999465942383 AB 6.960796527990162 1.1811306325775164
60969.0383 lsst_hardware_g 5391.741798977952 74.46340138735329 31.40999984741211 AB 3.9328021664794863 1.1891756790241859
60969.0556 lsst_hardware_r 5968.753334333496 81.79849577428956 31.489999771118164 AB 3.399656816736411 1.1766572005663791
60971.0119 lsst_hardware_i 4679.968546376573 76.93312957936517 31.229999542236328 AB 4.793323092776191 1.2246609843578364
60971.0214 lsst_hardware_z 3047.1897146800084 70.66522110664133 30.93000030517578 AB 4.803325068653005 1.2056538826940273
60973.0387 lsst_hardware_r 7669.377515134176 91.3354217036536 31.489999771118164 AB 4.269324032129062 1.1793441307877062
60973.0571 lsst_hardware_g 6797.137506301127 84.0994328945728 31.43000030517578 AB 4.485530840982891 1.1765069636028656
60975.0388 lsst_hardware_r 8250.465302544555 94.37313763520537 31.5 AB 5.04803399951908 1.1767893386088462
60975.0561 lsst_hardware_i 5841.574992355813 82.50633485021463 31.239999771118164 AB 3.41974853703869 1.1782417653238475
60977.0396 lsst_hardware_z 3461.275421117542 73.92215830524486 30.940000534057617 AB 3.704552911353019 1.1756753130284139
60977.0567 lsst_hardware_i 6185.071218462599 86.5205473298263 31.260000228881836 AB 2.869617289032584 1.1821286463571463
60980.0115 lsst_hardware_y 900.7101995704351 68.34526943535727 30.010000228881836 AB 4.9591851167236545 1.1857223973516877
60980.0318 lsst_hardware_z 3500.8378370687083 90.64955566569931 30.969999313354492 AB 4.9192844711612596 1.1756669585138033
61218.3429 lsst_hardware_z 209.96576550673976 106.88999938964844 32.459999084472656 AB 8.698498958941116 1.2081248554084882
61219.3989 lsst_hardware_z 38.95593738197146 56.029998779296875 30.959999084472656 AB 6.1421199463002125 1.1874184713816625
61219.4195 lsst_hardware_r 84.50405978893434 56.34000015258789 31.59000015258789 AB 6.114881018389587 1.220372741828683
61221.3784 lsst_hardware_i -23.746395104319404 74.81999969482422 31.309999465942383 AB 4.772120753152279 1.1768968933747548
61221.3976 lsst_hardware_z 55.17123159163822 67.04000091552734 30.969999313354492 AB 4.843891636726574 1.1922936421217667
61224.3388 lsst_hardware_z 37.972417161468904 73.86000061035156 30.969999313354492 AB 7.770762589828155 1.1898273755669837
61224.3585 lsst_hardware_i -89.23514299194863 81.87000274658203 31.309999465942383 AB 7.6858830347357845 1.17620063275473
61232.3317 lsst_hardware_r 2.341339784732066 24.649999618530273 31.489999771118164 AB 10.102019648412414 1.1778720513510657
61232.3518 lsst_hardware_i -27.21648291983636 32.5099983215332 31.239999771118164 AB 11.05826487584151 1.1783437242827166
61234.3323 lsst_hardware_z -15.771262998884268 43.81999969482422 30.940000534057617 AB 7.173578657169335 1.1759965011753009
61234.3504 lsst_hardware_u 2.2242345157960988 2.759999990463257 28.3799991607666 AB 7.124814608425833 1.1807780259240286
61236.3344 lsst_hardware_g 3.5373494160478565 14.979999542236328 31.389999389648438 AB 4.271594860597346 1.1760999065521325
61236.3549 lsst_hardware_r 15.859469143185285 24.489999771118164 31.469999313354492 AB 4.356548814422846 1.1901512947473967
61239.2934 lsst_hardware_r 44.87897002367278 24.389999389648438 31.469999313354492 AB 2.152014426074624 1.1955635700414577
61239.3145 lsst_hardware_i 13.766556949318533 32.459999084472656 31.229999542236328 AB 2.1187735258268767 1.1770964032371536
61243.2957 lsst_hardware_z -2.248546236170445 43.7400016784668 30.93000030517578 AB 5.685118252338565 1.1814460208517383
61243.3154 lsst_hardware_i 1.114746808545298 32.41999816894531 31.229999542236328 AB 5.651283495801357 1.1761255974612603
61245.2872 lsst_hardware_z 15.044639746864307 47.25 30.940000534057617 AB 6.9889175082498385 1.1839268485699699
61245.3094 lsst_hardware_g 35.45262395605119 27.020000457763672 31.56999969482422 AB 6.195310748062016 1.176027097202357
61247.2895 lsst_hardware_r 11.167499821019993 60.31999969482422 31.610000610351562 AB 12.386676979053847 1.1784863293530872
61247.3093 lsst_hardware_i 33.57780438339802 51.5 31.290000915527344 AB 9.961225454404294 1.1776354178441395
61250.301 lsst_hardware_z -81.00451519479593 156.52999877929688 32.47999954223633 AB 4.357086600030622 1.1775909729812493
61252.2906 lsst_hardware_z 111.25577569634989 96.5 30.979999542236328 AB 4.205591408815628 1.1760876443286694
61252.3114 lsst_hardware_r -27.02721356374212 143.1199951171875 31.6200008392334 AB 4.014753896139747 1.1903796885174187
61257.2444 lsst_hardware_z 30.660002443823135 49.060001373291016 30.940000534057617 AB 1.2826361963927695 1.1953739015776041
61257.2642 lsst_hardware_i -22.20553667064113 42.84000015258789 31.270000457763672 AB 0.5614992162712346 1.1775586499921031
61259.2427 lsst_hardware_u -2.5837287860987472 3.8299999237060547 29.100000381469727 AB 3.7891517085856417 1.190496426219503
61259.2636 lsst_hardware_g -6.962199289352501 21.459999084472656 32.16999816894531 AB 4.8391209842154685 1.176090163252367
61262.252 lsst_hardware_r -25.384436373632496 24.5 31.479999542236328 AB 5.076425171371565 1.1770056043059507
61262.272 lsst_hardware_i -44.14752868875522 32.45000076293945 31.229999542236328 AB 5.083755194752876 1.1795255672280456
61265.2414 lsst_hardware_z -62.03373934671323 43.66999816894531 30.940000534057617 AB 4.155543255785385 1.177986371289441
61265.2617 lsst_hardware_u -4.116807634441944 2.759999990463257 28.389999389648438 AB 4.006434022847818 1.1783629478964173
61273.212 lsst_hardware_z 28.611293392197307 46.220001220703125 30.940000534057617 AB 1.6402478236211098 1.1828710266498388
61273.2309 lsst_hardware_i -48.34139307695984 37.099998474121094 31.260000228881836 AB 1.6348359831306367 1.175788540459553
61275.2166 lsst_hardware_z 215.9170806422856 71.91999816894531 31.709999084472656 AB 2.452432446694313 1.176979257732033
61277.201 lsst_hardware_r -9.014622932302133 81.75 31.6200008392334 AB 4.5574680392013285 1.1829385808620856
61277.2212 lsst_hardware_i 57.34856917492245 67.13999938964844 31.299999237060547 AB 3.974895146156113 1.1759175049644592
61279.1889 lsst_hardware_z -92.81243491779847 137.72000122070312 31.739999771118164 AB 2.743906380023768 1.189554789027645
61285.1923 lsst_hardware_g 53.514488141402275 45.08000183105469 31.639999389648438 AB 2.9656935687949857 1.1761624306147078
61285.21 lsst_hardware_r 39.684223177732996 50.349998474121094 31.59000015258789 AB 2.5952800600929558 1.1800303395390825
61287.1664 lsst_hardware_r -26.523529891193537 25.18000030517578 31.489999771118164 AB 1.666464513666066 1.1903317954757615
61287.1851 lsst_hardware_i 12.421304616413611 32.84000015258789 31.239999771118164 AB 1.76487912135893 1.1765860809059534
61300.1287 lsst_hardware_r -10.392901558984057 27.0 31.510000228881836 AB 0.781873385240143 1.193092652960544
61300.1475 lsst_hardware_z -5.276654705883086 43.900001525878906 30.940000534057617 AB 0.5949257936588389 1.1772937869238238
61304.1077 lsst_hardware_r 111.92253535090437 76.26000213623047 32.349998474121094 AB 4.4668812674717175 1.2088988545254986
61304.1285 lsst_hardware_i 102.61016586773046 68.9800033569336 32.040000915527344 AB 5.357857300273813 1.181967196177766
61306.1073 lsst_hardware_z -92.20132870808203 70.26000213623047 30.969999313354492 AB 1.5603848867193755 1.2002960667072118
61306.1268 lsst_hardware_r 68.2689043241676 92.45999908447266 31.6299991607666 AB 1.6059519696390219 1.1794016912893672
61308.1039 lsst_hardware_z -10.149771316484504 109.87000274658203 30.979999542236328 AB 6.052146449737862 1.197180492497269
61308.1243 lsst_hardware_r -185.90683942271943 157.1999969482422 31.6299991607666 AB 5.927193321694151 1.1778610913180176
61310.1048 lsst_hardware_i 108.35996527895753 111.94999694824219 31.309999465942383 AB 3.932422097755725 1.1889409214680953
61310.1227 lsst_hardware_z 20.198018836742722 94.2699966430664 30.979999542236328 AB 3.8171925121313617 1.1764815755894784
61312.1022 lsst_hardware_r -40.25077983419996 69.95999908447266 31.610000610351562 AB 4.3907948757934445 1.185900033975305
61312.1198 lsst_hardware_z 36.08448975782982 59.099998474121094 30.959999084472656 AB 4.375543369324699 1.1759579044098063
61314.1036 lsst_hardware_g 22.980025491020704 15.15999984741211 31.40999984741211 AB 7.438913002797105 1.1802490418802152
61314.1218 lsst_hardware_r -30.48736797744675 24.530000686645508 31.479999542236328 AB 7.445573623781601 1.1762049904607463
61316.0648 lsst_hardware_r -28.34262777556998 24.690000534057617 31.479999542236328 AB 3.539775077300882 1.2303702041365596
61316.085 lsst_hardware_i 31.927696852815178 32.709999084472656 31.239999771118164 AB 4.179076209367149 1.1931127358299816
61318.0688 lsst_hardware_z -3.9488307981630952 43.91999816894531 30.940000534057617 AB 3.4102037151536533 1.2101503602389647
61318.0863 lsst_hardware_r -10.564700036410276 24.59000015258789 31.489999771118164 AB 4.23435062063054 1.1854285052156137
61320.0683 lsst_hardware_u 1.0785338835925657 2.7699999809265137 28.399999618530273 AB 4.933161429644383 1.2015250391883918
61320.0873 lsst_hardware_r -4.164864631695126 24.530000686645508 31.489999771118164 AB 9.189201975247483 1.1801958998108537
61324.071 lsst_hardware_r -7.103567564259551 24.65999984741211 31.5 AB 3.6621919352965526 1.1844087759688138
61324.0901 lsst_hardware_u -1.2824131606976021 2.7899999618530273 28.420000076293945 AB 4.938112704096698 1.1757411200230232
61327.0672 lsst_hardware_g 11.222700242974376 15.229999542236328 31.40999984741211 AB 8.50221619015933 1.1808633597443514
61327.0845 lsst_hardware_r -2.623184110180598 24.530000686645508 31.489999771118164 AB 8.493949605796518 1.1759044216608177
61329.0697 lsst_hardware_i 96.83331224405669 33.02000045776367 31.239999771118164 AB 9.754192747877058 1.1768108358252702
61329.0877 lsst_hardware_z -31.46031572872427 43.65999984741211 30.940000534057617 AB 9.115392687731813 1.1787653805420681
61333.0377 lsst_hardware_z -16.5934348376586 53.5 30.959999084472656 AB 3.573003853548073 1.1942855698330652
61333.0563 lsst_hardware_r 16.94150295699639 55.77000045776367 31.610000610351562 AB 3.4048667241352675 1.1777470508942889
61336.0392 lsst_hardware_i 126.4618823435625 98.8499984741211 31.31999969482422 AB 4.705195362941491 1.1835480726805412
61336.0571 lsst_hardware_z 152.45531355537182 86.81999969482422 30.979999542236328 AB 5.100075795080463 1.1757422154528185
61341.0376 lsst_hardware_g 8.98953121003949 15.390000343322754 31.440000534057617 AB 4.193432359469778 1.1766084061363014
61341.0558 lsst_hardware_r 41.75692477538818 45.709999084472656 31.600000381469727 AB 3.0937572287498765 1.179248038403129
61344.0088 lsst_hardware_z 68.32189480640697 48.779998779296875 30.959999084472656 AB 5.570293916973805 1.1927824233348618
61344.025 lsst_hardware_i 11.17949030366999 32.90999984741211 31.25 AB 5.538184690639784 1.1783371682212305
