data/validation/pwv_sim_epoch_fit_seasonal/6626260.ecsv
# %ECSV 0.9
# ---
# datatype:
# - {name: time, datatype: float64}
# - {name: band, datatype: string}
# - {name: flux, datatype: float64}
# - {name: fluxerr, datatype: float64}
# - {name: zp, datatype: float64}
# - {name: zpsys, datatype: string}
# - {name: pwv, datatype: float64}
# - {name: airmass, datatype: float64}
# meta: {SNID: '6626260', alt: 1024.0, c: -0.04740586504340172, dec: -62.696659, lat: -30.244573, lon: -70.7499537, ra: 90.304054, t0: 61351.796875,
#   x0: 4.481755153055954e-05, x1: -0.32393041253089905, z: 0.24162431061267853}
# schema: astropy-2.0
time band flux fluxerr zp zpsys pwv airmass
61355.3506 lsst_hardware_r 12053.889695185107 111.46704437148753 31.479999542236328 AB 2.9250983305689813 1.2058531714187288
61358.3486 lsst_hardware_z 4029.5606039868644 78.24757480430065 30.940000534057617 AB 7.129560067844018 1.2123555784286049
61358.3604 lsst_hardware_i 8901.239729514275 108.32437465306963 31.280000686645508 AB 7.093707902113266 1.2273204940361486
61362.3427 lsst_hardware_g 5230.340461899636 73.70239861863848 31.350000381469727 AB 4.486823772527888 1.2183075818060065
61362.3555 lsst_hardware_r 9811.083567082767 104.1330325536977 31.520000457763672 AB 4.556803037889902 1.2363019772706043
61363.3331 lsst_hardware_i 6583.967103865801 85.78424989344917 31.209999084472656 AB 7.536376829091061 1.2103226930728006
61363.3448 lsst_hardware_z 3081.6113781504687 70.46393666897045 30.93000030517578 AB 7.128280198682499 1.2246150663449036
61365.3406 lsst_hardware_r 8050.570595995187 92.94374453820333 31.450000762939453 AB 4.4784558007733155 1.2263582129815331
61365.3519 lsst_hardware_g 4717.169129994162 72.56673609732353 31.520000457763672 AB 4.587888911864549 1.2437797519964642
61367.3198 lsst_hardware_z 2518.730597104745 72.01949462574487 30.950000762939453 AB 7.725056926894642 1.207826490198511
61367.3318 lsst_hardware_r 8235.679332426114 103.67423612649777 31.579999923706055 AB 7.845700828727048 1.2218338841701661
61369.3209 lsst_hardware_i 5279.980883532372 94.88458916054901 31.290000915527344 AB 8.151494170700454 1.2150540966201533
61369.3329 lsst_hardware_z 2363.026341063689 75.08385400374618 30.950000762939453 AB 8.314754284411055 1.2309947863516473
61371.326 lsst_hardware_r 6616.869771258882 99.70109153012727 31.59000015258789 AB 4.749064119869056 1.228894842765961
61371.3379 lsst_hardware_z 2324.9520984619585 70.8718921386486 30.950000762939453 AB 4.907927000727441 1.2478838038971374
61373.3163 lsst_hardware_y 973.0508799632426 56.85005082816348 29.989999771118164 AB 5.491717651898792 1.2230089047358308
61373.3279 lsst_hardware_r 5793.059421109026 87.40096886430504 31.56999969482422 AB 5.561291597903787 1.2402062660257755
61378.3098 lsst_hardware_z 2365.3898526463536 64.89257984838932 30.93000030517578 AB 4.440581974347837 1.2332095277059487
61378.3215 lsst_hardware_r 4038.7065133940073 66.68869558644634 31.459999084472656 AB 4.498906338871725 1.2527410619898578
61382.2842 lsst_hardware_i 3831.4399461922703 68.73957298769012 31.229999542236328 AB 7.677837005252127 1.2136634094242968
61382.2973 lsst_hardware_z 2353.4937867067415 64.14608038816002 30.93000030517578 AB 6.819334583357238 1.2308527615710072
61386.2159 lsst_hardware_r 2509.67395945168 54.546813643586155 31.450000762939453 AB 14.899718097321799 1.1855517572614165
61386.2287 lsst_hardware_u 11.482004371663116 4.322661994933717 28.329999923706055 AB 14.88684713596519 1.18542369645175
61388.2176 lsst_hardware_g 597.9582002088889 27.784226243242927 31.329999923706055 AB 9.233408349157044 1.185036365667214
61388.2303 lsst_hardware_r 2361.1803443069552 52.60788905118365 31.459999084472656 AB 9.296937331919542 1.186906196957652
61391.219 lsst_hardware_i 2709.3697577657176 59.30107700381222 31.239999771118164 AB 10.000194887819257 1.1861220362731308
61391.2327 lsst_hardware_z 1724.3239219586014 58.625559781506354 30.940000534057617 AB 10.087571942127973 1.1912110146185364
61393.2179 lsst_hardware_r 1977.7077436290429 54.92742170120433 31.549999237060547 AB 6.115140224727347 1.1872905979471855
61393.229 lsst_hardware_z 1604.8520650676257 59.89503976093658 30.950000762939453 AB 6.144160901957648 1.1921728647989618
61404.2011 lsst_hardware_r 1384.5164252180932 47.7703398048623 31.530000686645508 AB 11.099033936307203 1.1934445092803443
61404.2133 lsst_hardware_z 856.7489209382084 54.00992241697282 30.940000534057617 AB 10.819329659788842 1.2026265635157156
61406.2046 lsst_hardware_r 1186.00274601561 41.68302610315203 31.459999084472656 AB 8.399460200582329 1.1998568936683236
61406.2179 lsst_hardware_u 10.091656790313028 3.6483391491103703 28.389999389648438 AB 8.534618847601973 1.2128154701062768
61410.1805 lsst_hardware_r 2333.279131618013 57.0462577489647 32.20000076293945 AB 13.449658615862345 1.1910697272451065
61410.1946 lsst_hardware_i 2767.821988064932 67.78563136910745 31.969999313354492 AB 13.643426982536187 1.2006271773900123
61412.1823 lsst_hardware_z 758.2754453528964 49.79202452873529 30.93000030517578 AB 9.568397315447605 1.1954270461777308
61412.1946 lsst_hardware_r 1159.6189645424931 40.0975445264241 31.450000762939453 AB 9.599802959097698 1.2055636597684305
61414.1603 lsst_hardware_u -0.0009319270663306341 3.490000009536743 29.0 AB 7.598319800604923 1.187237468844519
61414.1734 lsst_hardware_g -35.980389149653035 17.959999084472656 32.060001373291016 AB 8.97568391386372 1.1932179751887695
61419.1567 lsst_hardware_r -11.808862315997919 22.280000686645508 31.459999084472656 AB 8.601949694268086 1.1914882878687008
61419.1685 lsst_hardware_u -1.4753938977931633 2.5899999141693115 28.329999923706055 AB 9.504321559797514 1.1993843721613824
61423.1624 lsst_hardware_i 7.843252817517062 41.56999969482422 31.270000457763672 AB 5.298881325643971 1.2035389984995675
61423.1755 lsst_hardware_z -81.96384755994688 47.65999984741211 30.950000762939453 AB 7.565467528898356 1.2175855039669061
61429.1043 lsst_hardware_g 5.335676012031441 74.94999694824219 31.65999984741211 AB 15.388800283656673 1.185098498962798
61429.1174 lsst_hardware_r -58.112135203515734 69.33000183105469 31.600000381469727 AB 15.41506829533615 1.186694933531994
61431.0934 lsst_hardware_i 34.06118720369794 39.709999084472656 31.270000457763672 AB 16.19009366061636 1.1855518503691636
61431.108 lsst_hardware_r 22.59256153327086 40.4900016784668 31.579999923706055 AB 16.23048293143856 1.185817585677963
61433.0917 lsst_hardware_u 4.790882983328906 2.549999952316284 28.309999465942383 AB 14.553320179511399 1.1851720493107536
61433.1036 lsst_hardware_g -3.462737382947718 12.84000015258789 31.329999923706055 AB 14.810164006469133 1.186022863838646
61435.0923 lsst_hardware_r -0.938460459559277 22.290000915527344 31.469999313354492 AB 14.890469165687872 1.1852166327606057
61435.1041 lsst_hardware_i 33.74434228281079 31.110000610351562 31.229999542236328 AB 15.094978808377935 1.1876302808810084
61437.0933 lsst_hardware_z -14.056609893923085 42.66999816894531 30.940000534057617 AB 9.024094159431538 1.1861582350776443
61437.1063 lsst_hardware_r 1.8731237801361205 22.100000381469727 31.459999084472656 AB 9.071961991288022 1.1908587544352878
61439.09 lsst_hardware_u -1.67776165411973 2.680000066757202 28.43000030517578 AB 8.661583475366733 1.1866808433164453
61439.102 lsst_hardware_g 20.416671304489036 12.989999771118164 31.360000610351562 AB 8.669495219294754 1.1914648246774615
61441.0933 lsst_hardware_r 39.375752227509935 22.399999618530273 31.469999313354492 AB 7.3677985985196734 1.1898579277882868
61441.1058 lsst_hardware_z -67.78310858170731 43.279998779296875 30.940000534057617 AB 7.4143592099206606 1.1973772039814858
61444.0663 lsst_hardware_i -8.103136234595429 30.8700008392334 31.229999542236328 AB 11.939510843193274 1.1851415322628402
61444.0806 lsst_hardware_r 2.580544260840282 22.040000915527344 31.459999084472656 AB 11.756076785478513 1.188012509164376
61446.0888 lsst_hardware_g 6.162676746910271 12.829999923706055 31.34000015258789 AB 4.124811038367322 1.195020098030105
61446.1024 lsst_hardware_r 17.405018370779434 22.1299991607666 31.459999084472656 AB 4.16600855303519 1.206227594074589
61449.0854 lsst_hardware_i -19.37486429318291 31.899999618530273 31.229999542236328 AB 4.095418317931559 1.1984836320338172
61449.097 lsst_hardware_z 40.21445430098666 43.25 30.93000030517578 AB 4.139039004133468 1.2090668950730632
61451.0671 lsst_hardware_z -49.47010623916353 45.34000015258789 30.940000534057617 AB 2.0394356339403785 1.1903899804117286
61451.0788 lsst_hardware_r 13.751629478302252 34.18000030517578 31.549999237060547 AB 2.0475237601402165 1.197615769237795
61453.0658 lsst_hardware_z -71.587982708113 68.88999938964844 31.690000534057617 AB 1.350129328148332 1.1926059578785413
61455.0611 lsst_hardware_r -4.615034390332694 66.94999694824219 31.610000610351562 AB 3.4631396248024373 1.1930547325131127
61455.0733 lsst_hardware_z -53.50793340931464 54.58000183105469 30.959999084472656 AB 3.49099947319389 1.202031324160761
61457.0572 lsst_hardware_r 55.78610650918601 79.86000061035156 31.6200008392334 AB 3.6192570547664626 1.1940145339307624
61457.069 lsst_hardware_y 87.16361220109656 53.58000183105469 30.0 AB 3.837480723401609 1.2030662977981375
61459.0589 lsst_hardware_g -78.00016992032758 82.52999877929688 32.400001525878906 AB 8.43225541289759 1.1991261963733773
61459.0716 lsst_hardware_r 11.952509385655121 88.73999786376953 32.349998474121094 AB 8.670403239292666 1.2111193238291194
61461.0549 lsst_hardware_i -3.7466303170825133 30.950000762939453 31.229999542236328 AB 10.742324527229137 1.2003156043274794
61461.0698 lsst_hardware_z -96.95277538505496 46.59000015258789 30.940000534057617 AB 10.811022377336691 1.2152905716912439
61463.0501 lsst_hardware_r 1.3079760044298094 22.239999771118164 31.450000762939453 AB 9.35718841058554 1.2008712025905466
61463.0631 lsst_hardware_u -2.1078868777960813 2.549999952316284 28.299999237060547 AB 9.409124916829224 1.2138456965528253
61465.0547 lsst_hardware_g -1.7780651145722193 12.850000381469727 31.329999923706055 AB 4.683063567793218 1.2105631556916683
61465.0674 lsst_hardware_i 5.189465971728526 31.139999389648438 31.219999313354492 AB 4.671168638123582 1.2262699056569093
61467.0507 lsst_hardware_z 42.809671519910324 43.279998779296875 30.93000030517578 AB 7.62052109670802 1.2121719666025483
61467.0653 lsst_hardware_r -25.7964194946358 22.40999984741211 31.459999084472656 AB 7.7244271367830235 1.231098849048335
61722.2782 lsst_hardware_r 53.58724971662578 75.47000122070312 31.6200008392334 AB 5.311359006892308 1.1916001361559172
61724.3485 lsst_hardware_y -131.50032315770727 55.22999954223633 30.0 AB 6.725959559762376 1.2146202365258234
61724.3588 lsst_hardware_r -13.749824441758213 78.30999755859375 31.610000610351562 AB 6.815347146865119 1.2279904769125198
61726.3446 lsst_hardware_r -26.556521323263524 56.54999923706055 31.59000015258789 AB 3.8774285584499903 1.2164799785980906
61726.3562 lsst_hardware_i 16.709656224051223 57.93000030517578 31.280000686645508 AB 3.9178076696000854 1.2321764391350936
61728.3481 lsst_hardware_z 29.81447992489119 51.380001068115234 30.940000534057617 AB 7.153370114394698 1.2283099573976948
61729.3456 lsst_hardware_z -9.971062404465659 48.7400016784668 30.940000534057617 AB 6.173204731101424 1.2286410822685654
61731.3398 lsst_hardware_i -39.524016956825704 33.16999816894531 31.229999542236328 AB 5.898218972410574 1.2281559546925997
61731.3533 lsst_hardware_z 3.1062375335551176 59.349998474121094 30.950000762939453 AB 5.90270591277511 1.2498009872661504
61734.324 lsst_hardware_z -56.70323598446127 43.189998626708984 30.93000030517578 AB 8.211507448253114 1.2180082987730356
61734.3361 lsst_hardware_r -5.962196207356378 22.770000457763672 31.450000762939453 AB 6.9082768512402275 1.234833649341358
61736.3295 lsst_hardware_u 2.928064753833924 2.640000104904175 28.329999923706055 AB 4.7239819632463025 1.2330936996205435
61736.3411 lsst_hardware_g -7.008503858145864 14.869999885559082 31.3799991607666 AB 4.887984923635259 1.2524195901188502
61738.3176 lsst_hardware_r -13.889693837408458 22.18000030517578 31.450000762939453 AB 5.484980162503275 1.2238706201197342
61738.3293 lsst_hardware_i 15.449334768268452 31.3799991607666 31.219999313354492 AB 5.56808427110906 1.2414211629472294
61740.3232 lsst_hardware_z -6.898968695401793 43.47999954223633 30.920000076293945 AB 8.628035217500518 1.2403730904974866
61740.3363 lsst_hardware_r -1.9543847615242558 22.899999618530273 31.440000534057617 AB 9.180600502286437 1.26408121474471
61744.3089 lsst_hardware_g -11.574803475251215 12.829999923706055 31.31999969482422 AB 3.8779126149440812 1.235004017498115
61744.3211 lsst_hardware_i 23.071905900500926 31.31999969482422 31.209999084472656 AB 3.778473215055614 1.2558282393205198
61746.3155 lsst_hardware_z 2.3344652417808316 43.650001525878906 30.920000076293945 AB 5.258117075679775 1.2555698035611178
61746.3268 lsst_hardware_r -32.96230924913898 22.520000457763672 31.440000534057617 AB 5.330069447296666 1.278449597592708
61748.2139 lsst_hardware_i -27.565654151887433 41.380001068115234 31.270000457763672 AB 6.647714082478728 1.188506689358533
61748.2263 lsst_hardware_r 6.22228928330293 38.5099983215332 31.559999465942383 AB 6.417077757808206 1.18534777867278
61752.2232 lsst_hardware_r 13.2753043301622 79.2300033569336 31.6200008392334 AB 12.848987216645469 1.1851122686447
61752.2367 lsst_hardware_i -109.5558565714029 62.310001373291016 31.299999237060547 AB 12.921154644826439 1.187879075598845
61754.2188 lsst_hardware_z 7.009214752108695 55.869998931884766 30.950000762939453 AB 9.558279715193628 1.185186258110986
61754.2308 lsst_hardware_r -73.89628087495457 72.05000305175781 31.610000610351562 AB 9.575859572900166 1.1877280654360132
61756.2301 lsst_hardware_z 84.99068041490312 70.62999725341797 31.700000762939453 AB 10.024582613189494 1.1896261012487535
61758.2198 lsst_hardware_r 63.40582525970101 36.220001220703125 31.559999465942383 AB 6.131531042362507 1.1877057709177483
61758.2323 lsst_hardware_z 2.362859096298145 45.619998931884766 30.940000534057617 AB 6.162721344000039 1.1937474758354303
61760.2035 lsst_hardware_i 6.810376648927987 31.31999969482422 31.229999542236328 AB 5.676758847517954 1.1852920756231808
61760.2157 lsst_hardware_r -34.19163759017305 24.25 31.479999542236328 AB 7.010357827809313 1.1881962420015784
61766.2047 lsst_hardware_r -27.2977279551606 22.260000228881836 31.459999084472656 AB 6.5563058546872 1.1905403767363272
61766.2165 lsst_hardware_i 10.102711670864252 31.219999313354492 31.219999313354492 AB 6.054132796475705 1.19794861171916
61768.1989 lsst_hardware_z 59.72196515338534 42.84000015258789 30.93000030517578 AB 8.430247743438148 1.1903766935099942
61768.2117 lsst_hardware_r -8.57174053163588 22.15999984741211 31.450000762939453 AB 8.536032978893589 1.1984602286968886
61772.2017 lsst_hardware_r -8.281478208714395 21.969999313354492 31.450000762939453 AB 5.757719767639901 1.1991918427464388
61772.215 lsst_hardware_z -15.607305087183546 42.84000015258789 30.93000030517578 AB 6.776881468188221 1.2118886745687092
61776.1751 lsst_hardware_z -29.036814871437365 44.060001373291016 30.940000534057617 AB 8.097965932718644 1.189477957214842
61776.1873 lsst_hardware_g -7.652405404139765 19.729999542236328 31.5 AB 8.168898752129728 1.196557602479818
61778.1832 lsst_hardware_r 19.267853776318397 46.900001525878906 31.579999923706055 AB 8.114669090626753 1.1975603734691194
61778.1955 lsst_hardware_i -23.24010284389644 42.849998474121094 31.260000228881836 AB 8.069463459517076 1.2085462722056426
61783.1605 lsst_hardware_r -91.31240934048161 77.5999984741211 31.6200008392334 AB 5.931162191393886 1.191714324169959
61783.1738 lsst_hardware_z -66.12707173597398 58.0 30.959999084472656 AB 6.286657450164343 1.200966145599393
61786.1583 lsst_hardware_r -3.8025613963958182 45.95000076293945 31.579999923706055 AB 5.169541594573199 1.195384895170602
61786.1722 lsst_hardware_y -111.0301055307084 50.040000915527344 29.989999771118164 AB 6.2628874388097335 1.2070709142930969
61788.16 lsst_hardware_g -43.93472364681187 19.860000610351562 31.5 AB 5.1708485394586425 1.2008473152481751
61788.1719 lsst_hardware_r -4.185868654959129 28.989999771118164 31.510000228881836 AB 7.530859212286041 1.2125685721800168
61790.1617 lsst_hardware_i -61.69955798334056 31.020000457763672 31.209999084472656 AB 9.001927945566246 1.2075020718398721
61790.175 lsst_hardware_z -0.8050256897550688 43.189998626708984 30.920000076293945 AB 10.763354675492497 1.22310848585142
61792.0995 lsst_hardware_i 45.393130481694044 31.1200008392334 31.229999542236328 AB 13.306591933052006 1.186675856098577
61792.112 lsst_hardware_z -4.400241158429221 42.93000030517578 30.93000030517578 AB 13.288883357409256 1.1850966133242533
61794.0962 lsst_hardware_i -19.721243680242356 30.760000228881836 31.219999313354492 AB 15.396622276410184 1.1861576068573545
61794.111 lsst_hardware_u 0.086610458116961 2.4600000381469727 28.239999771118164 AB 15.395012090862572 1.1853714795659338
61796.1004 lsst_hardware_g 7.78261210068913 12.779999732971191 31.31999969482422 AB 16.196730824023078 1.185097740837278
61796.1145 lsst_hardware_r -23.63064457758189 22.100000381469727 31.450000762939453 AB 16.209156887826627 1.1872520792880483
61798.0936 lsst_hardware_i 17.065373607730834 43.470001220703125 31.969999313354492 AB 14.788266550597365 1.1851234388313558
61798.1061 lsst_hardware_r 26.99616145190599 31.030000686645508 32.20000076293945 AB 14.804714813852863 1.1864415934808858
61800.0923 lsst_hardware_u 0.09953689892445071 2.5399999618530273 28.309999465942383 AB 14.890014927907602 1.1851804774073786
61800.1052 lsst_hardware_g 13.290375300828188 12.770000457763672 31.329999923706055 AB 15.091520944457612 1.1877865461607517
61802.091 lsst_hardware_r 15.247779675234293 22.3700008392334 31.459999084472656 AB 9.037193693422402 1.185620373475629
61802.104 lsst_hardware_i -18.1344284810801 31.15999984741211 31.229999542236328 AB 9.08253551654053 1.1894622525208636
61804.0937 lsst_hardware_z -55.84785247639613 43.709999084472656 30.93000030517578 AB 8.64519796732385 1.1875951646486889
61804.1076 lsst_hardware_r -44.99102155068994 25.18000030517578 31.479999542236328 AB 8.695878509390539 1.1943794308292128
61806.0917 lsst_hardware_z 69.05182646452322 64.3499984741211 31.690000534057617 AB 7.3128094005496385 1.188881385229985
61809.0855 lsst_hardware_r -54.07386268380529 59.2400016784668 31.600000381469727 AB 10.069106675538858 1.1897446814803638
61809.0984 lsst_hardware_z 49.61279085068844 52.02000045776367 30.950000762939453 AB 10.351946407520925 1.1974836065266115
61811.0656 lsst_hardware_i 17.77649889170714 62.5 31.299999237060547 AB 3.0823301417379363 1.1855115929761293
61811.0799 lsst_hardware_r -68.9695463425234 79.87000274658203 31.6200008392334 AB 3.0931767580255976 1.1896833684713837
61813.0854 lsst_hardware_g -71.26202619178663 77.77999877929688 31.65999984741211 AB 5.40246240531577 1.1959847408735056
61813.0974 lsst_hardware_r 62.45071104551011 71.73999786376953 31.610000610351562 AB 5.439736985911043 1.2060386850980571
61815.0632 lsst_hardware_r 88.39178020738677 49.16999816894531 32.29999923706055 AB 3.000298494914347 1.1874532301771945
61815.0772 lsst_hardware_i -70.75138895061338 57.380001068115234 32.0099983215332 AB 2.991363776648276 1.1941571962667892
61817.0639 lsst_hardware_z 101.97801332866095 43.099998474121094 30.93000030517578 AB 2.8556717838733587 1.1898632432805663
61817.0767 lsst_hardware_r 1.7775402223080163 22.329999923706055 31.459999084472656 AB 2.874238290828174 1.1975992878450725
61821.0562 lsst_hardware_r -0.5657015077485696 22.31999969482422 31.469999313354492 AB 3.980486571612493 1.191465174840357
61821.068 lsst_hardware_z 13.928735948471697 43.060001373291016 30.940000534057617 AB 3.974771425843581 1.1993275612301477
61823.0616 lsst_hardware_r 34.57921932437599 22.110000610351562 31.459999084472656 AB 6.43701086588457 1.1985868849985235
61823.0745 lsst_hardware_u -1.520742277474366 2.5399999618530273 28.299999237060547 AB 6.663078291479798 1.210588352376417
61825.0518 lsst_hardware_g -6.1497471310735685 12.770000457763672 31.329999923706055 AB 9.462255786269392 1.195421060538324
61825.0633 lsst_hardware_r -35.34805867129801 22.100000381469727 31.450000762939453 AB 9.521983696821412 1.2047679255385948
61827.0584 lsst_hardware_i -51.23554023413786 53.619998931884766 32.40999984741211 AB 7.732026708186187 1.2053042413384547
61827.0727 lsst_hardware_z 9.169904233306138 74.55000305175781 32.119998931884766 AB 7.896031376452372 1.2214765188138563
