data/validation/pwv_sim_epoch_fit_seasonal/6695816.ecsv
# %ECSV 0.9
# ---
# datatype:
# - {name: time, datatype: float64}
# - {name: band, datatype: string}
# - {name: flux, datatype: float64}
# - {name: fluxerr, datatype: float64}
# - {name: zp, datatype: float64}
# - {name: zpsys, datatype: string}
# - {name: pwv, datatype: float64}
# - {name: airmass, datatype: float64}
# meta: {SNID: '6695816', alt: 1024.0, c: -0.1169748306274414, dec: -62.884678, lat: -30.244573, lon: -70.7499537, ra: 260.510193, t0: 61856.1640625,
#   x0: 6.830190134912097e-06, x1: 0.7953363060951233, z: 0.5386751294136047}
# schema: astropy-2.0
time band flux fluxerr zp zpsys pwv airmass
61854.3945 lsst_hardware_r 2587.043671394015 54.4517136058737 31.459999084472656 AB 8.852302679706176 1.1926576565823244
61854.407 lsst_hardware_y 443.43786714207897 57.75513634518222 30.0 AB 8.822344542855923 1.188621441081774
61858.3984 lsst_hardware_r 2389.4640155166235 53.37091231639131 31.459999084472656 AB 10.839252608371554 1.1882539583832004
61858.4108 lsst_hardware_y 476.31106084613765 61.71671903987887 30.010000228881836 AB 11.010765927963229 1.1882976395384182
61860.3967 lsst_hardware_g 691.6052319945838 29.701646374712528 31.350000381469727 AB 5.93954729057214 1.187909458114428
61860.4088 lsst_hardware_y 512.1420295156751 58.1413293485649 30.0 AB 5.944575258299404 1.1889150516598808
61862.3951 lsst_hardware_i 1783.6151267678433 50.86317457895611 31.219999313354492 AB 12.476700422337052 1.1878800782929595
61862.4065 lsst_hardware_z 1208.1125890700573 56.25564412028716 30.93000030517578 AB 12.508317231374125 1.1897103537152895
61864.4011 lsst_hardware_r 1905.9767533624208 49.868704116841016 31.459999084472656 AB 9.86235147781385 1.1897282506535747
61864.4129 lsst_hardware_y 334.85741810604543 60.52923200669179 30.0 AB 9.817247463302621 1.1946756876547338
61866.3717 lsst_hardware_u 5.12261128359444 2.897493611147098 28.290000915527344 AB 21.70028318562895 1.1891652124739582
61866.3831 lsst_hardware_r 1802.413168617165 48.39741234907088 31.469999313354492 AB 23.125899026474823 1.187857309929664
61872.385 lsst_hardware_z 2074.053287217801 102.240648216384 31.719999313354492 AB 7.391226615329728 1.191748889927399
61876.359 lsst_hardware_z 3518.2292743647363 116.06484177664453 32.459999084472656 AB 20.357416937210118 1.1880085165347367
61878.3999 lsst_hardware_g 497.38479889337606 42.61555735352633 32.310001373291016 AB 15.754277637132859 1.2158814782493121
61878.4108 lsst_hardware_r 1721.3734919660606 62.67060977797554 32.279998779296875 AB 15.889512476785276 1.2297194525905215
61883.3263 lsst_hardware_i 764.2151632404764 41.918686394224366 31.219999313354492 AB 6.682645970656845 1.1889418759323054
61883.3383 lsst_hardware_z 716.2153369685061 50.22499497170444 30.93000030517578 AB 6.656557735895313 1.1879109027072523
61885.358 lsst_hardware_u 4.890344262040395 3.0562676588199014 28.239999771118164 AB 18.658984390256098 1.1960887429651346
61885.3703 lsst_hardware_g 84.88049959155173 16.048864463661893 31.329999923706055 AB 18.80222503663357 1.205270835681639
61895.3022 lsst_hardware_z 472.53592374281334 49.268982321990286 30.940000534057617 AB 9.969333237096949 1.1878859978667797
61895.314 lsst_hardware_r 269.7610012654714 28.376521160135308 31.469999313354492 AB 9.928084119885156 1.1890989154576945
61903.2854 lsst_hardware_y 348.54591186379747 79.06106646922842 30.75 AB 8.357017788892334 1.1880326667619296
61908.2893 lsst_hardware_r 174.17040608982484 30.856235918908727 31.510000228881836 AB 9.479190874972625 1.1929137486201196
61908.3018 lsst_hardware_i 261.51257527193036 37.28327111002896 31.239999771118164 AB 9.512168617432769 1.2005892548954984
61910.2835 lsst_hardware_z 353.62520936277565 46.81988147724983 30.93000030517578 AB 9.037510071652356 1.1927557175204215
61910.2957 lsst_hardware_r 115.7959476384999 26.15690774911664 31.459999084472656 AB 8.559195341235316 1.2001115172792087
61918.2617 lsst_hardware_i 382.14646802862563 48.617690176202935 31.979999542236328 AB 9.122776582449964 1.1927796795532586
61918.2735 lsst_hardware_z 589.5682017012904 65.49972381439179 31.690000534057617 AB 9.20885948980735 1.199851399323417
61926.2202 lsst_hardware_r 110.53390650798022 70.27607544973748 31.610000610351562 AB 9.656240822100296 1.1879121417316132
61926.2311 lsst_hardware_z 299.97981657398964 58.88886783627602 30.959999084472656 AB 9.728494695202766 1.1895570195583123
61928.2215 lsst_hardware_r 122.54207113882056 115.27872284564855 31.6200008392334 AB 4.711113424666433 1.1886245552331414
61928.234 lsst_hardware_y 122.85600304921391 61.54197107897979 30.0 AB 4.726882909679344 1.1926032319110553
61944.1894 lsst_hardware_u -3.7255820789326246 2.5999999046325684 28.309999465942383 AB 3.6890833359841997 1.1922061842025653
61944.2008 lsst_hardware_g -4.932057972342834 13.770000457763672 31.360000610351562 AB 3.711512950143733 1.1986477757010736
61958.1342 lsst_hardware_r -179.89861754034874 118.58000183105469 31.6200008392334 AB 2.1383995733040306 1.1879997629466836
61958.1467 lsst_hardware_i 61.32741914790681 90.37000274658203 31.299999237060547 AB 2.1428737455716047 1.190485414206447
61960.1331 lsst_hardware_z 55.049774610976606 96.5 31.719999313354492 AB 3.7450878313123206 1.1884765953283538
61962.1306 lsst_hardware_g 50.3924103496216 64.87999725341797 31.65999984741211 AB 8.862114746872907 1.1890401950230707
61962.1431 lsst_hardware_r 6.408024363487574 62.209999084472656 31.610000610351562 AB 8.895767363020825 1.1935554054903779
61965.1123 lsst_hardware_z 78.21988510275463 42.88999938964844 30.93000030517578 AB 8.934556643432215 1.1879216402728585
61965.1236 lsst_hardware_i 13.477455552919302 31.360000610351562 31.229999542236328 AB 8.92319543765166 1.189323306474506
61974.1083 lsst_hardware_u -1.979988989774872 2.5299999713897705 28.270000457763672 AB 7.650178301782051 1.1925918082204374
61974.1208 lsst_hardware_g 12.877362488674182 13.460000038146973 31.350000381469727 AB 7.697959151584685 1.2000403993272823
61976.11 lsst_hardware_r 7.715640084263073 22.709999084472656 31.459999084472656 AB 6.342665303707517 1.1964283143311465
61976.1224 lsst_hardware_i -31.403006553602413 31.3799991607666 31.219999313354492 AB 6.4160007793636185 1.2058263015248776
61978.0503 lsst_hardware_r 1.0531788638899064 23.290000915527344 31.459999084472656 AB 4.0908437247080345 1.1957161051392513
61978.0618 lsst_hardware_i -11.485160069824529 31.40999984741211 31.219999313354492 AB 4.10903882932884 1.1904219104306049
61979.1109 lsst_hardware_g 7.767246872587372 15.670000076293945 31.399999618530273 AB 4.571305006136831 1.2029750016149556
61979.1229 lsst_hardware_r 46.25552457451071 24.010000228881836 31.459999084472656 AB 4.615284366795407 1.2145485175777389
61981.0852 lsst_hardware_r -14.046625365752588 38.02000045776367 31.559999465942383 AB 6.192991334555204 1.1909598720298469
61981.0974 lsst_hardware_i 27.98660726213018 39.33000183105469 31.25 AB 6.224882238921325 1.197092738254101
61987.0509 lsst_hardware_i 14.227504425146039 78.91999816894531 31.299999237060547 AB 2.613502051861817 1.1879554781190076
61987.063 lsst_hardware_z 8.555278316540797 69.83999633789062 30.969999313354492 AB 2.61625979708038 1.1892089986728998
61990.0279 lsst_hardware_z 55.68483144376974 56.13999938964844 30.959999084472656 AB 4.606483692990419 1.1908187056416422
61990.0389 lsst_hardware_r 31.4588586861434 71.7300033569336 31.610000610351562 AB 4.570727303204822 1.18823066807751
61992.0307 lsst_hardware_u 2.2665536547722693 2.640000104904175 28.3700008392334 AB 3.814696600808562 1.1886258623209063
61992.0422 lsst_hardware_r -1.3253774804056369 22.719999313354492 31.469999313354492 AB 3.826810043355869 1.18808135465899
61994.0286 lsst_hardware_i 24.072879060679863 31.31999969482422 31.229999542236328 AB 2.624064399843743 1.188165904389288
61994.04 lsst_hardware_z -27.60108495142351 42.83000183105469 30.93000030517578 AB 2.6217390606061457 1.1884583230308912
61995.0236 lsst_hardware_r 21.483191364610217 22.75 31.469999313354492 AB 2.5120859200582997 1.1884498734752453
61995.0349 lsst_hardware_u -1.4781252674443033 2.630000114440918 28.360000610351562 AB 2.5570237248872023 1.1881620406058635
61997.0288 lsst_hardware_g -1.2569679285864002 13.479999542236328 31.3700008392334 AB 4.8367708006419585 1.1881038567039939
61997.042 lsst_hardware_r -3.3867713779240707 22.719999313354492 31.469999313354492 AB 4.407256914869867 1.1911505175323964
62013.0097 lsst_hardware_i -8.788158651903792 57.220001220703125 31.290000915527344 AB 3.1578330074525423 1.1969044879794852
62013.0202 lsst_hardware_z 82.75029701149779 55.91999816894531 30.959999084472656 AB 3.2278868665015152 1.2048100279321363
62218.3915 lsst_hardware_i 6.23444910332494 31.81999969482422 31.239999771118164 AB 7.599784877058221 1.1961101518092814
62218.4046 lsst_hardware_y 22.9182306338856 52.47999954223633 30.0 AB 7.5448177999089046 1.190081280793234
62222.3926 lsst_hardware_r 38.37186177246177 23.200000762939453 31.479999542236328 AB 9.329045235097402 1.1904353766606637
62222.4037 lsst_hardware_y -9.539971146150377 51.130001068115234 30.0 AB 9.312905353486965 1.1880473735658323
62224.3992 lsst_hardware_z 80.95707880946715 78.54000091552734 31.709999084472656 AB 10.802601275938265 1.1879693485269354
62226.3973 lsst_hardware_z 45.63808551021345 63.84000015258789 30.959999084472656 AB 5.93927572177578 1.187855144355156
62226.4088 lsst_hardware_y 18.89219007801636 62.150001525878906 30.0 AB 5.946974018055556 1.1893948036111113
62228.4022 lsst_hardware_i 88.67914323131625 61.25 31.290000915527344 AB 12.589721303962278 1.189111811472234
62228.4143 lsst_hardware_y -126.08221722797853 68.25 30.010000228881836 AB 12.560042596209833 1.1935894765750636
62230.3956 lsst_hardware_i 26.0649729387933 46.130001068115234 31.270000457763672 AB 9.722381077534406 1.1888579296929014
62230.4061 lsst_hardware_y 27.81568734571562 51.93000030517578 30.0 AB 9.881599298239198 1.1922898957203798
62232.3993 lsst_hardware_g -28.78876353149938 28.010000228881836 31.579999923706055 AB 23.09178218554775 1.1917160290662558
62232.4118 lsst_hardware_y -61.02124328767739 55.599998474121094 30.0 AB 23.225997749083458 1.1986425987493774
62234.3971 lsst_hardware_i 18.79544033774976 32.119998931884766 31.229999542236328 AB 10.077237990672723 1.1931844327275594
62234.4096 lsst_hardware_y -0.72690502035202 50.689998626708984 30.0 AB 10.14351748354411 1.2010321841825131
62236.3821 lsst_hardware_u -3.509711082925431 2.7100000381469727 28.389999389648438 AB 5.219087550046798 1.189558217640631
62236.3936 lsst_hardware_g 12.145363056955267 13.949999809265137 31.3799991607666 AB 5.251515440789005 1.19418213203214
62238.3792 lsst_hardware_r 16.22488055114997 22.84000015258789 31.469999313354492 AB 7.467556165452387 1.1903333331397763
62238.39 lsst_hardware_i 45.092656278904414 31.56999969482422 31.229999542236328 AB 7.413879351624771 1.1952086654239513
62242.3203 lsst_hardware_r -16.483355798928315 22.75 31.459999084472656 AB 20.52335715568302 1.199939028026136
62242.3313 lsst_hardware_i 7.79335242664382 31.43000030517578 31.229999542236328 AB 20.32751616181422 1.1932094483337765
62246.3232 lsst_hardware_u -1.3740420230625479 2.5899999141693115 28.329999923706055 AB 4.25517413894423 1.1919255291159443
62246.3358 lsst_hardware_g -13.480206975299401 13.420000076293945 31.360000610351562 AB 5.258995955935492 1.188339386721469
62248.3196 lsst_hardware_r -41.45258440580663 22.829999923706055 31.469999313354492 AB 8.233308204165334 1.1911758490768842
62248.3321 lsst_hardware_i 4.154171418943776 31.43000030517578 31.229999542236328 AB 8.21218257877196 1.1881194428132997
62250.3172 lsst_hardware_z -44.476225087064385 42.869998931884766 30.93000030517578 AB 10.591970555820408 1.1901090512157761
62250.3282 lsst_hardware_u 0.43425709804490237 2.630000114440918 28.360000610351562 AB 10.573037484786502 1.1879817398636519
62252.3263 lsst_hardware_z -56.030175026144065 53.7400016784668 30.950000762939453 AB 4.431929107972068 1.1878662846347006
62252.3384 lsst_hardware_r -108.44072821430976 53.91999816894531 31.59000015258789 AB 3.77149841788792 1.1895595072978773
62257.2985 lsst_hardware_z -2.0690967779528564 60.5 30.959999084472656 AB 11.691604139304133 1.1899851541276847
62257.3099 lsst_hardware_i 6.235232090822692 62.880001068115234 31.299999237060547 AB 11.686299289206525 1.187933854048948
62259.3077 lsst_hardware_z -9.756321884295387 74.30000305175781 31.700000762939453 AB 14.839044092179805 1.1878758487452563
62264.3029 lsst_hardware_z -20.116985435462237 43.08000183105469 30.940000534057617 AB 11.475853791947126 1.1888996417453639
62264.3168 lsst_hardware_u -2.6282760535548277 2.759999990463257 28.40999984741211 AB 11.529011254111737 1.1940047385352497
62270.281 lsst_hardware_z -62.48728501931715 43.040000915527344 30.940000534057617 AB 8.154277081846123 1.1880639734604972
62270.292 lsst_hardware_i 62.1135485037 31.479999542236328 31.229999542236328 AB 8.103068425215126 1.1904022954627775
62277.2829 lsst_hardware_r 19.277824664378404 22.959999084472656 31.469999313354492 AB 7.127016114510792 1.1948724904175911
62277.2937 lsst_hardware_i 17.399573161298562 31.559999465942383 31.219999313354492 AB 8.081958302973566 1.2022251101485966
62280.2863 lsst_hardware_z 84.76211880776744 50.5099983215332 30.950000762939453 AB 8.168289724701543 1.2028700753045665
62280.2986 lsst_hardware_r -56.1987650048547 43.13999938964844 31.56999969482422 AB 8.739567695040435 1.2147567857447266
62283.2728 lsst_hardware_i -69.62657430680629 91.04000091552734 31.309999465942383 AB 4.1958993277271395 1.1988283793506114
62283.2867 lsst_hardware_z 47.91584013297864 78.41999816894531 30.979999542236328 AB 4.2377910014992235 1.2107974289997783
62288.2166 lsst_hardware_y -56.95202668290671 51.029998779296875 30.0 AB 8.1281559202141 1.189254182629915
62288.2297 lsst_hardware_r 25.5787432355652 54.66999816894531 31.600000381469727 AB 8.163469277133427 1.1879320834012554
62304.2022 lsst_hardware_u 0.351558115346369 2.630000114440918 28.329999923706055 AB 6.0828180017646005 1.1915412344299166
62304.2154 lsst_hardware_r 16.647401451247863 23.260000228881836 31.469999313354492 AB 6.138847994652886 1.1987986319907995
62306.2023 lsst_hardware_i -12.52112072596929 31.68000030517578 31.229999542236328 AB 4.464225120508306 1.1941220062881654
62306.2151 lsst_hardware_z 34.194524760959965 43.40999984741211 30.940000534057617 AB 4.134928147939259 1.202713248382565
62308.1975 lsst_hardware_r 26.03574585689636 45.52000045776367 31.59000015258789 AB 3.581038661626388 1.194475871122816
62308.2114 lsst_hardware_z 16.530725425576 48.779998779296875 30.950000762939453 AB 3.459236360196796 1.2041899606161974
62310.1304 lsst_hardware_r -43.26907085507168 77.08000183105469 31.610000610351562 AB 4.152092074245664 1.2033305533244025
62310.1433 lsst_hardware_y -50.45486442085071 54.20000076293945 30.0 AB 4.075226555698742 1.1944681045500818
62312.189 lsst_hardware_i -68.20414365233373 89.02999877929688 31.309999465942383 AB 4.524016583012987 1.1958543294965711
62312.2014 lsst_hardware_z -55.100739407172185 78.98999786376953 30.969999313354492 AB 4.546840434497947 1.2049930480118234
62314.1327 lsst_hardware_i 42.03152056644953 83.16999816894531 31.309999465942383 AB 9.636000720733314 1.1942987879446372
62314.1442 lsst_hardware_z 93.45267845754704 72.55000305175781 30.969999313354492 AB 9.514769996803135 1.189643660515521
62315.127 lsst_hardware_r 51.9398567100936 85.55000305175781 31.6200008392334 AB 7.364863753862139 1.1959830714293829
62315.1386 lsst_hardware_z 78.53163461754002 63.529998779296875 30.969999313354492 AB 7.48545968735251 1.190530367769724
62323.1282 lsst_hardware_g 3.7133909306895663 13.65999984741211 31.360000610351562 AB 5.753523526236966 1.1880899352086245
62323.1408 lsst_hardware_i -13.446492078549955 31.729999542236328 31.219999313354492 AB 5.803023612762787 1.1887381931231382
62325.1283 lsst_hardware_z 56.85106147221572 43.189998626708984 30.93000030517578 AB 2.0140632522046014 1.187945884809792
62325.141 lsst_hardware_r -21.757607368407633 22.920000076293945 31.459999084472656 AB 2.010001843425088 1.1901718208379084
62328.1023 lsst_hardware_g -14.807205428445885 13.6899995803833 31.3700008392334 AB 8.744795017832999 1.1908211367648354
62328.1147 lsst_hardware_r 30.667081749887124 22.959999084472656 31.469999313354492 AB 8.574970718116246 1.1880804597320742
62330.1051 lsst_hardware_i 19.959869044065233 31.5 31.229999542236328 AB 8.233168292049223 1.1886190989484315
62330.1176 lsst_hardware_z -24.141575186019615 43.20000076293945 30.93000030517578 AB 8.229917320445141 1.1881497575233955
62334.1056 lsst_hardware_g 14.438557084765797 16.670000076293945 31.440000534057617 AB 2.019698094663854 1.1880577027434436
62334.1183 lsst_hardware_i 6.5763645458175395 32.29999923706055 31.229999542236328 AB 2.024376921199994 1.190809953647055
62343.0442 lsst_hardware_z 23.21128568568642 66.36000061035156 30.959999084472656 AB 10.077469647731837 1.2002703248846878
62343.0556 lsst_hardware_r -5.603959258532004 94.12999725341797 31.6200008392334 AB 10.038472972598234 1.1932569505426223
62345.0485 lsst_hardware_i -47.68442332421759 48.959999084472656 31.280000686645508 AB 5.343534397564447 1.194085898897028
62345.06 lsst_hardware_r -137.29905329283932 57.5 31.600000381469727 AB 5.351367386248314 1.189545210339726
62347.0456 lsst_hardware_u 3.8147595772868197 2.5899999141693115 28.31999969482422 AB 5.7255371142281115 1.1928202321308565
62347.0587 lsst_hardware_g 22.168871414174074 13.489999771118164 31.3700008392334 AB 5.705410090618555 1.188627102212199
62348.0459 lsst_hardware_r -4.2152845586781895 22.68000030517578 31.459999084472656 AB 4.246248708135881 1.1915113877617345
62348.0584 lsst_hardware_i 20.143157555736305 31.360000610351562 31.219999313354492 AB 4.2346887463938305 1.1882676243826955
62352.0878 lsst_hardware_g -3.7379631034792675 13.390000343322754 31.350000381469727 AB 1.998813917913501 1.2013907846211878
62352.0995 lsst_hardware_i 65.49196611646448 31.309999465942383 31.219999313354492 AB 2.0557038800324814 1.2120895519059443
62354.0483 lsst_hardware_r -10.749552704370632 22.739999771118164 31.459999084472656 AB 2.029601409648631 1.187943464822143
62354.0599 lsst_hardware_z -79.0480767071986 43.40999984741211 30.93000030517578 AB 2.0471502892812663 1.1896272867494042
62356.0297 lsst_hardware_i -32.28241364388995 31.290000915527344 31.229999542236328 AB 4.631197263523164 1.1896216962556292
62356.0428 lsst_hardware_r -35.21162357511287 22.68000030517578 31.469999313354492 AB 4.05405695735467 1.1879440195413176
62358.029 lsst_hardware_u -0.8463794321460205 2.690000057220459 28.399999618530273 AB 3.854945130673384 1.1885750659835717
62358.04 lsst_hardware_g 13.95609973443735 13.460000038146973 31.3700008392334 AB 3.6925121520174486 1.188066972978587
62362.0311 lsst_hardware_z -17.731271846780057 42.970001220703125 30.93000030517578 AB 3.6893672136736995 1.1882657835655266
62362.0427 lsst_hardware_r 0.36794208796073624 23.450000762939453 31.469999313354492 AB 3.96143727053929 1.1911410269982081
62364.0271 lsst_hardware_z 64.06788045300888 44.84000015258789 30.940000534057617 AB 6.907653635800422 1.1884646454988037
62364.0381 lsst_hardware_g 40.81620020661276 25.1299991607666 31.559999465942383 AB 6.940038769004929 1.1914741008635443
62366.0295 lsst_hardware_r 85.39698501547183 52.72999954223633 31.600000381469727 AB 2.8199210352286808 1.1903423534101651
62366.0409 lsst_hardware_z -62.34183704956736 51.86000061035156 30.959999084472656 AB 2.8306618875126506 1.195507079511046
62369.0254 lsst_hardware_z 165.7571034462527 60.599998474121094 30.959999084472656 AB 3.1775075578077874 1.191863300002921
62369.0354 lsst_hardware_r -32.18466246812409 77.69000244140625 31.610000610351562 AB 3.1948056387794925 1.197154248855668
62371.0092 lsst_hardware_r -96.4491173588677 86.5 31.610000610351562 AB 1.6043058446360656 1.1886681980509253
62371.0207 lsst_hardware_i -52.18888293724602 68.77999877929688 31.299999237060547 AB 1.5848156130293005 1.1921882745957626
62380.0131 lsst_hardware_r 21.250630262732773 22.799999237060547 31.450000762939453 AB 2.045976496371718 1.202808051952803
62380.0241 lsst_hardware_u 0.36274252615499586 2.5 28.229999542236328 AB 2.145799247878279 1.2132298800668746
62382.0125 lsst_hardware_g -16.303215853435145 13.470000267028809 31.34000015258789 AB 2.172716070892281 1.2070644838290447
62382.0243 lsst_hardware_r 5.411801061707099 22.920000076293945 31.450000762939453 AB 2.0973998835329537 1.2197140102929704
