data/validation/pwv_sim_epoch_fit_seasonal/689295.ecsv
# %ECSV 0.9
# ---
# datatype:
# - {name: time, datatype: float64}
# - {name: band, datatype: string}
# - {name: flux, datatype: float64}
# - {name: fluxerr, datatype: float64}
# - {name: zp, datatype: float64}
# - {name: zpsys, datatype: string}
# - {name: pwv, datatype: float64}
# - {name: airmass, datatype: float64}
# meta: {SNID: '689295', alt: 1024.0, c: -0.06520290672779083, dec: -32.442867, lat: -30.244573, lon: -70.7499537, ra: 206.542969, t0: 60862.29296875,
#   x0: 8.217619929918419e-06, x1: 1.1852666139602661, z: 0.4991157054901123}
# schema: astropy-2.0
time band flux fluxerr zp zpsys pwv airmass
60698.303 lsst_hardware_z -30.9555047059109 48.209999084472656 30.93000030517578 AB 11.550878549653063 1.2825640316807785
60698.3215 lsst_hardware_g -44.78116549597997 27.950000762939453 31.579999923706055 AB 10.77675140801649 1.1949936415619973
60700.3047 lsst_hardware_r 33.07327369474471 26.329999923706055 31.489999771118164 AB 12.209328064587876 1.2458498025089668
60700.3222 lsst_hardware_z -33.58945116514132 44.2599983215332 30.940000534057617 AB 11.472974886379568 1.1707117230999557
60702.3129 lsst_hardware_u -7.44295795905465 2.7899999618530273 28.420000076293945 AB 14.030250561675354 1.1855881833425177
60702.3325 lsst_hardware_g 12.708087745688418 15.300000190734863 31.450000762939453 AB 13.297086944754925 1.1179032853453865
60704.3112 lsst_hardware_r -13.60303997294312 24.510000228881836 31.5 AB 12.953544286126482 1.171012425860073
60704.3294 lsst_hardware_i -0.6123461950730081 32.02000045776367 31.260000228881836 AB 12.321475531614556 1.1110437810292684
60706.3152 lsst_hardware_z -54.25005161468622 43.29999923706055 30.940000534057617 AB 12.205654661762665 1.1377646441949771
60706.3338 lsst_hardware_r 35.2044258767574 24.290000915527344 31.510000228881836 AB 12.53241096912217 1.085057226763824
60708.3148 lsst_hardware_u -0.20134816249916332 2.8499999046325684 28.479999542236328 AB 9.541347453661412 1.121851552458737
60708.333 lsst_hardware_r -18.149041248512134 24.290000915527344 31.520000457763672 AB 8.984747377129697 1.0741951631519016
60710.3156 lsst_hardware_i -60.33638965424598 32.040000915527344 31.260000228881836 AB 8.632440494553398 1.1038338316867258
60710.3329 lsst_hardware_z 50.108511029583646 42.119998931884766 30.950000762939453 AB 8.269172062844556 1.0627617516775782
60712.3141 lsst_hardware_r -5.9584411321616795 23.809999465942383 31.5 AB 3.5692065171127862 1.0933394140336303
60712.333 lsst_hardware_u 0.11974018968015072 2.8299999237060547 28.510000228881836 AB 3.4273121934091004 1.0520488660606555
60717.2949 lsst_hardware_i -20.681081028504877 82.44999694824219 32.060001373291016 AB 4.174187588030147 1.1082404322394956
60717.313 lsst_hardware_z 45.33998775986716 77.47000122070312 31.729999542236328 AB 3.9813023590250896 1.0643770509357278
60719.3304 lsst_hardware_z -43.683765390505904 60.81999969482422 30.989999771118164 AB 5.852008468441659 1.0266681523581858
60719.3504 lsst_hardware_r -46.44337232224545 84.77999877929688 31.65999984741211 AB 5.610230640106617 1.0077655182515977
60723.2354 lsst_hardware_z 11.920885673192476 95.56999969482422 31.709999084472656 AB 5.887518956629434 1.2790612549705485
60725.2249 lsst_hardware_r 2.762579410016644 66.41000366210938 31.59000015258789 AB 3.413203220249998 1.307031261543861
60725.2454 lsst_hardware_z -15.860034704944894 58.560001373291016 30.959999084472656 AB 3.152521746299942 1.2050156385168918
60728.2278 lsst_hardware_r -12.50505281378245 27.450000762939453 31.489999771118164 AB 10.10948873890841 1.2480850294948655
60728.2483 lsst_hardware_y 75.72584059352594 49.02000045776367 30.0 AB 9.40669664910128 1.161320573963121
60730.2256 lsst_hardware_g -9.028830276795055 14.430000305175781 31.3700008392334 AB 10.41269185106383 1.2324900101868768
60730.2464 lsst_hardware_r -18.46073023959742 23.6200008392334 31.479999542236328 AB 9.727645952188903 1.1487536551947004
60732.2203 lsst_hardware_i 59.50770181362603 32.47999954223633 31.219999313354492 AB 6.838427714722492 1.2317422559615427
60732.2396 lsst_hardware_z -78.95168444593187 43.060001373291016 30.940000534057617 AB 6.371980164518353 1.1534039577370538
60734.2227 lsst_hardware_r -28.800904867116046 23.739999771118164 31.479999542236328 AB 6.3341385275036375 1.197134523963959
60734.2416 lsst_hardware_u -1.5103779479820836 2.7200000286102295 28.420000076293945 AB 5.97275332558343 1.1286737410947871
60737.2206 lsst_hardware_g -13.947301223876513 14.170000076293945 31.3799991607666 AB 6.127882614464549 1.1729314496606413
60737.2415 lsst_hardware_i 11.001336878612577 30.950000762939453 31.239999771118164 AB 5.765268672863232 1.104898571817596
60739.2167 lsst_hardware_z 47.858317801616366 43.290000915527344 30.940000534057617 AB 12.635327505353105 1.1670740779894802
60739.2372 lsst_hardware_r -12.213224713569991 23.309999465942383 31.489999771118164 AB 11.998428508900421 1.1017334841284152
60741.218 lsst_hardware_u 3.7278610173657993 2.640000104904175 28.34000015258789 AB 11.081107166947286 1.1432170055742377
60741.2379 lsst_hardware_g 5.241720271084692 14.180000305175781 31.399999618530273 AB 10.515336052842786 1.0859024167752143
60750.2141 lsst_hardware_z 1.9994824954466028 83.16000366210938 30.989999771118164 AB 9.074796741708049 1.0840324211644559
60750.2341 lsst_hardware_r 276.9736127107569 122.19999694824219 31.65999984741211 AB 8.737969836234472 1.0436304446493914
60754.1708 lsst_hardware_g 84.765897033376 58.36000061035156 31.670000076293945 AB 6.257296535691665 1.1861236620851432
60754.188 lsst_hardware_i -1.4068133848560713 54.2400016784668 31.309999465942383 AB 5.927478403715711 1.1255596304231117
60756.1745 lsst_hardware_z -54.94070850909662 45.45000076293945 30.950000762939453 AB 5.544589590725392 1.1519230451645552
60756.1919 lsst_hardware_r 26.03778169680403 34.150001525878906 31.579999923706055 AB 5.191610424677864 1.098753529032352
60758.176 lsst_hardware_u -1.1820260060446979 2.8499999046325684 28.510000228881836 AB 6.700659553245504 1.128912400513085
60758.1923 lsst_hardware_g -11.909862178634032 14.449999809265137 31.450000762939453 AB 6.4651173769496975 1.0839328320814172
60760.178 lsst_hardware_i 16.83312886386192 31.520000457763672 31.25 AB 8.177256022992221 1.106854425924455
60760.1973 lsst_hardware_z -22.391323674407204 41.779998779296875 30.950000762939453 AB 7.808158355174877 1.0609391306456268
60762.159 lsst_hardware_z 6.430994640718365 42.880001068115234 30.950000762939453 AB 8.417790371611439 1.1488727134722858
60762.1762 lsst_hardware_r 2.2686134866823195 23.56999969482422 31.510000228881836 AB 7.8765054810067445 1.0969554079671433
60764.1589 lsst_hardware_u -0.38644344589159046 2.819999933242798 28.489999771118164 AB 7.25310042026407 1.1311759856931047
60764.178 lsst_hardware_r 2.941181074618572 23.469999313354492 31.510000228881836 AB 7.330721888944249 1.0790126297708857
60767.181 lsst_hardware_z -12.244597115440532 41.68000030517578 30.950000762939453 AB 8.654888009913511 1.0554741475504283
60767.2002 lsst_hardware_i 46.08826519649131 30.84000015258789 31.260000228881836 AB 8.410038380235799 1.0256144366141218
60769.1759 lsst_hardware_u -2.9116999202723486 2.680000066757202 28.40999984741211 AB 4.883171807850614 1.0547946447457854
60769.1945 lsst_hardware_g 28.4638325925939 14.4399995803833 31.440000534057617 AB 4.754069949520562 1.0259106494434012
60771.1521 lsst_hardware_y 52.8493843079401 48.22999954223633 30.020000457763672 AB 12.681330445848888 1.0957212982977396
60771.1704 lsst_hardware_r 15.320970859509732 31.290000915527344 31.56999969482422 AB 14.550861160336881 1.0548688676480267
60773.1523 lsst_hardware_i -3.476108109714869 45.529998779296875 31.299999237060547 AB 8.137304236216137 1.0816568172559
60773.1719 lsst_hardware_z -24.26859936653511 48.040000915527344 30.969999313354492 AB 8.709636255585426 1.042653981115509
60775.1693 lsst_hardware_z -27.953418104261846 82.83000183105469 31.729999542236328 AB 5.119526382450353 1.0381276249519116
60775.1888 lsst_hardware_r 98.23475950888982 109.19999694824219 32.40999984741211 AB 4.991913061218745 1.0144790125766316
60778.0908 lsst_hardware_r -101.42074088978094 154.02000427246094 31.610000610351562 AB 8.930072236587874 1.250491473703886
60778.1082 lsst_hardware_z -149.67052684477886 100.79000091552734 30.989999771118164 AB 8.495349182768921 1.174688769741278
60780.0763 lsst_hardware_z 23.809615118843745 132.6199951171875 31.719999313354492 AB 14.149773637863088 1.2981443704461548
60790.0793 lsst_hardware_r 35.1570969644715 24.229999542236328 31.489999771118164 AB 15.845171642665731 1.1603296518071677
60790.098 lsst_hardware_i 16.575196103988972 31.829999923706055 31.25 AB 14.714884478126319 1.1016196502434503
60794.0873 lsst_hardware_z 32.45766598896129 42.060001373291016 30.940000534057617 AB 9.71230615826621 1.101022860725098
60797.0553 lsst_hardware_z 48.99938771620976 43.22999954223633 30.940000534057617 AB 9.900509533766655 1.1786320873531733
60797.0736 lsst_hardware_r 8.966769021522653 23.670000076293945 31.489999771118164 AB 9.378800658496816 1.1165238879162875
60800.0569 lsst_hardware_y 76.50023013424497 48.810001373291016 30.010000228881836 AB 10.296234847470293 1.1432639182178872
60800.0756 lsst_hardware_g 12.224820796882916 31.09000015258789 31.639999389648438 AB 9.827017489077436 1.0888963671101624
60802.0541 lsst_hardware_r -4.358651859739898 54.060001373291016 31.6200008392334 AB 7.089624599591878 1.1345214593681994
60802.0741 lsst_hardware_i -25.385413604967372 48.029998779296875 31.309999465942383 AB 6.742740784466994 1.079356616690677
60804.06 lsst_hardware_z -61.99349574375899 65.43000030517578 30.979999542236328 AB 9.799740962218502 1.1010120173266302
60804.0817 lsst_hardware_r 125.12702974503763 86.76000213623047 31.65999984741211 AB 9.392040963829608 1.0522705690246605
60806.07 lsst_hardware_r -237.49920526964584 139.07000732421875 31.65999984741211 AB 8.096523600142358 1.0643983698697228
60806.0895 lsst_hardware_i 8.478276388191986 110.79000091552734 31.350000381469727 AB 7.99928992210942 1.031102078127061
60810.0512 lsst_hardware_r 37.002768859127684 82.23999786376953 31.649999618530273 AB 7.0319518152340725 1.081838740805242
60810.0706 lsst_hardware_z -5.451870113591507 60.88999938964844 30.979999542236328 AB 6.7801990371745156 1.0431075441806947
60812.0495 lsst_hardware_g -37.58534895695165 29.1200008392334 31.639999389648438 AB 9.50290392943653 1.0732085449597044
60812.0683 lsst_hardware_r -51.37266727804261 40.400001525878906 31.610000610351562 AB 9.230889290633524 1.038092248679571
60814.0511 lsst_hardware_i 25.41036666905055 31.1299991607666 31.25 AB 8.578235011139627 1.0584968651277824
60814.0693 lsst_hardware_z 24.580766489788008 41.22999954223633 30.950000762939453 AB 8.366456295612032 1.0288945822556765
60817.9692 lsst_hardware_y 46.686893932197044 50.54999923706055 29.950000762939453 AB 2.4332909203367894 1.3174287603341626
60817.9888 lsst_hardware_i 30.1696018994231 32.36000061035156 31.219999313354492 AB 2.3579687972877585 1.216702165783352
60822.97 lsst_hardware_y -110.68576902062806 70.02999877929688 30.729999542236328 AB 7.943780472119448 1.2404404235039437
60822.9882 lsst_hardware_g 9.600907820202043 14.34000015258789 31.389999389648438 AB 7.495846844034161 1.1639513732972018
60823.9652 lsst_hardware_y 111.22886291252506 49.959999084472656 29.979999542236328 AB 11.0390697019815 1.2504964121074231
60823.9855 lsst_hardware_z -43.56222479906251 42.86000061035156 30.940000534057617 AB 10.261865323114288 1.1638396691841681
60829.9647 lsst_hardware_y -55.62557548020931 51.060001373291016 30.0 AB 12.750038259238865 1.1805590980776726
60829.986 lsst_hardware_z -8.070198896491746 47.189998626708984 30.950000762939453 AB 11.980492738262237 1.1093048831724293
60841.9827 lsst_hardware_z 338.63420608430613 45.066485032492004 30.950000762939453 AB 9.524943009374006 1.043972380805463
60841.9985 lsst_hardware_i 503.7481130872719 37.71763835380774 31.260000228881836 AB 9.33826592668219 1.021971647242921
60846.9608 lsst_hardware_y 290.02930622868115 52.82528691494632 30.040000915527344 AB 5.760801290328766 1.0588735024960083
60846.9827 lsst_hardware_g 674.925026705057 29.565042592987602 31.450000762939453 AB 5.521088491638953 1.024479076846704
60848.9594 lsst_hardware_z 914.9238371018688 54.78225432581789 30.959999084472656 AB 9.640474069418843 1.0512293620334234
60848.9752 lsst_hardware_i 1303.4227123428145 47.36853789520473 31.260000228881836 AB 9.289448996736802 1.0269974845072372
60850.962 lsst_hardware_y 447.14625895610243 52.48016062718071 30.049999237060547 AB 5.236053990227751 1.0378013986973396
60850.9837 lsst_hardware_r 2272.902964830566 53.06176330485558 31.5 AB 5.101938452283268 1.0123898109501475
61060.3035 lsst_hardware_r 4.9577149514343155 25.190000534057617 31.459999084472656 AB 14.474795047178457 1.3307505061531237
61060.3224 lsst_hardware_u 1.2347227308709696 2.6500000953674316 28.290000915527344 AB 13.388407946672087 1.229939868785195
61062.3042 lsst_hardware_g 30.25303065497512 15.199999809265137 31.3700008392334 AB 12.110229590990624 1.2947962783054288
61062.3226 lsst_hardware_i -27.35155764784835 32.77000045776367 31.229999542236328 AB 11.3103399008853 1.2047656477295803
61066.3048 lsst_hardware_u 1.4601356008837645 2.5799999237060547 28.219999313354492 AB 15.110666576200616 1.235642045645647
61066.3235 lsst_hardware_g 3.2569852444987726 15.180000305175781 31.389999389648438 AB 14.104500231641943 1.158480511839174
61070.3176 lsst_hardware_r 37.4855157825034 24.139999389648438 31.479999542236328 AB 12.718230217484935 1.1411601810215286
61070.3381 lsst_hardware_g -23.61519250146182 14.949999809265137 31.43000030517578 AB 12.371536337371337 1.0829663059303063
61073.3112 lsst_hardware_r 46.18762425292392 82.54000091552734 31.6299991607666 AB 9.639610000756116 1.1352961037302325
61073.3305 lsst_hardware_i -67.51162759392271 63.63999938964844 31.31999969482422 AB 9.05358432023095 1.0815630845472513
61075.3111 lsst_hardware_z -56.44161478031537 59.93000030517578 30.969999313354492 AB 8.629185303679096 1.1186757807394805
61075.3297 lsst_hardware_i 54.82286526589123 63.209999084472656 31.31999969482422 AB 8.265243691791158 1.0709742392991548
61077.3253 lsst_hardware_z 72.91322154122422 85.08000183105469 31.729999542236328 AB 3.672269162493526 1.0686850963968064
61079.3159 lsst_hardware_r -34.754665573946724 63.45000076293945 31.639999389648438 AB 8.786144244199395 1.0774155503933531
61079.3334 lsst_hardware_i -36.34564979846542 54.97999954223633 31.31999969482422 AB 8.414011288524385 1.0431131304539762
61081.3244 lsst_hardware_z -102.6156753038316 63.16999816894531 31.709999084472656 AB 3.052310214623869 1.049144207592989
61083.3241 lsst_hardware_r -2.653673022563951 25.219999313354492 31.530000686645508 AB 6.283749130665688 1.0404993730921632
61083.3423 lsst_hardware_i 22.098531442168138 31.549999237060547 31.270000457763672 AB 6.262596222970016 1.0171505965518948
61089.2236 lsst_hardware_z 45.261098850109086 45.11000061035156 30.920000076293945 AB 7.07298059014916 1.33521744115327
61089.2441 lsst_hardware_r -10.118995101142161 23.979999542236328 31.469999313354492 AB 6.4882110150073595 1.2259255578662966
61091.2219 lsst_hardware_u 0.3573272578833734 2.630000114440918 28.270000457763672 AB 4.331734491037275 1.312646815465841
61091.2424 lsst_hardware_g -4.229561068671465 14.529999732971191 31.389999389648438 AB 3.990310944774999 1.2091851347803029
61093.2241 lsst_hardware_r 42.806156653541464 24.030000686645508 31.450000762939453 AB 10.289707972893728 1.270334317641201
61093.2455 lsst_hardware_i -7.490382449240606 31.889999389648438 31.229999542236328 AB 9.512192361520464 1.1743447359901809
61095.2209 lsst_hardware_z 90.13889384043384 44.43000030517578 30.920000076293945 AB 10.607910697521454 1.2587256834792588
61095.2407 lsst_hardware_r 15.49574394184229 23.850000381469727 31.469999313354492 AB 9.827017838256312 1.1718361362099106
61098.2216 lsst_hardware_z -10.333468318006057 48.060001373291016 30.940000534057617 AB 7.119702813409718 1.2165926261059523
61098.2453 lsst_hardware_r -24.377146516274482 35.720001220703125 31.56999969482422 AB 6.4496094777331345 1.127833433874905
61102.2173 lsst_hardware_r -17.96924253077659 96.47000122070312 31.6200008392334 AB 6.206175946110851 1.188581048762013
61102.2397 lsst_hardware_z 81.42803297830092 65.58999633789062 30.979999542236328 AB 5.784793930284467 1.1119257915010987
61104.223 lsst_hardware_y 115.83463719629718 60.20000076293945 30.030000686645508 AB 12.48405732486071 1.147141790894838
61104.2424 lsst_hardware_r -113.51850474796836 110.12000274658203 31.649999618530273 AB 11.848177303719298 1.090013781707894
