data/validation/pwv_sim_epoch_fit_seasonal/6952492.ecsv
# %ECSV 0.9
# ---
# datatype:
# - {name: time, datatype: float64}
# - {name: band, datatype: string}
# - {name: flux, datatype: float64}
# - {name: fluxerr, datatype: float64}
# - {name: zp, datatype: float64}
# - {name: zpsys, datatype: string}
# - {name: pwv, datatype: float64}
# - {name: airmass, datatype: float64}
# meta: {SNID: '6952492', alt: 1024.0, c: -0.02152422070503235, dec: -37.1689, lat: -30.244573, lon: -70.7499537, ra: 331.347656, t0: 62079.15234375,
#   x0: 2.931793149174116e-06, x1: 0.6540106534957886, z: 0.7627993226051331}
# schema: astropy-2.0
time band flux fluxerr zp zpsys pwv airmass
61899.3598 lsst_hardware_z -24.22120752367814 60.220001220703125 30.950000762939453 AB 9.923695401250095 1.2822140191549964
61899.3801 lsst_hardware_r -26.235183331380224 78.0 31.610000610351562 AB 9.161159733520249 1.1910500195259262
61908.3649 lsst_hardware_z 18.02624415972852 45.93000030517578 30.950000762939453 AB 8.111963508528218 1.1570749931930475
61908.3848 lsst_hardware_g 10.364337407408408 29.209999084472656 31.6299991607666 AB 8.748483677512972 1.0988716727741967
61954.3516 lsst_hardware_g 35.14091197793371 13.949999809265137 31.43000030517578 AB 6.584517556610997 1.0096630463253609
61954.3642 lsst_hardware_i -33.40675276171197 30.1299991607666 31.239999771118164 AB 6.685523603342995 1.0167323554623975
61955.2456 lsst_hardware_z 19.152836751702306 50.65999984741211 30.959999084472656 AB 8.18307855674073 1.128518889844034
61955.2594 lsst_hardware_r -55.65913981772107 55.61000061035156 31.6299991607666 AB 7.5507042551017545 1.0917733162379633
61958.2764 lsst_hardware_r -123.3213821036617 108.5199966430664 31.65999984741211 AB 1.641779185659858 1.0435037196990622
61958.2978 lsst_hardware_i -8.106923438965616 82.68000030517578 31.34000015258789 AB 1.5010022104311358 1.018952680045956
61958.3738 lsst_hardware_r -51.59481058077356 101.69000244140625 31.65999984741211 AB 1.6417712772899056 1.038219610427917
61958.3851 lsst_hardware_y -131.9452359067211 57.099998474121094 30.049999237060547 AB 1.6159126346148422 1.0556920522307012
61960.236 lsst_hardware_i 47.0556703020669 98.44000244140625 31.329999923706055 AB 2.415288781580702 1.1168965463957001
61960.2551 lsst_hardware_z 43.384777662447945 81.48999786376953 31.0 AB 2.249524132902421 1.0712019680487719
61962.2675 lsst_hardware_z -106.21731741763446 68.37000274658203 30.989999771118164 AB 9.052663873515469 1.0405759462257715
61962.2994 lsst_hardware_r 163.74408784922866 128.3699951171875 32.40999984741211 AB 8.606785206768569 1.0108979571022698
61962.3217 lsst_hardware_i 25.38541602210157 73.16000366210938 31.34000015258789 AB 8.638715718705312 1.007489150236803
61978.1645 lsst_hardware_g -3.176115414016607 14.359999656677246 31.3700008392334 AB 3.8322588961063855 1.19075884912679
61978.183 lsst_hardware_r -42.23202881285574 23.510000228881836 31.479999542236328 AB 3.6498543367145486 1.127948803517244
61987.1802 lsst_hardware_i 74.94257354266581 95.41000366210938 31.34000015258789 AB 1.788308690948446 1.0736293922043902
61987.199 lsst_hardware_z -16.238076548866907 83.62999725341797 31.0 AB 1.6963613506196513 1.0409253532131222
61990.2216 lsst_hardware_z 49.80776208133482 75.44000244140625 31.0 AB 3.1358174343589114 1.0115540110835197
61990.2327 lsst_hardware_r 1.8514676132824237 109.87999725341797 31.670000076293945 AB 3.1238833043462044 1.007704291724582
61997.1605 lsst_hardware_g 15.94817592303409 14.539999961853027 31.440000534057617 AB 3.5821327803837684 1.05894103329651
61997.1799 lsst_hardware_r -3.9557759112984705 23.309999465942383 31.510000228881836 AB 3.658020211253843 1.030307300435454
62013.2214 lsst_hardware_z -157.51818331451264 77.43000030517578 31.729999542236328 AB 4.418454422322917 1.0352517390633258
62016.1383 lsst_hardware_r 147.4882836291688 120.02999877929688 31.670000076293945 AB 1.4278865229803857 1.0199189449859898
62016.1503 lsst_hardware_z -70.628670791348 82.26000213623047 31.0 AB 1.416399320189895 1.0117138001356394
62027.1156 lsst_hardware_i -17.88579911558843 30.5 31.260000228881836 AB 1.290585947608865 1.014412220561352
62027.1329 lsst_hardware_z -3.4990259352090467 40.7599983215332 30.959999084472656 AB 1.696450787851169 1.0074932918051707
62031.2032 lsst_hardware_i -8.379595833194307 31.010000228881836 31.239999771118164 AB 1.325210641908464 1.091307144036523
62031.2153 lsst_hardware_u -3.1458045579277867 2.609999895095825 28.329999923706055 AB 1.5434519094686312 1.1229868982975917
62034.9945 lsst_hardware_y 54.89445756239956 50.22999954223633 29.979999542236328 AB 2.575525767529623 1.2524845684209545
62035.0114 lsst_hardware_i 11.411165988320178 31.81999969482422 31.239999771118164 AB 3.0064031575322416 1.1811431996591748
62037.1988 lsst_hardware_u -3.538331813414123 2.680000066757202 28.389999389648438 AB 4.2166773385999194 1.122651048615527
62037.2111 lsst_hardware_g -11.028637170998552 14.0600004196167 31.389999389648438 AB 4.516791553144572 1.1614275014514202
62038.9968 lsst_hardware_y -18.342760897122787 49.72999954223633 29.989999771118164 AB 3.675877498761847 1.19524535930476
62039.1088 lsst_hardware_r -39.177819942438326 41.93000030517578 32.279998779296875 AB 3.766824578621475 1.0071723472248262
62039.2139 lsst_hardware_i 23.6472958622941 33.93000030517578 31.239999771118164 AB 3.7021819951591755 1.1916894834203355
62047.9983 lsst_hardware_z 54.541178818327026 60.71533173658417 30.979999542236328 AB 3.6390821185191515 1.1098992355374997
62048.0194 lsst_hardware_g 55.60190146585564 90.46834217098848 31.729999542236328 AB 2.887406750816493 1.062327722890542
62050.0697 lsst_hardware_r 21.268769196542856 51.302014780764324 31.639999389648438 AB 4.107319624101317 1.0075603150009362
62050.083 lsst_hardware_g 84.10068934212968 58.25083479669661 31.729999542236328 AB 4.205697408679297 1.0077750934354033
62052.0544 lsst_hardware_u 0.743986381913739 2.968733659897465 28.540000915527344 AB 3.051925097072573 1.0105712241962161
62052.067 lsst_hardware_r 28.636954316151147 23.31325003983457 31.520000457763672 AB 3.4768573595133727 1.0072008573329585
62054.1462 lsst_hardware_z 94.50605362831817 43.54402492691101 30.950000762939453 AB 4.8884759630291015 1.1057398694930205
62054.1573 lsst_hardware_i 156.23057507828685 33.82694998870926 31.239999771118164 AB 5.023115014712634 1.137309059934936
62055.0006 lsst_hardware_y 40.042708275189526 49.64426327692085 30.040000915527344 AB 6.4251505474871795 1.0617451123667156
62055.021 lsst_hardware_z 97.10513212373758 42.51747146709757 30.950000762939453 AB 6.32069178947375 1.0309397797217013
62056.9986 lsst_hardware_y 124.49547235094603 52.24113695404234 30.049999237060547 AB 7.579609714171021 1.0555456900979732
62057.0171 lsst_hardware_u -1.349733419400474 2.749231339470678 28.440000534057617 AB 7.477920250720313 1.0291306039181576
62057.1399 lsst_hardware_r 235.01141176727512 26.964670436131872 31.489999771118164 AB 9.26692976573941 1.110743109881267
62057.151 lsst_hardware_i 234.4495544612369 35.70851993955102 31.239999771118164 AB 9.5430166387189 1.1432413511763484
62064.1389 lsst_hardware_g 113.88828907719682 17.641435197805983 31.40999984741211 AB 3.1579910675188043 1.1667454682951248
62064.1495 lsst_hardware_r 484.9634798718292 32.449981971331944 31.479999542236328 AB 3.2479650079553157 1.207122773026195
62067.0877 lsst_hardware_i 828.3946573715796 43.153490400504786 31.260000228881836 AB 3.273787520243509 1.056060490401132
62067.0993 lsst_hardware_z 519.6154571232016 48.192578508400736 30.950000762939453 AB 3.3437683848651027 1.0786349628597105
62270.362 lsst_hardware_g -13.804372346606174 14.75 31.40999984741211 AB 9.577562340037863 1.200596983959292
62270.3837 lsst_hardware_i 12.181757299075018 31.6200008392334 31.25 AB 9.164091661997158 1.1258789436694094
62272.3587 lsst_hardware_z -12.517141199201363 43.84000015258789 30.93000030517578 AB 4.934540051242263 1.1920618555966331
62272.379 lsst_hardware_r 4.476180887480092 23.969999313354492 31.489999771118164 AB 5.007835861152456 1.1236729680970359
62280.369 lsst_hardware_z 3.2351350998592094 41.79999923706055 30.940000534057617 AB 7.466624081368466 1.0924901721220797
62280.3903 lsst_hardware_r 34.67939684195694 23.1299991607666 31.5 AB 6.927540577344942 1.049998571820079
62283.3541 lsst_hardware_i 14.933328194549011 64.23999786376953 31.31999969482422 AB 4.066472284663838 1.1094413290278409
62283.3754 lsst_hardware_z 86.52222504814162 58.33000183105469 30.989999771118164 AB 5.2556120289076755 1.061632568206749
62285.355 lsst_hardware_r 93.37206168167508 88.52999877929688 31.649999618530273 AB 9.293658433895773 1.0933287048228364
62285.3772 lsst_hardware_z 58.542217059495236 62.529998779296875 30.989999771118164 AB 8.503051090040854 1.0491117939594032
62288.3603 lsst_hardware_y 56.124844509201345 53.029998779296875 30.040000915527344 AB 7.102501941681875 1.0643508535557256
62288.3816 lsst_hardware_r -117.52178477530028 70.91999816894531 31.649999618530273 AB 6.410871496287742 1.0315159286062507
62288.4137 lsst_hardware_i 21.90403445564524 59.119998931884766 31.329999923706055 AB 6.291906896571755 1.0082914820499058
62288.4286 lsst_hardware_y 82.18716405826332 55.0099983215332 30.06999969482422 AB 6.342576317947813 1.0074377664214202
62291.3601 lsst_hardware_i -6.859698429802411 37.61000061035156 31.290000915527344 AB 12.59067560632673 1.0502732404343558
62291.4059 lsst_hardware_z 46.78278264687467 76.51000213623047 32.150001525878906 AB 11.761295097318655 1.0081902232877145
62302.262 lsst_hardware_g -7.693620451514091 20.149999618530273 32.11000061035156 AB 14.765437441524856 1.256134083614297
62302.2852 lsst_hardware_r -40.12844932591907 33.18000030517578 32.22999954223633 AB 13.682313110652228 1.1612730915920015
62308.259 lsst_hardware_g 29.65361460604156 27.559999465942383 31.579999923706055 AB 3.898015108933947 1.197638869017209
62308.2828 lsst_hardware_r -32.14272538617284 22.959999084472656 31.479999542236328 AB 3.66374395963242 1.1177618670223761
62312.3288 lsst_hardware_i -40.2297280035046 70.37000274658203 31.34000015258789 AB 4.0847363640008565 1.0187221790674676
62312.3428 lsst_hardware_z -8.639237809299 62.63999938964844 30.989999771118164 AB 3.66327741933469 1.0101180870887723
62314.2771 lsst_hardware_i -109.30836009139306 86.97000122070312 31.329999923706055 AB 7.796750842700741 1.0903021735003449
62314.2981 lsst_hardware_z -3.5660450019042598 75.25 31.0 AB 7.1777571347019045 1.0489962929780388
62315.2456 lsst_hardware_z -76.59158626341832 76.48999786376953 30.979999542236328 AB 7.086658083286777 1.1758672722921604
62315.2648 lsst_hardware_r -41.32861439715557 106.8499984741211 31.639999389648438 AB 6.419471924111349 1.1146851752233633
62325.2642 lsst_hardware_z -17.15213302167508 41.45000076293945 30.950000762939453 AB 1.7152583415569291 1.0554353450252871
62325.2827 lsst_hardware_r 5.563894846011857 22.8700008392334 31.510000228881836 AB 1.6546294829816146 1.0290517644871404
62330.2643 lsst_hardware_z 44.690191524595036 40.9900016784668 30.950000762939453 AB 6.447558703953916 1.034782726326695
62330.2847 lsst_hardware_r 0.28653137977799376 22.899999618530273 31.510000228881836 AB 6.300630481744558 1.014975645450984
62332.3432 lsst_hardware_r -52.44581602694394 22.729999542236328 31.5 AB 3.7915486773838074 1.0297524924995025
62332.3556 lsst_hardware_i -19.62135022121723 30.510000228881836 31.25 AB 3.9142534919076555 1.0464519427637096
62334.1655 lsst_hardware_z 23.08822898924058 45.209999084472656 30.920000076293945 AB 2.0846601541809355 1.3029125963630845
62334.1859 lsst_hardware_i 15.147361227864495 32.20000076293945 31.219999313354492 AB 2.5999094927085764 1.2061746660675372
62343.1689 lsst_hardware_z -197.90180253698003 126.23999786376953 31.729999542236328 AB 12.604786164120535 1.1768075963141196
62345.1659 lsst_hardware_r -48.711977273413645 95.37000274658203 31.6299991607666 AB 4.321349173727202 1.16793220911546
62345.1847 lsst_hardware_i -56.98777054839705 76.56999969482422 31.329999923706055 AB 3.641069078262766 1.1098000746546404
62347.1738 lsst_hardware_z 18.316792120883967 76.5999984741211 31.719999313354492 AB 5.48079498202318 1.1249579191344785
62348.2307 lsst_hardware_z 68.41211209368048 46.75 30.969999313354492 AB 3.2594300559050646 1.0185718924703326
62348.2426 lsst_hardware_r -11.862857813953285 45.63999938964844 31.6299991607666 AB 3.23508885268453 1.0109652664639155
62352.1611 lsst_hardware_i -34.38077771776264 31.709999084472656 31.239999771118164 AB 1.4743096187926372 1.1222147431342624
62352.1794 lsst_hardware_u 1.2676923289228905 2.740000009536743 28.440000534057617 AB 1.302889604605869 1.0767682682693132
62371.0863 lsst_hardware_r 272.80822834792315 136.38999938964844 31.6200008392334 AB 2.7945979357369803 1.2004286665536859
62371.1066 lsst_hardware_z 83.75778411827262 89.76000213623047 30.989999771118164 AB 2.624154601126641 1.1298835742202975
62385.1467 lsst_hardware_i -16.021536779422725 30.43000030517578 31.260000228881836 AB 0.6805252397142456 1.0089328980196377
62385.1594 lsst_hardware_z -46.787112425480025 40.7599983215332 30.950000762939453 AB 0.6203423104371595 1.007049205255129
62387.0692 lsst_hardware_r -21.016058471988433 23.31999969482422 31.489999771118164 AB 2.5009447440763464 1.1120252308031777
62387.0863 lsst_hardware_i -2.826282704639685 30.829999923706055 31.239999771118164 AB 2.4848070634650488 1.0716534201258117
62389.0656 lsst_hardware_z 67.47406196745968 41.84000015258789 30.940000534057617 AB 3.4319006593513546 1.1070647288230175
62389.0833 lsst_hardware_i -11.86683970534248 30.670000076293945 31.25 AB 3.30695003364557 1.0667580753695387
62390.1323 lsst_hardware_z -7.546581986668908 40.68000030517578 30.950000762939453 AB 2.7247982880382393 1.0091845511252737
62390.1443 lsst_hardware_r 1.3190211265309368 22.670000076293945 31.5 AB 2.7190025133183844 1.0070379678956978
62396.069 lsst_hardware_i 146.38268089042782 52.619998931884766 31.309999465942383 AB 0.3392910986450248 1.0578054517381912
62396.0928 lsst_hardware_z -5.5644072124505675 52.18000030517578 30.969999313354492 AB 1.0598300752335807 1.0248155441420603
62400.9952 lsst_hardware_y -14.220333204962085 61.66999816894531 29.979999542236328 AB 2.424286683368184 1.2397801065594807
62401.1039 lsst_hardware_i 144.05852165153718 120.91000366210938 32.06999969482422 AB 3.2727546682832545 1.0086566678497806
62401.2087 lsst_hardware_z -21.56437460948856 74.30000305175781 30.979999542236328 AB 2.3097164050721997 1.1421517641592958
62402.9952 lsst_hardware_y -42.772792496539495 53.15999984741211 29.989999771118164 AB 3.0586908353197924 1.2157764168213816
62403.0127 lsst_hardware_r -75.67485787331725 59.9900016784668 31.6200008392334 AB 3.239878949634766 1.1503209478554113
62414.0672 lsst_hardware_r -4.89661358785775 22.610000610351562 31.5 AB 2.832374256757607 1.0090396354675448
62414.0799 lsst_hardware_u -2.5271126746814687 2.7100000381469727 28.469999313354492 AB 2.8400323901466815 1.0070441664724359
62416.0084 lsst_hardware_z 77.18674237111036 60.09000015258789 31.700000762939453 AB 4.1239503738777525 1.0690733308821134
62416.1535 lsst_hardware_r 9.462087480558777 23.049999237060547 31.479999542236328 AB 4.174467567979692 1.1016364095653655
62416.1656 lsst_hardware_i -8.139542656581748 31.469999313354492 31.239999771118164 AB 4.420047846906732 1.1354806936735908
62417.9989 lsst_hardware_y 3.1162461369143113 50.2400016784668 30.040000915527344 AB 4.897129104097443 1.077397133491664
62418.019 lsst_hardware_g -13.843325223309975 14.050000190734863 31.43000030517578 AB 4.058704425488442 1.0416282370046046
62418.0589 lsst_hardware_r -26.452391180096257 22.6299991607666 31.510000228881836 AB 3.601504170411933 1.0082598461399588
62418.0713 lsst_hardware_i -41.82075252702429 30.18000030517578 31.25 AB 3.162496665098627 1.0071645430250404
62419.9995 lsst_hardware_y 37.87169571283034 50.59000015258789 30.049999237060547 AB 2.502340347312113 1.0651278436355864
62420.0193 lsst_hardware_i -17.318582743515762 30.670000076293945 31.260000228881836 AB 3.553374527097099 1.03385933287679
62427.1315 lsst_hardware_r 137.52603766203717 77.70999908447266 31.6299991607666 AB 6.891513599354836 1.1234026569980986
62427.1426 lsst_hardware_i 34.11750421949244 65.87999725341797 31.299999237060547 AB 7.107582165118566 1.1582154533055784
62429.133 lsst_hardware_z -69.896628637112 64.27999877929688 30.969999313354492 AB 3.8621154938726163 1.1445566019577051
62429.1441 lsst_hardware_r 120.66368389654573 89.27999877929688 31.6200008392334 AB 3.9871662000554537 1.1831353709363364
62435.0818 lsst_hardware_u -1.2485619533609515 2.7300000190734863 28.440000534057617 AB 2.3128295301148385 1.0588666728235998
62435.0921 lsst_hardware_g -11.634979241715731 22.209999084472656 31.56999969482422 AB 2.467990622328407 1.0792568590043927
62437.0875 lsst_hardware_r 15.55087813100269 23.09000015258789 31.489999771118164 AB 4.108323282587784 1.0811377059441536
62437.0987 lsst_hardware_z 38.282994605506865 42.040000915527344 30.940000534057617 AB 4.126673809275169 1.1082285764770843
