data/validation/pwv_sim_epoch_fit_seasonal/6975339.ecsv
# %ECSV 0.9
# ---
# datatype:
# - {name: time, datatype: float64}
# - {name: band, datatype: string}
# - {name: flux, datatype: float64}
# - {name: fluxerr, datatype: float64}
# - {name: zp, datatype: float64}
# - {name: zpsys, datatype: string}
# - {name: pwv, datatype: float64}
# - {name: airmass, datatype: float64}
# meta: {SNID: '6975339', alt: 1024.0, c: -0.09228312224149704, dec: -57.209084, lat: -30.244573, lon: -70.7499537, ra: 39.40678, t0: 62504.89453125,
#   x0: 1.0070987382478898e-05, x1: 0.45859700441360474, z: 0.45844364166259766}
# schema: astropy-2.0
time band flux fluxerr zp zpsys pwv airmass
62358.3948 lsst_hardware_z 19.46230407082178 59.54999923706055 31.690000534057617 AB 5.866167384272618 1.1281091123601188
62360.3711 lsst_hardware_r -10.390261473558514 21.920000076293945 31.469999313354492 AB 3.545396476718739 1.1430310233638232
62360.394 lsst_hardware_g 6.850546878180404 12.739999771118164 31.350000381469727 AB 3.400141491801471 1.125595130944789
62367.424 lsst_hardware_i 4.746022414645497 38.310001373291016 31.270000457763672 AB 2.5337310412050287 1.1302469237002468
62371.4185 lsst_hardware_z -38.671777555728106 58.470001220703125 30.959999084472656 AB 1.7734322501868465 1.1342707068671867
62375.3437 lsst_hardware_i -0.31675543969613235 52.209999084472656 31.290000915527344 AB 3.1003436435130753 1.1311682493814808
62375.3553 lsst_hardware_z -56.4236009022948 52.599998474121094 30.959999084472656 AB 3.096123323495769 1.1245680695547315
62376.2802 lsst_hardware_z 2.2299118583185127 51.689998626708984 30.940000534057617 AB 4.482357858158443 1.222794723513261
62382.4013 lsst_hardware_z 29.122769359480557 43.16999816894531 30.93000030517578 AB 1.3523413061790304 1.1466998073875327
62382.4134 lsst_hardware_u 2.1150411690476205 8.0600004196167 29.040000915527344 AB 1.3445808625242421 1.1622943632253127
62385.4043 lsst_hardware_g 13.326426013073153 15.0 31.399999618530273 AB 0.8469397717280218 1.1609866644661027
62387.4032 lsst_hardware_i 15.7945482797559 32.79999923706055 31.239999771118164 AB 2.6516869407577586 1.1674582950210268
62393.3733 lsst_hardware_r -17.362857833146354 21.8700008392334 31.459999084472656 AB 1.7138111517626777 1.1490520628645255
62393.3846 lsst_hardware_i 5.625493012302061 30.739999771118164 31.229999542236328 AB 1.41273415178797 1.1641014778174579
62395.3818 lsst_hardware_z 26.00160134222345 42.72999954223633 30.940000534057617 AB 4.979797760265269 1.1681439737895345
62395.3925 lsst_hardware_u -1.0661909666463951 3.140000104904175 28.489999771118164 AB 4.984480488428928 1.1864044323458254
62409.1719 lsst_hardware_z -37.496123565249135 75.86000061035156 32.119998931884766 AB 5.349393008544658 1.2720497008270428
62409.1869 lsst_hardware_r 11.601185188087008 38.560001373291016 32.63999938964844 AB 5.17448622445402 1.2306531372571792
62411.3539 lsst_hardware_z -16.447943396983934 43.61000061035156 30.93000030517578 AB 2.858232135698608 1.1962467085792163
62411.3654 lsst_hardware_i -17.664885193300275 32.599998474121094 31.229999542236328 AB 2.9762125232055188 1.22142784810076
62413.3057 lsst_hardware_r 6.35352233729707 22.010000228881836 31.459999084472656 AB 3.0201857660133777 1.135835188421729
62413.3179 lsst_hardware_u 2.9150302778809936 2.559999942779541 28.31999969482422 AB 3.0419599565797357 1.1481260451332131
62414.3297 lsst_hardware_g -4.335650138217953 12.819999694824219 31.34000015258789 AB 8.061902404730512 1.1677992909003245
62414.3403 lsst_hardware_r -27.600485365854336 22.139999389648438 31.450000762939453 AB 9.0121164701738 1.185804798707079
62416.3271 lsst_hardware_i 29.961251837451655 30.610000610351562 31.219999313354492 AB 5.512373629050904 1.1723465821035526
62416.3387 lsst_hardware_z 32.950225713583094 42.630001068115234 30.93000030517578 AB 4.295410031285673 1.193169453134909
62418.3357 lsst_hardware_r 20.78840570952596 22.170000076293945 31.450000762939453 AB 3.440932403431506 1.1980962407490454
62418.3473 lsst_hardware_g -5.005770590375121 12.890000343322754 31.31999969482422 AB 3.499796335484732 1.2238476519936399
62420.3249 lsst_hardware_r -30.24411001241472 22.06999969482422 31.459999084472656 AB 5.357934857308101 1.1876391061140392
62420.3355 lsst_hardware_i -12.135135719217397 31.040000915527344 31.229999542236328 AB 5.299837781819931 1.2092493940607907
62422.2757 lsst_hardware_z -0.040867746277955044 42.15999984741211 30.93000030517578 AB 6.3065902269666365 1.1315652321111966
62422.2891 lsst_hardware_i -26.571911776653753 30.670000076293945 31.229999542236328 AB 6.38691354028525 1.1434469547565644
62425.3183 lsst_hardware_r 27.14122089245124 22.3700008392334 31.469999313354492 AB 8.42086102862492 1.2016354596463723
62425.3294 lsst_hardware_i -5.672343778034108 31.5 31.229999542236328 AB 8.59980518803674 1.226791039662873
62427.3188 lsst_hardware_z 26.068741285432317 64.2300033569336 31.690000534057617 AB 7.4871357336985636 1.2146553753567597
62433.2943 lsst_hardware_r -68.66741663648958 74.56999969482422 31.610000610351562 AB 3.843312155165233 1.1972002663855978
62433.3054 lsst_hardware_i 28.1123643377639 60.209999084472656 31.290000915527344 AB 3.9308938148311223 1.2215964618519768
62438.2999 lsst_hardware_r -35.76177750587773 36.45000076293945 31.549999237060547 AB 3.754555197504906 1.2420649051677728
62438.3105 lsst_hardware_i 63.30960482515518 38.02000045776367 31.239999771118164 AB 3.8310827680836463 1.272151010487592
62440.2951 lsst_hardware_z -11.090656935568429 44.959999084472656 30.93000030517578 AB 4.277095954815721 1.2438239496361372
62440.3053 lsst_hardware_u 0.16039876718410598 4.210000038146973 28.600000381469727 AB 4.395688083483306 1.2729440851825984
62451.2361 lsst_hardware_r 14.088258253992656 21.920000076293945 31.450000762939453 AB 2.720716392838456 1.1800981968503388
62451.2472 lsst_hardware_u -2.6652127624289887 2.4600000381469727 28.229999542236328 AB 2.7724866187542734 1.2014242172849294
62456.1531 lsst_hardware_r 23.289711578309237 50.810001373291016 31.600000381469727 AB 6.635002367361945 1.1206985489245316
62456.164 lsst_hardware_z 1.5447630785178248 49.060001373291016 30.950000762939453 AB 6.604010146151666 1.1222562027021599
62458.2099 lsst_hardware_r 75.19531166088295 65.01000213623047 31.610000610351562 AB 5.2941063966232305 1.168354515116931
62458.2224 lsst_hardware_y -32.2542923691727 51.959999084472656 30.0 AB 5.392403548322101 1.1900476796297867
62460.1842 lsst_hardware_z -37.3053665490778 83.91000366210938 31.719999313354492 AB 5.7413266565566845 1.1422873607900343
62461.1826 lsst_hardware_r -81.71804973498725 83.0 31.6299991607666 AB 3.5485482563353075 1.1434634553176903
62465.0457 lsst_hardware_z -29.2432125488305 43.060001373291016 30.93000030517578 AB 6.223952843309924 1.203704134214094
62465.0595 lsst_hardware_i -11.683595014460401 30.850000381469727 31.229999542236328 AB 6.066995496434627 1.17729537446985
62466.1389 lsst_hardware_r 1.718494716619396 33.15999984741211 31.549999237060547 AB 5.869125037650415 1.1229193311831152
62466.1511 lsst_hardware_z -18.392421328567707 45.77000045776367 30.940000534057617 AB 5.871196865426244 1.1286241471384049
62473.1623 lsst_hardware_u 1.053511029057357 2.5199999809265137 28.290000915527344 AB 7.4902578334254954 1.1586163769570021
62473.1738 lsst_hardware_g -19.746207738774512 12.899999618530273 31.34000015258789 AB 7.514039179554526 1.1762691252710378
62481.1023 lsst_hardware_g -14.826977221369074 25.134541583039713 32.2400016784668 AB 11.91755127610824 1.124562517207611
62481.1148 lsst_hardware_r 132.35479037988125 26.49269268822062 31.489999771118164 AB 11.993782393036886 1.1317558285478935
62485.107 lsst_hardware_z 662.3175072130095 71.1150880913256 31.700000762939453 AB 8.824933263608413 1.1341457216695492
62489.0825 lsst_hardware_i 1036.9058773369686 66.03531291009973 31.309999465942383 AB 4.718051533882417 1.1254893926246223
62489.0955 lsst_hardware_z 737.0308695768018 61.33783916641174 30.969999313354492 AB 3.4998882124690844 1.1336894279983318
62491.0835 lsst_hardware_i 1285.0805294732997 71.39620007337766 31.309999465942383 AB 3.5000749079834415 1.1290564219301424
62491.0965 lsst_hardware_z 822.2344184701728 64.76849003384564 30.969999313354492 AB 3.531831259335953 1.1393004062374041
62493.0855 lsst_hardware_g 1626.7927519904636 67.41432060641472 31.68000030517578 AB 4.86500147880995 1.134429632461222
62493.0981 lsst_hardware_r 2524.555301916455 79.7738268201974 31.6200008392334 AB 4.876034940697674 1.1466278520158584
62495.0821 lsst_hardware_i 1797.3002805118997 51.80112728464439 31.229999542236328 AB 8.123129548476959 1.1361550023511995
62495.0953 lsst_hardware_r 2810.888437676889 57.64477897446441 31.469999313354492 AB 6.987713003399749 1.1497203740528565
62497.0824 lsst_hardware_u 16.673037906329256 4.892632423652518 28.399999618530273 AB 7.306112094363262 1.1415354235169446
62497.0951 lsst_hardware_g 1581.7454207583569 41.70946645267309 31.360000610351562 AB 5.8489495259538025 1.1563759442376043
62725.4284 lsst_hardware_g 24.280337781864425 45.529998779296875 31.65999984741211 AB 3.487384836294713 1.1226391081776044
62735.4084 lsst_hardware_z 49.472590144766606 42.66999816894531 30.940000534057617 AB 1.4702192380853623 1.1255266894433396
62735.4198 lsst_hardware_g -14.303335344675762 23.020000457763672 31.549999237060547 AB 1.8546064903928738 1.1325841162702426
62738.4137 lsst_hardware_r 1.7988025928737803 23.420000076293945 31.479999542236328 AB 2.518535173534814 1.134219848473233
62738.4244 lsst_hardware_u -11.967492388321997 11.460000038146973 29.209999084472656 AB 2.386993238183385 1.1442920604905966
62740.4236 lsst_hardware_g -56.39975255631241 37.61000061035156 31.639999389648438 AB 3.2219961535822295 1.1495838564203835
62742.4064 lsst_hardware_i 54.468757842420004 31.040000915527344 31.229999542236328 AB 8.406978761886403 1.137307732939178
62742.4168 lsst_hardware_z 152.79368179343004 49.38999938964844 30.950000762939453 AB 7.526033574029421 1.1480049687723635
62744.411 lsst_hardware_r 15.591800488627937 23.299999237060547 31.479999542236328 AB 5.551573515990163 1.1476120963287157
62747.4104 lsst_hardware_u -2.081440221985377 5.070000171661377 28.790000915527344 AB 1.3488026857376416 1.1571083949708107
62751.3961 lsst_hardware_r -20.926442640664554 22.170000076293945 31.459999084472656 AB 2.4146067479047013 1.1526944732806785
62751.4083 lsst_hardware_u -0.06445148728588113 5.579999923706055 28.860000610351562 AB 2.4398974392647266 1.170074302488779
62755.3824 lsst_hardware_r 8.221439959637932 74.7300033569336 31.6299991607666 AB 2.8604844815362296 1.1492889737313676
62755.3948 lsst_hardware_i -25.42496235590843 58.709999084472656 31.299999237060547 AB 2.89086496324259 1.1660631784507927
62762.3731 lsst_hardware_r 33.59620003887548 38.310001373291016 31.579999923706055 AB 1.7157316413385297 1.1622229577228853
62762.3838 lsst_hardware_y 57.19850008537417 49.7599983215332 30.0 AB 1.9930247353741544 1.1793045771444701
62764.3605 lsst_hardware_z -23.006407264787324 43.45000076293945 30.940000534057617 AB 5.917826567269318 1.1525614114849194
62764.3736 lsst_hardware_g -23.58162831307042 23.389999389648438 31.549999237060547 AB 5.993187249178464 1.1713451088006381
62767.366 lsst_hardware_z 17.515191337507108 42.83000183105469 30.940000534057617 AB 2.083963817361838 1.1723029161982963
62767.3787 lsst_hardware_r 22.705972688354628 22.889999389648438 31.469999313354492 AB 1.7198465228145026 1.1953062825074732
62774.3503 lsst_hardware_i 20.841600224708547 31.1299991607666 31.219999313354492 AB 3.8315345156840315 1.1780275221165355
62774.3625 lsst_hardware_r -0.8254596912258929 22.31999969482422 31.440000534057617 AB 3.844012542556324 1.2012539195488512
62776.1148 lsst_hardware_g -8.522962300266338 14.670000076293945 31.299999237060547 AB 6.774484646071312 1.4918486337968775
62781.3414 lsst_hardware_i 46.758255103874035 30.979999542236328 31.229999542236328 AB 4.309806352195967 1.1971684311655462
62781.3527 lsst_hardware_z -1.8033165240462694 43.08000183105469 30.940000534057617 AB 4.3993594261210225 1.2220442850336173
62787.3175 lsst_hardware_i -28.0514657769038 61.060001373291016 31.290000915527344 AB 6.152455390858068 1.1827854003570888
62787.3286 lsst_hardware_r -33.51750185253529 75.9000015258789 31.610000610351562 AB 6.272573041837807 1.2046231335849193
62789.3246 lsst_hardware_z -83.41817827500901 72.48999786376953 31.700000762939453 AB 6.825952215935281 1.2077768592041194
62791.3293 lsst_hardware_r -73.49386309470712 43.27000045776367 31.579999923706055 AB 6.668783616727256 1.2315958477727051
62791.3395 lsst_hardware_i -55.89985104523056 41.79999923706055 31.260000228881836 AB 6.139335385596481 1.25900650466806
62793.3058 lsst_hardware_z 7.277858404537491 44.869998931884766 30.950000762939453 AB 4.527892072934775 1.1915505455091513
62793.3179 lsst_hardware_r 11.614730448342693 31.920000076293945 31.540000915527344 AB 4.625618405449168 1.2172680014339916
62794.1246 lsst_hardware_i -99.81913924478143 44.41999816894531 31.969999313354492 AB 4.057374754409122 1.252759476467622
62794.1414 lsst_hardware_z 54.43864733573942 60.7599983215332 31.68000030517578 AB 3.9825792910447837 1.2107557633903379
62796.2997 lsst_hardware_g 5.712195089251082 13.479999542236328 31.350000381469727 AB 2.8961240323216915 1.195674960016855
62796.3112 lsst_hardware_r 7.239046673186634 22.899999618530273 31.450000762939453 AB 3.09289083846485 1.2207574930621186
62801.2975 lsst_hardware_u -0.1761655356885983 2.549999952316284 28.299999237060547 AB 3.7864470588659724 1.220647020910894
62801.3082 lsst_hardware_g -2.7994002124826585 12.989999771118164 31.31999969482422 AB 3.923197508356643 1.2478363576199205
62803.3016 lsst_hardware_r 10.03800834275067 22.3799991607666 31.459999084472656 AB 3.7521111230721775 1.2447565375667955
62803.3123 lsst_hardware_i -43.85769567389654 31.649999618530273 31.219999313354492 AB 3.8806331621175665 1.2755450297307658
62809.2362 lsst_hardware_i 25.297720674022738 37.4900016784668 31.270000457763672 AB 6.405873544090412 1.1508074094507978
62809.2493 lsst_hardware_z 105.5532998959129 45.459999084472656 30.950000762939453 AB 6.532149612303496 1.1690822435478823
62810.2376 lsst_hardware_z -12.595157653310459 48.70000076293945 30.950000762939453 AB 4.899446715373776 1.1560752041936526
62810.2487 lsst_hardware_r 33.084691882655356 42.33000183105469 31.59000015258789 AB 4.957607911840773 1.1724964020199309
62817.2317 lsst_hardware_r -32.01690877426649 71.62000274658203 31.610000610351562 AB 8.146836541868161 1.1760139360329356
62817.2433 lsst_hardware_z -20.803759631578178 56.189998626708984 30.950000762939453 AB 8.167026325406304 1.197584357608487
62819.1565 lsst_hardware_z -9.978515014911547 48.560001373291016 30.959999084472656 AB 5.584202505337059 1.1207069400104477
62819.1665 lsst_hardware_r -105.89209484636432 51.13999938964844 31.610000610351562 AB 5.5868499740089606 1.1213883028871376
62822.1804 lsst_hardware_g 7.583372950197102 12.779999732971191 31.34000015258789 AB 2.8505868787292696 1.1312600881241437
62822.1932 lsst_hardware_i -36.24309456204812 34.56999969482422 31.25 AB 2.809878211103402 1.1423817093522437
62829.1831 lsst_hardware_z -59.47724509139728 42.72999954223633 30.940000534057617 AB 8.881152454828202 1.1526978179667995
62829.1951 lsst_hardware_r 17.380397774666104 22.309999465942383 31.459999084472656 AB 9.06007078356873 1.1697457544632937
62831.1761 lsst_hardware_u -1.0344651160625165 2.4800000190734863 28.260000228881836 AB 5.30322777071174 1.1507908363208117
62831.1887 lsst_hardware_r -27.13147008088342 21.969999313354492 31.450000762939453 AB 5.46790549069574 1.1682726637765986
62833.185 lsst_hardware_i 7.0744322504905375 30.850000381469727 31.229999542236328 AB 3.7528596621177157 1.17106084734248
62833.1976 lsst_hardware_z -53.78894593011318 42.90999984741211 30.93000030517578 AB 3.975390014066131 1.193571861708947
62835.1809 lsst_hardware_r -6.712282549217362 22.059999465942383 31.469999313354492 AB 5.265267877902765 1.1732751714853182
62838.1578 lsst_hardware_r 57.975148893553694 38.279998779296875 31.579999923706055 AB 7.44394507712522 1.1517979951869728
62838.1713 lsst_hardware_i -19.01926225144711 39.02000045776367 31.270000457763672 AB 7.479989908457205 1.1709888355092748
62842.1889 lsst_hardware_z 45.99840114714115 55.130001068115234 30.950000762939453 AB 5.046176186906256 1.2287766688893866
62842.2013 lsst_hardware_r 90.99637820304923 67.04000091552734 31.59000015258789 AB 5.100503381985178 1.2620843076504429
62844.1 lsst_hardware_z -52.00610094546574 58.380001068115234 30.979999542236328 AB 6.842810169081541 1.1217721588658265
62844.1136 lsst_hardware_i 19.973871907040845 63.08000183105469 31.31999969482422 AB 6.889033828180737 1.1270402990889876
62849.1032 lsst_hardware_z 45.20556150137851 45.56999969482422 30.950000762939453 AB 8.338097252274165 1.1289566167271063
62849.1182 lsst_hardware_r -13.6474057866498 39.290000915527344 31.59000015258789 AB 8.428643216073846 1.141113301512757
62851.101 lsst_hardware_u -1.8246507771206608 2.5799999237060547 28.350000381469727 AB 11.420960874650394 1.1311319796099393
62851.1133 lsst_hardware_g -2.822393293889539 12.970000267028809 31.350000381469727 AB 11.522887004842875 1.1416777882058453
62853.0789 lsst_hardware_g -10.49206304719785 13.180000305175781 31.399999618530273 AB 4.584017563672519 1.1227081958540706
62853.0902 lsst_hardware_r 4.630460164712689 22.15999984741211 31.479999542236328 AB 4.519290996664427 1.127708296110608
62855.0801 lsst_hardware_i -10.758665489344553 30.989999771118164 31.25 AB 5.879639362924614 1.1252898302248067
62855.0931 lsst_hardware_z 93.59548130552533 42.68000030517578 30.950000762939453 AB 3.720794572765981 1.133380755760496
62860.0813 lsst_hardware_g -8.932563147413656 12.979999542236328 31.360000610351562 AB 8.130220967868615 1.134871715224607
62860.0946 lsst_hardware_i 6.72294291666821 30.649999618530273 31.239999771118164 AB 6.931703174454463 1.1480606475019368
62866.082 lsst_hardware_r 9.170811634172681 29.1299991607666 31.540000915527344 AB 8.67054624761197 1.1526405256718177
62866.0956 lsst_hardware_i -57.4316846400194 34.220001220703125 31.260000228881836 AB 8.705891160697629 1.1722343098525283
