data/validation/pwv_sim_epoch_fit_seasonal/7316927.ecsv
# %ECSV 0.9
# ---
# datatype:
# - {name: time, datatype: float64}
# - {name: band, datatype: string}
# - {name: flux, datatype: float64}
# - {name: fluxerr, datatype: float64}
# - {name: zp, datatype: float64}
# - {name: zpsys, datatype: string}
# - {name: pwv, datatype: float64}
# - {name: airmass, datatype: float64}
# meta: {SNID: '7316927', alt: 1024.0, c: -0.05997181311249733, dec: -10.199918, lat: -30.244573, lon: -70.7499537, ra: 79.980469, t0: 61002.640625,
#   x0: 2.9177530727935444e-05, x1: -1.223129391670227, z: 0.29153507947921753}
# schema: astropy-2.0
time band flux fluxerr zp zpsys pwv airmass
60949.371 lsst_hardware_i -11.635608655582736 30.649999618530273 31.239999771118164 AB 4.490876132273445 1.0721919857403472
60949.3913 lsst_hardware_y -20.373137355570467 65.37000274658203 30.049999237060547 AB 4.426982987440694 1.0646904731699602
60951.3682 lsst_hardware_i 4.449828265161064 30.5 31.239999771118164 AB 3.1038643037377174 1.0702980357716267
60951.3869 lsst_hardware_y 99.76791343932193 58.08000183105469 30.049999237060547 AB 2.7732776726406736 1.0647341973281739
60954.3692 lsst_hardware_z 41.09397791717588 54.779998779296875 30.969999313354492 AB 6.579146906878398 1.065880422337529
60958.3648 lsst_hardware_z 22.18694062380349 83.63999938964844 31.729999542236328 AB 3.1941608882477768 1.0647202960825923
60960.3531 lsst_hardware_r 8.451909458939305 49.2400016784668 31.6200008392334 AB 5.913212287590319 1.0657957200739956
60960.3728 lsst_hardware_y -51.24006800608671 52.0099983215332 30.040000915527344 AB 5.928606580881951 1.0674801033908023
60962.3521 lsst_hardware_z -17.233538663393468 42.79999923706055 30.959999084472656 AB 5.750322324732524 1.064874504580097
60962.37 lsst_hardware_y -71.61504427204896 49.45000076293945 30.040000915527344 AB 5.771800425798867 1.0688519307034938
60964.3522 lsst_hardware_u 3.1497333952452076 2.890000104904175 28.510000228881836 AB 7.775652015018472 1.06479315508642
60964.3713 lsst_hardware_y -41.285072413788285 50.47999954223633 30.040000915527344 AB 7.847907375725025 1.073585140318076
60966.3228 lsst_hardware_g -11.849084652772607 13.489999771118164 31.399999618530273 AB 6.540854862621349 1.0736206482390644
60966.3412 lsst_hardware_r 41.01069326975644 22.31999969482422 31.489999771118164 AB 6.918559772967796 1.064871638242975
60971.2703 lsst_hardware_u 1.2615819388240088 3.700000047683716 29.100000381469727 AB 4.064507172177618 1.1383845504990409
60971.2871 lsst_hardware_g 4.336464697853647 13.600000381469727 31.389999389648438 AB 4.006493281583493 1.102072650521534
60973.3304 lsst_hardware_r 14.650840270857744 22.459999084472656 31.489999771118164 AB 4.029800246973521 1.0651923645025088
60973.3488 lsst_hardware_i -15.955643572426924 30.670000076293945 31.25 AB 3.9588891221406723 1.0753954515050117
60977.3124 lsst_hardware_u 3.0456655379917295 2.6858182554674093 28.420000076293945 AB 3.21856137150795 1.064749861004928
60977.3293 lsst_hardware_g -13.466070232681544 13.869515008033428 31.40999984741211 AB 3.238514012937308 1.06899290738977
60990.2693 lsst_hardware_r 3117.9450202430826 67.42186709737338 31.59000015258789 AB 1.823830440627973 1.0664116010099112
60990.2864 lsst_hardware_i 2268.770365130531 61.293806544536075 31.280000686645508 AB 1.9091621469061362 1.0657771568135639
60992.2762 lsst_hardware_z 2574.89308103701 65.11598442915931 30.950000762939453 AB 4.770795852304314 1.064830559996499
60992.2947 lsst_hardware_u 87.93726449998147 9.222624003028391 28.610000610351562 AB 4.3029183453363 1.0734485082540353
60994.2781 lsst_hardware_g 4806.642193352731 70.57825274705557 31.420000076293945 AB 4.979837383915159 1.0666699142670315
60994.2955 lsst_hardware_r 5489.696565678664 77.9478276015064 31.489999771118164 AB 5.640666979013011 1.0794157643068847
60996.2676 lsst_hardware_r 6723.01952265766 84.69271079658051 31.489999771118164 AB 4.299796150984203 1.0651848433486877
60996.2869 lsst_hardware_i 4950.640932672209 75.68437883240806 31.239999771118164 AB 4.31494300522695 1.076224560665241
61000.2605 lsst_hardware_u 92.2673485836338 9.64877261030529 28.40999984741211 AB 3.460946673291334 1.0662189381671137
61000.2791 lsst_hardware_g 6227.878422135317 81.01264012889811 31.40999984741211 AB 3.5245783100115227 1.079393112498151
61010.2281 lsst_hardware_r 7901.610471939112 100.83355336189526 31.6200008392334 AB 8.097591630295994 1.0649587870276034
61010.2462 lsst_hardware_i 5847.799975820552 86.39706059602621 31.290000915527344 AB 8.184829614838756 1.0739836786298795
61012.2273 lsst_hardware_z 3186.55482635672 82.40561761734851 30.979999542236328 AB 6.718185973145712 1.0660679189226907
61012.2473 lsst_hardware_i 5554.014723902862 99.25718038794739 31.31999969482422 AB 6.808950163740948 1.080447407754739
61014.2269 lsst_hardware_z 5324.879160819155 128.69965228520223 31.739999771118164 AB 2.8660344227004146 1.0682200606411043
61016.2205 lsst_hardware_r 5987.490463829873 108.71874862474428 31.649999618530273 AB 4.4982308807483555 1.0677447990066646
61016.2395 lsst_hardware_i 4411.641542887067 91.22180353952093 31.31999969482422 AB 4.604699655920156 1.0841389866395494
61019.2323 lsst_hardware_z 4584.246094392119 92.19438047514619 31.709999084472656 AB 10.184627640391707 1.0853954856545815
61021.2202 lsst_hardware_g 1377.651938763445 41.177591459719146 31.5 AB 13.49744295971181 1.0777477161163238
61021.241 lsst_hardware_r 3723.236750903909 67.1019450001314 31.530000686645508 AB 13.887019676940355 1.1079921551793477
61023.1903 lsst_hardware_r 3042.6850472797823 60.274137916905275 31.489999771118164 AB 8.091816945792768 1.0647127560253642
61023.2084 lsst_hardware_i 3164.455101386262 63.97348277889656 31.239999771118164 AB 8.369214709766519 1.0721171765914586
61025.1937 lsst_hardware_z 2035.9052071621295 60.98350544696088 30.950000762939453 AB 10.98167698730352 1.0667531850625482
61025.2133 lsst_hardware_i 3164.8581179665366 62.910920804421295 31.239999771118164 AB 11.23612595332584 1.0821603060700693
61029.148 lsst_hardware_r 1873.3540498679652 49.346459412225904 31.479999542236328 AB 3.2468361404227783 1.0760911891366125
61029.1663 lsst_hardware_i 2718.8159765161263 60.80280769578361 31.239999771118164 AB 3.226974813910945 1.0653597933017316
61033.1476 lsst_hardware_g 444.1706167130953 25.340566973687167 31.420000076293945 AB 6.6834242462032885 1.0683222899941318
61033.1668 lsst_hardware_r 1572.2125363940258 44.80753349347505 31.5 AB 6.927367340864955 1.0652162135647492
61035.1561 lsst_hardware_i 2139.564276708517 55.29559255502072 31.239999771118164 AB 7.444908644242989 1.0646610624207913
61035.1782 lsst_hardware_z 1966.2657432752178 59.28993662591813 30.940000534057617 AB 7.58096373530475 1.0741966373471055
61037.1316 lsst_hardware_z 1583.8666004175652 59.55167715726978 30.950000762939453 AB 6.61934016218171 1.0715241055737288
61037.1524 lsst_hardware_i 1973.0857855962988 56.36541228880671 31.270000457763672 AB 6.566985342912526 1.0647294950204735
61039.1405 lsst_hardware_z 3046.2881011519116 89.69081176689023 31.709999084472656 AB 8.333322941779953 1.065052137576728
61041.1236 lsst_hardware_r 1106.1216505970397 89.21180569740119 31.649999618530273 AB 7.408275195502699 1.0695561312760204
61041.1439 lsst_hardware_i 1786.1633268182502 78.60566595924247 31.31999969482422 AB 7.419822327135111 1.0650167115651974
61044.1312 lsst_hardware_z 4479.229969775243 150.5018671129402 32.4900016784668 AB 2.6638628536901785 1.0646579265372904
61047.1256 lsst_hardware_g 287.092674347421 38.05485764852119 31.65999984741211 AB 8.465437144206303 1.064767894372216
61047.1482 lsst_hardware_r 847.4809082292774 53.95673892730938 31.610000610351562 AB 8.583723061202447 1.0767339514804877
61050.0923 lsst_hardware_r 718.8729594524792 34.956358726594765 31.5 AB 9.110872121985265 1.0745853773645415
61050.1139 lsst_hardware_i 1081.8886023042853 44.73134227680328 31.25 AB 9.021377975848246 1.0646787540340181
61055.0858 lsst_hardware_z 686.5645569996631 48.65295617287702 30.950000762939453 AB 5.778724878591318 1.069292663846291
61055.1048 lsst_hardware_i 935.3386793318678 43.7783722279384 31.25 AB 5.773259276842366 1.0648822792294321
61057.0797 lsst_hardware_u 24.5851673791342 5.8180407775476 28.3799991607666 AB 2.983880134170282 1.0696827869404206
61057.0979 lsst_hardware_g 195.79085614723206 19.271801183552654 31.389999389648438 AB 2.126267951398924 1.0647310723079237
61059.0766 lsst_hardware_r 544.3211408096058 33.094988077209685 31.479999542236328 AB 3.868913985995973 1.0683180963677958
61059.0962 lsst_hardware_i 895.7674008063349 42.81578731326686 31.229999542236328 AB 4.133597985299169 1.0652916655625702
61061.0739 lsst_hardware_z 506.74694598852165 46.909463908803595 30.940000534057617 AB 12.843091835381868 1.0669973831665882
61061.0935 lsst_hardware_u 23.09964245973212 5.054821387573084 28.399999618530273 AB 13.486935969170833 1.0660485826925357
61063.0753 lsst_hardware_g 165.30021204055333 19.425300280749138 31.399999618530273 AB 8.064634742838608 1.064989731639285
61063.095 lsst_hardware_r 563.6445109139152 32.27267257774519 31.479999542236328 AB 9.171431209333901 1.0692637038707196
61065.046 lsst_hardware_y 306.88245691531625 51.32903665054519 30.040000915527344 AB 7.446218255490338 1.0798663266609148
61065.0663 lsst_hardware_i 837.3084862857675 42.889269130719406 31.25 AB 7.315995260701464 1.0657983675085727
61067.0437 lsst_hardware_y 298.5947552174943 52.80100117337975 30.040000915527344 AB 12.273226671997849 1.0765988308770043
61067.062 lsst_hardware_i 731.807375084808 49.78008267303016 31.290000915527344 AB 12.146462693500563 1.0654791836404003
61069.043 lsst_hardware_y -0.18309392773858446 53.95000076293945 30.049999237060547 AB 13.543104948612552 1.0724380320928508
61069.062 lsst_hardware_z -37.912253167767425 54.900001525878906 30.969999313354492 AB 13.511424160968282 1.0646741038796188
61071.0405 lsst_hardware_y -128.47968760765244 57.65999984741211 30.049999237060547 AB 9.172064083299583 1.0703045558379445
61071.0576 lsst_hardware_i -80.35926215957224 70.23999786376953 31.329999923706055 AB 9.705348542869704 1.064649905975176
61072.0512 lsst_hardware_z -58.740231974008715 90.20999908447266 31.729999542236328 AB 8.647201025513192 1.0649153057353506
61074.0394 lsst_hardware_y 3.7176116983475254 54.0099983215332 30.049999237060547 AB 7.460086463699898 1.0665900677262399
61074.0584 lsst_hardware_r 20.634961984689884 66.36000061035156 31.639999389648438 AB 8.41348208340544 1.0661786261245763
61076.0289 lsst_hardware_y -64.68737366436744 65.55000305175781 30.059999465942383 AB 5.927400529183428 1.0690273889353303
61076.0468 lsst_hardware_z -87.12697980016078 41.599998474121094 30.950000762939453 AB 6.362616766060821 1.0647988451674315
61078.0281 lsst_hardware_y -145.29334083372598 62.560001373291016 30.049999237060547 AB 5.142121203925734 1.0667379107461112
61078.0473 lsst_hardware_u -0.34532063097460447 2.6600000858306885 28.350000381469727 AB 6.566040301065508 1.066117549492395
61080.0274 lsst_hardware_y -32.89025335506877 63.439998626708984 30.049999237060547 AB 5.904768819033059 1.0652658883335746
61080.0471 lsst_hardware_r 4.104008043474461 22.6299991607666 31.489999771118164 AB 6.415763818471069 1.0684184601736308
61082.0254 lsst_hardware_y 26.15892776714179 63.93000030517578 30.059999465942383 AB 0.5850757336967412 1.0647420085472996
61082.0423 lsst_hardware_r -1.1145942390316934 22.799999237060547 31.489999771118164 AB 1.09176198673897 1.0687831490347368
61084.0237 lsst_hardware_z -91.04783296572946 59.41999816894531 30.979999542236328 AB 3.518366188028218 1.0646928320852003
61084.0401 lsst_hardware_g 2.1766752356409826 13.970000267028809 31.420000076293945 AB 3.539106151531429 1.070833933897558
61314.3708 lsst_hardware_r -7.658924309484219 59.22999954223633 31.639999389648438 AB 4.500887790835759 1.072895919628688
61314.3895 lsst_hardware_y 149.11231348337031 63.279998779296875 30.059999465942383 AB 4.516720736150163 1.0647620783003686
61316.3803 lsst_hardware_z 4.6202082213869895 74.1500015258789 31.719999313354492 AB 2.7981210749166032 1.0653083187600887
61318.3701 lsst_hardware_g 17.84607211967429 17.610000610351562 31.520000457763672 AB 8.107469994555814 1.0667723677047123
61318.3887 lsst_hardware_y 85.49277482743173 69.01000213623047 30.059999465942383 AB 8.57101088508376 1.0659687897955694
61320.3654 lsst_hardware_i -22.774213803244567 30.6299991607666 31.260000228881836 AB 3.839325407927431 1.066479279979842
61320.3845 lsst_hardware_y -176.15056540213317 59.33000183105469 30.059999465942383 AB 4.134054911382707 1.066394216177798
61322.3535 lsst_hardware_i -6.590007340150108 30.420000076293945 31.25 AB 3.078155489416851 1.0696706206707463
61322.3727 lsst_hardware_y -59.739618606832906 48.18000030517578 30.040000915527344 AB 3.069139597037892 1.0648723519474557
61324.3584 lsst_hardware_g 5.070577283848696 13.609999656677246 31.420000076293945 AB 4.619496674439743 1.0653206513552982
61324.3788 lsst_hardware_y -2.8253649718492895 55.90999984741211 30.059999465942383 AB 4.89229960396285 1.0688099921270426
61327.355 lsst_hardware_i -15.065433461432601 30.3799991607666 31.25 AB 5.749409766660486 1.0647055123445344
61327.3732 lsst_hardware_y -75.78614939745401 51.43000030517578 30.040000915527344 AB 5.7801702890366515 1.0704019053771576
61329.3544 lsst_hardware_u -0.6191798247930885 2.7300000190734863 28.459999084472656 AB 7.779674565061082 1.0649794065792186
61329.3719 lsst_hardware_z 121.02581076840177 45.4900016784668 30.959999084472656 AB 7.842361942193503 1.0735118555658352
61331.3526 lsst_hardware_r 13.028081362997368 22.329999923706055 31.5 AB 6.92226130596933 1.065783111003746
61331.3706 lsst_hardware_y -62.47273218669371 52.36000061035156 30.040000915527344 AB 7.026314942920176 1.0773114331444298
61333.3513 lsst_hardware_z 24.302114843179375 41.5 30.950000762939453 AB 0.6218932610805407 1.0673225304585938
61333.3696 lsst_hardware_y -51.06850442769764 52.47999954223633 30.040000915527344 AB 0.6500201415157127 1.082164497530425
61338.3205 lsst_hardware_z -62.600460244158555 59.7599983215332 30.979999542236328 AB 4.041111471453379 1.065249163223877
61338.3385 lsst_hardware_r 44.56288119535503 72.29000091552734 31.639999389648438 AB 3.9252896250002274 1.0677186394958762
61341.308 lsst_hardware_i -117.78906128038788 72.81999969482422 31.329999923706055 AB 3.020417082610461 1.0665000733066214
61341.3254 lsst_hardware_r 84.42757671743625 87.33000183105469 31.649999618530273 AB 3.0721983106321944 1.0658103419363896
61351.2606 lsst_hardware_i -45.9039619043427 30.850000381469727 31.239999771118164 AB 5.589534520852063 1.0819326437653707
61351.2903 lsst_hardware_z -40.34605099047076 41.47999954223633 30.940000534057617 AB 5.5140814618478995 1.0646828998402997
61357.2744 lsst_hardware_u 1.9662693724672695 2.609999895095825 28.3700008392334 AB 4.704477901909779 1.0646826875174003
61357.2923 lsst_hardware_g -5.331835078335162 13.710000038146973 31.399999618530273 AB 4.35341490904155 1.0710825215995123
61359.2754 lsst_hardware_r 8.805960124896938 22.639999389648438 31.489999771118164 AB 4.918126649541759 1.0655674682138419
61359.2933 lsst_hardware_i -0.6055799177845557 30.690000534057617 31.239999771118164 AB 5.614484696186037 1.076465398386876
61361.2676 lsst_hardware_i -44.78619201723706 30.600000381469727 31.25 AB 4.299298821122055 1.065061640244935
61361.2883 lsst_hardware_z 37.10786757525921 41.66999816894531 30.950000762939453 AB 4.315367246865905 1.0769123437672266
61364.2558 lsst_hardware_r 109.10879811677641 35.540000915527344 31.59000015258789 AB 4.599028141135013 1.0646925377375664
61364.2761 lsst_hardware_g -6.955382578667489 13.989999771118164 31.40999984741211 AB 4.62637402585757 1.073300885650862
61366.1783 lsst_hardware_r 72.89512899674351 68.37999725341797 31.610000610351562 AB 4.411395965921425 1.1693561208539232
61366.2022 lsst_hardware_i -72.10562622255927 56.209999084472656 31.309999465942383 AB 4.1971343075103436 1.108886210702865
61368.258 lsst_hardware_z -16.78807707340651 73.62999725341797 30.989999771118164 AB 9.263885206884405 1.068426984753168
61368.2779 lsst_hardware_i -57.42455169288588 84.62000274658203 31.329999923706055 AB 9.537632315204599 1.087012895644935
61370.2645 lsst_hardware_z 6.427125262980875 98.30000305175781 31.729999542236328 AB 5.813715953450768 1.0776784392209777
61372.2541 lsst_hardware_r 15.374620507827201 60.33000183105469 31.6299991607666 AB 4.730706135072717 1.0731686192459313
61372.2737 lsst_hardware_i 18.986593950346425 53.11000061035156 31.309999465942383 AB 4.847703495027808 1.0969930027029302
