data/validation/pwv_sim_epoch_fit_seasonal/7439323.ecsv
# %ECSV 0.9
# ---
# datatype:
# - {name: time, datatype: float64}
# - {name: band, datatype: string}
# - {name: flux, datatype: float64}
# - {name: fluxerr, datatype: float64}
# - {name: zp, datatype: float64}
# - {name: zpsys, datatype: string}
# - {name: pwv, datatype: float64}
# - {name: airmass, datatype: float64}
# meta: {SNID: '7439323', alt: 1024.0, c: -0.1037064865231514, dec: -27.615883, lat: -30.244573, lon: -70.7499537, ra: 335.214844, t0: 62423.1015625,
#   x0: 1.8043948930518717e-05, x1: 0.887907087802887, z: 0.3581809401512146}
# schema: astropy-2.0
time band flux fluxerr zp zpsys pwv airmass
[from data line 133]
62719.1755 lsst_hardware_i -42.14875913885942 32.91999816894531 31.25 AB 1.773235301639981 1.1036161827539948
62723.1689 lsst_hardware_y 24.475798459092935 72.9000015258789 30.790000915527344 AB 4.59484244153083 1.091930238006376
62725.1487 lsst_hardware_r -170.54164430402085 122.44000244140625 31.639999389648438 AB 3.54683532343852 1.1354717714561477
62725.167 lsst_hardware_i -95.44191523442865 95.58999633789062 31.329999923706055 AB 2.9488218954275305 1.0829312873402608
62731.16 lsst_hardware_z 46.277819258779296 48.619998931884766 30.969999313354492 AB 2.867567256111765 1.061799773924376
62731.177 lsst_hardware_r 4.848966801908182 49.209999084472656 31.6299991607666 AB 3.2055213323666067 1.032263202780144
62735.1514 lsst_hardware_i 0.6760276588015756 31.440000534057617 31.260000228881836 AB 2.142435284233108 1.0571226731413361
62735.1687 lsst_hardware_z -40.238729196224874 41.41999816894531 30.950000762939453 AB 2.550603150328143 1.0286418351180546
62736.067 lsst_hardware_u 1.2928082186976801 2.5799999237060547 28.200000762939453 AB 2.9767158399817872 1.3968633693016363
62736.086 lsst_hardware_g 4.001463127742743 15.149999618530273 31.389999389648438 AB 2.983583351836354 1.2763992949032532
62738.0695 lsst_hardware_i 46.789504574212806 33.79999923706055 31.209999084472656 AB 5.606865856426867 1.3421046492683795
62738.0894 lsst_hardware_r 10.755770988045509 24.639999389648438 31.469999313354492 AB 4.759210318775961 1.2310425035633628
62740.0548 lsst_hardware_z -31.130425614743935 46.18000030517578 30.920000076293945 AB 2.310561899229948 1.4063066946013074
62740.0726 lsst_hardware_u -0.45020348397048293 2.740000009536743 28.360000610351562 AB 2.112504491796059 1.2902103980839124
62742.072 lsst_hardware_r -39.05007245659731 24.65999984741211 31.479999542236328 AB 7.0761896535933575 1.2636052952845283
62742.0913 lsst_hardware_i -69.86190108563201 32.33000183105469 31.239999771118164 AB 5.865003261122578 1.1752728463942355
62747.0614 lsst_hardware_i -38.16950320899217 33.68000030517578 31.219999313354492 AB 1.7012624725566725 1.247869784271398
62747.0793 lsst_hardware_u 4.944629874597988 3.319999933242798 28.5 AB 1.6670674563899022 1.1688465951901155
62748.0789 lsst_hardware_r 11.031918160081085 28.469999313354492 31.520000457763672 AB 1.7277073546692618 1.1600541772622617
62748.0956 lsst_hardware_z -59.24911292652907 42.959999084472656 30.940000534057617 AB 1.0760742250309203 1.105650372495166
62751.0598 lsst_hardware_i 12.853443864011556 52.119998931884766 31.290000915527344 AB 2.55179165012417 1.2040539399768024
62751.077 lsst_hardware_r 7.402318791759354 58.060001373291016 31.6200008392334 AB 2.395548375904571 1.1378475503029943
62755.0612 lsst_hardware_r 30.71595505956812 140.3000030517578 31.639999389648438 AB 2.7276249335602563 1.1548761273983161
62755.0774 lsst_hardware_i 84.98090029040308 110.16000366210938 31.329999923706055 AB 2.6236747483488814 1.1030795662597779
62757.0638 lsst_hardware_z -71.21382588999336 72.38999938964844 30.979999542236328 AB 2.7836103130424745 1.1274241851123834
62757.0801 lsst_hardware_r 125.31141418732192 101.26000213623047 31.649999618530273 AB 2.6449570917362646 1.0817820416099242
62760.0833 lsst_hardware_z -12.787794167255084 41.630001068115234 30.959999084472656 AB 2.7580952203499174 1.0568089483427743
62760.1014 lsst_hardware_r 29.609375927846482 25.700000762939453 31.549999237060547 AB 3.6985522400053563 1.02737562222371
62762.0654 lsst_hardware_r 12.824598074402374 23.549999237060547 31.5 AB 1.227123788346731 1.0843509175374135
62762.0819 lsst_hardware_u 2.369227677039373 2.7699999809265137 28.479999542236328 AB 1.1666597873177251 1.0491544849979542
62764.0658 lsst_hardware_g -0.8383335467708444 14.770000457763672 31.450000762939453 AB 5.985440642420874 1.0705811254889028
62764.0827 lsst_hardware_r -9.979530512522215 23.56999969482422 31.520000457763672 AB 5.799525772340141 1.0385660239976762
62764.9801 lsst_hardware_y 191.93989834279407 69.66000366210938 29.940000534057617 AB 5.006743019329102 1.4568602384080802
62764.998 lsst_hardware_g 3.6410264823867777 15.4399995803833 31.389999389648438 AB 4.53042184900814 1.32798529943079
62766.9809 lsst_hardware_y 106.72905055615443 73.6500015258789 29.950000762939453 AB 1.6101074212720974 1.4076416330515202
62766.9985 lsst_hardware_i -33.04019808218256 33.040000915527344 31.219999313354492 AB 1.4539126118546728 1.2923667660932803
62770.9848 lsst_hardware_y -43.45567628130273 70.98999786376953 29.979999542236328 AB 2.8535458962169162 1.3085658344011577
62771.0041 lsst_hardware_i -29.77843943900166 32.279998779296875 31.219999313354492 AB 3.7573673025985057 1.2088693128634393
62771.9857 lsst_hardware_y 110.0236215993567 68.16999816894531 29.979999542236328 AB 5.518356377889006 1.2875306527972172
62772.005 lsst_hardware_g -6.439759001392679 14.84000015258789 31.399999618530273 AB 5.6085915002919196 1.1931480996224477
62773.988 lsst_hardware_y -194.71555576920355 62.18000030517578 30.0 AB 11.932537049699327 1.2462505078147552
62774.0073 lsst_hardware_i -24.180679795804082 32.029998779296875 31.239999771118164 AB 3.9567265832283742 1.162318702539547
62779.9908 lsst_hardware_y -154.90759232734194 66.94000244140625 30.020000457763672 AB 3.847754528942342 1.16275634216346
62780.0091 lsst_hardware_r 4.530184845696462 65.1500015258789 31.6299991607666 AB 3.758369385745562 1.1031855738209173
62782.9932 lsst_hardware_y 40.30463199364585 70.45999908447266 30.040000915527344 AB 5.149617458505252 1.126173813640112
62783.0135 lsst_hardware_z 16.940266913212486 73.13999938964844 30.989999771118164 AB 4.210004689990336 1.0715206642885393
62786.9967 lsst_hardware_y 137.6092757503924 54.20000076293945 30.040000915527344 AB 5.507325437711621 1.0854368040687519
62787.0148 lsst_hardware_r -20.270635627409042 46.81999969482422 31.6299991607666 AB 5.9442616585270445 1.0470779740226166
62788.9993 lsst_hardware_z -54.890470074786485 46.150001525878906 30.959999084472656 AB 7.2022210947351235 1.0667191609190394
62789.0185 lsst_hardware_g 0.14821649720263377 14.680000305175781 31.440000534057617 AB 6.95788600803087 1.032454953584321
62790.9998 lsst_hardware_y -29.58022715647654 52.720001220703125 30.049999237060547 AB 6.944087420950811 1.0545845025237288
62791.0201 lsst_hardware_i 17.692943004556042 30.959999084472656 31.260000228881836 AB 7.225203478167195 1.0232066859187228
62793.0021 lsst_hardware_y -53.795511077195926 51.369998931884766 30.059999465942383 AB 4.241912654373616 1.0408324510792297
62793.0224 lsst_hardware_r -47.497936301166945 23.489999771118164 31.520000457763672 AB 4.140275173938129 1.0149806350818702
