data/validation/pwv_sim_epoch_fit_seasonal/761203.ecsv
# %ECSV 0.9
# ---
# datatype:
# - {name: time, datatype: float64}
# - {name: band, datatype: string}
# - {name: flux, datatype: float64}
# - {name: fluxerr, datatype: float64}
# - {name: zp, datatype: float64}
# - {name: zpsys, datatype: string}
# - {name: pwv, datatype: float64}
# - {name: airmass, datatype: float64}
# meta: {SNID: '761203', alt: 1024.0, c: -0.06752537190914154, dec: -44.796005, lat: -30.244573, lon: -70.7499537, ra: 106.244812, t0: 61120.55859375,
#   x0: 1.613710913747251e-05, x1: -0.12402567267417908, z: 0.3759036064147949}
# schema: astropy-2.0
time band flux fluxerr zp zpsys pwv airmass
[from data line 132]
61437.1652 lsst_hardware_r -20.177393465249995 21.43000030517578 31.479999542236328 AB 8.78569204142751 1.0514860919666698
61439.1489 lsst_hardware_i 73.52271131467378 29.59000015258789 31.25 AB 7.789401296757611 1.0423857565470975
61439.1617 lsst_hardware_z -15.567697988390757 40.68000030517578 30.950000762939453 AB 7.873895284111669 1.0534813625748694
61441.1489 lsst_hardware_r 0.8161463779325546 21.469999313354492 31.489999771118164 AB 6.707808947458282 1.0465689017253403
61441.1624 lsst_hardware_u 0.9153049270471872 2.630000114440918 28.440000534057617 AB 6.729319489468179 1.0604590254979533
61444.1518 lsst_hardware_g 11.700809979273485 12.65999984741211 31.3700008392334 AB 9.087015496448569 1.0576032777981943
61444.164 lsst_hardware_r -3.3967697104879373 21.540000915527344 31.479999542236328 AB 9.215183252213807 1.0738325195094698
61446.0945 lsst_hardware_g 14.137950776029577 12.680000305175781 31.389999389648438 AB 3.6324550718533235 1.034396318515403
61446.1082 lsst_hardware_r 5.851728540316333 21.299999237060547 31.479999542236328 AB 3.5901661383613073 1.0336370839811826
61449.1465 lsst_hardware_r 27.95119648727888 30.40999984741211 32.22999954223633 AB 3.943136256614667 1.0682387420561237
61449.1592 lsst_hardware_g 1.310479883808238 18.0 32.119998931884766 AB 4.053570573400289 1.0884503665429284
61451.0927 lsst_hardware_r 80.09406365100587 33.0099983215332 31.59000015258789 AB 1.541314939819737 1.0334569636160722
61451.1045 lsst_hardware_z 44.740347775586415 42.81999969482422 30.959999084472656 AB 1.5303930516976747 1.0361496626253723
61453.0864 lsst_hardware_z 9.782514988813222 47.36000061035156 30.969999313354492 AB 2.39543111410553 1.0334042770084253
61453.0981 lsst_hardware_i 44.34636168186423 44.16999816894531 31.309999465942383 AB 2.412126132872629 1.0358029556082144
61457.0929 lsst_hardware_y 91.88371995678386 74.75 30.809999465942383 AB 4.7411436349478455 1.0382824224281728
61459.0789 lsst_hardware_r -25.21105686855106 62.18000030517578 31.649999618530273 AB 7.279491808637155 1.0349007404943353
61459.0928 lsst_hardware_i -54.60335623525859 52.77000045776367 31.31999969482422 AB 6.845508081596732 1.0413926925262202
61461.0795 lsst_hardware_z -19.528947432081587 44.43000030517578 30.959999084472656 AB 9.214673338501672 1.0371044837930976
61461.0922 lsst_hardware_r 16.100772648013024 38.09000015258789 31.600000381469727 AB 7.952062305379309 1.0448804027829064
61463.0716 lsst_hardware_u -6.6758791236705255 2.609999895095825 28.440000534057617 AB 8.142731357072003 1.0361027302547403
61463.0835 lsst_hardware_r -33.246225748789996 21.3700008392334 31.479999542236328 AB 6.884061670718577 1.0424868131625011
61465.0765 lsst_hardware_i 49.40385582618057 29.549999237060547 31.239999771118164 AB 3.903091666284319 1.0414493139308436
61465.0907 lsst_hardware_z 54.45835315572716 40.720001220703125 30.940000534057617 AB 4.349841481250143 1.0534854640954572
61467.0567 lsst_hardware_z -77.73107119409667 40.72999954223633 30.950000762939453 AB 6.492877356486085 1.0348039455711349
61467.0703 lsst_hardware_r 12.724505572895199 21.450000762939453 31.479999542236328 AB 6.53115822031861 1.040974095071303
61469.0719 lsst_hardware_g -10.129314233488426 12.609999656677246 31.3700008392334 AB 11.193543982344769 1.046125605826614
61469.0868 lsst_hardware_r -16.39627214488405 21.40999984741211 31.479999542236328 AB 10.967857032003687 1.0615253688645834
61473.0542 lsst_hardware_z 16.974740511285184 40.529998779296875 30.940000534057617 AB 11.170046148813398 1.0411563731009366
61473.0663 lsst_hardware_r 6.160269031772018 21.329999923706055 31.459999084472656 AB 11.383814620545543 1.0509106644193986
61475.0527 lsst_hardware_u -2.921158493375537 2.5799999237060547 28.399999618530273 AB 7.460044847059317 1.0439104211382826
61475.0669 lsst_hardware_r 16.89169945280692 21.5 31.479999542236328 AB 7.533439408344438 1.0573248292413246
61478.0448 lsst_hardware_i 10.724438876592629 30.399999618530273 31.239999771118164 AB 13.551949906796805 1.0441309719522438
61478.0599 lsst_hardware_z -54.933687236792835 41.2599983215332 30.940000534057617 AB 13.752202650004827 1.0587100676828094
61480.0362 lsst_hardware_r 15.32488519317662 45.34000015258789 32.31999969482422 AB 8.463967915506915 1.0418901049001168
61480.0519 lsst_hardware_z -25.41622903731497 60.77000045776367 31.700000762939453 AB 8.229344266329296 1.0558111790184308
61482.0303 lsst_hardware_y 51.065957194434276 48.779998779296875 30.049999237060547 AB 7.958332475399873 1.041598386938032
61482.0454 lsst_hardware_r -46.28227874641013 47.970001220703125 31.6299991607666 AB 7.274117113501903 1.0546784273599976
61486.0268 lsst_hardware_i -19.665876519604335 63.84000015258789 31.329999923706055 AB 5.421230843483157 1.047243562810613
61486.0411 lsst_hardware_z -29.0065613650812 58.939998626708984 30.979999542236328 AB 5.618866252792349 1.0624353181883932
