data/validation/pwv_sim_epoch_fit_seasonal/770357.ecsv
# %ECSV 0.9
# ---
# datatype:
# - {name: time, datatype: float64}
# - {name: band, datatype: string}
# - {name: flux, datatype: float64}
# - {name: fluxerr, datatype: float64}
# - {name: zp, datatype: float64}
# - {name: zpsys, datatype: string}
# - {name: pwv, datatype: float64}
# - {name: airmass, datatype: float64}
# meta: {SNID: '770357', alt: 1024.0, c: -0.08471928536891937, dec: -15.558919, lat: -30.244573, lon: -70.7499537, ra: 241.523438, t0: 60759.90234375,
#   x0: 9.181543071481703e-06, x1: 0.4872686564922333, z: 0.4765591025352478}
# schema: astropy-2.0
time band flux fluxerr zp zpsys pwv airmass
[from data line 132]
61174.2287 lsst_hardware_g -1.101695591249355 15.59000015258789 31.469999313354492 AB 6.966596387513188 1.0337985884074672
61176.2035 lsst_hardware_r -39.891942279865106 24.6200008392334 31.520000457763672 AB 5.579270426974659 1.0374890771043188
61176.223 lsst_hardware_i 39.01901464742194 31.690000534057617 31.260000228881836 AB 5.540700589020172 1.033761012924212
61179.1971 lsst_hardware_z 19.491108851112894 41.7400016784668 30.950000762939453 AB 8.693222203643812 1.0365836267349493
61179.2171 lsst_hardware_i -3.938380862438073 31.65999984741211 31.25 AB 8.267436976348842 1.0342052760006593
61181.2048 lsst_hardware_r 35.39577450449581 24.68000030517578 31.520000457763672 AB 7.74296134860182 1.0334282747549977
61181.2201 lsst_hardware_i -74.69645694101646 31.84000015258789 31.260000228881836 AB 7.018074225228146 1.0374604649495203
61186.1593 lsst_hardware_r 1.5100626668915964 54.939998626708984 31.639999389648438 AB 6.1321688809551755 1.0517999281247077
61186.1798 lsst_hardware_z -79.92063647561994 50.29999923706055 30.979999542236328 AB 6.377322108849658 1.035784003386334
61219.1074 lsst_hardware_z 417.78720122377996 156.99000549316406 32.189998626708984 AB 7.4457559206368 1.0340968606141177
61219.1308 lsst_hardware_r 392.49363741469807 241.4600067138672 32.849998474121094 AB 6.584162090286068 1.0490180977114743
61224.0861 lsst_hardware_i -36.22200497067821 51.15999984741211 31.31999969482422 AB 6.706174016348848 1.0334680253273327
61224.1086 lsst_hardware_z 60.39192161464493 51.5099983215332 30.969999313354492 AB 6.7608844710600575 1.0412574266225585
61226.0976 lsst_hardware_r 29.856072663362845 25.030000686645508 31.530000686645508 AB 3.800607406818482 1.0376612868998696
61226.1165 lsst_hardware_u -6.410477373444739 5.260000228881836 28.920000076293945 AB 3.864230856081114 1.054600188150436
61232.0674 lsst_hardware_u 0.00864839659497796 2.7899999618530273 28.469999313354492 AB 6.841791235392342 1.0334771887000502
61232.0892 lsst_hardware_g 14.544178342250344 15.1899995803833 31.459999084472656 AB 7.694819238977144 1.0432002945039849
61234.059 lsst_hardware_r -13.433659062439663 34.08000183105469 32.2599983215332 AB 6.445163982218938 1.0334585075312976
61234.081 lsst_hardware_i -21.533951619634593 44.56999969482422 32.0099983215332 AB 6.4797697037528685 1.0410383500915013
61239.0369 lsst_hardware_u -1.6898293262648092 2.8299999237060547 28.459999084472656 AB 2.282056741527353 1.0351028461720682
61239.0593 lsst_hardware_r 16.894116488428367 24.399999618530273 31.520000457763672 AB 2.2641491340309665 1.0362633818365155
61243.0159 lsst_hardware_g -3.1914638500168717 44.36000061035156 31.700000762939453 AB 6.228901800455988 1.0403900286099008
61243.0374 lsst_hardware_i -63.08327362031999 45.2599983215332 31.309999465942383 AB 6.245230734076473 1.0334795395286172
61245.0175 lsst_hardware_z -118.27959902324181 68.83000183105469 30.989999771118164 AB 6.527333154660103 1.036303951311405
61245.039 lsst_hardware_r -93.2869270961353 86.19999694824219 31.649999618530273 AB 6.449095338623584 1.03478023297164
61247.0211 lsst_hardware_y 145.0160166347196 81.94999694824219 30.799999237060547 AB 9.506146673755863 1.0336700564079666
61252.0089 lsst_hardware_z 40.724693462120094 53.279998779296875 30.979999542236328 AB 3.394073219215772 1.0335180326479207
61252.0276 lsst_hardware_r 70.73650654000616 70.2300033569336 31.649999618530273 AB 3.381501263865957 1.0382257488074784
61254.0084 lsst_hardware_u 0.6781480140567303 4.010000228881836 29.229999542236328 AB 2.724723484403698 1.0335603544442666
61254.0284 lsst_hardware_r -26.673253409431886 34.790000915527344 32.27000045776367 AB 2.744381882180425 1.0425992524193175
61256.9795 lsst_hardware_y 95.559292754591 48.310001373291016 30.049999237060547 AB 1.1836033105274133 1.039160061921129
61257.0004 lsst_hardware_i 44.52847592219441 31.790000915527344 31.260000228881836 AB 0.8599382876036495 1.0335796726005404
61258.981 lsst_hardware_y 43.96126560019132 47.63999938964844 30.049999237060547 AB 3.263448771886341 1.0355771436068355
61259.0028 lsst_hardware_r -12.676493046624419 24.790000915527344 31.520000457763672 AB 3.5687844689196573 1.0354807685825207
61261.9671 lsst_hardware_y -6.284283640681357 70.8499984741211 30.06999969482422 AB 2.1881407888557245 1.038386897072714
61261.9882 lsst_hardware_g 9.572438187511253 16.260000228881836 31.5 AB 2.1778015614364192 1.0337665639729836
61264.9683 lsst_hardware_z -112.23698650312043 64.31999969482422 30.989999771118164 AB 4.26742600584952 1.0343812404345698
61264.986 lsst_hardware_i 46.027990083961974 32.27000045776367 31.270000457763672 AB 4.102475448079262 1.0353250342155864
61266.9684 lsst_hardware_y -142.65883320543918 68.19999694824219 30.06999969482422 AB 4.582735440572414 1.033486032716336
61266.985 lsst_hardware_r -26.223340997675557 25.610000610351562 31.540000915527344 AB 4.665841880739181 1.0373147800665141
