data/validation/pwv_sim_epoch_fit_seasonal/791209.ecsv
# %ECSV 0.9
# ---
# datatype:
# - {name: time, datatype: float64}
# - {name: band, datatype: string}
# - {name: flux, datatype: float64}
# - {name: fluxerr, datatype: float64}
# - {name: zp, datatype: float64}
# - {name: zpsys, datatype: string}
# - {name: pwv, datatype: float64}
# - {name: airmass, datatype: float64}
# meta: {SNID: '791209', alt: 1024.0, c: -0.012131938710808754, dec: 0.596842, lat: -30.244573, lon: -70.7499537, ra: 245.214844, t0: 62631.0703125,
#   x0: 3.447959128488454e-05, x1: 0.6534313559532166, z: 0.27110275626182556}
# schema: astropy-2.0
time band flux fluxerr zp zpsys pwv airmass
62576.3842 lsst_hardware_i -47.73214306159984 31.860000610351562 31.229999542236328 AB 8.925802341106566 1.1667207103533483
62576.4023 lsst_hardware_y -66.78110854524154 54.9900016784668 30.020000457763672 AB 8.922220613459897 1.1649328389424152
62577.3878 lsst_hardware_r -39.23417410780754 23.739999771118164 31.479999542236328 AB 10.601507426431647 1.1643610572687146
62577.4058 lsst_hardware_y 79.31967085195954 59.25 30.020000457763672 AB 10.528944714793914 1.1678498223234275
62579.3813 lsst_hardware_z -10.362464196901945 61.29999923706055 30.959999084472656 AB 7.326624835039259 1.1646200659734953
62579.4011 lsst_hardware_y 33.95903344524468 55.93000030517578 30.010000228881836 AB 7.358049157630366 1.168330663467602
62581.3376 lsst_hardware_z 55.87832211820158 69.4800033569336 30.969999313354492 AB 7.130047114454644 1.2105343148479872
62581.356 lsst_hardware_y 6.954868634579361 57.130001068115234 30.010000228881836 AB 6.911975050970929 1.1793502148677826
62583.3976 lsst_hardware_y 103.37535297647858 85.27999877929688 30.760000228881836 AB 7.464952521377972 1.1744733356478732
62590.1949 lsst_hardware_z -81.71050978491488 54.16999816894531 30.799999237060547 AB 15.226636607095832 2.242866918938343
62590.2259 lsst_hardware_r -1.2229644811990852 25.040000915527344 31.350000381469727 AB 11.07504165617273 1.7231161170271299
62592.3011 lsst_hardware_u -3.0929864113599614 2.559999942779541 28.25 AB 6.1422262479236664 1.2258913093569381
62592.3197 lsst_hardware_r 24.44218045515857 23.440000534057617 31.459999084472656 AB 5.95679167426009 1.187992356508577
62595.3694 lsst_hardware_r -19.48853413435103 23.479999542236328 31.469999313354492 AB 8.993065335060614 1.1795731027099603
62595.3885 lsst_hardware_u 6.598122935302951 2.559999942779541 28.25 AB 9.991890825709275 1.2124854880019342
62597.3198 lsst_hardware_u 0.05495551380693833 2.759999990463257 28.43000030517578 AB 19.668000083046547 1.1715860064361145
62597.3401 lsst_hardware_g 17.902984319739556 14.239999771118164 31.389999389648438 AB 21.171648113790116 1.163916883660809
62603.3233 lsst_hardware_r -22.864035603407007 23.639999389648438 31.489999771118164 AB 7.783166871137038 1.1638815463960577
62603.3425 lsst_hardware_i 23.810858935347024 32.029998779296875 31.239999771118164 AB 7.982675466799005 1.1739804108239138
62605.3237 lsst_hardware_z 68.67168109760914 43.33000183105469 30.950000762939453 AB 8.510771243729065 1.1651275446323517
62605.3406 lsst_hardware_i 56.50505800012109 32.02000045776367 31.25 AB 7.919534124149366 1.177786432968464
62607.2556 lsst_hardware_r 123.53241901071455 75.27929488002728 31.610000610351562 AB 20.48790790916827 1.2381769669424123
62607.2724 lsst_hardware_z 99.4323829409971 58.53250549638576 30.959999084472656 AB 19.805274396406418 1.1988060164281313
62613.3078 lsst_hardware_i 1287.2814215010685 69.96501511941071 31.299999237060547 AB 7.9643210148437245 1.168031631425451
62613.3251 lsst_hardware_z 895.8480019678385 66.12505386107317 30.959999084472656 AB 8.153405923184073 1.1861224793692904
62615.2395 lsst_hardware_r 5970.8278586593915 94.12514118371271 32.310001373291016 AB 9.84744518531485 1.2228800213570887
62615.2574 lsst_hardware_g 4676.684297163163 84.69028778794822 32.369998931884766 AB 10.025491163904036 1.1872448384207201
62617.2963 lsst_hardware_r 4073.297270454619 69.67679905773645 31.5 AB 4.35543251950485 1.1676762786876274
62617.3139 lsst_hardware_i 2984.747771212854 63.44670223621209 31.239999771118164 AB 4.481997051619137 1.1857135057193484
62619.2893 lsst_hardware_z 2632.276588169724 67.07723889511333 30.93000030517578 AB 3.2223339654252086 1.1668077122843241
62619.3087 lsst_hardware_i 3848.466889276118 69.88323996639664 31.229999542236328 AB 3.439678188590857 1.1860959271002955
62624.2571 lsst_hardware_g 7084.575227553401 84.84472213733439 31.420000076293945 AB 14.738116214770823 1.1650377761933144
62624.2746 lsst_hardware_r 8567.543355623291 95.60467635404854 31.489999771118164 AB 14.755406470895673 1.166281633847636
62626.2576 lsst_hardware_i 6925.1861737178915 87.95304078527491 31.239999771118164 AB 10.501145696205231 1.1638627563401691
62626.2761 lsst_hardware_z 4176.848059451957 75.74955506162594 30.940000534057617 AB 10.64415675088069 1.1707596792902417
62628.2535 lsst_hardware_r 9842.063601438203 101.04979726307607 31.479999542236328 AB 8.573910009786134 1.1638265250150854
62628.2714 lsst_hardware_g 7426.571947576047 87.44050307991058 31.389999389648438 AB 8.747933282177524 1.171389030821843
62630.1436 lsst_hardware_z 4049.229663379051 77.50673138433356 30.899999618530273 AB 11.189693960741403 1.472328152729132
62630.1605 lsst_hardware_i 7546.539827485814 91.07173901295444 31.200000762939453 AB 10.390712204381503 1.367198974260724
62632.2635 lsst_hardware_z 4173.906241051121 76.08374537435333 30.93000030517578 AB 9.275883576880787 1.1741624780861755
62632.2833 lsst_hardware_g 6884.617744459757 84.81135219985079 31.389999389648438 AB 9.508621016443774 1.2036229134738954
62635.1786 lsst_hardware_y 1054.5052570485143 59.958646218384686 29.989999771118164 AB 7.316400293919647 1.2397701615012853
62635.1975 lsst_hardware_r 10558.942907842118 121.06928902056835 31.610000610351562 AB 7.057119226723457 1.1959867630872532
62643.1926 lsst_hardware_r 8203.709420290805 102.38577377351234 31.600000381469727 AB 6.19561281699412 1.1730412402008432
62643.2155 lsst_hardware_i 5867.443729079428 88.98802272132761 31.280000686645508 AB 5.573267656701808 1.1640479667285428
62645.1832 lsst_hardware_z 5220.558760518406 93.95946748649713 31.690000534057617 AB 9.264549707176075 1.1770984720281308
62645.2081 lsst_hardware_i 10632.778464720102 112.69266340227394 32.0 AB 9.137666752985545 1.163861008298396
62651.1548 lsst_hardware_g 1962.7584505266689 46.69779431879942 31.389999389648438 AB 14.433803020623298 1.194258068891552
62651.1804 lsst_hardware_r 4924.686352849773 73.81918748159984 31.479999542236328 AB 14.461604471633436 1.1662584251317287
62653.1439 lsst_hardware_i 3877.8315922247225 69.75374675228846 31.229999542236328 AB 8.681990853538585 1.204493736617416
62653.1648 lsst_hardware_z 2125.9074508014314 63.07708521229353 30.940000534057617 AB 8.428190016119594 1.1735157360233353
62658.1624 lsst_hardware_r 3196.650542087742 61.81440730968035 31.479999542236328 AB 6.568188120845899 1.1657608591819495
62658.1841 lsst_hardware_i 3775.1134652653886 67.69391610241694 31.229999542236328 AB 6.33662011770097 1.1675384076344204
62673.0599 lsst_hardware_i 2434.6792895849735 58.25372490905059 31.219999313354492 AB 4.346345300764959 1.290195265533138
62673.0729 lsst_hardware_z 1736.9030688152504 60.399953905053046 30.93000030517578 AB 4.170570748448227 1.2455041805130755
62677.1254 lsst_hardware_r 1268.387252994664 42.18371853311815 31.459999084472656 AB 4.599678798466177 1.1646230658225998
62677.1459 lsst_hardware_u 9.489409609914063 3.658798296915813 28.25 AB 4.677529327965564 1.1800767777900678
62681.084 lsst_hardware_r 1119.5239902321143 40.4750149511257 31.469999313354492 AB 4.637803511099811 1.1781540736948277
62681.1071 lsst_hardware_i 1751.1501958156957 51.929369041386714 31.229999542236328 AB 4.56852657745881 1.163906393136294
62683.0888 lsst_hardware_z 1042.559807591822 53.66168495626125 30.93000030517578 AB 10.002535433537824 1.1687025354655787
62683.1099 lsst_hardware_r 1053.7716317637667 39.70880523668887 31.469999313354492 AB 9.96944077903736 1.1648811036849884
62689.0856 lsst_hardware_i 1373.2860957249563 49.29854419252881 31.229999542236328 AB 2.970819119190762 1.1638860408191034
62689.1088 lsst_hardware_z 929.051906140716 52.3428545301136 30.93000030517578 AB 3.031834447383134 1.1751296307686565
62696.0479 lsst_hardware_z 1.893163086125389 77.95999908447266 30.979999542236328 AB 8.405692969132817 1.1730510725867835
62696.0681 lsst_hardware_r -105.62768430225964 115.0999984741211 31.6299991607666 AB 8.325253538255884 1.163855663681227
62698.0526 lsst_hardware_y -34.152784734590895 77.58000183105469 30.760000228881836 AB 4.52536376011697 1.166030342725321
62699.9828 lsst_hardware_r -72.85165400041309 23.860000610351562 31.440000534057617 AB 2.5352636365963876 1.303812618460472
62699.9883 lsst_hardware_i -1.051948871430946 32.529998779296875 31.209999084472656 AB 2.664832799777855 1.2820942024430384
62703.0373 lsst_hardware_z 20.52318887696203 42.91999816894531 30.93000030517578 AB 6.509595537111001 1.166838144853046
62703.0562 lsst_hardware_r 15.951775317517145 23.389999389648438 31.469999313354492 AB 6.641577710191279 1.1651890719633822
62708.0041 lsst_hardware_g -3.1841087340408927 14.210000038146973 31.3700008392334 AB 10.894992394193697 1.1863444950303472
62708.0234 lsst_hardware_i -12.640708134869486 31.6299991607666 31.229999542236328 AB 10.684213230066204 1.1669721184060078
62710.0081 lsst_hardware_z 22.437955263666375 43.20000076293945 30.93000030517578 AB 5.285624104648794 1.1745831343663986
62710.0268 lsst_hardware_r 13.915513908049682 23.510000228881836 31.469999313354492 AB 5.238122301873844 1.1640271781941876
62712.0056 lsst_hardware_u -1.7916286064799796 2.569999933242798 28.270000457763672 AB 6.003648889995666 1.1718057071281858
62712.023 lsst_hardware_g 8.398725878842809 14.300000190734863 31.389999389648438 AB 5.942493207657588 1.1638825261044095
62720.9734 lsst_hardware_y -16.99072436172926 57.380001068115234 30.010000228881836 AB 3.8801581436538477 1.1798276377512606
62720.9915 lsst_hardware_z 94.90149511756704 59.25 30.969999313354492 AB 3.8577520298850994 1.1653373029231262
62729.9747 lsst_hardware_y 82.97923772084353 55.4900016784668 30.010000228881836 AB 4.662817718102556 1.1638616485820508
62729.9919 lsst_hardware_i 35.63254342135504 32.189998626708984 31.239999771118164 AB 4.694134590931737 1.170607129908164
62731.9765 lsst_hardware_y 55.97680558687057 53.04999923706055 30.020000457763672 AB 3.3373972401265433 1.165021145029047
62731.9974 lsst_hardware_r -6.970281953402043 24.18000030517578 31.489999771118164 AB 3.448263250045031 1.182261685729725
62938.3818 lsst_hardware_z -73.36889850583987 63.75 30.969999313354492 AB 16.65663733469906 1.1756104975614257
62938.4005 lsst_hardware_y -101.88019021647187 63.369998931884766 30.020000457763672 AB 16.514897103606778 1.1641276638781037
62940.3836 lsst_hardware_r -31.157704546333477 59.400001525878906 31.610000610351562 AB 11.33903522854009 1.1691836391658352
62940.4015 lsst_hardware_y 10.495918050323446 58.45000076293945 30.020000457763672 AB 11.27081214306508 1.1639693427264155
62942.3856 lsst_hardware_r 23.324597711612437 31.020000457763672 31.549999237060547 AB 10.597411365663199 1.1651909143115116
62942.4048 lsst_hardware_y -28.99584981827111 58.31999969482422 30.020000457763672 AB 10.602066406718011 1.1668574077391471
62945.3821 lsst_hardware_g 6.301613262530815 14.859999656677246 31.43000030517578 AB 6.577069672105941 1.1640144543872235
62945.4012 lsst_hardware_z -78.96487743290626 45.95000076293945 30.950000762939453 AB 6.644905028850314 1.169808995161724
62949.3847 lsst_hardware_r -0.009560473883497582 23.709999084472656 31.489999771118164 AB 7.841377394462973 1.1663509436952482
62949.4035 lsst_hardware_y 34.03200112560812 51.2400016784668 30.010000228881836 AB 8.012037203198664 1.183986582414462
62951.3053 lsst_hardware_g 9.774529009578377 14.4399995803833 31.3799991607666 AB 8.09790647843277 1.264047007404023
62951.3222 lsst_hardware_i -8.657661442324818 32.08000183105469 31.229999542236328 AB 7.67968527583915 1.2160379936407395
62953.3594 lsst_hardware_z 157.96839613452678 43.47999954223633 30.940000534057617 AB 9.269769597300042 1.1641539179462546
62953.3773 lsst_hardware_r 6.6526570399884255 23.59000015258789 31.479999542236328 AB 8.642957417151926 1.1683619354041335
62955.3557 lsst_hardware_u 0.43085803031106334 2.819999933242798 28.479999542236328 AB 7.327567650248258 1.163906546870587
62955.3742 lsst_hardware_g -4.22081253994777 14.460000038146973 31.420000076293945 AB 7.465819143651793 1.1700382620324086
62957.3503 lsst_hardware_r -12.31455735589804 23.489999771118164 31.479999542236328 AB 7.07506083120356 1.163900609698318
62957.3699 lsst_hardware_i 4.426090297808638 31.790000915527344 31.239999771118164 AB 7.064691618194743 1.1709595356059892
62959.3535 lsst_hardware_z 25.447438232822346 43.099998474121094 30.93000030517578 AB 6.704418195056685 1.1648040877469266
62959.3711 lsst_hardware_r 16.479378837093396 23.459999084472656 31.459999084472656 AB 6.722076120664917 1.1775040281436513
62961.3513 lsst_hardware_z 24.95456964132008 49.7599983215332 30.950000762939453 AB 8.922222124937937 1.166049504457147
62961.3697 lsst_hardware_r -9.397472080233442 23.420000076293945 31.459999084472656 AB 9.004219052354914 1.182561328972976
62963.3167 lsst_hardware_z -38.05525435122455 68.30999755859375 30.969999313354492 AB 9.820345074707866 1.1725085158746182
62963.3347 lsst_hardware_i -28.60505452661425 76.4000015258789 31.309999465942383 AB 9.440485953522016 1.163839727981521
62964.3201 lsst_hardware_z -153.18680340069727 75.69999694824219 30.979999542236328 AB 11.610693961955674 1.1678428849281506
62964.3396 lsst_hardware_r -104.10208980624652 111.30999755859375 31.6299991607666 AB 10.803454822713352 1.1647301841101128
62967.3221 lsst_hardware_y -99.6343338501182 60.2599983215332 30.020000457763672 AB 4.174618307490737 1.1640081718030726
62967.3394 lsst_hardware_r 34.4826937969673 100.18000030517578 31.6299991607666 AB 4.901400173002673 1.1685766922838765
62969.3207 lsst_hardware_i -87.99477264946452 48.4900016784668 31.290000915527344 AB 14.18163800258968 1.1638284825410068
62969.3379 lsst_hardware_z 33.3992911377126 51.790000915527344 30.959999084472656 AB 13.689576127912984 1.1716013631659878
62971.3247 lsst_hardware_r 45.85237250345236 29.760000228881836 31.530000686645508 AB 11.525044665080888 1.166384441360276
62971.342 lsst_hardware_g -2.4235975900961058 23.829999923706055 31.549999237060547 AB 11.62054216776086 1.1820305327800504
62974.2922 lsst_hardware_u 6.1149799564378755 2.759999990463257 28.43000030517578 AB 15.065967189152301 1.1682213925601754
62974.3099 lsst_hardware_r -8.759168248989393 23.670000076293945 31.489999771118164 AB 15.005541746983088 1.1641603424198936
62976.2947 lsst_hardware_i -17.2546980675332 31.950000762939453 31.239999771118164 AB 4.092556101169765 1.1645879348834998
62976.3122 lsst_hardware_z 94.36736305194223 43.369998931884766 30.940000534057617 AB 4.102913949307452 1.1669819244297093
62982.2009 lsst_hardware_g 7.181626917716208 14.319999694824219 31.329999923706055 AB 8.64075391313026 1.3455799706401992
62982.2194 lsst_hardware_r 6.2358077474215925 23.940000534057617 31.450000762939453 AB 7.498739641430619 1.2683930381310249
62985.2575 lsst_hardware_r 8.87372623633863 23.739999771118164 31.479999542236328 AB 12.42521367129194 1.1717478000086705
62985.2775 lsst_hardware_i -60.625490403331675 31.850000381469727 31.229999542236328 AB 12.340428617146026 1.163861984074887
62989.2103 lsst_hardware_z 75.56574919061025 51.220001220703125 30.950000762939453 AB 14.729593472302527 1.236984027570685
62989.2318 lsst_hardware_r 5.936854862333297 52.630001068115234 31.600000381469727 AB 14.115946296672533 1.1899137062018488
62996.1564 lsst_hardware_y -3.1647314855229514 58.9900016784668 29.950000762939453 AB 9.600462853373639 1.3783866264715
62996.1815 lsst_hardware_r 152.87037926994395 89.51000213623047 31.600000381469727 AB 7.944577230443434 1.2672798261993035
63001.2231 lsst_hardware_r -4.2300406802813795 23.920000076293945 31.479999542236328 AB 7.5716172606299645 1.1657609331223964
63001.2433 lsst_hardware_g -11.442215004267023 14.739999771118164 31.420000076293945 AB 7.484827596619365 1.166648453777595
63004.1695 lsst_hardware_i 9.351841229289914 32.45000076293945 31.229999542236328 AB 9.192572659945405 1.2365580656369928
63004.1915 lsst_hardware_z -1.826016510519435 43.22999954223633 30.940000534057617 AB 8.806656177191694 1.188883722874343
63008.2114 lsst_hardware_r 22.454706584938304 23.959999084472656 31.479999542236328 AB 5.523022207221282 1.1638849832582079
63008.2321 lsst_hardware_u -2.3324309653067177 2.640000104904175 28.309999465942383 AB 5.59709750996906 1.1722079325566113
63014.1655 lsst_hardware_r 8.905840327868203 24.09000015258789 31.489999771118164 AB 8.470233448965653 1.1868890140777721
63014.1865 lsst_hardware_i -74.78635405559504 32.08000183105469 31.239999771118164 AB 8.822612851565308 1.1662666529201475
63016.1713 lsst_hardware_z 34.91735893442039 45.61000061035156 30.950000762939453 AB 14.547316727202007 1.1731707038066135
63016.1944 lsst_hardware_r 24.006478800521585 30.709999084472656 31.540000915527344 AB 14.434093544176047 1.1640398019496812
63021.1716 lsst_hardware_i 43.9453311510583 104.91000366210938 31.31999969482422 AB 13.377791627930272 1.1646703294869396
63021.1943 lsst_hardware_z 12.882749484960229 88.72000122070312 30.979999542236328 AB 13.421432361736091 1.1702866426939957
63023.1666 lsst_hardware_r 127.64527522751825 131.50999450683594 31.6299991607666 AB 6.549991674225749 1.1645464795494267
63023.1875 lsst_hardware_z 68.00312121808324 88.55999755859375 30.979999542236328 AB 6.3141390058538125 1.1692850010840392
63037.1267 lsst_hardware_z 1.993868564031974 43.290000915527344 30.940000534057617 AB 3.4365168656329717 1.1650526157643706
63037.1539 lsst_hardware_r -26.5471376424073 23.780000686645508 31.479999542236328 AB 3.4544381420376773 1.1731168696075427
63047.0781 lsst_hardware_z 50.3016884569643 54.88999938964844 30.959999084472656 AB 3.809858529230563 1.1830327946892678
63047.1006 lsst_hardware_r 66.54116827797347 60.810001373291016 31.610000610351562 AB 4.136371931948542 1.1646830724900863
63049.0932 lsst_hardware_y -54.19997561192721 87.23999786376953 30.770000457763672 AB 10.222947977578784 1.165318182716647
63052.0869 lsst_hardware_r -101.38937401737402 110.22000122070312 31.6299991607666 AB 4.298513491463364 1.1646983809962148
63052.1116 lsst_hardware_i 71.7079517752827 86.66999816894531 31.31999969482422 AB 4.317691557388413 1.1719057877648817
63057.0793 lsst_hardware_z 63.9445134690392 42.93000030517578 30.940000534057617 AB 9.759030336754755 1.163832961063147
63061.9747 lsst_hardware_r 70.155115447793 24.469999313354492 31.43000030517578 AB 9.095738779318712 1.3867921804160361
63067.0736 lsst_hardware_u -3.9398470417535068 3.869999885559082 29.15999984741211 AB 3.2924057849656116 1.1747054803195476
63067.1034 lsst_hardware_g -2.2402573452246792 20.190000534057617 32.119998931884766 AB 3.956948186573246 1.2278807953990696
63069.0556 lsst_hardware_r -40.7802266276642 23.549999237060547 31.479999542236328 AB 6.007175738225008 1.1657251020197954
63069.0785 lsst_hardware_i -14.184847571404612 32.02000045776367 31.229999542236328 AB 6.1505158093183505 1.1878933514424161
63072.0508 lsst_hardware_z 41.38820352244805 43.439998626708984 30.940000534057617 AB 5.486870698884478 1.1674192976349953
63072.0707 lsst_hardware_r 9.72645202293353 25.06999969482422 31.489999771118164 AB 5.585944717044005 1.1884988759668096
63073.0092 lsst_hardware_r 26.719190767707012 28.31999969482422 31.510000228881836 AB 10.800115963494521 1.1802975443693697
63073.0285 lsst_hardware_z 31.083871127709433 44.310001373291016 30.93000030517578 AB 10.692273877690806 1.165031839359039
63079.0113 lsst_hardware_z 123.61688437673054 67.47000122070312 30.969999313354492 AB 4.249539402857542 1.1653215912772055
63079.0304 lsst_hardware_r 85.65362797494173 93.31999969482422 31.6200008392334 AB 4.298375550565275 1.1667158246275346
63081.0214 lsst_hardware_y -164.8156551801508 109.87000274658203 31.520000457763672 AB 2.4981350373938462 1.1651749241575775
63084.9749 lsst_hardware_y 60.995162166153 50.869998931884766 30.0 AB 3.729332605508502 1.1822886839824056
63084.9958 lsst_hardware_z 48.71805416012185 43.189998626708984 30.93000030517578 AB 3.705128184977915 1.1650125306502195
63092.978 lsst_hardware_y 87.08906560909014 50.97999954223633 30.010000228881836 AB 5.217024472782283 1.164059680433376
63093.0037 lsst_hardware_r -1.2661477224996402 23.8799991607666 31.479999542236328 AB 4.752508459101709 1.1758541372182123
63093.9732 lsst_hardware_y -22.019712392575553 58.529998779296875 30.020000457763672 AB 7.037954582441914 1.1644531076177886
63093.992 lsst_hardware_g 24.979307544029655 14.9399995803833 31.420000076293945 AB 7.018543744646036 1.1681996911861716
