data/validation/pwv_sim_epoch_fit_seasonal/8121894.ecsv
# %ECSV 0.9
# ---
# datatype:
# - {name: time, datatype: float64}
# - {name: band, datatype: string}
# - {name: flux, datatype: float64}
# - {name: fluxerr, datatype: float64}
# - {name: zp, datatype: float64}
# - {name: zpsys, datatype: string}
# - {name: pwv, datatype: float64}
# - {name: airmass, datatype: float64}
# meta: {SNID: '8121894', alt: 1024.0, c: -0.03745334595441818, dec: -25.282602, lat: -30.244573, lon: -70.7499537, ra: 9.316406, t0: 60935.6015625,
#   x0: 2.3658856025728888e-06, x1: 0.9157758951187134, z: 0.8320325016975403}
# schema: astropy-2.0
time band flux fluxerr zp zpsys pwv airmass
[from data line 133]
61276.1664 lsst_hardware_r 130.74019369813252 60.599998474121094 31.56999969482422 AB 3.777265076312441 1.3572637715819047
61278.1495 lsst_hardware_i -90.07366056176825 75.08000183105469 31.25 AB 3.106793429168006 1.4418905147747552
61278.1674 lsst_hardware_z 18.666923238421344 67.87000274658203 30.950000762939453 AB 2.8029199802297926 1.3157704401972543
61280.1506 lsst_hardware_i 133.17018182735785 107.02999877929688 31.280000686645508 AB 5.42683027804885 1.3914949430894488
61280.1679 lsst_hardware_z 111.12453218518493 88.31999969482422 30.969999313354492 AB 5.508258908421117 1.2809904438188644
61281.1484 lsst_hardware_z -83.22997136765379 91.61000061035156 30.959999084472656 AB 7.215764253461396 1.3876469718194993
61281.1662 lsst_hardware_r 46.039614628885516 131.8300018310547 31.610000610351562 AB 6.6315340017182915 1.2752950003304406
61286.1597 lsst_hardware_i 36.343110046052765 32.38999938964844 31.219999313354492 AB 1.7333961702392306 1.2381401215994505
61286.1783 lsst_hardware_r -26.84297562663629 23.469999313354492 31.479999542236328 AB 1.5954884838809424 1.1585998067516678
61296.1659 lsst_hardware_u 3.2220023206469235 2.809999942779541 28.489999771118164 AB 3.980595693397966 1.1097025977647224
61296.1833 lsst_hardware_g -3.5696277299786177 14.470000267028809 31.450000762939453 AB 2.324779323955424 1.0662494988329418
61303.1711 lsst_hardware_z 88.9751055255112 44.75 30.959999084472656 AB 6.53139906596239 1.052560181453187
61303.1898 lsst_hardware_i 10.83238107064624 37.720001220703125 31.290000915527344 AB 6.4154024533589915 1.0245791668703972
61305.1773 lsst_hardware_z -42.515650388680285 72.08000183105469 31.729999542236328 AB 2.33754670833086 1.0336266674025467
61307.1696 lsst_hardware_r 118.52909606341274 90.36000061035156 31.65999984741211 AB 3.9147152984694635 1.0368733408739144
61307.1866 lsst_hardware_i 31.642709901040995 72.2699966430664 31.329999923706055 AB 3.809254366363979 1.016614455928302
61309.1764 lsst_hardware_z -4.323286459114865 120.81999969482422 31.75 AB 3.4450650388425723 1.021264339577869
61313.0954 lsst_hardware_r 33.31650557876396 30.520000457763672 31.530000686645508 AB 4.5990343467013215 1.195019967961887
61313.1149 lsst_hardware_i 100.11767474391107 44.38999938964844 31.280000686645508 AB 4.305548926458302 1.1235041885206607
61315.0777 lsst_hardware_i -89.82271166225638 32.619998931884766 31.219999313354492 AB 6.10160076323725 1.252316848116835
61315.0974 lsst_hardware_z 20.203686517877735 43.189998626708984 30.940000534057617 AB 5.266937905034461 1.1650369559523766
61317.1003 lsst_hardware_u 2.0876280732029215 2.6600000858306885 28.360000610351562 AB 2.384245551429414 1.135355024490197
61317.1209 lsst_hardware_g -1.6420368355586412 14.319999694824219 31.420000076293945 AB 2.2627858080381276 1.0775170514467274
61319.1023 lsst_hardware_r 27.16895091541858 23.329999923706055 31.5 AB 3.8265393960258827 1.1120428352299079
61319.1208 lsst_hardware_i -36.09610816000342 30.84000015258789 31.25 AB 3.633587881935266 1.0656203769301003
61321.095 lsst_hardware_z 16.156172424915635 42.52000045776367 30.950000762939453 AB 10.896630478272938 1.1175267138932714
61321.1147 lsst_hardware_u 1.2820333118641352 2.75 28.469999313354492 AB 10.357669493298491 1.066975997248973
61328.1059 lsst_hardware_r 4.132668056667183 23.1200008392334 31.5 AB 6.492016380232955 1.0470994161666056
61328.1241 lsst_hardware_u -0.6101100433198444 2.7799999713897705 28.510000228881836 AB 6.334633505658699 1.0217150815578546
61330.1001 lsst_hardware_g 5.920766682433405 19.399999618530273 31.549999237060547 AB 7.2101820236528775 1.0476870130271387
61330.1197 lsst_hardware_r -6.322990169487668 25.850000381469727 31.540000915527344 AB 7.039203068784635 1.0205934420585066
61332.1034 lsst_hardware_i -6.858773741457371 36.9900016784668 31.290000915527344 AB 4.3656432227626 1.0338797077845807
61332.1218 lsst_hardware_z 25.262161783082703 43.709999084472656 30.959999084472656 AB 4.2727900034032 1.013690517009122
61333.9954 lsst_hardware_y 84.16625312110357 75.69000244140625 29.940000534057617 AB 4.912350991762519 1.4517118628072265
61334.0149 lsst_hardware_z 69.71434633596982 56.47999954223633 30.950000762939453 AB 4.362283579803586 1.3133474574148989
61336.9971 lsst_hardware_y 89.41199205273625 88.83999633789062 29.940000534057617 AB 5.035988192123779 1.3762350733410813
61337.0162 lsst_hardware_z -9.351309828274294 78.19999694824219 30.959999084472656 AB 3.600657788842148 1.2597420760402862
61340.0004 lsst_hardware_y 6.757327743178839 74.18000030517578 29.979999542236328 AB 5.577471596799451 1.3020827820239491
61340.0182 lsst_hardware_i 15.675365938433522 59.119998931884766 31.290000915527344 AB 5.187429928815524 1.2102255063727017
61342.0016 lsst_hardware_y 63.79349610157075 73.30000305175781 30.0 AB 4.010942118541824 1.264749459283737
61342.0205 lsst_hardware_r -25.92588370831972 23.479999542236328 31.489999771118164 AB 3.737413847422665 1.177385439700514
61343.0032 lsst_hardware_y -62.05893737659074 69.87999725341797 30.0 AB 5.6444144594491235 1.242442099812706
61343.0211 lsst_hardware_g 9.848516695964522 14.5 31.420000076293945 AB 5.2461834370518305 1.1644600048947766
61355.0141 lsst_hardware_y -177.4567343202803 58.560001373291016 30.040000915527344 AB 7.623705531413024 1.084813195192291
61355.0316 lsst_hardware_r -16.030477185041462 22.700000762939453 31.5 AB 7.352423297269165 1.0481002562037298
61358.0167 lsst_hardware_y 41.52567503282924 55.630001068115234 30.049999237060547 AB 6.446408274966879 1.0607006622735382
61358.0332 lsst_hardware_z -35.70476519389108 41.25 30.950000762939453 AB 6.327416887072717 1.032766630098833
61360.0186 lsst_hardware_y 95.07772695766668 54.54999923706055 30.049999237060547 AB 6.897331129479805 1.046966966716307
61360.0365 lsst_hardware_z -16.667575933800066 41.939998626708984 30.950000762939453 AB 6.655057968141069 1.0219552833539296
