data/validation/pwv_sim_epoch_fit_seasonal/831872.ecsv
# %ECSV 0.9
# ---
# datatype:
# - {name: time, datatype: float64}
# - {name: band, datatype: string}
# - {name: flux, datatype: float64}
# - {name: fluxerr, datatype: float64}
# - {name: zp, datatype: float64}
# - {name: zpsys, datatype: string}
# - {name: pwv, datatype: float64}
# - {name: airmass, datatype: float64}
# meta: {SNID: '831872', alt: 1024.0, c: -0.07576517760753632, dec: -8.687297, lat: -30.244573, lon: -70.7499537, ra: 197.753906, t0: 61534.15625,
#   x0: 1.248690810728398e-05, x1: -1.3636988401412964, z: 0.41906630992889404}
# schema: astropy-2.0
time band flux fluxerr zp zpsys pwv airmass
[from data line 133]
61834.3062 lsst_hardware_i 30.297304436425648 31.700000762939453 31.239999771118164 AB 10.485114748879262 1.076408392390719
61834.3272 lsst_hardware_z -51.581112979251735 42.5 30.940000534057617 AB 10.619988064930899 1.0942800685142606
61836.3005 lsst_hardware_r -21.81225220041005 24.229999542236328 31.489999771118164 AB 9.657696748528668 1.0763063355097144
61836.3203 lsst_hardware_u 3.94895627286139 2.680000066757202 28.350000381469727 AB 9.718999941322842 1.0924725476401838
61840.2712 lsst_hardware_r 122.65471820673996 109.69000244140625 31.649999618530273 AB 9.463487760026643 1.075243602900343
61840.2905 lsst_hardware_i -61.03428868605864 86.37999725341797 31.329999923706055 AB 9.549943113527918 1.0767070734470336
61843.2461 lsst_hardware_z 77.02007304126032 92.05000305175781 30.989999771118164 AB 12.258933848814587 1.0860387454376992
61843.2685 lsst_hardware_r -203.81589901881713 130.77000427246094 31.649999618530273 AB 11.69544226197898 1.074175357384755
61845.2745 lsst_hardware_i 102.20356194711489 60.36000061035156 31.31999969482422 AB 8.092488896513203 1.0757473719221733
61845.2945 lsst_hardware_z -45.41092684902304 58.150001525878906 30.969999313354492 AB 8.387962744653533 1.0909988395387027
61847.2662 lsst_hardware_r 63.8148722690564 39.349998474121094 31.59000015258789 AB 6.795735321812595 1.0748777331912154
61847.2864 lsst_hardware_z -11.021677494679924 45.970001220703125 30.950000762939453 AB 6.8445588150516405 1.0880498328293198
61849.267 lsst_hardware_g -37.12365213669136 20.760000228881836 31.549999237060547 AB 5.361301218939107 1.0772154347878398
61849.2867 lsst_hardware_r 15.5891287557644 27.860000610351562 31.530000686645508 AB 5.446033178035951 1.0948634299955002
61851.2647 lsst_hardware_i -18.269219941115885 32.040000915527344 31.25 AB 5.710526050467533 1.0789846103859297
61851.2839 lsst_hardware_z 38.56673945051209 42.90999984741211 30.940000534057617 AB 5.729712916118613 1.0984879056975705
61853.2367 lsst_hardware_z -16.805978985671633 42.380001068115234 30.940000534057617 AB 6.397805758545505 1.0749603626791662
61853.2554 lsst_hardware_r 73.51729728222739 24.770000457763672 31.510000228881836 AB 6.58713374228059 1.0768862552432779
61855.1979 lsst_hardware_r -10.18440704417655 25.020000457763672 31.5 AB 8.147998269760917 1.1062132782406096
61855.2149 lsst_hardware_i -51.891634172120874 32.40999984741211 31.25 AB 7.061263817293304 1.0845545931410827
61857.1882 lsst_hardware_z -9.840521530516417 42.86000061035156 30.940000534057617 AB 7.9658794005015645 1.1135898509554683
61857.2058 lsst_hardware_i -22.965693740289222 32.209999084472656 31.25 AB 7.742990065974759 1.0881608749671747
61859.2513 lsst_hardware_u -0.680601471384039 2.7699999809265137 28.389999389648438 AB 7.244017545215539 1.0856798039489448
61859.2699 lsst_hardware_g 13.859601804636371 15.819999694824219 31.440000534057617 AB 7.4187071894178285 1.1109868374663232
61861.2458 lsst_hardware_r -2.9738667995405357 24.959999084472656 31.510000228881836 AB 4.570369753230787 1.085641494888359
61861.2639 lsst_hardware_i 46.25716945381503 32.540000915527344 31.239999771118164 AB 5.22457883528848 1.1100379961661078
61863.2138 lsst_hardware_i -21.009551961307526 31.950000762939453 31.239999771118164 AB 7.700799802494144 1.0741804718223105
61863.232 lsst_hardware_z -14.439337835308486 42.2400016784668 30.940000534057617 AB 7.696668606531198 1.0790226561798726
61867.213 lsst_hardware_r 24.079680362368983 66.69000244140625 31.639999389648438 AB 9.318517106900416 1.0752652077773288
61867.231 lsst_hardware_i -3.2717495204666918 57.119998931884766 31.31999969482422 AB 9.392641627553552 1.0872161621553258
61873.1168 lsst_hardware_r -341.5209873666183 146.3300018310547 32.810001373291016 AB 8.562887179554634 1.1839047636866524
61873.1342 lsst_hardware_i 49.48433515604035 69.04000091552734 31.309999465942383 AB 9.675637655650156 1.1350831153368057
61875.2067 lsst_hardware_z -50.11881432424958 68.94000244140625 31.719999313354492 AB 10.739640871306918 1.0848122092229209
61877.1878 lsst_hardware_g 25.67034506262112 24.489999771118164 31.600000381469727 AB 14.6846296404527 1.0759941117752483
61877.2042 lsst_hardware_r 28.702128336196278 32.97999954223633 31.56999969482422 AB 14.848719545504393 1.0877385939128557
61882.1919 lsst_hardware_g 9.827608308607331 15.899999618530273 31.459999084472656 AB 10.096843410337621 1.089195621395644
61882.212 lsst_hardware_r -18.46841785859902 25.1200008392334 31.5 AB 9.359025261608997 1.120215280275574
61884.1595 lsst_hardware_r -13.823174438153082 24.579999923706055 31.510000228881836 AB 10.25034004791833 1.074083833173355
61884.1776 lsst_hardware_i -4.150880115746014 31.899999618530273 31.25 AB 8.560686460270972 1.0810312489292733
61886.1565 lsst_hardware_z 48.62537223424713 42.560001373291016 30.940000534057617 AB 9.371942915734225 1.0742713108361102
61886.1746 lsst_hardware_u 0.5654884817219562 2.8499999046325684 28.459999084472656 AB 6.945080716029479 1.0829831536918166
61887.0676 lsst_hardware_g 7.1802295620081935 15.59000015258789 31.389999389648438 AB 5.018490019300267 1.2240219559268946
61887.0779 lsst_hardware_r 0.5963872208076041 25.18000030517578 31.479999542236328 AB 4.863204622169314 1.186147468821784
61890.1589 lsst_hardware_i 4.491199680759018 32.13999938964844 31.25 AB 11.316600601242715 1.0794163106870198
61890.1767 lsst_hardware_z -26.81798632726203 42.83000183105469 30.940000534057617 AB 11.9886634534407 1.0974776973993288
61893.1126 lsst_hardware_g -36.62235082772087 27.889999389648438 31.6299991607666 AB 14.290415074744384 1.0832637261025155
61893.1325 lsst_hardware_r -44.00448240404529 31.920000076293945 31.56999969482422 AB 12.141970693226968 1.0741304576456978
61894.1667 lsst_hardware_i 17.558863180605083 42.38999938964844 31.290000915527344 AB 10.030177775095384 1.0987761160207463
61894.1797 lsst_hardware_r 32.38780531853159 41.349998474121094 31.59000015258789 AB 10.399226690780026 1.1211499855296236
61898.1498 lsst_hardware_r 5.330713910232206 149.3000030517578 31.649999618530273 AB 10.662377487225163 1.091003528826921
61898.1685 lsst_hardware_i -162.48716183186917 120.33999633789062 31.329999923706055 AB 9.874821524703512 1.1205895097350456
61900.1176 lsst_hardware_i -40.673777399588914 97.19999694824219 31.34000015258789 AB 7.986650045738529 1.0741963746790895
61900.1373 lsst_hardware_z 67.80999767713178 82.30999755859375 30.989999771118164 AB 7.58014671707591 1.0837812534839857
61909.0826 lsst_hardware_g 3.0402044190736537 15.289999961853027 31.440000534057617 AB 8.751519777888513 1.0753014143866946
61909.1028 lsst_hardware_r -7.2080289524670045 24.329999923706055 31.5 AB 8.643769965636562 1.0770270031009037
61911.0792 lsst_hardware_i -9.47770579053117 31.760000228881836 31.260000228881836 AB 7.62854498314473 1.0747457006402832
61911.0996 lsst_hardware_r 27.288680210540676 24.43000030517578 31.520000457763672 AB 7.707467304878279 1.0782187882786434
61919.0473 lsst_hardware_z 160.99130624297862 60.060001373291016 31.700000762939453 AB 10.42411067116642 1.0790446323861693
61919.0668 lsst_hardware_u -5.916979887598043 3.990000009536743 29.219999313354492 AB 10.36106246538746 1.0743253716346488
61947.9648 lsst_hardware_y -103.40269135708768 49.130001068115234 30.030000686645508 AB 8.306893423624462 1.0813451475688933
61947.9858 lsst_hardware_r -13.214125938660132 25.739999771118164 31.520000457763672 AB 8.181709633232083 1.0741380639663727
61956.9582 lsst_hardware_y -24.625832676101282 65.56999969482422 30.049999237060547 AB 6.062271196597796 1.074109000105917
61956.9812 lsst_hardware_z -3.8626653979777017 60.38999938964844 30.979999542236328 AB 7.08624110760004 1.0833850591311056
