data/validation/pwv_sim_epoch_fit_seasonal/838778.ecsv
# %ECSV 0.9
# ---
# datatype:
# - {name: time, datatype: float64}
# - {name: band, datatype: string}
# - {name: flux, datatype: float64}
# - {name: fluxerr, datatype: float64}
# - {name: zp, datatype: float64}
# - {name: zpsys, datatype: string}
# - {name: pwv, datatype: float64}
# - {name: airmass, datatype: float64}
# meta: {SNID: '838778', alt: 1024.0, c: -0.032688140869140625, dec: -1.64151, lat: -30.244573, lon: -70.7499537, ra: 192.65625, t0: 62928.0859375,
#   x0: 6.715301198771842e-05, x1: 0.961005449295044, z: 0.20187583565711975}
# schema: astropy-2.0
time band flux fluxerr zp zpsys pwv airmass
62894.3616 lsst_hardware_z 74.72395592397392 43.900001525878906 30.940000534057617 AB 13.505175278117578 1.1437471123506353
62894.3787 lsst_hardware_y 131.7513010349485 69.36000061035156 30.030000686645508 AB 14.053262419145227 1.1371563465009389
62898.3604 lsst_hardware_r 5.6413861249637325 24.920000076293945 31.489999771118164 AB 13.397409553369252 1.1383965518639256
62898.3774 lsst_hardware_z -13.201387899796366 52.540000915527344 30.959999084472656 AB 13.144526459403924 1.139163814052989
62907.3364 lsst_hardware_i 506.79366780034314 94.75025107324824 31.31999969482422 AB 3.9010238124493815 1.1382096321093313
62907.3561 lsst_hardware_z 61.73798634186639 81.62406889693376 30.979999542236328 AB 3.881418364782612 1.1407827861909714
62909.3322 lsst_hardware_z 412.83628145390327 75.01875677363394 30.979999542236328 AB 6.8432652849874955 1.1378576059283627
62909.3496 lsst_hardware_r 1664.2112639972274 99.6698417496153 31.6299991607666 AB 7.039871821795695 1.1402140891017456
62911.3388 lsst_hardware_i 2502.4763472186733 67.11218474150695 31.290000915527344 AB 2.8098672943639067 1.13805884745401
62911.3564 lsst_hardware_z 1437.3562658102899 62.384960277331146 30.959999084472656 AB 2.781949206764903 1.1500410114778616
62913.2787 lsst_hardware_r 5711.24183214459 80.55963864455336 31.520000457763672 AB 5.404453134955816 1.1907141633215177
62913.2945 lsst_hardware_z 2568.938418677018 66.72544665837492 30.940000534057617 AB 5.699435783279026 1.1608600278251802
62915.255 lsst_hardware_g 7078.339331405743 86.50385250550637 31.389999389648438 AB 5.96316953419419 1.2425858583442781
62915.2666 lsst_hardware_r 7785.291784467931 92.07212386067334 31.479999542236328 AB 5.765373388287018 1.2072816225080134
62920.3096 lsst_hardware_z 5931.726281879535 85.78063828562219 30.940000534057617 AB 12.530400506939493 1.137214730402459
62920.3269 lsst_hardware_r 14043.671940471304 121.37776798668015 31.5 AB 12.673434498885916 1.1452588558545018
62924.2976 lsst_hardware_i 11702.087149685107 112.23007388670919 31.239999771118164 AB 6.922996572070498 1.1371544960693984
62924.3165 lsst_hardware_z 5868.148028968832 86.8269903214226 30.940000534057617 AB 6.980236152329717 1.145709668006519
62926.3072 lsst_hardware_r 17584.28612151 134.55144776854846 31.489999771118164 AB 4.691419449801386 1.1426693471952716
62926.3243 lsst_hardware_u 325.25568682940406 19.00477937205495 28.389999389648438 AB 4.79949698430619 1.1614964669800951
62928.3035 lsst_hardware_g 15998.197776404311 127.84201374240132 31.420000076293945 AB 6.939946610231485 1.1439786714302145
62928.3213 lsst_hardware_r 17775.73520397832 135.5102334948882 31.489999771118164 AB 7.073717327081684 1.1653570555324027
62933.2734 lsst_hardware_z 5586.5298436876665 107.33889348191327 30.979999542236328 AB 11.257947343260717 1.1371663983091633
62933.2931 lsst_hardware_r 19435.041671948977 181.4872397699785 31.6299991607666 AB 10.969803847406174 1.14676928450978
62936.2686 lsst_hardware_z 5044.056924568205 119.58305438640132 30.989999771118164 AB 10.110734182455245 1.137582018559495
62936.2877 lsst_hardware_r 18025.39249992079 194.29536828695734 31.639999389648438 AB 10.183619705539508 1.149554926545998
62938.2685 lsst_hardware_i 10819.435761245913 122.25866327244121 31.309999465942383 AB 17.320122139509817 1.139281845696576
62938.2859 lsst_hardware_z 4653.593322762233 89.79411993146866 30.969999313354492 AB 17.44718736875125 1.1537618945080843
62940.2704 lsst_hardware_r 14686.05142369418 128.57257418349332 31.59000015258789 AB 9.950314765820524 1.143714340898911
62940.2894 lsst_hardware_z 3977.9067326421728 77.57449243838496 30.950000762939453 AB 10.150984900769158 1.1667798736516275
62942.2387 lsst_hardware_u 65.57784772461007 10.036627990786732 28.56999969482422 AB 9.38473907525653 1.13895920085639
62942.259 lsst_hardware_g 8878.2642895333 96.57577815138029 31.540000915527344 AB 9.00557772326624 1.1399465472488912
62945.234 lsst_hardware_r 10868.857576344886 106.57900085522657 31.520000457763672 AB 5.637640327101528 1.137825385155967
62945.253 lsst_hardware_i 7492.680379782238 92.43402293544409 31.25 AB 5.698807665559746 1.1411499321961214
62947.2338 lsst_hardware_z 2831.201038228729 68.12828393849165 30.950000762939453 AB 6.538558416313006 1.1371405941414179
62947.2527 lsst_hardware_r 9833.41556452483 101.9358720818191 31.520000457763672 AB 6.0359039823060945 1.144844038561526
62949.2356 lsst_hardware_u 34.450606268834896 7.300440602299459 28.440000534057617 AB 6.769512957347618 1.1382115102728334
62949.2537 lsst_hardware_r 9034.752282710317 97.49872007837051 31.5 AB 7.044629430030176 1.151192967199517
62951.1699 lsst_hardware_i 6812.420838028449 87.97651623968802 31.239999771118164 AB 8.876121500567947 1.203079698272024
62951.188 lsst_hardware_z 2948.821647417953 69.16363172448361 30.940000534057617 AB 8.606237146986677 1.165130595950271
62957.2119 lsst_hardware_i 6306.573160980792 85.68385955964949 31.25 AB 4.789017390695662 1.1377139825852856
62957.2298 lsst_hardware_z 3196.8141358832545 70.6855823065248 30.940000534057617 AB 4.875035584792924 1.1489596004696967
62959.2084 lsst_hardware_r 6641.676727435142 99.22395529521482 31.610000610351562 AB 8.122784493323453 1.1382427035660696
62959.2263 lsst_hardware_z 3426.683783576499 77.98287040431651 30.959999084472656 AB 8.252110311281063 1.15108248169634
62961.2057 lsst_hardware_r 6266.102070902021 128.1774876516721 31.6299991607666 AB 8.415085347671436 1.1392777671832803
62961.2228 lsst_hardware_i 6206.453337890155 114.86476880059229 31.309999465942383 AB 8.197886943197917 1.1533865229842775
62963.208 lsst_hardware_z 3615.846012569523 128.14231385496385 30.989999771118164 AB 11.717350404561696 1.14402112861546
62963.227 lsst_hardware_i 5986.6441548054245 161.11523212108676 31.31999969482422 AB 10.01863329511547 1.167446101586559
62967.1948 lsst_hardware_r 4598.080012663676 95.49267715933775 31.6200008392334 AB 3.7459437758001894 1.1423462594562204
62967.2112 lsst_hardware_i 4948.752843441734 90.34172106417066 31.299999237060547 AB 3.24737420043757 1.159776500156275
62969.1981 lsst_hardware_z 5541.138086385357 97.72955899097946 31.700000762939453 AB 11.429015450830109 1.1500896051149796
62974.1871 lsst_hardware_i 3424.441324461866 66.76247619491956 31.25 AB 14.875467218357105 1.1531369936710933
62974.2062 lsst_hardware_z 2182.898515461743 62.91548400188625 30.940000534057617 AB 15.290163145083854 1.1852839647351825
62976.1613 lsst_hardware_z 2030.0047502918997 61.19013222933163 30.950000762939453 AB 7.394221544925918 1.138039433345873
62976.179 lsst_hardware_i 3326.704950335073 65.14948996845635 31.25 AB 3.6836867818301324 1.1501038475858356
62978.1551 lsst_hardware_u 25.020932516457222 5.417077152415005 28.459999084472656 AB 11.543414933141133 1.1378427731041039
62978.1733 lsst_hardware_g 850.9423928918193 33.008960431082244 31.440000534057617 AB 10.664241528760185 1.1498454395126618
62985.1596 lsst_hardware_z 2521.733178350955 80.08547744997308 31.690000534057617 AB 9.507902021593774 1.1563625554554744
62989.1052 lsst_hardware_z 69.95530980068024 65.76000213623047 30.979999542236328 AB 15.125032240201838 1.1416411095748076
62989.1242 lsst_hardware_r -58.05583316750184 83.36000061035156 31.6299991607666 AB 14.954330513026715 1.1376440101199479
62992.1225 lsst_hardware_r -5.7162129934840005 142.8000030517578 31.639999389648438 AB 3.993647833702333 1.139956565281351
62992.1411 lsst_hardware_i -116.32443694951861 115.08999633789062 31.31999969482422 AB 4.154409542262898 1.1571902812644734
62994.1383 lsst_hardware_z -68.43006603953539 100.80999755859375 31.729999542236328 AB 11.468819089471612 1.16098791207892
63001.0685 lsst_hardware_g 5.799255646572569 15.260000228881836 31.43000030517578 AB 7.439193320438054 1.144491280067393
63001.0879 lsst_hardware_r 14.883035164267705 24.489999771118164 31.489999771118164 AB 7.5229801331454675 1.1371748368446648
63004.0353 lsst_hardware_i -42.80799751737418 32.54999923706055 31.229999542236328 AB 8.65281317852252 1.1797279798020097
63004.0551 lsst_hardware_u -1.5665023783567937 2.7200000286102295 28.3700008392334 AB 9.623931905373649 1.1493549250048147
63008.0421 lsst_hardware_u 2.200274252703127 2.6700000762939453 28.329999923706055 AB 5.797107839764882 1.1516479443287575
63008.0629 lsst_hardware_g -7.838493460240719 15.279999732971191 31.43000030517578 AB 5.708017990810888 1.137621921437089
63016.0422 lsst_hardware_g -52.133631769516626 45.369998931884766 31.65999984741211 AB 12.307981620311304 1.1374162850301872
63016.0608 lsst_hardware_r -7.198693235013429 50.0 31.600000381469727 AB 12.36500756069451 1.142211219869245
63018.035 lsst_hardware_i -56.44162488872076 77.37000274658203 31.309999465942383 AB 7.736729431981986 1.137754328232645
63018.0572 lsst_hardware_z -52.38797241466804 72.13999938964844 30.979999542236328 AB 8.360836316973412 1.1435446772554458
63021.0018 lsst_hardware_z -18.00261944637888 71.62999725341797 30.979999542236328 AB 13.055844661261794 1.1577323919094147
63021.0218 lsst_hardware_i -22.87515354128824 81.16000366210938 31.31999969482422 AB 12.84809898705187 1.1394788651167282
63023.0004 lsst_hardware_z 7.982282497101986 62.47999954223633 30.969999313354492 AB 5.090098434734113 1.1525186085665509
63023.0225 lsst_hardware_g -172.52279095607494 93.44999694824219 31.690000534057617 AB 5.005831155276801 1.1375165479344342
63032.9989 lsst_hardware_r -20.665699976386314 35.86000061035156 32.2599983215332 AB 10.441318031896936 1.1371507331623758
63033.0223 lsst_hardware_i 29.60118123647303 46.5 32.0 AB 10.524321595186716 1.148985217277199
63036.9601 lsst_hardware_y 16.269394922412253 51.88999938964844 30.010000228881836 AB 4.166000209958527 1.1550832375116893
63036.9795 lsst_hardware_g 17.52105127715067 16.15999984741211 31.450000762939453 AB 4.082926454742427 1.1388916191750966
63042.9598 lsst_hardware_y -5.427848752121845 53.150001525878906 30.020000457763672 AB 7.021911278492031 1.1404452175229998
63042.9814 lsst_hardware_i 83.0582478353066 35.34000015258789 31.260000228881836 AB 6.881412311074636 1.139118078310816
63044.9582 lsst_hardware_y 16.530337929392477 58.33000183105469 30.020000457763672 AB 7.98446277993474 1.138685507691777
63044.9776 lsst_hardware_i -127.71217175189352 50.36000061035156 31.290000915527344 AB 7.332821707413731 1.139875906639784
63046.959 lsst_hardware_y 12.605331325946338 64.19999694824219 30.030000686645508 AB 1.9134136661954608 1.1372443781247383
63046.9781 lsst_hardware_z -14.854649220618828 62.130001068115234 30.969999313354492 AB 1.9908454945572416 1.143616368342738
63048.9591 lsst_hardware_y 37.29025181816476 64.4800033569336 30.030000686645508 AB 10.578031557583687 1.137422748127278
63048.9787 lsst_hardware_i 27.05299960118276 63.7599983215332 31.309999465942383 AB 10.686457195776361 1.149081418900684
