data/validation/pwv_sim_epoch_fit_seasonal/8413886.ecsv
# %ECSV 0.9
# ---
# datatype:
# - {name: time, datatype: float64}
# - {name: band, datatype: string}
# - {name: flux, datatype: float64}
# - {name: fluxerr, datatype: float64}
# - {name: zp, datatype: float64}
# - {name: zpsys, datatype: string}
# - {name: pwv, datatype: float64}
# - {name: airmass, datatype: float64}
# meta: {SNID: '8413886', alt: 1024.0, c: -0.10808809101581573, dec: -16.64604, lat: -30.244573, lon: -70.7499537, ra: 79.628906, t0: 62863.6875,
#   x0: 8.743160088953996e-06, x1: -1.2525293827056885, z: 0.4864087998867035}
# schema: astropy-2.0
time band flux fluxerr zp zpsys pwv airmass
62775.3713 lsst_hardware_g -13.358237093113685 13.619999885559082 31.43000030517578 AB 4.3383527955154815 1.035406395111068
62775.3906 lsst_hardware_y -78.16873348094495 61.63999938964844 30.06999969482422 AB 4.367535242945707 1.0289869814926864
62777.3627 lsst_hardware_i -27.55767155350904 30.079999923706055 31.25 AB 3.0093239549426833 1.037697915497477
62777.3807 lsst_hardware_y 0.43014229538005827 48.630001068115234 30.059999465942383 AB 2.6902693156569772 1.0293084998049906
62779.3534 lsst_hardware_g 11.849681785496236 13.399999618530273 31.40999984741211 AB 7.911496605052358 1.040986395401626
62779.3719 lsst_hardware_y 11.894237367196894 47.25 30.049999237060547 AB 7.828023315350988 1.0300030678093406
62784.3728 lsst_hardware_z -2.5670140432333826 51.70000076293945 30.979999542236328 AB 3.0894507092766186 1.0298169030922062
62790.3508 lsst_hardware_z 63.307149184078085 53.400001525878906 30.979999542236328 AB 7.515489194201412 1.029013958107515
62790.3687 lsst_hardware_y 40.81842236073111 53.060001373291016 30.059999465942383 AB 7.579729229766109 1.0354231971904444
62795.324 lsst_hardware_i -37.58603533948104 31.280000686645508 31.260000228881836 AB 2.390439104574144 1.0314360956056858
62795.3421 lsst_hardware_r 3.7000176416438246 25.049999237060547 31.530000686645508 AB 2.587798377758574 1.0296621417521856
62797.2677 lsst_hardware_u -0.7500439628327723 2.609999895095825 28.3700008392334 AB 4.027285088531313 1.1012286900394803
62797.2842 lsst_hardware_g -3.748804304809141 13.319999694824219 31.399999618530273 AB 3.8162156053740923 1.0672241264156543
62798.3507 lsst_hardware_r 16.872041795687387 22.09000015258789 31.489999771118164 AB 3.7101131069581053 1.0382779217232903
62800.3263 lsst_hardware_z 32.88513033299186 40.68000030517578 30.959999084472656 AB 1.380600407800967 1.0292746579029877
62800.3441 lsst_hardware_r -32.98792606174645 22.059999465942383 31.5 AB 2.481918347915772 1.0373744400901868
62802.3273 lsst_hardware_u 2.691440790603765 2.7899999618530273 28.559999465942383 AB 2.9922525480917916 1.0309224971892479
62802.3445 lsst_hardware_g 20.122482416533106 13.460000038146973 31.43000030517578 AB 3.4747251553659506 1.0425217987896642
62808.303 lsst_hardware_i -44.97755873854485 29.899999618530273 31.260000228881836 AB 4.939691440423595 1.0291023834215824
62808.3216 lsst_hardware_r 30.10894750902481 22.09000015258789 31.5 AB 4.976987023040886 1.0368722964668513
62816.1692 lsst_hardware_z 69.8820980825184 76.7300033569336 30.969999313354492 AB 0.9915705873930082 1.276974355946699
62816.195 lsst_hardware_r 99.66239478211334 107.76000213623047 31.6299991607666 AB 0.8187670030258093 1.1630213111162064
62818.2753 lsst_hardware_i -28.838787637867686 65.70999908447266 31.329999923706055 AB 4.635943074144152 1.0290661651818318
62818.2941 lsst_hardware_z 98.24429932539587 61.650001525878906 30.979999542236328 AB 4.170215230796462 1.0367222450705131
62820.2409 lsst_hardware_i -30.501184451346134 50.650001525878906 31.309999465942383 AB 7.633207504318858 1.041507368579283
62820.2588 lsst_hardware_z -15.984695861970494 51.38999938964844 30.969999313354492 AB 4.708604894850582 1.0303292986543944
62821.2781 lsst_hardware_z 18.710829610600037 67.25 31.709999084472656 AB 6.035881555269155 1.0320282215106968
62832.2528 lsst_hardware_i -39.36231860544798 30.1299991607666 31.25 AB 4.525814055642999 1.0346097321112526
62832.2724 lsst_hardware_z -93.52151210119187 41.06999969482422 30.940000534057617 AB 4.6265884668138195 1.0539926265166746
62834.189 lsst_hardware_z 29.52524850688134 41.31179699062697 30.950000762939453 AB 4.620930855037469 1.057986153179508
62834.208 lsst_hardware_i -24.103622107084128 30.29284997818318 31.25 AB 4.485623142942073 1.0369784564095106
62837.2273 lsst_hardware_z -1.5803649441554382 40.839319940162326 30.950000762939453 AB 6.486630446067799 1.029623880328222
62837.2464 lsst_hardware_g -40.510908939923084 14.106514481476859 31.40999984741211 AB 6.5527891764179 1.0401252660980793
62839.229 lsst_hardware_r -5.09843106777441 34.01603613033703 31.59000015258789 AB 4.485521504803359 1.0320440620772755
62839.247 lsst_hardware_i 7.852657203714777 34.789562890415816 31.280000686645508 AB 4.530097028975662 1.0462117849827568
62843.1739 lsst_hardware_z 205.18972628803604 68.48728298321713 30.989999771118164 AB 4.687326210087087 1.0458112918533604
62843.1923 lsst_hardware_r 107.93362701909508 97.16599462388643 31.65999984741211 AB 4.606027700251925 1.0317006832235647
62850.1953 lsst_hardware_z 524.8841743507448 53.189228749731576 30.959999084472656 AB 8.220156686921845 1.0305768695363506
62850.2128 lsst_hardware_i 920.3130545991341 52.89714721971833 31.299999237060547 AB 8.41121679037653 1.0418777901521996
62852.1695 lsst_hardware_u 49.20802684354099 7.819791378234985 28.610000610351562 AB 8.751290169620557 1.0309786180585774
62852.1891 lsst_hardware_g 984.7164567508962 37.82343826898535 31.600000381469727 AB 8.823989129465533 1.0303383239621133
62854.1692 lsst_hardware_r 2262.7407964853937 53.333961959726096 31.510000228881836 AB 5.246386448933641 1.0295106846417765
62854.1894 lsst_hardware_i 1481.1912891898398 47.86185499684445 31.260000228881836 AB 5.426498801679894 1.0327008630448924
62856.1532 lsst_hardware_z 1215.1864660208637 53.28961599962782 30.950000762939453 AB 4.2818008133026595 1.0335024893320444
62856.1733 lsst_hardware_u 6.225353495887169 4.392597899341724 28.510000228881836 AB 4.872447193518495 1.0292452880267204
62859.1586 lsst_hardware_g 1376.585116215086 39.72347250103498 31.440000534057617 AB 6.385691594545511 1.0290788597632377
62859.1787 lsst_hardware_r 2995.508417997569 59.812059610645505 31.5 AB 6.760521016410111 1.034364628742619
62862.1337 lsst_hardware_r 3309.3754571618265 61.04441912350976 31.5 AB 5.012278428777517 1.0354342671646326
62862.1548 lsst_hardware_i 2071.405213361942 53.92618540616746 31.25 AB 4.975865146296479 1.0290280521758821
62864.1321 lsst_hardware_z 1498.805525921627 56.432711962798265 30.959999084472656 AB 7.373252881444055 1.0330904848773688
62864.1512 lsst_hardware_i 1959.488506039117 54.35734623362385 31.260000228881836 AB 7.306953587353464 1.0292087921619997
62867.1188 lsst_hardware_z 1600.6499474701948 58.35711225350414 30.959999084472656 AB 7.179122583567431 1.0363043272534336
62867.1402 lsst_hardware_g 1240.0402773115334 45.062454169480944 31.649999618530273 AB 7.165477758394095 1.0289808252398838
62869.1207 lsst_hardware_r 3127.647316999765 75.97038281442529 31.6299991607666 AB 4.392049835185821 1.0319665966132103
62869.1425 lsst_hardware_i 2110.5634726101302 64.56268964605046 31.309999465942383 AB 4.017052570267386 1.0302776533129996
62871.1301 lsst_hardware_z 3012.666466633954 97.1157812190512 31.729999542236328 AB 11.684496058566163 1.0290177066108466
62873.1184 lsst_hardware_z 1613.1157611856788 76.42984474538741 30.989999771118164 AB 9.035425165263296 1.0293164033830426
62873.1393 lsst_hardware_r 2763.4981526367565 111.90828104163009 31.65999984741211 AB 8.237422465046011 1.03366171264825
62875.1174 lsst_hardware_i 1741.184218692094 90.20253039572329 31.34000015258789 AB 6.760036533699553 1.0289640448570438
62875.1388 lsst_hardware_z 1242.1888499278011 78.12678886448231 30.989999771118164 AB 6.6364978380848205 1.0369527872007531
62880.0874 lsst_hardware_z 962.8474505663881 50.47338427357815 30.950000762939453 AB 7.019859247881749 1.033649638934193
62880.1073 lsst_hardware_i 1423.6685407080004 47.74263393840092 31.25 AB 7.06702285748566 1.0291780860416009
62882.0754 lsst_hardware_u -4.833623875124002 2.8471282842249335 28.440000534057617 AB 3.4783847470703786 1.0381688545203278
62882.0945 lsst_hardware_g 200.87119048030968 20.19934027176814 31.40999984741211 AB 3.8770596786896445 1.0292167981655493
62884.0721 lsst_hardware_r 975.8693410917123 38.26747929806271 31.510000228881836 AB 4.042367695642369 1.0365045373441972
62884.092 lsst_hardware_i 1150.0391305256928 45.57061785925735 31.260000228881836 AB 4.084001330161813 1.0289748879218477
62886.0711 lsst_hardware_z 694.9401578871015 48.807871592560474 30.950000762939453 AB 8.569839874802218 1.0336004673363144
62886.0908 lsst_hardware_u -4.835647235896211 3.793240084061854 28.5 AB 7.910400131828389 1.0291624825927324
62890.0718 lsst_hardware_i 830.7952112327476 41.24939639462581 31.25 AB 13.334864696735643 1.029341723826061
62890.0928 lsst_hardware_z 708.6794191673089 48.2267119871069 30.950000762939453 AB 13.409472140382778 1.0336114598736739
62892.0472 lsst_hardware_y 373.97402137493486 50.83403522003926 30.049999237060547 AB 12.370935365548073 1.0389050778670386
62892.0676 lsst_hardware_i 770.4489191930409 40.28229685259277 31.260000228881836 AB 12.284784267942841 1.0291637197383
62896.0448 lsst_hardware_y 258.9535294209599 51.50446787825215 30.059999465942383 AB 11.600203185853614 1.0330422132114536
62896.0641 lsst_hardware_i 627.6165258333705 42.28882586308744 31.280000686645508 AB 11.40276394818201 1.0292386937417004
62898.0498 lsst_hardware_z 1264.631868890722 76.78105111849818 31.719999313354492 AB 8.359652069461337 1.0293659042577632
62907.0237 lsst_hardware_y 152.90426010779163 71.51239342084621 30.079999923706055 AB 2.574154697951731 1.0296618791806924
62907.0422 lsst_hardware_r 228.83993590298772 46.05233420544993 31.6299991607666 AB 2.681971129830744 1.031527357627209
63142.338 lsst_hardware_z -1.2909736974351542 82.51000213623047 31.729999542236328 AB 3.1024822999407 1.0698214827381725
63146.3822 lsst_hardware_i 76.01053634112378 47.25 31.309999465942383 AB 4.013875166748709 1.0299470128081192
63148.3686 lsst_hardware_i 5.452833383859549 33.7400016784668 31.270000457763672 AB 2.979113785773749 1.0289956084647527
63150.3681 lsst_hardware_g 13.623265135629946 16.139999389648438 31.5 AB 4.456613427644107 1.0293004047909895
63152.3548 lsst_hardware_i -73.75020495022707 29.739999771118164 31.25 AB 5.6164047737054945 1.0292110635340836
63152.3723 lsst_hardware_y -21.17584223951077 49.189998626708984 30.049999237060547 AB 5.636340041154795 1.0323597364591088
63154.3492 lsst_hardware_u 1.9739365484812728 2.5999999046325684 28.389999389648438 AB 6.019271953471137 1.0292286041842924
63154.3678 lsst_hardware_z -38.487456522972224 41.5 30.950000762939453 AB 6.038859695783 1.0328427973745902
63156.352 lsst_hardware_r -2.2297129240964355 21.979999542236328 31.489999771118164 AB 5.019416637282962 1.0293423960522636
63156.37 lsst_hardware_y -10.082854348791082 49.65999984741211 30.049999237060547 AB 5.084205226289855 1.037875318377058
63158.3217 lsst_hardware_i 11.390232304539937 29.850000381469727 31.25 AB 3.937573959276789 1.036203673493892
63158.3397 lsst_hardware_z -27.031833523379472 40.54999923706055 30.950000762939453 AB 3.9156433446373162 1.0290784085775373
63160.3248 lsst_hardware_i -20.187284473927072 29.719999313354492 31.25 AB 2.3940334536382224 1.031392311469041
63160.3428 lsst_hardware_u 0.34182715506998274 2.569999933242798 28.3799991607666 AB 2.6015329699789675 1.0296644229607708
63162.3267 lsst_hardware_g -15.95914565318027 13.3100004196167 31.40999984741211 AB 3.268607063534993 1.029320441988661
63162.3451 lsst_hardware_r -32.46477525115463 22.09000015258789 31.5 AB 3.386984690877597 1.032407444892582
63164.3189 lsst_hardware_i -50.59271180128896 29.920000076293945 31.25 AB 3.885334882926124 1.0297733588460722
63164.3375 lsst_hardware_r 26.02311408351456 21.90999984741211 31.489999771118164 AB 3.816326316891521 1.0314395451058165
63167.32 lsst_hardware_z -5.228267922544211 50.880001068115234 30.969999313354492 AB 2.8883345873309425 1.029097833965894
63167.3373 lsst_hardware_g -93.33147649623946 43.88999938964844 31.700000762939453 AB 3.4562182652790443 1.0358813922609689
63169.3091 lsst_hardware_r 116.16346749318551 93.94999694824219 31.65999984741211 AB 4.609978368967347 1.0291278868104359
63169.3255 lsst_hardware_i -41.884647624800074 73.62999725341797 31.329999923706055 AB 4.623866768103123 1.0321707166925485
63171.3052 lsst_hardware_i 63.09929268278915 74.86000061035156 31.329999923706055 AB 5.624243817329313 1.0290133226803206
63171.3244 lsst_hardware_z 150.86661403204226 65.87999725341797 30.989999771118164 AB 5.670813281133563 1.0345682220506378
63180.2773 lsst_hardware_z 50.948380372308485 40.68000030517578 30.940000534057617 AB 9.784040894975611 1.029357274589866
63180.2951 lsst_hardware_i -9.617151981947483 30.309999465942383 31.25 AB 10.692862248331432 1.0319967425361902
63182.2787 lsst_hardware_u 2.744850658908982 2.5799999237060547 28.3700008392334 AB 4.21916918224358 1.0290656542057512
63182.2966 lsst_hardware_g 10.106234727460397 13.34000015258789 31.389999389648438 AB 3.826325618814842 1.0360554949631775
63185.275 lsst_hardware_r -21.985594265402295 22.09000015258789 31.489999771118164 AB 4.633926727761392 1.0297614950580871
63185.2927 lsst_hardware_i -12.116087036090356 30.040000915527344 31.25 AB 5.440684679508269 1.039422660544069
63188.2696 lsst_hardware_i -15.696009532919504 30.059999465942383 31.25 AB 4.122193356438421 1.0305483391096053
63188.2894 lsst_hardware_z -60.6494827951623 40.939998626708984 30.950000762939453 AB 4.176326866121693 1.0440817165304233
63190.2686 lsst_hardware_r 39.70815337247333 22.170000076293945 31.489999771118164 AB 4.451683622186396 1.0323742094161128
63190.2891 lsst_hardware_g 17.042878410159307 13.550000190734863 31.40999984741211 AB 4.552478649684439 1.0499662463235302
63192.2532 lsst_hardware_r -15.456798556038747 22.40999984741211 31.5 AB 3.1179665035094395 1.0292583088169365
63192.2732 lsst_hardware_i -18.442519385677468 30.399999618530273 31.25 AB 3.1422039144373666 1.0390885960441028
63194.2528 lsst_hardware_z -44.765887495055836 44.540000915527344 30.959999084472656 AB 9.151513043306108 1.0304114069609138
63194.2726 lsst_hardware_i -67.0041225155018 33.029998779296875 31.270000457763672 AB 9.189657943726887 1.0436467985758882
63196.2611 lsst_hardware_z 59.967547473427636 76.48999786376953 31.729999542236328 AB 5.513413118229498 1.0381120538937108
63198.1072 lsst_hardware_r 139.56883316048808 199.47999572753906 32.7599983215332 AB 5.250652632739232 1.3776419361745154
63200.2332 lsst_hardware_i -37.39300402888241 82.41999816894531 31.34000015258789 AB 5.632447393805828 1.0295723971128958
63200.2531 lsst_hardware_z -38.92031522299929 73.38999938964844 31.0 AB 6.318905925496002 1.040620186174153
63203.2278 lsst_hardware_r 18.85112722471034 61.290000915527344 31.649999618530273 AB 6.490498223130534 1.0302767503362962
63203.2455 lsst_hardware_z 33.073477613134045 52.77000045776367 30.969999313354492 AB 6.567236665413997 1.0411649831116312
63205.2164 lsst_hardware_r 27.161940525378387 40.56999969482422 31.610000610351562 AB 2.693159707512151 1.0291019134551591
63205.235 lsst_hardware_i -24.084860502561707 39.9900016784668 31.290000915527344 AB 2.797612834947439 1.0369209914556852
63209.2196 lsst_hardware_u 2.047758264961286 2.640000104904175 28.420000076293945 AB 5.622880587473863 1.033918681137287
63209.239 lsst_hardware_g 6.504462014618369 13.630000114440918 31.399999618530273 AB 5.772564964548833 1.052219700979539
63212.1759 lsst_hardware_r 13.585835124946158 22.399999618530273 31.489999771118164 AB 13.14541266991528 1.0350718637728566
63212.1949 lsst_hardware_i -6.678399498946601 30.18000030517578 31.25 AB 13.067971173981327 1.0289741081875061
63219.1454 lsst_hardware_r 2.0057483326166197 22.56999969482422 31.5 AB 3.5970456985432806 1.0448934491043307
63219.1646 lsst_hardware_i 40.74246114561217 30.200000762939453 31.25 AB 3.488742781485802 1.0310285279608133
63221.1499 lsst_hardware_z 55.78567990255244 42.41999816894531 30.950000762939453 AB 4.283256627863585 1.0360419974271666
63221.1678 lsst_hardware_i 39.96670638140707 32.7599983215332 31.260000228881836 AB 5.055402919052284 1.0290547399344754
63227.1339 lsst_hardware_i 134.45864446368776 81.94000244140625 31.34000015258789 AB 4.988279121585676 1.0357722428541687
63227.1547 lsst_hardware_z 22.347424630906872 69.76000213623047 30.989999771118164 AB 5.031238113289792 1.028988263276366
