data/validation/pwv_sim_epoch_fit_seasonal/8503497.ecsv
# %ECSV 0.9
# ---
# datatype:
# - {name: time, datatype: float64}
# - {name: band, datatype: string}
# - {name: flux, datatype: float64}
# - {name: fluxerr, datatype: float64}
# - {name: zp, datatype: float64}
# - {name: zpsys, datatype: string}
# - {name: pwv, datatype: float64}
# - {name: airmass, datatype: float64}
# meta: {SNID: '8503497', alt: 1024.0, c: -0.04867028445005417, dec: -20.902014, lat: -30.244573, lon: -70.7499537, ra: 31.289062, t0: 61296.3671875,
#   x0: 1.6233393671124598e-05, x1: 0.8567066192626953, z: 0.3749307692050934}
# schema: astropy-2.0
time band flux fluxerr zp zpsys pwv airmass
61245.4191 lsst_hardware_z -21.945743761395203 40.86000061035156 30.950000762939453 AB 5.393683975978724 1.0249280714447875
61245.4388 lsst_hardware_y -10.325940016301548 59.93000030517578 30.06999969482422 AB 5.324167854544018 1.0144492577727566
61250.4201 lsst_hardware_r 109.79288630616232 76.33000183105469 31.65999984741211 AB 4.633838114630881 1.0158955235232858
61250.4396 lsst_hardware_z 22.106679759794655 75.44000244140625 31.0 AB 4.643977262743263 1.014966072067154
61252.4043 lsst_hardware_z -70.89918383929066 60.130001068115234 30.989999771118164 AB 4.6236290156089845 1.0215142812723526
61252.4248 lsst_hardware_y 65.37730452826224 53.369998931884766 30.06999969482422 AB 3.527000273478277 1.0138457165174946
61254.4094 lsst_hardware_z -0.7110587906180921 80.2699966430664 31.729999542236328 AB 1.919213675951947 1.0158152836725196
61254.4291 lsst_hardware_y -60.29391014230124 87.8499984741211 30.81999969482422 AB 1.2346813929146854 1.0150847297188426
61257.3923 lsst_hardware_i -30.890638858486412 41.40999984741211 31.290000915527344 AB 1.464749462690765 1.020375801247485
61257.4153 lsst_hardware_y 93.48497914417644 48.130001068115234 30.049999237060547 AB 1.4431594952363886 1.0139887547770166
61259.3958 lsst_hardware_r 6.415425582180672 26.360000610351562 31.540000915527344 AB 3.2155913478097484 1.0157974089482449
61259.4166 lsst_hardware_y -16.8662141571252 46.88999938964844 30.049999237060547 AB 3.191354314821094 1.0154386110689169
61262.3967 lsst_hardware_g -41.75870154555807 13.670000076293945 31.43000030517578 AB 5.272198857154262 1.0138843956065888
61262.4159 lsst_hardware_y -66.08585368620464 47.150001525878906 30.059999465942383 AB 5.297860567413189 1.0188193398871517
61265.3709 lsst_hardware_r -26.581532843472065 22.3799991607666 31.510000228881836 AB 4.751061237767133 1.0200882958169284
61265.3928 lsst_hardware_i 23.289772159657524 30.06999969482422 31.260000228881836 AB 4.596055979790676 1.0139290699051036
61267.3715 lsst_hardware_z -36.52830333595914 40.4900016784668 30.950000762939453 AB 5.656894366433503 1.0167869805758452
61267.3908 lsst_hardware_r 17.94362320540888 22.139999389648438 31.5 AB 4.979893411826512 1.0144070776085239
61269.3682 lsst_hardware_u -7.720267184337438 3.950377837506148 29.280000686645508 AB 4.5299330064491174 1.015907828313396
61269.3895 lsst_hardware_r 14.972901145210082 31.75439426913064 32.25 AB 3.979089969642872 1.0155057344898866
61275.347 lsst_hardware_r 465.21151763632884 30.860679149386897 31.5 AB 2.0599229766683336 1.0180838434934103
61275.3671 lsst_hardware_u 8.588671693196815 3.6421730574128013 28.489999771118164 AB 2.0416398927023467 1.0141015237562356
61279.3087 lsst_hardware_i 1228.7078127537186 77.67300584055873 31.329999923706055 AB 3.1576704111992773 1.0456727911910844
61279.3255 lsst_hardware_z 853.4353461367202 67.69471094213132 30.989999771118164 AB 3.0837681484149915 1.025615082203373
61285.301 lsst_hardware_z 1731.5093646324322 64.71822347415639 30.979999542236328 AB 2.7307053929672174 1.0340317045000507
61285.3178 lsst_hardware_r 4019.6635127642567 82.9685281586022 31.639999389648438 AB 2.6162565691225312 1.019155293928595
61287.2866 lsst_hardware_r 4574.669527043155 73.45304831654761 31.559999465942383 AB 2.3177278450565044 1.046063417356629
61287.3051 lsst_hardware_z 1952.0678563166907 61.508555846665935 30.959999084472656 AB 2.374815904455684 1.0243634382986415
61298.2588 lsst_hardware_g 2775.521698122883 54.83026203733253 31.440000534057617 AB 2.6278078915275405 1.0427809093363256
61298.2759 lsst_hardware_i 4013.1578105313156 70.42115965671977 31.260000228881836 AB 2.484797364263537 1.023673728754547
61302.2384 lsst_hardware_r 5017.302584569689 75.23566290102148 31.530000686645508 AB 6.256949195964911 1.058049015720276
61302.2675 lsst_hardware_u 11.201776492866662 4.3984425788086 28.3700008392334 AB 5.720659653419986 1.0217288182568292
61304.255 lsst_hardware_z 2464.6807397883713 65.95410623116523 30.959999084472656 AB 4.0063566581515735 1.0277101303509808
61304.274 lsst_hardware_r 5131.023387500219 79.47711941669313 31.610000610351562 AB 3.8709261715947734 1.01543587406574
61306.2486 lsst_hardware_i 3811.5317456551497 79.63351338517782 31.31999969482422 AB 2.051620657443561 1.028639086208855
61306.2659 lsst_hardware_z 2235.4648114901333 68.97684687885588 30.969999313354492 AB 1.773808562498424 1.0164121263481813
61308.2238 lsst_hardware_z 2223.0746946249824 80.46000179866249 30.989999771118164 AB 6.3660420874385535 1.054911967648772
61308.2425 lsst_hardware_r 4435.94957935732 116.36824064629553 31.65999984741211 AB 6.276262268336662 1.0292891709949155
61312.2209 lsst_hardware_r 3460.6855997751018 101.40620863760121 31.649999618530273 AB 4.816825613229157 1.0423209333468793
61312.2394 lsst_hardware_z 1827.656097531887 72.87372098704763 30.979999542236328 AB 4.7084662239803245 1.0223202339104938
61314.221 lsst_hardware_r 6171.4785125461185 104.34128332376463 32.380001068115234 AB 4.358976144187483 1.0350174864507853
61314.2389 lsst_hardware_y 837.5987254489148 73.60593179049025 30.799999237060547 AB 4.306937230643455 1.0189914583541297
61316.2076 lsst_hardware_g 808.364003315818 32.31243381510677 31.440000534057617 AB 3.0091078621655467 1.0457974497793492
61316.2257 lsst_hardware_r 2402.264382143323 54.00492577997331 31.5 AB 3.3400416110869684 1.024552641437623
61318.218 lsst_hardware_i 2243.5449098210242 55.81565549568684 31.25 AB 6.94415834230391 1.026546351803473
61318.2371 lsst_hardware_z 1409.722143278721 55.378066236594556 30.959999084472656 AB 6.836667862306029 1.0150326550902078
61320.2021 lsst_hardware_r 1859.6696499259997 48.814799041248044 31.489999771118164 AB 4.712056654117974 1.038183784988813
61320.2203 lsst_hardware_u -1.2067705662027115 3.3601365570213355 28.469999313354492 AB 4.213729435904104 1.020376414707885
61322.1972 lsst_hardware_g 532.0175714939272 26.875011025168394 31.440000534057617 AB 3.4077060341572665 1.037458707374853
61322.2155 lsst_hardware_i 2028.4670205457978 53.753576796929565 31.260000228881836 AB 3.090862326787539 1.0199463198527192
61324.1845 lsst_hardware_r 1514.4191874815 44.60129836995853 31.5 AB 4.037222429174577 1.0477220836958243
61324.2041 lsst_hardware_z 1358.8458784583859 54.97762235382791 30.950000762939453 AB 3.978221764260572 1.0243468623107332
61327.1848 lsst_hardware_r 1214.5346389331048 41.42087285003537 31.5 AB 8.347131074159908 1.035881245241984
61327.2027 lsst_hardware_u 0.988108040662147 3.433631289821057 28.450000762939453 AB 8.347975874024852 1.019413344001081
61329.1825 lsst_hardware_g 332.96160694149194 22.666332342831897 31.450000762939453 AB 7.842980519924244 1.032152200376063
61329.2006 lsst_hardware_r 1132.3965334784154 40.02385808109981 31.520000457763672 AB 7.708203719213234 1.0175510668576264
61331.184 lsst_hardware_i 1599.7106549111022 51.23751389013109 31.270000457763672 AB 5.983555024592083 1.0251957550915567
61331.2021 lsst_hardware_z 1335.3838415732287 54.620322384712686 30.959999084472656 AB 5.911261712262582 1.01489599317754
61333.1643 lsst_hardware_r 874.5672433609468 50.678004527139 31.610000610351562 AB 3.476162310352784 1.041286762961393
61333.1826 lsst_hardware_z 1274.6919035028593 57.15703655156595 30.959999084472656 AB 2.2121126066841375 1.0219183584931681
61336.164 lsst_hardware_z 1216.5470456478454 68.1924312583206 30.989999771118164 AB 4.932063454564127 1.0314707724913033
61336.1806 lsst_hardware_i 1485.4633165023226 73.18219137715045 31.329999923706055 AB 3.264064302750227 1.018005292468103
61338.1649 lsst_hardware_z 1205.5987215323062 83.57560632981165 31.0 AB 4.4997892626563285 1.0251840890029795
61338.1819 lsst_hardware_r 798.3348712455174 115.63884138052111 31.670000076293945 AB 4.66384597495048 1.0152037385612713
61341.1456 lsst_hardware_r 714.6888743044262 77.67488879542707 31.65999984741211 AB 2.934052093397758 1.0371034528490706
61341.1617 lsst_hardware_y 277.4701019641286 54.38705139973043 30.06999969482422 AB 2.8790382365356755 1.0212373289514662
61356.117 lsst_hardware_u -3.5663293406738776 3.4452574308267296 28.43000030517578 AB 3.544462130747492 1.0241150334435811
61356.1356 lsst_hardware_g 145.34924214216747 17.750273160185035 31.420000076293945 AB 4.270945056894622 1.0144762605448414
61357.1146 lsst_hardware_r 437.08334039843834 30.019455653354008 31.5 AB 3.516639051820297 1.023841342694945
61357.1323 lsst_hardware_z 516.6342391645237 46.80364135741402 30.959999084472656 AB 5.07299848962906 1.014599697925812
61359.1191 lsst_hardware_r 365.1634858156387 30.66995291480444 31.510000228881836 AB 4.272850197934742 1.0173452852225577
61359.1369 lsst_hardware_u -6.638620265806173 3.2209534723931412 28.489999771118164 AB 4.254035839471593 1.0139923342137662
61364.11 lsst_hardware_r 341.9520918607138 62.837774493921096 31.649999618530273 AB 5.888478052722226 1.0154882822583742
61364.1292 lsst_hardware_i 622.9893347457721 57.20192636361267 31.31999969482422 AB 5.480074947135939 1.0152046956531158
61368.1034 lsst_hardware_z 119.29033925092463 93.0199966430664 31.75 AB 8.023268500510717 1.0143624047170505
61370.0736 lsst_hardware_g 5.105533900945651 47.939998626708984 31.719999313354492 AB 4.5158042795045406 1.0288913828901722
61370.0941 lsst_hardware_r 104.53135195225885 60.02000045776367 31.649999618530273 AB 3.591733000715405 1.0153308835944608
61372.0738 lsst_hardware_i 38.57332558746741 29.940000534057617 31.25 AB 3.954252393796298 1.0237104920080164
61372.0931 lsst_hardware_r 30.21581117601324 22.1299991607666 31.5 AB 3.9491550089806937 1.014250922604515
61374.0763 lsst_hardware_u -1.8530681257685648 2.7300000190734863 28.5 AB 5.059891570107929 1.018291722702404
61374.0969 lsst_hardware_g -5.294676663757237 13.670000076293945 31.440000534057617 AB 5.081348978460179 1.0141063687720309
61379.063 lsst_hardware_z 69.01905686213306 40.61000061035156 30.959999084472656 AB 1.4665739254896606 1.0181006077674617
61379.0826 lsst_hardware_r 17.210514533456692 22.260000228881836 31.510000228881836 AB 1.5372599570380474 1.0140237183624128
61381.0637 lsst_hardware_u 3.972733498333327 2.690000057220459 28.469999313354492 AB 4.651507381974422 1.015446680559826
61381.08 lsst_hardware_g -7.20126382918535 13.65999984741211 31.43000030517578 AB 4.4667976352396455 1.0144895832929142
61383.0432 lsst_hardware_y 40.90432844493637 47.79999923706055 30.059999465942383 AB 5.502551890759968 1.0241751875096106
61383.0624 lsst_hardware_r -19.61299282352861 22.290000915527344 31.5 AB 5.454427934578684 1.0143683974668618
61385.0434 lsst_hardware_y 14.448303843075951 48.70000076293945 30.059999465942383 AB 10.276752673951151 1.0199913326887753
61385.0615 lsst_hardware_r -16.439378784592524 22.209999084472656 31.5 AB 10.179668010045829 1.0138438360712265
61387.045 lsst_hardware_z 23.13576065269278 41.709999084472656 30.959999084472656 AB 11.398766787056168 1.0162951842953074
61387.0637 lsst_hardware_g -22.823907023520718 14.239999771118164 31.459999084472656 AB 11.606969375963892 1.0145065445296646
61389.0459 lsst_hardware_y 59.72764656464649 48.650001525878906 30.059999465942383 AB 7.794473925680809 1.0143901939075612
61389.0645 lsst_hardware_i 41.709807881217245 31.15999984741211 31.260000228881836 AB 7.811791062002635 1.0164893060931235
61392.031 lsst_hardware_y -73.49744333728589 80.04000091552734 30.09000015258789 AB 3.6220740037577004 1.0164372116619573
61392.0488 lsst_hardware_g -63.93382362654562 41.86000061035156 31.709999084472656 AB 4.0854635183772166 1.0142660174720002
61394.0324 lsst_hardware_y 80.91186131383306 81.2300033569336 30.09000015258789 AB 4.778481803064062 1.0143601916994294
61394.0542 lsst_hardware_z -25.415815978665155 54.040000915527344 30.989999771118164 AB 5.225333996205949 1.0180874809951348
61396.0433 lsst_hardware_y -146.6679991652095 89.73999786376953 30.829999923706055 AB 5.570344378995696 1.01568304485418
61616.4208 lsst_hardware_r -5.638694476465628 22.940000534057617 31.510000228881836 AB 3.8471008569051843 1.015021553204833
61616.4396 lsst_hardware_z -135.00929898340175 65.25 30.989999771118164 AB 3.8344285985238535 1.0156081574689058
61621.4 lsst_hardware_u -4.755164974375279 2.7200000286102295 28.5 AB 2.1375242359996487 1.0178686838093565
61621.4193 lsst_hardware_y -44.12111329488169 46.880001068115234 30.059999465942383 AB 1.4891589415909083 1.014068056922648
61623.3921 lsst_hardware_i -53.608992628846885 30.049999237060547 31.25 AB 2.942267386341317 1.0192317957361452
61623.4137 lsst_hardware_y 46.39750961907914 46.68000030517578 30.059999465942383 AB 2.9203837630824383 1.014051481726591
61625.3948 lsst_hardware_r 8.437541480505889 31.56999969482422 32.25 AB 1.4216376690056216 1.0154554778611584
61625.4147 lsst_hardware_y -38.99062555519576 66.26000213623047 30.809999465942383 AB 1.421697711464382 1.0154983653317016
61628.3924 lsst_hardware_g 2.6625157638101684 13.520000457763672 31.40999984741211 AB 6.105170567037792 1.0141198583158482
61628.411 lsst_hardware_y 10.510598931199125 46.529998779296875 30.049999237060547 AB 6.1293551447617105 1.0173203559770474
61630.3713 lsst_hardware_r 26.055395914801633 35.13999938964844 31.600000381469727 AB 4.774975417062987 1.0202938925348264
61630.3906 lsst_hardware_i 6.175130126541559 30.1299991607666 31.260000228881836 AB 4.583010163541338 1.0138468423356264
61648.2753 lsst_hardware_r -20.208689784119574 22.479999542236328 31.479999542236328 AB 5.439078220400455 1.0913625724405227
61648.2923 lsst_hardware_u 0.04740138698776407 2.609999895095825 28.3799991607666 AB 6.266135994612817 1.0557048259814366
61650.3005 lsst_hardware_g 0.9924406690113973 13.510000228881836 31.399999618530273 AB 2.7608558771870655 1.0354827481245439
61650.3174 lsst_hardware_i 66.0273382120007 29.93000030517578 31.25 AB 2.702156233813912 1.0198419501733167
61652.2773 lsst_hardware_r -46.50662000322992 22.469999313354492 31.479999542236328 AB 2.3825233199258067 1.063151860743332
61652.2955 lsst_hardware_z -23.65215484888619 40.939998626708984 30.950000762939453 AB 2.3869631453920723 1.0349227786503188
61654.2814 lsst_hardware_r -7.227890037029448 22.420000076293945 31.489999771118164 AB 0.9221762714801655 1.0467381061068848
61654.301 lsst_hardware_u 0.2227861975495607 2.619999885559082 28.399999618530273 AB 0.7166762171088333 1.0238231672983333
61656.2728 lsst_hardware_g 17.841424325240112 13.710000038146973 31.40999984741211 AB 2.9731565670451583 1.0517312385267579
61656.2916 lsst_hardware_r -6.291458513786262 22.350000381469727 31.489999771118164 AB 2.884900667318121 1.027325301436805
61673.2282 lsst_hardware_g 4.962528490877013 13.829999923706055 31.420000076293945 AB 6.292456197556579 1.048800966313114
61673.2479 lsst_hardware_r -2.6366281532287736 22.510000228881836 31.5 AB 6.128463462608051 1.0248552294001592
61677.2237 lsst_hardware_i -3.097541517205136 30.309999465942383 31.25 AB 4.801237327421655 1.0394350958714726
61677.2431 lsst_hardware_z 0.6988374620370021 40.68000030517578 30.950000762939453 AB 4.716890445660761 1.020217468104944
61679.2172 lsst_hardware_i -7.3190555304511085 30.43000030517578 31.25 AB 4.375195886805631 1.0408459347699848
61679.2352 lsst_hardware_u 2.0847127713295213 2.630000114440918 28.399999618530273 AB 4.301141086726401 1.021911676415483
61681.2033 lsst_hardware_g 9.703239094336494 14.020000457763672 31.43000030517578 AB 2.9700062639884304 1.0538165336446235
61681.2217 lsst_hardware_r -8.87608266643068 22.68000030517578 31.5 AB 3.318869271324125 1.028947224096867
61683.2008 lsst_hardware_i -36.84093409818667 30.510000228881836 31.25 AB 6.436211220831973 1.0489547012085247
61683.2196 lsst_hardware_r -15.873307605068232 22.610000610351562 31.489999771118164 AB 6.910446643132109 1.025732694880066
61685.1991 lsst_hardware_z -9.969739840197512 41.97999954223633 30.950000762939453 AB 4.758164646127431 1.0432665038102624
61685.2188 lsst_hardware_g 19.760148244471026 17.489999771118164 31.510000228881836 AB 4.133685580203695 1.021924741706723
61687.2024 lsst_hardware_r -7.45650891752962 38.869998931884766 31.610000610351562 AB 3.3614257253751108 1.0320619359458207
