data/validation/pwv_sim_epoch_fit_seasonal/8506092.ecsv
# %ECSV 0.9
# ---
# datatype:
# - {name: time, datatype: float64}
# - {name: band, datatype: string}
# - {name: flux, datatype: float64}
# - {name: fluxerr, datatype: float64}
# - {name: zp, datatype: float64}
# - {name: zpsys, datatype: string}
# - {name: pwv, datatype: float64}
# - {name: airmass, datatype: float64}
# meta: {SNID: '8506092', alt: 1024.0, c: 0.1748948097229004, dec: -5.379379, lat: -30.244573, lon: -70.7499537, ra: 351.035156, t0: 62056.55078125,
#   x0: 5.814254016625536e-06, x1: 1.042909026145935, z: 0.5763647556304932}
# schema: astropy-2.0
time band flux fluxerr zp zpsys pwv airmass
61946.3438 lsst_hardware_u -5.848353488440799 3.9200000762939453 29.09000015258789 AB 4.384499780089397 1.2148794070627311
61946.3662 lsst_hardware_y 6.220815232764427 68.98999786376953 30.760000228881836 AB 4.173402420199959 1.1530594028135175
61952.3488 lsst_hardware_i 16.00727843391075 32.4900016784668 31.229999542236328 AB 9.95690691925218 1.1552723065345059
61952.3736 lsst_hardware_z -7.030565657664755 42.61000061035156 30.940000534057617 AB 9.60201467987058 1.1157997420103964
61959.3678 lsst_hardware_r -10.263261623112196 96.83000183105469 31.639999389648438 AB 1.5638369816450746 1.1060319313809686
61959.3879 lsst_hardware_i 60.12445505089545 75.93000030517578 31.31999969482422 AB 1.7117113600210367 1.1053996512893456
61961.3648 lsst_hardware_z 119.00065753121753 70.97000122070312 30.979999542236328 AB 8.817749298034533 1.1050503537859002
61961.3841 lsst_hardware_i -34.99796711652247 79.4000015258789 31.31999969482422 AB 10.503176337572663 1.1061020469939968
61966.3337 lsst_hardware_g 19.144059969638693 44.720001220703125 31.65999984741211 AB 4.155730537568916 1.1175825030439466
61966.3547 lsst_hardware_r 4.804749957479568 48.900001525878906 31.610000610351562 AB 3.997876327940954 1.1040807312733925
61967.3508 lsst_hardware_i -134.7779319265521 37.369998931884766 31.270000457763672 AB 1.3845700731023496 1.1043430293936987
61967.3698 lsst_hardware_z -21.39827898166313 45.2400016784668 30.950000762939453 AB 1.6745600452747091 1.1071471373717086
61975.3372 lsst_hardware_r -9.383280149859669 24.420000076293945 31.489999771118164 AB 5.532555341479669 1.1037149903204553
61975.3564 lsst_hardware_g 5.821748092495278 15.279999732971191 31.420000076293945 AB 5.686582315464903 1.1132698346641428
61980.3057 lsst_hardware_i 56.9771462227941 31.93000030517578 31.239999771118164 AB 4.102078325087183 1.1086698175911305
61980.3247 lsst_hardware_z 63.515689177013016 42.40999984741211 30.940000534057617 AB 4.084256504667227 1.1038531093695207
61982.2961 lsst_hardware_r 3.0679416406144076 24.450000762939453 31.489999771118164 AB 3.777963667541093 1.1117380026605144
61982.3149 lsst_hardware_u 0.16838037150047563 2.7100000381469727 28.3700008392334 AB 3.7404664202989144 1.1036265900417244
61984.2991 lsst_hardware_y 40.89207908910783 49.869998931884766 30.020000457763672 AB 1.5314154607371566 1.1062476239372672
61984.3182 lsst_hardware_r -35.84375817343355 45.83000183105469 31.600000381469727 AB 1.516649628246183 1.1048928811895458
61989.2783 lsst_hardware_r -103.75262753705111 137.41000366210938 31.649999618530273 AB 4.5894621320941384 1.1106896356787268
61989.2978 lsst_hardware_z -11.806964787622638 92.19000244140625 30.989999771118164 AB 4.643737466776085 1.1036372019590925
61993.253 lsst_hardware_z -126.0586744301578 64.87000274658203 30.969999313354492 AB 7.597421301637306 1.1263365037081363
61993.2734 lsst_hardware_i 81.48714178298282 68.93000030517578 31.31999969482422 AB 7.304650077626602 1.1068070877876588
61996.2491 lsst_hardware_r 14.671476144604487 31.75 31.559999465942383 AB 2.7423694451691203 1.12070676140953
61996.2692 lsst_hardware_z 12.101917502195045 45.189998626708984 30.950000762939453 AB 3.9478925721813036 1.1050783966917574
62010.1272 lsst_hardware_r 10.684967017673262 34.34000015258789 31.5 AB 5.570734656369933 1.4283935016333162
62010.1501 lsst_hardware_g -15.114351295142624 28.709999084472656 31.549999237060547 AB 5.04133359262733 1.292649639135213
62012.1971 lsst_hardware_z -30.31687214911703 48.130001068115234 30.959999084472656 AB 3.9689421147888457 1.1323927192150585
62012.2169 lsst_hardware_r 13.738593691669655 44.709999084472656 31.610000610351562 AB 3.10149367919152 1.1096578458645867
62014.1851 lsst_hardware_i -7.813680505795598 58.9900016784668 31.309999465942383 AB 1.8439049193706083 1.1438616125127843
62014.205 lsst_hardware_z 84.43052503611618 56.70000076293945 30.969999313354492 AB 1.6749497151389452 1.1151462817170075
62019.1633 lsst_hardware_z 64.87088730056864 106.94000244140625 30.989999771118164 AB 0.7091575081410479 1.1611256784953712
62019.1825 lsst_hardware_r 41.068862891912815 156.5 31.639999389648438 AB 0.7834605355603246 1.125661689023455
62022.173 lsst_hardware_y 43.41740718613763 75.80999755859375 30.770000457763672 AB 3.7013588940675977 1.1275177500777087
62028.1612 lsst_hardware_r -31.1681971611643 25.569190180374303 31.510000228881836 AB 1.5271118538513762 1.1213647195090268
62028.179 lsst_hardware_i 92.3457728577173 33.01386475021799 31.260000228881836 AB 1.1177656226271853 1.1062422656934507
62029.1555 lsst_hardware_z 12.51987998813985 43.61062786316515 30.950000762939453 AB 3.5928110127108965 1.1252442164303995
62029.1728 lsst_hardware_r 30.47076018689329 25.590381423611934 31.510000228881836 AB 3.294538496741617 1.1081218140791205
62032.1438 lsst_hardware_r 203.52452497551732 38.86254345637282 32.2599983215332 AB 8.395097569854261 1.1303484004111903
62032.1641 lsst_hardware_u 8.220925824539817 4.246466430035792 29.219999313354492 AB 8.226290152191407 1.1084403627556971
62034.1439 lsst_hardware_g 61.54297201690828 17.304931209512624 31.459999084472656 AB 4.98174887512348 1.1225211525740153
62034.1633 lsst_hardware_i 288.29370181951 36.7298566308755 31.25 AB 5.063511981906618 1.1059325066957777
62036.1421 lsst_hardware_z 390.42710182944234 47.297518375867135 30.940000534057617 AB 1.5128355103740594 1.1181341540089131
62036.1617 lsst_hardware_r 524.5895530656056 33.2999003775457 31.510000228881836 AB 1.5500478160328353 1.1045471373155595
62038.1392 lsst_hardware_y 224.2129093306822 50.200641114317285 30.020000457763672 AB 6.135550689752471 1.115419468504267
62038.1575 lsst_hardware_g 120.3844528645014 21.04300679601403 31.5 AB 5.968730971642694 1.104229952819936
62040.1356 lsst_hardware_r 1019.8655275075238 48.32051995464946 31.579999923706055 AB 4.316698080061492 1.1136273666717516
62040.1551 lsst_hardware_i 793.562834618766 48.710074534831904 31.270000457763672 AB 4.284332472868705 1.1037352871280477
62042.1078 lsst_hardware_i 1133.7030392905574 63.0882349097386 31.299999237060547 AB 4.268068490023089 1.1455083062395623
62042.1258 lsst_hardware_z 915.3342732496602 60.9766690480693 30.959999084472656 AB 4.468165161587668 1.1180428704683782
62045.1071 lsst_hardware_r 1687.1569210021917 140.28452543771667 31.639999389648438 AB 5.123544891832053 1.1322334113290018
62045.1254 lsst_hardware_z 1481.0796504867326 99.60986012253278 30.989999771118164 AB 4.868753772690649 1.1107000736148658
62047.1057 lsst_hardware_z 1239.8960130227074 108.19856156055681 30.989999771118164 AB 2.36491736773708 1.1261511274938476
62047.1243 lsst_hardware_i 1596.6624207270775 128.7809576487164 31.329999923706055 AB 2.3262386765109326 1.107732703100444
62049.1075 lsst_hardware_z 1313.7209733808866 83.77195328820392 30.979999542236328 AB 3.801295504386847 1.117151891963287
62049.1257 lsst_hardware_r 2018.3839002554598 116.35329341454364 31.639999389648438 AB 4.794365761861756 1.1046925718576266
62051.1034 lsst_hardware_u 23.471499820895545 7.839453682805486 29.09000015258789 AB 10.001839571546915 1.1157267609763761
62051.1212 lsst_hardware_g 471.1681672269285 55.80485497875469 31.690000534057617 AB 10.016300156035369 1.1044243080774196
62053.1001 lsst_hardware_r 1829.5634850582544 49.64527271478725 31.510000228881836 AB 3.5235278928113103 1.1136308131514159
62053.1179 lsst_hardware_i 1870.9670862672351 53.46202384807224 31.25 AB 3.4955116856909005 1.1039620020079361
62058.0723 lsst_hardware_r 1797.3995872121686 48.46394175495814 31.489999771118164 AB 6.719326048377132 1.1311361957876325
62058.0897 lsst_hardware_u 2.0339892657781204 2.762354991155694 28.3799991607666 AB 6.887321747579462 1.1108583463837842
62066.0684 lsst_hardware_u -4.254240188307712 2.9918496491351982 28.450000762939453 AB 4.84789630138916 1.1104383671508482
62066.0861 lsst_hardware_g 181.10373356204667 20.699863254339785 31.469999313354492 AB 5.855261404872202 1.1036210356935638
62069.0688 lsst_hardware_z 1449.4069487900101 58.35163659506371 30.950000762939453 AB 2.422120914103593 1.1054864966242386
62069.0866 lsst_hardware_r 1443.4687133856542 51.877246727873356 31.579999923706055 AB 2.532986747560916 1.105062203545808
62074.0442 lsst_hardware_r 1001.1391425360583 116.87029053208258 31.639999389648438 AB 4.647932144546935 1.1123446558684047
62074.0605 lsst_hardware_z 1292.4498854557214 88.87266686018069 30.989999771118164 AB 4.4603152894515254 1.103970122999994
62076.0382 lsst_hardware_z 1130.5980964641897 83.54375644136378 30.979999542236328 AB 9.725996207355367 1.1128142113677328
62076.0559 lsst_hardware_i 1089.722558391666 94.82253476239758 31.31999969482422 AB 7.309520138778173 1.1038375302384345
62078.0432 lsst_hardware_z 1028.1980693368364 70.03338598346895 30.969999313354492 AB 4.468989930264689 1.1059118857373642
62078.062 lsst_hardware_r 817.285989673327 91.89700349480218 31.639999389648438 AB 4.49535030806938 1.1050516981488994
62080.042 lsst_hardware_u -1.0696117106601657 2.865228507201004 28.399999618530273 AB 3.7031386906043204 1.1044254967504683
62080.0617 lsst_hardware_g 66.42804370816401 17.260236387691343 31.440000534057617 AB 3.747615980333419 1.1073969900021152
62082.0181 lsst_hardware_z 876.9926374423043 54.080537536620604 30.959999084472656 AB 11.213484267938345 1.1163990576379828
62082.0371 lsst_hardware_r 543.2930708932153 34.15775596991663 31.510000228881836 AB 11.416479582030403 1.1042862726452107
62084.0185 lsst_hardware_y 358.7278116947252 52.924532669364275 30.030000686645508 AB 14.07067038177622 1.1110178224275802
62084.0371 lsst_hardware_z 783.9506675608624 51.17164504085099 30.950000762939453 AB 13.940521656166657 1.1036169671064777
62092.0183 lsst_hardware_y 177.54748812750972 60.941759853398494 30.040000915527344 AB 8.384413360469194 1.1037811188400708
62092.0385 lsst_hardware_r 335.4686103150753 30.016060126303582 31.5 AB 8.458809322921336 1.1147368915971652
62301.4186 lsst_hardware_u 1.601311624254659 2.940000057220459 28.450000762939453 AB 14.155190036508294 1.1152185331396365
62301.4377 lsst_hardware_y 69.73833201930272 57.59000015258789 30.040000915527344 AB 13.994009801952837 1.1040421137218466
62303.4123 lsst_hardware_r -2.9475430265004707 26.31999969482422 31.510000228881836 AB 7.8124898686346365 1.1160699812335195
62303.4315 lsst_hardware_y 86.79774303483192 50.150001525878906 30.030000686645508 AB 7.744511421411267 1.1041898301780455
62305.4209 lsst_hardware_z -7.875669720752181 61.75 31.700000762939453 AB 5.418620216621555 1.1058408605350112
62307.4088 lsst_hardware_g -11.00197026072258 16.5 31.469999313354492 AB 4.227647205319786 1.1096186890603115
62307.4288 lsst_hardware_y -23.569812501333395 49.13999938964844 30.030000686645508 AB 3.9951708490113114 1.1038416418340333
62309.4124 lsst_hardware_i 6.507183363716622 32.810001373291016 31.25 AB 2.3203485587432113 1.1049278851158149
62309.4309 lsst_hardware_y 12.941310886046423 49.279998779296875 30.030000686645508 AB 1.8180902161237855 1.1060064175953273
62311.4103 lsst_hardware_i -4.01037008484145 46.41999816894531 31.299999237060547 AB 4.276136897424613 1.104065296148518
62311.4294 lsst_hardware_y 8.912581599960191 48.880001068115234 30.030000686645508 AB 4.34374559233992 1.1080983653928953
62313.4138 lsst_hardware_z 73.2752683095826 61.75 30.969999313354492 AB 5.961935306653979 1.104062093824811
62313.4337 lsst_hardware_y 28.780356878475043 55.380001068115234 30.020000457763672 AB 6.51753400367748 1.1161116540247418
62318.3517 lsst_hardware_r -60.822882427448896 88.08000183105469 31.6299991607666 AB 9.905715039236725 1.145125240557596
62318.3716 lsst_hardware_i -11.52307892920667 74.5999984741211 31.31999969482422 AB 9.611298689192113 1.1158196690366602
62326.3696 lsst_hardware_i 8.414691138326017 32.36000061035156 31.260000228881836 AB 2.428122925780116 1.1040267925644662
62326.3885 lsst_hardware_z 63.009250175335126 42.81999969482422 30.950000762939453 AB 2.321178245527385 1.1081372909901583
62329.3706 lsst_hardware_i -49.024677827438 32.04999923706055 31.239999771118164 AB 8.784545522681416 1.1041640962834085
62329.3938 lsst_hardware_u 3.36722785163919 2.740000009536743 28.389999389648438 AB 8.605335977583998 1.1203405777351905
62331.3317 lsst_hardware_u 0.1568409226464515 2.799999952316284 28.43000030517578 AB 6.750849154172276 1.1207519140320872
62331.3535 lsst_hardware_g 3.605817899744091 15.539999961853027 31.450000762939453 AB 6.296143487274131 1.1045865767147598
62333.3336 lsst_hardware_r 10.256042063945102 24.56999969482422 31.5 AB 1.3648238212703168 1.1130061743284947
62333.3536 lsst_hardware_i 18.415533477144034 32.06999969482422 31.25 AB 1.3478720609953985 1.1036823426779108
62335.3349 lsst_hardware_z 24.430286556193284 42.63999938964844 30.940000534057617 AB 1.7496608160113265 1.1079646328303914
62335.3528 lsst_hardware_u -0.015376352530429035 2.7300000190734863 28.389999389648438 AB 1.7097816008770714 1.1039158081633949
62344.3279 lsst_hardware_z -111.43139296183601 84.5 30.989999771118164 AB 2.800159806742477 1.103873774011489
62344.3494 lsst_hardware_r -112.89043481102789 122.18000030517578 31.649999618530273 AB 2.80160291694247 1.1164730009069355
62346.2966 lsst_hardware_r -167.9349870783604 110.38999938964844 31.639999389648438 AB 4.123298213741542 1.1144049226328492
62346.3242 lsst_hardware_i 97.87214178328155 129.27000427246094 32.08000183105469 AB 4.085441567902977 1.1041733967305345
62346.35 lsst_hardware_z 142.2214358300252 79.7300033569336 30.989999771118164 AB 4.71927437326908 1.123636755540257
62349.2937 lsst_hardware_z -11.659183871537302 49.86000061035156 30.959999084472656 AB 5.441066987169934 1.1099499166347506
62350.271 lsst_hardware_z 35.05330021596064 65.08999633789062 31.700000762939453 AB 1.7389954540542198 1.133265203033053
62350.2932 lsst_hardware_g -1.9486170015227775 31.290000915527344 31.6299991607666 AB 1.5215075983609798 1.1084319560667655
62353.252 lsst_hardware_r -13.29843249344419 24.610000610351562 31.489999771118164 AB 0.5310553117872472 1.1536321038100952
62353.2728 lsst_hardware_i 8.029493684418492 32.209999084472656 31.25 AB 0.5553039682044852 1.1193763847587959
62355.2641 lsst_hardware_z -9.481916129375673 42.97999954223633 30.950000762939453 AB 4.662221880083213 1.1233818433195166
62355.2865 lsst_hardware_u -2.8719631550480096 2.809999942779541 28.450000762939453 AB 4.6667285422061715 1.1050524400904642
62357.2853 lsst_hardware_g 25.61611542579185 21.579999923706055 32.189998626708984 AB 3.7110359050384236 1.1039821225759658
62357.3068 lsst_hardware_r -16.769935714925932 34.5099983215332 32.25 AB 4.97201452553389 1.1101344182046082
62361.2805 lsst_hardware_i 33.254943799707064 32.09000015258789 31.25 AB 3.752810169041067 1.1037676967767844
62361.3023 lsst_hardware_z 11.54801772773227 42.810001373291016 30.950000762939453 AB 4.108262617792612 1.1157693149898456
62363.2481 lsst_hardware_z -73.13599806139253 43.0 30.950000762939453 AB 4.853992243489947 1.1165019536492116
62363.268 lsst_hardware_i 32.29325754473793 32.31999969482422 31.260000228881836 AB 5.189506311088712 1.104150278955045
62368.228 lsst_hardware_r -16.03039629729931 58.34000015258789 31.6200008392334 AB 2.016701116709932 1.124188851234226
62368.2485 lsst_hardware_i -12.088591156876133 50.25 31.299999237060547 AB 1.9770486155925044 1.1060411835482542
62373.2199 lsst_hardware_i -6.5559643908654746 190.67999267578125 32.08000183105469 AB 3.7869898724318567 1.1174632618384017
62373.245 lsst_hardware_z -70.16619811234986 157.4499969482422 31.739999771118164 AB 3.751020884589545 1.103674250075386
62377.1885 lsst_hardware_z 29.790661842563935 53.560001373291016 30.959999084472656 AB 6.1930533632979 1.1493804379902688
62377.2066 lsst_hardware_i -17.07296383331923 51.9900016784668 31.299999237060547 AB 6.04055575340556 1.1201772375346208
62379.1786 lsst_hardware_u 0.8549153326939972 2.7100000381469727 28.329999923706055 AB 4.520057865896075 1.158989196383609
62379.195 lsst_hardware_g 5.345417223785576 21.229999542236328 31.549999237060547 AB 4.400597890821062 1.128358433543862
