data/validation/pwv_sim_epoch_fit_seasonal/8600089.ecsv
# %ECSV 0.9
# ---
# datatype:
# - {name: time, datatype: float64}
# - {name: band, datatype: string}
# - {name: flux, datatype: float64}
# - {name: fluxerr, datatype: float64}
# - {name: zp, datatype: float64}
# - {name: zpsys, datatype: string}
# - {name: pwv, datatype: float64}
# - {name: airmass, datatype: float64}
# meta: {SNID: '8600089', alt: 1024.0, c: 0.10222254693508148, dec: -31.914005, lat: -30.244573, lon: -70.7499537, ra: 344.179688, t0: 60808.89453125,
#   x0: 5.180132101052768e-06, x1: 0.2724376320838928, z: 0.6047332882881165}
# schema: astropy-2.0
time band flux fluxerr zp zpsys pwv airmass
60814.3697 lsst_hardware_z 2505.16602381679 93.99755682115851 31.700000762939453 AB 10.341878148461651 1.273212181770558
60819.4366 lsst_hardware_i 1524.189670074132 61.07596494042936 31.31999969482422 AB 6.285048142364397 1.0290143491741945
60823.3285 lsst_hardware_u 5.019740500657621 3.7128618306871735 29.0 AB 10.7858733692965 1.3729763491201654
60823.3482 lsst_hardware_g 162.99265983584337 24.66091512674302 32.130001068115234 AB 11.403851479506486 1.257315488368962
60824.3691 lsst_hardware_g 79.25045154684466 17.33558038737147 31.40999984741211 AB 9.836718573554101 1.1562407961862005
60824.3913 lsst_hardware_r 891.0907644253115 38.278055099926235 31.5 AB 8.843346862559065 1.0891715488823737
60830.3778 lsst_hardware_r 555.0861672498511 33.92560476007925 31.5 AB 12.635489902732889 1.082106742264148
60830.401 lsst_hardware_i 740.3658347268762 41.59839725180308 31.260000228881836 AB 12.065736929354184 1.0369762304459786
60833.3465 lsst_hardware_z 1414.5228614859814 71.45281712786583 31.690000534057617 AB 2.7264460374376096 1.1493080566711038
60833.3642 lsst_hardware_r 465.2484963276804 31.966171281688148 31.5 AB 2.5461458778778607 1.0956663033254797
60842.3146 lsst_hardware_z 476.91686203904675 68.70108822007009 30.969999313354492 AB 7.630718812543573 1.1761733748284957
60842.3293 lsst_hardware_i 390.2377553989839 70.70250941658065 31.31999969482422 AB 7.296865180062533 1.125147863237737
60844.3785 lsst_hardware_r 259.3344953534761 48.40383597622909 31.6299991607666 AB 4.7242207452619605 1.0171280490731938
60844.3935 lsst_hardware_z 571.9493187143908 52.80325720965238 30.969999313354492 AB 4.674107905138575 1.0054728033425875
60849.209 lsst_hardware_u 0.07607172268187845 2.1139334641161738 27.690000534057617 AB 5.807107175571869 1.867987832914307
60849.2238 lsst_hardware_g 21.55619104946513 14.402549326055984 31.200000762939453 AB 5.2753337335884884 1.6729388161487064
60861.2658 lsst_hardware_r 85.51996211135477 37.288846294731925 31.56999969482422 AB 4.568459511399367 1.164556858986562
60861.285 lsst_hardware_i 108.27911466828776 39.056363855065484 31.270000457763672 AB 4.305632873309014 1.1030656379100803
60863.2655 lsst_hardware_z 585.0937503852698 75.72017078504295 31.709999084472656 AB 1.8269545410541694 1.1462045533878455
60870.265 lsst_hardware_i 6.95776461610247 81.43264873923533 31.329999923706055 AB 6.767386643861926 1.0909860783269265
60870.2849 lsst_hardware_z 306.5806225737304 72.25415208114764 30.989999771118164 AB 6.532327014240947 1.048317274100854
60873.2671 lsst_hardware_g 98.57030600981602 54.05425027993905 32.43000030517578 AB 1.9990152927243257 1.0669950855213908
60873.2977 lsst_hardware_r 98.72943359621495 59.70642756465839 32.369998931884766 AB 1.7975225776376509 1.0188112096944932
60875.2678 lsst_hardware_u 4.078497316150246 2.8172603507879623 28.450000762939453 AB 2.285463023626344 1.0546262750823352
60875.2891 lsst_hardware_g 21.92758355683553 16.528155598310867 31.489999771118164 AB 2.3146489799669885 1.022296200206252
60877.2606 lsst_hardware_r 79.06217755567096 24.56098100957902 31.5 AB 5.067696882887369 1.0579742970537305
60877.2803 lsst_hardware_i 116.35507587248823 32.446180453262706 31.25 AB 4.939489382216518 1.026351859443798
60879.2648 lsst_hardware_z 140.16653232643668 43.362066396272986 30.950000762939453 AB 5.35062676586687 1.0407754845101866
60879.2851 lsst_hardware_r 31.766264941740634 24.334796516349982 31.5 AB 5.214543440877242 1.015029218961311
60883.1703 lsst_hardware_z 95.12789885347254 46.924240708086266 30.920000076293945 AB 4.064345350549122 1.3365893178013941
60883.1913 lsst_hardware_r 104.82721622887601 25.00774127255054 31.459999084472656 AB 3.921120504397119 1.2240750794163744
60886.1675 lsst_hardware_r 40.09569671318536 25.529423264548115 31.459999084472656 AB 6.389874885811535 1.304322287367123
60886.1867 lsst_hardware_i 150.45993613868825 34.03217689254662 31.229999542236328 AB 5.82591643901085 1.2080697644397045
60888.1671 lsst_hardware_z 134.86440507639543 47.12250136813168 30.93000030517578 AB 5.89702220077328 1.2762736069198746
60888.1871 lsst_hardware_r 70.15191505828741 27.983553340052364 31.510000228881836 AB 5.471631673310796 1.1836953322467918
60890.1696 lsst_hardware_z -47.74637301447577 47.119998931884766 30.940000534057617 AB 2.796478187012631 1.236149049403307
60890.1879 lsst_hardware_r -1.1500167049944576 38.9900016784668 31.579999923706055 AB 2.610342715848595 1.1598945638072584
60891.1664 lsst_hardware_i 57.462299516804414 44.189998626708984 31.260000228881836 AB 1.7812171810481667 1.2383896971366164
60891.1847 lsst_hardware_z -39.92038111196954 48.380001068115234 30.950000762939453 AB 1.402830919772242 1.1616044050004763
60894.1612 lsst_hardware_r 146.4309577943606 88.37999725341797 31.610000610351562 AB 3.2768674450277593 1.2243868894112937
60894.1793 lsst_hardware_z -142.53485611963498 65.61000061035156 30.979999542236328 AB 3.241533583752842 1.1516239750431982
60896.1558 lsst_hardware_y -29.595141358446824 68.8499984741211 30.0 AB 5.278058985449687 1.2241106245607205
60896.1749 lsst_hardware_r 88.22162515230154 139.67999267578125 31.639999389648438 AB 4.349068957745328 1.1479406878768215
60897.1626 lsst_hardware_i -5.145570057777509 116.86000061035156 31.31999969482422 AB 5.121800307776891 1.1834104223144388
60897.1804 lsst_hardware_z -160.89830644722892 95.79000091552734 30.989999771118164 AB 4.6728303991277675 1.1212998878086151
60899.1544 lsst_hardware_r 69.71373859337953 89.0999984741211 31.6200008392334 AB 3.7986090901599487 1.1945311604276567
60899.1722 lsst_hardware_z 56.03105328679202 66.1500015258789 30.979999542236328 AB 3.054775009307939 1.1297941229025232
60904.1577 lsst_hardware_u -3.1506600353893264 2.819999933242798 28.489999771118164 AB 4.833888225106964 1.132500169880585
60904.1763 lsst_hardware_g -9.015817271732757 14.59000015258789 31.440000534057617 AB 4.7669055073887 1.0808492572115562
60906.1648 lsst_hardware_r -10.454095337429644 23.649999618530273 31.5 AB 2.0400806126537887 1.0959337161717908
60906.1826 lsst_hardware_i -11.410359071928523 31.09000015258789 31.260000228881836 AB 2.5540913363624265 1.0557004697006447
60908.1632 lsst_hardware_z -39.723259912012765 42.18000030517578 30.940000534057617 AB 1.9260435494552055 1.0861147835273715
60908.1815 lsst_hardware_u 3.5829716084979966 2.7100000381469727 28.420000076293945 AB 1.8172485996992427 1.0477074659551702
60910.1545 lsst_hardware_g -9.243493197534274 14.539999961853027 31.43000030517578 AB 2.382315859919272 1.094311373412619
60910.1722 lsst_hardware_r -26.691164714072247 23.260000228881836 31.489999771118164 AB 1.9999039834304488 1.0547089655078399
60919.0665 lsst_hardware_z 35.83142405920881 48.880001068115234 30.920000076293945 AB 1.734890851374366 1.3723592759718122
60919.0863 lsst_hardware_g -38.01079673953387 35.119998931884766 31.59000015258789 AB 1.3032512916454388 1.2563476461877625
60932.0709 lsst_hardware_r -4.0125437845919665 23.670000076293945 31.479999542236328 AB 1.3525251519640067 1.1684882522367228
60932.0904 lsst_hardware_u 2.1369194365235415 2.700000047683716 28.40999984741211 AB 1.3786747621486717 1.105150109938815
60934.0867 lsst_hardware_r -35.49468713702023 23.43000030517578 31.5 AB 3.9611869406468077 1.1003297057352244
60934.1045 lsst_hardware_i 10.306268742132797 30.860000610351562 31.25 AB 3.812077097111219 1.0589103047531163
60938.069 lsst_hardware_r -16.089828359419343 23.389999389648438 31.489999771118164 AB 6.231471920117544 1.1196607528735143
60938.0852 lsst_hardware_u -2.1166212887457077 2.680000066757202 28.40999984741211 AB 4.109002222945811 1.0768060683398426
60940.0724 lsst_hardware_g -0.3470992425943408 14.25 31.40999984741211 AB 2.77122617194136 1.0948054012607842
60940.089 lsst_hardware_i 13.159602903922844 30.739999771118164 31.25 AB 3.4529345187099536 1.057182584694582
60943.0723 lsst_hardware_u -5.860526237106075 2.609999895095825 28.350000381469727 AB 4.817105378297598 1.0750867530793626
60943.0891 lsst_hardware_g -9.59673040577702 14.09000015258789 31.420000076293945 AB 5.226640008880002 1.0423399605557406
60945.0008 lsst_hardware_z 61.926367342558635 45.41999816894531 30.920000076293945 AB 4.152505124087281 1.3379712023480215
60945.0219 lsst_hardware_u 2.530738356669273 2.940000057220459 28.350000381469727 AB 3.802892516150178 1.2246326264974812
60952.002 lsst_hardware_y -47.335647652004035 61.72999954223633 30.0 AB 3.0059620364757595 1.2282601620031706
60952.0225 lsst_hardware_z 18.226176543757404 74.12999725341797 30.979999542236328 AB 2.7524744324756347 1.1462275537794149
60957.0024 lsst_hardware_y 86.78916491724168 49.68000030517578 30.010000228881836 AB 4.602120829572868 1.169386565766197
60957.0223 lsst_hardware_r -9.3529530194651 23.110000610351562 31.489999771118164 AB 4.285144436564542 1.1047033865851652
60959.0025 lsst_hardware_z 46.7226562366092 43.68000030517578 30.950000762939453 AB 4.0178803152443905 1.1492792663743896
60959.0215 lsst_hardware_g 19.778889817295937 14.15999984741211 31.420000076293945 AB 3.7432203979873164 1.0922732413152367
60961.0014 lsst_hardware_y -46.677450765126416 50.38999938964844 30.020000457763672 AB 6.399456902047238 1.1346554790863896
60961.0195 lsst_hardware_i 10.560467176597902 30.84000015258789 31.239999771118164 AB 6.139950303237542 1.083648129763068
60963.0034 lsst_hardware_y 131.34096815349972 49.130001068115234 30.020000457763672 AB 7.434820942532957 1.1118181981480288
60963.0232 lsst_hardware_r -27.991302695542647 23.0 31.5 AB 7.155168042984279 1.0631750435340683
60965.0043 lsst_hardware_y -41.17311451967806 49.34000015258789 30.030000686645508 AB 7.737837820146267 1.0943833986487896
60965.0239 lsst_hardware_g -0.5383536156470635 14.010000228881836 31.420000076293945 AB 7.4062538212112 1.051228305433112
60968.0048 lsst_hardware_y 50.35419313797368 50.65999984741211 30.040000915527344 AB 3.1970249895991727 1.0733674633537595
60968.0241 lsst_hardware_z 28.438793963191575 41.099998474121094 30.950000762939453 AB 3.1033857825736257 1.0371700938807862
60974.0079 lsst_hardware_y -18.83493209084705 50.7400016784668 30.049999237060547 AB 3.9296415540913796 1.0368903348677008
60974.0271 lsst_hardware_z 9.759049391041708 40.869998931884766 30.950000762939453 AB 3.8935932392873887 1.0137585730094447
61187.3577 lsst_hardware_r 6.716850006218089 24.309999465942383 31.479999542236328 AB 4.498287890700674 1.2279220811738394
61187.3781 lsst_hardware_u 0.8596652856196504 2.680000066757202 28.360000610351562 AB 5.648765221019844 1.1463173296169336
61189.3455 lsst_hardware_z 98.11624918246157 56.529998779296875 30.950000762939453 AB 10.724347855535244 1.2607362507364337
61189.3646 lsst_hardware_r -24.978608660746833 64.94000244140625 31.610000610351562 AB 10.006683273947136 1.1755626625095685
61198.3588 lsst_hardware_z 39.88378316234134 53.779998779296875 30.959999084472656 AB 2.7033405119503984 1.1124858073869952
61198.3777 lsst_hardware_i -85.91407115652558 51.209999084472656 31.309999465942383 AB 1.181929912485544 1.0655216700342474
61222.264 lsst_hardware_r 11.125011339904946 104.05000305175781 31.610000610351562 AB 9.91706964520367 1.2194617754482522
61222.2847 lsst_hardware_i 50.86357945580783 84.20999908447266 31.31999969482422 AB 9.322961470062033 1.1390765011886494
61225.2683 lsst_hardware_z 201.23019254973053 69.83999633789062 30.969999313354492 AB 8.073093704375351 1.1680245530256954
61225.2883 lsst_hardware_r -83.6575539030047 89.55999755859375 31.639999389648438 AB 7.62549007112237 1.103424385359385
61231.2676 lsst_hardware_i -32.85684423389037 31.200000762939453 31.239999771118164 AB 10.597505227218507 1.1157226068312167
61231.2873 lsst_hardware_z 13.97991516712073 41.47999954223633 30.950000762939453 AB 10.093607466501293 1.0661698290408563
61233.2717 lsst_hardware_i 1.2155222916887827 30.860000610351562 31.239999771118164 AB 8.22699007878621 1.0896194532849892
61233.291 lsst_hardware_u -2.840383667361545 2.6700000762939453 28.420000076293945 AB 7.9445928438965 1.0484220530369728
61235.2425 lsst_hardware_u 2.176197667074911 2.630000114440918 28.34000015258789 AB 7.670306431704957 1.1624611919734718
61235.2614 lsst_hardware_g -2.836624914949939 14.180000305175781 31.40999984741211 AB 6.9248110394717655 1.1023258579229172
61238.264 lsst_hardware_u 0.3553226473531838 2.5999999046325684 28.34000015258789 AB 2.0067920121409166 1.0753551909302046
61238.2828 lsst_hardware_g 27.62825439348168 13.989999771118164 31.40999984741211 AB 1.9208186180871252 1.0393102812265724
61242.2664 lsst_hardware_r 41.37533493209727 22.860000610351562 31.489999771118164 AB 5.055040505298761 1.0484735561322098
61242.2837 lsst_hardware_i -26.45816061809898 30.360000610351562 31.25 AB 4.867636795368421 1.0230426219773898
61244.2592 lsst_hardware_z -66.95358656742935 43.380001068115234 30.950000762939453 AB 5.415425701600182 1.0516070363648486
61244.2778 lsst_hardware_r -17.759115292741118 28.889999389648438 31.559999465942383 AB 5.272553973863803 1.0235650125597056
61246.2705 lsst_hardware_z 101.55289028843434 67.8499984741211 31.709999084472656 AB 6.128583399664332 1.0258187914407741
61248.1674 lsst_hardware_z 14.269189094213688 64.19999694824219 30.93000030517578 AB 4.349709066037721 1.359638155572695
61248.1861 lsst_hardware_r -10.920419377446104 83.02999877929688 31.59000015258789 AB 4.098101837554078 1.2522847479156847
61249.1704 lsst_hardware_y -151.26465522609323 82.61000061035156 30.709999084472656 AB 4.260719785632201 1.3235474353504122
61251.1603 lsst_hardware_r 84.17431086558823 140.50999450683594 31.579999923706055 AB 7.464961022707055 1.352531779264689
61251.1796 lsst_hardware_i -108.41894853418194 107.94000244140625 31.299999237060547 AB 6.045931332789224 1.2439548033103696
61253.187 lsst_hardware_r -92.15167233619253 111.36000061035156 31.6299991607666 AB 5.417041380751912 1.186906525142838
61253.2065 lsst_hardware_z -92.69308013874037 77.81999969482422 30.989999771118164 AB 5.142586220493608 1.1188047907089325
61256.1635 lsst_hardware_u 4.602645600878844 5.53000020980835 28.780000686645508 AB 1.7072376080900127 1.2560914345236145
61256.1831 lsst_hardware_r 11.3446692894981 47.18000030517578 31.59000015258789 AB 1.4613308944777517 1.1701568619867224
61258.1624 lsst_hardware_i -41.410950726541955 32.2599983215332 31.219999313354492 AB 2.5789435542561083 1.2347812572746
61258.1823 lsst_hardware_z 32.64820941771867 42.63999938964844 30.93000030517578 AB 1.8690472179282562 1.153139671729589
61260.165 lsst_hardware_r -26.94748790621108 23.75 31.469999313354492 AB 4.670518404887965 1.198798358544139
61260.1833 lsst_hardware_u 0.39320772451087843 2.6600000858306885 28.360000610351562 AB 3.728231965838909 1.1314530130767282
61261.1618 lsst_hardware_g -36.61762090112508 14.550000190734863 31.389999389648438 AB 5.221295219968018 1.2007808244622589
61261.181 lsst_hardware_r -18.107777113574834 23.649999618530273 31.489999771118164 AB 4.28056970508465 1.1300839631499053
61263.1616 lsst_hardware_i 43.46892326698917 32.0 31.229999542236328 AB 9.67990761483947 1.1793499236306135
61263.1819 lsst_hardware_z -18.80546090504246 42.33000183105469 30.940000534057617 AB 8.284961826747727 1.1108825190061313
61266.1594 lsst_hardware_r -20.069945071665263 23.829999923706055 31.489999771118164 AB 3.5432010703637373 1.1569006542328266
61266.1786 lsst_hardware_g -7.535351535706919 14.569999694824219 31.43000030517578 AB 2.531768274092028 1.0973891742497504
61268.1657 lsst_hardware_r -17.39615790122161 23.690000534057617 31.5 AB 5.958927350147568 1.1183473287733938
61268.1839 lsst_hardware_i 12.132672771817068 31.219999313354492 31.260000228881836 AB 5.159443389592394 1.0713129961778227
61271.1513 lsst_hardware_r -32.610458625216744 26.510000228881836 31.520000457763672 AB 2.083370964097116 1.1378323124506367
61271.1675 lsst_hardware_u -3.3826794867625725 3.0999999046325684 28.510000228881836 AB 2.6182073643031734 1.0907682395374976
61274.1908 lsst_hardware_z 75.52765152815121 64.91000366210938 31.709999084472656 AB 2.570473590492514 1.0300779123696833
