data/validation/pwv_sim_epoch_fit_seasonal/8615465.ecsv
# %ECSV 0.9
# ---
# datatype:
# - {name: time, datatype: float64}
# - {name: band, datatype: string}
# - {name: flux, datatype: float64}
# - {name: fluxerr, datatype: float64}
# - {name: zp, datatype: float64}
# - {name: zpsys, datatype: string}
# - {name: pwv, datatype: float64}
# - {name: airmass, datatype: float64}
# meta: {SNID: '8615465', alt: 1024.0, c: -0.08031981438398361, dec: -13.86195, lat: -30.244573, lon: -70.7499537, ra: 82.089844, t0: 60305.0078125,
#   x0: 3.498022510823933e-06, x1: -0.20104186236858368, z: 0.7096185684204102}
# schema: astropy-2.0
time band flux fluxerr zp zpsys pwv airmass
[from data line 134]
60663.1932 lsst_hardware_z 35.64755142284458 49.31999969482422 30.969999313354492 AB 3.9683688947487963 1.0454998405415288
60665.1771 lsst_hardware_g -19.96955317512453 23.530000686645508 31.6200008392334 AB 3.8680543756036343 1.0425320060922132
60665.1961 lsst_hardware_r 22.418121874694656 33.689998626708984 31.59000015258789 AB 3.799232254689395 1.0507452823589558
60668.1584 lsst_hardware_i -35.93371157558955 30.639999389648438 31.260000228881836 AB 6.612693888174134 1.0436289426986205
60668.1776 lsst_hardware_r -27.73319646077172 22.81999969482422 31.510000228881836 AB 7.033605614543191 1.0446466084275114
60670.1567 lsst_hardware_u -4.9479806901127565 2.6600000858306885 28.420000076293945 AB 5.029828010177724 1.042775580009894
60670.1752 lsst_hardware_g -13.620136481282227 13.869999885559082 31.43000030517578 AB 5.770516196207467 1.0460466230775403
60672.1584 lsst_hardware_r 17.083394096721587 22.469999313354492 31.5 AB 7.395717339129493 1.0425680830490915
60672.1781 lsst_hardware_i -39.95668311300588 30.329999923706055 31.25 AB 7.437444481118025 1.0516376656817878
60674.1336 lsst_hardware_i -2.9591599425760915 30.3799991607666 31.25 AB 7.023115224155885 1.0474054247278193
60674.1504 lsst_hardware_z -14.37534556794018 41.029998779296875 30.950000762939453 AB 7.035870552564788 1.0424284098917644
60676.1358 lsst_hardware_i 32.92444317216228 30.31999969482422 31.25 AB 7.268151499601315 1.0438599463864304
60676.1574 lsst_hardware_u 0.7511921316356788 2.6600000858306885 28.43000030517578 AB 7.279835423239762 1.0453533385994336
60678.1347 lsst_hardware_g 22.400802627273492 13.59000015258789 31.399999618530273 AB 4.054922046042048 1.0427985202628385
60678.1557 lsst_hardware_r 8.919701633996011 22.399999618530273 31.489999771118164 AB 4.041722294645854 1.0473496487809937
60680.1208 lsst_hardware_i 42.51055376136907 30.729999542236328 31.25 AB 10.956959467372053 1.045478146436696
60680.1414 lsst_hardware_r -14.103262127568732 22.610000610351562 31.489999771118164 AB 11.877920931773653 1.0434789538587066
60682.122 lsst_hardware_z 25.55316187547493 60.619998931884766 31.700000762939453 AB 9.15535090985643 1.0431467045032012
60682.1436 lsst_hardware_g -16.806810543009664 32.75 32.349998474121094 AB 8.36827692552706 1.04666697698948
60684.1214 lsst_hardware_r -42.81124901717889 50.45000076293945 31.6299991607666 AB 6.792687519389638 1.0424627868922096
60684.1425 lsst_hardware_i -3.5819333516903344 46.040000915527344 31.309999465942383 AB 6.716457658760622 1.0494465091813472
60688.0877 lsst_hardware_i 107.14848700458944 76.22000122070312 31.329999923706055 AB 3.1930976475290302 1.053132469501641
60688.1075 lsst_hardware_z 46.41593675855775 68.2699966430664 30.989999771118164 AB 3.0463038780095166 1.0427785981319475
60690.087 lsst_hardware_g -102.397847575793 78.88999938964844 31.729999542236328 AB 5.6900951469130865 1.049316783915617
60690.1074 lsst_hardware_r 18.783665355889944 80.79000091552734 31.65999984741211 AB 5.640723250575278 1.0424388062603505
60692.0869 lsst_hardware_i 40.26404335519535 40.279998779296875 31.290000915527344 AB 2.1673813109618414 1.0460334512364293
60692.1068 lsst_hardware_r -13.884153113244434 44.29999923706055 31.6200008392334 AB 2.0917965804450134 1.043029957838451
60695.0763 lsst_hardware_r 5.346007758685274 22.260000228881836 31.5 AB 8.639105928548913 1.0473759460758432
60695.0954 lsst_hardware_i -30.243382211156057 30.15999984741211 31.25 AB 7.977016557906325 1.0425428423062568
60697.0723 lsst_hardware_z -25.913075952500773 40.93000030517578 30.950000762939453 AB 11.302578227587146 1.0465350210728839
60697.0915 lsst_hardware_r 4.132151116484671 22.079999923706055 31.489999771118164 AB 11.667740415569211 1.042732340248229
60701.066 lsst_hardware_r -14.700332314403314 22.200000762939453 31.5 AB 12.451596488930305 1.0443925816196749
60701.0846 lsst_hardware_z 36.13200091512827 41.02000045776367 30.959999084472656 AB 14.269353269183812 1.0436281143277164
60703.0445 lsst_hardware_y -68.81078995479005 48.709999084472656 30.049999237060547 AB 12.334855113454923 1.0552231476093523
60703.0636 lsst_hardware_r 4.836822050887751 22.209999084472656 31.5 AB 12.112180981293792 1.0434039610590442
60705.0423 lsst_hardware_z -38.88170013484384 43.72999954223633 30.959999084472656 AB 11.823496900599633 1.0522401905041279
60705.0603 lsst_hardware_g 2.6197604507334535 13.479999542236328 31.420000076293945 AB 11.780812071118376 1.04291122183514
60707.0424 lsst_hardware_y 9.765592850707725 48.7400016784668 30.049999237060547 AB 8.500013985388026 1.0480797343292436
60707.061 lsst_hardware_i 41.45281552041136 30.030000686645508 31.260000228881836 AB 8.456761232850944 1.0424358992728437
60709.0408 lsst_hardware_y -5.419796140362632 48.810001373291016 30.059999465942383 AB 7.3162814265351175 1.0458678553626948
60709.0592 lsst_hardware_r 4.157553356848064 23.18000030517578 31.520000457763672 AB 8.262657244452694 1.0428039685054198
60713.027 lsst_hardware_y -10.083541004436398 70.95999908447266 30.06999969482422 AB 5.047024747694448 1.0474627632710578
60713.0455 lsst_hardware_z -103.54212680047324 49.36000061035156 30.969999313354492 AB 6.5207932195803675 1.0424790321866804
60714.0354 lsst_hardware_y -114.63479625458008 87.62999725341797 30.809999465942383 AB 7.047887585479644 1.0429726356610645
60716.0245 lsst_hardware_z 99.0242710843047 72.19999694824219 30.989999771118164 AB 2.6115007150298304 1.044600286011932
60716.043 lsst_hardware_r 72.35344330379036 73.19000244140625 31.649999618530273 AB 2.712952003837381 1.0434430783989928
60718.0238 lsst_hardware_y -102.47135595423102 72.58000183105469 30.06999969482422 AB 2.7774713286401216 1.0431164228743774
60718.0407 lsst_hardware_z 27.463886930915894 60.150001525878906 30.979999542236328 AB 2.760230774829924 1.0444869228670044
60720.0224 lsst_hardware_y 10.273767981566222 68.81999969482422 30.06999969482422 AB 2.6388314063651848 1.0425012963418014
60720.0394 lsst_hardware_z 78.37976862469576 51.27000045776367 30.969999313354492 AB 2.633834032103939 1.0464179706412153
60722.0202 lsst_hardware_y 145.60297707877098 71.93000030517578 30.06999969482422 AB 2.864102524699548 1.0424394994356863
60722.0381 lsst_hardware_i -9.426464801040716 30.280000686645508 31.25 AB 2.988040289443747 1.0489872878510609
