data/validation/pwv_sim_epoch_fit_seasonal/8687624.ecsv
# %ECSV 0.9
# ---
# datatype:
# - {name: time, datatype: float64}
# - {name: band, datatype: string}
# - {name: flux, datatype: float64}
# - {name: fluxerr, datatype: float64}
# - {name: zp, datatype: float64}
# - {name: zpsys, datatype: string}
# - {name: pwv, datatype: float64}
# - {name: airmass, datatype: float64}
# meta: {SNID: '8687624', alt: 1024.0, c: 0.17226894199848175, dec: -13.401351, lat: -30.244573, lon: -70.7499537, ra: 4.570312, t0: 63171.359375,
#   x0: 1.9411301389467268e-05, x1: 0.18347379565238953, z: 0.3475990891456604}
# schema: astropy-2.0
time band flux fluxerr zp zpsys pwv airmass
63047.4124 lsst_hardware_g 16.06137560646517 15.640000343322754 31.459999084472656 AB 4.310412328743019 1.057207782056907
63047.4299 lsst_hardware_y 14.547213218707753 48.310001373291016 30.040000915527344 AB 4.763390946601105 1.0468032480398592
63049.4139 lsst_hardware_i 21.817815077572405 31.649999618530273 31.260000228881836 AB 7.75451559718584 1.0516974137232151
63049.433 lsst_hardware_y 60.6704407171602 48.56999969482422 30.049999237060547 AB 7.6547247910913665 1.0458345856599418
63057.3978 lsst_hardware_r -40.52399576019192 57.2599983215332 31.639999389648438 AB 10.251250268318012 1.0485246008406373
63057.418 lsst_hardware_y 98.48267078928028 50.77000045776367 30.049999237060547 AB 10.91091670265038 1.0469873290296792
63062.3477 lsst_hardware_i -13.191961667923414 31.899999618530273 31.25 AB 3.9840442299379415 1.0904733077700675
63062.3634 lsst_hardware_z 79.919187465953 42.119998931884766 30.950000762939453 AB 3.9753268985341452 1.0659141704071546
63065.38 lsst_hardware_g -4.776210235359615 15.029999732971191 31.450000762939453 AB 1.8856893199775029 1.0470234980441437
63065.401 lsst_hardware_r 4.882031997779175 23.90999984741211 31.510000228881836 AB 1.9251477479766685 1.0488410503822765
63069.379 lsst_hardware_u -2.793930785089196 2.7699999809265137 28.469999313354492 AB 5.599340054120052 1.0458725293710114
63069.4003 lsst_hardware_g -0.6886252156266315 14.75 31.450000762939453 AB 5.677892335971382 1.0556155865157113
63077.3956 lsst_hardware_i -1.1973004989003946 44.439998626708984 32.0 AB 5.033648617181386 1.0760449524570523
63077.4211 lsst_hardware_z -72.5277153856249 61.20000076293945 31.690000534057617 AB 4.289274719789278 1.1297971078070006
63079.1867 lsst_hardware_z 38.32362910589542 92.86000061035156 31.6299991607666 AB 8.273087725719058 1.8202613257905234
63079.2114 lsst_hardware_r -115.51368274861066 108.0199966430664 32.279998779296875 AB 6.778929254925721 1.5249540915399793
63085.339 lsst_hardware_r -111.56051778581596 106.2300033569336 32.400001525878906 AB 4.463958268580673 1.0463628398438893
63085.3612 lsst_hardware_i 47.60692785707573 93.31999969482422 32.08000183105469 AB 4.5172986701274445 1.0599425920286525
63088.2778 lsst_hardware_z -18.320456413893357 44.38999938964844 30.959999084472656 AB 4.713245729918126 1.0884465631125515
63088.2952 lsst_hardware_r 35.20516993960701 32.77000045776367 31.579999923706055 AB 5.134237901951558 1.062622539210395
63091.3362 lsst_hardware_u -5.060924365063553 2.869999885559082 28.520000457763672 AB 4.906461827198815 1.052474740380855
63091.3542 lsst_hardware_g -1.1994202961900569 15.449999809265137 31.469999313354492 AB 4.982935675225574 1.071368668076881
63094.3097 lsst_hardware_i -91.51209643577087 31.010000228881836 31.260000228881836 AB 5.023985888419125 1.0458285164804062
63094.3275 lsst_hardware_r 2.602378304314818 23.59000015258789 31.510000228881836 AB 5.051238058721285 1.0521220701356562
63099.2878 lsst_hardware_u 1.9925258096750862 2.7100000381469727 28.40999984741211 AB 1.1292895146889537 1.0468500715540705
63100.2223 lsst_hardware_r 0.5712184627872393 24.299999237060547 31.5 AB 2.2624651890067136 1.142755377897153
63102.2464 lsst_hardware_z 23.95689935585315 42.02000045776367 30.940000534057617 AB 2.739428377207137 1.0768193306632703
63102.2639 lsst_hardware_r 48.301176469960154 23.65999984741211 31.510000228881836 AB 3.0405295368731813 1.0557394225254102
63110.2187 lsst_hardware_z -140.6551766191883 86.25 30.989999771118164 AB 1.7364294928123927 1.086683385332397
63110.2357 lsst_hardware_r -138.6756309764533 129.07000732421875 31.65999984741211 AB 1.7310497842872106 1.0619937326915403
63115.2149 lsst_hardware_z -99.51401983369834 70.81999969482422 31.719999313354492 AB 0.43988298749878285 1.0709263237949673
63118.1996 lsst_hardware_g -13.411351864169447 21.299999237060547 32.189998626708984 AB 3.5282935226813277 1.081883793846325
63118.2169 lsst_hardware_r 14.343932162289748 33.810001373291016 32.25 AB 3.208183399227757 1.0588064023853985
63123.1889 lsst_hardware_i 8.451333374249836 31.420000076293945 31.25 AB 0.9406480332790021 1.077077900701275
63123.2075 lsst_hardware_u -2.3385085511615493 2.740000009536743 28.43000030517578 AB 0.9480499717042651 1.0549517489290783
63146.1504 lsst_hardware_i 34.290052944692164 31.73171801087002 31.260000228881836 AB 4.026901316320063 1.0508615126093928
63146.1698 lsst_hardware_z -64.92838313556263 41.8556628798117 30.950000762939453 AB 4.702469863371102 1.0459617861066401
63152.1359 lsst_hardware_i 642.8538731687561 40.37915953686508 31.25 AB 6.2054988230017765 1.0497777666317236
63152.1537 lsst_hardware_r 744.1099774199744 36.05694388790412 31.5 AB 6.168298777378593 1.0459914552185843
63154.1069 lsst_hardware_z 1028.0019873339104 52.004047508390606 30.950000762939453 AB 6.653126626232527 1.0730849397149236
63154.126 lsst_hardware_u 3.3611555231718997 3.429634317071433 28.489999771118164 AB 6.482791968932126 1.0525436832254371
63156.1116 lsst_hardware_g 1024.4175127429871 34.824116836222025 31.459999084472656 AB 7.308307252353326 1.0603787757628214
63156.1298 lsst_hardware_r 2142.05922518947 52.37364621799448 31.520000457763672 AB 6.704656540264314 1.047602584416299
63160.1103 lsst_hardware_i 3239.614727580842 64.84742896471322 31.260000228881836 AB 2.8769715241179785 1.0520694282924192
63160.1287 lsst_hardware_u 11.225590165085034 4.662622967453257 28.549999237060547 AB 2.8003457212820604 1.0458156559001843
63164.0951 lsst_hardware_i 4877.767790850589 85.92795182604036 31.31999969482422 AB 4.789775870828452 1.0553266460403463
63164.1118 lsst_hardware_r 6212.108790412515 96.76837819320714 31.639999389648438 AB 4.7428303859913825 1.0464819003400982
63167.0868 lsst_hardware_z 7612.040962492335 141.28593078162316 31.75 AB 3.942688904689542 1.0554177490915166
63169.0783 lsst_hardware_z 3981.7653372473283 98.52130404588061 30.989999771118164 AB 5.416054728377939 1.0581676447498416
63169.0959 lsst_hardware_r 7313.099106678754 143.83710741414924 31.65999984741211 AB 6.282418850741765 1.0470698084569607
63171.0759 lsst_hardware_i 6214.762759882 98.26978943463081 31.329999923706055 AB 4.449383925156629 1.0553984404403942
63171.0951 lsst_hardware_z 3974.797196225121 84.97186016702355 30.979999542236328 AB 5.6521793130290385 1.0460541603385018
63180.0553 lsst_hardware_z 3564.480380246435 71.25925984761776 30.950000762939453 AB 9.112692346591341 1.052334701378912
63180.0745 lsst_hardware_i 5278.077886263206 78.56704782230429 31.25 AB 9.031653487783329 1.0458144381408034
63182.046 lsst_hardware_u -0.4422351876195022 3.3584993455239838 28.389999389648438 AB 4.793619341915986 1.0552821886442558
63182.0652 lsst_hardware_g 1591.3149005570947 43.12639410657208 31.440000534057617 AB 4.763380106928314 1.0460346103603215
63185.0469 lsst_hardware_r 4147.766726999437 68.3958385111759 31.510000228881836 AB 5.63209213797616 1.0491974921714158
63185.0653 lsst_hardware_i 4373.671770044399 73.19066051570736 31.25 AB 5.489054479690323 1.0462316743906077
63188.038 lsst_hardware_z 4834.836167636405 90.21062914650554 31.690000534057617 AB 7.96957225264368 1.049560103070975
63190.0283 lsst_hardware_y 624.726127803457 55.02814864664591 30.040000915527344 AB 7.886096374846515 1.0521224803842
63190.0487 lsst_hardware_g 945.2386866604011 36.72746779104499 31.549999237060547 AB 6.867639205821912 1.045873199104941
63192.0189 lsst_hardware_y 859.6307675075176 71.88016216611526 30.059999465942383 AB 5.024427851163074 1.0551087465693143
63192.0399 lsst_hardware_i 3448.4365145015518 73.2076681147114 31.290000915527344 AB 4.878370592054863 1.0458507004083748
63194.0195 lsst_hardware_y 528.5094218170792 79.82553336730889 30.06999969482422 AB 8.102019901262063 1.050754785742097
63194.0383 lsst_hardware_i 3317.2893343515602 87.2965421094946 31.329999923706055 AB 8.143127371566132 1.045912664926934
63196.021 lsst_hardware_y 721.0870421580182 81.32170676403136 30.06999969482422 AB 5.060217244322333 1.0474471629729523
63196.0413 lsst_hardware_z 2192.4169356586967 79.00735993379237 30.979999542236328 AB 5.074202311539938 1.0479558677281986
63198.0207 lsst_hardware_y 1437.845631499323 115.11026673918202 30.81999969482422 AB 4.66163290241147 1.0461474197511547
63198.033 lsst_hardware_i 5829.008545966907 127.21875222921004 32.08000183105469 AB 4.691242952665514 1.0469771695956065
