data/validation/pwv_sim_epoch_fit_seasonal/8741588.ecsv
# %ECSV 0.9
# ---
# datatype:
# - {name: time, datatype: float64}
# - {name: band, datatype: string}
# - {name: flux, datatype: float64}
# - {name: fluxerr, datatype: float64}
# - {name: zp, datatype: float64}
# - {name: zpsys, datatype: string}
# - {name: pwv, datatype: float64}
# - {name: airmass, datatype: float64}
# meta: {SNID: '8741588', alt: 1024.0, c: -0.05238834396004677, dec: -49.31284, lat: -30.244573, lon: -70.7499537, ra: 176.903671, t0: 62617.3671875,
#   x0: 2.1925734300860204e-06, x1: -0.5921643376350403, z: 0.8582685589790344}
# schema: astropy-2.0
time band flux fluxerr zp zpsys pwv airmass
62519.3578 lsst_hardware_y 109.6838240972649 74.05999755859375 30.799999237060547 AB 7.06996426459703 1.0593161504721542
62521.3554 lsst_hardware_r -3.845924480082795 78.9000015258789 31.649999618530273 AB 10.32812767630516 1.059132202871876
62521.3678 lsst_hardware_z 11.895399679390943 64.62000274658203 30.979999542236328 AB 10.4372791538309 1.060779953129643
62523.3622 lsst_hardware_z -37.38429165899812 56.439998626708984 30.969999313354492 AB 9.4473116583043 1.0607408576261423
62523.3733 lsst_hardware_y -34.1224623697234 67.30999755859375 30.059999465942383 AB 9.491654234040224 1.0654604292574759
62527.3345 lsst_hardware_g -44.96121407622248 37.470001220703125 31.670000076293945 AB 14.808151618720274 1.0594909338459533
62527.3487 lsst_hardware_i -24.271870818596213 39.849998474121094 31.280000686645508 AB 14.821052722965263 1.060091628920273
62529.3385 lsst_hardware_r -5.69239749035219 25.850000381469727 31.530000686645508 AB 12.512647314900718 1.0593315162676455
62529.3516 lsst_hardware_z 13.359771624532153 41.88999938964844 30.940000534057617 AB 12.548792590832623 1.062811506359073
62533.34 lsst_hardware_i -12.786358378264415 30.260000228881836 31.25 AB 12.43581731175207 1.0625271113937176
62533.3528 lsst_hardware_z 36.58204861429194 41.380001068115234 30.950000762939453 AB 12.627485405999984 1.06991431688649
62535.3464 lsst_hardware_r -17.776509981007084 22.079999923706055 31.479999542236328 AB 11.453585082249168 1.0692293766102607
62535.3573 lsst_hardware_g -6.29621411353843 13.319999694824219 31.389999389648438 AB 11.523231783069136 1.07861763960085
62537.3428 lsst_hardware_r -39.5147811349857 21.90999984741211 31.469999313354492 AB 7.3519737395704645 1.0706108230671145
62537.3553 lsst_hardware_i -1.1503835459543263 30.15999984741211 31.229999542236328 AB 7.4319977975062885 1.0822641049702744
62539.2831 lsst_hardware_g -18.697675824349382 13.010000228881836 31.3700008392334 AB 4.5123594568245 1.0663944991215315
62539.2947 lsst_hardware_i 57.834592188649644 29.940000534057617 31.239999771118164 AB 3.8469132870248126 1.061071103854589
62541.2888 lsst_hardware_z 49.16514611649324 41.09000015258789 30.940000534057617 AB 5.6134568989792 1.0612118405027184
62541.3003 lsst_hardware_r -49.51144666868511 21.940000534057617 31.479999542236328 AB 5.8028586557177215 1.0591574092115392
62543.2941 lsst_hardware_g -12.168503830135636 13.079999923706055 31.389999389648438 AB 3.966670751985841 1.0591911220255916
62543.3051 lsst_hardware_r 43.59312538588466 21.889999389648438 31.479999542236328 AB 4.039052944501206 1.0601188830712043
62546.2841 lsst_hardware_i -64.99964429544607 30.049999237060547 31.239999771118164 AB 3.6569845256994133 1.0593302348378544
62546.2949 lsst_hardware_z 29.935903219699917 41.06999969482422 30.950000762939453 AB 2.7432754584442147 1.059725260794787
62548.2776 lsst_hardware_z -39.445649115322475 53.220001220703125 30.969999313354492 AB 4.807772074971621 1.0594473501479993
62548.289 lsst_hardware_r -143.54635860289625 65.48999786376953 31.639999389648438 AB 4.804292291229369 1.0596534848133006
62550.279 lsst_hardware_z -49.029195007137865 64.04000091552734 30.989999771118164 AB 5.027148503477204 1.05918325066678
62550.2897 lsst_hardware_r 28.48886684143923 92.80999755859375 31.65999984741211 AB 5.085418871560962 1.061120265323101
62552.2747 lsst_hardware_i 40.838773528147435 71.02999877929688 31.329999923706055 AB 2.866699173295339 1.0592557605476063
62552.286 lsst_hardware_z 53.582150791665036 63.58000183105469 30.989999771118164 AB 2.8931747171773994 1.0617154925421648
62554.2764 lsst_hardware_r 2.4142506694817785 66.12000274658203 31.639999389648438 AB 10.123699257589625 1.06044335798774
62554.2878 lsst_hardware_z -2.671720331401757 54.90999984741211 30.969999313354492 AB 10.161399356900278 1.0649966573457648
62557.2694 lsst_hardware_i 4.432758190992311 34.599998474121094 31.270000457763672 AB 9.347480484574442 1.0607671907143033
62557.2803 lsst_hardware_z -44.42222125406537 43.099998474121094 30.950000762939453 AB 9.431990388559688 1.0653804162608131
62559.275 lsst_hardware_r 4.056467154327467 22.780000686645508 31.489999771118164 AB 6.286286248980879 1.0654722455899794
62559.2868 lsst_hardware_g 29.766909182246764 14.899999618530273 31.450000762939453 AB 6.40542348037417 1.073954643778154
62561.2721 lsst_hardware_r -4.250439538072704 21.940000534057617 31.479999542236328 AB 4.146834063635475 1.0670070708584536
62561.2839 lsst_hardware_i -14.91953817603266 30.06999969482422 31.239999771118164 AB 4.167354000084148 1.0762794421704929
62563.2489 lsst_hardware_i 43.403103648194346 30.049999237060547 31.239999771118164 AB 5.539972846250639 1.0598086046902129
62563.2594 lsst_hardware_z -77.45303565320945 41.029998779296875 30.940000534057617 AB 6.194364136784262 1.0631059731323105
62566.2533 lsst_hardware_r 11.658484936831842 21.84000015258789 31.469999313354492 AB 8.295079154432045 1.0640969571135235
62566.2662 lsst_hardware_u 1.3584902408371458 2.5 28.299999237060547 AB 8.346139445930921 1.072688137684311
62568.2494 lsst_hardware_g 0.5371578187521997 13.09000015258789 31.3700008392334 AB 11.496048934074619 1.064909121293888
62568.2616 lsst_hardware_r -19.934000516346288 21.93000030517578 31.469999313354492 AB 10.626824732880788 1.073416639684928
62571.2428 lsst_hardware_i 7.944210292739391 30.1299991607666 31.239999771118164 AB 9.200978491347444 1.0658018427160512
62571.2543 lsst_hardware_z -74.59033523810963 41.25 30.940000534057617 AB 9.48108779528485 1.074192074242725
62572.2432 lsst_hardware_r -21.26510744968181 22.030000686645508 31.479999542236328 AB 7.901317473462345 1.0677456045219385
62572.2557 lsst_hardware_g -5.287559369918326 13.300000190734863 31.399999618530273 AB 8.609717616896887 1.0780563817642916
62575.2496 lsst_hardware_r 7.505069730586271 34.13999938964844 31.56999969482422 AB 9.962043485702532 1.0801890469723354
62575.2614 lsst_hardware_i 56.61044674377368 36.65999984741211 31.260000228881836 AB 9.521915492422588 1.0944730451060447
62580.2 lsst_hardware_r -19.131208516605987 112.4000015258789 31.649999618530273 AB 5.615048515547169 1.0594431161409754
62580.2119 lsst_hardware_z -70.03316008498204 74.87000979162224 30.989999771118164 AB 5.221841236012873 1.0626457541743737
62582.1987 lsst_hardware_y -35.932428163304294 53.50279493249715 30.049999237060547 AB 5.083905378233821 1.0601592586463784
62582.2116 lsst_hardware_r 111.80139401375588 82.04999946800949 31.649999618530273 AB 6.113063503965334 1.0651482800578482
62584.1993 lsst_hardware_i 45.36273140040656 46.020781247714226 31.299999237060547 AB 6.316922618537383 1.0619800140440268
62584.2118 lsst_hardware_z -36.57325133069952 48.81473147161375 30.959999084472656 AB 6.339576238954347 1.068678038763982
62587.1567 lsst_hardware_z 65.44204536881523 41.20980356206089 30.940000534057617 AB 7.3407471226718375 1.0638763945901213
62587.1692 lsst_hardware_r -35.06305973726066 22.46459584316313 31.479999542236328 AB 7.098237288311952 1.0597547459408707
62589.1529 lsst_hardware_u -0.0656957275979263 2.573327320609764 28.350000381469727 AB 6.977494891026674 1.063102319607924
62589.1645 lsst_hardware_r -16.662947232569394 22.39435578243549 31.479999542236328 AB 6.98791880780649 1.0596318450980322
62591.1462 lsst_hardware_i 60.50539096970766 31.18416933285069 31.239999771118164 AB 5.3813974123616 1.0636749344985126
62591.1565 lsst_hardware_z 42.338280542332974 41.62618264807633 30.940000534057617 AB 5.355376004467662 1.0601031334621986
62594.1855 lsst_hardware_u -5.302213753819002 2.9375438667709064 28.350000381469727 AB 6.679444991425001 1.0693956118195647
62594.1974 lsst_hardware_g 97.47081775456117 15.912320760562945 31.3799991607666 AB 6.785132796194198 1.0798619834791827
62596.1414 lsst_hardware_g 113.68538023186292 16.768537804623953 31.389999389648438 AB 7.481799655908064 1.0604459495286949
62596.1545 lsst_hardware_r 94.7910164787776 24.229043627839715 31.489999771118164 AB 7.463653348785846 1.0592752410993331
62598.1408 lsst_hardware_i 254.45668720229767 34.39009541746685 31.239999771118164 AB 10.720490269257231 1.0595114744777367
62598.1535 lsst_hardware_z 260.65543834065915 43.04594769788219 30.940000534057617 AB 10.751897329748815 1.0598571331158062
62600.1235 lsst_hardware_z 248.6424458599008 43.6545323239074 30.940000534057617 AB 7.572662014399289 1.0628297564069178
62600.1362 lsst_hardware_r 224.63284187544048 26.33655454416092 31.479999542236328 AB 7.325280205305797 1.0594085190983868
62602.1354 lsst_hardware_r 302.4756182598018 32.6436043074371 31.549999237060547 AB 3.1625000961842815 1.0591683269386374
62602.1464 lsst_hardware_i 497.45211076972794 39.04730563209922 31.260000228881836 AB 3.224690732587466 1.0607535304564033
62604.1304 lsst_hardware_z 339.97714991900096 49.97750184654839 30.969999313354492 AB 8.98621624442067 1.0591748839313233
62604.1414 lsst_hardware_i 527.0628879290803 47.715386723686414 31.299999237060547 AB 9.058207887230294 1.0608871232360289
62608.132 lsst_hardware_r 509.1150368047869 110.02226452917466 31.65999984741211 AB 15.507244968301544 1.0613646401009302
62608.1435 lsst_hardware_i 828.4688310394525 89.11945327007837 31.34000015258789 AB 15.630920777600785 1.0668599520590243
62613.9936 lsst_hardware_z 608.5810434281611 48.92084348304087 30.93000030517578 AB 7.9577138860717165 1.2233540012921238
62614.0001 lsst_hardware_r 488.0743214951955 31.79488377138315 31.459999084472656 AB 7.303969682575918 1.2024974781982085
62616.1142 lsst_hardware_r 912.4329091421201 44.13748806417737 32.22999954223633 AB 14.404299594978584 1.0629172004657668
62616.1269 lsst_hardware_i 1559.4354677191882 57.66411387210318 32.0 AB 15.13431936804509 1.0704962653935177
62620.1039 lsst_hardware_u 0.9947908965623208 2.671782862022595 28.399999618530273 AB 9.38551837765146 1.0631935631519984
62620.1152 lsst_hardware_g 32.057439892047086 15.007283821471564 31.389999389648438 AB 9.425136127458067 1.0699135712413794
62623.0897 lsst_hardware_i 712.2162789768331 39.88898247568368 31.260000228881836 AB 9.535265505416705 1.0609474832174357
62623.101 lsst_hardware_z 545.7205786943205 47.06086263650759 30.959999084472656 AB 9.530326431399917 1.0659326794370305
62625.0464 lsst_hardware_z 562.394280295832 46.793228745808975 30.950000762939453 AB 11.756750602046697 1.0676308211084904
62625.0565 lsst_hardware_r 296.06260477101586 28.346973545647728 31.489999771118164 AB 11.6525556226599 1.0623170409937004
62627.045 lsst_hardware_u -0.10493307791731372 2.7360932999234664 28.479999542236328 AB 3.8360727803038746 1.0651812607285842
62627.0575 lsst_hardware_r 301.00395534892687 27.71814698574809 31.5 AB 3.8184080668138254 1.060276212554746
62631.0897 lsst_hardware_z 412.091993461304 47.237502566803066 30.950000762939453 AB 8.134800064255307 1.0735466927423698
62631.1011 lsst_hardware_i 499.82846710076467 39.78155241436145 31.25 AB 8.226366331315775 1.085093662828132
62633.0408 lsst_hardware_r 289.3450116204373 45.98844330347752 31.610000610351562 AB 10.801024447830303 1.0603533633898936
62633.0525 lsst_hardware_z 309.67459024563186 50.36423572738795 30.959999084472656 AB 12.081564581828646 1.0592288779439458
62639.0215 lsst_hardware_r 246.19259852320673 89.95938452378991 31.649999618530273 AB 7.7372490889609224 1.0611690847194442
62639.034 lsst_hardware_i 211.14397282831476 73.23194779468268 31.329999923706055 AB 7.7227457765363186 1.0591799453503918
62644.0197 lsst_hardware_u -7.00302360725902 2.6401116163039573 28.43000030517578 AB 1.2950341390867883 1.0591882271702195
62644.0318 lsst_hardware_r 56.98068023851894 23.695814506870395 31.489999771118164 AB 1.4066087793965938 1.0607909346882305
62649.0835 lsst_hardware_u -3.142378196093245 2.5879296709491797 28.34000015258789 AB 8.68593961148942 1.1365311889420242
62649.0944 lsst_hardware_g 6.289664975048294 13.859644650958169 31.360000610351562 AB 8.910249563608616 1.1617013772631832
62654.0179 lsst_hardware_r 56.74997502322294 22.961270776372245 31.469999313354492 AB 11.434609919272694 1.066877004301841
62654.0312 lsst_hardware_g 36.697672792992186 13.915210433234572 31.3700008392334 AB 11.575480337988566 1.0774988485115216
62655.017 lsst_hardware_r 56.17498231384294 22.874134554169 31.469999313354492 AB 9.628602723511051 1.068064639324545
62655.0284 lsst_hardware_i 158.1493424965705 31.73268602474851 31.239999771118164 AB 9.710800290008025 1.0774314962793488
62656.9975 lsst_hardware_i 139.51013690506286 31.537987029245677 31.239999771118164 AB 12.61991642748113 1.0611511094356014
62657.0095 lsst_hardware_z 122.9417404912421 42.47010112372152 30.940000534057617 AB 10.781266487222613 1.0667480033531611
62881.3527 lsst_hardware_i -21.96284797143522 44.7599983215332 31.299999237060547 AB 5.721535929197716 1.0631860873729846
62881.3664 lsst_hardware_z -8.177728940827059 62.45000076293945 30.979999542236328 AB 5.662026888814741 1.0593788615719235
62883.3548 lsst_hardware_r 1.916317827375565 31.420000076293945 31.579999923706055 AB 2.43915542599926 1.060502359130113
62883.3678 lsst_hardware_y -22.308291398633127 59.29999923706055 30.059999465942383 AB 2.4362549847214243 1.0592412977049672
62889.3608 lsst_hardware_u 4.6212323204360475 3.1700000762939453 28.56999969482422 AB 9.907520993176547 1.0609612072044063
62889.3745 lsst_hardware_y -6.810071577820984 66.06999969482422 30.059999465942383 AB 10.145142443362714 1.067460273922851
62891.3552 lsst_hardware_r -22.766376745055506 22.290000915527344 31.5 AB 10.169806541723213 1.0609204424991616
62891.3679 lsst_hardware_y 15.100862954619368 51.70000076293945 30.049999237060547 AB 10.313574969683131 1.0667376283071675
62893.3401 lsst_hardware_z -2.166493727139177 41.06999969482422 30.950000762939453 AB 11.611198701391912 1.0592226511030753
62893.3522 lsst_hardware_u -4.317793749216923 2.7300000190734863 28.469999313354492 AB 11.673707310483817 1.061728723099938
62895.3428 lsst_hardware_g -16.448487715535112 13.390000343322754 31.420000076293945 AB 12.336826773913328 1.0605101994122994
62895.3544 lsst_hardware_r -3.5000798741499906 22.229999542236328 31.489999771118164 AB 12.276720282855877 1.065225187232614
62897.345 lsst_hardware_i 12.249403075202586 30.280000686645508 31.25 AB 12.2343732171123 1.0632421683469613
62897.3564 lsst_hardware_z -30.213015872480305 41.40999984741211 30.950000762939453 AB 12.450328357092861 1.0700754926594638
62906.2607 lsst_hardware_i 29.840347407791114 69.11000061035156 31.329999923706055 AB 5.715261616806699 1.081207267651662
62906.2725 lsst_hardware_z 81.68854424596034 62.59000015258789 30.979999542236328 AB 5.672483477207256 1.0704145446988154
62910.2994 lsst_hardware_r 50.77186263717375 51.41999816894531 31.6299991607666 AB 6.041757760284677 1.0599575018043292
62910.3103 lsst_hardware_i 9.37831867213973 46.66999816894531 31.309999465942383 AB 6.062613160394082 1.0636163439287862
62917.2726 lsst_hardware_r -3.2560938439083644 21.940000534057617 31.489999771118164 AB 2.8993171519296017 1.059175773963566
62917.2845 lsst_hardware_i -6.084656500934107 30.049999237060547 31.25 AB 2.9142696217113984 1.0610204933415286
62919.2738 lsst_hardware_z 9.977751553130327 41.099998474121094 30.950000762939453 AB 9.878490546392056 1.0597722657407775
62919.2859 lsst_hardware_i -9.152892263738757 30.110000610351562 31.25 AB 10.093749038395648 1.0637035633370022
62921.2716 lsst_hardware_u -1.0782625144798923 2.6500000953674316 28.440000534057617 AB 10.491403625356902 1.0604697139800436
62921.2816 lsst_hardware_g 5.922625729966384 13.119999885559082 31.389999389648438 AB 10.528353343056015 1.0642763045798347
62923.2735 lsst_hardware_r 22.383111390143565 21.969999313354492 31.479999542236328 AB 6.89638519483251 1.063026619627362
62923.2844 lsst_hardware_i 23.836543680054817 30.260000228881836 31.25 AB 6.945039743160606 1.069345064128609
62927.2542 lsst_hardware_r -43.34320809613578 21.8799991607666 31.479999542236328 AB 3.708674196142829 1.0602270429224783
62927.2666 lsst_hardware_g 14.529588936374294 13.029999732971191 31.3700008392334 AB 3.655807608439233 1.0650051296676732
