data/validation/pwv_sim_epoch_fit_seasonal/8880518.ecsv
# %ECSV 0.9
# ---
# datatype:
# - {name: time, datatype: float64}
# - {name: band, datatype: string}
# - {name: flux, datatype: float64}
# - {name: fluxerr, datatype: float64}
# - {name: zp, datatype: float64}
# - {name: zpsys, datatype: string}
# - {name: pwv, datatype: float64}
# - {name: airmass, datatype: float64}
# meta: {SNID: '8880518', alt: 1024.0, c: -0.11110410839319229, dec: -35.869247, lat: -30.244573, lon: -70.7499537, ra: 171.210938, t0: 61800.1796875,
#   x0: 3.0104100243232493e-06, x1: -1.2695168256759644, z: 0.7542148232460022}
# schema: astropy-2.0
time band flux fluxerr zp zpsys pwv airmass
61764.2607 lsst_hardware_r -12.230886762293858 24.450000762939453 31.420000076293945 AB 9.047556615692276 1.4329357959601323
61764.2836 lsst_hardware_i 46.96973452250731 32.93000030517578 31.209999084472656 AB 8.121898618639475 1.2888322479691527
61766.2651 lsst_hardware_z 84.05238755542484 45.35463265459404 30.920000076293945 AB 8.573723901202444 1.3650252987107856
61766.2855 lsst_hardware_r -10.591742535292964 23.628070819159593 31.469999313354492 AB 7.8783474342353585 1.251673739402707
61768.2621 lsst_hardware_u 3.761581656349647 2.6698492667309566 28.209999084472656 AB 9.699266480620599 1.3495413968049994
61768.2859 lsst_hardware_r 15.66562494016619 23.560118343946076 31.469999313354492 AB 8.790881165666303 1.2247405058223402
61770.2573 lsst_hardware_i 72.38330366562126 33.00586817180228 31.209999084472656 AB 7.562711416027813 1.345478680390419
61770.2787 lsst_hardware_z 22.617510131946435 43.622855261215996 30.93000030517578 AB 6.925955092028257 1.2325042798680037
61772.264 lsst_hardware_r -74.33344795699018 24.179322853498814 31.450000762939453 AB 6.216531415026137 1.2771070495842236
61772.286 lsst_hardware_u -2.731898774955826 3.075755784727118 28.309999465942383 AB 5.722036997706584 1.1798014428260999
61774.2629 lsst_hardware_g 13.680517487391834 14.228375486004877 31.34000015258789 AB 3.4088510377345127 1.255330892187263
61774.2851 lsst_hardware_r -23.730406029092155 23.363566250893435 31.469999313354492 AB 3.176300381215056 1.163195940386373
61776.259 lsst_hardware_i 100.261258275517 33.19397031478175 31.219999313354492 AB 9.30155183507055 1.2478604554696204
61776.2818 lsst_hardware_z 35.324771424734145 43.16216503221745 30.93000030517578 AB 8.637762875348885 1.1557081717084408
61778.2687 lsst_hardware_r 85.9315293055196 24.49237930411446 31.469999313354492 AB 10.531245376779836 1.1832859973909928
61778.2917 lsst_hardware_g 119.87043995752168 17.734595919229033 31.399999618530273 AB 9.756255014531142 1.1089173692351817
61780.3045 lsst_hardware_z 110.60059363193028 50.10729148704921 30.959999084472656 AB 7.628602587964326 1.0663408705569368
61780.3211 lsst_hardware_r 120.48004385383452 44.64761008299377 31.6200008392334 AB 7.471689468748248 1.0382393481203707
61782.2997 lsst_hardware_z 304.41543746407024 84.66893782805637 31.729999542236328 AB 7.335287116283751 1.0650402356427864
61783.299 lsst_hardware_r 352.0688525739038 84.99169526928563 31.649999618530273 AB 5.811766895667083 1.061138456065685
61783.3155 lsst_hardware_z 216.169308268394 61.0615317475233 30.989999771118164 AB 5.750174152772388 1.0346847281151113
61786.2962 lsst_hardware_r 591.5189474809599 71.11220890952508 31.649999618530273 AB 6.016856514588526 1.0514843836932195
61786.313 lsst_hardware_y 50.87768787604511 52.65773932070766 30.059999465942383 AB 6.000547760899108 1.0276230270837947
61788.2202 lsst_hardware_i 791.2418678583916 52.83342303591609 31.260000228881836 AB 8.473401021921136 1.277718173700101
61788.2395 lsst_hardware_z 400.87815915081467 53.57460729675075 30.950000762939453 AB 7.9708634007412895 1.1906288688619777
61790.2227 lsst_hardware_r 672.4611412641013 36.99962992375218 31.469999313354492 AB 12.251538003825033 1.2388847732864359
61790.2403 lsst_hardware_g 233.28202009725067 23.577904495055495 31.459999084472656 AB 11.736854331367555 1.1671687409995155
61792.2205 lsst_hardware_r 782.1473093860416 36.26895480169094 31.459999084472656 AB 11.629933458879801 1.2242035219873475
61792.239 lsst_hardware_i 895.7848339547816 43.52370157416737 31.239999771118164 AB 10.950853721906503 1.1527214444112108
61796.2188 lsst_hardware_u 2.9299436164839836 2.6607695227734895 28.290000915527344 AB 16.77989565387748 1.1861936698626807
61796.2374 lsst_hardware_g 137.38119740325422 18.513681204750682 31.389999389648438 AB 15.875685833184217 1.123425385357833
61798.2075 lsst_hardware_r 793.3274827285234 36.89499988434296 31.459999084472656 AB 12.829074531591623 1.2096814054178675
61798.225 lsst_hardware_i 1068.9167325068106 44.97765874245202 31.219999313354492 AB 11.44844148736943 1.144844148736943
61800.2088 lsst_hardware_z 1236.790309255276 69.49884200355866 31.670000076293945 AB 14.475850564533504 1.1826675297821492
61800.2262 lsst_hardware_u 0.6536877469108757 3.661310966262363 28.989999771118164 AB 13.806102647727323 1.1242449429489467
61804.2317 lsst_hardware_z 700.6810684009597 47.98137266066 30.950000762939453 AB 9.790924778675626 1.0817506108358854
61804.2501 lsst_hardware_r 706.5336765445455 34.41272988540604 31.489999771118164 AB 9.560634532293049 1.046479261415614
61806.2287 lsst_hardware_z 581.0534890415145 47.93162765524891 30.940000534057617 AB 5.788087370374205 1.0763194762984327
61806.2467 lsst_hardware_g 76.43573249231798 16.446291427541027 31.389999389648438 AB 5.632935713460447 1.0432650413866738
61809.225 lsst_hardware_r 511.8238221008368 62.148351222146495 31.6299991607666 AB 7.682348706865751 1.0669928759535765
61809.244 lsst_hardware_z 580.2989064366237 54.58061953749576 30.959999084472656 AB 7.365434399028134 1.0353799893204287
61815.2246 lsst_hardware_i 753.3818356366254 69.05354574095426 31.329999923706055 AB 2.3542489600614327 1.0395947569728496
61815.2447 lsst_hardware_z 557.881055374975 63.642820663158695 30.989999771118164 AB 2.2515830864260518 1.0168986464852023
61817.2152 lsst_hardware_r 358.2500629601149 48.11832671930951 31.6200008392334 AB 4.060100845935823 1.045541967665152
61817.2344 lsst_hardware_z 451.11489632858036 50.8053336625196 30.959999084472656 AB 3.9297045853379475 1.0212330003476686
61819.2168 lsst_hardware_g 49.02273729966544 20.15303442289335 31.559999465942383 AB 5.4715227892090725 1.0352438937058908
61819.236 lsst_hardware_i 438.5017090193798 39.09418932285034 31.270000457763672 AB 5.367567580676453 1.015142804856067
61821.1171 lsst_hardware_r 254.81701388582795 27.617363602242555 31.450000762939453 AB 4.306605391269993 1.3514098662493113
61821.1379 lsst_hardware_u -0.5897522982999741 2.7054724666078136 28.3799991607666 AB 4.814152847448375 1.2396428086644458
61823.1212 lsst_hardware_g 4.860419827109179 13.753357073550216 31.350000381469727 AB 7.981912419792921 1.2959227860198759
61823.1394 lsst_hardware_r 143.50420694596437 26.830242858218273 31.479999542236328 AB 7.772063452441729 1.209032427136385
61825.1155 lsst_hardware_i 319.6041686772709 36.56207617143738 31.209999084472656 AB 10.028065343832102 1.2972218414917827
61825.1357 lsst_hardware_z 292.688931275806 46.355988840586726 30.93000030517578 AB 11.190783654746387 1.2017594130956173
61831.1091 lsst_hardware_z 193.7314397621739 46.202012176380016 30.93000030517578 AB 3.6493067583251504 1.2466317780659817
61831.1289 lsst_hardware_i 182.468232476822 34.377133824661534 31.229999542236328 AB 4.006521445436047 1.1652510263022922
61833.1133 lsst_hardware_z 147.0548441427314 45.28386344877209 30.93000030517578 AB 5.426825842829826 1.2040437472535945
61833.1351 lsst_hardware_g 66.06977108769519 16.107020121022533 31.3700008392334 AB 6.0929808536544385 1.1272164874792376
61837.1179 lsst_hardware_z 350.7063529252012 70.94603867630403 31.709999084472656 AB 11.832107558015919 1.146873965656379
61839.1089 lsst_hardware_z 262.27749315106365 61.6242030168469 30.969999313354492 AB 12.913608876314752 1.158794766359897
61839.131 lsst_hardware_r -52.09905103607389 79.49231746351845 31.639999389648438 AB 11.541717676632716 1.0938634305268893
61844.0997 lsst_hardware_i 45.61928799568835 63.91550235344308 31.309999465942383 AB 10.102553728824468 1.1439011581986565
61844.1202 lsst_hardware_z 27.247661877476435 59.548090233684654 30.969999313354492 AB 9.651816757202274 1.0870183114634506
61850.0958 lsst_hardware_u -0.9897804389072149 3.2724284169964157 28.34000015258789 AB 5.424829303953095 1.1071080212149171
61850.1131 lsst_hardware_g 85.1905322192343 16.892688132729262 31.389999389648438 AB 5.227877237916006 1.0669137220236746
61854.0899 lsst_hardware_z 59.4704719830284 42.76290629854667 30.940000534057617 AB 9.76563835133989 1.0942198214336414
61854.1069 lsst_hardware_r 34.47759705884331 23.421332423142527 31.489999771118164 AB 9.476724362718967 1.057906269560033
61858.0815 lsst_hardware_r 66.95238321128508 23.585818918861946 31.479999542236328 AB 7.365591807253326 1.0881358852494203
61858.1003 lsst_hardware_z 79.7368579374749 41.941081945016705 30.940000534057617 AB 7.219837432442925 1.050349144563433
61860.0789 lsst_hardware_r 57.68682945218251 23.348189942915 31.479999542236328 AB 5.161457703037327 1.0815375504024574
61860.098 lsst_hardware_u 7.644368825900264 3.216362156493 28.350000381469727 AB 5.40512376726625 1.0452257708032129
61862.0753 lsst_hardware_g 70.19553674227713 17.582910730039245 31.440000534057617 AB 9.339845457295269 1.0774154817355752
61862.0939 lsst_hardware_r 27.963971389146305 23.32873846761481 31.489999771118164 AB 9.091860827213798 1.0431230871057842
61866.07 lsst_hardware_r 1.6463837692839285 50.90182993845373 31.6200008392334 AB 8.418018145275262 1.0657517908434244
61866.0875 lsst_hardware_z -34.525346940741905 48.83681909894004 30.969999313354492 AB 9.53646938741018 1.0365727595011067
61868.0699 lsst_hardware_z -71.99876107261368 64.43381484215719 30.979999542236328 AB 7.941131457690984 1.055697355508074
61868.0888 lsst_hardware_i -23.19454975377258 71.32222088441549 31.329999923706055 AB 7.667512191024315 1.0280003831369746
61873.9869 lsst_hardware_y -45.71804059431088 51.036594602013224 29.969999313354492 AB 6.113911887197938 1.2700273965928413
61874.0048 lsst_hardware_i 69.58338861479622 32.883315773691706 31.239999771118164 AB 6.002259103871081 1.1902159634882175
61876.0028 lsst_hardware_u 3.2559207458884383 2.813276486906539 28.440000534057617 AB 18.511825363529976 1.177004288353298
61876.0096 lsst_hardware_g 11.34711041751255 15.368537184229114 31.399999618530273 AB 18.06363105563802 1.1529057397955282
61877.9848 lsst_hardware_y 64.5476951558335 50.248491709136324 29.989999771118164 AB 13.803834134559622 1.2281537554659567
61878.005 lsst_hardware_r 3.0070669840049624 23.433728717826956 31.469999313354492 AB 12.305240626226963 1.1500224884324266
61888.9807 lsst_hardware_z 0.670634404408335 42.529998779296875 30.940000534057617 AB 12.02164589571363 1.1317330682882258
61889.0073 lsst_hardware_g -4.368749780566195 13.5600004196167 31.40999984741211 AB 9.0971583267931 1.0655529518937745
61890.9743 lsst_hardware_y 87.04263062153682 49.02000045776367 30.010000228881836 AB 12.942610012842195 1.1346199713195577
61890.9937 lsst_hardware_i 57.107314587081966 31.229999542236328 31.25 AB 12.295117375688646 1.082793251932069
61894.9711 lsst_hardware_y 143.73801899548621 53.400001525878906 30.030000686645508 AB 11.559631634922646 1.1120644204932753
61894.9909 lsst_hardware_r 79.13538537880338 56.75 31.6299991607666 AB 11.00989794246921 1.0655857090632772
61898.9682 lsst_hardware_y -109.66861134734799 59.630001068115234 30.040000915527344 AB 9.554502853968252 1.0913611240445005
61898.9875 lsst_hardware_z -129.53014558263354 71.41000366210938 30.989999771118164 AB 9.150535661358541 1.0517857082021311
61907.9616 lsst_hardware_z -6.616902610586608 44.540000915527344 30.950000762939453 AB 7.816650515105947 1.054072528669836
61907.9796 lsst_hardware_r 16.94459404299525 22.110000610351562 31.489999771118164 AB 7.634274780109875 1.0279774833514803
61909.963 lsst_hardware_y 21.97301613593585 49.06999969482422 30.040000915527344 AB 7.897682580187242 1.042873706613952
61909.9833 lsst_hardware_z 49.26278668673676 40.5 30.950000762939453 AB 7.721492920790324 1.018621817966299
62128.2587 lsst_hardware_r -26.386801563482184 24.34000015258789 31.420000076293945 AB 8.256477633856656 1.4747001801933322
62128.2816 lsst_hardware_g -0.2857770740174557 14.180000305175781 31.350000381469727 AB 7.302926778898239 1.318812962329253
62129.2625 lsst_hardware_r -4.826312204422285 24.219999313354492 31.420000076293945 AB 8.976340708407378 1.4248159854614886
62129.2859 lsst_hardware_i 25.53736304730966 32.560001373291016 31.219999313354492 AB 8.094966366789347 1.280393272456696
62131.2633 lsst_hardware_z -34.412457617075766 46.22999954223633 30.90999984741211 AB 8.697180963550316 1.3812905695382796
62131.2864 lsst_hardware_i -23.031209200382882 32.650001525878906 31.219999313354492 AB 7.845183137496071 1.2506934537404932
62133.2626 lsst_hardware_z 22.200224699275765 51.15999984741211 30.940000534057617 AB 9.701031977660227 1.3507424084739943
62133.2851 lsst_hardware_g 23.624966254039695 14.100000381469727 31.3799991607666 AB 8.843106767817156 1.2314017964840078
62137.2759 lsst_hardware_z 95.81667864470282 85.68000030517578 31.709999084472656 AB 8.656678545163194 1.2237516647730622
62141.2625 lsst_hardware_i -114.9356547823586 81.62000274658203 32.040000915527344 AB 12.96580961959339 1.2348390113898466
62141.2844 lsst_hardware_z -190.63427196658307 78.86000061035156 31.709999084472656 AB 12.043191384992467 1.149305705400731
62145.3022 lsst_hardware_z -27.400267833401774 42.56999969482422 30.950000762939453 AB 8.137229356075201 1.0724519744415422
62145.3197 lsst_hardware_r -3.146721883432377 26.239999771118164 31.530000686645508 AB 7.899006349336513 1.041283930484877
62147.2952 lsst_hardware_u -1.7238208586454165 2.7200000286102295 28.450000762939453 AB 7.960318152773893 1.0757186692937692
62147.3133 lsst_hardware_g -23.945660019751337 14.010000228881836 31.440000534057617 AB 7.715921113214607 1.0426920423262982
62149.2951 lsst_hardware_r -28.681455101746582 22.690000534057617 31.510000228881836 AB 5.818380531561981 1.0647274365430002
62149.3114 lsst_hardware_i -55.82185619755889 30.260000228881836 31.25 AB 5.611557322271269 1.0375121389630018
62151.2971 lsst_hardware_z 62.78994943777061 41.0 30.950000762939453 AB 6.2783295626988345 1.0511476232997463
62151.3148 lsst_hardware_r 27.627426389873392 22.209999084472656 31.5 AB 6.116197620473555 1.0263798658287557
62153.2999 lsst_hardware_u 3.3041523238171866 2.7100000381469727 28.469999313354492 AB 2.767922334463214 1.0383278006051708
62153.3168 lsst_hardware_r -67.40506712956201 22.31999969482422 31.5 AB 2.705908370295087 1.0188867063146405
62155.2198 lsst_hardware_i 2.7263247757145166 31.90999984741211 31.219999313354492 AB 7.482958454933849 1.2558811392895943
62155.2373 lsst_hardware_u 0.744701693071577 2.549999952316284 28.290000915527344 AB 7.034589757600258 1.1807625621216793
62157.2194 lsst_hardware_g -23.420890152818 13.510000228881836 31.350000381469727 AB 14.547399591905693 1.2322039295193707
62157.2368 lsst_hardware_r -22.258285388321156 22.59000015258789 31.469999313354492 AB 13.738403971661237 1.1626867874996292
62159.2215 lsst_hardware_i 21.68268473766407 31.40999984741211 31.229999542236328 AB 10.929193799215254 1.1998565993374783
62159.2409 lsst_hardware_r 4.188614021437735 22.520000457763672 31.469999313354492 AB 10.280788563333644 1.131362857169093
62164.2112 lsst_hardware_r 29.56287146797365 66.7699966430664 31.610000610351562 AB 11.956595742683554 1.1866018468374957
62164.2305 lsst_hardware_i -37.03331243435092 54.189998626708984 31.309999465942383 AB 11.248770899362759 1.1216989429313038
62166.2085 lsst_hardware_z 27.263585199200804 65.4000015258789 30.969999313354492 AB 14.403170194772919 1.1761530454656965
62166.2264 lsst_hardware_r -25.8192949596226 92.41999816894531 31.639999389648438 AB 13.756341648768768 1.1177959086215141
62168.2236 lsst_hardware_z 3.1102099048505636 94.75 31.739999771118164 AB 13.975742619123183 1.1103976656369596
62170.2178 lsst_hardware_r -36.37184303575874 74.55000305175781 31.639999389648438 AB 10.061013626511933 1.1113253513332646
62170.2363 lsst_hardware_z -25.31824405620765 59.47999954223633 30.979999542236328 AB 9.628630799569336 1.067633515623442
62172.2078 lsst_hardware_r -25.801805763066533 42.790000915527344 31.600000381469727 AB 7.519812273892739 1.1242057518153294
62172.2268 lsst_hardware_y -27.13342511515373 49.11000061035156 30.040000915527344 AB 5.769353477997682 1.0760373288152345
62174.2116 lsst_hardware_g -0.8346198433649856 15.579999923706055 31.469999313354492 AB 6.4661384346270605 1.098873579781407
