data/validation/pwv_sim_epoch_fit_seasonal/8886253.ecsv
# %ECSV 0.9
# ---
# datatype:
# - {name: time, datatype: float64}
# - {name: band, datatype: string}
# - {name: flux, datatype: float64}
# - {name: fluxerr, datatype: float64}
# - {name: zp, datatype: float64}
# - {name: zpsys, datatype: string}
# - {name: pwv, datatype: float64}
# - {name: airmass, datatype: float64}
# meta: {SNID: '8886253', alt: 1024.0, c: -0.08032122254371643, dec: -18.209957, lat: -30.244573, lon: -70.7499537, ra: 34.277344, t0: 61271.78515625,
#   x0: 2.180771734228268e-06, x1: -0.5717658400535583, z: 0.8598960041999817}
# schema: astropy-2.0
time band flux fluxerr zp zpsys pwv airmass
61252.4212 lsst_hardware_z 187.57991018815343 60.93973474269546 30.979999542236328 AB 3.5700735204584073 1.0258095023226514
61254.4161 lsst_hardware_z 542.5035543336719 82.95467593474706 31.729999542236328 AB 1.9458340220872887 1.0256526515438578
61254.4358 lsst_hardware_y 142.0797418709959 66.01205728944232 30.06999969482422 AB 1.23729847589178 1.0238299345401574
61257.4114 lsst_hardware_i 571.3901288004804 47.31641276184411 31.290000915527344 AB 1.452545063754704 1.024361822111921
61257.434 lsst_hardware_y 216.91225944729467 65.11413546329891 30.06999969482422 AB 1.1287004783319434 1.0260913439381303
61259.3969 lsst_hardware_r 486.59450613262953 33.91696434693698 31.540000915527344 AB 3.253037030438583 1.0285741032162468
61259.4177 lsst_hardware_y 147.18218742750443 48.68698480700789 30.049999237060547 AB 3.3761740448988733 1.0230830439087495
61262.3971 lsst_hardware_g 122.41843357343986 16.864315464568026 31.43000030517578 AB 5.327769820289938 1.0245711192865266
61262.4164 lsst_hardware_y 158.7785511180688 48.897434335501046 30.049999237060547 AB 5.327549952164293 1.0245288369546717
61265.3965 lsst_hardware_i 674.641645717554 40.70250184488304 31.260000228881836 AB 4.594715200315822 1.0230370610221702
61265.4159 lsst_hardware_z 493.9192945987287 47.187618316275405 30.950000762939453 AB 4.639599534411832 1.028071173722382
61267.3704 lsst_hardware_z 662.3275360117634 46.87333184236376 30.950000762939453 AB 5.745053393047411 1.0318601556093057
61267.3897 lsst_hardware_r 583.0469586301272 32.44455311484889 31.5 AB 5.018624094490084 1.023164953005114
61273.3714 lsst_hardware_i 828.5694686084234 40.546454556650275 31.25 AB 1.8585944134381607 1.0234550734793384
61273.3911 lsst_hardware_z 621.5260019784024 46.90313496001041 30.950000762939453 AB 1.1291129261341757 1.0264662964856142
61277.3655 lsst_hardware_y 148.22912342641825 50.770303110403816 30.049999237060547 AB 2.0272574817794387 1.0229632808272682
61277.3859 lsst_hardware_r 404.2999796513832 46.26589644402857 31.610000610351562 AB 2.300160870455469 1.0298459236424753
61279.3091 lsst_hardware_i 667.3282193040369 73.37208662164419 31.329999923706055 AB 3.2157680769920858 1.069486639429772
61279.3259 lsst_hardware_z 492.50916705933787 65.1888582107806 30.989999771118164 AB 3.153304211761675 1.0435933296875286
61285.32 lsst_hardware_r 188.24012520828956 59.29357495976808 31.639999389648438 AB 2.7818899817841536 1.0328799437317402
61285.3371 lsst_hardware_z 460.4156724629754 54.971023071091906 30.979999542236328 AB 2.2126422367265066 1.0237789412268392
61287.2856 lsst_hardware_r 233.67041679835768 34.04736797874532 31.559999465942383 AB 2.410810758238638 1.0726632962129647
61287.3041 lsst_hardware_z 446.1310186991356 47.54446364151192 30.950000762939453 AB 2.4086727267528807 1.043543675392973
61298.2736 lsst_hardware_g -0.25765595631137633 13.927935299727379 31.420000076293945 AB 2.691732133395157 1.044116421022171
61298.291 lsst_hardware_i 207.9505981018848 33.80542018120798 31.260000228881836 AB 2.58152841415134 1.0282242754187492
61302.2395 lsst_hardware_r 118.27140462018 39.82711812212911 32.279998779296875 AB 6.3970822274737 1.083271996072463
61302.2687 lsst_hardware_u 3.8834020365283917 3.679645115902418 29.110000610351562 AB 5.745770662431424 1.0373767840092845
61304.2555 lsst_hardware_z 201.50401284107053 47.13476143813613 30.959999084472656 AB 4.043469402215398 1.046288578470831
61304.2745 lsst_hardware_r 85.7919536526344 37.315783367503364 31.600000381469727 AB 3.8938144838875344 1.0282960784912858
61306.2496 lsst_hardware_i 158.492119881019 51.8900615932723 31.309999465942383 AB 2.0666802604942163 1.0468620990260868
61306.2669 lsst_hardware_z 109.75034859698134 52.374209502860815 30.969999313354492 AB 1.7607446151988666 1.0296752135667133
61310.2406 lsst_hardware_z 109.14382881406841 79.15520747549152 30.989999771118164 AB 3.5471637307703925 1.0444097744933236
61310.2588 lsst_hardware_i 134.32196480597474 91.74036191642813 31.34000015258789 AB 3.926540880756429 1.0278902829205312
61312.2205 lsst_hardware_r 112.56333393577026 84.44607561652222 31.649999618530273 AB 4.913767349981204 1.066722293173938
61312.2389 lsst_hardware_z 153.7901975152973 62.942512201866286 30.979999542236328 AB 4.811778652685467 1.0400097952490204
61314.22 lsst_hardware_r 41.42689198397162 51.888615725658376 31.6299991607666 AB 4.445897739661286 1.0582111408270538
61314.238 lsst_hardware_y -76.65745982145572 49.87005550313536 30.049999237060547 AB 4.35555620269173 1.0353731984766696
61316.2219 lsst_hardware_g 0.35699109942556034 14.478448355215132 31.43000030517578 AB 3.4396175638103346 1.047386590685143
61316.2404 lsst_hardware_r 71.26039261476123 27.30074203459752 31.540000915527344 AB 3.347272801938366 1.0291384479441557
61320.2176 lsst_hardware_r 47.44101957475278 23.435240682211266 31.5 AB 4.252954266115789 1.0394185579101725
61320.2364 lsst_hardware_u 2.622321775793721 2.724978559404646 28.420000076293945 AB 4.2419355679032815 1.0254477601700116
61322.1986 lsst_hardware_g 58.11397743173084 15.36987514037086 31.43000030517578 AB 3.478119617327083 1.0575006437602679
61322.2171 lsst_hardware_i 115.61079373978426 31.517263217756245 31.25 AB 3.1720637738406907 1.034509180217277
61324.207 lsst_hardware_z 53.050525960408116 42.02763073111884 30.950000762939453 AB 4.005973085082383 1.0390730810346835
61324.2243 lsst_hardware_r 52.92683163176266 23.59276072361266 31.510000228881836 AB 3.6934499063888917 1.0259583073302476
61327.2042 lsst_hardware_u -2.9558094996986704 2.816647060284738 28.450000762939453 AB 8.27694281735566 1.0338424703168803
61327.2212 lsst_hardware_g 34.99079973640757 15.770298224484947 31.440000534057617 AB 6.451790757144402 1.024093770975302
61329.2477 lsst_hardware_r 21.84524608819253 23.4461729172461 31.510000228881836 AB 7.359786932782604 1.0326989066240018
61329.266 lsst_hardware_i 57.81887471652165 31.470344776220134 31.260000228881836 AB 7.681932334255307 1.0539316764349997
61331.1824 lsst_hardware_i 25.415947579021502 33.561448176481875 31.270000457763672 AB 6.087040214932542 1.0454939824691252
61331.2003 lsst_hardware_z 149.974584388757 42.52701335582855 30.959999084472656 AB 6.019829046596699 1.0285910374363922
61333.1789 lsst_hardware_r 16.208523163395242 39.26705165373882 31.610000610351562 AB 2.1970542351935856 1.0430705341957627
61333.1976 lsst_hardware_z 119.83527689885382 45.139346896925055 30.959999084472656 AB 2.227908083988689 1.0270012679730023
61336.1782 lsst_hardware_z 75.09463290554434 58.277561014354475 30.979999542236328 AB 3.3565609372138634 1.0351236442889469
61336.1951 lsst_hardware_i -28.35855219171037 61.40729346438062 31.329999923706055 AB 3.301809720813874 1.0245582501492443
61338.1653 lsst_hardware_z 157.4182614732683 76.52523576265759 31.0 AB 4.562550999311384 1.0430078675582763
61338.1824 lsst_hardware_r -101.71237060036482 112.18734575004284 31.65999984741211 AB 4.716760443992075 1.0278592501481136
61356.1322 lsst_hardware_u -3.3824552763309508 2.6607020579050054 28.420000076293945 AB 4.50203526273137 1.0284881044923935
61356.1508 lsst_hardware_g 9.989999894795815 14.481377295156783 31.43000030517578 AB 4.471702552991919 1.022960779241708
61357.1157 lsst_hardware_r -6.768210627770489 22.999175529412263 31.5 AB 3.5972691434243473 1.0403747643182342
61357.1335 lsst_hardware_z -20.830269824796602 41.60660001502459 30.959999084472656 AB 5.131393113254507 1.0262786226509015
61359.1201 lsst_hardware_r -23.623594619508985 24.042527632717583 31.520000457763672 AB 4.330928565104715 1.031173467882075
61359.138 lsst_hardware_u -3.9839283870439623 2.8535309737083527 28.479999542236328 AB 4.290635111330147 1.023224255966171
61361.1093 lsst_hardware_z 46.22763359326087 42.87438247657671 30.950000762939453 AB 3.2107275334182934 1.0357185591671914
61361.1302 lsst_hardware_g 12.863756637086833 25.096347134107514 31.6200008392334 AB 2.7901740994265958 1.0236353662024316
61364.1089 lsst_hardware_r 73.44109047138004 59.07650327980078 31.639999389648438 AB 5.913015774694308 1.0294247518617854
61364.128 lsst_hardware_i 42.71054892636931 51.57021083084318 31.31999969482422 AB 5.446551377421623 1.0229546191863519
61368.1052 lsst_hardware_z 130.0000810636759 95.77999877929688 31.739999771118164 AB 8.168784269599755 1.0254991341506994
61372.0727 lsst_hardware_i -33.226146583450806 30.18000030517578 31.25 AB 4.029427720464328 1.04272260514054
61372.0918 lsst_hardware_r -10.425975159405192 22.280000686645508 31.489999771118164 AB 3.961807235018363 1.026640900497114
61374.0759 lsst_hardware_u 2.742326367375513 2.75 28.489999771118164 AB 5.102110814366215 1.0338100024043797
61374.0964 lsst_hardware_g -4.559261253883111 13.920000076293945 31.440000534057617 AB 5.173886413524612 1.023316141915511
61379.0641 lsst_hardware_z -23.36490082691949 40.7400016784668 30.950000762939453 AB 1.4895446976598403 1.0322555077337772
61379.0837 lsst_hardware_r 8.315120909225492 22.3700008392334 31.510000228881836 AB 3.8261824443028845 1.0231802231055211
61381.0642 lsst_hardware_u -0.5917891974428311 2.680000066757202 28.459999084472656 AB 4.757535959583862 1.0283229135596805
61381.0805 lsst_hardware_g 3.0574323220043453 13.619999885559082 31.43000030517578 AB 4.566343272983988 1.0229836511863422
61383.0654 lsst_hardware_r 11.018387746092897 22.5 31.5 AB 5.502733244829607 1.0250356867115464
61383.084 lsst_hardware_z -33.891544592168074 40.95000076293945 30.950000762939453 AB 6.358043192817467 1.0239219249243043
61387.0444 lsst_hardware_z 16.178368115065485 42.33000183105469 30.959999084472656 AB 11.617021075873685 1.0306086830973817
61387.0631 lsst_hardware_g 4.775986328889089 14.300000190734863 31.459999084472656 AB 11.761999165983827 1.0230494186295405
61389.0454 lsst_hardware_y 93.28654622130351 49.11000061035156 30.059999465942383 AB 7.885989028372477 1.0266285643178281
61389.0639 lsst_hardware_i -27.261388640087667 31.229999542236328 31.260000228881836 AB 7.8648396191729075 1.023198985919973
61392.0341 lsst_hardware_y 53.579957165480934 71.83999633789062 30.06999969482422 AB 3.6810157289950522 1.028360309818425
61392.0517 lsst_hardware_g 25.940588135214853 42.869998931884766 31.709999084472656 AB 4.169026539855845 1.022948482359427
61394.0335 lsst_hardware_y 5.654985252532325 77.55000305175781 30.079999923706055 AB 4.836641376230548 1.0257988072599253
61394.0553 lsst_hardware_z 44.03463631708779 55.060001373291016 30.989999771118164 AB 5.22518644532864 1.024295309057629
61396.0448 lsst_hardware_y 141.32823639689323 127.30999755859375 31.579999923706055 AB 5.54233083579307 1.0231995389156436
61616.4204 lsst_hardware_r 20.919059100877035 23.1299991607666 31.510000228881836 AB 3.8731825754319615 1.0280056379983973
61616.4391 lsst_hardware_z 31.472248995846815 62.900001525878906 30.989999771118164 AB 3.8728035022433747 1.0230175668512922
61618.4164 lsst_hardware_z 12.897746920381358 41.08000183105469 30.950000762939453 AB 6.442833246636754 1.027182852734775
61618.4371 lsst_hardware_y 27.640953096138965 64.16999816894531 30.06999969482422 AB 6.870044215501431 1.023406748010889
61621.4158 lsst_hardware_u 3.306965264106773 2.7300000190734863 28.450000762939453 AB 2.1224341719586874 1.024093689726749
61621.4343 lsst_hardware_y -16.592352316449745 58.61000061035156 30.059999465942383 AB 1.506327651781284 1.0248288820373856
61623.4095 lsst_hardware_i 35.14225129687286 30.170000076293945 31.260000228881836 AB 2.9466793283846773 1.0243381211070721
61623.4302 lsst_hardware_y 0.1463717939477245 51.86000061035156 30.059999465942383 AB 2.9382983538266845 1.0253454765011112
61625.3969 lsst_hardware_r -19.975315913847034 22.6200008392334 31.5 AB 1.4383545517771426 1.0273961084122447
61625.4168 lsst_hardware_y -50.658110739086844 47.13999938964844 30.049999237060547 AB 1.9021807133238087 1.0232279254028018
61628.394 lsst_hardware_g 18.36088458945855 13.720000267028809 31.40999984741211 AB 6.185132572510469 1.0249618978391695
61628.4126 lsst_hardware_y -59.49924128615991 46.81999969482422 30.040000915527344 AB 6.1809989899289155 1.024022364136666
61630.3938 lsst_hardware_i -28.075174646100237 30.110000610351562 31.260000228881836 AB 4.549445681876274 1.0234973412545048
61630.414 lsst_hardware_z 18.47323738494789 40.959999084472656 30.950000762939453 AB 4.6041690039641825 1.0266659490396763
61648.2743 lsst_hardware_r 29.74931901687175 22.75 31.469999313354492 AB 5.547976223932002 1.129339870183441
61648.2913 lsst_hardware_u -0.43099110282034203 2.609999895095825 28.3700008392334 AB 5.281282455944117 1.0849720857243272
61650.3 lsst_hardware_g -15.59895130816876 13.539999961853027 31.399999618530273 AB 2.8566533524488458 1.058019760166239
61650.3169 lsst_hardware_i -35.55730031013999 30.06999969482422 31.25 AB 2.77214002677262 1.0363140287000447
61654.2809 lsst_hardware_r -18.675881191360116 22.450000762939453 31.479999542236328 AB 0.9285635158159941 1.07255387330753
61654.3005 lsst_hardware_u -1.246499227828719 2.609999895095825 28.389999389648438 AB 0.7295203160037014 1.0421718800052877
61656.2723 lsst_hardware_g -13.211907753914517 13.739999771118164 31.399999618530273 AB 3.042617288492799 1.078878537377034
61656.2912 lsst_hardware_r 17.56292792181986 22.440000534057617 31.489999771118164 AB 2.9517650893979352 1.046941774976361
61673.2501 lsst_hardware_r 45.38341834954352 22.700000762939453 31.5 AB 6.222117634830654 1.0404878988011128
61673.2694 lsst_hardware_i 59.612036873579385 30.290000915527344 31.25 AB 6.010360411810624 1.025658773346523
61677.2227 lsst_hardware_i -0.32807582502880933 30.600000381469727 31.239999771118164 AB 4.90412516704847 1.064051602954086
61677.242 lsst_hardware_z -68.22001767743626 40.9900016784668 30.950000762939453 AB 4.796304280837142 1.037487406627136
61679.2167 lsst_hardware_i 47.170766137693086 30.6200008392334 31.239999771118164 AB 4.49911109964183 1.0650044028031318
61679.2348 lsst_hardware_u -0.831261975993542 2.630000114440918 28.389999389648438 AB 4.386031142444698 1.0393028259021693
61681.2179 lsst_hardware_g -20.723298067401622 14.079999923706055 31.420000076293945 AB 3.425179842107661 1.0540636535183838
61681.2367 lsst_hardware_r -16.132644882771647 22.770000457763672 31.5 AB 3.3268134392947766 1.0323703457858113
61685.2002 lsst_hardware_z -50.301354602110095 42.279998779296875 30.950000762939453 AB 4.8560477783979215 1.0652147580802793
61685.22 lsst_hardware_g 6.030015367356308 17.420000076293945 31.510000228881836 AB 4.15750551545448 1.0376469672516684
61687.2029 lsst_hardware_r -31.60863513438851 38.720001220703125 31.600000381469727 AB 3.4050210857114194 1.0520147535669995
61687.2212 lsst_hardware_i 2.7123887791943377 38.0 31.290000915527344 AB 3.1968881536717757 1.0316702391842871
61691.2155 lsst_hardware_z 22.86038264890413 86.77999877929688 31.739999771118164 AB 5.96917083032064 1.0280890727232415
61693.1962 lsst_hardware_r 20.296571060788565 118.69000244140625 31.65999984741211 AB 6.801774682046699 1.0397087560450473
61693.2124 lsst_hardware_z -76.20384421709959 78.4800033569336 31.0 AB 6.515624980026519 1.0267833660807668
61695.1835 lsst_hardware_i -76.84511751331891 78.5199966430664 31.34000015258789 AB 6.8602934296930105 1.0485736996092554
61695.2012 lsst_hardware_r 29.181624963460628 96.19000244140625 31.65999984741211 AB 6.696494370256323 1.0302959477283913
61697.1824 lsst_hardware_z -30.701491599858684 51.72999954223633 30.969999313354492 AB 2.70023497057497 1.0429980251360267
61697.1998 lsst_hardware_g 51.41792437513741 59.72999954223633 31.719999313354492 AB 2.650244107609368 1.0276911165033418
61701.1672 lsst_hardware_r 5.751222508741847 22.8700008392334 31.5 AB 3.4452450266427492 1.0484616636163067
61701.1836 lsst_hardware_i 47.517952130541715 30.450000762939453 31.260000228881836 AB 3.395707810839154 1.0311897390947933
61704.167 lsst_hardware_z -64.97455624914991 41.33000183105469 30.950000762939453 AB 1.2548849148277277 1.0388120155858673
61704.1839 lsst_hardware_r -1.1985322560938798 23.040000915527344 31.510000228881836 AB 1.218932765795921 1.0260376816463983
61706.1665 lsst_hardware_u -1.779711173225235 2.7699999809265137 28.5 AB 2.972339246305662 1.034006985234612
61706.1832 lsst_hardware_g -3.7365503716011697 14.149999618530273 31.440000534057617 AB 2.108577407027613 1.0242442067817537
61708.1519 lsst_hardware_g -18.084824179851548 14.170000076293945 31.43000030517578 AB 5.826186500414061 1.0435583916199287
61708.1677 lsst_hardware_r 4.217263626794304 22.979999542236328 31.510000228881836 AB 5.282934252225334 1.0289425927854785
61710.0691 lsst_hardware_i -9.022275607775907 32.86000061035156 31.219999313354492 AB 5.2103814468959975 1.2786212139618833
61710.0886 lsst_hardware_r -35.421849289834455 23.65999984741211 31.479999542236328 AB 6.515455384680928 1.186876123205522
61712.1476 lsst_hardware_u 2.472256820261034 2.6500000953674316 28.399999618530273 AB 4.061043151684276 1.036332890018104
61712.1681 lsst_hardware_g -3.1381351384542766 14.079999923706055 31.43000030517578 AB 3.8298733264158966 1.0238934170340588
61721.1144 lsst_hardware_z -46.611603074455026 69.80999755859375 30.989999771118164 AB 3.493509746079525 1.0460653995649114
61721.1341 lsst_hardware_r -23.944078461299817 97.56999969482422 31.65999984741211 AB 4.466070310843273 1.027785435143435
61723.1142 lsst_hardware_i -52.33650786899712 79.41000366210938 31.34000015258789 AB 3.1469580060449016 1.0398010923660566
61723.132 lsst_hardware_z -152.54158368428898 68.30999755859375 30.989999771118164 AB 5.107307868403242 1.026044572772365
61733.0935 lsst_hardware_z 21.21647709471782 40.81999969482422 30.950000762939453 AB 8.216731005723084 1.0333777570708462
61733.1129 lsst_hardware_u -6.3408993538788945 2.609999895095825 28.389999389648438 AB 8.119906299394684 1.0234315981087325
61735.1002 lsst_hardware_g -2.9025322528023345 13.670000076293945 31.420000076293945 AB 3.63195877310186 1.025614902393748
61735.1175 lsst_hardware_r -33.51403444820208 22.309999465942383 31.489999771118164 AB 3.583508387150073 1.0233722190814107
61739.0736 lsst_hardware_z 93.9207721161857 40.79999923706055 30.950000762939453 AB 5.174443399569987 1.0365990683768835
61739.0925 lsst_hardware_i 60.711040423951495 29.93000030517578 31.25 AB 5.122782991954404 1.02442000905634
61741.0707 lsst_hardware_u 2.0055987039091607 2.680000066757202 28.420000076293945 AB 6.485174684658011 1.034208167870157
61741.0899 lsst_hardware_g 8.053381987606326 13.880000114440918 31.420000076293945 AB 6.471055984632535 1.0236583065146778
61743.0764 lsst_hardware_r -44.743234252516025 24.40999984741211 31.520000457763672 AB 3.5380493966334137 1.0265133645938953
61743.0951 lsst_hardware_i 11.60010681096004 30.920000076293945 31.260000228881836 AB 2.660538384567499 1.0232839940644227
61747.0623 lsst_hardware_z -80.3113141891358 49.81999969482422 30.969999313354492 AB 3.112535905010621 1.0282576494914506
61747.0837 lsst_hardware_r 62.243097741166736 52.209999084472656 31.639999389648438 AB 3.9084328451645898 1.02321692392557
61751.1116 lsst_hardware_i -60.95839481566203 73.29000091552734 31.329999923706055 AB 13.223886144318188 1.0547606730020889
61751.1302 lsst_hardware_z -32.029443979524025 66.31999969482422 30.979999542236328 AB 12.822250426851594 1.0903196910609312
61753.0442 lsst_hardware_y 91.86043515753776 53.189998626708984 30.059999465942383 AB 8.13183305313639 1.0293459560932139
61753.0623 lsst_hardware_g -75.72828561040018 80.06999969482422 31.739999771118164 AB 8.081624807889437 1.0229904820113211
61755.0476 lsst_hardware_y -26.21789082048206 47.880001068115234 30.059999465942383 AB 10.251863828961762 1.0248245034744314
61755.0677 lsst_hardware_i 13.747309703678223 30.219999313354492 31.260000228881836 AB 10.244250294768355 1.0245627637384758
61759.0323 lsst_hardware_y -4.912556727947452 79.61000061035156 30.079999923706055 AB 4.93679682049853 1.0267168430846163
61759.0543 lsst_hardware_r 8.566630614008155 22.40999984741211 31.5 AB 5.404638860150411 1.0238482330382024
