data/validation/pwv_sim_epoch_fit_seasonal/9090121.ecsv
# %ECSV 0.9
# ---
# datatype:
# - {name: time, datatype: float64}
# - {name: band, datatype: string}
# - {name: flux, datatype: float64}
# - {name: fluxerr, datatype: float64}
# - {name: zp, datatype: float64}
# - {name: zpsys, datatype: string}
# - {name: pwv, datatype: float64}
# - {name: airmass, datatype: float64}
# meta: {SNID: '9090121', alt: 1024.0, c: 0.02720215730369091, dec: -12.635625, lat: -30.244573, lon: -70.7499537, ra: 269.121094, t0: 60910.578125,
#   x0: 2.4428262101029523e-05, x1: 0.8801716566085815, z: 0.31489086151123047}
# schema: astropy-2.0
time band flux fluxerr zp zpsys pwv airmass
[from data line 133]
61232.1502 lsst_hardware_r -1.0677538185140047 24.020000457763672 31.510000228881836 AB 7.860067043407681 1.0503196423341739
61232.1709 lsst_hardware_i -2.756381956254423 31.6299991607666 31.25 AB 8.325651842256342 1.0644912056584743
61234.1336 lsst_hardware_z -0.8593707805785563 41.58000183105469 30.940000534057617 AB 6.822417741340653 1.0493202201469838
61234.1562 lsst_hardware_u -1.502473506891475 2.75 28.43000030517578 AB 6.8865631879278295 1.0561538533469736
61236.1395 lsst_hardware_g 9.732548377786706 15.100000381469727 31.450000762939453 AB 7.253267380131331 1.050386278258061
61236.1596 lsst_hardware_r -12.376293450257744 24.059999465942383 31.510000228881836 AB 7.390778171671862 1.0640847777998552
61243.0952 lsst_hardware_z 97.29515414993381 45.52000045776367 30.959999084472656 AB 5.158502603871257 1.0544592666119594
61243.1168 lsst_hardware_i -56.635113989418294 39.18000030517578 31.280000686645508 AB 5.127245399810483 1.0495359295451578
61245.1083 lsst_hardware_z -64.12789422744741 79.08000183105469 31.719999313354492 AB 6.200520206285604 1.0491869832119807
61250.0929 lsst_hardware_z 132.7825868719424 116.75 31.75 AB 3.8298876037661875 1.049140557119898
61252.0851 lsst_hardware_z 68.72575046847388 88.95999908447266 31.739999771118164 AB 4.052918653457811 1.0492540525002965
61252.1056 lsst_hardware_r 272.1385141482426 125.27999877929688 32.400001525878906 AB 4.065641085398739 1.055142805155605
61254.0892 lsst_hardware_i 36.67407528523972 45.20000076293945 31.299999237060547 AB 1.7072261991571065 1.050062244484125
61254.1087 lsst_hardware_z -1.8369162875617895 49.54999923706055 30.959999084472656 AB 1.6983142520423296 1.0622763108943423
61257.0556 lsst_hardware_z 14.708078923783107 41.4900016784668 30.940000534057617 AB 2.3217933741553884 1.0553606246160856
61257.0739 lsst_hardware_i -55.55486700858305 31.110000610351562 31.25 AB 2.308108926663497 1.0491404212106803
61259.0546 lsst_hardware_u 2.425901298716558 2.75 28.450000762939453 AB 2.4414627697696103 1.0526949530105034
61259.0746 lsst_hardware_g -18.88688077446424 14.90999984741211 31.450000762939453 AB 2.431673850689951 1.0498322075293904
61262.0494 lsst_hardware_r -2.4886708681414755 24.020000457763672 31.520000457763672 AB 3.3936781942948984 1.0513253390008979
61262.0709 lsst_hardware_i -18.036665570511417 31.399999618530273 31.260000228881836 AB 3.497935721028939 1.0512203519245495
61265.0447 lsst_hardware_z 1.203804848778164 41.7400016784668 30.959999084472656 AB 2.634294794340097 1.0501474165198712
61265.0648 lsst_hardware_u 0.1454385436877937 2.9000000953674316 28.549999237060547 AB 2.6950111179915823 1.0521222400904089
61267.0423 lsst_hardware_g 5.547142333695037 15.119999885559082 31.450000762939453 AB 3.883098331330335 1.049486035494685
61267.0606 lsst_hardware_r -31.43030483755651 24.049999237060547 31.510000228881836 AB 3.895156383051709 1.0527449683923538
61269.0187 lsst_hardware_r -25.52979496214967 25.110000610351562 31.530000686645508 AB 4.1259629768219455 1.0585046653525034
61269.0381 lsst_hardware_i -38.451605682432536 31.899999618530273 31.260000228881836 AB 4.067404524699447 1.049314292086281
61273.0118 lsst_hardware_z -80.29652367107767 72.7699966430664 31.719999313354492 AB 2.8120380033389334 1.05543775929148
61273.0317 lsst_hardware_i -120.72829848813764 69.79000091552734 32.06999969482422 AB 2.8348849959762763 1.0491802353724191
61275.0196 lsst_hardware_z -8.014676109924507 97.63999938964844 31.739999771118164 AB 1.3909435430697807 1.0496366819794598
61277.01 lsst_hardware_r 2.0889027340492814 93.47000122070312 31.65999984741211 AB 4.5203019860724645 1.0507443017369746
61277.0321 lsst_hardware_i -39.70430132974009 77.2300033569336 31.329999923706055 AB 4.563982199315006 1.0521542733709885
61279.0154 lsst_hardware_z -88.8767731677236 93.19999694824219 31.739999771118164 AB 1.5903893183342737 1.0491848169330007
61284.986 lsst_hardware_y -71.92860551565956 48.459999084472656 30.049999237060547 AB 2.4186171754398935 1.051572684973867
61285.0032 lsst_hardware_g -11.692246587475813 15.369999885559082 31.459999084472656 AB 1.6942875306044525 1.0497444427536882
61286.9769 lsst_hardware_y -101.05738132887049 63.59000015258789 30.059999465942383 AB 1.35146648786763 1.0533643709022835
61286.9971 lsst_hardware_i 43.85597090434932 31.719999313354492 31.25 AB 1.3217307985172115 1.0496174695391793
