data/validation/pwv_sim_epoch_fit_seasonal/9096758.ecsv
# %ECSV 0.9
# ---
# datatype:
# - {name: time, datatype: float64}
# - {name: band, datatype: string}
# - {name: flux, datatype: float64}
# - {name: fluxerr, datatype: float64}
# - {name: zp, datatype: float64}
# - {name: zpsys, datatype: string}
# - {name: pwv, datatype: float64}
# - {name: airmass, datatype: float64}
# meta: {SNID: '9096758', alt: 1024.0, c: -0.037212807685136795, dec: -20.902014, lat: -30.244573, lon: -70.7499537, ra: 332.226562, t0: 60410.81640625,
#   x0: 2.2532756118918146e-05, x1: 1.08774995803833, z: 0.3258776366710663}
# schema: astropy-2.0
time band flux fluxerr zp zpsys pwv airmass
60458.4188 lsst_hardware_z 1168.9450280215967 71.05051342489892 30.989999771118164 AB 8.111538393348598 1.0185256646595162
60460.4149 lsst_hardware_z 2089.4689554214237 85.76526998867708 31.719999313354492 AB 7.53091215550885 1.0176908318255202
60460.4367 lsst_hardware_y 338.13040005299126 69.05685164401538 30.06999969482422 AB 7.356665825044309 1.0144793139569406
60462.4171 lsst_hardware_r 711.7130565571176 38.829839748978586 31.549999237060547 AB 6.630259690011179 1.0147709493034138
60462.4356 lsst_hardware_y 354.1596269345557 60.30140694571642 30.06999969482422 AB 6.583143620399615 1.0157212914791671
60464.4081 lsst_hardware_z 1773.201713231042 71.84221223485723 31.700000762939453 AB 11.858595787381159 1.0158778221473297
60466.4016 lsst_hardware_g 460.96954374275555 31.102410914331905 32.220001220703125 AB 4.486209080606727 1.0162823560990848
60466.4214 lsst_hardware_y 607.7690449013332 70.27035181733473 30.799999237060547 AB 3.8559707521601423 1.0147291453053007
60468.398 lsst_hardware_i 988.4873166954648 44.6193795354393 31.260000228881836 AB 2.9510362631627842 1.015585051419697
60468.4192 lsst_hardware_y 337.50393826408003 49.86556258404964 30.059999465942383 AB 1.493609347513641 1.0157152992272296
60485.3495 lsst_hardware_z -52.3892157084352 74.76000213623047 31.0 AB 3.6820004323864786 1.0163784778394624
60485.3711 lsst_hardware_i -7.7476081601250675 84.75 31.34000015258789 AB 3.6563629220622755 1.0151628852813834
60487.3423 lsst_hardware_r -21.23369893365031 92.08999633789062 31.65999984741211 AB 7.323471931104396 1.017148879320055
60487.3653 lsst_hardware_z -82.12214842336358 70.5199966430664 30.989999771118164 AB 7.30845281813016 1.0150628914069666
60493.3248 lsst_hardware_i 55.046682076123986 31.09000015258789 31.25 AB 6.5563526408452635 1.0176984489334147
60493.3463 lsst_hardware_z -40.85374091015522 41.15999984741211 30.950000762939453 AB 6.624160266556967 1.0144196426580347
60495.2906 lsst_hardware_r -7.281209180969811 24.040000915527344 31.520000457763672 AB 4.208049972184521 1.0466701143375325
60495.3094 lsst_hardware_g 11.695769153396999 15.15999984741211 31.469999313354492 AB 4.593562764336971 1.0244341579698866
60499.327 lsst_hardware_z -40.41909393513462 41.34000015258789 30.959999084472656 AB 1.7717435305859373 1.0139699717203
60499.3507 lsst_hardware_i 2.808657234382588 31.309999465942383 31.270000457763672 AB 2.2500339093431037 1.025851326448417
60501.3053 lsst_hardware_r -0.7987235950532481 23.75 31.520000457763672 AB 8.722163054857738 1.0165987417882685
60501.3265 lsst_hardware_u -2.7071078434186844 2.7799999713897705 28.479999542236328 AB 8.678177953464681 1.0149025469654336
60503.3065 lsst_hardware_g -25.90107481130321 21.270000457763672 32.220001220703125 AB 6.188244160231676 1.0144662557756847
60503.3277 lsst_hardware_r -30.866789835277636 33.720001220703125 32.279998779296875 AB 6.206372029616903 1.0174380376421153
60506.2896 lsst_hardware_i -57.663352488506995 31.020000457763672 31.25 AB 3.320527439836155 1.0175522683938267
60506.3083 lsst_hardware_z -62.51167785951361 41.150001525878906 30.940000534057617 AB 3.002165506110237 1.0140167212711901
60508.2898 lsst_hardware_r 39.62915305248748 43.27000045776367 31.6200008392334 AB 1.90818145095831 1.0152601494856663
60508.309 lsst_hardware_g -21.2352442468629 33.65999984741211 31.670000076293945 AB 1.8276858030016268 1.0153810016675704
60514.2805 lsst_hardware_z -26.09319389743511 95.61000061035156 31.0 AB 5.989129829371115 1.0138895105093233
60514.3016 lsst_hardware_i 83.359445612915 110.5 31.350000381469727 AB 5.360207992989476 1.0196324886797559
60516.2574 lsst_hardware_r -98.10788080165392 73.86000061035156 31.649999618530273 AB 10.827842981046686 1.020403623268834
60516.2786 lsst_hardware_z -25.850741530524935 59.970001220703125 30.979999542236328 AB 10.83643967960057 1.0138252054762587
60520.2582 lsst_hardware_g 16.98719936783035 15.260000228881836 31.469999313354492 AB 4.480542107909569 1.0149219513537229
60520.2761 lsst_hardware_r -0.449955378504636 25.309999465942383 31.530000686645508 AB 4.469599844787162 1.015337399667694
60527.207 lsst_hardware_r 6.530142107919174 24.170000076293945 31.5 AB 1.6891454006345024 1.041182700206186
60527.2279 lsst_hardware_g 24.78131190544834 15.300000190734863 31.450000762939453 AB 2.2976737459793495 1.0200549371717422
60529.2637 lsst_hardware_r 71.86853764943258 34.290000915527344 32.27000045776367 AB 3.1257978174645937 1.021697322735138
60529.2832 lsst_hardware_i -45.32331921793933 44.68000030517578 32.0099983215332 AB 3.229196455874062 1.0425731131750093
60531.2279 lsst_hardware_i 59.5206046432577 31.350000381469727 31.260000228881836 AB 4.625845156403851 1.0149961944934396
60531.2479 lsst_hardware_z -33.602873586127345 41.459999084472656 30.959999084472656 AB 4.618126950556197 1.0159777693446697
60535.2103 lsst_hardware_g 12.92053783841236 23.770000457763672 31.6200008392334 AB 2.6066217248632078 1.0176153522792144
60535.2303 lsst_hardware_r -0.9668624296902203 28.559999465942383 31.56999969482422 AB 2.59579728546819 1.0141813969401017
60539.224 lsst_hardware_r -78.82222190948167 86.58000183105469 31.670000076293945 AB 2.525899405489595 1.0152668854754259
60539.2388 lsst_hardware_z 4.354689333452639 64.0 31.0 AB 2.509393561201033 1.0235459800955946
60541.2028 lsst_hardware_r -95.31080793044107 164.4600067138672 31.670000076293945 AB 2.1539467782338377 1.0144574488326092
60541.2229 lsst_hardware_i -137.63661382932713 127.94999694824219 31.350000381469727 AB 1.813036082464588 1.0169408707850358
60546.1808 lsst_hardware_r -55.70243872845614 44.439998626708984 31.6299991607666 AB 3.9517320413201023 1.0173514222912818
60546.2013 lsst_hardware_z -24.622750680350467 47.0 30.969999313354492 AB 3.914087558794142 1.0143627052852822
60549.1554 lsst_hardware_g -5.823810164699361 15.770000457763672 31.489999771118164 AB 4.019952522571904 1.030757057069719
60549.1725 lsst_hardware_r 20.904109451752902 24.549999237060547 31.530000686645508 AB 4.374839738351598 1.0174045903143252
60555.1379 lsst_hardware_z 50.63477674816908 41.54999923706055 30.950000762939453 AB 1.4447785361976384 1.0319846687125989
60555.1583 lsst_hardware_r -25.969632028079253 24.290000915527344 31.520000457763672 AB 1.4229825954499804 1.016416139607129
60559.1238 lsst_hardware_i 19.144603049881503 31.299999237060547 31.260000228881836 AB 1.6115813260947183 1.0357206465904358
60559.144 lsst_hardware_z 21.75791989197574 41.20000076293945 30.950000762939453 AB 2.0887096414744164 1.018013715839852
60566.1116 lsst_hardware_y 10.098795416773202 49.83000183105469 30.059999465942383 AB 1.2578271496400115 1.0280565178913048
60566.1289 lsst_hardware_r 76.4026769009847 53.689998626708984 31.639999389648438 AB 1.699355149047704 1.0161581517128617
60568.1011 lsst_hardware_r -76.6684025480673 102.58999633789062 31.65999984741211 AB 3.7205051713912285 1.0334736587197857
60568.1191 lsst_hardware_i -58.372931659392876 86.80000305175781 31.350000381469727 AB 3.66547688973855 1.018188024927375
60571.1009 lsst_hardware_z -100.16569495712953 83.66000366210938 31.0 AB 5.7276631142089425 1.0252992029732144
60571.1214 lsst_hardware_r -85.61975762960762 127.6500015258789 31.670000076293945 AB 5.692555803596844 1.014354205915407
60577.0989 lsst_hardware_r -23.870529688994985 23.920000076293945 31.520000457763672 AB 5.1362680233498486 1.0161437661599542
60582.0755 lsst_hardware_z 5.781334277039016 41.31999969482422 30.950000762939453 AB 3.7867413366382072 1.0215799114151485
60582.0939 lsst_hardware_r 11.372095067825 23.799999237060547 31.510000228881836 AB 3.935236127492483 1.0139747816265094
60584.0742 lsst_hardware_u 2.470543959550885 2.880000114440918 28.549999237060547 AB 4.913487173754407 1.0188672210999945
60584.0936 lsst_hardware_r 21.928234224719443 23.860000610351562 31.520000457763672 AB 4.56726174929143 1.0138580967016848
60586.0759 lsst_hardware_i -8.57594841579108 31.079999923706055 31.260000228881836 AB 2.3496760692427054 1.0155637815484968
60586.0959 lsst_hardware_z -57.62864950495969 41.130001068115234 30.950000762939453 AB 2.1322076190052326 1.015336961431063
60588.0608 lsst_hardware_r -11.034825388828224 23.860000610351562 31.520000457763672 AB 3.8732264386502746 1.020411364987229
60588.0795 lsst_hardware_u -5.139190457545635 2.809999942779541 28.5 AB 3.829219359575483 1.0138256181031198
60592.0612 lsst_hardware_i -17.011736465088838 32.41999816894531 31.270000457763672 AB 2.474825012818113 1.0150352093039454
60592.0797 lsst_hardware_z -53.927338846223705 41.86000061035156 30.959999084472656 AB 2.4440572368947264 1.0153956115058231
60596.0414 lsst_hardware_z 28.817779783337958 68.58000183105469 30.989999771118164 AB 7.47692562063899 1.0188860714020163
60596.0588 lsst_hardware_r -92.8837432788905 87.77999877929688 31.65999984741211 AB 7.299348738044466 1.0137984358395091
60601.0278 lsst_hardware_r -6.2966649332287785 74.41000366210938 31.65999984741211 AB 4.125173669853877 1.0188548972594271
60601.0469 lsst_hardware_z -77.12745178803596 59.47999954223633 30.989999771118164 AB 3.847187136221942 1.0138406016045174
60607.0117 lsst_hardware_y -34.68587815001379 47.599998474121094 30.059999465942383 AB 3.693605496741618 1.0186914723258886
60607.0285 lsst_hardware_r -12.753880583690128 24.350000381469727 31.530000686645508 AB 3.6610011416381085 1.013800103836648
60609.0154 lsst_hardware_y -74.48999925930728 67.62000274658203 30.809999465942383 AB 4.3478439509422655 1.0148634003366501
60609.0251 lsst_hardware_r -23.92195072317189 24.479999542236328 31.530000686645508 AB 4.3412741856430985 1.013842640271625
60611.0156 lsst_hardware_y -44.851525809559234 48.08000183105469 30.059999465942383 AB 3.146777767651676 1.0138903772908419
60611.0341 lsst_hardware_z 35.24706634542243 41.65999984741211 30.959999084472656 AB 3.230069860864724 1.0180930429285744
60613.0002 lsst_hardware_y -174.0685086749889 81.2699966430664 30.09000015258789 AB 4.751465449718404 1.0163018982339778
60613.0163 lsst_hardware_u 1.401731519027478 3.450000047683716 28.719999313354492 AB 4.73654591742899 1.0140325235343588
60615.0015 lsst_hardware_y 124.87969548918302 68.54000091552734 30.079999923706055 AB 8.821416992407933 1.0143057367378627
60615.0212 lsst_hardware_r 18.074947900773967 24.649999618530273 31.530000686645508 AB 8.811143543436605 1.0171007207012976
