data/validation/pwv_sim_epoch_fit_seasonal/9100312.ecsv
# %ECSV 0.9
# ---
# datatype:
# - {name: time, datatype: float64}
# - {name: band, datatype: string}
# - {name: flux, datatype: float64}
# - {name: fluxerr, datatype: float64}
# - {name: zp, datatype: float64}
# - {name: zpsys, datatype: string}
# - {name: pwv, datatype: float64}
# - {name: airmass, datatype: float64}
# meta: {SNID: '9100312', alt: 1024.0, c: -0.10551893711090088, dec: -61.943836, lat: -30.244573, lon: -70.7499537, ra: 102.138161, t0: 62881.37890625,
#   x0: 1.3815416241744325e-05, x1: 0.669304370880127, z: 0.4012363851070404}
# schema: astropy-2.0
time band flux fluxerr zp zpsys pwv airmass
62812.3057 lsst_hardware_r -63.21884853933488 47.029998779296875 31.579999923706055 AB 6.9212664374875645 1.1989721279860661
62819.329 lsst_hardware_i -43.96418494041271 47.7599983215332 31.280000686645508 AB 6.958644691590972 1.17586054071802
62819.34 lsst_hardware_y 28.92278810326491 51.04999923706055 30.0 AB 6.933015968259844 1.176483279867613
62826.2572 lsst_hardware_g 31.815562531992924 12.859999656677246 31.309999465942383 AB 3.9024080321746717 1.2109251237612757
62826.267 lsst_hardware_r -39.90366023257517 22.219999313354492 31.440000534057617 AB 4.059060638833502 1.199486004383716
62827.2699 lsst_hardware_i -6.53571212462458 30.959999084472656 31.219999313354492 AB 3.554833254031086 1.1939654906060522
62827.278 lsst_hardware_z 46.23047128075596 42.720001220703125 30.93000030517578 AB 3.440098678909951 1.1873327239673213
62829.344 lsst_hardware_r 46.44612400190924 23.790000915527344 31.479999542236328 AB 9.981496677196589 1.1931739498172664
62833.3503 lsst_hardware_z -31.367238541590186 54.720001220703125 30.959999084472656 AB 4.669684320708807 1.212117928801767
62836.3016 lsst_hardware_r -6.547055690728229 21.969999313354492 31.459999084472656 AB 8.166507613092739 1.1786550004463683
62836.3094 lsst_hardware_i 9.215665397571298 30.700000762939453 31.229999542236328 AB 8.181975945838301 1.1821386937735938
62840.3341 lsst_hardware_r 17.60552684918925 22.579999923706055 31.469999313354492 AB 4.9691729364450765 1.2160468887620912
62840.3458 lsst_hardware_g -24.98483200230933 18.75 31.489999771118164 AB 5.04727257811941 1.234001689772826
62842.3211 lsst_hardware_z -95.6012656152152 49.040000915527344 30.950000762939453 AB 5.062354349967375 1.2063277373924401
62842.3332 lsst_hardware_r 1.1985324985688137 22.520000457763672 31.459999084472656 AB 5.099163016266613 1.2226254035165505
62844.2852 lsst_hardware_i -25.0009193724306 62.560001373291016 31.299999237060547 AB 8.043254802056904 1.1809501728214549
62844.2972 lsst_hardware_z 52.43057252200682 58.77000045776367 30.969999313354492 AB 7.6465666903467175 1.1883699883979668
62849.2902 lsst_hardware_r 59.959403426145016 54.349998474121094 31.59000015258789 AB 9.485121052443422 1.193922972174891
62849.3035 lsst_hardware_z 57.42861261908262 50.91999816894531 30.940000534057617 AB 8.72582273221673 1.2081722525799692
62851.2871 lsst_hardware_y -60.43671563389065 49.86000061035156 29.989999771118164 AB 12.5406946707107 1.196144107464008
62851.2994 lsst_hardware_r 5.263824407961809 41.689998626708984 31.56999969482422 AB 12.796826259080904 1.209875051334464
62853.219 lsst_hardware_g 3.338220874451039 19.260000228881836 31.5 AB 5.6289879377378265 1.1803287770472457
62853.2322 lsst_hardware_r -13.190344063741957 27.969999313354492 31.520000457763672 AB 5.54212250527892 1.176338440345141
62855.2902 lsst_hardware_r -6.265279839411643 23.91969264640671 31.479999542236328 AB 5.200805809565523 1.2120971414241153
62855.3029 lsst_hardware_g 1.5272296004773578 15.436749835774691 31.43000030517578 AB 5.409297192017129 1.2307843440310273
62863.2184 lsst_hardware_z 501.2924063530674 47.994863444788564 30.940000534057617 AB 7.04650851536755 1.1762968934327134
62863.231 lsst_hardware_r 1082.8607568741797 39.55000127769575 31.459999084472656 AB 7.12571581264729 1.1799170657066396
62865.2194 lsst_hardware_u 8.878302976334142 3.340818717641882 28.309999465942383 AB 10.592333710837575 1.177711108609915
62865.234 lsst_hardware_g 899.5342967337148 32.20306089421004 31.329999923706055 AB 10.637619901803953 1.1843593845079137
62866.2226 lsst_hardware_r 1810.4451489261287 48.82423539815181 31.459999084472656 AB 7.868691331963592 1.1798317670877037
62866.2347 lsst_hardware_i 1274.1176292413277 47.17359112206753 31.229999542236328 AB 8.037219497491101 1.186626565243767
62868.2249 lsst_hardware_z 1072.943839032849 53.70855936749875 30.940000534057617 AB 6.521205920130928 1.1838084085920837
62868.2379 lsst_hardware_r 2561.289729695542 54.34681417663724 31.459999084472656 AB 6.526405122392016 1.1935634825149988
62872.1982 lsst_hardware_z 1727.8996658064025 66.72288457581975 30.959999084472656 AB 7.985872705219318 1.177162839802376
62872.2096 lsst_hardware_i 2404.14612425132 73.33611109513471 31.290000915527344 AB 8.285876695740125 1.181404184129386
62879.1974 lsst_hardware_y 1239.0747140626665 78.11630724693067 30.760000228881836 AB 6.196280029557677 1.1854182599392824
62887.2596 lsst_hardware_i 11923.747273856625 125.33859918114544 32.709999084472656 AB 15.74058180720369 1.3308835709203688
62887.2773 lsst_hardware_z 6262.86785529462 109.01166289477202 32.099998474121094 AB 16.447920065449054 1.3890651182711808
62889.1653 lsst_hardware_z 1965.5942485698145 60.91248377067579 30.93000030517578 AB 9.22931217957021 1.1825376500687892
62889.1796 lsst_hardware_r 3746.186011150707 65.56875319151843 31.450000762939453 AB 10.336551971031687 1.1927364166775305
62891.164 lsst_hardware_u 11.769243799448207 3.605779009182076 28.309999465942383 AB 9.263211168329248 1.1850210976189575
62891.1758 lsst_hardware_g 1393.187822610788 39.36491663756053 31.34000015258789 AB 9.208424000308625 1.1942319489425286
62895.1541 lsst_hardware_z 1606.2850263383123 57.513618042097654 30.93000030517578 AB 11.84727744634506 1.1856960630860263
62895.1662 lsst_hardware_r 2885.6096224452976 58.25434292432367 31.450000762939453 AB 11.931508061197903 1.1954720142808521
62906.0971 lsst_hardware_z 2394.057519912479 94.98375458282636 31.709999084472656 AB 7.001987699074571 1.1759482224275717
62908.1502 lsst_hardware_z 1155.5333578526593 62.04022340463045 30.950000762939453 AB 2.5076181573315353 1.218621386140894
62908.1701 lsst_hardware_r 1386.3533927733793 68.96879100623151 31.579999923706055 AB 3.3811207382414468 1.2522669400894246
62910.09 lsst_hardware_r 1127.6343392344318 39.81983982122402 31.450000762939453 AB 4.000743974900529 1.176343421023384
62910.1013 lsst_hardware_u 1.7173469030131785 3.26115999075609 28.389999389648438 AB 4.022179417388741 1.179409466539554
62912.0836 lsst_hardware_g 262.6553105113766 20.505587514489306 31.350000381469727 AB 1.7622705873759292 1.1762193141170894
62912.0955 lsst_hardware_r 1105.1743772146447 38.243758287198105 31.459999084472656 AB 1.7613502025593646 1.1792781582721954
62914.0881 lsst_hardware_i 1272.8732536490368 47.21497404605772 31.229999542236328 AB 2.741048761846649 1.1785655215937436
62914.0994 lsst_hardware_z 1104.2959229397604 53.70106873633093 30.93000030517578 AB 2.8248503133110403 1.1839272059141184
62919.0783 lsst_hardware_g 144.47634434608415 18.291866681053268 31.34000015258789 AB 6.303066314866782 1.1800732627880706
62919.0912 lsst_hardware_i 1153.5536082133074 45.040579276134146 31.229999542236328 AB 7.313293109037196 1.187560282391458
62923.0575 lsst_hardware_r 599.8660826544053 32.19122598360073 31.450000762939453 AB 7.643506216673569 1.1768896864104244
62923.0707 lsst_hardware_u -6.502277342345775 2.8030099498896828 28.239999771118164 AB 7.611353206750999 1.1816424974256363
62925.0536 lsst_hardware_g 143.70020935118396 23.753230804067652 31.510000228881836 AB 6.5842589531786 1.1772496079586263
62925.0665 lsst_hardware_r 528.8902182905958 34.472732138299484 31.510000228881836 AB 6.514989447008872 1.1823043230866763
62927.0518 lsst_hardware_i 796.1564209113159 46.94516757857072 31.260000228881836 AB 3.3807541927428137 1.1783052661316806
62927.0637 lsst_hardware_z 706.6234146690616 52.960125759622386 30.940000534057617 AB 3.385520633733709 1.1838174603649545
62932.0493 lsst_hardware_z 620.6137417142309 60.730920159578645 30.959999084472656 AB 7.649765304498899 1.1833803905273397
62932.0625 lsst_hardware_i 750.6609860463319 63.323368398315516 31.290000915527344 AB 7.63558719071657 1.193060498549464
62935.0519 lsst_hardware_z 727.2226135708485 63.526345485591875 30.959999084472656 AB 11.950438615833201 1.1909944803501114
62935.066 lsst_hardware_r 497.733240926056 83.05857755438518 31.610000610351562 AB 12.13136549600085 1.2050626299792242
62937.0447 lsst_hardware_u -5.681876579168206 7.956726818574489 28.989999771118164 AB 9.173303384203123 1.1895871942858722
62937.0589 lsst_hardware_g 165.08754920465987 50.61013601250427 31.639999389648438 AB 9.399271907727899 1.203183807952896
62939.0454 lsst_hardware_r 360.567127692212 28.451392072639692 31.450000762939453 AB 15.514387102500526 1.1949003583302718
62939.0608 lsst_hardware_i 457.30982114122344 38.398230805349364 31.219999313354492 AB 15.752805881921363 1.2121505786061877
62941.0442 lsst_hardware_z 464.14852217086474 47.12309037329841 30.93000030517578 AB 9.322409776605301 1.1991008780764425
62941.0588 lsst_hardware_r 339.2569006720038 28.211449356863145 31.450000762939453 AB 9.479136409023136 1.216833942108233
63193.3413 lsst_hardware_g -0.5230387895529306 14.359999656677246 31.3799991607666 AB 7.853493497667202 1.1881829892078257
63193.3542 lsst_hardware_r 6.597915888854506 32.29999923706055 31.540000915527344 AB 7.948182716349532 1.199816245203341
63195.3444 lsst_hardware_i -67.13877638556474 34.279998779296875 31.229999542236328 AB 6.680260328492388 1.1954653415340708
63201.3432 lsst_hardware_z -61.40135252203257 58.400001525878906 30.959999084472656 AB 8.786381718441044 1.2126953052687537
63201.3553 lsst_hardware_i -137.98266526486245 68.08999633789062 31.290000915527344 AB 8.852145985339197 1.2305471459162036
63204.3287 lsst_hardware_r -33.54748992725341 47.83000183105469 31.59000015258789 AB 4.333973340386441 1.2048576412517042
63204.3419 lsst_hardware_z 40.46275076534975 51.540000915527344 30.950000762939453 AB 5.3541214351226705 1.2224021541374803
63211.2886 lsst_hardware_z -29.379756399646975 42.66999816894531 30.93000030517578 AB 11.471460549171345 1.185680676916935
63211.3009 lsst_hardware_r -27.931485797980255 22.209999084472656 31.450000762939453 AB 9.898154144968071 1.1956578828441111
63213.2874 lsst_hardware_u -5.131551289497111 2.509999990463257 28.280000686645508 AB 12.519216896205771 1.1887401506154402
63213.2998 lsst_hardware_r 20.69332591189576 22.149999618530273 31.450000762939453 AB 12.05134540873497 1.200054310957112
63216.2888 lsst_hardware_i -30.602551114104926 44.34000015258789 31.979999542236328 AB 12.550015082019614 1.1971757279141688
63216.3015 lsst_hardware_z -36.9239302911704 43.41999816894531 30.93000030517578 AB 12.823658695382536 1.2117333552451257
63218.2208 lsst_hardware_r -37.04457791297718 21.829999923706055 31.450000762939453 AB 5.5685336333032245 1.1798573981150602
63218.2345 lsst_hardware_z -6.760116255535412 42.290000915527344 30.93000030517578 AB 5.6376284497775435 1.1761394540566128
63222.2177 lsst_hardware_g 0.8022770617186591 14.609999656677246 31.389999389648438 AB 5.630471775246652 1.1772251681876122
63222.2308 lsst_hardware_r -6.826730790706421 22.149999618530273 31.450000762939453 AB 5.634973568859975 1.1758717842714475
63224.2229 lsst_hardware_i 22.35601782341176 42.869998931884766 31.280000686645508 AB 8.301016495697683 1.1758368897064568
63224.2358 lsst_hardware_z 66.84094375183429 47.38999938964844 30.950000762939453 AB 8.525984460712175 1.1775408412002581
63226.224 lsst_hardware_r 71.86852007315157 64.68000030517578 31.610000610351562 AB 8.627934949179922 1.1762425233482763
63226.2367 lsst_hardware_z -81.58851239339917 53.65999984741211 30.950000762939453 AB 8.673159585524354 1.1797541943583343
63229.2189 lsst_hardware_z 6.826664798572488 59.86000061035156 30.969999313354492 AB 8.377417825783672 1.1767689037482332
63229.2329 lsst_hardware_i -19.308751261037493 64.83999633789062 31.299999237060547 AB 8.451760541834686 1.1818164779185745
