data/validation/pwv_sim_epoch_fit_seasonal/9175755.ecsv
# %ECSV 0.9
# ---
# datatype:
# - {name: time, datatype: float64}
# - {name: band, datatype: string}
# - {name: flux, datatype: float64}
# - {name: fluxerr, datatype: float64}
# - {name: zp, datatype: float64}
# - {name: zpsys, datatype: string}
# - {name: pwv, datatype: float64}
# - {name: airmass, datatype: float64}
# meta: {SNID: '9175755', alt: 1024.0, c: -0.005801181308925152, dec: -57.780128, lat: -30.244573, lon: -70.7499537, ra: 245.43103, t0: 61633.80859375,
#   x0: 6.479336981265793e-06, x1: 1.2044175863265991, z: 0.5511118769645691}
# schema: astropy-2.0
time band flux fluxerr zp zpsys pwv airmass
61480.3865 lsst_hardware_g 20.510026451700035 13.880000114440918 31.389999389648438 AB 8.659107322212972 1.1297189313374465
61480.3996 lsst_hardware_y -38.674160262470245 50.189998626708984 30.020000457763672 AB 8.659885479364425 1.1284463649948138
61486.3882 lsst_hardware_z -165.86004464827963 85.16000366210938 31.729999542236328 AB 6.457949374017242 1.1290121283246928
61493.3634 lsst_hardware_g 9.987864701554171 42.81999969482422 31.670000076293945 AB 10.003144638262471 1.1284181322950515
61493.376 lsst_hardware_i -1.23077714444152 44.0099983215332 31.290000915527344 AB 10.408955085893668 1.1307526527259923
61498.3686 lsst_hardware_u 1.8520568224618215 2.5999999046325684 28.309999465942383 AB 6.4734549418840865 1.1332914042251192
61498.3816 lsst_hardware_g -21.32223506048614 14.010000228881836 31.3799991607666 AB 7.123211202013714 1.1415402567329669
61500.3698 lsst_hardware_r -1.9490905053451282 22.5 31.459999084472656 AB 8.759731471350154 1.1370121974710854
61500.3828 lsst_hardware_i 22.075997501513456 31.020000457763672 31.219999313354492 AB 9.561183084138763 1.147353443631088
61502.3198 lsst_hardware_r -7.636548393720598 22.510000228881836 31.459999084472656 AB 9.484409618175379 1.1319036839194916
61502.3329 lsst_hardware_i -8.587036773969148 30.969999313354492 31.229999542236328 AB 9.462014578464105 1.128602418758019
61504.3123 lsst_hardware_z -13.037899347126142 42.380001068115234 30.940000534057617 AB 8.853056790459748 1.1327804474699286
61504.3242 lsst_hardware_r -2.734255145633917 22.600000381469727 31.479999542236328 AB 8.802801961606676 1.129046852707141
61510.3175 lsst_hardware_z 25.124374732744382 42.40999984741211 30.940000534057617 AB 11.16939191978765 1.128449375609987
61510.3304 lsst_hardware_r -20.661870676437175 22.6299991607666 31.479999542236328 AB 11.083036416598619 1.1310374953157074
61512.3166 lsst_hardware_y 54.15260804355597 48.11000061035156 30.020000457763672 AB 15.625225254738954 1.1289222894627458
61512.3281 lsst_hardware_g 8.487951495174306 13.680000305175781 31.40999984741211 AB 15.76161704029122 1.1322661826662943
61514.2928 lsst_hardware_z -12.305663475496143 58.54999923706055 30.969999313354492 AB 12.030547156403856 1.1299648242579772
61514.3054 lsst_hardware_r 21.538518963316974 77.26000213623047 31.6299991607666 AB 12.035979152417767 1.1284083082988001
61519.3015 lsst_hardware_r 39.17210877317825 80.37000274658203 31.6299991607666 AB 10.054688308044888 1.1297402593308863
61519.3134 lsst_hardware_z -11.981970719962 61.70000076293945 30.969999313354492 AB 10.095944975828855 1.1343758399807702
61523.2916 lsst_hardware_z -18.934152247340574 45.91999816894531 30.950000762939453 AB 3.0879404056962843 1.1300099069393574
61523.303 lsst_hardware_r -20.672820728381524 38.11000061035156 31.579999923706055 AB 3.290505570936497 1.1346570934263784
61525.2834 lsst_hardware_r -36.80618157817154 36.38999938964844 32.25 AB 11.954156620581308 1.1293487596203409
61525.2949 lsst_hardware_y -51.403119812435335 68.01000213623047 30.760000228881836 AB 12.428723682181259 1.133309657116398
61527.2845 lsst_hardware_g -21.238282932307158 13.569999694824219 31.3799991607666 AB 9.095083287755045 1.1312292646461934
61527.297 lsst_hardware_r -8.55560544231305 22.760000228881836 31.479999542236328 AB 10.13995324905943 1.1376162957059943
61529.238 lsst_hardware_r -10.533902617877319 22.739999771118164 31.469999313354492 AB 10.807066956227626 1.1359717197905865
61529.2494 lsst_hardware_i 8.782359568393046 31.079999923706055 31.239999771118164 AB 10.752256630928883 1.1307056187880906
61531.2772 lsst_hardware_r 26.41521614480981 22.93000030517578 31.489999771118164 AB 2.9506846300304077 1.1327004337928628
61531.2884 lsst_hardware_u 4.3612961559564285 2.7100000381469727 28.43000030517578 AB 3.0111320100144177 1.139213825593449
61534.2802 lsst_hardware_g 4.512904745994812 13.8100004196167 31.389999389648438 AB 9.806969877990877 1.139208334084107
61534.2915 lsst_hardware_i 38.88769289432456 31.209999084472656 31.239999771118164 AB 9.900698314403325 1.1488505513981522
61536.279 lsst_hardware_z 71.09545624705208 42.5099983215332 30.950000762939453 AB 9.025572178065508 1.142477490894368
61536.2907 lsst_hardware_r -11.648983702699157 23.0 31.489999771118164 AB 9.114632335152983 1.1537509285003775
61540.2196 lsst_hardware_i 11.699765516295189 40.439998626708984 31.280000686645508 AB 7.292988051506594 1.1306373910660834
61540.2314 lsst_hardware_r -24.903356706254147 38.310001373291016 31.579999923706055 AB 7.34401759772406 1.1284599873576868
61542.2238 lsst_hardware_z 74.48759754667309 77.41000366210938 31.719999313354492 AB 7.858171155650456 1.1286151602332473
61546.2253 lsst_hardware_z -32.03528619300036 109.04000091552734 31.729999542236328 AB 7.584033965032578 1.1292066205148077
61550.2141 lsst_hardware_r -78.47417954816545 61.02000045776367 31.6200008392334 AB 6.226545881892988 1.1291566007180447
61550.2259 lsst_hardware_y -30.183648296142486 51.43000030517578 30.030000686645508 AB 6.280256185288358 1.1329726423443112
61558.1009 lsst_hardware_i 36.15963706156702 31.950000762939453 31.219999313354492 AB 11.605018788251236 1.213311251026012
61558.1146 lsst_hardware_z -52.922923883946076 43.27000045776367 30.93000030517578 AB 11.318402431935134 1.1868196641345268
61561.2 lsst_hardware_r -17.02579888524298 32.66999816894531 32.22999954223633 AB 9.307743016301204 1.1350906117440493
61561.2131 lsst_hardware_z 37.63745740415002 60.209999084472656 31.690000534057617 AB 9.129873000751425 1.1444887650194524
61572.1925 lsst_hardware_z -82.9914701645577 94.7300033569336 31.729999542236328 AB 9.114427450510581 1.1538710533625245
61576.1887 lsst_hardware_z -83.27758093995587 75.87999725341797 30.979999542236328 AB 3.324883716931068 1.1624451418341293
61576.2004 lsst_hardware_r -2.7579758546518307 110.27999877929688 31.6200008392334 AB 3.360785258853236 1.1794298153547709
61578.1331 lsst_hardware_i -3.8975448844286222 57.709999084472656 31.299999237060547 AB 2.9618392341819533 1.1285705017046372
61578.1462 lsst_hardware_z -57.261308552372675 56.189998626708984 30.969999313354492 AB 2.964540517464077 1.1316119925428292
61580.1338 lsst_hardware_g 10.195069569180758 42.5099983215332 31.670000076293945 AB 4.032326828460312 1.1295033132942052
61580.1464 lsst_hardware_r -13.120977326072904 46.7400016784668 31.600000381469727 AB 4.191902170768484 1.134172665251102
61582.1074 lsst_hardware_r -22.665764402256766 22.93000030517578 31.489999771118164 AB 5.486314270413116 1.1299368616657923
61582.1217 lsst_hardware_i 24.119962267762208 31.030000686645508 31.239999771118164 AB 5.557107051832021 1.1285375634114783
61587.1052 lsst_hardware_g -0.8548054375014916 13.720000267028809 31.3799991607666 AB 9.66583287795622 1.1284390642436337
61587.1173 lsst_hardware_r -49.30698647354663 22.799999237060547 31.479999542236328 AB 9.622258012836797 1.130168899792933
61589.1067 lsst_hardware_i -10.710812810637082 31.1299991607666 31.239999771118164 AB 7.223461702550468 1.1290187093702253
61589.1184 lsst_hardware_z 53.36494892844329 42.45000076293945 30.940000534057617 AB 7.2622091212069675 1.1325376806997767
61593.096 lsst_hardware_g -9.306314069781674 13.699999809265137 31.389999389648438 AB 2.9095832630868697 1.1290583093080597
61593.1082 lsst_hardware_r 10.906510285532557 22.780000686645508 31.479999542236328 AB 2.912212356165438 1.1328626904170986
61598.0878 lsst_hardware_z 96.94567258380835 69.26000213623047 31.700000762939453 AB 8.008388196786516 1.1303300207179274
61600.0446 lsst_hardware_r 44.59390210452216 69.2300033569336 31.6299991607666 AB 8.148767641474468 1.1357431264105113
61600.0571 lsst_hardware_z -65.11351654491473 57.59000015258789 30.969999313354492 AB 8.109461004373403 1.1302647222058517
61608.0459 lsst_hardware_u 13.328085218027175 5.7995911829186335 28.850000381469727 AB 5.820182682805313 1.128489128997637
61608.0584 lsst_hardware_g 1.1708228248648846 38.15989031656055 31.649999618530273 AB 5.826761307488481 1.1297646742585519
61611.0205 lsst_hardware_g 76.9133032684103 15.770026134741295 31.3799991607666 AB 5.875431243311296 1.1326860347610377
61611.0321 lsst_hardware_r 293.50981609627047 27.942129971830305 31.469999313354492 AB 5.84289606100515 1.1290984046517085
61612.0241 lsst_hardware_i 379.0484557491654 35.70631005587721 31.229999542236328 AB 10.381399331539138 1.1303378214574606
61612.0365 lsst_hardware_z 274.0538939757196 44.780081958943846 30.940000534057617 AB 10.342068183398105 1.1284513102691454
61617.0246 lsst_hardware_r 1106.009163646147 39.63668475861229 31.479999542236328 AB 3.6548465427324235 1.1284744246182705
61617.035 lsst_hardware_g 335.66301892839977 22.11366395738413 31.3799991607666 AB 3.6184980696737914 1.1300743503041197
61619.0295 lsst_hardware_r 1347.883290379879 42.64156168678145 31.469999313354492 AB 2.973200012236686 1.1300646188660912
61619.0407 lsst_hardware_i 1043.265537750946 44.76879039312526 31.229999542236328 AB 3.014653013541801 1.1346078334745204
61622.0258 lsst_hardware_z 954.719697594261 52.23346018505893 30.93000030517578 AB 0.8245107369353709 1.1315334907621744
61622.0366 lsst_hardware_i 1361.4982012649775 48.11984479985108 31.229999542236328 AB 0.867159145085138 1.1370093685556881
61624.0053 lsst_hardware_r 1920.7022908728916 50.53878418100269 31.489999771118164 AB 3.8825043972325584 1.1284709772511432
61624.0172 lsst_hardware_u 1.7964114844615446 3.9171327627291284 28.469999313354492 AB 4.045911088004141 1.130458532552149
61627.006 lsst_hardware_i 1774.568072604309 62.523541485967236 31.290000915527344 AB 3.611850434213764 1.129644631217816
61627.0176 lsst_hardware_z 1281.8986480177937 61.07642693596629 30.959999084472656 AB 3.6815691083600974 1.1339535241355536
61629.0113 lsst_hardware_r 2444.760722382769 83.48767690364404 31.6299991607666 AB 2.5572573077346226 1.13353604066251
61629.0242 lsst_hardware_z 1428.4890032604 66.03997857801959 30.969999313354492 AB 2.688987032971672 1.1418203961663151
61631.0069 lsst_hardware_r 2469.124507529094 94.10132705689031 31.6299991607666 AB 3.5292197156516854 1.1340680320217498
61631.0178 lsst_hardware_i 1970.3325241239493 78.77437537623676 31.309999465942383 AB 3.598024474342828 1.1410828715078474
61839.388 lsst_hardware_g 0.9984674090114354 14.300000190734863 31.389999389648438 AB 10.5540256042015 1.1364912081194682
61839.4019 lsst_hardware_y 98.83872888984357 58.709999084472656 30.020000457763672 AB 10.498002049376481 1.1301947228927525
61841.3835 lsst_hardware_i -24.871957189743124 64.37999725341797 31.309999465942383 AB 8.256929741266369 1.1359099932956653
61841.3972 lsst_hardware_y -79.39468007045093 55.72999954223633 30.030000686645508 AB 8.161861893655704 1.1299822641085253
61846.3782 lsst_hardware_r 107.34546969774989 54.209999084472656 31.610000610351562 AB 10.25083819813713 1.1317722138381932
61846.3906 lsst_hardware_y -131.67928197440105 51.0099983215332 30.020000457763672 AB 10.266557861262738 1.1286479381358006
61850.3901 lsst_hardware_g -6.842722803280156 17.84000015258789 31.479999542236328 AB 6.98722755470902 1.128792819823704
61850.4037 lsst_hardware_z 87.4503864791722 46.34000015258789 30.950000762939453 AB 7.016669498110044 1.1327866807119673
61852.3911 lsst_hardware_i -34.50459498952183 31.139999389648438 31.229999542236328 AB 7.124755518519835 1.1301511708006242
61852.4047 lsst_hardware_y -12.955591556124268 52.4900016784668 30.010000228881836 AB 7.170051942363094 1.1362097999149186
61856.3707 lsst_hardware_g 3.07418818038072 13.640000343322754 31.389999389648438 AB 8.785703104638216 1.1284941477099915
61856.3824 lsst_hardware_i 39.480293043711654 31.010000228881836 31.239999771118164 AB 8.845651252324359 1.1308441291617017
61858.3773 lsst_hardware_z -15.442729378204962 41.959999084472656 30.940000534057617 AB 10.332520488943489 1.1309676542188838
61858.3886 lsst_hardware_r 16.859242488269782 22.670000076293945 31.479999542236328 AB 10.549415923162174 1.136382325654787
61872.319 lsst_hardware_z -36.903941503601565 70.01000213623047 30.989999771118164 AB 7.504084304691167 1.1287307644404418
61872.3306 lsst_hardware_r 9.455344938343286 99.05999755859375 31.639999389648438 AB 7.484200310794976 1.1288812264104944
61876.2659 lsst_hardware_r 20.409997133380333 49.900001525878906 31.610000610351562 AB 19.109014532399495 1.154960534238569
61876.2806 lsst_hardware_i 26.404694669746487 46.27000045776367 31.299999237060547 AB 18.879088762682557 1.1409487472537077
61880.3003 lsst_hardware_r 10.28917005515524 23.520000457763672 31.479999542236328 AB 4.097747054438599 1.1284673471775832
61880.3136 lsst_hardware_u 3.8742355885036144 2.950000047683716 28.459999084472656 AB 3.9663287572360417 1.1298740673432048
61883.3016 lsst_hardware_g -2.258321803402858 13.390000343322754 31.360000610351562 AB 6.338873780866271 1.129051911334015
61883.313 lsst_hardware_i 11.542016903865091 30.860000610351562 31.229999542236328 AB 6.357451007493571 1.132528904871038
61885.2966 lsst_hardware_z -10.616878523890168 42.40999984741211 30.940000534057617 AB 14.3785842312476 1.1291342894769172
61885.309 lsst_hardware_r 23.977761715019312 22.600000381469727 31.469999313354492 AB 14.494987280131918 1.133195526639845
61888.2956 lsst_hardware_u -0.7810978453383867 2.5199999809265137 28.280000686645508 AB 3.2800488924439533 1.131051342222053
61888.3075 lsst_hardware_g 4.993159208186555 13.529999732971191 31.3799991607666 AB 3.2969923875276503 1.1368939267336726
61889.3132 lsst_hardware_r 4.220872412166376 22.700000762939453 31.469999313354492 AB 13.747469734360923 1.1430822949856643
61889.3262 lsst_hardware_i -2.555744188605213 31.170000076293945 31.229999542236328 AB 13.919073238405586 1.1560532028963264
61891.2849 lsst_hardware_i 8.325583929449653 31.25 31.239999771118164 AB 10.254638196313984 1.1302471490770867
61891.2956 lsst_hardware_z -14.750296325662339 42.83000183105469 30.940000534057617 AB 11.06743368487476 1.1347140703208858
61895.2807 lsst_hardware_r 6.215103840808612 22.770000457763672 31.479999542236328 AB 10.246012926184173 1.132740226214347
61895.2921 lsst_hardware_z -26.323412605185112 42.349998474121094 30.940000534057617 AB 9.525753829197642 1.1394101646718269
61897.2821 lsst_hardware_z 28.306829548846984 54.47999954223633 30.959999084472656 AB 8.381394799188245 1.1363832688208588
61897.2943 lsst_hardware_i 46.18435251191391 54.81999969482422 31.299999237060547 AB 7.935651992963498 1.145653010858411
61899.2786 lsst_hardware_z 44.37112123271891 75.68000030517578 30.979999542236328 AB 9.78523630919928 1.1376307750699144
61899.2903 lsst_hardware_r 38.947328350920436 111.94999694824219 31.6299991607666 AB 9.893605510754073 1.1470071215381459
61903.2836 lsst_hardware_y 19.091849210268066 76.73999786376953 30.770000457763672 AB 8.062561866396559 1.15121894287093
61908.2242 lsst_hardware_u -3.7423441646595212 2.8299999237060547 28.3799991607666 AB 8.99859357853016 1.1284682092419471
61908.2366 lsst_hardware_g 4.984286541311083 17.360000610351562 31.479999542236328 AB 9.02913712493438 1.1297483525453313
61926.1956 lsst_hardware_z 15.253893927185072 58.83000183105469 30.969999313354492 AB 9.148662015433889 1.1325521657317086
61926.2083 lsst_hardware_r -8.781583737486747 74.44999694824219 31.6200008392334 AB 9.3202995235661 1.1400396950491127
61928.1977 lsst_hardware_i -135.63334922324862 94.30000305175781 31.31999969482422 AB 5.104325028892004 1.1365464967009453
61928.2096 lsst_hardware_r 135.5797812521591 120.70999908447266 31.6299991607666 AB 4.551328534110728 1.1456127534783893
61944.1295 lsst_hardware_i -42.30169203191951 30.940000534057617 31.239999771118164 AB 3.9147377334109033 1.1284917075268746
61944.1422 lsst_hardware_z 43.07325878958524 42.11000061035156 30.940000534057617 AB 3.8569663775016263 1.1309093615310957
61947.1192 lsst_hardware_r 35.67203660860782 22.860000610351562 31.469999313354492 AB 5.560465532256926 1.1284557143088045
61947.1313 lsst_hardware_g 15.922044397881157 13.6899995803833 31.3700008392334 AB 6.810992174215736 1.1300800023586752
61950.048 lsst_hardware_r -42.54121057953216 25.510000228881836 31.489999771118164 AB 4.040100143383294 1.1763284738341226
61950.0533 lsst_hardware_z 35.01650505574672 43.0099983215332 30.93000030517578 AB 4.004905539739052 1.1684625936510726
61960.0826 lsst_hardware_r 62.02941752567446 89.80000305175781 31.639999389648438 AB 3.2071498561694547 1.1284834117415392
61960.0945 lsst_hardware_i 24.720783967342882 71.20999908447266 31.31999969482422 AB 3.552679388020121 1.1297475264002927
61962.1077 lsst_hardware_r -5.731768011802565 58.040000915527344 31.6200008392334 AB 8.259667144933855 1.1384138946672178
61962.1195 lsst_hardware_g -219.55396917628926 61.849998474121094 31.68000030517578 AB 8.446577619584538 1.1482048510921932
61964.0999 lsst_hardware_r -24.92319359815269 22.709999084472656 31.479999542236328 AB 7.90621282026134 1.136875735070892
61964.1129 lsst_hardware_i -16.170270572987015 36.75 31.260000228881836 AB 7.954072365864214 1.1471116766460883
61974.0853 lsst_hardware_r 9.861811624277244 22.6299991607666 31.469999313354492 AB 7.432370967822592 1.146838092477351
61974.0977 lsst_hardware_u 0.9224687998919334 2.559999942779541 28.299999237060547 AB 7.457730626982239 1.1604202165919382
61978.0282 lsst_hardware_g 37.27854817833717 14.819999694824219 31.40999984741211 AB 5.096213821426872 1.1289795794033834
61978.0409 lsst_hardware_r -9.679580759076169 23.290000915527344 31.469999313354492 AB 5.039959023507283 1.1288966342273457
61981.0267 lsst_hardware_r 22.47269765576993 40.209999084472656 31.579999923706055 AB 5.783592247577963 1.12846910622314
61981.0382 lsst_hardware_z 13.652837747487533 46.459999084472656 30.950000762939453 AB 5.778186763109876 1.1300234869184893
61983.029 lsst_hardware_z 40.16641172408085 54.33000183105469 30.959999084472656 AB 4.166206301334774 1.1291807027897751
61983.0414 lsst_hardware_i -134.11114698078447 56.099998474121094 31.299999237060547 AB 4.236408373799214 1.1332345181807972
61987.0268 lsst_hardware_r -43.99447720354738 93.13999938964844 31.6299991607666 AB 0.9317312087832563 1.1316573386031454
61987.0394 lsst_hardware_i 63.454781988621676 73.62999725341797 31.309999465942383 AB 0.8484867371728102 1.1383990212515342
61990.0075 lsst_hardware_i -39.95178143955852 50.27000045776367 31.299999237060547 AB 4.3993691526176 1.1288152119271984
61990.0189 lsst_hardware_z 17.51903831349967 53.38999938964844 30.959999084472656 AB 4.352795351455247 1.1317720622608545
61992.0093 lsst_hardware_r 7.467281285213638 22.6200008392334 31.479999542236328 AB 3.64047345488415 1.1303477918290674
61992.0208 lsst_hardware_u -9.552191145668013 2.6500000953674316 28.389999389648438 AB 3.5640969283925963 1.1353037571860043
61994.0043 lsst_hardware_g 3.0316523290083497 13.619999885559082 31.389999389648438 AB 2.587119373053897 1.1304869447471693
61994.0158 lsst_hardware_i 18.976513556658062 31.030000686645508 31.239999771118164 AB 2.529477989086851 1.1355681208021777
61995.0013 lsst_hardware_z 18.811127706795645 42.560001373291016 30.940000534057617 AB 2.432255365561183 1.1304052822127884
61995.0121 lsst_hardware_r -7.601291399367324 22.790000915527344 31.479999542236328 AB 2.4568435694783313 1.1350191658802686
