data/validation/pwv_sim_epoch_fit_seasonal/933115.ecsv
# %ECSV 0.9
# ---
# datatype:
# - {name: time, datatype: float64}
# - {name: band, datatype: string}
# - {name: flux, datatype: float64}
# - {name: fluxerr, datatype: float64}
# - {name: zp, datatype: float64}
# - {name: zpsys, datatype: string}
# - {name: pwv, datatype: float64}
# - {name: airmass, datatype: float64}
# meta: {SNID: '933115', alt: 1024.0, c: 0.03534771874547005, dec: -7.632146, lat: -30.244573, lon: -70.7499537, ra: 231.679688, t0: 62230.28125,
#   x0: 8.770738923993718e-06, x1: 0.6714890003204346, z: 0.4861787259578705}
# schema: astropy-2.0
time band flux fluxerr zp zpsys pwv airmass
62195.3844 lsst_hardware_z -12.468069541417922 58.650001525878906 30.969999313354492 AB 5.136409772445188 1.0879150887698081
62197.3819 lsst_hardware_i 56.5239102934446 72.54000091552734 31.329999923706055 AB 3.27794159278137 1.086130415103171
62197.3999 lsst_hardware_y 17.390093239163495 73.05000305175781 30.059999465942383 AB 3.2856539925160875 1.0828553983739269
62198.3306 lsst_hardware_i 0.594931110851642 73.9000015258789 31.309999465942383 AB 7.01885479236908 1.1640374463898304
62198.3477 lsst_hardware_y 4.631387458611338 56.06999969482422 30.030000686645508 AB 6.704461608388544 1.124092372724844
62201.3761 lsst_hardware_z 11.221865008684906 54.63673352584224 30.969999313354492 AB 7.928128808298236 1.0838797573293215
62201.3964 lsst_hardware_y -21.448302630195418 57.24090175678901 30.040000915527344 AB 8.135183613563356 1.0852699591200043
62207.377 lsst_hardware_r 228.02716531614178 28.487123261776414 31.510000228881836 AB 7.958872066434901 1.0840196222330292
62207.3963 lsst_hardware_y 83.30276982280742 50.509583831298706 30.030000686645508 AB 7.974532461138366 1.0984204491926124
62210.3481 lsst_hardware_i 436.35770141867516 38.625815143330016 31.25 AB 9.818964554436686 1.08526825691481
62210.3671 lsst_hardware_u 7.52844970505362 3.054201400312464 28.459999084472656 AB 9.779980659321668 1.083474287854835
62215.344 lsst_hardware_i 1149.7557816747249 46.3292594192054 31.260000228881836 AB 5.595785666301568 1.082566389301909
62215.3636 lsst_hardware_r 1578.3900162924829 46.49583188463075 31.520000457763672 AB 5.560089153096405 1.0884350707530108
62219.3405 lsst_hardware_r 2412.861749276133 54.37419511017051 31.520000457763672 AB 7.364254253424713 1.0829785666801048
62219.361 lsst_hardware_i 1683.4721594471223 51.83964505667165 31.260000228881836 AB 7.450369553083535 1.095642581335814
62221.3228 lsst_hardware_z 1412.493684252929 56.37897946800112 30.950000762939453 AB 6.942531713639473 1.083472670286536
62221.3412 lsst_hardware_r 2591.930247101944 57.15261910800096 31.510000228881836 AB 8.137430629830252 1.0849907506440335
62223.3268 lsst_hardware_z 3315.367315088215 95.28449795811076 31.729999542236328 AB 8.036252043499713 1.0825665078805182
62225.3219 lsst_hardware_r 3322.385826770722 124.99464773819561 31.649999618530273 AB 6.98509464528203 1.0826247125360016
62225.3401 lsst_hardware_z 1873.8910526179363 84.99880686872045 30.989999771118164 AB 6.911650704325464 1.0913707096676872
62227.3089 lsst_hardware_r 3778.1052215309123 131.90237831079116 31.649999618530273 AB 5.566054132571755 1.0828899090606798
62227.328 lsst_hardware_y 615.2765166527579 66.85453427600767 30.049999237060547 AB 5.466187913906215 1.0866272669075554
62229.3103 lsst_hardware_z 1952.19231255948 75.06092289507163 30.979999542236328 AB 6.220546629755262 1.0825559004127943
62229.3277 lsst_hardware_r 3672.400243189798 96.0489189316046 31.639999389648438 AB 6.30274379555528 1.0901571902715945
62231.3139 lsst_hardware_i 2451.3834040516917 62.660619240489495 31.270000457763672 AB 7.551538539031592 1.0849911694010907
62231.3324 lsst_hardware_z 1997.069238421734 63.13563806888706 30.950000762939453 AB 7.5554725406348915 1.1003382422828065
62233.2845 lsst_hardware_z 1912.6008465285822 60.33765392218181 30.950000762939453 AB 8.685301183755353 1.0856626479694191
62233.3034 lsst_hardware_r 3130.466069352998 61.700762146066914 31.530000686645508 AB 9.07467893478159 1.0832311792356342
62241.2414 lsst_hardware_u 2.522184892945239 2.9748595156425077 28.450000762939453 AB 11.04602113398986 1.1057816137870256
62241.2579 lsst_hardware_g 527.3435630747895 27.15944433544301 31.450000762939453 AB 10.193762542311445 1.0885344780712727
62243.27 lsst_hardware_g 461.7539019694717 26.078946033507204 31.469999313354492 AB 14.516499790232324 1.0824592207868604
62243.2874 lsst_hardware_r 2088.21739129864 52.32844866323615 31.520000457763672 AB 14.68673563243385 1.088605200803023
62249.2541 lsst_hardware_g 577.5708294575322 31.539149934400623 32.20000076293945 AB 6.1346966792784015 1.0824661826746973
62249.2751 lsst_hardware_i 1468.291018905702 50.23897478218713 31.25 AB 6.144778532881037 1.0918227670364316
62251.2569 lsst_hardware_z 1166.2288001842885 60.70465538973768 30.969999313354492 AB 14.729768883996355 1.0840277365319662
62251.2753 lsst_hardware_r 1500.0875568481965 66.83985150492941 31.6200008392334 AB 14.867478313201405 1.0974333503008973
62253.2646 lsst_hardware_y 743.3137611825651 89.99770717372752 30.799999237060547 AB 2.935545149395754 1.0921942700756222
62255.2529 lsst_hardware_r 816.1057910961737 163.03557911280976 31.649999618530273 AB 11.578556328701055 1.0874436561353422
62255.2712 lsst_hardware_i 1384.5518300192657 129.54952591538824 31.329999923706055 AB 11.789252933841626 1.1060114861591224
62258.2293 lsst_hardware_i 1056.8172719525994 65.54743319382796 31.309999465942383 AB 8.663218341775114 1.0824625423140741
62258.2486 lsst_hardware_z 726.2803772146032 62.66827456701193 30.969999313354492 AB 8.633711229494892 1.0902182945980095
62260.2314 lsst_hardware_r 714.8817910212622 47.722160848901154 31.600000381469727 AB 10.353834707670106 1.083717260589305
62260.2493 lsst_hardware_z 867.6221146095817 54.35445207792721 30.959999084472656 AB 10.446223812056804 1.0958918551630588
62262.2218 lsst_hardware_g 115.88994261117409 20.267708479240234 31.5 AB 2.588308910708809 1.0827479233251658
62262.2409 lsst_hardware_i 905.6279229419646 45.01971287675066 31.25 AB 2.661970463235594 1.0929872565123933
62265.2137 lsst_hardware_u -0.5544043142888716 3.3386970935333498 28.610000610351562 AB 9.029966192688994 1.082762216216213
62265.2316 lsst_hardware_g 71.62493650676309 18.13161099322335 31.479999542236328 AB 9.148109376015407 1.0919856014342475
62267.2189 lsst_hardware_r 445.8810101953454 32.504514052812794 31.520000457763672 AB 8.179532172213948 1.0866921977167388
62267.2387 lsst_hardware_i 767.0068422980962 42.087457540066055 31.260000228881836 AB 8.320102967760201 1.106384410779155
62269.1911 lsst_hardware_z 716.6616976717191 50.48139999659206 30.950000762939453 AB 6.399779432543478 1.0836675677389573
62269.2138 lsst_hardware_r 371.22221501832126 31.685579033191875 31.510000228881836 AB 7.184808067664811 1.0869055621498798
62271.162 lsst_hardware_r 342.9298887340981 31.19320420883339 31.510000228881836 AB 7.591953000495965 1.10241331081742
62271.1829 lsst_hardware_u 5.507266404097781 2.9175399193189047 28.40999984741211 AB 7.067881556110311 1.0846686276865798
62276.1653 lsst_hardware_g 53.14555854193768 16.772377927883817 31.43000030517578 AB 8.36714912263897 1.0866427431998662
62276.1852 lsst_hardware_i 522.314448460374 38.83731281264033 31.239999771118164 AB 8.734062771519973 1.0830483327640192
62278.1584 lsst_hardware_z 575.306937040554 51.83882958141596 30.959999084472656 AB 5.398174844579366 1.0875194851834191
62278.1793 lsst_hardware_r 287.8243292447686 41.219808943571394 31.59000015258789 AB 5.72370021046999 1.0829573266108492
62281.1589 lsst_hardware_y 566.3298242509535 83.78555142273719 30.790000915527344 AB 6.219290475241769 1.0835000827946843
62284.1218 lsst_hardware_z 636.9877843507727 94.69416799689253 30.989999771118164 AB 8.455409829848936 1.108966806472383
62284.1445 lsst_hardware_r 186.77219201390653 137.98974726989556 31.649999618530273 AB 7.856568607835133 1.086061460856391
62286.1029 lsst_hardware_i 402.98829945158064 68.06214569903737 31.31999969482422 AB 13.735959744324656 1.1332520930346917
62286.1233 lsst_hardware_z 429.1609967419426 63.787432095490566 30.979999542236328 AB 13.391968418924598 1.0996176470429957
62287.1411 lsst_hardware_r 289.67168912343936 62.05629343926623 31.6299991607666 AB 8.886846776236151 1.0839490696038323
62287.1601 lsst_hardware_z 556.7869478800884 56.41118729141233 30.969999313354492 AB 8.87350986014234 1.084604366868774
62303.0969 lsst_hardware_r 106.83739361837472 27.165656506428565 31.510000228881836 AB 8.581998985673875 1.084133272571211
62303.1171 lsst_hardware_u 0.61187058756456 2.9033553164023376 28.450000762939453 AB 8.613837291228046 1.0849003169152527
62305.0981 lsst_hardware_g 8.837505928764159 19.139999389648438 31.530000686645508 AB 5.62404574716661 1.082588209271725
62305.118 lsst_hardware_r 9.574765702847511 25.81999969482422 31.520000457763672 AB 5.5823343386903215 1.0885279828450416
62307.0904 lsst_hardware_i -5.005413695520332 42.040000915527344 31.290000915527344 AB 4.097913328193125 1.0829103708063752
62307.113 lsst_hardware_z 14.116425115995012 47.459999084472656 30.959999084472656 AB 4.130300107539796 1.0888552316720101
62309.0945 lsst_hardware_r -12.211232442525713 83.52999877929688 31.639999389648438 AB 2.7914354099147927 1.0829311043248906
62309.1169 lsst_hardware_z -79.04354549475252 66.4000015258789 30.979999542236328 AB 2.8477469620007394 1.0973976732180113
62311.0881 lsst_hardware_z 3.8536757512613757 87.12999725341797 31.0 AB 4.060922225861301 1.082768224466418
62311.1092 lsst_hardware_i -39.153454417862626 108.2300033569336 31.329999923706055 AB 4.106695024445973 1.0950213379555522
62313.0968 lsst_hardware_z -6.649132460678741 74.01000213623047 30.989999771118164 AB 5.309272089102689 1.0889883782450882
62313.1211 lsst_hardware_r 186.09538747090352 112.06999969482422 31.639999389648438 AB 5.38182299416144 1.119172964733278
62320.1141 lsst_hardware_g 17.86365642626757 15.050000190734863 31.40999984741211 AB 7.405107511511541 1.1442939391436764
62320.1458 lsst_hardware_r 11.612928517365464 24.719999313354492 31.459999084472656 AB 7.730636194421203 1.2488575204363699
62324.0857 lsst_hardware_i -60.27745471911527 31.770000457763672 31.239999771118164 AB 2.8556461595612044 1.1102823326443252
62324.1066 lsst_hardware_z 95.55802409863306 42.95000076293945 30.940000534057617 AB 2.9798149935113236 1.1527330729250769
62326.0702 lsst_hardware_r -24.763529619910937 24.510000228881836 31.520000457763672 AB 3.1555046278774257 1.0970898315088835
62326.0893 lsst_hardware_u -0.07160239356816424 2.9200000762939453 28.530000686645508 AB 3.525576861096806 1.1260825747447876
62329.0108 lsst_hardware_u -1.144537207089357 2.7799999713897705 28.440000534057617 AB 10.696099858970713 1.094286138316134
62329.031 lsst_hardware_g -2.9175889062905083 15.260000228881836 31.440000534057617 AB 10.532356824498837 1.0827960136217576
62331.0089 lsst_hardware_r 17.096943733948244 24.40999984741211 31.5 AB 7.680992510695235 1.0910500725418966
62331.0294 lsst_hardware_z -2.6618311702481354 42.2400016784668 30.940000534057617 AB 7.496099584444309 1.0824692540713803
62333.0096 lsst_hardware_r -102.53157468728158 35.86000061035156 32.27000045776367 AB 4.766663631492505 1.0866873791802354
62333.0311 lsst_hardware_u -7.5912253582507105 4.300000190734863 29.239999771118164 AB 4.76449790357607 1.083435501372209
62343.9758 lsst_hardware_y -8.442127184140666 48.529998779296875 30.030000686645508 AB 4.699038886640724 1.089169177155387
62343.9981 lsst_hardware_i -12.922442128052165 49.75 31.309999465942383 AB 4.758857895203482 1.082789054653807
62345.9744 lsst_hardware_y 47.72802915411004 49.43000030517578 30.030000686645508 AB 4.795888682238947 1.0865175990573055
62345.9958 lsst_hardware_r 2.0943038612052214 24.780000686645508 31.510000228881836 AB 4.783349269087202 1.083492670952421
62348.9741 lsst_hardware_y 64.68105402154255 49.65999984741211 30.040000915527344 AB 5.0319827036382705 1.0832728004674976
62348.9941 lsst_hardware_g 25.55085738411153 15.770000457763672 31.459999084472656 AB 5.048084003414068 1.0861934380665021
62349.9681 lsst_hardware_y -28.326851923939053 56.65999984741211 30.040000915527344 AB 4.210300188905105 1.0843138162219392
62349.9873 lsst_hardware_z 46.9202268001227 42.599998474121094 30.940000534057617 AB 4.222456172477268 1.0843028904285732
62352.967 lsst_hardware_y -65.18317265732173 62.13999938964844 30.049999237060547 AB 1.2330794091578428 1.0825982521146855
62352.9838 lsst_hardware_u -2.323683303569611 2.930000066757202 28.440000534057617 AB 1.336446936967107 1.0865422251765098
62562.3825 lsst_hardware_r -36.097656828363284 24.760000228881836 31.510000228881836 AB 3.262831519104751 1.0861622899816081
62562.4005 lsst_hardware_y -23.585751444108784 67.30000305175781 30.049999237060547 AB 3.270376486671249 1.082816484288138
62564.3806 lsst_hardware_z 15.172372262726313 42.36000061035156 30.950000762939453 AB 7.501379598095634 1.08447147975601
62564.3987 lsst_hardware_y 78.26126277994557 59.34000015258789 30.049999237060547 AB 7.4726813167940875 1.0837171527165272
62565.3729 lsst_hardware_u 2.8292366746906374 2.75 28.399999618530273 AB 10.524975775531999 1.0869727292836462
62565.3921 lsst_hardware_y 15.303031862862557 48.869998931884766 30.030000686645508 AB 10.560358379915208 1.0827805167553786
62567.3789 lsst_hardware_r -34.53319844518564 24.290000915527344 31.5 AB 9.695924452027073 1.082698330830097
62567.397 lsst_hardware_y 30.699425774206087 51.619998931884766 30.030000686645508 AB 9.721771019061718 1.0866361049621953
62569.3757 lsst_hardware_r 5.572098744077109 24.31999969482422 31.510000228881836 AB 8.176298354722196 1.082475510333918
62569.395 lsst_hardware_y 20.809427497184355 49.65999984741211 30.040000915527344 AB 8.172477217135766 1.088889307665984
62573.3492 lsst_hardware_u -0.206176425680553 2.7100000381469727 28.3799991607666 AB 14.097176496725911 1.0881649167677276
62573.3684 lsst_hardware_g -5.494865495312822 15.270000457763672 31.450000762939453 AB 13.99889384870172 1.0825421527820995
62579.3512 lsst_hardware_z -20.611277449144062 90.4800033569336 31.729999542236328 AB 7.079601178874847 1.0824802393733446
62581.2978 lsst_hardware_r 54.428308369548986 113.5999984741211 31.639999389648438 AB 4.485889170555483 1.1268954771225008
62581.3165 lsst_hardware_z -46.799135450254354 77.4800033569336 30.989999771118164 AB 4.3411539813159274 1.0979839345724545
62585.2693 lsst_hardware_z -0.2740891103283959 53.279998779296875 30.950000762939453 AB 7.626682194115345 1.1695123165214254
62585.287 lsst_hardware_r -40.27645544518775 55.150001525878906 31.610000610351562 AB 7.308251246639459 1.1266574378169774
62595.3285 lsst_hardware_z 32.190036261300484 42.2599983215332 30.940000534057617 AB 7.514653419096379 1.0925372680360144
62595.3483 lsst_hardware_r -8.377403916769065 24.030000686645508 31.489999771118164 AB 8.52292697382782 1.118934879063665
62597.3139 lsst_hardware_u 1.2425811479632802 2.890000104904175 28.530000686645508 AB 18.287697467304298 1.0859677830940795
62597.3341 lsst_hardware_g 10.806213941551094 15.15999984741211 31.450000762939453 AB 19.968422829060763 1.1051613040712536
62599.2855 lsst_hardware_g 8.066481129166606 15.010000228881836 31.440000534057617 AB 9.34359526802808 1.0842896826746444
62599.3049 lsst_hardware_r -64.9120780420287 23.920000076293945 31.489999771118164 AB 10.810561331632519 1.0843362503204714
62601.2897 lsst_hardware_z -29.046691259889485 42.25 30.950000762939453 AB 4.3568095134142055 1.0824371461898645
62601.3069 lsst_hardware_r -42.98227752435318 24.110000610351562 31.510000228881836 AB 5.818408820309233 1.0883667826990708
62603.2897 lsst_hardware_u -2.5731465574744083 2.9200000762939453 28.549999237060547 AB 6.297849948799231 1.083035244849395
62603.305 lsst_hardware_r -56.931387676941846 24.329999923706055 31.520000457763672 AB 7.309210417511409 1.091089777207256
62605.2886 lsst_hardware_i -38.93923079035824 39.349998474121094 31.290000915527344 AB 7.597351036384018 1.0843676769147812
62605.3057 lsst_hardware_z -40.6714429343497 42.86000061035156 30.950000762939453 AB 8.043171541214198 1.0970454477673377
62607.2222 lsst_hardware_z 19.274214203390734 62.13999938964844 30.979999542236328 AB 18.61749631985383 1.1365414653214756
62607.241 lsst_hardware_r 58.62798245187876 82.9800033569336 31.649999618530273 AB 18.036355714867916 1.1035347401132667
62609.274 lsst_hardware_y -136.16344838386988 97.69000244140625 30.799999237060547 AB 13.813697196437582 1.0831936011007495
62615.2003 lsst_hardware_z -37.5276344452379 46.029998779296875 30.950000762939453 AB 9.009533440621077 1.136670359958502
