data/validation/pwv_sim_epoch_fit_seasonal/945434.ecsv
# %ECSV 0.9
# ---
# datatype:
# - {name: time, datatype: float64}
# - {name: band, datatype: string}
# - {name: flux, datatype: float64}
# - {name: fluxerr, datatype: float64}
# - {name: zp, datatype: float64}
# - {name: zpsys, datatype: string}
# - {name: pwv, datatype: float64}
# - {name: airmass, datatype: float64}
# meta: {SNID: '945434', alt: 1024.0, c: 0.05957335606217384, dec: -47.55368, lat: -30.244573, lon: -70.7499537, ra: 161.960358, t0: 60357.078125,
#   x0: 2.8509679240664786e-05, x1: 1.1246464252471924, z: 0.2945384681224823}
# schema: astropy-2.0
time band flux fluxerr zp zpsys pwv airmass
60312.3473 lsst_hardware_r 26.013641113331367 40.02000045776367 31.610000610351562 AB 5.717273805011693 1.0510660547865969
60312.36 lsst_hardware_y -100.8738444773613 65.80000305175781 30.059999465942383 AB 5.763081466271031 1.0482141626538803
60314.3469 lsst_hardware_z -68.84474301569973 43.18000030517578 30.950000762939453 AB 11.825066538319613 1.0494379249484915
60314.3584 lsst_hardware_y -6.644174506253655 58.959999084472656 30.059999465942383 AB 11.71057564222853 1.0481607198235416
60320.3525 lsst_hardware_u -1.661901012780813 3.4600000381469727 28.670000076293945 AB 6.821362253166985 1.049924927376787
60320.3633 lsst_hardware_z -65.89225653062185 52.790000915527344 30.979999542236328 AB 6.84407846104589 1.0546794253643934
60322.3471 lsst_hardware_r -11.26498495576533 22.010000228881836 31.489999771118164 AB 4.381242207693306 1.0499442124120268
60322.3603 lsst_hardware_y -87.12649619680428 53.75 30.049999237060547 AB 4.379124058029137 1.0561862100805894
60324.3412 lsst_hardware_z 11.963934595674724 40.849998474121094 30.950000762939453 AB 5.6282297473561975 1.0498143589435505
60324.3539 lsst_hardware_y 11.035270820576887 47.959999084472656 30.040000915527344 AB 5.64179435706149 1.0555933061734109
60326.3278 lsst_hardware_i -26.018094614562294 29.809999465942383 31.239999771118164 AB 2.7499571109644765 1.0483015766566193
60326.3401 lsst_hardware_u 0.14302216938814924 2.6500000953674316 28.43000030517578 AB 2.4180606946026364 1.051330736783755
60328.333 lsst_hardware_g 8.068587093158987 12.960000038146973 31.3700008392334 AB 6.93465072138754 1.050704654755688
60328.3461 lsst_hardware_r 15.562514703598453 21.75 31.469999313354492 AB 6.553766896539781 1.0576562408681944
60330.332 lsst_hardware_i 31.061008282532377 29.75 31.239999771118164 AB 12.59509164890662 1.0525732616502308
60330.3446 lsst_hardware_r 9.65188862410093 21.809999465942383 31.479999542236328 AB 11.932590505274803 1.0606432851122756
60332.3227 lsst_hardware_z 51.4577058815591 41.39739359200231 30.940000534057617 AB 9.467796599677479 1.0509361946601956
60332.336 lsst_hardware_g 53.71469319160524 13.40809843295296 31.3799991607666 AB 9.960712816423454 1.0582430615058183
60334.3387 lsst_hardware_r 321.21093286337236 75.7147045054868 31.639999389648438 AB 10.331714939355791 1.0650337537348264
60334.3515 lsst_hardware_i 159.8379965742282 59.61734517591835 31.309999465942383 AB 10.436458942144519 1.079354540254554
60338.284 lsst_hardware_i 1181.9978076323623 64.34895279415004 31.31999969482422 AB 11.766414818243044 1.0488636657449286
60338.2955 lsst_hardware_z 911.2178087277557 60.92168952696665 30.969999313354492 AB 11.62325712516508 1.0483523405587614
60340.2773 lsst_hardware_z 1460.788026802573 61.79390533556876 30.969999313354492 AB 12.062260799814624 1.0491203130954228
60340.2886 lsst_hardware_r 2685.6296757150244 75.97834573736061 31.639999389648438 AB 12.148590305188012 1.048233569385268
60346.278 lsst_hardware_u 52.75775161958226 7.819917440364915 28.420000076293945 AB 4.119566809897825 1.0490366208041317
60346.289 lsst_hardware_g 3958.566198382161 64.22968060583723 31.399999618530273 AB 3.9979112932725585 1.0529131665189777
60350.2757 lsst_hardware_i 6030.860512247868 82.02095132092347 31.239999771118164 AB 3.5972037935277896 1.051813974715728
60350.2875 lsst_hardware_z 3851.1080367481504 73.78811020098154 30.940000534057617 AB 3.705533478634859 1.058723851038531
60352.2696 lsst_hardware_u 78.11597784285816 9.128546754149001 28.459999084472656 AB 5.743794749204707 1.051543731832982
60352.2805 lsst_hardware_g 5673.697659026242 76.17053225046669 31.399999618530273 AB 5.794417073104641 1.0576166229714152
60354.268 lsst_hardware_r 8569.790563721253 94.87655809221619 31.479999542236328 AB 3.6344706845921 1.053342548366265
60354.2791 lsst_hardware_z 4019.8424522324995 74.71711763954438 30.940000534057617 AB 3.6517318636365568 1.0606763412799216
60359.2491 lsst_hardware_z 4279.936759264582 76.25836150821647 30.950000762939453 AB 2.74082004749752 1.0509950971422715
60359.2603 lsst_hardware_g 5195.821421561693 73.69002148117066 31.420000076293945 AB 2.6706348617304494 1.0568749246699005
60362.2523 lsst_hardware_r 9364.75836606531 118.53081789999997 31.649999618530273 AB 10.006140307570671 1.0570052614557304
60362.264 lsst_hardware_i 7244.066122182091 101.28924654105073 31.31999969482422 AB 10.048558462895445 1.066735388270821
60367.2543 lsst_hardware_r 8114.646737029215 120.2953067172899 31.639999389648438 AB 6.381268865643019 1.0708623704720808
60367.2661 lsst_hardware_z 3722.6467479141447 83.9806003437707 30.969999313354492 AB 6.412344193191305 1.085795144752154
60369.1906 lsst_hardware_r 7772.500366591507 105.92973199411954 31.639999389648438 AB 4.05031455840636 1.0515290273219746
60369.2025 lsst_hardware_i 5866.488844567038 92.97676528939301 31.31999969482422 AB 4.086695027337718 1.0484081650430266
60372.1942 lsst_hardware_z 5214.2874838740745 94.01185357168532 31.690000534057617 AB 6.761273799397662 1.0484220498368215
60386.2028 lsst_hardware_g 786.7186617971754 30.177160032463824 31.389999389648438 AB 7.337076676856212 1.0712885421151437
60386.2158 lsst_hardware_r 2518.867821361313 54.315899784188574 31.469999313354492 AB 6.419826832673447 1.088106242826008
60390.1484 lsst_hardware_i 3436.4341685958893 75.58471693525497 31.309999465942383 AB 5.217645546792785 1.0481935707483874
60390.1633 lsst_hardware_z 2413.293242117681 69.62140491004055 30.969999313354492 AB 5.249175381064547 1.0505879976111974
60393.1502 lsst_hardware_i 3254.7337371756093 94.80488666056634 31.329999923706055 AB 8.970982710363037 1.0491763885577305
60393.1626 lsst_hardware_z 2573.890027720037 82.45633367745391 30.989999771118164 AB 8.950035197605631 1.0539372583143893
60398.1407 lsst_hardware_z 4118.968383294395 97.24133120418146 31.719999313354492 AB 6.677319413759284 1.0503333809394848
60402.1266 lsst_hardware_z 1696.0281094798097 57.451534302030105 30.940000534057617 AB 6.588731925845513 1.0494117903711895
60402.1386 lsst_hardware_r 1026.5035652806912 40.096787823893465 31.479999542236328 AB 6.635234546525794 1.0542577233804509
60404.1217 lsst_hardware_u 7.7967751530458 3.0711659651615935 28.399999618530273 AB 7.347598509081747 1.049556972061958
60404.1352 lsst_hardware_g 271.294334082562 20.866949237475588 31.389999389648438 AB 7.4070801397629635 1.055465381969224
60414.1147 lsst_hardware_r 841.6761296946148 36.134303620129884 31.5 AB 11.023903597491074 1.060245597258098
60414.1258 lsst_hardware_z 1033.664687022394 51.59653242098196 30.950000762939453 AB 11.341737886811247 1.0706991727247586
60416.1143 lsst_hardware_r 794.1331417586705 42.40341761539428 31.579999923706055 AB 15.150112897264918 1.0645977324306397
60416.1268 lsst_hardware_y 420.51571954401004 51.100569357614305 30.040000915527344 AB 15.785278608006394 1.0783521763410948
60419.1018 lsst_hardware_z 1808.5161553745538 81.05535519463493 31.709999084472656 AB 7.246497287348193 1.060851133929238
60427.0849 lsst_hardware_z -115.47552853470539 51.369998931884766 30.959999084472656 AB 2.4721443541771566 1.065196849196668
60428.0977 lsst_hardware_r 40.005127205887874 50.369998931884766 31.610000610351562 AB 9.542065679932206 1.0832280564124086
60428.116 lsst_hardware_z 10.150021690843923 49.13999938964844 30.950000762939453 AB 9.811918938538998 1.1135777258258268
60441.9978 lsst_hardware_i 43.34333544653218 42.279998779296875 31.989999771118164 AB 8.128798081410947 1.0493962279937394
60442.0101 lsst_hardware_z -29.2781805561997 57.61000061035156 31.690000534057617 AB 7.423199632253037 1.0482771086781808
60446.0126 lsst_hardware_g -22.244775667821028 32.61000061035156 31.65999984741211 AB 9.50294538197764 1.0514433925622526
60446.0245 lsst_hardware_r -19.97086265924711 35.439998626708984 31.59000015258789 AB 9.518898724031718 1.058125691866576
60455.0044 lsst_hardware_g -19.497647780222913 110.76000213623047 32.47999954223633 AB 6.045823567521023 1.0616020311713823
60455.0195 lsst_hardware_r 77.00947105970646 103.61000061035156 32.400001525878906 AB 6.1167887051401975 1.0773419899853574
60458.9978 lsst_hardware_g -0.6741977540204835 13.010000228881836 31.389999389648438 AB 10.056427474402852 1.0654688217833894
60459.0108 lsst_hardware_r 41.055565562006905 21.90999984741211 31.479999542236328 AB 10.294018064285023 1.0801981231705586
60462.9881 lsst_hardware_u 6.177433031412567 2.5399999618530273 28.350000381469727 AB 9.760420180657803 1.0666543009297638
60463.0002 lsst_hardware_g -1.2436799224414734 13.029999732971191 31.3799991607666 AB 9.662134215029184 1.080624545229012
60679.3471 lsst_hardware_u 1.3170320532118194 3.4200000762939453 28.639999389648438 AB 2.896110913253878 1.0496007658798145
60679.3592 lsst_hardware_z -123.81725953332557 55.75 30.979999542236328 AB 2.856864641036908 1.0481983639834556
60681.3481 lsst_hardware_r 5.248251475646767 22.739999771118164 31.5 AB 7.928450633984484 1.048390166477285
60681.3606 lsst_hardware_y -18.874747729034915 62.68000030517578 30.059999465942383 AB 7.933478377052535 1.0490549920069445
60683.3445 lsst_hardware_z -2.4273025027160786 41.33000183105469 30.950000762939453 AB 9.130859951444247 1.048238935187997
60683.3566 lsst_hardware_y 32.497474366917736 52.869998931884766 30.049999237060547 AB 9.203172245072963 1.049392502288821
60685.3465 lsst_hardware_g 16.192450597156963 13.5600004196167 31.420000076293945 AB 7.149015005723921 1.0485117157223507
60685.3598 lsst_hardware_y -101.77778899555301 55.13999938964844 30.049999237060547 AB 7.178296991323951 1.0525104945613184
60689.3521 lsst_hardware_y 50.579977692486295 75.16000366210938 30.809999465942383 AB 7.247907328374832 1.0541643994436523
60691.3292 lsst_hardware_z 62.60918996680159 55.40999984741211 30.979999542236328 AB 5.954417870353619 1.0484052945424103
60691.3411 lsst_hardware_r -68.21234103152447 71.47000122070312 31.649999618530273 AB 4.632516023892276 1.0514903587559072
60693.3397 lsst_hardware_i 57.55910982228845 52.41999816894531 31.31999969482422 AB 7.054973716445587 1.0533742017835879
60693.3515 lsst_hardware_z -55.490941667751486 52.5099983215332 30.979999542236328 AB 7.092669856479182 1.0612870590888699
60698.3261 lsst_hardware_g 6.58244034164554 20.579999923706055 31.559999465942383 AB 9.48281976678507 1.0534027975137306
60698.3392 lsst_hardware_i -46.863132066239835 32.16999816894531 31.25 AB 10.121242259513584 1.0624303006889817
60700.3273 lsst_hardware_z 32.36905198997401 41.22999954223633 30.950000762939453 AB 10.362799871104052 1.0574285582759235
60700.341 lsst_hardware_r -7.518260537430805 22.709999084472656 31.5 AB 10.27882013307885 1.0694107993492823
60702.2812 lsst_hardware_r 18.905783239151777 21.790000915527344 31.479999542236328 AB 12.10305778740818 1.0505746569416483
60702.2932 lsst_hardware_u 2.303979895465406 2.640000104904175 28.43000030517578 AB 12.41651716549929 1.0482201569253113
60706.2797 lsst_hardware_i -17.141064032181106 30.059999465942383 31.25 AB 12.143318869236994 1.0484195009054171
60706.2923 lsst_hardware_z 60.47543419538932 41.13999938964844 30.950000762939453 AB 11.292590968355062 1.049058569218734
60708.2807 lsst_hardware_r -25.384668867043153 21.760000228881836 31.489999771118164 AB 9.557896470608515 1.0482448421373676
60708.2922 lsst_hardware_u 0.8428249658456888 2.619999885559082 28.43000030517578 AB 8.756380284695329 1.050555523058844
60710.2796 lsst_hardware_g -8.724648187070382 13.140000343322754 31.420000076293945 AB 8.37591184578736 1.0487259330500325
60710.2933 lsst_hardware_i -31.987410833575858 29.969999313354492 31.260000228881836 AB 8.131731106095577 1.0533898987763473
60712.2812 lsst_hardware_z -25.44318434148859 40.77000045776367 30.950000762939453 AB 3.9447412354468026 1.0505302890670145
60712.2923 lsst_hardware_r 25.906428258821897 21.75 31.479999542236328 AB 3.583378722641994 1.0559536533496734
60717.2639 lsst_hardware_r -107.46512330796428 75.98999786376953 31.649999618530273 AB 3.854953311412444 1.0494428252483967
60717.2755 lsst_hardware_i 28.81087517142061 60.72999954223633 31.31999969482422 AB 3.8930325965215054 1.0540939813230945
60719.2809 lsst_hardware_z 143.89331825791524 63.630001068115234 30.989999771118164 AB 5.649860885796624 1.0616214495022103
60719.2913 lsst_hardware_r 48.152872887795716 91.68000030517578 31.649999618530273 AB 5.690863008526305 1.0717928950705577
60721.2685 lsst_hardware_z 89.04490651935464 59.38999938964844 30.979999542236328 AB 3.5148265854979384 1.056455240606534
60721.2794 lsst_hardware_r 4.737328206167183 78.69000244140625 31.649999618530273 AB 3.58954921388623 1.0651481346843412
60723.2528 lsst_hardware_z -88.06122056137178 52.470001220703125 30.969999313354492 AB 4.595648923064717 1.0511347960883752
60723.2636 lsst_hardware_i 51.946927553955334 52.59000015258789 31.309999465942383 AB 4.744709909036986 1.0568263370476816
60725.256 lsst_hardware_z -87.90059103981095 46.34000015258789 30.959999084472656 AB 2.6514888241990184 1.055458962727666
60725.2677 lsst_hardware_r -37.588986652181035 43.70000076293945 31.6200008392334 AB 2.6701943462332096 1.064423218775488
60728.2524 lsst_hardware_y 24.164279818625396 47.27000045776367 30.040000915527344 AB 9.886545855319028 1.0585450205111517
60728.2642 lsst_hardware_g -17.918700512429908 18.270000457763672 31.510000228881836 AB 10.18504443176905 1.0690528242152144
60732.2446 lsst_hardware_z 88.56059230843054 40.939998626708984 30.950000762939453 AB 5.861994921394193 1.0609625510049518
60732.2562 lsst_hardware_r -3.7008408863306035 21.940000534057617 31.479999542236328 AB 6.947691369014599 1.0722435396845886
60737.1899 lsst_hardware_u -1.7117717451996082 2.5299999713897705 28.34000015258789 AB 5.737519960377038 1.049338386059538
60737.2014 lsst_hardware_g 15.98694913255903 13.0 31.3799991607666 AB 5.6815388563648455 1.0482544015433295
60741.1884 lsst_hardware_r 33.595782998753236 21.780000686645508 31.469999313354492 AB 9.875742621734215 1.0482041364315142
60741.2003 lsst_hardware_u 2.0972134241943174 2.569999933242798 28.3700008392334 AB 9.897463874436472 1.0499895371368755
60743.1822 lsst_hardware_z 45.78626895826543 45.630001068115234 30.959999084472656 AB 9.51794879976215 1.0482130063429984
60743.1938 lsst_hardware_r -1.390463302376646 40.189998626708984 31.610000610351562 AB 9.486059123802177 1.0496911722697995
60754.1428 lsst_hardware_z 60.1900184982695 46.90999984741211 30.969999313354492 AB 5.078875195240656 1.049517010950129
60754.1547 lsst_hardware_g -37.95046151686625 44.27000045776367 31.700000762939453 AB 4.8549666953525925 1.0482493134735167
60756.1449 lsst_hardware_r -24.474676542680303 25.729999542236328 31.540000915527344 AB 5.229861980344815 1.0482961191330413
60756.1581 lsst_hardware_z 62.32829463030401 42.2400016784668 30.959999084472656 AB 5.22257926206843 1.0496416022379478
60758.1453 lsst_hardware_r -39.81596699995162 22.219999313354492 31.510000228881836 AB 5.6610816106140085 1.0483484464100015
60758.1603 lsst_hardware_u -2.2206178688797893 2.809999942779541 28.559999465942383 AB 5.683286387502234 1.0524604421300432
60762.134 lsst_hardware_i -40.0641659028035 30.31999969482422 31.260000228881836 AB 7.681044202958381 1.0483204862779283
60762.1449 lsst_hardware_z 8.36003346527133 41.310001373291016 30.959999084472656 AB 7.72810117978536 1.0506323260686128
60764.1324 lsst_hardware_r 3.7896571399896692 22.229999542236328 31.510000228881836 AB 6.653900285956073 1.048794244620828
60764.1439 lsst_hardware_u 1.2924071086454698 2.809999942779541 28.559999465942383 AB 6.744131112225378 1.0524549176381846
60767.1247 lsst_hardware_g -6.279687963494418 13.270000457763672 31.399999618530273 AB 8.942076856306448 1.0488829593728237
60767.1368 lsst_hardware_i 8.17093610033313 30.100000381469727 31.25 AB 8.848717839532393 1.0529800487335508
60769.1213 lsst_hardware_z 8.037947139762869 40.95000076293945 30.950000762939453 AB 6.295904034330496 1.0493173390550827
60769.1338 lsst_hardware_r -47.71849154288167 21.940000534057617 31.479999542236328 AB 6.251852621047166 1.0542753155222877
60771.1275 lsst_hardware_y 77.96377014589748 67.41000366210938 30.790000915527344 AB 12.125222728507694 1.053817376021875
60773.1194 lsst_hardware_r 93.38266588540642 52.380001068115234 31.6299991607666 AB 7.86844312104443 1.0524937294066774
60773.1319 lsst_hardware_i 0.5050049784574169 46.54999923706055 31.309999465942383 AB 7.884959722329226 1.060376509188976
60775.1185 lsst_hardware_z 17.45853872307043 58.0 30.979999542236328 AB 5.354306441541347 1.0548971776859553
60775.1299 lsst_hardware_r 93.90675911419547 76.7300033569336 31.649999618530273 AB 5.135955897108447 1.063289870526049
60778.0615 lsst_hardware_z -22.80844770137337 69.0999984741211 30.989999771118164 AB 8.062925571469826 1.056786085648542
60778.073 lsst_hardware_r 29.51439975793147 102.30000305175781 31.65999984741211 AB 8.06744687329621 1.050859303542557
60780.0943 lsst_hardware_z -26.992004385750807 59.65999984741211 30.979999542236328 AB 10.905089692127865 1.0501566980887271
60780.1056 lsst_hardware_i -96.31335296819475 65.0 31.329999923706055 AB 10.950898394665568 1.0553472219981432
60782.0568 lsst_hardware_r 52.7716264271827 45.43000030517578 31.6299991607666 AB 15.392653467782145 1.0531552241781739
60782.0678 lsst_hardware_z 21.386731212588263 48.54999923706055 30.969999313354492 AB 15.345916979437309 1.0491798822534715
60795.0853 lsst_hardware_i 11.735786946764131 42.70000076293945 32.0 AB 11.33836274636308 1.073556099641441
60795.0984 lsst_hardware_z 21.746800439518253 58.650001525878906 31.700000762939453 AB 11.494791018416755 1.091260361552832
60797.0824 lsst_hardware_r 12.965614551472111 21.93000030517578 31.479999542236328 AB 9.043685409605253 1.0766292154291968
60797.0953 lsst_hardware_u -1.519572484882521 2.630000114440918 28.40999984741211 AB 9.713023186733189 1.0949906359227606
60800.0285 lsst_hardware_r -24.693786150453693 34.04999923706055 31.59000015258789 AB 10.52873030010904 1.0482432888186217
60800.0411 lsst_hardware_y 111.43015833710623 47.79999923706055 30.049999237060547 AB 10.603935218830603 1.0506314050775483
60802.0205 lsst_hardware_z 7.811303302582046 49.25 30.969999313354492 AB 6.786723396030107 1.0482505374087587
60802.0324 lsst_hardware_r 14.606401831419632 52.54999923706055 31.639999389648438 AB 6.776072669582283 1.0496317451720374
60804.023 lsst_hardware_i -48.43826349887553 58.65999984741211 31.329999923706055 AB 9.537835078693837 1.0487764333170781
60804.0354 lsst_hardware_z -80.96577564661911 56.20000076293945 30.979999542236328 AB 9.56250657876837 1.0528109707435311
60806.0149 lsst_hardware_r -29.894486217364424 91.4000015258789 31.65999984741211 AB 7.701986305558969 1.0484242035812787
60806.0269 lsst_hardware_z -48.56471200108886 64.5 30.989999771118164 AB 7.750997744380775 1.051457980246055
60814.0034 lsst_hardware_g -21.467424315422182 13.029999732971191 31.399999618530273 AB 8.521818574505465 1.0508222994581384
60814.0155 lsst_hardware_r -3.736027828431589 21.770000457763672 31.479999542236328 AB 8.642611887710181 1.0571140238565617
60817.9985 lsst_hardware_i -1.7586030210874657 29.780000686645508 31.239999771118164 AB 2.027948281618978 1.0534796268150537
60818.0097 lsst_hardware_z 1.4226735147881207 40.79999923706055 30.940000534057617 AB 1.3056538274328824 1.0609321458013672
60822.9925 lsst_hardware_g -26.717229873616436 12.920000076293945 31.3700008392334 AB 6.773635609122208 1.0582152177975386
60823.0013 lsst_hardware_i 15.420621896316423 30.010000228881836 31.239999771118164 AB 7.532558658015404 1.065576270761834
60823.9923 lsst_hardware_z -23.814829741599205 41.099998474121094 30.940000534057617 AB 9.397434575296215 1.0601200942293474
60824.0041 lsst_hardware_r 25.848262606149735 21.809999465942383 31.469999313354492 AB 10.087507040924686 1.071277607093138
