data/validation/pwv_sim_epoch_fit_seasonal/9596399.ecsv
# %ECSV 0.9
# ---
# datatype:
# - {name: time, datatype: float64}
# - {name: band, datatype: string}
# - {name: flux, datatype: float64}
# - {name: fluxerr, datatype: float64}
# - {name: zp, datatype: float64}
# - {name: zpsys, datatype: string}
# - {name: pwv, datatype: float64}
# - {name: airmass, datatype: float64}
# meta: {SNID: '9596399', alt: 1024.0, c: 0.047252487391233444, dec: -17.582775, lat: -30.244573, lon: -70.7499537, ra: 120.058594, t0: 60656.94140625,
#   x0: 9.83969129567817e-06, x1: -0.20401103794574738, z: 0.46348878741264343}
# schema: astropy-2.0
time band flux fluxerr zp zpsys pwv airmass
[from data line 133]
61031.2533 lsst_hardware_r -27.21137751742939 21.979999542236328 31.489999771118164 AB 4.775569086523856 1.0350732238470175
61033.2337 lsst_hardware_i -58.32611622357233 30.239999771118164 31.25 AB 7.380697513258415 1.0508574803526578
61033.2547 lsst_hardware_z -52.162641180132965 40.7599983215332 30.950000762939453 AB 5.683235709220963 1.030038189256178
61037.2536 lsst_hardware_g -3.4632325684000675 13.479999542236328 31.420000076293945 AB 6.261171842412439 1.0257069815968805
61037.273 lsst_hardware_i 31.798555567263463 29.93000030517578 31.25 AB 6.2819491107738035 1.0269237174830985
61039.255 lsst_hardware_z -50.56417383275002 40.63999938964844 30.950000762939453 AB 8.914532517208663 1.0246589100239842
61039.2753 lsst_hardware_r 34.966455817934886 22.1200008392334 31.489999771118164 AB 8.970152856727973 1.0310520524974682
61041.2426 lsst_hardware_y 0.9245846227241857 49.959999084472656 30.059999465942383 AB 7.218349088708073 1.025727067015485
61041.2642 lsst_hardware_g 45.01687533213369 51.66999816894531 31.719999313354492 AB 7.271498494134233 1.0278419194114992
61044.2184 lsst_hardware_z 19.910338704979008 69.23999786376953 30.989999771118164 AB 2.7125496819231705 1.034567466010172
61044.2383 lsst_hardware_r 86.18716530033076 98.75 31.670000076293945 AB 2.6684723851529144 1.0249229786459357
61047.2249 lsst_hardware_i 64.70259537401125 53.59000015258789 31.31999969482422 AB 8.91831410756349 1.02611575986387
61047.2462 lsst_hardware_z -56.27504139082268 53.13999938964844 30.969999313354492 AB 8.995556141205748 1.027124473761792
61050.2131 lsst_hardware_r 24.884016925159788 32.099998474121094 31.579999923706055 AB 7.322673805322772 1.02749132568461
61050.2353 lsst_hardware_z 128.69917115501988 43.2400016784668 30.959999084472656 AB 7.297400237618729 1.0261287670516968
61055.1856 lsst_hardware_g -19.168274860576886 13.760000228881836 31.420000076293945 AB 6.25188806828817 1.037012327312987
61055.2048 lsst_hardware_i 18.83874102574564 30.329999923706055 31.260000228881836 AB 6.190069819097183 1.0256101100318389
61057.1661 lsst_hardware_r -32.84107229348064 22.5 31.479999542236328 AB 1.3863609638475387 1.053799427767813
61057.1867 lsst_hardware_z 67.44656906162275 40.77000045776367 30.940000534057617 AB 3.144822401585072 1.031653056834906
61059.166 lsst_hardware_r -25.29617048660279 22.350000381469727 31.479999542236328 AB 4.326277885695703 1.0465113414842047
61059.1862 lsst_hardware_u -0.8151821500227804 2.559999942779541 28.350000381469727 AB 5.965972369801072 1.0286159258277712
61063.1634 lsst_hardware_i -5.002833586938174 30.209999084472656 31.25 AB 8.062947850850353 1.0373464084634643
61063.1824 lsst_hardware_z 22.77136157545737 40.709999084472656 30.950000762939453 AB 8.878359464947483 1.025757604384247
61065.1495 lsst_hardware_r -37.98473507954447 22.56999969482422 31.489999771118164 AB 8.187657573946892 1.046658118367167
61065.1708 lsst_hardware_u 2.7660437925761525 2.569999933242798 28.360000610351562 AB 7.931655085276718 1.0281156337245767
61069.1523 lsst_hardware_z 31.408450423247707 49.560001373291016 30.969999313354492 AB 10.307241548437817 1.0328414798775307
61069.1699 lsst_hardware_r 129.77245142649542 52.880001068115234 31.6299991607666 AB 9.862106616836815 1.0249361665082517
61071.1421 lsst_hardware_y -80.53994043316564 77.04000091552734 30.809999465942383 AB 9.421455775859194 1.0368344871223698
61072.1327 lsst_hardware_r 231.22727923441374 103.7300033569336 31.65999984741211 AB 8.713454844041799 1.043840053194585
61072.1503 lsst_hardware_i -137.5482387505087 79.69000244140625 31.34000015258789 AB 8.701312196309118 1.028827927438264
61074.1384 lsst_hardware_z -22.593011311705723 65.7699966430664 30.989999771118164 AB 7.725422842257058 1.0330292074646448
61074.1567 lsst_hardware_r -128.20935722539141 96.3499984741211 31.65999984741211 AB 7.660415237894278 1.0248732674953898
61078.1117 lsst_hardware_g -21.842213492447144 25.6200008392334 31.610000610351562 AB 5.800258918241988 1.049662298580966
61078.1304 lsst_hardware_i -55.10952063403399 37.880001068115234 31.280000686645508 AB 5.085285493609246 1.0309404298437341
61080.1108 lsst_hardware_z -37.24446932249831 40.790000915527344 30.940000534057617 AB 6.176783844569351 1.0439046551579094
61080.1283 lsst_hardware_r -11.122541631251897 22.290000915527344 31.489999771118164 AB 5.761901739065188 1.0289110248330693
61082.1211 lsst_hardware_g 20.79071768879653 13.65999984741211 31.40999984741211 AB 1.6532642204057157 1.0299107431276846
61082.1364 lsst_hardware_r 21.596339524646154 22.34000015258789 31.489999771118164 AB 2.245488732262815 1.024713446423554
61086.0992 lsst_hardware_z -2.507379839594888 40.9900016784668 30.950000762939453 AB 1.5312218183921495 1.0387033250822948
61086.1146 lsst_hardware_r 17.030366668436617 22.389999389648438 31.5 AB 1.5287731852426087 1.027573977645847
61088.0981 lsst_hardware_u -1.805616699675314 2.680000066757202 28.450000762939453 AB 2.4095400128801296 1.0346924370929167
61088.1156 lsst_hardware_r 20.740224675396163 22.270000457763672 31.489999771118164 AB 2.3868336745588583 1.0253823110552671
61090.0974 lsst_hardware_i -23.629714094342596 30.329999923706055 31.270000457763672 AB 3.452017195062116 1.0310941217360396
61090.1156 lsst_hardware_z 33.61727588729594 40.88999938964844 30.959999084472656 AB 3.3604299786368306 1.0246514990126279
61092.0867 lsst_hardware_r -15.328583259990086 22.170000076293945 31.489999771118164 AB 4.707969908659264 1.0350978179536674
61092.1045 lsst_hardware_u 1.4809360545963164 2.690000057220459 28.469999313354492 AB 4.669775203494743 1.0254227499988458
61094.084 lsst_hardware_g -10.322889940269521 15.149999618530273 31.459999084472656 AB 6.7980605208343645 1.0328651985922233
61094.1026 lsst_hardware_r 21.688696903431143 22.670000076293945 31.489999771118164 AB 6.744261199403941 1.0248079622251849
61099.0834 lsst_hardware_r 95.77046920221457 71.52999877929688 31.649999618530273 AB 5.428576894918376 1.0259535827863693
61099.1015 lsst_hardware_i 2.9018144472510357 59.689998626708984 31.329999923706055 AB 5.389408352574282 1.0261142086866166
61103.0581 lsst_hardware_r -14.830649051882569 91.72000122070312 31.65999984741211 AB 4.627309980594939 1.033900976914355
61103.0757 lsst_hardware_z 32.22687444668648 64.79000091552734 30.989999771118164 AB 4.5995434355653035 1.0251582694424897
61105.0559 lsst_hardware_g 58.84274277786138 56.310001373291016 31.709999084472656 AB 5.454019816439342 1.0314605969436867
61105.0755 lsst_hardware_r 46.53182176220489 61.84000015258789 31.639999389648438 AB 5.355727032226631 1.0246273258516607
61107.0546 lsst_hardware_i 40.46355704100317 29.8799991607666 31.239999771118164 AB 9.6021456477337 1.028893184862945
61107.0733 lsst_hardware_z -25.252573640745293 44.15999984741211 30.950000762939453 AB 9.471482078307625 1.024774907038964
61109.0533 lsst_hardware_r -3.8313637587533265 21.920000076293945 31.479999542236328 AB 10.297559018880383 1.0269318393298812
61109.072 lsst_hardware_g -7.301897756949734 13.329999923706055 31.399999618530273 AB 10.398504970772494 1.0254935868612085
61111.0412 lsst_hardware_r 1.5309334055432358 21.969999313354492 31.479999542236328 AB 7.621567537688295 1.0303476646455196
61111.0581 lsst_hardware_i 20.692435805701187 29.770000457763672 31.239999771118164 AB 7.989916858811889 1.0246548359096888
61113.0357 lsst_hardware_z 82.31074176752485 40.43000030517578 30.940000534057617 AB 14.25004411206785 1.0303719531502518
61113.0555 lsst_hardware_i -15.000796328501135 29.739999771118164 31.239999771118164 AB 13.313386211511553 1.0246649426811958
61114.0358 lsst_hardware_u 4.2284344119068535 2.549999952316284 28.350000381469727 AB 9.726898865959289 1.0287231507112347
61114.0546 lsst_hardware_g 6.359090694239242 13.3100004196167 31.399999618530273 AB 9.85926949079488 1.0248188234286202
61116.0369 lsst_hardware_r 17.719372097824667 22.0 31.489999771118164 AB 8.109997901816794 1.0259759511449094
61116.0555 lsst_hardware_i 12.446317230612408 29.93000030517578 31.25 AB 8.393437817474318 1.0262494656853822
61118.0324 lsst_hardware_z 14.845247931809 40.689998626708984 30.950000762939453 AB 7.009111545136188 1.0256986237120345
61118.0517 lsst_hardware_u 1.6832098273434546 2.640000104904175 28.43000030517578 AB 7.6776076879911805 1.0268528594535806
61122.0061 lsst_hardware_y -74.00595511112378 47.599998474121094 30.049999237060547 AB 6.400773856046811 1.0339950227850108
61122.0264 lsst_hardware_i -44.8878252066773 30.100000381469727 31.25 AB 6.244307700242203 1.024776974875635
61124.0026 lsst_hardware_y -5.616639739828406 47.68000030517578 30.049999237060547 AB 8.701687112149871 1.0324735538858034
61124.0207 lsst_hardware_i 22.638283125446144 32.369998931884766 31.260000228881836 AB 8.583742999996801 1.0248021728744987
61126.0005 lsst_hardware_y 50.44425566234988 50.02000045776367 30.049999237060547 AB 5.659058817276211 1.0301841018115296
61126.0186 lsst_hardware_z 12.185409279376943 46.849998474121094 30.959999084472656 AB 5.632953684239068 1.0246236105390067
61127.9993 lsst_hardware_y -4.596539897206377 51.93000030517578 30.049999237060547 AB 7.679433907518537 1.0278532043613355
61128.0177 lsst_hardware_i 58.04798713240011 57.529998779296875 31.31999969482422 AB 6.6625094255211055 1.02500145008017
61130.0073 lsst_hardware_z 150.9714566842963 85.56999969482422 31.729999542236328 AB 6.105053102803582 1.0246242969740278
61134.9799 lsst_hardware_y -17.802656138804718 70.88999938964844 30.06999969482422 AB 9.445424006167698 1.027989443709862
61134.9993 lsst_hardware_z 66.71946344885325 45.43000030517578 30.959999084472656 AB 9.289939863376034 1.0251250918232753
61136.9784 lsst_hardware_y 88.76980259711337 64.93000030517578 30.06999969482422 AB 11.620941270988348 1.0263506947903562
61136.9974 lsst_hardware_u -4.079740077427343 2.759999990463257 28.43000030517578 AB 11.604539403708163 1.0260045890182226
61138.9756 lsst_hardware_y -193.82657263948045 76.05999755859375 30.079999923706055 AB 9.232044027815451 1.025554768697562
61138.9958 lsst_hardware_r 4.999655266896336 22.229999542236328 31.489999771118164 AB 9.412156253291059 1.027453196997059
