data/validation/pwv_sim_epoch_fit_seasonal/96667.ecsv
# %ECSV 0.9
# ---
# datatype:
# - {name: time, datatype: float64}
# - {name: band, datatype: string}
# - {name: flux, datatype: float64}
# - {name: fluxerr, datatype: float64}
# - {name: zp, datatype: float64}
# - {name: zpsys, datatype: string}
# - {name: pwv, datatype: float64}
# - {name: airmass, datatype: float64}
# meta: {SNID: '96667', alt: 1024.0, c: -0.06382714211940765, dec: -0.596842, lat: -30.244573, lon: -70.7499537, ra: 222.363281, t0: 63047.91796875,
#   x0: 3.6934480365408126e-06, x1: 0.8409942984580994, z: 0.6939948201179504}
# schema: astropy-2.0
time band flux fluxerr zp zpsys pwv airmass
62920.3774 lsst_hardware_g 38.956805693240064 15.34000015258789 31.43000030517578 AB 11.182342827691658 1.152818848215635
62920.3958 lsst_hardware_y -57.55756781465513 65.44000244140625 30.030000686645508 AB 11.153890917677664 1.149885661616254
62922.3634 lsst_hardware_i -27.931583605257448 32.29999923706055 31.25 AB 9.971275597899096 1.1594506509184996
62922.3819 lsst_hardware_y 0.8481194895552274 48.79999923706055 30.010000228881836 AB 9.309515422147872 1.1493228916231941
62924.3687 lsst_hardware_i 23.654792044168676 32.08000183105469 31.239999771118164 AB 5.988563043701802 1.1516467391734235
62924.3868 lsst_hardware_y 33.33315240842506 49.470001220703125 30.020000457763672 AB 5.807830418089383 1.1504641050045823
62926.3756 lsst_hardware_g -2.5539841541333796 14.850000381469727 31.40999984741211 AB 4.854060867802547 1.149230155147096
62926.3953 lsst_hardware_y 44.00447092355595 54.790000915527344 30.010000228881836 AB 4.90532968882503 1.1597666489193255
62928.3753 lsst_hardware_i 32.61410255277051 32.040000915527344 31.239999771118164 AB 7.04684464880101 1.1502704997022666
62928.3928 lsst_hardware_y 59.04530978387038 51.68000030517578 30.0 AB 7.124668276621587 1.162910530875815
62931.3541 lsst_hardware_z 54.61161035290619 61.06999969482422 31.690000534057617 AB 8.251530448486863 1.1499589503849017
62933.3486 lsst_hardware_z 20.354082929762132 63.099998474121094 30.969999313354492 AB 9.324238752385964 1.1499693216644842
62933.3677 lsst_hardware_r 5.058296272275898 81.94999694824219 31.6200008392334 AB 9.369268642447365 1.1530343220561123
62936.3466 lsst_hardware_i -186.49763967487783 85.2699966430664 31.31999969482422 AB 7.623647971630743 1.1491492985751655
62936.3651 lsst_hardware_z 78.94196823165281 74.6500015258789 30.979999542236328 AB 7.746701126374417 1.1570875468819146
62938.3405 lsst_hardware_i 88.08811269151428 81.41000366210938 31.31999969482422 AB 14.751108851333232 1.149153495994487
62938.3607 lsst_hardware_z 83.96901485033196 72.7699966430664 30.979999542236328 AB 14.91993734490676 1.1580205949166997
62942.3458 lsst_hardware_i -47.29929315098342 34.47999954223633 31.25 AB 10.254912326233105 1.1547891212303951
62942.3643 lsst_hardware_r -27.551325304267014 29.049999237060547 31.530000686645508 AB 10.395925570117566 1.1762314429701048
62945.31 lsst_hardware_z 12.48109330813574 43.29999923706055 30.950000762939453 AB 5.5304503561163445 1.1523372043581832
62945.3295 lsst_hardware_u 1.418960230062343 2.869999885559082 28.5 AB 5.495800774033766 1.150471168941546
62953.289 lsst_hardware_g -0.0598366951432134 14.930000305175781 31.440000534057617 AB 8.791684044247852 1.1518999053475962
62953.3072 lsst_hardware_r 12.742168468579974 24.200000762939453 31.5 AB 8.42338879903273 1.1503171156727146
62955.2856 lsst_hardware_i -19.9191495961243 32.060001373291016 31.25 AB 7.7877182029056815 1.150965187940984
62955.3034 lsst_hardware_r 3.2756366413744082 24.229999542236328 31.5 AB 7.24706103301474 1.1509208771214896
62959.2839 lsst_hardware_r -25.84649418000906 34.40999984741211 31.559999465942383 AB 6.79836363943072 1.149148688206665
62959.3024 lsst_hardware_i 37.39653362773227 32.119998931884766 31.239999771118164 AB 6.686685374746576 1.1571662844590527
62961.2802 lsst_hardware_z 25.576655766991227 58.66999816894531 30.959999084472656 AB 7.965766668613732 1.149240165713244
62961.2975 lsst_hardware_r -113.18291211799114 72.8499984741211 31.6200008392334 AB 7.876688032474688 1.1576555015394634
62963.2869 lsst_hardware_z -82.69104481059492 118.48999786376953 31.729999542236328 AB 9.229753925714716 1.1537192407143395
62967.2597 lsst_hardware_r -17.0560821357512 83.95999908447266 31.6299991607666 AB 3.9162517250727036 1.1492473026722205
62967.276 lsst_hardware_y -81.21609905507214 55.849998474121094 30.020000457763672 AB 3.949998653420768 1.153733420335148
62969.254 lsst_hardware_z 0.033921914219550924 48.599998474121094 30.950000762939453 AB 13.65573753237858 1.1492713145740643
62969.2714 lsst_hardware_r -15.270556284985725 45.099998474121094 31.59000015258789 AB 13.703942059901356 1.1543077880644674
62971.2575 lsst_hardware_i -12.319497175170582 34.16999816894531 31.25 AB 10.702469916089415 1.1501436362039061
62971.2752 lsst_hardware_z -27.717462553023797 44.209999084472656 30.940000534057617 AB 10.851289023553907 1.1626796339391308
62974.2567 lsst_hardware_r 22.70468950931462 24.450000762939453 31.510000228881836 AB 14.739131154622385 1.15361258205474
62974.2735 lsst_hardware_u 0.46554195379400953 2.869999885559082 28.489999771118164 AB 14.91552028506674 1.1709927603585273
62976.256 lsst_hardware_g -1.8651482838042401 15.15999984741211 31.43000030517578 AB 4.151769711501526 1.1571802048129862
62976.2744 lsst_hardware_i 65.29174822265375 32.380001068115234 31.239999771118164 AB 4.246702128323522 1.1811706271991993
62989.174 lsst_hardware_i 29.19249852069398 54.40999984741211 31.290000915527344 AB 13.452561032865086 1.1667779669431109
62989.1898 lsst_hardware_z -11.329741521969797 54.43000030517578 30.959999084472656 AB 13.27310329625316 1.152379171405921
62992.1913 lsst_hardware_z -128.03259279888456 99.47000122070312 30.989999771118164 AB 3.7703573283645286 1.1492655949089197
62994.198 lsst_hardware_r -49.85060348769419 132.8300018310547 31.6299991607666 AB 10.138826653544458 1.1513870656723681
62994.2184 lsst_hardware_z 56.14355894295124 91.06999969482422 30.979999542236328 AB 10.49254866118587 1.1702923526961906
62996.1054 lsst_hardware_r 138.21649342546576 99.91000366210938 32.34000015258789 AB 9.673492784413861 1.2987168939268123
62996.1164 lsst_hardware_y 22.610402806424347 53.709999084472656 29.979999542236328 AB 9.233492114672243 1.2560865344405971
63004.1172 lsst_hardware_g -14.674594289215792 14.869999885559082 31.389999389648438 AB 10.058950185052414 1.1935156840356447
63004.1418 lsst_hardware_i 10.846395398912989 32.209999084472656 31.229999542236328 AB 9.183007536699995 1.157351759619383
63008.1251 lsst_hardware_r 28.99165693032127 24.15999984741211 31.479999542236328 AB 5.762319991055593 1.1631651172901882
63008.1471 lsst_hardware_z -53.34227702918691 43.209999084472656 30.940000534057617 AB 5.678541221152728 1.1493277784046405
63014.1246 lsst_hardware_g 36.84372714472901 16.95118528732478 31.459999084472656 AB 8.78790773746701 1.1509401675264141
63014.1456 lsst_hardware_r 5.8081846970544975 24.432838726506755 31.489999771118164 AB 8.35158357493095 1.152498940858526
63021.0987 lsst_hardware_z -128.3770041690773 130.2538326305752 31.729999542236328 AB 13.356095049787923 1.1547305820548002
63023.0861 lsst_hardware_r 298.4134646569108 109.81529259699623 31.6299991607666 AB 5.92122195778565 1.161023913291304
63023.1074 lsst_hardware_z -3.093621119367795 75.15916424380643 30.979999542236328 AB 5.860977834397251 1.1492113400778925
63033.0819 lsst_hardware_r 775.9015308169566 36.745812305350476 31.489999771118164 AB 10.050604734567413 1.1491658740643582
63043.0384 lsst_hardware_z 774.3769765091986 51.30925980268458 30.950000762939453 AB 4.685242177423083 1.154901321414043
63043.0594 lsst_hardware_r 1200.154449908328 44.047390844950385 31.510000228881836 AB 4.412009352193679 1.1497592126981444
63045.0365 lsst_hardware_z 846.7785095336284 54.46616224682251 30.950000762939453 AB 8.312740204087046 1.1526128886596352
63045.0574 lsst_hardware_g 342.3356977509753 40.31521934120405 31.6299991607666 AB 8.017291040964238 1.1508348583886594
63047.0345 lsst_hardware_r 1366.0036607533623 84.06826073279561 31.6299991607666 AB 3.982278321429167 1.1509474917425337
63047.0528 lsst_hardware_z 702.1648673867738 68.34515012666577 30.969999313354492 AB 3.7159383967291792 1.1511878342778812
63049.0376 lsst_hardware_r 2588.3849170658086 147.94218443762657 32.380001068115234 AB 10.103505125860291 1.1491702827411614
63049.0571 lsst_hardware_y 438.6188045447286 61.41950030448111 30.020000457763672 AB 9.912137659666383 1.1575655872317667
63052.0129 lsst_hardware_z 1661.6749369072477 98.3930945007056 31.719999313354492 AB 4.353125346029364 1.1555947295007285
63056.9997 lsst_hardware_r 878.7239157878528 38.00549641043347 31.489999771118164 AB 9.148446152975225 1.1552527027371617
63057.0186 lsst_hardware_i 1073.6717660415638 45.39079697054117 31.239999771118164 AB 9.421616283421335 1.1493163168114182
63066.9727 lsst_hardware_y 254.45684198160586 51.18080954238279 30.010000228881836 AB 3.5371800114885725 1.1550289841318913
63066.9986 lsst_hardware_r 521.9034420238787 33.717106539661096 31.5 AB 3.476281418000001 1.1513724991305792
63068.9704 lsst_hardware_z 536.4739819430189 50.69324424304367 30.940000534057617 AB 6.181699831578106 1.1529437049881452
63068.9928 lsst_hardware_g 46.39981416465657 17.330182722770083 31.40999984741211 AB 6.292397595360391 1.1512238320525185
63071.9672 lsst_hardware_y 236.42420117156212 56.413674837231746 30.020000457763672 AB 5.6419011827333545 1.1505865570986753
63071.9882 lsst_hardware_i 515.3371616921238 40.94472307278995 31.25 AB 5.6654251129605395 1.1530715969390513
63072.9664 lsst_hardware_y 87.79091718561727 59.01938710323303 30.020000457763672 AB 9.525283950082692 1.1499799529255936
63072.9866 lsst_hardware_r 369.2910735995951 37.279313403940414 31.549999237060547 AB 9.488076917519086 1.1537759977526705
