data/validation/pwv_sim_epoch_fit_seasonal/9727423.ecsv
# %ECSV 0.9
# ---
# datatype:
# - {name: time, datatype: float64}
# - {name: band, datatype: string}
# - {name: flux, datatype: float64}
# - {name: fluxerr, datatype: float64}
# - {name: zp, datatype: float64}
# - {name: zpsys, datatype: string}
# - {name: pwv, datatype: float64}
# - {name: airmass, datatype: float64}
# meta: {SNID: '9727423', alt: 1024.0, c: 0.12514649331569672, dec: -30.0, lat: -30.244573, lon: -70.7499537, ra: 174.199219, t0: 61341.9765625,
#   x0: 5.288879982378439e-05, x1: 0.9812506437301636, z: 0.22462482750415802}
# schema: astropy-2.0
time band flux fluxerr zp zpsys pwv airmass
61410.254 lsst_hardware_r 7.933214004603919 24.059999465942383 31.43000030517578 AB 14.077765475203774 1.3499535376573868
61410.2751 lsst_hardware_g -40.549408781137046 14.15999984741211 31.350000381469727 AB 12.85100042603809 1.2323552384002763
61412.2531 lsst_hardware_r -22.757803054285606 23.920000076293945 31.440000534057617 AB 12.366465902412635 1.321321261053794
61412.2746 lsst_hardware_i -46.14724514484533 32.099998474121094 31.229999542236328 AB 11.456414995845117 1.2096522652894097
61419.2929 lsst_hardware_r 24.31562968561926 23.059999465942383 31.5 AB 8.959238159096024 1.0839536408004544
61419.311 lsst_hardware_u 1.440291368839061 2.7699999809265137 28.5 AB 8.683002140271952 1.0461448361773436
61421.2914 lsst_hardware_g -24.76868462977495 13.949999809265137 31.43000030517578 AB 5.084870127683414 1.0745710329001297
61421.309 lsst_hardware_r -29.675536985813345 22.610000610351562 31.510000228881836 AB 5.967055401506531 1.040326967093498
61423.3004 lsst_hardware_i 24.91229005522449 30.450000762939453 31.260000228881836 AB 7.581036081935445 1.045588039712498
61423.3164 lsst_hardware_z 45.506369483822134 40.7599983215332 30.950000762939453 AB 7.378323378623424 1.0223532463105784
61425.2183 lsst_hardware_r -33.380441186119654 60.619998931884766 31.579999923706055 AB 12.959618601158189 1.3171459576005697
61425.2362 lsst_hardware_i -17.488440202895536 50.52000045776367 31.290000915527344 AB 12.216399676852575 1.2227608317810648
61427.2061 lsst_hardware_z -168.8423157506722 65.62000274658203 30.940000534057617 AB 13.315453445573882 1.359725658836783
61427.2241 lsst_hardware_i 35.126604275477405 69.44000244140625 31.290000915527344 AB 11.92145015205205 1.2548894896896894
61429.2326 lsst_hardware_z -59.66389800503099 93.66999816894531 31.719999313354492 AB 11.870045461060782 1.1908151546007917
61431.2059 lsst_hardware_r 32.984510019506445 83.5999984741211 31.59000015258789 AB 18.058399603214344 1.2939369408897627
61431.2232 lsst_hardware_i -121.48869526157644 70.0999984741211 31.299999237060547 AB 17.046119220675948 1.2075743284695344
61433.241 lsst_hardware_z 171.1806994219132 73.33000183105469 31.709999084472656 AB 11.266459111689572 1.1216359373156142
61435.2095 lsst_hardware_g 9.206101688124681 20.84000015258789 31.510000228881836 AB 14.997892453207033 1.220002097603609
61435.2276 lsst_hardware_r -37.237477987000865 30.6299991607666 31.549999237060547 AB 14.088099863167201 1.1476132179184753
61439.2117 lsst_hardware_i -23.24550745411361 31.34000015258789 31.239999771118164 AB 10.550653688160532 1.165603427158225
61439.2306 lsst_hardware_u 1.6428685883082668 2.7799999713897705 28.5 AB 9.988719285901626 1.1041122255560802
61441.2069 lsst_hardware_g 24.701946604545512 13.850000381469727 31.399999618530273 AB 8.058221088259893 1.163138147843518
61441.225 lsst_hardware_r -22.427729274701214 22.780000686645508 31.5 AB 5.853861355721003 1.1045021425888686
61444.2017 lsst_hardware_i 52.37635888408351 31.170000076293945 31.239999771118164 AB 10.369742984487038 1.1522790189444077
61444.2201 lsst_hardware_r -43.59453209089802 22.600000381469727 31.489999771118164 AB 7.78201482572593 1.0955440862120132
61446.1992 lsst_hardware_u -0.7593888966207875 2.630000114440918 28.360000610351562 AB 3.71342897576258 1.142007885934161
61446.2179 lsst_hardware_g 20.690922082614268 13.789999961853027 31.40999984741211 AB 4.711306571677526 1.0871409672357957
61449.2176 lsst_hardware_i 1.2099723646936458 30.56999969482422 31.239999771118164 AB 5.31481648880011 1.0686628328686547
61449.2351 lsst_hardware_z 20.819689747026427 41.02000045776367 30.950000762939453 AB 5.155347474197278 1.0363201837705598
61451.2235 lsst_hardware_r -25.83381450057586 22.3799991607666 31.5 AB 3.3614962659150107 1.0463801605961123
61451.243 lsst_hardware_u 1.463868839648389 2.680000066757202 28.459999084472656 AB 3.2235687545294804 1.018907547856019
61453.2166 lsst_hardware_g -35.350538881720794 38.290000915527344 31.68000030517578 AB 4.771606095846961 1.0489351716524247
61453.2366 lsst_hardware_i -27.249043066883594 38.189998626708984 31.290000915527344 AB 4.637661085823709 1.0199386597369053
61455.1027 lsst_hardware_r 13.824040829417445 81.18000030517578 31.520000457763672 AB 5.305574891827661 1.581982822758961
61455.1224 lsst_hardware_z 62.71875393276034 62.0099983215332 30.93000030517578 AB 4.722798905344714 1.4106679991073197
61457.1185 lsst_hardware_y 8.931218284512548 63.29999923706055 29.950000762939453 AB 6.402395911348089 1.3992269056636022
61457.1376 lsst_hardware_r 10.870441019667698 117.73999786376953 31.610000610351562 AB 6.510294559961046 1.2790362593243705
61459.1067 lsst_hardware_i 161.443794491143 92.69999694824219 31.270000457763672 AB 9.516352559132386 1.4474640747026275
61459.1269 lsst_hardware_z -15.00823514737491 79.5199966430664 30.959999084472656 AB 10.101574955000917 1.3086636811764372
61461.103 lsst_hardware_r -62.55685625514972 63.36000061035156 31.540000915527344 AB 10.921446875446566 1.4335899813535349
61461.1227 lsst_hardware_g 27.948191681484303 65.70999908447266 31.610000610351562 AB 9.924869097099725 1.3013235122561675
61467.0964 lsst_hardware_u -2.792775060116574 2.5 28.170000076293945 AB 7.812676040555747 1.362993028708297
61467.1153 lsst_hardware_g 3.2403856811404554 14.0600004196167 31.350000381469727 AB 7.199299103079095 1.2528146007272418
61469.1028 lsst_hardware_r 11.543290479430205 23.81999969482422 31.450000762939453 AB 13.355881781476839 1.2902779185737683
61469.123 lsst_hardware_i -7.557170995511347 31.829999923706055 31.229999542236328 AB 12.295760296763454 1.1924317797375157
61471.0965 lsst_hardware_z 6.8391863783890825 44.90999984741211 30.93000030517578 AB 9.418615172499322 1.295011023305283
61471.1152 lsst_hardware_u 0.5749097805991401 2.7100000381469727 28.389999389648438 AB 8.701200655646595 1.2023214944931213
61473.1106 lsst_hardware_g -2.9061077340645762 14.0 31.350000381469727 AB 12.260616172436261 1.1986426662530776
61473.1315 lsst_hardware_r -12.696550216236659 23.1299991607666 31.479999542236328 AB 10.698819456232608 1.1225285338613586
61475.1114 lsst_hardware_i 49.666154778738 31.6299991607666 31.229999542236328 AB 8.788496486536387 1.1732595879142398
61475.132 lsst_hardware_z -32.66967331824155 42.099998474121094 30.950000762939453 AB 8.484774945879302 1.104980241258838
61478.1061 lsst_hardware_i 69.17175842845735 31.649999618530273 31.229999542236328 AB 15.201116344321562 1.1623203673519997
61478.1273 lsst_hardware_z 2.8051253851329783 42.02000045776367 30.940000534057617 AB 12.249497866108781 1.0954657365505873
61480.1031 lsst_hardware_g -8.090967397396552 28.350000381469727 31.610000610351562 AB 8.550099809254252 1.1533796970564547
61480.1248 lsst_hardware_r 26.329016646242014 29.90999984741211 31.559999465942383 AB 8.022851583847027 1.0878196990594555
61486.097 lsst_hardware_z -17.569914530292305 122.56999969482422 31.75 AB 5.828769515327704 1.1194819811768513
61488.0963 lsst_hardware_r -59.18383190612638 109.05000305175781 31.649999618530273 AB 6.069504187208905 1.1055563182529828
61488.1149 lsst_hardware_i 27.72126924365692 86.44999694824219 31.34000015258789 AB 5.822428251954148 1.0606964980560454
61491.0718 lsst_hardware_z 39.459600637928084 47.9900016784668 30.950000762939453 AB 7.3014626737276 1.157936115938668
61491.0887 lsst_hardware_r -9.029907371932566 41.90999984741211 31.600000381469727 AB 7.109305343767981 1.1039008323440964
61493.0756 lsst_hardware_u -3.860706767993818 2.8499999046325684 28.520000457763672 AB 7.659471081860909 1.1265584765202101
61493.0935 lsst_hardware_g -4.90279675880695 14.40999984741211 31.450000762939453 AB 7.422522980026642 1.0776281336695102
61498.0756 lsst_hardware_r 34.0303237907681 23.170000076293945 31.5 AB 6.770054130635364 1.0879521321980417
61498.0933 lsst_hardware_u -4.512618434879072 2.75 28.479999542236328 AB 7.432464353552278 1.0497213233993492
61500.0683 lsst_hardware_g -10.318724950774035 14.020000457763672 31.389999389648438 AB 8.527033044297962 1.092660699558721
61500.0854 lsst_hardware_r 9.960935334207164 22.84000015258789 31.489999771118164 AB 7.412883067029378 1.0542642078831805
61502.0741 lsst_hardware_i -48.412056629938526 30.8700008392334 31.239999771118164 AB 11.586615184565165 1.0660567243358838
61502.092 lsst_hardware_z 57.04428228130435 41.099998474121094 30.950000762939453 AB 10.601660037459427 1.0339048212852908
61504.0687 lsst_hardware_r 8.783093741459323 22.8799991607666 31.489999771118164 AB 8.164112119579398 1.0659269441296135
61504.0859 lsst_hardware_u 1.2452241067711256 2.7300000190734863 28.469999313354492 AB 7.312796378906566 1.0348540831962876
61509.9708 lsst_hardware_y -50.382490521853114 77.30999755859375 29.93000030517578 AB 16.082543247800462 1.4213785764422953
61509.9886 lsst_hardware_z 44.953328368977616 49.970001220703125 30.93000030517578 AB 14.73334896044554 1.303115441498794
61511.9834 lsst_hardware_y -142.25548605869153 56.56999969482422 29.979999542236328 AB 18.57716495990541 1.301605532310766
61512.0001 lsst_hardware_i -4.879857035525079 60.5099983215332 31.299999237060547 AB 16.18525259983869 1.2162047339824684
61513.9769 lsst_hardware_z 74.30973494920117 134.41000366210938 31.719999313354492 AB 12.240037752445982 1.3076497723492022
61516.981 lsst_hardware_y 30.990405724793103 58.630001068115234 30.0 AB 11.41256670807683 1.2417786527476011
61517.0004 lsst_hardware_r 12.221972833892684 97.62000274658203 31.639999389648438 AB 10.800600095393504 1.1594224781700933
61518.9787 lsst_hardware_y 104.75956718009816 50.70000076293945 29.979999542236328 AB 11.800025788166884 1.2266882906794645
61518.9971 lsst_hardware_z 31.69843857667454 42.91999816894531 30.940000534057617 AB 11.071453443806005 1.1516469000084262
61524.9731 lsst_hardware_y -12.63133161318122 49.88999938964844 30.010000228881836 AB 13.174251789105277 1.1802241244439218
61524.9913 lsst_hardware_r 25.726272513634495 22.770000457763672 31.479999542236328 AB 12.626967949683422 1.117101263611037
61526.9742 lsst_hardware_z 45.052470125053574 43.34000015258789 30.940000534057617 AB 10.62209732836931 1.155413052396952
61526.9938 lsst_hardware_g 9.799159553013332 13.800000190734863 31.399999618530273 AB 10.211293892095622 1.0946927414339218
61528.9725 lsst_hardware_y 4.520954846101963 49.58000183105469 30.020000457763672 AB 12.67232108078958 1.1422679899756247
61528.9925 lsst_hardware_i -54.90435525005965 30.6200008392334 31.25 AB 12.030341382110377 1.084107540966962
61530.9619 lsst_hardware_y -25.228863436645373 64.23999786376953 30.020000457763672 AB 8.330275300862697 1.1604209650161632
61530.9815 lsst_hardware_r -5.347335564356589 22.899999618530273 31.489999771118164 AB 7.525444670073965 1.098364543541409
61535.9673 lsst_hardware_y 49.0874813990745 49.34000015258789 30.040000915527344 AB 8.272493071570523 1.0998461838157902
61535.9862 lsst_hardware_z 9.278158482372989 41.459999084472656 30.959999084472656 AB 7.940149836279469 1.055999712236121
61541.9645 lsst_hardware_z -105.922968469917 67.95999908447266 30.989999771118164 AB 11.171170850106309 1.0668676201037288
61541.9845 lsst_hardware_r 58.9687757893603 87.13999938964844 31.65999984741211 AB 10.798952855680813 1.0314186108577663
61544.9634 lsst_hardware_y 106.38940681268978 59.47999954223633 30.059999465942383 AB 7.908971937233769 1.0526114995653237
61544.9842 lsst_hardware_z 66.35313482349133 66.37000274658203 30.989999771118164 AB 7.660413823567095 1.021297727788698
61545.9605 lsst_hardware_y 27.822719102615558 56.95000076293945 30.059999465942383 AB 7.5508226127577736 1.0529297699505729
61545.9777 lsst_hardware_i 62.027069846081844 67.26000213623047 31.34000015258789 AB 7.3388374029879095 1.0258727804281915
61549.9595 lsst_hardware_y 94.09622236479214 52.380001068115234 30.059999465942383 AB 4.852190576143911 1.0360549272905146
61549.979 lsst_hardware_g 23.216452939905544 13.75 31.43000030517578 AB 4.770300757601178 1.012713119703092
