data/validation/pwv_sim_epoch_fit_seasonal/9830770.ecsv
# %ECSV 0.9
# ---
# datatype:
# - {name: time, datatype: float64}
# - {name: band, datatype: string}
# - {name: flux, datatype: float64}
# - {name: fluxerr, datatype: float64}
# - {name: zp, datatype: float64}
# - {name: zpsys, datatype: string}
# - {name: pwv, datatype: float64}
# - {name: airmass, datatype: float64}
# meta: {SNID: '9830770', alt: 1024.0, c: -0.12898841500282288, dec: -30.691587, lat: -30.244573, lon: -70.7499537, ra: 9.667969, t0: 62078.8984375,
#   x0: 0.00023156925135486196, x1: -0.5159115791320801, z: 0.11467006057500839}
# schema: astropy-2.0
time band flux fluxerr zp zpsys pwv airmass
61947.3494 lsst_hardware_i -85.16530782023152 44.95000076293945 31.969999313354492 AB 6.615935357799458 1.2230592847792934
61947.3727 lsst_hardware_z -60.66730553742566 59.689998626708984 31.690000534057617 AB 6.135983944731474 1.1325531014362487
61954.3264 lsst_hardware_z 1.9056088389048653 43.540000915527344 30.93000030517578 AB 8.011636729060768 1.2414726336354498
61954.3454 lsst_hardware_g -17.79654351579112 13.720000267028809 31.3700008392334 AB 7.601577171631961 1.1608119678753854
61955.357 lsst_hardware_u -6.071071180385516 7.75 29.65999984741211 AB 8.016837586753429 1.1136043320952116
61955.3903 lsst_hardware_y -29.64046496594425 66.37999725341797 30.799999237060547 AB 6.600538105559962 1.0392638789030826
61958.4081 lsst_hardware_y 89.5861805424845 51.54999923706055 30.059999465942383 AB 1.5853021476738978 1.009157380090773
61960.342 lsst_hardware_r -43.99142734566637 88.55000305175781 31.639999389648438 AB 2.3648695080707403 1.1176131890695666
61960.3613 lsst_hardware_i 121.46479109927142 68.9000015258789 31.329999923706055 AB 2.376682882214578 1.0680120800846407
61964.3423 lsst_hardware_z 38.96956968582174 54.650001525878906 30.969999313354492 AB 6.536153887431198 1.086823060763456
61964.3622 lsst_hardware_r -32.250197742645206 62.25 31.649999618530273 AB 6.361910383794331 1.0451062945669887
61965.4014 lsst_hardware_i -38.820001790095944 45.189998626708984 31.309999465942383 AB 5.99364609689075 1.0022819560017975
61976.2612 lsst_hardware_i 33.61530839432842 31.729999542236328 31.209999084472656 AB 7.508120287854512 1.2674785247630147
61976.2814 lsst_hardware_r 10.961140257104596 22.719999313354492 31.459999084472656 AB 6.927284952061265 1.1757102769961414
61978.2695 lsst_hardware_u -1.723291637979574 2.4700000286102295 28.200000762939453 AB 2.4449554696980607 1.2020430037846908
61978.2882 lsst_hardware_g 10.170817346261495 13.460000038146973 31.350000381469727 AB 2.2416133873048243 1.1321279733862748
61979.2711 lsst_hardware_r 0.08750131121216037 22.84000015258789 31.450000762939453 AB 2.9663666825716155 1.184060146720533
61979.2902 lsst_hardware_i 12.515866371053225 30.829999923706055 31.229999542236328 AB 2.824508249078412 1.1174001578789088
61981.259 lsst_hardware_z -31.641336354268475 43.459999084472656 30.93000030517578 AB 5.355444635876232 1.2121189692471526
61981.2779 lsst_hardware_r 19.996953696702032 22.729999542236328 31.469999313354492 AB 5.0298847367011135 1.139056743544317
61986.2655 lsst_hardware_i -7.6256356968922026 121.4800033569336 32.810001373291016 AB 1.0490468650491651 1.1349226812648738
61986.2966 lsst_hardware_r 197.63055501147159 105.19999694824219 32.400001525878906 AB 1.9137512965212224 1.0551835856577223
61990.271 lsst_hardware_i -46.19509516163695 79.69999694824219 31.329999923706055 AB 3.3928284314807984 1.087619308056034
61990.2903 lsst_hardware_z 36.284262662761286 69.19999694824219 30.989999771118164 AB 3.1619906675815463 1.0466990706733208
61992.2605 lsst_hardware_r -124.21257354009447 79.44999694824219 31.639999389648438 AB 4.570325332001881 1.1008190117424894
61992.2786 lsst_hardware_z -13.377414116968586 60.810001373291016 30.979999542236328 AB 4.35271230377131 1.058345949491535
61995.2525 lsst_hardware_z -88.21003890797884 46.560001373291016 30.959999084472656 AB 3.7410200749031914 1.1003000220303505
61995.2719 lsst_hardware_r -14.399790789582758 40.70000076293945 31.610000610351562 AB 3.588469022532432 1.0554320654507152
61997.2651 lsst_hardware_i 13.813357150257806 31.549999237060547 31.25 AB 4.972823637996377 1.0580475825524205
61997.2837 lsst_hardware_r 53.684282164592574 25.190000534057617 31.530000686645508 AB 4.82946100258394 1.0275448941667957
62006.1712 lsst_hardware_z 93.22509658981608 44.77000045776367 30.920000076293945 AB 3.912105279576584 1.3126768826697708
62006.1776 lsst_hardware_i 31.58391316085802 32.349998474121094 31.219999313354492 AB 3.805269630759576 1.2765077593960337
62009.1677 lsst_hardware_r -23.933530336661345 26.270000457763672 31.479999542236328 AB 2.8729850592452695 1.2858354733307187
62009.1787 lsst_hardware_u 1.047334102288979 2.950000047683716 28.43000030517578 AB 2.800915716197271 1.2297303012720346
62013.1609 lsst_hardware_z 32.40641395890062 72.73999786376953 31.700000762939453 AB 5.827124626100216 1.2637442260030831
62016.1538 lsst_hardware_z -56.20473342579622 70.69000244140625 30.959999084472656 AB 1.7613670255818497 1.2581193039870355
62016.1717 lsst_hardware_r -49.76219269923083 98.58999633789062 31.6200008392334 AB 1.502479748230306 1.17764578567971
62017.1551 lsst_hardware_r -246.04309527303016 116.94999694824219 31.610000610351562 AB 1.7333394078904079 1.238099577064577
62017.1639 lsst_hardware_z 34.734373919208025 78.19000244140625 30.979999542236328 AB 1.6776409275307453 1.1983149482362467
62020.1317 lsst_hardware_z -81.44548235041708 75.77999877929688 30.959999084472656 AB 2.741635596916109 1.3203157220881816
62020.1482 lsst_hardware_i -9.912611052018244 83.08999633789062 31.299999237060547 AB 2.515613102911617 1.231935897606081
62027.1799 lsst_hardware_r -12.601190787989912 23.18000030517578 31.520000457763672 AB 0.9475576074843908 1.0647711667583752
62027.2011 lsst_hardware_g 23.94194058043 14.40999984741211 31.469999313354492 AB 0.9234778878276428 1.0284672532651242
62030.1628 lsst_hardware_z 39.291352533315674 41.70000076293945 30.950000762939453 AB 0.7704305841918484 1.0851134988617583
62030.1809 lsst_hardware_r -3.6516466549713105 22.969999313354492 31.510000228881836 AB 0.8605777469735183 1.0470377130366946
62031.1696 lsst_hardware_z 4.591230542291313 41.630001068115234 30.950000762939453 AB 1.2895481833062294 1.0634718026028969
62031.1868 lsst_hardware_i -20.396048514039073 30.479999542236328 31.25 AB 1.2564414235107015 1.0331869445711734
62035.1713 lsst_hardware_r -31.370283817203095 22.979999542236328 31.510000228881836 AB 2.3196647956026406 1.0402084285213635
62035.1884 lsst_hardware_i -18.989421509096584 30.469999313354492 31.260000228881836 AB 2.304608857451442 1.017599672127803
62037.1738 lsst_hardware_z -35.516434353952874 41.029998779296875 30.950000762939453 AB 3.862909343431761 1.0284636164621301
62037.1911 lsst_hardware_u -1.9742271855585207 2.759999990463257 28.510000228881836 AB 3.7461925125053566 1.0101638162344226
62039.1738 lsst_hardware_g -3.405797127328097 21.600000381469727 31.579999923706055 AB 3.464055013439989 1.0216442233896939
62039.1913 lsst_hardware_r -26.905937059489393 26.260000228881836 31.540000915527344 AB 3.4114246524564953 1.0062210163572398
62043.0922 lsst_hardware_z -0.02502506420909365 56.369998931884766 30.959999084472656 AB 4.577736937536425 1.2013481006525195
62043.1122 lsst_hardware_i -78.24059192633369 56.18000030517578 31.309999465942383 AB 4.295050348420675 1.1274577630714464
62048.1139 lsst_hardware_z 34.13536228372948 105.91999816894531 31.739999771118164 AB 3.8174706843180797 1.084508717135818
62050.1076 lsst_hardware_g 82.90677345469472 75.80999755859375 31.709999084472656 AB 8.518102525057675 1.0865850657017189
62050.1272 lsst_hardware_r 12.81824264808451 73.2300033569336 31.649999618530273 AB 3.8891063734404607 1.0454587025377582
62054.1085 lsst_hardware_i -23.465343643481 30.56999969482422 31.260000228881836 AB 4.451981232387101 1.059995531520738
62054.1289 lsst_hardware_z 59.479984129658234 40.849998474121094 30.959999084472656 AB 4.505525652347543 1.026471518609045
62055.106 lsst_hardware_r -27.342789587373474 22.75 31.510000228881836 AB 6.132396618839231 1.0595323440848543
62057.0985 lsst_hardware_g 7.549396238743013 13.988916456982084 31.40999984741211 AB 7.671959117591574 1.0637031705499735
62057.1181 lsst_hardware_r -5.6718671377011605 23.15260092859039 31.5 AB 7.439742466194207 1.0299478500978503
62059.1032 lsst_hardware_i 193.6100821022997 32.96139957191076 31.260000228881836 AB 8.102340248725712 1.0444749375290965
62059.123 lsst_hardware_z -266.0330716479911 42.686250574913736 30.959999084472656 AB 7.857893307749141 1.017466438916113
62063.9946 lsst_hardware_y -352.17665645207023 72.77424682527274 29.920000076293945 AB 4.867751653773217 1.437010008740112
62064.0145 lsst_hardware_z 1801.9248343678219 62.60513100941351 30.93000030517578 AB 4.361491634074562 1.3029749952423506
62065.0113 lsst_hardware_y -118.43949646044244 51.18871782544913 29.969999313354492 AB 5.45955907157643 1.3056981197965942
62065.0308 lsst_hardware_u 276.89034829892097 16.60805036556116 28.389999389648438 AB 5.060357494781796 1.2070983568039308
62067.0117 lsst_hardware_y 2447.9462445976005 68.70203861058253 29.979999542236328 AB 3.6631311833742326 1.2730256067330088
62067.0312 lsst_hardware_i 12472.067664168317 115.70691583105645 31.239999771118164 AB 3.3837382598367363 1.1826083913802485
62075.0125 lsst_hardware_y 11717.770998532153 137.41684766014362 30.770000457763672 AB 4.915379318041964 1.1703284090576105
62077.0054 lsst_hardware_z 14453.488744260922 144.00110509583521 30.979999542236328 AB 3.4332913134266088 1.1766577872025212
62077.0229 lsst_hardware_i 32623.84942845984 194.72747631033033 31.31999969482422 AB 3.2606637864092147 1.1166019472892694
62083.0165 lsst_hardware_y 5583.36305168386 83.56588991516655 30.040000915527344 AB 9.434198909396313 1.0890850111857215
62083.0336 lsst_hardware_z 11966.074811377935 114.61502335293446 30.950000762939453 AB 9.620538040790235 1.0517122755711363
62086.0175 lsst_hardware_y 4823.9923376482075 82.78581423291766 30.040000915527344 AB 5.759451141459395 1.0675535016606847
62086.0353 lsst_hardware_u 842.5551604309882 29.80408716962864 28.399999618530273 AB 5.171855750694375 1.0351475107722754
62088.018 lsst_hardware_y 4718.025794030731 82.4676878752019 30.049999237060547 AB 6.506053557016766 1.0553922633889987
62088.0343 lsst_hardware_r 41358.88503902271 204.30060145122215 31.489999771118164 AB 6.300953098794465 1.0287970227298942
62310.3485 lsst_hardware_r -32.5339418321317 46.18000030517578 31.56999969482422 AB 4.353287556392369 1.2572671643010453
62310.3705 lsst_hardware_i 28.968479346233668 41.849998474121094 31.270000457763672 AB 4.04262972558295 1.1614249014100266
62312.3655 lsst_hardware_z -60.16749995549742 115.55000305175781 32.470001220703125 AB 4.18211000714992 1.1597374826288689
62314.374 lsst_hardware_z 173.66846340616667 85.06999969482422 31.729999542236328 AB 8.01956438694738 1.1138283870760248
62314.3993 lsst_hardware_r 98.20007088257053 115.45999908447266 32.400001525878906 AB 7.566777627280309 1.0532941817644008
62315.3586 lsst_hardware_i -63.0808924969946 89.98999786376953 32.060001373291016 AB 5.884785222373665 1.1550684964667246
62315.3806 lsst_hardware_z 54.34200111178995 82.61000061035156 31.729999542236328 AB 5.634034609476782 1.0883693445438707
62323.3708 lsst_hardware_z 29.83406438333973 41.52000045776367 30.950000762939453 AB 6.042440444627477 1.0609924545372527
62323.3905 lsst_hardware_i 25.5302526763632 30.93000030517578 31.260000228881836 AB 5.062368238802982 1.028031186381208
62325.37 lsst_hardware_u 2.2854115138630435 2.7100000381469727 28.459999084472656 AB 1.6732651584614562 1.0519269646658658
62325.3906 lsst_hardware_g 35.03064627738069 13.829999923706055 31.43000030517578 AB 1.6509537967489205 1.0211558971695813
62327.3446 lsst_hardware_i 7.14496221902352 30.899999618530273 31.239999771118164 AB 8.760341594424906 1.096767823692463
62327.3635 lsst_hardware_r -17.063624812998842 22.600000381469727 31.5 AB 8.418561509576271 1.0538790514606529
62328.3624 lsst_hardware_g -8.799226791569374 13.600000381469727 31.399999618530273 AB 9.865870642068792 1.0508369891164402
62328.3823 lsst_hardware_r 23.866245810767396 22.280000686645508 31.489999771118164 AB 9.3362184765038 1.0212818752784583
62330.3957 lsst_hardware_r -28.064819066517117 22.270000457763672 31.5 AB 6.161461922933474 1.0052417755492773
62332.252 lsst_hardware_u -4.661306033925463 2.380000114440918 28.040000915527344 AB 8.01850510433878 1.5046922695325162
62332.2705 lsst_hardware_r -59.33931878453375 23.65999984741211 31.43000030517578 AB 7.329417144600627 1.3621553026252153
62343.2549 lsst_hardware_r 92.68853338977107 103.4000015258789 31.59000015258789 AB 13.546528990452154 1.2756477798780985
62343.2725 lsst_hardware_z 134.70527513484342 69.5999984741211 30.969999313354492 AB 12.751602598223368 1.1923328698002151
62347.2691 lsst_hardware_i 48.23337314383033 59.45000076293945 31.299999237060547 AB 5.125296454214696 1.1628579589823471
62347.287 lsst_hardware_z 2.0582531948556273 56.7400016784668 30.969999313354492 AB 4.886853886059418 1.1049564107761722
62348.2684 lsst_hardware_r -69.58523784810168 54.77000045776367 31.610000610351562 AB 4.134321507709849 1.1554570205770824
62348.2878 lsst_hardware_z -23.33320736928416 50.869998931884766 30.969999313354492 AB 3.9145396470065354 1.095359117735302
62351.2676 lsst_hardware_r 14.167018878140835 25.760000228881836 31.510000228881836 AB 2.620588522621124 1.130376070145704
62351.2881 lsst_hardware_i -36.208385379902666 32.720001220703125 31.25 AB 2.4979156914485294 1.0744878767388018
62352.258 lsst_hardware_z 21.169458060135433 42.599998474121094 30.940000534057617 AB 1.0678456415904014 1.1535962998816003
62352.2771 lsst_hardware_i 6.101546246221748 30.690000534057617 31.239999771118164 AB 1.0389445996063893 1.094778292525173
62354.2703 lsst_hardware_u 2.9349380920604924 2.6700000762939453 28.40999984741211 AB 1.4034066117864068 1.098342094922127
62354.2906 lsst_hardware_g 0.5030974600999131 13.5600004196167 31.40999984741211 AB 1.3388541604720754 1.0523514721729814
62356.2665 lsst_hardware_r 20.57492800136065 22.530000686645508 31.479999542236328 AB 3.3634030623044744 1.0939378438176905
62356.2862 lsst_hardware_i -16.741477187040463 30.309999465942383 31.25 AB 3.2209445573261037 1.0503936377398495
62360.2975 lsst_hardware_z -132.9161203772563 70.37000274658203 32.13999938964844 AB 2.546789774297745 1.0184443245658805
62362.2619 lsst_hardware_u -0.1439584520397913 2.630000114440918 28.389999389648438 AB 3.9194846085162593 1.0660429578920017
62362.2804 lsst_hardware_r -18.8745484434998 22.520000457763672 31.5 AB 3.7354177834852487 1.0330724453058995
62364.2554 lsst_hardware_i -107.26139036899364 43.31999969482422 32.0 AB 4.843211725679258 1.0682769779455756
62364.2743 lsst_hardware_z -25.45556738372268 57.95000076293945 31.700000762939453 AB 4.686296815350951 1.034008049575468
62367.2543 lsst_hardware_y -71.38050075601798 48.63999938964844 30.049999237060547 AB 2.5759278405469903 1.053872492808424
62367.2726 lsst_hardware_r -71.76540026041829 41.2599983215332 31.6200008392334 AB 2.517790125866196 1.0251588460367247
62369.2529 lsst_hardware_i 69.97593315354537 54.220001220703125 31.31999969482422 AB 1.0961849491116675 1.0464772783882266
62369.2688 lsst_hardware_z -5.186884942220622 52.65999984741211 30.979999542236328 AB 1.050745470416495 1.0231211980686417
62376.1703 lsst_hardware_z -94.77470152958867 59.709999084472656 30.950000762939453 AB 5.363311255273987 1.2472816872730204
62380.1632 lsst_hardware_u -0.801477724008943 2.559999942779541 28.260000228881836 AB 1.597526185281909 1.228866296370699
62380.1817 lsst_hardware_g 4.518755112017584 13.890000343322754 31.3700008392334 AB 1.9060484578605148 1.1530843665217876
62382.1729 lsst_hardware_r -11.465613988404176 23.15999984741211 31.459999084472656 AB 1.5313434749694712 1.165258192747854
62382.1919 lsst_hardware_i 7.359104679529317 31.06999969482422 31.239999771118164 AB 1.5175716608614906 1.1036884806265386
62385.1736 lsst_hardware_z 38.040523460421554 42.560001373291016 30.940000534057617 AB 0.7845654535273308 1.1341748515031886
62385.1911 lsst_hardware_r 5.290403792449545 23.040000915527344 31.5 AB 0.7544508314141501 1.0843705805449517
62387.1634 lsst_hardware_u -0.05641613941810864 2.559999942779541 28.290000915527344 AB 3.0650454691954785 1.1502187706896037
62387.1797 lsst_hardware_r 24.37126136929759 22.950000762939453 31.479999542236328 AB 2.847688214790511 1.0997058176443983
62390.1673 lsst_hardware_r 11.097260858244235 23.1299991607666 31.489999771118164 AB 2.707117375258238 1.1115242764353266
